[
  {
    "label_id": "-zBoeL2qb2QbIoyVku7wXQ",
    "size": [
      0.9999999999980361,
      1.0,
      1.7300000000000182
    ],
    "obj_class": "pedestrian",
    "point_num_in_lidar": 25,
    "speed": 1.378365098882817,
    "if_vehicle": false,
    "motion_state": true,
    "pose": [
      [
        -0.9970819758606236,
        0.07426026456157878,
        0.017690294545849552,
        -26.200648213628938
      ],
      [
        -0.07434188665113663,
        -0.9972247870752279,
        -0.004000991366644358,
        -9.576100938613308
      ],
      [
        0.017344085534387276,
        -0.005304446249207821,
        0.9998355092448783,
        0.5879163029931647
      ],
      [
        0.0,
        0.0,
        0.0,
        1.0
      ]
    ],
    "location": [
      -26.200648213628938,
      -9.576100938613308,
      0.5879163029931647
    ],
    "rotation": [
      -0.00530526915073929,
      -0.017344955218958676,
      -3.067170903094569
    ]
  },
  {
    "label_id": "0m2fpZZBPwP_HNmtzq62qw",
    "size": [
      2.2147659722916395,
      4.741091742783054,
      1.490000000000009
    ],
    "obj_class": "vehicle",
    "point_num_in_lidar": 126,
    "speed": 8.644125458514253e-13,
    "if_vehicle": true,
    "motion_state": false,
    "pose": [
      [
        -0.5110175865420423,
        0.8593882008287217,
        0.017690294545849552,
        -39.64205718516041
      ],
      [
        -0.8595520023919958,
        -0.5110326283633896,
        -0.004000991366644358,
        -48.178688998707
      ],
      [
        0.005601912946176287,
        -0.01725030505174733,
        0.9998355092448783,
        0.5444161950801458
      ],
      [
        0.0,
        0.0,
        0.0,
        1.0
      ]
    ],
    "location": [
      -39.64205718516041,
      -48.178688998707,
      0.5444161950801458
    ],
    "rotation": [
      -0.017251431420166982,
      -0.005601942245928627,
      -2.1071738612124915
    ]
  },
  {
    "label_id": "0zCQwnJdl42AdLzZADBxXg",
    "size": [
      0.8289207527314587,
      0.10828005381067762,
      1.589999999999975
    ],
    "obj_class": "sign",
    "point_num_in_lidar": 38,
    "speed": 0.003057985736970184,
    "if_vehicle": false,
    "motion_state": false,
    "pose": [
      [
        0.00046039307167168277,
        0.999843408498101,
        0.017690294545849552,
        8.0549442710535
      ],
      [
        -0.9999918548869374,
        0.0005312512268969054,
        -0.004000991366644358,
        15.289768583594196
      ],
      [
        -0.004009762836078821,
        -0.017688308427695344,
        0.9998355092448783,
        2.854785677486859
      ],
      [
        0.0,
        0.0,
        0.0,
        1.0
      ]
    ],
    "location": [
      8.0549442710535,
      15.289768583594196,
      2.854785677486859
    ],
    "rotation": [
      -0.017689373154896066,
      0.004009773581116699,
      -1.5703359300057702
    ]
  },
  {
    "label_id": "1Myj1w9PMad1lmgyo4duUQ",
    "size": [
      1.0321513240749007,
      1.1043242572574457,
      2.0
    ],
    "obj_class": "pedestrian",
    "point_num_in_lidar": 44,
    "speed": 1.339574463490013,
    "if_vehicle": false,
    "motion_state": true,
    "pose": [
      [
        0.012729531215775382,
        -0.9997624780486152,
        0.017690294545849552,
        -19.717216097233177
      ],
      [
        0.9999118462772483,
        0.012660637523788914,
        -0.004000991366644358,
        -15.461097236968271
      ],
      [
        0.0037760706364334175,
        0.017739665825024502,
        0.9998355092448783,
        0.6527699285516064
      ],
      [
        0.0,
        0.0,
        0.0,
        1.0
      ]
    ],
    "location": [
      -19.717216097233177,
      -15.461097236968271,
      0.6527699285516064
    ],
    "rotation": [
      0.017740722883326725,
      -0.0037760796101400087,
      1.558066361008129
    ]
  },
  {
    "label_id": "1b1GHu4GkmrBSy00-B53VA",
    "size": [
      2.078211251868327,
      4.63312486988027,
      1.5600000000000023
    ],
    "obj_class": "vehicle",
    "point_num_in_lidar": 43,
    "speed": 5.728578676879116e-13,
    "if_vehicle": true,
    "motion_state": false,
    "pose": [
      [
        -0.999748980178002,
        0.013748822201416724,
        0.017690294545849552,
        -32.17733562146259
      ],
      [
        -0.013821647032516449,
        -0.9998964717116431,
        -0.004000991366644358,
        -15.356775231080974
      ],
      [
        0.01763345418100529,
        -0.004244496045617671,
        0.9998355092448783,
        0.3374534816089181
      ],
      [
        0.0,
        0.0,
        0.0,
        1.0
      ]
    ],
    "location": [
      -32.17733562146259,
      -15.356775231080974,
      0.3374534816089181
    ],
    "rotation": [
      -0.004245168839278619,
      -0.017634368129464877,
      -3.1277684168938378
    ]
  },
  {
    "label_id": "2TOQGQYM_EwZ75KGIBMnIg",
    "size": [
      2.2572282572073172,
      4.81431029913965,
      1.8999999999999773
    ],
    "obj_class": "vehicle",
    "point_num_in_lidar": 48,
    "speed": 5.684341886080801e-13,
    "if_vehicle": true,
    "motion_state": false,
    "pose": [
      [
        0.999843514495584,
        -1.5192904840818878e-15,
        0.017690294545849552,
        -31.366644283466485
      ],
      [
        7.078979332937621e-05,
        0.9999919934963925,
        -0.004000991366644358,
        -35.52797812910285
      ],
      [
        -0.017690152908442443,
        0.004001617561787021,
        0.9998355092448783,
        0.7729163029930533
      ],
      [
        0.0,
        0.0,
        0.0,
        1.0
      ]
    ],
    "location": [
      -31.366644283466485,
      -35.52797812910285,
      0.7729163029930533
    ],
    "rotation": [
      0.00400225452960882,
      0.017691075702259897,
      7.080087252134164e-05
    ]
  },
  {
    "label_id": "3lFYHvBGrKIH0LWMb4y7rQ",
    "size": [
      1.107530708888903,
      1.024636171793702,
      1.839999999999975
    ],
    "obj_class": "pedestrian",
    "point_num_in_lidar": 29,
    "speed": 2.8421709430404007e-13,
    "if_vehicle": false,
    "motion_state": false,
    "pose": [
      [
        -0.9959129287984716,
        0.08856913531773686,
        0.017690294545849552,
        -6.090324742025132
      ],
      [
        -0.08865279953709106,
        -0.9960545533264332,
        -0.004000991366644358,
        18.414768817816366
      ],
      [
        0.01726613408632179,
        -0.0055529331661774775,
        0.9998355092448783,
        1.1657691191079493
      ],
      [
        0.0,
        0.0,
        0.0,
        1.0
      ]
    ],
    "location": [
      -6.090324742025132,
      18.414768817816366,
      1.1657691191079493
    ],
    "rotation": [
      -0.005553789620479687,
      -0.017266992096314902,
      -3.0528100465480192
    ]
  },
  {
    "label_id": "4rbaSSh0_wVXyghqyH--Cw",
    "size": [
      1.934435958594418,
      4.010892667230808,
      1.4700000000000273
    ],
    "obj_class": "vehicle",
    "point_num_in_lidar": 69,
    "speed": 2.2781733181718378e-12,
    "if_vehicle": true,
    "motion_state": false,
    "pose": [
      [
        0.45586407338765217,
        0.889873586569069,
        0.017690294545849552,
        31.40817406609085
      ],
      [
        -0.8899734592151294,
        0.4559947740498134,
        -0.004000991366644358,
        -61.30053754080109
      ],
      [
        -0.011627058401577009,
        -0.013919984409516932,
        0.9998355092448783,
        0.4421362401674287
      ],
      [
        0.0,
        0.0,
        0.0,
        1.0
      ]
    ],
    "location": [
      31.40817406609085,
      -61.30053754080109,
      0.4421362401674287
    ],
    "rotation": [
      -0.013921375082670289,
      0.011627320391587842,
      -1.0974189145429378
    ]
  },
  {
    "label_id": "5LXcxZp2gsdgc_EiAk07eA",
    "size": [
      2.4679943543899046,
      2.859825382530367,
      1.1899999999999977
    ],
    "obj_class": "vehicle",
    "point_num_in_lidar": 1347,
    "speed": 2.0009065111038244e-12,
    "if_vehicle": true,
    "motion_state": false,
    "pose": [
      [
        -0.021455018441328612,
        -0.9996132930601529,
        0.017690294545849552,
        -8.388244008868696
      ],
      [
        0.9997602188385347,
        -0.021528978053059766,
        -0.004000991366644358,
        -38.43031901463473
      ],
      [
        0.004380298118546367,
        0.017600211402921728,
        0.9998355092448783,
        0.2481285815520664
      ],
      [
        0.0,
        0.0,
        0.0,
        1.0
      ]
    ],
    "location": [
      -8.388244008868696,
      -38.43031901463473,
      0.2481285815520664
    ],
    "rotation": [
      0.017601289068002676,
      -0.004380312126139118,
      1.5922531974776835
    ]
  },
  {
    "label_id": "5cKEXsUpTIciwNSkaSIonQ",
    "size": [
      0.9135875234040086,
      0.6536223241726821,
      0.9900000000000091
    ],
    "obj_class": "sign",
    "point_num_in_lidar": 77,
    "speed": 0.010463537615100141,
    "if_vehicle": false,
    "motion_state": false,
    "pose": [
      [
        -0.9989712125942594,
        -0.041756076046919666,
        0.017690294545849552,
        8.099090490910385
      ],
      [
        0.04169154888412315,
        -0.9991225184229042,
        -0.004000991366644358,
        -29.601453359238803
      ],
      [
        0.01784183733806084,
        -0.0032593394172830536,
        0.9998355092448783,
        0.13778636265499244
      ],
      [
        0.0,
        0.0,
        0.0,
        1.0
      ]
    ],
    "location": [
      8.099090490910385,
      -29.601453359238803,
      0.13778636265499244
    ],
    "rotation": [
      -0.003259864089424728,
      -0.017842784075814567,
      3.099882374088235
    ]
  },
  {
    "label_id": "7PXx03-3TwCYxRAGcPqknA",
    "size": [
      1.9254740817654248,
      4.198463140738264,
      1.420000000000016
    ],
    "obj_class": "vehicle",
    "point_num_in_lidar": 155,
    "speed": 8.556067554929069e-13,
    "if_vehicle": true,
    "motion_state": false,
    "pose": [
      [
        0.44780900582590555,
        0.8939542201813777,
        0.017690294545849552,
        34.39997549430018
      ],
      [
        -0.8940552691164796,
        0.44793879920491725,
        -0.004000991366644358,
        -61.187368033180974
      ],
      [
        -0.011500872413570125,
        -0.014024421084724268,
        0.9998355092448783,
        0.4821883580556232
      ],
      [
        0.0,
        0.0,
        0.0,
        1.0
      ]
    ],
    "location": [
      34.39997549430018,
      -61.187368033180974,
      0.4821883580556232
    ],
    "rotation": [
      -0.014025808545011354,
      0.011501125965521605,
      -1.1064497918041019
    ]
  },
  {
    "label_id": "9A7V_Yhcg2N74wzpPiEfZw",
    "size": [
      1.9406982035567606,
      4.075175023693889,
      1.3899999999999864
    ],
    "obj_class": "vehicle",
    "point_num_in_lidar": 77,
    "speed": 7.105427357601002e-13,
    "if_vehicle": true,
    "motion_state": false,
    "pose": [
      [
        0.43572566694954495,
        0.8999056598556624,
        0.017690294545849552,
        46.02974033107239
      ],
      [
        -0.9000084481038196,
        0.43585408729279823,
        -0.004000991366644358,
        -60.16671102445798
      ],
      [
        -0.011310901959098922,
        -0.014178079909019032,
        0.9998355092448783,
        0.5668837840483434
      ],
      [
        0.0,
        0.0,
        0.0,
        1.0
      ]
    ],
    "location": [
      46.02974033107239,
      -60.16671102445798,
      0.5668837840483434
    ],
    "rotation": [
      -0.014179462085285269,
      0.011311143152525675,
      -1.1199210117976606
    ]
  },
  {
    "label_id": "9MprRhxkqn85TQM1QpIWCA",
    "size": [
      2.1792684434740472,
      4.24141432079878,
      2.569999999999993
    ],
    "obj_class": "vehicle",
    "point_num_in_lidar": 170,
    "speed": 0.010212976645688763,
    "if_vehicle": true,
    "motion_state": false,
    "pose": [
      [
        -0.009004038275339315,
        -0.9998029709765907,
        0.017690294545849552,
        5.928475268130569
      ],
      [
        0.9999508064628286,
        -0.009076162317996883,
        -0.004000991366644358,
        1.9403245417488506
      ],
      [
        0.004160763039974025,
        0.017653399218282666,
        0.9998355092448783,
        1.133900465096474
      ],
      [
        0.0,
        0.0,
        0.0,
        1.0
      ]
    ],
    "location": [
      5.928475268130569,
      1.9403245417488506,
      1.133900465096474
    ],
    "rotation": [
      0.017654469104992833,
      -0.004160775045220527,
      1.579800564681196
    ]
  },
  {
    "label_id": "AWt8fBQjwfuud4o02yExgQ",
    "size": [
      2.329370642091817,
      5.299395887650062,
      1.8899999999999864
    ],
    "obj_class": "vehicle",
    "point_num_in_lidar": 101,
    "speed": 2.1316282072803006e-13,
    "if_vehicle": true,
    "motion_state": false,
    "pose": [
      [
        0.999843514495584,
        2.5665460455249567e-16,
        0.017690294545849552,
        -31.624144453463487
      ],
      [
        7.078979332759985e-05,
        0.9999919934963925,
        -0.004000991366644358,
        -30.21062770268145
      ],
      [
        -0.01769015290844245,
        0.00400161756178699,
        0.9998355092448783,
        0.8679766825474076
      ],
      [
        0.0,
        0.0,
        0.0,
        1.0
      ]
    ],
    "location": [
      -31.624144453463487,
      -30.21062770268145,
      0.8679766825474076
    ],
    "rotation": [
      0.0040022545296087885,
      0.017691075702259904,
      7.080087251956501e-05
    ]
  },
  {
    "label_id": "FjXya5JM_xfBUrb9nDgcNw",
    "size": [
      1.9792069957727847,
      4.673300687547824,
      1.7300000000000182
    ],
    "obj_class": "vehicle",
    "point_num_in_lidar": 56,
    "speed": 8.556067554929069e-13,
    "if_vehicle": true,
    "motion_state": false,
    "pose": [
      [
        -0.4126301759606126,
        0.9107268478339676,
        0.017690294545849552,
        24.097740670331405
      ],
      [
        -0.9108913073867567,
        -0.41262697221016587,
        -0.004000991366644358,
        11.959050326553552
      ],
      [
        0.0036556824204049755,
        -0.01776486529856106,
        0.9998355092448783,
        0.8183707745388915
      ],
      [
        0.0,
        0.0,
        0.0,
        1.0
      ]
    ],
    "location": [
      24.097740670331405,
      11.959050326553552,
      0.8183707745388915
    ],
    "rotation": [
      -0.01776591855977212,
      -0.003655690562885759,
      -1.9961389858320187
    ]
  },
  {
    "label_id": "GhYGBdVqwQ23-v6KYP3YWQ",
    "size": [
      2.146794631457547,
      4.880290596323187,
      1.7099999999999795
    ],
    "obj_class": "vehicle",
    "point_num_in_lidar": 139,
    "speed": 2.929642751054232e-13,
    "if_vehicle": true,
    "motion_state": false,
    "pose": [
      [
        -0.9991233404568006,
        0.0379421142442678,
        0.017690294545849552,
        -44.02525923857365
      ],
      [
        -0.03801848753757265,
        -0.9992690261753535,
        -0.004000991366644358,
        -42.92962003539469
      ],
      [
        0.017525557332062697,
        -0.004670042102107901,
        0.9998355092448783,
        0.5994161950801526
      ],
      [
        0.0,
        0.0,
        0.0,
        1.0
      ]
    ],
    "location": [
      -44.02525923857365,
      -42.92962003539469,
      0.5994161950801526
    ],
    "rotation": [
      -0.00467077644081861,
      -0.017526454604436244,
      -3.1035591572338475
    ]
  },
  {
    "label_id": "J7T0lm9jnXkEcN7_fLCHcw",
    "size": [
      2.4105447909986766,
      5.853048720643227,
      1.9400000523537528
    ],
    "obj_class": "vehicle",
    "point_num_in_lidar": 119,
    "speed": 0.0027937555996214265,
    "if_vehicle": true,
    "motion_state": false,
    "pose": [
      [
        0.43590840069443426,
        -0.8998171590289338,
        0.017690294545849552,
        24.533398307584775
      ],
      [
        0.8999816465871304,
        0.4359094262279741,
        -0.004000991366644358,
        6.574818357723416
      ],
      [
        -0.004111205460451918,
        0.01766500616181119,
        0.9998355092448783,
        0.8957323433103284
      ],
      [
        0.0,
        0.0,
        0.0,
        1.0
      ]
    ],
    "location": [
      24.533398307584775,
      6.574818357723416,
      0.8957323433103284
    ],
    "rotation": [
      0.01766607433781719,
      0.00411121704181287,
      1.119744859016736
    ]
  },
  {
    "label_id": "KRIFGuPyXMFLkXDccz9mLA",
    "size": [
      1.1528322506114737,
      1.3148555747822952,
      1.8799999999999955
    ],
    "obj_class": "pedestrian",
    "point_num_in_lidar": 82,
    "speed": 3.60737054260648,
    "if_vehicle": false,
    "motion_state": true,
    "pose": [
      [
        -0.02127028281000656,
        -0.9996172410218139,
        0.017690294545849552,
        9.714207327251643
      ],
      [
        0.9997641804659207,
        -0.02134421526760192,
        -0.004000991366644358,
        -6.592637939815177
      ],
      [
        0.004377045406211027,
        0.0176010206109431,
        0.9998355092448783,
        0.9475781827839569
      ],
      [
        0.0,
        0.0,
        0.0,
        1.0
      ]
    ],
    "location": [
      9.714207327251643,
      -6.592637939815177,
      0.9475781827839569
    ],
    "rotation": [
      0.017602098158429315,
      -0.004377059382621582,
      1.5920684176019038
    ]
  },
  {
    "label_id": "LV0eEgqBFEblVK4wVnO9Gg",
    "size": [
      2.376412499725256,
      5.358373042693289,
      2.0
    ],
    "obj_class": "vehicle",
    "point_num_in_lidar": 100,
    "speed": 6.7150823904402674,
    "if_vehicle": true,
    "motion_state": true,
    "pose": [
      [
        -0.001242666756156698,
        -0.9998427422641093,
        0.017690294545849552,
        0.6463904959682623
      ],
      [
        0.999991133168349,
        -0.0013136410336058286,
        -0.004000991366644358,
        -10.817676473041502
      ],
      [
        0.004023600876612723,
        0.017685165790022956,
        0.9998355092448783,
        0.7624253646042121
      ],
      [
        0.0,
        0.0,
        0.0,
        1.0
      ]
    ],
    "location": [
      0.6463904959682623,
      -10.817676473041502,
      0.7624253646042121
    ],
    "rotation": [
      0.017686230983463412,
      -0.0040236117332816896,
      1.572039003930001
    ]
  },
  {
    "label_id": "MvrF6KMiFn50q0NuAemDTQ",
    "size": [
      2.2499939066808254,
      4.861556964822738,
      1.6999999999999886
    ],
    "obj_class": "vehicle",
    "point_num_in_lidar": 38,
    "speed": 8.556067554929069e-13,
    "if_vehicle": true,
    "motion_state": false,
    "pose": [
      [
        0.4301927652987167,
        -0.9025637031055062,
        0.017690294545849552,
        40.26017298526767
      ],
      [
        0.9027281938596746,
        0.4301927475898841,
        -0.004000991366644358,
        -47.13994482571434
      ],
      [
        -0.003999086832381666,
        0.017690725184173445,
        0.9998355092448783,
        0.7793149161230417
      ],
      [
        0.0,
        0.0,
        0.0,
        1.0
      ]
    ],
    "location": [
      40.26017298526767,
      -47.13994482571434,
      0.7793149161230417
    ],
    "rotation": [
      0.01769178955258809,
      0.003999097491821373,
      1.126086215798846
    ]
  },
  {
    "label_id": "O0ipbuwo_Nd7uLn6JzKcdA",
    "size": [
      2.0811413058844535,
      4.05562961252444,
      1.4800000000000182
    ],
    "obj_class": "vehicle",
    "point_num_in_lidar": 28,
    "speed": 6.300778188288559,
    "if_vehicle": true,
    "motion_state": true,
    "pose": [
      [
        0.00034608659530655064,
        -0.9998434545982433,
        0.017690294545849552,
        -0.8912921793016721
      ],
      [
        0.9999919580933899,
        0.00027534820085385896,
        -0.004000991366644358,
        22.921918451353122
      ],
      [
        0.003995494039067667,
        0.01769153697163284,
        0.9998355092448783,
        0.9277094617655166
      ],
      [
        0.0,
        0.0,
        0.0,
        1.0
      ]
    ],
    "location": [
      -0.8912921793016721,
      22.921918451353122,
      0.9277094617655166
    ],
    "rotation": [
      0.017692601219485037,
      -0.003995504669803608,
      1.5704502374301896
    ]
  },
  {
    "label_id": "PE7PqXfc9zvQFaGz-kdYrQ",
    "size": [
      1.8986630586356936,
      4.10965922679504,
      1.589999999999975
    ],
    "obj_class": "vehicle",
    "point_num_in_lidar": 80,
    "speed": 8.526512829121202e-13,
    "if_vehicle": true,
    "motion_state": false,
    "pose": [
      [
        -0.4750622170828383,
        0.8797743707219592,
        0.017690294545849552,
        34.21562996935927
      ],
      [
        -0.8799386540055786,
        -0.4750704760926894,
        -0.004000991366644358,
        -46.96105623206495
      ],
      [
        0.00488416699026312,
        -0.017467093800804443,
        0.9998355092448783,
        0.6517925712174133
      ],
      [
        0.0,
        0.0,
        0.0,
        1.0
      ]
    ],
    "location": [
      34.21562996935927,
      -46.96105623206495,
      0.6517925712174133
    ],
    "rotation": [
      -0.017468190497686043,
      -0.004884186409176479,
      -2.065837501714931
    ]
  },
  {
    "label_id": "PGSywETsgNcgg23KFB6U6Q",
    "size": [
      0.8025207432122883,
      0.13719858915251099,
      0.9300000000000068
    ],
    "obj_class": "sign",
    "point_num_in_lidar": 236,
    "speed": 0.04835475106597927,
    "if_vehicle": false,
    "motion_state": false,
    "pose": [
      [
        -0.2192225664958295,
        0.9755144898041559,
        0.017690294545849552,
        8.700839975334475
      ],
      [
        -0.9756748770393286,
        -0.2191860542607004,
        -0.004000991366644358,
        -45.31218241400529
      ],
      [
        -2.555919152855233e-05,
        -0.018137083551734698,
        0.9998355092448783,
        2.3418093875523596
      ],
      [
        0.0,
        0.0,
        0.0,
        1.0
      ]
    ],
    "location": [
      8.700839975334475,
      -45.31218241400529,
      2.3418093875523596
    ],
    "rotation": [
      -0.01813807808197741,
      2.5559191531335182e-05,
      -1.7918139097840655
    ]
  },
  {
    "label_id": "PGlBKCM-r1s0dqCceAW5Ng",
    "size": [
      0.9346793005406451,
      0.8098904127337361,
      2.0500000000000114
    ],
    "obj_class": "pedestrian",
    "point_num_in_lidar": 31,
    "speed": 1.6350194243298266,
    "if_vehicle": false,
    "motion_state": true,
    "pose": [
      [
        -0.04455333016901922,
        0.998850366296039,
        0.017690294545849552,
        -20.45603389709595
      ],
      [
        -0.9990018522267708,
        -0.04448922696074698,
        -0.004000991366644358,
        11.751151386055426
      ],
      [
        -0.0032093641630672417,
        -0.017850894507102342,
        0.9998355092448783,
        0.8675566235532415
      ],
      [
        0.0,
        0.0,
        0.0,
        1.0
      ]
    ],
    "location": [
      -20.45603389709595,
      11.751151386055426,
      0.8675566235532415
    ],
    "rotation": [
      -0.017851934635153686,
      0.0032093696725110634,
      -1.6153646395466539
    ]
  },
  {
    "label_id": "PbuvIUoXgzIQt21pg9BXww",
    "size": [
      2.184050851373222,
      4.741562823539253,
      1.8999999999999773
    ],
    "obj_class": "vehicle",
    "point_num_in_lidar": 160,
    "speed": 1.4836567898030565e-12,
    "if_vehicle": true,
    "motion_state": false,
    "pose": [
      [
        -0.3898619976318627,
        -0.9207033595471315,
        0.017690294545849552,
        46.54132765553868
      ],
      [
        0.9208124834880743,
        -0.38998507961280876,
        -0.004000991366644358,
        -28.693100318007055
      ],
      [
        0.010582677119625702,
        0.014729609567691452,
        0.9998355092448783,
        0.7635468959068135
      ],
      [
        0.0,
        0.0,
        0.0,
        1.0
      ]
    ],
    "location": [
      46.54132765553868,
      -28.693100318007055,
      0.7635468959068135
    ],
    "rotation": [
      0.014730967211589908,
      -0.01058287466063813,
      1.971301763285613
    ]
  },
  {
    "label_id": "VHA13Gbr081QyI04rCo8OA",
    "size": [
      2.0058135762249276,
      4.6122843919283225,
      1.5000000135808023
    ],
    "obj_class": "vehicle",
    "point_num_in_lidar": 69,
    "speed": 6.703246762680667e-13,
    "if_vehicle": true,
    "motion_state": false,
    "pose": [
      [
        0.41244486934777547,
        -0.9108107834383481,
        0.017690294545849552,
        31.075001850244917
      ],
      [
        0.9109752423358926,
        0.41244163213616775,
        -0.004000991366644358,
        6.95710124154175
      ],
      [
        -0.00365206787427632,
        0.01776560872237582,
        0.9998355092448783,
        0.6455154923624491
      ],
      [
        0.0,
        0.0,
        0.0,
        1.0
      ]
    ],
    "location": [
      31.075001850244917,
      6.95710124154175,
      0.6455154923624491
    ],
    "rotation": [
      0.017766661871224342,
      0.003652075992628312,
      1.1456570987508115
    ]
  },
  {
    "label_id": "VS0srO3PT-Il0oMtRJkF0A",
    "size": [
      1.8795134410561765,
      3.93573998088154,
      1.5699999999999932
    ],
    "obj_class": "vehicle",
    "point_num_in_lidar": 92,
    "speed": 4.601385987870899,
    "if_vehicle": true,
    "motion_state": true,
    "pose": [
      [
        0.9987776832554232,
        0.04615401293290394,
        0.017690294545849552,
        30.204241547283345
      ],
      [
        -0.04609015257562918,
        0.9989292717222972,
        -0.004000991366644358,
        -0.6959729693735426
      ],
      [
        -0.01785601485451896,
        0.0031807525131759746,
        0.9998355092448783,
        0.6654764464614118
      ],
      [
        0.0,
        0.0,
        0.0,
        1.0
      ]
    ],
    "location": [
      30.204241547283345,
      -0.6959729693735426,
      0.6654764464614118
    ],
    "rotation": [
      0.0031812650716497195,
      0.017856963851178662,
      -0.04611384363620316
    ]
  },
  {
    "label_id": "VZ5xuHGoRSkgqf1qBQ34Qw",
    "size": [
      2.1217836295196877,
      4.550258202077832,
      1.6000000000000227
    ],
    "obj_class": "vehicle",
    "point_num_in_lidar": 21,
    "speed": 6.070879795542461e-13,
    "if_vehicle": true,
    "motion_state": false,
    "pose": [
      [
        0.49654817815315444,
        0.8678288772861066,
        0.017690294545849552,
        64.91878352240019
      ],
      [
        -0.8679225957733548,
        0.49668335971132127,
        -0.004000991366644358,
        -60.72750811311562
      ],
      [
        -0.012258650775061795,
        -0.013367121388315206,
        0.9998355092448783,
        0.6237849016661698
      ],
      [
        0.0,
        0.0,
        0.0,
        1.0
      ]
    ],
    "location": [
      64.91878352240019,
      -60.72750811311562,
      0.6237849016661698
    ],
    "rotation": [
      -0.013368524064893392,
      0.012258957822967024,
      -1.0511358187011235
    ]
  },
  {
    "label_id": "Vx8NF2OYjVFRkBml0D-MnQ",
    "size": [
      0.4774371983708299,
      0.1424076718463093,
      0.589999999999975
    ],
    "obj_class": "sign",
    "point_num_in_lidar": 25,
    "speed": 0.03263157851688136,
    "if_vehicle": false,
    "motion_state": false,
    "pose": [
      [
        -0.5095549100911935,
        -0.8602562682601252,
        0.017690294545849552,
        -11.857525276620436
      ],
      [
        0.8603479413100047,
        -0.5096914870308513,
        -0.004000991366644358,
        -26.530754282526686
      ],
      [
        0.01245847043549827,
        0.013181083697583156,
        0.9998355092448783,
        0.5874763420474665
      ],
      [
        0.0,
        0.0,
        0.0,
        1.0
      ]
    ],
    "location": [
      -11.857525276620436,
      -26.530754282526686,
      0.5874763420474665
    ],
    "rotation": [
      0.013182488558760318,
      -0.012458792745114411,
      2.1055097199240254
    ]
  },
  {
    "label_id": "X0fflRFBk6qiNuqG1UAR0w",
    "size": [
      1.9109977702636736,
      2.528255746071504,
      2.4599999999999795
    ],
    "obj_class": "vehicle",
    "point_num_in_lidar": 3340,
    "speed": 0.018825708965360566,
    "if_vehicle": true,
    "motion_state": false,
    "pose": [
      [
        0.012267380691758055,
        0.9997682555721823,
        0.017690294545849552,
        -3.624081949574247
      ],
      [
        -0.9999158548556142,
        0.012339986890190996,
        -0.004000991366644358,
        -39.21340812564631
      ],
      [
        -0.004218362161968793,
        -0.0176397243092217,
        0.9998355092448783,
        0.9992678758845841
      ],
      [
        0.0,
        0.0,
        0.0,
        1.0
      ]
    ],
    "location": [
      -3.624081949574247,
      -39.21340812564631,
      0.9992678758845841
    ],
    "rotation": [
      -0.017640796205323536,
      0.0042183746727323295,
      -1.55852852924264
    ]
  },
  {
    "label_id": "Y0e5IIudexGZhXGEuMw2-w",
    "size": [
      2.0793042534557036,
      4.484592669460265,
      1.6299999999999955
    ],
    "obj_class": "vehicle",
    "point_num_in_lidar": 22,
    "speed": 2.1316282072803006e-13,
    "if_vehicle": true,
    "motion_state": false,
    "pose": [
      [
        -0.46930100813544257,
        -0.882861040731744,
        0.017690294545849552,
        55.442355542203586
      ],
      [
        0.8829589206523389,
        -0.46943320771813796,
        -0.004000991366644358,
        -28.04412476721518
      ],
      [
        0.011836731116051196,
        0.013742134096317877,
        0.9998355092448783,
        0.5393006827343356
      ],
      [
        0.0,
        0.0,
        0.0,
        1.0
      ]
    ],
    "location": [
      55.442355542203586,
      -28.04412476721518,
      0.5393006827343356
    ],
    "rotation": [
      0.01374352954312139,
      -0.01183700753733491,
      2.0593325975345316
    ]
  },
  {
    "label_id": "Y9vLpc7h2Hil-LYLcl5Spg",
    "size": [
      2.1115231829263554,
      4.566865073941255,
      1.5500000000000114
    ],
    "obj_class": "vehicle",
    "point_num_in_lidar": 24,
    "speed": 8.526512829121202e-13,
    "if_vehicle": true,
    "motion_state": false,
    "pose": [
      [
        -0.47648561661887445,
        0.8790042722502616,
        0.017690294545849552,
        46.01415662354111
      ],
      [
        -0.8791685419504628,
        -0.4764941415303879,
        -0.004000991366644358,
        -42.135675747473215
      ],
      [
        0.004912433208527481,
        -0.0174591653009711,
        0.9998355092448783,
        0.5485150981351126
      ],
      [
        0.0,
        0.0,
        0.0,
        1.0
      ]
    ],
    "location": [
      46.01415662354111,
      -42.135675747473215,
      0.5485150981351126
    ],
    "rotation": [
      -0.017460263111811467,
      -0.00491245296654843,
      -2.067455896664585
    ]
  },
  {
    "label_id": "_0XRthlvxJHqJVefxsO4cw",
    "size": [
      2.009858454058354,
      4.920467986135323,
      1.5500000000000114
    ],
    "obj_class": "vehicle",
    "point_num_in_lidar": 331,
    "speed": 2.8421709430404007e-13,
    "if_vehicle": true,
    "motion_state": false,
    "pose": [
      [
        -0.47898141793309357,
        -0.8776467710609344,
        0.017690294545849552,
        27.46319182232628
      ],
      [
        0.877743191269346,
        -0.47911468590347794,
        -0.004000991366644358,
        -28.317834804869563
      ],
      [
        0.011987137068852812,
        0.013611135071235307,
        0.9998355092448783,
        0.5286980076953114
      ],
      [
        0.0,
        0.0,
        0.0,
        1.0
      ]
    ],
    "location": [
      27.46319182232628,
      -28.317834804869563,
      0.5286980076953114
    ],
    "rotation": [
      0.013612533477473217,
      -0.011987424162278326,
      2.070329530856576
    ]
  },
  {
    "label_id": "b-6zAJs2AkBphold1gsJtA",
    "size": [
      0.9261380857545388,
      2.7676475764715867,
      3.089999999999975
    ],
    "obj_class": "vehicle",
    "point_num_in_lidar": 695,
    "speed": 2.1316282072803006e-13,
    "if_vehicle": true,
    "motion_state": false,
    "pose": [
      [
        0.0222650118171388,
        0.9995955795858962,
        0.017690294545849552,
        -8.68984408614233
      ],
      [
        -0.9997424453855495,
        0.022339090460570605,
        -0.004000991366644358,
        -32.98279503452795
      ],
      [
        -0.0043945583741929065,
        -0.01759665620879967,
        0.9998355092448783,
        2.0275248500032035
      ],
      [
        0.0,
        0.0,
        0.0,
        1.0
      ]
    ],
    "location": [
      -8.68984408614233,
      -32.98279503452795,
      2.0275248500032035
    ],
    "rotation": [
      -0.017597734390251134,
      0.004394572519039346,
      -1.5485292599431202
    ]
  },
  {
    "label_id": "bF69EqYzGzr4cLoHtbBgyw",
    "size": [
      1.9672434118120472,
      4.195355031574016,
      1.6299999999999955
    ],
    "obj_class": "vehicle",
    "point_num_in_lidar": 35,
    "speed": 1.156679772130055e-12,
    "if_vehicle": true,
    "motion_state": false,
    "pose": [
      [
        0.52632729924538,
        0.8500980105540449,
        0.017690294545849552,
        53.114956361484474
      ],
      [
        -0.8501869875801197,
        0.5264656477088749,
        -0.004000991366644358,
        -60.94250318162631
      ],
      [
        -0.012714567177269738,
        -0.012934227249030842,
        0.9998355092448783,
        0.5935252882529198
      ],
      [
        0.0,
        0.0,
        0.0,
        1.0
      ]
    ],
    "location": [
      53.114956361484474,
      -60.94250318162631,
      0.5935252882529198
    ],
    "rotation": [
      -0.012935633602381433,
      0.012714909775478029,
      -1.016470915045994
    ]
  },
  {
    "label_id": "bh3JCKcZddSi_q_kFbnTUA",
    "size": [
      2.371956758123573,
      4.058644132835048,
      2.9599999999999795
    ],
    "obj_class": "vehicle",
    "point_num_in_lidar": 2738,
    "speed": 1.4210854715202004e-13,
    "if_vehicle": true,
    "motion_state": false,
    "pose": [
      [
        0.021458779353558798,
        0.9996132123314178,
        0.017690294545849552,
        -8.476085531443005
      ],
      [
        -0.9997601378315353,
        0.02153273951807817,
        -0.004000991366644358,
        -36.41029308222278
      ],
      [
        -0.004380364336975494,
        -0.017600194922506685,
        0.9998355092448783,
        1.2691289744527126
      ],
      [
        0.0,
        0.0,
        0.0,
        1.0
      ]
    ],
    "location": [
      -8.476085531443005,
      -36.41029308222278,
      1.2691289744527126
    ],
    "rotation": [
      -0.017601272589982342,
      0.0043803783452035314,
      -1.5493356942914895
    ]
  },
  {
    "label_id": "cKixMD6Kv-IkYAQZzIhn3Q",
    "size": [
      0.9882731918054037,
      0.9291493449921988,
      1.079999999999984
    ],
    "obj_class": "sign",
    "point_num_in_lidar": 50,
    "speed": 0.007653262397348834,
    "if_vehicle": false,
    "motion_state": false,
    "pose": [
      [
        0.014641674124348684,
        0.9997363026607153,
        0.017690294545849552,
        5.511509453832787
      ],
      [
        -0.9998837290970214,
        0.014714630648379003,
        -0.004000991366644358,
        -5.394566563581975
      ],
      [
        -0.004260242466169683,
        -0.017629656467564005,
        0.9998355092448783,
        0.31452512348244
      ],
      [
        0.0,
        0.0,
        0.0,
        1.0
      ]
    ],
    "location": [
      5.511509453832787,
      -5.394566563581975,
      0.31452512348244
    ],
    "rotation": [
      -0.017630729838818575,
      0.004260255353271151,
      -1.5561539965896216
    ]
  },
  {
    "label_id": "dGXjoGZuSR32_Epjku84GQ",
    "size": [
      2.0312664316879823,
      4.344831108393483,
      1.5299999999999727
    ],
    "obj_class": "vehicle",
    "point_num_in_lidar": 54,
    "speed": 8.038873388460929e-13,
    "if_vehicle": true,
    "motion_state": false,
    "pose": [
      [
        0.999843514495584,
        1.1446271488696873e-15,
        0.017690294545849552,
        -31.520125481485593
      ],
      [
        7.078979332671167e-05,
        0.9999919934963925,
        -0.004000991366644358,
        -41.138094997178996
      ],
      [
        -0.017690152908442454,
        0.004001617561786974,
        0.9998355092448783,
        0.5454219495127859
      ],
      [
        0.0,
        0.0,
        0.0,
        1.0
      ]
    ],
    "location": [
      -31.520125481485593,
      -41.138094997178996,
      0.5454219495127859
    ],
    "rotation": [
      0.004002254529608773,
      0.017691075702259907,
      7.08008725186767e-05
    ]
  },
  {
    "label_id": "dX5ZPkyLBxUhqluScYoMAg",
    "size": [
      0.5882529926311688,
      0.10196975428444134,
      0.5
    ],
    "obj_class": "sign",
    "point_num_in_lidar": 46,
    "speed": 2.8421709430404007e-13,
    "if_vehicle": false,
    "motion_state": false,
    "pose": [
      [
        0.999843514495584,
        -5.515167335609608e-15,
        0.017690294545849552,
        -19.8691503307291
      ],
      [
        7.078979333337091e-05,
        0.9999919934963926,
        -0.004000991366644358,
        -41.543908694897254
      ],
      [
        -0.01769015290844243,
        0.004001617561787092,
        0.9998355092448783,
        1.0364357126077834
      ],
      [
        0.0,
        0.0,
        0.0,
        1.0
      ]
    ],
    "location": [
      -19.8691503307291,
      -41.543908694897254,
      1.0364357126077834
    ],
    "rotation": [
      0.004002254529608891,
      0.017691075702259883,
      7.080087252533697e-05
    ]
  },
  {
    "label_id": "dfjvYEqGHJ2wCVGMHxG3Fw",
    "size": [
      2.024511848547288,
      4.413885505345176,
      1.5199999999999818
    ],
    "obj_class": "vehicle",
    "point_num_in_lidar": 143,
    "speed": 1.4210854715202004e-12,
    "if_vehicle": true,
    "motion_state": false,
    "pose": [
      [
        0.45530232566384277,
        0.890161134696397,
        0.017690294545849552,
        43.30848737435508
      ],
      [
        -0.8902610898162273,
        0.4554329632638675,
        -0.004000991366644358,
        -60.4639986612292
      ],
      [
        -0.011618270280869524,
        -0.013927320227363947,
        0.9998355092448783,
        0.5497324739149576
      ],
      [
        0.0,
        0.0,
        0.0,
        1.0
      ]
    ],
    "location": [
      43.30848737435508,
      -60.4639986612292,
      0.5497324739149576
    ],
    "rotation": [
      -0.013928710684782837,
      0.011618531677242713,
      -1.0980500608664974
    ]
  },
  {
    "label_id": "e2gUk44jZZeC_UoIi2vmsA",
    "size": [
      1.9270035258562084,
      4.000143716977697,
      1.5
    ],
    "obj_class": "vehicle",
    "point_num_in_lidar": 157,
    "speed": 0.0016995975132696854,
    "if_vehicle": true,
    "motion_state": false,
    "pose": [
      [
        0.454903406707421,
        0.8903650622328257,
        0.017690294545849552,
        37.21000511029342
      ],
      [
        -0.8904650758801621,
        0.45503399950533496,
        -0.004000991366644358,
        -60.54587045644985
      ],
      [
        -0.011612028406780637,
