[
  {
    "label_id": "0zCQwnJdl42AdLzZADBxXg",
    "size": [
      0.8289207527314588,
      0.10828005381067762,
      1.589999999999975
    ],
    "obj_class": "sign",
    "point_num_in_lidar": 38,
    "speed": 0.0030579857628832805,
    "if_vehicle": false,
    "motion_state": false,
    "pose": [
      [
        0.0004603930212019607,
        0.999843298901003,
        0.017696487816107682,
        8.052841435252958
      ],
      [
        -0.999986439838438,
        0.0005521119074898967,
        -0.005178350286298129,
        15.289365653678033
      ],
      [
        -0.005187309274761298,
        -0.017693863772540668,
        0.9998299950528023,
        2.854785677486859
      ],
      [
        0.0,
        0.0,
        0.0,
        1.0
      ]
    ],
    "location": [
      8.052841435252958,
      15.289365653678033,
      2.854785677486859
    ],
    "rotation": [
      -0.017695025244150217,
      0.005187332538549455,
      -1.5703359275631361
    ]
  },
  {
    "label_id": "1b1GHu4GkmrBSy00-B53VA",
    "size": [
      2.0782112518683276,
      4.63312486988027,
      1.5600000000000023
    ],
    "obj_class": "vehicle",
    "point_num_in_lidar": 27,
    "speed": 3.1473398380003857e-28,
    "if_vehicle": true,
    "motion_state": false,
    "pose": [
      [
        -0.9997488705912545,
        0.013748820694351857,
        0.017696487816107682,
        -32.17733562146259
      ],
      [
        -0.013842433901653923,
        -0.9998907798914793,
        -0.005178350286298129,
        -15.356775231082793
      ],
      [
        0.017623358794209114,
        -0.005422012313138349,
        0.9998299950528023,
        0.33745348160886124
      ],
      [
        0.0,
        0.0,
        0.0,
        1.0
      ]
    ],
    "location": [
      -32.17733562146259,
      -15.356775231082793,
      0.33745348160886124
    ],
    "rotation": [
      -0.005422881080118536,
      -0.017624271173678152,
      -3.127747627267346
    ]
  },
  {
    "label_id": "2TOQGQYM_EwZ75KGIBMnIg",
    "size": [
      2.257228257207314,
      4.81431029913965,
      1.8999999999999773
    ],
    "obj_class": "vehicle",
    "point_num_in_lidar": 44,
    "speed": 5.684341886080801e-13,
    "if_vehicle": true,
    "motion_state": false,
    "pose": [
      [
        0.9998434048984742,
        1.1103983254522678e-16,
        0.017696487816107682,
        -31.36664428346603
      ],
      [
        9.165296515428396e-05,
        0.9999865880540831,
        -0.005178350286298129,
        -35.52797812910285
      ],
      [
        -0.01769625047177017,
        0.005179161317590474,
        0.9998299950528023,
        0.7729163029931101
      ],
      [
        0.0,
        0.0,
        0.0,
        1.0
      ]
    ],
    "location": [
      -31.36664428346603,
      -35.52797812910285,
      0.7729163029931101
    ],
    "rotation": [
      0.005179995619358333,
      0.017697174220231007,
      9.166731955077878e-05
    ]
  },
  {
    "label_id": "3lFYHvBGrKIH0LWMb4y7rQ",
    "size": [
      1.1075307088888808,
      1.024636171793702,
      1.839999999999975
    ],
    "obj_class": "pedestrian",
    "point_num_in_lidar": 26,
    "speed": 2.8421709430404007e-13,
    "if_vehicle": false,
    "motion_state": false,
    "pose": [
      [
        -0.9959128196322101,
        0.08856912560929586,
        0.017696487816107682,
        -6.090324742025132
      ],
      [
        -0.08867310186131643,
        -0.9960473210117103,
        -0.005178350286298129,
        18.414768817816366
      ],
      [
        0.017167897323594358,
        -0.006726387901375694,
        0.9998299950528023,
        1.1657691191078925
      ],
      [
        0.0,
        0.0,
        0.0,
        1.0
      ]
    ],
    "location": [
      -6.090324742025132,
      18.414768817816366,
      1.1657691191078925
    ],
    "rotation": [
      -0.0067274301224757565,
      -0.017168740770363032,
      -3.0527898115247143
    ]
  },
  {
    "label_id": "5LXcxZp2gsdgc_EiAk07eA",
    "size": [
      2.4679943543899063,
      2.859825382530367,
      1.1899999999999977
    ],
    "obj_class": "vehicle",
    "point_num_in_lidar": 860,
    "speed": 2.0009065111038244e-12,
    "if_vehicle": true,
    "motion_state": false,
    "pose": [
      [
        -0.02145501608955162,
        -0.9996131834882789,
        0.017696487816107682,
        -8.388244008868696
      ],
      [
        0.9997543669510756,
        -0.021549720428968733,
        -0.005178350286298129,
        -38.43031901463655
      ],
      [
        0.005557701579915686,
        0.017581039385140298,
        0.9998299950528023,
        0.2481285815520664
      ],
      [
        0.0,
        0.0,
        0.0,
        1.0
      ]
    ],
    "location": [
      -8.388244008868696,
      -38.43031901463655,
      0.2481285815520664
    ],
    "rotation": [
      0.01758221677726266,
      -0.005557730191404508,
      1.5922533206819085
    ]
  },
  {
    "label_id": "5cKEXsUpTIciwNSkaSIonQ",
    "size": [
      0.9135875234040113,
      0.6536223241726821,
      0.9900000000000091
    ],
    "obj_class": "sign",
    "point_num_in_lidar": 50,
    "speed": 0.010463537704267783,
    "if_vehicle": false,
    "motion_state": false,
    "pose": [
      [
        -0.9989711030927664,
        -0.04175607146985514,
        0.017696487816107682,
        8.097939796860828
      ],
      [
        0.04167047816874034,
        -0.9991179889970458,
        -0.005178350286298129,
        -29.594218100146463
      ],
      [
        0.01789710688379084,
        -0.004435601188499491,
        0.9998299950528023,
        0.12765352666667695
      ],
      [
        0.0,
        0.0,
        0.0,
        1.0
      ]
    ],
    "location": [
      8.097939796860828,
      -29.594218100146463,
      0.12765352666667695
    ],
    "rotation": [
      -0.0044363262868685515,
      -0.017898062447946814,
      3.099903425283088
    ]
  },
  {
    "label_id": "7PXx03-3TwCYxRAGcPqknA",
    "size": [
      1.9254740817654246,
      4.198463140738264,
      1.420000000000016
    ],
    "obj_class": "vehicle",
    "point_num_in_lidar": 64,
    "speed": 8.556067554929069e-13,
    "if_vehicle": true,
    "motion_state": false,
    "pose": [
      [
        0.4478089567396507,
        0.8939541221912454,
        0.017696487816107682,
        34.399975494300634
      ],
      [
        -0.8940410919637627,
        0.44795503185984564,
        -0.005178350286298129,
        -61.187368033180974
      ],
      [
        -0.012556438348058316,
        -0.013502475651696697,
        0.9998299950528023,
        0.48218835805556637
      ],
      [
        0.0,
        0.0,
        0.0,
        1.0
      ]
    ],
    "location": [
      34.399975494300634,
      -61.187368033180974,
      0.48218835805556637
    ],
    "rotation": [
      -0.0135039506245764,
      0.012556768321487374,
      -1.1064434861191457
    ]
  },
  {
    "label_id": "985T2XPSl7NeZj2uUW2Nxg",
    "size": [
      2.176524807781126,
      4.918916775180349,
      1.740000000000009
    ],
    "obj_class": "vehicle",
    "point_num_in_lidar": 26,
    "speed": 2.929642751054232e-13,
    "if_vehicle": true,
    "motion_state": false,
    "pose": [
      [
        -0.41677531212891517,
        0.908837264596264,
        0.017696487816107682,
        64.31590371860511
      ],
      [
        -0.9090056198405101,
        -0.41675168600340706,
        -0.005178350286298129,
        -41.56456852522933
      ],
      [
        0.002668763424381155,
        -0.01824441543316576,
        0.9998299950528023,
        0.9705865257639061
      ],
      [
        0.0,
        0.0,
        0.0,
        1.0
      ]
    ],
    "location": [
      64.31590371860511,
      -41.56456852522933,
      0.9705865257639061
    ],
    "rotation": [
      -0.01824549270243045,
      -0.0026687665923461374,
      -2.000692908306091
    ]
  },
  {
    "label_id": "9A7V_Yhcg2N74wzpPiEfZw",
    "size": [
      1.9406982035567717,
      4.075175023693889,
      1.3899999999999864
    ],
    "obj_class": "vehicle",
    "point_num_in_lidar": 50,
    "speed": 1.5764428518681417e-27,
    "if_vehicle": true,
    "motion_state": false,
    "pose": [
      [
        0.4357256191877944,
        0.8999055612131683,
        0.017696487816107682,
        46.02974033107148
      ],
      [
        -0.8999944909121358,
        0.4358705094590801,
        -0.005178350286298129,
        -60.16671102445798
      ],
      [
        -0.01237340338059275,
        -0.013670401658122102,
        0.9998299950528023,
        0.5620314016874772
      ],
      [
        0.0,
        0.0,
        0.0,
        1.0
      ]
    ],
    "location": [
      46.02974033107148,
      -60.16671102445798,
      0.5620314016874772
    ],
    "rotation": [
      -0.013671874175942107,
      0.012373719132648318,
      -1.1199149724283388
    ]
  },
  {
    "label_id": "9MprRhxkqn85TQM1QpIWCA",
    "size": [
      2.179268443474046,
      4.24141432079878,
      2.569999999999993
    ],
    "obj_class": "vehicle",
    "point_num_in_lidar": 142,
    "speed": 0.010212976731907953,
    "if_vehicle": true,
    "motion_state": false,
    "pose": [
      [
        -0.009004037288365112,
        -0.999802861383925,
        0.017696487816107682,
        5.922012040861773
      ],
      [
        0.9999452133575105,
        -0.00909697596539453,
        -0.005178350286298129,
        1.9433839566008828
      ],
      [
        0.005338313957824166,
        0.01764889222588634,
        0.9998299950528023,
        1.133900465096474
      ],
      [
        0.0,
        0.0,
        0.0,
        1.0
      ]
    ],
    "location": [
      5.922012040861773,
      1.9433839566008828,
      1.133900465096474
    ],
    "rotation": [
      0.017650060097201766,
      -0.005338339313001657,
      1.5798006140559355
    ]
  },
  {
    "label_id": "9cq03JJ9_phjbmpFJddeMA",
    "size": [
      1.9848296307250404,
      4.453743106991359,
      1.589999999999975
    ],
    "obj_class": "vehicle",
    "point_num_in_lidar": 151,
    "speed": 8.644125458514253e-13,
    "if_vehicle": true,
    "motion_state": false,
    "pose": [
      [
        -0.4758112907957439,
        -0.8793693478114087,
        0.017696487816107682,
        30.878384772436675
      ],
      [
        0.8794516620639273,
        -0.47596003905927664,
        -0.005178350286298129,
        -28.548618599857946
      ],
      [
        0.012976503546167632,
        0.013099288088653918,
        0.9998299950528023,
        0.5656452845537956
      ],
      [
        0.0,
        0.0,
        0.0,
        1.0
      ]
    ],
    "location": [
      30.878384772436675,
      -28.548618599857946,
      0.5656452845537956
    ],
    "rotation": [
      0.013100765864527296,
      -0.012976867758569323,
      2.0667280778254384
    ]
  },
  {
    "label_id": "ANFtbfjBbGPsG4B3kdD-8Q",
    "size": [
      2.145529995897264,
      4.813595373305301,
      1.4599999999999795
    ],
    "obj_class": "vehicle",
    "point_num_in_lidar": 85,
    "speed": 1.7112135109858137e-12,
    "if_vehicle": true,
    "motion_state": false,
    "pose": [
      [
        -0.5162820898857516,
        0.8562357373890528,
        0.017696487816107682,
        34.0686907506647
      ],
      [
        -0.8564056813206586,
        -0.5162775355271727,
        -0.005178350286298129,
        -41.51161002309709
      ],
      [
        0.004702410541339421,
        -0.01782886221310691,
        0.9998299950528023,
        0.5218816636680117
      ],
      [
        0.0,
        0.0,
        0.0,
        1.0
      ]
    ],
    "location": [
      34.0686907506647,
      -41.51161002309709,
      0.5218816636680117
    ],
    "rotation": [
      -0.017830004043111167,
      -0.004702427871983293,
      -2.113307003496081
    ]
  },
  {
    "label_id": "AWt8fBQjwfuud4o02yExgQ",
    "size": [
      2.329370642091815,
      5.299395887650062,
      1.8899999999999864
    ],
    "obj_class": "vehicle",
    "point_num_in_lidar": 121,
    "speed": 2.1316282072803006e-13,
    "if_vehicle": true,
    "motion_state": false,
    "pose": [
      [
        0.9998434048984742,
        -3.329542295975518e-16,
        0.017696487816107682,
        -31.624144453464396
      ],
      [
        9.165296515472805e-05,
        0.999986588054083,
        -0.005178350286298129,
        -30.21062770268145
      ],
      [
        -0.01769625047177017,
        0.0051791613175904815,
        0.9998299950528023,
        0.8679766825474644
      ],
      [
        0.0,
        0.0,
        0.0,
        1.0
      ]
    ],
    "location": [
      -31.624144453464396,
      -30.21062770268145,
      0.8679766825474644
    ],
    "rotation": [
      0.00517999561935834,
      0.017697174220231007,
      9.166731955122295e-05
    ]
  },
  {
    "label_id": "FDAdSxXi3XwP-HZGgr97Xw",
    "size": [
      0.8056682345254415,
      0.11313803530762628,
      0.18999999999999773
    ],
    "obj_class": "sign",
    "point_num_in_lidar": 111,
    "speed": 0.010046107935235958,
    "if_vehicle": false,
    "motion_state": false,
    "pose": [
      [
        -0.2192225424645497,
        0.9755143828741599,
        0.017696487816107682,
        8.714437027731037
      ],
      [
        -0.9756741775209462,
        -0.21916451356717812,
        -0.005178350286298129,
        -45.243006633067125
      ],
      [
        -0.0011731130397796146,
        -0.01840121731052461,
        0.9998299950528023,
        1.7064220137624488
      ],
      [
        0.0,
        0.0,
        0.0,
        1.0
      ]
    ],
    "location": [
      8.714437027731037,
      -45.243006633067125,
      1.7064220137624488
    ],
    "rotation": [
      -0.018402268589516633,
      0.0011731133088516757,
      -1.791814039687654
    ]
  },
  {
    "label_id": "FjXya5JM_xfBUrb9nDgcNw",
    "size": [
      1.9792069957727865,
      4.673300687547824,
      1.7300000000000182
    ],
    "obj_class": "vehicle",
    "point_num_in_lidar": 34,
    "speed": 8.556067554929069e-13,
    "if_vehicle": true,
    "motion_state": false,
    "pose": [
      [
        -0.41263013073046456,
        0.9107267480053137,
        0.017696487816107682,
        24.097740670330495
      ],
      [
        -0.9108949938564601,
        -0.4126057377879664,
        -0.005178350286298129,
        11.959050326553552
      ],
      [
        0.002585610295348188,
        -0.018256385516137664,
        0.9998299950528023,
        0.8183707745388915
      ],
      [
        0.0,
        0.0,
        0.0,
        1.0
      ]
    ],
    "location": [
      24.097740670330495,
      11.959050326553552,
      0.8183707745388915
    ],
    "rotation": [
      -0.018257460833055367,
      -0.002585613176321673,
      -1.9961374234679652
    ]
  },
  {
    "label_id": "GhYGBdVqwQ23-v6KYP3YWQ",
    "size": [
      2.1467946314575452,
      4.880290596323187,
      1.7099999999999795
    ],
    "obj_class": "vehicle",
    "point_num_in_lidar": 100,
    "speed": 1.888409532720414e-28,
    "if_vehicle": true,
    "motion_state": false,
    "pose": [
      [
        -0.9991232309386324,
        0.03794211008526685,
        0.017696487816107682,
        -44.02525923857365
      ],
      [
        -0.03803913055591993,
        -0.9992628329097716,
        -0.005178350286298129,
        -42.92962003539651
      ],
      [
        0.017486965011054224,
        -0.005846969079396347,
        0.9998299950528023,
        0.5994161950800958
      ],
      [
        0.0,
        0.0,
        0.0,
        1.0
      ]
    ],
    "location": [
      -44.02525923857365,
      -42.92962003539651,
      0.5994161950800958
    ],
    "rotation": [
      -0.005847896599252792,
      -0.01748785636838726,
      -3.103538521824558
    ]
  },
  {
    "label_id": "J7T0lm9jnXkEcN7_fLCHcw",
    "size": [
      2.4105447909986784,
      5.853048720643227,
      1.9400000523537528
    ],
    "obj_class": "vehicle",
    "point_num_in_lidar": 54,
    "speed": 0.002793755623451817,
    "if_vehicle": true,
    "motion_state": false,
    "pose": [
      [
        0.43590835291265434,
        -0.8998170603961402,
        0.017696487816107682,
        24.531846332043187
      ],
      [
        0.8999858777713724,
        0.4358882936033092,
        -0.005178350286298129,
        6.576009007532775
      ],
      [
        -0.003054123944616635,
        0.01818387526475506,
        0.9998299950528023,
        0.8936213114865268
      ],
      [
        0.0,
        0.0,
        0.0,
        1.0
      ]
    ],
    "location": [
      24.531846332043187,
      6.576009007532775,
      0.8936213114865268
    ],
    "rotation": [
      0.018184962328249427,
      0.0030541286926148424,
      1.1197467464529705
    ]
  },
  {
    "label_id": "KRIFGuPyXMFLkXDccz9mLA",
    "size": [
      1.1528322506114714,
      1.3148555747822952,
      1.8799999999999955
    ],
    "obj_class": "pedestrian",
    "point_num_in_lidar": 44,
    "speed": 3.6848668939929903,
    "if_vehicle": false,
    "motion_state": true,
    "pose": [
      [
        -0.02127028047848367,
        -0.999617131449507,
        0.017696487816107682,
        9.796261407596376
      ],
      [
        0.9997583324118922,
        -0.021364958724629304,
        -0.005178350286298129,
        -9.130966568278382
      ],
      [
        0.005554452390592116,
        0.017582066185573786,
        0.9998299950528023,
        0.9315774238749555
      ],
      [
        0.0,
        0.0,
        0.0,
        1.0
      ]
    ],
    "location": [
      9.796261407596376,
      -9.130966568278382,
      0.9315774238749555
    ],
    "rotation": [
      0.017583243434827908,
      -0.005554480951928551,
      1.592068539663746
    ]
  },
  {
    "label_id": "LV0eEgqBFEblVK4wVnO9Gg",
    "size": [
      2.3764124997245104,
      5.358373042693289,
      2.0
    ],
    "obj_class": "vehicle",
    "point_num_in_lidar": 81,
    "speed": 6.559379862512265,
    "if_vehicle": true,
    "motion_state": true,
    "pose": [
      [
        -0.005166537636052431,
        -0.999830056163461,
        0.017696487816107682,
        0.6519471724177492
      ],
      [
        0.9999727638047987,
        -0.005258929254587485,
        -0.005178350286298129,
        -15.44828207509272
      ],
      [
        0.005270534835063114,
        0.017669251689464323,
        0.9998299950528023,
        0.690421949513393
      ],
      [
        0.0,
        0.0,
        0.0,
        1.0
      ]
    ],
    "location": [
      0.6519471724177492,
      -15.44828207509272,
      0.690421949513393
    ],
    "rotation": [
      0.017670416672366296,
      -0.005270559236659691,
      1.5759629591782682
    ]
  },
  {
    "label_id": "MvrF6KMiFn50q0NuAemDTQ",
    "size": [
      2.249993906680825,
      4.861556964822738,
      1.6999999999999886
    ],
    "obj_class": "vehicle",
    "point_num_in_lidar": 75,
    "speed": 8.556067554929069e-13,
    "if_vehicle": true,
    "motion_state": false,
    "pose": [
      [
        0.43019271814345517,
        -0.9025636041716507,
        0.017696487816107682,
        40.26017298526767
      ],
      [
        0.9027322909303594,
        0.43017158855500603,
        -0.005178350286298129,
        -47.13994482571434
      ],
      [
        -0.002938735777634812,
        0.01820287957281761,
        0.9998299950528023,
        0.7793149161230986
      ],
      [
        0.0,
        0.0,
        0.0,
        1.0
      ]
    ],
    "location": [
      40.26017298526767,
      -47.13994482571434,
      0.7793149161230986
    ],
    "rotation": [
      0.01820396357615443,
      0.0029387400075538837,
      1.1260880209196267
    ]
  },
  {
    "label_id": "NBO-XMzdnFWC-AXGtAs4KA",
    "size": [
      2.173069414617874,
      4.585441915775337,
      1.910000000000025
    ],
    "obj_class": "vehicle",
    "point_num_in_lidar": 81,
    "speed": 0.0,
    "if_vehicle": true,
    "motion_state": false,
    "pose": [
      [
        -0.42591495976677046,
        -0.9045901178798299,
        0.017696487816107682,
        62.03950054944289
      ],
      [
        0.9046806177503106,
        -0.42605887451762897,
        -0.005178350286298129,
        -29.285859814866853
      ],
      [
        0.01222403017775125,
        0.013804132675640231,
        0.9998299950528023,
        0.8985468959068044
      ],
      [
        0.0,
        0.0,
        0.0,
        1.0
      ]
    ],
    "location": [
      62.03950054944289,
      -29.285859814866853,
      0.8985468959068044
    ],
    "rotation": [
      0.01380560268723562,
      -0.012224334631407716,
      2.01080441725849
    ]
  },
  {
    "label_id": "O0ipbuwo_Nd7uLn6JzKcdA",
    "size": [
      2.0811413058829245,
      4.05562961252444,
      1.4800000000000182
    ],
    "obj_class": "vehicle",
    "point_num_in_lidar": 26,
    "speed": 7.0632688962311665,
    "if_vehicle": true,
    "motion_state": true,
    "pose": [
      [
        0.0015750229797367554,
        -0.9998421643547483,
        0.017696487816107682,
        -0.901988339887339
      ],
      [
        0.9999854917108395,
        0.0014835956803804253,
        -0.005178350286298129,
        18.31815040159745
      ],
      [
        0.00515127852515747,
        0.017704387091043366,
        0.9998299950528023,
        0.9187105153606012
      ],
      [
        0.0,
        0.0,
        0.0,
        1.0
      ]
    ],
    "location": [
      -0.901988339887339,
      18.31815040159745,
      0.9187105153606012
    ],
    "rotation": [
      0.01770554705479993,
      -0.005151301307534401,
      1.5692212822663794
    ]
  },
  {
    "label_id": "PE7PqXfc9zvQFaGz-kdYrQ",
    "size": [
      1.8986630586357023,
      4.10965922679504,
      1.589999999999975
    ],
    "obj_class": "vehicle",
    "point_num_in_lidar": 71,
    "speed": 8.526512829121202e-13,
    "if_vehicle": true,
    "motion_state": false,
    "pose": [
      [
        -0.4750621650092409,
        0.8797742742861415,
        0.017696487816107682,
        34.215629969358815
      ],
      [
        -0.8799438105475612,
        -0.47504955001278576,
        -0.005178350286298129,
        -46.96105623206495
      ],
      [
        0.003850929208721329,
        -0.018031953220399296,
        0.9998299950528023,
        0.6442705657591432
      ],
      [
        0.0,
        0.0,
        0.0,
        1.0
      ]
    ],
    "location": [
      34.215629969358815,
      -46.96105623206495,
      0.6442705657591432
    ],
    "rotation": [
      -0.0180330642760825,
      -0.0038509387267772737,
      -2.0658350061668234
    ]
  },
  {
    "label_id": "PGSywETsgNcgg23KFB6U6Q",
    "size": [
      0.8025207432122881,
      0.13719858915251099,
      0.9300000000000068
    ],
    "obj_class": "sign",
    "point_num_in_lidar": 333,
    "speed": 0.05107302300559632,
    "if_vehicle": false,
    "motion_state": false,
    "pose": [
      [
        -0.21922254246590048,
        0.9755143828738564,
        0.017696487816107682,
        8.708556484431938
      ],
      [
        -0.9756741775206427,
        -0.21916451356852912,
        -0.005178350286298129,
        -45.27275785733764
      ],
      [
        -0.0011731130397541357,
        -0.018401217310526238,
        0.9998299950528023,
        2.3087521497614603
      ],
      [
        0.0,
        0.0,
        0.0,
        1.0
      ]
    ],
    "location": [
      8.708556484431938,
      -45.27275785733764,
      2.3087521497614603
    ],
    "rotation": [
      -0.01840226858951826,
      0.0011731133088261968,
      -1.7918140396890385
    ]
  },
  {
    "label_id": "PbuvIUoXgzIQt21pg9BXww",
    "size": [
      2.18405085137323,
      4.741562823539253,
      1.8999999999999773
    ],
    "obj_class": "vehicle",
    "point_num_in_lidar": 66,
    "speed": 1.4836567898030565e-12,
    "if_vehicle": true,
    "motion_state": false,
    "pose": [
      [
        -0.3898619548974276,
        -0.9207032586249113,
        0.017696487816107682,
        46.54132765553868
      ],
      [
        0.9207993708694001,
        -0.39000218370520634,
        -0.005178350286298129,
        -28.693100318005236
      ],
      [
        0.011669392875090504,
        0.014276073081910114,
        0.9998299950528023,
        0.7635468959068703
      ],
      [
        0.0,
        0.0,
        0.0,
        1.0
      ]
    ],
    "location": [
      46.54132765553868,
      -28.693100318005236,
      0.7635468959068703
    ],
    "rotation": [
      0.0142775302704739,
      -0.011669657737392038,
      1.9713068366764486
    ]
  },
  {
    "label_id": "VBixxlZ-nYOf9L47qOhL5Q",
    "size": [
      3.4305399234133516,
      2.7957590169782516,
      3.1200000000000045
    ],
    "obj_class": "vehicle",
    "point_num_in_lidar": 472,
    "speed": 1.4210854715202004e-13,
    "if_vehicle": true,
    "motion_state": false,
    "pose": [
      [
        0.9993026453495994,
        0.03287943606978239,
        0.017696487816107682,
        -9.738696619093844
      ],
      [
        -0.03279254119334858,
        0.9994487650352042,
        -0.005178350286298129,
        -25.815361898308765
      ],
      [
        -0.01785699413045464,
        0.004594426333957275,
        0.9998299950528023,
        1.3264020977599102
      ],
      [
        0.0,
        0.0,
        0.0,
        1.0
      ]
    ],
    "location": [
      -9.738696619093844,
      -25.815361898308765,
      1.3264020977599102
    ],
    "rotation": [
      0.004595175198352053,
      0.01785794328327508,
      -0.03280365366731053
    ]
  },
  {
    "label_id": "VS0srO3PT-Il0oMtRJkF0A",
    "size": [
      1.8795134410562058,
      3.93573998088154,
      1.5699999999999932
    ],
    "obj_class": "vehicle",
    "point_num_in_lidar": 74,
    "speed": 4.240163660603199,
    "if_vehicle": true,
    "motion_state": true,
    "pose": [
      [
        0.9917680778701153,
        0.1268184294051579,
        0.017696487816107682,
        27.119905971486332
      ],
      [
        -0.1267456777904407,
        0.9919217296993519,
        -0.005178350286298129,
        -0.5505788963564555
      ],
      [
        -0.018210241054375118,
        0.0028927691672172144,
        0.9998299950528023,
        0.6440481571763144
      ],
      [
        0.0,
        0.0,
        0.0,
        1.0
      ]
    ],
    "location": [
      27.119905971486332,
      -0.5505788963564555,
      0.6440481571763144
    ],
    "rotation": [
      0.0028932529628238244,
      0.018211247663005664,
      -0.12710869637356328
    ]
  },
  {
    "label_id": "X0fflRFBk6qiNuqG1UAR0w",
    "size": [
      1.9109977702636731,
      2.528255746071504,
      2.4599999999999795
    ],
    "obj_class": "vehicle",
    "point_num_in_lidar": 1692,
    "speed": 1.4228607195221901e-12,
    "if_vehicle": true,
    "motion_state": false,
    "pose": [
      [
        0.012267379347079221,
        0.9997681459833221,
        0.017696487816107682,
        -3.624081949574247
      ],
      [
        -0.9999101938436484,
        0.012360782170636107,
        -0.005178350286298129,
        -39.21340812564631
      ],
      [
        -0.005395892096064709,
        -0.01763137377520192,
        0.9998299950528023,
        0.9965750658441266
      ],
      [
        0.0,
        0.0,
        0.0,
        1.0
      ]
    ],
    "location": [
      -3.624081949574247,
      -39.21340812564631,
      0.9965750658441266
    ],
    "rotation": [
      -0.017632544120163574,
      0.005395918280560093,
      -1.5585284611398196
    ]
  },
  {
    "label_id": "Y9vLpc7h2Hil-LYLcl5Spg",
    "size": [
      2.111523182926352,
      4.566865073941255,
      1.5500000000000114
    ],
    "obj_class": "vehicle",
    "point_num_in_lidar": 20,
    "speed": 8.526512829121202e-13,
    "if_vehicle": true,
    "motion_state": false,
    "pose": [
      [
        -0.4764855643892561,
        0.8790041758988556,
        0.017696487816107682,
        46.01415662354157
      ],
      [
        -0.8791737323570945,
        -0.4764732238243912,
        -0.005178350286298129,
        -42.135675747471396
      ],
      [
        0.003880111074186797,
        -0.01802569640167127,
        0.9998299950528023,
        0.5389985972468594
      ],
      [
        0.0,
        0.0,
        0.0,
        1.0
      ]
    ],
    "location": [
      46.01415662354157,
      -42.135675747471396,
      0.5389985972468594
    ],
    "rotation": [
      -0.01802680842756681,
      -0.0038801208102675257,
      -2.0674533775424844
    ]
  },
  {
    "label_id": "_0XRthlvxJHqJVefxsO4cw",
    "size": [
      2.0098584540583566,
      4.920467986135323,
      1.5500000000000114
    ],
    "obj_class": "vehicle",
    "point_num_in_lidar": 213,
    "speed": 2.8421709430404007e-13,
    "if_vehicle": true,
    "motion_state": false,
    "pose": [
      [
        -0.4789813654298981,
        -0.8776466748583308,
        0.017696487816107682,
        27.46319182232628
      ],
      [
        0.8777284518222233,
        -0.47913040975299775,
        -0.005178350286298129,
        -28.31783480487138
      ],
      [
        0.013023687368541845,
        0.01305237756271765,
        0.9998299950528023,
        0.5201405228583553
      ],
      [
        0.0,
        0.0,
        0.0,
        1.0
      ]
    ],
    "location": [
      27.46319182232628,
      -28.31783480487138,
      0.5201405228583553
    ],
    "rotation": [
      0.013053855385581823,
      -0.013024055568544904,
      2.0703365457924545
    ]
  },
  {
    "label_id": "b-6zAJs2AkBphold1gsJtA",
    "size": [
      0.9261380857545365,
      2.7676475764715867,
      3.089999999999975
    ],
    "obj_class": "vehicle",
    "point_num_in_lidar": 386,
    "speed": 2.1316282072803006e-13,
    "if_vehicle": true,
    "motion_state": false,
    "pose": [
      [
        0.022265009376578975,
        0.9995954700159636,
        0.017696487816107682,
        -8.68984408614233
      ],
      [
        -0.9997365766921785,
        0.022359828087808748,
        -0.005178350286298129,
        -32.98279503452795
      ],
      [
        -0.005571945913665648,
        -0.017576530131070703,
        0.9998299950528023,
        2.0275248500032603
      ],
      [
        0.0,
        0.0,
        0.0,
        1.0
      ]
    ],
    "location": [
      -8.68984408614233,
      -32.98279503452795,
      2.0275248500032603
    ],
    "rotation": [
      -0.01757770815016848,
      0.00557197474571373,
      -1.5485291317132954
    ]
  },
  {
    "label_id": "bF69EqYzGzr4cLoHtbBgyw",
    "size": [
      1.9672434118120479,
      4.195355031574016,
      1.6299999999999955
    ],
    "obj_class": "vehicle",
    "point_num_in_lidar": 39,
    "speed": 1.156679772130055e-12,
    "if_vehicle": true,
    "motion_state": false,
    "pose": [
      [
        0.5263272415523989,
        0.8500979173711798,
        0.017696487816107682,
        53.114956361484474
      ],
      [
        -0.8501714091296849,
        0.5264805407484291,
        -0.005178350286298129,
        -60.94250318162631
      ],
      [
        -0.013718961268572851,
        -0.0123195411612872,
        0.9998299950528023,
        0.5861553497736054
      ],
      [
        0.0,
        0.0,
        0.0,
        1.0
      ]
    ],
    "location": [
      53.114956361484474,
      -60.94250318162631,
      0.5861553497736054
    ],
    "rotation": [
      -0.012321012389088224,
      0.013719391645741905,
      -1.0164627633060463
    ]
  },
  {
    "label_id": "bh3JCKcZddSi_q_kFbnTUA",
    "size": [
      2.3719567581235723,
      4.058644132835048,
      2.9599999999999795
    ],
    "obj_class": "vehicle",
    "point_num_in_lidar": 1576,
    "speed": 1.4210854715202004e-13,
    "if_vehicle": true,
    "motion_state": false,
    "pose": [
      [
        0.02145877700137,
        0.9996131027595525,
        0.017696487816107682,
        -8.476085531443005
      ],
      [
        -0.9997542858660357,
        0.021553481871970485,
        -0.005178350286298129,
        -36.41029308222642
      ],
      [
        -0.005557767726204314,
        -0.017581018474901084,
        0.9998299950528023,
        1.2691289744527694
      ],
      [
        0.0,
        0.0,
        0.0,
        1.0
      ]
    ],
    "location": [
      -8.476085531443005,
      -36.41029308222642,
      1.2691289744527694
    ],
    "rotation": [
      -0.0175821958699325,
      0.005557796338714736,
      -1.5493355710639922
    ]
  },
  {
    "label_id": "cKixMD6Kv-IkYAQZzIhn3Q",
    "size": [
      0.988273191805403,
      0.9291493449921988,
      1.079999999999984
    ],
    "obj_class": "sign",
    "point_num_in_lidar": 45,
    "speed": 0.007653262460601872,
    "if_vehicle": false,
    "motion_state": false,
    "pose": [
      [
        0.014641672519413626,
        0.9997361930753575,
        0.017696487816107682,
        5.5066964935431315
      ],
      [
        -0.9998780187147577,
        0.014735412425966052,
        -0.005178350286298129,
        -5.392210860096384
      ],
      [
        -0.00543774924809581,
        -0.017618509466696807,
        0.9998299950528023,
        0.308383363454368
      ],
      [
        0.0,
        0.0,
        0.0,
        1.0
      ]
    ],
    "location": [
      5.5066964935431315,
      -5.392210860096384,
      0.308383363454368
    ],
    "rotation": [
      -0.01761968162123781,
      0.005437776046692915,
      -1.5561539145828573
    ]
  },
  {
    "label_id": "dGXjoGZuSR32_Epjku84GQ",
    "size": [
      2.0312664316879827,
      4.344831108393483,
      1.5299999999999727
    ],
    "obj_class": "vehicle",
    "point_num_in_lidar": 81,
    "speed": 8.038873388460929e-13,
    "if_vehicle": true,
    "motion_state": false,
    "pose": [
      [
        0.9998434048984742,
        9.99027956830784e-16,
        0.017696487816107682,
        -31.520125481486048
      ],
      [
        9.165296515339579e-05,
        0.9999865880540831,
        -0.005178350286298129,
        -41.13809499717718
      ],
      [
        -0.01769625047177018,
        0.005179161317590458,
        0.9998299950528023,
        0.5454219495127859
      ],
      [
        0.0,
        0.0,
        0.0,
        1.0
      ]
    ],
    "location": [
      -31.520125481486048,
      -41.13809499717718,
      0.5454219495127859
    ],
    "rotation": [
      0.005179995619358317,
      0.017697174220231014,
      9.166731954989047e-05
    ]
  },
  {
    "label_id": "dfjvYEqGHJ2wCVGMHxG3Fw",
    "size": [
      2.0245118485472853,
      4.413885505345176,
      1.5199999999999818
    ],
    "obj_class": "vehicle",
    "point_num_in_lidar": 135,
    "speed": 1.4210854715202004e-12,
    "if_vehicle": true,
    "motion_state": false,
    "pose": [
      [
        0.4553022757562159,
        0.8901610371220395,
        0.017696487816107682,
        43.308487374355536
      ],
      [
        -0.8902467768111354,
        0.45544907625957143,
        -0.005178350286298129,
        -60.4639986612292
      ],
      [
        -0.012669414690317357,
        -0.013396526569153001,
        0.9998299950528023,
        0.5526494885390321
      ],
      [
        0.0,
        0.0,
        0.0,
        1.0
      ]
    ],
    "location": [
      43.308487374355536,
      -60.4639986612292,
      0.5526494885390321
    ],
    "rotation": [
      -0.013398002698541736,
      0.012669753651351312,
      -1.0980435875963894
    ]
  },
  {
    "label_id": "e2gUk44jZZeC_UoIi2vmsA",
    "size": [
      1.9270035258562115,
      4.000143716977697,
      1.5
    ],
    "obj_class": "vehicle",
    "point_num_in_lidar": 131,
    "speed": 6.355287432313019e-13,
    "if_vehicle": true,
    "motion_state": false,
    "pose": [
      [
        0.4549033568435182,
        0.8903649646361166,
        0.017696487816107682,
        37.21000511029388
      ],
      [
        -0.8904507700965981,
        0.4550501189129478,
        -0.005178350286298129,
        -60.54587045645167
      ],
      [
        -0.01266341055459459,
        -0.013402202275709539,
        0.9998299950528023,
        0.5004219495129973
      ],
      [
        0.0,
        0.0,
        0.0,
        1.0
      ]
    ],
    "location": [
      37.21000511029388,
      -60.54587045645167,
      0.5004219495129973
    ],
    "rotation": [
      -0.013403678350790506,
      0.012663749033924783,
      -1.098491674384886
    ]
  },
  {
    "label_id": "e_f0alPEjhZxGtnBMwKocQ",
    "size": [
      2.1113184009634978,
      4.9407820196440175,
      1.5199999999999818
    ],
    "obj_class": "vehicle",
    "point_num_in_lidar": 236,
    "speed": 1.4228607195221901e-12,
    "if_vehicle": true,
    "motion_state": false,
    "pose": [
      [
        0.47586621643349314,
        -0.8793396262970561,
        0.017696487816107682,
        31.489820546664305
      ],
      [
        0.879509174019697,
        0.4758537564247055,
        -0.005178350286298129,
        -46.75743531312219
      ],
      [
        -0.003867411597230223,
        0.018028425340302485,
        0.9998299950528023,
        0.4927797082337406
      ],
      [
        0.0,
        0.0,
        0.0,
        1.0
      ]
    ],
    "location": [
      31.489820546664305,
      -46.75743531312219,
      0.4927797082337406
    ],
    "rotation": [
      0.018029536943209253,
      0.003867421238025448,
      1.074843634239016
    ]
  },
  {
    "label_id": "fta5Om6QXA7WRY0GM2Xzkw",
    "size": [
      2.5502553888274777,
      6.6156140038635325,
      2.5
    ],
    "obj_class": "vehicle",
    "point_num_in_lidar": 86,
    "speed": 0.007033666026623058,
    "if_vehicle": true,
    "motion_state": false,
    "pose": [
      [
        0.08211172427516157,
        0.9964660049673216,
        0.017696487816107682,
        -10.694423451695911
      ],
      [
        -0.9966011774987222,
        0.08221482650029,
        -0.005178350286298129,
        -3.962242016717937
      ],
      [
        -0.006614963697574672,
        -0.017211137324215992,
        0.9998299950528023,
        1.225535609204087
      ],
      [
        0.0,
        0.0,
        0.0,
        1.0
      ]
    ],
    "location": [
      -10.694423451695911,
      -3.962242016717937,
      1.225535609204087
    ],
    "rotation": [
      -0.017212363789094708,
      0.006615011941173444,
      -1.4885902479826696
    ]
  },
  {
    "label_id": "gW_x45lph3EKFj8lsCvP6w",
    "size": [
      1.0006108123695907,
      0.9902597949629417,
      1.0400000000000205
    ],
    "obj_class": "sign",
    "point_num_in_lidar": 39,
    "speed": 1.1390866590859189e-12,
    "if_vehicle": false,
    "motion_state": false,
    "pose": [
      [
        0.9940502092653717,
        -0.10747565202614584,
        0.017696487816107682,
        -18.14032249412503
      ],
      [
        0.10758216505776458,
        0.9941827107980687,
        -0.005178350286298129,
        -26.607733546492454
      ],
      [
        -0.01703699565518326,
        0.00705136665891927,
        0.9998299950528023,
        0.07405249894799226
      ],
      [
        0.0,
        0.0,
        0.0,
        1.0
      ]
    ],
    "location": [
      -18.14032249412503,
      -26.607733546492454,
      0.07405249894799226
    ],
    "rotation": [
      0.007052448705016561,
      0.017037819953702623,
      0.10780648594485294
    ]
  },
  {
    "label_id": "h0E7-6YV8hZqZdTKGggvig",
    "size": [
      0.6450469788444869,
      0.12172477903293348,
      0.5
    ],
    "obj_class": "sign",
    "point_num_in_lidar": 80,
    "speed": 0.021384439797602014,
    "if_vehicle": false,
    "motion_state": false,
    "pose": [
      [
        -0.47965121752937395,
        0.877280766825287,
        0.017696487816107682,
        8.56717090320808
      ],
      [
        -0.8774503666686672,
        -0.47963948828399655,
        -0.005178350286298129,
        -31.643030570419796
      ],
      [
        0.003945067250488301,
