[
  {
    "label_id": "-zBoeL2qb2QbIoyVku7wXQ",
    "size": [
      1.0000000000010891,
      1.0,
      1.7300000000000182
    ],
    "obj_class": "pedestrian",
    "point_num_in_lidar": 48,
    "speed": 1.3453523633786635,
    "if_vehicle": false,
    "motion_state": true,
    "pose": [
      [
        -0.9974371577366778,
        0.06440827516204903,
        0.031155905649292406,
        -33.854158435312
      ],
      [
        -0.06473678687621447,
        -0.9978556959843464,
        -0.00965186078118463,
        -10.111267071632028
      ],
      [
        0.030467438210676972,
        -0.011644057808408595,
        0.9994679340162109,
        0.5879163029932215
      ],
      [
        0.0,
        0.0,
        0.0,
        1.0
      ]
    ],
    "location": [
      -33.854158435312,
      -10.111267071632028,
      0.5879163029932215
    ],
    "rotation": [
      -0.011649729465998687,
      -0.03047215382243847,
      -3.076780433575392
    ]
  },
  {
    "label_id": "0zCQwnJdl42AdLzZADBxXg",
    "size": [
      0.8289207527314597,
      0.10828005381067762,
      1.589999999999975
    ],
    "obj_class": "sign",
    "point_num_in_lidar": 152,
    "speed": 0.0030579857631741255,
    "if_vehicle": false,
    "motion_state": false,
    "pose": [
      [
        0.0004602415889733443,
        0.9995144309717856,
        0.031155905649292406,
        8.072363832146948
      ],
      [
        -0.9999531299028487,
        0.0007613021459872561,
        -0.00965186078118463,
        15.293106391682159
      ],
      [
        -0.009670893194355632,
        -0.0311500031812253,
        0.9994679340162109,
        2.883409737691636
      ],
      [
        0.0,
        0.0,
        0.0,
        1.0
      ]
    ],
    "location": [
      8.072363832146948,
      15.293106391682159,
      2.883409737691636
    ],
    "rotation": [
      -0.031156500454490123,
      0.009671043947642274,
      -1.5703360636658452
    ]
  },
  {
    "label_id": "14QyZM8v7J77UsDSgWPxQQ",
    "size": [
      0.9208221674588207,
      0.24749274453211412,
      0.7599999999999909
    ],
    "obj_class": "sign",
    "point_num_in_lidar": 44,
    "speed": 3.1776437161565096e-13,
    "if_vehicle": false,
    "motion_state": false,
    "pose": [
      [
        -0.09541360098276447,
        0.9949500260267721,
        0.031155905649292406,
        7.944282822142213
      ],
      [
        -0.9954155794249138,
        -0.09515600780625516,
        -0.00965186078118463,
        33.56202266997025
      ],
      [
        -0.006638447534271409,
        -0.03193399266771548,
        0.9994679340162109,
        3.2106249459072274
      ],
      [
        0.0,
        0.0,
        0.0,
        1.0
      ]
    ],
    "location": [
      7.944282822142213,
      33.56202266997025,
      3.2106249459072274
    ],
    "rotation": [
      -0.0319401267988737,
      0.0066384962935132335,
      -1.6663574065319289
    ]
  },
  {
    "label_id": "1Myj1w9PMad1lmgyo4duUQ",
    "size": [
      1.0321513240746367,
      1.1043242572574457,
      2.0
    ],
    "obj_class": "pedestrian",
    "point_num_in_lidar": 85,
    "speed": 1.5014842293627386,
    "if_vehicle": false,
    "motion_state": true,
    "pose": [
      [
        0.026629938333758305,
        -0.9991597249326619,
        0.031155905649292406,
        -19.819494181846494
      ],
      [
        0.9996064223998286,
        0.026340878506158003,
        -0.00965186078118463,
        -6.94695504014453
      ],
      [
        0.008823076637759449,
        0.03140067184012475,
        0.9994679340162109,
        0.833768655604274
      ],
      [
        0.0,
        0.0,
        0.0,
        1.0
      ]
    ],
    "location": [
      -19.819494181846494,
      -6.94695504014453,
      0.833768655604274
    ],
    "rotation": [
      0.031407057213065775,
      -0.00882319111630906,
      1.5441622030490163
    ]
  },
  {
    "label_id": "1b1GHu4GkmrBSy00-B53VA",
    "size": [
      2.078211251868324,
      4.63312486988027,
      1.5600000000000023
    ],
    "obj_class": "vehicle",
    "point_num_in_lidar": 169,
    "speed": 5.728578676879116e-13,
    "if_vehicle": true,
    "motion_state": false,
    "pose": [
      [
        -0.9994200337213469,
        0.013744298439512895,
        0.031155905649292406,
        -32.17733562146259
      ],
      [
        -0.014051162956381374,
        -0.9998546926444033,
        -0.00965186078118463,
        -15.356775231079155
      ],
      [
        0.03101872041195805,
        -0.010084039734737139,
        0.9994679340162109,
        0.3374534816089181
      ],
      [
        0.0,
        0.0,
        0.0,
        1.0
      ]
    ],
    "location": [
      -32.17733562146259,
      -15.356775231079155,
      0.3374534816089181
    ],
    "rotation": [
      -0.010089065632114886,
      -0.031023696734127464,
      -3.1275342629359746
    ]
  },
  {
    "label_id": "1xSi2L3-8DlIFMSpizgLkg",
    "size": [
      2.189055783057679,
      4.940660125515044,
      1.5199999999999818
    ],
    "obj_class": "vehicle",
    "point_num_in_lidar": 46,
    "speed": 0.053461155180348024,
    "if_vehicle": true,
    "motion_state": false,
    "pose": [
      [
        -0.09760921181123677,
        0.9947370262098227,
        0.031155905649292406,
        -30.613963315098772
      ],
      [
        -0.9952031469793158,
        -0.09735264673303509,
        -0.00965186078118463,
        21.8071353019277
      ],
      [
        -0.006567953414543479,
        -0.031948565872529665,
        0.9994679340162109,
        0.7356491785473622
      ],
      [
        0.0,
        0.0,
        0.0,
        1.0
      ]
    ],
    "location": [
      -30.613963315098772,
      21.8071353019277,
      0.7356491785473622
    ],
    "rotation": [
      -0.03195469288491416,
      0.006568000636869099,
      -1.6685633186759663
    ]
  },
  {
    "label_id": "3lFYHvBGrKIH0LWMb4y7rQ",
    "size": [
      1.1075307088888882,
      1.024636171793702,
      1.839999999999975
    ],
    "obj_class": "pedestrian",
    "point_num_in_lidar": 107,
    "speed": 2.8421709430404007e-13,
    "if_vehicle": false,
    "motion_state": false,
    "pose": [
      [
        -0.9955852445141543,
        0.088539993499346,
        0.031155905649292406,
        -6.090324742024677
      ],
      [
        -0.08887854282577713,
        -0.9959957059187692,
        -0.00965186078118463,
        18.414768817816366
      ],
      [
        0.030176572549882878,
        -0.012378341670378781,
        0.9994679340162109,
        1.1657691191078925
      ],
      [
        0.0,
        0.0,
        0.0,
        1.0
      ]
    ],
    "location": [
      -6.090324742024677,
      18.414768817816366,
      1.1657691191078925
    ],
    "rotation": [
      -0.01238429810211033,
      -0.03018115435390274,
      -3.0525560222191
    ]
  },
  {
    "label_id": "4ZoF6vgB7LJluyrGWdiMEg",
    "size": [
      2.0939219872931774,
      4.5423472073732345,
      1.6399999999999864
    ],
    "obj_class": "vehicle",
    "point_num_in_lidar": 25,
    "speed": 2.8421709430404007e-13,
    "if_vehicle": true,
    "motion_state": false,
    "pose": [
      [
        0.06294591153192722,
        0.9975305116960519,
        0.031155905649292406,
        -31.303528227343122
      ],
      [
        -0.9979495311090847,
        0.06327380929435805,
        -0.00965186078118463,
        43.408713001139404
      ],
      [
        -0.0115993784563205,
        -0.03048447625913931,
        0.9994679340162109,
        0.6957691191079789
      ],
      [
        0.0,
        0.0,
        0.0,
        1.0
      ]
    ],
    "location": [
      -31.303528227343122,
      43.408713001139404,
      0.6957691191079789
    ],
    "rotation": [
      -0.030491251725215197,
      0.011599638579588218,
      -1.507804530330448
    ]
  },
  {
    "label_id": "6RtA2k7rqkT2CvrUlYh84Q",
    "size": [
      1.9062079518011497,
      4.363933208093053,
      1.539999955536075
    ],
    "obj_class": "vehicle",
    "point_num_in_lidar": 48,
    "speed": 1.7053025658242404e-12,
    "if_vehicle": true,
    "motion_state": false,
    "pose": [
      [
        0.42519196153964806,
        -0.9045668053743952,
        0.031155905649292406,
        33.69755019447666
      ],
      [
        0.9050919407790154,
        0.4251063635378043,
        -0.00965186078118463,
        6.854348485792798
      ],
      [
        -0.004513820880543032,
        0.03230285272890545,
        0.9994679340162109,
        0.7100629828640876
      ],
      [
        0.0,
        0.0,
        0.0,
        1.0
      ]
    ],
    "location": [
      33.69755019447666,
      6.854348485792798,
      0.7100629828640876
    ],
    "rotation": [
      0.03230880248993764,
      0.004513836208550211,
      1.1316175779537834
    ]
  },
  {
    "label_id": "6SSj38rFVlYZfQljhkORQA",
    "size": [
      2.200048472882574,
      4.83994638465002,
      1.5700000313178748
    ],
    "obj_class": "vehicle",
    "point_num_in_lidar": 219,
    "speed": 1.4281732235759946e-12,
    "if_vehicle": true,
    "motion_state": false,
    "pose": [
      [
        -0.3717876736828586,
        -0.9277948238919318,
        0.031155905649292406,
        23.74254782880371
      ],
      [
        0.9280902630001943,
        -0.3722301778573185,
        -0.00965186078118463,
        26.11382775234233
      ],
      [
        0.020552114774850583,
        0.025327049801513575,
        0.9994679340162109,
        0.7107689754351441
      ],
      [
        0.0,
        0.0,
        0.0,
        1.0
      ]
    ],
    "location": [
      23.74254782880371,
      26.11382775234233,
      0.7107689754351441
    ],
    "rotation": [
      0.025335110647345466,
      -0.020553561882572617,
      1.9518149306003394
    ]
  },
  {
    "label_id": "71Pkn__Yn8464dqzz8PnoA",
    "size": [
      2.4658609647902736,
      5.7692737988654805,
      1.8999999999999773
    ],
    "obj_class": "vehicle",
    "point_num_in_lidar": 51,
    "speed": 5.859285502108464e-13,
    "if_vehicle": true,
    "motion_state": false,
    "pose": [
      [
        0.43025769649868617,
        0.9021682903687188,
        0.031155905649292406,
        55.78075347257527
      ],
      [
        -0.9024348783821148,
        0.4307181582693241,
        -0.00965186078118463,
        -7.394851298226058
      ],
      [
        -0.02212701704031428,
        -0.023963388538865323,
        0.9994679340162109,
        0.9398687069909784
      ],
      [
        0.0,
        0.0,
        0.0,
        1.0
      ]
    ],
    "location": [
      55.78075347257527,
      -7.394851298226058,
      0.9398687069909784
    ],
    "rotation": [
      -0.023971552740826636,
      0.02212882302083875,
      -1.1259013716429607
    ]
  },
  {
    "label_id": "8BSbbgWqH7MHyKvLrQVHYg",
    "size": [
      2.0115373671053556,
      4.687375114667775,
      1.5699999999999932
    ],
    "obj_class": "vehicle",
    "point_num_in_lidar": 30,
    "speed": 8.526512829121202e-13,
    "if_vehicle": true,
    "motion_state": false,
    "pose": [
      [
        0.41166925278235317,
        0.9108006015900469,
        0.031155905649292406,
        34.05293076285261
      ],
      [
        -0.9110765748332654,
        0.4121241516503809,
        -0.00965186078118463,
        -7.925815729562601
      ],
      [
        -0.021631021790580282,
        -0.02441204148903613,
        0.9994679340162109,
        0.5248602878367592
      ],
      [
        0.0,
        0.0,
        0.0,
        1.0
      ]
    ],
    "location": [
      34.05293076285261,
      -7.925815729562601,
      0.5248602878367592
    ],
    "rotation": [
      -0.024420181775585786,
      0.021632709009019226,
      -1.1464056405109542
    ]
  },
  {
    "label_id": "8hLX6WtWSqu6rWx7p0mnCQ",
    "size": [
      2.383438555551818,
      5.488195120812847,
      2.3100000000000023
    ],
    "obj_class": "vehicle",
    "point_num_in_lidar": 20,
    "speed": 10.976694369922377,
    "if_vehicle": true,
    "motion_state": true,
    "pose": [
      [
        0.00358201540722697,
        0.9995081183806337,
        0.031155905649292406,
        -15.250568366197513
      ],
      [
        -0.9999458748717259,
        0.003884444680962281,
        -0.00965186078118463,
        58.19449632088072
      ],
      [
        -0.009768136600253639,
        -0.031119646217876027,
        0.9994679340162109,
        1.1142094396301445
      ],
      [
        0.0,
        0.0,
        0.0,
        1.0
      ]
    ],
    "location": [
      -15.250568366197513,
      58.19449632088072,
      1.1142094396301445
    ],
    "rotation": [
      -0.031126156776436008,
      0.009768291947146266,
      -1.5672141328225841
    ]
  },
  {
    "label_id": "9MprRhxkqn85TQM1QpIWCA",
    "size": [
      2.1792684434740472,
      4.24141432079878,
      2.569999999999993
    ],
    "obj_class": "vehicle",
    "point_num_in_lidar": 2783,
    "speed": 0.024966283015406977,
    "if_vehicle": true,
    "motion_state": false,
    "pose": [
      [
        -0.009001075685183277,
        -0.9994740067553944,
        0.031155905649292406,
        5.968057115809643
      ],
      [
        0.9999101171074335,
        -0.009305873933127155,
        -0.00965186078118463,
        1.9322561183707876
      ],
      [
        0.009936716897860572,
        0.031066228136977823,
        0.9994679340162109,
        1.1339004650965308
      ],
      [
        0.0,
        0.0,
        0.0,
        1.0
      ]
    ],
    "location": [
      5.968057115809643,
      1.9322561183707876,
      1.1339004650965308
    ],
    "rotation": [
      0.031072761934022707,
      -0.009936880427619749,
      1.579797968454645
    ]
  },
  {
    "label_id": "9ZomuLPiVNTUh0GoyUVEig",
    "size": [
      2.4030251921802113,
      5.143758565443172,
      1.6000000000000227
    ],
    "obj_class": "vehicle",
    "point_num_in_lidar": 46,
    "speed": 2.8421709430404007e-13,
    "if_vehicle": true,
    "motion_state": false,
    "pose": [
      [
        -0.44168701720378384,
        -0.8966280657980749,
        0.031155905649292406,
        39.42457874376669
      ],
      [
        0.8968887810936076,
        -0.4421508293918306,
        -0.00965186078118463,
        25.03576350332696
      ],
      [
        0.022429738786874126,
        0.023680280642753685,
        0.9994679340162109,
        0.8090518741200867
      ],
      [
        0.0,
        0.0,
        0.0,
        1.0
      ]
    ],
    "location": [
      39.42457874376669,
      25.03576350332696,
      0.8090518741200867
    ],
    "rotation": [
      0.02368845495769947,
      -0.022431619920888615,
      2.0283983995960737
    ]
  },
  {
    "label_id": "A1xPIRlWXjMzPBjg5RDk9w",
    "size": [
      1.948036311609671,
      4.4872319549998405,
      1.500000044336673
    ],
    "obj_class": "vehicle",
    "point_num_in_lidar": 50,
    "speed": 1.4210854715202004e-12,
    "if_vehicle": true,
    "motion_state": false,
    "pose": [
      [
        -0.3170865220157857,
        0.9478847224737327,
        0.031155905649292406,
        27.21574560466388
      ],
      [
        -0.9483963363986689,
        -0.3169404213555657,
        -0.00965186078118463,
        12.020845625902439
      ],
      [
        0.0007257144862726891,
        -0.03260862174105791,
        0.9994679340162109,
        0.6757445060284795
      ],
      [
        0.0,
        0.0,
        0.0,
        1.0
      ]
    ],
    "location": [
      27.21574560466388,
      12.020845625902439,
      0.6757445060284795
    ],
    "rotation": [
      -0.03261441201138106,
      -0.0007257145499736861,
      -1.8934523142690787
    ]
  },
  {
    "label_id": "AFL1N-XB7hfEMBHsxDvkQg",
    "size": [
      2.3168687383438096,
      5.169979861084375,
      1.5699999999999932
    ],
    "obj_class": "vehicle",
    "point_num_in_lidar": 29,
    "speed": 2.929642751054232e-13,
    "if_vehicle": true,
    "motion_state": false,
    "pose": [
      [
        -0.029681673866585486,
        -0.9990737248970419,
        0.031155905649292406,
        -33.48125731671462
      ],
      [
        0.9995034345489306,
        -0.029995431458014168,
        -0.00965186078118463,
        33.880107905102705
      ],
      [
        0.010577455335261507,
        0.030853951319037377,
        0.9994679340162109,
        0.7220850546842712
      ],
      [
        0.0,
        0.0,
        0.0,
        1.0
      ]
    ],
    "location": [
      -33.48125731671462,
      33.880107905102705,
      0.7220850546842712
    ],
    "rotation": [
      0.0308605757143329,
      -0.01057765258399186,
      1.6004840219602634
    ]
  },
  {
    "label_id": "BPzzTAA9bP7oBKmxTh7UvA",
    "size": [
      1.0473667897834291,
      0.11581209332175943,
      0.9900000000000091
    ],
    "obj_class": "sign",
    "point_num_in_lidar": 46,
    "speed": 0.0245535890331513,
    "if_vehicle": false,
    "motion_state": false,
    "pose": [
      [
        0.019902741661507493,
        -0.9993163615279836,
        0.031155905649292406,
        -18.367253690389134
      ],
      [
        0.9997611028490961,
        0.019610681105456818,
        -0.00965186078118463,
        -5.250847936968057
      ],
      [
        0.009034273867588092,
        0.03134056108387971,
        0.9994679340162109,
        2.914926284180069
      ],
      [
        0.0,
        0.0,
        0.0,
        1.0
      ]
    ],
    "location": [
      -18.367253690389134,
      -5.250847936968057,
      2.914926284180069
    ],
    "rotation": [
      0.03134697364906681,
      -0.009034396765486447,
      1.550891458500334
    ]
  },
  {
    "label_id": "Bc_BDnL5j2YXCBH4HKF80g",
    "size": [
      1.9362474657031064,
      4.70142584633995,
      1.670000000000016
    ],
    "obj_class": "vehicle",
    "point_num_in_lidar": 21,
    "speed": 1.7067822212573438e-12,
    "if_vehicle": true,
    "motion_state": false,
    "pose": [
      [
        -0.03801113402923955,
        -0.998791501382037,
        0.031155905649292406,
        -36.14959048759283
      ],
      [
        0.9992185799172973,
        -0.038328463725021834,
        -0.00965186078118463,
        34.39560671230538
      ],
      [
        0.010834354520268904,
        0.03076468162513809,
        0.9994679340162109,
        0.7587939917968356
      ],
      [
        0.0,
        0.0,
        0.0,
        1.0
      ]
    ],
    "location": [
      -36.14959048759283,
      34.39560671230538,
      0.7587939917968356
    ],
    "rotation": [
      0.030771343288710687,
      -0.010834566493401676,
      1.6088188529001495
    ]
  },
  {
    "label_id": "CCmIt8313WiLB_phtsz7sA",
    "size": [
      0.6116716764541894,
      0.13699778994905332,
      0.44999999999998863
    ],
    "obj_class": "sign",
    "point_num_in_lidar": 28,
    "speed": 0.008239547152489089,
    "if_vehicle": false,
    "motion_state": false,
    "pose": [
      [
        0.062351876674379414,
        -0.9975678187563768,
        0.031155905649292406,
        -18.309104395640134
      ],
      [
        0.9980245697655046,
        0.062078979758372184,
        -0.00965186078118463,
        -5.263833564265951
      ],
      [
        0.007694258870270394,
        0.031696170964396406,
        0.9994679340162109,
        2.1791389839893327
      ],
      [
        0.0,
        0.0,
        0.0,
        1.0
      ]
    ],
    "location": [
      -18.309104395640134,
      -5.263833564265951,
      2.1791389839893327
    ],
    "rotation": [
      0.031702419356052135,
      -0.007694334791057406,
      1.5084021284420992
    ]
  },
  {
    "label_id": "FO4kJmdZ7XvD-XlCJ0VDKA",
    "size": [
      2.18591819518638,
      4.686703586845054,
      1.5799999740141288
    ],
    "obj_class": "vehicle",
    "point_num_in_lidar": 80,
    "speed": 0.0,
    "if_vehicle": true,
    "motion_state": false,
    "pose": [
      [
        0.46530580921530124,
        -0.8846014998029712,
        0.031155905649292406,
        37.082137921415324
      ],
      [
        0.8851299438816231,
        0.46524383287430615,
        -0.00965186078118463,
        7.166951631432312
      ],
      [
        -0.005957042438021645,
        0.032068091910161876,
        0.9994679340162109,
        0.7055155261750201
      ],
      [
        0.0,
        0.0,
        0.0,
        1.0
      ]
    ],
    "location": [
      37.082137921415324,
      7.166951631432312,
      0.7055155261750201
    ],
    "rotation": [
      0.032074160023606677,
      0.005957077670871005,
      1.0868069308469026
    ]
  },
  {
    "label_id": "FjXya5JM_xfBUrb9nDgcNw",
    "size": [
      1.97920699577278,
      4.673300687547824,
      1.7300000000000182
    ],
    "obj_class": "vehicle",
    "point_num_in_lidar": 398,
    "speed": 8.556067554929069e-13,
    "if_vehicle": true,
    "motion_state": false,
    "pose": [
      [
        -0.41249440864603343,
        0.9104271922448998,
        0.031155905649292406,
        24.097740670331405
      ],
      [
        -0.9109510786338,
        -0.4124014717715943,
        -0.00965186078118463,
        11.959050326553552
      ],
      [
        0.004061424833192532,
        -0.03236284446230441,
        0.9994679340162109,
        0.8183707745388915
      ],
      [
        0.0,
        0.0,
        0.0,
        1.0
      ]
    ],
    "location": [
      24.097740670331405,
      11.959050326553552,
      0.8183707745388915
    ],
    "rotation": [
      -0.03236876340918406,
      -0.004061435998925392,
      -1.9959906509300325
    ]
  },
  {
    "label_id": "G7E0dpVKs975U7aBcub3QA",
    "size": [
      0.7231645363149783,
      0.754610633766295,
      1.759999999999991
    ],
    "obj_class": "pedestrian",
    "point_num_in_lidar": 329,
    "speed": 0.038845173939329215,
    "if_vehicle": false,
    "motion_state": false,
    "pose": [
      [
        -0.998223353048561,
        0.05078825623764343,
        0.031155905649292406,
        -9.642899030341141
      ],
      [
        -0.05111102472201631,
        -0.9986463361647737,
        -0.00965186078118463,
        -1.700595248303216
      ],
      [
        0.030623529848036367,
        -0.011227123096029815,
        0.9994679340162109,
        0.9651019356372785
      ],
      [
        0.0,
        0.0,
        0.0,
        1.0
      ]
    ],
    "location": [
      -9.642899030341141,
      -1.700595248303216,
      0.9651019356372785
    ],
    "rotation": [
      -0.011232627408457228,
      -0.03062831832977749,
      -3.0904353352191483
    ]
  },
  {
    "label_id": "HbiLdhGwZCfK8hMW6X2p1A",
    "size": [
      2.078489418151711,
      4.549582383581769,
      1.7699999324514692
    ],
    "obj_class": "vehicle",
    "point_num_in_lidar": 32,
    "speed": 0.0,
    "if_vehicle": true,
    "motion_state": false,
    "pose": [
      [
        0.47080415555760463,
        0.881687448392492,
        0.031155905649292406,
        52.515387815297345
      ],
      [
        -0.8819328396062341,
        0.47127625444907084,
        -0.00965186078118463,
        -7.734466144165708
      ],
      [
        -0.023192963022769412,
        -0.022933280175139167,
        0.9994679340162109,
        0.8037976239600653
      ],
      [
        0.0,
        0.0,
        0.0,
        1.0
      ]
    ],
    "location": [
      52.515387815297345,
      -7.734466144165708,
      0.8037976239600653
    ],
    "rotation": [
      -0.02294146306228678,
      0.023195042827698322,
      -1.080450683340695
    ]
  },
  {
    "label_id": "IJ3FUi4Z1k7xeHX3cNHhgA",
    "size": [
      2.2733592392575024,
      5.809798929251251,
      2.3000000000000114
    ],
    "obj_class": "vehicle",
    "point_num_in_lidar": 62,
    "speed": 0.008003837432466557,
    "if_vehicle": true,
    "motion_state": false,
    "pose": [
      [
        -0.09656323191302646,
        -0.9948391084922645,
        0.031155905649292406,
        -41.686465843524275
      ],
      [
        0.9952468272733301,
        -0.09690507925713163,
        -0.00965186078118463,
        33.94033052947816
      ],
      [
        0.012621214081117564,
        0.03007580137727971,
        0.9994679340162109,
        1.3757691191081562
      ],
      [
        0.0,
        0.0,
        0.0,
        1.0
      ]
    ],
    "location": [
      -41.686465843524275,
      33.94033052947816,
      1.3757691191081562
    ],
    "rotation": [
      0.030082734254451814,
      -0.012621549187950092,
      1.667517986593516
    ]
  },
  {
    "label_id": "J7T0lm9jnXkEcN7_fLCHcw",
    "size": [
      2.4105447909986784,
      5.853048720643227,
      1.9400000523537528
    ],
    "obj_class": "vehicle",
    "point_num_in_lidar": 662,
    "speed": 0.0027937556220755666,
    "if_vehicle": true,
    "motion_state": false,
    "pose": [
      [
        0.43576497416769644,
        -0.899521093044404,
        0.031155905649292406,
        24.546254628921815
      ],
      [
        0.9000471956516444,
        0.43568553703683033,
        -0.00965186078118463,
        6.56495520192766
      ],
      [
        -0.004892125124877163,
        0.03224772837161598,
        0.9994679340162109,
        0.9132197989761153
      ],
      [
        0.0,
        0.0,
        0.0,
        1.0
      ]
    ],
    "location": [
      24.546254628921815,
      6.56495520192766,
      0.9132197989761153
    ],
    "rotation": [
      0.032253706241827995,
      0.004892144638867969,
      1.1199025168659382
    ]
  },
  {
    "label_id": "JBOrPuSVmAUR7gx0este5Q",
    "size": [
      1.9300570513223645,
      3.939384178519047,
      1.670000000000016
    ],
    "obj_class": "vehicle",
    "point_num_in_lidar": 33,
    "speed": 5.728578676879116e-13,
    "if_vehicle": true,
    "motion_state": false,
    "pose": [
      [
        0.9995145369343922,
        -3.2608580035475685e-15,
        0.031155905649292406,
        -59.68022675750808
      ],
      [
        0.0003008585195411647,
        0.9999533744468349,
        -0.00965186078118463,
        -30.444855134770478
      ],
      [
        -0.031154452987957115,
        0.009656548678909586,
        0.9994679340162109,
        0.4664493735969586
      ],
      [
        0.0,
        0.0,
        0.0,
        1.0
      ]
    ],
    "location": [
      -59.68022675750808,
      -30.444855134770478,
      0.4664493735969586
    ],
    "rotation": [
      0.009661388718086928,
      0.03115949494214712,
      0.0003010046370887404
    ]
  },
  {
    "label_id": "KRIFGuPyXMFLkXDccz9mLA",
    "size": [
      1.1528322506114743,
      1.3148555747822952,
      1.8799999999999955
    ],
    "obj_class": "pedestrian",
    "point_num_in_lidar": 60,
    "speed": 3.5272113599658255,
    "if_vehicle": false,
    "motion_state": true,
    "pose": [
      [
        -0.02126328426907695,
        -0.9992883379111681,
        0.031155905649292406,
        9.476624842272486
      ],
      [
        0.9997206757634235,
        -0.02157341036055049,
        -0.00965186078118463,
        15.04640282874243
      ],
      [
        0.010317131055506756,
        0.030941972790216182,
        0.9994679340162109,
        1.09157742387481
      ],
      [
        0.0,
        0.0,
        0.0,
        1.0
      ]
    ],
    "location": [
      9.476624842272486,
      15.04640282874243,
      1.09157742387481
    ],
    "rotation": [
      0.030948559957007963,
      -0.010317314095670143,
      1.5920623456873653
    ]
  },
  {
    "label_id": "L-mkBa_rTdt5A7Gv4zRNEA",
    "size": [
      0.47500615033978505,
      0.09032537733729915,
      0.45999999999997954
    ],
    "obj_class": "sign",
    "point_num_in_lidar": 97,
    "speed": 0.028982777693669838,
    "if_vehicle": false,
    "motion_state": false,
    "pose": [
      [
        -0.01269813322390692,
        0.9994338732281393,
        0.031155905649292406,
        8.326901425241886
      ],
      [
        -0.999876497522227,
        -0.01240287410823267,
        -0.00965186078118463,
        -6.0407857458103535
      ],
      [
        -0.00925997382890198,
        -0.03127461843180554,
        0.9994679340162109,
        2.2836778696047304
      ],
      [
        0.0,
        0.0,
        0.0,
        1.0
      ]
    ],
    "location": [
      8.326901425241886,
      -6.0407857458103535,
      2.2836778696047304
    ],
    "rotation": [
      -0.03128106056700809,
      0.009260106170015867,
      -1.5834953457832714
    ]
  },
  {
    "label_id": "LV0eEgqBFEblVK4wVnO9Gg",
    "size": [
      2.3764124997261624,
      5.358373042693289,
      2.0
    ],
    "obj_class": "vehicle",
    "point_num_in_lidar": 69,
    "speed": 10.110808685921004,
    "if_vehicle": true,
    "motion_state": true,
    "pose": [
      [
        0.06102882499775073,
        -0.9976496339209304,
        0.031155905649292406,
        3.136063474677485
      ],
      [
        0.9981060226063578,
        0.0607553225682932,
        -0.00965186078118463,
        39.08284442014701
      ],
      [
        0.0077362882773745634,
        0.031685938790831765,
        0.9994679340162109,
        0.9810897067902147
      ],
      [
        0.0,
        0.0,
        0.0,
        1.0
      ]
    ],
    "location": [
      3.136063474677485,
      39.08284442014701,
      0.9810897067902147
    ],
    "rotation": [
      0.03169219201788742,
      -0.007736365449130127,
      1.5097277245554184
    ]
  },
  {
    "label_id": "M_3sev6zG_NGRjA1B8leIg",
    "size": [
      2.096085307617265,
      4.811468628086786,
      1.4700000000000273
    ],
    "obj_class": "vehicle",
    "point_num_in_lidar": 22,
    "speed": 0.09459194723997956,
    "if_vehicle": true,
    "motion_state": false,
    "pose": [
      [
        0.3117117564163869,
        -0.9496657782899116,
        0.031155905649292406,
        33.73169803273913
      ],
      [
        0.9501765563591537,
        0.3115627598557326,
        -0.00965186078118463,
        42.26252126923646
      ],
      [
        -0.0005409780691887753,
        0.03261220961688486,
        0.9994679340162109,
        0.7507691191080994
      ],
      [
        0.0,
        0.0,
        0.0,
        1.0
      ]
    ],
    "location": [
      33.73169803273913,
      42.26252126923646,
      0.7507691191080994
    ],
    "rotation": [
      0.03261799797969036,
      0.0005409780955756398,
      1.253802263650362
    ]
  },
  {
    "label_id": "O0ipbuwo_Nd7uLn6JzKcdA",
    "size": [
      2.081141305883945,
      4.05562961252444,
      1.4800000000000182
    ],
    "obj_class": "vehicle",
    "point_num_in_lidar": 82,
    "speed": 1.5061805275562863,
    "if_vehicle": true,
    "motion_state": true,
    "pose": [
      [
        0.0008846637085146273,
        -0.9995141454293157,
        0.031155905649292406,
        -0.9820581153808234
      ],
      [
        0.9999532490577544,
        0.0005841937190025306,
        -0.00965186078118463,
        40.31119722128824
      ],
      [
        0.00962897029611833,
        0.031162987732299533,
        0.9994679340162109,
        1.0777094617653802
      ],
      [
        0.0,
        0.0,
        0.0,
        1.0
      ]
    ],
    "location": [
      -0.9820581153808234,
      40.31119722128824,
      1.0777094617653802
    ],
    "rotation": [
      0.03116947930553844,
      -0.00962911909731063,
      1.5699116219564067
    ]
  },
  {
    "label_id": "OALsO71VJElCZqqpEuxwSg",
    "size": [
      0.7282363975465629,
      0.7484238371239974,
      1.75
    ],
    "obj_class": "pedestrian",
    "point_num_in_lidar": 393,
    "speed": 1.4369837526939963e-12,
    "if_vehicle": false,
    "motion_state": false,
    "pose": [
      [
        -0.9939961070611721,
        0.10488588413321999,
        0.031155905649292406,
        -9.644523816517449
      ],
      [
        -0.10523113179588893,
        -0.9944009505649203,
        -0.00965186078118463,
        -2.457419880092857
      ],
      [
        0.029969118241802033,
        -0.012872483255994896,
        0.9994679340162109,
        0.8551050577664796
      ],
      [
        0.0,
        0.0,
        0.0,
        1.0
      ]
    ],
    "location": [
      -9.644523816517449,
      -2.457419880092857,
      0.8551050577664796
    ],
    "rotation": [
      -0.012878623853600425,
      -0.02997360617342006,
      -3.0361187805876
    ]
  },
  {
    "label_id": "OT_LQYpVVYfOWKlnu-6-Nw",
    "size": [
      0.6680816975146165,
      0.10103950605568145,
      0.6200000000000045
    ],
    "obj_class": "sign",
    "point_num_in_lidar": 61,
    "speed": 0.013640737333109254,
    "if_vehicle": false,
    "motion_state": false,
    "pose": [
      [
        -0.09709189409772503,
        -0.9947876525388163,
        0.031155905649292406,
        -12.937704040272365
      ],
      [
        0.995195189598338,
        -0.09743395806282779,
        -0.00965186078118463,
        -6.43630581504658
      ],
      [
        0.012637195133588698,
        0.030069089984942718,
        0.9994679340162109,
        1.4223186436564674
      ],
      [
        0.0,
        0.0,
        0.0,
        1.0
      ]
    ],
    "location": [
      -12.937704040272365,
      -6.43630581504658,
      1.4223186436564674
    ],
    "rotation": [
      0.030076025362971125,
      -0.012637531515037307,
      1.668049207009298
    ]
  },
  {
    "label_id": "P7N3RrlXPGrRenxyItYCpA",
    "size": [
      0.8653216533717555,
      0.8697376634354017,
      1.5199999999999818
    ],
    "obj_class": "pedestrian",
    "point_num_in_lidar": 22,
    "speed": 0.8607852694819029,
    "if_vehicle": false,
    "motion_state": false,
    "pose": [
      [
        0.6413202717287507,
        -0.7666404754596081,
        0.031155905649292406,
        -24.313589182308533
      ],
      [
        0.7671701098442307,
        0.641371081469263,
        -0.00965186078118463,
        28.863917399701677
      ],
      [
        -0.01258298976208366,
        0.030091813538141537,
        0.9994679340162109,
        0.8683386127412405
      ],
      [
        0.0,
        0.0,
        0.0,
        1.0
      ]
    ],
    "location": [
      -24.313589182308533,
      28.863917399701677,
      0.8683386127412405
    ],
    "rotation": [
      0.03009874043778361,
      0.012583321833293411,
      0.8745123840459544
    ]
  },
  {
    "label_id": "Q3zAM_DhuaveZ4DsImfSKQ",
    "size": [
      1.93933359238071,
      4.448500843808347,
      1.509999999999991
    ],
    "obj_class": "vehicle",
    "point_num_in_lidar": 636,
    "speed": 5.728578676879116e-13,
    "if_vehicle": true,
    "motion_state": false,
    "pose": [
      [
        0.402726473716705,
        0.914789974207676,
        0.031155905649292406,
        31.368479967462463
      ],
      [
        -0.9150703908056049,
        0.4031786470714168,
        -0.00965186078118463,
        -8.021210133483692
      ],
      [
        -0.02139082136304239,
        -0.02462278690118951,
        0.9994679340162109,
        0.6040035664446464
      ],
      [
        0.0,
        0.0,
        0.0,
        1.0
      ]
    ],
    "location": [
      31.368479967462463,
      -8.021210133483692,
      0.6040035664446464
    ],
    "rotation": [
      -0.024630912571175913,
      0.02139245298886875,
      -1.1562020180055967
    ]
  },
  {
    "label_id": "VHA13Gbr081QyI04rCo8OA",
    "size": [
      2.005813576224925,
      4.6122843919283225,
      1.5000000135808023
    ],
    "obj_class": "vehicle",
    "point_num_in_lidar": 107,
    "speed": 6.703246762680667e-13,
    "if_vehicle": true,
    "motion_state": false,
    "pose": [
      [
        0.4123091630044591,
        -0.9105111002320262,
        0.031155905649292406,
        31.075001850244917
      ],
      [
        0.9110349677009844,
        0.4122161195411057,
        -0.00965186078118463,
        6.957101241543569
      ],
      [
        -0.0040548401483773665,
        0.03236367013702382,
        0.9994679340162109,
        0.6455154923625059
      ],
      [
        0.0,
        0.0,
        0.0,
        1.0
      ]
    ],
    "location": [
      31.075001850244917,
      6.957101241543569,
      0.6455154923625059
    ],
    "rotation": [
      0.03236958865818061,
      0.004054851259889804,
      1.1458053594982986
    ]
  },
  {
    "label_id": "VaiuGQu8ojV0zmfdDXK8NQ",
    "size": [
      2.162103146377167,
      4.804540474958928,
      1.8100000000000023
    ],
    "obj_class": "vehicle",
    "point_num_in_lidar": 488,
    "speed": 9.95128295654946,
    "if_vehicle": true,
    "motion_state": true,
    "pose": [
      [
        0.01467307501719625,
        0.999406829280605,
        0.031155905649292406,
        -15.336778129425511
      ],
      [
        -0.9998412028401779,
        0.014980343339431792,
        -0.00965186078118463,
        7.735487788231694
      ],
      [
        -0.010112861743658897,
        -0.03100933570266575,
        0.9994679340162109,
        0.684349338267225
      ],
      [
        0.0,
        0.0,
        0.0,
        1.0
      ]
    ],
    "location": [
      -15.336778129425511,
      7.735487788231694,
      0.684349338267225
    ],
    "rotation": [
      -0.031015894054750626,
      0.010113034125274591,
      -1.5561219747641277
    ]
  },
  {
    "label_id": "XL2HZ5nBolrrTWtjghg-QQ",
    "size": [
      1.9332519448396208,
      4.5287539990138015,
      1.5699999999999932
    ],
    "obj_class": "vehicle",
    "point_num_in_lidar": 69,
    "speed": 1.4281732235759946e-12,
    "if_vehicle": true,
    "motion_state": false,
    "pose": [
      [
        0.029364802785659894,
        0.9990830885869962,
        0.031155905649292406,
        -30.874662622300548
      ],
      [
        -0.9995128977296868,
        0.029678424073147025,
        -0.00965186078118463,
        34.273452682609786
      ],
      [
        -0.010567669060120296,
        -0.030857304548562836,
        0.9994679340162109,
        0.7028585551499873
      ],
      [
        0.0,
        0.0,
        0.0,
        1.0
      ]
    ],
    "location": [
      -30.874662622300548,
      34.273452682609786,
      0.7028585551499873
    ],
    "rotation": [
      -0.03086392753438241,
      0.01056786576185438,
      -1.5414256616889124
    ]
  },
  {
    "label_id": "ZlHCNTifat_0W9-oH9qCpw",
    "size": [
      0.3129930696413804,
      0.0870941480879992,
      0.4087610619469615
    ],
    "obj_class": "sign",
    "point_num_in_lidar": 20,
    "speed": 0.004984949050222345,
    "if_vehicle": false,
    "motion_state": false,
    "pose": [
      [
        0.9995145369343922,
        4.729054325090114e-15,
        0.031155905649292406,
        -23.117434204127676
      ],
      [
        0.0003008585195331716,
        0.999953374446835,
        -0.00965186078118463,
        -3.253334129040013
      ],
      [
        -0.03115445298795719,
        0.009656548678909338,
        0.9994679340162109,
        1.7864712382622088
      ],
      [
        0.0,
        0.0,
        0.0,
        1.0
      ]
    ],
    "location": [
      -23.117434204127676,
      -3.253334129040013,
      1.7864712382622088
    ],
    "rotation": [
      0.00966138871808668,
      0.031159494942147196,
      0.0003010046370807434
    ]
  },
  {
    "label_id": "bfDHlWXisbeVQ_jI4SYGOA",
    "size": [
      0.506294178334385,
      0.1217332975808741,
      0.6299999999999955
    ],
    "obj_class": "sign",
    "point_num_in_lidar": 22,
    "speed": 0.005314753641569107,
    "if_vehicle": false,
    "motion_state": false,
    "pose": [
      [
        0.025221956827724542,
        0.9991962582180505,
        0.031155905649292406,
        -2.648934518135775
      ],
      [
        -0.9996273640638234,
        0.025533793260563705,
        -0.00965186078118463,
        29.631168389976665
      ],
      [
        -0.010439631631095892,
        -0.0309008570232931,
        0.9994679340162109,
        1.0136685068997053
      ],
      [
        0.0,
        0.0,
        0.0,
        1.0
