[
  {
    "label_id": "-A2cwrq7kLoBVBFfbodmAw",
    "size": [
      1.9769464056071882,
      4.1102095399683405,
      1.4800000000000182
    ],
    "obj_class": "vehicle",
    "point_num_in_lidar": 45,
    "speed": 1.4369837526939963e-12,
    "if_vehicle": true,
    "motion_state": false,
    "pose": [
      [
        -0.3544131627435127,
        0.9347920636015123,
        0.023560727954939378,
        54.1549860436985
      ],
      [
        -0.9350889081015794,
        -0.3543062895954867,
        -0.008705578583603137,
        48.38140953733455
      ],
      [
        0.00020980833287172334,
        -0.0251167470167896,
        0.9996845027306156,
        0.9396375900881253
      ],
      [
        0.0,
        0.0,
        0.0,
        1.0
      ]
    ],
    "location": [
      54.1549860436985,
      48.38140953733455,
      0.9396375900881253
    ],
    "rotation": [
      -0.025119389140491392,
      -0.00020980833441100095,
      -1.933082753973144
    ]
  },
  {
    "label_id": "0zCQwnJdl42AdLzZADBxXg",
    "size": [
      0.8289207527314612,
      0.10828005381067762,
      1.589999999999975
    ],
    "obj_class": "sign",
    "point_num_in_lidar": 138,
    "speed": 0.0030579857373191077,
    "if_vehicle": false,
    "motion_state": false,
    "pose": [
      [
        0.0004603373061042769,
        0.9997223015356804,
        0.023560727954939378,
        8.075667472613986
      ],
      [
        -0.9999618842031115,
        0.0006656143687676724,
        -0.008705578583603137,
        15.293739410950366
      ],
      [
        -0.008718843416864889,
        -0.023555822416424847,
        0.9996845027306156,
        2.912036084373142
      ],
      [
        0.0,
        0.0,
        0.0,
        1.0
      ]
    ],
    "location": [
      8.075667472613986,
      15.293739410950366,
      2.912036084373142
    ],
    "rotation": [
      -0.02355889702586826,
      0.008718953885818673,
      -1.5703359719745207
    ]
  },
  {
    "label_id": "14QyZM8v7J77UsDSgWPxQQ",
    "size": [
      0.9208221674588198,
      0.24749274453211412,
      0.7599999999999909
    ],
    "obj_class": "sign",
    "point_num_in_lidar": 73,
    "speed": 3.1776437161565096e-13,
    "if_vehicle": false,
    "motion_state": false,
    "pose": [
      [
        -0.09543344429709767,
        0.9951569473243033,
        0.023560727954939378,
        7.944282822142668
      ],
      [
        -0.9954151151524585,
        -0.09525209408481577,
        -0.008705578583603137,
        33.562022669972066
      ],
      [
        -0.006419208332079694,
        -0.024283508079174027,
        0.9996845027306156,
        3.2106249459071705
      ],
      [
        0.0,
        0.0,
        0.0,
        1.0
      ]
    ],
    "location": [
      7.944282822142668,
      33.562022669972066,
      3.2106249459071705
    ],
    "rotation": [
      -0.024286395810384637,
      0.006419252418132338,
      -1.6663772040181892
    ]
  },
  {
    "label_id": "1b1GHu4GkmrBSy00-B53VA",
    "size": [
      2.0782112518683227,
      4.63312486988027,
      1.5600000000000023
    ],
    "obj_class": "vehicle",
    "point_num_in_lidar": 121,
    "speed": 5.728578676879116e-13,
    "if_vehicle": true,
    "motion_state": false,
    "pose": [
      [
        -0.9996278846532994,
        0.013747156862541432,
        0.023560727954939378,
        -32.177335621462134
      ],
      [
        -0.013955599980118288,
        -0.9998647179147385,
        -0.008705578583603137,
        -15.356775231080974
      ],
      [
        0.023437863656163384,
        -0.009031143198789794,
        0.9996845027306156,
        0.3374534816089181
      ],
      [
        0.0,
        0.0,
        0.0,
        1.0
      ]
    ],
    "location": [
      -32.177335621462134,
      -15.356775231080974,
      0.3374534816089181
    ],
    "rotation": [
      -0.00903374764719427,
      -0.02344001005388997,
      -3.127632765481535
    ]
  },
  {
    "label_id": "1eqCzNhbNUpvDMRr-M2BCg",
    "size": [
      2.2177272310978204,
      5.261091324533495,
      1.8500000000000227
    ],
    "obj_class": "vehicle",
    "point_num_in_lidar": 42,
    "speed": 1.4210854715202004e-12,
    "if_vehicle": true,
    "motion_state": false,
    "pose": [
      [
        0.029093758732337546,
        0.9992989769338594,
        0.023560727954939378,
        -33.66689220608805
      ],
      [
        -0.9995325818554751,
        0.029305813601618998,
        -0.008705578583603137,
        21.6131287799617
      ],
      [
        -0.009389942073977836,
        -0.02329643724025827,
        0.9996845027306156,
        0.9101050577665433
      ],
      [
        0.0,
        0.0,
        0.0,
        1.0
      ]
    ],
    "location": [
      -33.66689220608805,
      21.6131287799617,
      0.9101050577665433
    ],
    "rotation": [
      -0.023299572392947828,
      0.009390080066235804,
      -1.5416971788707858
    ]
  },
  {
    "label_id": "1xSi2L3-8DlIFMSpizgLkg",
    "size": [
      2.189055783057679,
      4.940660125515044,
      1.5199999999999818
    ],
    "obj_class": "vehicle",
    "point_num_in_lidar": 210,
    "speed": 0.053457986032171355,
    "if_vehicle": true,
    "motion_state": false,
    "pose": [
      [
        -0.09762951175016257,
        0.9949439032094515,
        0.023560727954939378,
        -30.622253074750006
      ],
      [
        -0.9952024706466851,
        -0.09744873175295189,
        -0.008705578583603137,
        21.74891601123636
      ],
      [
        -0.006365599277281551,
        -0.024297616057609935,
        0.9996845027306156,
        0.7356491785473622
      ],
      [
        0.0,
        0.0,
        0.0,
        1.0
      ]
    ],
    "location": [
      -30.622253074750006,
      21.74891601123636,
      0.7356491785473622
    ],
    "rotation": [
      -0.024300499914136017,
      0.006365642267985455,
      -1.6685835881032238
    ]
  },
  {
    "label_id": "39-kEkDzJEr7nWBZPk1HXw",
    "size": [
      0.9772257133555249,
      0.13068810941669862,
      0.839999999999975
    ],
    "obj_class": "sign",
    "point_num_in_lidar": 23,
    "speed": 0.01957003979783251,
    "if_vehicle": false,
    "motion_state": false,
    "pose": [
      [
        0.058032644852272296,
        0.9980366246935447,
        0.023560727954939378,
        7.44909099951974
      ],
      [
        -0.9982639880291497,
        0.0582513785730646,
        -0.008705578583603137,
        68.21332483563856
      ],
      [
        -0.010060931149143843,
        -0.02301461849899187,
        0.9996845027306156,
        2.9774345152031856
      ],
      [
        0.0,
        0.0,
        0.0,
        1.0
      ]
    ],
    "location": [
      7.44909099951974,
      68.21332483563856,
      2.9774345152031856
    ],
    "rotation": [
      -0.023017815879586498,
      0.010061100888700453,
      -1.51272811658993
    ]
  },
  {
    "label_id": "3lFYHvBGrKIH0LWMb4y7rQ",
    "size": [
      1.1075307088888893,
      1.024636171793702,
      1.839999999999975
    ],
    "obj_class": "pedestrian",
    "point_num_in_lidar": 171,
    "speed": 2.8421709430404007e-13,
    "if_vehicle": false,
    "motion_state": false,
    "pose": [
      [
        -0.9957922979190574,
        0.08855840729889261,
        0.023560727954939378,
        -6.090324742024677
      ],
      [
        -0.0887839987903858,
        -0.9960128585818125,
        -0.008705578583603137,
        18.414768817814547
      ],
      [
        0.022695835826688347,
        -0.010760763744733047,
        0.9996845027306156,
        1.1657691191079493
      ],
      [
        0.0,
        0.0,
        0.0,
        1.0
      ]
    ],
    "location": [
      -6.090324742024677,
      18.414768817814547,
      1.1657691191079493
    ],
    "rotation": [
      -0.010763744099201967,
      -0.022697784719618332,
      -3.0526686317482437
    ]
  },
  {
    "label_id": "4ZoF6vgB7LJluyrGWdiMEg",
    "size": [
      2.09392198729318,
      4.5423472073732345,
      1.6399999999999864
    ],
    "obj_class": "vehicle",
    "point_num_in_lidar": 33,
    "speed": 2.8421709430404007e-13,
    "if_vehicle": true,
    "motion_state": false,
    "pose": [
      [
        0.06295900249062286,
        0.9977379696611828,
        0.023560727954939378,
        -31.303528227343577
      ],
      [
        -0.9979642503908277,
        0.06317885598361402,
        -0.008705578583603137,
        43.408713001137585
      ],
      [
        -0.010174426139064292,
        -0.022964669668485913,
        0.9996845027306156,
        0.6957691191079789
      ],
      [
        0.0,
        0.0,
        0.0,
        1.0
      ]
    ],
    "location": [
      -31.303528227343577,
      43.408713001137585,
      0.6957691191079789
    ],
    "rotation": [
      -0.02296787769557546,
      0.010174601688222594,
      -1.507792391288023
    ]
  },
  {
    "label_id": "6IFR0_r7f3cgS5In2VHYpw",
    "size": [
      2.087876298703692,
      4.592505735944987,
      1.4000001284811674
    ],
    "obj_class": "vehicle",
    "point_num_in_lidar": 230,
    "speed": 1.464821375527116e-12,
    "if_vehicle": true,
    "motion_state": false,
    "pose": [
      [
        -0.4175933746161707,
        -0.9083285009152317,
        0.023560727954939378,
        30.53198904220926
      ],
      [
        0.9084605669121476,
        -0.4178799005302652,
        -0.008705578583603137,
        24.556584235853734
      ],
      [
        0.017753079798674687,
        0.017768600336094013,
        0.9996845027306156,
        0.7499672535102491
      ],
      [
        0.0,
        0.0,
        0.0,
        1.0
      ]
    ],
    "location": [
      30.53198904220926,
      24.556584235853734,
      0.7499672535102491
    ],
    "rotation": [
      0.017772336647670143,
      -0.017754012476104444,
      2.0016638529376665
    ]
  },
  {
    "label_id": "6RtA2k7rqkT2CvrUlYh84Q",
    "size": [
      1.9062079518011459,
      4.363933208093053,
      1.539999955536075
    ],
    "obj_class": "vehicle",
    "point_num_in_lidar": 108,
    "speed": 1.7053025658242404e-12,
    "if_vehicle": true,
    "motion_state": false,
    "pose": [
      [
        0.4252803893702744,
        -0.9047549295335733,
        0.023560727954939378,
        33.69755019447621
      ],
      [
        0.9050591164532482,
        0.42519667052599364,
        -0.008705578583603137,
        6.85434848578916
      ],
      [
        -0.0021415279436520864,
        0.025026163475621043,
        0.9996845027306156,
        0.7167914872239862
      ],
      [
        0.0,
        0.0,
        0.0,
        1.0
      ]
    ],
    "location": [
      33.69755019447621,
      6.85434848578916,
      0.7167914872239862
    ],
    "rotation": [
      0.025028833968416195,
      0.002141529580547315,
      1.1315235848242744
    ]
  },
  {
    "label_id": "6SSj38rFVlYZfQljhkORQA",
    "size": [
      2.2000484728825755,
      4.83994638465002,
      1.5700000313178748
    ],
    "obj_class": "vehicle",
    "point_num_in_lidar": 22,
    "speed": 1.4281732235759946e-12,
    "if_vehicle": true,
    "motion_state": false,
    "pose": [
      [
        -0.3718649949410418,
        -0.92798777881809,
        0.023560727954939378,
        23.742547828804163
      ],
      [
        0.9281339425501588,
        -0.3721445923130195,
        -0.008705578583603137,
        26.11382775234415
      ],
      [
        0.016846668032513085,
        0.0186302113902192,
        0.9996845027306156,
        0.7107689754350872
      ],
      [
        0.0,
        0.0,
        0.0,
        1.0
      ]
    ],
    "location": [
      23.742547828804163,
      26.11382775234415,
      0.7107689754350872
    ],
    "rotation": [
      0.01863393401322075,
      -0.016847465010407084,
      1.9518704718006632
    ]
  },
  {
    "label_id": "71Pkn__Yn8464dqzz8PnoA",
    "size": [
      2.46586096479028,
      5.7692737988654805,
      1.8999999999999773
    ],
    "obj_class": "vehicle",
    "point_num_in_lidar": 34,
    "speed": 5.859285502108464e-13,
    "if_vehicle": true,
    "motion_state": false,
    "pose": [
      [
        0.43034717785805404,
        0.9023559157050182,
        0.023560727954939378,
        55.780753472575725
      ],
      [
        -0.9024839324295989,
        0.4306355357003554,
        -0.008705578583603137,
        -7.394851298229696
      ],
      [
        -0.018001617038914862,
        -0.017516757240602546,
        0.9996845027306156,
        0.9398687069909784
      ],
      [
        0.0,
        0.0,
        0.0,
        1.0
      ]
    ],
    "location": [
      55.780753472575725,
      -7.394851298229696,
      0.9398687069909784
    ],
    "rotation": [
      -0.017520492512153037,
      0.01800258944270732,
      -1.125841702149104
    ]
  },
  {
    "label_id": "8BSbbgWqH7MHyKvLrQVHYg",
    "size": [
      2.011537367105367,
      4.687375114667775,
      1.5699999999999932
    ],
    "obj_class": "vehicle",
    "point_num_in_lidar": 47,
    "speed": 8.526512829121202e-13,
    "if_vehicle": true,
    "motion_state": false,
    "pose": [
      [
        0.41175486827429675,
        0.9109900222014783,
        0.023560727954939378,
        34.05293076285261
      ],
      [
        -0.9111239244812132,
        0.4120405406504042,
        -0.008705578583603137,
        -7.92581572956442
      ],
      [
        -0.01763867031182365,
        -0.017882178554995545,
        0.9996845027306156,
        0.5248602878367592
      ],
      [
        0.0,
        0.0,
        0.0,
        1.0
      ]
    ],
    "location": [
      34.05293076285261,
      -7.92581572956442,
      0.5248602878367592
    ],
    "rotation": [
      -0.017885914599823333,
      0.017639585071660906,
      -1.1463471078366054
    ]
  },
  {
    "label_id": "8hLX6WtWSqu6rWx7p0mnCQ",
    "size": [
      2.3834385555533837,
      5.488195120812847,
      2.3100000000000023
    ],
    "obj_class": "vehicle",
    "point_num_in_lidar": 83,
    "speed": 10.725565832174125,
    "if_vehicle": true,
    "motion_state": true,
    "pose": [
      [
        0.0034317159082950057,
        0.9997165175309239,
        0.023560727954939378,
        -15.23803694769731
      ],
      [
        -0.9999554890143951,
        0.003637704153291371,
        -0.008705578583603137,
        46.28779069030497
      ],
      [
        -0.008788817662627771,
        -0.02352980417120027,
        0.9996845027306156,
        1.1142094396301445
      ],
      [
        0.0,
        0.0,
        0.0,
        1.0
      ]
    ],
    "location": [
      -15.23803694769731,
      46.28779069030497,
      1.1142094396301445
    ],
    "rotation": [
      -0.02353288499600411,
      0.008788930812797384,
      -1.5673644716038486
    ]
  },
  {
    "label_id": "9MprRhxkqn85TQM1QpIWCA",
    "size": [
      2.179268443474046,
      4.24141432079878,
      2.569999999999993
    ],
    "obj_class": "vehicle",
    "point_num_in_lidar": 6686,
    "speed": 0.028171025560686177,
    "if_vehicle": true,
    "motion_state": false,
    "pose": [
      [
        -0.009002947652831016,
        -0.9996818689122023,
        0.023560727954939378,
        5.952618166464163
      ],
      [
        0.9999196887401486,
        -0.009210264454911203,
        -0.008705578583603137,
        1.9591239098172082
      ],
      [
        0.008919809603633637,
        0.023480459894918513,
        0.9996845027306156,
        1.1533289922937229
      ],
      [
        0.0,
        0.0,
        0.0,
        1.0
      ]
    ],
    "location": [
      5.952618166464163,
      1.9591239098172082,
      1.1533289922937229
    ],
    "rotation": [
      0.023483552419856894,
      -0.008919927889008951,
      1.57979975425825
    ]
  },
  {
    "label_id": "AFL1N-XB7hfEMBHsxDvkQg",
    "size": [
      2.3168687383438114,
      5.169979861084375,
      1.5699999999999932
    ],
    "obj_class": "vehicle",
    "point_num_in_lidar": 86,
    "speed": 2.929642751054232e-13,
    "if_vehicle": true,
    "motion_state": false,
    "pose": [
      [
        -0.029687846810257403,
        -0.9992815038066121,
        0.023560727954939378,
        -33.48125731671462
      ],
      [
        0.9995149826182079,
        -0.029900040522522642,
        -0.008705578583603137,
        33.880107905102705
      ],
      [
        0.009403790379122397,
        0.02329085070896889,
        0.9996845027306156,
        0.7220850546842712
      ],
      [
        0.0,
        0.0,
        0.0,
        1.0
      ]
    ],
    "location": [
      -33.48125731671462,
      33.880107905102705,
      0.7220850546842712
    ],
    "rotation": [
      0.023293987131008772,
      -0.009403928982831223,
      1.6004898496563233
    ]
  },
  {
    "label_id": "BPzzTAA9bP7oBKmxTh7UvA",
    "size": [
      1.0473667897834311,
      0.11581209332175943,
      0.9900000000000091
    ],
    "obj_class": "sign",
    "point_num_in_lidar": 54,
    "speed": 0.02572910935280061,
    "if_vehicle": false,
    "motion_state": false,
    "pose": [
      [
        0.019906880865500673,
        -0.9995241908990699,
        0.023560727954939378,
        -18.339151624204987
      ],
      [
        0.9997679059063888,
        0.019706527372402468,
        -0.008705578583603137,
        -5.254203174201393
      ],
      [
        0.008237136259726453,
        0.023728560564868894,
        0.9996845027306156,
        2.9292453830096292
      ],
      [
        0.0,
        0.0,
        0.0,
        1.0
      ]
    ],
    "location": [
      -18.339151624204987,
      -5.254203174201393,
      2.9292453830096292
    ],
    "rotation": [
      0.023731593099532943,
      -0.008237229411421224,
      1.5508874553855065
    ]
  },
  {
    "label_id": "Bc_BDnL5j2YXCBH4HKF80g",
    "size": [
      1.9362474657031128,
      4.70142584633995,
      1.670000000000016
    ],
    "obj_class": "vehicle",
    "point_num_in_lidar": 48,
    "speed": 1.7067822212573438e-12,
    "if_vehicle": true,
    "motion_state": false,
    "pose": [
      [
        -0.038019039263643584,
        -0.9989992215971457,
        0.023560727954939378,
        -36.14959048759283
      ],
      [
        0.9992309229752983,
        -0.038233172395949776,
        -0.008705578583603137,
        34.39560671230538
      ],
      [
        0.009597667602247586,
        0.023211630206401244,
        0.9996845027306156,
        0.7587939917968924
      ],
      [
        0.0,
        0.0,
        0.0,
        1.0
      ]
    ],
    "location": [
      -36.14959048759283,
      34.39560671230538,
      0.7587939917968924
    ],
    "rotation": [
      0.023214784472329147,
      -0.009597814956905013,
      1.6088262835619693
    ]
  },
  {
    "label_id": "CCmIt8313WiLB_phtsz7sA",
    "size": [
      0.6116716764541877,
      0.13699778994905332,
      0.44999999999998863
    ],
    "obj_class": "sign",
    "point_num_in_lidar": 28,
    "speed": 0.008239547083275716,
    "if_vehicle": false,
    "motion_state": false,
    "pose": [
      [
        0.06236484409072303,
        -0.9977752844803148,
        0.023560727954939378,
        -18.300046820921125
      ],
      [
        0.9980272935781924,
        0.0621750285445315,
        -0.008705578583603137,
        -5.264158050164042
      ],
      [
        0.007221322214692058,
        0.024057171606686155,
        0.9996845027306156,
        2.1830163818760866
      ],
      [
        0.0,
        0.0,
        0.0,
        1.0
      ]
    ],
    "location": [
      -18.300046820921125,
      -5.264158050164042,
      2.1830163818760866
    ],
    "rotation": [
      0.024060120182664648,
      -0.00722138497847502,
      1.508389355765701
    ]
  },
  {
    "label_id": "CcntZxmFYeLHQyd4TGiIfg",
    "size": [
      2.2453531910378692,
      4.795997877442652,
      1.5500000000000114
    ],
    "obj_class": "vehicle",
    "point_num_in_lidar": 47,
    "speed": 1.7067822212573438e-12,
    "if_vehicle": true,
    "motion_state": false,
    "pose": [
      [
        0.4289151513804783,
        -0.9030374770819286,
        0.023560727954939378,
        55.44133952424545
      ],
      [
        0.9033419981924428,
        0.4288326564094782,
        -0.008705578583603137,
        6.975704938260606
      ],
      [
        -0.0022421458351822607,
        0.025017349625724272,
        0.9996845027306156,
        0.7507445281967193
      ],
      [
        0.0,
        0.0,
        0.0,
        1.0
      ]
    ],
    "location": [
      55.44133952424545,
      6.975704938260606,
      0.7507445281967193
    ],
    "rotation": [
      0.02502002285691269,
      0.002242147713812474,
      1.1275036234584883
    ]
  },
  {
    "label_id": "FO4kJmdZ7XvD-XlCJ0VDKA",
    "size": [
      2.1859181951863738,
      4.686703586845054,
      1.5799999740141288
    ],
    "obj_class": "vehicle",
    "point_num_in_lidar": 37,
    "speed": 0.0,
    "if_vehicle": true,
    "motion_state": false,
    "pose": [
      [
        0.4654025795849404,
        -0.8847854717466357,
        0.023560727954939378,
        37.082137921415324
      ],
      [
        0.8850931051382204,
        0.46533257798945044,
        -0.008705578583603137,
        7.166951631432312
      ],
      [
        -0.003261004824659345,
        0.02490503659454248,
        0.9996845027306156,
        0.705515526175077
      ],
      [
        0.0,
        0.0,
        0.0,
        1.0
      ]
    ],
    "location": [
      37.082137921415324,
      7.166951631432312,
      0.705515526175077
    ],
    "rotation": [
      0.024907744380731806,
      0.003261010604357419,
      1.086704132843008
    ]
  },
  {
    "label_id": "FjXya5JM_xfBUrb9nDgcNw",
    "size": [
      1.9792069957727807,
      4.673300687547824,
      1.7300000000000182
    ],
    "obj_class": "vehicle",
    "point_num_in_lidar": 27,
    "speed": 8.556067554929069e-13,
    "if_vehicle": true,
    "motion_state": false,
    "pose": [
      [
        -0.4125801957469199,
        0.9106165351978113,
        0.023560727954939378,
        24.09774067033186
      ],
      [
        -0.9109195210200111,
        -0.41249222917068207,
        -0.008705578583603137,
        11.959050326551733
      ],
      [
        0.0017911733883239928,
        -0.025053676339709337,
        0.9996845027306156,
        0.8183707745388347
      ],
      [
        0.0,
        0.0,
        0.0,
        1.0
      ]
    ],
    "location": [
      24.09774067033186,
      11.959050326551733,
      0.8183707745388347
    ],
    "rotation": [
      -0.025056338259464798,
      -0.0017911743460962682,
      -1.9960818170196286
    ]
  },
  {
    "label_id": "G7E0dpVKs975U7aBcub3QA",
    "size": [
      0.7231645363149788,
      0.754610633766295,
      1.759999999999991
    ],
    "obj_class": "pedestrian",
    "point_num_in_lidar": 567,
    "speed": 0.00474091390860194,
    "if_vehicle": false,
    "motion_state": false,
    "pose": [
      [
        -0.9984309551049809,
        0.05079881874993727,
        0.023560727954939378,
        -9.668764879851551
      ],
      [
        -0.051015899132320915,
        -0.9986598975313096,
        -0.008705578583603137,
        -1.7083537270736997
      ],
      [
        0.023086921056661026,
        -0.009893890860801585,
        0.9996845027306156,
        1.0101050577664523
      ],
      [
        0.0,
        0.0,
        0.0,
        1.0
      ]
    ],
    "location": [
      -9.668764879851551,
      -1.7083537270736997,
      1.0101050577664523
    ],
    "rotation": [
      -0.009896690220109786,
      -0.023088972459681487,
      -3.0905409802521553
    ]
  },
  {
    "label_id": "IJ3FUi4Z1k7xeHX3cNHhgA",
    "size": [
      2.273359239257501,
      5.809798929251251,
      2.3000000000000114
    ],
    "obj_class": "vehicle",
    "point_num_in_lidar": 219,
    "speed": 0.008003837431952647,
    "if_vehicle": true,
    "motion_state": false,
    "pose": [
      [
        -0.09658331431789385,
        -0.9950460067221034,
        0.023560727954939378,
        -41.677719107236044
      ],
      [
        0.9952647415652035,
        -0.09681067657378319,
        -0.008705578583603137,
        33.93932707599379
      ],
      [
        0.010943381219708295,
        0.022608348186501537,
        0.9996845027306156,
        1.3757691191080426
      ],
      [
        0.0,
        0.0,
        0.0,
        1.0
      ]
    ],
    "location": [
      -41.677719107236044,
      33.93932707599379,
      1.3757691191080426
    ],
    "rotation": [
      0.02261162885349494,
      -0.010943599656978433,
      1.6675362462290277
    ]
  },
  {
    "label_id": "IfdBu2DI2RfhBAJHUGroQg",
    "size": [
      1.9592687035667267,
      4.630915370245238,
      1.5400000000000205
    ],
    "obj_class": "vehicle",
    "point_num_in_lidar": 28,
    "speed": 5.728578676879116e-13,
    "if_vehicle": true,
    "motion_state": false,
    "pose": [
      [
        -0.4105497849923755,
        -0.9115337438301161,
        0.023560727954939378,
        33.13559208962488
      ],
      [
        0.9116680237753325,
        -0.41083528004189784,
        -0.008705578583603137,
        25.16788217359317
      ],
      [
        0.017615006905877535,
        0.017905488877655317,
        0.9996845027306156,
        0.7428903844460706
      ],
      [
        0.0,
        0.0,
        0.0,
        1.0
      ]
    ],
    "location": [
      33.13559208962488,
      25.16788217359317,
      0.7428903844460706
    ],
    "rotation": [
      0.017909224810754663,
      -0.01761591798868289,
      1.993923118740081
    ]
  },
  {
    "label_id": "J7T0lm9jnXkEcN7_fLCHcw",
    "size": [
      2.4105447909986792,
      5.853048720643227,
      1.9400000523537528
    ],
    "obj_class": "vehicle",
    "point_num_in_lidar": 449,
    "speed": 0.002793755598820551,
    "if_vehicle": true,
    "motion_state": false,
    "pose": [
      [
        0.43585560088412745,
        -0.8997081678389774,
        0.023560727954939378,
        24.548692845545247
      ],
      [
        0.9000133151131793,
        0.4357754530954101,
        -0.008705578583603137,
        6.563084642706599
      ],
      [
        -0.0024347067423895847,
        0.02499934405780508,
        0.9996845027306156,
        0.9165363157295587
      ],
      [
        0.0,
        0.0,
        0.0,
        1.0
      ]
    ],
    "location": [
      24.548692845545247,
      6.563084642706599,
      0.9165363157295587
    ],
    "rotation": [
      0.025002022871104982,
      0.0024347091478038566,
      1.1198061831535462
    ]
  },
  {
    "label_id": "JBOrPuSVmAUR7gx0este5Q",
    "size": [
      1.9300570513223627,
      3.939384178519047,
      1.670000000000016
    ],
    "obj_class": "vehicle",
    "point_num_in_lidar": 58,
    "speed": 5.728578676879116e-13,
    "if_vehicle": true,
    "motion_state": false,
    "pose": [
      [
        0.9997224075203244,
        1.737726751291644e-15,
        0.023560727954939378,
        -59.680226757507626
      ],
      [
        0.00020516672143582973,
        0.9999620846852851,
        -0.008705578583603137,
        -30.444855134774116
      ],
      [
        -0.02355983464252407,
        0.008707995857766259,
        0.9996845027306156,
        0.4664493735968449
      ],
      [
        0.0,
        0.0,
        0.0,
        1.0
      ]
    ],
    "location": [
      -59.680226757507626,
      -30.444855134774116,
      0.4664493735968449
    ],
    "rotation": [
      0.008710523768541768,
      0.023562014730219644,
      0.0002052236871077028
    ]
  },
  {
    "label_id": "KRIFGuPyXMFLkXDccz9mLA",
    "size": [
      1.1528322506114734,
      1.3148555747822952,
      1.8799999999999955
    ],
    "obj_class": "pedestrian",
    "point_num_in_lidar": 87,
    "speed": 3.5212900417709894,
    "if_vehicle": false,
    "motion_state": true,
    "pose": [
      [
        -0.021267706427230696,
        -0.9994961614541391,
        0.023560727954939378,
        9.411386869291164
      ],
      [
        0.9997314197408366,
        -0.021477925516585665,
        -0.008705578583603137,
        18.858665863064743
      ],
      [
        0.009207227937681422,
        0.023369252318923905,
        0.9996845027306156,
        1.091577423874753
      ],
      [
        0.0,
        0.0,
        0.0,
        1.0
      ]
    ],
    "location": [
      9.411386869291164,
      18.858665863064743,
      1.091577423874753
    ],
    "rotation": [
      0.023372370793744813,
      -0.009207358030104269,
      1.5920665385589299
    ]
  },
  {
    "label_id": "LV0eEgqBFEblVK4wVnO9Gg",
    "size": [
      2.3764124997256513,
      5.358373042693289,
      2.0
    ],
    "obj_class": "vehicle",
    "point_num_in_lidar": 44,
    "speed": 10.28477799369613,
    "if_vehicle": true,
    "motion_state": true,
    "pose": [
      [
        0.030560627113575104,
        -0.9992551927153837,
        0.023560727954939378,
        3.7507070580895743
      ],
      [
        0.9995010296331955,
        0.030362882993991733,
        -0.008705578583603137,
        50.33288274114602
      ],
      [
        0.007983722979108173,
        0.02381501979077094,
        0.9996845027306156,
        0.9824252765367874
      ],
      [
        0.0,
        0.0,
        0.0,
        1.0
      ]
    ],
    "location": [
      3.7507070580895743,
      50.33288274114602,
      0.9824252765367874
    ],
    "rotation": [
      0.023818030735067997,
      -0.007983807795068677,
      1.5402299661884598
    ]
  },
  {
    "label_id": "O0ipbuwo_Nd7uLn6JzKcdA",
    "size": [
      2.0811413058831616,
      4.05562961252444,
      1.4800000000000182
    ],
    "obj_class": "vehicle",
    "point_num_in_lidar": 100,
    "speed": 1.919638909763869,
    "if_vehicle": true,
    "motion_state": true,
    "pose": [
      [
        0.008806450303624053,
        -0.9996836192172418,
        0.023560727954939378,
        -0.9717695443569028
      ],
      [
        0.9999250943751776,
        0.008603402833585853,
        -0.008705578583603137,
        42.205131437171076
      ],
      [
        0.008500121872187622,
        0.023635628369051438,
        0.9996845027306156,
        1.0777094617653233
      ],
      [
        0.0,
        0.0,
        0.0,
        1.0
      ]
    ],
    "location": [
      -0.9717695443569028,
      42.205131437171076,
      1.0777094617653233
    ],
    "rotation": [
      0.023638683715017768,
      -0.008500224234085155,
      1.561989444486975
    ]
  },
  {
    "label_id": "OALsO71VJElCZqqpEuxwSg",
    "size": [
      0.7282363975465638,
      0.7484238371239974,
      1.75
    ],
    "obj_class": "pedestrian",
    "point_num_in_lidar": 639,
    "speed": 1.4369837526939963e-12,
    "if_vehicle": false,
    "motion_state": false,
    "pose": [
      [
        -0.9942028299706988,
        0.10490769741295142,
        0.023560727954939378,
        -9.644523816517449
      ],
      [
        -0.10513688234753325,
        -0.9944196543068554,
        -0.008705578583603137,
        -2.457419880094676
      ],
      [
        0.022515968744315374,
        -0.011132212347371244,
        0.9996845027306156,
        0.8551050577664228
      ],
      [
        0.0,
        0.0,
        0.0,
        1.0
      ]
    ],
    "location": [
      -9.644523816517449,
      -2.457419880094676,
      0.8551050577664228
    ],
    "rotation": [
      -0.011135265379708473,
      -0.02251787166092894,
      -3.0362342990190134
    ]
  },
  {
    "label_id": "OT_LQYpVVYfOWKlnu-6-Nw",
    "size": [
      0.6680816975146148,
      0.10103950605568145,
      0.6200000000000045
    ],
    "obj_class": "sign",
    "point_num_in_lidar": 25,
    "speed": 0.01364073721910661,
    "if_vehicle": false,
    "motion_state": false,
    "pose": [
      [
        -0.09711208644929442,
        -0.99499454006728,
        0.023560727954939378,
        -12.922782194988486
      ],
      [
        0.995213154055005,
        -0.09733956491280266,
        -0.008705578583603137,
        -6.434731937280958
      ],
      [
        0.010955394166974471,
        0.022602529479865154,
        0.9996845027306156,
        1.4713737187215088
      ],
      [
        0.0,
        0.0,
        0.0,
        1.0
      ]
    ],
    "location": [
      -12.922782194988486,
      -6.434731937280958,
      1.4713737187215088
    ],
    "rotation": [
      0.022605811285181396,
      -0.010955613324420101,
      1.6680675607042688
    ]
  },
  {
    "label_id": "P7N3RrlXPGrRenxyItYCpA",
    "size": [
      0.8653216533676359,
      0.8697376634354017,
      1.5199999999999818
    ],
    "obj_class": "pedestrian",
    "point_num_in_lidar": 30,
    "speed": 0.8429288143501706,
    "if_vehicle": false,
    "motion_state": false,
    "pose": [
      [
        0.6855142521375156,
        -0.7276778835546509,
        0.023560727954939378,
        -23.682276726285636
      ],
      [
        0.72799302351888,
        0.6855292631313156,
        -0.008705578583603137,
        29.57448328038663
      ],
      [
        -0.009816711474951953,
        0.023119843772385188,
        0.9996845027306156,
        0.8683386127412405
      ],
      [
        0.0,
        0.0,
        0.0,
        1.0
      ]
    ],
    "location": [
      -23.682276726285636,
      29.57448328038663,
      0.8683386127412405
    ],
    "rotation": [
      0.023123018348374047,
      0.009816869150977328,
      0.8154411572748147
    ]
  },
  {
    "label_id": "PGlBKCM-r1s0dqCceAW5Ng",
    "size": [
      0.9346793005399368,
      0.8098904127337361,
      2.0500000000000114
    ],
    "obj_class": "pedestrian",
    "point_num_in_lidar": 96,
    "speed": 1.5917755230330746,
    "if_vehicle": false,
    "motion_state": true,
    "pose": [
      [
        0.015080945845144023,
        0.9996086520086994,
        0.023560727954939378,
        -21.403308786710568
      ],
      [
        -0.9998452069341363,
        0.015289704783253652,
        -0.008705578583603137,
        0.7020847342610068
      ],
      [
        -0.009062408247820907,
        -0.023425792558455286,
        0.9996845027306156,
        0.8675566235532415
      ],
      [
        0.0,
        0.0,
        0.0,
        1.0
      ]
    ],
    "location": [
      -21.403308786710568,
      0.7020847342610068,
      0.8675566235532415
    ],
    "rotation": [
      -0.023428897912211383,
      0.009062532297506597,
      -1.5557141898487572
    ]
  },
  {
    "label_id": "Q3zAM_DhuaveZ4DsImfSKQ",
    "size": [
      1.9393335923807133,
      4.448500843808347,
      1.509999999999991
    ],
    "obj_class": "vehicle",
    "point_num_in_lidar": 527,
    "speed": 5.728578676879116e-13,
    "if_vehicle": true,
    "motion_state": false,
    "pose": [
      [
        0.40281022936503896,
        0.914980224495108,
        0.023560727954939378,
        31.368479967462463
      ],
      [
        -0.9151169190525709,
        0.4030945762042144,
        -0.008705578583603137,
        -8.02121013348551
      ],
      [
        -0.017462633896844076,
        -0.018054124670743354,
        0.9996845027306156,
        0.6223843565184097
      ],
      [
        0.0,
        0.0,
        0.0,
        1.0
      ]
    ],
    "location": [
      31.368479967462463,
      -8.02121013348551,
      0.6223843565184097
    ],
    "rotation": [
      -0.018057859432595105,
      0.01746352153834613,
      -1.156144091763678
    ]
  },
  {
    "label_id": "UahDY1qvMQ82owWsLmLHZQ",
    "size": [
      2.002493569226942,
      4.635795969975856,
      1.420000000000016
    ],
    "obj_class": "vehicle",
    "point_num_in_lidar": 22,
    "speed": 0.0044607133800091325,
    "if_vehicle": true,
    "motion_state": false,
    "pose": [
      [
        -0.010709871900925722,
        0.9996650392717048,
        0.023560727954939378,
        -35.90789047658018
      ],
      [
        -0.9999069006024194,
        -0.010507284577299374,
        -0.008705578583603137,
        60.29489628321062
      ],
      [
        -0.00845510328318966,
        -0.023651770096814042,
        0.9996845027306156,
        0.83553542510856
      ],
      [
        0.0,
        0.0,
        0.0,
        1.0
      ]
    ],
    "location": [
      -35.90789047658018,
      60.29489628321062,
      0.83553542510856
    ],
    "rotation": [
      -0.02365482150994017,
      0.008455204027255102,
      -1.5815067863061407
    ]
  },
  {
    "label_id": "VGjov7bkavvXDjbYIRZ89A",
    "size": [
      2.1850674714744187,
      4.4730054687377265,
      1.7300000000000182
    ],
    "obj_class": "vehicle",
    "point_num_in_lidar": 22,
    "speed": 0.0,
    "if_vehicle": true,
    "motion_state": false,
    "pose": [
      [
        0.491947740115015,
        -0.8703058732962584,
        0.023560727954939378,
        60.9527457239501
      ],
      [
        0.8706154829908996,
        0.4918870741115763,
        -0.008705578583603137,
        6.24539640454168
      ],
      [
        -0.004012701365942022,
        0.024795024258703974,
        0.9996845027306156,
        1.225690203621241
      ],
      [
        0.0,
        0.0,
        0.0,
        1.0
      ]
    ],
    "location": [
      60.9527457239501,
      6.24539640454168,
      1.225690203621241
    ],
    "rotation": [
      0.024797765283066302,
      0.004012712134620635,
      1.0564662597489278
    ]
  },
  {
    "label_id": "VHA13Gbr081QyI04rCo8OA",
    "size": [
      2.0058135762249254,
      4.6122843919283225,
      1.5000000135808023
    ],
    "obj_class": "vehicle",
    "point_num_in_lidar": 118,
    "speed": 6.703246762680667e-13,
    "if_vehicle": true,
    "motion_state": false,
    "pose": [
      [
        0.412394911579523,
        -0.9107004606354115,
        0.023560727954939378,
        31.075001850244917
      ],
      [
        0.911003428553507,
        0.41230688335908244,
        -0.008705578583603137,
        6.95710124154175
      ],
      [
        -0.0017860758865871139,
        0.025054040256399835,
        0.9996845027306156,
        0.6455154923624491
      ],
      [
        0.0,
        0.0,
        0.0,
        1.0
      ]
    ],
    "location": [
      31.075001850244917,
      6.95710124154175,
      0.6455154923624491
    ],
    "rotation": [
      0.025056702062504446,
      0.0017860768362054562,
      1.1457142347738876
    ]
  },
  {
    "label_id": "VS0srO3PT-Il0oMtRJkF0A",
    "size": [
      1.8795134410583092,
      3.93573998088154,
      1.5699999999999932
    ],
    "obj_class": "vehicle",
    "point_num_in_lidar": 56,
    "speed": 5.485103867674591,
    "if_vehicle": true,
    "motion_state": true,
    "pose": [
      [
        0.9996173381816666,
        -0.014493767792845563,
        0.023560727954939378,
        67.4459258468305
      ],
      [
        0.01470238774131544,
        0.9998540156924054,
        -0.008705578583603137,
        0.17612154384369205
      ],
      [
        -0.023431111823889336,
        0.009048646248933858,
        0.9996845027306156,
        0.9202208853250795
      ],
      [
        0.0,
        0.0,
        0.0,
        1.0
      ]
    ],
    "location": [
      67.4459258468305,
      0.17612154384369205,
      0.9202208853250795
    ],
    "rotation": [
      0.009051254789663643,
      0.023433256366882475,
      0.014706955500965907
    ]
  },
  {
    "label_id": "VaiuGQu8ojV0zmfdDXK8NQ",
    "size": [
      2.162103146377168,
      4.804540474958928,
      1.8100000000000023
    ],
    "obj_class": "vehicle",
    "point_num_in_lidar": 176,
    "speed": 9.60840363736669,
    "if_vehicle": true,
    "motion_state": true,
    "pose": [
      [
        0.014676126599329577,
        0.9996146774664094,
        0.023560727954939378,
        -15.258562101494135
      ],
      [
        -0.9998513169149114,
        0.014884789721135565,
        -0.008705578583603137,
        -2.892570912372321
      ],
      [
        -0.009052920609293082,
        -0.02342946069980673,
        0.9996845027306156,
