[
  {
    "label_id": "-zBoeL2qb2QbIoyVku7wXQ",
    "size": [
      1.0000000000012024,
      1.0,
      1.7300000000000182
    ],
    "obj_class": "pedestrian",
    "point_num_in_lidar": 50,
    "speed": 1.2799874111316634,
    "if_vehicle": false,
    "motion_state": true,
    "pose": [
      [
        -0.9960499527361679,
        0.08552201791165295,
        0.023884641646810995,
        -30.039478660102304
      ],
      [
        -0.08558745643970583,
        -0.996329161035358,
        -0.0017292110227363695,
        -9.862874162228763
      ],
      [
        0.02364907935753788,
        -0.003766606283991841,
        0.9997132257415835,
        0.5879163029932784
      ],
      [
        0.0,
        0.0,
        0.0,
        1.0
      ]
    ],
    "location": [
      -30.039478660102304,
      -9.862874162228763,
      0.5879163029932784
    ],
    "rotation": [
      -0.003767668931700125,
      -0.023651284317913707,
      -3.055876328267015
    ]
  },
  {
    "label_id": "0cZY4uGMViZUBjt3EbeEjQ",
    "size": [
      0.579764998200358,
      0.11245629792028922,
      0.660000000000025
    ],
    "obj_class": "sign",
    "point_num_in_lidar": 70,
    "speed": 1.1718571004216928e-12,
    "if_vehicle": false,
    "motion_state": false,
    "pose": [
      [
        0.9995260964109477,
        0.01941922982243283,
        0.023884641646810995,
        -12.05645213446769
      ],
      [
        -0.01938343666204078,
        0.9998106281753597,
        -0.0017292110227363695,
        -19.527247395973973
      ],
      [
        -0.02391369851490346,
        0.0012654251048699633,
        0.9997132257415835,
        1.292299235963526
      ],
      [
        0.0,
        0.0,
        0.0,
        1.0
      ]
    ],
    "location": [
      -12.05645213446769,
      -19.527247395973973,
      1.292299235963526
    ],
    "rotation": [
      0.0012657874242909277,
      0.02391597833608017,
      -0.019390196425147232
    ]
  },
  {
    "label_id": "0m2fpZZBPwP_HNmtzq62qw",
    "size": [
      2.214765972291647,
      4.741091742783054,
      1.490000000000009
    ],
    "obj_class": "vehicle",
    "point_num_in_lidar": 31,
    "speed": 8.644125458514253e-13,
    "if_vehicle": true,
    "motion_state": false,
    "pose": [
      [
        -0.5109517606301294,
        0.8592775001141219,
        0.023884641646810995,
        -39.64205718516041
      ],
      [
        -0.8595425330418405,
        -0.5110612915504904,
        -0.0017292110227363695,
        -48.17868899870882
      ],
      [
        0.010720643683453168,
        -0.021413408798464734,
        0.9997132257415835,
        0.5444161950802027
      ],
      [
        0.0,
        0.0,
        0.0,
        1.0
      ]
    ],
    "location": [
      -39.64205718516041,
      -48.17868899870882,
      0.5444161950802027
    ],
    "rotation": [
      -0.02141627653260787,
      -0.010720849051937322,
      -2.10712211563695
    ]
  },
  {
    "label_id": "0zCQwnJdl42AdLzZADBxXg",
    "size": [
      0.8289207527314596,
      0.10828005381067762,
      1.589999999999975
    ],
    "obj_class": "sign",
    "point_num_in_lidar": 71,
    "speed": 0.0030579857376680313,
    "if_vehicle": false,
    "motion_state": false,
    "pose": [
      [
        0.0004603337668542077,
        0.9997146152708914,
        0.023884641646810995,
        8.063653845735189
      ],
      [
        -0.9999983790228223,
        0.0005017778059966898,
        -0.0017292110227363695,
        15.291437448191573
      ],
      [
        -0.001740702315399628,
        -0.023883806916128205,
        0.9997132257415835,
        2.854785677486916
      ],
      [
        0.0,
        0.0,
        0.0,
        1.0
      ]
    ],
    "location": [
      8.063653845735189,
      15.291437448191573,
      2.854785677486916
    ],
    "rotation": [
      -0.023886114392253067,
      0.0017407031944684209,
      -1.570335992314367
    ]
  },
  {
    "label_id": "14QyZM8v7J77UsDSgWPxQQ",
    "size": [
      0.9208221674588188,
      0.24749274453211412,
      0.7599999999999909
    ],
    "obj_class": "sign",
    "point_num_in_lidar": 23,
    "speed": 3.1776437161565096e-13,
    "if_vehicle": false,
    "motion_state": false,
    "pose": [
      [
        -0.09543271056662092,
        0.9951492961597828,
        0.023884641646810995,
        7.944282822142213
      ],
      [
        -0.9954357267784079,
        -0.0954186757526096,
        -0.0017292110227363695,
        33.56202266996843
      ],
      [
        0.0005582177445764973,
        -0.023940648911576542,
        0.9997132257415835,
        3.2106249459072274
      ],
      [
        0.0,
        0.0,
        0.0,
        1.0
      ]
    ],
    "location": [
      7.944282822142213,
      33.56202266996843,
      3.2106249459072274
    ],
    "rotation": [
      -0.023942940181856942,
      -0.0005582177735672655,
      -1.6663745065573283
    ]
  },
  {
    "label_id": "1Myj1w9PMad1lmgyo4duUQ",
    "size": [
      1.0321513240760471,
      1.1043242572574457,
      2.0
    ],
    "obj_class": "pedestrian",
    "point_num_in_lidar": 104,
    "speed": 1.3806739091178233,
    "if_vehicle": false,
    "motion_state": true,
    "pose": [
      [
        -0.07051450465812442,
        -0.9972247632937234,
        0.023884641646810995,
        -19.869586275286565
      ],
      [
        0.9975049252669815,
        -0.0705757316458864,
        -0.0017292110227363695,
        -11.09576828059835
      ],
      [
        0.003410088112156668,
        0.02370311322221321,
        0.9997132257415835,
        0.743495930588324
      ],
      [
        0.0,
        0.0,
        0.0,
        1.0
      ]
    ],
    "location": [
      -19.869586275286565,
      -11.09576828059835,
      0.743495930588324
    ],
    "rotation": [
      0.023705471191652675,
      -0.0034100947213403887,
      1.641369810108465
    ]
  },
  {
    "label_id": "2TOQGQYM_EwZ75KGIBMnIg",
    "size": [
      2.257228257207317,
      4.81431029913965,
      1.8999999999999773
    ],
    "obj_class": "vehicle",
    "point_num_in_lidar": 70,
    "speed": 5.684341886080801e-13,
    "if_vehicle": true,
    "motion_state": false,
    "pose": [
      [
        0.9997147212547205,
        -3.573537708045939e-16,
        0.023884641646810995,
        -31.36664428346603
      ],
      [
        4.1313371436900005e-05,
        0.9999985040601032,
        -0.0017292110227363695,
        -35.52797812910285
      ],
      [
        -0.02388460591682263,
        0.0017297044706574714,
        0.9997132257415835,
        0.7729163029931669
      ],
      [
        0.0,
        0.0,
        0.0,
        1.0
      ]
    ],
    "location": [
      -31.36664428346603,
      -35.52797812910285,
      0.7729163029931669
    ],
    "rotation": [
      0.0017301989211619636,
      0.02388687742603548,
      4.1325160603347504e-05
    ]
  },
  {
    "label_id": "3lFYHvBGrKIH0LWMb4y7rQ",
    "size": [
      1.1075307088888944,
      1.024636171793702,
      1.839999999999975
    ],
    "obj_class": "pedestrian",
    "point_num_in_lidar": 61,
    "speed": 2.8421709430404007e-13,
    "if_vehicle": false,
    "motion_state": false,
    "pose": [
      [
        -0.9957846418697083,
        0.08855772642644061,
        0.023884641646810995,
        -6.090324742024677
      ],
      [
        -0.08862401571819055,
        -0.9960636494056093,
        -0.0017292110227363695,
        18.414768817814547
      ],
      [
        0.02363748832678269,
        -0.0038386746357230135,
        0.9997132257415835,
        1.1657691191080062
      ],
      [
        0.0,
        0.0,
        0.0,
        1.0
      ]
    ],
    "location": [
      -6.090324742024677,
      18.414768817814547,
      1.1657691191080062
    ],
    "rotation": [
      -0.0038397569136810568,
      -0.023639690046078226,
      -3.0528273471421805
    ]
  },
  {
    "label_id": "3rP421kft7U05VnhjguByw",
    "size": [
      1.9612216321239584,
      4.600418306488192,
      1.670000000000016
    ],
    "obj_class": "vehicle",
    "point_num_in_lidar": 37,
    "speed": 2.929642751054232e-13,
    "if_vehicle": true,
    "motion_state": false,
    "pose": [
      [
        -0.4282979713617262,
        0.90332185383773,
        0.023884641646810995,
        30.413049781338486
      ],
      [
        -0.903595973681317,
        -0.42838221972457186,
        -0.0017292110227363695,
        12.220215798291974
      ],
      [
        0.008669721699251993,
        -0.022322683597973837,
        0.9997132257415835,
        0.7854782013764066
      ],
      [
        0.0,
        0.0,
        0.0,
        1.0
      ]
    ],
    "location": [
      30.413049781338486,
      12.220215798291974,
      0.7854782013764066
    ],
    "rotation": [
      -0.022325377109218357,
      -0.008669830311526771,
      -2.013422544791753
    ]
  },
  {
    "label_id": "5cKEXsUpTIciwNSkaSIonQ",
    "size": [
      0.913587523404011,
      0.6536223241726821,
      0.9900000000000091
    ],
    "obj_class": "sign",
    "point_num_in_lidar": 591,
    "speed": 0.020493330248257058,
    "if_vehicle": false,
    "motion_state": false,
    "pose": [
      [
        -0.9988425317175681,
        -0.04175069730486561,
        0.023884641646810995,
        8.105942010784474
      ],
      [
        0.04172127148779382,
        -0.9991277922941992,
        -0.0017292110227363695,
        -29.58815232113011
      ],
      [
        0.02393600504430286,
        -0.0007307118972886517,
        0.9997132257415835,
        0.17540575030079708
      ],
      [
        0.0,
        0.0,
        0.0,
        1.0
      ]
    ],
    "location": [
      8.105942010784474,
      -29.58815232113011,
      0.17540575030079708
    ],
    "rotation": [
      -0.0007309213765977312,
      -0.023938291252334383,
      3.0998473015280057
    ]
  },
  {
    "label_id": "6RtA2k7rqkT2CvrUlYh84Q",
    "size": [
      1.9062079518011505,
      4.363933208093053,
      1.539999955536075
    ],
    "obj_class": "vehicle",
    "point_num_in_lidar": 131,
    "speed": 1.7053025658242404e-12,
    "if_vehicle": true,
    "motion_state": false,
    "pose": [
      [
        0.4252771196445954,
        -0.9047479734159121,
        0.023884641646810995,
        33.69755019447621
      ],
      [
        0.905022373246019,
        0.425360451562416,
        -0.0017292110227363695,
        6.85434848578916
      ],
      [
        -0.008595081787864825,
        0.022351528950334595,
        0.9997132257415835,
        0.692323406740968
      ],
      [
        0.0,
        0.0,
        0.0,
        1.0
      ]
    ],
    "location": [
      33.69755019447621,
      6.85434848578916,
      0.692323406740968
    ],
    "rotation": [
      0.022354216338570824,
      0.008595187618944946,
      1.1315109174568725
    ]
  },
  {
    "label_id": "6SSj38rFVlYZfQljhkORQA",
    "size": [
      2.20004847288258,
      4.83994638465002,
      1.5700000313178748
    ],
    "obj_class": "vehicle",
    "point_num_in_lidar": 119,
    "speed": 1.4281732235759946e-12,
    "if_vehicle": true,
    "motion_state": false,
    "pose": [
      [
        -0.3718621358942738,
        -0.9279806440769938,
        0.023884641646810995,
        23.742547828804163
      ],
      [
        0.9282286969131692,
        -0.3720060430370973,
        -0.0017292110227363695,
        26.11382775234415
      ],
      [
        0.01048990538701315,
        0.021527381687730714,
        0.9997132257415835,
        0.7107689754352009
      ],
      [
        0.0,
        0.0,
        0.0,
        1.0
      ]
    ],
    "location": [
      23.742547828804163,
      26.11382775234415,
      0.7107689754352009
    ],
    "rotation": [
      0.021530229555653785,
      -0.01049009777810923,
      1.9518325749286307
    ]
  },
  {
    "label_id": "71Pkn__Yn8464dqzz8PnoA",
    "size": [
      2.465860964790275,
      5.7692737988654805,
      1.8999999999999773
    ],
    "obj_class": "vehicle",
    "point_num_in_lidar": 24,
    "speed": 5.859285502108464e-13,
    "if_vehicle": true,
    "motion_state": false,
    "pose": [
      [
        0.43034386917687784,
        0.9023489780319351,
        0.023884641646810995,
        55.780753472575725
      ],
      [
        -0.9025873381993319,
        0.430503317933188,
        -0.0017292110227363695,
        -7.394851298229696
      ],
      [
        -0.011842769275765058,
        -0.020813819765692368,
        0.9997132257415835,
        0.9398687069909784
      ],
      [
        0.0,
        0.0,
        0.0,
        1.0
      ]
    ],
    "location": [
      55.780753472575725,
      -7.394851298229696,
      0.9398687069909784
    ],
    "rotation": [
      -0.020816782920178654,
      0.011843046120306941,
      -1.1258891995888543
    ]
  },
  {
    "label_id": "8BSbbgWqH7MHyKvLrQVHYg",
    "size": [
      2.011537367105362,
      4.687375114667775,
      1.5699999999999932
    ],
    "obj_class": "vehicle",
    "point_num_in_lidar": 68,
    "speed": 8.526512829121202e-13,
    "if_vehicle": true,
    "motion_state": false,
    "pose": [
      [
        0.41175170253823024,
        0.9109830181459324,
        0.023884641646810995,
        34.05293076285216
      ],
      [
        -0.9112245975289145,
        0.4119062304548288,
        -0.0017292110227363695,
        -7.925815729562601
      ],
      [
        -0.011413514583005924,
        -0.021052267389078123,
        0.9997132257415835,
        0.524860287836816
      ],
      [
        0.0,
        0.0,
        0.0,
        1.0
      ]
    ],
    "location": [
      34.05293076285216,
      -7.925815729562601,
      0.524860287836816
    ],
    "rotation": [
      -0.021055194412664045,
      0.011413762400752545,
      -1.1463914546193006
    ]
  },
  {
    "label_id": "985T2XPSl7NeZj2uUW2Nxg",
    "size": [
      2.1765248077811314,
      4.918916775180349,
      1.740000000000009
    ],
    "obj_class": "vehicle",
    "point_num_in_lidar": 81,
    "speed": 2.929642751054232e-13,
    "if_vehicle": true,
    "motion_state": false,
    "pose": [
      [
        -0.41672167156327355,
        0.9087202937884212,
        0.023884641646810995,
        64.31590371860511
      ],
      [
        -0.9089954676611607,
        -0.41680241074243607,
        -0.0017292110227363695,
        -41.56456852522933
      ],
      [
        0.008383807069506841,
        -0.022431630711542534,
        0.9997132257415835,
        0.9705865257640198
      ],
      [
        0.0,
        0.0,
        0.0,
        1.0
      ]
    ],
    "location": [
      64.31590371860511,
      -41.56456852522933,
      0.9705865257640198
    ],
    "rotation": [
      -0.02243430090138284,
      -0.008383905286427436,
      -2.000648378184602
    ]
  },
  {
    "label_id": "9MprRhxkqn85TQM1QpIWCA",
    "size": [
      2.1792684434740464,
      4.24141432079878,
      2.569999999999993
    ],
    "obj_class": "vehicle",
    "point_num_in_lidar": 506,
    "speed": 0.010212976646046722,
    "if_vehicle": true,
    "motion_state": false,
    "pose": [
      [
        -0.00900287843456888,
        -0.9996741829582756,
        0.023884641646810995,
        5.9552448145564085
      ],
      [
        0.9999575822109065,
        -0.009046745721908328,
        -0.0017292110227363695,
        1.9276529854996625
      ],
      [
        0.0019447258959540247,
        0.023868060636493636,
        0.9997132257415835,
        1.1339004650965876
      ],
      [
        0.0,
        0.0,
        0.0,
        1.0
      ]
    ],
    "location": [
      5.9552448145564085,
      1.9276529854996625,
      1.1339004650965876
    ],
    "rotation": [
      0.023870372574628852,
      -0.0019447271217683168,
      1.5797993438755114
    ]
  },
  {
    "label_id": "ANFtbfjBbGPsG4B3kdD-8Q",
    "size": [
      2.1455299958972627,
      4.813595373305301,
      1.4599999999999795
    ],
    "obj_class": "vehicle",
    "point_num_in_lidar": 267,
    "speed": 1.7112135109858137e-12,
    "if_vehicle": true,
    "motion_state": false,
    "pose": [
      [
        -0.5162156424198723,
        0.8561255365975494,
        0.023884641646810995,
        34.068690750665155
      ],
      [
        -0.8563898923277324,
        -0.5163267978210442,
        -0.0017292110227363695,
        -41.51161002309709
      ],
      [
        0.0108518588238705,
        -0.021347211467180324,
        0.9997132257415835,
        0.5348950310888085
      ],
      [
        0.0,
        0.0,
        0.0,
        1.0
      ]
    ],
    "location": [
      34.068690750665155,
      -41.51161002309709,
      0.5348950310888085
    ],
    "rotation": [
      -0.021350090484383064,
      -0.010852071826110655,
      -2.11325824567297
    ]
  },
  {
    "label_id": "AWt8fBQjwfuud4o02yExgQ",
    "size": [
      2.329370642091817,
      5.299395887650062,
      1.8899999999999864
    ],
    "obj_class": "vehicle",
    "point_num_in_lidar": 66,
    "speed": 2.1316282072803006e-13,
    "if_vehicle": true,
    "motion_state": false,
    "pose": [
      [
        0.9997147212547205,
        -1.3537937419070472e-16,
        0.023884641646810995,
        -31.624144453463487
      ],
      [
        4.131337143667796e-05,
        0.9999985040601032,
        -0.0017292110227363695,
        -30.21062770268327
      ],
      [
        -0.02388460591682263,
        0.0017297044706574662,
        0.9997132257415835,
        0.8679766825475212
      ],
      [
        0.0,
        0.0,
        0.0,
        1.0
      ]
    ],
    "location": [
      -31.624144453463487,
      -30.21062770268327,
      0.8679766825475212
    ],
    "rotation": [
      0.0017301989211619584,
      0.02388687742603548,
      4.13251606031254e-05
    ]
  },
  {
    "label_id": "BPzzTAA9bP7oBKmxTh7UvA",
    "size": [
      1.0473667897834273,
      0.11581209332175943,
      0.9900000000000091
    ],
    "obj_class": "sign",
    "point_num_in_lidar": 42,
    "speed": 8.644125458514253e-13,
    "if_vehicle": false,
    "motion_state": false,
    "pose": [
      [
        0.0199067278134661,
        -0.9995165061574341,
        0.023884641646810995,
        -18.385135026559965
      ],
      [
        0.9998010553454534,
        0.019871073432418066,
        -0.0017292110227363695,
        -5.248713000539283
      ],
      [
        0.0012537614917836073,
        0.023914312858191258,
        0.9997132257415835,
        2.9058150459477474
      ],
      [
        0.0,
        0.0,
        0.0,
        1.0
      ]
    ],
    "location": [
      -18.385135026559965,
      -5.248713000539283,
      2.9058150459477474
    ],
    "rotation": [
      0.023916611656175573,
      -0.0012537618202521903,
      1.5508882683321716
    ]
  },
  {
    "label_id": "CCmIt8313WiLB_phtsz7sA",
    "size": [
      0.6116716764541915,
      0.13699778994905332,
      0.44999999999998863
    ],
    "obj_class": "sign",
    "point_num_in_lidar": 24,
    "speed": 0.008239547083103172,
    "if_vehicle": false,
    "motion_state": false,
    "pose": [
      [
        0.06236436460484663,
        -0.9977676131849726,
        0.023884641646810995,
        -18.33298452228246
      ],
      [
        0.9980534204942721,
        0.062340834682592536,
        -0.0017292110227363695,
        -5.262978063257833
      ],
      [
        0.00023636225849200346,
        0.023945989439580307,
        0.9997132257415835,
        2.16891629685216
      ],
      [
        0.0,
        0.0,
        0.0,
        1.0
      ]
    ],
    "location": [
      -18.33298452228246,
      -5.262978063257833,
      2.16891629685216
    ],
    "rotation": [
      0.02394827917931575,
      -0.00023636226069281653,
      1.5083914637617635
    ]
  },
  {
    "label_id": "FO4kJmdZ7XvD-XlCJ0VDKA",
    "size": [
      2.1859181951863706,
      4.686703586845054,
      1.5799999740141288
    ],
    "obj_class": "vehicle",
    "point_num_in_lidar": 97,
    "speed": 0.0,
    "if_vehicle": true,
    "motion_state": false,
    "pose": [
      [
        0.4653990013838224,
        -0.8847786691621494,
        0.023884641646810995,
        37.082137921415324
      ],
      [
        0.8850490584731608,
        0.46549454768558823,
        -0.0017292110227363695,
        7.166951631430493
      ],
      [
        -0.009588201432617443,
        0.02194385268464232,
        0.9997132257415835,
        0.7055155261751338
      ],
      [
        0.0,
        0.0,
        0.0,
        1.0
      ]
    ],
    "location": [
      37.082137921415324,
      7.166951631430493,
      0.7055155261751338
    ],
    "rotation": [
      0.021946623181321335,
      0.009588348351685514,
      1.0866867995636726
    ]
  },
  {
    "label_id": "FjXya5JM_xfBUrb9nDgcNw",
    "size": [
      1.9792069957727783,
      4.673300687547824,
      1.7300000000000182
    ],
    "obj_class": "vehicle",
    "point_num_in_lidar": 86,
    "speed": 8.556067554929069e-13,
    "if_vehicle": true,
    "motion_state": false,
    "pose": [
      [
        -0.41257702366540727,
        0.9106095340137822,
        0.023884641646810995,
        24.097740670331405
      ],
      [
        -0.910885072895164,
        -0.41265650825597133,
        -0.0017292110227363695,
        11.959050326551733
      ],
      [
        0.008281516779292716,
        -0.022469596284580288,
        0.9997132257415835,
        0.8183707745389484
      ],
      [
        0.0,
        0.0,
        0.0,
        1.0
      ]
    ],
    "location": [
      24.097740670331405,
      11.959050326551733,
      0.8183707745389484
    ],
    "rotation": [
      -0.022472258222480303,
      -0.008281611444809874,
      -1.996093140529223
    ]
  },
  {
    "label_id": "G7E0dpVKs975U7aBcub3QA",
    "size": [
      0.7231645363149787,
      0.754610633766295,
      1.759999999999991
    ],
    "obj_class": "pedestrian",
    "point_num_in_lidar": 51,
    "speed": 1.7067822212573438e-12,
    "if_vehicle": false,
    "motion_state": false,
    "pose": [
      [
        -0.9984232787685797,
        0.05079842818830535,
        0.023884641646810995,
        -9.617036769760034
      ],
      [
        -0.05085410802480621,
        -0.9987045957270049,
        -0.0017292110227363695,
        -1.6928378460397653
      ],
      [
        0.023765860178001856,
        -0.002941116685443926,
        0.9997132257415835,
        0.920105057766591
      ],
      [
        0.0,
        0.0,
        0.0,
        1.0
      ]
    ],
    "location": [
      -9.617036769760034,
      -1.6928378460397653,
      0.920105057766591
    ],
    "rotation": [
      -0.0029419518763057614,
      -0.023768097970271455,
      -3.090702214390869
    ]
  },
  {
    "label_id": "GUMQWP3ToFPbcQl-o7fCyQ",
    "size": [
      1.0107414226367841,
      1.0195808008363791,
      1.839999999999975
    ],
    "obj_class": "pedestrian",
    "point_num_in_lidar": 455,
    "speed": 1.4228607195221901e-12,
    "if_vehicle": false,
    "motion_state": false,
    "pose": [
      [
        0.9997147212547205,
        -1.4672257538740397e-15,
        0.023884641646810995,
        -8.441772783125089
      ],
      [
        4.131337143801023e-05,
        0.9999985040601032,
        -0.0017292110227363695,
        -25.057884828895112
      ],
      [
        -0.02388460591682263,
        0.001729704470657498,
        0.9997132257415835,
        0.8060597019926377
      ],
      [
        0.0,
        0.0,
        0.0,
        1.0
      ]
    ],
    "location": [
      -8.441772783125089,
      -25.057884828895112,
      0.8060597019926377
    ],
    "rotation": [
      0.0017301989211619903,
      0.02388687742603548,
      4.1325160604458045e-05
    ]
  },
  {
    "label_id": "GhYGBdVqwQ23-v6KYP3YWQ",
    "size": [
      2.146794631457546,
      4.880290596323187,
      1.7099999999999795
    ],
    "obj_class": "vehicle",
    "point_num_in_lidar": 62,
    "speed": 2.929642751054232e-13,
    "if_vehicle": true,
    "motion_state": false,
    "pose": [
      [
        -0.9989946399840026,
        0.03793722679158908,
        0.023884641646810995,
        -44.02525923857365
      ],
      [
        -0.037989279410366984,
        -0.9992766506223989,
        -0.0017292110227363695,
        -42.92962003539651
      ],
      [
        0.023801763235401483,
        -0.002634832868252079,
        0.9997132257415835,
        0.5994161950802095
      ],
      [
        0.0,
        0.0,
        0.0,
        1.0
      ]
    ],
    "location": [
      -44.02525923857365,
      -42.92962003539651,
      0.5994161950802095
    ],
    "rotation": [
      -0.0026355825847145286,
      -0.02380401118661902,
      -3.103583457373496
    ]
  },
  {
    "label_id": "J7T0lm9jnXkEcN7_fLCHcw",
    "size": [
      2.410544790998672,
      5.853048720643227,
      1.9400000523537528
    ],
    "obj_class": "vehicle",
    "point_num_in_lidar": 290,
    "speed": 0.002793755597444301,
    "if_vehicle": true,
    "motion_state": false,
    "pose": [
      [
        0.43585224985199233,
        -0.8997012505228388,
        0.023884641646810995,
        24.53982631631652
      ],
      [
        0.8999746547900344,
        0.43593879222294196,
        -0.0017292110227363695,
        6.569886896388198
      ],
      [
        -0.008856468512614775,
        0.022249252635600913,
        0.9997132257415835,
        0.9044758644753301
      ],
      [
        0.0,
        0.0,
        0.0,
        1.0
      ]
    ],
    "location": [
      24.53982631631652,
      6.569886896388198,
      0.9044758644753301
    ],
    "rotation": [
      0.02225196156653479,
      0.008856584295889319,
      1.1197923482251122
    ]
  },
  {
    "label_id": "KRIFGuPyXMFLkXDccz9mLA",
    "size": [
      1.1528322506114745,
      1.3148555747822952,
      1.8799999999999955
    ],
    "obj_class": "pedestrian",
    "point_num_in_lidar": 69,
    "speed": 3.6994168957921967,
    "if_vehicle": false,
    "motion_state": true,
    "pose": [
      [
        -0.02126754291259776,
        -0.9994884769280056,
        0.023884641646810995,
        9.556224617108
      ],
      [
        0.9997713166261901,
        -0.021314884019694596,
        -0.0017292110227363695,
        4.088438272647181
      ],
      [
        0.0022374248579556362,
        0.023842403556745977,
        0.9997132257415835,
        1.0515774238749032
      ],
      [
        0.0,
        0.0,
        0.0,
        1.0
      ]
    ],
    "location": [
      9.556224617108,
      4.088438272647181,
      1.0515774238749032
    ],
    "rotation": [
      0.023844722739962652,
      -0.0022374267247440827,
      1.5920655265275383
    ]
  },
  {
    "label_id": "L-mkBa_rTdt5A7Gv4zRNEA",
    "size": [
      0.4750061503397856,
      0.09032537733729915,
      0.45999999999997954
    ],
    "obj_class": "sign",
    "point_num_in_lidar": 34,
    "speed": 0.03500927090176002,
    "if_vehicle": false,
    "motion_state": false,
    "pose": [
      [
        -0.012700676425691249,
        0.9996340413930157,
        0.023884641646810995,
        8.326324860613113
      ],
      [
        -0.9999183261538008,
        -0.012662971650453934,
        -0.0017292110227363695,
        -6.020127084939304
      ],
      [
        -0.0014261276630244877,
        -0.023904653045934122,
        0.9997132257415835,
        2.231711208610818
      ],
      [
        0.0,
        0.0,
        0.0,
        1.0
      ]
    ],
    "location": [
      8.326324860613113,
      -6.020127084939304,
      2.231711208610818
    ],
    "rotation": [
      -0.023906954596693276,
      0.0014261281464442042,
      -1.5834973576137297
    ]
  },
  {
    "label_id": "LV0eEgqBFEblVK4wVnO9Gg",
    "size": [
      2.376412499724918,
      5.358373042693289,
      2.0
    ],
    "obj_class": "vehicle",
    "point_num_in_lidar": 103,
    "speed": 8.793063641580105,
    "if_vehicle": true,
    "motion_state": true,
    "pose": [
      [
        0.06283379702894903,
        -0.9977381609642524,
        0.023884641646810995,
        0.9060209722247237
      ],
      [
        0.9980239793125033,
        0.06281040157867773,
        -0.0017292110227363695,
        11.578344757332161
      ],
      [
        0.00022509589234508972,
        0.02394609799522629,
        0.9997132257415835,
        0.9684228680523006
      ],
      [
        0.0,
        0.0,
        0.0,
        1.0
      ]
    ],
    "location": [
      0.9060209722247237,
      11.578344757332161,
      0.9684228680523006
    ],
    "rotation": [
      0.023948387703836546,
      -0.00022509589424595555,
      1.5079211090022053
    ]
  },
  {
    "label_id": "LwQ7HLaEsxnUNsH0Az41wg",
    "size": [
      1.854025527688203,
      4.325527731340117,
      1.6000000000000227
    ],
    "obj_class": "vehicle",
    "point_num_in_lidar": 39,
    "speed": 11.523602378759291,
    "if_vehicle": true,
    "motion_state": true,
    "pose": [
      [
        0.046279667325726206,
        -0.998642937333271,
        0.023884641646810995,
        3.2282290706248205
      ],
      [
        0.9989283284126982,
        0.0462515353674998,
        -0.0017292110227363695,
        36.03793949835017
      ],
      [
        0.0006221630271469801,
        0.02393907246585344,
        0.9997132257415835,
        0.7692441056071857
      ],
      [
        0.0,
        0.0,
        0.0,
        1.0
      ]
    ],
    "location": [
      3.2282290706248205,
      36.03793949835017,
      0.7692441056071857
    ],
    "rotation": [
      0.023941364187667326,
      -0.0006221630672855063,
      1.5245001142023034
    ]
  },
  {
    "label_id": "O0ipbuwo_Nd7uLn6JzKcdA",
    "size": [
      2.0811413058830803,
      4.05562961252444,
      1.4800000000000182
    ],
    "obj_class": "vehicle",
    "point_num_in_lidar": 54,
    "speed": 2.517693496253064,
    "if_vehicle": true,
    "motion_state": true,
    "pose": [
      [
        -0.0005439573871632576,
        -0.9997145732676724,
        0.023884641646810995,
        -0.957415243638934
      ],
      [
        0.9999983335519206,
        -0.0005854251622873838,
        -0.0017292110227363695,
        35.40865202021814
      ],
      [
        0.0017427001298969053,
        0.023883661227186014,
        0.9997132257415835,
        1.077709461765437
      ],
      [
        0.0,
        0.0,
        0.0,
        1.0
      ]
    ],
    "location": [
      -0.957415243638934,
      35.40865202021814,
      1.077709461765437
    ],
    "rotation": [
      0.023885968744648888,
      -0.0017427010119959137,
      1.5713402850348874
    ]
  },
  {
    "label_id": "OALsO71VJElCZqqpEuxwSg",
    "size": [
      0.728236397546567,
      0.7484238371239974,
      1.75
    ],
    "obj_class": "pedestrian",
    "point_num_in_lidar": 27,
    "speed": 1.4369837526939963e-12,
    "if_vehicle": false,
    "motion_state": false,
    "pose": [
      [
        -0.9941951861418137,
        0.10490689084063043,
        0.023884641646810995,
        -9.644523816517449
      ],
      [
        -0.10497775538357054,
        -0.9944730668569491,
        -0.0017292110227363695,
        -2.457419880094676
      ],
      [
        0.023571226677280722,
        -0.004226529342851027,
        0.9997132257415835,
        0.8551050577665364
      ],
      [
        0.0,
        0.0,
        0.0,
        1.0
      ]
    ],
    "location": [
      -9.644523816517449,
      -2.457419880094676,
      0.8551050577665364
    ],
    "rotation": [
      -0.004227716562022455,
      -0.023573409929487896,
      -3.036391783518545
    ]
  },
  {
    "label_id": "OT_LQYpVVYfOWKlnu-6-Nw",
    "size": [
      0.6680816975146138,
      0.10103950605568145,
      0.6200000000000045
    ],
    "obj_class": "sign",
    "point_num_in_lidar": 53,
    "speed": 0.017951937242705048,
    "if_vehicle": false,
    "motion_state": false,
    "pose": [
      [
        -0.09711133981274801,
        -0.9949868901514112,
        0.023884641646810995,
        -12.96965232944467
      ],
      [
        0.9952653177550423,
        -0.09718002419835721,
        -0.0017292110227363695,
        -6.461919470648354
      ],
      [
        0.004041652351134184,
        0.02360362945884176,
        0.9997132257415835,
        1.3304231354719036
      ],
      [
        0.0,
        0.0,
        0.0,
        1.0
      ]
    ],
    "location": [
      -12.96965232944467,
      -6.461919470648354,
      1.3304231354719036
    ],
    "rotation": [
      0.0236060145669141,
      -0.004041663354582424,
      1.6680617515199436
    ]
  },
  {
    "label_id": "PGlBKCM-r1s0dqCceAW5Ng",
    "size": [
      0.9346793005374893,
      0.8098904127337361,
      2.0500000000000114
    ],
    "obj_class": "pedestrian",
    "point_num_in_lidar": 33,
    "speed": 1.6145369937566203,
    "if_vehicle": false,
    "motion_state": true,
    "pose": [
      [
        -0.003168621119496426,
        0.9997096997296788,
        0.023884641646810995,
        -20.84239200853517
      ],
      [
        -0.9999936120534091,
        -0.0031282074123616032,
        -0.0017292110227363695,
        7.025435921297685
      ],
      [
        -0.0016539929192678716,
        -0.02388996828756252,
        0.9997132257415835,
        0.8675566235533552
      ],
      [
        0.0,
        0.0,
        0.0,
        1.0
      ]
    ],
    "location": [
      -20.84239200853517,
      7.025435921297685,
      0.8675566235533552
    ],
    "rotation": [
      -0.02389227401452208,
      0.0016539936734048253,
      -1.573964957550878
    ]
  },
  {
    "label_id": "POHynkUuk54J_ltbPcdvew",
    "size": [
      1.9383979144325472,
      4.331874620501798,
      1.5400000000000205
    ],
    "obj_class": "vehicle",
    "point_num_in_lidar": 79,
    "speed": 5.859285502108464e-13,
    "if_vehicle": true,
    "motion_state": false,
    "pose": [
      [
        -0.47220870390342484,
        0.8811631312369187,
        0.023884641646810995,
        43.16493569906288
      ],
      [
        -0.8814327756396977,
        -0.47230633264581284,
        -0.0017292110227363695,
        -41.516840988018885
      ],
      [
        0.009757150503400975,
        -0.021869254477729992,
        0.9997132257415835,
        0.5531478274934329
      ],
      [
        0.0,
        0.0,
        0.0,
        1.0
      ]
    ],
    "location": [
      43.16493569906288,
      -41.516840988018885,
      0.5531478274934329
    ],
    "rotation": [
      -0.021872039388544103,
      -0.009757305326718018,
      -2.0626165871253903
    ]
  },
  {
    "label_id": "Q3zAM_DhuaveZ4DsImfSKQ",
    "size": [
      1.9393335923807162,
      4.448500843808347,
      1.509999999999991
    ],
    "obj_class": "vehicle",
    "point_num_in_lidar": 431,
    "speed": 5.728578676879116e-13,
    "if_vehicle": true,
    "motion_state": false,
    "pose": [
      [
        0.40280713239893573,
        0.91497318976129,
        0.023884641646810995,
        31.368479967462463
      ],
      [
        -0.9152162714452902,
        0.40295928617047616,
        -0.0017292110227363695,
        -8.02121013348551
      ],
      [
        -0.011206719873680063,
        -0.021163074139420184,
        0.9997132257415835,
        0.5735381035485148
      ],
      [
        0.0,
        0.0,
        0.0,
        1.0
      ]
    ],
    "location": [
      31.368479967462463,
      -8.02121013348551,
      0.5735381035485148
    ],
    "rotation": [
      -0.02116598355990323,
      0.011206954463328388,
      -1.1561869552371362
    ]
  },
  {
    "label_id": "QP5XjBd16XvpwQEYLBI-Qw",
    "size": [
      2.2377542095150535,
      5.319350089219122,
      1.9499999999999886
    ],
    "obj_class": "vehicle",
    "point_num_in_lidar": 69,
    "speed": 9.532931148469528e-13,
    "if_vehicle": true,
    "motion_state": false,
    "pose": [
      [
        -0.45666079819808725,
        0.8893202118936065,
        0.023884641646810995,
        49.08141668396138
      ],
      [
        -0.8895915292764802,
        -0.45675367636043385,
        -0.0017292110227363695,
        -41.82123255078659
      ],
      [
        0.00937157556758378,
        -0.02203723777470302,
        0.9997132257415835,
        0.7155865257642517
      ],
      [
        0.0,
        0.0,
        0.0,
        1.0
      ]
    ],
    "location": [
      49.08141668396138,
      -41.82123255078659,
      0.7155865257642517
    ],
    "rotation": [
      -0.02203998988287871,
      -0.009371712751674397,
      -2.0450570097263747
    ]
  },
  {
    "label_id": "SBi5zCd-300qMHRqxAbkag",
    "size": [
      2.421630869636325,
      4.744363768118542,
      1.670000000000016
    ],
    "obj_class": "vehicle",
    "point_num_in_lidar": 25,
    "speed": 2.2712333169071512,
    "if_vehicle": true,
    "motion_state": true,
    "pose": [
      [
        -0.8241094627681392,
        0.5659267773037537,
        0.023884641646810995,
        62.164989172490095
      ],
      [
        -0.5661214798771037,
        -0.8243200105850864,
        -0.0017292110227363695,
        -35.949768522210434
      ],
      [
        0.018709981233744913,
        -0.014946667842386957,
        0.9997132257415835,
        0.7598602878368297
      ],
      [
        0.0,
        0.0,
        0.0,
        1.0
      ]
    ],
    "location": [
      62.164989172490095,
      -35.949768522210434,
      0.7598602878368297
    ],
    "rotation": [
      -0.014949841539912056,
      -0.018711073019008123,
      -2.539679303193989
    ]
  },
  {
    "label_id": "V0gHLHaZY6_fazrDh1057g",
    "size": [
      0.5103377778332941,
      0.12106859807050868,
      0.589999999999975
    ],
    "obj_class": "sign",
    "point_num_in_lidar": 58,
    "speed": 0.009239356302614042,
    "if_vehicle": false,
    "motion_state": false,
    "pose": [
      [
        0.9995260964109647,
        0.019419229821553065,
        0.023884641646810995,
        -12.036415162922367
      ],
      [
        -0.019383436661160762,
        0.9998106281753768,
        -0.0017292110227363695,
        -19.556405758907204
      ],
      [
        -0.023913698514902347,
        0.0012654251048910116,
        0.9997132257415835,
        0.6572992359633645
      ],
      [
        0.0,
        0.0,
        0.0,
        1.0
      ]
    ],
    "location": [
      -12.036415162922367,
      -19.556405758907204,
      0.6572992359633645
    ],
    "rotation": [
      0.001265787424311982,
      0.023915978336079058,
      -0.019390196424266797
    ]
  },
  {
    "label_id": "VBixxlZ-nYOf9L47qOhL5Q",
    "size": [
      3.430539923413353,
      2.7957590169782516,
      3.1200000000000045
    ],
    "obj_class": "vehicle",
    "point_num_in_lidar": 2764,
    "speed": 1.4210854715202004e-13,
    "if_vehicle": true,
    "motion_state": false,
    "pose": [
      [
        0.9991740313036536,
        0.03287520436147888,
        0.023884641646810995,
        -9.738696619093389
      ],
      [
        -0.032843245414106714,
        0.9994590191998406,
        -0.0017292110227363695,
        -25.815361898310584
      ],
      [
        -0.023928568680017963,
        0.0009433336013280044,
        0.9997132257415835,
        1.326402097760024
      ],
      [
        0.0,
        0.0,
        0.0,
        1.0
      ]
    ],
    "location": [
      -9.738696619093389,
      -25.815361898310584,
      1.326402097760024
    ],
    "rotation": [
      0.0009436039226653954,
      0.023930852757529212,
      -0.03285856458624578
    ]
  },
  {
    "label_id": "VHA13Gbr081QyI04rCo8OA",
    "size": [
      2.005813576224929,
      4.6122843919283225,
      1.5000000135808023
    ],
    "obj_class": "vehicle",
    "point_num_in_lidar": 198,
    "speed": 6.703246762680667e-13,
    "if_vehicle": true,
    "motion_state": false,
    "pose": [
      [
        0.4123917409225503,
        -0.9106934588061295,
        0.023884641646810995,
        31.075001850244917
      ],
      [
        0.9109690138538815,
        0.4124711694498481,
        -0.0017292110227363695,
        6.957101241539931
