[
  {
    "label_id": "0zCQwnJdl42AdLzZADBxXg",
    "size": [
      0.8289207527314593,
      0.10828005381067762,
      1.589999999999975
    ],
    "obj_class": "sign",
    "point_num_in_lidar": 130,
    "speed": 0.0030579857636763947,
    "if_vehicle": false,
    "motion_state": false,
    "pose": [
      [
        0.00046032955182747796,
        0.9997054614229254,
        0.024264758351970422,
        8.0762680736525
      ],
      [
        -0.9999730533032092,
        0.0006379626894766513,
        -0.007313389847660906,
        15.293854493698746
      ],
      [
        -0.007326715782719309,
        -0.0242607379274135,
        0.9996788163360553,
        2.912036084373028
      ],
      [
        0.0,
        0.0,
        0.0,
        1.0
      ]
    ],
    "location": [
      8.0762680736525,
      15.293854493698746,
      2.912036084373028
    ],
    "rotation": [
      -0.024263769854696166,
      0.007326781334919825,
      -1.5703359848708918
    ]
  },
  {
    "label_id": "14QyZM8v7J77UsDSgWPxQQ",
    "size": [
      0.9208221674588203,
      0.24749274453211412,
      0.7599999999999909
    ],
    "obj_class": "sign",
    "point_num_in_lidar": 76,
    "speed": 3.1776437161565096e-13,
    "if_vehicle": false,
    "motion_state": false,
    "pose": [
      [
        -0.09543183674072377,
        0.9951401841139831,
        0.024264758351970422,
        7.9442828221417585
      ],
      [
        -0.9954235804522429,
        -0.09528068958909362,
        -0.007313389847660906,
        33.56202266996843
      ],
      [
        -0.004965885211010148,
        -0.02485164286349011,
        0.9996788163360553,
        3.2106249459071705
      ],
      [
        0.0,
        0.0,
        0.0,
        1.0
      ]
    ],
    "location": [
      7.9442828221417585,
      33.56202266996843,
      3.2106249459071705
    ],
    "rotation": [
      -0.024854508175630154,
      0.004965905621038041,
      -1.6663747958802533
    ]
  },
  {
    "label_id": "1b1GHu4GkmrBSy00-B53VA",
    "size": [
      2.0782112518683236,
      4.63312486988027,
      1.5600000000000023
    ],
    "obj_class": "vehicle",
    "point_num_in_lidar": 89,
    "speed": 5.728578676879116e-13,
    "if_vehicle": true,
    "motion_state": false,
    "pose": [
      [
        -0.999611046130977,
        0.013746925294564437,
        0.024264758351970422,
        -32.17733562146259
      ],
      [
        -0.013928099186600353,
        -0.9998762535343982,
        -0.007313389847660906,
        -15.356775231082793
      ],
      [
        0.02416121904999987,
        -0.007648507237449117,
        0.9996788163360553,
        0.3374534816089181
      ],
      [
        0.0,
        0.0,
        0.0,
        1.0
      ]
    ],
    "location": [
      -32.17733562146259,
      -15.356775231082793,
      0.3374534816089181
    ],
    "rotation": [
      -0.007650815318702893,
      -0.024163570411424636,
      -3.127660036500279
    ]
  },
  {
    "label_id": "1eqCzNhbNUpvDMRr-M2BCg",
    "size": [
      2.217727231097817,
      5.261091324533495,
      1.8500000000000227
    ],
    "obj_class": "vehicle",
    "point_num_in_lidar": 76,
    "speed": 1.4210854715202004e-12,
    "if_vehicle": true,
    "motion_state": false,
    "pose": [
      [
        0.029093268654066546,
        0.9992821439519185,
        0.024264758351970422,
        -33.666892206088505
      ],
      [
        -0.99954453836075,
        0.029278493167020126,
        -0.007313389847660906,
        21.613128779963517
      ],
      [
        -0.008018575448134346,
        -0.02404093626974551,
        0.9996788163360553,
        0.9101050577666001
      ],
      [
        0.0,
        0.0,
        0.0,
        1.0
      ]
    ],
    "location": [
      -33.666892206088505,
      21.613128779963517,
      0.9101050577666001
    ],
    "rotation": [
      -0.024044025829443386,
      0.008018661379749638,
      -1.5416980166435321
    ]
  },
  {
    "label_id": "1xSi2L3-8DlIFMSpizgLkg",
    "size": [
      2.189055783057675,
      4.940660125515044,
      1.5199999999999818
    ],
    "obj_class": "vehicle",
    "point_num_in_lidar": 234,
    "speed": 0.0501432775269757,
    "if_vehicle": true,
    "motion_state": false,
    "pose": [
      [
        -0.09762786720148804,
        0.9949271435878152,
        0.024264758351970422,
        -30.623760151051556
      ],
      [
        -0.9952108728159061,
        -0.09747734587040248,
        -0.007313389847660906,
        21.738331758257118
      ],
      [
        -0.004911025828740634,
        -0.02486254199097169,
        0.9996788163360553,
        0.7356491785473622
      ],
      [
        0.0,
        0.0,
        0.0,
        1.0
      ]
    ],
    "location": [
      -30.623760151051556,
      21.738331758257118,
      0.7356491785473622
    ],
    "rotation": [
      -0.024865404068231213,
      0.004911045569784696,
      -1.6685811310652308
    ]
  },
  {
    "label_id": "39-kEkDzJEr7nWBZPk1HXw",
    "size": [
      0.9772257133555229,
      0.13068810941669862,
      0.839999999999975
    ],
    "obj_class": "sign",
    "point_num_in_lidar": 22,
    "speed": 0.019570039633410936,
    "if_vehicle": false,
    "motion_state": false,
    "pose": [
      [
        0.058031667304540444,
        0.9980198129756621,
        0.024264758351970422,
        7.452648520390994
      ],
      [
        -0.9982767310270299,
        0.05822441600328139,
        -0.007313389847660906,
        68.21169388354974
      ],
      [
        -0.008711709352484867,
        -0.023798535440257996,
        0.9996788163360553,
        2.9774345152032424
      ],
      [
        0.0,
        0.0,
        0.0,
        1.0
      ]
    ],
    "location": [
      7.452648520390994,
      68.21169388354974,
      2.9774345152032424
    ],
    "rotation": [
      -0.023801685865773196,
      0.008711819550485556,
      -1.5127298321024203
    ]
  },
  {
    "label_id": "3lFYHvBGrKIH0LWMb4y7rQ",
    "size": [
      1.1075307088888906,
      1.024636171793702,
      1.839999999999975
    ],
    "obj_class": "pedestrian",
    "point_num_in_lidar": 203,
    "speed": 2.8421709430404007e-13,
    "if_vehicle": false,
    "motion_state": false,
    "pose": [
      [
        -0.9957755240063904,
        0.08855691555106937,
        0.024264758351970422,
        -6.090324742025132
      ],
      [
        -0.0887574389599097,
        -0.9960264210141285,
        -0.007313389847660906,
        18.414768817814547
      ],
      [
        0.023520689170954432,
        -0.009436172416119527,
        0.9996788163360553,
        1.1657691191080062
      ],
      [
        0.0,
        0.0,
        0.0,
        1.0
      ]
    ],
    "location": [
      -6.090324742025132,
      18.414768817814547,
      1.1657691191080062
    ],
    "rotation": [
      -0.00943892380939569,
      -0.02352285840802495,
      -3.0526936039070063
    ]
  },
  {
    "label_id": "4ZoF6vgB7LJluyrGWdiMEg",
    "size": [
      2.093921987293182,
      4.5423472073732345,
      1.6399999999999864
    ],
    "obj_class": "vehicle",
    "point_num_in_lidar": 33,
    "speed": 2.8421709430404007e-13,
    "if_vehicle": true,
    "motion_state": false,
    "pose": [
      [
        0.0629579419594139,
        0.9977211629740824,
        0.024264758351970422,
        -31.30352822734403
      ],
      [
        -0.9979771263410935,
        0.063151956651469,
        -0.007313389847660906,
        43.408713001137585
      ],
      [
        -0.008829090791693093,
        -0.023755237837904893,
        0.9996788163360553,
        0.6957691191080357
      ],
      [
        0.0,
        0.0,
        0.0,
        1.0
      ]
    ],
    "location": [
      -31.30352822734403,
      43.408713001137585,
      0.6957691191080357
    ],
    "rotation": [
      -0.023758398840105572,
      0.008829205504506955,
      -1.5077942604868442
    ]
  },
  {
    "label_id": "6IFR0_r7f3cgS5In2VHYpw",
    "size": [
      2.0878762987036903,
      4.592505735944987,
      1.4000001284811674
    ],
    "obj_class": "vehicle",
    "point_num_in_lidar": 265,
    "speed": 1.464821375527116e-12,
    "if_vehicle": true,
    "motion_state": false,
    "pose": [
      [
        -0.4175863403432482,
        -0.9083132003119041,
        0.024264758351970422,
        30.531989042208806
      ],
      [
        0.9084822558828249,
        -0.4178594321957915,
        -0.007313389847660906,
        24.556584235853734
      ],
      [
        0.01678210668497992,
        0.01899013070406153,
        0.9996788163360553,
        0.7499672535102491
      ],
      [
        0.0,
        0.0,
        0.0,
        1.0
      ]
    ],
    "location": [
      30.531989042208806,
      24.556584235853734,
      0.7499672535102491
    ],
    "rotation": [
      0.018993947504703474,
      -0.016782894534418016,
      2.0016484007966358
    ]
  },
  {
    "label_id": "6RtA2k7rqkT2CvrUlYh84Q",
    "size": [
      1.9062079518011574,
      4.363933208093053,
      1.539999955536075
    ],
    "obj_class": "vehicle",
    "point_num_in_lidar": 51,
    "speed": 1.7053025658242404e-12,
    "if_vehicle": true,
    "motion_state": false,
    "pose": [
      [
        0.42527322561119973,
        -0.9047396891263066,
        0.024264758351970422,
        33.69755019447621
      ],
      [
        0.9050574478645462,
        0.42522644601888315,
        -0.007313389847660906,
        6.85434848578916
      ],
      [
        -0.003701302900283182,
        0.02507118915775124,
        0.9996788163360553,
        0.7180147276905018
      ],
      [
        0.0,
        0.0,
        0.0,
        1.0
      ]
    ],
    "location": [
      33.69755019447621,
      6.85434848578916,
      0.7180147276905018
    ],
    "rotation": [
      0.025073988166562276,
      0.003701311351423442,
      1.1315293588844717
    ]
  },
  {
    "label_id": "71Pkn__Yn8464dqzz8PnoA",
    "size": [
      2.4658609647902847,
      5.7692737988654805,
      1.8999999999999773
    ],
    "obj_class": "vehicle",
    "point_num_in_lidar": 43,
    "speed": 5.859285502108464e-13,
    "if_vehicle": true,
    "motion_state": false,
    "pose": [
      [
        0.43033992874998794,
        0.9023407157086373,
        0.024264758351970422,
        55.780753472574816
      ],
      [
        -0.9025059075770008,
        0.4306153749200676,
        -0.007313389847660906,
        -7.394851298227877
      ],
      [
        -0.01704794744447321,
        -0.0187518440926184,
        0.9996788163360553,
        0.9398687069909784
      ],
      [
        0.0,
        0.0,
        0.0,
        1.0
      ]
    ],
    "location": [
      55.780753472574816,
      -7.394851298227877,
      0.9398687069909784
    ],
    "rotation": [
      -0.018755669244828226,
      0.017048773333789968,
      -1.1258577062141037
    ]
  },
  {
    "label_id": "7I5_BKi3RbHh9IUT9VERmw",
    "size": [
      0.4800572424727869,
      0.07721192529234176,
      0.6399999999999864
    ],
    "obj_class": "sign",
    "point_num_in_lidar": 25,
    "speed": 0.006252901876419862,
    "if_vehicle": false,
    "motion_state": false,
    "pose": [
      [
        -0.030702590660607206,
        0.9992339928309323,
        0.024264758351970422,
        7.72366021584412
      ],
      [
        -0.999506991830447,
        -0.030533385187147103,
        -0.007313389847660906,
        33.53877815170199
      ],
      [
        -0.006566902525373653,
        -0.02447733564270485,
        0.9996788163360553,
        2.5167924024160016
      ],
      [
        0.0,
        0.0,
        0.0,
        1.0
      ]
    ],
    "location": [
      7.72366021584412,
      33.53877815170199,
      2.5167924024160016
    ],
    "rotation": [
      -0.024480308485042988,
      0.006566949725035532,
      -1.6015044054770406
    ]
  },
  {
    "label_id": "8hLX6WtWSqu6rWx7p0mnCQ",
    "size": [
      2.3834385555535684,
      5.488195120812847,
      2.3100000000000023
    ],
    "obj_class": "vehicle",
    "point_num_in_lidar": 104,
    "speed": 10.69964270904518,
    "if_vehicle": true,
    "motion_state": true,
    "pose": [
      [
        0.0033933198173997686,
        0.9996998083838654,
        0.024264758351970422,
        -15.237726211829795
      ],
      [
        -0.9999668779623822,
        0.0035717372667028696,
        -0.007313389847660906,
        44.15209042919196
      ],
      [
        -0.0073978617710163865,
        -0.024239137983029065,
        0.9996788163360553,
        1.1142094396301445
      ],
      [
        0.0,
        0.0,
        0.0,
        1.0
      ]
    ],
    "location": [
      -15.237726211829795,
      44.15209042919196,
      1.1142094396301445
    ],
    "rotation": [
      -0.024242175677356412,
      0.007397929251483832,
      -1.5674029076055738
    ]
  },
  {
    "label_id": "9MprRhxkqn85TQM1QpIWCA",
    "size": [
      2.179268443474046,
      4.24141432079878,
      2.569999999999993
    ],
    "obj_class": "vehicle",
    "point_num_in_lidar": 7456,
    "speed": 0.028171025792161002,
    "if_vehicle": true,
    "motion_state": false,
    "pose": [
      [
        -0.009002796000063486,
        -0.9996650294805264,
        0.024264758351970422,
        5.949811369204781
      ],
      [
        0.9999310937160735,
        -0.00918270922511273,
        -0.007313389847660906,
        1.964008467806707
      ],
      [
        0.007533756298028293,
        0.024197245400774593,
        0.9996788163360553,
        1.1630424915650792
      ],
      [
        0.0,
        0.0,
        0.0,
        1.0
      ]
    ],
    "location": [
      5.949811369204781,
      1.964008467806707,
      1.1630424915650792
    ],
    "rotation": [
      0.024200294215707713,
      -0.007533827566023926,
      1.5797994999219251
    ]
  },
  {
    "label_id": "9ZomuLPiVNTUh0GoyUVEig",
    "size": [
      2.4030251921802193,
      5.143758565443172,
      1.6000000000000227
    ],
    "obj_class": "vehicle",
    "point_num_in_lidar": 62,
    "speed": 2.8421709430404007e-13,
    "if_vehicle": true,
    "motion_state": false,
    "pose": [
      [
        -0.4417714338640563,
        -0.8967994322722423,
        0.024264758351970422,
        39.42457874376714
      ],
      [
        0.896961110645225,
        -0.44204895692561086,
        -0.007313389847660906,
        25.035763503321505
      ],
      [
        0.017284854982908413,
        0.018533697881513402,
        0.9996788163360553,
        0.8090518741200867
      ],
      [
        0.0,
        0.0,
        0.0,
        1.0
      ]
    ],
    "location": [
      39.42457874376714,
      25.035763503321505,
      0.8090518741200867
    ],
    "rotation": [
      0.01853752881114463,
      -0.017285715787084814,
      2.0284421824818017
    ]
  },
  {
    "label_id": "AFL1N-XB7hfEMBHsxDvkQg",
    "size": [
      2.31686873834381,
      5.169979861084375,
      1.5699999999999932
    ],
    "obj_class": "vehicle",
    "point_num_in_lidar": 88,
    "speed": 2.929642751054232e-13,
    "if_vehicle": true,
    "motion_state": false,
    "pose": [
      [
        -0.02968734672470092,
        -0.9992646711190023,
        0.024264758351970422,
        -33.48125731671507
      ],
      [
        0.9995269553636408,
        -0.02987272720101738,
        -0.007313389847660906,
        33.880107905100886
      ],
      [
        0.008032866607734947,
        0.02403616489803906,
        0.9996788163360553,
        0.7220850546842712
      ],
      [
        0.0,
        0.0,
        0.0,
        1.0
      ]
    ],
    "location": [
      -33.48125731671507,
      33.880107905100886,
      0.7220850546842712
    ],
    "rotation": [
      0.024039255682967702,
      -0.008032952999635098,
      1.600488994302868
    ]
  },
  {
    "label_id": "BPzzTAA9bP7oBKmxTh7UvA",
    "size": [
      1.0473667897834285,
      0.11581209332175943,
      0.9900000000000091
    ],
    "obj_class": "sign",
    "point_num_in_lidar": 69,
    "speed": 0.025729109567744362,
    "if_vehicle": false,
    "motion_state": false,
    "pose": [
      [
        0.019906545538268393,
        -0.9995073541234467,
        0.024264758351970422,
        -18.3340426753648
      ],
      [
        0.9997785093467949,
        0.019734400858315918,
        -0.007313389847660906,
        -5.254813155517695
      ],
      [
        0.006830936468260876,
        0.024404968262834757,
        0.9996788163360553,
        2.9318485917163457
      ],
      [
        0.0,
        0.0,
        0.0,
        1.0
      ]
    ],
    "location": [
      -18.3340426753648,
      -5.254813155517695,
      2.9318485917163457
    ],
    "rotation": [
      0.024407961100442303,
      -0.006830989593219826,
      1.550888001747619
    ]
  },
  {
    "label_id": "Bc_BDnL5j2YXCBH4HKF80g",
    "size": [
      1.936247465703112,
      4.70142584633995,
      1.670000000000016
    ],
    "obj_class": "vehicle",
    "point_num_in_lidar": 53,
    "speed": 1.7067822212573438e-12,
    "if_vehicle": true,
    "motion_state": false,
    "pose": [
      [
        -0.03801839884088784,
        -0.9989823936645208,
        0.024264758351970422,
        -36.14959048759283
      ],
      [
        0.9992431230488771,
        -0.038205959855275605,
        -0.007313389847660906,
        34.39560671230356
      ],
      [
        0.008233006079311444,
        0.02396834954354198,
        0.9996788163360553,
        0.7587939917968924
      ],
      [
        0.0,
        0.0,
        0.0,
        1.0
      ]
    ],
    "location": [
      -36.14959048759283,
      34.39560671230356,
      0.7587939917968924
    ],
    "rotation": [
      0.023971457624444605,
      -0.008233099090952111,
      1.6088251797084199
    ]
  },
  {
    "label_id": "CCmIt8313WiLB_phtsz7sA",
    "size": [
      0.6116716764541917,
      0.13699778994905332,
      0.44999999999998863
    ],
    "obj_class": "sign",
    "point_num_in_lidar": 32,
    "speed": 0.008239547151840054,
    "if_vehicle": false,
    "motion_state": false,
    "pose": [
      [
        0.06236379356801481,
        -0.9977584771646525,
        0.024264758351970422,
        -18.29840015602622
      ],
      [
        0.9980367029234659,
        0.062203327455961036,
        -0.007313389847660906,
        -5.264217041622032
      ],
      [
        0.005787648007906195,
        0.024673210157577136,
        0.9996788163360553,
        2.1837212918748037
      ],
      [
        0.0,
        0.0,
        0.0,
        1.0
      ]
    ],
    "location": [
      -18.29840015602622,
      -5.264217041622032,
      2.1837212918748037
    ],
    "rotation": [
      0.02467612759141012,
      -0.005787680319741557,
      1.5083909910984161
    ]
  },
  {
    "label_id": "CcntZxmFYeLHQyd4TGiIfg",
    "size": [
      2.245353191037874,
      4.795997877442652,
      1.5500000000000114
    ],
    "obj_class": "vehicle",
    "point_num_in_lidar": 33,
    "speed": 1.7067822212573438e-12,
    "if_vehicle": true,
    "motion_state": false,
    "pose": [
      [
        0.4289079263945982,
        -0.9030222656047892,
        0.024264758351970422,
        55.44133952424454
      ],
      [
        0.9033402098840229,
        0.42886242495190163,
        -0.007313389847660906,
        6.975704938260606
      ],
      [
        -0.003802089238212131,
        0.025056102776929608,
        0.9996788163360553,
        0.7507445281967193
      ],
      [
        0.0,
        0.0,
        0.0,
        1.0
      ]
    ],
    "location": [
      55.44133952424454,
      6.975704938260606,
      0.7507445281967193
    ],
    "rotation": [
      0.02505890641892187,
      0.0038020983986976494,
      1.1275093831152017
    ]
  },
  {
    "label_id": "DjTRA-UfUw4aBhKSsY8bVA",
    "size": [
      2.0375073002977775,
      4.472608985419154,
      1.509999999999991
    ],
    "obj_class": "vehicle",
    "point_num_in_lidar": 26,
    "speed": 3.1776437161565096e-13,
    "if_vehicle": true,
    "motion_state": false,
    "pose": [
      [
        -0.4127732956704767,
        0.9105105314511489,
        0.024264758351970422,
        57.227244679145315
      ],
      [
        -0.9108276158319002,
        -0.41272214450755196,
        -0.007313389847660906,
        48.45499629905498
      ],
      [
        0.003355684626079598,
        -0.02511978402840441,
        0.9996788163360553,
        0.9446375900881776
      ],
      [
        0.0,
        0.0,
        0.0,
        1.0
      ]
    ],
    "location": [
      57.227244679145315,
      48.45499629905498,
      0.9446375900881776
    ],
    "rotation": [
      -0.025122568035639125,
      -0.0033556909239593614,
      -1.996295635318496
    ]
  },
  {
    "label_id": "FO4kJmdZ7XvD-XlCJ0VDKA",
    "size": [
      2.185918195186377,
      4.686703586845054,
      1.5799999740141288
    ],
    "obj_class": "vehicle",
    "point_num_in_lidar": 26,
    "speed": 0.0,
    "if_vehicle": true,
    "motion_state": false,
    "pose": [
      [
        0.4653947399759781,
        -0.8847705677207014,
        0.024264758351970422,
        37.082137921415324
      ],
      [
        0.8850901037407874,
        0.4653622487794407,
        -0.007313389847660906,
        7.166951631430493
      ],
      [
        -0.004821230425284919,
        0.024880110653485752,
        0.9996788163360553,
        0.705515526175077
      ],
      [
        0.0,
        0.0,
        0.0,
        1.0
      ]
    ],
    "location": [
      37.082137921415324,
      7.166951631430493,
      0.705515526175077
    ],
    "rotation": [
      0.024882967503902346,
      0.0048212491031381375,
      1.0867096748626175
    ]
  },
  {
    "label_id": "FjXya5JM_xfBUrb9nDgcNw",
    "size": [
      1.979206995772777,
      4.673300687547824,
      1.7300000000000182
    ],
    "obj_class": "vehicle",
    "point_num_in_lidar": 169,
    "speed": 8.556067554929069e-13,
    "if_vehicle": true,
    "motion_state": false,
    "pose": [
      [
        -0.4125732459199493,
        0.9106011960530238,
        0.024264758351970422,
        24.09774067033095
      ],
      [
        -0.9109182691881768,
        -0.41252202509460306,
        -0.007313389847660906,
        11.959050326551733
      ],
      [
        0.0033501657113039606,
        -0.02512052066837372,
        0.9996788163360553,
        0.8183707745388915
      ],
      [
        0.0,
        0.0,
        0.0,
        1.0
      ]
    ],
    "location": [
      24.09774067033095,
      11.959050326551733,
      0.8183707745388915
    ],
    "rotation": [
      -0.025123304447290537,
      -0.0033501719781613396,
      -1.996076002725641
    ]
  },
  {
    "label_id": "G7E0dpVKs975U7aBcub3QA",
    "size": [
      0.7231645363149789,
      0.754610633766295,
      1.759999999999991
    ],
    "obj_class": "pedestrian",
    "point_num_in_lidar": 591,
    "speed": 0.000854747692771773,
    "if_vehicle": false,
    "motion_state": false,
    "pose": [
      [
        -0.9984141367446859,
        0.050797963054477965,
        0.024264758351970422,
        -9.668764879852006
      ],
      [
        -0.05098884492794923,
        -0.9986724448095329,
        -0.007313389847660906,
        -1.7083537270755187
      ],
      [
        0.023861040238790366,
        -0.008539023812252494,
        0.9996788163360553,
        1.0101050577664523
      ],
      [
        0.0,
        0.0,
        0.0,
        1.0
      ]
    ],
    "location": [
      -9.668764879852006,
      -1.7083537270755187,
      1.0101050577664523
    ],
    "rotation": [
      -0.008541559556588038,
      -0.023863305029953413,
      -3.090567148426812
    ]
  },
  {
    "label_id": "IJ3FUi4Z1k7xeHX3cNHhgA",
    "size": [
      2.2733592392574984,
      5.809798929251251,
      2.3000000000000114
    ],
    "obj_class": "vehicle",
    "point_num_in_lidar": 244,
    "speed": 0.00800383736569648,
    "if_vehicle": true,
    "motion_state": false,
    "pose": [
      [
        -0.09658168739219199,
        -0.9950292453805554,
        0.024264758351970422,
        -41.67612895269167
      ],
      [
        0.9952785176743405,
        -0.09678422694273962,
        -0.007313389847660906,
        33.93914464839327
      ],
      [
        0.009625482660339689,
        0.023443853192231183,
        0.9996788163360553,
        1.3757691191080994
      ],
      [
        0.0,
        0.0,
        0.0,
        1.0
      ]
    ],
    "location": [
      -41.67612895269167,
      33.93914464839327,
      1.3757691191080994
    ],
    "rotation": [
      0.023447087645782256,
      -0.009625631299897625,
      1.6675332961516511
    ]
  },
  {
    "label_id": "IfdBu2DI2RfhBAJHUGroQg",
    "size": [
      1.9592687035667322,
      4.630915370245238,
      1.5400000000000205
    ],
    "obj_class": "vehicle",
    "point_num_in_lidar": 96,
    "speed": 5.728578676879116e-13,
    "if_vehicle": true,
    "motion_state": false,
    "pose": [
      [
        -0.41054286936724477,
        -0.9115183892351431,
        0.024264758351970422,
        33.13559208962488
      ],
      [
        0.9116895536574264,
        -0.41081464443330007,
        -0.007313389847660906,
        25.16788217359317
      ],
      [
        0.016634607408413198,
        0.01911946665865324,
        0.9996788163360553,
        0.7428903844461274
      ],
      [
        0.0,
        0.0,
        0.0,
        1.0
      ]
    ],
    "location": [
      33.13559208962488,
      25.16788217359317,
      0.7428903844461274
    ],
    "rotation": [
      0.0191232780248609,
      -0.016635374664778463,
      1.9939079704513052
    ]
  },
  {
    "label_id": "J7T0lm9jnXkEcN7_fLCHcw",
    "size": [
      2.4105447909986784,
      5.853048720643227,
      1.9400000523537528
    ],
    "obj_class": "vehicle",
    "point_num_in_lidar": 160,
    "speed": 0.0027937556224779414,
    "if_vehicle": true,
    "motion_state": false,
    "pose": [
      [
        0.4358482589878305,
        -0.8996930124433542,
        0.024264758351970422,
        24.549136112737415
      ],
      [
        0.900011297647395,
        0.43580520698586006,
        -0.007313389847660906,
        6.562744575492616
      ],
      [
        -0.003994902292827665,
        0.02502608488385965,
        0.9996788163360553,
        0.9171392576737958
      ],
      [
        0.0,
        0.0,
        0.0,
        1.0
      ]
    ],
    "location": [
      24.549136112737415,
      6.562744575492616,
      0.9171392576737958
    ],
    "rotation": [
      0.025028897710744947,
      0.003994912918840938,
      1.1198119116969005
    ]
  },
  {
    "label_id": "JBOrPuSVmAUR7gx0este5Q",
    "size": [
      1.930057051322368,
      3.939384178519047,
      1.670000000000016
    ],
    "obj_class": "vehicle",
    "point_num_in_lidar": 62,
    "speed": 5.728578676879116e-13,
    "if_vehicle": true,
    "motion_state": false,
    "pose": [
      [
        0.999705567405784,
        2.812108363817693e-15,
        0.024264758351970422,
        -59.680226757508535
      ],
      [
        0.00017750990208540161,
        0.9999732410515647,
        -0.007313389847660906,
        -30.444855134774116
      ],
      [
        -0.024264109052552912,
        0.007315543782194732,
        0.9996788163360553,
        0.46644937359690175
      ],
      [
        0.0,
        0.0,
        0.0,
        1.0
      ]
    ],
    "location": [
      -59.680226757508535,
      -30.444855134774116,
      0.46644937359690175
    ],
    "rotation": [
      0.007317763546200697,
      0.02426649058708212,
      0.00017756218031325576
    ]
  },
  {
    "label_id": "JaWW9h6o2UDYFj3-kc1JMQ",
    "size": [
      1.9718878657398156,
      4.598148893329569,
      1.6200000000000045
    ],
    "obj_class": "vehicle",
    "point_num_in_lidar": 21,
    "speed": 7.105427357601002e-14,
    "if_vehicle": true,
    "motion_state": false,
    "pose": [
      [
        0.4267571613414635,
        0.9040406775947067,
        0.024264758351970422,
        48.46854388648626
      ],
      [
        -0.9042069607960818,
        0.42703195006562333,
        -0.007313389847660906,
        24.853793677992144
      ],
      [
        -0.01697342899030667,
        -0.018819321912715275,
        0.9996788163360553,
        0.8129317674883509
      ],
      [
        0.0,
        0.0,
        0.0,
        1.0
      ]
    ],
    "location": [
      48.46854388648626,
      24.853793677992144,
      0.8129317674883509
    ],
    "rotation": [
      -0.018823144917294192,
      0.016974244095804916,
      -1.1298243642976311
    ]
  },
  {
    "label_id": "KRIFGuPyXMFLkXDccz9mLA",
    "size": [
      1.1528322506114748,
      1.3148555747822952,
      1.8799999999999955
    ],
    "obj_class": "pedestrian",
    "point_num_in_lidar": 96,
    "speed": 3.553580290389376,
    "if_vehicle": false,
    "motion_state": true,
    "pose": [
      [
        -0.021267348177169413,
        -0.9994793251506664,
        0.024264758351970422,
        9.399072167844224
      ],
      [
        0.9997431619427705,
        -0.02145051229242439,
        -0.007313389847660906,
        19.566290852089878
      ],
      [
        0.007830073446805507,
        0.024102989830330584,
        0.9996788163360553,
        1.09157742387481
      ],
      [
        0.0,
        0.0,
        0.0,
        1.0
      ]
    ],
    "location": [
      9.399072167844224,
      19.566290852089878,
      1.09157742387481
    ],
    "rotation": [
      0.024106063355670837,
      -0.007830153459379029,
      1.59206593063098
    ]
  },
  {
    "label_id": "LV0eEgqBFEblVK4wVnO9Gg",
    "size": [
      2.3764124997252902,
      5.358373042693289,
      2.0
    ],
    "obj_class": "vehicle",
    "point_num_in_lidar": 35,
    "speed": 10.283134367587952,
    "if_vehicle": true,
    "motion_state": true,
    "pose": [
      [
        0.02132560557808062,
        -0.999478083826178,
        0.024264758351970422,
        3.8414516790790003
      ],
      [
        0.9997494831837288,
        0.02115384605227212,
        -0.007313389847660906,
        52.401332207926316
      ],
      [
        0.0067962799085407805,
        0.024414642089290457,
        0.9996788163360553,
        0.9824252765368442
      ],
      [
        0.0,
        0.0,
        0.0,
        1.0
      ]
    ],
    "location": [
      3.8414516790790003,
      52.401332207926316,
      0.9824252765368442
    ],
    "rotation": [
      0.024417632268812505,
      -0.006796332229000145,
      1.5494686118331602
    ]
  },
  {
    "label_id": "O0ipbuwo_Nd7uLn6JzKcdA",
    "size": [
      2.0811413058820962,
      4.05562961252444,
      1.4800000000000182
    ],
    "obj_class": "vehicle",
    "point_num_in_lidar": 105,
    "speed": 1.9727399418258775,
    "if_vehicle": true,
    "motion_state": true,
    "pose": [
      [
        0.010413459957342833,
        -0.9996513298914963,
        0.024264758351970422,
        -0.9693182080450242
      ],
      [
        0.9999208380517222,
        0.010238747915523698,
        -0.007313389847660906,
        42.60705109192713
      ],
      [
        0.0070623991432322685,
        0.024338995198755847,
        0.9996788163360553,
        1.0777094617653802
      ],
      [
        0.0,
        0.0,
        0.0,
        1.0
      ]
    ],
    "location": [
      -0.9693182080450242,
      42.60705109192713,
      1.0777094617653802
    ],
    "rotation": [
      0.024342006042162488,
      -0.007062457853663982,
      1.5603824188998017
    ]
  },
  {
    "label_id": "OALsO71VJElCZqqpEuxwSg",
    "size": [
      0.7282363975465637,
      0.7484238371239974,
      1.75
    ],
    "obj_class": "pedestrian",
    "point_num_in_lidar": 558,
    "speed": 1.4369837526939963e-12,
    "if_vehicle": false,
    "motion_state": false,
    "pose": [
      [
        -0.9941860828322859,
        0.10490593026476447,
        0.024264758351970422,
        -9.644523816517903
      ],
      [
        -0.10511054893821034,
        -0.9944336512964774,
        -0.007313389847660906,
        -2.457419880094676
      ],
      [
        0.023362474280418898,
        -0.00982135247510004,
        0.9996788163360553,
        0.8551050577664796
      ],
      [
        0.0,
        0.0,
        0.0,
        1.0
      ]
    ],
    "location": [
      -9.644523816517903,
      -2.457419880094676,
      0.8551050577664796
    ],
    "rotation": [
      -0.009824191874562082,
      -0.023364600029245834,
      -3.0362587318883167
    ]
  },
  {
    "label_id": "OT_LQYpVVYfOWKlnu-6-Nw",
    "size": [
      0.6680816975146147,
      0.10103950605568145,
      0.6200000000000045
    ],
    "obj_class": "sign",
    "point_num_in_lidar": 28,
    "speed": 0.013640737333421716,
    "if_vehicle": false,
    "motion_state": false,
    "pose": [
      [
        -0.09711045061655488,
        -0.9949777795926751,
        0.024264758351970422,
        -12.920069407122355
      ],
      [
        0.9952269442180158,
        -0.09731312260639001,
        -0.007313389847660906,
        -6.43444580668438
      ],
      [
        0.009637939796440986,
        0.023438734723179217,
        0.9996788163360553,
        1.4802919195130357
      ],
      [
        0.0,
        0.0,
        0.0,
        1.0
      ]
    ],
    "location": [
      -12.920069407122355,
      -6.43444580668438,
      1.4802919195130357
    ],
    "rotation": [
      0.023441970345967518,
      -0.009638089013862603,
      1.6680645931945988
    ]
  },
  {
    "label_id": "P7N3RrlXPGrRenxyItYCpA",
    "size": [
      0.8653216533715178,
      0.8697376634354017,
      1.5199999999999818
    ],
    "obj_class": "pedestrian",
    "point_num_in_lidar": 34,
    "speed": 0.831977665796019,
    "if_vehicle": false,
    "motion_state": false,
    "pose": [
      [
        0.6989502102546749,
        -0.7147585781836172,
        0.024264758351970422,
        -23.570886509704906
      ],
      [
        0.7150740636906958,
        0.6990104418145774,
        -0.007313389847660906,
        29.698871560663974
      ],
      [
        -0.011734011326918193,
        0.02246279473091324,
        0.9996788163360553,
        0.8683386127411836
      ],
      [
        0.0,
        0.0,
        0.0,
        1.0
      ]
    ],
    "location": [
      -23.570886509704906,
      29.698871560663974,
      0.8683386127411836
    ],
    "rotation": [
      0.02246623116316835,
      0.01173428061378225,
      0.7968004815596024
    ]
  },
  {
    "label_id": "PGlBKCM-r1s0dqCceAW5Ng",
    "size": [
      0.9346793005374606,
      0.8098904127337361,
      2.0500000000000114
    ],
    "obj_class": "pedestrian",
    "point_num_in_lidar": 88,
    "speed": 1.5917755629794397,
    "if_vehicle": false,
    "motion_state": true,
    "pose": [
      [
        0.014235749078361669,
        0.9996042041479709,
        0.024264758351970422,
        -21.43086832922836
      ],
      [
        -0.9998693229228166,
        0.014417052639300954,
        -0.007313389847660906,
        0.38496125922029023
      ],
      [
        -0.007660321536735206,
        -0.02415747592148689,
        0.9996788163360553,
        0.8675566235532415
      ],
      [
        0.0,
        0.0,
        0.0,
        1.0
      ]
    ],
    "location": [
      -21.43086832922836,
      0.38496125922029023,
      0.8675566235532415
    ],
    "rotation": [
      -0.02416053521486662,
      0.007660396457329837,
      -1.5565596791033722
    ]
  },
  {
    "label_id": "Q3zAM_DhuaveZ4DsImfSKQ",
    "size": [
      1.9393335923807145,
      4.448500843808347,
      1.509999999999991
    ],
    "obj_class": "vehicle",
    "point_num_in_lidar": 434,
    "speed": 5.728578676879116e-13,
    "if_vehicle": true,
    "motion_state": false,
    "pose": [
      [
        0.40280344411110275,
        0.9149648118448895,
        0.024264758351970422,
        31.368479967462463
      ],
      [
        -0.915138273284614,
        0.40307375888116476,
        -0.007313389847660906,
        -8.02121013348551
      ],
      [
        -0.016471981723185244,
        -0.019259750441125646,
        0.9996788163360553,
        0.6257259797116603
      ],
      [
        0.0,
        0.0,
        0.0,
        1.0
      ]
    ],
    "location": [
      31.368479967462463,
      -8.02121013348551,
      0.6257259797116603
    ],
    "rotation": [
      -0.01926355518942681,
      0.016472726694132234,
      -1.156158907036262
    ]
  },
  {
    "label_id": "TPHe_VyIVOzq8VdRRqF9Zg",
    "size": [
      2.0058904394794888,
      4.565020036356494,
      1.6000000453332746
    ],
    "obj_class": "vehicle",
    "point_num_in_lidar": 55,
    "speed": 8.556067554929069e-13,
    "if_vehicle": true,
    "motion_state": false,
    "pose": [
      [
        -0.3671388477020084,
        -0.9298496050492047,
        0.024264758351970422,
        36.31723048823369
      ],
      [
        0.9300333846128014,
        -0.3674022561642664,
        -0.007313389847660906,
        25.127545031966292
      ],
      [
        0.01571527962521302,
        0.019882005815429003,
        0.9996788163360553,
        0.7456453703026682
      ],
      [
        0.0,
        0.0,
        0.0,
        1.0
      ]
    ],
    "location": [
      36.31723048823369,
      25.127545031966292,
      0.7456453703026682
    ],
    "rotation": [
      0.019885771991954605,
      -0.01571592656425153,
      1.9467762641369897
    ]
  },
  {
    "label_id": "UahDY1qvMQ82owWsLmLHZQ",
    "size": [
      2.002493569226937,
      4.635795969975856,
      1.420000000000016
    ],
    "obj_class": "vehicle",
    "point_num_in_lidar": 27,
    "speed": 0.004460713416612929,
    "if_vehicle": true,
    "motion_state": false,
    "pose": [
      [
        -0.010709691495381594,
        0.9996482001235205,
        0.024264758351970422,
        -35.90876219500342
      ],
      [
        -0.9999177600452615,
        -0.010535059326020108,
        -0.007313389847660906,
        60.29508560773684
      ],
      [
        -0.007055186329246303,
        -0.024341086968395726,
        0.9996788163360553,
        0.83553542510856
      ],
      [
        0.0,
        0.0,
        0.0,
        1.0
      ]
    ],
    "location": [
      -35.90876219500342,
      60.29508560773684,
      0.83553542510856
    ],
    "rotation": [
      -0.02434409724415755,
      0.007055244859976448,
      -1.5815064895961604
    ]
  },
  {
    "label_id": "VGjov7bkavvXDjbYIRZ89A",
    "size": [
      2.1850674714744183,
      4.4730054687377265,
      1.7300000000000182
    ],
    "obj_class": "vehicle",
    "point_num_in_lidar": 26,
    "speed": 0.0,
    "if_vehicle": true,
    "motion_state": false,
    "pose": [
      [
        0.49193945335838085,
        -0.8702912131761287,
        0.024264758351970422,
        60.9527457239501
      ],
      [
        0.8706115856503481,
        0.49191664056049433,
        -0.007313389847660906,
        6.245396404539861
      ],
      [
        -0.005571459489562696,
        0.02472292474808654,
        0.9996788163360553,
        1.225690203621184
      ],
      [
        0.0,
        0.0,
        0.0,
        1.0
      ]
    ],
    "location": [
      60.9527457239501,
      6.245396404539861,
      1.225690203621184
    ],
    "rotation": [
      0.024725827818203063,
      0.005571488314060359,
      1.0564715571645487
    ]
  },
  {
    "label_id": "VHA13Gbr081QyI04rCo8OA",
    "size": [
      2.005813576224926,
      4.6122843919283225,
      1.5000000135808023
    ],
    "obj_class": "vehicle",
    "point_num_in_lidar": 22,
    "speed": 6.703246762680667e-13,
    "if_vehicle": true,
    "motion_state": false,
    "pose": [
      [
        0.4123879648736234,
        -0.9106851200769185,
        0.024264758351970422,
        31.075001850244462
      ],
      [
        0.9110021827840303,
        0.41233667953708447,
        -0.007313389847660906,
        6.957101241539931
      ],
      [
        -0.0033450545770348354,
        0.025121201778976386,
        0.9996788163360553,
