[
  {
    "label_id": "-zBoeL2qb2QbIoyVku7wXQ",
    "size": [
      1.0000000000006273,
      1.0,
      1.7300000000000182
    ],
    "obj_class": "pedestrian",
    "point_num_in_lidar": 56,
    "speed": 1.2975105624157326,
    "if_vehicle": false,
    "motion_state": true,
    "pose": [
      [
        -0.995889258997685,
        0.08695308482362585,
        0.025372127476760764,
        -31.18782236477955
      ],
      [
        -0.08711031678743472,
        -0.9961853235925596,
        -0.005156914579465815,
        -9.95872459997372
      ],
      [
        0.024826931389812113,
        -0.007345889901330375,
        0.9996647745015942,
        0.5879163029932215
      ],
      [
        0.0,
        0.0,
        0.0,
        1.0
      ]
    ],
    "location": [
      -31.18782236477955,
      -9.95872459997372,
      0.5879163029932215
    ],
    "rotation": [
      -0.007348220994814702,
      -0.024829482553761682,
      -3.0543448290646222
    ]
  },
  {
    "label_id": "0cZY4uGMViZUBjt3EbeEjQ",
    "size": [
      0.5797649982003577,
      0.11245629792028922,
      0.660000000000025
    ],
    "obj_class": "sign",
    "point_num_in_lidar": 116,
    "speed": 0.0019102892019885868,
    "if_vehicle": false,
    "motion_state": false,
    "pose": [
      [
        0.9994894578264932,
        0.01941851799200099,
        0.025372127476760764,
        -12.05645213446769
      ],
      [
        -0.01929365350597103,
        0.9998005606951877,
        -0.005156914579465815,
        -19.527247395972154
      ],
      [
        -0.02546720691583976,
        0.004664760720841876,
        0.9996647745015942,
        1.292299235963469
      ],
      [
        0.0,
        0.0,
        0.0,
        1.0
      ]
    ],
    "location": [
      -12.05645213446769,
      -19.527247395972154,
      1.292299235963469
    ],
    "rotation": [
      0.004666291123302677,
      0.025469960633970532,
      -0.019301111637655622
    ]
  },
  {
    "label_id": "0zCQwnJdl42AdLzZADBxXg",
    "size": [
      0.8289207527314593,
      0.10828005381067762,
      1.589999999999975
    ],
    "obj_class": "sign",
    "point_num_in_lidar": 120,
    "speed": 0.0030579857628415,
    "if_vehicle": false,
    "motion_state": false,
    "pose": [
      [
        0.0004603168928944721,
        0.9996779697760979,
        0.025372127476760764,
        8.066357676402731
      ],
      [
        -0.9999865281819837,
        0.0005913430160098817,
        -0.005156914579465815,
        15.291955536324167
      ],
      [
        -0.00517025752749384,
        -0.025369411853180573,
        0.9996647745015942,
        2.854785677486916
      ],
      [
        0.0,
        0.0,
        0.0,
        1.0
      ]
    ],
    "location": [
      8.066357676402731,
      15.291955536324167,
      2.854785677486916
    ],
    "rotation": [
      -0.0253724731617141,
      0.005170280562614987,
      -1.5703360037331269
    ]
  },
  {
    "label_id": "14QyZM8v7J77UsDSgWPxQQ",
    "size": [
      0.920822167458819,
      0.24749274453211412,
      0.7599999999999909
    ],
    "obj_class": "sign",
    "point_num_in_lidar": 26,
    "speed": 3.1776437161565096e-13,
    "if_vehicle": false,
    "motion_state": false,
    "pose": [
      [
        -0.0954292123894049,
        0.9951128180111242,
        0.025372127476760764,
        7.944282822142213
      ],
      [
        -0.9954325215215744,
        -0.09532838679648659,
        -0.005156914579465815,
        33.56202266997025
      ],
      [
        -0.0027130278174604624,
        -0.02574836112723665,
        0.9996647745015942,
        3.2106249459071137
      ],
      [
        0.0,
        0.0,
        0.0,
        1.0
      ]
    ],
    "location": [
      7.944282822142213,
      33.56202266997025,
      3.2106249459071137
    ],
    "rotation": [
      -0.02575130186891939,
      0.002713031145687377,
      -1.666371330220912
    ]
  },
  {
    "label_id": "1Myj1w9PMad1lmgyo4duUQ",
    "size": [
      1.0321513240759783,
      1.1043242572574457,
      2.0
    ],
    "obj_class": "pedestrian",
    "point_num_in_lidar": 125,
    "speed": 1.3950123399522283,
    "if_vehicle": false,
    "motion_state": true,
    "pose": [
      [
        -0.025545058568027048,
        -0.9993516423812285,
        0.025372127476760764,
        -19.94806542202423
      ],
      [
        0.999656815794612,
        -0.025683786079881553,
        -0.005156914579465815,
        -9.849316368414293
      ],
      [
        0.0058052233491134725,
        0.025231686478390886,
        0.9996647745015942,
        0.7557691191083222
      ],
      [
        0.0,
        0.0,
        0.0,
        1.0
      ]
    ],
    "location": [
      -19.94806542202423,
      -9.849316368414293,
      0.7557691191083222
    ],
    "rotation": [
      0.025234789795292933,
      -0.005805255956210515,
      1.5963445950106607
    ]
  },
  {
    "label_id": "1b1GHu4GkmrBSy00-B53VA",
    "size": [
      2.078211251868323,
      4.63312486988027,
      1.5600000000000023
    ],
    "obj_class": "vehicle",
    "point_num_in_lidar": 48,
    "speed": 5.728578676879116e-13,
    "if_vehicle": true,
    "motion_state": false,
    "pose": [
      [
        -0.999583557080546,
        0.01374654725760693,
        0.025372127476760764,
        -32.177335621462134
      ],
      [
        -0.013881662719290167,
        -0.9998903468241744,
        -0.005156914579465815,
        -15.356775231080974
      ],
      [
        0.02529845557243542,
        -0.005506974335006194,
        0.9996647745015942,
        0.33745348160886124
      ],
      [
        0.0,
        0.0,
        0.0,
        1.0
      ]
    ],
    "location": [
      -32.177335621462134,
      -15.356775231080974,
      0.33745348160886124
    ],
    "rotation": [
      -0.005508765307699267,
      -0.025301154901839495,
      -3.1277061002216056
    ]
  },
  {
    "label_id": "3lFYHvBGrKIH0LWMb4y7rQ",
    "size": [
      1.1075307088888842,
      1.024636171793702,
      1.839999999999975
    ],
    "obj_class": "pedestrian",
    "point_num_in_lidar": 61,
    "speed": 2.8421709430404007e-13,
    "if_vehicle": false,
    "motion_state": false,
    "pose": [
      [
        -0.9957481404318459,
        0.08855448025833494,
        0.025372127476760764,
        -6.090324742025132
      ],
      [
        -0.08871218812576936,
        -0.9960439517962839,
        -0.005156914579465815,
        18.414768817818185
      ],
      [
        0.024815086227110646,
        -0.007385805048738363,
        0.9996647745015942,
        1.1657691191079493
      ],
      [
        0.0,
        0.0,
        0.0,
        1.0
      ]
    ],
    "location": [
      -6.090324742025132,
      18.414768817818185,
      1.1657691191079493
    ],
    "rotation": [
      -0.00738814735959327,
      -0.024817633740574715,
      -3.05273625801574
    ]
  },
  {
    "label_id": "6RtA2k7rqkT2CvrUlYh84Q",
    "size": [
      1.9062079518011497,
      4.363933208093053,
      1.539999955536075
    ],
    "obj_class": "vehicle",
    "point_num_in_lidar": 145,
    "speed": 1.7053025658242404e-12,
    "if_vehicle": true,
    "motion_state": false,
    "pose": [
      [
        0.42526153070527506,
        -0.9047148090141497,
        0.025372127476760764,
        33.69755019447621
      ],
      [
        0.9050497887084624,
        0.4252743657814183,
        -0.005156914579465815,
        6.854348485790979
      ],
      [
        -0.006124578432341034,
        0.025156075999706488,
        0.9996647745015942,
        0.6978302821472653
      ],
      [
        0.0,
        0.0,
        0.0,
        1.0
      ]
    ],
    "location": [
      33.69755019447621,
      6.854348485790979,
      0.6978302821472653
    ],
    "rotation": [
      0.02515920197175158,
      0.006124616722280738,
      1.1315366863997898
    ]
  },
  {
    "label_id": "6SSj38rFVlYZfQljhkORQA",
    "size": [
      2.200048472882576,
      4.83994638465002,
      1.5700000313178748
    ],
    "obj_class": "vehicle",
    "point_num_in_lidar": 84,
    "speed": 1.4281732235759946e-12,
    "if_vehicle": true,
    "motion_state": false,
    "pose": [
      [
        -0.37184850493223875,
        -0.9279466280594815,
        0.025372127476760764,
        23.742547828804163
      ],
      [
        0.9281844172668628,
        -0.3720847937970513,
        -0.005156914579465815,
        26.11382775234597
      ],
      [
        0.014225924315589111,
        0.021632422380400123,
        0.9996647745015942,
        0.7107689754351441
      ],
      [
        0.0,
        0.0,
        0.0,
        1.0
      ]
    ],
    "location": [
      23.742547828804163,
      26.11382775234597,
      0.7107689754351441
    ],
    "rotation": [
      0.021636299722962535,
      -0.01422640419242336,
      1.9518363887981145
    ]
  },
  {
    "label_id": "8BSbbgWqH7MHyKvLrQVHYg",
    "size": [
      2.0115373671053605,
      4.687375114667775,
      1.5699999999999932
    ],
    "obj_class": "vehicle",
    "point_num_in_lidar": 79,
    "speed": 8.526512829121202e-13,
    "if_vehicle": true,
    "motion_state": false,
    "pose": [
      [
        0.4117366093860046,
        0.9109496251926446,
        0.025372127476760764,
        34.05293076285261
      ],
      [
        -0.9111769447207358,
        0.41198298707762837,
        -0.005156914579465815,
        -7.925815729562601
      ],
      [
        -0.015150574269705138,
        -0.020995207071497397,
        0.9996647745015942,
        0.5248602878367592
      ],
      [
        0.0,
        0.0,
        0.0,
        1.0
      ]
    ],
    "location": [
      34.05293076285261,
      -7.925815729562601,
      0.5248602878367592
    ],
    "rotation": [
      -0.02099916038612325,
      0.01515115393980188,
      -1.1463855856901128
    ]
  },
  {
    "label_id": "985T2XPSl7NeZj2uUW2Nxg",
    "size": [
      2.1765248077811323,
      4.918916775180349,
      1.740000000000009
    ],
    "obj_class": "vehicle",
    "point_num_in_lidar": 47,
    "speed": 2.929642751054232e-13,
    "if_vehicle": true,
    "motion_state": false,
    "pose": [
      [
        -0.4167063962320822,
        0.9086869837774577,
        0.025372127476760764,
        64.31590371860511
      ],
      [
        -0.9090220696629249,
        -0.41671607012179473,
        -0.005156914579465815,
        -41.56456852523115
      ],
      [
        0.005886952097932168,
        -0.02521274312076252,
        0.9996647745015942,
        0.9705865257639061
      ],
      [
        0.0,
        0.0,
        0.0,
        1.0
      ]
    ],
    "location": [
      64.31590371860511,
      -41.56456852523115,
      0.9705865257639061
    ],
    "rotation": [
      -0.025215852140700983,
      -0.005886986101698927,
      -2.000623406036789
    ]
  },
  {
    "label_id": "9MprRhxkqn85TQM1QpIWCA",
    "size": [
      2.1792684434740472,
      4.24141432079878,
      2.569999999999993
    ],
    "obj_class": "vehicle",
    "point_num_in_lidar": 716,
    "speed": 0.010212976731972176,
    "if_vehicle": true,
    "motion_state": false,
    "pose": [
      [
        -0.00900254842545303,
        -0.9996375389455671,
        0.025372127476760764,
        5.963555245692078
      ],
      [
        0.9999449664680053,
        -0.009136206396517195,
        -0.005156914579465815,
        1.9237191834890837
      ],
      [
        0.005386850392116152,
        0.025324305785743934,
        0.9996647745015942,
        1.1339004650965308
      ],
      [
        0.0,
        0.0,
        0.0,
        1.0
      ]
    ],
    "location": [
      5.963555245692078,
      1.9237191834890837,
      1.1339004650965308
    ],
    "rotation": [
      0.025327380958027224,
      -0.00538687644520156,
      1.5797991274548442
    ]
  },
  {
    "label_id": "9cq03JJ9_phjbmpFJddeMA",
    "size": [
      1.9848296307250424,
      4.453743106991359,
      1.589999999999975
    ],
    "obj_class": "vehicle",
    "point_num_in_lidar": 51,
    "speed": 8.644125458514253e-13,
    "if_vehicle": true,
    "motion_state": false,
    "pose": [
      [
        -0.47573261300252034,
        -0.8792239396610496,
        0.025372127476760764,
        30.878384772436675
      ],
      [
        0.8794330861439941,
        -0.47599459369542235,
        -0.005156914579465815,
        -28.548618599859765
      ],
      [
        0.016611078262542642,
        0.019859775921006486,
        0.9996647745015942,
        0.5656452845538524
      ],
      [
        0.0,
        0.0,
        0.0,
        1.0
      ]
    ],
    "location": [
      30.878384772436675,
      -28.548618599859765,
      0.5656452845538524
    ],
    "rotation": [
      0.01986382267861607,
      -0.016611842267459622,
      2.0666677097304356
    ]
  },
  {
    "label_id": "BPzzTAA9bP7oBKmxTh7UvA",
    "size": [
      1.0473667897834276,
      0.11581209332175943,
      0.9900000000000091
    ],
    "obj_class": "sign",
    "point_num_in_lidar": 55,
    "speed": 8.644125458514253e-13,
    "if_vehicle": false,
    "motion_state": false,
    "pose": [
      [
        0.019905998113337636,
        -0.9994798679245194,
        0.025372127476760764,
        -18.385135026559965
      ],
      [
        0.9997910316565464,
        0.01978128537680884,
        -0.005156914579465815,
        -5.248713000537464
      ],
      [
        0.004652339008547943,
        0.025469479037201544,
        0.9996647745015942,
        2.9058150459476906
      ],
      [
        0.0,
        0.0,
        0.0,
        1.0
      ]
    ],
    "location": [
      -18.385135026559965,
      -5.248713000537464,
      2.9058150459476906
    ],
    "rotation": [
      0.025472509220493846,
      -0.0046523557914492355,
      1.550888798354436
    ]
  },
  {
    "label_id": "CCmIt8313WiLB_phtsz7sA",
    "size": [
      0.6116716764541862,
      0.13699778994905332,
      0.44999999999998863
    ],
    "obj_class": "sign",
    "point_num_in_lidar": 29,
    "speed": 0.008239547152539967,
    "if_vehicle": false,
    "motion_state": false,
    "pose": [
      [
        0.06236207857945117,
        -0.9977310390594016,
        0.025372127476760764,
        -18.325571443120225
      ],
      [
        0.9980472215086339,
        0.06225070177046939,
        -0.005156914579465815,
        -5.2632436354160745
      ],
      [
        0.0035657810008728375,
        0.025644177244176114,
        0.9996647745015942,
        2.1720897133977815
      ],
      [
        0.0,
        0.0,
        0.0,
        1.0
      ]
    ],
    "location": [
      -18.325571443120225,
      -5.2632436354160745,
      2.1720897133977815
    ],
    "rotation": [
      0.025647151865342298,
      -0.0035657885572779723,
      1.5083933587535285
    ]
  },
  {
    "label_id": "CcntZxmFYeLHQyd4TGiIfg",
    "size": [
      2.245353191037869,
      4.795997877442652,
      1.5500000000000114
    ],
    "obj_class": "vehicle",
    "point_num_in_lidar": 59,
    "speed": 1.7067822212573438e-12,
    "if_vehicle": true,
    "motion_state": false,
    "pose": [
      [
        0.42889613153532546,
        -0.9029974327213427,
        0.025372127476760764,
        55.44133952424454
      ],
      [
        0.9033323580949186,
        0.4289103135280075,
        -0.005156914579465815,
        6.9757049382624245
      ],
      [
        -0.0062256865249091424,
        0.02513124445725819,
        0.9996647745015942,
        0.7507445281966625
      ],
      [
        0.0,
        0.0,
        0.0,
        1.0
      ]
    ],
    "location": [
      55.44133952424454,
      6.9757049382624245,
      0.7507445281966625
    ],
    "rotation": [
      0.02513437780680194,
      0.006225726742687149,
      1.1275166703851665
    ]
  },
  {
    "label_id": "FO4kJmdZ7XvD-XlCJ0VDKA",
    "size": [
      2.185918195186376,
      4.686703586845054,
      1.5799999740141288
    ],
    "obj_class": "vehicle",
    "point_num_in_lidar": 96,
    "speed": 0.0,
    "if_vehicle": true,
    "motion_state": false,
    "pose": [
      [
        0.465381941738577,
        -0.884746236754322,
        0.025372127476760764,
        37.08213792141578
      ],
      [
        0.8850803046011894,
        0.4654097771202125,
        -0.005156914579465815,
        7.166951631432312
      ],
      [
        -0.007245875426578971,
        0.024856305235883405,
        0.9996647745015942,
        0.7055155261750201
      ],
      [
        0.0,
        0.0,
        0.0,
        1.0
      ]
    ],
    "location": [
      37.08213792141578,
      7.166951631432312,
      0.7055155261750201
    ],
    "rotation": [
      0.024859518206495103,
      0.007245938832760576,
      1.0867164422441664
    ]
  },
  {
    "label_id": "G7E0dpVKs975U7aBcub3QA",
    "size": [
      0.7231645363149761,
      0.754610633766295,
      1.759999999999991
    ],
    "obj_class": "pedestrian",
    "point_num_in_lidar": 90,
    "speed": 1.7067822212573438e-12,
    "if_vehicle": false,
    "motion_state": false,
    "pose": [
      [
        -0.9983866806089601,
        0.05079656612336416,
        0.025372127476760764,
        -9.617036769760489
      ],
      [
        -0.05094296289364414,
        -0.9986882500378368,
        -0.005156914579465815,
        -1.6928378460379463
      ],
      [
        0.02507689203707475,
        -0.006441126177758259,
        0.9996647745015942,
        0.9201050577665342
      ],
      [
        0.0,
        0.0,
        0.0,
        1.0
      ]
    ],
    "location": [
      -9.617036769760489,
      -1.6928378460379463,
      0.9201050577665342
    ],
    "rotation": [
      -0.006443196967432185,
      -0.025079521050516963,
      -3.0906115843634363
    ]
  },
  {
    "label_id": "GUMQWP3ToFPbcQl-o7fCyQ",
    "size": [
      1.010741422636784,
      1.0195808008363791,
      1.839999999999975
    ],
    "obj_class": "pedestrian",
    "point_num_in_lidar": 565,
    "speed": 1.4228607195221901e-12,
    "if_vehicle": false,
    "motion_state": false,
    "pose": [
      [
        0.9996780757560421,
        2.0187937063157648e-17,
        0.025372127476760764,
        -8.441772783125543
      ],
      [
        0.00013088402883898315,
        0.9999866944621768,
        -0.005156914579465815,
        -25.057884828895112
      ],
      [
        -0.02537178988695897,
        0.0051585752499030395,
        0.9996647745015942,
        0.806059701992524
      ],
      [
        0.0,
        0.0,
        0.0,
        1.0
      ]
    ],
    "location": [
      -8.441772783125543,
      -25.057884828895112,
      0.806059701992524
    ],
    "rotation": [
      0.005160259312332835,
      0.025374512763206774,
      0.00013092617640147883
    ]
  },
  {
    "label_id": "GhYGBdVqwQ23-v6KYP3YWQ",
    "size": [
      2.146794631457544,
      4.880290596323187,
      1.7099999999999795
    ],
    "obj_class": "vehicle",
    "point_num_in_lidar": 42,
    "speed": 2.929642751054232e-13,
    "if_vehicle": true,
    "motion_state": false,
    "pose": [
      [
        -0.9989580208805913,
        0.03793583616628282,
        0.025372127476760764,
        -44.02525923857365
      ],
      [
        -0.03807833739997241,
        -0.9992614504987539,
        -0.005156914579465815,
        -42.92962003539651
      ],
      [
        0.025157757038057126,
        -0.006117669612768644,
        0.9996647745015942,
        0.5994161950800958
      ],
      [
        0.0,
        0.0,
        0.0,
        1.0
      ]
    ],
    "location": [
      -44.02525923857365,
      -42.92962003539651,
      0.5994161950800958
    ],
    "rotation": [
      -0.00611964470451048,
      -0.025160411571652757,
      -3.103493043562888
    ]
  },
  {
    "label_id": "J7T0lm9jnXkEcN7_fLCHcw",
    "size": [
      2.410544790998678,
      5.853048720643227,
      1.9400000523537528
    ],
    "obj_class": "vehicle",
    "point_num_in_lidar": 279,
    "speed": 0.0027937556232710673,
    "if_vehicle": true,
    "motion_state": false,
    "pose": [
      [
        0.4358362732711684,
        -0.8996682711135268,
        0.025372127476760764,
        24.54182184971296
      ],
      [
        0.9000030773609163,
        0.4358530336855537,
        -0.005156914579465815,
        6.568355956373125
      ],
      [
        -0.006419006307814625,
        0.025082563240170285,
        0.9996647745015942,
        0.9071902336080484
      ],
      [
        0.0,
        0.0,
        0.0,
        1.0
      ]
    ],
    "location": [
      24.54182184971296,
      6.568355956373125,
      0.9071902336080484
    ],
    "rotation": [
      0.025085710963111147,
      0.006419050389704943,
      1.1198191163856777
    ]
  },
  {
    "label_id": "KRIFGuPyXMFLkXDccz9mLA",
    "size": [
      1.1528322506114745,
      1.3148555747822952,
      1.8799999999999955
    ],
    "obj_class": "pedestrian",
    "point_num_in_lidar": 40,
    "speed": 3.886933609199945,
    "if_vehicle": false,
    "motion_state": true,
    "pose": [
      [
        -0.0212667633304837,
        -0.9994518397225292,
        0.025372127476760764,
        9.618799022617623
      ],
      [
        0.9997576042094846,
        -0.021404183173658987,
        -0.005156914579465815,
        7.469122572363631
      ],
      [
        0.005697157427757055,
        0.02525630649798696,
        0.9996647745015942,
        1.0595815318267796
      ],
      [
        0.0,
        0.0,
        0.0,
        1.0
      ]
    ],
    "location": [
      9.618799022617623,
      7.469122572363631,
      1.0595815318267796
    ],
    "rotation": [
      0.025259402375795426,
      -0.005697188247552647,
      1.5920650387439752
    ]
  },
  {
    "label_id": "L-mkBa_rTdt5A7Gv4zRNEA",
    "size": [
      0.4750061503397842,
      0.09032537733729915,
      0.45999999999997954
    ],
    "obj_class": "sign",
    "point_num_in_lidar": 76,
    "speed": 0.007086419971733697,
    "if_vehicle": false,
    "motion_state": false,
    "pose": [
      [
        -0.01270021087027181,
        0.9995973988517345,
        0.025372127476760764,
        8.349112193907786
      ],
      [
        -0.9999076554415077,
        -0.01257325818899359,
        -0.005156914579465815,
        -6.005448813188195
      ],
      [
        -0.004835828090165243,
        -0.02543527840145011,
        0.9996647745015942,
        2.237047188456188
      ],
      [
        0.0,
        0.0,
        0.0,
        1.0
      ]
    ],
    "location": [
      8.349112193907786,
      -6.005448813188195,
      2.237047188456188
    ],
    "rotation": [
      -0.025438319279883083,
      0.004835846938191617,
      -1.5834970276174039
    ]
  },
  {
    "label_id": "LV0eEgqBFEblVK4wVnO9Gg",
    "size": [
      2.3764124997252822,
      5.358373042693289,
      2.0
    ],
    "obj_class": "vehicle",
    "point_num_in_lidar": 77,
    "speed": 9.228439704971105,
    "if_vehicle": true,
    "motion_state": true,
    "pose": [
      [
        0.09224387917326142,
        -0.9954131413148872,
        0.025372127476760764,
        1.6159426495219122
      ],
      [
        0.9957325204970731,
        0.09214203089017461,
        -0.005156914579465815,
        19.718485279707238
      ],
      [
        0.0027954211873254687,
        0.02573954624818312,
        0.9996647745015942,
        0.9804219495131861
      ],
      [
        0.0,
        0.0,
        0.0,
        1.0
      ]
    ],
    "location": [
      1.6159426495219122,
      19.718485279707238,
      0.9804219495131861
    ],
    "rotation": [
      0.025742489877977427,
      -0.002795424828085328,
      1.4784207660441098
    ]
  },
  {
    "label_id": "O0ipbuwo_Nd7uLn6JzKcdA",
    "size": [
      2.081141305883716,
      4.05562961252444,
      1.4800000000000182
    ],
    "obj_class": "vehicle",
    "point_num_in_lidar": 58,
    "speed": 1.8651429599129983,
    "if_vehicle": true,
    "motion_state": true,
    "pose": [
      [
        -0.005469790172904412,
        -0.9996631115244612,
        0.025372127476760764,
        -0.9635551608234891
      ],
      [
        0.9999710094721498,
        -0.00560236086570851,
        -0.005156914579465815,
        37.38265217281696
      ],
      [
        0.0052973210884302265,
        0.025343184684703264,
        0.9996647745015942,
        1.0777094617653802
      ],
      [
        0.0,
        0.0,
        0.0,
        1.0
      ]
    ],
    "location": [
      -0.9635551608234891,
      37.38265217281696,
      1.0777094617653802
    ],
    "rotation": [
      0.025346254066935702,
      -0.005297345863970121,
      1.576266220991241
    ]
  },
  {
    "label_id": "OALsO71VJElCZqqpEuxwSg",
    "size": [
      0.728236397546564,
      0.7484238371239974,
      1.75
    ],
    "obj_class": "pedestrian",
    "point_num_in_lidar": 49,
    "speed": 1.4369837526939963e-12,
    "if_vehicle": false,
    "motion_state": false,
    "pose": [
      [
        -0.9941587429669708,
        0.10490304537826974,
        0.025372127476760764,
        -9.644523816517903
      ],
      [
        -0.10506559224976772,
        -0.9944519232005263,
        -0.005156914579465815,
        -2.457419880092857
      ],
      [
        0.0246903849208121,
        -0.007792529315892254,
        0.9996647745015942,
        0.8551050577664796
      ],
      [
        0.0,
        0.0,
        0.0,
        1.0
      ]
    ],
    "location": [
      -9.644523816517903,
      -2.457419880092857,
      0.8551050577664796
    ],
    "rotation": [
      -0.007794984563509686,
      -0.024692894214516013,
      -3.0363005776688112
    ]
  },
  {
    "label_id": "OT_LQYpVVYfOWKlnu-6-Nw",
    "size": [
      0.6680816975146172,
      0.10103950605568145,
      0.6200000000000045
    ],
    "obj_class": "sign",
    "point_num_in_lidar": 73,
    "speed": 0.0170894181448017,
    "if_vehicle": false,
    "motion_state": false,
    "pose": [
      [
        -0.09710778010375981,
        -0.9949504179559013,
        0.025372127476760764,
        -12.96187579838579
      ],
      [
        0.9952448631981297,
        -0.09726802408683127,
        -0.005156914579465815,
        -6.44775176742769
      ],
      [
        0.007598771022746114,
        0.024750703012657634,
        0.9996647745015942,
        1.3481074968464668
      ],
      [
        0.0,
        0.0,
        0.0,
        1.0
      ]
    ],
    "location": [
      -12.96187579838579,
      -6.44775176742769,
      1.3481074968464668
    ],
    "rotation": [
      0.02475394556425392,
      -0.007598844151825828,
      1.6680601949768217
    ]
  },
  {
    "label_id": "PGlBKCM-r1s0dqCceAW5Ng",
    "size": [
      0.9346793005391252,
      0.8098904127337361,
      2.0500000000000114
    ],
    "obj_class": "pedestrian",
    "point_num_in_lidar": 68,
    "speed": 1.578215116483301,
    "if_vehicle": false,
    "motion_state": true,
    "pose": [
      [
        0.009681277901455208,
        0.9996311959945516,
        0.025372127476760764,
        -20.969898181089775
      ],
      [
        -0.9999385326953505,
        0.009815144578128482,
        -0.005156914579465815,
        5.600861009028449
      ],
      [
        -0.0054040437881522655,
        -0.025320642397313672,
        0.9996647745015942,
        0.8675566235531846
      ],
      [
        0.0,
        0.0,
        0.0,
        1.0
      ]
    ],
    "location": [
      -20.969898181089775,
      5.600861009028449,
      0.8675566235531846
    ],
    "rotation": [
      -0.025323718691046194,
      0.00540407009150053,
      -1.5611147562797403
    ]
  },
  {
    "label_id": "Q3zAM_DhuaveZ4DsImfSKQ",
    "size": [
      1.9393335923807127,
      4.448500843808347,
      1.509999999999991
    ],
    "obj_class": "vehicle",
    "point_num_in_lidar": 478,
    "speed": 5.728578676879116e-13,
    "if_vehicle": true,
    "motion_state": false,
    "pose": [
      [
        0.4027923671184765,
        0.9149396505444484,
        0.025372127476760764,
        31.368479967462463
      ],
      [
        -0.9151693729009928,
        0.4030365059594772,
        -0.005156914579465815,
        -8.021210133483692
      ],
      [
        -0.01494415923021613,
        -0.021142628161580378,
        0.9996647745015942,
        0.5705865257640426
      ],
      [
        0.0,
        0.0,
        0.0,
        1.0
      ]
    ],
    "location": [
      31.368479967462463,
      -8.021210133483692,
      0.5705865257640426
    ],
    "rotation": [
      -0.021146565434932003,
      0.014944715527395264,
      -1.1561815766555732
    ]
  },
  {
    "label_id": "SBi5zCd-300qMHRqxAbkag",
    "size": [
      2.421630869636372,
      4.744363768118542,
      1.670000000000016
    ],
    "obj_class": "vehicle",
    "point_num_in_lidar": 138,
    "speed": 2.100782280995191,
    "if_vehicle": true,
    "motion_state": true,
    "pose": [
      [
        -0.6787688166663933,
        0.7339135839242976,
        0.025372127476760764,
        60.89266969476057
      ],
      [
        -0.734229024930466,
        -0.6788822763791061,
        -0.005156914579465815,
        -37.46338024918441
      ],
      [
        0.013439957996996996,
        -0.02212930522442723,
        0.9996647745015942,
        0.7598602878367728
      ],
      [
        0.0,
        0.0,
        0.0,
        1.0
      ]
    ],
    "location": [
      60.89266969476057,
      -37.46338024918441,
      0.7598602878367728
    ],
    "rotation": [
      -0.022133111161377235,
      -0.013440362645359978,
      -2.3169645969030714
    ]
  },
  {
    "label_id": "V0gHLHaZY6_fazrDh1057g",
    "size": [
      0.5103377778332921,
      0.12106859807050868,
      0.589999999999975
    ],
    "obj_class": "sign",
    "point_num_in_lidar": 93,
    "speed": 0.00694379963739646,
    "if_vehicle": false,
    "motion_state": false,
    "pose": [
      [
        0.9994894578265101,
        0.01941851799113013,
        0.025372127476760764,
        -12.028399832078776
      ],
      [
        -0.019293653505099904,
        0.9998005606952045,
        -0.005156914579465815,
        -19.558628935443267
      ],
      [
        -0.025467206915835695,
        0.004664760720864066,
        0.9996647745015942,
        0.657299235963194
      ],
      [
        0.0,
        0.0,
        0.0,
        1.0
      ]
    ],
    "location": [
      -12.028399832078776,
      -19.558628935443267,
      0.657299235963194
    ],
    "rotation": [
      0.004666291123324873,
      0.025469960633966462,
      -0.01930111163678405
    ]
  },
  {
    "label_id": "VBixxlZ-nYOf9L47qOhL5Q",
    "size": [
      3.430539923413353,
      2.7957590169782516,
      3.1200000000000045
    ],
    "obj_class": "vehicle",
    "point_num_in_lidar": 3812,
    "speed": 1.4210854715202004e-13,
    "if_vehicle": true,
    "motion_state": false,
    "pose": [
      [
        0.9991374056244822,
        0.032873999289440285,
        0.025372127476760764,
        -9.738696619093844
      ],
      [
        -0.0327533348467451,
        0.9994501614830212,
        -0.005156914579465815,
        -25.815361898308765
      ],
      [
        -0.02552770531003741,
        0.004321444466933894,
        0.9996647745015942,
        1.3264020977599102
      ],
      [
        0.0,
        0.0,
        0.0,
        1.0
      ]
    ],
    "location": [
      -9.738696619093844,
      -25.815361898308765,
      1.3264020977599102
    ],
    "rotation": [
      0.004322866683507246,
      0.025530478703387524,
      -0.03276987690067
    ]
  },
  {
    "label_id": "VHA13Gbr081QyI04rCo8OA",
    "size": [
      2.0058135762249267,
      4.6122843919283225,
      1.5000000135808023
    ],
    "obj_class": "vehicle",
    "point_num_in_lidar": 238,
    "speed": 6.703246762680667e-13,
    "if_vehicle": true,
    "motion_state": false,
    "pose": [
      [
        0.4123766243091034,
        -0.9106600764669173,
        0.025372127476760764,
        31.075001850244462
      ],
      [
        0.9109952046013049,
        0.4123847031904148,
        -0.005156914579465815,
        6.95710124154175
      ],
      [
        -0.005766881033543658,
        0.025240477487992578,
        0.9996647745015942,
        0.6455154923624491
      ],
      [
        0.0,
        0.0,
        0.0,
        1.0
      ]
    ],
    "location": [
      31.075001850244462,
      6.95710124154175,
      0.6455154923624491
    ],
    "rotation": [
      0.02524357815214752,
      0.0057669129988025475,
      1.1457275032656977
    ]
  },
  {
    "label_id": "VaiuGQu8ojV0zmfdDXK8NQ",
    "size": [
      2.1621031463771705,
      4.804540474958928,
      1.8100000000000023
    ],
    "obj_class": "vehicle",
    "point_num_in_lidar": 40,
    "speed": 10.666917104290023,
    "if_vehicle": true,
    "motion_state": true,
    "pose": [
      [
        0.014675475800084261,
        0.9995703504793167,
        0.025372127476760764,
        -15.254471349503092
      ],
      [
        -0.9998770145247655,
        0.01481087630972304,
        -0.005156914579465815,
        28.538520616644746
      ],
      [
        -0.005530482355361371,
        -0.025293326898491276,
        0.9996647745015942,
        0.7243493382671318
      ],
      [
        0.0,
        0.0,
        0.0,
        1.0
      ]
    ],
    "location": [
      -15.254471349503092,
      28.538520616644746,
      0.7243493382671318
    ],
    "rotation": [
      -0.02529641153272564,
      0.005530510548521658,
      -1.5561200997054538
    ]
  },
  {
    "label_id": "VxqZnSxhyqV7qXeYWP1FFg",
    "size": [
      1.9450108571087377,
      3.845411218201237,
      1.5600000000000023
    ],
    "obj_class": "vehicle",
    "point_num_in_lidar": 71,
    "speed": 3.1776437161565096e-13,
    "if_vehicle": true,
    "motion_state": false,
    "pose": [
      [
        0.3872857066401517,
        -0.9216105666600949,
        0.025372127476760764,
        46.24819732688775
      ],
      [
        0.9219457903509678,
        0.38728460579546586,
        -0.005156914579465815,
        7.019450563582723
      ],
      [
        -0.005073567420230406,
        0.02538892542643903,
        0.9996647745015942,
        0.7628776419321639
      ],
      [
        0.0,
        0.0,
        0.0,
        1.0
      ]
    ],
    "location": [
      46.24819732688775,
      7.019450563582723,
      0.7628776419321639
    ],
    "rotation": [
      0.025391980705332724,
      0.0050735891870054015,
      1.173105202018763
    ]
  },
  {
    "label_id": "XBjwbQ2hMaBfNBcFAPuA2Q",
    "size": [
      2.0126090485319805,
      4.559242607883692,
      1.6000000000000227
    ],
    "obj_class": "vehicle",
    "point_num_in_lidar": 82,
    "speed": 5.684341886080801e-13,
    "if_vehicle": true,
    "motion_state": false,
    "pose": [
      [
        0.320557246693097,
        -0.9468892790288863,
        0.025372127476760764,
        49.25391774884247
      ],
      [
        0.9472235702133907,
        0.32053223592053576,
        -0.005156914579465815,
        7.0158911722701305
      ],
      [
        -0.0032495576220230513,
        0.02568616351147165,
        0.9996647745015942,
        0.6906901404134373
      ],
      [
        0.0,
        0.0,
        0.0,
        1.0
      ]
    ],
    "location": [
      49.25391774884247,
      7.0158911722701305,
      0.6906901404134373
    ],
    "rotation": [
      0.025689124546227682,
      0.003249563341068403,
      1.2444768198989578
    ]
  },
  {
    "label_id": "XyAxUGdmqMFw7b0wTh54ug",
    "size": [
      2.2042834509084157,
      4.816181074960838,
      1.5400000000000205
    ],
    "obj_class": "vehicle",
    "point_num_in_lidar": 1333,
    "speed": 12.029224067373164,
    "if_vehicle": true,
    "motion_state": true,
    "pose": [
      [
        0.008474524664528275,
        0.9996421547628997,
        0.025372127476760764,
        -14.946856012034914
      ],
      [
        -0.9999496528424567,
        0.008608020229436825,
        -0.005156914579465815,
        -19.22484801297287
      ],
      [
        -0.005373472988729227,
        -0.02532714766246494,
        0.9996647745015942,
        0.4285707980167217
      ],
      [
        0.0,
        0.0,
        0.0,
        1.0
      ]
    ],
    "location": [
      -14.946856012034914,
      -19.22484801297287,
      0.4285707980167217
    ],
    "rotation": [
      -0.025330221964314985,
      0.005373498848198237,
      -1.5623215783358102
    ]
  },
  {
    "label_id": "_0XRthlvxJHqJVefxsO4cw",
    "size": [
      2.0098584540583544,
      4.920467986135323,
      1.5500000000000114
    ],
    "obj_class": "vehicle",
    "point_num_in_lidar": 611,
    "speed": 2.8421709430404007e-13,
    "if_vehicle": true,
    "motion_state": false,
    "pose": [
      [
        -0.4789021634488678,
        -0.8775015515606208,
        0.025372127476760764,
        27.46319182232628
      ],
      [
        0.8777097513340774,
        -0.47916489713364013,
        -0.005156914579465815,
        -28.3178348048732
      ],
      [
        0.016682633397210517,
        0.01979970614961702,
        0.9996647745015942,
        0.537261683040299
      ],
      [
        0.0,
        0.0,
        0.0,
        1.0
      ]
    ],
    "location": [
      27.46319182232628,
      -28.3178348048732,
      0.537261683040299
    ],
    "rotation": [
      0.019803756398596703,
      -0.016683407318804962,
      2.0702759715790795
    ]
  },
  {
    "label_id": "as3rRVEejdfBFrkDodiszQ",
    "size": [
      0.627570657138528,
      0.0914467393605467,
      0.5799999999999841
    ],
    "obj_class": "sign",
    "point_num_in_lidar": 186,
    "speed": 0.02419453165752608,
    "if_vehicle": false,
    "motion_state": false,
    "pose": [
      [
        0.9991385880495496,
        0.03283804223237709,
        0.025372127476760764,
        -2.2985373386877654
      ],
      [
        -0.03271736653427753,
        0.9994513395654047,
        -0.005156914579465815,
        -16.48982206837718
      ],
      [
        -0.025527549773022018,
        0.004322363157208015,
        0.9996647745015942,
        0.7978007838141252
      ],
      [
        0.0,
        0.0,
        0.0,
        1.0
      ]
    ],
    "location": [
      -2.2985373386877654,
      -16.48982206837718,
      0.7978007838141252
    ],
    "rotation": [
      0.0043237856646760175,
      0.025530323115668743,
      -0.032733877426485536
    ]
  },
  {
    "label_id": "c0BU6ISn7OeehcdVC0TAGA",
    "size": [
      2.0612162596470713,
      4.530024005241113,
      1.6100000000000136
    ],
    "obj_class": "vehicle",
    "point_num_in_lidar": 20,
    "speed": 5.728578676879116e-13,
    "if_vehicle": true,
    "motion_state": false,
    "pose": [
      [
        -0.9996373027039773,
        -0.009028742438439298,
        0.025372127476760764,
        -74.38825208861226
      ],
      [
        0.008900651083980584,
        -0.9999470909214654,
        -0.005156914579465815,
        -15.948392163201788
      ],
      [
        0.025417345514390538,
        -0.0049292157265630986,
        0.9996647745015942,
        0.049487946285523776
      ],
      [
        0.0,
        0.0,
        0.0,
        1.0
      ]
    ],
    "location": [
      -74.38825208861226,
      -15.948392163201788,
      0.049487946285523776
    ],
    "rotation": [
      -0.004930828717887488,
      -0.025420083086799848,
      3.1326890083784154
    ]
  },
  {
    "label_id": "cKixMD6Kv-IkYAQZzIhn3Q",
    "size": [
      0.9882731918054044,
      0.9291493449921988,
      1.079999999999984
    ],
    "obj_class": "sign",
    "point_num_in_lidar": 174,
    "speed": 0.005578282783769736,
    "if_vehicle": false,
    "motion_state": false,
    "pose": [
      [
        0.014639251445130372,
        0.9995708816609402,
        0.025372127476760764,
        5.534080961381278
      ],
      [
        -0.9998775506130906,
        0.014774640841201059,
        -0.005156914579465815,
        -5.408460526567069
      ],
      [
        -0.00552956572369311,
        -0.025293527306096793,
