[
  {
    "label_id": "0cZY4uGMViZUBjt3EbeEjQ",
    "size": [
      0.5797649982003562,
      0.11245629792028922,
      0.660000000000025
    ],
    "obj_class": "sign",
    "point_num_in_lidar": 49,
    "speed": 1.1718571004216928e-12,
    "if_vehicle": false,
    "motion_state": false,
    "pose": [
      [
        0.9995811973503168,
        0.01942030034758227,
        0.02145417996840757,
        -12.056452134468145
      ],
      [
        -0.01932045205857476,
        0.999801571570028,
        -0.004851558342869959,
        -19.527247395973973
      ],
      [
        -0.02154414156933246,
        0.0044350220418452185,
        0.9997580610045257,
        1.292299235963469
      ],
      [
        0.0,
        0.0,
        0.0,
        1.0
      ]
    ],
    "location": [
      -12.056452134468145,
      -19.527247395973973,
      1.292299235963469
    ],
    "rotation": [
      0.004436066207410925,
      0.02154580853654526,
      -0.01932614044312633
    ]
  },
  {
    "label_id": "0m2fpZZBPwP_HNmtzq62qw",
    "size": [
      2.214765972291642,
      4.741091742783054,
      1.490000000000009
    ],
    "obj_class": "vehicle",
    "point_num_in_lidar": 158,
    "speed": 8.644125458514253e-13,
    "if_vehicle": true,
    "motion_state": false,
    "pose": [
      [
        -0.5109799279006845,
        0.8593248695601068,
        0.02145417996840757,
        -39.64205718516041
      ],
      [
        -0.8595657938498976,
        -0.5110020630338402,
        -0.004851558342869959,
        -48.17868899870882
      ],
      [
        0.006794065484405583,
        -0.020920328168188482,
        0.9997580610045257,
        0.544416195080089
      ],
      [
        0.0,
        0.0,
        0.0,
        1.0
      ]
    ],
    "location": [
      -39.64205718516041,
      -48.17868899870882,
      0.544416195080089
    ],
    "rotation": [
      -0.020922337424271884,
      -0.0067941177537383535,
      -2.1071344424460814
    ]
  },
  {
    "label_id": "0zCQwnJdl42AdLzZADBxXg",
    "size": [
      0.8289207527314597,
      0.10828005381067762,
      1.589999999999975
    ],
    "obj_class": "sign",
    "point_num_in_lidar": 44,
    "speed": 0.003057985813809386,
    "if_vehicle": false,
    "motion_state": false,
    "pose": [
      [
        0.0004603591437292912,
        0.9997697266027523,
        0.02145417996840757,
        8.060050840272652
      ],
      [
        -0.9999880717501158,
        0.0005645698636860437,
        -0.004851558342869959,
        15.290747066803306
      ],
      [
        -0.00486255354150866,
        -0.02145169059834337,
        0.9997580610045257,
        2.854785677486859
      ],
      [
        0.0,
        0.0,
        0.0,
        1.0
      ]
    ],
    "location": [
      8.060050840272652,
      15.290747066803306,
      2.854785677486859
    ],
    "rotation": [
      -0.021453589863863105,
      0.00486257270376121,
      -1.5703359621923454
    ]
  },
  {
    "label_id": "14QyZM8v7J77UsDSgWPxQQ",
    "size": [
      0.920822167458821,
      0.24749274453211412,
      0.7599999999999909
    ],
    "obj_class": "sign",
    "point_num_in_lidar": 21,
    "speed": 3.1776437161565096e-13,
    "if_vehicle": false,
    "motion_state": false,
    "pose": [
      [
        -0.09543797149180147,
        0.9952041558190025,
        0.02145417996840757,
        7.944282822142213
      ],
      [
        -0.9954314899375029,
        -0.09535518455988114,
        -0.004851558342869959,
        33.56202266997025
      ],
      [
        -0.002782523734554127,
        -0.02181918921815691,
        0.9997580610045257,
        3.2106249459071705
      ],
      [
        0.0,
        0.0,
        0.0,
        1.0
      ]
    ],
    "location": [
      7.944282822142213,
      33.56202266997025,
      3.2106249459071705
    ],
    "rotation": [
      -0.021821005345717816,
      0.0027825273251530416,
      -1.6663801478261384
    ]
  },
  {
    "label_id": "1Myj1w9PMad1lmgyo4duUQ",
    "size": [
      1.032151324073923,
      1.1043242572574457,
      2.0
    ],
    "obj_class": "pedestrian",
    "point_num_in_lidar": 24,
    "speed": 1.5750008832717564,
    "if_vehicle": false,
    "motion_state": true,
    "pose": [
      [
        -0.037533030335315985,
        -0.999065057839444,
        0.02145417996840757,
        -19.726618374624195
      ],
      [
        0.9992793885259593,
        -0.03764526595510277,
        -0.004851558342869959,
        -12.734908012847882
      ],
      [
        0.005654670727190153,
        0.02125662615369971,
        0.9997580610045257,
        0.7407691191083927
      ],
      [
        0.0,
        0.0,
        0.0,
        1.0
      ]
    ],
    "location": [
      -19.726618374624195,
      -12.734908012847882,
      0.7407691191083927
    ],
    "rotation": [
      0.021258567188123245,
      -0.005654700862590228,
      1.6083387755311755
    ]
  },
  {
    "label_id": "1b1GHu4GkmrBSy00-B53VA",
    "size": [
      2.078211251868326,
      4.63312486988027,
      1.5600000000000023
    ],
    "obj_class": "vehicle",
    "point_num_in_lidar": 103,
    "speed": 5.728578676879116e-13,
    "if_vehicle": true,
    "motion_state": false,
    "pose": [
      [
        -0.9996753052414005,
        0.013747809003477383,
        0.02145417996840757,
        -32.17733562146259
      ],
      [
        -0.01385491244651463,
        -0.9998922460859195,
        -0.004851558342869959,
        -15.356775231080974
      ],
      [
        0.021385169899075587,
        -0.0051472288523790434,
        0.9997580610045257,
        0.3374534816089181
      ],
      [
        0.0,
        0.0,
        0.0,
        1.0
      ]
    ],
    "location": [
      -32.17733562146259,
      -15.356775231080974,
      0.3374534816089181
    ],
    "rotation": [
      -0.00514842898000103,
      -0.02138680023183749,
      -3.12773412834972
    ]
  },
  {
    "label_id": "2TOQGQYM_EwZ75KGIBMnIg",
    "size": [
      2.2572282572073163,
      4.81431029913965,
      1.8999999999999773
    ],
    "obj_class": "vehicle",
    "point_num_in_lidar": 33,
    "speed": 5.684341886080801e-13,
    "if_vehicle": true,
    "motion_state": false,
    "pose": [
      [
        0.9997698325924239,
        -3.109831914206566e-16,
        0.02145417996840757,
        -31.36664428346603
      ],
      [
        0.00010411016858307678,
        0.9999882257020422,
        -0.004851558342869959,
        -35.52797812910285
      ],
      [
        -0.02145392736050018,
        0.004852675270556798,
        0.9997580610045257,
        0.7729163029931101
      ],
      [
        0.0,
        0.0,
        0.0,
        1.0
      ]
    ],
    "location": [
      -31.36664428346603,
      -35.52797812910285,
      0.7729163029931101
    ],
    "rotation": [
      0.004853811487927585,
      0.021455573471565837,
      0.00010413413649099237
    ]
  },
  {
    "label_id": "3lFYHvBGrKIH0LWMb4y7rQ",
    "size": [
      1.1075307088888893,
      1.024636171793702,
      1.839999999999975
    ],
    "obj_class": "pedestrian",
    "point_num_in_lidar": 42,
    "speed": 2.8421709430404007e-13,
    "if_vehicle": false,
    "motion_state": false,
    "pose": [
      [
        -0.995839536553673,
        0.0885626083539165,
        0.02145417996840757,
        -6.090324742025587
      ],
      [
        -0.08868565516074735,
        -0.9960478487253284,
        -0.004851558342869959,
        18.414768817814547
      ],
      [
        0.020939723142272628,
        -0.006734051618161533,
        0.9997580610045257,
        1.1657691191079493
      ],
      [
        0.0,
        0.0,
        0.0,
        1.0
      ]
    ],
    "location": [
      -6.090324742025587,
      18.414768817814547,
      1.1657691191079493
    ],
    "rotation": [
      -0.006735579380278371,
      -0.020941253691354196,
      -3.0527708043268227
    ]
  },
  {
    "label_id": "3rP421kft7U05VnhjguByw",
    "size": [
      1.9612216321239573,
      4.600418306488192,
      1.670000000000016
    ],
    "obj_class": "vehicle",
    "point_num_in_lidar": 39,
    "speed": 2.929642751054232e-13,
    "if_vehicle": true,
    "motion_state": false,
    "pose": [
      [
        -0.4283215821715249,
        0.9033716513196354,
        0.02145417996840757,
        30.413049781338486
      ],
      [
        -0.9036135897821843,
        -0.42832107436197897,
        -0.004851558342869959,
        12.220215798291974
      ],
      [
        0.004806517141951591,
        -0.021464315722501317,
        0.9997580610045257,
        0.7854782013762929
      ],
      [
        0.0,
        0.0,
        0.0,
        1.0
      ]
    ],
    "location": [
      30.413049781338486,
      12.220215798291974,
      0.7854782013762929
    ],
    "rotation": [
      -0.021466212228540588,
      -0.004806535649323454,
      -2.0134363351617295
    ]
  },
  {
    "label_id": "5LXcxZp2gsdgc_EiAk07eA",
    "size": [
      2.467994354389906,
      2.859825382530367,
      1.1899999999999977
    ],
    "obj_class": "vehicle",
    "point_num_in_lidar": 2155,
    "speed": 2.0009065111038244e-12,
    "if_vehicle": true,
    "motion_state": false,
    "pose": [
      [
        -0.02145343734731891,
        -0.9995396281228013,
        0.02145417996840757,
        -8.388244008868242
      ],
      [
        0.9997557369105943,
        -0.021562209905299896,
        -0.004851558342869959,
        -38.43031901463837
      ],
      [
        0.005311924353673197,
        0.021344856901182197,
        0.9997580610045257,
        0.24812858155212325
      ],
      [
        0.0,
        0.0,
        0.0,
        1.0
      ]
    ],
    "location": [
      -8.388244008868242,
      -38.43031901463837,
      0.24812858155212325
    ],
    "rotation": [
      0.021346779244084912,
      -0.00531194933467836,
      1.5922517128874496
    ]
  },
  {
    "label_id": "5cKEXsUpTIciwNSkaSIonQ",
    "size": [
      0.9135875234040115,
      0.6536223241726821,
      0.9900000000000091
    ],
    "obj_class": "sign",
    "point_num_in_lidar": 342,
    "speed": 0.010280569351183674,
    "if_vehicle": false,
    "motion_state": false,
    "pose": [
      [
        -0.9988975949740228,
        -0.041752998898240516,
        0.02145417996840757,
        8.10218277018248
      ],
      [
        0.041658100225914735,
        -0.9991201454616023,
        -0.004851558342869959,
        -29.612842956652457
      ],
      [
        0.021637870520939365,
        -0.003952469581180223,
        0.9997580610045257,
        0.16177190975918165
      ],
      [
        0.0,
        0.0,
        0.0,
        1.0
      ]
    ],
    "location": [
      8.10218277018248,
      -29.612842956652457,
      0.16177190975918165
    ],
    "rotation": [
      -0.003953405472511927,
      -0.02163955934271276,
      3.099912731040668
    ]
  },
  {
    "label_id": "6IFR0_r7f3cgS5In2VHYpw",
    "size": [
      2.0878762987036943,
      4.592505735944987,
      1.4000001284811674
    ],
    "obj_class": "vehicle",
    "point_num_in_lidar": 34,
    "speed": 1.464821375527116e-12,
    "if_vehicle": true,
    "motion_state": false,
    "pose": [
      [
        -0.4176131845111507,
        -0.9083715904211992,
        0.02145417996840757,
        30.531989042208806
      ],
      [
        0.9085265304006118,
        -0.4177990018416415,
        -0.004851558342869959,
        24.556584235853734
      ],
      [
        0.013370552744065645,
        0.017465616959880075,
        0.9997580610045257,
        0.7499672535103059
      ],
      [
        0.0,
        0.0,
        0.0,
        1.0
      ]
    ],
    "location": [
      30.531989042208806,
      24.556584235853734,
      0.7499672535103059
    ],
    "rotation": [
      0.017468066682822827,
      -0.013370951155481868,
      2.001654301171302
    ]
  },
  {
    "label_id": "6RtA2k7rqkT2CvrUlYh84Q",
    "size": [
      1.9062079518011446,
      4.363933208093053,
      1.539999955536075
    ],
    "obj_class": "vehicle",
    "point_num_in_lidar": 90,
    "speed": 1.7053025658242404e-12,
    "if_vehicle": true,
    "motion_state": false,
    "pose": [
      [
        0.4253005639237049,
        -0.9047978495156042,
        0.02145417996840757,
        33.69755019447621
      ],
      [
        0.9050397849305915,
        0.42529924767677907,
        -0.004851558342869959,
        6.854348485790979
      ],
      [
        -0.004734767044657737,
        0.02148025692360114,
        0.9997580610045257,
        0.6849851875250579
      ],
      [
        0.0,
        0.0,
        0.0,
        1.0
      ]
    ],
    "location": [
      33.69755019447621,
      6.854348485790979,
      0.6849851875250579
    ],
    "rotation": [
      0.021482149935590104,
      0.004734784735519106,
      1.1314971039857384
    ]
  },
  {
    "label_id": "985T2XPSl7NeZj2uUW2Nxg",
    "size": [
      2.1765248077811297,
      4.918916775180349,
      1.740000000000009
    ],
    "obj_class": "vehicle",
    "point_num_in_lidar": 60,
    "speed": 2.929642751054232e-13,
    "if_vehicle": true,
    "motion_state": false,
    "pose": [
      [
        -0.4167446442056499,
        0.9087703888704725,
        0.02145417996840757,
        64.31590371860466
      ],
      [
        -0.9090123010971011,
        -0.4167410452976751,
        -0.004851558342869959,
        -41.56456852523115
      ],
      [
        0.004531884824160895,
        -0.021523974456675792,
        0.9997580610045257,
        0.970586525763963
      ],
      [
        0.0,
        0.0,
        0.0,
        1.0
      ]
    ],
    "location": [
      64.31590371860466,
      -41.56456852523115,
      0.970586525763963
    ],
    "rotation": [
      -0.0215258578304608,
      -0.004531900336930957,
      -2.000662245984623
    ]
  },
  {
    "label_id": "9MprRhxkqn85TQM1QpIWCA",
    "size": [
      2.1792684434740464,
      4.24141432079878,
      2.569999999999993
    ],
    "obj_class": "vehicle",
    "point_num_in_lidar": 306,
    "speed": 0.010212976903843618,
    "if_vehicle": true,
    "motion_state": false,
    "pose": [
      [
        -0.009003374736828582,
        -0.9997292920612217,
        0.02145417996840757,
        5.9441707006635625
      ],
      [
        0.999946738756372,
        -0.00910944741144057,
        -0.004851558342869959,
        1.932894996511095
      ],
      [
        0.005045680711688889,
        0.02140935689428299,
        0.9997580610045257,
        1.1339004650965308
      ],
      [
        0.0,
        0.0,
        0.0,
        1.0
      ]
    ],
    "location": [
      5.9441707006635625,
      1.932894996511095,
      1.1339004650965308
    ],
    "rotation": [
      0.02141126536282713,
      -0.005045702121509107,
      1.5797999377877052
    ]
  },
  {
    "label_id": "9ZomuLPiVNTUh0GoyUVEig",
    "size": [
      2.4030251921802193,
      5.143758565443172,
      1.6000000000000227
    ],
    "obj_class": "vehicle",
    "point_num_in_lidar": 43,
    "speed": 2.8421709430404007e-13,
    "if_vehicle": true,
    "motion_state": false,
    "pose": [
      [
        -0.44179983274926443,
        -0.8968570822291617,
        0.02145417996840757,
        39.42457874376623
      ],
      [
        0.8970069882846538,
        -0.4419897344397727,
        -0.004851558342869959,
        25.035763503323324
      ],
      [
        0.013833681766510451,
        0.017101131695124977,
        0.9997580610045257,
        0.8090518741200867
      ],
      [
        0.0,
        0.0,
        0.0,
        1.0
      ]
    ],
    "location": [
      39.42457874376623,
      25.035763503323324,
      0.8090518741200867
    ],
    "rotation": [
      0.017103602141296033,
      -0.013834123031523815,
      2.028447389022833
    ]
  },
  {
    "label_id": "ANFtbfjBbGPsG4B3kdD-8Q",
    "size": [
      2.1455299958972556,
      4.813595373305301,
      1.4599999999999795
    ],
    "obj_class": "vehicle",
    "point_num_in_lidar": 154,
    "speed": 1.7112135109858137e-12,
    "if_vehicle": true,
    "motion_state": false,
    "pose": [
      [
        -0.516244099872778,
        0.8561727322850387,
        0.02145417996840757,
        34.068690750665155
      ],
      [
        -0.8564135161912879,
        -0.5162677131745896,
        -0.004851558342869959,
        -41.51161002309891
      ],
      [
        0.00692232846807062,
        -0.02087823807343979,
        0.9997580610045257,
        0.5218816636679549
      ],
      [
        0.0,
        0.0,
        0.0,
        1.0
      ]
    ],
    "location": [
      34.068690750665155,
      -41.51161002309891,
      0.5218816636679549
    ],
    "rotation": [
      -0.020880255533256828,
      -0.006922383754013852,
      -2.1132704223488306
    ]
  },
  {
    "label_id": "AWt8fBQjwfuud4o02yExgQ",
    "size": [
      2.329370642091816,
      5.299395887650062,
      1.8899999999999864
    ],
    "obj_class": "vehicle",
    "point_num_in_lidar": 24,
    "speed": 2.1316282072803006e-13,
    "if_vehicle": true,
    "motion_state": false,
    "pose": [
      [
        0.9997698325924239,
        3.5492085992681565e-16,
        0.02145417996840757,
        -31.624144453464396
      ],
      [
        0.00010411016858241065,
        0.9999882257020422,
        -0.004851558342869959,
        -30.21062770268327
      ],
      [
        -0.021453927360500183,
        0.004852675270556784,
        0.9997580610045257,
        0.8679766825474644
      ],
      [
        0.0,
        0.0,
        0.0,
        1.0
      ]
    ],
    "location": [
      -31.624144453464396,
      -30.21062770268327,
      0.8679766825474644
    ],
    "rotation": [
      0.004853811487927571,
      0.02145557347156584,
      0.00010413413649032608
    ]
  },
  {
    "label_id": "FO4kJmdZ7XvD-XlCJ0VDKA",
    "size": [
      2.1859181951863773,
      4.686703586845054,
      1.5799999740141288
    ],
    "obj_class": "vehicle",
    "point_num_in_lidar": 76,
    "speed": 0.0,
    "if_vehicle": true,
    "motion_state": false,
    "pose": [
      [
        0.4654246574644892,
        -0.8848274444127207,
        0.02145417996840757,
        37.082137921415324
      ],
      [
        0.8850691957126027,
        0.4654341856614018,
        -0.004851558342869959,
        7.166951631432312
      ],
      [
        -0.005692716812688097,
        0.021246468689211158,
        0.9997580610045257,
        0.705515526175077
      ],
      [
        0.0,
        0.0,
        0.0,
        1.0
      ]
    ],
    "location": [
      37.082137921415324,
      7.166951631432312,
      0.705515526175077
    ],
    "rotation": [
      0.021248411854209268,
      0.005692747560472234,
      1.0866734636956599
    ]
  },
  {
    "label_id": "FjXya5JM_xfBUrb9nDgcNw",
    "size": [
      1.9792069957727796,
      4.673300687547824,
      1.7300000000000182
    ],
    "obj_class": "vehicle",
    "point_num_in_lidar": 99,
    "speed": 8.556067554929069e-13,
    "if_vehicle": true,
    "motion_state": false,
    "pose": [
      [
        -0.4125997678255116,
        0.910659733244101,
        0.02145417996840757,
        24.09774067033095
      ],
      [
        -0.9109016265623918,
        -0.4125950667514512,
        -0.004851558342869959,
        11.959050326551733
      ],
      [
        0.00443376998982662,
        -0.021544399275644808,
        0.9997580610045257,
        0.8183707745388915
      ],
      [
        0.0,
        0.0,
        0.0,
        1.0
      ]
    ],
    "location": [
      24.09774067033095,
      11.959050326551733,
      0.8183707745388915
    ],
    "rotation": [
      -0.021546278118281026,
      -0.004433784516697289,
      -1.9961070287951697
    ]
  },
  {
    "label_id": "GUMQWP3ToFPbcQl-o7fCyQ",
    "size": [
      1.0107414226367852,
      1.0195808008363791,
      1.839999999999975
    ],
    "obj_class": "pedestrian",
    "point_num_in_lidar": 316,
    "speed": 1.4228607195221901e-12,
    "if_vehicle": false,
    "motion_state": false,
    "pose": [
      [
        0.9997698325924239,
        3.5492085992681565e-16,
        0.02145417996840757,
        -8.441772783125543
      ],
      [
        0.00010411016858241065,
        0.9999882257020422,
        -0.004851558342869959,
        -25.057884828893293
      ],
      [
        -0.021453927360500183,
        0.004852675270556784,
        0.9997580610045257,
        0.8060597019925808
      ],
      [
        0.0,
        0.0,
        0.0,
        1.0
      ]
    ],
    "location": [
      -8.441772783125543,
      -25.057884828893293,
      0.8060597019925808
    ],
    "rotation": [
      0.004853811487927571,
      0.02145557347156584,
      0.00010413413649032608
    ]
  },
  {
    "label_id": "J7T0lm9jnXkEcN7_fLCHcw",
    "size": [
      2.410544790998677,
      5.853048720643227,
      1.9400000523537528
    ],
    "obj_class": "vehicle",
    "point_num_in_lidar": 191,
    "speed": 0.0027937556697849725,
    "if_vehicle": true,
    "motion_state": false,
    "pose": [
      [
        0.43587627710698895,
        -0.8997508484115114,
        0.02145417996840757,
        24.537167156550822
      ],
      [
        0.8999927826352416,
        0.43587779661978693,
        -0.004851558342869959,
        6.571926959513803
      ],
      [
        -0.004986206957798669,
        0.0214232863175819,
        0.9997580610045257,
        0.9008588159206852
      ],
      [
        0.0,
        0.0,
        0.0,
        1.0
      ]
    ],
    "location": [
      24.537167156550822,
      6.571926959513803,
      0.9008588159206852
    ],
    "rotation": [
      0.021425191766452162,
      0.004986227619425321,
      1.119778624657887
    ]
  },
  {
    "label_id": "KRIFGuPyXMFLkXDccz9mLA",
    "size": [
      1.152832250611474,
      1.3148555747822952,
      1.8799999999999955
    ],
    "obj_class": "pedestrian",
    "point_num_in_lidar": 49,
    "speed": 3.716018436163076,
    "if_vehicle": false,
    "motion_state": true,
    "pose": [
      [
        -0.021268715329808105,
        -0.9995435757935233,
        0.02145417996840757,
        9.545482398008971
      ],
      [
        0.9997597046795267,
        -0.021377447947573004,
        -0.004851558342869959,
        -0.3303607818124874
      ],
      [
        0.005307979589735635,
        0.021345838216056113,
        0.9997580610045257,
        1.0245767019193295
      ],
      [
        0.0,
        0.0,
        0.0,
        1.0
      ]
    ],
    "location": [
      9.545482398008971,
      -0.3303607818124874,
      1.0245767019193295
    ],
    "rotation": [
      0.021347760349203333,
      -0.005308004515127147,
      1.5920669456577543
    ]
  },
  {
    "label_id": "LV0eEgqBFEblVK4wVnO9Gg",
    "size": [
      2.376412499725134,
      5.358373042693289,
      2.0
    ],
    "obj_class": "vehicle",
    "point_num_in_lidar": 103,
    "speed": 7.958828808497387,
    "if_vehicle": true,
    "motion_state": true,
    "pose": [
      [
        0.003624937667503095,
        -0.9997632609717112,
        0.02145417996840757,
        0.642807859135246
      ],
      [
        0.9999820301255576,
        0.003521620026916362,
        -0.004851558342869959,
        1.393688241692871
      ],
      [
        0.004774856319824369,
        0.021471381036070433,
        0.9997580610045257,
        0.9104219495131929
      ],
      [
        0.0,
        0.0,
        0.0,
        1.0
      ]
    ],
    "location": [
      0.642807859135246,
      1.393688241692871,
      0.9104219495131929
    ],
    "rotation": [
      0.0214732759948549,
      -0.004774874463869968,
      1.5671713398647151
    ]
  },
  {
    "label_id": "LwQ7HLaEsxnUNsH0Az41wg",
    "size": [
      1.854025527689285,
      4.325527731340117,
      1.6000000000000227
    ],
    "obj_class": "vehicle",
    "point_num_in_lidar": 28,
    "speed": 11.599550456461424,
    "if_vehicle": true,
    "motion_state": true,
    "pose": [
      [
        0.06901452786083197,
        -0.9973849372764909,
        0.02145417996840757,
        2.427619985758156
      ],
      [
        0.997609996189786,
        0.06892574180856309,
        -0.004851558342869959,
        22.12075690175334
      ],
      [
        0.003360125944279684,
        0.021737732404960512,
        0.9997580610045257,
        0.8692441056070379
      ],
      [
        0.0,
        0.0,
        0.0,
        1.0
      ]
    ],
    "location": [
      2.427619985758156,
      22.12075690175334,
      0.8692441056070379
    ],
    "rotation": [
      0.021739567465011937,
      -0.0033601322671987658,
      1.501726504546426
    ]
  },
  {
    "label_id": "O0ipbuwo_Nd7uLn6JzKcdA",
    "size": [
      2.0811413058832713,
      4.05562961252444,
      1.4800000000000182
    ],
    "obj_class": "vehicle",
    "point_num_in_lidar": 35,
    "speed": 3.876424631002722,
    "if_vehicle": true,
    "motion_state": true,
    "pose": [
      [
        -0.008776177384699185,
        -0.9997313123396684,
        0.02145417996840757,
        -0.9467602945278486
      ],
      [
        0.9999487831351352,
        -0.008882200639931746,
        -0.004851558342869959,
        31.768524652025008
      ],
      [
        0.0050408151200544505,
        0.0214105030159621,
        0.9997580610045257,
        1.0777094617653802
      ],
      [
        0.0,
        0.0,
        0.0,
        1.0
      ]
    ],
    "location": [
      -0.9467602945278486,
      31.768524652025008,
      1.0777094617653802
    ],
    "rotation": [
      0.021412411236359268,
      -0.005040836467996904,
      1.5795727283492007
    ]
  },
  {
    "label_id": "OG4tq9juYYcI3xxcyUJxeQ",
    "size": [
      0.3754198380815928,
      0.1149832212677602,
      0.5199999999999818
    ],
    "obj_class": "sign",
    "point_num_in_lidar": 20,
    "speed": 0.006502261646846482,
    "if_vehicle": false,
    "motion_state": false,
    "pose": [
      [
        0.9709372723282912,
        0.23837057571265144,
        0.02145417996840757,
        -29.451012981470285
      ],
      [
        -0.2383215384740433,
        0.9711741896699122,
        -0.004851558342869959,
        -13.622049862362474
      ],
      [
        -0.021992214601144117,
        -0.0004024343528021727,
        0.9997580610045257,
        1.9751428121708727
      ],
      [
        0.0,
        0.0,
        0.0,
        1.0
      ]
    ],
    "location": [
      -29.451012981470285,
      -13.622049862362474,
      1.9751428121708727
    ],
    "rotation": [
      -0.0004025317191862401,
      0.021993987770361004,
      -0.24069658934859203
    ]
  },
  {
    "label_id": "OWVe14C5dYqVvAxwhgnu5w",
    "size": [
      2.0269657053446286,
      4.052803929838243,
      1.660000000000025
    ],
    "obj_class": "vehicle",
    "point_num_in_lidar": 24,
    "speed": 3.552713678800501e-13,
    "if_vehicle": true,
    "motion_state": false,
    "pose": [
      [
        0.5347509353841035,
        0.8447373291548739,
        0.02145417996840757,
        59.110786838878084
      ],
      [
        -0.8448661706120703,
        0.534955714182905,
        -0.004851558342869959,
        -60.8701667903606
      ],
      [
        -0.01557532860400306,
        -0.015531535511610428,
        0.9997580610045257,
        0.6925566235530027
      ],
      [
        0.0,
        0.0,
        0.0,
        1.0
      ]
    ],
    "location": [
      59.110786838878084,
      -60.8701667903606,
      0.6925566235530027
    ],
    "rotation": [
      -0.015534044495610074,
      0.015575958411488696,
      -1.006506579077553
    ]
  },
  {
    "label_id": "PE7PqXfc9zvQFaGz-kdYrQ",
    "size": [
      1.8986630586356938,
      4.10965922679504,
      1.589999999999975
    ],
    "obj_class": "vehicle",
    "point_num_in_lidar": 31,
    "speed": 8.526512829121202e-13,
    "if_vehicle": true,
    "motion_state": false,
    "pose": [
      [
        -0.4750272081161706,
        0.8797095371264538,
        0.02145417996840757,
        34.21562996935927
      ],
      [
        -0.8799511704066518,
        -0.47503936687564047,
        -0.004851558342869959,
        -46.96105623206495
      ],
      [
        0.0059236179248802635,
        -0.02118325298794142,
        0.9997580610045257,
        0.6700591622379761
      ],
      [
        0.0,
        0.0,
        0.0,
        1.0
      ]
    ],
    "location": [
      34.21562996935927,
      -46.96105623206495,
      0.6700591622379761
    ],
    "rotation": [
      -0.02118520931427268,
      -0.005923652567978327,
      -2.065800748819483
    ]
  },
  {
    "label_id": "PGlBKCM-r1s0dqCceAW5Ng",
    "size": [
      0.9346793005388467,
      0.8098904127337361,
      2.0500000000000114
    ],
    "obj_class": "pedestrian",
    "point_num_in_lidar": 39,
    "speed": 1.635019424333249,
    "if_vehicle": false,
    "motion_state": true,
    "pose": [
      [
        -0.020292234924476703,
        0.9995638765800078,
        0.02145417996840757,
        -20.682562179485558
      ],
      [
        -0.9997843378142659,
        -0.020192578907495897,
        -0.004851558342869959,
        8.980384639879048
      ],
      [
        -0.004416227242745487,
        -0.021548002074705773,
        0.9997580610045257,
        0.8675566235531846
      ],
      [
        0.0,
        0.0,
        0.0,
        1.0
      ]
    ],
    "location": [
      -20.682562179485558,
      8.980384639879048,
      0.8675566235531846
    ],
    "rotation": [
      -0.021549880116214015,
      0.00441624159786454,
      -1.5910901525399987
    ]
  },
  {
    "label_id": "POHynkUuk54J_ltbPcdvew",
    "size": [
      1.9383979144325398,
      4.331874620501798,
      1.5400000000000205
    ],
    "obj_class": "vehicle",
    "point_num_in_lidar": 27,
    "speed": 5.859285502108464e-13,
    "if_vehicle": true,
    "motion_state": false,
    "pose": [
      [
        -0.47223473538299987,
        0.8812117071734983,
        0.02145417996840757,
        43.16493569906197
      ],
      [
        -0.8814533778010731,
        -0.4722461277180833,
        -0.004851558342869959,
        -41.516840988020704
      ],
      [
        0.00585640340367508,
        -0.021201933771345355,
        0.9997580610045257,
        0.5531478274934329
      ],
      [
        0.0,
        0.0,
        0.0,
        1.0
      ]
    ],
    "location": [
      43.16493569906197,
      -41.516840988020704,
      0.5531478274934329
    ],
    "rotation": [
      -0.021203886226032465,
      -0.005856436880819485,
      -2.0626298044605904
    ]
  },
  {
    "label_id": "Q3zAM_DhuaveZ4DsImfSKQ",
    "size": [
      1.9393335923807127,
      4.448500843808347,
      1.509999999999991
    ],
    "obj_class": "vehicle",
    "point_num_in_lidar": 273,
    "speed": 5.728578676879116e-13,
    "if_vehicle": true,
    "motion_state": false,
    "pose": [
      [
        0.40282933797361775,
        0.9150236295471391,
        0.02145417996840757,
        31.368479967462463
      ],
      [
        -0.9151815621236153,
        0.40301261857493353,
        -0.004851558342869959,
        -8.02121013348733
      ],
      [
        -0.013085595772298394,
        -0.01768011990216973,
        0.9997580610045257,
        0.5774712458872386
      ],
      [
        0.0,
        0.0,
        0.0,
        1.0
      ]
    ],
    "location": [
      31.368479967462463,
      -8.02121013348733,
      0.5774712458872386
    ],
    "rotation": [
      -0.017682555266116333,
      0.0130859692483143,
      -1.1561526460796434
    ]
  },
  {
    "label_id": "QP5XjBd16XvpwQEYLBI-Qw",
    "size": [
      2.2377542095150593,
      5.319350089219122,
      1.9499999999999886
    ],
    "obj_class": "vehicle",
    "point_num_in_lidar": 26,
    "speed": 9.532931148469528e-13,
    "if_vehicle": true,
    "motion_state": false,
    "pose": [
      [
        -0.4566859725672626,
        0.8893692375060972,
        0.02145417996840757,
        49.08141668396138
      ],
      [
        -0.8896110709352418,
        -0.45669311890053454,
        -0.004851558342869959,
        -41.82123255078659
      ],
      [
        0.005483149619110826,
        -0.021301514658012857,
        0.9997580610045257,
        0.7155865257641949
      ],
      [
        0.0,
        0.0,
        0.0,
        1.0
      ]
    ],
    "location": [
      49.08141668396138,
      -41.82123255078659,
      0.7155865257641949
    ],
    "rotation": [
      -0.02130344622432472,
      -0.005483177094567229,
      -2.0450704815165697
    ]
  },
  {
    "label_id": "V0gHLHaZY6_fazrDh1057g",
    "size": [
      0.5103377778332927,
      0.12106859807050868,
      0.589999999999975
    ],
    "obj_class": "sign",
    "point_num_in_lidar": 29,
    "speed": 0.009239356301299151,
    "if_vehicle": false,
    "motion_state": false,
    "pose": [
      [
        0.9995811973503343,
        0.01942030034668159,
        0.02145417996840757,
        -12.047096039186727
      ],
      [
        -0.01932045205767389,
        0.9998015715700455,
        -0.004851558342869959,
        -19.553443251938006
      ],
      [
        -0.021544141569328462,
        0.004435022041864631,
        0.9997580610045257,
        0.657299235963194
      ],
      [
        0.0,
        0.0,
        0.0,
        1.0
      ]
    ],
    "location": [
      -12.047096039186727,
      -19.553443251938006,
      0.657299235963194
    ],
    "rotation": [
      0.004436066207430342,
      0.02154580853654126,
      -0.019326140442225075
    ]
  },
  {
    "label_id": "VBixxlZ-nYOf9L47qOhL5Q",
    "size": [
      3.4305399234133502,
      2.7957590169782516,
      3.1200000000000045
    ],
    "obj_class": "vehicle",
    "point_num_in_lidar": 2395,
    "speed": 1.4210854715202004e-13,
    "if_vehicle": true,
    "motion_state": false,
    "pose": [
      [
        0.9992291128347073,
        0.03287701667498331,
        0.02145417996840757,
        -9.738696619093844
      ],
      [
        -0.03278014458070109,
        0.9994508114474238,
        -0.004851558342869959,
        -25.815361898308765
      ],
      [
        -0.021601902342902202,
        0.004144547217586989,
        0.9997580610045257,
        1.326402097759967
      ],
      [
        0.0,
        0.0,
        0.0,
        1.0
      ]
    ],
    "location": [
      -9.738696619093844,
      -25.815361898308765,
      1.326402097759967
    ],
    "rotation": [
      0.004145526440176405,
      0.021603582755611916,
      -0.032793673097553995
    ]
  },
  {
    "label_id": "VHA13Gbr081QyI04rCo8OA",
    "size": [
      2.0058135762249263,
      4.6122843919283225,
      1.5000000135808023
    ],
    "obj_class": "vehicle",
    "point_num_in_lidar": 116,
    "speed": 6.703246762680667e-13,
    "if_vehicle": true,
    "motion_state": false,
    "pose": [
      [
        0.412414474868557,
        -0.9107436626629777,
        0.02145417996840757,
        31.075001850244462
      ],
      [
        0.910985555019773,
        0.4124097245785577,
        -0.004851558342869959,
        6.957101241539931
      ],
      [
        -0.0044293864370212625,
        0.021545300932282747,
        0.9997580610045257,
        0.6455154923624491
      ],
      [
        0.0,
        0.0,
        0.0,
        1.0
      ]
    ],
    "location": [
      31.075001850244462,
      6.957101241539931,
      0.6455154923624491
    ],
    "rotation": [
      0.021547179574476664,
      0.004429400920847248,
      1.145689041308811
    ]
  },
  {
    "label_id": "VZ5xuHGoRSkgqf1qBQ34Qw",
    "size": [
      2.121783629519685,
      4.550258202077832,
      1.6000000000000227
    ],
    "obj_class": "vehicle",
    "point_num_in_lidar": 22,
    "speed": 6.070879795542461e-13,
    "if_vehicle": true,
    "motion_state": false,
    "pose": [
      [
        0.49651158581221083,
        0.8677649239950453,
        0.02145417996840757,
        64.91878352240019
      ],
      [
        -0.867902777699742,
        0.4967104094366434,
        -0.004851558342869959,
        -60.72750811311744
      ],
      [
        -0.014866526672893236,
        -0.016211287461372268,
        0.9997580610045257,
        0.6237849016661698
      ],
      [
        0.0,
        0.0,
        0.0,
        1.0
      ]
    ],
    "location": [
      64.91878352240019,
      -60.72750811311744,
      0.6237849016661698
    ],
    "rotation": [
      -0.016213789605679808,
      0.014867074344832176,
      -1.0511577414621598
    ]
  },
  {
    "label_id": "Vx8NF2OYjVFRkBml0D-MnQ",
    "size": [
      0.4774371983708298,
      0.1424076718463093,
      0.589999999999975
    ],
    "obj_class": "sign",
    "point_num_in_lidar": 40,
    "speed": 0.02500499116294368,
    "if_vehicle": false,
    "motion_state": false,
    "pose": [
      [
        -0.5095173592394838,
        -0.8601928730206418,
        0.02145417996840757,
        -11.866388281283434
      ],
      [
        0.8603277183158781,
        -0.509718235380137,
        -0.004851558342869959,
        -26.53322063780979
      ],
      [
        0.015108862664605167,
        0.015985672505502913,
        0.9997580610045257,
        0.5494770545420806
      ],
      [
        0.0,
        0.0,
        0.0,
        1.0
      ]
    ],
    "location": [
      -11.866388281283434,
      -26.53322063780979,
      0.5494770545420806
    ],
    "rotation": [
      0.01598817855040385,
      -0.015109437559811114,
      2.10548771363239
    ]
  },
  {
    "label_id": "X0fflRFBk6qiNuqG1UAR0w",
    "size": [
      1.9109977702636738,
      2.528255746071504,
      2.4599999999999795
    ],
    "obj_class": "vehicle",
    "point_num_in_lidar": 8144,
    "speed": 1.7112135109858137e-12,
    "if_vehicle": true,
    "motion_state": false,
    "pose": [
      [
        0.012266476666336033,
        0.9996945792151108,
        0.02145417996840757,
        -3.6034935080765536
      ],
      [
        -0.9999116785271663,
        0.012373258529197169,
        -0.004851558342869959,
        -39.2285405940529
      ],
      [
        -0.005115534691393973,
        -0.02139277357642614,
        0.9997580610045257,
        1.0218605347677112
      ],
      [
        0.0,
        0.0,
        0.0,
        1.0
      ]
    ],
    "location": [
      -3.6034935080765536,
      -39.2285405940529,
      1.0218605347677112
    ],
    "rotation": [
      -0.021394685629134946,
      0.005115557002801381,
      -1.5585293819781263
    ]
  },
  {
    "label_id": "_0XRthlvxJHqJVefxsO4cw",
    "size": [
      2.0098584540583517,
      4.920467986135323,
      1.5500000000000114
    ],
    "obj_class": "vehicle",
    "point_num_in_lidar": 485,
    "speed": 2.8421709430404007e-13,
    "if_vehicle": true,
    "motion_state": false,
    "pose": [
      [
        -0.4789461201470494,
        -0.8775820942555581,
        0.02145417996840757,
        27.463191822325825
      ],
      [
        0.8777239216207943,
        -0.4791421290141989,
        -0.004851558342869959,
        -28.31783480487138
      ],
      [
        0.014537242197255426,
        0.016507211932044366,
        0.9997580610045257,
        0.5343242170784492
      ],
      [
        0.0,
        0.0,
        0.0,
        1.0
      ]
    ],
    "location": [
      27.463191822325825,
      -28.31783480487138,
      0.5343242170784492
    ],
    "rotation": [
      0.01650970645409278,
      -0.014537754275271974,
      2.070307774406763
    ]
  },
  {
    "label_id": "b-6zAJs2AkBphold1gsJtA",
    "size": [
      0.9261380857545368,
      2.7676475764715867,
      3.089999999999975
    ],
    "obj_class": "vehicle",
    "point_num_in_lidar": 3082,
    "speed": 2.1316282072803006e-13,
    "if_vehicle": true,
    "motion_state": false,
    "pose": [
      [
        0.02226337103193969,
        0.9995219159539112,
        0.02145417996840757,
        -8.689844086141875
      ],
      [
        -0.9997379365308527,
        0.02237231867013752,
        -0.004851558342869959,
        -32.98279503452795
      ],
      [
        -0.005329218641287259,
        -0.021340545568106925,
