[
  {
    "label_id": "0zCQwnJdl42AdLzZADBxXg",
    "size": [
      0.8289207527314603,
      0.10828005381067762,
      1.589999999999975
    ],
    "obj_class": "sign",
    "point_num_in_lidar": 35,
    "speed": 0.003057985738042437,
    "if_vehicle": false,
    "motion_state": false,
    "pose": [
      [
        0.00046037119198906077,
        0.9997958920758168,
        0.020198075321357915,
        8.051940334274605
      ],
      [
        -0.9999840706187674,
        0.0005738948577918991,
        -0.005615082671912613,
        15.289192991342134
      ],
      [
        -0.005625528160608552,
        -0.02019516855621317,
        0.9997802301505568,
        2.854785677486973
      ],
      [
        0.0,
        0.0,
        0.0,
        1.0
      ]
    ],
    "location": [
      8.051940334274605,
      15.289192991342134,
      2.854785677486973
    ],
    "rotation": [
      -0.020196861184056263,
      0.005625557832473497,
      -1.570335948301888
    ]
  },
  {
    "label_id": "1b1GHu4GkmrBSy00-B53VA",
    "size": [
      2.0782112518683276,
      4.63312486988027,
      1.5600000000000023
    ],
    "obj_class": "vehicle",
    "point_num_in_lidar": 23,
    "speed": 1.2589389367473415e-27,
    "if_vehicle": true,
    "motion_state": false,
    "pose": [
      [
        -0.9997014682433163,
        0.013748168804259558,
        0.020198075321357915,
        -32.17733562146259
      ],
      [
        -0.013864183439799177,
        -0.9998881213736542,
        -0.005615082671912613,
        -15.356775231080974
      ],
      [
        0.020118618484012803,
        -0.005893436212804829,
        0.9997802301505568,
        0.3374534816089749
      ],
      [
        0.0,
        0.0,
        0.0,
        1.0
      ]
    ],
    "location": [
      -32.17733562146259,
      -15.356775231080974,
      0.3374534816089749
    ],
    "rotation": [
      -0.005894663422085101,
      -0.02011997592928616,
      -3.1277252190124765
    ]
  },
  {
    "label_id": "2TOQGQYM_EwZ75KGIBMnIg",
    "size": [
      2.2572282572073186,
      4.81431029913965,
      1.8999999999999773
    ],
    "obj_class": "vehicle",
    "point_num_in_lidar": 51,
    "speed": 5.684341886080801e-13,
    "if_vehicle": true,
    "motion_state": false,
    "pose": [
      [
        0.9997959980682622,
        6.811074564049736e-16,
        0.020198075321357915,
        -31.36664428346603
      ],
      [
        0.00011343700411022916,
        0.9999842288649525,
        -0.005615082671912613,
        -35.52797812910103
      ],
      [
        -0.020197756774784328,
        0.005616228393353922,
        0.9997802301505568,
        0.7729163029931101
      ],
      [
        0.0,
        0.0,
        0.0,
        1.0
      ]
    ],
    "location": [
      -31.36664428346603,
      -35.52797812910103,
      0.7729163029931101
    ],
    "rotation": [
      0.005617403855443674,
      0.020199130304002624,
      0.00011346014971317994
    ]
  },
  {
    "label_id": "3lFYHvBGrKIH0LWMb4y7rQ",
    "size": [
      1.1075307088889024,
      1.024636171793702,
      1.839999999999975
    ],
    "obj_class": "pedestrian",
    "point_num_in_lidar": 23,
    "speed": 2.8421709430404007e-13,
    "if_vehicle": false,
    "motion_state": false,
    "pose": [
      [
        -0.9958655991677697,
        0.08856492617019299,
        0.020198075321357915,
        -6.090324742025132
      ],
      [
        -0.08869459127880416,
        -0.996043041401562,
        -0.005615082671912613,
        18.414768817816366
      ],
      [
        0.0196208529912657,
        -0.007383327704687156,
        0.9997802301505568,
        1.1657691191080062
      ],
      [
        0.0,
        0.0,
        0.0,
        1.0
      ]
    ],
    "location": [
      -6.090324742025132,
      18.414768817816366,
      1.1657691191080062
    ],
    "rotation": [
      -0.007384816446340752,
      -0.019622112141785428,
      -3.0527642140537825
    ]
  },
  {
    "label_id": "5LXcxZp2gsdgc_EiAk07eA",
    "size": [
      2.467994354389905,
      2.859825382530367,
      1.1899999999999977
    ],
    "obj_class": "vehicle",
    "point_num_in_lidar": 696,
    "speed": 2.0009065111038244e-12,
    "if_vehicle": true,
    "motion_state": false,
    "pose": [
      [
        -0.021453998815946704,
        -0.9995657875738435,
        0.020198075321357915,
        -8.388244008868242
      ],
      [
        0.9997515408550592,
        -0.021571448827619424,
        -0.005615082671912613,
        -38.43031901463655
      ],
      [
        0.006048346281453646,
        0.020072590947839464,
        0.9997802301505568,
        0.24812858155212325
      ],
      [
        0.0,
        0.0,
        0.0,
        1.0
      ]
    ],
    "location": [
      -8.388244008868242,
      -38.43031901463655,
      0.24812858155212325
    ],
    "rotation": [
      0.020074306333336824,
      -0.006048383159324726,
      1.59225236425985
    ]
  },
  {
    "label_id": "5cKEXsUpTIciwNSkaSIonQ",
    "size": [
      0.9135875234040114,
      0.6536223241726821,
      0.9900000000000091
    ],
    "obj_class": "sign",
    "point_num_in_lidar": 45,
    "speed": 0.010463537616728476,
    "if_vehicle": false,
    "motion_state": false,
    "pose": [
      [
        -0.9989237376220946,
        -0.04175409163683461,
        0.020198075321357915,
        8.097446704848608
      ],
      [
        0.04164861460911997,
        -0.9991165416245137,
        -0.005615082671912613,
        -29.591117668316656
      ],
      [
        0.020414683838978,
        -0.004767817514778791,
        0.9997802301505568,
        0.1233114337525194
      ],
      [
        0.0,
        0.0,
        0.0,
        1.0
      ]
    ],
    "location": [
      8.097446704848608,
      -29.591117668316656,
      0.1233114337525194
    ],
    "rotation": [
      -0.004768829416834381,
      -0.02041610210659143,
      3.0999232999300332
    ]
  },
  {
    "label_id": "9MprRhxkqn85TQM1QpIWCA",
    "size": [
      2.179268443474047,
      4.24141432079878,
      2.569999999999993
    ],
    "obj_class": "vehicle",
    "point_num_in_lidar": 119,
    "speed": 0.010212976646360991,
    "if_vehicle": true,
    "motion_state": false,
    "pose": [
      [
        -0.009003610368646052,
        -0.9997554564760536,
        0.020198075321357915,
        5.919242437825687
      ],
      [
        0.9999426580890257,
        -0.009118737875458797,
        -0.005615082671912613,
        1.9446949680059333
      ],
      [
        0.005797890494253008,
        0.02014636110855535,
        0.9997802301505568,
        1.1339004650965876
      ],
      [
        0.0,
        0.0,
        0.0,
        1.0
      ]
    ],
    "location": [
      5.919242437825687,
      1.9446949680059333,
      1.1339004650965876
    ],
    "rotation": [
      0.020148062870444235,
      -0.005797922977942074,
      1.579800210154795
    ]
  },
  {
    "label_id": "ANFtbfjBbGPsG4B3kdD-8Q",
    "size": [
      2.1455299958972525,
      4.813595373305301,
      1.4599999999999795
    ],
    "obj_class": "vehicle",
    "point_num_in_lidar": 48,
    "speed": 1.7112135109858137e-12,
    "if_vehicle": true,
    "motion_state": false,
    "pose": [
      [
        -0.5162576107550656,
        0.856195139609414,
        0.020198075321357915,
        34.068690750665155
      ],
      [
        -0.856414909452851,
        -0.5162576621353455,
        -0.005615082671912613,
        -41.51161002309709
      ],
      [
        0.005619804652841235,
        -0.02019676201185638,
        0.9997802301505568,
        0.5218816636680117
      ],
      [
        0.0,
        0.0,
        0.0,
        1.0
      ]
    ],
    "location": [
      34.068690750665155,
      -41.51161002309709,
      0.5218816636680117
    ],
    "rotation": [
      -0.02019845433987261,
      -0.0056198342342314595,
      -2.113281274419351
    ]
  },
  {
    "label_id": "AWt8fBQjwfuud4o02yExgQ",
    "size": [
      2.3293706420918174,
      5.299395887650062,
      1.8899999999999864
    ],
    "obj_class": "vehicle",
    "point_num_in_lidar": 101,
    "speed": 2.1316282072803006e-13,
    "if_vehicle": true,
    "motion_state": false,
    "pose": [
      [
        0.9997959980682624,
        -2.0856570613544982e-16,
        0.020198075321357915,
        -31.62414445346394
      ],
      [
        0.00011343700411111862,
        0.9999842288649526,
        -0.005615082671912613,
        -30.21062770268145
      ],
      [
        -0.020197756774784324,
        0.0056162283933539415,
        0.9997802301505568,
        0.8679766825474644
      ],
      [
        0.0,
        0.0,
        0.0,
        1.0
      ]
    ],
    "location": [
      -31.62414445346394,
      -30.21062770268145,
      0.8679766825474644
    ],
    "rotation": [
      0.005617403855443693,
      0.02019913030400262,
      0.00011346014971406958
    ]
  },
  {
    "label_id": "FDAdSxXi3XwP-HZGgr97Xw",
    "size": [
      0.8056682345254402,
      0.11313803530762628,
      0.18999999999999773
    ],
    "obj_class": "sign",
    "point_num_in_lidar": 96,
    "speed": 0.003918612279339967,
    "if_vehicle": false,
    "motion_state": false,
    "pose": [
      [
        -0.2192121481909972,
        0.9754681295864058,
        0.020198075321357915,
        8.71441917570246
      ],
      [
        -0.9756766520379223,
        -0.21914274232713912,
        -0.005615082671912613,
        -45.239099081674794
      ],
      [
        -0.001051072575791148,
        -0.02093768484193228,
        0.9997802301505568,
        1.6959216186707522
      ],
      [
        0.0,
        0.0,
        0.0,
        1.0
      ]
    ],
    "location": [
      8.71441917570246,
      -45.239099081674794,
      1.6959216186707522
    ],
    "rotation": [
      -0.020939226512077972,
      0.0010510727693206056,
      -1.7918033557801987
    ]
  },
  {
    "label_id": "FjXya5JM_xfBUrb9nDgcNw",
    "size": [
      1.9792069957727791,
      4.673300687547824,
      1.7300000000000182
    ],
    "obj_class": "vehicle",
    "point_num_in_lidar": 27,
    "speed": 8.556067554929069e-13,
    "if_vehicle": true,
    "motion_state": false,
    "pose": [
      [
        -0.4126105661802002,
        0.9106835665750027,
        0.020198075321357915,
        24.097740670331405
      ],
      [
        -0.910901835101965,
        -0.4125849217487963,
        -0.005615082671912613,
        11.959050326553552
      ],
      [
        0.0032198578116678753,
        -0.02071530631615913,
        0.9997802301505568,
        0.8183707745388915
      ],
      [
        0.0,
        0.0,
        0.0,
        1.0
      ]
    ],
    "location": [
      24.097740670331405,
      11.959050326553552,
      0.8183707745388915
    ],
    "rotation": [
      -0.02071689558124924,
      -0.0032198633753313982,
      -1.9961167791370213
    ]
  },
  {
    "label_id": "GUMQWP3ToFPbcQl-o7fCyQ",
    "size": [
      1.0107414226367817,
      1.0195808008363791,
      1.839999999999975
    ],
    "obj_class": "pedestrian",
    "point_num_in_lidar": 34,
    "speed": 1.4228607195221901e-12,
    "if_vehicle": false,
    "motion_state": false,
    "pose": [
      [
        0.9997959980682622,
        2.2332654700039574e-15,
        0.020198075321357915,
        -8.441772783125543
      ],
      [
        0.00011343700410867658,
        0.9999842288649525,
        -0.005615082671912613,
        -25.057884828893293
      ],
      [
        -0.020197756774784335,
        0.005616228393353891,
        0.9997802301505568,
        0.8060597019926377
      ],
      [
        0.0,
        0.0,
        0.0,
        1.0
      ]
    ],
    "location": [
      -8.441772783125543,
      -25.057884828893293,
      0.8060597019926377
    ],
    "rotation": [
      0.005617403855443643,
      0.02019913030400263,
      0.00011346014971162705
    ]
  },
  {
    "label_id": "J7T0lm9jnXkEcN7_fLCHcw",
    "size": [
      2.4105447909986806,
      5.853048720643227,
      1.9400000523537528
    ],
    "obj_class": "vehicle",
    "point_num_in_lidar": 69,
    "speed": 0.002793755598876926,
    "if_vehicle": true,
    "motion_state": false,
    "pose": [
      [
        0.43588768464282995,
        -0.8997743962405385,
        0.020198075321357915,
        24.531181284073227
      ],
      [
        0.8999932519320429,
        0.43586766033209445,
        -0.005615082671912613,
        6.576519221271155
      ],
      [
        -0.0037513802125708107,
        0.020625676876175315,
        0.9997802301505568,
        0.8927166983718848
      ],
      [
        0.0,
        0.0,
        0.0,
        1.0
      ]
    ],
    "location": [
      24.531181284073227,
      6.576519221271155,
      0.8927166983718848
    ],
    "rotation": [
      0.020627284743934306,
      0.003751389011397224,
      1.1197685623174154
    ]
  },
  {
    "label_id": "KRIFGuPyXMFLkXDccz9mLA",
    "size": [
      1.152832250611472,
      1.3148555747822952,
      1.8799999999999955
    ],
    "obj_class": "pedestrian",
    "point_num_in_lidar": 45,
    "speed": 3.740204308213203,
    "if_vehicle": false,
    "motion_state": true,
    "pose": [
      [
        -0.021269271963977467,
        -0.9995697353478821,
        0.020198075321357915,
        9.83234972560058
      ],
      [
        0.9997555103314785,
        -0.021386687645187853,
        -0.005615082671912613,
        -10.247352375743503
      ],
      [
        0.006044636628252028,
        0.020073708380168698,
        0.9997802301505568,
        0.9315774238750123
      ],
      [
        0.0,
        0.0,
        0.0,
        1.0
      ]
    ],
    "location": [
      9.83234972560058,
      -10.247352375743503,
      0.9315774238750123
    ],
    "rotation": [
      0.02007542356093403,
      -0.006044673438308676,
      1.592067591387455
    ]
  },
  {
    "label_id": "LV0eEgqBFEblVK4wVnO9Gg",
    "size": [
      2.3764124997259746,
      5.358373042693289,
      2.0
    ],
    "obj_class": "vehicle",
    "point_num_in_lidar": 92,
    "speed": 6.538988809511827,
    "if_vehicle": true,
    "motion_state": true,
    "pose": [
      [
        -0.007919327365280964,
        -0.9997646333049565,
        0.020198075321357915,
        0.6735043193634738
      ],
      [
        0.9999519596685553,
        -0.008034251776200171,
        -0.005615082671912613,
        -17.399141515330484
      ],
      [
        0.005776037490988172,
        0.02015263732126294,
        0.9997802301505568,
        0.6904219495135067
      ],
      [
        0.0,
        0.0,
        0.0,
        1.0
      ]
    ],
    "location": [
      0.6735043193634738,
      -17.399141515330484,
      0.6904219495135067
    ],
    "rotation": [
      0.02015433791397493,
      -0.005776069608750521,
      1.5787158690524277
    ]
  },
  {
    "label_id": "MvrF6KMiFn50q0NuAemDTQ",
    "size": [
      2.2499939066808214,
      4.861556964822738,
      1.6999999999999886
    ],
    "obj_class": "vehicle",
    "point_num_in_lidar": 86,
    "speed": 1.3538737725671192e-27,
    "if_vehicle": true,
    "motion_state": false,
    "pose": [
      [
        0.4301723208761943,
        -0.9025208097907224,
        0.020198075321357915,
        40.26017298526767
      ],
      [
        0.9027395340812884,
        0.4301509089299781,
        -0.005615082671912613,
        -47.13994482571434
      ],
      [
        -0.0036204914980218434,
        0.02064905424982976,
        0.9997802301505568,
        0.7793149161231554
      ],
      [
        0.0,
        0.0,
        0.0,
        1.0
      ]
    ],
    "location": [
      40.26017298526767,
      -47.13994482571434,
      0.7793149161231554
    ],
    "rotation": [
      0.02065065729759149,
      0.003620499407610663,
      1.126109550376287
    ]
  },
  {
    "label_id": "NBO-XMzdnFWC-AXGtAs4KA",
    "size": [
      2.1730694146178773,
      4.585441915775337,
      1.910000000000025
    ],
    "obj_class": "vehicle",
    "point_num_in_lidar": 69,
    "speed": 0.0,
    "if_vehicle": true,
    "motion_state": false,
    "pose": [
      [
        -0.4258947653262381,
        -0.904547227413263,
        0.020198075321357915,
        62.0395005494438
      ],
      [
        0.9046692037156792,
        -0.42607757825896775,
        -0.005615082671912613,
        -29.285859814868672
      ],
      [
        0.01368505448099121,
        0.015881142400720527,
        0.9997802301505568,
        0.898546895906918
      ],
      [
        0.0,
        0.0,
        0.0,
        1.0
      ]
    ],
    "location": [
      62.0395005494438,
      -29.285859814868672,
      0.898546895906918
    ],
    "rotation": [
      0.015883297554515653,
      -0.013685481674795132,
      2.0107910068899653
    ]
  },
  {
    "label_id": "O0ipbuwo_Nd7uLn6JzKcdA",
    "size": [
      2.0811413058825137,
      4.05562961252444,
      1.4800000000000182
    ],
    "obj_class": "vehicle",
    "point_num_in_lidar": 27,
    "speed": 7.329150206204935,
    "if_vehicle": true,
    "motion_state": true,
    "pose": [
      [
        0.001330569683553555,
        -0.9997951126794078,
        0.020198075321357915,
        -0.9038919374629586
      ],
      [
        0.9999834942760428,
        0.0012173832851941479,
        -0.005615082671912613,
        16.05753243340041
      ],
      [
        0.005589343413379747,
        0.02020521319627609,
        0.9997802301505568,
        0.8917070241200236
      ],
      [
        0.0,
        0.0,
        0.0,
        1.0
      ]
    ],
    "location": [
      -0.9038919374629586,
      16.05753243340041,
      0.8917070241200236
    ],
    "rotation": [
      0.020206903932391117,
      -0.005589372516344718,
      1.5694657359342232
    ]
  },
  {
    "label_id": "PE7PqXfc9zvQFaGz-kdYrQ",
    "size": [
      1.8986630586357012,
      4.10965922679504,
      1.589999999999975
    ],
    "obj_class": "vehicle",
    "point_num_in_lidar": 82,
    "speed": 2.321377492315726e-28,
    "if_vehicle": true,
    "motion_state": false,
    "pose": [
      [
        -0.4750396402905855,
        0.8797325604443114,
        0.020198075321357915,
        34.215629969359725
      ],
      [
        -0.8799520850621128,
        -0.47502926103707344,
        -0.005615082671912613,
        -46.96105623206495
      ],
      [
        0.004654905738207633,
        -0.020440725345937768,
        0.9997802301505568,
        0.6410472582232387
      ],
      [
        0.0,
        0.0,
        0.0,
        1.0
      ]
    ],
    "location": [
      34.215629969359725,
      -46.96105623206495,
      0.6410472582232387
    ],
    "rotation": [
      -0.020442370554902493,
      -0.004654922548902185,
      -2.0658112543378135
    ]
  },
  {
    "label_id": "PGSywETsgNcgg23KFB6U6Q",
    "size": [
      0.8025207432122885,
      0.13719858915251099,
      0.9300000000000068
    ],
    "obj_class": "sign",
    "point_num_in_lidar": 314,
    "speed": 0.03795740192609465,
    "if_vehicle": false,
    "motion_state": false,
    "pose": [
      [
        -0.21921214819236612,
        0.9754681295860982,
        0.020198075321357915,
        8.711863140091737
      ],
      [
        -0.9756766520376148,
        -0.21914274232850833,
        -0.005615082671912613,
        -45.25586376289357
      ],
      [
        -0.0010510725757617663,
        -0.020937684841933753,
        0.9997802301505568,
        2.294586559975585
      ],
      [
        0.0,
        0.0,
        0.0,
        1.0
      ]
    ],
    "location": [
      8.711863140091737,
      -45.25586376289357,
      2.294586559975585
    ],
    "rotation": [
      -0.020939226512079447,
      0.0010510727692912242,
      -1.7918033557816015
    ]
  },
  {
    "label_id": "PbuvIUoXgzIQt21pg9BXww",
    "size": [
      2.184050851373227,
      4.741562823539253,
      1.8999999999999773
    ],
    "obj_class": "vehicle",
    "point_num_in_lidar": 51,
    "speed": 1.4836567898030565e-12,
    "if_vehicle": true,
    "motion_state": false,
    "pose": [
      [
        -0.38984346988326185,
        -0.9206596041657801,
        0.020198075321357915,
        46.541327655539135
      ],
      [
        0.9207887043179376,
        -0.3900213235799827,
        -0.005615082671912613,
        -28.693100318005236
      ],
      [
        0.013047259860685395,
        0.016409156292369474,
        0.9997802301505568,
        0.7635468959069271
      ],
      [
        0.0,
        0.0,
        0.0,
        1.0
      ]
    ],
    "location": [
      46.541327655539135,
      -28.693100318005236,
      0.7635468959069271
    ],
    "rotation": [
      0.016411289810884015,
      -0.013047630063705308,
      1.9712939721987626
    ]
  },
  {
    "label_id": "Q3zAM_DhuaveZ4DsImfSKQ",
    "size": [
      1.9393335923807142,
      4.448500843808347,
      1.509999999999991
    ],
    "obj_class": "vehicle",
    "point_num_in_lidar": 58,
    "speed": 5.728578676879116e-13,
    "if_vehicle": true,
    "motion_state": false,
    "pose": [
      [
        0.40283988062150294,
        0.9150475770877523,
        0.020198075321357915,
        31.368479967462463
      ],
      [
        -0.9151741460933246,
        0.40301954440069276,
        -0.005615082671912613,
        -8.02121013348733
      ],
      [
        -0.0132782869078656,
        -0.016222777101719234,
        0.9997802301505568,
        0.5863249028881228
      ],
      [
        0.0,
        0.0,
        0.0,
        1.0
      ]
    ],
    "location": [
      31.368479967462463,
      -8.02121013348733,
      0.5863249028881228
    ],
    "rotation": [
      -0.016224919286897403,
      0.013278677127712475,
      -1.156140008051964
    ]
  },
  {
    "label_id": "VBixxlZ-nYOf9L47qOhL5Q",
    "size": [
      3.430539923413356,
      2.7957590169782516,
      3.1200000000000045
    ],
    "obj_class": "vehicle",
    "point_num_in_lidar": 506,
    "speed": 1.4210854715202004e-13,
    "if_vehicle": true,
    "motion_state": false,
    "pose": [
      [
        0.9992552641590987,
        0.032877877115812956,
        0.020198075321357915,
        -9.738696619092934
      ],
      [
        -0.03277069135520547,
        0.9994471234811222,
        -0.005615082671912613,
        -25.815361898310584
      ],
      [
        -0.020371520277868486,
        0.004948996026271803,
        0.9997802301505568,
        1.326402097760024
      ],
      [
        0.0,
        0.0,
        0.0,
        1.0
      ]
    ],
    "location": [
      -9.738696619092934,
      -25.815361898310584,
      1.326402097760024
    ],
    "rotation": [
      0.004950043474879919,
      0.020372929567277147,
      -0.0327833653713733
    ]
  },
  {
    "label_id": "VS0srO3PT-Il0oMtRJkF0A",
    "size": [
      1.8795134410569594,
      3.93573998088154,
      1.5699999999999932
    ],
    "obj_class": "vehicle",
    "point_num_in_lidar": 83,
    "speed": 4.190897852125658,
    "if_vehicle": true,
    "motion_state": true,
    "pose": [
      [
        0.9803863548925258,
        0.1960475271301813,
        0.020198075321357915,
        25.89619201198275
      ],
      [
        -0.19597320205897384,
        0.9805931750330207,
        -0.005615082671912613,
        -0.41707083290384617
      ],
      [
        -0.020906917881386454,
        0.0015466689369817422,
        0.9997802301505568,
        0.644048157176428
      ],
      [
        0.0,
        0.0,
        0.0,
        1.0
      ]
    ],
    "location": [
      25.89619201198275,
      -0.41707083290384617,
      0.644048157176428
    ],
    "rotation": [
      0.001547007688782125,
      0.020908441247276775,
      -0.19729348956841297
    ]
  },
  {
    "label_id": "X0fflRFBk6qiNuqG1UAR0w",
    "size": [
      1.9109977702636731,
      2.528255746071504,
      2.4599999999999795
    ],
    "obj_class": "vehicle",
    "point_num_in_lidar": 1323,
    "speed": 1.4228607195221901e-12,
    "if_vehicle": true,
    "motion_state": false,
    "pose": [
      [
        0.012266797698424805,
        0.9997207427214555,
        0.020198075321357915,
        -3.6240819495737924
      ],
      [
        -0.9999075675571722,
        0.012382535624290725,
        -0.005615082671912613,
        -39.21340812564813
      ],
      [
        -0.005863618006415674,
        -0.02012732928071926,
        0.9997802301505568,
        0.9954211508484718
      ],
      [
        0.0,
        0.0,
        0.0,
        1.0
      ]
    ],
    "location": [
      -3.6240819495737924,
      -39.21340812564813,
      0.9954211508484718
    ],
    "rotation": [
      -0.020129034578290305,
      0.005863651607437023,
      -1.5585290105360285
    ]
  },
  {
    "label_id": "_0XRthlvxJHqJVefxsO4cw",
    "size": [
      2.009858454058354,
      4.920467986135323,
      1.5500000000000114
    ],
    "obj_class": "vehicle",
    "point_num_in_lidar": 211,
    "speed": 2.8421709430404007e-13,
    "if_vehicle": true,
    "motion_state": false,
    "pose": [
      [
        -0.47895865488527134,
        -0.8776050618950441,
        0.020198075321357915,
        27.46319182232628
      ],
      [
        0.8777159451805253,
        -0.4791484012521014,
        -0.005615082671912613,
        -28.31783480487138
      ],
      [
        0.014605700474427826,
        0.015038780327904244,
        0.9997802301505568,
        0.5164734947611009
      ],
      [
        0.0,
        0.0,
        0.0,
        1.0
      ]
    ],
    "location": [
      27.46319182232628,
      -28.31783480487138,
      0.5164734947611009
    ],
    "rotation": [
      0.015040951782928356,
      -0.014606219821412227,
      2.0703225998793484
    ]
  },
  {
    "label_id": "b-6zAJs2AkBphold1gsJtA",
    "size": [
      0.926138085754537,
      2.7676475764715867,
      3.089999999999975
    ],
    "obj_class": "vehicle",
    "point_num_in_lidar": 307,
    "speed": 2.1316282072803006e-13,
    "if_vehicle": true,
    "motion_state": false,
    "pose": [
      [
        0.022263953697750194,
        0.9995480749413993,
        0.020198075321357915,
        -8.689844086141875
      ],
      [
        -0.9997337329902692,
        0.02238155418930583,
        -0.005615082671912613,
        -32.98279503452977
      ],
      [
        -0.006064609392671712,
        -0.020067683299623277,
        0.9997802301505568,
        2.0275248500032603
      ],
      [
        0.0,
        0.0,
        0.0,
        1.0
      ]
    ],
    "location": [
      -8.689844086141875,
      -32.98279503452977,
      2.0275248500032603
    ],
    "rotation": [
      -0.02006939958368929,
      0.006064646568824149,
      -1.5485301238326301
    ]
  },
  {
    "label_id": "bh3JCKcZddSi_q_kFbnTUA",
    "size": [
      2.371956758123572,
      4.058644132835048,
      2.9599999999999795
    ],
    "obj_class": "vehicle",
    "point_num_in_lidar": 1259,
    "speed": 1.4210854715202004e-13,
    "if_vehicle": true,
    "motion_state": false,
    "pose": [
      [
        0.021457759549443806,
        0.999565706848945,
        0.020198075321357915,
        -8.476085531443005
      ],
      [
        -0.9997514596882693,
        0.02157521025998777,
        -0.005615082671912613,
        -36.41029308222642
      ],
      [
        -0.00604842180187096,
        -0.020072568191597036,
        0.9997802301505568,
        1.2691289744527694
      ],
      [
        0.0,
        0.0,
        0.0,
        1.0
      ]
    ],
    "location": [
      -8.476085531443005,
      -36.41029308222642,
      1.2691289744527694
    ],
    "rotation": [
      -0.020074283581263192,
      0.006048458681123458,
      -1.5493365276518694
    ]
  },
  {
    "label_id": "cKixMD6Kv-IkYAQZzIhn3Q",
    "size": [
      0.9882731918054034,
      0.9291493449921988,
      1.079999999999984
    ],
    "obj_class": "sign",
    "point_num_in_lidar": 39,
    "speed": 0.007653262395275095,
    "if_vehicle": false,
    "motion_state": false,
    "pose": [
      [
        0.014640978295426934,
        0.9996887913285142,
        0.020198075321357915,
        5.5046340580324795
      ],
      [
        -0.9998753407738805,
        0.014757159581174097,
        -0.005615082671912613,
        -5.391201401003855
      ],
      [
        -0.005911401430243857,
        -0.02011334714139275,
        0.9997802301505568,
        0.30575151460885763
      ],
      [
        0.0,
        0.0,
        0.0,
        1.0
      ]
    ],
    "location": [
      5.5046340580324795,
      -5.391201401003855,
      0.30575151460885763
    ],
    "rotation": [
      -0.02011505502723804,
      0.005911435859444214,
      -1.556154569533755
    ]
  },
  {
    "label_id": "dGXjoGZuSR32_Epjku84GQ",
    "size": [
      2.031266431687981,
      4.344831108393483,
      1.5299999999999727
    ],
    "obj_class": "vehicle",
    "point_num_in_lidar": 82,
    "speed": 8.038873388460929e-13,
    "if_vehicle": true,
    "motion_state": false,
    "pose": [
      [
        0.9997959980682624,
        1.3418903630661834e-17,
        0.020198075321357915,
        -31.520125481485593
      ],
      [
        0.00011343700411089658,
        0.9999842288649526,
        -0.005615082671912613,
        -41.138094997178996
      ],
      [
        -0.020197756774784324,
        0.005616228393353936,
        0.9997802301505568,
        0.5454219495128427
      ],
      [
        0.0,
        0.0,
        0.0,
        1.0
      ]
    ],
    "location": [
      -31.520125481485593,
      -41.138094997178996,
      0.5454219495128427
    ],
    "rotation": [
      0.005617403855443688,
      0.02019913030400262,
      0.00011346014971384748
    ]
  },
  {
    "label_id": "ePe91MdM2CuT-nfB-uco4g",
    "size": [
      0.49827179316066317,
      0.09308568422348455,
      0.6899999999999977
    ],
    "obj_class": "sign",
    "point_num_in_lidar": 20,
    "speed": 0.011382438586488568,
    "if_vehicle": false,
    "motion_state": false,
    "pose": [
      [
        0.04523230837599478,
        0.9987722843733158,
        0.020198075321357915,
        -3.8364298746196255
      ],
      [
        -0.9989551903717414,
        0.04535414508008785,
        -0.005615082671912613,
        -1.6023359290229564
      ],
      [
        -0.00652425538563459,
        -0.01992298902681721,
        0.9997802301505568,
        2.435438183831309
      ],
      [
        0.0,
        0.0,
        0.0,
        1.0
      ]
    ],
    "location": [
      -3.8364298746196255,
      -1.6023359290229564,
      2.435438183831309
    ],
    "rotation": [
      -0.01992473137043827,
      0.006524301671663973,
      -1.52554761657821
    ]
  },
  {
    "label_id": "e_f0alPEjhZxGtnBMwKocQ",
    "size": [
      2.1113184009634987,
      4.9407820196440175,
      1.5199999999999818
    ],
    "obj_class": "vehicle",
    "point_num_in_lidar": 255,
    "speed": 1.4228607195221901e-12,
    "if_vehicle": true,
    "motion_state": false,
    "pose": [
      [
        0.47584365359133607,
        -0.8792979330637377,
        0.020198075321357915,
        31.48982054666476
      ],
      [
        0.879517467078058,
        0.47583347502165607,
        -0.005615082671912613,
        -46.757435313124006
      ],
      [
        -0.004673589781516119,
        0.020436461500312843,
        0.9997802301505568,
        0.4927797082337406
      ],
      [
        0.0,
        0.0,
        0.0,
        1.0
      ]
    ],
    "location": [
      31.48982054666476,
      -46.757435313124006,
      0.4927797082337406
    ],
    "rotation": [
      0.020438107553599417,
      0.004673606795451875,
      1.0748674252897397
    ]
  },
  {
    "label_id": "fta5Om6QXA7WRY0GM2Xzkw",
    "size": [
      2.5502553888274795,
      6.6156140038635325,
      2.5
    ],
    "obj_class": "vehicle",
    "point_num_in_lidar": 43,
    "speed": 0.007033665964416144,
    "if_vehicle": true,
    "motion_state": false,
    "pose": [
      [
        0.0821078310089228,
        0.9964187582740115,
        0.020198075321357915,
        -10.69504568981256
      ],
      [
        -0.9965970372736153,
        0.08223634320688328,
        -0.005615082671912613,
        -3.9602255110858096
      ],
      [
        -0.0072559895577987525,
        -0.01966829976476809,
        0.9997802301505568,
        1.225535609204087
      ],
      [
        0.0,
        0.0,
        0.0,
        1.0
      ]
    ],
    "location": [
      -10.69504568981256,
      -3.9602255110858096,
      1.225535609204087
    ],
    "rotation": [
      -0.019670085955585902,
      0.0072560532298712776,
      -1.4885937882260174
    ]
  },
  {
    "label_id": "gW_x45lph3EKFj8lsCvP6w",
    "size": [
      1.0006108123695878,
      0.9902597949629417,
      1.0400000000000205
    ],
    "obj_class": "sign",
    "point_num_in_lidar": 24,
    "speed": 1.1390866590859189e-12,
    "if_vehicle": false,
    "motion_state": false,
    "pose": [
      [
        0.9940030771152158,
        -0.10747055614816049,
        0.020198075321357915,
        -18.140322494124575
      ],
      [
        0.10760356928264636,
        0.9941780236578469,
        -0.005615082671912613,
        -26.607733546494273
      ],
      [
        -0.019477026547111597,
        0.0077547944513553105,
        0.9997802301505568,
        0.08559218590744422
      ],
      [
        0.0,
        0.0,
        0.0,
        1.0
      ]
    ],
    "location": [
      -18.140322494124575,
      -26.607733546494273,
      0.08559218590744422
    ],
    "rotation": [
      0.007756343549470994,
      0.019478258207195426,
      0.10783284222212593
    ]
  },
  {
    "label_id": "h0E7-6YV8hZqZdTKGggvig",
    "size": [
      0.6450469788444877,
      0.12172477903293348,
      0.5
    ],
    "obj_class": "sign",
    "point_num_in_lidar": 60,
    "speed": 0.018109295636337345,
    "if_vehicle": false,
    "motion_state": false,
    "pose": [
      [
        -0.47962847522420793,
        0.8772391712112576,
        0.020198075321357915,
        8.56677962526146
      ],
      [
        -0.8774587470505537,
        -0.47961924280731294,
        -0.005615082671912613,
        -31.637881514283436
      ],
      [
        0.004761615122403443,
        -0.020416131404498744,
        0.9997802301505568,
        1.6211689029479999
      ],
      [
        0.0,
        0.0,
        0.0,
        1.0
      ]
    ],
    "location": [
      8.56677962526146,
      -31.637881514283436,
      1.6211689029479999
    ],
    "rotation": [
      -0.020417781473314012,
      -0.004761633115919969,
      -2.0710337831242174
    ]
  },
  {
    "label_id": "hFRlMT4rtSf_ZpDIAosQVQ",
    "size": [
      2.164512542483268,
      5.39233061846363,
      1.829999999999984
    ],
    "obj_class": "vehicle",
    "point_num_in_lidar": 42,
    "speed": 7.105427357601002e-14,
    "if_vehicle": true,
    "motion_state": false,
    "pose": [
      [
        -0.3247692006636464,
        0.9455776034010158,
        0.020198075321357915,
        -7.735306721582674
      ],
      [
        -0.9457924749059894,
        -0.3247230593256215,
        -0.005615082671912613,
        16.288975794726866
      ],
      [
        0.0012492843950349778,
        -0.02092679355754204,
        0.9997802301505568,
        1.1977094617653279
      ],
      [
        0.0,
        0.0,
        0.0,
        1.0
      ]
    ],
    "location": [
      -7.735306721582674,
      16.288975794726866,
      1.1977094617653279
    ],
    "rotation": [
      -0.02092833760675145,
      -0.001249284719997293,
      -1.9015642853697257
    ]
  },
  {
    "label_id": "hYXbn94Q-8KHxH67HXGtnw",
    "size": [
      2.314169995277217,
      6.2172485639470665,
      1.9799998987269873
    ],
    "obj_class": "vehicle",
    "point_num_in_lidar": 28,
    "speed": 2.2520611211964745e-28,
    "if_vehicle": true,
    "motion_state": false,
    "pose": [
      [
        0.43080564115334535,
        0.9022186748808559,
        0.020198075321357915,
        37.112737948583344
      ],
      [
        -0.9023396555998315,
        0.4309891144548377,
        -0.005615082671912613,
        -7.679165157225725
      ],
      [
        -0.01377118304404361,
        -0.015806515038651204,
        0.9997802301505568,
        0.9357691641332622
      ],
      [
        0.0,
        0.0,
        0.0,
        1.0
      ]
    ],
    "location": [
      37.112737948583344,
      -7.679165157225725,
      0.9357691641332622
    ],
    "rotation": [
      -0.015808672529157592,
      0.013771618354969612,
      -1.125365734992888
    ]
  },
  {
    "label_id": "hivpmlyhwDxDKfki3f-6pQ",
    "size": [
      2.2017536293543625,
      4.869132266120381,
      1.5
    ],
    "obj_class": "vehicle",
    "point_num_in_lidar": 674,
    "speed": 5.728578676879116e-13,
    "if_vehicle": true,
    "motion_state": false,
    "pose": [
      [
        -0.4377845401923967,
        0.8988530102980378,
        0.020198075321357915,
        25.159045087102186
      ],
      [
        -0.8990719077384598,
        -0.437764977541733,
        -0.005615082671912613,
        -47.297465066692894
      ],
      [
        0.003794876026719479,
        -0.020617718497483922,
        0.9997802301505568,
        0.5004219495129973
      ],
      [
        0.0,
        0.0,
        0.0,
        1.0
      ]
    ],
    "location": [
      25.159045087102186,
      -47.297465066692894,
      0.5004219495129973
    ],
    "rotation": [
      -0.020619328000974612,
      -0.0037948851351666145,
      -2.0239328826399183
    ]
  },
  {
    "label_id": "hvPFm2RdAAWfdNKM6fPlKQ",
    "size": [
      0.8815892089396217,
      4.279936915581935,
      3.0
    ],
    "obj_class": "vehicle",
    "point_num_in_lidar": 346,
    "speed": 3.1776437161565096e-13,
    "if_vehicle": true,
    "motion_state": false,
    "pose": [
      [
        -0.9989047425333349,
        -0.042206078919090007,
        0.020198075321357915,
        -6.4790172339444325
      ],
      [
        0.042100689141846816,
        -0.9990975942421088,
        -0.005615082671912613,
        -26.10512671997276
      ],
      [
        0.02041683908427756,
        -0.004758579820322161,
        0.9997802301505568,
        1.3264020977600808
      ],
      [
        0.0,
        0.0,
        0.0,
        1.0
      ]
    ],
    "location": [
      -6.4790172339444325,
      -26.10512671997276,
      1.3264020977600808
    ],
    "rotation": [
      -0.004759589901483691,
      -0.02041825780118814,
      3.0994707321818056
    ]
  },
  {
    "label_id": "i0Y51DKH1Po8zwpWDgJ45w",
    "size": [
      2.3946881644866513,
      4.9382475799254895,
      1.6399999999999864
    ],
    "obj_class": "vehicle",
    "point_num_in_lidar": 60,
    "speed": 1.1260278716909192e-27,
    "if_vehicle": true,
    "motion_state": false,
    "pose": [
      [
        0.428241451121477,
        -0.9034385963056285,
        0.020198075321357915,
        43.4955870373783
      ],
      [
        0.9036572743103585,
        0.4282195715197533,
        -0.005615082671912613,
        -47.557919966271584
      ],
      [
        -0.003576328752382802,
        0.02065674884280053,
        0.9997802301505568,
        0.653745595544649
      ],
      [
        0.0,
        0.0,
        0.0,
        1.0
      ]
    ],
    "location": [
      43.4955870373783,
      -47.557919966271584,
      0.653745595544649
    ],
    "rotation": [
      0.020658350299139802,
      0.0035763363760433755,
      1.1282474385954777
    ]
  },
  {
    "label_id": "iBkwaKuO5FtaIH6EsIuybg",
    "size": [
      0.7761610927724273,
      0.09380387781686414,
      0.7900000000000205
    ],
    "obj_class": "sign",
    "point_num_in_lidar": 35,
    "speed": 0.009654442922615185,
    "if_vehicle": false,
    "motion_state": false,
    "pose": [
      [
        -0.970131077804161,
        -0.24173897003141562,
        0.020198075321357915,
        -21.83681928769238
      ],
      [
        0.24167441081707033,
        -0.9703411513497764,
        -0.005615082671912613,
        -23.971634190300392
      ],
      [
