[
  {
    "label_id": "-zBoeL2qb2QbIoyVku7wXQ",
    "size": [
      0.9999999999997554,
      1.0,
      1.7300000000000182
    ],
    "obj_class": "pedestrian",
    "point_num_in_lidar": 25,
    "speed": 1.3783651104140027,
    "if_vehicle": false,
    "motion_state": true,
    "pose": [
      [
        -0.9977048908298785,
        0.06537256972806434,
        0.017645904377213268,
        -24.274861995296305
      ],
      [
        -0.06553702294739462,
        -0.9978103809602507,
        -0.00890742786400527,
        -9.449001956465509
      ],
      [
        0.017024965119877937,
        -0.010043444384729355,
        0.9998046208072644,
        0.5879163029932215
      ],
      [
        0.0,
        0.0,
        0.0,
        1.0
      ]
    ],
    "location": [
      -24.274861995296305,
      -9.449001956465509,
      0.5879163029932215
    ],
    "rotation": [
      -0.010045069174018515,
      -0.017025787673263376,
      -3.0759991045699615
    ]
  },
  {
    "label_id": "0zCQwnJdl42AdLzZADBxXg",
    "size": [
      0.8289207527314593,
      0.10828005381067762,
      1.589999999999975
    ],
    "obj_class": "sign",
    "point_num_in_lidar": 40,
    "speed": 0.0030579857631787177,
    "if_vehicle": false,
    "motion_state": false,
    "pose": [
      [
        0.00046039343286175563,
        0.999844192910374,
        0.017645904377213268,
        8.050739006888762
      ],
      [
        -0.9999601373235686,
        0.0006176509350770684,
        -0.00890742786400527,
        15.288962801829257
      ],
      [
        -0.008916939032932595,
        -0.01764110004294446,
        0.9998046208072644,
        2.854785677486916
      ],
      [
        0.0,
        0.0,
        0.0,
        1.0
      ]
    ],
    "location": [
      8.050739006888762,
      15.288962801829257,
      2.854785677486916
    ],
    "rotation": [
      -0.017642716669712306,
      0.00891705720414223,
      -1.5703359150413214
    ]
  },
  {
    "label_id": "1Myj1w9PMad1lmgyo4duUQ",
    "size": [
      1.0321513240744062,
      1.1043242572574457,
      2.0
    ],
    "obj_class": "pedestrian",
    "point_num_in_lidar": 54,
    "speed": 1.3070111352394127,
    "if_vehicle": false,
    "motion_state": true,
    "pose": [
      [
        -0.05794034766442574,
        -0.9981640837914555,
        0.017645904377213268,
        -19.77047846274263
      ],
      [
        0.9982707957619328,
        -0.058104010685022564,
        -0.00890742786400527,
        -17.234391152358512
      ],
      [
        0.00991637238929379,
        0.0170992915373434,
        0.9998046208072644,
        0.6541027067988807
      ],
      [
        0.0,
        0.0,
        0.0,
        1.0
      ]
    ],
    "location": [
      -19.77047846274263,
      -17.234391152358512,
      0.6541027067988807
    ],
    "rotation": [
      0.01710096582152143,
      -0.00991653491664235,
      1.6287719957365505
    ]
  },
  {
    "label_id": "2TOQGQYM_EwZ75KGIBMnIg",
    "size": [
      2.257228257207319,
      4.81431029913965,
      1.8999999999999773
    ],
    "obj_class": "vehicle",
    "point_num_in_lidar": 62,
    "speed": 5.684341886080801e-13,
    "if_vehicle": true,
    "motion_state": false,
    "pose": [
      [
        0.9998442989079401,
        -6.107014284411131e-16,
        0.017645904377213268,
        -31.36664428346603
      ],
      [
        0.00015720409718537667,
        0.9999603157204388,
        -0.00890742786400527,
        -35.52797812910285
      ],
      [
        -0.017645204112210846,
        0.008908814976226042,
        0.9998046208072644,
        0.7729163029931101
      ],
      [
        0.0,
        0.0,
        0.0,
        1.0
      ]
    ],
    "location": [
      -31.36664428346603,
      -35.52797812910285,
      0.7729163029931101
    ],
    "rotation": [
      0.00891032009788844,
      0.017646119889068834,
      0.00015722857655104368
    ]
  },
  {
    "label_id": "5LXcxZp2gsdgc_EiAk07eA",
    "size": [
      2.4679943543899046,
      2.859825382530367,
      1.1899999999999977
    ],
    "obj_class": "vehicle",
    "point_num_in_lidar": 564,
    "speed": 2.0009065111038244e-12,
    "if_vehicle": true,
    "motion_state": false,
    "pose": [
      [
        -0.02145503527354238,
        -0.9996140772918923,
        0.017645904377213268,
        -8.388244008868242
      ],
      [
        0.9997266940459699,
        -0.02161469270573727,
        -0.00890742786400527,
        -38.43031901463655
      ],
      [
        0.009285401085950011,
        0.01744997246746396,
        0.9998046208072644,
        0.24812858155212325
      ],
      [
        0.0,
        0.0,
        0.0,
        1.0
      ]
    ],
    "location": [
      -8.388244008868242,
      -38.43031901463655,
      0.24812858155212325
    ],
    "rotation": [
      0.017451610599369075,
      -0.009285534520287606,
      1.5922539336197012
    ]
  },
  {
    "label_id": "5cKEXsUpTIciwNSkaSIonQ",
    "size": [
      0.9135875234040142,
      0.6536223241726821,
      0.9900000000000091
    ],
    "obj_class": "sign",
    "point_num_in_lidar": 31,
    "speed": 0.01046353770596308,
    "if_vehicle": false,
    "motion_state": false,
    "pose": [
      [
        -0.9989719963222639,
        -0.04175610880603066,
        0.017645904377213268,
        8.096789325763893
      ],
      [
        0.0416038870247844,
        -0.9990944771708413,
        -0.00890742786400527,
        -29.586984242920153
      ],
      [
        0.018001865135029823,
        -0.008164132783242177,
        0.9998046208072644,
        0.11752265396501116
      ],
      [
        0.0,
        0.0,
        0.0,
        1.0
      ]
    ],
    "location": [
      8.096789325763893,
      -29.586984242920153,
      0.11752265396501116
    ],
    "rotation": [
      -0.008165546709370903,
      -0.018002837579031403,
      3.0999700065845874
    ]
  },
  {
    "label_id": "9MprRhxkqn85TQM1QpIWCA",
    "size": [
      2.1792684434740464,
      4.24141432079878,
      2.569999999999993
    ],
    "obj_class": "vehicle",
    "point_num_in_lidar": 112,
    "speed": 0.010212976732164845,
    "if_vehicle": true,
    "motion_state": false,
    "pose": [
      [
        -0.009004045339324026,
        -0.9998037553571388,
        0.017645904377213268,
        5.915550065875777
      ],
      [
        0.999918351771928,
        -0.009162287845217724,
        -0.00890742786400527,
        1.9464427786733722
      ],
      [
        0.009067356684198504,
        0.017564260736043877,
        0.9998046208072644,
        1.1339004650965308
      ],
      [
        0.0,
        0.0,
        0.0,
        1.0
      ]
    ],
    "location": [
      5.915550065875777,
      1.9464427786733722,
      1.1339004650965308
    ],
    "rotation": [
      0.017565886162686548,
      -0.009067480937208421,
      1.579800863983007
    ]
  },
  {
    "label_id": "9cq03JJ9_phjbmpFJddeMA",
    "size": [
      1.9848296307250408,
      4.453743106991359,
      1.589999999999975
    ],
    "obj_class": "vehicle",
    "point_num_in_lidar": 108,
    "speed": 4.2226095676476253e-29,
    "if_vehicle": true,
    "motion_state": false,
    "pose": [
      [
        -0.47581171624216556,
        -0.879370134099058,
        0.017645904377213268,
        30.878384772436675
      ],
      [
        0.8793973605069224,
        -0.476005189112793,
        -0.00890742786400527,
        -28.548618599859765
      ],
      [
        0.016232468085389664,
        0.011279503193803258,
        0.9998046208072644,
        0.5656452845538524
      ],
      [
        0.0,
        0.0,
        0.0,
        1.0
      ]
    ],
    "location": [
      30.878384772436675,
      -28.548618599859765,
      0.5656452845538524
    ],
    "rotation": [
      0.011281228807572428,
      -0.016233181026934402,
      2.0667542949403233
    ]
  },
  {
    "label_id": "ANFtbfjBbGPsG4B3kdD-8Q",
    "size": [
      2.1455299958972582,
      4.813595373305301,
      1.4599999999999795
    ],
    "obj_class": "vehicle",
    "point_num_in_lidar": 44,
    "speed": 1.0556523919119063e-29,
    "if_vehicle": true,
    "motion_state": false,
    "pose": [
      [
        -0.516282551519117,
        0.8562365029917964,
        0.017645904377213268,
        34.068690750665155
      ],
      [
        -0.8564170306623778,
        -0.5162078334549792,
        -0.00890742786400527,
        -41.51161002309891
      ],
      [
        0.0014820891829874343,
        -0.019711002615186362,
        0.9998046208072644,
        0.5218816636679549
      ],
      [
        0.0,
        0.0,
        0.0,
        1.0
      ]
    ],
    "location": [
      34.068690750665155,
      -41.51161002309891,
      0.5218816636679549
    ],
    "rotation": [
      -0.019712300856142197,
      -0.0014820897255779417,
      -2.1133015393132406
    ]
  },
  {
    "label_id": "AWt8fBQjwfuud4o02yExgQ",
    "size": [
      2.3293706420918188,
      5.299395887650062,
      1.8899999999999864
    ],
    "obj_class": "vehicle",
    "point_num_in_lidar": 111,
    "speed": 2.1316282072803006e-13,
    "if_vehicle": true,
    "motion_state": false,
    "pose": [
      [
        0.9998442989079401,
        -3.887056063736144e-16,
        0.017645904377213268,
        -31.62414445346394
      ],
      [
        0.00015720409718515463,
        0.9999603157204389,
        -0.00890742786400527,
        -30.21062770268145
      ],
      [
        -0.01764520411221085,
        0.008908814976226039,
        0.9998046208072644,
        0.8679766825475212
      ],
      [
        0.0,
        0.0,
        0.0,
        1.0
      ]
    ],
    "location": [
      -31.62414445346394,
      -30.21062770268145,
      0.8679766825475212
    ],
    "rotation": [
      0.008910320097888436,
      0.017646119889068838,
      0.0001572285765508216
    ]
  },
  {
    "label_id": "CChYu3pF_8haXRNYwQQoTA",
    "size": [
      1.9473600835850329,
      4.24811140313671,
      1.509999999999991
    ],
    "obj_class": "vehicle",
    "point_num_in_lidar": 92,
    "speed": 1.1390866590859189e-12,
    "if_vehicle": true,
    "motion_state": false,
    "pose": [
      [
        0.47869036943679816,
        0.8778064435097136,
        0.017645904377213268,
        28.256343583145735
      ],
      [
        -0.8778330358683812,
        0.4788839304747539,
        -0.00890742786400527,
        -66.48479214124563
      ],
      [
        -0.016269337619063347,
        -0.011226257875139967,
        0.9998046208072644,
        0.3809059511289661
      ],
      [
        0.0,
        0.0,
        0.0,
        1.0
      ]
    ],
    "location": [
      28.256343583145735,
      -66.48479214124563,
      0.3809059511289661
    ],
    "rotation": [
      -0.011227979829272407,
      0.016270055430046244,
      -1.0715616834311172
    ]
  },
  {
    "label_id": "FDAdSxXi3XwP-HZGgr97Xw",
    "size": [
      0.8056682345254411,
      0.11313803530762628,
      0.18999999999999773
    ],
    "obj_class": "sign",
    "point_num_in_lidar": 64,
    "speed": 0.006871184954488725,
    "if_vehicle": false,
    "motion_state": false,
    "pose": [
      [
        -0.2192227384822476,
        0.9755152551298489,
        0.017645904377213268,
        8.714120010566148
      ],
      [
        -0.9756629170040935,
        -0.2190947970900064,
        -0.00890742786400527,
        -45.23729135073518
      ],
      [
        -0.004823205926310632,
        -0.01916916526702751,
        0.9998046208072644,
        1.6874219571437834
      ],
      [
        0.0,
        0.0,
        0.0,
        1.0
      ]
    ],
    "location": [
      8.714120010566148,
      -45.23729135073518,
      1.6874219571437834
    ],
    "rotation": [
      -0.019170562448895177,
      0.004823224627133192,
      -1.7918166995289628
    ]
  },
  {
    "label_id": "FO4kJmdZ7XvD-XlCJ0VDKA",
    "size": [
      2.1859181951863778,
      4.686703586845054,
      1.5799999740141288
    ],
    "obj_class": "vehicle",
    "point_num_in_lidar": 27,
    "speed": 0.0,
    "if_vehicle": true,
    "motion_state": false,
    "pose": [
      [
        0.4654593239029693,
        -0.8848933494215566,
        0.017645904377213268,
        37.082137921415324
      ],
      [
        0.8850692114220536,
        0.4653742028965421,
        -0.00890742786400527,
        7.166951631430493
      ],
      [
        -0.00032982500662369916,
        0.019763892023263476,
        0.9998046208072644,
        0.705515526175077
      ],
      [
        0.0,
        0.0,
        0.0,
        1.0
      ]
    ],
    "location": [
      37.082137921415324,
      7.166951631430493,
      0.705515526175077
    ],
    "rotation": [
      0.019765179991707193,
      0.00032982501260367614,
      1.0866427883116756
    ]
  },
  {
    "label_id": "FjXya5JM_xfBUrb9nDgcNw",
    "size": [
      1.9792069957727825,
      4.673300687547824,
      1.7300000000000182
    ],
    "obj_class": "vehicle",
    "point_num_in_lidar": 44,
    "speed": 2.5178812534058856e-28,
    "if_vehicle": true,
    "motion_state": false,
    "pose": [
      [
        -0.41263049968348553,
        0.9107275623311657,
        0.017645904377213268,
        24.097740670331405
      ],
      [
        -0.9108981158005371,
        -0.41253518681426316,
        -0.00890742786400527,
        11.959050326553552
      ],
      [
        -0.0008326836064659244,
        -0.019749097459219114,
        0.9998046208072644,
        0.8183707745388915
      ],
      [
        0.0,
        0.0,
        0.0,
        1.0
      ]
    ],
    "location": [
      24.097740670331405,
      11.959050326553552,
      0.8183707745388915
    ],
    "rotation": [
      -0.019750388312279724,
      0.000832683702691148,
      -1.9961364713337197
    ]
  },
  {
    "label_id": "GUMQWP3ToFPbcQl-o7fCyQ",
    "size": [
      1.0107414226367846,
      1.0195808008363791,
      1.839999999999975
    ],
    "obj_class": "pedestrian",
    "point_num_in_lidar": 59,
    "speed": 1.4228607195221901e-12,
    "if_vehicle": false,
    "motion_state": false,
    "pose": [
      [
        0.99984429890794,
        -4.828622047723589e-15,
        0.017645904377213268,
        -8.441772783124634
      ],
      [
        0.00015720409718959552,
        0.9999603157204388,
        -0.00890742786400527,
        -25.057884828895112
      ],
      [
        -0.017645204112210808,
        0.008908814976226115,
        0.9998046208072644,
        0.8060597019925808
      ],
      [
        0.0,
        0.0,
        0.0,
        1.0
      ]
    ],
    "location": [
      -8.441772783124634,
      -25.057884828895112,
      0.8060597019925808
    ],
    "rotation": [
      0.008910320097888513,
      0.017646119889068796,
      0.0001572285765552632
    ]
  },
  {
    "label_id": "J7T0lm9jnXkEcN7_fLCHcw",
    "size": [
      2.4105447909986726,
      5.853048720643227,
      1.9400000523537528
    ],
    "obj_class": "vehicle",
    "point_num_in_lidar": 64,
    "speed": 0.0027937556210900663,
    "if_vehicle": true,
    "motion_state": false,
    "pose": [
      [
        0.4359087426798813,
        -0.8998178649671028,
        0.017645904377213268,
        24.53029465720465
      ],
      [
        0.8999908125360989,
        0.4358178462149756,
        -0.00890742786400527,
        6.577199426648804
      ],
      [
        0.00032466268274520887,
        0.019763977499092755,
        0.9998046208072644,
        0.8915106886854005
      ],
      [
        0.0,
        0.0,
        0.0,
        1.0
      ]
    ],
    "location": [
      24.53029465720465,
      6.577199426648804,
      0.8915106886854005
    ],
    "rotation": [
      0.019765265450845428,
      -0.00032466268844876726,
      1.1197485467816257
    ]
  },
  {
    "label_id": "KRIFGuPyXMFLkXDccz9mLA",
    "size": [
      1.1528322506114743,
      1.3148555747822952,
      1.8799999999999955
    ],
    "obj_class": "pedestrian",
    "point_num_in_lidar": 41,
    "speed": 3.8023002574598337,
    "if_vehicle": false,
    "motion_state": true,
    "pose": [
      [
        -0.0212702994972985,
        -0.9996180252566504,
        0.017645904377213268,
        9.880461852619646
      ],
      [
        0.999730671514573,
        -0.021429936114432783,
        -0.00890742786400527,
        -11.735692612766798
      ],
      [
        0.009282176055018083,
        0.017451688174095387,
        0.9998046208072644,
        0.9315774238748986
      ],
      [
        0.0,
        0.0,
        0.0,
        1.0
      ]
    ],
    "location": [
      9.880461852619646,
      -11.735692612766798,
      0.9315774238748986
    ],
    "rotation": [
      0.01745332611864556,
      -0.009282309350366032,
      1.5920691470685455
    ]
  },
  {
    "label_id": "LV0eEgqBFEblVK4wVnO9Gg",
    "size": [
      2.3764124997259817,
      5.358373042693289,
      2.0
    ],
    "obj_class": "vehicle",
    "point_num_in_lidar": 90,
    "speed": 6.550690474370908,
    "if_vehicle": true,
    "motion_state": true,
    "pose": [
      [
        -0.011590073677840504,
        -0.999777121287966,
        0.017645904377213268,
        0.7022438187204898
      ],
      [
        0.9998913080147163,
        -0.011748612065583395,
        -0.00890742786400527,
        -19.999983072319083
      ],
      [
        0.009112757473029667,
        0.01754074866361051,
        0.9998046208072644,
        0.6904219495135067
      ],
      [
        0.0,
        0.0,
        0.0,
        1.0
      ]
    ],
    "location": [
      0.7022438187204898,
      -19.999983072319083,
      0.6904219495135067
    ],
    "rotation": [
      0.017542376741445424,
      -0.009112883601873751,
      1.5823871412662585
    ]
  },
  {
    "label_id": "MvrF6KMiFn50q0NuAemDTQ",
    "size": [
      2.2499939066808228,
      4.861556964822738,
      1.6999999999999886
    ],
    "obj_class": "vehicle",
    "point_num_in_lidar": 94,
    "speed": 3.1590370093874122e-27,
    "if_vehicle": true,
    "motion_state": false,
    "pose": [
      [
        0.430193102800053,
        -0.9025644111984326,
        0.017645904377213268,
        40.26017298526767
      ],
      [
        0.9027367788006593,
        0.4301011112860061,
        -0.00890742786400527,
        -47.13994482571434
      ],
      [
        0.00045000430308240487,
        0.019761520907294036,
        0.9998046208072644,
        0.7793149161231554
      ],
      [
        0.0,
        0.0,
        0.0,
        1.0
      ]
    ],
    "location": [
      40.26017298526767,
      -47.13994482571434,
      0.7793149161231554
    ],
    "rotation": [
      0.019762809338635497,
      -0.00045000431827034194,
      1.1260896043338153
    ]
  },
  {
    "label_id": "NBO-XMzdnFWC-AXGtAs4KA",
    "size": [
      2.173069414617877,
      4.585441915775337,
      1.910000000000025
    ],
    "obj_class": "vehicle",
    "point_num_in_lidar": 77,
    "speed": 6.964117175819776e-28,
    "if_vehicle": true,
    "motion_state": false,
    "pose": [
      [
        -0.4259153405984138,
        -0.9045909267186176,
        0.017645904377213268,
        62.0395005494438
      ],
      [
        0.9046289247542906,
        -0.4261069891784739,
        -0.00890742786400527,
        -29.285859814868672
      ],
      [
        0.015576621611685363,
        0.012169185330521859,
        0.9998046208072644,
        0.8985468959068612
      ],
      [
        0.0,
        0.0,
        0.0,
        1.0
      ]
    ],
    "location": [
      62.0395005494438,
      -29.285859814868672,
      0.8985468959068612
    ],
    "rotation": [
      0.012170962394153923,
      -0.015577251576048487,
      2.010826782994176
    ]
  },
  {
    "label_id": "O0ipbuwo_Nd7uLn6JzKcdA",
    "size": [
      2.0811413058837345,
      4.05562961252444,
      1.4800000000000182
    ],
    "obj_class": "vehicle",
    "point_num_in_lidar": 28,
    "speed": 7.597048346233061,
    "if_vehicle": true,
    "motion_state": true,
    "pose": [
      [
        0.0010048180741419328,
        -0.9998437939995167,
        0.017645904377213268,
        -0.9064297705754143
      ],
      [
        0.9999599687395452,
        0.0008477306502871059,
        -0.00890742786400527,
        13.04372783278086
      ],
      [
        0.008891077496331444,
        0.01765414833393105,
        0.9998046208072644,
        0.8557065820821208
      ],
      [
        0.0,
        0.0,
        0.0,
        1.0
      ]
    ],
    "location": [
      -0.9064297705754143,
      13.04372783278086,
      0.8557065820821208
    ],
    "rotation": [
      0.017655763445703073,
      -0.00889119464231046,
      1.5697914688332255
    ]
  },
  {
    "label_id": "PE7PqXfc9zvQFaGz-kdYrQ",
    "size": [
      1.898663058635693,
      4.10965922679504,
      1.589999999999975
    ],
    "obj_class": "vehicle",
    "point_num_in_lidar": 116,
    "speed": 1.1606857835299158e-27,
    "if_vehicle": true,
    "motion_state": false,
    "pose": [
      [
        -0.4750625897858323,
        0.8797750609358554,
        0.017645904377213268,
        34.215629969359725
      ],
      [
        -0.8799518389442036,
        -0.4749793878344219,
        -0.00890742786400527,
        -46.96105623206495
      ],
      [
        0.0005449079670365287,
        -0.019759131755967215,
        0.9998046208072644,
        0.6367500177261718
      ],
      [
        0.0,
        0.0,
        0.0,
        1.0
      ]
    ],
    "location": [
      34.215629969359725,
      -46.96105623206495,
      0.6367500177261718
    ],
    "rotation": [
      -0.01976042065350264,
      -0.0005449079940026374,
      -2.0658315659328457
    ]
  },
  {
    "label_id": "PGSywETsgNcgg23KFB6U6Q",
    "size": [
      0.8025207432122882,
      0.13719858915251099,
      0.9300000000000068
    ],
    "obj_class": "sign",
    "point_num_in_lidar": 318,
    "speed": 0.01577572605317233,
    "if_vehicle": false,
    "motion_state": false,
    "pose": [
      [
        -0.21922273848363732,
        0.9755152551295366,
        0.017645904377213268,
        8.715035441176042
      ],
      [
        -0.9756629170037814,
        -0.21909479709139634,
        -0.00890742786400527,
        -45.240425392730685
      ],
      [
        -0.004823205926283324,
        -0.019169165267034383,
        0.9998046208072644,
        2.2824219571439244
      ],
      [
        0.0,
        0.0,
        0.0,
        1.0
      ]
    ],
    "location": [
      8.715035441176042,
      -45.240425392730685,
      2.2824219571439244
    ],
    "rotation": [
      -0.01917056244890205,
      0.004823224627105884,
      -1.7918166995303872
    ]
  },
  {
    "label_id": "PbuvIUoXgzIQt21pg9BXww",
    "size": [
      2.184050851373228,
      4.741562823539253,
      1.8999999999999773
    ],
    "obj_class": "vehicle",
    "point_num_in_lidar": 28,
    "speed": 1.4836567898030565e-12,
    "if_vehicle": true,
    "motion_state": false,
    "pose": [
      [
        -0.3898623034922931,
        -0.9207040818712564,
        0.017645904377213268,
        46.54132765553868
      ],
      [
        0.9207496181626931,
        -0.39005230211101505,
        -0.00890742786400527,
        -28.693100318007055
      ],
      [
        0.015083930818526292,
        0.01277478937220198,
        0.9998046208072644,
        0.7635468959068703
      ],
      [
        0.0,
        0.0,
        0.0,
        1.0
      ]
    ],
    "location": [
      46.54132765553868,
      -28.693100318007055,
      0.7635468959068703
    ],
    "rotation": [
      0.012776590520318315,
      -0.015084502872247147,
      1.9713265579362096
    ]
  },
  {
    "label_id": "Q3zAM_DhuaveZ4DsImfSKQ",
    "size": [
      1.9393335923807096,
      4.448500843808347,
      1.509999999999991
    ],
    "obj_class": "vehicle",
    "point_num_in_lidar": 85,
    "speed": 5.728578676879116e-13,
    "if_vehicle": true,
    "motion_state": false,
    "pose": [
      [
        0.4028593420961658,
        0.9150917836723017,
        0.017645904377213268,
        31.368479967462463
      ],
      [
        -0.9151346252354986,
        0.40304996641102847,
        -0.00890742786400527,
        -8.02121013348733
      ],
      [
        -0.015263295218532973,
        -0.012559937560120289,
        0.9998046208072644,
        0.5876363057312801
      ],
      [
        0.0,
        0.0,
        0.0,
        1.0
      ]
    ],
    "location": [
      31.368479967462463,
      -8.02121013348733,
      0.5876363057312801
    ],
    "rotation": [
      -0.012561731213537188,
      0.0152638879243588,
      -1.1561062699316518
    ]
  },
  {
    "label_id": "VBixxlZ-nYOf9L47qOhL5Q",
    "size": [
      3.4305399234133547,
      2.7957590169782516,
      3.1200000000000045
    ],
    "obj_class": "vehicle",
    "point_num_in_lidar": 391,
    "speed": 1.4210854715202004e-13,
    "if_vehicle": true,
    "motion_state": false,
    "pose": [
      [
        0.9993035388755456,
        0.03287946546891118,
        0.017645904377213268,
        -9.738696619093389
      ],
      [
        -0.03272616155946295,
        0.9994246625326152,
        -0.00890742786400527,
        -25.815361898308765
      ],
      [
        -0.017928623494150545,
        0.008323741469267594,
        0.9998046208072644,
        1.326402097760024
      ],
      [
        0.0,
        0.0,
        0.0,
        1.0
      ]
    ],
    "location": [
      -9.738696619093389,
      -25.815361898308765,
      1.326402097760024
    ],
    "rotation": [
      0.008325175732339703,
      0.017929584115904017,
      -0.03273726976947297
    ]
  },
  {
    "label_id": "VS0srO3PT-Il0oMtRJkF0A",
    "size": [
      1.8795134410572976,
      3.93573998088154,
      1.5699999999999932
    ],
    "obj_class": "vehicle",
    "point_num_in_lidar": 84,
    "speed": 4.139664880743297,
    "if_vehicle": true,
    "motion_state": true,
    "pose": [
      [
        0.9600524361241978,
        0.2792632126698814,
        0.017645904377213268,
        24.33145743301384
      ],
      [
        -0.2791446692638548,
        0.9602077438504758,
        -0.00890742786400527,
        -0.1658389353142411
      ],
      [
        -0.01943125095217252,
        0.0036258376792000172,
        0.9998046208072644,
        0.6540481571763621
      ],
      [
        0.0,
        0.0,
        0.0,
        1.0
      ]
    ],
    "location": [
      24.33145743301384,
      -0.1658389353142411,
      0.6540481571763621
    ],
    "rotation": [
      0.0036265303324181635,
      0.019432473947596555,
      -0.2829581516568921
    ]
  },
  {
    "label_id": "X0fflRFBk6qiNuqG1UAR0w",
    "size": [
      1.9109977702636736,
      2.528255746071504,
      2.4599999999999795
    ],
    "obj_class": "vehicle",
    "point_num_in_lidar": 1005,
    "speed": 1.4228607195221901e-12,
    "if_vehicle": true,
    "motion_state": false,
    "pose": [
      [
        0.012267390315950203,
        0.9997690399254952,
        0.017645904377213268,
        -3.6240819495733376
      ],
      [
        -0.9998831192209936,
        0.01242600602542629,
        -0.00890742786400527,
        -39.21340812564631
      ],
      [
        -0.009124638717917504,
        -0.017534571015844463,
        0.9998046208072644,
        0.9938827775488335
      ],
      [
        0.0,
        0.0,
        0.0,
        1.0
      ]
    ],
    "location": [
      -3.6240819495733376,
      -39.21340812564631,
      0.9938827775488335
    ],
    "rotation": [
      -0.01753619978704515,
      0.009124765340759112,
      -1.5585281180179877
    ]
  },
  {
    "label_id": "_0XRthlvxJHqJVefxsO4cw",
    "size": [
      2.009858454058356,
      4.920467986135323,
      1.5500000000000114
    ],
    "obj_class": "vehicle",
    "point_num_in_lidar": 49,
    "speed": 2.8421709430404007e-13,
    "if_vehicle": true,
    "motion_state": false,
    "pose": [
      [
        -0.47898179371083754,
        -0.8776474596056545,
        0.017645904377213268,
        27.46319182232628
      ],
      [
        0.87767398769642,
        -0.4791753635673607,
        -0.00890742786400527,
        -28.3178348048732
      ],
      [
        0.016273064081890897,
        0.01122085548560734,
        0.9998046208072644,
        0.5115846960759995
      ],
      [
        0.0,
        0.0,
        0.0,
        1.0
      ]
    ],
    "location": [
      27.46319182232628,
      -28.3178348048732,
      0.5115846960759995
    ],
    "rotation": [
      0.011222577064861681,
      -0.016273782386265964,
      2.0703630147576413
    ]
  },
  {
    "label_id": "b-6zAJs2AkBphold1gsJtA",
    "size": [
      0.9261380857545372,
      2.7676475764715867,
      3.089999999999975
    ],
    "obj_class": "vehicle",
    "point_num_in_lidar": 260,
    "speed": 2.1316282072803006e-13,
    "if_vehicle": true,
    "motion_state": false,
    "pose": [
      [
        0.022265029284823483,
        0.9995963638037386,
        0.017645904377213268,
        -8.689844086141875
      ],
      [
        -0.9997088511482273,
        0.022424777919509118,
        -0.00890742786400527,
        -32.98279503452977
      ],
      [
        -0.009299537990551674,
        -0.017442442650170822,
        0.9998046208072644,
        2.0275248500032035
      ],
      [
        0.0,
        0.0,
        0.0,
        1.0
      ]
    ],
    "location": [
      -8.689844086141875,
      -32.98279503452977,
      2.0275248500032035
    ],
    "rotation": [
      -0.017444081603116363,
      0.009299672035289704,
      -1.5485284944633517
    ]
  },
  {
    "label_id": "bh3JCKcZddSi_q_kFbnTUA",
    "size": [
      2.3719567581235728,
      4.058644132835048,
      2.9599999999999795
    ],
    "obj_class": "vehicle",
    "point_num_in_lidar": 928,
    "speed": 1.4210854715202004e-13,
    "if_vehicle": true,
    "motion_state": false,
    "pose": [
      [
        0.02145879618872624,
        0.9996139965630939,
        0.017645904377213268,
        -8.476085531442095
      ],
      [
        -0.9997266127164808,
        0.021618454044625594,
        -0.00890742786400527,
        -36.4102930822246
      ],
      [
        -0.009285466739090415,
        -0.01744993753225087,
        0.9998046208072644,
        1.2691289744528262
      ],
      [
        0.0,
        0.0,
        0.0,
        1.0
      ]
    ],
    "location": [
      -8.476085531442095,
      -36.4102930822246,
      1.2691289744528262
    ],
    "rotation": [
      -0.01745157566796984,
      0.009285600176258475,
      -1.5493349580135085
    ]
  },
  {
    "label_id": "cKixMD6Kv-IkYAQZzIhn3Q",
    "size": [
      0.9882731918054042,
      0.9291493449921988,
      1.079999999999984
    ],
    "obj_class": "sign",
    "point_num_in_lidar": 43,
    "speed": 0.007653262459910625,
    "if_vehicle": false,
    "motion_state": false,
    "pose": [
      [
        0.014641685611262953,
        0.9997370869889599,
        0.017645904377213268,
        5.501884465788862
      ],
      [
        -0.9998507892697306,
        0.014800571797892181,
        -0.00890742786400527,
        -5.389855613040709
      ],
      [
        -0.009166255459998609,
        -0.01751285166054511,
        0.9998046208072644,
        0.30224279342240834
      ],
      [
        0.0,
        0.0,
        0.0,
        1.0
      ]
    ],
    "location": [
      5.501884465788862,
      -5.389855613040709,
      0.30224279342240834
    ],
    "rotation": [
      -0.01751448285885824,
      0.009166383823347961,
      -1.5561535027845999
    ]
  },
  {
    "label_id": "dGXjoGZuSR32_Epjku84GQ",
    "size": [
      2.0312664316879845,
      4.344831108393483,
      1.5299999999999727
    ],
    "obj_class": "vehicle",
    "point_num_in_lidar": 33,
    "speed": 8.038873388460929e-13,
    "if_vehicle": true,
    "motion_state": false,
    "pose": [
      [
        0.9998442989079401,
        1.3872609701663753e-15,
        0.017645904377213268,
        -31.520125481485593
      ],
      [
        0.00015720409718338,
        0.9999603157204389,
        -0.00890742786400527,
        -41.138094997180815
      ],
      [
        -0.017645204112210863,
        0.008908814976226007,
        0.9998046208072644,
        0.5454219495127859
      ],
      [
        0.0,
        0.0,
        0.0,
        1.0
      ]
    ],
    "location": [
      -31.520125481485593,
      -41.138094997180815,
      0.5454219495127859
    ],
    "rotation": [
      0.008910320097888405,
      0.01764611988906885,
      0.0001572285765490467
    ]
  },
  {
    "label_id": "e_f0alPEjhZxGtnBMwKocQ",
    "size": [
      2.111318400963497,
      4.9407820196440175,
      1.5199999999999818
    ],
    "obj_class": "vehicle",
    "point_num_in_lidar": 318,
    "speed": 6.8087674941129575e-28,
    "if_vehicle": true,
    "motion_state": false,
    "pose": [
      [
        0.475866641929026,
        -0.8793404125581301,
        0.017645904377213268,
        31.48982054666476
      ],
      [
        0.8795172665520812,
        0.47578360161485517,
        -0.00890742786400527,
        -46.75743531312219
      ],
      [
        -0.0005629706455756864,
        0.019758625369555242,
        0.9998046208072644,
        0.4927797082337406
      ],
      [
        0.0,
        0.0,
        0.0,
        1.0
      ]
    ],
    "location": [
      31.48982054666476,
      -46.75743531312219,
      0.4927797082337406
    ],
    "rotation": [
      0.01975991436587264,
      0.0005629706753132966,
      1.0748471110011102
    ]
  },
  {
    "label_id": "gW_x45lph3EKFj8lsCvP6w",
    "size": [
      1.0006108123695852,
      0.9902597949629417,
      1.0400000000000205
    ],
    "obj_class": "sign",
    "point_num_in_lidar": 35,
    "speed": 1.1390866590859189e-12,
    "if_vehicle": false,
    "motion_state": false,
    "pose": [
      [
        0.9940510980948556,
        -0.10747574812543512,
        0.017645904377213268,
        -18.140322494124575
      ],
      [
        0.10764451230135157,
        0.9941495444349667,
        -0.00890742786400527,
        -26.607733546492454
      ],
      [
        -0.016585335324192242,
        0.01075392322021656,
        0.9998046208072644,
        0.10097663482247299
      ],
      [
        0.0,
        0.0,
        0.0,
        1.0
      ]
    ],
    "location": [
      -18.140322494124575,
      -26.607733546492454,
      0.10097663482247299
    ],
    "rotation": [
      0.010755609956854139,
      0.016586095782279837,
      0.10786838410975304
    ]
  },
  {
    "label_id": "h0E7-6YV8hZqZdTKGggvig",
    "size": [
      0.6450469788444878,
      0.12172477903293348,
      0.5
    ],
    "obj_class": "sign",
    "point_num_in_lidar": 45,
    "speed": 0.017211160798288036,
    "if_vehicle": false,
    "motion_state": false,
    "pose": [
      [
        -0.47965164640924796,
        0.8772815512454414,
        0.017645904377213268,
        8.56625798237883
      ],
      [
        -0.8774587614505402,
        -0.47956936899945113,
        -0.00890742786400527,
        -31.63101690943222
      ],
      [
        0.0006481130934634063,
        -0.01975601583974596,
        0.9998046208072644,
        1.6101687141153889
      ],
      [
        0.0,
        0.0,
        0.0,
        1.0
      ]
    ],
    "location": [
      8.56625798237883,
      -31.63101690943222,
      1.6101687141153889
    ],
    "rotation": [
      -0.019757305344949776,
      -0.0006481131388367952,
      -2.071054108211253
    ]
  },
  {
    "label_id": "hivpmlyhwDxDKfki3f-6pQ",
    "size": [
      2.201753629354361,
      4.869132266120381,
      1.5
    ],
    "obj_class": "vehicle",
    "point_num_in_lidar": 570,
    "speed": 5.728578676879116e-13,
    "if_vehicle": true,
    "motion_state": false,
    "pose": [
      [
        -0.43780568986786145,
        0.8988964345118052,
        0.017645904377213268,
        25.15904508710264
      ],
      [
        -0.8990695734170383,
        -0.43771515839019376,
        -0.00890742786400527,
        -47.297465066692894
      ],
      [
        -0.0002829753182153252,
        -0.01976461832192802,
        0.9998046208072644,
        0.5004219495129405
      ],
      [
        0.0,
        0.0,
        0.0,
        1.0
      ]
    ],
    "location": [
      25.15904508710264,
      -47.297465066692894,
      0.5004219495129405
    ],
    "rotation": [
      -0.019765906148536662,
      0.00028297532199186826,
      -2.0239529197938992
    ]
  },
  {
    "label_id": "hvPFm2RdAAWfdNKM6fPlKQ",
    "size": [
      0.8815892089396269,
      4.279936915581935,
      3.0
    ],
    "obj_class": "vehicle",
    "point_num_in_lidar": 324,
    "speed": 3.1776437161565096e-13,
    "if_vehicle": true,
    "motion_state": false,
    "pose": [
      [
        -0.9989530003158384,
        -0.04220811792410143,
        0.017645904377213268,
        -6.479017233944887
      ],
      [
        0.04205595157839369,
        -0.9990755500289674,
        -0.00890742786400527,
        -26.10512671997276
      ],
      [
        0.01800555738710727,
        -0.00815598648979992,
        0.9998046208072644,
        1.326402097760024
      ],
      [
        0.0,
        0.0,
        0.0,
        1.0
      ]
    ],
    "location": [
      -6.479017233944887,
      -26.10512671997276,
      1.326402097760024
    ],
    "rotation": [
      -0.008157399366717104,
      -0.018006530429645874,
      3.099517469749452
    ]
  },
  {
    "label_id": "i0Y51DKH1Po8zwpWDgJ45w",
    "size": [
      2.3946881644866562,
      4.9382475799254895,
      1.6399999999999864
    ],
    "obj_class": "vehicle",
    "point_num_in_lidar": 44,
    "speed": 2.2520584280472562e-27,
    "if_vehicle": true,
    "motion_state": false,
    "pose": [
      [
        0.4282621397636732,
        -0.9034822420522444,
        0.017645904377213268,
        43.4955870373783
      ],
      [
        0.9036544125522913,
        0.42816977988132365,
        -0.00890742786400527,
        -47.557919966271584
      ],
      [
        0.0004922599044918263,
        0.01976051347077402,
        0.9998046208072644,
        0.6537455955447058
      ],
      [
        0.0,
        0.0,
        0.0,
        1.0
      ]
    ],
    "location": [
      43.4955870373783,
      -47.557919966271584,
      0.6537455955447058
    ],
    "rotation": [
      0.019761802098723594,
      -0.0004922599243725498,
      1.128227517500222
    ]
  },
  {
    "label_id": "iBkwaKuO5FtaIH6EsIuybg",
    "size": [
      0.7761610927724203,
      0.09380387781686414,
      0.7900000000000205
    ],
    "obj_class": "sign",
    "point_num_in_lidar": 26,
    "speed": 0.010644545809709784,
    "if_vehicle": false,
    "motion_state": false,
    "pose": [
      [
        -0.9701779455109243,
        -0.24175064860908277,
        0.017645904377213268,
        -21.837345629330684
      ],
      [
        0.2416261604177739,
        -0.9703285301023626,
        -0.00890742786400527,
        -23.97585930835885
      ],
      [
        0.01927570092023009,
        -0.004378077943122163,
        0.9998046208072644,
        2.0736129967506827
      ],
      [
        0.0,
        0.0,
        0.0,
        1.0
      ]
    ],
    "location": [
      -21.837345629330684,
      -23.97585930835885,
      2.0736129967506827
    ],
    "rotation": [
      -0.004378905507166852,
      -0.019276894776131967,
      2.897505063179161
    ]
  },
  {
    "label_id": "iizloOht1Fdo9K15JSRpnQ",
    "size": [
      2.86939959624668,
      7.144832858823562,
      2.7700000000000387
    ],
    "obj_class": "sign",
    "point_num_in_lidar": 18722,
    "speed": 0.017453930235931416,
    "if_vehicle": false,
    "motion_state": false,
    "pose": [
      [
        -0.02311167030247965,
        -0.9995771469749295,
        0.017645904377213268,
        -3.6425963295005204
      ],
      [
        0.9996894989734326,
        -0.023271514155618876,
        -0.00890742786400527,
        -59.07049782352988
      ],
      [
        0.009314308244690395,
        0.017434559769753423,
        0.9998046208072644,
