[
  {
    "label_id": "0m2fpZZBPwP_HNmtzq62qw",
    "size": [
      2.2147659722916475,
      4.741091742783054,
      1.490000000000009
    ],
    "obj_class": "vehicle",
    "point_num_in_lidar": 214,
    "speed": 8.644125458514253e-13,
    "if_vehicle": true,
    "motion_state": false,
    "pose": [
      [
        -0.5110087822506232,
        0.8593733944808442,
        0.01863849031457654,
        -39.642057185159956
      ],
      [
        -0.8595475684594392,
        -0.5110468146054156,
        -0.003021727506515098,
        -48.178688998705184
      ],
      [
        0.006928348879848213,
        -0.01756479832304656,
        0.9998217220293175,
        0.544416195080089
      ],
      [
        0.0,
        0.0,
        0.0,
        1.0
      ]
    ],
    "location": [
      -39.642057185159956,
      -48.178688998705184,
      0.544416195080089
    ],
    "rotation": [
      -0.01756612328977213,
      -0.006928404310167072,
      -2.107168559073235
    ]
  },
  {
    "label_id": "0zCQwnJdl42AdLzZADBxXg",
    "size": [
      0.8289207527314593,
      0.10828005381067762,
      1.589999999999975
    ],
    "obj_class": "sign",
    "point_num_in_lidar": 39,
    "speed": 0.0030579857627671234,
    "if_vehicle": false,
    "motion_state": false,
    "pose": [
      [
        0.0004603851395701363,
        0.9998261822558543,
        0.01863849031457654,
        8.056746733655018
      ],
      [
        -0.9999953010327701,
        0.0005167932429346012,
        -0.003021727506515098,
        15.290113958213624
      ],
      [
        -0.0030308345225095678,
        -0.018637011574481503,
        0.9998217220293175,
        2.854785677486859
      ],
      [
        0.0,
        0.0,
        0.0,
        1.0
      ]
    ],
    "location": [
      8.056746733655018,
      15.290113958213624,
      2.854785677486859
    ],
    "rotation": [
      -0.018638176249021306,
      0.003030839162715138,
      -1.570335939524509
    ]
  },
  {
    "label_id": "2TOQGQYM_EwZ75KGIBMnIg",
    "size": [
      2.2572282572073172,
      4.81431029913965,
      1.8999999999999773
    ],
    "obj_class": "vehicle",
    "point_num_in_lidar": 67,
    "speed": 5.684341886080801e-13,
    "if_vehicle": true,
    "motion_state": false,
    "pose": [
      [
        0.9998262882515109,
        2.954978935531335e-17,
        0.01863849031457654,
        -31.366644283465575
      ],
      [
        5.633022408516184e-05,
        0.9999954329844623,
        -0.003021727506515098,
        -35.52797812910285
      ],
      [
        -0.018638405192301668,
        0.003022252507282513,
        0.9998217220293175,
        0.7729163029931101
      ],
      [
        0.0,
        0.0,
        0.0,
        1.0
      ]
    ],
    "location": [
      -31.366644283465575,
      -35.52797812910285,
      0.7729163029931101
    ],
    "rotation": [
      0.0030227821977654294,
      0.018639484494089368,
      5.6340010947372335e-05
    ]
  },
  {
    "label_id": "3lFYHvBGrKIH0LWMb4y7rQ",
    "size": [
      1.1075307088888848,
      1.024636171793702,
      1.839999999999975
    ],
    "obj_class": "pedestrian",
    "point_num_in_lidar": 34,
    "speed": 2.8421709430404007e-13,
    "if_vehicle": false,
    "motion_state": false,
    "pose": [
      [
        -0.9958957702742235,
        0.08856760936541397,
        0.01863849031457654,
        -6.090324742024677
      ],
      [
        -0.08863870149149079,
        -0.9960592601651664,
        -0.003021727506515098,
        18.414768817816366
      ],
      [
        0.01829741369192697,
        -0.004661417221905454,
        0.9998217220293175,
        1.1657691191078925
      ],
      [
        0.0,
        0.0,
        0.0,
        1.0
      ]
    ],
    "location": [
      -6.090324742024677,
      18.414768817816366,
      1.1657691191078925
    ],
    "rotation": [
      -0.00466221461811503,
      -0.01829843482727341,
      -3.052822569785766
    ]
  },
  {
    "label_id": "3rP421kft7U05VnhjguByw",
    "size": [
      1.9612216321239557,
      4.600418306488192,
      1.670000000000016
    ],
    "obj_class": "vehicle",
    "point_num_in_lidar": 27,
    "speed": 2.929642751054232e-13,
    "if_vehicle": true,
    "motion_state": false,
    "pose": [
      [
        -0.4283457689157495,
        0.9034226635029524,
        0.01863849031457654,
        30.41304978133985
      ],
      [
        -0.903599632242811,
        -0.4283673350916629,
        -0.003021727506515098,
        12.220215798297431
      ],
      [
        0.005254223313870916,
        -0.01813607718604463,
        0.9998217220293175,
        0.7854782013763497
      ],
      [
        0.0,
        0.0,
        0.0,
        1.0
      ]
    ],
    "location": [
      30.41304978133985,
      12.220215798297431,
      0.7854782013763497
    ],
    "rotation": [
      -0.018137321931267974,
      -0.005254247489608132,
      -2.013464169653591
    ]
  },
  {
    "label_id": "5LXcxZp2gsdgc_EiAk07eA",
    "size": [
      2.467994354389906,
      2.859825382530367,
      1.1899999999999977
    ],
    "obj_class": "vehicle",
    "point_num_in_lidar": 2003,
    "speed": 2.0009065111038244e-12,
    "if_vehicle": true,
    "motion_state": false,
    "pose": [
      [
        -0.021454648794099036,
        -0.9995960707825513,
        0.01863849031457654,
        -8.388244008867787
      ],
      [
        0.9997639678135157,
        -0.02151459561906952,
        -0.003021727506515098,
        -38.43031901463655
      ],
      [
        0.0034215065245561064,
        0.01856926092855107,
        0.9998217220293175,
        0.24812858155212325
      ],
      [
        0.0,
        0.0,
        0.0,
        1.0
      ]
    ],
    "location": [
      -8.388244008867787,
      -38.43031901463655,
      0.24812858155212325
    ],
    "rotation": [
      0.0185704369738597,
      -0.0034215132003536128,
      1.59225274747781
    ]
  },
  {
    "label_id": "5cKEXsUpTIciwNSkaSIonQ",
    "size": [
      0.9135875234040124,
      0.6536223241726821,
      0.9900000000000091
    ],
    "obj_class": "sign",
    "point_num_in_lidar": 126,
    "speed": 0.010463537702786215,
    "if_vehicle": false,
    "motion_state": false,
    "pose": [
      [
        -0.9989540013790236,
        -0.04175535663398356,
        0.01863849031457654,
        8.10007681756042
      ],
      [
        0.0417061394802844,
        -0.9991253510408628,
        -0.003021727506515098,
        -29.607655119700212
      ],
      [
        0.018748361488108257,
        -0.002241227306948658,
        0.9998217220293175,
        0.14647180443495245
      ],
      [
        0.0,
        0.0,
        0.0,
        1.0
      ]
    ],
    "location": [
      8.10007681756042,
      -29.607655119700212,
      0.14647180443495245
    ],
    "rotation": [
      -0.0022416231850178763,
      -0.01874946000669383,
      3.0998670758168334
    ]
  },
  {
    "label_id": "6IFR0_r7f3cgS5In2VHYpw",
    "size": [
      2.087876298703691,
      4.592505735944987,
      1.4000001284811674
    ],
    "obj_class": "vehicle",
    "point_num_in_lidar": 23,
    "speed": 1.464821375527116e-12,
    "if_vehicle": true,
    "motion_state": false,
    "pose": [
      [
        -0.4176367665665361,
        -0.9084228849443645,
        0.01863849031457654,
        30.531989042209716
      ],
      [
        0.9085530369269269,
        -0.4177586004545384,
        -0.003021727506515098,
        24.556584235855553
      ],
      [
        0.01053139604738715,
        0.015672072473775497,
        0.9998217220293175,
        0.7499672535102491
      ],
      [
        0.0,
        0.0,
        0.0,
        1.0
      ]
    ],
    "location": [
      30.531989042209716,
      24.556584235855553,
      0.7499672535102491
    ],
    "rotation": [
      0.015673583367268446,
      -0.010531590730491126,
      2.001664658119513
    ]
  },
  {
    "label_id": "6SSj38rFVlYZfQljhkORQA",
    "size": [
      2.2000484728825764,
      4.83994638465002,
      1.5700000313178748
    ],
    "obj_class": "vehicle",
    "point_num_in_lidar": 22,
    "speed": 1.4281732235759946e-12,
    "if_vehicle": true,
    "motion_state": false,
    "pose": [
      [
        -0.37190363527488357,
        -0.9280842056344455,
        0.01863849031457654,
        23.742547828804163
      ],
      [
        0.9282202604087636,
        -0.37201884001964675,
        -0.003021727506515098,
        26.11382775234415
      ],
      [
        0.009738287119074002,
        0.016176832888939376,
        0.9998217220293175,
        0.7107689754351441
      ],
      [
        0.0,
        0.0,
        0.0,
        1.0
      ]
    ],
    "location": [
      23.742547828804163,
      26.11382775234415,
      0.7107689754351441
    ],
    "rotation": [
      0.01617830573814884,
      -0.009738441046146162,
      1.9518742373289149
    ]
  },
  {
    "label_id": "985T2XPSl7NeZj2uUW2Nxg",
    "size": [
      2.176524807781123,
      4.918916775180349,
      1.740000000000009
    ],
    "obj_class": "vehicle",
    "point_num_in_lidar": 36,
    "speed": 2.929642751054232e-13,
    "if_vehicle": true,
    "motion_state": false,
    "pose": [
      [
        -0.41676817721574394,
        0.9088217059132444,
        0.01863849031457654,
        64.31590371860557
      ],
      [
        -0.9089989357497104,
        -0.4167874805806554,
        -0.003021727506515098,
        -41.564568525227514
      ],
      [
        0.005022077872763276,
        -0.018201727724864326,
        0.9998217220293175,
        0.9705865257639061
      ],
      [
        0.0,
        0.0,
        0.0,
        1.0
      ]
    ],
    "location": [
      64.31590371860557,
      -41.564568525227514,
      0.9705865257639061
    ],
    "rotation": [
      -0.018202962499924223,
      -0.005022098983529993,
      -2.0006892083341152
    ]
  },
  {
    "label_id": "9A7V_Yhcg2N74wzpPiEfZw",
    "size": [
      1.9406982035567624,
      4.075175023693889,
      1.3899999999999864
    ],
    "obj_class": "vehicle",
    "point_num_in_lidar": 84,
    "speed": 7.105427357601002e-13,
    "if_vehicle": true,
    "motion_state": false,
    "pose": [
      [
        0.43571815985810625,
        0.899890155434906,
        0.01863849031457654,
        46.02974033107239
      ],
      [
        -0.9000178451945612,
        0.43584257191584125,
        -0.003021727506515098,
        -60.16671102445616
      ],
      [
        -0.010842670390853338,
        -0.015458352341873491,
        0.9998217220293175,
        0.5710430425756385
      ],
      [
        0.0,
        0.0,
        0.0,
        1.0
      ]
    ],
    "location": [
      46.02974033107239,
      -60.16671102445616,
      0.5710430425756385
    ],
    "rotation": [
      -0.015459876922167957,
      0.010842882852475769,
      -1.119931864129131
    ]
  },
  {
    "label_id": "9MprRhxkqn85TQM1QpIWCA",
    "size": [
      2.1792684434740464,
      4.24141432079878,
      2.569999999999993
    ],
    "obj_class": "vehicle",
    "point_num_in_lidar": 210,
    "speed": 0.010212976732708627,
    "if_vehicle": true,
    "motion_state": false,
    "pose": [
      [
        -0.009003883145303187,
        -0.9997857454310394,
        0.01863849031457654,
        5.934015275313868
      ],
      [
        0.9999543760263192,
        -0.00906173430921747,
        -0.003021727506515098,
        1.9377021397303906
      ],
      [
        0.0031899771347462893,
        0.018610432671219364,
        0.9998217220293175,
        1.133900465096474
      ],
      [
        0.0,
        0.0,
        0.0,
        1.0
      ]
    ],
    "location": [
      5.934015275313868,
      1.9377021397303906,
      1.133900465096474
    ],
    "rotation": [
      0.018611601826923164,
      -0.0031899825449478916,
      1.5798003774157312
    ]
  },
  {
    "label_id": "9cq03JJ9_phjbmpFJddeMA",
    "size": [
      1.984829630725042,
      4.453743106991359,
      1.589999999999975
    ],
    "obj_class": "vehicle",
    "point_num_in_lidar": 240,
    "speed": 8.644125458514253e-13,
    "if_vehicle": true,
    "motion_state": false,
    "pose": [
      [
        -0.475803145226302,
        -0.8793542935993159,
        0.01863849031457654,
        30.87838477243713
      ],
      [
        0.8794762508340899,
        -0.47593318163549947,
        -0.003021727506515098,
        -28.548618599857946
      ],
      [
        0.011527845053240058,
        0.014954362131454554,
        0.9998217220293175,
        0.5656452845537956
      ],
      [
        0.0,
        0.0,
        0.0,
        1.0
      ]
    ],
    "location": [
      30.87838477243713,
      -28.548618599857946,
      0.5656452845537956
    ],
    "rotation": [
      0.014955913430740393,
      -0.011528100393392617,
      2.066709211734384
    ]
  },
  {
    "label_id": "AWt8fBQjwfuud4o02yExgQ",
    "size": [
      2.3293706420918148,
      5.299395887650062,
      1.8899999999999864
    ],
    "obj_class": "vehicle",
    "point_num_in_lidar": 110,
    "speed": 2.1316282072803006e-13,
    "if_vehicle": true,
    "motion_state": false,
    "pose": [
      [
        0.9998262882515109,
        9.175017046465163e-16,
        0.01863849031457654,
        -31.624144453463487
      ],
      [
        5.633022408427366e-05,
        0.9999954329844623,
        -0.003021727506515098,
        -30.21062770268145
      ],
      [
        -0.01863840519230167,
        0.0030222525072824964,
        0.9998217220293175,
        0.8679766825474076
      ],
      [
        0.0,
        0.0,
        0.0,
        1.0
      ]
    ],
    "location": [
      -31.624144453463487,
      -30.21062770268145,
      0.8679766825474076
    ],
    "rotation": [
      0.003022782197765413,
      0.01863948449408937,
      5.6340010946484e-05
    ]
  },
  {
    "label_id": "BPzzTAA9bP7oBKmxTh7UvA",
    "size": [
      1.047366789783429,
      0.11581209332175943,
      0.9900000000000091
    ],
    "obj_class": "sign",
    "point_num_in_lidar": 27,
    "speed": 8.644125458514253e-13,
    "if_vehicle": false,
    "motion_state": false,
    "pose": [
      [
        0.019908949381092774,
        -0.9996280510336504,
        0.01863849031457654,
        -18.385135026559055
      ],
      [
        0.999798283900422,
        0.01985599840469592,
        -0.003021727506515098,
        -5.248713000537464
      ],
      [
        0.002650517744140288,
        0.01869489005097892,
        0.9998217220293175,
        2.9058150459476906
      ],
      [
        0.0,
        0.0,
        0.0,
        1.0
      ]
    ],
    "location": [
      -18.385135026559055,
      -5.248713000537464,
      2.9058150459476906
    ],
    "rotation": [
      0.018696044876153728,
      -0.00265052084757255,
      1.5508859920263272
    ]
  },
  {
    "label_id": "FDAdSxXi3XwP-HZGgr97Xw",
    "size": [
      0.8056682345254409,
      0.11313803530762628,
      0.18999999999999773
    ],
    "obj_class": "sign",
    "point_num_in_lidar": 41,
    "speed": 0.013023911995372953,
    "if_vehicle": false,
    "motion_state": false,
    "pose": [
      [
        -0.21921878952196155,
        0.9754976827237055,
        0.01863849031457654,
        8.71451439697421
      ],
      [
        -0.9756750624752288,
        -0.21920091611769044,
        -0.003021727506515098,
        -45.259941643198545
      ],
      [
        0.0011378859715779174,
        -0.018847529648361862,
        0.9998217220293175,
        1.7519298726250554
      ],
      [
        0.0,
        0.0,
        0.0,
        1.0
      ]
    ],
    "location": [
      8.71451439697421,
      -45.259941643198545,
      1.7519298726250554
    ],
    "rotation": [
      -0.0188486578967244,
      -0.0011378862171309105,
      -1.791810184031404
    ]
  },
  {
    "label_id": "FjXya5JM_xfBUrb9nDgcNw",
    "size": [
      1.9792069957727771,
      4.673300687547824,
      1.7300000000000182
    ],
    "obj_class": "vehicle",
    "point_num_in_lidar": 78,
    "speed": 8.556067554929069e-13,
    "if_vehicle": true,
    "motion_state": false,
    "pose": [
      [
        -0.4126230667800026,
        0.9107111569756126,
        0.01863849031457654,
        24.09774067033186
      ],
      [
        -0.9108884729227328,
        -0.41264156244780814,
        -0.003021727506515098,
        11.95905032655537
      ],
      [
        0.004939094811551803,
        -0.018224420450941515,
        0.9998217220293175,
        0.8183707745388915
      ],
      [
        0.0,
        0.0,
        0.0,
        1.0
      ]
    ],
    "location": [
      24.09774067033186,
      11.95905032655537,
      0.8183707745388915
    ],
    "rotation": [
      -0.018225651743264088,
      -0.004939114893026678,
      -1.9961336796264095
    ]
  },
  {
    "label_id": "GUMQWP3ToFPbcQl-o7fCyQ",
    "size": [
      1.0107414226367808,
      1.0195808008363791,
      1.839999999999975
    ],
    "obj_class": "pedestrian",
    "point_num_in_lidar": 172,
    "speed": 1.4228607195221901e-12,
    "if_vehicle": false,
    "motion_state": false,
    "pose": [
      [
        0.9998262882515109,
        -1.0803901047586902e-15,
        0.01863849031457654,
        -8.44177278312418
      ],
      [
        5.6330224086272065e-05,
        0.9999954329844623,
        -0.003021727506515098,
        -25.057884828891474
      ],
      [
        -0.018638405192301664,
        0.0030222525072825337,
        0.9998217220293175,
        0.806059701992524
      ],
      [
        0.0,
        0.0,
        0.0,
        1.0
      ]
    ],
    "location": [
      -8.44177278312418,
      -25.057884828891474,
      0.806059701992524
    ],
    "rotation": [
      0.00302278219776545,
      0.018639484494089364,
      5.634001094848275e-05
    ]
  },
  {
    "label_id": "GhYGBdVqwQ23-v6KYP3YWQ",
    "size": [
      2.146794631457547,
      4.880290596323187,
      1.7099999999999795
    ],
    "obj_class": "vehicle",
    "point_num_in_lidar": 117,
    "speed": 2.929642751054232e-13,
    "if_vehicle": true,
    "motion_state": false,
    "pose": [
      [
        -0.9991061266205632,
        0.0379414605418478,
        0.01863849031457654,
        -44.0252592385732
      ],
      [
        -0.03800416890523581,
        -0.9992730118984995,
        -0.003021727506515098,
        -42.92962003539651
      ],
      [
        0.018510291598931247,
        -0.0037273667987908804,
        0.9998217220293175,
        0.5994161950801526
      ],
      [
        0.0,
        0.0,
        0.0,
        1.0
      ]
    ],
    "location": [
      -44.0252592385732,
      -42.92962003539651,
      0.5994161950801526
    ],
    "rotation": [
      -0.003728014153813737,
      -0.018511348794905076,
      -3.103572813306297
    ]
  },
  {
    "label_id": "J7T0lm9jnXkEcN7_fLCHcw",
    "size": [
      2.4105447909986775,
      5.853048720643227,
      1.9400000523537528
    ],
    "obj_class": "vehicle",
    "point_num_in_lidar": 141,
    "speed": 0.002793755623801692,
    "if_vehicle": true,
    "motion_state": false,
    "pose": [
      [
        0.43590089045468317,
        -0.8998016561329546,
        0.01863849031457654,
        24.534728595889646
      ],
      [
        0.8999784379477067,
        0.43592393876923324,
        -0.003021727506515098,
        6.573797782675683
      ],
      [
        -0.005406008695897619,
        0.018091413109817392,
        0.9998217220293175,
        0.8975418311991916
      ],
      [
        0.0,
        0.0,
        0.0,
        1.0
      ]
    ],
    "location": [
      24.534728595889646,
      6.573797782675683,
      0.8975418311991916
    ],
    "rotation": [
      0.018092664548667193,
      0.005406035027948224,
      1.1197502195454263
    ]
  },
  {
    "label_id": "KRIFGuPyXMFLkXDccz9mLA",
    "size": [
      1.1528322506114728,
      1.3148555747822952,
      1.8799999999999955
    ],
    "obj_class": "pedestrian",
    "point_num_in_lidar": 53,
    "speed": 3.658708427159792,
    "if_vehicle": false,
    "motion_state": true,
    "pose": [
      [
        -0.02126991634557612,
        -0.9996000186761932,
        0.01863849031457654,
        9.645263962030185
      ],
      [
        0.9997679267828671,
        -0.02132983214102147,
        -0.003021727506515098,
        -4.459886991295207
      ],
      [
        0.0034180747417188306,
        0.01856989292888403,
        0.9998217220293175,
        0.9715774238748622
      ],
      [
        0.0,
        0.0,
        0.0,
        1.0
      ]
    ],
    "location": [
      9.645263962030185,
      -4.459886991295207,
      0.9715774238748622
    ],
    "rotation": [
      0.01857106886891092,
      -0.003418081397448864,
      1.5920679715317931
    ]
  },
  {
    "label_id": "L-mkBa_rTdt5A7Gv4zRNEA",
    "size": [
      0.47500615033978355,
      0.09032537733729915,
      0.45999999999997954
    ],
    "obj_class": "sign",
    "point_num_in_lidar": 20,
    "speed": 0.014569646498668312,
    "if_vehicle": false,
    "motion_state": false,
    "pose": [
      [
        -0.012702093806380889,
        0.9997455993860275,
        0.01863849031457654,
        8.261058560090078
      ],
      [
        -0.9999154461046159,
        -0.012647916993855262,
        -0.003021727506515098,
        -6.064099903525857
      ],
      [
        -0.002785220698792644,
        -0.018675296623861436,
        0.9998217220293175,
        2.221044666710327
      ],
      [
        0.0,
        0.0,
        0.0,
        1.0
      ]
    ],
    "location": [
      8.261058560090078,
      -6.064099903525857,
      2.221044666710327
    ],
    "rotation": [
      -0.0186764547973143,
      0.0027852242998422814,
      -1.5834988114643467
    ]
  },
  {
    "label_id": "LV0eEgqBFEblVK4wVnO9Gg",
    "size": [
      2.3764124997251193,
      5.358373042693289,
      2.0
    ],
    "obj_class": "vehicle",
    "point_num_in_lidar": 100,
    "speed": 7.023663723466414,
    "if_vehicle": true,
    "motion_state": true,
    "pose": [
      [
        0.0005132015096411984,
        -0.9998261565407278,
        0.01863849031457654,
        0.6703892017021644
      ],
      [
        0.9999953301651757,
        0.0004569581133906193,
        -0.003021727506515098,
        -6.798365677645052
      ],
      [
        0.0030126851895817893,
        0.018639954031023462,
        0.9998217220293175,
        0.8704219495132293
      ],
      [
        0.0,
        0.0,
        0.0,
        1.0
      ]
    ],
    "location": [
      0.6703892017021644,
      -6.798365677645052,
      0.8704219495132293
    ],
    "rotation": [
      0.018641118207851453,
      -0.003012689746925467,
      1.5702831229337335
    ]
  },
  {
    "label_id": "NBO-XMzdnFWC-AXGtAs4KA",
    "size": [
      2.173069414617872,
      4.585441915775337,
      1.910000000000025
    ],
    "obj_class": "vehicle",
    "point_num_in_lidar": 66,
    "speed": 0.0,
    "if_vehicle": true,
    "motion_state": false,
    "pose": [
      [
        -0.4259076683889738,
        -0.9045746319051078,
        0.01863849031457654,
        62.039500549444256
      ],
      [
        0.9047036668801471,
        -0.42603068468889893,
        -0.003021727506515098,
        -29.285859814865034
      ],
      [
        0.010673946837209887,
        0.015575333615900825,
        0.9998217220293175,
        0.8985468959068612
      ],
      [
        0.0,
        0.0,
        0.0,
        1.0
      ]
    ],
    "location": [
      62.039500549444256,
      -29.285859814865034,
      0.8985468959068612
    ],
    "rotation": [
      0.015576850880817401,
      -0.010674149533650774,
      2.0107880017595168
    ]
  },
  {
    "label_id": "O0ipbuwo_Nd7uLn6JzKcdA",
    "size": [
      2.081141305882825,
      4.05562961252444,
      1.4800000000000182
    ],
    "obj_class": "vehicle",
    "point_num_in_lidar": 29,
    "speed": 5.590937104552417,
    "if_vehicle": true,
    "motion_state": true,
    "pose": [
      [
        -0.004800641366090778,
        -0.9998147631042801,
        0.01863849031457654,
        -0.895088946562737
      ],
      [
        0.9999836354192875,
        -0.004857783085129914,
        -0.003021727506515098,
        26.544236514326258
      ],
      [
        0.0031117095140745874,
        0.01862367907343259,
        0.9998217220293175,
        1.027706860029582
      ],
      [
        0.0,
        0.0,
        0.0,
        1.0
      ]
    ],
    "location": [
      -0.895088946562737,
      26.544236514326258,
      1.027706860029582
    ],
    "rotation": [
      0.01862484599910103,
      -0.0031117145357401417,
      1.5755970098426766
    ]
  },
  {
    "label_id": "OT_LQYpVVYfOWKlnu-6-Nw",
    "size": [
      0.6680816975146134,
      0.10103950605568145,
      0.6200000000000045
    ],
    "obj_class": "sign",
    "point_num_in_lidar": 25,
    "speed": 0.02469183879489544,
    "if_vehicle": false,
    "motion_state": false,
    "pose": [
      [
        -0.09712217732499187,
        -0.9950979295277658,
        0.01863849031457654,
        -12.962290194511752
      ],
      [
        0.9952608024802492,
        -0.09719467171222294,
        -0.003021727506515098,
        -6.466110612394914
      ],
      [
        0.004818476732666986,
        0.01825668207279023,
        0.9998217220293175,
        1.286944106194369
      ],
      [
        0.0,
        0.0,
        0.0,
        1.0
      ]
    ],
    "location": [
      -12.962290194511752,
      -6.466110612394914,
      1.286944106194369
    ],
    "rotation": [
      0.018257908381489517,
      -0.004818495378534144,
      1.6680729764263833
    ]
  },
  {
    "label_id": "PE7PqXfc9zvQFaGz-kdYrQ",
    "size": [
      1.898663058635701,
      4.10965922679504,
      1.589999999999975
    ],
    "obj_class": "vehicle",
    "point_num_in_lidar": 102,
    "speed": 8.526512829121202e-13,
    "if_vehicle": true,
    "motion_state": false,
    "pose": [
      [
        -0.47505403226433146,
        0.8797592131419784,
        0.01863849031457654,
        34.215629969359725
      ],
      [
        -0.8799348101825057,
        -0.47508483346867003,
        -0.003021727506515098,
        -46.96105623206495
      ],
      [
        0.006196471453746818,
        -0.017836140273419416,
        0.9998217220293175,
        0.6582401186316815
      ],
      [
        0.0,
        0.0,
        0.0,
        1.0
      ]
    ],
    "location": [
      34.215629969359725,
      -46.96105623206495,
      0.6582401186316815
    ],
    "rotation": [
      -0.01783742858933917,
      -0.006196511107985244,
      -2.065832125464522
    ]
  },
  {
    "label_id": "PGSywETsgNcgg23KFB6U6Q",
    "size": [
      0.8025207432122885,
      0.13719858915251099,
      0.9300000000000068
    ],
    "obj_class": "sign",
    "point_num_in_lidar": 45,
    "speed": 0.020216765678795157,
    "if_vehicle": false,
    "motion_state": false,
    "pose": [
      [
        -0.21921878952336082,
        0.9754976827233912,
        0.01863849031457654,
        8.695759970153631
      ],
      [
        -0.9756750624749144,
        -0.21920091611908996,
        -0.003021727506515098,
        -45.33971867171749
      ],
      [
        0.0011378859716049527,
        -0.018847529648360232,
        0.9998217220293175,
        2.3685337680482803
      ],
      [
        0.0,
        0.0,
        0.0,
        1.0
      ]
    ],
    "location": [
      8.695759970153631,
      -45.33971867171749,
      2.3685337680482803
    ],
    "rotation": [
      -0.01884865789672277,
      -0.001137886217157946,
      -1.7918101840328382
    ]
  },
  {
    "label_id": "PGlBKCM-r1s0dqCceAW5Ng",
    "size": [
      0.934679300537691,
      0.8098904127337361,
      2.0500000000000114
    ],
    "obj_class": "pedestrian",
    "point_num_in_lidar": 32,
    "speed": 1.6350194516876981,
    "if_vehicle": false,
    "motion_state": true,
    "pose": [
      [
        -0.0359920786800409,
        0.9991782508397004,
        0.01863849031457654,
        -20.535991423387713
      ],
      [
        -0.9993493137356015,
        -0.035941873894645704,
        -0.003021727506515098,
        10.773155823560955
      ],
      [
        -0.0023493421360008798,
        -0.018735120759103854,
        0.9998217220293175,
        0.8675566235531846
      ],
      [
        0.0,
        0.0,
        0.0,
        1.0
      ]
    ],
    "location": [
      -20.535991423387713,
      10.773155823560955,
      0.8675566235531846
    ],
    "rotation": [
      -0.018736268664337245,
      0.0023493442971693956,
      -1.6067962802688258
    ]
  },
  {
    "label_id": "Q3zAM_DhuaveZ4DsImfSKQ",
    "size": [
      1.9393335923807147,
      4.448500843808347,
      1.509999999999991
    ],
    "obj_class": "vehicle",
    "point_num_in_lidar": 96,
    "speed": 5.728578676879116e-13,
    "if_vehicle": true,
    "motion_state": false,
    "pose": [
      [
        0.4028520852050602,
        0.9150752997020127,
        0.01863849031457654,
        31.368479967462918
      ],
      [
        -0.9152074100701014,
        0.4029717927047172,
        -0.003021727506515098,
        -8.02121013348551
      ],
      [
        -0.010275894059016534,
        -0.015840775221499168,
        0.9998217220293175,
        0.5810781018216744
      ],
      [
        0.0,
        0.0,
        0.0,
        1.0
      ]
    ],
    "location": [
      31.368479967462918,
      -8.02121013348551,
      0.5810781018216744
    ],
    "rotation": [
      -0.01584227430096555,
      0.0102760749130677,
      -1.1561422391035379
    ]
  },
  {
    "label_id": "QP5XjBd16XvpwQEYLBI-Qw",
    "size": [
      2.237754209515048,
      5.319350089219122,
      1.9499999999999886
    ],
    "obj_class": "vehicle",
    "point_num_in_lidar": 24,
    "speed": 9.532931148469528e-13,
    "if_vehicle": true,
    "motion_state": false,
    "pose": [
      [
        -0.45671176101050054,
        0.8894194589919208,
        0.01863849031457654,
        49.081416683961834
      ],
      [
        -0.889595656892279,
        -0.4567389149188746,
        -0.003021727506515098,
        -41.82123255078659
      ],
      [
        0.005825340597939975,
        -0.017960778525670473,
        0.9998217220293175,
        0.7155865257640812
      ],
      [
        0.0,
        0.0,
        0.0,
        1.0
      ]
    ],
    "location": [
      49.081416683961834,
      -41.82123255078659,
      0.7155865257640812
    ],
    "rotation": [
      -0.017962049128613274,
      -0.00582537354520356,
      -2.0451004635378003
    ]
  },
  {
    "label_id": "SBi5zCd-300qMHRqxAbkag",
    "size": [
      2.421630869633577,
      4.744363768118542,
      1.670000000000016
    ],
    "obj_class": "vehicle",
    "point_num_in_lidar": 45,
    "speed": 2.535457003171258,
    "if_vehicle": true,
    "motion_state": true,
    "pose": [
      [
        -0.9720066249966894,
        0.23421299631177273,
        0.01863849031457654,
        67.03212486461007
      ],
      [
        -0.23430738195338083,
        -0.9721578677997873,
        -0.003021727506515098,
        -33.47258105230321
      ],
      [
        0.01741182714988711,
        -0.007304275024439276,
        0.9998217220293175,
        0.7448602878367296
      ],
      [
        0.0,
        0.0,
        0.0,
        1.0
      ]
    ],
    "location": [
      67.03212486461007,
      -33.47258105230321,
      0.7448602878367296
    ],
    "rotation": [
      -0.007305447482340529,
      -0.017412707065548087,
      -2.9050500543964426
    ]
  },
  {
    "label_id": "VBixxlZ-nYOf9L47qOhL5Q",
    "size": [
      3.4305399234133533,
      2.7957590169782516,
      3.1200000000000045
    ],
    "obj_class": "vehicle",
    "point_num_in_lidar": 1251,
    "speed": 1.4210854715202004e-13,
    "if_vehicle": true,
    "motion_state": false,
    "pose": [
      [
        0.9992855379600761,
        0.0328788731959388,
        0.01863849031457654,
        -9.738696619092934
      ],
      [
        -0.0328281356921864,
        0.9994564436081503,
        -0.003021727506515098,
        -25.815361898306946
      ],
      [
        -0.01872771023955101,
        0.002407701707772279,
        0.9998217220293175,
        1.3264020977599102
      ],
      [
        0.0,
        0.0,
        0.0,
        1.0
      ]
    ],
    "location": [
      -9.738696619092934,
      -25.815361898306946,
      1.3264020977599102
    ],
    "rotation": [
      0.002408126369507106,
      0.0187288051317101,
      -0.03283979643953592
    ]
  },
  {
    "label_id": "VHA13Gbr081QyI04rCo8OA",
    "size": [
      2.005813576224921,
      4.6122843919283225,
      1.5000000135808023
    ],
    "obj_class": "vehicle",
    "point_num_in_lidar": 80,
    "speed": 6.703246762680667e-13,
    "if_vehicle": true,
    "motion_state": false,
    "pose": [
      [
        0.4124377633598053,
        -0.91079509113387,
        0.01863849031457654,
        31.075001850244917
      ],
      [
        0.9109724108404809,
        0.4124562229502163,
        -0.003021727506515098,
        6.957101241543569
      ],
      [
        -0.004935386736966286,
        0.018225424990566626,
        0.9998217220293175,
        0.6455154923624491
      ],
      [
        0.0,
        0.0,
        0.0,
        1.0
      ]
    ],
    "location": [
      31.075001850244917,
      6.957101241543569,
      0.6455154923624491
    ],
    "rotation": [
      0.018226656128285154,
      0.004935406773245677,
      1.1456624043941694
    ]
  },
  {
    "label_id": "VS0srO3PT-Il0oMtRJkF0A",
    "size": [
      1.8795134410561918,
      3.93573998088154,
      1.5699999999999932
    ],
    "obj_class": "vehicle",
    "point_num_in_lidar": 74,
    "speed": 4.834380327610722,
    "if_vehicle": true,
    "motion_state": true,
    "pose": [
      [
        0.9994204610607977,
        0.028484183186743582,
        0.01863849031457654,
        33.06702629635038
      ],
      [
        -0.028432694613605095,
        0.9995911419374853,
        -0.003021727506515098,
        -0.7436747026076773
      ],
      [
        -0.018716941257374317,
        0.002490033794588423,
        0.9998217220293175,
        0.6902982074524857
      ],
      [
        0.0,
        0.0,
        0.0,
        1.0
      ]
    ],
    "location": [
      33.06702629635038,
      -0.7436747026076773,
      0.6902982074524857
    ],
    "rotation": [
      0.0024904726428884314,
      0.01871803426163569,
      -0.028441510575735462
    ]
  },
  {
    "label_id": "X0fflRFBk6qiNuqG1UAR0w",
    "size": [
      1.9109977702636731,
      2.528255746071504,
      2.4599999999999795
    ],
    "obj_class": "vehicle",
    "point_num_in_lidar": 6373,
    "speed": 0.017484216440474452,
    "if_vehicle": true,
    "motion_state": false,
    "pose": [
      [
        0.012267169337790295,
        0.9997510306247408,
        0.01863849031457654,
        -3.603493508075644
      ],
      [
        -0.9999194714935938,
        0.012325570609443509,
        -0.003021727506515098,
        -39.22854059405108
      ],
      [
        -0.00325070521733134,
        -0.018599921341774756,
        0.9998217220293175,
        1.0050164037510285
      ],
      [
        0.0,
        0.0,
        0.0,
        1.0
      ]
    ],
    "location": [
      -3.603493508075644,
      -39.22854059405108,
      1.0050164037510285
    ],
    "rotation": [
      -0.018601092262416692,
      0.003250710942437968,
      -1.5585287849491245
    ]
  },
  {
    "label_id": "Y9vLpc7h2Hil-LYLcl5Spg",
    "size": [
      2.1115231829263506,
      4.566865073941255,
      1.5500000000000114
    ],
    "obj_class": "vehicle",
    "point_num_in_lidar": 53,
    "speed": 8.526512829121202e-13,
    "if_vehicle": true,
    "motion_state": false,
    "pose": [
      [
        -0.476477407276703,
        0.8789891279382608,
        0.01863849031457654,
        46.01415662354202
      ],
      [
        -0.879164674893265,
        -0.47650849266586626,
        -0.003021727506515098,
        -42.135675747471396
      ],
      [
        0.0062253332995474515,
        -0.01782608716571696,
        0.9998217220293175,
        0.5566722433320024
      ],
      [
        0.0,
        0.0,
        0.0,
        1.0
      ]
    ],
    "location": [
      46.01415662354202,
      -42.135675747471396,
      0.5566722433320024
    ],
    "rotation": [
      -0.017827376886134543,
      -0.006225373510480286,
      -2.067450521697324
    ]
  },
  {
    "label_id": "ZVNOM6gslsLLfdbpLmp6aQ",
    "size": [
      1.9733749371639782,
      4.235534743263593,
      1.3799999999999955
    ],
    "obj_class": "vehicle",
    "point_num_in_lidar": 52,
    "speed": 1.1718571004216928e-12,
    "if_vehicle": true,
    "motion_state": false,
    "pose": [
      [
        0.44737231351255374,
        0.8941535772903997,
        0.01863849031457654,
        40.50094426284704
      ],
      [
        -0.8942796399743476,
        0.44749837395260744,
        -0.003021727506515098,
        -61.18821670253237
      ],
      [
        -0.011042582568251696,
        -0.015316185182790688,
        0.9998217220293175,
        0.5504219495129519
      ],
      [
        0.0,
        0.0,
        0.0,
        1.0
      ]
    ],
    "location": [
      40.50094426284704,
      -61.18821670253237,
      0.5504219495129519
    ],
    "rotation": [
      -0.015317718084206358,
      0.011042807000131622,
      -1.1069407565821212
    ]
  },
  {
    "label_id": "_0XRthlvxJHqJVefxsO4cw",
    "size": [
      2.0098584540583544,
      4.920467986135323,
      1.5500000000000114
    ],
    "obj_class": "vehicle",
    "point_num_in_lidar": 588,
    "speed": 2.8421709430404007e-13,
    "if_vehicle": true,
    "motion_state": false,
    "pose": [
      [
        -0.47897316559090913,
        -0.8776316501372412,
        0.01863849031457654,
        27.463191822326735
      ],
      [
        0.8777531373463403,
        -0.4791036412317621,
        -0.003021727506515098,
        -28.317834804869563
      ],
      [
        0.011581732274584486,
        0.01491266695967027,
        0.9998217220293175,
        0.5327852995410467
      ],
      [
        0.0,
        0.0,
        0.0,
        1.0
      ]
    ],
    "location": [
      27.463191822326735,
      -28.317834804869563,
      0.5327852995410467
    ],
    "rotation": [
      0.014914220125640242,
      -0.011581991212429919,
      2.070317521765119
    ]
  },
  {
    "label_id": "b-6zAJs2AkBphold1gsJtA",
    "size": [
      0.9261380857545368,
      2.7676475764715867,
      3.089999999999975
    ],
    "obj_class": "vehicle",
    "point_num_in_lidar": 225,
    "speed": 2.1316282072803006e-13,
    "if_vehicle": true,
    "motion_state": false,
    "pose": [
      [
        0.02226462821458804,
        0.9995783576134788,
        0.01863849031457654,
        -8.68984408614142
      ],
      [
        -0.9997462060135839,
        0.022324711069154454,
        -0.003021727506515098,
        -32.98279503452795
      ],
      [
        -0.003436552329155989,
        -0.018566482338320468,
        0.9998217220293175,
        2.0275248500032035
      ],
      [
        0.0,
        0.0,
        0.0,
        1.0
      ]
    ],
    "location": [
      -8.68984408614142,
      -32.98279503452795,
      2.0275248500032035
    ],
    "rotation": [
      -0.018567658846324466,
      0.00343655909341053,
      -1.5485297271845708
    ]
  },
  {
    "label_id": "bF69EqYzGzr4cLoHtbBgyw",
    "size": [
      1.9672434118120403,
      4.195355031574016,
      1.6299999999999955
    ],
    "obj_class": "vehicle",
    "point_num_in_lidar": 35,
    "speed": 1.156679772130055e-12,
    "if_vehicle": true,
    "motion_state": false,
    "pose": [
      [
        0.5263182311838427,
        0.8500833642662963,
        0.01863849031457654,
        53.11495636148538
      ],
      [
        -0.8501975235968458,
        0.5264551643137974,
        -0.003021727506515098,
        -60.94250318162631
      ],
      [
        -0.012381049765755872,
