[
  {
    "label_id": "-zBoeL2qb2QbIoyVku7wXQ",
    "size": [
      0.9999999999992801,
      1.0,
      1.7300000000000182
    ],
    "obj_class": "pedestrian",
    "point_num_in_lidar": 45,
    "speed": 1.2799874111316634,
    "if_vehicle": false,
    "motion_state": true,
    "pose": [
      [
        -0.9961303513612455,
        0.08488703974051381,
        0.02277089328537286,
        -29.529358799140937
      ],
      [
        -0.08508153335721834,
        -0.9963441520273556,
        -0.0077112516801242596,
        -9.820295262044965
      ],
      [
        0.022033061033500417,
        -0.009618794362190285,
        0.9997109697390102,
        0.5879163029932215
      ],
      [
        0.0,
        0.0,
        0.0,
        1.0
      ]
    ],
    "location": [
      -29.529358799140937,
      -9.820295262044965,
      0.5879163029932215
    ],
    "rotation": [
      -0.009621278400246843,
      -0.022034844102514554,
      -3.0563874010335566
    ]
  },
  {
    "label_id": "0m2fpZZBPwP_HNmtzq62qw",
    "size": [
      2.2147659722916453,
      4.741091742783054,
      1.490000000000009
    ],
    "obj_class": "vehicle",
    "point_num_in_lidar": 20,
    "speed": 8.644125458514253e-13,
    "if_vehicle": true,
    "motion_state": false,
    "pose": [
      [
        -0.5109650432069437,
        0.859299837681535,
        0.02277089328537286,
        -39.64205718516041
      ],
      [
        -0.8595869029278072,
        -0.5109313974620334,
        -0.0077112516801242596,
        -48.178688998707
      ],
      [
        0.00500808701070215,
        -0.02351374168398757,
        0.9997109697390102,
        0.5444161950801458
      ],
      [
        0.0,
        0.0,
        0.0,
        1.0
      ]
    ],
    "location": [
      -39.64205718516041,
      -48.178688998707,
      0.5444161950801458
    ],
    "rotation": [
      -0.023516203959494004,
      -0.005008107945522984,
      -2.107110860917401
    ]
  },
  {
    "label_id": "0zCQwnJdl42AdLzZADBxXg",
    "size": [
      0.8289207527314594,
      0.10828005381067762,
      1.589999999999975
    ],
    "obj_class": "sign",
    "point_num_in_lidar": 49,
    "speed": 0.0030579857385309305,
    "if_vehicle": false,
    "motion_state": false,
    "pose": [
      [
        0.00046034573359095987,
        0.9997406036071514,
        0.02277089328537286,
        8.062452743905396
      ],
      [
        -0.9999700655460927,
        0.0006360890417005256,
        -0.0077112516801242596,
        15.291207301899703
      ],
      [
        -0.007723735724942648,
        -0.02276666180930579,
        0.9997109697390102,
        2.854785677486916
      ],
      [
        0.0,
        0.0,
        0.0,
        1.0
      ]
    ],
    "location": [
      8.062452743905396,
      15.291207301899703,
      2.854785677486916
    ],
    "rotation": [
      -0.022769308299092066,
      0.00772381252165445,
      -1.5703359673132165
    ]
  },
  {
    "label_id": "14QyZM8v7J77UsDSgWPxQQ",
    "size": [
      0.9208221674588186,
      0.24749274453211412,
      0.7599999999999909
    ],
    "obj_class": "sign",
    "point_num_in_lidar": 23,
    "speed": 3.1776437161565096e-13,
    "if_vehicle": false,
    "motion_state": false,
    "pose": [
      [
        -0.09543519141199354,
        0.995175165817125,
        0.02277089328537286,
        7.944282822142668
      ],
      [
        -0.9954204267539428,
        -0.09528226801731789,
        -0.0077112516801242596,
        33.56202266997025
      ],
      [
        -0.005504383812414604,
        -0.02340253709181306,
        0.9997109697390102,
        3.2106249459071705
      ],
      [
        0.0,
        0.0,
        0.0,
        1.0
      ]
    ],
    "location": [
      7.944282822142668,
      33.56202266997025,
      3.2106249459071705
    ],
    "rotation": [
      -0.023405028430177766,
      0.005504411608318273,
      -1.6663784362623957
    ]
  },
  {
    "label_id": "1Myj1w9PMad1lmgyo4duUQ",
    "size": [
      1.0321513240761004,
      1.1043242572574457,
      2.0
    ],
    "obj_class": "pedestrian",
    "point_num_in_lidar": 51,
    "speed": 1.3813182819074155,
    "if_vehicle": false,
    "motion_state": true,
    "pose": [
      [
        -0.07190998678131753,
        -0.9971511621715621,
        0.02277089328537286,
        -19.82704710190137
      ],
      [
        0.9973674770682283,
        -0.07210168017517404,
        -0.0077112516801242596,
        -11.645105292500375
      ],
      [
        0.00933110323959829,
        0.02215643238023704,
        0.9997109697390102,
        0.7407691191084496
      ],
      [
        0.0,
        0.0,
        0.0,
        1.0
      ]
    ],
    "location": [
      -19.82704710190137,
      -11.645105292500375,
      0.7407691191084496
    ],
    "rotation": [
      0.02215921044841068,
      -0.009331238653967138,
      1.6427715721268463
    ]
  },
  {
    "label_id": "2TOQGQYM_EwZ75KGIBMnIg",
    "size": [
      2.257228257207317,
      4.81431029913965,
      1.8999999999999773
    ],
    "obj_class": "vehicle",
    "point_num_in_lidar": 59,
    "speed": 5.684341886080801e-13,
    "if_vehicle": true,
    "motion_state": false,
    "pose": [
      [
        0.9997407095937356,
        -3.8930651993388606e-16,
        0.02277089328537286,
        -31.366644283465575
      ],
      [
        0.0001756376302576556,
        0.9999702524320154,
        -0.0077112516801242596,
        -35.52797812910467
      ],
      [
        -0.022770215906676782,
        0.007713251652278807,
        0.9997109697390102,
        0.7729163029931101
      ],
      [
        0.0,
        0.0,
        0.0,
        1.0
      ]
    ],
    "location": [
      -31.366644283465575,
      -35.52797812910467,
      0.7729163029931101
    ],
    "rotation": [
      0.007715328568003553,
      0.022772184026534553,
      0.00017568318141414439
    ]
  },
  {
    "label_id": "3lFYHvBGrKIH0LWMb4y7rQ",
    "size": [
      1.1075307088888928,
      1.024636171793702,
      1.839999999999975
    ],
    "obj_class": "pedestrian",
    "point_num_in_lidar": 47,
    "speed": 2.8421709430404007e-13,
    "if_vehicle": false,
    "motion_state": false,
    "pose": [
      [
        -0.9958105280433418,
        0.08856002855141137,
        0.02277089328537286,
        -6.090324742024677
      ],
      [
        -0.08875530930748056,
        -0.9960236099948933,
        -0.0077112516801242596,
        18.414768817816366
      ],
      [
        0.021997438663946628,
        -0.009699983284210548,
        0.9997109697390102,
        1.1657691191079493
      ],
      [
        0.0,
        0.0,
        0.0,
        1.0
      ]
    ],
    "location": [
      -6.090324742024677,
      18.414768817816366,
      1.1657691191079493
    ],
    "rotation": [
      -0.009702483213963388,
      -0.021999213097250878,
      -3.052698834143612
    ]
  },
  {
    "label_id": "3rP421kft7U05VnhjguByw",
    "size": [
      1.961221632123958,
      4.600418306488192,
      1.670000000000016
    ],
    "obj_class": "vehicle",
    "point_num_in_lidar": 45,
    "speed": 2.929642751054232e-13,
    "if_vehicle": true,
    "motion_state": false,
    "pose": [
      [
        -0.4283091052908824,
        0.9033453363713734,
        0.02277089328537286,
        30.413049781339396
      ],
      [
        -0.9036279933103344,
        -0.4282487434931527,
        -0.0077112516801242596,
        12.220215798293793
      ],
      [
        0.0027856831948514255,
        -0.02387921591313208,
        0.9997109697390102,
        0.7854782013764066
      ],
      [
        0.0,
        0.0,
        0.0,
        1.0
      ]
    ],
    "location": [
      30.413049781339396,
      12.220215798293793,
      0.7854782013764066
    ],
    "rotation": [
      -0.023881578563297288,
      -0.0027856867976952674,
      -2.013418891271673
    ]
  },
  {
    "label_id": "5cKEXsUpTIciwNSkaSIonQ",
    "size": [
      0.9135875234040108,
      0.6536223241726821,
      0.9900000000000091
    ],
    "obj_class": "sign",
    "point_num_in_lidar": 601,
    "speed": 0.02081849361144518,
    "if_vehicle": false,
    "motion_state": false,
    "pose": [
      [
        -0.9988684973833577,
        -0.041751782645765505,
        0.02277089328537286,
        8.104688826238998
      ],
      [
        0.04158588455685533,
        -0.9991051750457255,
        -0.0077112516801242596,
        -29.596383218307892
      ],
      [
        0.02307247582590533,
        -0.006755578639248625,
        0.9997109697390102,
        0.17086075835135262
      ],
      [
        0.0,
        0.0,
        0.0,
        1.0
      ]
    ],
    "location": [
      8.104688826238998,
      -29.596383218307892,
      0.17086075835135262
    ],
    "rotation": [
      -0.006757428914063633,
      -0.023074523380099524,
      3.0999836904472993
    ]
  },
  {
    "label_id": "6RtA2k7rqkT2CvrUlYh84Q",
    "size": [
      1.9062079518011559,
      4.363933208093053,
      1.539999955536075
    ],
    "obj_class": "vehicle",
    "point_num_in_lidar": 94,
    "speed": 1.7053025658242404e-12,
    "if_vehicle": true,
    "motion_state": false,
    "pose": [
      [
        0.4252881750444272,
        -0.9047714930226122,
        0.02277089328537286,
        33.69755019447666
      ],
      [
        0.9050539466838811,
        0.42522686908220697,
        -0.0077112516801242596,
        6.854348485790979
      ],
      [
        -0.0027058749622449973,
        0.023888390991792515,
        0.9997109697390102,
        0.6898771299814825
      ],
      [
        0.0,
        0.0,
        0.0,
        1.0
      ]
    ],
    "location": [
      33.69755019447666,
      6.854348485790979,
      0.6898771299814825
    ],
    "rotation": [
      0.0238907510592513,
      0.002705878264216743,
      1.13151433967233
    ]
  },
  {
    "label_id": "6SSj38rFVlYZfQljhkORQA",
    "size": [
      2.200048472882573,
      4.83994638465002,
      1.5700000313178748
    ],
    "obj_class": "vehicle",
    "point_num_in_lidar": 75,
    "speed": 1.4281732235759946e-12,
    "if_vehicle": true,
    "motion_state": false,
    "pose": [
      [
        -0.37187180273127024,
        -0.9280047676345102,
        0.02277089328537286,
        23.742547828804163
      ],
      [
        0.9281525081083065,
        -0.3721202202108694,
        -0.0077112516801242596,
        26.11382775234415
      ],
      [
        0.015629588147336098,
        0.01826726465108307,
        0.9997109697390102,
        0.7107689754351441
      ],
      [
        0.0,
        0.0,
        0.0,
        1.0
      ]
    ],
    "location": [
      23.742547828804163,
      26.11382775234415,
      0.7107689754351441
    ],
    "rotation": [
      0.01827051272841448,
      -0.015630224560416735,
      1.951869886306063
    ]
  },
  {
    "label_id": "71Pkn__Yn8464dqzz8PnoA",
    "size": [
      2.465860964790284,
      5.7692737988654805,
      1.8999999999999773
    ],
    "obj_class": "vehicle",
    "point_num_in_lidar": 23,
    "speed": 5.859285502108464e-13,
    "if_vehicle": true,
    "motion_state": false,
    "pose": [
      [
        0.43035505629068854,
        0.9023724352749393,
        0.02277089328537286,
        55.780753472575725
      ],
      [
        -0.9025040159802762,
        0.43061239849428323,
        -0.0077112516801242596,
        -7.394851298227877
      ],
      [
        -0.01676384993108347,
        -0.01723224648663577,
        0.9997109697390102,
        0.9398687069910352
      ],
      [
        0.0,
        0.0,
        0.0,
        1.0
      ]
    ],
    "location": [
      55.780753472575725,
      -7.394851298227877,
      0.9398687069910352
    ],
    "rotation": [
      -0.01723552168469996,
      0.016764635211867454,
      -1.1258432353534538
    ]
  },
  {
    "label_id": "8BSbbgWqH7MHyKvLrQVHYg",
    "size": [
      2.0115373671053667,
      4.687375114667775,
      1.5699999999999932
    ],
    "obj_class": "vehicle",
    "point_num_in_lidar": 27,
    "speed": 8.526512829121202e-13,
    "if_vehicle": true,
    "motion_state": false,
    "pose": [
      [
        0.41176240633463074,
        0.9110066998373286,
        0.02277089328537286,
        34.052930762853066
      ],
      [
        -0.911143529406218,
        0.41201699651677737,
        -0.0077112516801242596,
        -7.925815729562601
      ],
      [
        -0.016406997004168436,
        -0.01757234852810705,
        0.9997109697390102,
        0.5248602878367592
      ],
      [
        0.0,
        0.0,
        0.0,
        1.0
      ]
    ],
    "location": [
      34.052930762853066,
      -7.925815729562601,
      0.5248602878367592
    ],
    "rotation": [
      -0.01757561899647772,
      0.016407733192042227,
      -1.1463483125023453
    ]
  },
  {
    "label_id": "985T2XPSl7NeZj2uUW2Nxg",
    "size": [
      2.176524807781123,
      4.918916775180349,
      1.740000000000009
    ],
    "obj_class": "vehicle",
    "point_num_in_lidar": 69,
    "speed": 2.929642751054232e-13,
    "if_vehicle": true,
    "motion_state": false,
    "pose": [
      [
        -0.4167325045577742,
        0.9087439166585881,
        0.02277089328537286,
        64.31590371860511
      ],
      [
        -0.9090257793103205,
        -0.41666853630528705,
        -0.0077112516801242596,
        -41.56456852522933
      ],
      [
        0.002480361721443961,
        -0.02391285824026174,
        0.9997109697390102,
        0.970586525763963
      ],
      [
        0.0,
        0.0,
        0.0,
        1.0
      ]
    ],
    "location": [
      64.31590371860511,
      -41.56456852522933,
      0.970586525763963
    ],
    "rotation": [
      -0.023915211400736512,
      -0.002480364264728863,
      -2.000645593699973
    ]
  },
  {
    "label_id": "9MprRhxkqn85TQM1QpIWCA",
    "size": [
      2.179268443474047,
      4.24141432079878,
      2.569999999999993
    ],
    "obj_class": "vehicle",
    "point_num_in_lidar": 395,
    "speed": 0.010212976646546813,
    "if_vehicle": true,
    "motion_state": false,
    "pose": [
      [
        -0.009003112471194119,
        -0.999700170243467,
        0.02277089328537286,
        5.951553135874292
      ],
      [
        0.9999281220783581,
        -0.009180810115347802,
        -0.0077112516801242596,
        1.929400468005042
      ],
      [
        0.007917994864820302,
        0.022699831294719735,
        0.9997109697390102,
        1.133900465096474
      ],
      [
        0.0,
        0.0,
        0.0,
        1.0
      ]
    ],
    "location": [
      5.951553135874292,
      1.929400468005042,
      1.133900465096474
    ],
    "rotation": [
      0.022702493013047574,
      -0.007918077603131048,
      1.5797998431447964
    ]
  },
  {
    "label_id": "9ZomuLPiVNTUh0GoyUVEig",
    "size": [
      2.403025192180207,
      5.143758565443172,
      1.6000000000000227
    ],
    "obj_class": "vehicle",
    "point_num_in_lidar": 27,
    "speed": 2.8421709430404007e-13,
    "if_vehicle": true,
    "motion_state": false,
    "pose": [
      [
        -0.4417869632511725,
        -0.8968309570483689,
        0.02277089328537286,
        39.42457874376669
      ],
      [
        0.8969592570233555,
        -0.44204595670318686,
        -0.0077112516801242596,
        25.035763503323324
      ],
      [
        0.016981470531645504,
        0.01701783306037856,
        0.9997109697390102,
        0.8090518741200867
      ],
      [
        0.0,
        0.0,
        0.0,
        1.0
      ]
    ],
    "location": [
      39.42457874376669,
      25.035763503323324,
      0.8090518741200867
    ],
    "rotation": [
      0.017021109185850026,
      -0.01698228679631637,
      2.0284569349461643
    ]
  },
  {
    "label_id": "9cq03JJ9_phjbmpFJddeMA",
    "size": [
      1.9848296307250457,
      4.453743106991359,
      1.589999999999975
    ],
    "obj_class": "vehicle",
    "point_num_in_lidar": 49,
    "speed": 8.644125458514253e-13,
    "if_vehicle": true,
    "motion_state": false,
    "pose": [
      [
        -0.4757624195572411,
        -0.8792790265643925,
        0.02277089328537286,
        30.87838477243713
      ],
      [
        0.8793973276581922,
        -0.4760261302755931,
        -0.0077112516801242596,
        -28.548618599859765
      ],
      [
        0.017619882084447227,
        0.016355938946396007,
        0.9997109697390102,
        0.5656452845538524
      ],
      [
        0.0,
        0.0,
        0.0,
        1.0
      ]
    ],
    "location": [
      30.87838477243713,
      -28.548618599859765,
      0.5656452845538524
    ],
    "rotation": [
      0.016359208147645514,
      -0.017620793923993936,
      2.066710946755588
    ]
  },
  {
    "label_id": "ANFtbfjBbGPsG4B3kdD-8Q",
    "size": [
      2.145529995897264,
      4.813595373305301,
      1.4599999999999795
    ],
    "obj_class": "vehicle",
    "point_num_in_lidar": 37,
    "speed": 1.7112135109858137e-12,
    "if_vehicle": true,
    "motion_state": false,
    "pose": [
      [
        -0.5162290618352653,
        0.856147792227293,
        0.02277089328537286,
        34.068690750665155
      ],
      [
        -0.8564350585560015,
        -0.5161971784828973,
        -0.0077112516801242596,
        -41.51161002309709
      ],
      [
        0.0051522997641972315,
        -0.023482563544636927,
        0.9997109697390102,
        0.5291110172204299
      ],
      [
        0.0,
        0.0,
        0.0,
        1.0
      ]
    ],
    "location": [
      34.068690750665155,
      -41.51161002309709,
      0.5291110172204299
    ],
    "rotation": [
      -0.023485034026957008,
      -0.00515232256012675,
      -2.1132464215579563
    ]
  },
  {
    "label_id": "AWt8fBQjwfuud4o02yExgQ",
    "size": [
      2.3293706420918174,
      5.299395887650062,
      1.8899999999999864
    ],
    "obj_class": "vehicle",
    "point_num_in_lidar": 73,
    "speed": 2.1316282072803006e-13,
    "if_vehicle": true,
    "motion_state": false,
    "pose": [
      [
        0.9997407095937356,
        2.7664041343591604e-16,
        0.02277089328537286,
        -31.62414445346394
      ],
      [
        0.00017563763025698947,
        0.9999702524320154,
        -0.0077112516801242596,
        -30.21062770268145
      ],
      [
        -0.022770215906676786,
        0.007713251652278792,
        0.9997109697390102,
        0.8679766825474644
      ],
      [
        0.0,
        0.0,
        0.0,
        1.0
      ]
    ],
    "location": [
      -31.62414445346394,
      -30.21062770268145,
      0.8679766825474644
    ],
    "rotation": [
      0.007715328568003537,
      0.022772184026534557,
      0.0001756831814134781
    ]
  },
  {
    "label_id": "BPzzTAA9bP7oBKmxTh7UvA",
    "size": [
      1.0473667897834258,
      0.11581209332175943,
      0.9900000000000091
    ],
    "obj_class": "sign",
    "point_num_in_lidar": 42,
    "speed": 8.644125458514253e-13,
    "if_vehicle": false,
    "motion_state": false,
    "pose": [
      [
        0.019907245303913704,
        -0.9995424893436976,
        0.02277089328537286,
        -18.385135026559055
      ],
      [
        0.9997754840383619,
        0.019736213248362153,
        -0.0077112516801242596,
        -5.248713000535645
      ],
      [
        0.007258312494571357,
        0.022919290635165988,
        0.9997109697390102,
        2.9058150459478043
      ],
      [
        0.0,
        0.0,
        0.0,
        1.0
      ]
    ],
    "location": [
      -18.385135026559055,
      -5.248713000535645,
      2.9058150459478043
    ],
    "rotation": [
      0.022921901582299176,
      -0.007258376227816473,
      1.5508872418757804
    ]
  },
  {
    "label_id": "CCmIt8313WiLB_phtsz7sA",
    "size": [
      0.6116716764541895,
      0.13699778994905332,
      0.44999999999998863
    ],
    "obj_class": "sign",
    "point_num_in_lidar": 24,
    "speed": 0.00823954708306247,
    "if_vehicle": false,
    "motion_state": false,
    "pose": [
      [
        0.06236598581362205,
        -0.9977935509074415,
        0.02277089328537286,
        -18.336277577223882
      ],
      [
        0.9980336033283808,
        0.06220500964467421,
        -0.0077112516801242596,
        -5.262860090189861
      ],
      [
        0.006277773559417695,
        0.023207036489494605,
        0.9997109697390102,
        2.167506594512588
      ],
      [
        0.0,
        0.0,
        0.0,
        1.0
      ]
    ],
    "location": [
      -18.336277577223882,
      -5.262860090189861,
      2.167506594512588
    ],
    "rotation": [
      0.02320957751989035,
      -0.0062778147951196035,
      1.508388609767522
    ]
  },
  {
    "label_id": "FO4kJmdZ7XvD-XlCJ0VDKA",
    "size": [
      2.185918195186373,
      4.686703586845054,
      1.5799999740141288
    ],
    "obj_class": "vehicle",
    "point_num_in_lidar": 77,
    "speed": 0.0,
    "if_vehicle": true,
    "motion_state": false,
    "pose": [
      [
        0.46541109978226514,
        -0.884801669651707,
        0.02277089328537286,
        37.08213792141578
      ],
      [
        0.8850865871173001,
        0.4653625145008734,
        -0.0077112516801242596,
        7.166951631430493
      ],
      [
        -0.0037737917950336915,
        0.023743114348707385,
        0.9997109697390102,
        0.7055155261750201
      ],
      [
        0.0,
        0.0,
        0.0,
        1.0
      ]
    ],
    "location": [
      37.08213792141578,
      7.166951631430493,
      0.7055155261750201
    ],
    "rotation": [
      0.023745514839117316,
      0.003773800752503243,
      1.0866935580398236
    ]
  },
  {
    "label_id": "FjXya5JM_xfBUrb9nDgcNw",
    "size": [
      1.979206995772781,
      4.673300687547824,
      1.7300000000000182
    ],
    "obj_class": "vehicle",
    "point_num_in_lidar": 41,
    "speed": 8.556067554929069e-13,
    "if_vehicle": true,
    "motion_state": false,
    "pose": [
      [
        -0.41258774891665634,
        0.9106332059961751,
        0.02277089328537286,
        24.09774067033186
      ],
      [
        -0.9109147742693561,
        -0.4125224971020779,
        -0.0077112516801242596,
        11.959050326553552
      ],
      [
        0.0023713839196120023,
        -0.02392391108898927,
        0.9997109697390102,
        0.8183707745388915
      ],
      [
        0.0,
        0.0,
        0.0,
        1.0
      ]
    ],
    "location": [
      24.09774067033186,
      11.959050326553552,
      0.8183707745388915
    ],
    "rotation": [
      -0.02392626111991536,
      -0.0023713861421820652,
      -1.9960906558037328
    ]
  },
  {
    "label_id": "G7E0dpVKs975U7aBcub3QA",
    "size": [
      0.7231645363149779,
      0.754610633766295,
      1.759999999999991
    ],
    "obj_class": "pedestrian",
    "point_num_in_lidar": 35,
    "speed": 1.7067822212573438e-12,
    "if_vehicle": false,
    "motion_state": false,
    "pose": [
      [
        -0.9984492335355722,
        0.05079974873180379,
        0.02277089328537286,
        -9.617036769760489
      ],
      [
        -0.05098682321424051,
        -0.9986695551863217,
        -0.0077112516801242596,
        -1.6928378460379463
      ],
      [
        0.022348868220740503,
        -0.008860308839991605,
        0.9997109697390102,
        0.9201050577665342
      ],
      [
        0.0,
        0.0,
        0.0,
        1.0
      ]
    ],
    "location": [
      -9.617036769760489,
      -1.6928378460379463,
      0.9201050577665342
    ],
    "rotation": [
      -0.008862638427805693,
      -0.022350729077673655,
      -3.090570958515341
    ]
  },
  {
    "label_id": "GUMQWP3ToFPbcQl-o7fCyQ",
    "size": [
      1.0107414226367832,
      1.0195808008363791,
      1.839999999999975
    ],
    "obj_class": "pedestrian",
    "point_num_in_lidar": 560,
    "speed": 1.4228607195221901e-12,
    "if_vehicle": false,
    "motion_state": false,
    "pose": [
      [
        0.9997407095937356,
        9.42587346805718e-16,
        0.02277089328537286,
        -8.441772783124634
      ],
      [
        0.00017563763025632334,
        0.9999702524320154,
        -0.0077112516801242596,
        -25.057884828893293
      ],
      [
        -0.022770215906676793,
        0.007713251652278777,
        0.9997109697390102,
        0.8060597019925808
      ],
      [
        0.0,
        0.0,
        0.0,
        1.0
      ]
    ],
    "location": [
      -8.441772783124634,
      -25.057884828893293,
      0.8060597019925808
    ],
    "rotation": [
      0.007715328568003522,
      0.022772184026534564,
      0.00017568318141281177
    ]
  },
  {
    "label_id": "GhYGBdVqwQ23-v6KYP3YWQ",
    "size": [
      2.146794631457548,
      4.880290596323187,
      1.7099999999999795
    ],
    "obj_class": "vehicle",
    "point_num_in_lidar": 53,
    "speed": 2.929642751054232e-13,
    "if_vehicle": true,
    "motion_state": false,
    "pose": [
      [
        -0.9990206096039613,
        0.03793821299844634,
        0.02277089328537286,
        -44.02525923857365
      ],
      [
        -0.03812243482293799,
        -0.9992433219995501,
        -0.0077112516801242596,
        -42.92962003539651
      ],
      [
        0.022461111942648045,
        -0.008571781249419014,
        0.9997109697390102,
        0.5994161950802095
      ],
      [
        0.0,
        0.0,
        0.0,
        1.0
      ]
    ],
    "location": [
      -44.02525923857365,
      -42.92962003539651,
      0.5994161950802095
    ],
    "rotation": [
      -0.008574049358549959,
      -0.02246300098250391,
      -3.1034513516524567
    ]
  },
  {
    "label_id": "J7T0lm9jnXkEcN7_fLCHcw",
    "size": [
      2.4105447909986752,
      5.853048720643227,
      1.9400000523537528
    ],
    "obj_class": "vehicle",
    "point_num_in_lidar": 257,
    "speed": 0.002793755599049926,
    "if_vehicle": true,
    "motion_state": false,
    "pose": [
      [
        0.4358635801603201,
        -0.8997246389361659,
        0.02277089328537286,
        24.53893985591776
      ],
      [
        0.9000077917486002,
        0.43580558898359034,
        -0.0077112516801242596,
        6.5705669740546
      ],
      [
        -0.002985679426268698,
        0.0238550351467277,
        0.9997109697390102,
        0.9032700812250596
      ],
      [
        0.0,
        0.0,
        0.0,
        1.0
      ]
    ],
    "location": [
      24.53893985591776,
      6.5705669740546,
      0.9032700812250596
    ],
    "rotation": [
      0.023857404584321534,
      0.0029856838621510388,
      1.1197965942381805
    ]
  },
  {
    "label_id": "KRIFGuPyXMFLkXDccz9mLA",
    "size": [
      1.152832250611473,
      1.3148555747822952,
      1.8799999999999955
    ],
    "obj_class": "pedestrian",
    "point_num_in_lidar": 70,
    "speed": 3.683911887669347,
    "if_vehicle": false,
    "motion_state": true,
    "pose": [
      [
        -0.021268095778436115,
        -0.9995144593856286,
        0.02277089328537286,
        9.526539560644778
      ],
      [
        0.9997402138295565,
        -0.021448576865574675,
        -0.0077112516801242596,
        2.6149065255995083
      ],
      [
        0.008195910809175038,
        0.022600974082904166,
        0.9997109697390102,
        1.0485776879002628
      ],
      [
        0.0,
        0.0,
        0.0,
        1.0
      ]
    ],
    "location": [
      9.526539560644778,
      2.6149065255995083,
      1.0485776879002628
    ],
    "rotation": [
      0.02260365795606093,
      -0.008196002569205389,
      1.5920667407908302
    ]
  },
  {
    "label_id": "L-mkBa_rTdt5A7Gv4zRNEA",
    "size": [
      0.4750061503397847,
      0.09032537733729915,
      0.45999999999997954
    ],
    "obj_class": "sign",
    "point_num_in_lidar": 36,
    "speed": 0.03581998750420446,
    "if_vehicle": false,
    "motion_state": false,
    "pose": [
      [
        -0.012701006589380994,
        0.9996600276346967,
        0.02277089328537286,
        8.314469047772945
      ],
      [
        -0.999891783301475,
        -0.012528299314826475,
        -0.0077112516801242596,
        -6.028167607486466
      ],
      [
        -0.007423349500905997,
        -0.02286636975288069,
        0.9997109697390102,
        2.230378130545944
      ],
      [
        0.0,
        0.0,
        0.0,
        1.0
      ]
    ],
    "location": [
      8.314469047772945,
      -6.028167607486466,
      2.230378130545944
    ],
    "rotation": [
      -0.022868993144245987,
      0.007423417681258756,
      -1.5834980248816966
    ]
  },
  {
    "label_id": "LV0eEgqBFEblVK4wVnO9Gg",
    "size": [
      2.376412499724534,
      5.358373042693289,
      2.0
    ],
    "obj_class": "vehicle",
    "point_num_in_lidar": 77,
    "speed": 8.583881382089324,
    "if_vehicle": true,
    "motion_state": true,
    "pose": [
      [
        0.03555365990370232,
        -0.9991083142915176,
        0.02277089328537286,
        0.7233967158872474
      ],
      [
        0.999343958110483,
        0.035386296579310986,
        -0.0077112516801242596,
        8.11148437790689
      ],
      [
        0.006898598084034539,
        0.023030117845182926,
        0.9997109697390102,
        0.943756183824064
      ],
      [
        0.0,
        0.0,
        0.0,
        1.0
      ]
    ],
    "location": [
      0.7233967158872474,
      8.11148437790689,
      0.943756183824064
    ],
    "rotation": [
      0.02303270231532856,
      -0.006898652803340574,
      1.5352343257080858
    ]
  },
  {
    "label_id": "LwQ7HLaEsxnUNsH0Az41wg",
    "size": [
      1.854025527688849,
      4.325527731340117,
      1.6000000000000227
    ],
    "obj_class": "vehicle",
    "point_num_in_lidar": 40,
    "speed": 11.588724920341695,
    "if_vehicle": true,
    "motion_state": true,
    "pose": [
      [
        0.05426861446065075,
        -0.9982666997869394,
        0.02277089328537286,
        2.98535858165269
      ],
      [
        0.9985054382720087,
        0.05410569599173224,
        -0.0077112516801242596,
        31.405087408020336
      ],
      [
        0.006465850736385576,
        0.023155339724194077,
        0.9997109697390102,
        0.8292353870948546
      ],
      [
        0.0,
        0.0,
        0.0,
        1.0
      ]
    ],
    "location": [
      2.98535858165269,
      31.405087408020336,
      0.8292353870948546
    ],
    "rotation": [
      0.023157893597672563,
      -0.006465895790446756,
      1.5164999032585829
    ]
  },
  {
    "label_id": "NBO-XMzdnFWC-AXGtAs4KA",
    "size": [
      2.1730694146178653,
      4.585441915775337,
      1.910000000000025
    ],
    "obj_class": "vehicle",
    "point_num_in_lidar": 29,
    "speed": 0.0,
    "if_vehicle": true,
    "motion_state": false,
    "pose": [
      [
        -0.4258712134497288,
        -0.904497206172491,
        0.02277089328537286,
        62.0395005494438
      ],
      [
        0.9046300624660492,
        -0.4261278994388866,
        -0.0077112516801242596,
        -29.285859814866853
      ],
      [
        0.016678118524808303,
        0.01731523450492381,
        0.9997109697390102,
        0.898546895906918
      ],
      [
        0.0,
        0.0,
        0.0,
        1.0
      ]
    ],
    "location": [
      62.0395005494438,
      -29.285859814866853,
      0.898546895906918
    ],
    "rotation": [
      0.017318508919697256,
      -0.016678891818174016,
      2.010786369206636
    ]
  },
  {
    "label_id": "O0ipbuwo_Nd7uLn6JzKcdA",
    "size": [
      2.0811413058835044,
      4.05562961252444,
      1.4800000000000182
    ],
    "obj_class": "vehicle",
    "point_num_in_lidar": 44,
    "speed": 2.8648161698407812,
    "if_vehicle": true,
    "motion_state": true,
    "pose": [
      [
        0.001886737110666742,
        -0.9997389292420603,
        0.02277089328537286,
        -0.9561493812270783
      ],
      [
        0.9999688031395487,
        0.0017115329925032217,
        -0.0077112516801242596,
        34.42734032086264
      ],
      [
        0.007670265362676781,
        0.022784732009707265,
        0.9997109697390102,
        1.077709461765437
      ],
      [
        0.0,
        0.0,
        0.0,
        1.0
      ]
    ],
    "location": [
      -0.9561493812270783,
      34.42734032086264,
      1.077709461765437
    ],
    "rotation": [
      0.02278737434697434,
      -0.007670340575417643,
      1.5689095330611118
    ]
  },
  {
    "label_id": "OALsO71VJElCZqqpEuxwSg",
    "size": [
      0.7282363975465662,
      0.7484238371239974,
      1.75
    ],
    "obj_class": "pedestrian",
    "point_num_in_lidar": 21,
    "speed": 1.4369837526939963e-12,
    "if_vehicle": false,
    "motion_state": false,
    "pose": [
      [
        -0.9942210309963471,
        0.1049096179744587,
        0.02277089328537286,
        -9.644523816516994
      ],
      [
        -0.10510837338713926,
        -0.9944308756476921,
        -0.0077112516801242596,
        -2.457419880092857
      ],
      [
        0.021835094881186748,
        -0.010060100149483128,
        0.9997109697390102,
        0.8551050577664796
      ],
      [
        0.0,
        0.0,
        0.0,
        1.0
      ]
    ],
    "location": [
      -9.644523816516994,
      -2.457419880092857,
      0.8551050577664796
    ],
    "rotation": [
      -0.010062669010156084,
      -0.02183683031155531,
      -3.0362645711971967
    ]
  },
  {
    "label_id": "OT_LQYpVVYfOWKlnu-6-Nw",
    "size": [
      0.6680816975146164,
      0.10103950605568145,
      0.6200000000000045
    ],
    "obj_class": "sign",
    "point_num_in_lidar": 48,
    "speed": 0.0179493226339976,
    "if_vehicle": false,
    "motion_state": false,
    "pose": [
      [
        -0.09711386429534877,
        -0.9950127555868873,
        0.02277089328537286,
        -12.973106837817795
      ],
      [
        0.9952241516028981,
        -0.09731096887718958,
        -0.0077112516801242596,
        -6.468213080101123
      ],
      [
        0.009888651471063178,
        0.021913273501964467,
        0.9997109697390102,
        1.3225673481070999
      ],
      [
        0.0,
        0.0,
        0.0,
        1.0
      ]
    ],
    "location": [
      -12.973106837817795,
      -6.468213080101123,
      1.3225673481070999
    ],
    "rotation": [
      0.021916099377875913,
      -0.00988881263915783,
      1.6680682621216127
    ]
  },
  {
    "label_id": "PE7PqXfc9zvQFaGz-kdYrQ",
    "size": [
      1.8986630586356998,
      4.10965922679504,
      1.589999999999975
    ],
    "obj_class": "vehicle",
    "point_num_in_lidar": 23,
    "speed": 8.526512829121202e-13,
    "if_vehicle": true,
    "motion_state": false,
    "pose": [
      [
        -0.4750133707144887,
        0.8796839114485644,
        0.02277089328537286,
        34.215629969359725
      ],
      [
        -0.8799693408222585,
        -0.4749678892413314,
        -0.0077112516801242596,
        -46.96105623206313
      ],
      [
        0.0040319790797571295,
        -0.023700635607267137,
        0.9997109697390102,
        0.6786509563439722
      ],
      [
        0.0,
        0.0,
        0.0,
        1.0
      ]
    ],
    "location": [
      34.215629969359725,
      -46.96105623206313,
      0.6786509563439722
    ],
    "rotation": [
      -0.023703047727717388,
      -0.004031990004387128,
      -2.065779940605669
    ]
  },
  {
    "label_id": "PbuvIUoXgzIQt21pg9BXww",
    "size": [
      2.1840508513732226,
      4.741562823539253,
      1.8999999999999773
    ],
    "obj_class": "vehicle",
    "point_num_in_lidar": 20,
    "speed": 1.4836567898030565e-12,
    "if_vehicle": true,
    "motion_state": false,
    "pose": [
      [
        -0.38982191163458546,
        -0.9206086919145091,
        0.02277089328537286,
        46.54132765553868
      ],
      [
        0.9207515806995055,
        -0.3900731511356401,
        -0.0077112516801242596,
        -28.693100318005236
      ],
      [
        0.015981359420261538,
        0.017960321115405367,
        0.9997109697390102,
        0.7635468959068703
      ],
      [
        0.0,
        0.0,
        0.0,
        1.0
      ]
    ],
    "location": [
      46.54132765553868,
      -28.693100318005236,
      0.7635468959068703
    ],
    "rotation": [
      0.017963581218907468,
      -0.01598203978191073,
      1.9712885928622992
    ]
  },
  {
    "label_id": "Q3zAM_DhuaveZ4DsImfSKQ",
    "size": [
      1.9393335923807156,
      4.448500843808347,
      1.509999999999991
    ],
    "obj_class": "vehicle",
    "point_num_in_lidar": 366,
    "speed": 5.728578676879116e-13,
    "if_vehicle": true,
    "motion_state": false,
    "pose": [
      [
        0.4028176036744814,
        0.9149969751802104,
        0.02277089328537286,
        31.368479967462463
      ],
      [
        -0.915136292377188,
        0.4030708411329946,
        -0.0077112516801242596,
        -8.02121013348733
      ],
      [
        -0.01623405507205191,
        -0.017732242932174253,
        0.9997109697390102,
        0.574849260167241
      ],
      [
        0.0,
        0.0,
        0.0,
        1.0
      ]
    ],
    "location": [
      31.368479967462463,
      -8.02121013348733,
      0.574849260167241
    ],
    "rotation": [
      -0.0177355097765403,
      0.01623476822273838,
      -1.1561451474817555
    ]
  },
  {
    "label_id": "QP5XjBd16XvpwQEYLBI-Qw",
    "size": [
      2.2377542095150558,
      5.319350089219122,
      1.9499999999999886
    ],
    "obj_class": "vehicle",
    "point_num_in_lidar": 30,
    "speed": 9.532931148469528e-13,
    "if_vehicle": true,
    "motion_state": false,
    "pose": [
      [
        -0.45667266944033613,
        0.8893433304439987,
        0.02277089328537286,
        49.081416683961834
      ],
      [
        -0.8896277554904237,
        -0.45662127990118545,
        -0.0077112516801242596,
        -41.82123255078841
      ],
      [
        0.003539724185366675,
        -0.02377913657346684,
        0.9997109697390102,
        0.7155865257641381
      ],
      [
        0.0,
        0.0,
        0.0,
        1.0
      ]
    ],
    "location": [
      49.081416683961834,
      -41.82123255078841,
      0.7155865257641381
    ],
    "rotation": [
      -0.023781527134416856,
      -0.003539731577324288,
      -2.045051026890935
    ]
  },
  {
    "label_id": "SBi5zCd-300qMHRqxAbkag",
    "size": [
      2.4216308696341957,
      4.744363768118542,
      1.670000000000016
    ],
    "obj_class": "vehicle",
    "point_num_in_lidar": 97,
    "speed": 2.343088387448958,
    "if_vehicle": true,
    "motion_state": true,
    "pose": [
      [
        -0.8647414014280043,
        0.5017009020076776,
        0.02277089328537286,
        62.882283544602615
      ],
      [
        -0.5019680142468651,
        -0.8648518076934248,
        -0.0077112516801242596,
        -35.357057153378264
      ],
      [
        0.015824706297122227,
        -0.018098498669720596,
        0.9997109697390102,
        0.7508615956136282
      ],
      [
        0.0,
        0.0,
        0.0,
        1.0
      ]
    ],
    "location": [
      62.882283544602615,
      -35.357057153378264,
      0.7508615956136282
    ],
    "rotation": [
      -0.018101753781748706,
      -0.015825366845559893,
      -2.615647230483326
    ]
  },
  {
    "label_id": "VBixxlZ-nYOf9L47qOhL5Q",
    "size": [
      3.4305399234133516,
      2.7957590169782516,
      3.1200000000000045
    ],
    "obj_class": "vehicle",
    "point_num_in_lidar": 3245,
    "speed": 1.4210854715202004e-13,
    "if_vehicle": true,
    "motion_state": false,
    "pose": [
      [
        0.9992000055870252,
        0.032876058977239365,
        0.02277089328537286,
        -9.738696619092934
      ],
      [
        -0.032708064760705445,
        0.9994352000490754,
        -0.0077112516801242596,
        -25.815361898310584
      ],
      [
        -0.02301154785098687,
        0.006960290869626031,
        0.9997109697390102,
        1.326402097759967
