[
  {
    "label_id": "0X-5YbX76mfO3JdaVTit6A",
    "size": [
      2.0364853847542537,
      4.528660799265791,
      1.5
    ],
    "obj_class": "vehicle",
    "point_num_in_lidar": 65,
    "speed": 2.8150813999985353e-28,
    "if_vehicle": true,
    "motion_state": false,
    "pose": [
      [
        0.034635714434960954,
        0.9982915393708175,
        0.04705708986139295,
        -46.220407282074575
      ],
      [
        -0.9993991499957365,
        0.03465881125082741,
        0.0003252544832035479,
        41.70301674385519
      ],
      [
        -0.0013062439967947133,
        -0.04704008103014804,
        0.9988921485842693,
        0.7257691191080085
      ],
      [
        0.0,
        0.0,
        0.0,
        1.0
      ]
    ],
    "location": [
      -46.220407282074575,
      41.70301674385519,
      0.7257691191080085
    ],
    "rotation": [
      -0.04705748664401868,
      0.0013062443682632248,
      -1.5361536540294325
    ]
  },
  {
    "label_id": "1eolDINDzpEd5w-27y0I0Q",
    "size": [
      0.8085791236498833,
      0.6297640151236392,
      0.8899999999999864
    ],
    "obj_class": "sign",
    "point_num_in_lidar": 61,
    "speed": 0.012889512673407275,
    "if_vehicle": false,
    "motion_state": false,
    "pose": [
      [
        0.9981041452396731,
        0.03967046192267441,
        0.04705708986139295,
        -22.91135727149822
      ],
      [
        -0.03972976584758199,
        0.9992104082300272,
        0.0003252544832035479,
        58.18556999854809
      ],
      [
        -0.04700703097492842,
        -0.0021942050096050154,
        0.9988921485842693,
        0.6636229252600856
      ],
      [
        0.0,
        0.0,
        0.0,
        1.0
      ]
    ],
    "location": [
      -22.91135727149822,
      58.18556999854809,
      0.6636229252600856
    ],
    "rotation": [
      -0.0021966350256635916,
      0.04702435981155545,
      -0.039784227529954176
    ]
  },
  {
    "label_id": "303QVPZsmqpcoXSJgCZsaQ",
    "size": [
      2.4154803135569254,
      5.381323891110312,
      1.6999999999999886
    ],
    "obj_class": "vehicle",
    "point_num_in_lidar": 37,
    "speed": 4.512909780607229e-27,
    "if_vehicle": true,
    "motion_state": false,
    "pose": [
      [
        -0.038090047967829097,
        -0.9981657069543038,
        0.04705708986139295,
        -54.36063190975892
      ],
      [
        0.9992732310220865,
        -0.03811697747986919,
        0.0003252544832035479,
        33.96010243760429
      ],
      [
        0.00146901616334797,
        0.04703527918715778,
        0.9988921485842693,
        0.8566555654241483
      ],
      [
        0.0,
        0.0,
        0.0,
        1.0
      ]
    ],
    "location": [
      -54.36063190975892,
      33.96010243760429,
      0.8566555654241483
    ],
    "rotation": [
      0.04705269011148938,
      -0.001469016691706708,
      1.608895632412696
    ]
  },
  {
    "label_id": "39-kEkDzJEr7nWBZPk1HXw",
    "size": [
      0.9772257133555251,
      0.13068810941669862,
      0.839999999999975
    ],
    "obj_class": "sign",
    "point_num_in_lidar": 83,
    "speed": 0.013510700537460783,
    "if_vehicle": false,
    "motion_state": false,
    "pose": [
      [
        0.057984452425509515,
        0.9972078186469913,
        0.04705708986139295,
        7.593046891919585
      ],
      [
        -0.9983145856117287,
        0.05803345900774362,
        0.0003252544832035479,
        68.22425240064877
      ],
      [
        -0.0024065393817942916,
        -0.04699663886817789,
        0.9988921485842693,
        2.9637977806148683
      ],
      [
        0.0,
        0.0,
        0.0,
        1.0
      ]
    ],
    "location": [
      7.593046891919585,
      68.22425240064877,
      2.9637977806148683
    ],
    "rotation": [
      -0.047014092446817014,
      0.0024065417046851274,
      -1.5127791643970925
    ]
  },
  {
    "label_id": "4KLepsi_DW90MB8EG8E5xQ",
    "size": [
      2.0183254698180813,
      4.764829562322304,
      1.5
    ],
    "obj_class": "vehicle",
    "point_num_in_lidar": 71,
    "speed": 6.294713372592001e-28,
    "if_vehicle": true,
    "motion_state": false,
    "pose": [
      [
        0.4062441698807873,
        0.9125520832980695,
        0.04705708986139295,
        39.52861704395127
      ],
      [
        -0.9135703113847987,
        0.406680686000458,
        0.0003252544832035479,
        66.14477458562033
      ],
      [
        -0.01884039792976705,
        -0.043122092975064245,
        0.9988921485842693,
        0.8257691191079743
      ],
      [
        0.0,
        0.0,
        0.0,
        1.0
      ]
    ],
    "location": [
      39.52861704395127,
      66.14477458562033,
      0.8257691191079743
    ],
    "rotation": [
      -0.043143131021713736,
      0.01884151270764943,
      -1.1523773935741415
    ]
  },
  {
    "label_id": "4SOLc0t4Ak22kMUEPFSLZA",
    "size": [
      1.9457615003454705,
      4.279870270697451,
      1.670000000000016
    ],
    "obj_class": "vehicle",
    "point_num_in_lidar": 31,
    "speed": 1.1347955914614659e-27,
    "if_vehicle": true,
    "motion_state": false,
    "pose": [
      [
        0.4568674726192624,
        0.8882892224699478,
        0.04705708986139295,
        45.657160802697945
      ],
      [
        -0.889281320211597,
        0.45736050084396257,
        0.0003252544832035479,
        66.07127049573683
      ],
      [
        -0.02123313413527629,
        -0.04199558919095458,
        0.9988921485842693,
        0.9607691191078516
      ],
      [
        0.0,
        0.0,
        0.0,
        1.0
      ]
    ],
    "location": [
      45.657160802697945,
      66.07127049573683,
      0.9607691191078516
    ],
    "rotation": [
      -0.04201742144537215,
      0.02123472993793475,
      -1.0962100400218244
    ]
  },
  {
    "label_id": "4ZoF6vgB7LJluyrGWdiMEg",
    "size": [
      2.0939219872931782,
      4.5423472073732345,
      1.6399999999999864
    ],
    "obj_class": "vehicle",
    "point_num_in_lidar": 111,
    "speed": 1.1347955914614659e-27,
    "if_vehicle": true,
    "motion_state": false,
    "pose": [
      [
        0.0629067190366286,
        0.9969094116286713,
        0.04705708986139295,
        -31.303528227343577
      ],
      [
        -0.9980159231728861,
        0.06296118886181569,
        0.0003252544832035479,
        43.408713001139404
      ],
      [
        -0.0026385210665705577,
        -0.04698418567223784,
        0.9988921485842693,
        0.6957691191079789
      ],
      [
        0.0,
        0.0,
        0.0,
        1.0
      ]
    ],
    "location": [
      -31.303528227343577,
      43.408713001139404,
      0.6957691191079789
    ],
    "rotation": [
      -0.04700165296784565,
      0.0026385241280532483,
      -1.507847824635062
    ]
  },
  {
    "label_id": "6YI5y30RVco3JWyYxY8N3g",
    "size": [
      2.05280226398733,
      4.8452979739718565,
      1.5500000000000114
    ],
    "obj_class": "vehicle",
    "point_num_in_lidar": 88,
    "speed": 3.1476485919155326e-28,
    "if_vehicle": true,
    "motion_state": false,
    "pose": [
      [
        0.3826960144009109,
        0.92267512747198,
        0.04705708986139295,
        42.619550223947954
      ],
      [
        -0.9237042205343289,
        0.3831062609467366,
        0.0003252544832035479,
        66.17119736787026
      ],
      [
        -0.017727761526082176,
        -0.04359130610541988,
        0.9988921485842693,
        0.8707691191079334
      ],
      [
        0.0,
        0.0,
        0.0,
        1.0
      ]
    ],
    "location": [
      42.619550223947954,
      66.17119736787026,
      0.8707691191079334
    ],
    "rotation": [
      -0.0436119812361881,
      0.01772869021845525,
      -1.1780185194499764
    ]
  },
  {
    "label_id": "7DXMcrFMaCxx4GTgIJE-SQ",
    "size": [
      0.5836348899473549,
      0.09953616580182253,
      0.7900000000000205
    ],
    "obj_class": "sign",
    "point_num_in_lidar": 27,
    "speed": 1.7410286017828203e-28,
    "if_vehicle": false,
    "motion_state": false,
    "pose": [
      [
        -0.029051119542693564,
        -0.9984696604039068,
        0.04705708986139295,
        -20.251642654348416
      ],
      [
        0.9995773828955397,
        -0.029068020455910892,
        0.0003252544832035479,
        81.13783892185529
      ],
      [
        0.0010430997172975129,
        0.047046651737204744,
        0.9988921485842693,
        2.5619882622033856
      ],
      [
        0.0,
        0.0,
        0.0,
        1.0
      ]
    ],
    "location": [
      -20.251642654348416,
      81.13783892185529,
      2.5619882622033856
    ],
    "rotation": [
      0.04706405008087852,
      -0.001043099906456267,
      1.5998515500686512
    ]
  },
  {
    "label_id": "AvgCjaE0kU2RZkYQUwpOLQ",
    "size": [
      2.3297402798305242,
      5.3226951623069425,
      2.0400000000000205
    ],
    "obj_class": "vehicle",
    "point_num_in_lidar": 102,
    "speed": 0.039250550237882084,
    "if_vehicle": true,
    "motion_state": false,
    "pose": [
      [
        0.027415995649954332,
        -0.998515895454999,
        0.04705708986139295,
        -1.2267645236966018
      ],
      [
        0.9996228030429691,
        0.02746171600680436,
        0.0003252544832035479,
        119.17096588199274
      ],
      [
        -0.0016170402094269896,
        0.04703042289479388,
        0.9988921485842693,
        1.1457691191080244
      ],
      [
        0.0,
        0.0,
        0.0,
        1.0
      ]
    ],
    "location": [
      -1.2267645236966018,
      119.17096588199274,
      1.1457691191080244
    ],
    "rotation": [
      0.04704783918759952,
      0.0016170409141390732,
      1.543376859646654
    ]
  },
  {
    "label_id": "Bc_BDnL5j2YXCBH4HKF80g",
    "size": [
      1.936247465703113,
      4.70142584633995,
      1.670000000000016
    ],
    "obj_class": "vehicle",
    "point_num_in_lidar": 45,
    "speed": 1.1347933059447046e-27,
    "if_vehicle": true,
    "motion_state": false,
    "pose": [
      [
        -0.037987466865553245,
        -0.9981696161749842,
        0.04705708986139295,
        -36.14959048759283
      ],
      [
        0.9992771430044484,
        -0.038014282557855744,
        0.0003252544832035479,
        34.39560671230538
      ],
      [
        0.0014641823676829224,
        0.04703542990869991,
        0.9988921485842693,
        0.7587939917968924
      ],
      [
        0.0,
        0.0,
        0.0,
        1.0
      ]
    ],
    "location": [
      -36.14959048759283,
      34.39560671230538,
      0.7587939917968924
    ],
    "rotation": [
      0.047052840666378264,
      -0.0014641828908431094,
      1.6087929766346025
    ]
  },
  {
    "label_id": "Cc4GN5NKm3dtq0Hi5UrAgQ",
    "size": [
      2.456283206420746,
      5.5493346788713325,
      1.8999999999999773
    ],
    "obj_class": "vehicle",
    "point_num_in_lidar": 502,
    "speed": 7.037385537441703e-29,
    "if_vehicle": true,
    "motion_state": false,
    "pose": [
      [
        -0.4168979155007296,
        0.9077344095851624,
        0.04705708986139295,
        42.547995730191815
      ],
      [
        -0.9087346684118011,
        -0.417374168625725,
        0.0003252544832035479,
        48.81526814575591
      ],
      [
        0.01993565844512062,
        -0.04262681103556243,
        0.9988921485842693,
        1.0257691191080198
      ],
      [
        0.0,
        0.0,
        0.0,
        1.0
      ]
    ],
    "location": [
      42.547995730191815,
      48.81526814575591,
      1.0257691191080198
    ],
    "rotation": [
      -0.04264821157421428,
      -0.01993697918771709,
      -2.000917326727059
    ]
  },
  {
    "label_id": "D-kUN-HsliY3Ha9PNEVv7g",
    "size": [
      0.7276413270774378,
      0.627713311804655,
      1.6499999999999773
    ],
    "obj_class": "pedestrian",
    "point_num_in_lidar": 30,
    "speed": 4.6427522896803795e-28,
    "if_vehicle": false,
    "motion_state": false,
    "pose": [
      [
        0.9988922015381724,
        7.438617695670259e-15,
        0.04705708986139295,
        -26.989782381181158
      ],
      [
        -1.5322503697396275e-05,
        0.9999999469873697,
        0.0003252544832035479,
        76.63594488666422
      ],
      [
        -0.047057087366772846,
        -0.0003256151992207424,
        0.9988921485842693,
        0.9507691191079743
      ],
      [
        0.0,
        0.0,
        0.0,
        1.0
      ]
    ],
    "location": [
      -26.989782381181158,
      76.63594488666422,
      0.9507691191079743
    ],
    "rotation": [
      -0.00032597632101612336,
      0.0470744716581567,
      -1.5339496767118303e-05
    ]
  },
  {
    "label_id": "DHUkdQXbOqQov8-wGY1Imw",
    "size": [
      2.0818113181999554,
      4.630890369444594,
      1.579999999999984
    ],
    "obj_class": "vehicle",
    "point_num_in_lidar": 20,
    "speed": 1.805163236820293e-27,
    "if_vehicle": true,
    "motion_state": false,
    "pose": [
      [
        -0.5421075575079033,
        -0.8389904805101142,
        0.04705708986139295,
        54.035459976018956
      ],
      [
        0.8399292147702387,
        -0.5426958709857405,
        0.0003252544832035479,
        60.597246067090964
      ],
      [
        0.025264802953231896,
        0.039700947450110324,
        0.9988921485842693,
        0.8857691191080903
      ],
      [
        0.0,
        0.0,
        0.0,
        1.0
      ]
    ],
    "location": [
      54.035459976018956,
      60.597246067090964,
      0.8857691191080903
    ],
    "rotation": [
      0.03972407089880361,
      -0.025267491522758995,
      2.1439454955830093
    ]
  },
  {
    "label_id": "G7BNS6imdS_exHasj7Aj1A",
    "size": [
      2.2785540398702704,
      5.572773604678559,
      1.839999999999975
    ],
    "obj_class": "vehicle",
    "point_num_in_lidar": 25,
    "speed": 4.254495212121643e-28,
    "if_vehicle": true,
    "motion_state": false,
    "pose": [
      [
        -0.010192199664380059,
        0.9988402021143213,
        0.04705708986139295,
        -51.50486696201324
      ],
      [
        -0.9999477335542974,
        -0.010218824254538175,
        0.0003252544832035479,
        42.19396131948088
      ],
      [
        0.0008057453849652058,
        -0.04705131529592625,
        0.9988921485842693,
        0.7740547492301744
      ],
      [
        0.0,
        0.0,
        0.0,
        1.0
      ]
    ],
    "location": [
      -51.50486696201324,
      42.19396131948088,
      0.7740547492301744
    ],
    "rotation": [
      -0.04706870847711639,
      -0.0008057454721503233,
      -1.580988706238755
    ]
  },
  {
    "label_id": "GLDf7-Sxvl37cAZNUTUxwg",
    "size": [
      1.0569865237854021,
      1.0129598608742194,
      1.7200000000000273
    ],
    "obj_class": "pedestrian",
    "point_num_in_lidar": 44,
    "speed": 1.4941058736630655,
    "if_vehicle": false,
    "motion_state": true,
    "pose": [
      [
        -0.23441910194817314,
        -0.9709960426982125,
        0.04705708986139295,
        10.957500623633678
      ],
      [
        0.9720764479044802,
        -0.23466417203938408,
        0.0003252544832035479,
        77.73971991085455
      ],
      [
        0.010726792214846174,
        0.04581933462504199,
        0.9988921485842693,
        1.02420943963034
      ],
      [
        0.0,
        0.0,
        0.0,
        1.0
      ]
    ],
    "location": [
      10.957500623633678,
      77.73971991085455,
      1.02420943963034
    ],
    "rotation": [
      0.04583802114165736,
      -0.010726997936895629,
      1.8074311778326562
    ]
  },
  {
    "label_id": "IJ3FUi4Z1k7xeHX3cNHhgA",
    "size": [
      2.2733592392575,
      5.809798929251251,
      2.3000000000000114
    ],
    "obj_class": "vehicle",
    "point_num_in_lidar": 260,
    "speed": 0.00800383743236192,
    "if_vehicle": true,
    "motion_state": false,
    "pose": [
      [
        -0.09650310800790089,
        -0.9942196841938868,
        0.04705708986139295,
        -41.59661015767324
      ],
      [
        0.995323728252093,
        -0.0965948766129699,
        0.0003252544832035479,
        33.930021998648954
      ],
      [
        0.004222099379353412,
        0.04686842619005805,
        0.9988921485842693,
        1.3757691191080426
      ],
      [
        0.0,
        0.0,
        0.0,
        1.0
      ]
    ],
    "location": [
      -41.59661015767324,
      33.930021998648954,
      1.3757691191080426
    ],
    "rotation": [
      0.04688602029656619,
      -0.004222111923397966,
      1.66745071670297
    ]
  },
  {
    "label_id": "IKfXUgFeE1HCCCYKAae06Q",
    "size": [
      1.927910395321812,
      4.1409722562418345,
      1.3700000000000045
    ],
    "obj_class": "vehicle",
    "point_num_in_lidar": 40,
    "speed": 3.1472144891187078e-28,
    "if_vehicle": true,
    "motion_state": false,
    "pose": [
      [
        -0.020968681504640367,
        -0.9986720906732768,
        0.04705708986139295,
        37.03283034326341
      ],
      [
        0.9997799136742768,
        -0.020976616099290156,
        0.0003252544832035479,
        83.34583414369081
      ],
      [
        0.0006622759340304957,
        0.04705355339705238,
        0.9988921485842693,
        0.8617924024155741
      ],
      [
        0.0,
        0.0,
        0.0,
        1.0
      ]
    ],
    "location": [
      37.03283034326341,
      83.34583414369081,
      0.8617924024155741
    ],
    "rotation": [
      0.04707094409997501,
      -0.0006622759824439149,
      1.5917665498077558
    ]
  },
  {
    "label_id": "KRIFGuPyXMFLkXDccz9mLA",
    "size": [
      1.1528322506114723,
      1.3148555747822952,
      1.8799999999999955
    ],
    "obj_class": "pedestrian",
    "point_num_in_lidar": 589,
    "speed": 3.6740365032380615,
    "if_vehicle": false,
    "motion_state": true,
    "pose": [
      [
        -0.02125004494743248,
        -0.9986661433549797,
        0.04705708986139295,
        8.962409852735163
      ],
      [
        0.999773964076532,
        -0.02125829165804498,
        0.0003252544832035479,
        56.6661632045998
      ],
      [
        0.0006755327005025188,
        0.04705336494101785,
        0.9988921485842693,
        1.1089622886135544
      ],
      [
        0.0,
        0.0,
        0.0,
        1.0
      ]
    ],
    "location": [
      8.962409852735163,
      56.6661632045998,
      1.1089622886135544
    ],
    "rotation": [
      0.04707075585263753,
      -0.0006755327518817934,
      1.5920479762111686
    ]
  },
  {
    "label_id": "LV0eEgqBFEblVK4wVnO9Gg",
    "size": [
      2.376412499724389,
      5.358373042693289,
      2.0
    ],
    "obj_class": "vehicle",
    "point_num_in_lidar": 53,
    "speed": 2.643586701880578,
    "if_vehicle": true,
    "motion_state": true,
    "pose": [
      [
        -0.010208389497939823,
        -0.9988400367814835,
        0.04705708986139295,
        3.5660730631657316
      ],
      [
        0.9999478809728811,
        -0.01020438863264813,
        0.0003252544832035479,
        110.09047210801327
      ],
      [
        0.00015531163290072566,
        0.04705795761610083,
        0.9988921485842693,
        0.9124252765369079
      ],
      [
        0.0,
        0.0,
        0.0,
        1.0
      ]
    ],
    "location": [
      3.5660730631657316,
      110.09047210801327,
      0.9124252765369079
    ],
    "rotation": [
      0.047075343440821024,
      -0.00015531163352512252,
      1.5810048937290606
    ]
  },
  {
    "label_id": "M_3sev6zG_NGRjA1B8leIg",
    "size": [
      2.096085307617259,
      4.811468628086786,
      1.4700000000000273
    ],
    "obj_class": "vehicle",
    "point_num_in_lidar": 192,
    "speed": 4.504122242392949e-28,
    "if_vehicle": true,
    "motion_state": false,
    "pose": [
      [
        0.31151767293659177,
        -0.9490744806083175,
        0.04705708986139295,
        33.742837287474686
      ],
      [
        0.9501222009774809,
        0.3118776962516376,
        0.0003252544832035479,
        42.31680159820098
      ],
      [
        -0.014984747507989461,
        0.044608663270982014,
        0.9988921485842693,
        0.7435463184995683
      ],
      [
        0.0,
        0.0,
        0.0,
        1.0
      ]
    ],
    "location": [
      33.742837287474686,
      42.31680159820098,
      0.7435463184995683
    ],
    "rotation": [
      0.044628485351641475,
      0.014985308350500035,
      1.2539697528419267
    ]
  },
  {
    "label_id": "O0ipbuwo_Nd7uLn6JzKcdA",
    "size": [
      2.0811413058824777,
      4.05562961252444,
      1.4800000000000182
    ],
    "obj_class": "vehicle",
    "point_num_in_lidar": 1346,
    "speed": 2.0679392874929086,
    "if_vehicle": true,
    "motion_state": true,
    "pose": [
      [
        -0.07038943008330953,
        -0.9964090316864473,
        0.04705708986139295,
        -1.5547086633382605
      ],
      [
        0.9975151031033536,
        -0.07045220571584035,
        0.0003252544832035479,
        63.22574501744566
      ],
      [
        0.0029911892706431186,
        0.046963052322535906,
        0.9988921485842693,
        0.937709461765337
      ],
      [
        0.0,
        0.0,
        0.0,
        1.0
      ]
    ],
    "location": [
      -1.5547086633382605,
      63.22574501744566,
      0.937709461765337
    ],
    "rotation": [
      0.046980542862833125,
      -0.0029911937311291248,
      1.6412443286276936
    ]
  },
  {
    "label_id": "SgRDIBnvjCDj5pesLk7nPA",
    "size": [
      1.9875335616080196,
      4.312670339912523,
      1.7300000000000182
    ],
    "obj_class": "vehicle",
    "point_num_in_lidar": 599,
    "speed": 9.800865634739564,
    "if_vehicle": true,
    "motion_state": true,
    "pose": [
      [
        0.009973951593723582,
        0.9988424052789223,
        0.04705708986139295,
        -15.26533706193868
      ],
      [
        -0.9999502485007625,
        0.009969690706567242,
        0.0003252544832035479,
        69.03162851667912
      ],
      [
        -0.00014426666113844433,
        -0.047057992773093714,
        0.9988921485842693,
        0.8907691191079152
      ],
      [
        0.0,
        0.0,
        0.0,
        1.0
      ]
    ],
    "location": [
      -15.26533706193868,
      69.03162851667912,
      0.8907691191079152
    ],
    "rotation": [
      -0.047075378558865975,
      0.0001442666616388782,
      -1.5608222097223354
    ]
  },
  {
    "label_id": "UahDY1qvMQ82owWsLmLHZQ",
    "size": [
      2.0024935692269326,
      4.635795969975856,
      1.420000000000016
    ],
    "obj_class": "vehicle",
    "point_num_in_lidar": 124,
    "speed": 0.004460713416874323,
    "if_vehicle": true,
    "motion_state": false,
    "pose": [
      [
        -0.010700978032340595,
        0.9988348809302408,
        0.04705708986139295,
        -35.9523541835174
      ],
      [
        -0.9999423986647581,
        -0.010728166762840411,
        0.0003252544832035479,
        60.30455315189829
      ],
      [
        0.0008297118304096331,
        -0.047050898769104656,
        0.9988921485842693,
        0.8355354251085032
      ],
      [
        0.0,
        0.0,
        0.0,
        1.0
      ]
    ],
    "location": [
      -35.9523541835174,
      60.30455315189829,
      0.8355354251085032
    ],
    "rotation": [
      -0.047068292411466345,
      -0.0008297119256082704,
      -1.5814975127511934
    ]
  },
  {
    "label_id": "WDJKr51g-iNhS0gJaIfkjA",
    "size": [
      2.1813729803632516,
      4.576132587612332,
      1.3600000000000136
    ],
    "obj_class": "vehicle",
    "point_num_in_lidar": 139,
    "speed": 2.8150757303292375e-28,
    "if_vehicle": true,
    "motion_state": false,
    "pose": [
      [
        0.3956838858706629,
        -0.9171804036044757,
        0.04705708986139295,
        61.07640169366823
      ],
      [
        0.9181914632051307,
        0.3961367580858187,
        0.0003252544832035479,
        42.91609726322349
      ],
      [
        -0.01893936006082405,
        0.04307872023619688,
        0.9988921485842693,
        0.9056491785476055
      ],
      [
        0.0,
        0.0,
        0.0,
        1.0
      ]
    ],
    "location": [
      61.07640169366823,
      42.91609726322349,
      0.9056491785476055
    ],
    "rotation": [
      0.04309979086831696,
      0.018940492499679766,
      1.163906640816999
    ]
  },
  {
    "label_id": "XeXTOoCuW1m_4pGsdFCfNw",
    "size": [
      0.5182916940695848,
      0.12495920793043618,
      0.4399999999999977
    ],
    "obj_class": "sign",
    "point_num_in_lidar": 73,
    "speed": 0.013721236976076646,
    "if_vehicle": false,
    "motion_state": false,
    "pose": [
      [
        0.05798445241906074,
        0.9972078186473663,
        0.04705708986139295,
        7.620400441068341
      ],
      [
        -0.9983145856121041,
        0.058033459001287695,
        0.0003252544832035479,
        68.2261019225516
      ],
      [
        -0.0024065393814903724,
        -0.046996638868193455,
        0.9988921485842693,
        2.2981009911466117
      ],
      [
        0.0,
        0.0,
        0.0,
        1.0
      ]
    ],
    "location": [
      7.620400441068341,
      68.2261019225516,
      2.2981009911466117
    ],
    "rotation": [
      -0.04701409244683256,
      0.0024065417043812078,
      -1.5127791644035522
    ]
  },
  {
    "label_id": "YTcass-ERc9jtlumJh8FmA",
    "size": [
      1.9368651489196291,
      4.353787564816944,
      1.509999999999991
    ],
    "obj_class": "vehicle",
    "point_num_in_lidar": 918,
    "speed": 5.991699659098221,
    "if_vehicle": true,
    "motion_state": true,
    "pose": [
      [
        0.024897270721302583,
        0.9985818725594847,
        0.04705708986139295,
        -16.00175441941883
      ],
      [
        -0.9996896557735264,
        0.02490956340302844,
        0.0003252544832035479,
        44.494874625841476
      ],
      [
        -0.0008473783325686083,
        -0.04705058391416146,
        0.9988921485842693,
        0.7389886915257762
      ],
      [
        0.0,
        0.0,
        0.0,
        1.0
      ]
    ],
    "location": [
      -16.00175441941883,
      44.494874625841476,
      0.7389886915257762
    ],
    "rotation": [
      -0.04706797790511447,
      0.0008473784339786484,
      -1.54589647421881
    ]
  },
  {
    "label_id": "aBfZK79ylDzaSLoIvIuLKg",
    "size": [
      0.8684472722431326,
      0.1641085882203508,
      0.9399999999999977
    ],
    "obj_class": "sign",
    "point_num_in_lidar": 88,
    "speed": 0.01987225237455575,
    "if_vehicle": false,
    "motion_state": false,
    "pose": [
      [
        0.0343397734425572,
        0.9983017631225994,
        0.04705708986139295,
        8.044907271846114
      ],
      [
        -0.9994093805458071,
        0.034362541910739564,
        0.0003252544832035479,
        86.23069436728474
      ],
      [
        -0.0012922990985139214,
        -0.0470404661939275,
        0.9988921485842693,
        2.9610868647919233
      ],
      [
        0.0,
        0.0,
        0.0,
        1.0
      ]
    ],
    "location": [
      8.044907271846114,
      86.23069436728474,
      2.9610868647919233
    ],
    "rotation": [
      -0.0470578713817434,
      0.0012922994582120681,
      -1.5364497720523211
    ]
  },
  {
    "label_id": "aCe-sGUZd8XCrjmz2Aqjpw",
    "size": [
      1.8418365429193024,
      4.44996955986282,
      1.3700000000000045
    ],
    "obj_class": "vehicle",
    "point_num_in_lidar": 323,
    "speed": 5.803427290130112e-28,
    "if_vehicle": true,
    "motion_state": false,
    "pose": [
      [
        0.43984334391197577,
        0.8968408237307823,
        0.04705708986139295,
        36.38817447159272
      ],
      [
        -0.8978421438340547,
        0.4403173616438373,
        0.0003252544832035479,
        65.99809106299836
      ],
      [
        -0.02042835215576711,
        -0.04239289946325942,
        0.9988921485842693,
        0.8107691191079311
      ],
      [
        0.0,
        0.0,
        0.0,
        1.0
      ]
    ],
    "location": [
      36.38817447159272,
      65.99809106299836,
      0.8107691191079311
    ],
    "rotation": [
      -0.042414463916314364,
      0.020429773274378872,
      -1.1152698685308313
    ]
  },
  {
    "label_id": "aH4CifP98VP1LwWVbnjEww",
    "size": [
      0.8111830784138496,
      0.13501192777146076,
      0.8199999999999932
    ],
    "obj_class": "sign",
    "point_num_in_lidar": 72,
    "speed": 0.01812145157351819,
    "if_vehicle": false,
    "motion_state": false,
    "pose": [
      [
        0.9953597052843568,
        0.08393263602446474,
        0.04705708986139295,
        -21.875191973756955
      ],
      [
        -0.08404098344992829,
        0.9964622458027651,
        0.0003252544832035479,
        40.512813394618206
      ],
      [
        -0.046863313978072106,
        -0.004278469316787013,
        0.9988921485842693,
        1.459889455876521
      ],
      [
        0.0,
        0.0,
        0.0,
        1.0
      ]
    ],
    "location": [
      -21.875191973756955,
      40.512813394618206,
      1.459889455876521
    ],
    "rotation": [
      -0.004283188289124041,
      0.04688048425472159,
      -0.08423299283379312
    ]
  },
  {
    "label_id": "bbrz_rolD5p6nYiFP9UnZg",
    "size": [
      1.8584089971460702,
      4.223727654714482,
      1.3999999999999773
    ],
    "obj_class": "vehicle",
    "point_num_in_lidar": 37,
    "speed": 2.111305790573346e-28,
    "if_vehicle": true,
    "motion_state": false,
    "pose": [
      [
        -0.005606260907446726,
        0.9988764689051467,
        0.04705708986139295,
        -27.913488551563205
      ],
      [
        -0.9999841109100424,
        -0.005627800367214964,
        0.0003252544832035479,
        43.426144085651686
      ],
      [
        0.0005897169572799431,
        -0.04705451870556485,
        0.9988921485842693,
        0.7067924024157151
      ],
      [
        0.0,
        0.0,
        0.0,
        1.0
      ]
    ],
    "location": [
      -27.913488551563205,
      43.426144085651686,
      0.7067924024157151
    ],
    "rotation": [
      -0.04707190833944821,
      -0.0005897169914605418,
      -1.5764026180452222
    ]
  },
  {
    "label_id": "ccYkeSntRbCCmr463of64A",
    "size": [
      0.4499065639389546,
      0.08219830929241016,
      0.6299999999999955
    ],
    "obj_class": "sign",
    "point_num_in_lidar": 45,
    "speed": 0.0034744131948547864,
    "if_vehicle": false,
    "motion_state": false,
    "pose": [
      [
        0.9880714735510321,
        0.1466301246281578,
        0.04705708986139295,
        10.11468706921778
      ],
      [
        -0.1468078901385883,
        0.9891649698622458,
        0.0003252544832035479,
        63.14852940176024
      ],
      [
        -0.04649953276914175,
        -0.007229726755111064,
        0.9988921485842693,
        1.038988691526015
      ],
      [
        0.0,
        0.0,
        0.0,
        1.0
      ]
    ],
    "location": [
      10.11468706921778,
      63.14852940176024,
      1.038988691526015
    ],
    "rotation": [
      -0.007237618722258631,
      0.04651630602690398,
      -0.1475011344324909
    ]
  },
  {
    "label_id": "e3jGBXQSf4LAtu-ZsBcNpQ",
    "size": [
      2.1594653857102193,
      4.370635117359537,
      1.8500000000000227
    ],
    "obj_class": "vehicle",
    "point_num_in_lidar": 126,
    "speed": 9.008239115455052e-28,
    "if_vehicle": true,
    "motion_state": false,
    "pose": [
      [
        -0.019778856272999232,
        -0.9986963638355298,
        0.04705708986139295,
        -4.693561845912882
      ],
      [
        0.9998041955035144,
        -0.019785471010101554,
        0.0003252544832035479,
        94.96824399415891
      ],
      [
        0.0006062162175757464,
        0.047054309033282005,
        0.9988921485842693,
        0.900769119107963
      ],
      [
        0.0,
        0.0,
        0.0,
        1.0
      ]
    ],
    "location": [
      -4.693561845912882,
      94.96824399415891,
      0.900769119107963
    ],
    "rotation": [
      0.047071698899376194,
      -0.0006062162547063041,
      1.5905764765218593
    ]
  },
  {
    "label_id": "iweD-N-r4RTN27UskBD3Nw",
    "size": [
      2.0290170176457005,
      4.30405402458734,
      1.3999999999999773
    ],
    "obj_class": "vehicle",
    "point_num_in_lidar": 20,
    "speed": 9.078351941433957e-28,
    "if_vehicle": true,
    "motion_state": false,
    "pose": [
      [
        0.3989203207222397,
        0.9157773790658089,
        0.04705708986139295,
        48.91151312471038
      ],
      [
        -0.9167990715774259,
        0.3993486654094278,
        0.0003252544832035479,
        66.04039355305395
      ],
      [
        -0.018494325336041242,
        -0.04327164691881647,
        0.9988921485842693,
        0.9757691191077242
      ],
      [
        0.0,
        0.0,
        0.0,
        1.0
      ]
    ],
    "location": [
      48.91151312471038,
      66.04039355305395,
      0.9757691191077242
    ],
    "rotation": [
      -0.043292571362485155,
      0.018495379798404377,
      -1.1603827850923225
    ]
  },
  {
    "label_id": "j4uKazNwBsHJ2f4MFBWDNg",
    "size": [
      0.9129643679416514,
      0.12332203574414805,
      1.089999999999975
    ],
    "obj_class": "sign",
    "point_num_in_lidar": 66,
    "speed": 0.005714786547232601,
    "if_vehicle": false,
    "motion_state": false,
    "pose": [
      [
        0.004347445622989695,
        -0.9988827408711854,
        0.04705708986139295,
        -18.86133833214444
      ],
      [
        0.9999904091411213,
        0.004367589185584678,
        0.0003252544832035479,
        47.440472314863655
      ],
      [
        -0.0005304171264467072,
        0.04705522451730549,
        0.9988921485842693,
        3.236841865740246
      ],
      [
        0.0,
        0.0,
        0.0,
        1.0
      ]
    ],
    "location": [
      -18.86133833214444,
      47.440472314863655,
      3.236841865740246
    ],
    "rotation": [
      0.04707261336947608,
      0.0005304171513181752,
      1.5664488668655652
    ]
  },
  {
    "label_id": "k-MFEgD7GPZpMCEFQBGOAQ",
    "size": [
      1.8802067665046025,
      4.302671856723734,
      1.6899999999999977
    ],
    "obj_class": "vehicle",
    "point_num_in_lidar": 214,
    "speed": 3.627571067377789e-28,
    "if_vehicle": true,
    "motion_state": false,
    "pose": [
      [
        0.006649048696788513,
        0.9988700718537945,
        0.04705708986139295,
        -38.647677359383124
      ],
      [
        -0.9999778947548088,
        0.006641100154479169,
        0.0003252544832035479,
        54.70569671441808
      ],
      [
        1.2376122260459838e-05,
        -0.047058212285781255,
        0.9988921485842693,
        0.9338102555300338
      ],
      [
        0.0,
        0.0,
        0.0,
        1.0
      ]
    ],
    "location": [
      -38.647677359383124,
      54.70569671441808,
      0.9338102555300338
    ],
    "rotation": [
      -0.04707559782836837,
      -1.2376122260775776e-05,
      -1.5641472291043848
    ]
  },
  {
    "label_id": "kL2EBrshDXJSLqHZglULqA",
    "size": [
      2.0531414697526493,
      4.581564295669244,
      1.5400000000000205
    ],
    "obj_class": "vehicle",
    "point_num_in_lidar": 57,
    "speed": 5.6301627999970705e-28,
    "if_vehicle": true,
    "motion_state": false,
    "pose": [
      [
        -0.5460869693456258,
        -0.8364057939808203,
        0.04705708986139295,
        51.331349808093364
      ],
      [
        0.8373417229330413,
        -0.5466797355353931,
        0.0003252544832035479,
        60.44289381449926
      ],
      [
        0.02545311270622184,
        0.03958048193575243,
        0.9988921485842693,
        0.9257461048147775
      ],
      [
        0.0,
        0.0,
        0.0,
        1.0
      ]
    ],
    "location": [
      51.331349808093364,
      60.44289381449926,
      0.9257461048147775
    ],
    "rotation": [
      0.03960366140843395,
      -0.02545586185405803,
      2.14869369004875
    ]
  },
  {
    "label_id": "lbhJDFo720d242nqCSNOGQ",
    "size": [
      1.9912174646890828,
      4.3972375697915185,
      1.6000000000000227
    ],
    "obj_class": "vehicle",
    "point_num_in_lidar": 25,
    "speed": 2.837028725416513,
    "if_vehicle": true,
    "motion_state": true,
    "pose": [
      [
        -0.07156381408746965,
        0.9963253739652679,
        0.04705708986139295,
        -59.72027955087742
      ],
      [
        -0.9974291751166098,
        -0.07165845962425127,
        0.0003252544832035479,
        58.33772783457243
      ],
      [
        0.0036960978684790462,
        -0.04691283787247027,
        0.9988921485842693,
        1.153962288613684
      ],
      [
        0.0,
        0.0,
        0.0,
        1.0
      ]
    ],
    "location": [
      -59.72027955087742,
      58.33772783457243,
      1.153962288613684
    ],
    "rotation": [
      -0.04693038347588536,
      -0.003696106284015516,
      -1.6424218564138044
    ]
  },
  {
    "label_id": "lrhnoPhYGlUEbb-EIG5HkA",
    "size": [
      2.1741784802443456,
      5.485636012443816,
      1.740000000000009
    ],
    "obj_class": "vehicle",
    "point_num_in_lidar": 302,
    "speed": 0.005243493230994096,
    "if_vehicle": true,
    "motion_state": false,
    "pose": [
      [
        0.003202389670230751,
        -0.9988870681884798,
        0.04705708986139295,
        32.00537184961331
      ],
      [
        0.9999947588218799,
        0.0032212634619601128,
        0.0003252544832035479,
        83.33843259117748
      ],
      [
        -0.0004764757813390299,
        0.04705580163520597,
        0.9988921485842693,
        0.995769119108104
      ],
      [
        0.0,
        0.0,
        0.0,
        1.0
      ]
    ],
    "location": [
      32.00537184961331,
      83.33843259117748,
      0.995769119108104
    ],
    "rotation": [
      0.047073189848162215,
      0.00047647579936801527,
      1.567593931287543
    ]
  },
  {
    "label_id": "oRpAqln2Ne5FkuUoyxZAZA",
    "size": [
      2.072268585089549,
      4.742602933944892,
      1.6499999999999773
    ],
    "obj_class": "vehicle",
    "point_num_in_lidar": 77,
    "speed": 4.504119557727526e-28,
    "if_vehicle": true,
    "motion_state": false,
    "pose": [
      [
        0.009806346354536614,
        0.9988440648394281,
        0.04705708986139295,
        -40.71834291813457
      ],
      [
        -0.9999519073306976,
        0.009801899572076148,
        0.0003252544832035479,
        60.4681953512445
      ],
      [
        -0.00013637035886525717,
        -0.04705801631844758,
        0.9988921485842693,
        0.950769119108088
      ],
      [
        0.0,
        0.0,
        0.0,
        1.0
      ]
    ],
    "location": [
      -40.71834291813457,
      60.4681953512445,
      0.950769119108088
    ],
    "rotation": [
      -0.04707540207813555,
      0.00013637035928793425,
      -1.5609898231720876
    ]
  },
  {
    "label_id": "oX_uDosMii3a0MKDuQ_Y_w",
    "size": [
      1.2762845479122495,
      1.293914496774009,
      1.1999999999999886
    ],
    "obj_class": "sign",
    "point_num_in_lidar": 234,
    "speed": 2.0414645874441477e-27,
    "if_vehicle": false,
    "motion_state": false,
    "pose": [
      [
        0.00046536453821150917,
        0.998892093136002,
        0.04705708986139295,
        -3.880626101384223
      ],
      [
        -0.9999998456034419,
        0.0004505581133432999,
        0.0003252544832035479,
        52.74167011359532
      ],
      [
        0.0003036921779016853,
        -0.04705723395784263,
        0.9988921485842693,
        0.9097178925273397
      ],
      [
