[
  {
    "label_id": "-A2cwrq7kLoBVBFfbodmAw",
    "size": [
      1.976946405607187,
      4.1102095399683405,
      1.4800000000000182
    ],
    "obj_class": "vehicle",
    "point_num_in_lidar": 57,
    "speed": 1.4369837526939963e-12,
    "if_vehicle": true,
    "motion_state": false,
    "pose": [
      [
        -0.35441479820760113,
        0.9347963772642385,
        0.023364157701936984,
        54.1549860436985
      ],
      [
        -0.9350835683504986,
        -0.35438193769835025,
        -0.005671193354239803,
        48.381409537338186
      ],
      [
        0.0029784244767938695,
        -0.023857394803670204,
        0.9997109350711423,
        0.9396375900881822
      ],
      [
        0.0,
        0.0,
        0.0,
        1.0
      ]
    ],
    "location": [
      54.1549860436985,
      48.381409537338186,
      0.9396375900881822
    ],
    "rotation": [
      -0.02385976440724006,
      -0.002978428880418175,
      -1.9330861757707942
    ]
  },
  {
    "label_id": "14QyZM8v7J77UsDSgWPxQQ",
    "size": [
      0.9208221674588198,
      0.24749274453211412,
      0.7599999999999909
    ],
    "obj_class": "sign",
    "point_num_in_lidar": 53,
    "speed": 0.010763718657756624,
    "if_vehicle": false,
    "motion_state": false,
    "pose": [
      [
        -0.0954338846813352,
        0.9951615395449668,
        0.023364157701936984,
        7.945896034370435
      ],
      [
        -0.9954299076139436,
        -0.09532647372915086,
        -0.005671193354239803,
        33.55381340200984
      ],
      [
        -0.0034165307440850333,
        -0.023798605355290815,
        0.9997109350711423,
        3.214339002900715
      ],
      [
        0.0,
        0.0,
        0.0,
        1.0
      ]
    ],
    "location": [
      7.945896034370435,
      33.55381340200984,
      3.214339002900715
    ],
    "rotation": [
      -0.023800991349086607,
      0.0034165373907996187,
      -1.6663762306620316
    ]
  },
  {
    "label_id": "1R2shICtoOLMvy0fumS_Fg",
    "size": [
      0.2389594026511746,
      0.05266624247451546,
      0.5400000000000205
    ],
    "obj_class": "sign",
    "point_num_in_lidar": 26,
    "speed": 0.016556834811070228,
    "if_vehicle": false,
    "motion_state": false,
    "pose": [
      [
        -0.9995392557260221,
        -0.01937504574313656,
        0.023364157701936984,
        7.805645546075084
      ],
      [
        0.019247510396239613,
        -0.9997986651868892,
        -0.005671193354239803,
        34.95232800699341
      ],
      [
        0.02346933331426914,
        -0.005218878516107801,
        0.9997109350711423,
        1.3781474623277177
      ],
      [
        0.0,
        0.0,
        0.0,
        1.0
      ]
    ],
    "location": [
      7.805645546075084,
      34.95232800699341,
      1.3781474623277177
    ],
    "rotation": [
      -0.005220340125061298,
      -0.023471488370847025,
      3.1223386505381
    ]
  },
  {
    "label_id": "1eqCzNhbNUpvDMRr-M2BCg",
    "size": [
      2.2177272310978156,
      5.261091324533495,
      1.8500000000000227
    ],
    "obj_class": "vehicle",
    "point_num_in_lidar": 159,
    "speed": 1.4210854715202004e-12,
    "if_vehicle": true,
    "motion_state": false,
    "pose": [
      [
        0.02909389298750229,
        0.9993035882682053,
        0.023364157701936984,
        -33.66689220608896
      ],
      [
        -0.9995565114013151,
        0.029233851630798842,
        -0.005671193354239803,
        21.613128779965336
      ],
      [
        -0.006350268188391646,
        -0.023188798871818607,
        0.9997109350711423,
        0.910105057766657
      ],
      [
        0.0,
        0.0,
        0.0,
        1.0
      ]
    ],
    "location": [
      -33.66689220608896,
      21.613128779965336,
      0.910105057766657
    ],
    "rotation": [
      -0.023191345251087958,
      0.0063503108692192405,
      -1.5416977409149182
    ]
  },
  {
    "label_id": "1xSi2L3-8DlIFMSpizgLkg",
    "size": [
      2.1890557830576767,
      4.940660125515044,
      1.5199999999999818
    ],
    "obj_class": "vehicle",
    "point_num_in_lidar": 285,
    "speed": 0.019091691550134036,
    "if_vehicle": true,
    "motion_state": false,
    "pose": [
      [
        -0.0976299622683055,
        0.9949484944470082,
        0.023364157701936984,
        -30.62257559782438
      ],
      [
        -0.99521709891713,
        -0.09752314386293406,
        -0.005671193354239803,
        21.74665091967836
      ],
      [
        -0.003363999176716491,
        -0.023806087639954735,
        0.9997109350711423,
        0.7356491785474191
      ],
      [
        0.0,
        0.0,
        0.0,
        1.0
      ]
    ],
    "location": [
      -30.62257559782438,
      21.74665091967836,
      0.7356491785474191
    ],
    "rotation": [
      -0.02380847155686641,
      0.0033640055215262343,
      -1.6685826082836959
    ]
  },
  {
    "label_id": "303QVPZsmqpcoXSJgCZsaQ",
    "size": [
      2.415480313556923,
      5.381323891110312,
      1.6999999999999886
    ],
    "obj_class": "vehicle",
    "point_num_in_lidar": 54,
    "speed": 5.859285502108464e-13,
    "if_vehicle": true,
    "motion_state": false,
    "pose": [
      [
        -0.03812188153906618,
        -0.9989999190604573,
        0.023364157701936984,
        -54.36063190975892
      ],
      [
        0.9992515672771475,
        -0.0382641197481808,
        -0.005671193354239803,
        33.96010243760429
      ],
      [
        0.006559530629984064,
        0.023130474640535494,
        0.9997109350711423,
        0.8566555654242052
      ],
      [
        0.0,
        0.0,
        0.0,
        1.0
      ]
    ],
    "location": [
      -54.36063190975892,
      33.96010243760429,
      0.8566555654242052
    ],
    "rotation": [
      0.023133035449102904,
      -0.0065595776708656075,
      1.6089282687587214
    ]
  },
  {
    "label_id": "39-kEkDzJEr7nWBZPk1HXw",
    "size": [
      0.9772257133555247,
      0.13068810941669862,
      0.839999999999975
    ],
    "obj_class": "sign",
    "point_num_in_lidar": 51,
    "speed": 0.0146949113906909,
    "if_vehicle": false,
    "motion_state": false,
    "pose": [
      [
        0.058032912647941894,
        0.9980412302026782,
        0.023364157701936984,
        7.507269055477536
      ],
      [
        -0.9982899923699645,
        0.05818014008160317,
        -0.005671193354239803,
        68.1877522057257
      ],
      [
        -0.007019414759970107,
        -0.02299508894546113,
        0.9997109350711423,
        2.9774345152032424
      ],
      [
        0.0,
        0.0,
        0.0,
        1.0
      ]
    ],
    "location": [
      7.507269055477536,
      68.1877522057257,
      2.9774345152032424
    ],
    "rotation": [
      -0.022997682642364233,
      0.007019472404897018,
      -1.5127293584532793
    ]
  },
  {
    "label_id": "3lFYHvBGrKIH0LWMb4y7rQ",
    "size": [
      1.1075307088888908,
      1.024636171793702,
      1.839999999999975
    ],
    "obj_class": "pedestrian",
    "point_num_in_lidar": 954,
    "speed": 2.8421709430404007e-13,
    "if_vehicle": false,
    "motion_state": false,
    "pose": [
      [
        -0.9957968930715905,
        0.08855881595779411,
        0.023364157701936984,
        -6.090324742025132
      ],
      [
        -0.0887135897602823,
        -0.9960410315633504,
        -0.005671193354239803,
        18.414768817818185
      ],
      [
        0.02276942557052692,
        -0.007720075023624425,
        0.9997109350711423,
        1.1657691191080062
      ],
      [
        0.0,
        0.0,
        0.0,
        1.0
      ]
    ],
    "location": [
      -6.090324742025132,
      18.414768817818185,
      1.1657691191080062
    ],
    "rotation": [
      -0.007722153773218636,
      -0.02277139348542428,
      -3.0527391889563202
    ]
  },
  {
    "label_id": "3rP421kft7U05VnhjguByw",
    "size": [
      1.9612216321239553,
      4.600418306488192,
      1.670000000000016
    ],
    "obj_class": "vehicle",
    "point_num_in_lidar": 223,
    "speed": 2.929642751054232e-13,
    "if_vehicle": true,
    "motion_state": false,
    "pose": [
      [
        -0.4283032407389526,
        0.9033329674640408,
        0.023364157701936984,
        30.413049781338486
      ],
      [
        -0.9036218694997191,
        -0.42829353780762475,
        -0.005671193354239803,
        12.220215798297431
      ],
      [
        0.004883741838310066,
        -0.023541354354388675,
        0.9997109350711423,
        0.7854782013764066
      ],
      [
        0.0,
        0.0,
        0.0,
        1.0
      ]
    ],
    "location": [
      30.413049781338486,
      12.220215798297431,
      0.7854782013764066
    ],
    "rotation": [
      -0.023543810139583586,
      -0.004883761252152757,
      -2.0134162147399226
    ]
  },
  {
    "label_id": "4ZoF6vgB7LJluyrGWdiMEg",
    "size": [
      2.093921987293176,
      4.5423472073732345,
      1.6399999999999864
    ],
    "obj_class": "vehicle",
    "point_num_in_lidar": 81,
    "speed": 2.8421709430404007e-13,
    "if_vehicle": true,
    "motion_state": false,
    "pose": [
      [
        0.06295929301929727,
        0.9977425737921526,
        0.023364157701936984,
        -31.30352822734403
      ],
      [
        -0.9979906061019168,
        0.06310774673736644,
        -0.005671193354239803,
        43.40871300114122
      ],
      [
        -0.0071328504007179,
        -0.02296015558185818,
        0.9997109350711423,
        0.6957691191079789
      ],
      [
        0.0,
        0.0,
        0.0,
        1.0
      ]
    ],
    "location": [
      -31.30352822734403,
      43.40871300114122,
      0.6957691191079789
    ],
    "rotation": [
      -0.022962757627898903,
      0.00713291088576728,
      -1.5077937607857954
    ]
  },
  {
    "label_id": "6IFR0_r7f3cgS5In2VHYpw",
    "size": [
      2.0878762987036965,
      4.592505735944987,
      1.4000001284811674
    ],
    "obj_class": "vehicle",
    "point_num_in_lidar": 233,
    "speed": 1.464821375527116e-12,
    "if_vehicle": true,
    "motion_state": false,
    "pose": [
      [
        -0.4175953016297211,
        -0.9083326924600156,
        0.023364157701936984,
        30.53198904220926
      ],
      [
        0.9085107341994275,
        -0.4178230288176514,
        -0.005671193354239803,
        24.556584235855553
      ],
      [
        0.014913413465714554,
        0.018858324368373737,
        0.9997109350711423,
        0.7499672535103059
      ],
      [
        0.0,
        0.0,
        0.0,
        1.0
      ]
    ],
    "location": [
      30.53198904220926,
      24.556584235855553,
      0.7499672535103059
    ],
    "rotation": [
      0.018861540193748555,
      -0.014913966336185993,
      2.0016446488647968
    ]
  },
  {
    "label_id": "6SSj38rFVlYZfQljhkORQA",
    "size": [
      2.2000484728825747,
      4.83994638465002,
      1.5700000313178748
    ],
    "obj_class": "vehicle",
    "point_num_in_lidar": 339,
    "speed": 1.4281732235759946e-12,
    "if_vehicle": true,
    "motion_state": false,
    "pose": [
      [
        -0.37186671093781887,
        -0.9279920610819726,
        0.023364157701936984,
        23.742547828804163
      ],
      [
        0.9281812169462598,
        -0.3720852940847018,
        -0.005671193354239803,
        26.11382775234597
      ],
      [
        0.013956281899161954,
        0.019577244308974624,
        0.9997109350711423,
        0.7107689754352009
      ],
      [
        0.0,
        0.0,
        0.0,
        1.0
      ]
    ],
    "location": [
      23.742547828804163,
      26.11382775234597,
      0.7107689754352009
    ],
    "rotation": [
      0.019580402332000268,
      -0.01395673500120191,
      1.9518544809559204
    ]
  },
  {
    "label_id": "71Pkn__Yn8464dqzz8PnoA",
    "size": [
      2.4658609647902843,
      5.7692737988654805,
      1.8999999999999773
    ],
    "obj_class": "vehicle",
    "point_num_in_lidar": 96,
    "speed": 5.859285502108464e-13,
    "if_vehicle": true,
    "motion_state": false,
    "pose": [
      [
        0.43034916372491333,
        0.9023600796888938,
        0.023364157701936984,
        55.78075347257527
      ],
      [
        -0.9025348958668648,
        0.43057937631582677,
        -0.005671193354239803,
        -7.394851298226058
      ],
      [
        -0.0151775829385076,
        -0.018646374321215315,
        0.9997109350711423,
        0.9398687069910352
      ],
      [
        0.0,
        0.0,
        0.0,
        1.0
      ]
    ],
    "location": [
      55.78075347257527,
      -7.394851298226058,
      0.9398687069910352
    ],
    "rotation": [
      -0.01864960343313788,
      0.015178165714452786,
      -1.1258618474920592
    ]
  },
  {
    "label_id": "7I5_BKi3RbHh9IUT9VERmw",
    "size": [
      0.48005724247278614,
      0.07721192529234176,
      0.6399999999999864
    ],
    "obj_class": "sign",
    "point_num_in_lidar": 130,
    "speed": 0.02754864944425002,
    "if_vehicle": false,
    "motion_state": false,
    "pose": [
      [
        -0.030703249529655214,
        0.999255436113909,
        0.023364157701936984,
        7.721485144730195
      ],
      [
        -0.9995162744816306,
        -0.03057866269640292,
        -0.005671193354239803,
        33.531087187917365
      ],
      [
        -0.004952526090924101,
        -0.023526979927327496,
        0.9997109350711423,
        2.5167924024160584
      ],
      [
        0.0,
        0.0,
        0.0,
        1.0
      ]
    ],
    "location": [
      7.721485144730195,
      33.531087187917365,
      2.5167924024160584
    ],
    "rotation": [
      -0.023529439520050505,
      0.00495254633667363,
      -1.601504779032457
    ]
  },
  {
    "label_id": "7fi3RH1tDAN7KdBm3uskXw",
    "size": [
      2.0138284357817025,
      4.671199321269581,
      1.5699999999999932
    ],
    "obj_class": "vehicle",
    "point_num_in_lidar": 23,
    "speed": 1.464821375527116e-12,
    "if_vehicle": true,
    "motion_state": false,
    "pose": [
      [
        -0.4711282701589062,
        -0.8817552206774597,
        0.023364157701936984,
        45.40282257418585
      ],
      [
        0.8819193359561021,
        -0.4713662296269078,
        -0.005671193354239803,
        25.29213115062339
      ],
      [
        0.016013679271942773,
        0.017933442930946227,
        0.9997109350711423,
        0.7779317674882122
      ],
      [
        0.0,
        0.0,
        0.0,
        1.0
      ]
    ],
    "location": [
      45.40282257418585,
      25.29213115062339,
      0.7779317674882122
    ],
    "rotation": [
      0.017936704547398204,
      -0.01601436377004567,
      2.0614342912442414
    ]
  },
  {
    "label_id": "8hLX6WtWSqu6rWx7p0mnCQ",
    "size": [
      2.3834385555524347,
      5.488195120812847,
      2.3100000000000023
    ],
    "obj_class": "vehicle",
    "point_num_in_lidar": 1288,
    "speed": 10.573585777380565,
    "if_vehicle": true,
    "motion_state": true,
    "pose": [
      [
        0.003694962747344521,
        0.9997201925464818,
        0.023364157701936984,
        -15.107552572372242
      ],
      [
        -0.9999765899937447,
        0.0038284501330127676,
        -0.005671193354239803,
        11.429472504138175
      ],
      [
        -0.005759055024730656,
        -0.023342655898682126,
        0.9997109350711423,
        1.1142094396302014
      ],
      [
        0.0,
        0.0,
        0.0,
        1.0
      ]
    ],
    "location": [
      -15.107552572372242,
      11.429472504138175,
      1.1142094396302014
    ],
    "rotation": [
      -0.023345163456139986,
      0.005759086860028367,
      -1.5671012943629365
    ]
  },
  {
    "label_id": "9ZomuLPiVNTUh0GoyUVEig",
    "size": [
      2.4030251921802197,
      5.143758565443172,
      1.6000000000000227
    ],
    "obj_class": "vehicle",
    "point_num_in_lidar": 71,
    "speed": 2.8421709430404007e-13,
    "if_vehicle": true,
    "motion_state": false,
    "pose": [
      [
        -0.4417809141558928,
        -0.8968186773381019,
        0.023364157701936984,
        39.42457874376623
      ],
      [
        0.8969905540371081,
        -0.4420133295887586,
        -0.005671193354239803,
        25.03576350332878
      ],
      [
        0.015413301261747978,
        0.018452003777279936,
        0.9997109350711423,
        0.8090518741201436
      ],
      [
        0.0,
        0.0,
        0.0,
        1.0
      ]
    ],
    "location": [
      39.42457874376623,
      25.03576350332878,
      0.8090518741201436
    ],
    "rotation": [
      0.018455243600395906,
      -0.01541391161629405,
      2.028437677477346
    ]
  },
  {
    "label_id": "A1xPIRlWXjMzPBjg5RDk9w",
    "size": [
      1.948036311609673,
      4.4872319549998405,
      1.500000044336673
    ],
    "obj_class": "vehicle",
    "point_num_in_lidar": 140,
    "speed": 1.4210854715202004e-12,
    "if_vehicle": true,
    "motion_state": false,
    "pose": [
      [
        -0.31715393051278423,
        0.9480862305165976,
        0.023364157701936984,
        27.21574560466388
      ],
      [
        -0.9483718966924788,
        -0.3171097335779036,
        -0.005671193354239803,
        12.020845625902439
      ],
      [
        0.0020322214943813677,
        -0.023956551817403297,
        0.9997109350711423,
        0.6757445060284795
      ],
      [
        0.0,
        0.0,
        0.0,
        1.0
      ]
    ],
    "location": [
      27.21574560466388,
      12.020845625902439,
      0.6757445060284795
    ],
    "rotation": [
      -0.023958893402705548,
      -0.00203222289320409,
      -1.8935239939090618
    ]
  },
  {
    "label_id": "AFL1N-XB7hfEMBHsxDvkQg",
    "size": [
      2.3168687383438047,
      5.169979861084375,
      1.5699999999999932
    ],
    "obj_class": "vehicle",
    "point_num_in_lidar": 159,
    "speed": 2.929642751054232e-13,
    "if_vehicle": true,
    "motion_state": false,
    "pose": [
      [
        -0.029687983806886486,
        -0.9992861150603269,
        0.023364157701936984,
        -33.48125731671462
      ],
      [
        0.999538954941929,
        -0.029828092790777368,
        -0.005671193354239803,
        33.88010790510452
      ],
      [
        0.0063640530386259685,
        0.02318501947602612,
        0.9997109350711423,
        0.722085054684328
      ],
      [
        0.0,
        0.0,
        0.0,
        1.0
      ]
    ],
    "location": [
      -33.48125731671462,
      33.88010790510452,
      0.722085054684328
    ],
    "rotation": [
      0.02318756679508546,
      -0.006364095998009077,
      1.6004892748627773
    ]
  },
  {
    "label_id": "Bc_BDnL5j2YXCBH4HKF80g",
    "size": [
      1.9362474657031035,
      4.70142584633995,
      1.670000000000016
    ],
    "obj_class": "vehicle",
    "point_num_in_lidar": 47,
    "speed": 1.7067822212573438e-12,
    "if_vehicle": true,
    "motion_state": false,
    "pose": [
      [
        -0.03801921470513553,
        -0.9990038315482498,
        0.023364157701936984,
        -36.14959048759283
      ],
      [
        0.999255494381348,
        -0.038161427051760184,
        -0.005671193354239803,
        34.3956067123072
      ],
      [
        0.006557153490104823,
        0.023131148637483636,
        0.9997109350711423,
        0.7587939917969493
      ],
      [
        0.0,
        0.0,
        0.0,
        1.0
      ]
    ],
    "location": [
      -36.14959048759283,
      34.3956067123072,
      0.7587939917969493
    ],
    "rotation": [
      0.023133709280204893,
      -0.006557200479862123,
      1.608825524636012
    ]
  },
  {
    "label_id": "DjTRA-UfUw4aBhKSsY8bVA",
    "size": [
      2.0375073002977744,
      4.472608985419154,
      1.509999999999991
    ],
    "obj_class": "vehicle",
    "point_num_in_lidar": 65,
    "speed": 3.1776437161565096e-13,
    "if_vehicle": true,
    "motion_state": false,
    "pose": [
      [
        -0.41278215367035515,
        0.9105300707533729,
        0.023364157701936984,
        57.227244679145315
      ],
      [
        -0.9108187644424703,
        -0.4127675082966566,
        -0.005671193354239803,
        48.45499629905862
      ],
      [
        0.00448017307198664,
        -0.02362148065696138,
        0.9997109350711423,
        0.9446375900882344
      ],
      [
        0.0,
        0.0,
        0.0,
        1.0
      ]
    ],
    "location": [
      57.227244679145315,
      48.45499629905862,
      0.9446375900882344
    ],
    "rotation": [
      -0.023623915039757314,
      -0.004480188059757562,
      -1.9963073572302317
    ]
  },
  {
    "label_id": "FjXya5JM_xfBUrb9nDgcNw",
    "size": [
      1.97920699577278,
      4.673300687547824,
      1.7300000000000182
    ],
    "obj_class": "vehicle",
    "point_num_in_lidar": 528,
    "speed": 8.556067554929069e-13,
    "if_vehicle": true,
    "motion_state": false,
    "pose": [
      [
        -0.41258209962681264,
        0.9106207373008863,
        0.023364157701936984,
        24.097740670331405
      ],
      [
        -0.9109094277654177,
        -0.4125673908272659,
        -0.005671193354239803,
        11.95905032655537
      ],
      [
        0.0044749833083511745,
        -0.02362246438397428,
        0.9997109350711423,
        0.8183707745388915
      ],
      [
        0.0,
        0.0,
        0.0,
        1.0
      ]
    ],
    "location": [
      24.097740670331405,
      11.95905032655537,
      0.8183707745388915
    ],
    "rotation": [
      -0.023624898502126387,
      -0.004474998244097285,
      -1.9960877156464685
    ]
  },
  {
    "label_id": "GLDf7-Sxvl37cAZNUTUxwg",
    "size": [
      1.0569865237848433,
      1.0129598608742194,
      1.7200000000000273
    ],
    "obj_class": "pedestrian",
    "point_num_in_lidar": 30,
    "speed": 1.4519660714363338,
    "if_vehicle": false,
    "motion_state": true,
    "pose": [
      [
        -0.015192223086271998,
        -0.9996115808115549,
        0.023364157701936984,
        13.652927708098105
      ],
      [
        0.999866426100439,
        -0.015328650399626182,
        -0.005671193354239803,
        68.30045725443597
      ],
      [
        0.0060271315592143595,
        0.023274878825679784,
        0.9997109350711423,
        0.9942094396303105
      ],
      [
        0.0,
        0.0,
        0.0,
        1.0
      ]
    ],
    "location": [
      13.652927708098105,
      68.30045725443597,
      0.9942094396303105
    ],
    "rotation": [
      0.023277403620642366,
      -0.006027168050390637,
      1.5859894103233863
    ]
  },
  {
    "label_id": "IJ3FUi4Z1k7xeHX3cNHhgA",
    "size": [
      2.2733592392574913,
      5.809798929251251,
      2.3000000000000114
    ],
    "obj_class": "vehicle",
    "point_num_in_lidar": 426,
    "speed": 0.00800383743270931,
    "if_vehicle": true,
    "motion_state": false,
    "pose": [
      [
        -0.09658376000828507,
        -0.995050598430824,
        0.023364157701936984,
        -41.65147491902553
      ],
      [
        0.9952934812481357,
        -0.09674049695399413,
        -0.005671193354239803,
        33.936316259036175
      ],
      [
        0.0079033845679501,
        0.02270644867770482,
        0.9997109350711423,
        1.3757691191081562
      ],
      [
        0.0,
        0.0,
        0.0,
        1.0
      ]
    ],
    "location": [
      -41.65147491902553,
      33.936316259036175,
      1.3757691191081562
    ],
    "rotation": [
      0.02270910968442864,
      -0.00790346684909029,
      1.667533913822622
    ]
  },
  {
    "label_id": "J7T0lm9jnXkEcN7_fLCHcw",
    "size": [
      2.410544790998676,
      5.853048720643227,
      1.9400000523537528
    ],
    "obj_class": "vehicle",
    "point_num_in_lidar": 928,
    "speed": 0.0027937556696644725,
    "if_vehicle": true,
    "motion_state": false,
    "pose": [
      [
        0.4358576121699886,
        -0.899712319604636,
        0.023364157701936984,
        24.556008604685758
      ],
      [
        0.9000012928025071,
        0.4358503304114323,
        -0.005671193354239803,
        6.557472114034681
      ],
      [
        -0.005080833326504555,
        0.023499604930518204,
        0.9997109350711423,
        0.9264873748452374
      ],
      [
        0.0,
        0.0,
        0.0,
        1.0
      ]
    ],
    "location": [
      24.556008604685758,
      6.557472114034681,
      0.9264873748452374
    ],
    "rotation": [
      0.02350207174750987,
      0.0050808551869315115,
      1.1197991328661507
    ]
  },
  {
    "label_id": "Jao2QmyrRud-eUnfm54snQ",
    "size": [
      0.8052342809886742,
      0.12316510261808031,
      0.6700000000000159
    ],
    "obj_class": "sign",
    "point_num_in_lidar": 41,
    "speed": 0.008970820984885039,
    "if_vehicle": false,
    "motion_state": false,
    "pose": [
      [
        0.08274726870331586,
        -0.9962966454109038,
        0.023364157701936984,
        -18.756470175103004
      ],
      [
        0.9965636232273339,
        0.0826364473216709,
        -0.005671193354239803,
        35.56112981904698
      ],
      [
        0.0037194599271544,
        0.02375314541344888,
        0.9997109350711423,
        2.527861120108696
      ],
      [
        0.0,
        0.0,
        0.0,
        1.0
      ]
    ],
    "location": [
      -18.756470175103004,
      35.56112981904698,
      2.527861120108696
    ],
    "rotation": [
      0.02375554396848922,
      -0.0037194685032794616,
      1.4879537616398946
    ]
  },
  {
    "label_id": "KHvXvuABsU602FG4vrPPAQ",
    "size": [
      0.7395934614618802,
      0.6695418038208791,
      1.5699999999999932
    ],
    "obj_class": "pedestrian",
    "point_num_in_lidar": 48,
    "speed": 8.526512829121202e-13,
    "if_vehicle": false,
    "motion_state": false,
    "pose": [
      [
        -0.01800904555909109,
        -0.9995648005071655,
        0.023364157701936984,
        -29.63676455388577
      ],
      [
        0.9998192603351058,
        -0.018146190479011656,
        -0.005671193354239803,
        16.70664786942325
      ],
      [
        0.006092695709809286,
        0.02325780209241248,
        0.9997109350711423,
        1.0794334019428788
      ],
      [
        0.0,
        0.0,
        0.0,
        1.0
      ]
    ],
    "location": [
      -29.63676455388577,
      16.70664786942325,
      1.0794334019428788
    ],
    "rotation": [
      0.023260331196697577,
      -0.006092733404871973,
      1.588806680282091
    ]
  },
  {
    "label_id": "KRIFGuPyXMFLkXDccz9mLA",
    "size": [
      1.1528322506114734,
      1.3148555747822952,
      1.8799999999999955
    ],
    "obj_class": "pedestrian",
    "point_num_in_lidar": 309,
    "speed": 3.727841947539185,
    "if_vehicle": false,
    "motion_state": true,
    "pose": [
      [
        -0.021267804568532986,
        -0.9995007736984067,
        0.023364157701936984,
        9.21277179021763
      ],
      [
        0.9997547850440072,
        -0.021405778368225784,
        -0.005671193354239803,
        30.89462776948858
      ],
      [
        0.006168490126883884,
        0.023237814629105957,
        0.9997109350711423,
        1.1387939917969447
      ],
      [
        0.0,
        0.0,
        0.0,
        1.0
      ]
    ],
    "location": [
      9.21277179021763,
      30.89462776948858,
      1.1387939917969447
    ],
    "rotation": [
      0.02324034876001239,
      -0.006168529246339977,
      1.5920661397229716
    ]
  },
  {
    "label_id": "LV0eEgqBFEblVK4wVnO9Gg",
    "size": [
      2.3764124997255593,
      5.358373042693289,
      2.0
    ],
    "obj_class": "vehicle",
    "point_num_in_lidar": 48,
    "speed": 7.820246300823564,
    "if_vehicle": true,
    "motion_state": true,
    "pose": [
      [
        -0.020149837161133312,
        -0.999523936780535,
        0.023364157701936984,
        3.42395635396133
      ],
      [
        0.9997781022926613,
        -0.02028752675965483,
        -0.005671193354239803,
        81.73539666736542
      ],
      [
        0.006142494482268217,
        0.023244699626311788,
        0.9997109350711423,
        0.882425276536992
      ],
      [
        0.0,
        0.0,
        0.0,
        1.0
      ]
    ],
    "location": [
      3.42395635396133,
      81.73539666736542,
      0.882425276536992
    ],
    "rotation": [
      0.02324723202781582,
      -0.006142533109220983,
      1.5909479079480882
    ]
  },
  {
    "label_id": "LmP8F40GN6j_UACxsFt51A",
    "size": [
      1.912160819843201,
      4.405171177727587,
      1.5600000000000023
    ],
    "obj_class": "vehicle",
    "point_num_in_lidar": 48,
    "speed": 3.552713678800501e-13,
    "if_vehicle": true,
    "motion_state": false,
    "pose": [
      [
        -0.3202379411463558,
        0.9470489835194492,
        0.023364157701936984,
        48.39703851506874
      ],
      [
        -0.9473347920279569,
        -0.3201946741894474,
        -0.005671193354239803,
        49.23118950751086
      ],
      [
        0.002110180961607519,
        -0.02394981076107751,
        0.9997109350711423,
        0.8847217338101245
      ],
      [
        0.0,
        0.0,
        0.0,
        1.0
      ]
    ],
    "location": [
      48.39703851506874,
      49.23118950751086,
      0.8847217338101245
    ],
    "rotation": [
      -0.023952154266062387,
      -0.0021101825276686878,
      -1.8967777244478388
    ]
  },
  {
    "label_id": "M_3sev6zG_NGRjA1B8leIg",
    "size": [
      2.0960853076172636,
      4.811468628086786,
      1.4700000000000273
    ],
    "obj_class": "vehicle",
    "point_num_in_lidar": 100,
    "speed": 9.532931148469528e-13,
    "if_vehicle": true,
    "motion_state": false,
    "pose": [
      [
        0.3117780223076762,
        -0.9498676649622267,
        0.023364157701936984,
        33.742837287473776
      ],
      [
        0.9501530761829166,
        0.31173220780997213,
        -0.005671193354239803,
        42.3168015982028
      ],
      [
        -0.0018964772751041206,
        0.023967679761027528,
        0.9997109350711423,
        0.7507691191081562
      ],
      [
        0.0,
        0.0,
        0.0,
        1.0
      ]
    ],
    "location": [
      33.742837287473776,
      42.3168015982028,
      0.7507691191081562
    ],
    "rotation": [
      0.023970018172609825,
      0.0018964784119258908,
      1.2537319801702629
    ]
  },
  {
    "label_id": "O0ipbuwo_Nd7uLn6JzKcdA",
    "size": [
      2.08114130588332,
      4.05562961252444,
      1.4800000000000182
    ],
    "obj_class": "vehicle",
    "point_num_in_lidar": 255,
    "speed": 1.933146963644431,
    "if_vehicle": true,
    "motion_state": true,
    "pose": [
      [
        -0.016082306236164218,
        -0.9995976568404936,
        0.023364157701936984,
        -0.9480213659740002
      ],
      [
        0.999852380548688,
        -0.016218960418607174,
        -0.005671193354239803,
        48.67093750678214
      ],
      [
        0.006047853937369298,
        0.02326950282954927,
        0.9997109350711423,
        1.0677094617654461
      ],
      [
        0.0,
        0.0,
        0.0,
        1.0
      ]
    ],
    "location": [
      -0.9480213659740002,
      48.67093750678214,
      1.0677094617654461
    ],
    "rotation": [
      0.023272028982610545,
      -0.0060478908062352775,
      1.586879620531562
    ]
  },
  {
    "label_id": "P7N3RrlXPGrRenxyItYCpA",
    "size": [
      0.8653216533709508,
      0.8697376634354017,
      1.5199999999999818
    ],
    "obj_class": "pedestrian",
    "point_num_in_lidar": 64,
    "speed": 0.7651497221224798,
    "if_vehicle": false,
    "motion_state": false,
    "pose": [
      [
        0.7206528399526282,
        -0.6929023022065163,
        0.023364157701936984,
        -21.71764557779852
      ],
      [
        0.6931758904013506,
        0.7207461567932454,
        -0.005671193354239803,
        31.287201672183073
      ],
      [
        -0.012910043938971327,
        0.020282432415171126,
        0.9997109350711423,
        0.8883375722940059
      ],
      [
        0.0,
        0.0,
        0.0,
        1.0
      ]
    ],
    "location": [
      -21.71764557779852,
      31.287201672183073,
      0.8883375722940059
    ],
    "rotation": [
      0.020285514081811375,
      0.012910402583727543,
      0.7659661838191859
    ]
  },
  {
    "label_id": "QIT_yfqN9dQa6ORELd4USA",
    "size": [
      2.0815084603119387,
      4.602855966355445,
      1.5
    ],
    "obj_class": "vehicle",
    "point_num_in_lidar": 44,
    "speed": 1.9065862296939056e-12,
    "if_vehicle": true,
    "motion_state": false,
    "pose": [
      [
        0.05811610264116548,
        0.9980363894912252,
        0.023364157701936984,
        -33.58887461260338
      ],
      [
        -0.9982851393857306,
        0.058263350809503914,
        -0.005671193354239803,
        42.75813630799166
      ],
      [
        -0.00702133145592865,
        -0.022994503773035455,
        0.9997109350711423,
        0.8038260621212316
      ],
      [
        0.0,
        0.0,
        0.0,
        1.0
      ]
    ],
    "location": [
      -33.58887461260338,
      42.75813630799166,
      0.8038260621212316
    ],
    "rotation": [
      -0.022997097610257703,
      0.0070213891480901,
      -1.5126460249755285
    ]
  },
  {
    "label_id": "TPHe_VyIVOzq8VdRRqF9Zg",
    "size": [
      2.005890439479485,
      4.565020036356494,
      1.6000000453332746
    ],
    "obj_class": "vehicle",
    "point_num_in_lidar": 36,
    "speed": 8.556067554929069e-13,
    "if_vehicle": true,
    "motion_state": false,
    "pose": [
      [
        -0.3671467263993537,
        -0.9298695593625576,
        0.023364157701936984,
        36.31723048823278
      ],
      [
        0.9300598234193875,
        -0.3673643456121408,
        -0.005671193354239803,
        25.12754503196811
      ],
      [
        0.013856628570317771,
        0.019647904311819318,
        0.9997109350711423,
        0.745645370302725
      ],
      [
        0.0,
        0.0,
        0.0,
        1.0
      ]
    ],
    "location": [
      36.31723048823278,
      25.12754503196811,
      0.745645370302725
    ],
    "rotation": [
      0.019651055573345334,
      -0.013857072034965032,
      1.9467738843532283
    ]
  },
  {
    "label_id": "UahDY1qvMQ82owWsLmLHZQ",
    "size": [
      2.0024935692269423,
      4.635795969975856,
      1.420000000000016
    ],
    "obj_class": "vehicle",
    "point_num_in_lidar": 59,
    "speed": 0.004460713491811131,
    "if_vehicle": true,
    "motion_state": false,
    "pose": [
      [
        -0.010709921322378005,
        0.9996696522952707,
        0.023364157701936984,
        -35.92227746962726
      ],
      [
        -0.9999279464836375,
        -0.01058014210466011,
        -0.005671193354239803,
        60.2980209282814
      ],
      [
        -0.005422123779889971,
        -0.023423212266845607,
        0.9997109350711423,
        0.83553542510856
      ],
      [
        0.0,
        0.0,
        0.0,
        1.0
      ]
    ],
    "location": [
      -35.92227746962726,
      60.2980209282814,
      0.83553542510856
    ],
    "rotation": [
      -0.023425699057770737,
      0.005422150348129527,
      -1.5815066103154223
    ]
  },
  {
    "label_id": "VHA13Gbr081QyI04rCo8OA",
    "size": [
      2.0058135762249285,
      4.6122843919283225,
      1.5000000135808023
    ],
    "obj_class": "vehicle",
    "point_num_in_lidar": 26,
    "speed": 6.703246762680667e-13,
    "if_vehicle": true,
    "motion_state": false,
    "pose": [
      [
        0.41239681460440714,
        -0.9107046631257673,
        0.023364157701936984,
        31.075001850244917
      ],
      [
        0.9109933505916452,
        0.4123820470676997,
        -0.005671193354239803,
        6.957101241543569
      ],
      [
        -0.004470176947943286,
        0.023623374382933344,
        0.9997109350711423,
        0.6455154923624491
      ],
      [
        0.0,
        0.0,
        0.0,
        1.0
      ]
    ],
    "location": [
      31.075001850244917,
      6.957101241543569,
      0.6455154923624491
    ],
    "rotation": [
      0.02362580825623537,
      0.004470191835615518,
      1.1457083449432612
    ]
  },
  {
    "label_id": "WDJKr51g-iNhS0gJaIfkjA",
    "size": [
      2.1813729803632573,
      4.576132587612332,
      1.3600000000000136
    ],
    "obj_class": "vehicle",
    "point_num_in_lidar": 120,
    "speed": 5.684341886080801e-13,
    "if_vehicle": true,
    "motion_state": false,
    "pose": [
      [
        0.39601457674243157,
        -0.9179469326395681,
        0.023364157701936984,
        61.076401693667776
      ],
      [
        0.9182353091976531,
        0.3959946394948158,
        -0.005671193354239803,
        42.91609726322167
      ],
      [
        -0.004046226662348229,
        0.0236996698073846,
        0.9997109350711423,
        0.9056491785476055
      ],
      [
        0.0,
        0.0,
        0.0,
        1.0
      ]
    ],
    "location": [
      61.076401693667776,
      42.91609726322167,
      0.9056491785476055
    ],
    "rotation": [
      0.023702083012892,
      0.00404623770319981,
      1.1636202987268232
    ]
  },
  {
    "label_id": "XL2HZ5nBolrrTWtjghg-QQ",
    "size": [
      1.9332519448396246,
      4.5287539990138015,
      1.5699999999999932
    ],
    "obj_class": "vehicle",
    "point_num_in_lidar": 172,
    "speed": 1.4281732235759946e-12,
    "if_vehicle": true,
    "motion_state": false,
    "pose": [
      [
        0.02937104536326433,
        0.9992954807408807,
        0.023364157701936984,
        -30.874662622300548
      ],
      [
        -0.9995483650472031,
        0.02951107414855969,
        -0.005671193354239803,
        34.273452682611605
      ],
      [
        -0.006356699279660056,
        -0.023187036754404908,
        0.9997109350711423,
        0.7028585551500441
      ],
      [
        0.0,
        0.0,
        0.0,
        1.0
      ]
    ],
    "location": [
      -30.874662622300548,
      34.273452682611605,
      0.7028585551500441
    ],
    "rotation": [
      -0.023189583571927314,
      0.006356742090292735,
      -1.5414204632475645
    ]
  },
  {
    "label_id": "Y7psRdB62Vd3IFYAiYkr8A",
    "size": [
      0.826274563829877,
      0.8639008479747439,
      1.660000000000025
    ],
    "obj_class": "pedestrian",
    "point_num_in_lidar": 57,
    "speed": 0.7216296213169989,
    "if_vehicle": false,
    "motion_state": false,
    "pose": [
      [
        0.570244861483308,
        -0.8211424444557485,
        0.023364157701936984,
        -22.25414877361436
      ],
      [
        0.8214290447940069,
        0.570282528168928,
        -0.005671193354239803,
        31.822924290927403
      ],
      [
        -0.008667313348916487,
        0.022425966612252168,
        0.9997109350711423,
        0.9183386127413087
      ],
      [
        0.0,
        0.0,
        0.0,
        1.0
      ]
    ],
    "location": [
      -22.25414877361436,
      31.822924290927403,
      0.9183386127413087
    ],
    "rotation": [
      0.02242868940189813,
      0.008667421870700596,
      0.963966351318566
    ]
  },
  {
    "label_id": "ZD2xyQqVlFo4DW-aNs8QBw",
    "size": [
      2.2344371104526948,
      4.969279365215105,
      1.6999999999999886
    ],
    "obj_class": "vehicle",
    "point_num_in_lidar": 79,
    "speed": 1.4228607195221901e-12,
    "if_vehicle": true,
    "motion_state": false,
    "pose": [
      [
        0.3714832447828011,
        0.928145632420107,
        0.023364157701936984,
        61.020516945916825
      ],
      [
        -0.9283348785839989,
        0.3717017497542495,
        -0.005671193354239803,
        30.63286185279867
      ],
      [
        -0.01394819164169181,
        -0.01958300919442141,
        0.9997109350711423,
        0.8055356092042985
