[
  {
    "label_id": "0X-5YbX76mfO3JdaVTit6A",
    "size": [
      2.0364853847542537,
      4.528660799265791,
      1.5
    ],
    "obj_class": "vehicle",
    "point_num_in_lidar": 70,
    "speed": 3.9411142284650323e-28,
    "if_vehicle": true,
    "motion_state": false,
    "pose": [
      [
        0.034634198886403296,
        0.998247857312399,
        0.04797590685647776,
        -46.220407282074575
      ],
      [
        -0.9993861047324326,
        0.03484743779874626,
        -0.0036152104499759296,
        41.70301674385337
      ],
      [
        -0.005280713515441419,
        -0.047821244756560646,
        0.9988419507683389,
        0.7257691191080653
      ],
      [
        0.0,
        0.0,
        0.0,
        1.0
      ]
    ],
    "location": [
      -46.220407282074575,
      41.70301674385337,
      0.7257691191080653
    ],
    "rotation": [
      -0.04784015792687916,
      0.0052807380586885845,
      -1.536154716851084
    ]
  },
  {
    "label_id": "1eolDINDzpEd5w-27y0I0Q",
    "size": [
      0.8085791236498838,
      0.6297640151236392,
      0.8899999999999864
    ],
    "obj_class": "sign",
    "point_num_in_lidar": 50,
    "speed": 0.0128895126734222,
    "if_vehicle": false,
    "motion_state": false,
    "pose": [
      [
        0.9980604713810248,
        0.03966872606960345,
        0.04797590685647776,
        -22.90880624593501
      ],
      [
        -0.039540691450442055,
        0.9992114210581379,
        -0.0036152104499759296,
        58.18593569561017
      ],
      [
        -0.04808148485963806,
        0.0017111981157774496,
        0.9988419507683389,
        0.6584812666858966
      ],
      [
        0.0,
        0.0,
        0.0,
        1.0
      ]
    ],
    "location": [
      -22.90880624593501,
      58.18593569561017,
      0.6584812666858966
    ],
    "rotation": [
      0.001713180388895412,
      0.04810003018926215,
      -0.03959682306753311
    ]
  },
  {
    "label_id": "303QVPZsmqpcoXSJgCZsaQ",
    "size": [
      2.415480313556925,
      5.381323891110312,
      1.6999999999999886
    ],
    "obj_class": "vehicle",
    "point_num_in_lidar": 33,
    "speed": 6.76936198100764e-27,
    "if_vehicle": true,
    "motion_state": false,
    "pose": [
      [
        -0.0380883812686369,
        -0.9981220304019112,
        0.04797590685647776,
        -54.36063190975892
      ],
      [
        0.9992595331035942,
        -0.038305557755887794,
        -0.0036152104499759296,
        33.96010243760247
      ],
      [
        0.005446165065642084,
        0.04780268477164044,
        0.9988419507683389,
        0.8566555654241483
      ],
      [
        0.0,
        0.0,
        0.0,
        1.0
      ]
    ],
    "location": [
      -54.36063190975892,
      33.96010243760247,
      0.8566555654241483
    ],
    "rotation": [
      0.047821618901904776,
      -0.00544619198885877,
      1.6088944886609848
    ]
  },
  {
    "label_id": "39-kEkDzJEr7nWBZPk1HXw",
    "size": [
      0.9772257133555242,
      0.13068810941669862,
      0.839999999999975
    ],
    "obj_class": "sign",
    "point_num_in_lidar": 104,
    "speed": 0.013510700537364681,
    "if_vehicle": false,
    "motion_state": false,
    "pose": [
      [
        0.05798191521053988,
        0.9971641840087401,
        0.04797590685647776,
        7.595532519182598
      ],
      [
        -0.9982971303990904,
        0.05822172867876599,
        -0.0036152104499759296,
        68.22531008505212
      ],
      [
        -0.006398198610485715,
        -0.04768459331733703,
        0.9988419507683389,
        2.963252460014303
      ],
      [
        0.0,
        0.0,
        0.0,
        1.0
      ]
    ],
    "location": [
      7.595532519182598,
      68.22531008505212,
      2.963252460014303
    ],
    "rotation": [
      -0.04770366003923407,
      0.006398242265074501,
      -1.5127806852403902
    ]
  },
  {
    "label_id": "4KLepsi_DW90MB8EG8E5xQ",
    "size": [
      2.0183254698180804,
      4.764829562322304,
      1.5
    ],
    "obj_class": "vehicle",
    "point_num_in_lidar": 61,
    "speed": 8.81259932193945e-28,
    "if_vehicle": true,
    "motion_state": false,
    "pose": [
      [
        0.40622639392971627,
        0.9125121529251857,
        0.04797590685647776,
        39.52861704395127
      ],
      [
        -0.9134875247470606,
        0.4068506757827627,
        -0.0036152104499759296,
        66.14477458562033
      ],
      [
        -0.022817953596834018,
        -0.042356798497428655,
        0.9988419507683389,
        0.8257691191079743
      ],
      [
        0.0,
        0.0,
        0.0,
        1.0
      ]
    ],
    "location": [
      39.52861704395127,
      66.14477458562033,
      0.8257691191079743
    ],
    "rotation": [
      -0.042380515054283134,
      0.022819934123074023,
      -1.1523599939485842
    ]
  },
  {
    "label_id": "4SOLc0t4Ak22kMUEPFSLZA",
    "size": [
      1.9457615003454702,
      4.279870270697451,
      1.670000000000016
    ],
    "obj_class": "vehicle",
    "point_num_in_lidar": 30,
    "speed": 1.5887139362685932e-27,
    "if_vehicle": true,
    "motion_state": false,
    "pose": [
      [
        0.4568474815536838,
        0.8882503537625837,
        0.04797590685647776,
        45.657160802697945
      ],
      [
        -0.8891891147190446,
        0.4575255714367931,
        -0.0036152104499759296,
        66.07127049573683
      ],
      [
        -0.02516141616082566,
        -0.041008054356196734,
        0.9988419507683389,
        0.9607691191079084
      ],
      [
        0.0,
        0.0,
        0.0,
        1.0
      ]
    ],
    "location": [
      45.657160802697945,
      66.07127049573683,
      0.9607691191079084
    ],
    "rotation": [
      -0.04103255480654134,
      0.025164071853092544,
      -1.096185678809486
    ]
  },
  {
    "label_id": "4ZoF6vgB7LJluyrGWdiMEg",
    "size": [
      2.093921987293182,
      4.5423472073732345,
      1.6399999999999864
    ],
    "obj_class": "vehicle",
    "point_num_in_lidar": 115,
    "speed": 1.5887139362685932e-27,
    "if_vehicle": true,
    "motion_state": false,
    "pose": [
      [
        0.06290396643894665,
        0.9968657900477609,
        0.04797590685647776,
        -31.303528227343577
      ],
      [
        -0.9979975387312398,
        0.06314937006645578,
        -0.0036152104499759296,
        43.408713001137585
      ],
      [
        -0.006633527917757704,
        -0.047652425884348995,
        0.9988419507683389,
        0.6957691191080357
      ],
      [
        0.0,
        0.0,
        0.0,
        1.0
      ]
    ],
    "location": [
      -31.303528227343577,
      43.408713001137585,
      0.6957691191080357
    ],
    "rotation": [
      -0.04767152849307451,
      0.00663357656867501,
      -1.5078494153070083
    ]
  },
  {
    "label_id": "6YI5y30RVco3JWyYxY8N3g",
    "size": [
      2.0528022639873216,
      4.8452979739718565,
      1.5500000000000114
    ],
    "obj_class": "vehicle",
    "point_num_in_lidar": 84,
    "speed": 4.7214728878732995e-28,
    "if_vehicle": true,
    "motion_state": false,
    "pose": [
      [
        0.3826792688421275,
        0.9226347541469232,
        0.04797590685647776,
        42.619550223947954
      ],
      [
        -0.9236258227774972,
        0.38327831891719866,
        -0.0036152104499759296,
        66.17119736787208
      ],
      [
        -0.021723643733181832,
        -0.04292832035210363,
        0.9988419507683389,
        0.8707691191080471
      ],
      [
        0.0,
        0.0,
        0.0,
        1.0
      ]
    ],
    "location": [
      42.619550223947954,
      66.17119736787208,
      0.8707691191080471
    ],
    "rotation": [
      -0.04295165854129353,
      0.02172535272116476,
      -1.178003979168463
    ]
  },
  {
    "label_id": "7DXMcrFMaCxx4GTgIJE-SQ",
    "size": [
      0.5836348899473526,
      0.09953616580182253,
      0.7900000000000205
    ],
    "obj_class": "sign",
    "point_num_in_lidar": 29,
    "speed": 2.611542902674231e-28,
    "if_vehicle": false,
    "motion_state": false,
    "pose": [
      [
        -0.029049848358228415,
        -0.998425970551479,
        0.04797590685647776,
        -20.251642654348416
      ],
      [
        0.9995653929395707,
        -0.029256717023003392,
        -0.0036152104499759296,
        81.13783892185529
      ],
      [
        0.005013137533087005,
        0.04785003487327255,
        0.9988419507683389,
        2.561500592055495
      ],
      [
        0.0,
        0.0,
        0.0,
        1.0
      ]
    ],
    "location": [
      -20.251642654348416,
      81.13783892185529,
      2.561500592055495
    ],
    "rotation": [
      0.04786891546554868,
      -0.005013158531308841,
      1.599850627730963
    ]
  },
  {
    "label_id": "AvgCjaE0kU2RZkYQUwpOLQ",
    "size": [
      2.3297402798301245,
      5.3226951623069425,
      2.0400000000000205
    ],
    "obj_class": "vehicle",
    "point_num_in_lidar": 97,
    "speed": 0.039250550237957,
    "if_vehicle": true,
    "motion_state": false,
    "pose": [
      [
        0.02741479600706304,
        -0.9984722035796438,
        0.04797590685647776,
        -1.2265491331590965
      ],
      [
        0.9996214949542287,
        0.02727264341561499,
        -0.0036152104499759296,
        119.17881060440959
      ],
      [
        0.0023012573441541467,
        0.04805685799066582,
        0.9988419507683389,
        1.145769119108138
      ],
      [
        0.0,
        0.0,
        0.0,
        1.0
      ]
    ],
    "location": [
      -1.2265491331590965,
      119.17881060440959,
      1.145769119108138
    ],
    "rotation": [
      0.04807550221601131,
      -0.0023012593753198142,
      1.5433780229790897
    ]
  },
  {
    "label_id": "Bc_BDnL5j2YXCBH4HKF80g",
    "size": [
      1.9362474657031152,
      4.70142584633995,
      1.670000000000016
    ],
    "obj_class": "vehicle",
    "point_num_in_lidar": 56,
    "speed": 1.5887101954332944e-27,
    "if_vehicle": true,
    "motion_state": false,
    "pose": [
      [
        -0.037985804654982504,
        -0.9981259394515365,
        0.04797590685647776,
        -36.14959048759238
      ],
      [
        0.999263464466312,
        -0.038202864240604616,
        -0.0036152104499759296,
        34.39560671230538
      ],
      [
        0.005441252383155149,
        0.047803244218377616,
        0.9988419507683389,
        0.7587939917968924
      ],
      [
        0.0,
        0.0,
        0.0,
        1.0
      ]
    ],
    "location": [
      -36.14959048759238,
      34.39560671230538,
      0.7587939917968924
    ],
    "rotation": [
      0.04782217771733501,
      -0.005441279233579082,
      1.6087918352204658
    ]
  },
  {
    "label_id": "Cc4GN5NKm3dtq0Hi5UrAgQ",
    "size": [
      2.456283206420737,
      5.5493346788713325,
      1.8999999999999773
    ],
    "obj_class": "vehicle",
    "point_num_in_lidar": 361,
    "speed": 1.055608040346763e-28,
    "if_vehicle": true,
    "motion_state": false,
    "pose": [
      [
        -0.41687967337567844,
        0.9076946900183378,
        0.04797590685647776,
        42.54799573019136
      ],
      [
        -0.9088076310313937,
        -0.41719973637636504,
        -0.0036152104499759296,
        48.81526814575591
      ],
      [
        0.016734028364197608,
        -0.04510797800838866,
        0.9988419507683389,
        1.0257691191080767
      ],
      [
        0.0,
        0.0,
        0.0,
        1.0
      ]
    ],
    "location": [
      42.54799573019136,
      48.81526814575591,
      1.0257691191080767
    ],
    "rotation": [
      -0.045129612628125274,
      -0.016734809461223434,
      -2.0008703155874428
    ]
  },
  {
    "label_id": "D-kUN-HsliY3Ha9PNEVv7g",
    "size": [
      0.7276413270774389,
      0.627713311804655,
      1.6499999999999773
    ],
    "obj_class": "pedestrian",
    "point_num_in_lidar": 34,
    "speed": 6.96412843452057e-28,
    "if_vehicle": false,
    "motion_state": false,
    "pose": [
      [
        0.9988484931966903,
        3.862950754836305e-15,
        0.04797590685647776,
        -26.989782381181612
      ],
      [
        0.00017364295084999908,
        0.999993450029313,
        -0.0036152104499759296,
        76.63594488666604
      ],
      [
        -0.04797559261569418,
        0.0036193781885836503,
        0.9988419507683389,
        0.9507691191080312
      ],
      [
        0.0,
        0.0,
        0.0,
        1.0
      ]
    ],
    "location": [
      -26.989782381181612,
      76.63594488666604,
      0.9507691191080312
    ],
    "rotation": [
      0.0036235586068048857,
      0.047994015600598856,
      0.00017384313064840303
    ]
  },
  {
    "label_id": "DHUkdQXbOqQov8-wGY1Imw",
    "size": [
      2.0818113181999505,
      4.630890369444594,
      1.579999999999984
    ],
    "obj_class": "vehicle",
    "point_num_in_lidar": 30,
    "speed": 2.707745393211199e-27,
    "if_vehicle": true,
    "motion_state": false,
    "pose": [
      [
        -0.5420838366076874,
        -0.8389537689586887,
        0.04797590685647776,
        54.0354599760185
      ],
      [
        0.8398212046297905,
        -0.5428510610725286,
        -0.0036152104499759296,
        60.597246067089145
      ],
      [
        0.029076766375541893,
        0.038331436738546616,
        0.9988419507683389,
        0.8857691191080903
      ],
      [
        0.0,
        0.0,
        0.0,
        1.0
      ]
    ],
    "location": [
      54.0354599760185,
      60.597246067089145,
      0.8857691191080903
    ],
    "rotation": [
      0.038357055702567616,
      -0.0290808651342511,
      2.14398415349926
    ]
  },
  {
    "label_id": "G7BNS6imdS_exHasj7Aj1A",
    "size": [
      2.2785540398702637,
      5.572773604678559,
      1.839999999999975
    ],
    "obj_class": "vehicle",
    "point_num_in_lidar": 28,
    "speed": 5.956294514191724e-28,
    "if_vehicle": true,
    "motion_state": false,
    "pose": [
      [
        -0.010191753686181798,
        0.9987964960481684,
        0.04797590685647776,
        -51.50486696201324
      ],
      [
        -0.9999431650440527,
        -0.010029802345254012,
        -0.0036152104499759296,
        42.19396131948088
      ],
      [
        -0.003129670666807893,
        -0.048010025482354904,
        0.9988419507683389,
        0.7740547492302312
      ],
      [
        0.0,
        0.0,
        0.0,
        1.0
      ]
    ],
    "location": [
      -51.50486696201324,
      42.19396131948088,
      0.7740547492302312
    ],
    "rotation": [
      -0.048028723589074146,
      0.003129675775933527,
      -1.5809883068449493
    ]
  },
  {
    "label_id": "GLDf7-Sxvl37cAZNUTUxwg",
    "size": [
      1.0569865237847333,
      1.0129598608742194,
      1.7200000000000273
    ],
    "obj_class": "pedestrian",
    "point_num_in_lidar": 73,
    "speed": 1.5020623516266136,
    "if_vehicle": false,
    "motion_state": true,
    "pose": [
      [
        -0.22707470550208972,
        -0.9726949113069514,
        0.04797590685647776,
        10.882065251432323
      ],
      [
        0.9737704135178947,
        -0.2275040922941623,
        -0.0036152104499759296,
        78.02903746015181
      ],
      [
        0.014431211949367551,
        0.04589659581027199,
        0.9988419507683389,
        1.02420943963034
      ],
      [
        0.0,
        0.0,
        0.0,
        1.0
      ]
    ],
    "location": [
      10.882065251432323,
      78.02903746015181,
      1.02420943963034
    ],
    "rotation": [
      0.045917509613932886,
      -0.014431712903390969,
      1.7998934751909537
    ]
  },
  {
    "label_id": "IJ3FUi4Z1k7xeHX3cNHhgA",
    "size": [
      2.2733592392574997,
      5.809798929251251,
      2.3000000000000114
    ],
    "obj_class": "vehicle",
    "point_num_in_lidar": 260,
    "speed": 0.008003837432356916,
    "if_vehicle": true,
    "motion_state": false,
    "pose": [
      [
        -0.09649888533923573,
        -0.9941761803068828,
        0.04797590685647776,
        -41.595020314045996
      ],
      [
        0.995299005707239,
        -0.09678233047196116,
        -0.0036152104499759296,
        33.929839606716996
      ],
      [
        0.008237376188238256,
        0.04740150861346599,
        0.9988419507683389,
        1.3757691191080994
      ],
      [
        0.0,
        0.0,
        0.0,
        1.0
      ]
    ],
    "location": [
      -41.595020314045996,
      33.929839606716996,
      1.3757691191080994
    ],
    "rotation": [
      0.04742088777601027,
      -0.008237469348073304,
      1.6674488995052175
    ]
  },
  {
    "label_id": "IKfXUgFeE1HCCCYKAae06Q",
    "size": [
      1.9279103953218113,
      4.1409722562418345,
      1.3700000000000045
    ],
    "obj_class": "vehicle",
    "point_num_in_lidar": 51,
    "speed": 4.720822671621405e-28,
    "if_vehicle": true,
    "motion_state": false,
    "pose": [
      [
        -0.020967763981922048,
        -0.9986283919631451,
        0.04797590685647776,
        37.03283034326341
      ],
      [
        0.9997694513970647,
        -0.021165403530629838,
        -0.0036152104499759296,
        83.34583414369081
      ],
      [
        0.004625681226633084,
        0.047889043198717375,
        0.9988419507683389,
        0.8617924024156878
      ],
      [
        0.0,
        0.0,
        0.0,
        1.0
      ]
    ],
    "location": [
      37.03283034326341,
      83.34583414369081,
      0.8617924024156878
    ],
    "rotation": [
      0.04790787952391123,
      -0.004625697722685695,
      1.5917658518595104
    ]
  },
  {
    "label_id": "KRIFGuPyXMFLkXDccz9mLA",
    "size": [
      1.1528322506114719,
      1.3148555747822952,
      1.8799999999999955
    ],
    "obj_class": "pedestrian",
    "point_num_in_lidar": 567,
    "speed": 3.673210128764628,
    "if_vehicle": false,
    "motion_state": true,
    "pose": [
      [
        -0.021249115113143324,
        -0.9986224449050838,
        0.04797590685647776,
        8.944794768659904
      ],
      [
        0.999763448611067,
        -0.021447076134264133,
        -0.0036152104499759296,
        57.40050394673199
      ],
      [
        0.004639173225362615,
        0.04788773806606576,
        0.9988419507683389,
        1.1089622886136112
      ],
      [
        0.0,
        0.0,
        0.0,
        1.0
      ]
    ],
    "location": [
      8.944794768659904,
      57.40050394673199,
      1.1089622886136112
    ],
    "rotation": [
      0.04790657587469191,
      -0.004639189866182635,
      1.5920472700334087
    ]
  },
  {
    "label_id": "LV0eEgqBFEblVK4wVnO9Gg",
    "size": [
      2.3764124997255074,
      5.358373042693289,
      2.0
    ],
    "obj_class": "vehicle",
    "point_num_in_lidar": 42,
    "speed": 2.6408387738963093,
    "if_vehicle": true,
    "motion_state": true,
    "pose": [
      [
        -0.009957048597104124,
        -0.9987988634077102,
        0.04797590685647776,
        3.561011811786557
      ],
      [
        0.9999420323863406,
        -0.010142096453745596,
        -0.0036152104499759296,
        110.6181140101944
      ],
      [
        0.004097444363209948,
        0.04793712898150497,
        0.9988419507683389,
        0.9124252765369079
      ],
      [
        0.0,
        0.0,
        0.0,
        1.0
      ]
    ],
    "location": [
      3.561011811786557,
      110.6181140101944,
      0.9124252765369079
    ],
    "rotation": [
      0.047955910538069205,
      -0.004097455828663163,
      1.5807536235175401
    ]
  },
  {
    "label_id": "M_3sev6zG_NGRjA1B8leIg",
    "size": [
      2.0960853076172636,
      4.811468628086786,
      1.4700000000000273
    ],
    "obj_class": "vehicle",
    "point_num_in_lidar": 244,
    "speed": 6.756183363589424e-28,
    "if_vehicle": true,
    "motion_state": false,
    "pose": [
      [
        0.31150404191534137,
        -0.9490329521316444,
        0.04797590685647776,
        33.742837287474686
      ],
      [
        0.950174959404757,
        0.3116961289037302,
        -0.0036152104499759296,
        42.31680159820098
      ],
      [
        -0.011522950601892217,
        0.04671165801730224,
        0.9988419507683389,
        0.7424354093343482
      ],
      [
        0.0,
        0.0,
        0.0,
        1.0
      ]
    ],
    "location": [
      33.742837287474686,
      42.31680159820098,
      0.7424354093343482
    ],
    "rotation": [
      0.046731766875786146,
      0.01152320561693566,
      1.25399914441148
    ]
  },
  {
    "label_id": "O0ipbuwo_Nd7uLn6JzKcdA",
    "size": [
      2.081141305883275,
      4.05562961252444,
      1.4800000000000182
    ],
    "obj_class": "vehicle",
    "point_num_in_lidar": 1403,
    "speed": 2.08387176229743,
    "if_vehicle": true,
    "motion_state": true,
    "pose": [
      [
        -0.07469820129795839,
        -0.9960514500185964,
        0.04797590685647776,
        -1.588962895770237
      ],
      [
        0.9971802148962781,
        -0.07495698281558072,
        -0.0036152104499759296,
        63.645907271524266
      ],
      [
        0.0071970648366238114,
        0.04757057539105952,
        0.9988419507683389,
        0.9377094617653938
      ],
      [
        0.0,
        0.0,
        0.0,
        1.0
      ]
    ],
    "location": [
      -1.588962895770237,
      63.645907271524266,
      0.9377094617653938
    ],
    "rotation": [
      0.0475897688702496,
      -0.007197126970023665,
      1.645566110297509
    ]
  },
  {
    "label_id": "SgRDIBnvjCDj5pesLk7nPA",
    "size": [
      1.9875335616080212,
      4.312670339912523,
      1.7300000000000182
    ],
    "obj_class": "vehicle",
    "point_num_in_lidar": 702,
    "speed": 9.65552844813208,
    "if_vehicle": true,
    "motion_state": true,
    "pose": [
      [
        0.009973515165367647,
        0.9987986991163659,
        0.04797590685647776,
        -15.259597217448118
      ],
      [
        -0.9999418650440731,
        0.010158581868693015,
        -0.0036152104499759296,
        67.10883018257118
      ],
      [
        -0.004098234671994171,
        -0.04793706142299828,
        0.9988419507683389,
        0.8907691191078584
      ],
      [
        0.0,
        0.0,
        0.0,
        1.0
      ]
    ],
    "location": [
      -15.259597217448118,
      67.10883018257118,
      0.8907691191078584
    ],
    "rotation": [
      -0.04795584305666543,
      0.004098246144083016,
      -1.5608225625157535
    ]
  },
  {
    "label_id": "UahDY1qvMQ82owWsLmLHZQ",
    "size": [
      2.002493569226943,
      4.635795969975856,
      1.420000000000016
    ],
    "obj_class": "vehicle",
    "point_num_in_lidar": 119,
    "speed": 0.004460713416864572,
    "if_vehicle": true,
    "motion_state": false,
    "pose": [
      [
        -0.010700509791622195,
        0.9987911750969259,
        0.04797590685647776,
        -35.953225731497696
      ],
      [
        -0.9999379264372823,
        -0.010539142551014635,
        -0.0036152104499759296,
        60.30474243940989
      ],
      [
        -0.0031052153721795256,
        -0.04801161341583331,
        0.9988419507683389,
        0.83553542510856
      ],
      [
        0.0,
        0.0,
        0.0,
        1.0
      ]
    ],
    "location": [
      -35.953225731497696,
      60.30474243940989,
      0.83553542510856
    ],
    "rotation": [
      -0.048030309699062176,
      0.0031052203624698928,
      -1.581497092392483
    ]
  },
  {
    "label_id": "WDJKr51g-iNhS0gJaIfkjA",
    "size": [
      2.1813729803632564,
      4.576132587612332,
      1.3600000000000136
    ],
    "obj_class": "vehicle",
    "point_num_in_lidar": 135,
    "speed": 3.9411049485947635e-28,
    "if_vehicle": true,
    "motion_state": false,
    "pose": [
      [
        0.39566657200398214,
        -0.9171402707110382,
        0.04797590685647776,
        61.07640169366823
      ],
      [
        0.9182603512219077,
        0.3959606768698392,
        -0.0036152104499759296,
        42.91609726322167
      ],
      [
        -0.015680917461566996,
        0.045484791006033747,
        0.9988419507683389,
        0.9056491785476624
      ],
      [
        0.0,
        0.0,
        0.0,
        1.0
      ]
    ],
    "location": [
      61.07640169366823,
      42.91609726322167,
      0.9056491785476624
    ],
    "rotation": [
      0.0455060882645358,
      0.015681560165882014,
      1.1639498091894251
    ]
  },
  {
    "label_id": "XeXTOoCuW1m_4pGsdFCfNw",
    "size": [
      0.5182916940695839,
      0.12495920793043618,
      0.4399999999999977
    ],
    "obj_class": "sign",
    "point_num_in_lidar": 81,
    "speed": 0.013721236976127565,
    "if_vehicle": false,
    "motion_state": false,
    "pose": [
      [
        0.057981915204088734,
        0.9971641840091152,
        0.04797590685647776,
        7.622955980088591
      ],
      [
        -0.9982971303994671,
        0.058221728672307516,
        -0.0036152104499759296,
        68.22709964499882
      ],
      [
        -0.006398198610177219,
        -0.04768459331737842,
        0.9988419507683389,
        2.297834393711696
      ],
      [
        0.0,
        0.0,
        0.0,
        1.0
      ]
    ],
    "location": [
      7.622955980088591,
      68.22709964499882,
      2.297834393711696
    ],
    "rotation": [
      -0.04770366003927541,
      0.006398242264765999,
      -1.5127806852468526
    ]
  },
  {
    "label_id": "YTcass-ERc9jtlumJh8FmA",
    "size": [
      1.936865148920108,
      4.353787564816944,
      1.509999999999991
    ],
    "obj_class": "vehicle",
    "point_num_in_lidar": 880,
    "speed": 5.659319886499594,
    "if_vehicle": true,
    "motion_state": true,
    "pose": [
      [
        0.02435264101759662,
        0.9985515816605404,
        0.04797590685647776,
        -15.99665313328751
      ],
      [
        -0.9996919646109671,
        0.02455414721930363,
        -0.0036152104499759296,
        43.341626791758245
      ],
      [
        -0.004787981592792733,
        -0.04787308865705369,
        0.9988419507683389,
        0.738988691525833
      ],
      [
        0.0,
        0.0,
        0.0,
        1.0
      ]
    ],
    "location": [
      -15.99665313328751,
      43.341626791758245,
      0.738988691525833
    ],
    "rotation": [
      -0.047891943105227035,
      0.004787999886875779,
      -1.5464409988475736
    ]
  },
  {
    "label_id": "Yfx_HVbC7uVvds21GWNTRg",
    "size": [
      2.153725369991185,
      5.135124867746784,
      1.6999999999999886
    ],
    "obj_class": "vehicle",
    "point_num_in_lidar": 24,
    "speed": 0.0,
    "if_vehicle": true,
    "motion_state": false,
    "pose": [
      [
        0.02026677127160568,
        0.9986428642630573,
        0.04797590685647776,
        -36.45167724617568
      ],
      [
        -0.9997840621490068,
        0.020463609804557945,
        -0.0036152104499759296,
        42.346059271081685
      ],
      [
        -0.004592064356608476,
        -0.04789227839896334,
        0.9988419507683389,
        0.6098985881757244
      ],
      [
        0.0,
        0.0,
        0.0,
        1.0
      ]
    ],
    "location": [
      -36.45167724617568,
      42.346059271081685,
      0.6098985881757244
    ],
    "rotation": [
      -0.04791111104628,
      0.004592080495613941,
      -1.5505279541338288
    ]
  },
  {
    "label_id": "aBfZK79ylDzaSLoIvIuLKg",
    "size": [
      0.8684472722431329,
      0.1641085882203508,
      0.9399999999999977
    ],
    "obj_class": "sign",
    "point_num_in_lidar": 90,
    "speed": 0.01987225237455323,
    "if_vehicle": false,
    "motion_state": false,
    "pose": [
      [
        0.03433827084342555,
        0.9982580806168223,
        0.04797590685647776,
        8.04708494110946
      ],
      [
        -0.9993963912006504,
        0.034551172317576116,
        -0.0036152104499759296,
        86.23401765335439
      ],
      [
        -0.0052665368697089945,
        -0.047822808101355155,
        0.9988419507683389,
        2.9589597102070684
      ],
      [
        0.0,
        0.0,
        0.0,
        1.0
      ]
    ],
    "location": [
      8.04708494110946,
      86.23401765335439,
      2.9589597102070684
    ],
    "rotation": [
      -0.04784171950467274,
      0.005266561215817712,
      -1.5364508277283406
    ]
  },
  {
    "label_id": "aCe-sGUZd8XCrjmz2Aqjpw",
    "size": [
      1.8418365429193087,
      4.44996955986282,
      1.3700000000000045
    ],
    "obj_class": "vehicle",
    "point_num_in_lidar": 290,
    "speed": 8.124795992350336e-28,
    "if_vehicle": true,
    "motion_state": false,
    "pose": [
      [
        0.43982409776805087,
        0.8968015808325823,
        0.04797590685647776,
        36.388174471592265
      ],
      [
        -0.8977531032604196,
        0.4404841607137412,
        -0.0036152104499759296,
        65.99809106299836
      ],
      [
        -0.024374753512737116,
        -0.041480462587733455,
        0.9988419507683389,
        0.8107691191080448
      ],
      [
        0.0,
        0.0,
        0.0,
        1.0
      ]
    ],
    "location": [
      36.388174471592265,
      65.99809106299836,
      0.8107691191080448
    ],
    "rotation": [
      -0.04150470570151237,
      0.024377167781332306,
      -1.1152479735534189
    ]
  },
  {
    "label_id": "b2q4vCiEDK1QmvWyQlkC0A",
    "size": [
      1.0986680544962573,
      1.0016734915407497,
      2.1999999999999886
    ],
    "obj_class": "pedestrian",
    "point_num_in_lidar": 20,
    "speed": 1.5764416437687016e-27,
    "if_vehicle": false,
    "motion_state": false,
    "pose": [
      [
        -0.9970498178572572,
        -0.05991638400395234,
        0.04797590685647776,
        7.369502533092145
      ],
      [
        0.05981173450006698,
        -0.9982031289619844,
        -0.0036152104499759296,
        125.83715953836327
      ],
      [
        0.048106310676500674,
        -0.0007350227173645634,
        0.9988419507683389,
        0.7973724833783535
      ],
      [
        0.0,
        0.0,
        0.0,
        1.0
      ]
    ],
    "location": [
      7.369502533092145,
      125.83715953836327,
      0.7973724833783535
    ],
    "rotation": [
      -0.0007358747638950267,
      -0.048124884767371826,
      3.081675745858248
    ]
  },
  {
    "label_id": "bbrz_rolD5p6nYiFP9UnZg",
    "size": [
      1.8584089971460687,
      4.223727654714482,
      1.3999999999999773
    ],
    "obj_class": "vehicle",
    "point_num_in_lidar": 37,
    "speed": 2.9558287108524044e-28,
    "if_vehicle": true,
    "motion_state": false,
    "pose": [
      [
        -0.005606015595325015,
        0.9988327612520745,
        0.04797590685647776,
        -27.91348855156366
      ],
      [
        -0.9999786746188457,
        -0.005438801424856442,
        -0.0036152104499759296,
        43.42614408564987
      ],
      [
        -0.003350059205687022,
        -0.04799515067814077,
        0.9988419507683389,
        0.7067924024157151
      ],
      [
        0.0,
        0.0,
        0.0,
        1.0
      ]
    ],
    "location": [
      -27.91348855156366,
      43.42614408564987,
      0.7067924024157151
    ],
    "rotation": [
      -0.048013865854477096,
      0.003350065471946726,
      -1.5764024032130222
    ]
  },
  {
    "label_id": "ccYkeSntRbCCmr463of64A",
    "size": [
      0.44990656393895534,
      0.08219830929241016,
      0.6299999999999955
    ],
    "obj_class": "sign",
    "point_num_in_lidar": 46,
    "speed": 0.0034744131948480825,
    "if_vehicle": false,
    "motion_state": false,
    "pose": [
      [
        0.9880282386901482,
        0.14662370856086712,
        0.04797590685647776,
        10.115381735349274
      ],
      [
        -0.14662001798919688,
        0.9891862820410774,
        -0.0036152104499759296,
        63.14853074460916
      ],
      [
        -0.04798718449431174,
        -0.0034622983129608664,
        0.9988419507683389,
        1.0389886915260718
      ],
      [
        0.0,
        0.0,
        0.0,
        1.0
      ]
    ],
    "location": [
      10.115381735349274,
      63.14853074460916,
      1.0389886915260718
    ],
    "rotation": [
      -0.003466298590603839,
      0.04800562084579102,
      -0.1473214493935686
    ]
  },
  {
    "label_id": "e3jGBXQSf4LAtu-ZsBcNpQ",
    "size": [
      2.159465385710219,
      4.370635117359537,
      1.8500000000000227
    ],
    "obj_class": "vehicle",
    "point_num_in_lidar": 124,
    "speed": 1.3512361357848002e-27,
    "if_vehicle": true,
    "motion_state": false,
    "pose": [
      [
        -0.019777990813234843,
        -0.9986526640632819,
        0.04797590685647776,
        -4.693561845913791
      ],
      [
        0.9997939581536408,
        -0.019974270772126042,
        -0.0036152104499759296,
        94.96824399416073
      ],
      [
        0.0045686233011074644,
        0.04789452021298076,
        0.9988419507683389,
        0.9007691191081335
      ],
      [
        0.0,
        0.0,
        0.0,
        1.0
      ]
    ],
    "location": [
      -4.693561845913791,
      94.96824399416073,
      0.9007691191081335
    ],
    "rotation": [
      0.047913350311145506,
      -0.0045686391942171296,
      1.5905758137075887
    ]
  },
  {
    "label_id": "iweD-N-r4RTN27UskBD3Nw",
    "size": [
      2.0290170176457076,
      4.30405402458734,
      1.3999999999999773
    ],
    "obj_class": "vehicle",
    "point_num_in_lidar": 22,
    "speed": 1.3617526247192113e-27,
    "if_vehicle": true,
    "motion_state": false,
    "pose": [
      [
        0.3989028652394797,
        0.9157373075642556,
        0.04797590685647776,
        48.91151312471038
      ],
      [
        -0.916717649451167,
        0.39951931297263943,
        -0.0036152104499759296,
        66.04039355305395
      ],
      [
        -0.022477884430278455,
        -0.042538242756819306,
        0.9988419507683389,
        0.9757691191077811
      ],
      [
        0.0,
        0.0,
        0.0,
        1.0
      ]
    ],
    "location": [
      48.91151312471038,
      66.04039355305395,
      0.9757691191077811
    ],
    "rotation": [
      -0.042561842206345804,
      0.022479777705771378,
      -1.1603663003382063
    ]
  },
  {
    "label_id": "j4uKazNwBsHJ2f4MFBWDNg",
    "size": [
      0.9129643679416509,
      0.12332203574414805,
      1.089999999999975
    ],
    "obj_class": "sign",
    "point_num_in_lidar": 72,
    "speed": 0.0057147865472096625,
    "if_vehicle": false,
    "motion_state": false,
    "pose": [
      [
        0.004347255392619324,
        -0.9988390329436722,
        0.04797590685647776,
        -18.860407511815083
      ],
      [
        0.9999847346727212,
        0.004178597244270642,
        -0.0036152104499759296,
        47.43980965667106
      ],
      [
        0.003410541317559953,
        0.04799089073168221,
        0.9988419507683389,
        3.2384128086746387
      ],
      [
        0.0,
        0.0,
        0.0,
        1.0
      ]
    ],
    "location": [
      -18.860407511815083,
      47.43980965667106,
      3.2384128086746387
    ],
    "rotation": [
      0.048009610792622184,
      -0.003410547929379142,
      1.5664490324256546
    ]
  },
  {
    "label_id": "k-MFEgD7GPZpMCEFQBGOAQ",
    "size": [
      1.8802067665046003,
      4.302671856723734,
      1.6899999999999977
    ],
    "obj_class": "vehicle",
    "point_num_in_lidar": 214,
    "speed": 5.078600532185806e-28,
    "if_vehicle": true,
    "motion_state": false,
    "pose": [
      [
        0.006648757755591584,
        0.9988263644806369,
        0.04797590685647776,
        -38.64767735938358
      ],
      [
        -0.9999701401067513,
        0.0068300181761387895,
        -0.0036152104499759296,
        54.70569671441808
      ],
      [
        -0.003938643826428351,
        -0.047950437642503146,
        0.9988419507683389,
        0.9338102555300907
      ],
      [
        0.0,
        0.0,
        0.0,
        1.0
      ]
    ],
    "location": [
      -38.64767735938358,
      54.70569671441808,
      0.9338102555300907
    ],
    "rotation": [
      -0.04796920400168563,
      0.00393865400980738,
      -1.5641474684799745
    ]
  },
  {
    "label_id": "kL2EBrshDXJSLqHZglULqA",
    "size": [
      2.053141469752644,
      4.581564295669244,
      1.5400000000000205
    ],
    "obj_class": "vehicle",
    "point_num_in_lidar": 55,
    "speed": 7.882228456930065e-28,
    "if_vehicle": true,
    "motion_state": false,
    "pose": [
      [
        -0.5460630743190167,
        -0.8363691955270488,
        0.04797590685647776,
        51.331349808093364
      ],
      [
        0.8372329767984961,
        -0.5468344107812997,
        -0.0036152104499759296,
        60.44289381449744
      ],
      [
        0.02925852741326788,
        0.03819287837943216,
        0.9988419507683389,
        0.9257461048148343
      ],
      [
        0.0,
        0.0,
        0.0,
        1.0
      ]
    ],
    "location": [
      51.331349808093364,
      60.44289381449744,
      0.9257461048148343
    ],
    "rotation": [
      0.03821853995677005,
      -0.029262703538345397,
      2.1487330962251803
    ]
  },
  {
    "label_id": "lbhJDFo720d242nqCSNOGQ",
    "size": [
      1.9912174646903233,
      4.3972375697915185,
      1.6000000000000227
    ],
    "obj_class": "vehicle",
    "point_num_in_lidar": 24,
    "speed": 2.8748790942532767,
    "if_vehicle": true,
    "motion_state": true,
    "pose": [
      [
        -0.034050163863597126,
        0.9982679493513558,
        0.04797590685647776,
        -59.708965928482485
      ],
      [
        -0.9994181601071946,
        -0.03391565274843223,
        -0.0036152104499759296,
        57.799581112603846
      ],
      [
        -0.0019818145251356348,
        -0.048071091068198214,
        0.9988419507683389,
        1.153962288613684
      ],
      [
        0.0,
        0.0,
        0.0,
        1.0
      ]
    ],
    "location": [
      -59.708965928482485,
      57.799581112603846,
      1.153962288613684
    ],
    "rotation": [
      -0.04808971887650248,
      0.0019818158224300204,
      -1.60485314070443
    ]
  },
  {
    "label_id": "lrhnoPhYGlUEbb-EIG5HkA",
    "size": [
      2.1741784802443482,
      5.485636012443816,
      1.740000000000009
    ],
    "obj_class": "vehicle",
    "point_num_in_lidar": 337,
    "speed": 0.005243493231082423,
    "if_vehicle": true,
    "motion_state": false,
    "pose": [
      [
        0.003202249543859898,
        -0.9988433600716168,
        0.04797590685647776,
        32.006409316654754
      ],
      [
        0.9999888677093488,
        0.003032278149654481,
        -0.0036152104499759296,
        83.33858342182066
      ],
      [
        0.0034655526591492237,
        0.047986949580752766,
        0.9988419507683389,
        0.9957691191081608
      ],
      [
        0.0,
        0.0,
        0.0,
        1.0
      ]
    ],
    "location": [
      32.006409316654754,
      83.33858342182066,
      0.9957691191081608
    ],
    "rotation": [
      0.04800567415920489,
      -0.0034655595960998565,
      1.5675940525482837
    ]
  },
  {
    "label_id": "oRpAqln2Ne5FkuUoyxZAZA",
    "size": [
      2.072268585089543,
      4.742602933944892,
      1.6499999999999773
    ],
    "obj_class": "vehicle",
    "point_num_in_lidar": 74,
    "speed": 6.756180678924001e-28,
    "if_vehicle": true,
    "motion_state": false,
    "pose": [
      [
        0.00980591726005216,
        0.9988003586042546,
        0.04797590685647776,
        -40.71834291813502
      ],
      [
        -0.9999435555699391,
        0.009990792138281173,
        -0.0036152104499759296,
        60.46819535124632
      ],
      [
        -0.004090190806914415,
        -0.047937748429208456,
        0.9988419507683389,
        0.950769119108088
      ],
      [
