[
  {
    "label_id": "0zCQwnJdl42AdLzZADBxXg",
    "size": [
      0.82892075273146,
      0.10828005381067762,
      1.589999999999975
    ],
    "obj_class": "sign",
    "point_num_in_lidar": 216,
    "speed": 0.0037312989157729398,
    "if_vehicle": false,
    "motion_state": false,
    "pose": [
      [
        0.00046034883169047475,
        0.9997473318067752,
        0.022473553884218664,
        8.078971338637984
      ],
      [
        -0.9999605136189023,
        0.0006596592426184397,
        -0.008862056911624129,
        15.294372473441399
      ],
      [
        -0.008874642639250224,
        -0.02246858684735973,
        0.9997081590759916,
        2.912036084373142
      ],
      [
        0.0,
        0.0,
        0.0,
        1.0
      ]
    ],
    "location": [
      8.078971338637984,
      15.294372473441399,
      2.912036084373142
    ],
    "rotation": [
      -0.022471362854707706,
      0.008874759136792814,
      -1.570335959817502
    ]
  },
  {
    "label_id": "14QyZM8v7J77UsDSgWPxQQ",
    "size": [
      0.9208221674588208,
      0.24749274453211412,
      0.7599999999999909
    ],
    "obj_class": "sign",
    "point_num_in_lidar": 121,
    "speed": 3.1776437161565096e-13,
    "if_vehicle": false,
    "motion_state": false,
    "pose": [
      [
        -0.09543583368561628,
        0.9951818632916019,
        0.022473553884218664,
        7.9442828221417585
      ],
      [
        -0.9954131796821726,
        -0.0952578902890562,
        -0.008862056911624129,
        33.56202266997025
      ],
      [
        -0.006678574979598228,
        -0.023216229520178967,
        0.9997081590759916,
        3.2106249459071705
      ],
      [
        0.0,
        0.0,
        0.0,
        1.0
      ]
    ],
    "location": [
      7.9442828221417585,
      33.56202266997025,
      3.2106249459071705
    ],
    "rotation": [
      -0.0232188335094855,
      0.006678624628412961,
      -1.666379767270208
    ]
  },
  {
    "label_id": "1Myj1w9PMad1lmgyo4duUQ",
    "size": [
      1.032151324073894,
      1.1043242572574457,
      2.0
    ],
    "obj_class": "pedestrian",
    "point_num_in_lidar": 105,
    "speed": 1.4431256289933219,
    "if_vehicle": false,
    "motion_state": true,
    "pose": [
      [
        -0.01869092636331509,
        -0.9995727030323979,
        0.022473553884218664,
        -19.88521680591566
      ],
      [
        0.9997822149199898,
        -0.01889409105976542,
        -0.008862056911624129,
        -3.605715005991442
      ],
      [
        0.009282887555104048,
        0.022303019426325198,
        0.9997081590759916,
        0.8727693079029564
      ],
      [
        0.0,
        0.0,
        0.0,
        1.0
      ]
    ],
    "location": [
      -19.88521680591566,
      -3.605715005991442,
      0.8727693079029564
    ],
    "rotation": [
      0.022305830101500564,
      -0.00928302088110732,
      1.5894891471208277
    ]
  },
  {
    "label_id": "1eqCzNhbNUpvDMRr-M2BCg",
    "size": [
      2.2177272310978173,
      5.261091324533495,
      1.8500000000000227
    ],
    "obj_class": "vehicle",
    "point_num_in_lidar": 187,
    "speed": 1.4210854715202004e-12,
    "if_vehicle": true,
    "motion_state": false,
    "pose": [
      [
        0.02909448715928931,
        0.9993239966060813,
        0.022473553884218664,
        -33.666892206089415
      ],
      [
        -0.9995313823976805,
        0.02929982166288973,
        -0.008862056911624129,
        21.613128779963517
      ],
      [
        -0.00951453725201372,
        -0.0222051853802617,
        0.9997081590759916,
        0.910105057766657
      ],
      [
        0.0,
        0.0,
        0.0,
        1.0
      ]
    ],
    "location": [
      -33.666892206089415,
      21.613128779963517,
      0.910105057766657
    ],
    "rotation": [
      -0.022208015965457607,
      0.0095146808106931,
      -1.5416964158194006
    ]
  },
  {
    "label_id": "1xSi2L3-8DlIFMSpizgLkg",
    "size": [
      2.1890557830576762,
      4.940660125515044,
      1.5199999999999818
    ],
    "obj_class": "vehicle",
    "point_num_in_lidar": 297,
    "speed": 0.005841519411056356,
    "if_vehicle": true,
    "motion_state": false,
    "pose": [
      [
        -0.09763195612210576,
        0.9949688138427176,
        0.022473553884218664,
        -30.628497510105262
      ],
      [
        -0.995200522388958,
        -0.09745452367150773,
        -0.008862056911624129,
        21.705061109229064
      ],
      [
        -0.006627320764572826,
        -0.0232309125170581,
        0.9997081590759916,
        0.7356491785473622
      ],
      [
        0.0,
        0.0,
        0.0,
        1.0
      ]
    ],
    "location": [
      -30.628497510105262,
      21.705061109229064,
      0.7356491785473622
    ],
    "rotation": [
      -0.023233512871009148,
      0.006627369279044553,
      -1.668586211066416
    ]
  },
  {
    "label_id": "39-kEkDzJEr7nWBZPk1HXw",
    "size": [
      0.9772257133555244,
      0.13068810941669862,
      0.839999999999975
    ],
    "obj_class": "sign",
    "point_num_in_lidar": 31,
    "speed": 0.019570039633044864,
    "if_vehicle": false,
    "motion_state": false,
    "pose": [
      [
        0.058034097828609896,
        0.9980616127599701,
        0.022473553884218664,
        7.4686606831915014
      ],
      [
        -0.9982629626697401,
        0.058245354399541135,
        -0.008862056911624129,
        68.20435307760636
      ],
      [
        -0.01015385892418972,
        -0.021920215004406267,
        0.9997081590759916,
        2.9774345152032424
      ],
      [
        0.0,
        0.0,
        0.0,
        1.0
      ]
    ],
    "location": [
      7.4686606831915014,
      68.20435307760636,
      2.9774345152032424
    ],
    "rotation": [
      -0.021923101168122773,
      0.010154033410867975,
      -1.5127266064773828
    ]
  },
  {
    "label_id": "3lFYHvBGrKIH0LWMb4y7rQ",
    "size": [
      1.1075307088888915,
      1.024636171793702,
      1.839999999999975
    ],
    "obj_class": "pedestrian",
    "point_num_in_lidar": 342,
    "speed": 2.8421709430404007e-13,
    "if_vehicle": false,
    "motion_state": false,
    "pose": [
      [
        -0.9958172297937722,
        0.0885606245555596,
        0.022473553884218664,
        -6.090324742025587
      ],
      [
        -0.08877794605091534,
        -0.996012018121406,
        -0.008862056911624129,
        18.414768817816366
      ],
      [
        0.021599100463640445,
        -0.010820144918313797,
        0.9997081590759916,
        1.1657691191079493
      ],
      [
        0.0,
        0.0,
        0.0,
        1.0
      ]
    ],
    "location": [
      -6.090324742025587,
      18.414768817816366,
      1.1657691191079493
    ],
    "rotation": [
      -0.010822881002938803,
      -0.021600780222468592,
      -3.0526768766177996
    ]
  },
  {
    "label_id": "3rP421kft7U05VnhjguByw",
    "size": [
      1.961221632123957,
      4.600418306488192,
      1.670000000000016
    ],
    "obj_class": "vehicle",
    "point_num_in_lidar": 51,
    "speed": 2.929642751054232e-13,
    "if_vehicle": true,
    "motion_state": false,
    "pose": [
      [
        -0.4283119877877498,
        0.9033514158361183,
        0.022473553884218664,
        30.413049781338486
      ],
      [
        -0.9036294720244659,
        -0.42822335437955783,
        -0.008862056911624129,
        12.220215798293793
      ],
      [
        0.0016181489707939394,
        -0.02410349084261579,
        0.9997081590759916,
        0.7854782013763497
      ],
      [
        0.0,
        0.0,
        0.0,
        1.0
      ]
    ],
    "location": [
      30.413049781338486,
      12.220215798293793,
      0.7854782013763497
    ],
    "rotation": [
      -0.0241058569526792,
      -0.0016181496769566252,
      -2.0134208626400363
    ]
  },
  {
    "label_id": "4ZoF6vgB7LJluyrGWdiMEg",
    "size": [
      2.0939219872931796,
      4.5423472073732345,
      1.6399999999999864
    ],
    "obj_class": "vehicle",
    "point_num_in_lidar": 21,
    "speed": 2.8421709430404007e-13,
    "if_vehicle": true,
    "motion_state": false,
    "pose": [
      [
        0.06296057880925791,
        0.9977629502501164,
        0.022473553884218664,
        -31.30352822734403
      ],
      [
        -0.9979632547837984,
        0.0631728268215278,
        -0.008862056911624129,
        43.408713001135766
      ],
      [
        -0.010261949977018547,
        -0.02186982074825749,
        0.9997081590759916,
        0.6957691191079789
      ],
      [
        0.0,
        0.0,
        0.0,
        1.0
      ]
    ],
    "location": [
      -31.30352822734403,
      43.408713001135766,
      0.6957691191079789
    ],
    "rotation": [
      -0.021872716368749493,
      0.010262130095804432,
      -1.5077907553251362
    ]
  },
  {
    "label_id": "6IFR0_r7f3cgS5In2VHYpw",
    "size": [
      2.0878762987036956,
      4.592505735944987,
      1.4000001284811674
    ],
    "obj_class": "vehicle",
    "point_num_in_lidar": 95,
    "speed": 1.464821375527116e-12,
    "if_vehicle": true,
    "motion_state": false,
    "pose": [
      [
        -0.4176038299949859,
        -0.9083512429392784,
        0.022473553884218664,
        30.531989042208806
      ],
      [
        0.9084618063823178,
        -0.41787391674029073,
        -0.008862056911624129,
        24.556584235851915
      ],
      [
        0.01744097239534483,
        0.016715536449559865,
        0.9997081590759916,
        0.7499672535102491
      ],
      [
        0.0,
        0.0,
        0.0,
        1.0
      ]
    ],
    "location": [
      30.531989042208806,
      24.556584235851915,
      0.7499672535102491
    ],
    "rotation": [
      0.016718858224092078,
      -0.01744185673742048,
      2.0016728364245044
    ]
  },
  {
    "label_id": "6SSj38rFVlYZfQljhkORQA",
    "size": [
      2.200048472882577,
      4.83994638465002,
      1.5700000313178748
    ],
    "obj_class": "vehicle",
    "point_num_in_lidar": 341,
    "speed": 1.4281732235759946e-12,
    "if_vehicle": true,
    "motion_state": false,
    "pose": [
      [
        -0.37187430540817684,
        -0.9280110130558792,
        0.022473553884218664,
        23.74254782880371
      ],
      [
        0.9281348826492424,
        -0.3721385542468991,
        -0.008862056911624129,
        26.11382775234415
      ],
      [
        0.01658736226357808,
        0.017562918038542756,
        0.9997081590759916,
        0.7107689754351441
      ],
      [
        0.0,
        0.0,
        0.0,
        1.0
      ]
    ],
    "location": [
      23.74254782880371,
      26.11382775234415,
      0.7107689754351441
    ],
    "rotation": [
      0.017566238069399602,
      -0.01658812300053579,
      1.951878765889285
    ]
  },
  {
    "label_id": "6pmP-Giz72k-cchu-rN-Mg",
    "size": [
      2.1277677355822315,
      4.8377725494709605,
      1.8000000000000114
    ],
    "obj_class": "vehicle",
    "point_num_in_lidar": 23,
    "speed": 3.1776437161565096e-13,
    "if_vehicle": true,
    "motion_state": false,
    "pose": [
      [
        -0.476695035781577,
        -0.8787814189188424,
        0.022473553884218664,
        63.583062844872984
      ],
      [
        0.878873899642383,
        -0.476971836144112,
        -0.008862056911624129,
        25.31563829077095
      ],
      [
        0.018507063208176,
        0.015526921404461444,
        0.9997081590759916,
        0.9849324763650316
      ],
      [
        0.0,
        0.0,
        0.0,
        1.0
      ]
    ],
    "location": [
      63.583062844872984,
      25.31563829077095,
      0.9849324763650316
    ],
    "rotation": [
      0.015530205435242432,
      -0.018508119851030964,
      2.067780463736358
    ]
  },
  {
    "label_id": "71Pkn__Yn8464dqzz8PnoA",
    "size": [
      2.465860964790279,
      5.7692737988654805,
      1.8999999999999773
    ],
    "obj_class": "vehicle",
    "point_num_in_lidar": 24,
    "speed": 5.859285502108464e-13,
    "if_vehicle": true,
    "motion_state": false,
    "pose": [
      [
        0.43035795255669623,
        0.9023785081921121,
        0.022473553884218664,
        55.78075347257527
      ],
      [
        -0.9024852560678919,
        0.43062956996398555,
        -0.008862056911624129,
        -7.394851298227877
      ],
      [
        -0.017674706540148518,
        -0.016468194364027165,
        0.9997081590759916,
        0.9398687069909784
      ],
      [
        0.0,
        0.0,
        0.0,
        1.0
      ]
    ],
    "location": [
      55.78075347257527,
      -7.394851298227877,
      0.9398687069909784
    ],
    "rotation": [
      -0.01647151206588914,
      0.01767562691860438,
      -1.1258325448666142
    ]
  },
  {
    "label_id": "7I5_BKi3RbHh9IUT9VERmw",
    "size": [
      0.48005724247278503,
      0.07721192529234176,
      0.6399999999999864
    ],
    "obj_class": "sign",
    "point_num_in_lidar": 37,
    "speed": 0.004620685537010329,
    "if_vehicle": false,
    "motion_state": false,
    "pose": [
      [
        -0.03070387656861599,
        0.999275843468395,
        0.022473553884218664,
        7.725873317504465
      ],
      [
        -0.999495134562242,
        -0.030511308292190516,
        -0.008862056911624129,
        33.53667648626106
      ],
      [
        -0.008169941864245571,
        -0.022734307265157485,
        0.9997081590759916,
        2.5167924024160584
      ],
      [
        0.0,
        0.0,
        0.0,
        1.0
      ]
    ],
    "location": [
      7.725873317504465,
      33.53667648626106,
      2.5167924024160584
    ],
    "rotation": [
      -0.022737025055428423,
      0.00817003275478757,
      -1.6015060548905506
    ]
  },
  {
    "label_id": "7zzBHnhMjKPx9nzw-2AOQg",
    "size": [
      2.3392588878081773,
      5.257509911976213,
      1.6000000000000227
    ],
    "obj_class": "vehicle",
    "point_num_in_lidar": 55,
    "speed": 4.2554728672693885e-28,
    "if_vehicle": true,
    "motion_state": false,
    "pose": [
      [
        -0.04166837743183832,
        0.9988787142080919,
        0.022473553884218664,
        -40.654584679210075
      ],
      [
        -0.9991001053978056,
        -0.041478227317341285,
        -0.008862056911624129,
        21.465226037495086
      ],
      [
        -0.007919956836483905,
        -0.022822597586602114,
        0.9997081590759916,
        0.6579567743587518
      ],
      [
        0.0,
        0.0,
        0.0,
        1.0
      ]
    ],
    "location": [
      -40.654584679210075,
      21.465226037495086,
      0.6579567743587518
    ],
    "rotation": [
      -0.02282529532459655,
      0.007920039636315344,
      -1.612478079506647
    ]
  },
  {
    "label_id": "8BSbbgWqH7MHyKvLrQVHYg",
    "size": [
      2.0115373671053587,
      4.687375114667775,
      1.5699999999999932
    ],
    "obj_class": "vehicle",
    "point_num_in_lidar": 33,
    "speed": 8.526512829121202e-13,
    "if_vehicle": true,
    "motion_state": false,
    "pose": [
      [
        0.4117651774731219,
        0.9110128308626293,
        0.022473553884218664,
        34.05293076285216
      ],
      [
        -0.9111251255202247,
        0.4120345490284161,
        -0.008862056911624129,
        -7.925815729562601
      ],
      [
        -0.017333328194074276,
        -0.016827133166652443,
        0.9997081590759916,
        0.524860287836816
      ],
      [
        0.0,
        0.0,
        0.0,
        1.0
      ]
    ],
    "location": [
      34.05293076285216,
      -7.925815729562601,
      0.524860287836816
    ],
    "rotation": [
      -0.016830456110742062,
      0.01733419626128727,
      -1.14633820669075
    ]
  },
  {
    "label_id": "8hLX6WtWSqu6rWx7p0mnCQ",
    "size": [
      2.3834385555519115,
      5.488195120812847,
      2.3100000000000023
    ],
    "obj_class": "vehicle",
    "point_num_in_lidar": 312,
    "speed": 10.619966326755348,
    "if_vehicle": true,
    "motion_state": true,
    "pose": [
      [
        0.003220896465632974,
        0.9997422493831952,
        0.022473553884218664,
        -15.236327609425189
      ],
      [
        -0.9999548800373321,
        0.0034207947643935675,
        -0.008862056911624129,
        34.53943917961078
      ],
      [
        -0.008936650126453453,
        -0.022443996110521502,
        0.9997081590759916,
        1.1142094396302014
      ],
      [
        0.0,
        0.0,
        0.0,
        1.0
      ]
    ],
    "location": [
      -15.236327609425189,
      34.53943917961078,
      1.1142094396302014
    ],
    "rotation": [
      -0.0224467773445367,
      0.008936769083075823,
      -1.5675752961354632
    ]
  },
  {
    "label_id": "9MprRhxkqn85TQM1QpIWCA",
    "size": [
      2.1792684434740464,
      4.24141432079878,
      2.569999999999993
    ],
    "obj_class": "vehicle",
    "point_num_in_lidar": 6536,
    "speed": 0.026175251639110393,
    "if_vehicle": true,
    "motion_state": false,
    "pose": [
      [
        -0.009003173061646448,
        -0.9997068981709765,
        0.022473553884218664,
        5.93717816302069
      ],
      [
        0.9999183690925318,
        -0.009204297834517901,
        -0.008862056911624129,
        1.9859935356707865
      ],
      [
        0.00906631270988486,
        0.022391932715563546,
        0.9997081590759916,
        1.2067623001963739
      ],
      [
        0.0,
        0.0,
        0.0,
        1.0
      ]
    ],
    "location": [
      5.93717816302069,
      1.9859935356707865,
      1.2067623001963739
    ],
    "rotation": [
      0.022394724925931687,
      -0.009066436919980875,
      1.5797999915488732
    ]
  },
  {
    "label_id": "A1xPIRlWXjMzPBjg5RDk9w",
    "size": [
      1.9480363116096762,
      4.4872319549998405,
      1.500000044336673
    ],
    "obj_class": "vehicle",
    "point_num_in_lidar": 28,
    "speed": 1.4210854715202004e-12,
    "if_vehicle": true,
    "motion_state": false,
    "pose": [
      [
        -0.3171604076080806,
        0.9481055928648925,
        0.022473553884218664,
        27.215745604663425
      ],
      [
        -0.9483710479997516,
        -0.31703914468587024,
        -0.008862056911624129,
        12.02084562590062
      ],
      [
        -0.0012771694206933127,
        -0.024123961431792056,
        0.9997081590759916,
        0.6757445060284795
      ],
      [
        0.0,
        0.0,
        0.0,
        1.0
      ]
    ],
    "location": [
      27.215745604663425,
      12.02084562590062,
      0.6757445060284795
    ],
    "rotation": [
      -0.024126321611184214,
      0.0012771697679052146,
      -1.893530405788917
    ]
  },
  {
    "label_id": "AFL1N-XB7hfEMBHsxDvkQg",
    "size": [
      2.316868738343806,
      5.169979861084375,
      1.5699999999999932
    ],
    "obj_class": "vehicle",
    "point_num_in_lidar": 119,
    "speed": 2.929642751054232e-13,
    "if_vehicle": true,
    "motion_state": false,
    "pose": [
      [
        -0.029688590111528246,
        -0.9993065230413553,
        0.022473553884218664,
        -33.48125731671462
      ],
      [
        0.9995137867228924,
        -0.029894047871765504,
        -0.008862056911624129,
        33.880107905102705
      ],
      [
        0.009527736775013255,
        0.02219952496874212,
        0.9997081590759916,
        0.7220850546842712
      ],
      [
        0.0,
        0.0,
        0.0,
        1.0
      ]
    ],
    "location": [
      -33.48125731671462,
      33.880107905102705,
      0.7220850546842712
    ],
    "rotation": [
      0.022202356692852816,
      -0.00952788093201532,
      1.6004906281703954
    ]
  },
  {
    "label_id": "Bc_BDnL5j2YXCBH4HKF80g",
    "size": [
      1.9362474657031141,
      4.70142584633995,
      1.670000000000016
    ],
    "obj_class": "vehicle",
    "point_num_in_lidar": 65,
    "speed": 1.7067822212573438e-12,
    "if_vehicle": true,
    "motion_state": false,
    "pose": [
      [
        -0.03801999115483986,
        -0.9990242337643261,
        0.022473553884218664,
        -36.14959048759283
      ],
      [
        0.9992297770895698,
        -0.03822716998188013,
        -0.008862056911624129,
        34.39560671230356
      ],
      [
        0.009712509980140116,
        0.022119308912744613,
        0.9997081590759916,
        0.7587939917968924
      ],
      [
        0.0,
        0.0,
        0.0,
        1.0
      ]
    ],
    "location": [
      -36.14959048759283,
      34.39560671230356,
      0.7587939917968924
    ],
    "rotation": [
      0.02212215662415497,
      -0.009712662688080655,
      1.6088272783793034
    ]
  },
  {
    "label_id": "Cc4GN5NKm3dtq0Hi5UrAgQ",
    "size": [
      2.456283206420748,
      5.5493346788713325,
      1.8999999999999773
    ],
    "obj_class": "vehicle",
    "point_num_in_lidar": 76,
    "speed": 2.929642751054232e-13,
    "if_vehicle": true,
    "motion_state": false,
    "pose": [
      [
        -0.4172548571324663,
        0.9085115979310215,
        0.022473553884218664,
        42.547995730190905
      ],
      [
        -0.9087885516557378,
        -0.41716283670380033,
        -0.008862056911624129,
        48.81526814575591
      ],
      [
        0.0013238500034210734,
        -0.02412144477555577,
        0.9997081590759916,
        1.0257691191080767
      ],
      [
        0.0,
        0.0,
        0.0,
        1.0
      ]
    ],
    "location": [
      42.547995730190905,
      48.81526814575591,
      1.0257691191080767
    ],
    "rotation": [
      -0.024123805685154587,
      -0.0013238503901132938,
      -2.0012192884298363
    ]
  },
  {
    "label_id": "FjXya5JM_xfBUrb9nDgcNw",
    "size": [
      1.979206995772783,
      4.673300687547824,
      1.7300000000000182
    ],
    "obj_class": "vehicle",
    "point_num_in_lidar": 786,
    "speed": 8.556067554929069e-13,
    "if_vehicle": true,
    "motion_state": false,
    "pose": [
      [
        -0.41259052560965614,
        0.9106393345078834,
        0.022473553884218664,
        24.09774067033095
      ],
      [
        -0.9109158127105957,
        -0.4124970861728481,
        -0.008862056911624129,
        11.959050326553552
      ],
      [
        0.0012001378848163042,
        -0.024127916320088094,
        0.9997081590759916,
        0.8183707745388915
      ],
      [
        0.0,
        0.0,
        0.0,
        1.0
      ]
    ],
    "location": [
      24.09774067033095,
      11.959050326553552,
      0.8183707745388915
    ],
    "rotation": [
      -0.02413027535135395,
      -0.0012001381729157795,
      -1.9960927566936966
    ]
  },
  {
    "label_id": "GLDf7-Sxvl37cAZNUTUxwg",
    "size": [
      1.05698652378206,
      1.0129598608742194,
      1.7200000000000273
    ],
    "obj_class": "pedestrian",
    "point_num_in_lidar": 20,
    "speed": 1.407639541322544,
    "if_vehicle": false,
    "motion_state": true,
    "pose": [
      [
        -0.10110473853600287,
        -0.994621923758661,
        0.022473553884218664,
        13.907531582830416
      ],
      [
        0.994813957522535,
        -0.10132449785539224,
        -0.008862056911624129,
        65.18487890249708
      ],
      [
        0.011091517656242887,
        0.02146100913221457,
        0.9997081590759916,
        0.9942094396302537
      ],
      [
        0.0,
        0.0,
        0.0,
        1.0
      ]
    ],
    "location": [
      13.907531582830416,
      65.18487890249708,
      0.9942094396302537
    ],
    "rotation": [
      0.021463977385710896,
      -0.011091745085177965,
      1.6720803657977616
    ]
  },
  {
    "label_id": "HbiLdhGwZCfK8hMW6X2p1A",
    "size": [
      2.078489418151711,
      4.549582383581769,
      1.7699999324514692
    ],
    "obj_class": "vehicle",
    "point_num_in_lidar": 31,
    "speed": 0.0,
    "if_vehicle": true,
    "motion_state": false,
    "pose": [
      [
        0.47091385950738945,
        0.8818928938933954,
        0.022473553884218664,
        52.5153878152978
      ],
      [
        -0.8819871903518828,
        0.47119004658681723,
        -0.008862056911624129,
        -7.734466144165708
      ],
      [
        -0.018404699917316508,
        -0.015648121224136603,
        0.9997081590759916,
        0.8037976239600653
      ],
      [
        0.0,
        0.0,
        0.0,
        1.0
      ]
    ],
    "location": [
      52.5153878152978,
      -7.734466144165708,
      0.8037976239600653
    ],
    "rotation": [
      -0.015651411169509008,
      0.018405739122202044,
      -1.0803794891751826
    ]
  },
  {
    "label_id": "IJ3FUi4Z1k7xeHX3cNHhgA",
    "size": [
      2.2733592392574913,
      5.809798929251251,
      2.3000000000000114
    ],
    "obj_class": "vehicle",
    "point_num_in_lidar": 269,
    "speed": 0.008003837365437328,
    "if_vehicle": true,
    "motion_state": false,
    "pose": [
      [
        -0.09658573249595727,
        -0.9950709199117581,
        0.022473553884218664,
        -41.66897177376086
      ],
      [
        0.995263949927515,
        -0.09680461725546093,
        -0.008862056911624129,
        33.938323554004455
      ],
      [
        0.010993918905491942,
        0.021511169749486234,
        0.9997081590759916,
        1.3757691191080994
      ],
      [
        0.0,
        0.0,
        0.0,
        1.0
      ]
    ],
    "location": [
      -41.66897177376086,
      33.938323554004455,
      1.3757691191080994
    ],
    "rotation": [
      0.021514129479830103,
      -0.01099414038316875,
      1.6675387297141775
    ]
  },
  {
    "label_id": "J7T0lm9jnXkEcN7_fLCHcw",
    "size": [
      2.410544790998678,
      5.853048720643227,
      1.9400000523537528
    ],
    "obj_class": "vehicle",
    "point_num_in_lidar": 932,
    "speed": 0.002793755598937176,
    "if_vehicle": true,
    "motion_state": false,
    "pose": [
      [
        0.43586651349839217,
        -0.8997306940338142,
        0.022473553884218664,
        24.55113122863804
      ],
      [
        0.9000094831569174,
        0.43578021315212745,
        -0.008862056911624129,
        6.561213955776111
      ],
      [
        -0.0018200654862878904,
        0.02408908546452871,
        0.9997081590759916,
        0.9198530589191591
      ],
      [
        0.0,
        0.0,
        0.0,
        1.0
      ]
    ],
    "location": [
      24.55113122863804,
      6.561213955776111,
      0.9198530589191591
    ],
    "rotation": [
      0.024091455735963344,
      0.001820066491159184,
      1.1197946914227117
    ]
  },
  {
    "label_id": "JaWW9h6o2UDYFj3-kc1JMQ",
    "size": [
      1.9718878657398191,
      4.598148893329569,
      1.6200000000000045
    ],
    "obj_class": "vehicle",
    "point_num_in_lidar": 35,
    "speed": 7.105427357601002e-14,
    "if_vehicle": true,
    "motion_state": false,
    "pose": [
      [
        0.42677503509212983,
        0.9040785412772081,
        0.022473553884218664,
        48.46854388648626
      ],
      [
        -0.9041863657579816,
        0.4270462269177293,
        -0.008862056911624129,
        24.853793677993963
      ],
      [
        -0.017609241877064606,
        -0.016538176362791004,
        0.9997081590759916,
        0.8129317674883509
      ],
      [
        0.0,
        0.0,
        0.0,
        1.0
      ]
    ],
    "location": [
      48.46854388648626,
      24.853793677993963,
      0.8129317674883509
    ],
    "rotation": [
      -0.01654149542274171,
      0.017610152065543613,
      -1.1297994061831058
    ]
  },
  {
    "label_id": "KRIFGuPyXMFLkXDccz9mLA",
    "size": [
      1.1528322506114723,
      1.3148555747822952,
      1.8799999999999955
    ],
    "obj_class": "pedestrian",
    "point_num_in_lidar": 168,
    "speed": 3.6867727947141997,
    "if_vehicle": false,
    "motion_state": true,
    "pose": [
      [
        -0.02126823891155845,
        -0.999521186063314,
        0.022473553884218664,
        9.325417155642754
      ],
      [
        0.9997301733990438,
        -0.02147194315410293,
        -0.008862056911624129,
        22.83241743229337
      ],
      [
        0.009340364506739753,
        0.022279009577918427,
        0.9997081590759916,
        1.1251739516404768
      ],
      [
        0.0,
        0.0,
        0.0,
        1.0
      ]
    ],
    "location": [
      9.325417155642754,
      22.83241743229337,
      1.1251739516404768
    ],
    "rotation": [
      0.022281825178748067,
      -0.00934050032472218,
      1.5920670974551436
    ]
  },
  {
    "label_id": "LV0eEgqBFEblVK4wVnO9Gg",
    "size": [
      2.3764124997258604,
      5.358373042693289,
      2.0
    ],
    "obj_class": "vehicle",
    "point_num_in_lidar": 42,
    "speed": 10.04703369385357,
    "if_vehicle": true,
    "motion_state": true,
    "pose": [
      [
        -0.00770784625496239,
        -0.9997177244012047,
        0.022473553884218664,
        3.798625051917952
      ],
      [
        0.9999294557424188,
        -0.007908696856339992,
        -0.008862056911624129,
        61.61046736049866
      ],
      [
        0.00903729189415775,
        0.02240366113186716,
        0.9997081590759916,
        0.9824252765368442
      ],
      [
        0.0,
        0.0,
        0.0,
        1.0
      ]
    ],
    "location": [
      3.798625051917952,
      61.61046736049866,
      0.9824252765368442
    ],
    "rotation": [
      0.022406450880173717,
      -0.009037414915267602,
      1.5785045641623001
    ]
  },
  {
    "label_id": "LmP8F40GN6j_UACxsFt51A",
    "size": [
      1.9121608198431974,
      4.405171177727587,
      1.5600000000000023
    ],
    "obj_class": "vehicle",
    "point_num_in_lidar": 36,
    "speed": 3.552713678800501e-13,
    "if_vehicle": true,
    "motion_state": false,
    "pose": [
      [
        -0.32024448122504895,
        0.9470683246845036,
        0.022473553884218664,
        48.39703851506829
      ],
      [
        -0.9473341730819768,
        -0.32012408290908473,
        -0.008862056911624129,
        49.23118950750904
      ],
      [
        -0.0011986475656571946,
        -0.02412799040336946,
        0.9997081590759916,
        0.8847217338101814
      ],
      [
        0.0,
        0.0,
        0.0,
        1.0
      ]
    ],
    "location": [
      48.39703851506829,
      49.23118950750904,
      0.8847217338101814
    ],
    "rotation": [
      -0.024130349413121324,
      0.0011986478526847246,
      -1.8967841183207426
    ]
  },
  {
    "label_id": "M_3sev6zG_NGRjA1B8leIg",
    "size": [
      2.0960853076172556,
      4.811468628086786,
      1.4700000000000273
    ],
    "obj_class": "vehicle",
    "point_num_in_lidar": 140,
    "speed": 0.07031420092013135,
    "if_vehicle": true,
    "motion_state": false,
    "pose": [
      [
        0.31178438961316596,
        -0.9498870636919731,
        0.022473553884218664,
        33.73852795732455
      ],
      [
        0.9501518276243777,
        0.3116616248583552,
        -0.008862056911624129,
        42.29580271958184
      ],
      [
        0.0014138088981564133,
        0.024116339301213163,
        0.9997081590759916,
        0.7507691191080994
      ],
      [
        0.0,
        0.0,
        0.0,
        1.0
      ]
    ],
    "location": [
      33.73852795732455,
      42.29580271958184,
      0.7507691191080994
    ],
    "rotation": [
      0.024118701691224657,
      -0.0014138093691568093,
      1.2537255409642374
    ]
  },
  {
    "label_id": "O0ipbuwo_Nd7uLn6JzKcdA",
    "size": [
      2.081141305883449,
      4.05562961252444,
      1.4800000000000182
    ],
    "obj_class": "vehicle",
    "point_num_in_lidar": 125,
    "speed": 2.0009406999289894,
    "if_vehicle": true,
    "motion_state": true,
    "pose": [
      [
        0.010294209463236175,
        -0.999694437629489,
        0.022473553884218664,
        -0.9430510887659693
      ],
      [
        0.9999097511385807,
        0.010097203834563737,
        -0.008862056911624129,
        44.422407277883394
      ],
      [
        0.008632428946050603,
        0.022562753541691946,
        0.9997081590759916,
        1.0777094617653802
      ],
      [
        0.0,
        0.0,
        0.0,
        1.0
      ]
    ],
    "location": [
      -0.9430510887659693,
      44.422407277883394,
      1.0777094617653802
    ],
    "rotation": [
      0.022565509282777466,
      -0.00863253616272947,
      1.5605015519108252
    ]
  },
  {
    "label_id": "P7N3RrlXPGrRenxyItYCpA",
    "size": [
      0.8653216533692195,
      0.8697376634354017,
      1.5199999999999818
    ],
    "obj_class": "pedestrian",
    "point_num_in_lidar": 37,
    "speed": 0.7943050622591876,
    "if_vehicle": false,
    "motion_state": false,
    "pose": [
      [
        0.7555053115610673,
        -0.6547569500042194,
        0.022473553884218664,
        -23.042882423643732
      ],
      [
        0.6550471715477945,
        0.7555360130361289,
        -0.008862056911624129,
        30.201040655703764
      ],
      [
        -0.01117708594621635,
        0.02141656897457288,
        0.9997081590759916,
        0.8583383362214931
      ],
      [
        0.0,
        0.0,
        0.0,
        1.0
      ]
    ],
    "location": [
      -23.042882423643732,
      30.201040655703764,
      0.8583383362214931
    ],
    "rotation": [
      0.021419544688989562,
      0.011177318679735739,
      0.7142992074110789
    ]
  },
  {
    "label_id": "PGlBKCM-r1s0dqCceAW5Ng",
    "size": [
      0.9346793005408582,
      0.8098904127337361,
      2.0500000000000114
    ],
    "obj_class": "pedestrian",
    "point_num_in_lidar": 87,
    "speed": 1.586839331781841,
    "if_vehicle": false,
    "motion_state": true,
    "pose": [
      [
        0.010433038273419407,
        0.999692998419114,
        0.022473553884218664,
        -21.554911981381338
      ],
      [
        -0.999904181456878,
        0.010634465306080951,
        -0.008862056911624129,
        -1.042390229049488
      ],
      [
        -0.009098330475228424,
        -0.022378942322086506,
        0.9997081590759916,
        0.8675566235532415
      ],
      [
        0.0,
        0.0,
        0.0,
        1.0
      ]
    ],
    "location": [
      -21.554911981381338,
      -1.042390229049488,
      0.8675566235532415
    ],
    "rotation": [
      -0.022381737252244818,
      0.00909845600595728,
      -1.560362667370705
    ]
  },
  {
    "label_id": "Q3zAM_DhuaveZ4DsImfSKQ",
    "size": [
      1.93933359238071,
      4.448500843808347,
      1.509999999999991
    ],
    "obj_class": "vehicle",
    "point_num_in_lidar": 414,
    "speed": 5.728578676879116e-13,
    "if_vehicle": true,
    "motion_state": false,
    "pose": [
      [
        0.40282031461493994,
        0.9150031330598458,
        0.022473553884218664,
        31.368479967462008
      ],
      [
        -0.9151180613346187,
        0.40308857310331225,
        -0.008862056911624129,
        -8.02121013348733
      ],
      [
        -0.01716764260724084,
        -0.016996138508549335,
        0.9997081590759916,
        0.6407664015459318
      ],
      [
        0.0,
        0.0,
        0.0,
        1.0
      ]
    ],
    "location": [
      31.368479967462008,
      -8.02121013348733,
      0.6407664015459318
    ],
    "rotation": [
      -0.01699946242470027,
      0.017168486016464646,
      -1.156135320073688
    ]
  },
  {
    "label_id": "UahDY1qvMQ82owWsLmLHZQ",
    "size": [
      2.0024935692269414,
      4.635795969975856,
      1.420000000000016
    ],
    "obj_class": "vehicle",
    "point_num_in_lidar": 36,
    "speed": 0.004460713378696811,
    "if_vehicle": true,
    "motion_state": false,
    "pose": [
      [
        -0.010710140046389685,
        0.9996900681091113,
        0.022473553884218664,
        -35.9126857411502
      ],
      [
        -0.9999054635654545,
        -0.010513224017806997,
        -0.008862056911624129,
        60.29593774474051
      ],
      [
        -0.008623040771107301,
        -0.022566343185185453,
        0.9997081590759916,
        0.83553542510856
      ],
      [
        0.0,
        0.0,
        0.0,
        1.0
      ]
    ],
    "location": [
      -35.9126857411502,
      60.29593774474051,
      0.83553542510856
    ],
    "rotation": [
      -0.022569098145813284,
      0.00862314763834904,
      -1.5815070698377982
    ]
  },
  {
    "label_id": "VS0srO3PT-Il0oMtRJkF0A",
    "size": [
      1.8795134410577121,
      3.93573998088154,
      1.5699999999999932
    ],
    "obj_class": "vehicle",
    "point_num_in_lidar": 48,
    "speed": 4.695512531202875,
    "if_vehicle": true,
    "motion_state": true,
    "pose": [
      [
        0.9997214858990827,
        -0.007203471908966722,
        0.022473553884218664,
        73.31488095472378
      ],
      [
        0.007404215662980211,
        0.9999333185456476,
        -0.008862056911624129,
        0.25117588304783567
      ],
      [
        -0.022408217736942643,
        0.009025987743483474,
        0.9997081590759916,
        0.921483721593404
      ],
      [
        0.0,
        0.0,
        0.0,
        1.0
      ]
    ],
    "location": [
      73.31488095472378,
      0.25117588304783567,
      0.921483721593404
    ],
    "rotation": [
      0.009028377351245663,
      0.022410093460563375,
      0.007406143001646567
    ]
  },
  {
    "label_id": "WDJKr51g-iNhS0gJaIfkjA",
    "size": [
      2.181372980363249,
      4.576132587612332,
      1.3600000000000136
    ],
    "obj_class": "vehicle",
    "point_num_in_lidar": 24,
    "speed": 5.684341886080801e-13,
    "if_vehicle": true,
    "motion_state": false,
    "pose": [
      [
        0.3960226643740385,
        -0.9179656794662319,
        0.022473553884218664,
        61.076401693667776
      ],
      [
        0.9182404192250534,
        0.39592423069154725,
        -0.008862056911624129,
        42.91609726322167
      ],
      [
        -0.0007627604381668459,
        0.02414570093009752,
        0.9997081590759916,
        0.9056491785476055
      ],
      [
        0.0,
        0.0,
        0.0,
        1.0
      ]
    ],
    "location": [
      61.076401693667776,
      42.91609726322167,
      0.9056491785476055
    ],
    "rotation": [
      0.0241480547890635,
      0.0007627605121296456,
      1.1636148959774535
    ]
  },
  {
    "label_id": "XBJijn3TzVqDMnZ5Eo0ysA",
    "size": [
      2.2055164070987856,
      4.839068010254081,
      1.6999999999999886
    ],
    "obj_class": "vehicle",
    "point_num_in_lidar": 45,
    "speed": 5.684341886080801e-13,
    "if_vehicle": true,
    "motion_state": false,
    "pose": [
      [
        -0.46797807927219426,
        -0.8834542753852749,
        0.022473553884218664,
        60.825889236174135
      ],
      [
        0.8835494899203493,
        -0.4682539511939924,
        -0.008862056911624129,
        24.7537642732932
      ],
      [
        0.01835255247093845,
        0.01570924869919615,
        0.9997081590759916,
        0.8849324763650088
      ],
      [
        0.0,
        0.0,
        0.0,
        1.0
      ]
    ],
    "location": [
      60.825889236174135,
      24.7537642732932,
      0.8849324763650088
    ],
    "rotation": [
      0.015712541453363833,
      -0.018353582866563165,
      2.057887005711133
    ]
  },
  {
    "label_id": "XL2HZ5nBolrrTWtjghg-QQ",
    "size": [
      1.9332519448396193,
      4.5287539990138015,
      1.5699999999999932
    ],
    "obj_class": "vehicle",
    "point_num_in_lidar": 161,
    "speed": 1.4281732235759946e-12,
    "if_vehicle": true,
    "motion_state": false,
    "pose": [
      [
        0.02937164519521292,
        0.9993158889131802,
        0.022473553884218664,
        -30.874662622301003
      ],
      [
        -0.9995232177479683,
        0.029577037208668992,
        -0.008862056911624129,
        34.27345268260797
      ],
      [
        -0.009520695419683424,
        -0.022202545701278577,
        0.9997081590759916,
