[
  {
    "label_id": "0zCQwnJdl42AdLzZADBxXg",
    "size": [
      0.8289207527314603,
      0.10828005381067762,
      1.589999999999975
    ],
    "obj_class": "sign",
    "point_num_in_lidar": 176,
    "speed": 0.014529972893550085,
    "if_vehicle": false,
    "motion_state": false,
    "pose": [
      [
        0.0004603535628009729,
        0.999757606414297,
        0.02201173530989604,
        8.083002450717231
      ],
      [
        -0.9999759412667504,
        0.0006125817607610884,
        -0.00690953191345067,
        15.2866280736107
      ],
      [
        -0.0069213410748081815,
        -0.02200802490779421,
        0.999733835516926,
        2.9136794271402096
      ],
      [
        0.0,
        0.0,
        0.0,
        1.0
      ]
    ],
    "location": [
      8.083002450717231,
      15.2866280736107,
      2.9136794271402096
    ],
    "rotation": [
      -0.02201032919799517,
      0.006921396337096671,
      -1.5703359621888282
    ]
  },
  {
    "label_id": "14QyZM8v7J77UsDSgWPxQQ",
    "size": [
      0.9208221674588183,
      0.24749274453211412,
      0.7599999999999909
    ],
    "obj_class": "sign",
    "point_num_in_lidar": 117,
    "speed": 0.0012200264478338888,
    "if_vehicle": false,
    "motion_state": false,
    "pose": [
      [
        -0.0954368144991669,
        0.9951920909788717,
        0.02201173530989604,
        7.944282822142213
      ],
      [
        -0.9954240206045714,
        -0.0953062305002511,
        -0.00690953191345067,
        33.562022669972066
      ],
      [
        -0.004778455993476749,
        -0.022570433778160388,
        0.999733835516926,
        3.2106249459072274
      ],
      [
        0.0,
        0.0,
        0.0,
        1.0
      ]
    ],
    "location": [
      7.944282822142213,
      33.562022669972066,
      3.2106249459072274
    ],
    "rotation": [
      -0.022572608292185454,
      0.004778474178588929,
      -1.6663797089705104
    ]
  },
  {
    "label_id": "1eqCzNhbNUpvDMRr-M2BCg",
    "size": [
      2.2177272310978204,
      5.261091324533495,
      1.8500000000000227
    ],
    "obj_class": "vehicle",
    "point_num_in_lidar": 182,
    "speed": 1.4210854715202004e-12,
    "if_vehicle": true,
    "motion_state": false,
    "pose": [
      [
        0.02909478616927489,
        0.9993342668629007,
        0.02201173530989604,
        -33.666892206088505
      ],
      [
        -0.9995481520889881,
        0.029253205366696105,
        -0.00690953191345067,
        21.613128779963517
      ],
      [
        -0.007548845822591785,
        -0.021800757999726885,
        0.999733835516926,
        0.9101050577665433
      ],
      [
        0.0,
        0.0,
        0.0,
        1.0
      ]
    ],
    "location": [
      -33.666892206088505,
      21.613128779963517,
      0.9101050577665433
    ],
    "rotation": [
      -0.021803106587738694,
      0.0075489175196857125,
      -1.5416966048690484
    ]
  },
  {
    "label_id": "1xSi2L3-8DlIFMSpizgLkg",
    "size": [
      2.189055783057677,
      4.940660125515044,
      1.5199999999999818
    ],
    "obj_class": "vehicle",
    "point_num_in_lidar": 323,
    "speed": 0.019091691390803547,
    "if_vehicle": true,
    "motion_state": false,
    "pose": [
      [
        -0.09763295950565962,
        0.9949790393404342,
        0.02201173530989604,
        -30.625805810660495
      ],
      [
        -0.9952112565986673,
        -0.09750288769076955,
        -0.00690953191345067,
        21.723965014653004
      ],
      [
        -0.0047286316697374795,
        -0.022580924807187878,
        0.999733835516926,
        0.7356491785473622
      ],
      [
        0.0,
        0.0,
        0.0,
        1.0
      ]
    ],
    "location": [
      -30.625805810660495,
      21.723965014653004,
      0.7356491785473622
    ],
    "rotation": [
      -0.022583096765879756,
      0.004728649291915297,
      -1.6685861616307234
    ]
  },
  {
    "label_id": "303QVPZsmqpcoXSJgCZsaQ",
    "size": [
      2.415480313556931,
      5.381323891110312,
      1.6999999999999886
    ],
    "obj_class": "vehicle",
    "point_num_in_lidar": 53,
    "speed": 5.859285502108464e-13,
    "if_vehicle": true,
    "motion_state": false,
    "pose": [
      [
        -0.038123051879855034,
        -0.999030588332516,
        0.02201173530989604,
        -54.36063190975892
      ],
      [
        0.9992430334359806,
        -0.03828339716373923,
        -0.00690953191345067,
        33.96010243760247
      ],
      [
        0.007745517737728769,
        0.021731660718648408,
        0.999733835516926,
        0.8566555654241483
      ],
      [
        0.0,
        0.0,
        0.0,
        1.0
      ]
    ],
    "location": [
      -54.36063190975892,
      33.96010243760247,
      0.8566555654241483
    ],
    "rotation": [
      0.021734023657251685,
      -0.0077455951860187135,
      1.608929763626672
    ]
  },
  {
    "label_id": "39-kEkDzJEr7nWBZPk1HXw",
    "size": [
      0.9772257133555244,
      0.13068810941669862,
      0.839999999999975
    ],
    "obj_class": "sign",
    "point_num_in_lidar": 36,
    "speed": 0.01957003963298009,
    "if_vehicle": false,
    "motion_state": false,
    "pose": [
      [
        0.05803469425689616,
        0.9980718700430123,
        0.02201173530989604,
        7.48645300820408
      ],
      [
        -0.9982810758615548,
        0.058199243512555426,
        -0.00690953191345067,
        68.19619615297051
      ],
      [
        -0.008177275781414138,
        -0.021572906234687415,
        0.999733835516926,
        2.9774345152031856
      ],
      [
        0.0,
        0.0,
        0.0,
        1.0
      ]
    ],
    "location": [
      7.48645300820408,
      68.19619615297051,
      2.9774345152031856
    ],
    "rotation": [
      -0.021575301359603,
      0.008177366916950162,
      -1.5127270623065987
    ]
  },
  {
    "label_id": "3lFYHvBGrKIH0LWMb4y7rQ",
    "size": [
      1.10753070888889,
      1.024636171793702,
      1.839999999999975
    ],
    "obj_class": "pedestrian",
    "point_num_in_lidar": 853,
    "speed": 2.8421709430404007e-13,
    "if_vehicle": false,
    "motion_state": false,
    "pose": [
      [
        -0.9958274640108327,
        0.08856153471118794,
        0.02201173530989604,
        -6.090324742024677
      ],
      [
        -0.08873241127597131,
        -0.9960315344194123,
        -0.00690953191345067,
        18.414768817816366
      ],
      [
        0.021312463745558584,
        -0.00883385599328901,
        0.999733835516926,
        1.1657691191079493
      ],
      [
        0.0,
        0.0,
        0.0,
        1.0
      ]
    ],
    "location": [
      -6.090324742024677,
      18.414768817816366,
      1.1657691191079493
    ],
    "rotation": [
      -0.00883597791594004,
      -0.02131407750392486,
      -3.052723150807332
    ]
  },
  {
    "label_id": "3rP421kft7U05VnhjguByw",
    "size": [
      1.9612216321239568,
      4.600418306488192,
      1.670000000000016
    ],
    "obj_class": "vehicle",
    "point_num_in_lidar": 23,
    "speed": 2.929642751054232e-13,
    "if_vehicle": true,
    "motion_state": false,
    "pose": [
      [
        -0.42831638963752866,
        0.9033606997631234,
        0.02201173530989604,
        30.413049781338486
      ],
      [
        -0.9036232205588112,
        -0.42827249927547195,
        -0.00690953191345067,
        12.220215798293793
      ],
      [
        0.003185221310188902,
        -0.022849780914070833,
        0.999733835516926,
        0.7854782013763497
      ],
      [
        0.0,
        0.0,
        0.0,
        1.0
      ]
    ],
    "location": [
      30.413049781338486,
      12.220215798293793,
      0.7854782013763497
    ],
    "rotation": [
      -0.022851885684629016,
      -0.0031852266962288517,
      -2.013427517901383
    ]
  },
  {
    "label_id": "4ZoF6vgB7LJluyrGWdiMEg",
    "size": [
      2.0939219872931756,
      4.5423472073732345,
      1.6399999999999864
    ],
    "obj_class": "vehicle",
    "point_num_in_lidar": 28,
    "speed": 2.8421709430404007e-13,
    "if_vehicle": true,
    "motion_state": false,
    "pose": [
      [
        0.06296122586798833,
        0.9977732044637435,
        0.02201173530989604,
        -31.303528227343577
      ],
      [
        -0.9979815953931569,
        0.06312680591687186,
        -0.00690953191345067,
        43.408713001137585
      ],
      [
        -0.008283676341429538,
        -0.02153227412249709,
        0.999733835516926,
        0.6957691191079789
      ],
      [
        0.0,
        0.0,
        0.0,
        1.0
      ]
    ],
    "location": [
      -31.303528227343577,
      43.408713001137585,
      0.6957691191079789
    ],
    "rotation": [
      -0.02153467731020863,
      0.008283771081025007,
      -1.5077912643639484
    ]
  },
  {
    "label_id": "6IFR0_r7f3cgS5In2VHYpw",
    "size": [
      2.0878762987036956,
      4.592505735944987,
      1.4000001284811674
    ],
    "obj_class": "vehicle",
    "point_num_in_lidar": 271,
    "speed": 1.464821375527116e-12,
    "if_vehicle": true,
    "motion_state": false,
    "pose": [
      [
        -0.4176081217948401,
        -0.9083605782505277,
        0.02201173530989604,
        30.53198904220926
      ],
      [
        0.9084954716169412,
        -0.41783757181499187,
        -0.00690953191345067,
        24.556584235851915
      ],
      [
        0.015473676437663801,
        0.017112085206613635,
        0.999733835516926,
        0.7499672535102491
      ],
      [
        0.0,
        0.0,
        0.0,
        1.0
      ]
    ],
    "location": [
      30.53198904220926,
      24.556584235851915,
      0.7499672535102491
    ],
    "rotation": [
      0.017114969734570835,
      -0.015474293993287593,
      2.001662673867535
    ]
  },
  {
    "label_id": "6SSj38rFVlYZfQljhkORQA",
    "size": [
      2.200048472882578,
      4.83994638465002,
      1.5700000313178748
    ],
    "obj_class": "vehicle",
    "point_num_in_lidar": 379,
    "speed": 1.4281732235759946e-12,
    "if_vehicle": true,
    "motion_state": false,
    "pose": [
      [
        -0.3718781272363676,
        -0.9280205504146011,
        0.02201173530989604,
        23.742547828804163
      ],
      [
        0.9281666971387459,
        -0.372100578730118,
        -0.00690953191345067,
        26.11382775234597
      ],
      [
        0.014602767057094231,
        0.01786105587282456,
        0.999733835516926,
        0.7107689754351441
      ],
      [
        0.0,
        0.0,
        0.0,
        1.0
      ]
    ],
    "location": [
      23.742547828804163,
      26.11382775234597,
      0.7107689754351441
    ],
    "rotation": [
      0.017863910635041395,
      -0.014603286091203612,
      1.9518704800468287
    ]
  },
  {
    "label_id": "6YI5y30RVco3JWyYxY8N3g",
    "size": [
      2.052802263987325,
      4.8452979739718565,
      1.5500000000000114
    ],
    "obj_class": "vehicle",
    "point_num_in_lidar": 45,
    "speed": 2.1316282072803006e-13,
    "if_vehicle": true,
    "motion_state": false,
    "pose": [
      [
        0.3830276092994988,
        0.9234745984719653,
        0.02201173530989604,
        42.619550223947954
      ],
      [
        -0.9236180555416836,
        0.3832518047526148,
        -0.00690953191345067,
        66.17119736786844
      ],
      [
        -0.0148168144926576,
        -0.017683894675836795,
        0.999733835516926,
        0.8707691191079903
      ],
      [
        0.0,
        0.0,
        0.0,
        1.0
      ]
    ],
    "location": [
      42.619550223947954,
      66.17119736786844,
      0.8707691191079903
    ],
    "rotation": [
      -0.01768675825724826,
      0.014817356688506849,
      -1.1776791582590274
    ]
  },
  {
    "label_id": "71Pkn__Yn8464dqzz8PnoA",
    "size": [
      2.465860964790277,
      5.7692737988654805,
      1.8999999999999773
    ],
    "obj_class": "vehicle",
    "point_num_in_lidar": 114,
    "speed": 5.859285502108464e-13,
    "if_vehicle": true,
    "motion_state": false,
    "pose": [
      [
        0.430362375433274,
        0.9023877821203459,
        0.02201173530989604,
        55.780753472575725
      ],
      [
        -0.9025194299377263,
        0.43059370287269483,
        -0.00690953191345067,
        -7.394851298227877
      ],
      [
        -0.015713191792610277,
        -0.016892416236422847,
        0.999733835516926,
        0.9398687069909784
      ],
      [
        0.0,
        0.0,
        0.0,
        1.0
      ]
    ],
    "location": [
      55.780753472575725,
      -7.394851298227877,
      0.9398687069909784
    ],
    "rotation": [
      -0.01689530581511838,
      0.015713838473819262,
      -1.1258432632797746
    ]
  },
  {
    "label_id": "7I5_BKi3RbHh9IUT9VERmw",
    "size": [
      0.4800572424727852,
      0.07721192529234176,
      0.6399999999999864
    ],
    "obj_class": "sign",
    "point_num_in_lidar": 50,
    "speed": 0.005896345462802988,
    "if_vehicle": false,
    "motion_state": false,
    "pose": [
      [
        -0.030704192118631915,
        0.9992861132303347,
        0.02201173530989604,
        7.729416601308458
      ],
      [
        -0.9995090872193404,
        -0.03055884380499555,
        -0.00690953191345067,
        33.5440269439041
      ],
      [
        -0.006231946108821058,
        -0.022213081063028318,
        0.999733835516926,
        2.5167924024160016
      ],
      [
        0.0,
        0.0,
        0.0,
        1.0
      ]
    ],
    "location": [
      7.729416601308458,
      33.5440269439041,
      2.5167924024160016
    ],
    "rotation": [
      -0.02221533966752266,
      0.006231986448032756,
      -1.6015059418746285
    ]
  },
  {
    "label_id": "7zzBHnhMjKPx9nzw-2AOQg",
    "size": [
      2.3392588878081666,
      5.257509911976213,
      1.6000000000000227
    ],
    "obj_class": "vehicle",
    "point_num_in_lidar": 98,
    "speed": 5.728578676879116e-13,
    "if_vehicle": true,
    "motion_state": false,
    "pose": [
      [
        -0.041668805666264616,
        0.9988889798886532,
        0.02201173530989604,
        -40.654584679209165
      ],
      [
        -0.9991135355458506,
        -0.041525913088183465,
        -0.00690953191345067,
        21.465226037496905
      ],
      [
        -0.005987797877135991,
        -0.022280134631516096,
        0.999733835516926,
        0.6579567743586381
      ],
      [
        0.0,
        0.0,
        0.0,
        1.0
      ]
    ],
    "location": [
      -40.654584679209165,
      21.465226037496905,
      0.6579567743586381
    ],
    "rotation": [
      -0.02228237789235419,
      0.005987833658521458,
      -1.6124779477367348
    ]
  },
  {
    "label_id": "8hLX6WtWSqu6rWx7p0mnCQ",
    "size": [
      2.383438555553628,
      5.488195120812847,
      2.3100000000000023
    ],
    "obj_class": "vehicle",
    "point_num_in_lidar": 1166,
    "speed": 10.482404276426747,
    "if_vehicle": true,
    "motion_state": true,
    "pose": [
      [
        0.0033565462407508326,
        0.9997520778202869,
        0.02201173530989604,
        -15.19270834513236
      ],
      [
        -0.9999699707672248,
        0.0035094062934943877,
        -0.00690953191345067,
        23.99727099928532
      ],
      [
        -0.006985067009665171,
        -0.021987882151003186,
        0.999733835516926,
        1.1142094396301445
      ],
      [
        0.0,
        0.0,
        0.0,
        1.0
      ]
    ],
    "location": [
      -15.19270834513236,
      23.99727099928532,
      1.1142094396301445
    ],
    "rotation": [
      -0.02199019082883812,
      0.006985123812500673,
      -1.5674396923630616
    ]
  },
  {
    "label_id": "9HLCeuOvjguRsMPWPdxp_g",
    "size": [
      2.2395856089027424,
      5.0509351358754575,
      1.670000000000016
    ],
    "obj_class": "vehicle",
    "point_num_in_lidar": 25,
    "speed": 7.105427357601002e-14,
    "if_vehicle": true,
    "motion_state": false,
    "pose": [
      [
        -0.07115737621521338,
        -0.9972221975662263,
        0.02201173530989604,
        -46.640505438205764
      ],
      [
        0.9974292209606221,
        -0.07132466293382202,
        -0.00690953191345067,
        34.2116373486715
      ],
      [
        0.008460318200452092,
        0.02146348384030459,
        0.999733835516926,
        0.6589886915259058
      ],
      [
        0.0,
        0.0,
        0.0,
        1.0
      ]
    ],
    "location": [
      -46.640505438205764,
      34.2116373486715,
      0.6589886915259058
    ],
    "rotation": [
      0.02146590051636649,
      -0.00846041913104655,
      1.6420164428517507
    ]
  },
  {
    "label_id": "9ZomuLPiVNTUh0GoyUVEig",
    "size": [
      2.4030251921802086,
      5.143758565443172,
      1.6000000000000227
    ],
    "obj_class": "vehicle",
    "point_num_in_lidar": 41,
    "speed": 2.8421709430404007e-13,
    "if_vehicle": true,
    "motion_state": false,
    "pose": [
      [
        -0.44179447681870243,
        -0.8968462096486421,
        0.02201173530989604,
        39.42457874376669
      ],
      [
        0.8969749073058395,
        -0.4420274584597859,
        -0.00690953191345067,
        25.035763503325143
      ],
      [
        0.015926578922347435,
        0.016691381202469602,
        0.999733835516926,
        0.8090518741200867
      ],
      [
        0.0,
        0.0,
        0.0,
        1.0
      ]
    ],
    "location": [
      39.42457874376669,
      25.035763503325143,
      0.8090518741200867
    ],
    "rotation": [
      0.016694273973915517,
      -0.01592725231104233,
      2.028456760171975
    ]
  },
  {
    "label_id": "AFL1N-XB7hfEMBHsxDvkQg",
    "size": [
      2.316868738343809,
      5.169979861084375,
      1.5699999999999932
    ],
    "obj_class": "vehicle",
    "point_num_in_lidar": 140,
    "speed": 2.929642751054232e-13,
    "if_vehicle": true,
    "motion_state": false,
    "pose": [
      [
        -0.02968889522723121,
        -0.9993167931185954,
        0.02201173530989604,
        -33.48125731671462
      ],
      [
        0.9995305841250902,
        -0.02984744155355888,
        -0.00690953191345067,
        33.880107905102705
      ],
      [
        0.007561805256854646,
        0.02179626628285961,
        0.999733835516926,
        0.7220850546842712
      ],
      [
        0.0,
        0.0,
        0.0,
        1.0
      ]
    ],
    "location": [
      -33.48125731671462,
      33.880107905102705,
      0.7220850546842712
    ],
    "rotation": [
      0.0217986158100599,
      -0.00756187732384583,
      1.6004904344322255
    ]
  },
  {
    "label_id": "Bc_BDnL5j2YXCBH4HKF80g",
    "size": [
      1.936247465703112,
      4.70142584633995,
      1.670000000000016
    ],
    "obj_class": "vehicle",
    "point_num_in_lidar": 80,
    "speed": 1.7067822212573438e-12,
    "if_vehicle": true,
    "motion_state": false,
    "pose": [
      [
        -0.03802038189405565,
        -0.9990345009404217,
        0.02201173530989604,
        -36.14959048759238
      ],
      [
        0.9992469625213548,
        -0.03818070534423507,
        -0.00690953191345067,
        34.39560671230538
      ],
      [
        0.007743284346868541,
        0.021732456606179108,
        0.999733835516926,
        0.7587939917968356
      ],
      [
        0.0,
        0.0,
        0.0,
        1.0
      ]
    ],
    "location": [
      -36.14959048759238,
      34.39560671230538,
      0.7587939917968356
    ],
    "rotation": [
      0.0217348193806695,
      -0.00774336172818083,
      1.6088270154073112
    ]
  },
  {
    "label_id": "FjXya5JM_xfBUrb9nDgcNw",
    "size": [
      1.9792069957727771,
      4.673300687547824,
      1.7300000000000182
    ],
    "obj_class": "vehicle",
    "point_num_in_lidar": 606,
    "speed": 8.556067554929069e-13,
    "if_vehicle": true,
    "motion_state": false,
    "pose": [
      [
        -0.412594765886758,
        0.9106486933343169,
        0.02201173530989604,
        24.097740670331405
      ],
      [
        -0.9109104139762111,
        -0.4125463320385057,
        -0.00690953191345067,
        11.959050326553552
      ],
      [
        0.002788704455364456,
        -0.022901555625689442,
        0.999733835516926,
        0.8183707745388915
      ],
      [
        0.0,
        0.0,
        0.0,
        1.0
      ]
    ],
    "location": [
      24.097740670331405,
      11.959050326553552,
      0.8183707745388915
    ],
    "rotation": [
      -0.02290364707952841,
      -0.0027887080699436225,
      -1.9960988467238827
    ]
  },
  {
    "label_id": "GLDf7-Sxvl37cAZNUTUxwg",
    "size": [
      1.0569865237852232,
      1.0129598608742194,
      1.7200000000000273
    ],
    "obj_class": "pedestrian",
    "point_num_in_lidar": 27,
    "speed": 1.4098254389268585,
    "if_vehicle": false,
    "motion_state": true,
    "pose": [
      [
        -0.07530733634205847,
        -0.9969173930681073,
        0.02201173530989604,
        13.780805192441221
      ],
      [
        0.9971237183989015,
        -0.07547548327162527,
        -0.00690953191345067,
        66.58576629683557
      ],
      [
        0.008549578902639635,
        0.021428084916843514,
        0.999733835516926,
        0.9942094396302537
      ],
      [
        0.0,
        0.0,
        0.0,
        1.0
      ]
    ],
    "location": [
      13.780805192441221,
      66.58576629683557,
      0.9942094396302537
    ],
    "rotation": [
      0.021430508454708994,
      -0.008549683061737388,
      1.6461777861336222
    ]
  },
  {
    "label_id": "H1lUV7j4kQdr1ZrhUAjDMA",
    "size": [
      2.417195834413319,
      5.032668523869948,
      1.6999999999999886
    ],
    "obj_class": "vehicle",
    "point_num_in_lidar": 22,
    "speed": 2.929642751054232e-13,
    "if_vehicle": true,
    "motion_state": false,
    "pose": [
      [
        0.4096581366496405,
        -0.9119735163837772,
        0.02201173530989604,
        64.31029677782999
      ],
      [
        0.9122350795929125,
        0.4096088596806098,
        -0.00690953191345067,
        43.59886366045248
      ],
      [
        -0.0027148916842023945,
        0.02291042308118656,
        0.999733835516926,
        1.0167300181997234
      ],
      [
        0.0,
        0.0,
        0.0,
        1.0
      ]
    ],
    "location": [
      64.31029677782999,
      43.59886366045248,
      1.0167300181997234
    ],
    "rotation": [
      0.022912512241966502,
      0.0027148950192935747,
      1.1487153930920497
    ]
  },
  {
    "label_id": "HbiLdhGwZCfK8hMW6X2p1A",
    "size": [
      2.078489418151718,
      4.549582383581769,
      1.7699999324514692
    ],
    "obj_class": "vehicle",
    "point_num_in_lidar": 83,
    "speed": 0.0,
    "if_vehicle": true,
    "motion_state": false,
    "pose": [
      [
        0.47091869918530355,
        0.8819019572867887,
        0.02201173530989604,
        52.5153878152978
      ],
      [
        -0.8820229585815382,
        0.4711557692566305,
        -0.00690953191345067,
        -7.734466144165708
      ],
      [
        -0.016464485801015078,
        -0.016161028120886684,
        0.999733835516926,
        0.8037976239600653
      ],
      [
        0.0,
        0.0,
        0.0,
        1.0
      ]
    ],
    "location": [
      52.5153878152978,
      -7.734466144165708,
      0.8037976239600653
    ],
    "rotation": [
      -0.016163922881665037,
      0.016465229755298003,
      -1.080392068231771
    ]
  },
  {
    "label_id": "IJ3FUi4Z1k7xeHX3cNHhgA",
    "size": [
      2.2733592392574926,
      5.809798929251251,
      2.3000000000000114
    ],
    "obj_class": "vehicle",
    "point_num_in_lidar": 400,
    "speed": 0.008003837365614282,
    "if_vehicle": true,
    "motion_state": false,
    "pose": [
      [
        -0.09658672512725765,
        -0.9950811464588396,
        0.02201173530989604,
        -41.66101889098627
      ],
      [
        0.9952838326792901,
        -0.09675924129487552,
        -0.00690953191345067,
        33.93741117392892
      ],
      [
        0.009005383746099594,
        0.02124055522347291,
        0.999733835516926,
        1.3757691191080994
      ],
      [
        0.0,
        0.0,
        0.0,
        1.0
      ]
    ],
    "location": [
      -41.66101889098627,
      33.93741117392892,
      1.3757691191080994
    ],
    "rotation": [
      0.02124301421890463,
      -0.00900550546871392,
      1.6675377971600112
    ]
  },
  {
    "label_id": "J7T0lm9jnXkEcN7_fLCHcw",
    "size": [
      2.410544790998675,
      5.853048720643227,
      1.9400000523537528
    ],
    "obj_class": "vehicle",
    "point_num_in_lidar": 702,
    "speed": 0.0027937555987116764,
    "if_vehicle": true,
    "motion_state": false,
    "pose": [
      [
        0.4358709929875759,
        -0.8997399407499211,
        0.02201173530989604,
        24.553348152795934
      ],
      [
        0.9000028201049084,
        0.43582930393899516,
        -0.00690953191345067,
        6.5595131684494845
      ],
      [
        -0.0033765774441835966,
        0.02282228839050431,
        0.999733835516926,
        0.9228685687147049
      ],
      [
        0.0,
        0.0,
        0.0,
        1.0
      ]
    ],
    "location": [
      24.553348152795934,
      6.5595131684494845,
      0.9228685687147049
    ],
    "rotation": [
      0.022824400182478527,
      0.0033765838604313154,
      1.1197877555876914
    ]
  },
  {
    "label_id": "Jao2QmyrRud-eUnfm54snQ",
    "size": [
      0.805234280988675,
      0.12316510261808031,
      0.6700000000000159
    ],
    "obj_class": "sign",
    "point_num_in_lidar": 35,
    "speed": 1.156679772130055e-12,
    "if_vehicle": false,
    "motion_state": false,
    "pose": [
      [
        0.08274980904238777,
        -0.9963272316925276,
        0.02201173530989604,
        -18.757996315117452
      ],
      [
        0.9965574787866153,
        0.08261628073934235,
        -0.00690953191345067,
        35.56140769545709
      ],
      [
        0.005065627099697012,
        0.022507721890558635,
        0.999733835516926,
        2.527861120108753
      ],
      [
        0.0,
        0.0,
        0.0,
        1.0
      ]
    ],
    "location": [
      -18.757996315117452,
      35.56140769545709,
      2.527861120108753
    ],
    "rotation": [
      0.02250991157600555,
      -0.00506564876443366,
      1.4879507215346632
    ]
  },
  {
    "label_id": "KHvXvuABsU602FG4vrPPAQ",
    "size": [
      0.7395934614618764,
      0.6695418038208791,
      1.5699999999999932
    ],
    "obj_class": "pedestrian",
    "point_num_in_lidar": 26,
    "speed": 9.078348612004097e-28,
    "if_vehicle": false,
    "motion_state": false,
    "pose": [
      [
        -0.01800959843632522,
        -0.9995954871210702,
        0.02201173530989604,
        -29.636764553885314
      ],
      [
        0.9998111161849766,
        -0.018165635735868792,
        -0.00690953191345067,
        16.70664786942325
      ],
      [
        0.007306594084358234,
        0.021883139754211196,
        0.999733835516926,
        1.0794334019428788
      ],
      [
        0.0,
        0.0,
        0.0,
        1.0
      ]
    ],
    "location": [
      -29.636764553885314,
      16.70664786942325,
      1.0794334019428788
    ],
    "rotation": [
      0.02188547096055433,
      -0.007306659097944925,
      1.588807379759423
    ]
  },
  {
    "label_id": "KRIFGuPyXMFLkXDccz9mLA",
    "size": [
      1.1528322506114714,
      1.3148555747822952,
      1.8799999999999955
    ],
    "obj_class": "pedestrian",
    "point_num_in_lidar": 206,
    "speed": 3.6209605127389755,
    "if_vehicle": false,
    "motion_state": true,
    "pose": [
      [
        -0.02126845748959099,
        -0.9995314583466899,
        0.02201173530989604,
        9.23440569926197
      ],
      [
        0.9997465775403042,
        -0.021425196969584823,
        -0.00690953191345067,
        26.506433581205783
      ],
      [
        0.0073779002746012295,
        0.021859201956017434,
        0.999733835516926,
        1.1306216995337195
      ],
      [
        0.0,
        0.0,
        0.0,
        1.0
      ]
    ],
    "location": [
      9.23440569926197,
      26.506433581205783,
      1.1306216995337195
    ],
    "rotation": [
      0.021861538243540427,
      -0.00737796721028896,
      1.592066967077767
    ]
  },
  {
    "label_id": "LV0eEgqBFEblVK4wVnO9Gg",
    "size": [
      2.3764124997250233,
      5.358373042693289,
      2.0
    ],
    "obj_class": "vehicle",
    "point_num_in_lidar": 51,
    "speed": 9.294168348001827,
    "if_vehicle": true,
    "motion_state": true,
    "pose": [
      [
        -0.01788393614864654,
        -0.9995977432629979,
        0.02201173530989604,
        3.677461881285126
      ],
      [
        0.9998133919411172,
        -0.018039946339581066,
        -0.00690953191345067,
        71.36442545942919
      ],
      [
        0.007303843031520539,
        0.021884058115140027,
        0.999733835516926,
        0.9824252765368442
      ],
      [
        0.0,
        0.0,
        0.0,
        1.0
      ]
    ],
    "location": [
      3.677461881285126,
      71.36442545942919,
      0.9824252765368442
    ],
    "rotation": [
      0.021886389126047123,
      -0.007303907971697646,
      1.5886816935141317
    ]
  },
  {
    "label_id": "M_3sev6zG_NGRjA1B8leIg",
    "size": [
      2.096085307617256,
      4.811468628086786,
      1.4700000000000273
    ],
    "obj_class": "vehicle",
    "point_num_in_lidar": 20,
    "speed": 0.0017006850426543169,
    "if_vehicle": true,
    "motion_state": false,
    "pose": [
      [
        0.31178759388501864,
        -0.9498968258753356,
        0.02201173530989604,
        33.74283728747423
      ],
      [
        0.95015178130575,
        0.3117111657452252,
        -0.00690953191345067,
        42.31680159820098
      ],
      [
        -0.0002979612406519045,
        0.023068795844494925,
        0.999733835516926,
        0.7507691191080994
      ],
      [
        0.0,
        0.0,
        0.0,
        1.0
      ]
    ],
    "location": [
      33.74283728747423,
      42.31680159820098,
      0.7507691191080994
    ],
    "rotation": [
      0.02307084344326205,
      0.0002979612450607826,
      1.2537224819748622
    ]
  },
  {
    "label_id": "O0ipbuwo_Nd7uLn6JzKcdA",
    "size": [
      2.081141305883349,
      4.05562961252444,
      1.4800000000000182
    ],
    "obj_class": "vehicle",
    "point_num_in_lidar": 176,
    "speed": 1.910130110189991,
    "if_vehicle": true,
    "motion_state": true,
    "pose": [
      [
        -0.0014199248058662226,
        -0.9997567040646403,
        0.02201173530989604,
        -0.9294651976151727
      ],
      [
        0.9999748927072767,
        -0.001572362492395945,
        -0.00690953191345067,
        46.37383410788789
      ],
      [
        0.006942461279414717,
        0.02200137163905343,
        0.999733835516926,
        1.072154387662124
      ],
      [
        0.0,
        0.0,
        0.0,
        1.0
      ]
    ],
    "location": [
      -0.9294651976151727,
      46.37383410788789,
      1.072154387662124
    ],
    "rotation": [
      0.022003677380489264,
      -0.006942517049148044,
      1.5722162862977773
    ]
  },
  {
    "label_id": "O6UhqghW5uk0MKik8e2tKQ",
    "size": [
      2.054213055736238,
      4.047416479704233,
      1.490000000000009
    ],
    "obj_class": "vehicle",
    "point_num_in_lidar": 24,
    "speed": 3.1776437161565096e-13,
    "if_vehicle": true,
    "motion_state": false,
    "pose": [
      [
        0.42270277114169097,
        0.9060010213999664,
        0.02201173530989604,
        49.22783347511995
      ],
      [
        -0.9061346240778113,
        0.42293297508718863,
        -0.00690953191345067,
        -7.2700531962073
      ],
      [
        -0.01556953167242802,
        -0.017024917213225382,
        0.999733835516926,
        0.7137975818307041
      ],
      [
        0.0,
        0.0,
        0.0,
        1.0
      ]
    ],
    "location": [
      49.22783347511995,
      -7.2700531962073,
      0.7137975818307041
    ],
    "rotation": [
      -0.017027803941896267,
      0.01557016077690615,
      -1.1343142222822908
    ]
  },
  {
    "label_id": "TPHe_VyIVOzq8VdRRqF9Zg",
    "size": [
      2.0058904394794883,
      4.565020036356494,
      1.6000000453332746
    ],
    "obj_class": "vehicle",
    "point_num_in_lidar": 71,
    "speed": 8.556067554929069e-13,
    "if_vehicle": true,
    "motion_state": false,
    "pose": [
      [
        -0.36715799779449865,
        -0.9298981063343349,
        0.02201173530989604,
        36.317230488233236
      ],
      [
        0.9300453814615196,
        -0.3673797038362809,
        -0.00690953191345067,
        25.127545031966292
      ],
      [
        0.014511825441046643,
        0.01793502285988252,
        0.999733835516926,
        0.7456453703026682
      ],
      [
        0.0,
        0.0,
        0.0,
        1.0
      ]
    ],
    "location": [
      36.317230488233236,
      25.127545031966292,
      0.7456453703026682
    ],
    "rotation": [
      0.01793787360878916,
      -0.01451233483765233,
      1.9467896729207945
    ]
  },
  {
    "label_id": "UPUrwhSAWY0hRjVblV6Ffw",
    "size": [
      1.9811131594897649,
      4.840930672681207,
      1.660000000000025
    ],
    "obj_class": "vehicle",
    "point_num_in_lidar": 27,
    "speed": 7.105427357601002e-14,
    "if_vehicle": true,
    "motion_state": false,
    "pose": [
      [
        -0.45831667663970305,
        0.8885163518037161,
        0.02201173530989604,
        54.499843526864424
      ],
      [
        -0.88878019471408,
        -0.4582815988589757,
        -0.00690953191345067,
        12.126678671214904
      ],
      [
        0.003948341163069187,
        -0.022730348098432867,
        0.999733835516926,
        0.967110632058791
      ],
      [
        0.0,
        0.0,
        0.0,
        1.0
      ]
    ],
    "location": [
      54.499843526864424,
      12.126678671214904,
      0.967110632058791
    ],
    "rotation": [
      -0.022732483121066085,
      -0.00394835142185142,
      -2.0469006662276508
    ]
  },
  {
    "label_id": "UahDY1qvMQ82owWsLmLHZQ",
    "size": [
      2.0024935692269334,
      4.635795969975856,
      1.420000000000016
    ],
    "obj_class": "vehicle",
    "point_num_in_lidar": 55,
    "speed": 0.004460713380314217,
    "if_vehicle": true,
    "motion_state": false,
    "pose": [
      [
        -0.010710250116687326,
        0.9997003421281224,
        0.02201173530989604,
        -35.91704548999314
      ],
      [
        -0.9999203642402206,
        -0.010560470938435138,
        -0.00690953191345067,
        60.29688461860678
      ],
      [
        -0.006675007126777131,
        -0.02208398520361286,
        0.999733835516926,
        0.83553542510856
      ],
      [
        0.0,
        0.0,
        0.0,
        1.0
      ]
    ],
    "location": [
      -35.91704548999314,
      60.29688461860678,
      0.83553542510856
    ],
    "rotation": [
      -0.02208627278685208,
      0.006675056696062587,
      -1.5815070203064316
    ]
  },
  {
    "label_id": "WDJKr51g-iNhS0gJaIfkjA",
    "size": [
      2.181372980363255,
      4.576132587612332,
      1.3600000000000136
    ],
    "obj_class": "vehicle",
    "point_num_in_lidar": 78,
    "speed": 5.684341886080801e-13,
    "if_vehicle": true,
    "motion_state": false,
    "pose": [
      [
        0.39602673437984576,
        -0.9179751135870091,
        0.02201173530989604,
        61.07640169366823
      ],
      [
        0.9182359136764955,
        0.39597356629379793,
        -0.00690953191345067,
        42.91609726322167
      ],
      [
        -0.0023732869878917073,
        0.022948325243664757,
        0.999733835516926,
        0.9056491785476055
      ],
      [
        0.0,
        0.0,
        0.0,
        1.0
      ]
    ],
    "location": [
      61.07640169366823,
      42.91609726322167,
      0.9056491785476055
    ],
    "rotation": [
      0.022950404562603645,
      0.0023732892158170047,
      1.1636093744171139
    ]
  },
  {
    "label_id": "XBJijn3TzVqDMnZ5Eo0ysA",
    "size": [
      2.205516407098783,
      4.839068010254081,
      1.6999999999999886
    ],
    "obj_class": "vehicle",
    "point_num_in_lidar": 32,
    "speed": 5.684341886080801e-13,
    "if_vehicle": true,
    "motion_state": false,
    "pose": [
      [
        -0.46798288877849875,
        -0.8834633548253025,
        0.02201173530989604,
        60.82588923617459
      ],
      [
        0.8835851439457718,
        -0.46821955508827967,
        -0.00690953191345067,
        24.75376427329138
      ],
      [
        0.016410643158050117,
        0.016215699607326845,
        0.999733835516926,
        0.884932476364952
      ],
      [
        0.0,
        0.0,
        0.0,
        1.0
      ]
    ],
    "location": [
      60.82588923617459,
      24.75376427329138,
      0.884932476364952
    ],
    "rotation": [
      0.01621859458850539,
      -0.016411379836885388,
      2.057874566075643
    ]
  },
  {
    "label_id": "XL2HZ5nBolrrTWtjghg-QQ",
    "size": [
      1.933251944839624,
      4.5287539990138015,
      1.5699999999999932
    ],
    "obj_class": "vehicle",
    "point_num_in_lidar": 61,
    "speed": 1.4281732235759946e-12,
    "if_vehicle": true,
    "motion_state": false,
    "pose": [
      [
        0.029371947053610903,
        0.9993261590866752,
        0.02201173530989604,
        -30.874662622300093
      ],
      [
        -0.999540000367504,
        0.029530425565288492,
        -0.00690953191345067,
        34.273452682609786
      ],
      [
        -0.0075548918992871805,
        -0.021798663514215777,
        0.999733835516926,
        0.7028585551499873
      ],
      [
        0.0,
        0.0,
        0.0,
        1.0
      ]
    ],
    "location": [
      -30.874662622300093,
      34.273452682609786,
      0.7028585551499873
    ],
    "rotation": [
      -0.021801012540280176,
      0.007554963768794555,
      -1.541419316229158
    ]
  },
  {
    "label_id": "aBfZK79ylDzaSLoIvIuLKg",
    "size": [
      0.8684472722431313,
      0.1641085882203508,
      0.9399999999999977
    ],
    "obj_class": "sign",
    "point_num_in_lidar": 20,
    "speed": 0.008179358318350146,
    "if_vehicle": false,
    "motion_state": false,
    "pose": [
      [
        0.034369527851429625,
        0.9991667623895008,
        0.02201173530989604,
        7.907357264315124
      ],
      [
        -0.9993798083944166,
        0.03452907386936612,
        -0.00690953191345067,
        86.18921895670974
      ],
      [
        -0.007663819466097772,
        -0.02176060646689283,
        0.999733835516926,
        3.005769119108436
      ],
      [
        0.0,
        0.0,
        0.0,
        1.0
      ]
    ],
    "location": [
      7.907357264315124,
      86.18921895670974,
      3.005769119108436
    ],
    "rotation": [
      -0.021762963419138106,
      0.007663894489373963,
      -1.5364190187871725
    ]
  },
  {
    "label_id": "aH4CifP98VP1LwWVbnjEww",
    "size": [
      0.811183078413849,
      0.13501192777146076,
      0.8199999999999932
    ],
    "obj_class": "sign",
    "point_num_in_lidar": 38,
    "speed": 0.005330012586660274,
    "if_vehicle": false,
    "motion_state": false,
    "pose": [
      [
        0.9962221553442253,
        0.08400536119768441,
        0.02201173530989604,
        -21.934553298090577
      ],
      [
        -0.08387212316876078,
        0.9964525705340427,
        -0.00690953191345067,
        40.45564639723307
      ],
      [
        -0.02251408795555721,
        0.005037257800167773,
        0.999733835516926,
        1.459889455876521
      ],
      [
        0.0,
        0.0,
        0.0,
        1.0
      ]
    ],
    "location": [
