[
  {
    "label_id": "0X-5YbX76mfO3JdaVTit6A",
    "size": [
      2.036485384754259,
      4.528660799265791,
      1.5
    ],
    "obj_class": "vehicle",
    "point_num_in_lidar": 64,
    "speed": 1.1368683772161603e-12,
    "if_vehicle": true,
    "motion_state": false,
    "pose": [
      [
        0.034640265011267726,
        0.9984226988373143,
        0.04418332814946136,
        -46.22040728207503
      ],
      [
        -0.999398517521555,
        0.03467843254002128,
        -9.742836090730217e-05,
        41.70301674385337
      ],
      [
        -0.0016294832516650835,
        -0.04415337770749863,
        0.9990234351712434,
        0.7257691191080085
      ],
      [
        0.0,
        0.0,
        0.0,
        1.0
      ]
    ],
    "location": [
      -46.22040728207503,
      41.70301674385337,
      0.7257691191080085
    ],
    "rotation": [
      -0.04416779530473487,
      0.001629483972770855,
      -1.536149084271179
    ]
  },
  {
    "label_id": "1R2shICtoOLMvy0fumS_Fg",
    "size": [
      0.23895940265117527,
      0.05266624247451546,
      0.5400000000000205
    ],
    "obj_class": "sign",
    "point_num_in_lidar": 112,
    "speed": 0.00797022025187418,
    "if_vehicle": false,
    "motion_state": false,
    "pose": [
      [
        -0.9988358069834238,
        -0.019361410109023616,
        0.04418332814946136,
        7.781859412747963
      ],
      [
        0.01937602797159239,
        -0.9998122624011764,
        -9.742836090730217e-05,
        34.936194821937534
      ],
      [
        0.04417691962797832,
        0.0007587824666120913,
        0.9990234351712434,
        1.3781474623277177
      ],
      [
        0.0,
        0.0,
        0.0,
        1.0
      ]
    ],
    "location": [
      7.781859412747963,
      34.936194821937534,
      1.3781474623277177
    ],
    "rotation": [
      0.0007595240451732027,
      -0.044191301543117206,
      3.1221964746128865
    ]
  },
  {
    "label_id": "1eqCzNhbNUpvDMRr-M2BCg",
    "size": [
      2.2177272310978204,
      5.261091324533495,
      1.8500000000000227
    ],
    "obj_class": "vehicle",
    "point_num_in_lidar": 151,
    "speed": 1.4210854715202004e-12,
    "if_vehicle": true,
    "motion_state": false,
    "pose": [
      [
        0.02907341749109714,
        0.998600305382001,
        0.04418332814946136,
        -33.66689220608896
      ],
      [
        -0.9995763216889334,
        0.029106144137218178,
        -9.742836090730217e-05,
        21.6131287799617
      ],
      [
        -0.0013832983085351313,
        -0.044161776056201564,
        0.9990234351712434,
        0.9101050577665433
      ],
      [
        0.0,
        0.0,
        0.0,
        1.0
      ]
    ],
    "location": [
      -33.66689220608896,
      21.6131287799617,
      0.9101050577665433
    ],
    "rotation": [
      -0.04417618547107214,
      0.001383298749695673,
      -1.5417187841334943
    ]
  },
  {
    "label_id": "1xSi2L3-8DlIFMSpizgLkg",
    "size": [
      2.189055783057677,
      4.940660125515044,
      1.5199999999999818
    ],
    "obj_class": "vehicle",
    "point_num_in_lidar": 274,
    "speed": 0.019091691549581295,
    "if_vehicle": true,
    "motion_state": false,
    "pose": [
      [
        -0.09756125293667532,
        0.9942482765582565,
        0.04418332814946136,
        -30.615847594664956
      ],
      [
        -0.995220584905536,
        -0.09765233170793938,
        -9.742836090730217e-05,
        21.7939019363821
      ],
      [
        0.004217737036491955,
        -0.043981662916941854,
        0.9990234351712434,
        0.7356491785473622
      ],
      [
        0.0,
        0.0,
        0.0,
        1.0
      ]
    ],
    "location": [
      -30.615847594664956,
      21.7939019363821,
      0.7356491785473622
    ],
    "rotation": [
      -0.0439962464503397,
      -0.004217749541694319,
      -1.6685138862449265
    ]
  },
  {
    "label_id": "39-kEkDzJEr7nWBZPk1HXw",
    "size": [
      0.977225713355524,
      0.13068810941669862,
      0.839999999999975
    ],
    "obj_class": "sign",
    "point_num_in_lidar": 92,
    "speed": 0.013510700538031889,
    "if_vehicle": false,
    "motion_state": false,
    "pose": [
      [
        0.05799207065079687,
        0.997338835729999,
        0.04418332814946136,
        7.538347966732545
      ],
      [
        -0.9983134942079462,
        0.058053060126364645,
        -9.742836090730217e-05,
        68.20097690765033
      ],
      [
        -0.0026621464936779503,
        -0.04410316263823595,
        0.9990234351712434,
        2.97579815218171
      ],
      [
        0.0,
        0.0,
        0.0,
        1.0
      ]
    ],
    "location": [
      7.538347966732545,
      68.20097690765033,
      2.97579815218171
    ],
    "rotation": [
      -0.04411762902935561,
      0.002662149638137307,
      -1.5127714956778402
    ]
  },
  {
    "label_id": "4KLepsi_DW90MB8EG8E5xQ",
    "size": [
      2.01832546981808,
      4.764829562322304,
      1.5
    ],
    "obj_class": "vehicle",
    "point_num_in_lidar": 86,
    "speed": 8.556067554929069e-13,
    "if_vehicle": true,
    "motion_state": false,
    "pose": [
      [
        0.40629754383667827,
        0.9126719779778053,
        0.04418332814946136,
        39.52861704395082
      ],
      [
        -0.9135623714759264,
        0.4066986401882798,
        -9.742836090730217e-05,
        66.14477458562033
      ],
      [
        -0.018058219612238878,
        -0.0403246411401843,
        0.9990234351712434,
        0.8257691191079175
      ],
      [
        0.0,
        0.0,
        0.0,
        1.0
      ]
    ],
    "location": [
      39.52861704395082,
      66.14477458562033,
      0.8257691191079175
    ],
    "rotation": [
      -0.04034215951920893,
      0.01805920121840697,
      -1.1523253894619632
    ]
  },
  {
    "label_id": "4ZoF6vgB7LJluyrGWdiMEg",
    "size": [
      2.093921987293181,
      4.5423472073732345,
      1.6399999999999864
    ],
    "obj_class": "vehicle",
    "point_num_in_lidar": 52,
    "speed": 2.8421709430404007e-13,
    "if_vehicle": true,
    "motion_state": false,
    "pose": [
      [
        0.06291498396864585,
        0.9970403895057924,
        0.04418332814946136,
        -31.30352822734403
      ],
      [
        -0.9980147350164339,
        0.06298078435357857,
        -9.742836090730217e-05,
        43.408713001135766
      ],
      [
        -0.002879840673112551,
        -0.044089482831464244,
        0.9990234351712434,
        0.6957691191080357
      ],
      [
        0.0,
        0.0,
        0.0,
        1.0
      ]
    ],
    "location": [
      -31.30352822734403,
      43.408713001135766,
      0.6957691191080357
    ],
    "rotation": [
      -0.044103962476702376,
      0.0028798446537786834,
      -1.5078395012947932
    ]
  },
  {
    "label_id": "6SSj38rFVlYZfQljhkORQA",
    "size": [
      2.2000484728825755,
      4.83994638465002,
      1.5700000313178748
    ],
    "obj_class": "vehicle",
    "point_num_in_lidar": 696,
    "speed": 1.4281732235759946e-12,
    "if_vehicle": true,
    "motion_state": false,
    "pose": [
      [
        -0.37160500118632567,
        -0.927338965323332,
        0.04418332814946136,
        23.74254782880371
      ],
      [
        0.928243845580494,
        -0.3719722484939576,
        -9.742836090730217e-05,
        26.11382775234415
      ],
      [
        0.01652532103309844,
        0.04097669756583036,
        0.9990234351712434,
        0.7107689754351441
      ],
      [
        0.0,
        0.0,
        0.0,
        1.0
      ]
    ],
    "location": [
      23.74254782880371,
      26.11382775234415,
      0.7107689754351441
    ],
    "rotation": [
      0.04099377443492591,
      -0.016526073265160868,
      1.9515882150846067
    ]
  },
  {
    "label_id": "6YI5y30RVco3JWyYxY8N3g",
    "size": [
      2.052802263987332,
      4.8452979739718565,
      1.5500000000000114
    ],
    "obj_class": "vehicle",
    "point_num_in_lidar": 87,
    "speed": 2.1316282072803006e-13,
    "if_vehicle": true,
    "motion_state": false,
    "pose": [
      [
        0.38274629450757175,
        0.9227963521570511,
        0.04418332814946136,
        42.6195502239475
      ],
      [
        -0.9236967439109441,
        0.3831244129470662,
        -9.742836090730217e-05,
        66.17119736787026
      ],
      [
        -0.017017618195351865,
        -0.040774706002689,
        0.9990234351712434,
        0.8707691191079903
      ],
      [
        0.0,
        0.0,
        0.0,
        1.0
      ]
    ],
    "location": [
      42.6195502239475,
      66.17119736787026,
      0.8707691191079903
    ],
    "rotation": [
      -0.040791923338914696,
      0.017018439684214428,
      -1.177969199337712
    ]
  },
  {
    "label_id": "7I5_BKi3RbHh9IUT9VERmw",
    "size": [
      0.4800572424727854,
      0.07721192529234176,
      0.6399999999999864
    ],
    "obj_class": "sign",
    "point_num_in_lidar": 70,
    "speed": 0.009860416583102726,
    "if_vehicle": false,
    "motion_state": false,
    "pose": [
      [
        -0.03068164141156172,
        0.9985521871158911,
        0.04418332814946136,
        7.725219004782048
      ],
      [
        -0.9995284141180297,
        -0.030707326135811282,
        -9.742836090730217e-05,
        33.52673656023762
      ],
      [
        0.0012594645643799782,
        -0.04416548117772029,
        0.9990234351712434,
        2.5167924024160584
      ],
      [
        0.0,
        0.0,
        0.0,
        1.0
      ]
    ],
    "location": [
      7.725219004782048,
      33.52673656023762,
      2.5167924024160584
    ],
    "rotation": [
      -0.04417988698077672,
      -0.0012594648973513675,
      -1.6014828083536043
    ]
  },
  {
    "label_id": "7fi3RH1tDAN7KdBm3uskXw",
    "size": [
      2.013828435781701,
      4.671199321269581,
      1.5699999999999932
    ],
    "obj_class": "vehicle",
    "point_num_in_lidar": 43,
    "speed": 1.464821375527116e-12,
    "if_vehicle": true,
    "motion_state": false,
    "pose": [
      [
        -0.47079670280189995,
        -0.881134665158792,
        0.04418332814946136,
        45.40282257418539
      ],
      [
        0.8819939524275864,
        -0.4712607116966986,
        -9.742836090730217e-05,
        25.29213115062157
      ],
      [
        0.020907714175008963,
        0.03892355927487391,
        0.9990234351712434,
        0.7779317674882122
      ],
      [
        0.0,
        0.0,
        0.0,
        1.0
      ]
    ],
    "location": [
      45.40282257418539,
      25.29213115062157,
      0.7779317674882122
    ],
    "rotation": [
      0.03894191108453763,
      -0.020909237714992646,
      2.061106608008888
    ]
  },
  {
    "label_id": "7zzBHnhMjKPx9nzw-2AOQg",
    "size": [
      2.339258887808174,
      5.257509911976213,
      1.6000000000000227
    ],
    "obj_class": "vehicle",
    "point_num_in_lidar": 84,
    "speed": 5.728578676879116e-13,
    "if_vehicle": true,
    "motion_state": false,
    "pose": [
      [
        -0.04163820199407266,
        0.9981553454489627,
        0.04418332814946136,
        -40.65458467920962
      ],
      [
        -0.9991312317914967,
        -0.04167459857660692,
        -9.742836090730217e-05,
        21.465226037495086
      ],
      [
        0.0017440738251693446,
        -0.044148999820390646,
        0.9990234351712434,
        0.6579567743586381
      ],
      [
        0.0,
        0.0,
        0.0,
        1.0
      ]
    ],
    "location": [
      -40.65458467920962,
      21.465226037495086,
      0.6579567743586381
    ],
    "rotation": [
      -0.044163421680459156,
      -0.0017440747093559613,
      -1.6124466332031828
    ]
  },
  {
    "label_id": "9ZomuLPiVNTUh0GoyUVEig",
    "size": [
      2.403025192180213,
      5.143758565443172,
      1.6000000000000227
    ],
    "obj_class": "vehicle",
    "point_num_in_lidar": 85,
    "speed": 2.8421709430404007e-13,
    "if_vehicle": true,
    "motion_state": false,
    "pose": [
      [
        -0.44147000067572345,
        -0.8961875205653189,
        0.04418332814946136,
        39.42457874376623
      ],
      [
        0.897061648639448,
        -0.44190540735319134,
        -9.742836090730217e-05,
        25.03576350332696
      ],
      [
        0.019612165705301703,
        0.03959215749357796,
        0.9990234351712434,
        0.8090518741200867
      ],
      [
        0.0,
        0.0,
        0.0,
        1.0
      ]
    ],
    "location": [
      39.42457874376623,
      25.03576350332696,
      0.8090518741200867
    ],
    "rotation": [
      0.03961013098506062,
      -0.019613423183872727,
      2.0281272862144837
    ]
  },
  {
    "label_id": "AFL1N-XB7hfEMBHsxDvkQg",
    "size": [
      2.3168687383438047,
      5.169979861084375,
      1.5699999999999932
    ],
    "obj_class": "vehicle",
    "point_num_in_lidar": 31,
    "speed": 2.929642751054232e-13,
    "if_vehicle": true,
    "motion_state": false,
    "pose": [
      [
        -0.029667090205399264,
        -0.9985828444712946,
        0.04418332814946136,
        -33.48125731671462
      ],
      [
        0.9995588411494266,
        -0.029700397097176427,
        -9.742836090730217e-05,
        33.880107905102705
      ],
      [
        0.0014095526808808455,
        0.04416094586722883,
        0.9990234351712434,
        0.7220850546842712
      ],
      [
        0.0,
        0.0,
        0.0,
        1.0
      ]
    ],
    "location": [
      -33.48125731671462,
      33.880107905102705,
      0.7220850546842712
    ],
    "rotation": [
      0.044175356091215326,
      -0.0014095531476402464,
      1.600467800056559
    ]
  },
  {
    "label_id": "Bc_BDnL5j2YXCBH4HKF80g",
    "size": [
      1.9362474657031137,
      4.70142584633995,
      1.670000000000016
    ],
    "obj_class": "vehicle",
    "point_num_in_lidar": 31,
    "speed": 1.7067822212573438e-12,
    "if_vehicle": true,
    "motion_state": false,
    "pose": [
      [
        -0.037992457808268425,
        -0.9983007596227322,
        0.04418332814946136,
        -36.14959048759329
      ],
      [
        0.9992764446517405,
        -0.03803390161279425,
        -9.742836090730217e-05,
        34.39560671230538
      ],
      [
        0.0017777271624649733,
        0.04414765752318381,
        0.9990234351712434,
        0.7587939917968924
      ],
      [
        0.0,
        0.0,
        0.0,
        1.0
      ]
    ],
    "location": [
      -36.14959048759329,
      34.39560671230538,
      0.7587939917968924
    ],
    "rotation": [
      0.044162080689934075,
      -0.001777728098828938,
      1.6087979905115273
    ]
  },
  {
    "label_id": "Cc4GN5NKm3dtq0Hi5UrAgQ",
    "size": [
      2.4562832064207356,
      5.5493346788713325,
      1.8999999999999773
    ],
    "obj_class": "vehicle",
    "point_num_in_lidar": 45,
    "speed": 2.929642751054232e-13,
    "if_vehicle": true,
    "motion_state": false,
    "pose": [
      [
        -0.4169526891875992,
        0.9078536712999878,
        0.04418332814946136,
        42.54799573019045
      ],
      [
        -0.9087429056401437,
        -0.4173563488871631,
        -9.742836090730217e-05,
        48.81526814575591
      ],
      [
        0.018351741823004173,
        -0.04019190902047691,
        0.9990234351712434,
        1.0257691191080767
      ],
      [
        0.0,
        0.0,
        0.0,
        1.0
      ]
    ],
    "location": [
      42.54799573019045,
      48.81526814575591,
      1.0257691191080767
    ],
    "rotation": [
      -0.04020951305590714,
      -0.018352772082080755,
      -2.000963684410244
    ]
  },
  {
    "label_id": "DHUkdQXbOqQov8-wGY1Imw",
    "size": [
      2.08181131819995,
      4.630890369444594,
      1.579999999999984
    ],
    "obj_class": "vehicle",
    "point_num_in_lidar": 44,
    "speed": 1.7053025658242404e-12,
    "if_vehicle": true,
    "motion_state": false,
    "pose": [
      [
        -0.5421787817297125,
        -0.8391007103773194,
        0.04418332814946136,
        54.0354599760185
      ],
      [
        0.8399186011582221,
        -0.5427123860168754,
        -9.742836090730217e-05,
        60.597246067089145
      ],
      [
        0.024060591649008964,
        0.03705757558378764,
        0.9990234351712434,
        0.8857691191080903
      ],
      [
        0.0,
        0.0,
        0.0,
        1.0
      ]
    ],
    "location": [
      54.0354599760185,
      60.597246067089145,
      0.8857691191080903
    ],
    "rotation": [
      0.037076801044540204,
      -0.02406291374847914,
      2.144011112542283
    ]
  },
  {
    "label_id": "GLDf7-Sxvl37cAZNUTUxwg",
    "size": [
      1.0569865237831348,
      1.0129598608742194,
      1.7200000000000273
    ],
    "obj_class": "pedestrian",
    "point_num_in_lidar": 59,
    "speed": 1.3702331910759349,
    "if_vehicle": false,
    "motion_state": true,
    "pose": [
      [
        -0.3860675073666921,
        -0.9214118043900383,
        0.04418332814946136,
        12.986738761419929
      ],
      [
        0.9223108284099347,
        -0.38644886635296843,
        -9.742836090730217e-05,
        71.65199831227255
      ],
      [
        0.017164368716882903,
        0.04071314806299539,
        0.9990234351712434,
        0.9792099855090441
      ],
      [
        0.0,
        0.0,
        0.0,
        1.0
      ]
    ],
    "location": [
      12.986738761419929,
      71.65199831227255,
      0.9792099855090441
    ],
    "rotation": [
      0.040730407545279866,
      -0.017165211643638573,
      1.9672227609319066
    ]
  },
  {
    "label_id": "HR7ODqVDsxN9DewtuuPdPQ",
    "size": [
      1.7879478997040388,
      4.074029232176627,
      1.6100000000000136
    ],
    "obj_class": "vehicle",
    "point_num_in_lidar": 41,
    "speed": 3.552713678800501e-13,
    "if_vehicle": true,
    "motion_state": false,
    "pose": [
      [
        -0.5482160950462919,
        -0.8351688132622245,
        0.04418332814946136,
        57.399478978792104
      ],
      [
        0.8359828345349816,
        -0.54875558390833,
        -9.742836090730217e-05,
        60.1163549590874
      ],
      [
        0.024327217166228057,
        0.03688309211001259,
        0.9990234351712434,
        0.9907461048147184
      ],
      [
        0.0,
        0.0,
        0.0,
        1.0
      ]
    ],
    "location": [
      57.399478978792104,
      60.1163549590874,
      0.9907461048147184
    ],
    "rotation": [
      0.03690238586814841,
      -0.02432961733472247,
      2.1512201357503566
    ]
  },
  {
    "label_id": "IJ3FUi4Z1k7xeHX3cNHhgA",
    "size": [
      2.2733592392574935,
      5.809798929251251,
      2.3000000000000114
    ],
    "obj_class": "vehicle",
    "point_num_in_lidar": 170,
    "speed": 0.008003837433029874,
    "if_vehicle": true,
    "motion_state": false,
    "pose": [
      [
        -0.09651578696556219,
        -0.9943503086840448,
        0.04418332814946136,
        -41.6315963918928
      ],
      [
        0.9953218796893941,
        -0.09661442086606858,
        -9.742836090730217e-05,
        33.93403573100659
      ],
      [
        0.004365624581838431,
        0.043967229849729464,
        0.9990234351712434,
        1.3757691191080994
      ],
      [
        0.0,
        0.0,
        0.0,
        1.0
      ]
    ],
    "location": [
      -41.6315963918928,
      33.93403573100659,
      1.3757691191080994
    ],
    "rotation": [
      0.04398182721229269,
      -0.004365638449129551,
      1.6674635149984571
    ]
  },
  {
    "label_id": "IKfXUgFeE1HCCCYKAae06Q",
    "size": [
      1.9279103953218057,
      4.1409722562418345,
      1.3700000000000045
    ],
    "obj_class": "vehicle",
    "point_num_in_lidar": 44,
    "speed": 3.552713678800501e-13,
    "if_vehicle": true,
    "motion_state": false,
    "pose": [
      [
        -0.020971436452444557,
        -0.9988033001380994,
        0.04418332814946136,
        37.03283034326296
      ],
      [
        0.9997795498193105,
        -0.020996244207273605,
        -9.742836090730217e-05,
        83.34583414368899
      ],
      [
        0.001024995716117456,
        0.04417154471410791,
        0.9990234351712434,
        0.8617924024156309
      ],
      [
        0.0,
        0.0,
        0.0,
        1.0
      ]
    ],
    "location": [
      37.03283034326296,
      83.34583414368899,
      0.8617924024156309
    ],
    "rotation": [
      0.04418594460371458,
      -0.0010249958955970613,
      1.5917693117808491
    ]
  },
  {
    "label_id": "IfdBu2DI2RfhBAJHUGroQg",
    "size": [
      1.959268703566727,
      4.630915370245238,
      1.5400000000000205
    ],
    "obj_class": "vehicle",
    "point_num_in_lidar": 52,
    "speed": 5.728578676879116e-13,
    "if_vehicle": true,
    "motion_state": false,
    "pose": [
      [
        -0.4102627443148417,
        -0.9108964343661096,
        0.04418332814946136,
        33.13559208962488
      ],
      [
        0.9117850751503154,
        -0.4106677090310953,
        -9.742836090730217e-05,
        25.16788217359135
      ],
      [
        0.018233413295064994,
        0.040245727950427745,
        0.9990234351712434,
        0.7428903844461274
      ],
      [
        0.0,
        0.0,
        0.0,
        1.0
      ]
    ],
    "location": [
      33.13559208962488,
      25.16788217359135,
      0.7428903844461274
    ],
    "rotation": [
      0.04026329742563759,
      -0.018234423751651633,
      1.9936132779366014
    ]
  },
  {
    "label_id": "Jao2QmyrRud-eUnfm54snQ",
    "size": [
      0.8052342809886743,
      0.12316510261808031,
      0.6700000000000159
    ],
    "obj_class": "sign",
    "point_num_in_lidar": 25,
    "speed": 0.015508704358446552,
    "if_vehicle": false,
    "motion_state": false,
    "pose": [
      [
        0.08268903340962142,
        -0.9955954787299004,
        0.04418332814946136,
        -18.71832684590936
      ],
      [
        0.9965690398348624,
        0.08276556862811266,
        -9.742836090730217e-05,
        35.554184760749195
      ],
      [
        -0.0035598590425532906,
        0.04403979316760746,
        0.9990234351712434,
        2.527861120108753
      ],
      [
        0.0,
        0.0,
        0.0,
        1.0
      ]
    ],
    "location": [
      -18.71832684590936,
      35.554184760749195,
      2.527861120108753
    ],
    "rotation": [
      0.0440543208176077,
      0.0035598665613723176,
      1.4880122457998095
    ]
  },
  {
    "label_id": "JmKUryw8KtyfM1cSLKnhvg",
    "size": [
      1.7547693199773913,
      3.86995532870486,
      1.3999999999999773
    ],
    "obj_class": "vehicle",
    "point_num_in_lidar": 25,
    "speed": 2.8421709430404007e-13,
    "if_vehicle": true,
    "motion_state": false,
    "pose": [
      [
        -0.48040497510301816,
        0.875933155788674,
        0.04418332814946136,
        57.71499523419061
      ],
      [
        -0.8767914611861818,
        -0.48087079771879987,
        -9.742836090730217e-05,
        12.687416535645752
      ],
      [
        0.021161131521470138,
        -0.038786369917530775,
        0.9990234351712434,
        0.8579567743587404
      ],
      [
        0.0,
        0.0,
        0.0,
        1.0
      ]
    ],
    "location": [
      57.71499523419061,
      12.687416535645752,
      0.8579567743587404
    ],
    "rotation": [
      -0.03880479503228457,
      -0.021162711142608762,
      -2.0720354148437754
    ]
  },
  {
    "label_id": "KRIFGuPyXMFLkXDccz9mLA",
    "size": [
      1.1528322506114745,
      1.3148555747822952,
      1.8799999999999955
    ],
    "obj_class": "pedestrian",
    "point_num_in_lidar": 569,
    "speed": 3.703687060403748,
    "if_vehicle": false,
    "motion_state": true,
    "pose": [
      [
        -0.021252836861868653,
        -0.9987973520384202,
        0.04418332814946136,
        9.13452299203982
      ],
      [
        0.9997735946915887,
        -0.0212779196627344,
        -9.742836090730217e-05,
        40.25290235969078
      ],
      [
        0.0010374404956841271,
        0.04417125418036495,
        0.9990234351712434,
        1.1587939917969834
      ],
      [
        0.0,
        0.0,
        0.0,
        1.0
      ]
    ],
    "location": [
      9.13452299203982,
      40.25290235969078,
      1.1587939917969834
    ],
    "rotation": [
      0.04418565435338799,
      -0.0010374406817807746,
      1.5920507753461233
    ]
  },
  {
    "label_id": "LV0eEgqBFEblVK4wVnO9Gg",
    "size": [
      2.3764124997259217,
      5.358373042693289,
      2.0
    ],
    "obj_class": "vehicle",
    "point_num_in_lidar": 50,
    "speed": 4.478131093044157,
    "if_vehicle": true,
    "motion_state": true,
    "pose": [
      [
        0.01892278202549329,
        -0.9988442129952262,
        0.04418332814946136,
        3.451526852908046
      ],
      [
        0.999820674738079,
        0.018936971088503136,
        -9.742836090730217e-05,
        96.98930197618392
      ],
      [
        -0.0007393826532863274,
        0.044177248578204965,
        0.9990234351712434,
        0.9724252765368533
      ],
      [
        0.0,
        0.0,
        0.0,
        1.0
      ]
    ],
    "location": [
      3.451526852908046,
      96.98930197618392,
      0.9724252765368533
    ],
    "rotation": [
      0.04419164290216956,
      0.0007393827206547888,
      1.5518724101286647
    ]
  },
  {
    "label_id": "M_3sev6zG_NGRjA1B8leIg",
    "size": [
      2.096085307617266,
      4.811468628086786,
      1.4700000000000273
    ],
    "obj_class": "vehicle",
    "point_num_in_lidar": 104,
    "speed": 9.532931148469528e-13,
    "if_vehicle": true,
    "motion_state": false,
    "pose": [
      [
        0.3115586013529679,
        -0.9491991737441724,
        0.04418332814946136,
        33.74283728747423
      ],
      [
        0.9501283691447865,
        0.3118590589577011,
        -9.742836090730217e-05,
        42.31680159820098
      ],
      [
        -0.013686492218637865,
        0.042010188161893045,
        0.9990234351712434,
        0.7507691191081562
      ],
      [
        0.0,
        0.0,
        0.0,
        1.0
      ]
    ],
    "location": [
      33.74283728747423,
      42.31680159820098,
      0.7507691191081562
    ],
    "rotation": [
      0.04202649368012218,
      0.013686919547105117,
      1.2539327797240627
    ]
  },
  {
    "label_id": "MoFAXslQQz4faU0wB-TfmA",
    "size": [
      2.0388657989169556,
      4.757673816359636,
      1.6899999999999977
    ],
    "obj_class": "vehicle",
    "point_num_in_lidar": 28,
    "speed": 8.644125458514253e-13,
    "if_vehicle": true,
    "motion_state": false,
    "pose": [
      [
        -0.5009417350269184,
        0.8643524811220581,
        0.04418332814946136,
        60.21406079116832
      ],
      [
        -0.8651995548729008,
        -0.5014276824781904,
        -9.742836090730217e-05,
        11.998585336490578
      ],
      [
        0.022070531392675917,
        -0.03827620177987101,
        0.9990234351712434,
        0.7211472238759598
      ],
      [
        0.0,
        0.0,
        0.0,
        1.0
      ]
    ],
    "location": [
      60.21406079116832,
      11.998585336490578,
      0.7211472238759598
    ],
    "rotation": [
      -0.038294886727593014,
      -0.02207232357559161,
      -2.0956238929285873
    ]
  },
  {
    "label_id": "O0ipbuwo_Nd7uLn6JzKcdA",
    "size": [
      2.08114130588288,
      4.05562961252444,
      1.4800000000000182
    ],
    "obj_class": "vehicle",
    "point_num_in_lidar": 617,
    "speed": 2.263959244751637,
    "if_vehicle": true,
    "motion_state": true,
    "pose": [
      [
        -0.04053915581133452,
        -0.9982005862349218,
        0.04418332814946136,
        -1.0915595915766971
      ],
      [
        0.9991761623592122,
        -0.0405830886063601,
        -9.742836090730217e-05,
        53.85671299599744
      ],
      [
        0.001890348968187051,
        0.044142978597133294,
        0.9990234351712434,
        1.0677094617653893
      ],
      [
        0.0,
        0.0,
        0.0,
        1.0
      ]
    ],
    "location": [
      -1.0915595915766971,
      53.85671299599744,
      1.0677094617653893
    ],
    "rotation": [
      0.04415740631742018,
      -0.001890350094023751,
      1.611346667148707
    ]
  },
  {
    "label_id": "P7N3RrlXPGrRenxyItYCpA",
    "size": [
      0.8653216533690491,
      0.8697376634354017,
      1.5199999999999818
    ],
    "obj_class": "pedestrian",
    "point_num_in_lidar": 79,
    "speed": 0.9198580738842351,
    "if_vehicle": false,
    "motion_state": false,
    "pose": [
      [
        0.2232229141041728,
        -0.9737655591221525,
        0.04418332814946136,
        -20.61729222778331
      ],
      [
        0.9747183874049341,
        0.22343691674036195,
        -9.742836090730217e-05,
        33.01945594949939
      ],
      [
        -0.009777314230710033,
        0.043088050606664124,
        0.9990234351712434,
        0.8983386127412132
      ],
      [
        0.0,
        0.0,
        0.0,
        1.0
      ]
    ],
    "location": [
      -20.61729222778331,
      33.01945594949939,
      0.8983386127412132
    ],
    "rotation": [
      0.04310345607654409,
      0.009777470015894218,
      1.345665812841411
    ]
  },
  {
    "label_id": "QIT_yfqN9dQa6ORELd4USA",
    "size": [
      2.081508460311947,
      4.602855966355445,
      1.5
    ],
    "obj_class": "vehicle",
    "point_num_in_lidar": 43,
    "speed": 0.004083306699113412,
    "if_vehicle": true,
    "motion_state": false,
    "pose": [
      [
        0.058075202097144736,
        0.9973339984253083,
        0.04418332814946136,
        -33.71319237022226
      ],
      [
        -0.9983086518161857,
        0.05813627281366203,
        -9.742836090730217e-05,
        42.85044805453981
      ],
      [
        -0.0026658226358563424,
        -0.044102940585891204,
        0.9990234351712434,
        0.8038260621211748
      ],
      [
        0.0,
        0.0,
        0.0,
        1.0
      ]
    ],
    "location": [
      -33.71319237022226,
      42.85044805453981,
      0.8038260621211748
    ],
    "rotation": [
      -0.044117407192285026,
      0.0026658257933602184,
      -1.512688223021766
    ]
  },
  {
    "label_id": "QgPy9ab_0LBjNeUZSuZ4pA",
    "size": [
      0.2396764405870048,
      0.061224495773785755,
      0.5799999999999841
    ],
    "obj_class": "sign",
    "point_num_in_lidar": 23,
    "speed": 0.0074171176482704364,
    "if_vehicle": false,
    "motion_state": false,
    "pose": [
      [
        0.5380502704425666,
        -0.8417539664238702,
        0.04418332814946136,
        7.9536350565094835
      ],
      [
        0.8425791099563319,
        0.5385725893256266,
        -9.742836090730217e-05,
        35.01841750108906
      ],
      [
        -0.023713918737243354,
        0.03728037066301664,
        0.9990234351712434,
        1.3757691191081562
      ],
      [
        0.0,
        0.0,
        0.0,
        1.0
      ]
    ],
    "location": [
      7.9536350565094835,
      35.01841750108906,
      1.3757691191081562
    ],
    "rotation": [
      0.037299505633922245,
      0.02371614188667782,
      1.0024944491016858
    ]
  },
  {
    "label_id": "TPHe_VyIVOzq8VdRRqF9Zg",
    "size": [
      2.005890439479491,
      4.565020036356494,
      1.6000000453332746
    ],
    "obj_class": "vehicle",
    "point_num_in_lidar": 24,
    "speed": 8.556067554929069e-13,
    "if_vehicle": true,
    "motion_state": false,
    "pose": [
      [
        -0.36688833844554686,
        -0.9292151422713166,
        0.04418332814946136,
        36.31723048823278
      ],
      [
        0.930121876853632,
        -0.3672509832607553,
        -9.742836090730217e-05,
        25.127545031964473
      ],
      [
        0.016316902614864032,
        0.04106013477456616,
        0.9990234351712434,
        0.7456453703026682
      ],
      [
        0.0,
        0.0,
        0.0,
        1.0
      ]
    ],
    "location": [
      36.31723048823278,
      25.127545031964473,
      0.7456453703026682
    ],
    "rotation": [
      0.04107715264599831,
      -0.01631762674054765,
      1.94651072508404
    ]
  },
  {
    "label_id": "UPUrwhSAWY0hRjVblV6Ffw",
    "size": [
      1.9811131594897677,
      4.840930672681207,
      1.660000000000025
    ],
    "obj_class": "vehicle",
    "point_num_in_lidar": 51,
    "speed": 7.105427357601002e-14,
    "if_vehicle": true,
    "motion_state": false,
    "pose": [
      [
        -0.4579800657599785,
        0.88786378058806,
        0.04418332814946136,
        54.49984352686397
      ],
      [
        -0.8887336515681264,
        -0.4584239163461027,
        -9.742836090730217e-05,
        12.126678671214904
      ],
      [
        0.020168191214629424,
        -0.0393118308118388,
        0.9990234351712434,
        0.9671106320588478
      ],
      [
        0.0,
        0.0,
        0.0,
        1.0
      ]
    ],
    "location": [
      54.49984352686397,
      12.126678671214904,
      0.9671106320588478
    ],
    "rotation": [
      -0.039329967196990986,
      -0.02016955872020475,
      -2.046622765950565
    ]
  },
  {
    "label_id": "UahDY1qvMQ82owWsLmLHZQ",
    "size": [
      2.0024935692269312,
      4.635795969975856,
      1.420000000000016
    ],
    "obj_class": "vehicle",
    "point_num_in_lidar": 155,
    "speed": 0.004460713491135003,
    "if_vehicle": true,
    "motion_state": false,
    "pose": [
      [
        -0.010702383968898279,
        0.9989661117830873,
        0.04418332814946136,
        -35.93317482447628
      ],
      [
        -0.9999426572275756,
        -0.010708536985498602,
        -9.742836090730217e-05,
        60.30038767482438
      ],
      [
        0.0003758111727579615,
        -0.04418183727065823,
        0.9990234351712434,
        0.8355354251086169
      ],
      [
        0.0,
        0.0,
        0.0,
        1.0
      ]
    ],
    "location": [
      -35.93317482447628,
      60.30038767482438,
      0.8355354251086169
    ],
    "rotation": [
      -0.04419622711504396,
      -0.0003758111816041836,
      -1.5814989158404744
    ]
  },
  {
    "label_id": "V5hLI88HGpLCEkx-eEVhIg",
    "size": [
      1.7608188317511595,
      4.327324469829323,
      1.7300000000000182
    ],
    "obj_class": "vehicle",
    "point_num_in_lidar": 23,
    "speed": 2.8421709430404007e-13,
    "if_vehicle": true,
    "motion_state": false,
    "pose": [
      [
        -0.5446829600621683,
        -0.8374773468766492,
        0.04418332814946136,
        59.95785874675448
      ],
      [
        0.8382936400027822,
        -0.5452190052067155,
        -9.742836090730217e-05,
        60.65566532869343
      ],
      [
        0.02417118426557438,
        0.036985535413836354,
        0.9990234351712434,
        1.2557691191082085
      ],
      [
        0.0,
        0.0,
        0.0,
        1.0
      ]
    ],
    "location": [
      59.95785874675448,
      60.65566532869343,
      1.2557691191082085
    ],
    "rotation": [
      0.03700478934592313,
      -0.024173538538143708,
      2.1469971790328533
    ]
  },
  {
    "label_id": "WDJKr51g-iNhS0gJaIfkjA",
    "size": [
      2.181372980363255,
      4.576132587612332,
      1.3600000000000136
    ],
    "obj_class": "vehicle",
    "point_num_in_lidar": 70,
    "speed": 5.684341886080801e-13,
    "if_vehicle": true,
    "motion_state": false,
    "pose": [
      [
        0.3957358723749298,
        -0.9173009063711267,
        0.04418332814946136,
        61.076401693667776
      ],
      [
        0.9181992839664066,
        0.3961187516784493,
        -9.742836090730217e-05,
        42.916097263219854
      ],
      [
        -0.0174124736677974,
        0.040607656167485906,
        0.9990234351712434,
        0.9056491785476055
      ],
      [
        0.0,
        0.0,
        0.0,
        1.0
      ]
    ],
    "location": [
      61.076401693667776,
      42.916097263219854,
      0.9056491785476055
    ],
    "rotation": [
      0.040624987158579325,
      0.017413353681487283,
      1.1638619870237292
    ]
  },
  {
    "label_id": "WI6i77z9ngV3vsWbOpfUiA",
    "size": [
      2.04509214205302,
      4.2313164068057265,
      1.6000000000000227
    ],
    "obj_class": "vehicle",
    "point_num_in_lidar": 26,
    "speed": 1.7067822212573438e-12,
    "if_vehicle": true,
    "motion_state": false,
    "pose": [
      [
        0.01658048095053064,
        -0.9988858399061857,
        0.04418332814946136,
        39.85630971956516
      ],
      [
        0.9998623322371099,
        0.01659238021146251,
        -9.742836090730217e-05,
        83.28843404887266
      ],
      [
        -0.0006357867695481036,
        0.044178860938600045,
        0.9990234351712434,
        0.9639886915257989
      ],
      [
        0.0,
        0.0,
        0.0,
        1.0
      ]
    ],
    "location": [
      39.85630971956516,
      83.28843404887266,
      0.9639886915257989
    ],
    "rotation": [
      0.04419325368875604,
      0.0006357868123815763,
      1.5542150827022925
    ]
  },
  {
    "label_id": "W_oPp2Bj1SjcvvOMipXigA",
    "size": [
      2.0720117781650216,
      4.489204707013267,
      1.8100000000000023
    ],
    "obj_class": "vehicle",
    "point_num_in_lidar": 31,
    "speed": 3.695505376966208e-12,
    "if_vehicle": true,
    "motion_state": false,
    "pose": [
      [
        -0.01708721801231468,
        -0.9988773000194953,
        0.04418332814946136,
        -59.01138766506847
      ],
      [
        0.9998536387894605,
        -0.017108229224259218,
        -9.742836090730217e-05,
        41.106037534549614
      ],
      [
        0.0008532174839600607,
        0.04417519664442433,
        0.9990234351712434,
        0.9697467987585924
      ],
      [
        0.0,
        0.0,
        0.0,
        1.0
      ]
    ],
    "location": [
      -59.01138766506847,
      41.106037534549614,
      0.9697467987585924
    ],
    "rotation": [
      0.044189592970928795,
      -0.0008532175874809826,
      1.5878843826380742
    ]
  },
  {
    "label_id": "WsayFJmDY2f0Nfawx9CnXQ",
    "size": [
      2.0133527007940657,
      4.521870576041421,
      1.3999999999999773
    ],
    "obj_class": "vehicle",
    "point_num_in_lidar": 46,
    "speed": 9.871175158657625e-13,
    "if_vehicle": true,
    "motion_state": false,
    "pose": [
      [
        -0.49259610085965994,
        0.8691357287164628,
        0.04418332814946136,
        51.60140631681361
      ],
      [
        -0.8699874421434791,
        -0.49307386973998235,
        -9.742836090730217e-05,
        12.464608989415865
      ],
      [
        0.021700966119191586,
        -0.038486933472831955,
        0.9990234351712434,
        0.8579567743587404
      ],
      [
        0.0,
        0.0,
        0.0,
        1.0
      ]
    ],
    "location": [
      51.60140631681361,
      12.464608989415865,
      0.8579567743587404
    ],
    "rotation": [
      -0.03850551352343573,
      -0.021702669759895474,
      -2.0860000429012806
    ]
  },
  {
    "label_id": "XL2HZ5nBolrrTWtjghg-QQ",
    "size": [
      1.9332519448396186,
      4.5287539990138015,
      1.5699999999999932
    ],
    "obj_class": "vehicle",
    "point_num_in_lidar": 33,
    "speed": 1.4281732235759946e-12,
    "if_vehicle": true,
    "motion_state": false,
    "pose": [
      [
        0.029350374814497912,
        0.9985922035605354,
        0.04418332814946136,
        -30.874662622300548
      ],
      [
        -0.9995682107533043,
        0.02938337215420571,
        -9.742836090730217e-05,
        34.273452682609786
      ],
      [
        -0.00139554637563473,
        -0.044161390704573,
        0.9990234351712434,
        0.7028585551499873
      ],
      [
        0.0,
        0.0,
        0.0,
        1.0
      ]
