[
  {
    "label_id": "-A2cwrq7kLoBVBFfbodmAw",
    "size": [
      1.9769464056071964,
      4.1102095399683405,
      1.4800000000000182
    ],
    "obj_class": "vehicle",
    "point_num_in_lidar": 50,
    "speed": 1.4369837526939963e-12,
    "if_vehicle": true,
    "motion_state": false,
    "pose": [
      [
        -0.3544105772513889,
        0.9347852441665312,
        0.023868180090987488,
        54.154986043698045
      ],
      [
        -0.9350885980813233,
        -0.3543373896032129,
        -0.007370757592426853,
        48.38140953733637
      ],
      [
        0.0015673131922908337,
        -0.024931137513146094,
        0.9996879422658141,
        0.9396375900881253
      ],
      [
        0.0,
        0.0,
        0.0,
        1.0
      ]
    ],
    "location": [
      54.154986043698045,
      48.38140953733637,
      0.9396375900881253
    ],
    "rotation": [
      -0.02493375157304521,
      -0.0015673138339680171,
      -1.9330804461805113
    ]
  },
  {
    "label_id": "0zCQwnJdl42AdLzZADBxXg",
    "size": [
      0.8289207527314605,
      0.10828005381067762,
      1.589999999999975
    ],
    "obj_class": "sign",
    "point_num_in_lidar": 299,
    "speed": 0.008726754522916663,
    "if_vehicle": false,
    "motion_state": false,
    "pose": [
      [
        0.00046033394789340016,
        0.9997150084258016,
        0.023868180090987488,
        8.080473302731207
      ],
      [
        -0.9999726330706576,
        0.00063642929657693,
        -0.007370757592426853,
        15.294660268746156
      ],
      [
        -0.00738384739768343,
        -0.023864133882247916,
        0.9996879422658141,
        2.912036084373085
      ],
      [
        0.0,
        0.0,
        0.0,
        1.0
      ]
    ],
    "location": [
      8.080473302731207,
      15.294660268746156,
      2.912036084373085
    ],
    "rotation": [
      -0.023867050317157804,
      0.007383914495369388,
      -1.5703359802812504
    ]
  },
  {
    "label_id": "14QyZM8v7J77UsDSgWPxQQ",
    "size": [
      0.9208221674588211,
      0.24749274453211412,
      0.7599999999999909
    ],
    "obj_class": "sign",
    "point_num_in_lidar": 115,
    "speed": 3.1776437161565096e-13,
    "if_vehicle": false,
    "motion_state": false,
    "pose": [
      [
        -0.09543274809717148,
        0.9951496875193029,
        0.023868180090987488,
        7.944282822142668
      ],
      [
        -0.9954230150768617,
        -0.09528217560385337,
        -0.007370757592426853,
        33.56202266997025
      ],
      [
        -0.005060794988110245,
        -0.024462347443171672,
        0.9996879422658141,
        3.2106249459071705
      ],
      [
        0.0,
        0.0,
        0.0,
        1.0
      ]
    ],
    "location": [
      7.944282822142668,
      33.56202266997025,
      3.2106249459071705
    ],
    "rotation": [
      -0.024465101198384798,
      0.005060816590907435,
      -1.6663757570449222
    ]
  },
  {
    "label_id": "1eqCzNhbNUpvDMRr-M2BCg",
    "size": [
      2.2177272310978258,
      5.261091324533495,
      1.8500000000000227
    ],
    "obj_class": "vehicle",
    "point_num_in_lidar": 180,
    "speed": 1.4210854715202004e-12,
    "if_vehicle": true,
    "motion_state": false,
    "pose": [
      [
        0.029093546489421074,
        0.9992916869121908,
        0.023868180090987488,
        -33.666892206088505
      ],
      [
        -0.9995441622193713,
        0.029276948367081293,
        -0.007370757592426853,
        21.613128779963517
      ],
      [
        -0.008064324264497106,
        -0.023642858594069636,
        0.9996879422658141,
        0.9101050577666001
      ],
      [
        0.0,
        0.0,
        0.0,
        1.0
      ]
    ],
    "location": [
      -33.666892206088505,
      21.613128779963517,
      0.9101050577666001
    ],
    "rotation": [
      -0.023645830853943013,
      0.008064411675359809,
      -1.5416977279728719
    ]
  },
  {
    "label_id": "1xSi2L3-8DlIFMSpizgLkg",
    "size": [
      2.189055783057677,
      4.940660125515044,
      1.5199999999999818
    ],
    "obj_class": "vehicle",
    "point_num_in_lidar": 318,
    "speed": 0.015788248240327436,
    "if_vehicle": true,
    "motion_state": false,
    "pose": [
      [
        -0.09762879952962185,
        0.9949366449586371,
        0.023868180090987488,
        -30.627151605200197
      ],
      [
        -0.9952103041622846,
        -0.09747883063376625,
        -0.007370757592426853,
        21.71451344948764
      ],
      [
        -0.005006794545186973,
        -0.02447345698352432,
        0.9996879422658141,
        0.7356491785473622
      ],
      [
        0.0,
        0.0,
        0.0,
        1.0
      ]
    ],
    "location": [
      -30.627151605200197,
      21.71451344948764,
      0.7356491785473622
    ],
    "rotation": [
      -0.024476207553352707,
      0.005006815463803564,
      -1.6685821144689519
    ]
  },
  {
    "label_id": "39-kEkDzJEr7nWBZPk1HXw",
    "size": [
      0.9772257133555238,
      0.13068810941669862,
      0.839999999999975
    ],
    "obj_class": "sign",
    "point_num_in_lidar": 27,
    "speed": 0.01957003963329249,
    "if_vehicle": false,
    "motion_state": false,
    "pose": [
      [
        0.05803222149627482,
        0.9980293438809059,
        0.023868180090987488,
        7.47755721045678
      ],
      [
        -0.9982763997985691,
        0.058222860954448466,
        -0.007370757592426853,
        68.20027444806328
      ],
      [
        -0.008745906094548277,
        -0.023399299453775804,
        0.9996879422658141,
        2.9774345152031856
      ],
      [
        0.0,
        0.0,
        0.0,
        1.0
      ]
    ],
    "location": [
      7.47755721045678,
      68.20027444806328,
      2.9774345152031856
    ],
    "rotation": [
      -0.023402330485155172,
      0.008746017595385607,
      -1.5127292596003472
    ]
  },
  {
    "label_id": "3lFYHvBGrKIH0LWMb4y7rQ",
    "size": [
      1.107530708888892,
      1.024636171793702,
      1.839999999999975
    ],
    "obj_class": "pedestrian",
    "point_num_in_lidar": 510,
    "speed": 2.8421709430404007e-13,
    "if_vehicle": false,
    "motion_state": false,
    "pose": [
      [
        -0.9957850334790885,
        0.08855776125328967,
        0.023868180090987488,
        -6.090324742025132
      ],
      [
        -0.08875587449998533,
        -0.9960261375457254,
        -0.007370757592426853,
        18.414768817814547
      ],
      [
        0.023120593435146036,
        -0.009458131292639753,
        0.9996879422658141,
        1.1657691191079493
      ],
      [
        0.0,
        0.0,
        0.0,
        1.0
      ]
    ],
    "location": [
      -6.090324742025132,
      18.414768817814547,
      1.1657691191079493
    ],
    "rotation": [
      -0.009460801418303215,
      -0.023122653828649167,
      -3.0526960071014293
    ]
  },
  {
    "label_id": "3rP421kft7U05VnhjguByw",
    "size": [
      1.961221632123958,
      4.600418306488192,
      1.670000000000016
    ],
    "obj_class": "vehicle",
    "point_num_in_lidar": 28,
    "speed": 2.929642751054232e-13,
    "if_vehicle": true,
    "motion_state": false,
    "pose": [
      [
        -0.4282981397972467,
        0.903322209084534,
        0.023868180090987488,
        30.413049781339396
      ],
      [
        -0.9036304586800891,
        -0.42824953716043335,
        -0.007370757592426853,
        12.220215798291974
      ],
      [
        0.0035633680458096355,
        -0.024724896289210846,
        0.9996879422658141,
        0.7854782013763497
      ],
      [
        0.0,
        0.0,
        0.0,
        1.0
      ]
    ],
    "location": [
      30.413049781339396,
      12.220215798291974,
      0.7854782013763497
    ],
    "rotation": [
      -0.024727573144595155,
      -0.0035633755868848893,
      -2.0134079264921927
    ]
  },
  {
    "label_id": "6IFR0_r7f3cgS5In2VHYpw",
    "size": [
      2.087876298703691,
      4.592505735944987,
      1.4000001284811674
    ],
    "obj_class": "vehicle",
    "point_num_in_lidar": 66,
    "speed": 1.464821375527116e-12,
    "if_vehicle": true,
    "motion_state": false,
    "pose": [
      [
        -0.41759032821582487,
        -0.9083218745355327,
        0.023868180090987488,
        30.53198904220926
      ],
      [
        0.9084825138577697,
        -0.4178578633305601,
        -0.007370757592426853,
        24.556584235851915
      ],
      [
        0.01666852708750921,
        0.018605867168049465,
        0.9996879422658141,
        0.7499672535102491
      ],
      [
        0.0,
        0.0,
        0.0,
        1.0
      ]
    ],
    "location": [
      30.53198904220926,
      24.556584235851915,
      0.7499672535102491
    ],
    "rotation": [
      0.01860952653808683,
      -0.016669299047388536,
      2.0016519169649083
    ]
  },
  {
    "label_id": "6SSj38rFVlYZfQljhkORQA",
    "size": [
      2.2000484728825738,
      4.83994638465002,
      1.5700000313178748
    ],
    "obj_class": "vehicle",
    "point_num_in_lidar": 566,
    "speed": 1.4281732235759946e-12,
    "if_vehicle": true,
    "motion_state": false,
    "pose": [
      [
        -0.37186228213543315,
        -0.9279810090212901,
        0.023868180090987488,
        23.742547828804618
      ],
      [
        0.92815476542225,
        -0.3721214900492603,
        -0.007370757592426853,
        26.11382775234597
      ],
      [
        0.01572178580809396,
        0.019412458354019585,
        0.9996879422658141,
        0.7107689754351441
      ],
      [
        0.0,
        0.0,
        0.0,
        1.0
      ]
    ],
    "location": [
      23.742547828804618,
      26.11382775234597,
      0.7107689754351441
    ],
    "rotation": [
      0.01941607783405776,
      -0.01572243355103014,
      1.9518602079314924
    ]
  },
  {
    "label_id": "6YI5y30RVco3JWyYxY8N3g",
    "size": [
      2.052802263987326,
      4.8452979739718565,
      1.5500000000000114
    ],
    "obj_class": "vehicle",
    "point_num_in_lidar": 33,
    "speed": 2.1316282072803006e-13,
    "if_vehicle": true,
    "motion_state": false,
    "pose": [
      [
        0.3830112891379049,
        0.9234352507740131,
        0.023868180090987488,
        42.619550223947954
      ],
      [
        -0.92360587284873,
        0.38327257085767197,
        -0.007370757592426853,
        66.17119736786844
      ],
      [
        -0.015954436130923826,
        -0.019221707938848767,
        0.9996879422658141,
        0.8707691191079903
      ],
      [
        0.0,
        0.0,
        0.0,
        1.0
      ]
    ],
    "location": [
      42.619550223947954,
      66.17119736786844,
      0.8707691191079903
    ],
    "rotation": [
      -0.019225339094286784,
      0.015955113059549546,
      -1.1776895680147288
    ]
  },
  {
    "label_id": "71Pkn__Yn8464dqzz8PnoA",
    "size": [
      2.4658609647902736,
      5.7692737988654805,
      1.8999999999999773
    ],
    "obj_class": "vehicle",
    "point_num_in_lidar": 109,
    "speed": 5.859285502108464e-13,
    "if_vehicle": true,
    "motion_state": false,
    "pose": [
      [
        0.4303440384169814,
        0.9023493328961394,
        0.023868180090987488,
        55.78075347257527
      ],
      [
        -0.9025061876262865,
        0.4306138098444817,
        -0.007370757592426853,
        -7.394851298227877
      ],
      [
        -0.016928966159499854,
        -0.018369218630977152,
        0.9996879422658141,
        0.9398687069909784
      ],
      [
        0.0,
        0.0,
        0.0,
        1.0
      ]
    ],
    "location": [
      55.78075347257527,
      -7.394851298227877,
      0.9398687069909784
    ],
    "rotation": [
      -0.01837288506307328,
      0.01692977487557363,
      -1.1258541166957785
    ]
  },
  {
    "label_id": "7I5_BKi3RbHh9IUT9VERmw",
    "size": [
      0.4800572424727863,
      0.07721192529234176,
      0.6399999999999864
    ],
    "obj_class": "sign",
    "point_num_in_lidar": 48,
    "speed": 0.007940890737674079,
    "if_vehicle": false,
    "motion_state": false,
    "pose": [
      [
        -0.030702883864706206,
        0.9992435353313699,
        0.023868180090987488,
        7.727645032047349
      ],
      [
        -0.9995065240033754,
        -0.03053490473546112,
        -0.007370757592426853,
        33.54035186577312
      ],
      [
        -0.006636369269440012,
        -0.02408270523138465,
        0.9996879422658141,
        2.5167924024160584
      ],
      [
        0.0,
        0.0,
        0.0,
        1.0
      ]
    ],
    "location": [
      7.727645032047349,
      33.54035186577312,
      2.5167924024160584
    ],
    "rotation": [
      -0.024085564229806053,
      0.006636417982901146,
      -1.6015047129134896
    ]
  },
  {
    "label_id": "7fi3RH1tDAN7KdBm3uskXw",
    "size": [
      2.0138284357816985,
      4.671199321269581,
      1.5699999999999932
    ],
    "obj_class": "vehicle",
    "point_num_in_lidar": 30,
    "speed": 1.464821375527116e-12,
    "if_vehicle": true,
    "motion_state": false,
    "pose": [
      [
        -0.47112265918609053,
        -0.8817447192813638,
        0.023868180090987488,
        45.4028225741863
      ],
      [
        0.8818890844397391,
        -0.47139931552618125,
        -0.007370757592426853,
        25.29213115062157
      ],
      [
        0.017750570341972523,
        0.017576556570523556,
        0.9996879422658141,
        0.7779317674882691
      ],
      [
        0.0,
        0.0,
        0.0,
        1.0
      ]
    ],
    "location": [
      45.4028225741863,
      25.29213115062157,
      0.7779317674882691
    ],
    "rotation": [
      0.017580231817000205,
      -0.01775150262390966,
      2.0614435978228505
    ]
  },
  {
    "label_id": "7zzBHnhMjKPx9nzw-2AOQg",
    "size": [
      2.33925888780817,
      5.257509911976213,
      1.6000000000000227
    ],
    "obj_class": "vehicle",
    "point_num_in_lidar": 88,
    "speed": 5.728578676879116e-13,
    "if_vehicle": true,
    "motion_state": false,
    "pose": [
      [
        -0.041667030228604164,
        0.9988464189108718,
        0.023868180090987488,
        -40.65458467920962
      ],
      [
        -0.9991112351986989,
        -0.04150194733074191,
        -0.007370757592426853,
        21.465226037493267
      ],
      [
        -0.0063716788728388546,
        -0.024154084472062864,
        0.9996879422658141,
        0.6579567743586949
      ],
      [
        0.0,
        0.0,
        0.0,
        1.0
      ]
    ],
    "location": [
      -40.65458467920962,
      21.465226037493267,
      0.6579567743586949
    ],
    "rotation": [
      -0.02415692421604433,
      0.006371721986839392,
      -1.6124762696615091
    ]
  },
  {
    "label_id": "8BSbbgWqH7MHyKvLrQVHYg",
    "size": [
      2.0115373671053627,
      4.687375114667775,
      1.5699999999999932
    ],
    "obj_class": "vehicle",
    "point_num_in_lidar": 80,
    "speed": 8.526512829121202e-13,
    "if_vehicle": true,
    "motion_state": false,
    "pose": [
      [
        0.4117518644666479,
        0.9109833764056199,
        0.023868180090987488,
        34.052930762853066
      ],
      [
        -0.9111457295339072,
        0.41201836304300526,
        -0.007370757592426853,
        -7.925815729562601
      ],
      [
        -0.016548766128120684,
        -0.01871246718043601,
        0.9996879422658141,
        0.5248602878367592
      ],
      [
        0.0,
        0.0,
        0.0,
        1.0
      ]
    ],
    "location": [
      34.052930762853066,
      -7.925815729562601,
      0.5248602878367592
    ],
    "rotation": [
      -0.018716122689943143,
      0.016549521566651067,
      -1.1463588264418212
    ]
  },
  {
    "label_id": "8hLX6WtWSqu6rWx7p0mnCQ",
    "size": [
      2.3834385555519697,
      5.488195120812847,
      2.3100000000000023
    ],
    "obj_class": "vehicle",
    "point_num_in_lidar": 637,
    "speed": 10.548730041165266,
    "if_vehicle": true,
    "motion_state": true,
    "pose": [
      [
        0.0032672112851900013,
        0.9997097755396623,
        0.023868180090987488,
        -15.219683745746806
      ],
      [
        -0.9999669047498123,
        0.0034440292671736135,
        -0.007370757592426853,
        29.256484391306003
      ],
      [
        -0.0074508211290698415,
        -0.023843308345209473,
        0.9996879422658141,
        1.1142094396302014
      ],
      [
        0.0,
        0.0,
        0.0,
        1.0
      ]
    ],
    "location": [
      -15.219683745746806,
      29.256484391306003,
      1.1142094396302014
    ],
    "rotation": [
      -0.02384623013340353,
      0.007450890069186128,
      -1.5675290190034998
    ]
  },
  {
    "label_id": "9ZomuLPiVNTUh0GoyUVEig",
    "size": [
      2.4030251921802104,
      5.143758565443172,
      1.6000000000000227
    ],
    "obj_class": "vehicle",
    "point_num_in_lidar": 146,
    "speed": 2.8421709430404007e-13,
    "if_vehicle": true,
    "motion_state": false,
    "pose": [
      [
        -0.4417756526998151,
        -0.8968079965415098,
        0.023868180090987488,
        39.42457874376669
      ],
      [
        0.8969614105596754,
        -0.4420473955350388,
        -0.007370757592426853,
        25.035763503323324
      ],
      [
        0.01716102119483973,
        0.018152615235618005,
        0.9996879422658141,
        0.8090518741200867
      ],
      [
        0.0,
        0.0,
        0.0,
        1.0
      ]
    ],
    "location": [
      39.42457874376669,
      25.035763503323324,
      0.8090518741200867
    ],
    "rotation": [
      0.018156286327045443,
      -0.01716186362846659,
      2.028445835203292
    ]
  },
  {
    "label_id": "AFL1N-XB7hfEMBHsxDvkQg",
    "size": [
      2.3168687383438047,
      5.169979861084375,
      1.5699999999999932
    ],
    "obj_class": "vehicle",
    "point_num_in_lidar": 152,
    "speed": 2.929642751054232e-13,
    "if_vehicle": true,
    "motion_state": false,
    "pose": [
      [
        -0.029687630233388853,
        -0.9992742139124124,
        0.023868180090987488,
        -33.48125731671462
      ],
      [
        0.9995265801407277,
        -0.02987118217772908,
        -0.007370757592426853,
        33.880107905102705
      ],
      [
        0.00807837875486002,
        0.02363806009458381,
        0.9996879422658141,
        0.7220850546842712
      ],
      [
        0.0,
        0.0,
        0.0,
        1.0
      ]
    ],
    "location": [
      -33.48125731671462,
      33.880107905102705,
      0.7220850546842712
    ],
    "rotation": [
      0.02364103353933652,
      -0.008078466623547149,
      1.6004892888359297
    ]
  },
  {
    "label_id": "Bc_BDnL5j2YXCBH4HKF80g",
    "size": [
      1.936247465703107,
      4.70142584633995,
      1.670000000000016
    ],
    "obj_class": "vehicle",
    "point_num_in_lidar": 81,
    "speed": 1.7067822212573438e-12,
    "if_vehicle": true,
    "motion_state": false,
    "pose": [
      [
        -0.03801876190959044,
        -0.9989919337622332,
        0.023868180090987488,
        -36.14959048759283
      ],
      [
        0.9992427607217449,
        -0.03820441175701091,
        -0.007370757592426853,
        34.39560671230538
      ],
      [
        0.008275197160637739,
        0.02356987908952234,
        0.9996879422658141,
        0.7587939917968924
      ],
      [
        0.0,
        0.0,
        0.0,
        1.0
      ]
    ],
    "location": [
      -36.14959048759283,
      34.39560671230538,
      0.7587939917968924
    ],
    "rotation": [
      0.023572869252517243,
      -0.00827529160959825,
      1.608825556303079
    ]
  },
  {
    "label_id": "DjTRA-UfUw4aBhKSsY8bVA",
    "size": [
      2.03750730029777,
      4.472608985419154,
      1.509999999999991
    ],
    "obj_class": "vehicle",
    "point_num_in_lidar": 57,
    "speed": 3.1776437161565096e-13,
    "if_vehicle": true,
    "motion_state": false,
    "pose": [
      [
        -0.412777237579366,
        0.9105192266588837,
        0.023868180090987488,
        57.22724467914577
      ],
      [
        -0.910826599399914,
        -0.4127233671093778,
        -0.007370757592426853,
        48.4549962990568
      ],
      [
        0.0031397391509787754,
        -0.024782254264007954,
        0.9996879422658141,
        0.9446375900882344
      ],
      [
        0.0,
        0.0,
        0.0,
        1.0
      ]
    ],
    "location": [
      57.22724467914577,
      48.4549962990568,
      0.9446375900882344
    ],
    "rotation": [
      -0.024784913867099967,
      -0.0031397443095731664,
      -1.9962996453162951
    ]
  },
  {
    "label_id": "FjXya5JM_xfBUrb9nDgcNw",
    "size": [
      1.979206995772782,
      4.673300687547824,
      1.7300000000000182
    ],
    "obj_class": "vehicle",
    "point_num_in_lidar": 168,
    "speed": 8.556067554929069e-13,
    "if_vehicle": true,
    "motion_state": false,
    "pose": [
      [
        -0.4125771859183947,
        0.9106098921265915,
        0.023868180090987488,
        24.097740670331405
      ],
      [
        -0.9109172530248242,
        -0.41252324791970446,
        -0.007370757592426853,
        11.959050326553552
      ],
      [
        0.0031342943969355132,
        -0.024782943468754228,
        0.9996879422658141,
        0.8183707745388915
      ],
      [
        0.0,
        0.0,
        0.0,
        1.0
      ]
    ],
    "location": [
      24.097740670331405,
      11.959050326553552,
      0.8183707745388915
    ],
    "rotation": [
      -0.0247856028635549,
      -0.0031342995287391294,
      -1.9960800110262003
    ]
  },
  {
    "label_id": "GLDf7-Sxvl37cAZNUTUxwg",
    "size": [
      1.0569865237845677,
      1.0129598608742194,
      1.7200000000000273
    ],
    "obj_class": "pedestrian",
    "point_num_in_lidar": 25,
    "speed": 1.4063142584078432,
    "if_vehicle": false,
    "motion_state": true,
    "pose": [
      [
        -0.09190727483901087,
        -0.9954814728616554,
        0.023868180090987488,
        13.844096242809883
      ],
      [
        0.9957219090723703,
        -0.09210619808562162,
        -0.007370757592426853,
        65.88612011925034
      ],
      [
        0.009535859947619095,
        0.0230886436024623,
        0.9996879422658141,
        0.9942094396302537
      ],
      [
        0.0,
        0.0,
        0.0,
        1.0
      ]
    ],
    "location": [
      13.844096242809883,
      65.88612011925034,
      0.9942094396302537
    ],
    "rotation": [
      0.023091745571795372,
      -0.009536004473662483,
      1.6628376819950998
    ]
  },
  {
    "label_id": "HbiLdhGwZCfK8hMW6X2p1A",
    "size": [
      2.078489418151717,
      4.549582383581769,
      1.7699999324514692
    ],
    "obj_class": "vehicle",
    "point_num_in_lidar": 71,
    "speed": 0.0,
    "if_vehicle": true,
    "motion_state": false,
    "pose": [
      [
        0.4708986341323337,
        0.8818643809290898,
        0.023868180090987488,
        52.515387815297345
      ],
      [
        -0.8820088163681665,
        0.47117525378710146,
        -0.007370757592426853,
        -7.734466144165708
      ],
      [
        -0.017746104393031165,
        -0.017581065588119775,
        0.9996879422658141,
        0.8037976239600653
      ],
      [
        0.0,
        0.0,
        0.0,
        1.0
      ]
    ],
    "location": [
      52.515387815297345,
      -7.734466144165708,
      0.8037976239600653
    ],
    "rotation": [
      -0.017584740847883064,
      0.017747035971407345,
      -1.0804031094715363
    ]
  },
  {
    "label_id": "IJ3FUi4Z1k7xeHX3cNHhgA",
    "size": [
      2.273359239257494,
      5.809798929251251,
      2.3000000000000114
    ],
    "obj_class": "vehicle",
    "point_num_in_lidar": 335,
    "speed": 0.008003837365340147,
    "if_vehicle": true,
    "motion_state": false,
    "pose": [
      [
        -0.09658260972950544,
        -0.9950387477264301,
        0.023868180090987488,
        -41.66499516933209
      ],
      [
        0.9952782468273649,
        -0.09678266024841643,
        -0.007370757592426853,
        33.93786734526293
      ],
      [
        0.00964421536905755,
        0.023043593431957686,
        0.9996879422658141,
        1.3757691191081562
      ],
      [
        0.0,
        0.0,
        0.0,
        1.0
      ]
    ],
    "location": [
      -41.66499516933209,
      33.93786734526293,
      1.3757691191081562
    ],
    "rotation": [
      0.023046705317098255,
      -0.00964436487815793,
      1.6675342403806763
    ]
  },
  {
    "label_id": "IfdBu2DI2RfhBAJHUGroQg",
    "size": [
      1.9592687035667253,
      4.630915370245238,
      1.5400000000000205
    ],
    "obj_class": "vehicle",
    "point_num_in_lidar": 49,
    "speed": 5.728578676879116e-13,
    "if_vehicle": true,
    "motion_state": false,
    "pose": [
      [
        -0.41054678997596916,
        -0.9115270940677362,
        0.023868180090987488,
        33.13559208962488
      ],
      [
        0.9116897994805623,
        -0.41081307361816716,
        -0.007370757592426853,
        25.16788217359317
      ],
      [
        0.016524005674153065,
        0.01873433545185648,
        0.9996879422658141,
        0.7428903844461274
      ],
      [
        0.0,
        0.0,
        0.0,
        1.0
      ]
    ],
    "location": [
      33.13559208962488,
      25.16788217359317,
      0.7428903844461274
    ],
    "rotation": [
      0.0187379901168984,
      -0.016524757726589793,
      1.9939114448634219
    ]
  },
  {
    "label_id": "J7T0lm9jnXkEcN7_fLCHcw",
    "size": [
      2.410544790998676,
      5.853048720643227,
      1.9400000523537528
    ],
    "obj_class": "vehicle",
    "point_num_in_lidar": 958,
    "speed": 0.002793755598707801,
    "if_vehicle": true,
    "motion_state": false,
    "pose": [
      [
        0.43585242125836265,
        -0.8997016043457781,
        0.023868180090987488,
        24.552239736166484
      ],
      [
        0.9000102503813266,
        0.4358064032813829,
        -0.007370757592426853,
        6.560363527245499
      ],
      [
        -0.0037704232871753024,
        0.024694169283003945,
        0.9996879422658141,
        0.9213608756375606
      ],
      [
        0.0,
        0.0,
        0.0,
        1.0
      ]
    ],
    "location": [
      24.552239736166484,
      6.560363527245499,
      0.9213608756375606
    ],
    "rotation": [
      0.024696855313618357,
      0.0037704322206796926,
      1.1198077090938976
    ]
  },
  {
    "label_id": "JaWW9h6o2UDYFj3-kc1JMQ",
    "size": [
      1.9718878657398076,
      4.598148893329569,
      1.6200000000000045
    ],
    "obj_class": "vehicle",
    "point_num_in_lidar": 27,
    "speed": 7.105427357601002e-14,
    "if_vehicle": true,
    "motion_state": false,
    "pose": [
      [
        0.4267612367936919,
        0.9040493110165301,
        0.023868180090987488,
        48.46854388648626
      ],
      [
        -0.9042072346348619,
        0.4270303838914621,
        -0.007370757592426853,
        24.853793677993963
      ],
      [
        -0.016855966430148292,
        -0.01843622748958808,
        0.9996879422658141,
        0.8129317674884078
      ],
      [
        0.0,
        0.0,
        0.0,
        1.0
      ]
    ],
    "location": [
      48.46854388648626,
      24.853793677993963,
      0.8129317674884078
    ],
    "rotation": [
      -0.018439892132021206,
      0.01685676472854211,
      -1.12982079508683
    ]
  },
  {
    "label_id": "Jao2QmyrRud-eUnfm54snQ",
    "size": [
      0.8052342809886739,
      0.12316510261808031,
      0.6700000000000159
    ],
    "obj_class": "sign",
    "point_num_in_lidar": 31,
    "speed": 1.156679772130055e-12,
    "if_vehicle": false,
    "motion_state": false,
    "pose": [
      [
        0.08274628321229795,
        -0.9962847798665271,
        0.023868180090987488,
        -18.757996315117452
      ],
      [
        0.9965561668687601,
        0.08259224060623033,
        -0.007370757592426853,
        35.56140769545709
      ],
      [
        0.005372047132512845,
        0.02439588485683989,
        0.9996879422658141,
        2.527861120108696
      ],
      [
        0.0,
        0.0,
        0.0,
        1.0
      ]
    ],
    "location": [
      -18.757996315117452,
      35.56140769545709,
      2.527861120108696
    ],
    "rotation": [
      0.024398657542557357,
      -0.005372072971401635,
      1.4879541267588816
    ]
  },
  {
    "label_id": "KRIFGuPyXMFLkXDccz9mLA",
    "size": [
      1.152832250611474,
      1.3148555747822952,
      1.8799999999999955
    ],
    "obj_class": "pedestrian",
    "point_num_in_lidar": 181,
    "speed": 3.671022370738374,
    "if_vehicle": false,
    "motion_state": true,
    "pose": [
      [
        -0.021267551276422422,
        -0.9994888699939829,
        0.023868180090987488,
        9.271836787195753
      ],
      [
        0.9997427737161371,
        -0.021448970485276983,
        -0.007370757592426853,
        24.703464295555023
      ],
      [
        0.007878938067363152,
        0.02370528260267709,
        0.9996879422658141,
        1.12517395164042
      ],
      [
        0.0,
        0.0,
        0.0,
        1.0
      ]
    ],
    "location": [
      9.271836787195753,
      24.703464295555023,
      1.12517395164042
    ],
    "rotation": [
      0.02370823934909919,
      -0.007879019587320171,
      1.5920661419476572
    ]
  },
  {
    "label_id": "LV0eEgqBFEblVK4wVnO9Gg",
    "size": [
      2.3764124997246374,
      5.358373042693289,
      2.0
    ],
    "obj_class": "vehicle",
    "point_num_in_lidar": 49,
    "speed": 9.757674716609756,
    "if_vehicle": true,
    "motion_state": true,
    "pose": [
      [
        -0.01263268064768625,
        -0.9996352961749589,
        0.023868180090987488,
        3.7452532330898975
      ],
      [
        0.9998907576118082,
        -0.012811899741948022,
        -0.007370757592426853,
        66.57618208193162
      ],
      [
        0.007673866179287936,
        0.02377246024719592,
        0.9996879422658141,
        0.9824252765368442
      ],
      [
        0.0,
        0.0,
        0.0,
        1.0
      ]
    ],
    "location": [
      3.7452532330898975,
      66.57618208193162,
      0.9824252765368442
    ],
    "rotation": [
      0.023775400092444506,
      -0.00767394149800658,
      1.5834297154678043
    ]
  },
  {
    "label_id": "LmP8F40GN6j_UACxsFt51A",
    "size": [
      1.9121608198431976,
      4.405171177727587,
      1.5600000000000023
    ],
    "obj_class": "vehicle",
    "point_num_in_lidar": 28,
    "speed": 3.552713678800501e-13,
    "if_vehicle": true,
    "motion_state": false,
    "pose": [
      [
        -0.3202341272245497,
        0.9470377044974899,
        0.023868180090987488,
        48.39703851506874
      ],
      [
        -0.9473382008681247,
        -0.32014997283844643,
        -0.007370757592426853,
        49.23118950750904
      ],
      [
        0.0006610118570934187,
        -0.024971606909987013,
        0.9996879422658141,
        0.8847217338101245
      ],
      [
        0.0,
        0.0,
        0.0,
        1.0
      ]
    ],
    "location": [
      48.39703851506874,
      49.23118950750904,
      0.8847217338101245
    ],
    "rotation": [
      -0.024974208399637942,
      -0.0006610119052301487,
      -1.8967730197355581
    ]
  },
  {
    "label_id": "O0ipbuwo_Nd7uLn6JzKcdA",
    "size": [
      2.0811413058833517,
      4.05562961252444,
      1.4800000000000182
    ],
    "obj_class": "vehicle",
    "point_num_in_lidar": 158,
    "speed": 1.9512033517140452,
    "if_vehicle": true,
    "motion_state": true,
    "pose": [
      [
        0.00695906931996065,
        -0.9996908928930703,
        0.023868180090987488,
        -0.9216860431129135
      ],
      [
        0.9999498173356337,
        0.006784890783658577,
        -0.007370757592426853,
        45.43385844477234
      ],
      [
        0.007206536243749533,
        0.02391827593514327,
        0.9996879422658141,
        1.077709461765437
      ],
      [
        0.0,
        0.0,
        0.0,
        1.0
      ]
    ],
    "location": [
      -0.9216860431129135,
      45.43385844477234,
      1.077709461765437
    ],
    "rotation": [
      0.02392117835574339,
      -0.007206598622780651,
      1.5638370205858536
    ]
  },
  {
    "label_id": "O6UhqghW5uk0MKik8e2tKQ",
    "size": [
      2.0542130557362386,
      4.047416479704233,
      1.490000000000009
    ],
    "obj_class": "vehicle",
    "point_num_in_lidar": 28,
    "speed": 3.1776437161565096e-13,
    "if_vehicle": true,
    "motion_state": false,
    "pose": [
      [
        0.42268476048824166,
        0.9059624182217174,
        0.023868180090987488,
        49.227833475120406
      ],
      [
        -0.9061215525684656,
        0.42295319351368776,
        -0.007370757592426853,
        -7.2700531962073
      ],
      [
        -0.016772752365404094,
        -0.018511965493457485,
        0.9996879422658141,
        0.7137975818307041
      ],
      [
        0.0,
        0.0,
        0.0,
        1.0
      ]
    ],
    "location": [
      49.227833475120406,
      -7.2700531962073,
      0.7137975818307041
    ],
    "rotation": [
      -0.01851562791368761,
      0.0167735388980272,
      -1.1343250198232904
    ]
  },
  {
    "label_id": "P7N3RrlXPGrRenxyItYCpA",
    "size": [
      0.8653216533690222,
      0.8697376634354017,
      1.5199999999999818
    ],
    "obj_class": "pedestrian",
    "point_num_in_lidar": 38,
    "speed": 0.7904817458310809,
    "if_vehicle": false,
    "motion_state": false,
    "pose": [
      [
        0.7840771253522804,
        -0.6202042981779865,
        0.023868180090987488,
        -22.73101635446983
      ],
      [
        0.6205021925359548,
        0.7841700714708427,
        -0.007370757592426853,
        30.439988961643394
      ],
      [
        -0.014145336948177439,
        0.0205895005030393,
        0.9996879422658141,
        0.8458380054706254
      ],
      [
        0.0,
        0.0,
        0.0,
        1.0
      ]
    ],
    "location": [
      -22.73101635446983,
      30.439988961643394,
      0.8458380054706254
    ],
    "rotation": [
      0.020593016151670408,
      0.014145808715382657,
      0.669462100793673
    ]
  },
  {
    "label_id": "PGlBKCM-r1s0dqCceAW5Ng",
    "size": [
      0.9346793005402443,
      0.8098904127337361,
      2.0500000000000114
    ],
    "obj_class": "pedestrian",
    "point_num_in_lidar": 88,
    "speed": 1.5834051466542716,
    "if_vehicle": false,
    "motion_state": true,
    "pose": [
      [
        0.00831954281698961,
        0.9996804965520036,
        0.023868180090987488,
        -21.594748158282982
      ],
      [
        -0.9999367288686348,
        0.008497658030766922,
        -0.007370757592426853,
        -1.834977507189251
      ],
      [
        -0.007571226242191698,
        -0.023805348590845654,
        0.9996879422658141,
        0.8675566235532415
      ],
      [
        0.0,
        0.0,
        0.0,
        1.0
      ]
    ],
    "location": [
      -21.594748158282982,
      -1.834977507189251,
      0.8675566235532415
    ],
    "rotation": [
      -0.023808280083557825,
      0.00757129857888038,
      -1.5624764495313221
    ]
  },
  {
    "label_id": "QIT_yfqN9dQa6ORELd4USA",
    "size": [
      2.0815084603119423,
      4.602855966355445,
      1.5
    ],
    "obj_class": "vehicle",
    "point_num_in_lidar": 23,
    "speed": 1.9065862296939056e-12,
    "if_vehicle": true,
    "motion_state": false,
    "pose": [
      [
        0.05811541049872095,
        0.9980245032271048,
        0.023868180090987488,
        -33.58887461260292
      ],
      [
        -0.9982715432534504,
        0.05830607054919914,
        -0.007370757592426853,
        42.758136307989844
      ],
      [
        -0.008747856476855326,
        -0.023398570370910903,
        0.9996879422658141,
        0.8038260621211748
      ],
      [
        0.0,
        0.0,
        0.0,
        1.0
      ]
    ],
    "location": [
      -33.58887461260292,
      42.758136307989844,
      0.8038260621211748
    ],
    "rotation": [
      -0.023401601574038734,
      0.008747968052306798,
      -1.5126459257705849
    ]
  },
  {
    "label_id": "TPHe_VyIVOzq8VdRRqF9Zg",
    "size": [
      2.0058904394794785,
      4.565020036356494,
      1.6000000453332746
    ],
    "obj_class": "vehicle",
    "point_num_in_lidar": 136,
    "speed": 8.556067554929069e-13,
    "if_vehicle": true,
    "motion_state": false,
    "pose": [
      [
        -0.36714235381033045,
        -0.9298584849415283,
        0.023868180090987488,
        36.317230488233236
      ],
      [
        0.9300335561507349,
        -0.3674006755112618,
        -0.007370757592426853,
        25.127545031966292
      ],
      [
        0.015622946976418552,
        0.0194920911170183,
        0.9996879422658141,
        0.7456453703026682
      ],
      [
        0.0,
        0.0,
        0.0,
        1.0
      ]
    ],
    "location": [
      36.317230488233236,
      25.127545031966292,
      0.7456453703026682
    ],
    "rotation": [
      0.019495705305659482,
      -0.015623582578529315,
      1.946779462741872
    ]
  },
  {
    "label_id": "WDJKr51g-iNhS0gJaIfkjA",
    "size": [
      2.1813729803632573,
      4.576132587612332,
      1.3600000000000136
    ],
    "obj_class": "vehicle",
    "point_num_in_lidar": 34,
    "speed": 5.684341886080801e-13,
    "if_vehicle": true,
    "motion_state": false,
    "pose": [
      [
        0.396009860347409,
        -0.9179360002128524,
        0.023868180090987488,
        61.07640169366823
      ],
      [
        0.9182423333347943,
        0.3959503620460346,
        -0.007370757592426853,
        42.91609726322167
      ],
      [
        -0.0026847308054756313,
        0.024835666064034995,
        0.9996879422658141,
        0.9056491785476055
      ],
      [
        0.0,
        0.0,
        0.0,
        1.0
      ]
    ],
    "location": [
      61.07640169366823,
      42.91609726322167,
      0.9056491785476055
    ],
    "rotation": [
      0.02483830945520478,
      0.002684734030644035,
      1.1636274112318177
    ]
  },
  {
    "label_id": "XL2HZ5nBolrrTWtjghg-QQ",
    "size": [
      1.9332519448396221,
      4.5287539990138015,
      1.5699999999999932
    ],
    "obj_class": "vehicle",
    "point_num_in_lidar": 160,
    "speed": 1.4281732235759946e-12,
    "if_vehicle": true,
    "motion_state": false,
    "pose": [
      [
        0.02937069556439442,
        0.9992835794814242,
        0.023868180090987488,
        -30.874662622300548
      ],
      [
        -0.9995360039129992,
        0.029554167458179577,
        -0.007370757592426853,
        34.27345268260797
      ],
      [
        -0.00807088122178122,
        -0.02364062107149532,
        0.9996879422658141,
        0.7028585551499873
      ],
      [
        0.0,
        0.0,
        0.0,
        1.0
      ]
    ],
    "location": [
      -30.874662622300548,
      34.27345268260797,
      0.7028585551499873
    ],
    "rotation": [
      -0.023643593884008992,
      0.008070968846038114,
      -1.5414204498283115
    ]
  },
  {
    "label_id": "Y7psRdB62Vd3IFYAiYkr8A",
    "size": [
      0.8262745638301155,
      0.8639008479747439,
      1.660000000000025
    ],
    "obj_class": "pedestrian",
    "point_num_in_lidar": 20,
    "speed": 0.7263956160120345,
    "if_vehicle": false,
    "motion_state": false,
    "pose": [
      [
        0.8088172506388837,
        -0.5875754973176651,
        0.023868180090987488,
        -23.20033611016106
      ],
      [
        0.5878693355777117,
        0.8089223177907341,
        -0.007370757592426853,
        31.032246657232463
      ],
      [
        -0.014976627002670087,
        0.01999296706257034,
        0.9996879422658141,
