[
  {
    "label_id": "0X-5YbX76mfO3JdaVTit6A",
    "size": [
      2.0364853847542554,
      4.528660799265791,
      1.5
    ],
    "obj_class": "vehicle",
    "point_num_in_lidar": 36,
    "speed": 1.1368683772161603e-12,
    "if_vehicle": true,
    "motion_state": false,
    "pose": [
      [
        0.034644114921608876,
        0.9985336632849823,
        0.041596978111059994,
        -46.22040728207503
      ],
      [
        -0.999398868624067,
        0.03466815224002928,
        0.00014357296734926893,
        41.70301674385519
      ],
      [
        -0.001298727928843433,
        -0.04157694682075393,
        0.9991344608203798,
        0.7257691191080653
      ],
      [
        0.0,
        0.0,
        0.0,
        1.0
      ]
    ],
    "location": [
      -46.22040728207503,
      41.70301674385519,
      0.7257691191080653
    ],
    "rotation": [
      -0.04158896985550468,
      0.001298728293936528,
      -1.5361452488304488
    ]
  },
  {
    "label_id": "1eolDINDzpEd5w-27y0I0Q",
    "size": [
      0.8085791236498853,
      0.6297640151236392,
      0.8899999999999864
    ],
    "obj_class": "sign",
    "point_num_in_lidar": 24,
    "speed": 0.012889512672711224,
    "if_vehicle": false,
    "motion_state": false,
    "pose": [
      [
        0.9983462237035868,
        0.03968008352833595,
        0.041596978111059994,
        -22.94708310077567
      ],
      [
        -0.039720429787064825,
        0.9992108220212258,
        0.00014357296734926893,
        58.18044859523252
      ],
      [
        -0.04155845370461437,
        -0.001795585378193492,
        0.9991344608203798,
        0.7356292661818316
      ],
      [
        0.0,
        0.0,
        0.0,
        1.0
      ]
    ],
    "location": [
      -22.94708310077567,
      58.18044859523252,
      0.7356292661818316
    ],
    "rotation": [
      -0.0017971389392838738,
      0.04157042564755754,
      -0.03976525410103398
    ]
  },
  {
    "label_id": "39-kEkDzJEr7nWBZPk1HXw",
    "size": [
      0.9772257133555249,
      0.13068810941669862,
      0.839999999999975
    ],
    "obj_class": "sign",
    "point_num_in_lidar": 121,
    "speed": 0.013510700763441682,
    "if_vehicle": false,
    "motion_state": false,
    "pose": [
      [
        0.0579985158749501,
        0.9974496797173936,
        0.041596978111059994,
        7.558236932915406
      ],
      [
        -0.9983140857548016,
        0.05804279085603522,
        0.00014357296734926893,
        68.20944006285208
      ],
      [
        -0.002271197890444726,
        -0.04153517619213138,
        0.9991344608203798,
        2.97143472121013
      ],
      [
        0.0,
        0.0,
        0.0,
        1.0
      ]
    ],
    "location": [
      7.558236932915406,
      68.20944006285208,
      2.97143472121013
    ],
    "rotation": [
      -0.04154723523814815,
      0.002271199843051026,
      -1.5127650955894363
    ]
  },
  {
    "label_id": "4KLepsi_DW90MB8EG8E5xQ",
    "size": [
      2.018325469818089,
      4.764829562322304,
      1.5
    ],
    "obj_class": "vehicle",
    "point_num_in_lidar": 55,
    "speed": 8.556067554929069e-13,
    "if_vehicle": true,
    "motion_state": false,
    "pose": [
      [
        0.4063426996435264,
        0.9127734121119211,
        0.041596978111059994,
        39.52861704395036
      ],
      [
        -0.9135665497688845,
        0.4066892407356989,
        0.00014357296734926893,
        66.14477458562033
      ],
      [
        -0.016785993857592052,
        -0.038059947600881425,
        0.9991344608203798,
        0.8257691191079743
      ],
      [
        0.0,
        0.0,
        0.0,
        1.0
      ]
    ],
    "location": [
      39.52861704395036,
      66.14477458562033,
      0.8257691191079743
    ],
    "rotation": [
      -0.038074509370089576,
      0.01678678225466256,
      -1.1522858224203327
    ]
  },
  {
    "label_id": "4ZoF6vgB7LJluyrGWdiMEg",
    "size": [
      2.09392198729318,
      4.5423472073732345,
      1.6399999999999864
    ],
    "obj_class": "vehicle",
    "point_num_in_lidar": 82,
    "speed": 2.8421709430404007e-13,
    "if_vehicle": true,
    "motion_state": false,
    "pose": [
      [
        0.06292197632414281,
        0.9971512003239489,
        0.041596978111059994,
        -31.303528227343577
      ],
      [
        -0.9980153772529785,
        0.06297051812870803,
        0.00014357296734926893,
        43.408713001137585
      ],
      [
        -0.0024762193075155803,
        -0.04152345769694577,
        0.9991344608203798,
        0.6957691191079789
      ],
      [
        0.0,
        0.0,
        0.0,
        1.0
      ]
    ],
    "location": [
      -31.303528227343577,
      43.408713001137585,
      0.6957691191079789
    ],
    "rotation": [
      -0.04153552681968495,
      0.0024762218380792256,
      -1.507832563177235
    ]
  },
  {
    "label_id": "6YI5y30RVco3JWyYxY8N3g",
    "size": [
      2.052802263987334,
      4.8452979739718565,
      1.5500000000000114
    ],
    "obj_class": "vehicle",
    "point_num_in_lidar": 26,
    "speed": 2.1316282072803006e-13,
    "if_vehicle": true,
    "motion_state": false,
    "pose": [
      [
        0.38278883283449117,
        0.9228989115115674,
        0.041596978111059994,
        42.6195502239475
      ],
      [
        -0.9237006796556212,
        0.3831149093816974,
        0.00014357296734926893,
        66.17119736787026
      ],
      [
        -0.015803919164282077,
        -0.038478115081404335,
        0.9991344608203798,
        0.8707691191080471
      ],
      [
        0.0,
        0.0,
        0.0,
        1.0
      ]
    ],
    "location": [
      42.6195502239475,
      66.17119736787026,
      0.8707691191080471
    ],
    "rotation": [
      -0.03849242599082167,
      0.01580457711287883,
      -1.1779314030223493
    ]
  },
  {
    "label_id": "6pmP-Giz72k-cchu-rN-Mg",
    "size": [
      2.1277677355822275,
      4.8377725494709605,
      1.8000000000000114
    ],
    "obj_class": "vehicle",
    "point_num_in_lidar": 22,
    "speed": 3.1776437161565096e-13,
    "if_vehicle": true,
    "motion_state": false,
    "pose": [
      [
        -0.4764027638016784,
        -0.8782426191287634,
        0.041596978111059994,
        63.58306284487344
      ],
      [
        0.8790062629917698,
        -0.4768102022902264,
        0.00014357296734926893,
        25.315638290772768
      ],
      [
        0.019707771648915726,
        0.03663240283960569,
        0.9991344608203798,
        0.9849324763649747
      ],
      [
        0.0,
        0.0,
        0.0,
        1.0
      ]
    ],
    "location": [
      63.58306284487344,
      25.315638290772768,
      0.9849324763649747
    ],
    "rotation": [
      0.036647721626565745,
      -0.01970904760941649,
      2.0674603795885322
    ]
  },
  {
    "label_id": "7zzBHnhMjKPx9nzw-2AOQg",
    "size": [
      2.3392588878081786,
      5.257509911976213,
      1.6000000000000227
    ],
    "obj_class": "vehicle",
    "point_num_in_lidar": 127,
    "speed": 5.728578676879116e-13,
    "if_vehicle": true,
    "motion_state": false,
    "pose": [
      [
        -0.0416428296533704,
        0.9982662801830423,
        0.041596978111059994,
        -40.654584679210075
      ],
      [
        -0.9991307975059089,
        -0.041684875698620956,
        0.00014357296734926893,
        21.465226037495086
      ],
      [
        0.001877288914048389,
        -0.04155484312931706,
        0.9991344608203798,
        0.6579567743587518
      ],
      [
        0.0,
        0.0,
        0.0,
        1.0
      ]
    ],
    "location": [
      -40.654584679210075,
      21.465226037495086,
      0.6579567743587518
    ],
    "rotation": [
      -0.04156688523813651,
      -0.0018772900167113456,
      -1.612451274940227
    ]
  },
  {
    "label_id": "AvgCjaE0kU2RZkYQUwpOLQ",
    "size": [
      2.3297402798306615,
      5.3226951623069425,
      2.0400000000000205
    ],
    "obj_class": "vehicle",
    "point_num_in_lidar": 65,
    "speed": 0.2949861800193125,
    "if_vehicle": true,
    "motion_state": false,
    "pose": [
      [
        0.0274232524170166,
        -0.9987580571083773,
        0.041596978111059994,
        -1.23379713588929
      ],
      [
        0.9996230855113926,
        0.027452983435067076,
        0.00014357296734926893,
        118.91483164780584
      ],
      [
        -0.0012853558089548182,
        0.04157736236960378,
        0.9991344608203798,
        1.1457691191080812
      ],
      [
        0.0,
        0.0,
        0.0,
        1.0
      ]
    ],
    "location": [
      -1.23379713588929,
      118.91483164780584,
      1.1457691191080812
    ],
    "rotation": [
      0.04158938504537384,
      0.0012853561628862773,
      1.5433696133455153
    ]
  },
  {
    "label_id": "Bc_BDnL5j2YXCBH4HKF80g",
    "size": [
      1.9362474657031123,
      4.70142584633995,
      1.670000000000016
    ],
    "obj_class": "vehicle",
    "point_num_in_lidar": 43,
    "speed": 1.7067822212573438e-12,
    "if_vehicle": true,
    "motion_state": false,
    "pose": [
      [
        -0.03799668028047315,
        -0.9984117105181066,
        0.041596978111059994,
        -36.14959048759329
      ],
      [
        0.9992768302702736,
        -0.03802362254964314,
        0.00014357296734926893,
        34.39560671230538
      ],
      [
        0.001438322862985369,
        0.041572351731779277,
        0.9991344608203798,
        0.7587939917968924
      ],
      [
        0.0,
        0.0,
        0.0,
        1.0
      ]
    ],
    "location": [
      -36.14959048759329,
      34.39560671230538,
      0.7587939917968924
    ],
    "rotation": [
      0.041584378735138657,
      -0.0014383233589129994,
      1.6088021952889375
    ]
  },
  {
    "label_id": "Cc4GN5NKm3dtq0Hi5UrAgQ",
    "size": [
      2.456283206420739,
      5.5493346788713325,
      1.8999999999999773
    ],
    "obj_class": "vehicle",
    "point_num_in_lidar": 500,
    "speed": 2.929642751054232e-13,
    "if_vehicle": true,
    "motion_state": false,
    "pose": [
      [
        -0.4169990292046214,
        0.9079545699287115,
        0.041596978111059994,
        42.547995730190905
      ],
      [
        -0.9087386074896228,
        -0.41736569413959307,
        0.00014357296734926893,
        48.81526814575591
      ],
      [
        0.01749150937525501,
        -0.03774091017641631,
        0.9991344608203798,
        1.0257691191080198
      ],
      [
        0.0,
        0.0,
        0.0,
        1.0
      ]
    ],
    "location": [
      42.547995730190905,
      48.81526814575591,
      1.0257691191080198
    ],
    "rotation": [
      -0.03775565438046622,
      -0.017492401427747634,
      -2.001007601811118
    ]
  },
  {
    "label_id": "GLDf7-Sxvl37cAZNUTUxwg",
    "size": [
      1.0569865237841878,
      1.0129598608742194,
      1.7200000000000273
    ],
    "obj_class": "pedestrian",
    "point_num_in_lidar": 85,
    "speed": 1.4745183071205925,
    "if_vehicle": false,
    "motion_state": true,
    "pose": [
      [
        -0.34095110314315014,
        -0.9391602827406497,
        0.041596978111059994,
        12.096468409969475
      ],
      [
        0.9399758872989914,
        -0.3412408397060305,
        0.00014357296734926893,
        73.79929173483833
      ],
      [
        0.014059749711241831,
        0.03914910777049962,
        0.9991344608203798,
        1.0377122624207118
      ],
      [
        0.0,
        0.0,
        0.0,
        1.0
      ]
    ],
    "location": [
      12.096468409969475,
      73.79929173483833,
      1.0377122624207118
    ],
    "rotation": [
      0.039162987978194536,
      -0.014060212966282395,
      1.9187606160649755
    ]
  },
  {
    "label_id": "IJ3FUi4Z1k7xeHX3cNHhgA",
    "size": [
      2.273359239257504,
      5.809798929251251,
      2.3000000000000114
    ],
    "obj_class": "vehicle",
    "point_num_in_lidar": 298,
    "speed": 0.008003837566925963,
    "if_vehicle": true,
    "motion_state": false,
    "pose": [
      [
        -0.09652651370585305,
        -0.9944608205272956,
        0.041596978111059994,
        -41.61887511762916
      ],
      [
        0.9953228679064731,
        -0.09660418215189615,
        0.00014357296734926893,
        33.93257630585504
      ],
      [
        0.0038756643594935847,
        0.04141628214774365,
        0.9991344608203798,
        1.3757691191080994
      ],
      [
        0.0,
        0.0,
        0.0,
        1.0
      ]
    ],
    "location": [
      -41.61887511762916,
      33.93257630585504,
      1.3757691191080994
    ],
    "rotation": [
      0.041428442902371174,
      -0.003875674062139056,
      1.667474096359521
    ]
  },
  {
    "label_id": "IKfXUgFeE1HCCCYKAae06Q",
    "size": [
      1.9279103953218086,
      4.1409722562418345,
      1.3700000000000045
    ],
    "obj_class": "vehicle",
    "point_num_in_lidar": 100,
    "speed": 3.552713678800501e-13,
    "if_vehicle": true,
    "motion_state": false,
    "pose": [
      [
        -0.02097376721261442,
        -0.9989143068857003,
        0.041596978111059994,
        37.03283034326296
      ],
      [
        0.9997797601806944,
        -0.020985960064672377,
        0.00014357296734926893,
        83.34583414369081
      ],
      [
        0.0007295354302825378,
        0.04159082806611237,
        0.9991344608203798,
        0.8617924024156878
      ],
      [
        0.0,
        0.0,
        0.0,
        1.0
      ]
    ],
    "location": [
      37.03283034326296,
      83.34583414369081,
      0.8617924024156878
    ],
    "rotation": [
      0.041602839101489195,
      -0.0007295354949950141,
      1.5917716376174629
    ]
  },
  {
    "label_id": "Jao2QmyrRud-eUnfm54snQ",
    "size": [
      0.8052342809886699,
      0.12316510261808031,
      0.6700000000000159
    ],
    "obj_class": "sign",
    "point_num_in_lidar": 84,
    "speed": 0.015508704488227679,
    "if_vehicle": false,
    "motion_state": false,
    "pose": [
      [
        0.08269822344801524,
        -0.9957061289610354,
        0.041596978111059994,
        -18.69391700161941
      ],
      [
        0.9965681828899249,
        0.0827758191640287,
        0.00014357296734926893,
        35.549740266909794
      ],
      [
        -0.003586180421433952,
        0.0414423516605161,
        0.9991344608203798,
        2.527861120108753
      ],
      [
        0.0,
        0.0,
        0.0,
        1.0
      ]
    ],
    "location": [
      -18.69391700161941,
      35.549740266909794,
      2.527861120108753
    ],
    "rotation": [
      0.041454490214080486,
      0.0035861881082708946,
      1.4880030163142932
    ]
  },
  {
    "label_id": "KRIFGuPyXMFLkXDccz9mLA",
    "size": [
      1.1528322506114745,
      1.3148555747822952,
      1.8799999999999955
    ],
    "obj_class": "pedestrian",
    "point_num_in_lidar": 564,
    "speed": 3.7281209659001493,
    "if_vehicle": false,
    "motion_state": true,
    "pose": [
      [
        -0.021255198896809255,
        -0.9989083581249509,
        0.041596978111059994,
        9.123561692602834
      ],
      [
        0.9997738079504022,
        -0.02126763557980821,
        0.00014357296734926893,
        46.218996765794145
      ],
      [
        0.0007412531346012974,
        0.04159062087730119,
        0.9991344608203798,
        1.1587939917970402
      ],
      [
        0.0,
        0.0,
        0.0,
        1.0
      ]
    ],
    "location": [
      9.123561692602834,
      46.218996765794145,
      1.1587939917970402
    ],
    "rotation": [
      0.041602632091896095,
      -0.0007412532024823371,
      1.5920531323158478
    ]
  },
  {
    "label_id": "LV0eEgqBFEblVK4wVnO9Gg",
    "size": [
      2.3764124997257303,
      5.358373042693289,
      2.0
    ],
    "obj_class": "vehicle",
    "point_num_in_lidar": 53,
    "speed": 2.8651216113928637,
    "if_vehicle": true,
    "motion_state": true,
    "pose": [
      [
        0.027089277908403975,
        -0.998767171283893,
        0.041596978111059994,
        3.60603318523863
      ],
      [
        0.9996322095802501,
        0.027118719669444034,
        0.00014357296734926893,
        102.62776266353467
      ],
      [
        -0.0012714527549620997,
        0.04157778985300755,
        0.9991344608203798,
        0.9124252765369079
      ],
      [
        0.0,
        0.0,
        0.0,
        1.0
      ]
    ],
    "location": [
      3.60603318523863,
      102.62776266353467,
      0.9124252765369079
    ],
    "rotation": [
      0.041589812159472044,
      0.0012714530975324306,
      1.5437037127381963
    ]
  },
  {
    "label_id": "M_3sev6zG_NGRjA1B8leIg",
    "size": [
      2.096085307617269,
      4.811468628086786,
      1.4700000000000273
    ],
    "obj_class": "vehicle",
    "point_num_in_lidar": 49,
    "speed": 9.532931148469528e-13,
    "if_vehicle": true,
    "motion_state": false,
    "pose": [
      [
        0.3115932278975711,
        -0.9493046675016406,
        0.041596978111059994,
        33.742837287474686
      ],
      [
        0.9501251559379212,
        0.31186883050530084,
        0.00014357296734926893,
        42.31680159820098
      ],
      [
        -0.013109095404082602,
        0.039477598949981985,
        0.9991344608203798,
        0.7507691191080994
      ],
      [
        0.0,
        0.0,
        0.0,
        1.0
      ]
    ],
    "location": [
      33.742837287474686,
      42.31680159820098,
      0.7507691191080994
    ],
    "rotation": [
      0.03949125549313043,
      0.01310947089592724,
      1.2538988728703295
    ]
  },
  {
    "label_id": "O0ipbuwo_Nd7uLn6JzKcdA",
    "size": [
      2.0811413058825474,
      4.05562961252444,
      1.4800000000000182
    ],
    "obj_class": "vehicle",
    "point_num_in_lidar": 951,
    "speed": 2.1421730199100146,
    "if_vehicle": true,
    "motion_state": true,
    "pose": [
      [
        -0.04630172673395171,
        -0.9980610409756923,
        0.041596978111059994,
        -1.2648727423866148
      ],
      [
        0.9989259066393265,
        -0.04633586549965857,
        0.00014357296734926893,
        57.461692117536586
      ],
      [
        0.0017841373976977372,
        0.04155894674934742,
        0.9991344608203798,
        0.9860437954553163
      ],
      [
        0.0,
        0.0,
        0.0,
        1.0
      ]
    ],
    "location": [
      -1.2648727423866148,
      57.461692117536586,
      0.9860437954553163
    ],
    "rotation": [
      0.04157098532007333,
      -0.001784138344227472,
      1.6171146872736786
    ]
  },
  {
    "label_id": "P7N3RrlXPGrRenxyItYCpA",
    "size": [
      0.8653216533691992,
      0.8697376634354017,
      1.5199999999999818
    ],
    "obj_class": "pedestrian",
    "point_num_in_lidar": 71,
    "speed": 0.9398873012598938,
    "if_vehicle": false,
    "motion_state": false,
    "pose": [
      [
        0.26755131779235025,
        -0.9626453052706405,
        0.041596978111059994,
        -20.16513888395866
      ],
      [
        0.9634776137618594,
        0.2677888480996852,
        0.00014357296734926893,
        34.4951558443845
      ],
      [
        -0.011277416695771127,
        0.040039344073534724,
        0.9991344608203798,
        0.8983386127412132
      ],
      [
        0.0,
        0.0,
        0.0,
        1.0
      ]
    ],
    "location": [
      -20.16513888395866,
      34.4951558443845,
      0.8983386127412132
    ],
    "rotation": [
      0.04005259836264662,
      0.011277655753334783,
      1.2999278662221343
    ]
  },
  {
    "label_id": "QIT_yfqN9dQa6ORELd4USA",
    "size": [
      2.08150846031194,
      4.602855966355445,
      1.5
    ],
    "obj_class": "vehicle",
    "point_num_in_lidar": 43,
    "speed": 1.4281732235759946e-12,
    "if_vehicle": true,
    "motion_state": false,
    "pose": [
      [
        0.05808165656050159,
        0.9974448418750863,
        0.041596978111059994,
        -33.713192370222714
      ],
      [
        -0.9983092442190183,
        0.058126003592671345,
        0.00014357296734926893,
        42.85044805454345
      ],
      [
        -0.0022746599834125164,
        -0.04153498673562831,
        0.9991344608203798,
        0.8038260621211748
      ],
      [
        0.0,
        0.0,
        0.0,
        1.0
      ]
    ],
    "location": [
      -33.713192370222714,
      42.85044805454345,
      0.8038260621211748
    ],
    "rotation": [
      -0.041547045944649176,
      0.002274661944961795,
      -1.5126818138397136
    ]
  },
  {
    "label_id": "SgRDIBnvjCDj5pesLk7nPA",
    "size": [
      1.9875335616080194,
      4.312670339912523,
      1.7300000000000182
    ],
    "obj_class": "vehicle",
    "point_num_in_lidar": 39,
    "speed": 10.943170939562595,
    "if_vehicle": true,
    "motion_state": true,
    "pose": [
      [
        0.009976370658801824,
        0.9990846627991574,
        0.041596978111059994,
        -15.420641229699868
      ],
      [
        -0.9999501978755722,
        0.009979035795460892,
        0.00014357296734926893,
        98.6672067969539
      ],
      [
        -0.00027165618388205217,
        -0.04159633883031915,
        0.9991344608203798,
        0.8907691191079721
      ],
      [
        0.0,
        0.0,
        0.0,
        1.0
      ]
    ],
    "location": [
      -15.420641229699868,
      98.6672067969539,
      0.8907691191079721
    ],
    "rotation": [
      -0.041608345097582045,
      0.00027165618722329123,
      -1.5608197902725616
    ]
  },
  {
    "label_id": "UahDY1qvMQ82owWsLmLHZQ",
    "size": [
      2.0024935692269374,
      4.635795969975856,
      1.420000000000016
    ],
    "obj_class": "vehicle",
    "point_num_in_lidar": 160,
    "speed": 0.004460713417035179,
    "if_vehicle": true,
    "motion_state": false,
    "pose": [
      [
        -0.010703573429158581,
        0.9990771366255333,
        0.041596978111059994,
        -35.94014859264553
      ],
      [
        -0.9999425414633957,
        -0.010718822627893759,
        0.00014357296734926893,
        60.301902275568864
      ],
      [
        0.0005893110993449701,
        -0.04159305126577211,
        0.9991344608203798,
        0.8355354251085032
      ],
      [
        0.0,
        0.0,
        0.0,
        1.0
      ]
    ],
    "location": [
      -35.94014859264553,
      60.301902275568864,
      0.8355354251085032
    ],
    "rotation": [
      -0.04160506037785935,
      -0.0005893111334550455,
      -1.5815001064717713
    ]
  },
  {
    "label_id": "WI6i77z9ngV3vsWbOpfUiA",
    "size": [
      2.045092142053024,
      4.2313164068057265,
      1.6000000000000227
    ],
    "obj_class": "vehicle",
    "point_num_in_lidar": 127,
    "speed": 1.7067822212573438e-12,
    "if_vehicle": true,
    "motion_state": false,
    "pose": [
      [
        0.016582323701016595,
        -0.9989968558272357,
        0.041596978111059994,
        39.85630971956516
      ],
      [
        0.9998621559504492,
        0.01660266499458853,
        0.00014357296734926893,
        83.28843404887266
      ],
      [
        -0.0008340496353288672,
        0.041588863441728796,
        0.9991344608203798,
        0.9639886915257989
      ],
      [
        0.0,
        0.0,
        0.0,
        1.0
      ]
    ],
    "location": [
      39.85630971956516,
      83.28843404887266,
      0.9639886915257989
    ],
    "rotation": [
      0.0416008761763599,
      0.0008340497320284446,
      1.5542132372815614
    ]
  },
  {
    "label_id": "W_oPp2Bj1SjcvvOMipXigA",
    "size": [
      2.072011778165021,
      4.489204707013267,
      1.8100000000000023
    ],
    "obj_class": "vehicle",
    "point_num_in_lidar": 22,
    "speed": 3.695505376966208e-12,
    "if_vehicle": true,
    "motion_state": false,
    "pose": [
      [
        -0.017089117081424784,
        -0.9989883149914245,
        0.041596978111059994,
        -59.01138766506847
      ],
      [
        0.9998538091571698,
        -0.017097944341382895,
        0.00014357296734926893,
        41.10603753455143
      ],
      [
        0.0005677950997820615,
        0.04159335054901951,
        0.9991344608203798,
        0.9697467987586492
      ],
      [
        0.0,
        0.0,
        0.0,
        1.0
      ]
    ],
    "location": [
      -59.01138766506847,
      41.10603753455143,
      0.9697467987586492
    ],
    "rotation": [
      0.0416053594021655,
      -0.0005677951302907636,
      1.5878862785191197
    ]
  },
  {
    "label_id": "XeXTOoCuW1m_4pGsdFCfNw",
    "size": [
      0.5182916940695841,
      0.12495920793043618,
      0.4399999999999977
    ],
    "obj_class": "sign",
    "point_num_in_lidar": 30,
    "speed": 0.01372123697743625,
    "if_vehicle": false,
    "motion_state": false,
    "pose": [
      [
        0.05799851586850021,
        0.9974496797177688,
        0.041596978111059994,
        7.584611403102826
      ],
      [
        -0.998314085755177,
        0.05804279084957974,
        0.00014357296734926893,
        68.21212932174785
      ],
      [
        -0.002271197890176144,
        -0.04153517619214607,
        0.9991344608203798,
        2.3018345540641576
      ],
      [
        0.0,
        0.0,
        0.0,
        1.0
      ]
    ],
    "location": [
      7.584611403102826,
      68.21212932174785,
      2.3018345540641576
    ],
    "rotation": [
      -0.041547235238162825,
      0.002271199842782443,
      -1.512765095595897
    ]
  },
  {
    "label_id": "Y7psRdB62Vd3IFYAiYkr8A",
    "size": [
      0.8262745638284871,
      0.8639008479747439,
      1.660000000000025
    ],
    "obj_class": "pedestrian",
    "point_num_in_lidar": 47,
    "speed": 0.8269315042862038,
    "if_vehicle": false,
    "motion_state": false,
    "pose": [
      [
        0.21448993002779757,
        -0.9758400285542188,
        0.041596978111059994,
        -21.018366685201272
      ],
      [
        0.976684084658785,
        0.21468157387403863,
        0.00014357296734926893,
        34.63722757975847
      ],
      [
        -0.009070208977844019,
        0.04059631153525152,
        0.9991344608203798,
        0.9183386127413087
      ],
      [
        0.0,
        0.0,
        0.0,
        1.0
      ]
    ],
    "location": [
      -21.018366685201272,
      34.63722757975847,
      0.9183386127413087
    ],
    "rotation": [
      0.04060914205978141,
      0.009070333348151511,
      1.3546177173317255
    ]
  },
  {
    "label_id": "YTcass-ERc9jtlumJh8FmA",
    "size": [
      1.936865148920533,
      4.353787564816944,
      1.509999999999991
    ],
    "obj_class": "vehicle",
    "point_num_in_lidar": 192,
    "speed": 10.800938603408138,
    "if_vehicle": true,
    "motion_state": true,
    "pose": [
      [
        0.015905100043947493,
        0.9990078674388005,
        0.041596978111059994,
        -16.47930831564372
      ],
      [
        -0.9998733714587665,
        0.0159129015104823,
        0.00014357296734926893,
        68.29855248170679
      ],
      [
        -0.0005184980918815322,
        -0.04159399428881137,
        0.9991344608203798,
        0.7789886915257398
      ],
      [
        0.0,
        0.0,
        0.0,
        1.0
      ]
    ],
    "location": [
      -16.47930831564372,
      68.29855248170679,
      0.7789886915257398
    ],
    "rotation": [
      -0.04160600258496548,
      0.0005184981151137296,
      -1.5548905539449847
    ]
  },
  {
    "label_id": "Ye5MQyukvP9sghRyjq38RQ",
    "size": [
      1.7458355193950772,
      3.8660854927858566,
      1.5600000000000023
    ],
    "obj_class": "vehicle",
    "point_num_in_lidar": 26,
    "speed": 8.556067554929069e-13,
    "if_vehicle": true,
    "motion_state": false,
    "pose": [
      [
        -0.5244032887302601,
        -0.8504533392143954,
        0.041596978111059994,
        63.10546059236367
      ],
      [
        0.8511931972702761,
        -0.5248524748037373,
        0.00014357296734926893,
        60.34994110984371
      ],
      [
        0.021710174796443625,
        0.035482354931385574,
        0.9991344608203798,
        0.9457691191080357
      ],
      [
        0.0,
        0.0,
        0.0,
        1.0
      ]
    ],
    "location": [
      63.10546059236367,
      60.34994110984371,
      0.9457691191080357
    ],
    "rotation": [
      0.035498174727007566,
      -0.02171188060716464,
      2.122955686945406
    ]
  },
  {
    "label_id": "Yfx_HVbC7uVvds21GWNTRg",
    "size": [
      2.1537253699911885,
      5.135124867746784,
      1.6999999999999886
    ],
    "obj_class": "vehicle",
    "point_num_in_lidar": 48,
    "speed": 1.7067822212573438e-12,
    "if_vehicle": true,
    "motion_state": false,
    "pose": [
      [
        0.020272573802740446,
        0.9989287833291423,
        0.041596978111059994,
        -36.45167724617568
      ],
      [
        -0.9997942449696938,
        0.020284159146555233,
        0.00014357296734926893,
        42.346059271083504
      ],
      [
        -0.0007003405544273556,
        -0.04159132991714478,
        0.9991344608203798,
        0.6098985881757244
      ],
      [
        0.0,
        0.0,
        0.0,
        1.0
      ]
    ],
    "location": [
      -36.45167724617568,
      42.346059271083504,
      0.6098985881757244
    ],
    "rotation": [
      -0.04160334051840628,
      0.0007003406116775113,
      -1.550522359168215
    ]
  },
  {
    "label_id": "Yqhji1Do1Bpc7WANpj6fog",
    "size": [
      2.375418643572956,
      4.9945625151731425,
      1.740000000000009
    ],
    "obj_class": "vehicle",
    "point_num_in_lidar": 48,
    "speed": 1.4369837526939963e-12,
    "if_vehicle": true,
    "motion_state": false,
    "pose": [
      [
        0.3682275721490001,
        0.9288046869613014,
        0.041596978111059994,
        73.53724016880506
      ],
      [
        -0.9296114839780142,
        0.36854099940576107,
        0.00014357296734926893,
        30.461158354342842
      ],
      [
        -0.015196840640314678,
        -0.038721896076016706,
        0.9991344608203798,
        1.0257691191081904
      ],
      [
        0.0,
        0.0,
        0.0,
        1.0
      ]
    ],
    "location": [
      73.53724016880506,
      30.461158354342842,
      1.0257691191081904
    ],
    "rotation": [
      -0.03873605454292812,
      0.015197425637552385,
      -1.1936486639560315
    ]
  },
  {
    "label_id": "ZD2xyQqVlFo4DW-aNs8QBw",
    "size": [
      2.234437110452694,
      4.969279365215105,
      1.6999999999999886
    ],
    "obj_class": "vehicle",
    "point_num_in_lidar": 77,
    "speed": 1.4228607195221901e-12,
    "if_vehicle": true,
    "motion_state": false,
    "pose": [
      [
        0.3712630624024781,
        0.9275955098573739,
        0.041596978111059994,
        61.020516945916825
      ],
      [
        -0.9284012775622508,
        0.37157912644224744,
        0.00014357296734926893,
        30.63286185279867
      ],
      [
        -0.015323391149294879,
        -0.03867199096057338,
        0.9991344608203798,
        0.8055356092042985
      ],
      [
        0.0,
        0.0,
        0.0,
        1.0
      ]
    ],
    "location": [
      61.020516945916825,
      30.63286185279867,
      0.8055356092042985
    ],
    "rotation": [
      -0.03868618100799024,
      0.0153239908841716,
      -1.190380439081498
    ]
  },
  {
    "label_id": "aBfZK79ylDzaSLoIvIuLKg",
    "size": [
      0.8684472722431329,
      0.1641085882203508,
      0.9399999999999977
    ],
    "obj_class": "sign",
    "point_num_in_lidar": 64,
    "speed": 0.01987225237438208,
    "if_vehicle": false,
    "motion_state": false,
    "pose": [
      [
        0.03434810215217527,
        0.9985438895164156,
        0.041596978111059994,
        8.014410109673918
      ],
      [
        -0.9994091019432485,
        0.03437188298293226,
        0.00014357296734926893,
        86.18415341826221
      ],
      [
        -0.0012864025548305967,
        -0.041577329996476245,
        0.9991344608203798,
        2.9908765943154663
      ],
      [
        0.0,
        0.0,
        0.0,
        1.0
      ]
    ],
    "location": [
      8.014410109673918,
      86.18415341826221,
      2.9908765943154663
    ],
    "rotation": [
      -0.04158935270021304,
      0.0012864029096274461,
      -1.5364414386807985
    ]
  },
  {
    "label_id": "aCe-sGUZd8XCrjmz2Aqjpw",
    "size": [
      1.841836542919304,
      4.44996955986282,
      1.3700000000000045
    ],
    "obj_class": "vehicle",
    "point_num_in_lidar": 259,
    "speed": 3.552713678800501e-13,
    "if_vehicle": true,
    "motion_state": false,
    "pose": [
      [
        0.4399500227606336,
        0.8970583419627433,
        0.041596978111059994,
        36.38817447159181
      ],
      [
        -0.8978380672098919,
        0.4403257708283818,
        0.00014357296734926893,
        65.99809106299654
      ],
      [
        -0.018187428122842814,
        -0.03741051535925941,
        0.9991344608203798,
        0.8107691191080448
      ],
      [
        0.0,
        0.0,
        0.0,
        1.0
      ]
    ],
    "location": [
      36.38817447159181,
      65.99809106299654,
      0.8107691191080448
    ],
    "rotation": [
      -0.037425440397470415,
      0.018188430952740347,
      -1.1151722581772423
    ]
  },
  {
    "label_id": "aH4CifP98VP1LwWVbnjEww",
    "size": [
      0.8111830784138475,
      0.13501192777146076,
      0.8199999999999932
    ],
    "obj_class": "sign",
    "point_num_in_lidar": 76,
    "speed": 0.013016512692203353,
    "if_vehicle": false,
    "motion_state": false,
    "pose": [
      [
        0.995601118116521,
        0.08395299290174907,
        0.041596978111059994,
        -21.89804465991665
      ],
      [
        -0.08403167495655606,
        0.9964630735711176,
        0.00014357296734926893,
        40.48442126349619
      ],
      [
        -0.041437799279508594,
        -0.0036384051506278096,
        0.9991344608203798,
        1.4598894558765778
      ],
      [
        0.0,
        0.0,
        0.0,
        1.0
      ]
    ],
    "location": [
      -21.89804465991665,
      40.48442126349619,
      1.4598894558765778
    ],
    "rotation": [
      -0.0036415409642463546,
      0.041449667198843874,
      -0.08420338102250631
    ]
  },
  {
    "label_id": "bbrz_rolD5p6nYiFP9UnZg",
    "size": [
      1.8584089971460682,
      4.223727654714482,
      1.3999999999999773
    ],
    "obj_class": "vehicle",
    "point_num_in_lidar": 42,
    "speed": 8.556067554929069e-13,
    "if_vehicle": true,
    "motion_state": false,
    "pose": [
      [
        -0.005607620640332347,
        0.9991187346871153,
        0.041596978111059994,
        -27.913488551564114
      ],
      [
        -0.9999842060468694,
        -0.005618455625469656,
        0.00014357296734926893,
        43.426144085651686
      ],
      [
        0.00037715721714389925,
        -0.04159551602760223,
        0.9991344608203798,
        0.7067924024157151
      ],
      [
        0.0,
        0.0,
        0.0,
        1.0
      ]
    ],
    "location": [
      -27.913488551564114,
      43.426144085651686,
      0.7067924024157151
    ],
    "rotation": [
      -0.041607523006944314,
      -0.00037715722608551585,
      -1.576403977223474
    ]
  },
  {
    "label_id": "j4uKazNwBsHJ2f4MFBWDNg",
    "size": [
      0.9129643679416494,
      0.12332203574414805,
      1.089999999999975
    ],
    "obj_class": "sign",
    "point_num_in_lidar": 52,
    "speed": 0.005714786547584571,
    "if_vehicle": false,
    "motion_state": false,
    "pose": [
      [
        0.004348500044975351,
        -0.9991250081743459,
        0.041596978111059994,
        -18.874374002450622
      ],
      [
        0.9999904925013794,
        0.004358244331361482,
        0.00014357296734926893,
        47.44975250939933
      ],
      [
        -0.0003247371362307483,
        0.041595958300793004,
        0.9991344608203798,
        3.21484160048243
      ],
      [
        0.0,
        0.0,
        0.0,
        1.0
      ]
    ],
    "location": [
      -18.874374002450622,
      47.44975250939933,
      3.21484160048243
    ],
    "rotation": [
      0.04160796489738504,
      0.0003247371419382315,
      1.5664478128158927
    ]
  },
  {
    "label_id": "k-MFEgD7GPZpMCEFQBGOAQ",
    "size": [
      1.880206766504601,
      4.302671856723734,
      1.6899999999999977
    ],
    "obj_class": "vehicle",
    "point_num_in_lidar": 184,
    "speed": 3.552713678800501e-13,
    "if_vehicle": true,
    "motion_state": false,
    "pose": [
      [
        0.006650661345631857,
        0.9991123360842332,
        0.041596978111059994,
        -38.64767735938358
      ],
      [
        -0.999977875236905,
        0.006650445360114945,
        0.00014357296734926893,
        54.7056967144199
      ],
      [
        -0.0001331929072666285,
        -0.04159701264295805,
        0.9991344608203798,
        0.9338102555300907
      ],
      [
        0.0,
        0.0,
        0.0,
        1.0
      ]
    ],
    "location": [
      -38.64767735938358,
      54.7056967144199,
      0.9338102555300907
    ],
    "rotation": [
      -0.04160901832704052,
      0.0001331929076604433,
      -1.5641456163613996
    ]
  },
  {
    "label_id": "lbhJDFo720d242nqCSNOGQ",
    "size": [
      1.9912174646901215,
      4.3972375697915185,
      1.6000000000000227
    ],
    "obj_class": "vehicle",
    "point_num_in_lidar": 60,
    "speed": 2.0779569018554223,
    "if_vehicle": true,
    "motion_state": true,
    "pose": [
      [
        -0.8099701400906597,
        0.5849940714003392,
        0.041596978111059994,
        -57.81478512558169
      ],
      [
        -0.5854959875422135,
        -0.8106752913212362,
        0.00014357296734926893,
        64.61592074663895
      ],
      [
        0.03380563168297933,
        -0.024238573961429796,
        0.9991344608203798,
        0.9539622886136954
      ],
      [
        0.0,
        0.0,
        0.0,
        1.0
      ]
    ],
    "location": [
      -57.81478512558169,
      64.61592074663895,
      0.9539622886136954
    ],
    "rotation": [
      -0.02425481411481446,
      -0.033812073959394034,
      -2.515687803893314
    ]
  },
  {
    "label_id": "lrhnoPhYGlUEbb-EIG5HkA",
    "size": [
      2.1741784802443442,
      5.485636012443816,
      1.740000000000009
    ],
    "obj_class": "vehicle",
    "point_num_in_lidar": 161,
    "speed": 0.005243493230674512,
    "if_vehicle": true,
    "motion_state": false,
    "pose": [
      [
        0.003203166372320325,
        -0.9991293365411803,
        0.041596978111059994,
        31.99084264576959
      ],
      [
        0.9999948314697604,
        0.0032119185183248464,
        0.00014357296734926893,
        83.33632028390457
      ],
      [
        -0.0002770540679141905,
        0.04159630322771977,
        0.9991344608203798,
        0.995769119108104
      ],
      [
        0.0,
        0.0,
        0.0,
        1.0
      ]
    ],
    "location": [
      31.99084264576959,
      83.33632028390457,
      0.995769119108104
    ],
    "rotation": [
      0.04160830952579543,
      0.00027705407145858747,
      1.5675931548220534
    ]
  },
  {
    "label_id": "oRpAqln2Ne5FkuUoyxZAZA",
    "size": [
      2.0722685850895513,
      4.742602933944892,
      1.6499999999999773
    ],
    "obj_class": "vehicle",
    "point_num_in_lidar": 111,
    "speed": 1.1368683772161603e-12,
    "if_vehicle": true,
    "motion_state": false,
    "pose": [
      [
        0.009808724768925548,
        0.9990863227621702,
        0.041596978111059994,
        -40.71834291813502
      ],
      [
        -0.9999518582736078,
        0.009811244669330445,
        0.00014357296734926893,
        60.4681953512445
      ],
      [
        -0.00026467634175535837,
        -0.041596383828442024,
