[
  {
    "label_id": "0X-5YbX76mfO3JdaVTit6A",
    "size": [
      2.0364853847542594,
      4.528660799265791,
      1.5
    ],
    "obj_class": "vehicle",
    "point_num_in_lidar": 66,
    "speed": 4.504129971530573e-28,
    "if_vehicle": true,
    "motion_state": false,
    "pose": [
      [
        0.03463799708705063,
        0.9983573313519393,
        0.045638230614602183,
        -46.220407282074575
      ],
      [
        -0.9993970060490263,
        0.034712121404665064,
        -0.0008324228674301949,
        41.70301674385155
      ],
      [
        -0.0024152552742721114,
        -0.045581877576751195,
        0.9989576862803239,
        0.7257691191080653
      ],
      [
        0.0,
        0.0,
        0.0,
        1.0
      ]
    ],
    "location": [
      -46.220407282074575,
      41.70301674385155,
      0.7257691191080653
    ],
    "rotation": [
      -0.045597809743717126,
      0.0024152576224933256,
      -1.5361512984828682
    ]
  },
  {
    "label_id": "1eolDINDzpEd5w-27y0I0Q",
    "size": [
      0.8085791236498829,
      0.6297640151236392,
      0.8899999999999864
    ],
    "obj_class": "sign",
    "point_num_in_lidar": 46,
    "speed": 0.012889512673429665,
    "if_vehicle": false,
    "motion_state": false,
    "pose": [
      [
        0.9981699248706639,
        0.039673076387665734,
        0.045638230614602183,
        -22.90753093848798
      ],
      [
        -0.0396764438195397,
        0.999212233150698,
        -0.0008324228674301949,
        58.18611851470632
      ],
      [
        -0.0456353031054696,
        -0.0009798632219600396,
        0.9989576862803239,
        0.6559108512569765
      ],
      [
        0.0,
        0.0,
        0.0,
        1.0
      ]
    ],
    "location": [
      -22.90753093848798,
      58.18611851470632,
      0.6559108512569765
    ],
    "rotation": [
      -0.000980885297909576,
      0.045651157836766536,
      -0.039728273098276756
    ]
  },
  {
    "label_id": "303QVPZsmqpcoXSJgCZsaQ",
    "size": [
      2.4154803135569276,
      5.381323891110312,
      1.6999999999999886
    ],
    "obj_class": "vehicle",
    "point_num_in_lidar": 31,
    "speed": 7.89759077111105e-27,
    "if_vehicle": true,
    "motion_state": false,
    "pose": [
      [
        -0.03809255827630821,
        -0.9982314906424934,
        0.045638230614602183,
        -54.36063190975938
      ],
      [
        0.9992709026109333,
        -0.038170279895492557,
        -0.0008324228674301949,
        33.96010243760247
      ],
      [
        0.002572974756294145,
        0.04557324678323134,
        0.9989576862803239,
        0.8566555654242052
      ],
      [
        0.0,
        0.0,
        0.0,
        1.0
      ]
    ],
    "location": [
      -54.36063190975938,
      33.96010243760247,
      0.8566555654242052
    ],
    "rotation": [
      0.04558918789250487,
      -0.0025729775952367953,
      1.6088982295974525
    ]
  },
  {
    "label_id": "39-kEkDzJEr7nWBZPk1HXw",
    "size": [
      0.9772257133555243,
      0.13068810941669862,
      0.839999999999975
    ],
    "obj_class": "sign",
    "point_num_in_lidar": 92,
    "speed": 0.013510700537316631,
    "if_vehicle": false,
    "motion_state": false,
    "pose": [
      [
        0.057988273866303224,
        0.9972735392059567,
        0.045638230614602183,
        7.596775132743915
      ],
      [
        -0.9983111948905868,
        0.05808670440211195,
        -0.0008324228674301949,
        68.22583884211963
      ],
      [
        -0.0034811277102638947,
        -0.04551288577234656,
        0.9989576862803239,
        2.962979843607286
      ],
      [
        0.0,
        0.0,
        0.0,
        1.0
      ]
    ],
    "location": [
      7.596775132743915,
      68.22583884211963,
      2.962979843607286
    ],
    "rotation": [
      -0.0455288892317414,
      0.0034811347411649604,
      -1.5127751527519777
    ]
  },
  {
    "label_id": "4KLepsi_DW90MB8EG8E5xQ",
    "size": [
      2.018325469818081,
      4.764829562322304,
      1.5
    ],
    "obj_class": "vehicle",
    "point_num_in_lidar": 48,
    "speed": 1.0071540795836554e-27,
    "if_vehicle": true,
    "motion_state": false,
    "pose": [
      [
        0.40627094323075796,
        0.9126122246566493,
        0.045638230614602183,
        39.52861704395127
      ],
      [
        -0.9135483444841205,
        0.4067293072333153,
        -0.0008324228674301949,
        66.14477458562214
      ],
      [
        -0.019322085206131965,
        -0.04135454079963661,
        0.9989576862803239,
        0.8257691191079743
      ],
      [
        0.0,
        0.0,
        0.0,
        1.0
      ]
    ],
    "location": [
      39.52861704395127,
      66.14477458562214,
      0.8257691191079743
    ],
    "rotation": [
      -0.04137406577809576,
      0.019323287702302024,
      -1.1523439981501302
    ]
  },
  {
    "label_id": "4SOLc0t4Ak22kMUEPFSLZA",
    "size": [
      1.945761500345469,
      4.279870270697451,
      1.670000000000016
    ],
    "obj_class": "vehicle",
    "point_num_in_lidar": 22,
    "speed": 1.8156728381158045e-27,
    "if_vehicle": true,
    "motion_state": false,
    "pose": [
      [
        0.4568975822765612,
        0.8883477647949598,
        0.045638230614602183,
        45.6571608026984
      ],
      [
        -0.8892566565844632,
        0.4574078112498647,
        -0.0008324228674301949,
        66.07127049573683
      ],
      [
        -0.021614764168387576,
        -0.04020376837321125,
        0.9989576862803239,
        0.9607691191079653
      ],
      [
        0.0,
        0.0,
        0.0,
        1.0
      ]
    ],
    "location": [
      45.6571608026984,
      66.07127049573683,
      0.9607691191079653
    ],
    "rotation": [
      -0.04022400922803662,
      0.021616447584871516,
      -1.0961719785859891
    ]
  },
  {
    "label_id": "4ZoF6vgB7LJluyrGWdiMEg",
    "size": [
      2.0939219872931822,
      4.5423472073732345,
      1.6399999999999864
    ],
    "obj_class": "vehicle",
    "point_num_in_lidar": 113,
    "speed": 1.8156728381158045e-27,
    "if_vehicle": true,
    "motion_state": false,
    "pose": [
      [
        0.06291086487730499,
        0.9969751125212494,
        0.045638230614602183,
        -31.30352822734403
      ],
      [
        -0.9980122696334627,
        0.06301441686816116,
        -0.0008324228674301949,
        43.408713001137585
      ],
      [
        -0.0037057713709952966,
        -0.045495145675200827,
        0.9989576862803239,
        0.6957691191080357
      ],
      [
        0.0,
        0.0,
        0.0,
        1.0
      ]
    ],
    "location": [
      -31.30352822734403,
      43.408713001137585,
      0.6957691191080357
    ],
    "rotation": [
      -0.04551116739627787,
      0.0037057798527810664,
      -1.5078434571426824
    ]
  },
  {
    "label_id": "6YI5y30RVco3JWyYxY8N3g",
    "size": [
      2.0528022639873322,
      4.8452979739718565,
      1.5500000000000114
    ],
    "obj_class": "vehicle",
    "point_num_in_lidar": 73,
    "speed": 5.50838597392434e-28,
    "if_vehicle": true,
    "motion_state": false,
    "pose": [
      [
        0.3827212358196658,
        0.9227359359854996,
        0.045638230614602183,
        42.6195502239475
      ],
      [
        -0.923683508397203,
        0.3831554298025852,
        -0.0008324228674301949,
        66.17119736787208
      ],
      [
        -0.018254642360281337,
        -0.041836695062588955,
        0.9989576862803239,
        0.8707691191080471
      ],
      [
        0.0,
        0.0,
        0.0,
        1.0
      ]
    ],
    "location": [
      42.6195502239475,
      66.17119736787208,
      0.8707691191080471
    ],
    "rotation": [
      -0.0418558877254357,
      0.01825565635073992,
      -1.1779872857546956
    ]
  },
  {
    "label_id": "7DXMcrFMaCxx4GTgIJE-SQ",
    "size": [
      0.5836348899473544,
      0.09953616580182253,
      0.7900000000000205
    ],
    "obj_class": "sign",
    "point_num_in_lidar": 30,
    "speed": 3.0467995342531027e-28,
    "if_vehicle": false,
    "motion_state": false,
    "pose": [
      [
        -0.029053034144426833,
        -0.9985354641240195,
        0.045638230614602183,
        -20.25164265434887
      ],
      [
        0.9995755371785527,
        -0.02912134176815108,
        -0.0008324228674301949,
        81.13783892185529
      ],
      [
        0.002160250265698383,
        0.0455946744724796,
        0.9989576862803239,
        2.5612567962347157
      ],
      [
        0.0,
        0.0,
        0.0,
        1.0
      ]
    ],
    "location": [
      -20.25164265434887,
      81.13783892185529,
      2.5612567962347157
    ],
    "rotation": [
      0.04561059336818081,
      -0.002160251945901799,
      1.599853517487047
    ]
  },
  {
    "label_id": "AFL1N-XB7hfEMBHsxDvkQg",
    "size": [
      2.3168687383438145,
      5.169979861084375,
      1.5699999999999932
    ],
    "obj_class": "vehicle",
    "point_num_in_lidar": 24,
    "speed": 8.124795992350336e-28,
    "if_vehicle": true,
    "motion_state": false,
    "pose": [
      [
        -0.029665147878679313,
        -0.9985174665010644,
        0.045638230614602183,
        -33.48125731671507
      ],
      [
        0.9995574974864402,
        -0.02973409307201024,
        -0.0008324228674301949,
        33.88010790510452
      ],
      [
        0.002188200169380398,
        0.04559334163538089,
        0.9989576862803239,
        0.722085054684328
      ],
      [
        0.0,
        0.0,
        0.0,
        1.0
      ]
    ],
    "location": [
      -33.48125731671507,
      33.88010790510452,
      0.722085054684328
    ],
    "rotation": [
      0.04560926191402211,
      -0.002188201915648123,
      1.600465898442843
    ]
  },
  {
    "label_id": "AvgCjaE0kU2RZkYQUwpOLQ",
    "size": [
      2.3297402798317437,
      5.3226951623069425,
      2.0400000000000205
    ],
    "obj_class": "vehicle",
    "point_num_in_lidar": 93,
    "speed": 0.03925055023799446,
    "if_vehicle": true,
    "motion_state": false,
    "pose": [
      [
        0.027417802480166138,
        -0.9985817022224706,
        0.045638230614602183,
        -1.2264414552264498
      ],
      [
        0.9996239733119157,
        0.027408375586091768,
        -0.0008324228674301949,
        119.1827323341895
      ],
      [
        -0.0004196275218423343,
        0.045643892627653324,
        0.9989576862803239,
        1.1457691191080812
      ],
      [
        0.0,
        0.0,
        0.0,
        1.0
      ]
    ],
    "location": [
      -1.2264414552264498,
      119.1827323341895,
      1.1457691191080812
    ],
    "rotation": [
      0.04565976034166821,
      0.0004196275341575119,
      1.5433750855795856
    ]
  },
  {
    "label_id": "Bc_BDnL5j2YXCBH4HKF80g",
    "size": [
      1.936247465703103,
      4.70142584633995,
      1.670000000000016
    ],
    "obj_class": "vehicle",
    "point_num_in_lidar": 56,
    "speed": 1.8156691812892046e-27,
    "if_vehicle": true,
    "motion_state": false,
    "pose": [
      [
        -0.037989970413466044,
        -0.9982354001208092,
        0.045638230614602183,
        -36.14959048759238
      ],
      [
        0.9992748200711654,
        -0.03806758521248485,
        -0.0008324228674301949,
        34.3956067123072
      ],
      [
        0.0025682912070072957,
        0.04557351096566778,
        0.9989576862803239,
        0.7587939917969493
      ],
      [
        0.0,
        0.0,
        0.0,
        1.0
      ]
    ],
    "location": [
      -36.14959048759238,
      34.3956067123072,
      0.7587939917969493
    ],
    "rotation": [
      0.04558945180132428,
      -0.0025682940304750583,
      1.6087955666264775
    ]
  },
  {
    "label_id": "BoPK3Su8JdbF_6OhYJQLEQ",
    "size": [
      2.35495517768504,
      5.360671848850634,
      1.8999999999999773
    ],
    "obj_class": "vehicle",
    "point_num_in_lidar": 26,
    "speed": 1.8156728381158045e-27,
    "if_vehicle": true,
    "motion_state": false,
    "pose": [
      [
        0.9989580331056797,
        3.617011963987995e-16,
        0.045638230614602183,
        63.36084619974645
      ],
      [
        3.8029932723175725e-05,
        0.9999996528128867,
        -0.0008324228674301949,
        87.91696866956227
      ],
      [
        -0.04563821476959664,
        0.0008332911292001357,
        0.9989576862803239,
        1.1554782013761837
      ],
      [
        0.0,
        0.0,
        0.0,
        1.0
      ]
    ],
    "location": [
      63.36084619974645,
      87.91696866956227,
      1.1554782013761837
    ],
    "rotation": [
      0.0008341603927473642,
      0.04565407253771951,
      3.8069599967649845e-05
    ]
  },
  {
    "label_id": "Cc4GN5NKm3dtq0Hi5UrAgQ",
    "size": [
      2.45628320642074,
      5.5493346788713325,
      1.8999999999999773
    ],
    "obj_class": "vehicle",
    "point_num_in_lidar": 345,
    "speed": 1.2315425739175519e-28,
    "if_vehicle": true,
    "motion_state": false,
    "pose": [
      [
        -0.4169253909812943,
        0.907794233436996,
        0.045638230614602183,
        42.54799573019136
      ],
      [
        -0.908756668270437,
        -0.41732556229661355,
        -0.0008324228674301949,
        48.81526814575773
      ],
      [
        0.018290331574627162,
        -0.04182110462854884,
        0.9989576862803239,
        1.0257691191080767
      ],
      [
        0.0,
        0.0,
        0.0,
        1.0
      ]
    ],
    "location": [
      42.54799573019136,
      48.81526814575773,
      1.0257691191080767
    ],
    "rotation": [
      -0.041840308339809125,
      -0.018291351524604916,
      -2.000933128736854
    ]
  },
  {
    "label_id": "D-kUN-HsliY3Ha9PNEVv7g",
    "size": [
      0.7276413270774351,
      0.627713311804655,
      1.6499999999999773
    ],
    "obj_class": "pedestrian",
    "point_num_in_lidar": 28,
    "speed": 8.12481512329299e-28,
    "if_vehicle": false,
    "motion_state": false,
    "pose": [
      [
        0.9989580331056798,
        4.1320817297429035e-15,
        0.045638230614602183,
        -26.989782381181612
      ],
      [
        3.8029932719400966e-05,
        0.9999996528128867,
        -0.0008324228674301949,
        76.63594488666604
      ],
      [
        -0.04563821476959665,
        0.0008332911291999636,
        0.9989576862803239,
        0.9507691191079743
      ],
      [
        0.0,
        0.0,
        0.0,
        1.0
      ]
    ],
    "location": [
      -26.989782381181612,
      76.63594488666604,
      0.9507691191079743
    ],
    "rotation": [
      0.0008341603927471918,
      0.04565407253771952,
      3.8069599963871143e-05
    ]
  },
  {
    "label_id": "DHUkdQXbOqQov8-wGY1Imw",
    "size": [
      2.0818113181999585,
      4.630890369444594,
      1.579999999999984
    ],
    "obj_class": "vehicle",
    "point_num_in_lidar": 30,
    "speed": 3.1590359334258924e-27,
    "if_vehicle": true,
    "motion_state": false,
    "pose": [
      [
        -0.5421432848768956,
        -0.8390457738224164,
        0.045638230614602183,
        54.035459976018046
      ],
      [
        0.8399000128518167,
        -0.5427405231634063,
        -0.0008324228674301949,
        60.597246067089145
      ],
      [
        0.025468158048971814,
        0.037880258011983296,
        0.9989576862803239,
        0.8857691191081472
      ],
      [
        0.0,
        0.0,
        0.0,
        1.0
      ]
    ],
    "location": [
      54.035459976018046,
      60.597246067089145,
      0.8857691191081472
    ],
    "rotation": [
      0.0379016229090385,
      -0.025470912075706544,
      2.1439913641396586
    ]
  },
  {
    "label_id": "G7BNS6imdS_exHasj7Aj1A",
    "size": [
      2.278554039870268,
      5.572773604678559,
      1.839999999999975
    ],
    "obj_class": "vehicle",
    "point_num_in_lidar": 33,
    "speed": 6.8071931508755785e-28,
    "if_vehicle": true,
    "motion_state": false,
    "pose": [
      [
        -0.010192871376981634,
        0.9989060302548286,
        0.045638230614602183,
        -51.50486696201324
      ],
      [
        -0.9999479837768781,
        -0.010165471593886302,
        -0.0008324228674301949,
        42.193961319482696
      ],
      [
        -0.000367578085090067,
        -0.04564434146543462,
        0.9989576862803239,
        0.774054749230288
      ],
      [
        0.0,
        0.0,
        0.0,
        1.0
      ]
    ],
    "location": [
      -51.50486696201324,
      42.193961319482696,
      0.774054749230288
    ],
    "rotation": [
      -0.04566020871168949,
      0.0003675780933675369,
      -1.5809893753661926
    ]
  },
  {
    "label_id": "GLDf7-Sxvl37cAZNUTUxwg",
    "size": [
      1.056986523785184,
      1.0129598608742194,
      1.7200000000000273
    ],
    "obj_class": "pedestrian",
    "point_num_in_lidar": 118,
    "speed": 1.5060484586085872,
    "if_vehicle": false,
    "motion_state": true,
    "pose": [
      [
        -0.2234278513117522,
        -0.9736514505533188,
        0.045638230614602183,
        10.844353637215136
      ],
      [
        0.9746581771217678,
        -0.22369788743267638,
        -0.0008324228674301949,
        78.17367294728683
      ],
      [
        0.011019665506998969,
        0.044295688205238326,
        0.9989576862803239,
        1.02420943963034
      ],
      [
        0.0,
        0.0,
        0.0,
        1.0
      ]
    ],
    "location": [
      10.844353637215136,
      78.17367294728683,
      1.02420943963034
    ],
    "rotation": [
      0.04431287886500923,
      -0.011019888544411834,
      1.796140060266773
    ]
  },
  {
    "label_id": "IJ3FUi4Z1k7xeHX3cNHhgA",
    "size": [
      2.273359239257498,
      5.809798929251251,
      2.3000000000000114
    ],
    "obj_class": "vehicle",
    "point_num_in_lidar": 260,
    "speed": 0.008003837432354414,
    "if_vehicle": true,
    "motion_state": false,
    "pose": [
      [
        -0.09650946800436598,
        -0.9942852078211173,
        0.045638230614602183,
        -41.594225520200325
      ],
      [
        0.9953182810677151,
        -0.09664795106249484,
        -0.0008324228674301949,
        33.92974842543117
      ],
      [
        0.005238507222756808,
        0.04534422855820747,
        0.9989576862803239,
        1.3757691191081562
      ],
      [
        0.0,
        0.0,
        0.0,
        1.0
      ]
    ],
    "location": [
      -41.594225520200325,
      33.92974842543117,
      1.3757691191081562
    ],
    "rotation": [
      0.04536040447788251,
      -0.005238531182201813,
      1.6674575727837664
    ]
  },
  {
    "label_id": "IKfXUgFeE1HCCCYKAae06Q",
    "size": [
      1.9279103953218069,
      4.1409722562418345,
      1.3700000000000045
    ],
    "obj_class": "vehicle",
    "point_num_in_lidar": 48,
    "speed": 5.507625824929411e-28,
    "if_vehicle": true,
    "motion_state": false,
    "pose": [
      [
        -0.020970063436717246,
        -0.9987379077344708,
        0.045638230614602183,
        37.03283034326341
      ],
      [
        0.9997784995936677,
        -0.02102995060393954,
        -0.0008324228674301949,
        83.34583414368899
      ],
      [
        0.001791142008443847,
        0.045610665767640585,
        0.9989576862803239,
        0.8617924024156878
      ],
      [
        0.0,
        0.0,
        0.0,
        1.0
      ]
    ],
    "location": [
      37.03283034326341,
      83.34583414368899,
      0.8617924024156878
    ],
    "rotation": [
      0.04562656805829545,
      -0.0017911429661657853,
      1.5917679610896676
    ]
  },
  {
    "label_id": "KRIFGuPyXMFLkXDccz9mLA",
    "size": [
      1.1528322506114748,
      1.3148555747822952,
      1.8799999999999955
    ],
    "obj_class": "pedestrian",
    "point_num_in_lidar": 538,
    "speed": 3.6728103951595297,
    "if_vehicle": false,
    "motion_state": true,
    "pose": [
      [
        -0.021251445422646124,
        -0.9987319600242182,
        0.045638230614602183,
        8.935988644480858
      ],
      [
        0.9997725349696013,
        -0.02131162576217503,
        -0.0008324228674301949,
        57.76761520983018
      ],
      [
        0.0018039922132637798,
        0.045610159323952335,
        0.9989576862803239,
        1.108962288613668
      ],
      [
        0.0,
        0.0,
        0.0,
        1.0
      ]
    ],
    "location": [
      8.935988644480858,
      57.76761520983018,
      1.108962288613668
    ],
    "rotation": [
      0.045626062140845636,
      -0.001803993191746953,
      1.592049406741065
    ]
  },
  {
    "label_id": "LV0eEgqBFEblVK4wVnO9Gg",
    "size": [
      2.376412499724313,
      5.358373042693289,
      2.0
    ],
    "obj_class": "vehicle",
    "point_num_in_lidar": 46,
    "speed": 2.63946490784271,
    "if_vehicle": true,
    "motion_state": true,
    "pose": [
      [
        -0.009832699645139113,
        -0.9989096405201308,
        0.045638230614602183,
        3.558481593483066
      ],
      [
        0.9999508354411478,
        -0.00988098035218879,
        -0.0008324228674301949,
        110.88189249075549
      ],
      [
        0.0012824656872769777,
        0.04562780186709404,
        0.9989576862803239,
        0.9124252765369079
      ],
      [
        0.0,
        0.0,
        0.0,
        1.0
      ]
    ],
    "location": [
      3.558481593483066,
      110.88189249075549,
      0.9124252765369079
    ],
    "rotation": [
      0.0456436863380949,
      -0.0012824660388263559,
      1.580629192974156
    ]
  },
  {
    "label_id": "M_3sev6zG_NGRjA1B8leIg",
    "size": [
      2.0960853076172574,
      4.811468628086786,
      1.4700000000000273
    ],
    "obj_class": "vehicle",
    "point_num_in_lidar": 299,
    "speed": 7.88221258185495e-28,
    "if_vehicle": true,
    "motion_state": false,
    "pose": [
      [
        0.31153820337689936,
        -0.9491370289600243,
        0.045638230614602183,
        33.742837287474686
      ],
      [
        0.9501385601334706,
        0.31182691291751125,
        -0.0008324228674301949,
        42.31680159820098
      ],
      [
        -0.01344114519633777,
        0.04362197424776645,
        0.9989576862803239,
        0.7418800441701023
      ],
      [
        0.0,
        0.0,
        0.0,
        1.0
      ]
    ],
    "location": [
      33.742837287474686,
      42.31680159820098,
      0.7418800441701023
    ],
    "rotation": [
      0.043639765404804395,
      0.013441549951948132,
      1.2539553396608345
    ]
  },
  {
    "label_id": "O0ipbuwo_Nd7uLn6JzKcdA",
    "size": [
      2.0811413058822557,
      4.05562961252444,
      1.4800000000000182
    ],
    "obj_class": "vehicle",
    "point_num_in_lidar": 1325,
    "speed": 2.0918517037266864,
    "if_vehicle": true,
    "motion_state": true,
    "pose": [
      [
        -0.07686168844317616,
        -0.995996703185323,
        0.045638230614602183,
        -1.6060872548223415
      ],
      [
        0.9970323090018098,
        -0.07697974979622416,
        -0.0008324228674301949,
        63.85595457919953
      ],
      [
        0.004342310005471001,
        0.04543880902134451,
        0.9989576862803239,
        0.9377094617653938
      ],
      [
        0.0,
        0.0,
        0.0,
        1.0
      ]
    ],
    "location": [
      -1.6060872548223415,
      63.85595457919953,
      0.9377094617653938
    ],
    "rotation": [
      0.04545488854584012,
      -0.004342323651770875,
      1.6477346234843815
    ]
  },
  {
    "label_id": "SgRDIBnvjCDj5pesLk7nPA",
    "size": [
      1.9875335616080199,
      4.312670339912523,
      1.7300000000000182
    ],
    "obj_class": "vehicle",
    "point_num_in_lidar": 775,
    "speed": 9.582859836019292,
    "if_vehicle": true,
    "motion_state": true,
    "pose": [
      [
        0.009974608922778449,
        0.9989082335646283,
        0.045638230614602183,
        -15.257597847310535
      ],
      [
        -0.9999494216161747,
        0.010023037545945626,
        -0.0008324228674301949,
        66.16265403318721
      ],
      [
        -0.0012889477550641817,
        -0.04562761921409606,
        0.9989576862803239,
        0.8907691191079721
      ],
      [
        0.0,
        0.0,
        0.0,
        1.0
      ]
    ],
    "location": [
      -15.257597847310535,
      66.16265403318721,
      0.8907691191079721
    ],
    "rotation": [
      -0.04564350387517703,
      0.0012889481119711423,
      -1.560821544178117
    ]
  },
  {
    "label_id": "UahDY1qvMQ82owWsLmLHZQ",
    "size": [
      2.0024935692269437,
      4.635795969975856,
      1.420000000000016
    ],
    "obj_class": "vehicle",
    "point_num_in_lidar": 120,
    "speed": 0.004460713416859697,
    "if_vehicle": true,
    "motion_state": false,
    "pose": [
      [
        -0.01070168327576593,
        0.9989007087200578,
        0.045638230614602183,
        -35.95366143533556
      ],
      [
        -0.9999426760635755,
        -0.01067481423656681,
        -0.0008324228674301949,
        60.30483706792802
      ],
      [
        -0.0003443281583343298,
        -0.045644522777450645,
        0.9989576862803239,
        0.8355354251086169
      ],
      [
        0.0,
        0.0,
        0.0,
        1.0
      ]
    ],
    "location": [
      -35.95366143533556,
      60.30483706792802,
      0.8355354251086169
    ],
    "rotation": [
      -0.04566038983474449,
      0.0003443281651383625,
      -1.5814982149858405
    ]
  },
  {
    "label_id": "Vdo6_EYNJbnRRAXXAARS0A",
    "size": [
      0.4693407313262964,
      0.09492884364845719,
      0.6000000000000227
    ],
    "obj_class": "sign",
    "point_num_in_lidar": 23,
    "speed": 0.029981995085300216,
    "if_vehicle": false,
    "motion_state": false,
    "pose": [
      [
        0.9758563287139075,
        0.2135920822862647,
        0.045638230614602183,
        -22.64077008519598
      ],
      [
        -0.21377764560878748,
        0.9768819914964824,
        -0.0008324228674301949,
        58.84975643279358
      ],
      [
        -0.04476096454476543,
        -0.008944108367192607,
        0.9989576862803239,
        0.913652839459246
      ],
      [
        0.0,
        0.0,
        0.0,
        1.0
      ]
    ],
    "location": [
      -22.64077008519598,
      58.84975643279358,
      0.913652839459246
    ],
    "rotation": [
      -0.00895320142456906,
      0.04477592479670833,
      -0.2156599367321984
    ]
  },
  {
    "label_id": "WDJKr51g-iNhS0gJaIfkjA",
    "size": [
      2.181372980363256,
      4.576132587612332,
      1.3600000000000136
    ],
    "obj_class": "vehicle",
    "point_num_in_lidar": 132,
    "speed": 4.504120900060238e-28,
    "if_vehicle": true,
    "motion_state": false,
    "pose": [
      [
        0.3957099632495858,
        -0.9172408499905463,
        0.045638230614602183,
        61.076401693667776
      ],
      [
        0.9182123272065298,
        0.39608765347854313,
        -0.0008324228674301949,
        42.91609726322167
      ],
      [
        -0.01731320741457715,
        0.04223498396450109,
        0.9989576862803239,
        0.9056491785476624
      ],
      [
        0.0,
        0.0,
        0.0,
        1.0
      ]
    ],
    "location": [
      61.076401693667776,
      42.91609726322167,
      0.9056491785476624
    ],
    "rotation": [
      0.04225388745868108,
      0.017314072462031354,
      1.1638909471727172
    ]
  },
  {
    "label_id": "XeXTOoCuW1m_4pGsdFCfNw",
    "size": [
      0.5182916940695839,
      0.12495920793043618,
      0.4399999999999977
    ],
    "obj_class": "sign",
    "point_num_in_lidar": 89,
    "speed": 0.013721236976153022,
    "if_vehicle": false,
    "motion_state": false,
    "pose": [
      [
        0.05798827385983898,
        0.9972735392063327,
        0.045638230614602183,
        7.624233543899663
      ],
      [
        -0.9983111948909634,
        0.05808670439564098,
        -0.0008324228674301949,
        68.22759842591768
      ],
      [
        -0.0034811277099688837,
        -0.04551288577236912,
        0.9989576862803239,
        2.29770111645297
      ],
      [
        0.0,
        0.0,
        0.0,
        1.0
      ]
    ],
    "location": [
      7.624233543899663,
      68.22759842591768,
      2.29770111645297
    ],
    "rotation": [
      -0.045528889231763944,
      0.0034811347408699473,
      -1.512775152758453
    ]
  },
  {
    "label_id": "YTcass-ERc9jtlumJh8FmA",
    "size": [
      1.9368651489195592,
      4.353787564816944,
      1.509999999999991
    ],
    "obj_class": "vehicle",
    "point_num_in_lidar": 851,
    "speed": 5.493130677285088,
    "if_vehicle": true,
    "motion_state": true,
    "pose": [
      [
        0.02408355277567621,
        0.998667679657287,
        0.045638230614602183,
        -15.994102900830512
      ],
      [
        -0.9997080797599406,
        0.0241466837238955,
        -0.0008324228674301949,
        42.765095701015525
      ],
      [
        -0.0019333257338791823,
        -0.04560486019130585,
        0.9989576862803239,
        0.738988691525833
      ],
      [
        0.0,
        0.0,
        0.0,
        1.0
      ]
    ],
    "location": [
      -15.994102900830512,
      42.765095701015525,
      0.738988691525833
    ],
    "rotation": [
      -0.045620768513050906,
      0.0019333269382620676,
      -1.5467104002419612
    ]
  },
  {
    "label_id": "Yfx_HVbC7uVvds21GWNTRg",
    "size": [
      2.1537253699911845,
      5.135124867746784,
      1.6999999999999886
    ],
    "obj_class": "vehicle",
    "point_num_in_lidar": 34,
    "speed": 0.0,
    "if_vehicle": true,
    "motion_state": false,
    "pose": [
      [
        0.0202689938512022,
        0.998752381621505,
        0.045638230614602183,
        -36.45167724617613
      ],
      [
        -0.999793015262152,
        0.020328150559855405,
        -0.0008324228674301949,
        42.346059271083504
      ],
      [
        -0.0017591251445811453,
        -0.04561191182342103,
        0.9989576862803239,
        0.6098985881758381
      ],
      [
        0.0,
        0.0,
        0.0,
        1.0
      ]
    ],
    "location": [
      -36.45167724617613,
      42.346059271083504,
      0.6098985881758381
    ],
    "rotation": [
      -0.045627812819217545,
      0.0017591260518574395,
      -1.5505259134601943
    ]
  },
  {
    "label_id": "aBfZK79ylDzaSLoIvIuLKg",
    "size": [
      0.8684472722431349,
      0.1641085882203508,
      0.9399999999999977
    ],
    "obj_class": "sign",
    "point_num_in_lidar": 87,
    "speed": 0.019872252374551966,
    "if_vehicle": false,
    "motion_state": false,
    "pose": [
      [
        0.034342036590772236,
        0.9983675557775135,
        0.045638230614602183,
        8.04817360045763
      ],
      [
        -0.9994072524027698,
        0.03441585269779017,
        -0.0008324228674301949,
        86.23567902889044
      ],
      [
        -0.0024017426057495197,
        -0.04558259156649126,
        0.9989576862803239,
        2.9578963041320208
      ],
      [
        0.0,
        0.0,
        0.0,
        1.0
      ]
    ],
    "location": [
      8.04817360045763,
      86.23567902889044,
      2.9578963041320208
    ],
    "rotation": [
      -0.04559852299339339,
      0.002401744914777863,
      -1.536447437152132
    ]
  },
  {
    "label_id": "aCe-sGUZd8XCrjmz2Aqjpw",
    "size": [
      1.8418365429193089,
      4.44996955986282,
      1.3700000000000045
    ],
    "obj_class": "vehicle",
    "point_num_in_lidar": 255,
    "speed": 9.285483110750223e-28,
    "if_vehicle": true,
    "motion_state": false,
    "pose": [
      [
        0.43987233160127837,
        0.8968999296454556,
        0.045638230614602183,
        36.38817447159181
      ],
      [
        -0.8978183869745199,
        0.4403651338181089,
        -0.0008324228674301949,
        65.99809106299836
      ],
      [
        -0.020844085543054416,
        -0.040608682807198544,
        0.9989576862803239,
        0.8107691191081017
      ],
      [
        0.0,
        0.0,
        0.0,
        1.0
      ]
    ],
    "location": [
      36.38817447159181,
      65.99809106299836,
      0.8107691191081017
    ],
    "rotation": [
      -0.040628684067625265,
      0.020845595213713417,
      -1.1152333773236889
    ]
  },
  {
    "label_id": "b2q4vCiEDK1QmvWyQlkC0A",
    "size": [
      1.0986680544962588,
      1.0016734915407497,
      2.1999999999999886
    ],
    "obj_class": "pedestrian",
    "point_num_in_lidar": 21,
    "speed": 1.801648024342602e-27,
    "if_vehicle": false,
    "motion_state": false,
    "pose": [
      [
        -0.9971591605123736,
        -0.059922954805539164,
        0.045638230614602183,
        7.369502533092145
      ],
      [
        0.05994747539002701,
        -0.9982011857669434,
        -0.0008324228674301949,
        125.83715953836327
      ],
      [
        0.04560601715366524,
        0.0019058386189352453,
        0.9989576862803239,
        0.7973724833784104
      ],
      [
        0.0,
        0.0,
        0.0,
        1.0
      ]
    ],
    "location": [
      7.369502533092145,
      125.83715953836327,
      0.7973724833784104
    ],
    "rotation": [
      0.0019078248586718858,
      -0.04562184136169308,
      3.081546661795436
    ]
  },
  {
    "label_id": "bbrz_rolD5p6nYiFP9UnZg",
    "size": [
      1.8584089971460704,
      4.223727654714482,
      1.3999999999999773
    ],
    "obj_class": "vehicle",
    "point_num_in_lidar": 32,
    "speed": 3.3780906743667005e-28,
    "if_vehicle": true,
    "motion_state": false,
    "pose": [
      [
        -0.005606630385699351,
        0.9989422994358015,
        0.045638230614602183,
        -27.91348855156366
      ],
      [
        -0.9999841161795898,
        -0.005574447120060536,
        -0.0008324228674301949,
        43.426144085651686
      ],
      [
        -0.0005771345100794347,
        -0.04564217279248555,
        0.9989576862803239,
        0.7067924024157719
      ],
      [
        0.0,
        0.0,
        0.0,
        1.0
      ]
    ],
    "location": [
      -27.91348855156366,
      43.426144085651686,
      0.7067924024157719
    ],
    "rotation": [
      -0.045658042298670834,
      0.0005771345421185082,
      -1.5764029874881875
    ]
  },
  {
    "label_id": "ccYkeSntRbCCmr463of64A",
    "size": [
      0.4499065639389524,
      0.08219830929241016,
      0.6299999999999955
    ],
    "obj_class": "sign",
    "point_num_in_lidar": 47,
    "speed": 0.0034744131948447306,
    "if_vehicle": false,
    "motion_state": false,
    "pose": [
      [
        0.9881365919830478,
        0.1466397882243973,
        0.045638230614602183,
        10.115729012500196
      ],
      [
        -0.14675507247192707,
        0.9891725106248804,
        -0.0008324228674301949,
        63.14853141592357
      ],
      [
        -0.04526614947051643,
        -0.0058750943460252345,
        0.9989576862803239,
        1.0389886915260718
      ],
      [
        0.0,
        0.0,
        0.0,
        1.0
      ]
    ],
    "location": [
      10.115729012500196,
      63.14853141592357,
      1.0389886915260718
    ],
    "rotation": [
      -0.005881156620174487,
      0.04528162231495255,
      -0.14743925661211876
    ]
  },
  {
    "label_id": "e3jGBXQSf4LAtu-ZsBcNpQ",
    "size": [
      2.159465385710219,
      4.370635117359537,
      1.8500000000000227
    ],
    "obj_class": "vehicle",
    "point_num_in_lidar": 114,
    "speed": 1.5764419794379054e-27,
    "if_vehicle": true,
    "motion_state": false,
    "pose": [
      [
        -0.01978015979014368,
        -0.9987621824964362,
        0.045638230614602183,
        -4.693561845913791
      ],
      [
        0.9998028449662332,
        -0.019838807161619468,
        -0.0008324228674301949,
        94.96824399416073
      ],
      [
        0.001736800536195134,
        0.04561276735037357,
        0.9989576862803239,
        0.9007691191080767
      ],
      [
        0.0,
        0.0,
        0.0,
        1.0
      ]
    ],
    "location": [
      -4.693561845913791,
      94.96824399416073,
      0.9007691191080767
    ],
    "rotation": [
      0.04562866745705395,
      -0.0017368014093658716,
      1.5905778064981024
    ]
  },
  {
    "label_id": "j4uKazNwBsHJ2f4MFBWDNg",
    "size": [
      0.912964367941647,
      0.12332203574414805,
      1.089999999999975
    ],
    "obj_class": "sign",
    "point_num_in_lidar": 72,
    "speed": 0.005714786547198193,
    "if_vehicle": false,
    "motion_state": false,
    "pose": [
      [
        0.004347732139511966,
        -0.9989485718151918,
        0.045638230614602183,
        -18.85994217657344
      ],
      [
        0.9999903471734762,
        0.004314235974114303,
        -0.0008324228674301949,
        47.43947838091481
      ],
      [
        0.0006346535382532588,
        0.0456414092283336,
        0.9989576862803239,
        3.2391981536947583
      ],
      [
        0.0,
        0.0,
        0.0,
        1.0
      ]
    ],
    "location": [
      -18.85994217657344,
      47.43947838091481,
      3.2391981536947583
    ],
    "rotation": [
      0.04565727953011163,
      -0.0006346535808580995,
      1.5664485800822918
    ]
  },
  {
    "label_id": "k-MFEgD7GPZpMCEFQBGOAQ",
    "size": [
      1.8802067665046118,
      4.302671856723734,
      1.6899999999999977
    ],
    "obj_class": "vehicle",
    "point_num_in_lidar": 216,
    "speed": 5.804114399709064e-28,
    "if_vehicle": true,
    "motion_state": false,
    "pose": [
      [
        0.006649486899527841,
        0.9989359019628543,
        0.045638230614602183,
        -38.647677359383124
      ],
      [
        -0.9999772454504757,
        0.006694449450761847,
        -0.0008324228674301949,
        54.7056967144199
      ],
      [
        -0.0011370599157625536,
        -0.045631656952271615,
        0.9989576862803239,
        0.9338102555300907
      ],
      [
        0.0,
        0.0,
        0.0,
        1.0
      ]
    ],
    "location": [
      -38.647677359383124,
      54.7056967144199,
      0.9338102555300907
    ],
    "rotation": [
      -0.04564753741072081,
      0.0011370601607811523,
      -1.56414678659379
    ]
  },
  {
    "label_id": "kL2EBrshDXJSLqHZglULqA",
    "size": [
      2.0531414697526476,
      4.581564295669244,
      1.5400000000000205
    ],
    "obj_class": "vehicle",
    "point_num_in_lidar": 50,
    "speed": 9.008259943061146e-28,
    "if_vehicle": true,
    "motion_state": false,
    "pose": [
      [
        -0.54612295897607,
        -0.8364609169504514,
        0.045638230614602183,
        51.33134980809291
      ],
      [
        0.8373123092290352,
        -0.5467242484888615,
        -0.0008324228674301949,
        60.44289381449926
      ],
      [
        0.025647816530110914,
        0.03775884702555948,
        0.9989576862803239,
        0.9257461048148912
      ],
      [
        0.0,
        0.0,
        0.0,
        1.0
      ]
    ],
    "location": [
      51.33134980809291,
      60.44289381449926,
      0.9257461048148912
    ],
    "rotation": [
      0.037780259193593964,
      -0.02565062926327257,
      2.1487399182878546
    ]
  },
  {
    "label_id": "lbhJDFo720d242nqCSNOGQ",
    "size": [
      1.9912174646892538,
      4.3972375697915185,
      1.6000000000000227
    ],
    "obj_class": "vehicle",
    "point_num_in_lidar": 24,
    "speed": 2.8951165348601693,
    "if_vehicle": true,
    "motion_state": true,
    "pose": [
      [
        -0.015278136261027954,
        0.9988411938134899,
        0.045638230614602183,
        -59.703310000950296
      ],
      [
        -0.9998832733241817,
        -0.015256041383313497,
        -0.0008324228674301949,
        57.530549784260074
      ],
      [
        -0.00013519951574404872,
        -0.04564562128564771,
        0.9989576862803239,
