[
  {
    "label_id": "-A2cwrq7kLoBVBFfbodmAw",
    "size": [
      1.9769464056071968,
      4.1102095399683405,
      1.4800000000000182
    ],
    "obj_class": "vehicle",
    "point_num_in_lidar": 28,
    "speed": 1.4369837526939963e-12,
    "if_vehicle": true,
    "motion_state": false,
    "pose": [
      [
        -0.35421304593142094,
        0.9342642400684129,
        0.04102984062089424,
        54.154986043698955
      ],
      [
        -0.9350389658191091,
        -0.3545439543724159,
        0.0008466509915018182,
        48.38140953733637
      ],
      [
        0.015337877686180435,
        -0.038064604915343095,
        0.9991575628301688,
        0.9396375900881253
      ],
      [
        0.0,
        0.0,
        0.0,
        1.0
      ]
    ],
    "location": [
      54.154986043698955,
      48.38140953733637,
      0.9396375900881253
    ],
    "rotation": [
      -0.03807828436805697,
      -0.015338479123730863,
      -1.93291330722719
    ]
  },
  {
    "label_id": "0X-5YbX76mfO3JdaVTit6A",
    "size": [
      2.0364853847542563,
      4.528660799265791,
      1.5
    ],
    "obj_class": "vehicle",
    "point_num_in_lidar": 83,
    "speed": 1.1368683772161603e-12,
    "if_vehicle": true,
    "motion_state": false,
    "pose": [
      [
        0.03464492804392794,
        0.9985570995889295,
        0.04102984062089424,
        -46.220407282073666
      ],
      [
        -0.9993995184079448,
        0.034639367604892966,
        0.0008466509915018182,
        41.70301674385337
      ],
      [
        -0.0005758183735991784,
        -0.04103453511955532,
        0.9991575628301688,
        0.7257691191079516
      ],
      [
        0.0,
        0.0,
        0.0,
        1.0
      ]
    ],
    "location": [
      -46.220407282073666,
      41.70301674385337,
      0.7257691191079516
    ],
    "rotation": [
      -0.04104606654732253,
      0.000575818405419559,
      -1.5361444587073132
    ]
  },
  {
    "label_id": "1R2shICtoOLMvy0fumS_Fg",
    "size": [
      0.23895940265117552,
      0.05266624247451546,
      0.5400000000000205
    ],
    "obj_class": "sign",
    "point_num_in_lidar": 60,
    "speed": 0.013748493792272552,
    "if_vehicle": false,
    "motion_state": false,
    "pose": [
      [
        -0.9989702633447974,
        -0.01936401640801907,
        0.04102984062089424,
        7.789971269336547
      ],
      [
        0.019415089915957574,
        -0.9998111509008358,
        0.0008466509915018182,
        34.938684313496196
      ],
      [
        0.04100569760876282,
        0.001642377208833775,
        0.9991575628301688,
        1.378147462327604
      ],
      [
        0.0,
        0.0,
        0.0,
        1.0
      ]
    ],
    "location": [
      7.789971269336547,
      34.938684313496196,
      1.378147462327604
    ],
    "rotation": [
      0.0016437604945661844,
      -0.04101719793556894,
      3.1221599971114298
    ]
  },
  {
    "label_id": "1eolDINDzpEd5w-27y0I0Q",
    "size": [
      0.8085791236498864,
      0.6297640151236392,
      0.8899999999999864
    ],
    "obj_class": "sign",
    "point_num_in_lidar": 24,
    "speed": 0.012889512888747059,
    "if_vehicle": false,
    "motion_state": false,
    "pose": [
      [
        0.9983696556081925,
        0.0396810148484533,
        0.04102984062089424,
        -22.977701804865774
      ],
      [
        -0.03974918308268269,
        0.9992093302338396,
        0.0008466509915018182,
        58.17605931341859
      ],
      [
        -0.04096380359583966,
        -0.0024761733054992205,
        0.9991575628301688,
        0.7973420630572718
      ],
      [
        0.0,
        0.0,
        0.0,
        1.0
      ]
    ],
    "location": [
      -22.977701804865774,
      58.17605931341859,
      0.7973420630572718
    ],
    "rotation": [
      -0.00247825601112912,
      0.040975268692523596,
      -0.03979307648936317
    ]
  },
  {
    "label_id": "1eqCzNhbNUpvDMRr-M2BCg",
    "size": [
      2.2177272310978178,
      5.261091324533495,
      1.8500000000000227
    ],
    "obj_class": "vehicle",
    "point_num_in_lidar": 136,
    "speed": 1.4210854715202004e-12,
    "if_vehicle": true,
    "motion_state": false,
    "pose": [
      [
        0.02907733115328316,
        0.9987347300417796,
        0.04102984062089424,
        -33.66689220608805
      ],
      [
        -0.9995771047687395,
        0.029067074229153323,
        0.0008466509915018182,
        21.6131287799617
      ],
      [
        -0.0003470376735006895,
        -0.04103710764820743,
        0.9991575628301688,
        0.9101050577665433
      ],
      [
        0.0,
        0.0,
        0.0,
        1.0
      ]
    ],
    "location": [
      -33.66689220608805,
      21.6131287799617,
      0.9101050577665433
    ],
    "rotation": [
      -0.04104863690936178,
      0.000347037680466612,
      -1.541714894892293
    ]
  },
  {
    "label_id": "1xSi2L3-8DlIFMSpizgLkg",
    "size": [
      2.189055783057677,
      4.940660125515044,
      1.5199999999999818
    ],
    "obj_class": "vehicle",
    "point_num_in_lidar": 290,
    "speed": 0.019091691550365334,
    "if_vehicle": true,
    "motion_state": false,
    "pose": [
      [
        -0.09757438595712856,
        0.9943821153780439,
        0.04102984062089424,
        -30.61800045668042
      ],
      [
        -0.9952164162961933,
        -0.0976911864840473,
        0.0008466509915018182,
        21.77878230627539
      ],
      [
        0.004850148415423013,
        -0.040750959493314545,
        0.9991575628301688,
        0.7356491785473054
      ],
      [
        0.0,
        0.0,
        0.0,
        1.0
      ]
    ],
    "location": [
      -30.61800045668042,
      21.77878230627539,
      0.7356491785473054
    ],
    "rotation": [
      -0.040762726432308605,
      -0.00485016743139075,
      -1.6685273634703683
    ]
  },
  {
    "label_id": "39-kEkDzJEr7nWBZPk1HXw",
    "size": [
      0.977225713355525,
      0.13068810941669862,
      0.839999999999975
    ],
    "obj_class": "sign",
    "point_num_in_lidar": 85,
    "speed": 0.013510700536991374,
    "if_vehicle": false,
    "motion_state": false,
    "pose": [
      [
        0.05799987714187075,
        0.9974730905794661,
        0.04102984062089424,
        7.52840317241953
      ],
      [
        -0.998315408869299,
        0.05801402930518738,
        0.0008466509915018182,
        68.19674519761975
      ],
      [
        -0.0015357947950322371,
        -0.04100982776877934,
        0.9991575628301688,
        2.9774345152031856
      ],
      [
        0.0,
        0.0,
        0.0,
        1.0
      ]
    ],
    "location": [
      7.52840317241953,
      68.19674519761975,
      2.9774345152031856
    ],
    "rotation": [
      -0.041021379977728374,
      0.0015357953987706165,
      -1.5127638133513528
    ]
  },
  {
    "label_id": "4ZoF6vgB7LJluyrGWdiMEg",
    "size": [
      2.09392198729318,
      4.5423472073732345,
      1.6399999999999864
    ],
    "obj_class": "vehicle",
    "point_num_in_lidar": 65,
    "speed": 2.8421709430404007e-13,
    "if_vehicle": true,
    "motion_state": false,
    "pose": [
      [
        0.06292345314822738,
        0.997174604180495,
        0.04102984062089424,
        -31.303528227343122
      ],
      [
        -0.9980168423401549,
        0.06294176346024256,
        0.0008466509915018182,
        43.408713001137585
      ],
      [
        -0.0017382316558419274,
        -0.041001746182181345,
        0.9991575628301688,
        0.6957691191079789
      ],
      [
        0.0,
        0.0,
        0.0,
        1.0
      ]
    ],
    "location": [
      -31.303528227343122,
      43.408713001137585,
      0.6957691191079789
    ],
    "rotation": [
      -0.041013305177637564,
      0.0017382325311729179,
      -1.5078311814639462
    ]
  },
  {
    "label_id": "6SSj38rFVlYZfQljhkORQA",
    "size": [
      2.2000484728825733,
      4.83994638465002,
      1.5700000313178748
    ],
    "obj_class": "vehicle",
    "point_num_in_lidar": 172,
    "speed": 1.4281732235759946e-12,
    "if_vehicle": true,
    "motion_state": false,
    "pose": [
      [
        -0.37165502407895634,
        -0.9274637972748555,
        0.04102984062089424,
        23.742547828804618
      ],
      [
        0.9282580518289769,
        -0.3719358444634923,
        0.0008466509915018182,
        26.11382775234233
      ],
      [
        0.014475230275989999,
        0.038400942016237775,
        0.9991575628301688,
        0.7107689754350872
      ],
      [
        0.0,
        0.0,
        0.0,
        1.0
      ]
    ],
    "location": [
      23.742547828804618,
      26.11382775234233,
      0.7107689754350872
    ],
    "rotation": [
      0.03841441288452067,
      -0.014475735828354801,
      1.9516293793471953
    ]
  },
  {
    "label_id": "7I5_BKi3RbHh9IUT9VERmw",
    "size": [
      0.4800572424727865,
      0.07721192529234176,
      0.6399999999999864
    ],
    "obj_class": "sign",
    "point_num_in_lidar": 58,
    "speed": 0.009860416668242751,
    "if_vehicle": false,
    "motion_state": false,
    "pose": [
      [
        -0.03068577156170274,
        0.9986866052983223,
        0.04102984062089424,
        7.7195600880318125
      ],
      [
        -0.9995268599348114,
        -0.030746372972346205,
        0.0008466509915018182,
        33.521241788450425
      ],
      [
        0.0021070577873013438,
        -0.04098444762051047,
        0.9991575628301688,
        2.5167924024160584
      ],
      [
        0.0,
        0.0,
        0.0,
        1.0
      ]
    ],
    "location": [
      7.7195600880318125,
      33.521241788450425,
      2.5167924024160584
    ],
    "rotation": [
      -0.04099602112443777,
      -0.0021070593464192415,
      -1.601486984253499
    ]
  },
  {
    "label_id": "7fi3RH1tDAN7KdBm3uskXw",
    "size": [
      2.0138284357816985,
      4.671199321269581,
      1.5699999999999932
    ],
    "obj_class": "vehicle",
    "point_num_in_lidar": 118,
    "speed": 1.464821375527116e-12,
    "if_vehicle": true,
    "motion_state": false,
    "pose": [
      [
        -0.47086007819469655,
        -0.8812532774073003,
        0.04102984062089424,
        45.4028225741863
      ],
      [
        0.8820120548789121,
        -0.47122607974344716,
        0.0008466509915018182,
        25.292131150619753
      ],
      [
        0.018588216987201315,
        0.03658746818945134,
        0.9991575628301688,
        0.7779317674882122
      ],
      [
        0.0,
        0.0,
        0.0,
        1.0
      ]
    ],
    "location": [
      45.4028225741863,
      25.292131150619753,
      0.7779317674882122
    ],
    "rotation": [
      0.036601962795339504,
      -0.018589287592737952,
      2.0611540006937825
    ]
  },
  {
    "label_id": "7zzBHnhMjKPx9nzw-2AOQg",
    "size": [
      2.3392588878081697,
      5.257509911976213,
      1.6000000000000227
    ],
    "obj_class": "vehicle",
    "point_num_in_lidar": 52,
    "speed": 5.728578676879116e-13,
    "if_vehicle": true,
    "motion_state": false,
    "pose": [
      [
        -0.041643807040560976,
        0.9982897102113156,
        0.04102984062089424,
        -40.65458467920962
      ],
      [
        -0.9991292491902909,
        -0.04171362600571044,
        0.0008466509915018182,
        21.465226037495086
      ],
      [
        0.0025567063996903617,
        -0.04095885608343055,
        0.9991575628301688,
        0.6579567743586949
      ],
      [
        0.0,
        0.0,
        0.0,
        1.0
      ]
    ],
    "location": [
      -40.65458467920962,
      21.465226037495086,
      0.6579567743586949
    ],
    "rotation": [
      -0.04097045100628268,
      -0.0025567091851226315,
      -1.6124523159593507
    ]
  },
  {
    "label_id": "9ZomuLPiVNTUh0GoyUVEig",
    "size": [
      2.403025192180218,
      5.143758565443172,
      1.6000000000000227
    ],
    "obj_class": "vehicle",
    "point_num_in_lidar": 62,
    "speed": 2.8421709430404007e-13,
    "if_vehicle": true,
    "motion_state": false,
    "pose": [
      [
        -0.44152942831090564,
        -0.8963081591250125,
        0.04102984062089424,
        39.42457874376714
      ],
      [
        0.8970785986581759,
        -0.44187019701670555,
        0.0008466509915018182,
        25.035763503325143
      ],
      [
        0.0173710035671042,
        0.03718081325561676,
        0.9991575628301688,
        0.8090518741200867
      ],
      [
        0.0,
        0.0,
        0.0,
        1.0
      ]
    ],
    "location": [
      39.42457874376714,
      25.035763503325143,
      0.8090518741200867
    ],
    "rotation": [
      0.03719499996910463,
      -0.017371877307583956,
      2.028173129275233
    ]
  },
  {
    "label_id": "AFL1N-XB7hfEMBHsxDvkQg",
    "size": [
      2.3168687383438082,
      5.169979861084375,
      1.5699999999999932
    ],
    "obj_class": "vehicle",
    "point_num_in_lidar": 86,
    "speed": 2.929642751054232e-13,
    "if_vehicle": true,
    "motion_state": false,
    "pose": [
      [
        -0.029671083783696952,
        -0.9987172667806063,
        0.04102984062089424,
        -33.481257316714164
      ],
      [
        0.9995596474565448,
        -0.0296613276615657,
        0.0008466509915018182,
        33.880107905102705
      ],
      [
        0.00037143458240837567,
        0.04103689407872366,
        0.9991575628301688,
        0.7220850546842144
      ],
      [
        0.0,
        0.0,
        0.0,
        1.0
      ]
    ],
    "location": [
      -33.481257316714164,
      33.880107905102705,
      0.7220850546842144
    ],
    "rotation": [
      0.04104842351976931,
      -0.00037143459094912126,
      1.600471767956484
    ]
  },
  {
    "label_id": "Cc4GN5NKm3dtq0Hi5UrAgQ",
    "size": [
      2.4562832064207334,
      5.5493346788713325,
      1.8999999999999773
    ],
    "obj_class": "vehicle",
    "point_num_in_lidar": 342,
    "speed": 2.929642751054232e-13,
    "if_vehicle": true,
    "motion_state": false,
    "pose": [
      [
        -0.417008816472044,
        0.9079758802761277,
        0.04102984062089424,
        42.54799573019227
      ],
      [
        -0.9087262748793433,
        -0.41739171113716556,
        0.0008466509915018182,
        48.81526814575409
      ],
      [
        0.017894254063735744,
        -0.03693183329838732,
        0.9991575628301688,
        1.025769119107963
      ],
      [
        0.0,
        0.0,
        0.0,
        1.0
      ]
    ],
    "location": [
      42.54799573019227,
      48.81526814575409,
      1.025769119107963
    ],
    "rotation": [
      -0.03694615237312827,
      -0.01789520917096648,
      -2.0010216429613856
    ]
  },
  {
    "label_id": "DjTRA-UfUw4aBhKSsY8bVA",
    "size": [
      2.037507300297775,
      4.472608985419154,
      1.509999999999991
    ],
    "obj_class": "vehicle",
    "point_num_in_lidar": 49,
    "speed": 3.1776437161565096e-13,
    "if_vehicle": true,
    "motion_state": false,
    "pose": [
      [
        -0.41254717550496633,
        0.9100117472656596,
        0.04102984062089424,
        57.227244679146224
      ],
      [
        -0.9107640121915733,
        -0.41292638239619256,
        0.0008466509915018182,
        48.4549962990568
      ],
      [
        0.01771276600597898,
        -0.03701921878828386,
        0.9991575628301688,
        0.9446375900881776
      ],
      [
        0.0,
        0.0,
        0.0,
        1.0
      ]
    ],
    "location": [
      57.227244679146224,
      48.4549962990568,
      0.9446375900881776
    ],
    "rotation": [
      -0.037033491930650864,
      -0.017713692343442555,
      -1.9961159035018008
    ]
  },
  {
    "label_id": "GLDf7-Sxvl37cAZNUTUxwg",
    "size": [
      1.0569865237833336,
      1.0129598608742194,
      1.7200000000000273
    ],
    "obj_class": "pedestrian",
    "point_num_in_lidar": 62,
    "speed": 1.32495392150449,
    "if_vehicle": false,
    "motion_state": true,
    "pose": [
      [
        -0.2660842382504636,
        -0.9630761809604133,
        0.04102984062089424,
        13.379446648471003
      ],
      [
        0.9638967629161148,
        -0.2662748835732241,
        0.0008466509915018182,
        70.68082740325735
      ],
      [
        0.010109826630854631,
        0.03977381104158182,
        0.9991575628301688,
        0.9902096728353627
      ],
      [
        0.0,
        0.0,
        0.0,
        1.0
      ]
    ],
    "location": [
      13.379446648471003,
      70.68082740325735,
      0.9902096728353627
    ],
    "rotation": [
      0.039786339629075934,
      -0.010109998857304549,
      1.8401389695680743
    ]
  },
  {
    "label_id": "HR7ODqVDsxN9DewtuuPdPQ",
    "size": [
      1.7879478997040343,
      4.074029232176627,
      1.6100000000000136
    ],
    "obj_class": "vehicle",
    "point_num_in_lidar": 36,
    "speed": 3.552713678800501e-13,
    "if_vehicle": true,
    "motion_state": false,
    "pose": [
      [
        -0.548289892101695,
        -0.8352812379059735,
        0.04102984062089424,
        57.39947897879256
      ],
      [
        0.8360039814949402,
        -0.548722722426096,
        0.0008466509915018182,
        60.11635495908922
      ],
      [
        0.021806814157949942,
        0.03476532029994873,
        0.9991575628301688,
        0.9907461048147184
      ],
      [
        0.0,
        0.0,
        0.0,
        1.0
      ]
    ],
    "location": [
      57.39947897879256,
      60.11635495908922,
      0.9907461048147184
    ],
    "rotation": [
      0.03478060121787708,
      -0.021808542852921612,
      2.151270262469601
    ]
  },
  {
    "label_id": "IJ3FUi4Z1k7xeHX3cNHhgA",
    "size": [
      2.273359239257501,
      5.809798929251251,
      2.3000000000000114
    ],
    "obj_class": "vehicle",
    "point_num_in_lidar": 273,
    "speed": 0.008003837433029874,
    "if_vehicle": true,
    "motion_state": false,
    "pose": [
      [
        -0.09652877925262363,
        -0.9944841612386908,
        0.04102984062089424,
        -41.63795722808618
      ],
      [
        0.9953253022404853,
        -0.09657549327849797,
        0.0008466509915018182,
        33.934765466419776
      ],
      [
        0.003120496095955422,
        0.04091976470353319,
        0.9991575628301688,
        1.3757691191080994
      ],
      [
        0.0,
        0.0,
        0.0,
        1.0
      ]
    ],
    "location": [
      -41.63795722808618,
      33.934765466419776,
      1.3757691191080994
    ],
    "rotation": [
      0.04093139224058085,
      -0.0031205011602805956,
      1.6674761163572605
    ]
  },
  {
    "label_id": "JaWW9h6o2UDYFj3-kc1JMQ",
    "size": [
      1.971887865739813,
      4.598148893329569,
      1.6200000000000045
    ],
    "obj_class": "vehicle",
    "point_num_in_lidar": 25,
    "speed": 7.105427357601002e-14,
    "if_vehicle": true,
    "motion_state": false,
    "pose": [
      [
        0.42652338071425916,
        0.9035454376414632,
        0.04102984062089424,
        48.468543886486714
      ],
      [
        -0.9043214519083106,
        0.4268512560606376,
        0.0008466509915018182,
        24.853793677992144
      ],
      [
        -0.016748651364350386,
        -0.03746528148503408,
        0.9991575628301688,
        0.8129317674883509
      ],
      [
        0.0,
        0.0,
        0.0,
        1.0
      ]
    ],
    "location": [
      48.468543886486714,
      24.853793677992144,
      0.8129317674883509
    ],
    "rotation": [
      -0.037479311328614984,
      0.01674943451101931,
      -1.1300846842839178
    ]
  },
  {
    "label_id": "Jao2QmyrRud-eUnfm54snQ",
    "size": [
      0.8052342809886707,
      0.12316510261808031,
      0.6700000000000159
    ],
    "obj_class": "sign",
    "point_num_in_lidar": 24,
    "speed": 0.015508704747517173,
    "if_vehicle": false,
    "motion_state": false,
    "pose": [
      [
        0.08270016443481477,
        -0.9957294989007198,
        0.04102984062089424,
        -18.730532150018462
      ],
      [
        0.9965654524649484,
        0.08280448137287785,
        0.0008466509915018182,
        35.55640707721432
      ],
      [
        -0.004240490040936886,
        0.04081890350671008,
        0.9991575628301688,
        2.527861120108753
      ],
      [
        0.0,
        0.0,
        0.0,
        1.0
      ]
    ],
    "location": [
      -18.730532150018462,
      35.55640707721432,
      2.527861120108753
    ],
    "rotation": [
      0.04083061461606734,
      0.0042405027496157785,
      1.4880008561539981
    ]
  },
  {
    "label_id": "KRIFGuPyXMFLkXDccz9mLA",
    "size": [
      1.1528322506114732,
      1.3148555747822952,
      1.8799999999999955
    ],
    "obj_class": "pedestrian",
    "point_num_in_lidar": 421,
    "speed": 3.764119650892477,
    "if_vehicle": false,
    "motion_state": true,
    "pose": [
      [
        -0.021255697771631967,
        -0.9989318032232556,
        0.04102984062089424,
        9.159526461173755
      ],
      [
        0.9997740718046194,
        -0.021238844820529092,
        0.0008466509915018182,
        37.285796516976916
      ],
      [
        2.567981631654512e-05,
        0.04103856698063941,
        0.9991575628301688,
        1.1587939917968697
      ],
      [
        0.0,
        0.0,
        0.0,
        1.0
      ]
    ],
    "location": [
      9.159526461173755,
      37.285796516976916,
      1.1587939917968697
    ],
    "rotation": [
      0.04105009501248616,
      -2.567981631936756e-05,
      1.5920536254696909
    ]
  },
  {
    "label_id": "LV0eEgqBFEblVK4wVnO9Gg",
    "size": [
      2.3764124997248004,
      5.358373042693289,
      2.0
    ],
    "obj_class": "vehicle",
    "point_num_in_lidar": 52,
    "speed": 5.479526667055681,
    "if_vehicle": true,
    "motion_state": true,
    "pose": [
      [
        0.02052417254527927,
        -0.9989471009617855,
        0.04102984062089424,
        3.3426485650152244
      ],
      [
        0.9997879286357528,
        0.020576222596232048,
        0.0008466509915018182,
        92.99884676398506
      ],
      [
        -0.001689998687190606,
        0.041003762555583696,
        0.9991575628301688,
        0.9644255703148019
      ],
      [
        0.0,
        0.0,
        0.0,
        1.0
      ]
    ],
    "location": [
      3.3426485650152244,
      92.99884676398506,
      0.9644255703148019
    ],
    "rotation": [
      0.0410153198582927,
      0.0016899994916579318,
      1.5502706837212548
    ]
  },
  {
    "label_id": "M_3sev6zG_NGRjA1B8leIg",
    "size": [
      2.0960853076172627,
      4.811468628086786,
      1.4700000000000273
    ],
    "obj_class": "vehicle",
    "point_num_in_lidar": 582,
    "speed": 9.532931148469528e-13,
    "if_vehicle": true,
    "motion_state": false,
    "pose": [
      [
        0.31160054121495234,
        -0.9493269483656159,
        0.04102984062089424,
        33.74283728747514
      ],
      [
        0.9501158461435811,
        0.3118960757832095,
        0.0008466509915018182,
        42.31680159819916
      ],
      [
        -0.013600794881760575,
        0.038719284831485054,
        0.9991575628301688,
        0.7507691191080994
      ],
      [
        0.0,
        0.0,
        0.0,
        1.0
      ]
    ],
    "location": [
      33.74283728747514,
      42.31680159819916,
      0.7507691191080994
    ],
    "rotation": [
      0.03873255027615068,
      0.01360121423285065,
      1.2538890216770415
    ]
  },
  {
    "label_id": "O0ipbuwo_Nd7uLn6JzKcdA",
    "size": [
      2.0811413058823724,
      4.05562961252444,
      1.4800000000000182
    ],
    "obj_class": "vehicle",
    "point_num_in_lidar": 502,
    "speed": 2.1423994666877406,
    "if_vehicle": true,
    "motion_state": true,
    "pose": [
      [
        -0.027173110803665333,
        -0.9987883530697962,
        0.04102984062089424,
        -1.0341889562596407
      ],
      [
        0.9996307067100743,
        -0.027161247843506382,
        0.0008466509915018182,
        52.12393483073356
      ],
      [
        0.00026879652065666293,
        0.04103769471727032,
        0.9991575628301688,
        1.0677094617653324
      ],
      [
        0.0,
        0.0,
        0.0,
        1.0
      ]
    ],
    "location": [
      -1.0341889562596407,
      52.12393483073356,
      1.0677094617653324
    ],
    "rotation": [
      0.041049223483912385,
      -0.00026879652389349143,
      1.5979727836964874
    ]
  },
  {
    "label_id": "P7N3RrlXPGrRenxyItYCpA",
    "size": [
      0.8653216533715998,
      0.8697376634354017,
      1.5199999999999818
    ],
    "obj_class": "pedestrian",
    "point_num_in_lidar": 86,
    "speed": 0.8516578968642734,
    "if_vehicle": false,
    "motion_state": false,
    "pose": [
      [
        0.42646953799106524,
        -0.9035708524207227,
        0.04102984062089424,
        -20.857927409489093
      ],
      [
        0.9043172069011347,
        0.42686024936110994,
        0.0008466509915018182,
        32.35760413503522
      ],
      [
        -0.018279017156775657,
        0.03674292001270033,
        0.9991575628301688,
        0.8983386127412132
      ],
      [
        0.0,
        0.0,
        0.0,
        1.0
      ]
    ],
    "location": [
      -20.857927409489093,
      32.35760413503522,
      0.8983386127412132
    ],
    "rotation": [
      0.03675733646023316,
      0.018280035214908164,
      1.1301315792305036
    ]
  },
  {
    "label_id": "QIT_yfqN9dQa6ORELd4USA",
    "size": [
      2.0815084603119396,
      4.602855966355445,
      1.5
    ],
    "obj_class": "vehicle",
    "point_num_in_lidar": 63,
    "speed": 0.10640876768662415,
    "if_vehicle": true,
    "motion_state": false,
    "pose": [
      [
        0.05808301977879576,
        0.997468252623611,
        0.04102984062089424,
        -33.713192370221805
      ],
      [
        -0.9983105697308859,
        0.05809724215221136,
        0.0008466509915018182,
        42.85044805454163
      ],
      [
        -0.001539213100943364,
        -0.0410096996124975,
        0.9991575628301688,
        0.8038260621211748
      ],
      [
        0.0,
        0.0,
        0.0,
        1.0
      ]
    ],
    "location": [
      -33.713192370221805,
      42.85044805454163,
      0.8038260621211748
    ],
    "rotation": [
      -0.04102125192910746,
      0.0015392137087220502,
      -1.5126805299093713
    ]
  },
  {
    "label_id": "TPHe_VyIVOzq8VdRRqF9Zg",
    "size": [
      2.0058904394794848,
      4.565020036356494,
      1.6000000453332746
    ],
    "obj_class": "vehicle",
    "point_num_in_lidar": 62,
    "speed": 8.556067554929069e-13,
    "if_vehicle": true,
    "motion_state": false,
    "pose": [
      [
        -0.3669377264136921,
        -0.9293402267807923,
        0.04102984062089424,
        36.31723048823369
      ],
      [
        0.9301358979476334,
        -0.3672145075174024,
        0.0008466509915018182,
        25.127545031966292
      ],
      [
        0.014279925892672704,
        0.03847399583845131,
        0.9991575628301688,
        0.7456453703026682
      ],
      [
        0.0,
        0.0,
        0.0,
        1.0
      ]
    ],
    "location": [
      36.31723048823369,
      25.127545031966292,
      0.7456453703026682
    ],
    "rotation": [
      0.03848742025594094,
      -0.014280411255448155,
      1.946551527329558
    ]
  },
  {
    "label_id": "UahDY1qvMQ82owWsLmLHZQ",
    "size": [
      2.002493569226941,
      4.635795969975856,
      1.420000000000016
    ],
    "obj_class": "vehicle",
    "point_num_in_lidar": 106,
    "speed": 0.004460713380036474,
    "if_vehicle": true,
    "motion_state": false,
    "pose": [
      [
        -0.010703824649733396,
        0.999100585685191,
        0.04102984062089424,
        -35.9296878312648
      ],
      [
        -0.9999418843731788,
        -0.01074760709717047,
        0.0008466509915018182,
        60.29963035075343
      ],
      [
        0.00128686210773331,
        -0.041018393742235607,
        0.9991575628301688,
        0.8355354251085032
      ],
      [
        0.0,
        0.0,
        0.0,
        1.0
      ]
    ],
    "location": [
      -35.9296878312648,
      60.29963035075343,
      0.8355354251085032
    ],
    "rotation": [
      -0.041029938752070685,
      -0.0012868624629105373,
      -1.5815003647113832
    ]
  },
  {
    "label_id": "WDJKr51g-iNhS0gJaIfkjA",
    "size": [
      2.181372980363254,
      4.576132587612332,
      1.3600000000000136
    ],
    "obj_class": "vehicle",
    "point_num_in_lidar": 20,
    "speed": 5.684341886080801e-13,
    "if_vehicle": true,
    "motion_state": false,
    "pose": [
      [
        0.39578914359837897,
        -0.9174243870686487,
        0.04102984062089424,
        61.07640169366823
      ],
      [
        0.9181834797375041,
        0.396154490974452,
        0.0008466509915018182,
        42.916097263219854
      ],
      [
        -0.017030893892872864,
        0.037337826563514635,
        0.9991575628301688,
        0.9056491785476055
      ],
      [
        0.0,
        0.0,
        0.0,
        1.0
      ]
    ],
    "location": [
      61.07640169366823,
      42.916097263219854,
      0.9056491785476055
    ],
    "rotation": [
      0.03735192743888483,
      0.01703171730597027,
      1.1638068027552493
    ]
  },
  {
    "label_id": "WI6i77z9ngV3vsWbOpfUiA",
    "size": [
      2.0450921420530235,
      4.2313164068057265,
      1.6000000000000227
    ],
    "obj_class": "vehicle",
    "point_num_in_lidar": 22,
    "speed": 1.7067822212573438e-12,
    "if_vehicle": true,
    "motion_state": false,
    "pose": [
      [
        0.01658271290009211,
        -0.9990203030026453,
        0.04102984062089424,
        39.856309719566525
      ],
      [
        0.9998613294932549,
        0.016631445098959006,
        0.0008466509915018182,
        83.28843404887266
      ],
      [
        -0.0015282070717730768,
        0.041010111221785,
        0.9991575628301688,
        0.9639886915257421
      ],
      [
        0.0,
        0.0,
        0.0,
        1.0
      ]
    ],
    "location": [
      39.856309719566525,
      83.28843404887266,
      0.9639886915257421
    ],
    "rotation": [
      0.04102166319260741,
      0.0015282076666071273,
      1.5542128344309434
    ]
  },
  {
    "label_id": "XL2HZ5nBolrrTWtjghg-QQ",
    "size": [
      1.9332519448396195,
      4.5287539990138015,
      1.5699999999999932
    ],
    "obj_class": "vehicle",
    "point_num_in_lidar": 37,
    "speed": 1.4281732235759946e-12,
    "if_vehicle": true,
    "motion_state": false,
    "pose": [
      [
        0.02935432575876186,
        0.998726627129703,
        0.04102984062089424,
        -30.874662622300548
      ],
      [
        -0.9995690046689881,
        0.029344302464828494,
        0.0008466509915018182,
        34.273452682609786
      ],
      [
        -0.00035841916416459724,
        -0.041037009820162985,
        0.9991575628301688,
        0.7028585551499873
      ],
      [
        0.0,
        0.0,
        0.0,
        1.0
      ]
    ],
    "location": [
      -30.874662622300548,
      34.273452682609786,
      0.7028585551499873
    ],
    "rotation": [
      -0.04104853916371915,
      0.0003584191718386087,
      -1.5414377818591958
    ]
  },
  {
    "label_id": "XeXTOoCuW1m_4pGsdFCfNw",
    "size": [
      0.5182916940695844,
      0.12495920793043618,
      0.4399999999999977
    ],
    "obj_class": "sign",
    "point_num_in_lidar": 21,
    "speed": 0.01372123720568522,
    "if_vehicle": false,
    "motion_state": false,
    "pose": [
      [
        0.05799987713543665,
        0.9974730905798403,
        0.04102984062089424,
        7.553938526215006
      ],
      [
        -0.9983154088696732,
        0.058014029298747834,
        0.0008466509915018182,
        68.20015415033231
      ],
      [
        -0.0015357947947677074,
        -0.04100982776878925,
        0.9991575628301688,
        2.305034391842298
      ],
      [
        0.0,
        0.0,
        0.0,
        1.0
      ]
    ],
    "location": [
      7.553938526215006,
      68.20015415033231,
      2.305034391842298
    ],
    "rotation": [
      -0.04102137997773828,
      0.0015357953985060866,
      -1.5127638133577976
    ]
  },
  {
    "label_id": "Y7psRdB62Vd3IFYAiYkr8A",
    "size": [
      0.8262745638278927,
      0.8639008479747439,
      1.660000000000025
    ],
    "obj_class": "pedestrian",
    "point_num_in_lidar": 78,
    "speed": 0.72967473444537,
    "if_vehicle": false,
    "motion_state": false,
    "pose": [
      [
        0.4369754571506178,
        -0.8985371456020239,
        0.04102984062089424,
        -21.54844381976909
      ],
      [
        0.8992788939730905,
        0.4373748438543694,
        0.0008466509915018182,
        32.80648040959568
      ],
      [
        -0.01870616750015844,
        0.036527303989391406,
        0.9991575628301688,
        0.9183386127413087
      ],
      [
        0.0,
        0.0,
        0.0,
        1.0
      ]
    ],
    "location": [
      -21.54844381976909,
      32.80648040959568,
      0.9183386127413087
    ],
    "rotation": [
      0.0365418283697836,
      0.018707258617858203,
      1.1184779593020266
    ]
  },
  {
    "label_id": "Yfx_HVbC7uVvds21GWNTRg",
    "size": [
      2.1537253699911902,
      5.135124867746784,
      1.6999999999999886
    ],
    "obj_class": "vehicle",
    "point_num_in_lidar": 55,
    "speed": 1.7067822212573438e-12,
    "if_vehicle": true,
    "motion_state": false,
    "pose": [
      [
        0.020273049614643896,
        0.9989522289068412,
        0.04102984062089424,
        -36.45167724617522
      ],
      [
        -0.9997944805026405,
        0.020255368141654427,
        0.0008466509915018182,
        42.34605927107987
      ],
      [
        1.4689368497308691e-05,
        -0.041038572386230085,
        0.9991575628301688,
        0.6098985881756676
      ],
      [
        0.0,
        0.0,
        0.0,
        1.0
      ]
    ],
    "location": [
      -36.45167724617522,
      42.34605927107987,
      0.6098985881756676
    ],
    "rotation": [
      -0.04105010041352297,
      -1.4689368497836963e-05,
      -1.5505218882289555
    ]
  },
  {
    "label_id": "ZD2xyQqVlFo4DW-aNs8QBw",
    "size": [
      2.2344371104526974,
      4.969279365215105,
      1.6999999999999886
    ],
    "obj_class": "vehicle",
    "point_num_in_lidar": 134,
    "speed": 1.4228607195221901e-12,
    "if_vehicle": true,
    "motion_state": false,
    "pose": [
      [
        0.37127177621383384,
        0.9276172811917903,
        0.04102984062089424,
        61.020516945917734
      ],
      [
        -0.9284116517094921,
        0.3715522683986085,
        0.0008466509915018182,
        30.63286185279503
      ],
      [
        -0.01445936226387137,
        -0.038406919717669706,
        0.9991575628301688,
        0.8055356092042985
      ],
      [
        0.0,
        0.0,
        0.0,
        1.0
      ]
    ],
    "location": [
      61.020516945917734,
      30.63286185279503,
      0.8055356092042985
    ],
    "rotation": [
      -0.03842038680047164,
      0.0144598661553667,
      -1.1903761997647044
    ]
  },
  {
    "label_id": "aBfZK79ylDzaSLoIvIuLKg",
    "size": [
      0.8684472722431338,
      0.1641085882203508,
      0.9399999999999977
    ],
    "obj_class": "sign",
    "point_num_in_lidar": 38,
    "speed": 0.024634475725264088,
    "if_vehicle": false,
    "motion_state": false,
    "pose": [
      [
        0.034348908326871284,
        0.9985673260603795,
        0.04102984062089424,
        7.97562577459712
      ],
      [
        -0.9994097431940092,
        0.03434309815644473,
        0.0008466509915018182,
        86.16815068320466
      ],
      [
        -0.0005636538270963141,
        -0.04103470401551098,
        0.9991575628301688,
        3.005769119108436
      ],
      [
        0.0,
        0.0,
        0.0,
        1.0
      ]
    ],
    "location": [
      7.97562577459712,
      86.16815068320466,
      3.005769119108436
    ],
    "rotation": [
      -0.041046235301048735,
      0.000563653856942318,
      -1.5364406550074434
    ]
  },
  {
    "label_id": "aH4CifP98VP1LwWVbnjEww",
    "size": [
      0.8111830784138484,
      0.13501192777146076,
      0.8199999999999932
    ],
    "obj_class": "sign",
    "point_num_in_lidar": 68,
    "speed": 0.013015598268219068,
    "if_vehicle": false,
    "motion_state": false,
    "pose": [
      [
        0.9956244855915213,
        0.08395496333893879,
        0.04102984062089424,
        -21.917630479179024
      ],
      [
        -0.08406033370168364,
        0.9964603070268581,
        0.0008466509915018182,
        40.460087881203435
      ],
      [
        -0.0408135270294069,
        -0.004291928552208813,
        0.9991575628301688,
        1.4598894558765778
      ],
      [
        0.0,
        0.0,
        0.0,
        1.0
      ]
    ],
    "location": [
      -21.917630479179024,
      40.460087881203435,
      1.4598894558765778
    ],
    "rotation": [
      -0.004295520861107725,
      0.04082486634579443,
      -0.08422999510868104
    ]
  },
  {
    "label_id": "bS5pqI2UlH5CQ5Yx6QlVzQ",
    "size": [
      2.188837245480493,
      4.820320769432635,
      1.6000000534027663
    ],
    "obj_class": "vehicle",
    "point_num_in_lidar": 48,
    "speed": 3.552713678800501e-13,
    "if_vehicle": true,
    "motion_state": false,
    "pose": [
      [
        -0.43947678865967876,
        0.8973163903596101,
        0.04102984062089424,
        48.44444368266477
      ],
      [
        -0.8980570232935927,
        -0.43987824007917276,
        0.0008466509915018182,
        12.120197923191881
      ],
      [
        0.018807847894636704,
        -0.03647505307535005,
        0.9991575628301688,
        0.9679567476574107
      ],
      [
        0.0,
        0.0,
        0.0,
        1.0
      ]
    ],
    "location": [
      48.44444368266477,
      12.120197923191881,
      0.9679567476574107
    ],
    "rotation": [
      -0.036489603099522226,
      -0.018808956903971077,
      -2.025898999612031
    ]
  },
  {
    "label_id": "g6YOx69ABa2ixKZATUwQnQ",
    "size": [
      0.9538155901123144,
      1.0257134111680766,
      1.0299999999999727
    ],
    "obj_class": "sign",
    "point_num_in_lidar": 221,
    "speed": 0.007182897126602495,
    "if_vehicle": false,
    "motion_state": false,
    "pose": [
      [
        -0.01884773161867355,
        0.9989801375360046,
        0.04102984062089424,
        -10.227333373262809
      ],
      [
        -0.9998210513752673,
        -0.018898370537005268,
        0.0008466509915018182,
        27.529018467195783
      ],
      [
        0.0016211846550634103,
        -0.04100654093667961,
        0.9991575628301688,
        0.6947178925274216
      ],
      [
        0.0,
        0.0,
        0.0,
        1.0
      ]
    ],
    "location": [
      -10.227333373262809,
      27.529018467195783,
      0.6947178925274216
    ],
    "rotation": [
      -0.041018095906389496,
      -0.0016211853652078917,
      -1.5896451992665188
    ]
  },
  {
    "label_id": "j4uKazNwBsHJ2f4MFBWDNg",
    "size": [
      0.9129643679416513,
      0.12332203574414805,
      1.089999999999975
    ],
    "obj_class": "sign",
    "point_num_in_lidar": 68,
    "speed": 0.005714786502454629,
    "if_vehicle": false,
    "motion_state": false,
    "pose": [
      [
        0.004348602107376482,
        -0.9991484583575835,
        0.04102984062089424,
        -18.88554618066928
      ],
      [
        0.9999900185146045,
        0.004387032397884325,
        0.0008466509915018182,
        47.45770606949918
      ],
      [
        -0.0010259292730098544,
        0.04102574933385343,
        0.9991575628301688,
        3.195986345741005
      ],
      [
