[
  {
    "label_id": "0X-5YbX76mfO3JdaVTit6A",
    "size": [
      2.0364853847542563,
      4.528660799265791,
      1.5
    ],
    "obj_class": "vehicle",
    "point_num_in_lidar": 25,
    "speed": 1.1368683772161603e-12,
    "if_vehicle": true,
    "motion_state": false,
    "pose": [
      [
        0.03463263865451253,
        0.9982028873638387,
        0.04890374217093829,
        -46.220407282074575
      ],
      [
        -0.9993824507145297,
        0.03429964502326204,
        0.00763227063847058,
        41.70301674385519
      ],
      [
        0.005941173591691266,
        -0.04913786737103941,
        0.9987743350960614,
        0.7257691191079516
      ],
      [
        0.0,
        0.0,
        0.0,
        1.0
      ]
    ],
    "location": [
      -46.220407282074575,
      41.70301674385519,
      0.7257691191079516
    ],
    "rotation": [
      -0.04915853132478268,
      -0.005941208543718804,
      -1.5361561496164367
    ]
  },
  {
    "label_id": "1eolDINDzpEd5w-27y0I0Q",
    "size": [
      0.8085791236498827,
      0.6297640151236392,
      0.8899999999999864
    ],
    "obj_class": "sign",
    "point_num_in_lidar": 32,
    "speed": 0.012889512674120859,
    "if_vehicle": false,
    "motion_state": false,
    "pose": [
      [
        0.9980155098739911,
        0.03966693903789253,
        0.04890374217093829,
        -22.927943283159948
      ],
      [
        -0.040086696936411516,
        0.999167055688702,
        0.00763227063847058,
        58.18319234471164
      ],
      [
        -0.04856025926295892,
        -0.009577513964212319,
        0.9987743350960614,
        0.6970524644600005
      ],
      [
        0.0,
        0.0,
        0.0,
        1.0
      ]
    ],
    "location": [
      -22.927943283159948,
      58.18319234471164,
      0.6970524644600005
    ],
    "rotation": [
      -0.009588973284710147,
      0.04857936452470442,
      -0.040144826966190386
    ]
  },
  {
    "label_id": "303QVPZsmqpcoXSJgCZsaQ",
    "size": [
      2.415480313556926,
      5.381323891110312,
      1.6999999999999886
    ],
    "obj_class": "vehicle",
    "point_num_in_lidar": 32,
    "speed": 5.859285502108464e-13,
    "if_vehicle": true,
    "motion_state": false,
    "pose": [
      [
        -0.03808666542969766,
        -0.9980770661217122,
        0.04890374217093829,
        -54.36063190975892
      ],
      [
        0.9992577747186993,
        -0.037757755615694236,
        0.00763227063847058,
        33.96010243760429
      ],
      [
        -0.005771098741108394,
        0.04915813231542515,
        0.9987743350960614,
        0.8566555654240915
      ],
      [
        0.0,
        0.0,
        0.0,
        1.0
      ]
    ],
    "location": [
      -54.36063190975892,
      33.96010243760429,
      0.8566555654240915
    ],
    "rotation": [
      0.04917877212542978,
      0.005771130776554316,
      1.6088928410147287
    ]
  },
  {
    "label_id": "39-kEkDzJEr7nWBZPk1HXw",
    "size": [
      0.9772257133555243,
      0.13068810941669862,
      0.839999999999975
    ],
    "obj_class": "sign",
    "point_num_in_lidar": 47,
    "speed": 0.013510700763573805,
    "if_vehicle": false,
    "motion_state": false,
    "pose": [
      [
        0.057979303190170146,
        0.9971192628784485,
        0.04890374217093829,
        7.576886080605163
      ],
      [
        -0.9983062947439044,
        0.057674000377966786,
        0.00763227063847058,
        68.21737565034346
      ],
      [
        0.004789809628669925,
        -0.04926342737915796,
        0.9987743350960614,
        2.96734329343667
      ],
      [
        0.0,
        0.0,
        0.0,
        1.0
      ]
    ],
    "location": [
      7.576886080605163,
      68.21737565034346,
      2.96734329343667
    ],
    "rotation": [
      -0.049283941090658145,
      -0.004789827943714981,
      -1.5127838242793537
    ]
  },
  {
    "label_id": "4KLepsi_DW90MB8EG8E5xQ",
    "size": [
      2.0183254698180875,
      4.764829562322304,
      1.5
    ],
    "obj_class": "vehicle",
    "point_num_in_lidar": 39,
    "speed": 8.556067554929069e-13,
    "if_vehicle": true,
    "motion_state": false,
    "pose": [
      [
        0.40620809388538576,
        0.9124710452741391,
        0.04890374217093829,
        39.52861704395082
      ],
      [
        -0.9136894350489699,
        0.4063414386015726,
        0.00763227063847058,
        66.14477458562214
      ],
      [
        -0.012907390979439094,
        -0.047783122664015625,
        0.9987743350960614,
        0.8257691191079743
      ],
      [
        0.0,
        0.0,
        0.0,
        1.0
      ]
    ],
    "location": [
      39.52861704395082,
      66.14477458562214,
      0.8257691191079743
    ],
    "rotation": [
      -0.04780531005839353,
      0.012907749403129741,
      -1.152458766047377
    ]
  },
  {
    "label_id": "4ZoF6vgB7LJluyrGWdiMEg",
    "size": [
      2.093921987293179,
      4.5423472073732345,
      1.6399999999999864
    ],
    "obj_class": "vehicle",
    "point_num_in_lidar": 92,
    "speed": 2.8421709430404007e-13,
    "if_vehicle": true,
    "motion_state": false,
    "pose": [
      [
        0.06290113268567249,
        0.9968208823597838,
        0.04890374217093829,
        -31.303528227343122
      ],
      [
        -0.9980094069661889,
        0.0626016936823399,
        0.00763227063847058,
        43.408713001139404
      ],
      [
        0.0045465496649437056,
        -0.049286473190568926,
        0.9987743350960614,
        0.695769119107922
      ],
      [
        0.0,
        0.0,
        0.0,
        1.0
      ]
    ],
    "location": [
      -31.303528227343122,
      43.408713001139404,
      0.695769119107922
    ],
    "rotation": [
      -0.04930695915757689,
      -0.004546565328797041,
      -1.5078529900604527
    ]
  },
  {
    "label_id": "6YI5y30RVco3JWyYxY8N3g",
    "size": [
      2.0528022639873313,
      4.8452979739718565,
      1.5500000000000114
    ],
    "obj_class": "vehicle",
    "point_num_in_lidar": 64,
    "speed": 2.1316282072803006e-13,
    "if_vehicle": true,
    "motion_state": false,
    "pose": [
      [
        0.38266202956942363,
        0.9225931904840226,
        0.04890374217093829,
        42.61955022394841
      ],
      [
        -0.9238146005150818,
        0.3827640687421706,
        0.00763227063847058,
        66.17119736787208
      ],
      [
        -0.011677114411082316,
        -0.04809857121007819,
        0.9987743350960614,
        0.8707691191077629
      ],
      [
        0.0,
        0.0,
        0.0,
        1.0
      ]
    ],
    "location": [
      42.61955022394841,
      66.17119736787208,
      0.8707691191077629
    ],
    "rotation": [
      -0.04812041970763313,
      0.011677379799524615,
      -1.1780921699558267
    ]
  },
  {
    "label_id": "7DXMcrFMaCxx4GTgIJE-SQ",
    "size": [
      0.5836348899473531,
      0.09953616580182253,
      0.7900000000000205
    ],
    "obj_class": "sign",
    "point_num_in_lidar": 25,
    "speed": 8.644125458514253e-13,
    "if_vehicle": false,
    "motion_state": false,
    "pose": [
      [
        -0.029048539695035402,
        -0.9983809925791178,
        0.04890374217093829,
        -20.25164265434887
      ],
      [
        0.9995586748399605,
        -0.02870895325649101,
        0.00763227063847058,
        81.13783892185711
      ],
      [
        -0.0062159386876157584,
        0.04910386603570305,
        0.9987743350960614,
        2.565158948877638
      ],
      [
        0.0,
        0.0,
        0.0,
        1.0
      ]
    ],
    "location": [
      -20.25164265434887,
      81.13783892185711,
      2.565158948877638
    ],
    "rotation": [
      0.049124570408225536,
      0.006215978716774866,
      1.5998495147608123
    ]
  },
  {
    "label_id": "AFL1N-XB7hfEMBHsxDvkQg",
    "size": [
      2.316868738343805,
      5.169979861084375,
      1.5699999999999932
    ],
    "obj_class": "vehicle",
    "point_num_in_lidar": 22,
    "speed": 2.929642751054232e-13,
    "if_vehicle": true,
    "motion_state": false,
    "pose": [
      [
        -0.02966055873649166,
        -0.9983629977403597,
        0.04890374217093829,
        -33.48125731671462
      ],
      [
        0.9995408879521744,
        -0.029321694300975087,
        0.00763227063847058,
        33.88010790510452
      ],
      [
        -0.00618583601607926,
        0.04910766728528902,
        0.9987743350960614,
        0.7220850546841575
      ],
      [
        0.0,
        0.0,
        0.0,
        1.0
      ]
    ],
    "location": [
      -33.48125731671462,
      33.88010790510452,
      0.7220850546841575
    ],
    "rotation": [
      0.0491283671447425,
      0.006185875466481569,
      1.6004618039675127
    ]
  },
  {
    "label_id": "AvgCjaE0kU2RZkYQUwpOLQ",
    "size": [
      2.3297402798310025,
      5.3226951623069425,
      2.0400000000000205
    ],
    "obj_class": "vehicle",
    "point_num_in_lidar": 95,
    "speed": 0.06606730010031173,
    "if_vehicle": true,
    "motion_state": false,
    "pose": [
      [
        0.027413561043290218,
        -0.9984272235233794,
        0.04890374217093829,
        -1.228164929097602
      ],
      [
        0.9995838350061516,
        0.027819152382777018,
        0.00763227063847058,
        119.11996182331495
      ],
      [
        -0.008980727438288563,
        0.04867416242833193,
        0.9987743350960614,
        1.1457691191079107
      ],
      [
        0.0,
        0.0,
        0.0,
        1.0
      ]
    ],
    "location": [
      -1.228164929097602,
      119.11996182331495,
      1.1457691191079107
    ],
    "rotation": [
      0.048695367860135924,
      0.008980848163801732,
      1.543378225044312
    ]
  },
  {
    "label_id": "Cc4GN5NKm3dtq0Hi5UrAgQ",
    "size": [
      2.45628320642074,
      5.5493346788713325,
      1.8999999999999773
    ],
    "obj_class": "vehicle",
    "point_num_in_lidar": 68,
    "speed": 2.929642751054232e-13,
    "if_vehicle": true,
    "motion_state": false,
    "pose": [
      [
        -0.4168608934130358,
        0.9076537993886016,
        0.04890374217093829,
        42.54799573019136
      ],
      [
        -0.9085586150493287,
        -0.417687672148158,
        0.00763227063847058,
        48.81526814575591
      ],
      [
        0.02735394966968281,
        -0.041250321100434216,
        0.9987743350960614,
        1.0257691191079061
      ],
      [
        0.0,
        0.0,
        0.0,
        1.0
      ]
    ],
    "location": [
      42.54799573019136,
      48.81526814575591,
      1.0257691191079061
    ],
    "rotation": [
      -0.041277482947938475,
      -0.027357362032105304,
      -2.0009571025378867
    ]
  },
  {
    "label_id": "D-kUN-HsliY3Ha9PNEVv7g",
    "size": [
      0.7276413270774373,
      0.627713311804655,
      1.6499999999999773
    ],
    "obj_class": "pedestrian",
    "point_num_in_lidar": 23,
    "speed": 1.1457157353758233e-12,
    "if_vehicle": false,
    "motion_state": false,
    "pose": [
      [
        0.9988034961901556,
        1.831194575355748e-15,
        0.04890374217093829,
        -26.989782381181612
      ],
      [
        -0.0003736937214458457,
        0.9999708039727478,
        0.00763227063847058,
        76.63594488666786
      ],
      [
        -0.04890231437594913,
        -0.007641413618978373,
        0.9987743350960614,
        0.9507691191078038
      ],
      [
        0.0,
        0.0,
        0.0,
        1.0
      ]
    ],
    "location": [
      -26.989782381181612,
      76.63594488666786,
      0.9507691191078038
    ],
    "rotation": [
      -0.00765064165147827,
      0.04892182650987321,
      -0.00037414136557841203
    ]
  },
  {
    "label_id": "DHUkdQXbOqQov8-wGY1Imw",
    "size": [
      2.0818113181999487,
      4.630890369444594,
      1.579999999999984
    ],
    "obj_class": "vehicle",
    "point_num_in_lidar": 21,
    "speed": 1.7053025658242404e-12,
    "if_vehicle": true,
    "motion_state": false,
    "pose": [
      [
        -0.5420594163376414,
        -0.8389159750304996,
        0.04890374217093829,
        54.035459976018046
      ],
      [
        0.8400992281444876,
        -0.5423790513247516,
        0.00763227063847058,
        60.597246067090964
      ],
      [
        0.02012153152053456,
        0.04522114021880257,
        0.9987743350960614,
        0.8857691191080335
      ],
      [
        0.0,
        0.0,
        0.0,
        1.0
      ]
    ],
    "location": [
      54.035459976018046,
      60.597246067090964,
      0.8857691191080335
    ],
    "rotation": [
      0.04524573356370499,
      -0.02012288955561096,
      2.143812825671605
    ]
  },
  {
    "label_id": "G7BNS6imdS_exHasj7Aj1A",
    "size": [
      2.2785540398702717,
      5.572773604678559,
      1.839999999999975
    ],
    "obj_class": "vehicle",
    "point_num_in_lidar": 34,
    "speed": 1.7053025658242404e-12,
    "if_vehicle": true,
    "motion_state": false,
    "pose": [
      [
        -0.010191294559086572,
        0.9987515013840471,
        0.04890374217093829,
        -51.50486696201324
      ],
      [
        -0.9999149354149488,
        -0.010576879455687886,
        0.00763227063847058,
        42.19396131948088
      ],
      [
        0.008139990745015925,
        -0.048821799476171754,
        0.9987743350960614,
        0.7740547492301175
      ],
      [
        0.0,
        0.0,
        0.0,
        1.0
      ]
    ],
    "location": [
      -51.50486696201324,
      42.19396131948088,
      0.7740547492301175
    ],
    "rotation": [
      -0.048842834787363995,
      -0.008140080639580367,
      -1.5809881354468573
    ]
  },
  {
    "label_id": "GLDf7-Sxvl37cAZNUTUxwg",
    "size": [
      1.0569865237843388,
      1.0129598608742194,
      1.7200000000000273
    ],
    "obj_class": "pedestrian",
    "point_num_in_lidar": 110,
    "speed": 1.455489635484903,
    "if_vehicle": false,
    "motion_state": true,
    "pose": [
      [
        -0.281364653497219,
        -0.9583539824950216,
        0.04890374217093829,
        11.462120542160392
      ],
      [
        0.9595792868430351,
        -0.2813349262120034,
        0.00763227063847058,
        75.89612462497644
      ],
      [
        0.006443913733293664,
        0.049074469219934906,
        0.9987743350960614,
        1.0242094396302264
      ],
      [
        0.0,
        0.0,
        0.0,
        1.0
      ]
    ],
    "location": [
      11.462120542160392,
      75.89612462497644,
      1.0242094396302264
    ],
    "rotation": [
      0.049095208446242926,
      -0.0064439583303319715,
      1.8560183331760418
    ]
  },
  {
    "label_id": "IJ3FUi4Z1k7xeHX3cNHhgA",
    "size": [
      2.2733592392574926,
      5.809798929251251,
      2.3000000000000114
    ],
    "obj_class": "vehicle",
    "point_num_in_lidar": 246,
    "speed": 0.008003837566234087,
    "if_vehicle": true,
    "motion_state": false,
    "pose": [
      [
        -0.09649453817247079,
        -0.9941313937828137,
        0.04890374217093829,
        -41.60694684944383
      ],
      [
        0.9953293438505845,
        -0.09623536623750255,
        0.00763227063847058,
        33.931207856894616
      ],
      [
        -0.0028812103093457577,
        0.0494118020373047,
        0.9987743350960614,
        1.3757691191079857
      ],
      [
        0.0,
        0.0,
        0.0,
        1.0
      ]
    ],
    "location": [
      -41.60694684944383,
      33.931207856894616,
      1.3757691191079857
    ],
    "rotation": [
      0.049432136206818265,
      0.0028812142956941536,
      1.6674416449011993
    ]
  },
  {
    "label_id": "IKfXUgFeE1HCCCYKAae06Q",
    "size": [
      1.927910395321811,
      4.1409722562418345,
      1.3700000000000045
    ],
    "obj_class": "vehicle",
    "point_num_in_lidar": 73,
    "speed": 3.552713678800501e-13,
    "if_vehicle": true,
    "motion_state": false,
    "pose": [
      [
        -0.02096681940762633,
        -0.9985834048719247,
        0.04890374217093829,
        37.03283034326296
      ],
      [
        0.9997582999872521,
        -0.020617712082113215,
        0.00763227063847058,
        83.34583414369263
      ],
      [
        -0.006613175525249666,
        0.049051946575979104,
        0.9987743350960614,
        0.8617924024155741
      ],
      [
        0.0,
        0.0,
        0.0,
        1.0
      ]
    ],
    "location": [
      37.03283034326296,
      83.34583414369263,
      0.8617924024155741
    ],
    "rotation": [
      0.04907271244851628,
      0.0066132237297345355,
      1.591765141299974
    ]
  },
  {
    "label_id": "J4URuhC5d2mK2-2Pm2tEVg",
    "size": [
      2.0659312537587478,
      4.376834488824507,
      1.7300000000000182
    ],
    "obj_class": "vehicle",
    "point_num_in_lidar": 47,
    "speed": 7.105427357601002e-14,
    "if_vehicle": true,
    "motion_state": false,
    "pose": [
      [
        -0.9962271689096206,
        -0.07169276063871886,
        0.04890374217093829,
        64.6840696271629
      ],
      [
        0.07214927821934591,
        -0.9973646424940723,
        0.00763227063847058,
        80.32190944717877
      ],
      [
        0.04822768477492637,
        0.011131845070373755,
        0.9987743350960614,
        1.064435604560174
      ],
      [
        0.0,
        0.0,
        0.0,
        1.0
      ]
    ],
    "location": [
      64.6840696271629,
      80.32190944717877,
      1.064435604560174
    ],
    "rotation": [
      0.011145044253195433,
      -0.04824639990891689,
      3.0692963596667315
    ]
  },
  {
    "label_id": "KRIFGuPyXMFLkXDccz9mLA",
    "size": [
      1.152832250611474,
      1.3148555747822952,
      1.8799999999999955
    ],
    "obj_class": "pedestrian",
    "point_num_in_lidar": 519,
    "speed": 3.7573546043385178,
    "if_vehicle": false,
    "motion_state": true,
    "pose": [
      [
        -0.02124815786429098,
        -0.9985774580817718,
        0.04890374217093829,
        9.029851524069727
      ],
      [
        0.9997524515074082,
        -0.020899381565700988,
        0.00763227063847058,
        51.88712076721458
      ],
      [
        -0.006599355445934991,
        0.049053807814671,
        0.9987743350960614,
        1.1089622886134975
      ],
      [
        0.0,
        0.0,
        0.0,
        1.0
      ]
    ],
    "location": [
      9.029851524069727,
      51.88712076721458,
      1.1089622886134975
    ],
    "rotation": [
      0.04907457148708687,
      0.0065994033488367895,
      1.5920465466661804
    ]
  },
  {
    "label_id": "LV0eEgqBFEblVK4wVnO9Gg",
    "size": [
      2.3764124997252343,
      5.358373042693289,
      2.0
    ],
    "obj_class": "vehicle",
    "point_num_in_lidar": 55,
    "speed": 2.6523275711733643,
    "if_vehicle": true,
    "motion_state": true,
    "pose": [
      [
        -0.007990939288094915,
        -0.9987715298760635,
        0.04890374217093829,
        3.604258698254853
      ],
      [
        0.999941790040505,
        -0.007626596586413763,
        0.00763227063847058,
        106.6433046384318
      ],
      [
        -0.007249925508909684,
        0.0489618844973897,
        0.9987743350960614,
        0.9124252765367942
      ],
      [
        0.0,
        0.0,
        0.0,
        1.0
      ]
    ],
    "location": [
      3.604258698254853,
      106.6433046384318,
      0.9124252765367942
    ],
    "rotation": [
      0.048982756424552965,
      0.00724998902147507,
      1.5787875611516966
    ]
  },
  {
    "label_id": "M_3sev6zG_NGRjA1B8leIg",
    "size": [
      2.096085307617257,
      4.811468628086786,
      1.4700000000000273
    ],
    "obj_class": "vehicle",
    "point_num_in_lidar": 346,
    "speed": 9.532931148469528e-13,
    "if_vehicle": true,
    "motion_state": false,
    "pose": [
      [
        0.3114900090069439,
        -0.948990199259472,
        0.04890374217093829,
        33.742837287474686
      ],
      [
        0.9499827486331198,
        0.312209105799885,
        0.00763227063847058,
        42.31680159820098
      ],
      [
        -0.022511143647461186,
        0.044080335356072746,
        0.9987743350960614,
        0.7507691191079857
      ],
      [
        0.0,
        0.0,
        0.0,
        1.0
      ]
    ],
    "location": [
      33.742837287474686,
      42.31680159820098,
      0.7507691191079857
    ],
    "rotation": [
      0.04410580710299181,
      0.022513045340784892,
      1.2539525888096996
    ]
  },
  {
    "label_id": "O0ipbuwo_Nd7uLn6JzKcdA",
    "size": [
      2.0811413058830994,
      4.05562961252444,
      1.4800000000000182
    ],
    "obj_class": "vehicle",
    "point_num_in_lidar": 1296,
    "speed": 2.0343452047565354,
    "if_vehicle": true,
    "motion_state": true,
    "pose": [
      [
        -0.05286018373539302,
        -0.9974037422113168,
        0.04890374217093829,
        -1.4056381913883342
      ],
      [
        0.9985891912750842,
        -0.05254879174134023,
        0.00763227063847058,
        60.60773258509289
      ],
      [
        -0.005042622733667278,
        0.0492381915730703,
        0.9987743350960614,
        0.9602089096713371
      ],
      [
        0.0,
        0.0,
        0.0,
        1.0
      ]
    ],
    "location": [
      -1.4056381913883342,
      60.60773258509289,
      0.9602089096713371
    ],
    "rotation": [
      0.04925873560561095,
      0.0050426441045839715,
      1.6236818315332753
    ]
  },
  {
    "label_id": "QIT_yfqN9dQa6ORELd4USA",
    "size": [
      2.081508460311944,
      4.602855966355445,
      1.5
    ],
    "obj_class": "vehicle",
    "point_num_in_lidar": 22,
    "speed": 1.4281732235759946e-12,
    "if_vehicle": true,
    "motion_state": false,
    "pose": [
      [
        0.058062416334400825,
        0.997114426638733,
        0.04890374217093829,
        -33.71319237022226
      ],
      [
        -0.9983014839481125,
        0.05775721246647719,
        0.00763227063847058,
        42.85044805454527
      ],
      [
        0.0047857033346575244,
        -0.04926382645525129,
        0.9987743350960614,
        0.803826062121118
      ],
      [
        0.0,
        0.0,
        0.0,
        1.0
      ]
    ],
    "location": [
      -33.71319237022226,
      42.85044805454527,
      0.803826062121118
    ],
    "rotation": [
      -0.04928433968675478,
      -0.004785721602638276,
      -1.512700571069227
    ]
  },
  {
    "label_id": "SgRDIBnvjCDj5pesLk7nPA",
    "size": [
      1.9875335616080214,
      4.312670339912523,
      1.7300000000000182
    ],
    "obj_class": "vehicle",
    "point_num_in_lidar": 164,
    "speed": 10.604387056562832,
    "if_vehicle": true,
    "motion_state": true,
    "pose": [
      [
        0.00997306586967337,
        0.9987537043529989,
        0.04890374217093829,
        -15.313487167265976
      ],
      [
        -0.9999246852802226,
        0.00961104636077204,
        0.00763227063847058,
        82.40739765888247
      ],
      [
        0.007152742439576989,
        -0.048976176137113275,
        0.9987743350960614,
        0.8907691191077447
      ],
      [
        0.0,
        0.0,
        0.0,
        1.0
      ]
    ],
    "location": [
      -15.313487167265976,
      82.40739765888247,
      0.8907691191077447
    ],
    "rotation": [
      -0.04899703128783265,
      -0.007152803432087457,
      -1.5608228404521365
    ]
  },
  {
    "label_id": "UahDY1qvMQ82owWsLmLHZQ",
    "size": [
      2.0024935692269414,
      4.635795969975856,
      1.420000000000016
    ],
    "obj_class": "vehicle",
    "point_num_in_lidar": 124,
    "speed": 0.004460713416760913,
    "if_vehicle": true,
    "motion_state": false,
    "pose": [
      [
        -0.010700027745633904,
        0.9987461806725074,
        0.04890374217093829,
        -35.946687637026116
      ],
      [
        -0.9999094181469228,
        -0.011086205211137592,
        0.00763227063847058,
        60.30332246064427
      ],
      [
        0.008164858071330997,
        -0.04881764687175622,
        0.9987743350960614,
        0.8355354251084464
      ],
      [
        0.0,
        0.0,
        0.0,
        1.0
      ]
    ],
    "location": [
      -35.946687637026116,
      60.30332246064427,
      0.8355354251084464
    ],
    "rotation": [
      -0.048838686996978756,
      -0.00816494879230369,
      -1.581496915422905
    ]
  },
  {
    "label_id": "Vdo6_EYNJbnRRAXXAARS0A",
    "size": [
      0.4693407313262996,
      0.09492884364845719,
      0.6000000000000227
    ],
    "obj_class": "sign",
    "point_num_in_lidar": 22,
    "speed": 0.009757210652273083,
    "if_vehicle": false,
    "motion_state": false,
    "pose": [
      [
        0.975705365588294,
        0.21355903999571596,
        0.04890374217093829,
        -22.65207193464539
      ],
      [
        -0.21417367951276928,
        0.9767657771691547,
        0.00763227063847058,
        58.829557183300494
      ],
      [
        -0.04613756133753725,
        -0.017920741816271377,
        0.9987743350960614,
        0.9136528394591323
      ],
      [
        0.0,
        0.0,
        0.0,
        1.0
      ]
    ],
    "location": [
      -22.65207193464539,
      58.829557183300494,
      0.9136528394591323
    ],
    "rotation": [
      -0.0179408084623221,
      0.04615394567924118,
      -0.21607954844210103
    ]
  },
  {
    "label_id": "WI6i77z9ngV3vsWbOpfUiA",
    "size": [
      2.0450921420530235,
      4.2313164068057265,
      1.6000000000000227
    ],
    "obj_class": "vehicle",
    "point_num_in_lidar": 90,
    "speed": 1.7067822212573438e-12,
    "if_vehicle": true,
    "motion_state": false,
    "pose": [
      [
        0.016576830612901175,
        -0.9986659264681605,
        0.04890374217093829,
        39.856309719565616
      ],
      [
        0.9998268713938416,
        0.016969846307603592,
        0.00763227063847058,
        83.28843404887266
      ],
      [
        -0.008451977616731455,
        0.04876875667665457,
        0.9987743350960614,
        0.9639886915257421
      ],
      [
        0.0,
        0.0,
        0.0,
        1.0
      ]
    ],
    "location": [
      39.856309719565616,
      83.28843404887266,
      0.9639886915257421
    ],
    "rotation": [
      0.04878985335287038,
      0.008452078249107181,
      1.5542181446895404
    ]
  },
  {
    "label_id": "WyrcS-L1nMocLTT6D_Uljg",
    "size": [
      0.8718825020235463,
      0.16771329137483426,
      0.2400000000000091
    ],
    "obj_class": "sign",
    "point_num_in_lidar": 20,
    "speed": 0.021029047907248022,
    "if_vehicle": false,
    "motion_state": false,
    "pose": [
      [
        0.03433672394702371,
        0.998213110207567,
        0.04890374217093829,
        8.029441884960306
      ],
      [
        -0.9993925747918204,
        0.03400338065364761,
        0.00763227063847058,
        86.21100730954277
      ],
      [
        0.005955740051547356,
        -0.04913610397517149,
        0.9987743350960614,
        2.3710874182673365
      ],
      [
        0.0,
        0.0,
        0.0,
        1.0
      ]
    ],
    "location": [
      8.029441884960306,
      86.21100730954277,
      2.3710874182673365
    ],
    "rotation": [
      -0.04915677002792512,
      -0.005955775261292679,
      -1.53645224268686
    ]
  },
  {
    "label_id": "XeXTOoCuW1m_4pGsdFCfNw",
    "size": [
      0.5182916940695842,
      0.12495920793043618,
      0.4399999999999977
    ],
    "obj_class": "sign",
    "point_num_in_lidar": 55,
    "speed": 0.013721236976617496,
    "if_vehicle": false,
    "motion_state": false,
    "pose": [
      [
        0.057979303183724164,
        0.9971192628788235,
        0.04890374217093829,
        7.603785084250376
      ],
      [
        -0.9983062947442775,
        0.057674000371513136,
        0.00763227063847058,
        68.21961502709019
      ],
      [
        0.004789809628988393,
        -0.049263427379127,
        0.9987743350960614,
        2.299834328604163
      ],
      [
        0.0,
        0.0,
        0.0,
        1.0
      ]
    ],
    "location": [
      7.603785084250376,
      68.21961502709019,
      2.299834328604163
    ],
    "rotation": [
      -0.04928394109062722,
      -0.004789827944033454,
      -1.5127838242858105
    ]
  },
  {
    "label_id": "YTcass-ERc9jtlumJh8FmA",
    "size": [
      1.936865148920298,
      4.353787564816944,
      1.509999999999991
    ],
    "obj_class": "vehicle",
    "point_num_in_lidar": 1043,
    "speed": 8.307812404095158,
    "if_vehicle": true,
    "motion_state": true,
    "pose": [
      [
        0.021739535103288556,
        0.9985668813931149,
        0.04890374217093829,
        -16.14472734117726
      ],
      [
        -0.9997420463022701,
        0.021391337037473698,
        0.00763227063847058,
        53.697686091232754
      ],
      [
        0.006575216258233548,
        -0.04905704928527531,
        0.9987743350960614,
        0.7869885370460565
      ],
      [
        0.0,
        0.0,
        0.0,
        1.0
      ]
    ],
    "location": [
      -16.14472734117726,
      53.697686091232754,
      0.7869885370460565
    ],
    "rotation": [
      -0.049077809125223575,
      -0.0065752636373898575,
      -1.549054608885762
    ]
  },
  {
    "label_id": "Ye5MQyukvP9sghRyjq38RQ",
    "size": [
      1.7458355193950694,
      3.8660854927858566,
      1.5600000000000023
    ],
    "obj_class": "vehicle",
    "point_num_in_lidar": 21,
    "speed": 8.556067554929069e-13,
    "if_vehicle": true,
    "motion_state": false,
    "pose": [
      [
        -0.5242295740251325,
        -0.8501716166275528,
        0.04890374217093829,
        63.10546059236458
      ],
      [
        0.8513613533971672,
        -0.5245241599646724,
        0.00763227063847058,
        60.34994110984735
      ],
      [
        0.019162454414092797,
        0.045635818106486106,
        0.9987743350960614,
        0.945769119107922
      ],
      [
        0.0,
        0.0,
        0.0,
        1.0
      ]
    ],
    "location": [
      63.10546059236458,
      60.34994110984735,
      0.945769119107922
    ],
    "rotation": [
      0.04566006315408088,
      -0.01916362734904035,
      2.1227195415339946
    ]
  },
  {
    "label_id": "Yfx_HVbC7uVvds21GWNTRg",
    "size": [
      2.153725369991191,
      5.135124867746784,
      1.6999999999999886
    ],
    "obj_class": "vehicle",
    "point_num_in_lidar": 23,
    "speed": 1.7067822212573438e-12,
    "if_vehicle": true,
    "motion_state": false,
    "pose": [
      [
        0.02026585827624379,
        0.998597876519876,
        0.04890374217093829,
        -36.45167724617522
      ],
      [
        -0.99977252628974,
        0.019915926318707377,
        0.00763227063847058,
        42.34605927108532
      ],
      [
        0.006647605926816249,
        -0.04904729237034626,
        0.9987743350960614,
        0.6098985881756107
      ],
      [
        0.0,
        0.0,
        0.0,
        1.0
      ]
    ],
    "location": [
      -36.45167724617522,
      42.34605927108532,
      0.6098985881756107
    ],
    "rotation": [
      -0.04906806374301177,
      -0.006647654888143829,
      -1.550528633159582
    ]
  },
  {
    "label_id": "Yqhji1Do1Bpc7WANpj6fog",
    "size": [
      2.375418643572933,
      4.9945625151731425,
      1.740000000000009
    ],
    "obj_class": "vehicle",
    "point_num_in_lidar": 33,
    "speed": 1.4369837526939963e-12,
    "if_vehicle": true,
    "motion_state": false,
    "pose": [
      [
        0.368105592471353,
        0.9284970095767636,
        0.04890374217093829,
        73.53724016880551
      ],
      [
        -0.9297198732719614,
        0.3681884105835889,
        0.00763227063847058,
        30.461158354341023
      ],
      [
        -0.010919250637406933,
        -0.04827626247896535,
        0.9987743350960614,
        1.0257691191081904
      ],
      [
        0.0,
        0.0,
        0.0,
        1.0
      ]
    ],
    "location": [
      73.53724016880551,
      30.461158354341023,
      1.0257691191081904
    ],
    "rotation": [
      -0.04829791587018816,
      0.010919467632821372,
      -1.1938019964391056
    ]
  },
  {
    "label_id": "ZD2xyQqVlFo4DW-aNs8QBw",
    "size": [
      2.2344371104526877,
      4.969279365215105,
      1.6999999999999886
    ],
    "obj_class": "vehicle",
    "point_num_in_lidar": 39,
    "speed": 1.4228607195221901e-12,
    "if_vehicle": true,
    "motion_state": false,
    "pose": [
      [
        0.37114007718328546,
        0.927288233026853,
        0.04890374217093829,
        61.020516945917734
      ],
      [
        -0.9285108193437771,
        0.3712268939697781,
        0.00763227063847058,
        30.63286185279867
      ],
      [
        -0.011077069555286163,
        -0.04824029522596044,
        0.9987743350960614,
        0.8055356092041848
      ],
      [
        0.0,
        0.0,
        0.0,
        1.0
      ]
    ],
    "location": [
      61.020516945917734,
      30.63286185279867,
      0.8055356092041848
    ],
    "rotation": [
      -0.04826198835497627,
      0.011077296096581176,
      -1.190535315218963
    ]
  },
  {
    "label_id": "aBfZK79ylDzaSLoIvIuLKg",
    "size": [
      0.8684472722431344,
      0.1641085882203508,
      0.9399999999999977
    ],
    "obj_class": "sign",
    "point_num_in_lidar": 62,
    "speed": 0.019872252376119986,
    "if_vehicle": false,
    "motion_state": false,
    "pose": [
      [
        0.034336723942777383,
        0.998213110207713,
        0.04890374217093829,
        8.030748712124023
      ],
      [
        -0.9993925747919651,
        0.034003380649396266,
        0.00763227063847058,
        86.20908734684963
      ],
      [
        0.005955740051756378,
        -0.04913610397514616,
        0.9987743350960614,
        2.9749169930572066
      ],
      [
        0.0,
        0.0,
        0.0,
        1.0
      ]
    ],
    "location": [
      8.030748712124023,
      86.20908734684963,
      2.9749169930572066
    ],
    "rotation": [
      -0.04915677002789982,
      -0.005955775261501705,
      -1.536452242691109
    ]
  },
  {
    "label_id": "aCe-sGUZd8XCrjmz2Aqjpw",
    "size": [
      1.8418365429193009,
      4.44996955986282,
      1.3700000000000045
    ],
    "obj_class": "vehicle",
    "point_num_in_lidar": 346,
    "speed": 3.552713678800501e-13,
    "if_vehicle": true,
    "motion_state": false,
    "pose": [
      [
        0.4398042841847728,
        0.8967611809252216,
        0.04890374217093829,
        36.388174471592265
      ],
      [
        -0.8979737802101705,
        0.4399827706853506,
        0.00763227063847058,
        65.99809106300017
      ],
      [
        -0.014672479946355682,
        -0.047270983548518004,
        0.9987743350960614,
        0.810769119107988
      ],
      [
        0.0,
        0.0,
        0.0,
        1.0
      ]
    ],
    "location": [
      36.388174471592265,
      65.99809106300017,
      0.810769119107988
    ],
    "rotation": [
      -0.04729370094410928,
      0.014673006450022117,
      -1.1153628667998179
    ]
  },
  {
    "label_id": "aH4CifP98VP1LwWVbnjEww",
    "size": [
      0.8111830784138484,
      0.13501192777146076,
      0.8199999999999932
    ],
    "obj_class": "sign",
    "point_num_in_lidar": 80,
    "speed": 0.013016512691227267,
    "if_vehicle": false,
    "motion_state": false,
    "pose": [
      [
        0.9952713136351651,
        0.08392518249376257,
        0.04890374217093829,
        -21.885801522277234
      ],
      [
        -0.08439563855595257,
        0.9964030934504541,
        0.00763227063847058,
        40.499632112969266
      ],
      [
        -0.04808730027425091,
        -0.011723442572661717,
        0.9987743350960614,
        1.459889455876521
      ],
      [
        0.0,
        0.0,
        0.0,
        1.0
      ]
    ],
    "location": [
      -21.885801522277234,
      40.499632112969266,
      1.459889455876521
    ],
    "rotation": [
      -0.011737290196337699,
      0.0481058523384913,
      -0.08459424512875958
    ]
  },
  {
    "label_id": "bbrz_rolD5p6nYiFP9UnZg",
    "size": [
      1.8584089971460676,
      4.223727654714482,
      1.3999999999999773
    ],
    "obj_class": "vehicle",
    "point_num_in_lidar": 40,
    "speed": 8.556067554929069e-13,
    "if_vehicle": true,
    "motion_state": false,
    "pose": [
      [
        -0.005605763050596745,
        0.9987877649542464,
        0.04890374217093829,
        -27.913488551563205
      ],
      [
        -0.9999529570037058,
        -0.0059860023760531355,
        0.00763227063847058,
        43.426144085651686
      ],
      [
        0.007915756449357075,
        -0.048858656891639284,
        0.9987743350960614,
        0.7067924024155445
      ],
      [
        0.0,
        0.0,
        0.0,
        1.0
      ]
    ],
    "location": [
      -27.913488551563205,
      43.426144085651686,
      0.7067924024155445
    ],
    "rotation": [
      -0.04887964940104445,
      -0.00791583911751603,
      -1.5764022948430276
    ]
  },
  {
    "label_id": "ccYkeSntRbCCmr463of64A",
    "size": [
      0.44990656393895256,
      0.08219830929241016,
      0.6299999999999955
    ],
    "obj_class": "sign",
    "point_num_in_lidar": 36,
    "speed": 0.0034744131661443335,
    "if_vehicle": false,
    "motion_state": false,
    "pose": [
      [
        0.9879837291239639,
        0.14661710332694539,
        0.04890374217093829,
        10.110170556043613
      ],
      [
        -0.14715810123524092,
        0.9890835362524947,
        0.00763227063847058,
        63.148520670956714
      ],
      [
        -0.047250864829592044,
        -0.014737141048252559,
        0.9987743350960614,
        1.0389886915258444
      ],
      [
        0.0,
        0.0,
        0.0,
        1.0
      ]
    ],
    "location": [
      10.110170556043613,
      63.148520670956714,
      1.0389886915258444
    ],
    "rotation": [
      -0.014754155331104718,
      0.047268464913056606,
      -0.14786084003521058
    ]
  },
  {
    "label_id": "e3jGBXQSf4LAtu-ZsBcNpQ",
    "size": [
      2.1594653857102193,
      4.370635117359537,
      1.8500000000000227
    ],
    "obj_class": "vehicle",
    "point_num_in_lidar": 25,
    "speed": 8.556067554929069e-13,
    "if_vehicle": true,
    "motion_state": false,
    "pose": [
      [
        -0.019777099836886802,
        -0.9986076758786306,
        0.04890374217093829,
        -4.693561845913791
      ],
      [
        0.9997821542363071,
        -0.019426592998013772,
        0.00763227063847058,
        94.96824399416255
      ],
      [
        -0.006671610948725197,
        0.0490440328762768,
        0.9987743350960614,
        0.9007691191080198
      ],
      [
        0.0,
        0.0,
        0.0,
        1.0
      ]
    ],
    "location": [
      -4.693561845913791,
      94.96824399416255,
      0.9007691191080198
    ],
    "rotation": [
      0.04906480809960029,
      0.006671660442387036,
      1.5905751563510977
    ]
  },
  {
    "label_id": "j4uKazNwBsHJ2f4MFBWDNg",
    "size": [
      0.9129643679416509,
      0.12332203574414805,
      1.089999999999975
    ],
    "obj_class": "sign",
    "point_num_in_lidar": 23,
    "speed": 0.005714786547780829,
    "if_vehicle": false,
    "motion_state": false,
    "pose": [
      [
        0.0043470595536065386,
        -0.9987940363633114,
        0.04890374217093829,
        -18.86739024987719
      ],
      [
        0.9999597066752723,
        0.004725830170946252,
        0.00763227063847058,
        47.444780721916686
      ],
      [
        -0.007854177177838815,
        0.04886859374157993,
        0.9987743350960614,
        3.226628060671999
      ],
      [
        0.0,
        0.0,
        0.0,
        1.0
      ]
    ],
    "location": [
      -18.86739024987719,
      47.444780721916686,
