[
  {
    "label_id": "0X-5YbX76mfO3JdaVTit6A",
    "size": [
      2.0364853847542568,
      4.528660799265791,
      1.5
    ],
    "obj_class": "vehicle",
    "point_num_in_lidar": 22,
    "speed": 1.1368683772161603e-12,
    "if_vehicle": true,
    "motion_state": false,
    "pose": [
      [
        0.034639835799073745,
        0.9984103278235144,
        0.04446233317265208,
        -46.22040728207503
      ],
      [
        -0.9993998556109308,
        0.034610073286971584,
        0.0014392469979252636,
        41.70301674385155
      ],
      [
        -0.00010188554259766513,
        -0.04448550463255603,
        0.999010024722937,
        0.7257691191080653
      ],
      [
        0.0,
        0.0,
        0.0,
        1.0
      ]
    ],
    "location": [
      -46.22040728207503,
      41.70301674385155,
      0.7257691191080653
    ],
    "rotation": [
      -0.04450019045204467,
      0.00010188554277393838,
      -1.5361495595776133
    ]
  },
  {
    "label_id": "1eolDINDzpEd5w-27y0I0Q",
    "size": [
      0.8085791236498819,
      0.6297640151236392,
      0.8899999999999864
    ],
    "obj_class": "sign",
    "point_num_in_lidar": 52,
    "speed": 0.012889512566188767,
    "if_vehicle": false,
    "motion_state": false,
    "pose": [
      [
        0.9982229113940151,
        0.039675182380178656,
        0.04446233317265208,
        -22.93687545458897
      ],
      [
        -0.039778421414444216,
        0.999207488841959,
        0.0014392469979252636,
        58.181911891511845
      ],
      [
        -0.044369993890367415,
        -0.00320533075449523,
        0.999010024722937,
        0.7150554889976206
      ],
      [
        0.0,
        0.0,
        0.0,
        1.0
      ]
    ],
    "location": [
      -22.93687545458897,
      58.181911891511845,
      0.7150554889976206
    ],
    "rotation": [
      -0.0032084960872546084,
      0.04438456531063949,
      -0.03982816409308946
    ]
  },
  {
    "label_id": "303QVPZsmqpcoXSJgCZsaQ",
    "size": [
      2.4154803135569303,
      5.381323891110312,
      1.6999999999999886
    ],
    "obj_class": "vehicle",
    "point_num_in_lidar": 31,
    "speed": 5.859285502108464e-13,
    "if_vehicle": true,
    "motion_state": false,
    "pose": [
      [
        -0.03809458036911685,
        -0.9982844804339818,
        0.04446233317265208,
        -54.36063190975892
      ],
      [
        0.9992741052884871,
        -0.038068242249573184,
        0.0014392469979252636,
        33.96010243760065
      ],
      [
        0.0002558249286577632,
        0.04448488571057401,
        0.999010024722937,
        0.8566555654242052
      ],
      [
        0.0,
        0.0,
        0.0,
        1.0
      ]
    ],
    "location": [
      -54.36063190975892,
      33.96010243760065,
      0.8566555654242052
    ],
    "rotation": [
      0.04449957214275666,
      -0.0002558249314482331,
      1.608900128224124
    ]
  },
  {
    "label_id": "39-kEkDzJEr7nWBZPk1HXw",
    "size": [
      0.9772257133555246,
      0.13068810941669862,
      0.839999999999975
    ],
    "obj_class": "sign",
    "point_num_in_lidar": 107,
    "speed": 0.013510700425306832,
    "if_vehicle": false,
    "motion_state": false,
    "pose": [
      [
        0.057991352096715534,
        0.9973264781458673,
        0.04446233317265208,
        7.568182895050995
      ],
      [
        -0.9983164314141388,
        0.05798475089726468,
        0.0014392469979252636,
        68.21367226981238
      ],
      [
        -0.0011427381737046036,
        -0.04447094166467934,
        0.999010024722937,
        2.9692526812374354
      ],
      [
        0.0,
        0.0,
        0.0,
        1.0
      ]
    ],
    "location": [
      7.568182895050995,
      68.21367226981238,
      2.9692526812374354
    ],
    "rotation": [
      -0.04448564189157098,
      0.001142738422412292,
      -1.51277238335847
    ]
  },
  {
    "label_id": "4KLepsi_DW90MB8EG8E5xQ",
    "size": [
      2.0183254698180826,
      4.764829562322304,
      1.5
    ],
    "obj_class": "vehicle",
    "point_num_in_lidar": 45,
    "speed": 8.556067554929069e-13,
    "if_vehicle": true,
    "motion_state": false,
    "pose": [
      [
        0.4062925095836249,
        0.9126606694632372,
        0.04446233317265208,
        39.52861704395082
      ],
      [
        -0.9135892312506461,
        0.40663576467267637,
        0.0014392469979252636,
        66.1447745856185
      ],
      [
        -0.01676643072014326,
        -0.04120506405751107,
        0.999010024722937,
        0.8257691191080312
      ],
      [
        0.0,
        0.0,
        0.0,
        1.0
      ]
    ],
    "location": [
      39.52861704395082,
      66.1447745856185,
      0.8257691191080312
    ],
    "rotation": [
      -0.04122253081813275,
      0.016767216363694815,
      -1.1523409063376429
    ]
  },
  {
    "label_id": "4SOLc0t4Ak22kMUEPFSLZA",
    "size": [
      1.9457615003454747,
      4.279870270697451,
      1.670000000000016
    ],
    "obj_class": "vehicle",
    "point_num_in_lidar": 22,
    "speed": 1.1390866590859189e-12,
    "if_vehicle": true,
    "motion_state": false,
    "pose": [
      [
        0.45692183607724796,
        0.8883949215549585,
        0.04446233317265208,
        45.657160802697945
      ],
      [
        -0.889302733764568,
        0.457316713325617,
        0.0014392469979252636,
        66.071270495735
      ],
      [
        -0.019054748349485784,
        -0.040198097820851215,
        0.999010024722937,
        0.9607691191079653
      ],
      [
        0.0,
        0.0,
        0.0,
        1.0
      ]
    ],
    "location": [
      45.657160802697945,
      66.071270495735,
      0.9607691191079653
    ],
    "rotation": [
      -0.04021623715703342,
      0.019055901615171195,
      -1.0961714630704569
    ]
  },
  {
    "label_id": "4ZoF6vgB7LJluyrGWdiMEg",
    "size": [
      2.0939219872931765,
      4.5423472073732345,
      1.6399999999999864
    ],
    "obj_class": "vehicle",
    "point_num_in_lidar": 98,
    "speed": 2.8421709430404007e-13,
    "if_vehicle": true,
    "motion_state": false,
    "pose": [
      [
        0.06291420441692473,
        0.9970280356195755,
        0.04446233317265208,
        -31.30352822734403
      ],
      [
        -0.9980180094129346,
        0.06291249045716066,
        0.0014392469979252636,
        43.408713001137585
      ],
      [
        -0.0013622665043147753,
        -0.04446475832665884,
        0.999010024722937,
        0.6957691191080357
      ],
      [
        0.0,
        0.0,
        0.0,
        1.0
      ]
    ],
    "location": [
      -31.30352822734403,
      43.408713001137585,
      0.6957691191080357
    ],
    "rotation": [
      -0.044479464665137185,
      0.001362266925657352,
      -1.5078404853124945
    ]
  },
  {
    "label_id": "6YI5y30RVco3JWyYxY8N3g",
    "size": [
      2.052802263987324,
      4.8452979739718565,
      1.5500000000000114
    ],
    "obj_class": "vehicle",
    "point_num_in_lidar": 66,
    "speed": 2.1316282072803006e-13,
    "if_vehicle": true,
    "motion_state": false,
    "pose": [
      [
        0.3827415520676247,
        0.9227849181958436,
        0.04446233317265208,
        42.619550223947954
      ],
      [
        -0.9237219815725513,
        0.3830608689591745,
        0.0014392469979252636,
        66.17119736786844
      ],
      [
        -0.01570366455782436,
        -0.04162169413337575,
        0.999010024722937,
        0.8707691191080471
      ],
      [
        0.0,
        0.0,
        0.0,
        1.0
      ]
    ],
    "location": [
      42.619550223947954,
      66.17119736786844,
      0.8707691191080471
    ],
    "rotation": [
      -0.041638858304420774,
      0.015704310063370672,
      -1.1779832433007325
    ]
  },
  {
    "label_id": "7fi3RH1tDAN7KdBm3uskXw",
    "size": [
      2.0138284357817016,
      4.671199321269581,
      1.5699999999999932
    ],
    "obj_class": "vehicle",
    "point_num_in_lidar": 169,
    "speed": 1.464821375527116e-12,
    "if_vehicle": true,
    "motion_state": false,
    "pose": [
      [
        -0.4707908693683125,
        -0.8811237474091098,
        0.04446233317265208,
        45.40282257418539
      ],
      [
        0.8820252585784786,
        -0.4711999276290763,
        0.0014392469979252636,
        25.292131150617934
      ],
      [
        0.01968249346491432,
        0.03989448525899989,
        0.999010024722937,
        0.7779317674882691
      ],
      [
        0.0,
        0.0,
        0.0,
        1.0
      ]
    ],
    "location": [
      45.40282257418539,
      25.292131150617934,
      0.7779317674882691
    ],
    "rotation": [
      0.03991281130131304,
      -0.01968376452130602,
      2.061086715922275
    ]
  },
  {
    "label_id": "AFL1N-XB7hfEMBHsxDvkQg",
    "size": [
      2.3168687383438074,
      5.169979861084375,
      1.5699999999999932
    ],
    "obj_class": "vehicle",
    "point_num_in_lidar": 28,
    "speed": 2.929642751054232e-13,
    "if_vehicle": true,
    "motion_state": false,
    "pose": [
      [
        -0.029666722613615592,
        -0.998570471473201,
        0.04446233317265208,
        -33.48125731671462
      ],
      [
        0.9995598387520374,
        -0.02963203202751789,
        0.0014392469979252636,
        33.880107905100886
      ],
      [
        -0.00011968027269442204,
        0.044485460318055406,
        0.999010024722937,
        0.7220850546842712
      ],
      [
        0.0,
        0.0,
        0.0,
        1.0
      ]
    ],
    "location": [
      -33.48125731671462,
      33.880107905100886,
      0.7220850546842712
    ],
    "rotation": [
      0.04450014618141375,
      0.00011968027298012613,
      1.6004674030305779
    ]
  },
  {
    "label_id": "AvgCjaE0kU2RZkYQUwpOLQ",
    "size": [
      2.329740279831434,
      5.3226951623069425,
      2.0400000000000205
    ],
    "obj_class": "vehicle",
    "point_num_in_lidar": 92,
    "speed": 0.13630566115749912,
    "if_vehicle": true,
    "motion_state": false,
    "pose": [
      [
        0.02741942358912385,
        -0.998634706055665,
        0.04446233317265208,
        -1.2300144923651715
      ],
      [
        0.9996204765460257,
        0.027510569568353693,
        0.0014392469979252636,
        119.05259902012767
      ],
      [
        -0.0026604661126321595,
        0.04440599535130916,
        0.999010024722937,
        1.1457691191080812
      ],
      [
        0.0,
        0.0,
        0.0,
        1.0
      ]
    ],
    "location": [
      -1.2300144923651715,
      119.05259902012767,
      1.1457691191080812
    ],
    "rotation": [
      0.044420759601415276,
      0.0026604692511407917,
      1.5433733692003462
    ]
  },
  {
    "label_id": "Bc_BDnL5j2YXCBH4HKF80g",
    "size": [
      1.9362474657031064,
      4.70142584633995,
      1.670000000000016
    ],
    "obj_class": "vehicle",
    "point_num_in_lidar": 40,
    "speed": 1.7067822212573438e-12,
    "if_vehicle": true,
    "motion_state": false,
    "pose": [
      [
        -0.03799198706053526,
        -0.9982883901198272,
        0.04446233317265208,
        -36.14959048759283
      ],
      [
        0.9992780122623535,
        -0.03796554723796792,
        0.0014392469979252636,
        34.39560671230356
      ],
      [
        0.00025125324183298495,
        0.04448491176663637,
        0.999010024722937,
        0.7587939917969493
      ],
      [
        0.0,
        0.0,
        0.0,
        1.0
      ]
    ],
    "location": [
      -36.14959048759283,
      34.39560671230356,
      0.7587939917969493
    ],
    "rotation": [
      0.04449959817302584,
      -0.00025125324447651217,
      1.608797460546172
    ]
  },
  {
    "label_id": "Cc4GN5NKm3dtq0Hi5UrAgQ",
    "size": [
      2.456283206420738,
      5.5493346788713325,
      1.8999999999999773
    ],
    "obj_class": "vehicle",
    "point_num_in_lidar": 35,
    "speed": 2.929642751054232e-13,
    "if_vehicle": true,
    "motion_state": false,
    "pose": [
      [
        -0.4169475229113544,
        0.9078424224869258,
        0.04446233317265208,
        42.547995730191815
      ],
      [
        -0.9087134342548805,
        -0.4174180434202382,
        0.0014392469979252636,
        48.81526814575409
      ],
      [
        0.01986598959998069,
        -0.03980342900166283,
        0.999010024722937,
        1.0257691191080198
      ],
      [
        0.0,
        0.0,
        0.0,
        1.0
      ]
    ],
    "location": [
      42.547995730191815,
      48.81526814575409,
      1.0257691191080198
    ],
    "rotation": [
      -0.03982180960298614,
      -0.019867296542541723,
      -2.000971280544774
    ]
  },
  {
    "label_id": "G7BNS6imdS_exHasj7Aj1A",
    "size": [
      2.2785540398702633,
      5.572773604678559,
      1.839999999999975
    ],
    "obj_class": "vehicle",
    "point_num_in_lidar": 22,
    "speed": 1.7053025658242404e-12,
    "if_vehicle": true,
    "motion_state": false,
    "pose": [
      [
        -0.010193412452007222,
        0.9989590558533555,
        0.04446233317265208,
        -51.50486696201369
      ],
      [
        -0.9999462516015601,
        -0.010267544792605054,
        0.0014392469979252636,
        42.19396131947906
      ],
      [
        0.0018942678196211325,
        -0.04444527255518299,
        0.999010024722937,
        0.774054749230288
      ],
      [
        0.0,
        0.0,
        0.0,
        1.0
      ]
    ],
    "location": [
      -51.50486696201369,
      42.19396131947906,
      0.774054749230288
    ],
    "rotation": [
      -0.04445999813110401,
      -0.0018942689524742264,
      -1.5809899340699538
    ]
  },
  {
    "label_id": "GLDf7-Sxvl37cAZNUTUxwg",
    "size": [
      1.0569865237823028,
      1.0129598608742194,
      1.7200000000000273
    ],
    "obj_class": "pedestrian",
    "point_num_in_lidar": 101,
    "speed": 1.4586718282103754,
    "if_vehicle": false,
    "motion_state": true,
    "pose": [
      [
        -0.30632816578740407,
        -0.9508870362846308,
        0.04446233317265208,
        11.738642884399269
      ],
      [
        0.9518469896948554,
        -0.30657011722756133,
        0.0014392469979252636,
        74.91588933531602
      ],
      [
        0.012262261380612132,
        0.04276221987818807,
        0.999010024722937,
        1.024209439630397
      ],
      [
        0.0,
        0.0,
        0.0,
        1.0
      ]
    ],
    "location": [
      11.738642884399269,
      74.91588933531602,
      1.024209439630397
    ],
    "rotation": [
      0.04277848140192045,
      -0.012262568699918876,
      1.882153880180375
    ]
  },
  {
    "label_id": "IJ3FUi4Z1k7xeHX3cNHhgA",
    "size": [
      2.273359239257493,
      5.809798929251251,
      2.3000000000000114
    ],
    "obj_class": "vehicle",
    "point_num_in_lidar": 220,
    "speed": 0.008003837365234735,
    "if_vehicle": true,
    "motion_state": false,
    "pose": [
      [
        -0.09651459108116016,
        -0.9943379881294291,
        0.04446233317265208,
        -41.61251353447824
      ],
      [
        0.9953274562165187,
        -0.09654627631158477,
        0.0014392469979252636,
        33.93184648474744
      ],
      [
        0.002861574739606282,
        0.04439348930965668,
        0.999010024722937,
        1.3757691191081562
      ],
      [
        0.0,
        0.0,
        0.0,
        1.0
      ]
    ],
    "location": [
      -41.61251353447824,
      33.93184648474744,
      1.3757691191081562
    ],
    "rotation": [
      0.04440826584506537,
      -0.002861578645007256,
      1.6674617864620933
    ]
  },
  {
    "label_id": "IKfXUgFeE1HCCCYKAae06Q",
    "size": [
      1.9279103953218049,
      4.1409722562418345,
      1.3700000000000045
    ],
    "obj_class": "vehicle",
    "point_num_in_lidar": 63,
    "speed": 3.552713678800501e-13,
    "if_vehicle": true,
    "motion_state": false,
    "pose": [
      [
        -0.020971176604657308,
        -0.9987909244084372,
        0.04446233317265208,
        37.03283034326296
      ],
      [
        0.9997799521384562,
        -0.020927873043031557,
        0.0014392469979252636,
        83.34583414368717
      ],
      [
        -0.0005070047756756091,
        0.04448273203428941,
        0.999010024722937,
        0.8617924024156878
      ],
      [
        0.0,
        0.0,
        0.0,
        1.0
      ]
    ],
    "location": [
      37.03283034326296,
      83.34583414368717,
      0.8617924024156878
    ],
    "rotation": [
      0.0444974205982114,
      0.0005070047973968658,
      1.5917690435529597
    ]
  },
  {
    "label_id": "JaWW9h6o2UDYFj3-kc1JMQ",
    "size": [
      1.9718878657398087,
      4.598148893329569,
      1.6200000000000045
    ],
    "obj_class": "vehicle",
    "point_num_in_lidar": 75,
    "speed": 7.105427357601002e-14,
    "if_vehicle": true,
    "motion_state": false,
    "pose": [
      [
        0.4264606886663005,
        0.9034126310557701,
        0.04446233317265208,
        48.46854388648626
      ],
      [
        -0.9043333408191206,
        0.42682448061352696,
        0.0014392469979252636,
        24.853793677990325
      ],
      [
        -0.017677378346148034,
        -0.04082255256453338,
        0.999010024722937,
        0.8129317674884078
      ],
      [
        0.0,
        0.0,
        0.0,
        1.0
      ]
    ],
    "location": [
      48.46854388648626,
      24.853793677990325,
      0.8129317674884078
    ],
    "rotation": [
      -0.04084028454147355,
      0.01767829914209457,
      -1.1301464672651007
    ]
  },
  {
    "label_id": "KRIFGuPyXMFLkXDccz9mLA",
    "size": [
      1.1528322506114737,
      1.3148555747822952,
      1.8799999999999955
    ],
    "obj_class": "pedestrian",
    "point_num_in_lidar": 524,
    "speed": 3.777053739198103,
    "if_vehicle": false,
    "motion_state": true,
    "pose": [
      [
        -0.02125257352737125,
        -0.9987849763824583,
        0.04446233317265208,
        9.073731957062137
      ],
      [
        0.9997740162735006,
        -0.021209548614552418,
        0.0014392469979252636,
        49.200549499553745
      ],
      [
        -0.0004944722618895176,
        0.04448287311156032,
        0.999010024722937,
        1.1338772136253965
      ],
      [
        0.0,
        0.0,
        0.0,
        1.0
      ]
    ],
    "location": [
      9.073731957062137,
      49.200549499553745,
      1.1338772136253965
    ],
    "rotation": [
      0.04449756153585464,
      0.0004944722820394967,
      1.5920505031112548
    ]
  },
  {
    "label_id": "LV0eEgqBFEblVK4wVnO9Gg",
    "size": [
      2.376412499726044,
      5.358373042693289,
      2.0
    ],
    "obj_class": "vehicle",
    "point_num_in_lidar": 44,
    "speed": 2.6650666962770955,
    "if_vehicle": true,
    "motion_state": true,
    "pose": [
      [
        -0.0032693687616082933,
        -0.9990057117738341,
        0.04446233317265208,
        3.6228335152209183
      ],
      [
        0.9999938168796438,
        -0.003208546487163553,
        0.0014392469979252636,
        104.78745558827177
      ],
      [
        -0.0012951565086684739,
        0.04446676368587002,
        0.999010024722937,
        0.9124252765369079
      ],
      [
        0.0,
        0.0,
        0.0,
        1.0
      ]
    ],
    "location": [
      3.6228335152209183,
      104.78745558827177,
      0.9124252765369079
    ],
    "rotation": [
      0.0444814680426315,
      0.0012951568707578933,
      1.5740657041228765
    ]
  },
  {
    "label_id": "M_3sev6zG_NGRjA1B8leIg",
    "size": [
      2.0960853076172676,
      4.811468628086786,
      1.4700000000000273
    ],
    "obj_class": "vehicle",
    "point_num_in_lidar": 618,
    "speed": 9.532931148469528e-13,
    "if_vehicle": true,
    "motion_state": false,
    "pose": [
      [
        0.3115547409682202,
        -0.949187412637288,
        0.04446233317265208,
        33.742837287474686
      ],
      [
        0.9501060672692858,
        0.31192369180004575,
        0.0014392469979252636,
        42.316801598197344
      ],
      [
        -0.015234970243363944,
        0.04179552828665729,
        0.999010024722937,
        0.7507691191080994
      ],
      [
        0.0,
        0.0,
        0.0,
        1.0
      ]
    ],
    "location": [
      33.742837287474686,
      42.316801598197344,
      0.7507691191080994
    ],
    "rotation": [
      0.041812561943848546,
      0.015235559655325448,
      1.253929498555887
    ]
  },
  {
    "label_id": "O0ipbuwo_Nd7uLn6JzKcdA",
    "size": [
      2.081141305883398,
      4.05562961252444,
      1.4800000000000182
    ],
    "obj_class": "vehicle",
    "point_num_in_lidar": 1119,
    "speed": 2.098926863778066,
    "if_vehicle": true,
    "motion_state": true,
    "pose": [
      [
        -0.047349431717525786,
        -0.9978883365611964,
        0.04446233317265208,
        -1.3352569133699035
      ],
      [
        0.9988781630896113,
        -0.047332270923784954,
        0.0014392469979252636,
        59.16588639306792
      ],
      [
        0.0006682954069712224,
        0.04448060121362992,
        0.999010024722937,
        0.9727100687345569
      ],
      [
        0.0,
        0.0,
        0.0,
        1.0
      ]
    ],
    "location": [
      -1.3352569133699035,
      59.16588639306792,
      0.9727100687345569
    ],
    "rotation": [
      0.04449529188626272,
      -0.0006682954567167757,
      1.6181634796287863
    ]
  },
  {
    "label_id": "QIT_yfqN9dQa6ORELd4USA",
    "size": [
      2.081508460311938,
      4.602855966355445,
      1.5
    ],
    "obj_class": "vehicle",
    "point_num_in_lidar": 28,
    "speed": 1.4281732235759946e-12,
    "if_vehicle": true,
    "motion_state": false,
    "pose": [
      [
        0.058074482513018014,
        0.9973216409011133,
        0.04446233317265208,
        -33.713192370222714
      ],
      [
        -0.9983115947161788,
        0.05806796382962526,
        0.0014392469979252636,
        42.85044805454163
      ],
      [
        -0.0011464449768174834,
        -0.044470846259005284,
        0.999010024722937,
        0.8038260621211748
      ],
      [
        0.0,
        0.0,
        0.0,
        1.0
      ]
    ],
    "location": [
      -33.713192370222714,
      42.85044805454163,
      0.8038260621211748
    ],
    "rotation": [
      -0.044485546580221316,
      0.0011464452279532989,
      -1.5126891123020816
    ]
  },
  {
    "label_id": "SgRDIBnvjCDj5pesLk7nPA",
    "size": [
      1.9875335616080207,
      4.312670339912523,
      1.7300000000000182
    ],
    "obj_class": "vehicle",
    "point_num_in_lidar": 60,
    "speed": 10.825267861445504,
    "if_vehicle": true,
    "motion_state": true,
    "pose": [
      [
        0.00997513841162994,
        0.9989612592801149,
        0.04446233317265208,
        -15.358372164582306
      ],
      [
        -0.9999497503952883,
        0.00992095018026051,
        0.0014392469979252636,
        89.93623248909898
      ],
      [
        0.0009966434011585209,
        -0.04447445564599843,
        0.999010024722937,
        0.8907691191079721
      ],
      [
        0.0,
        0.0,
        0.0,
        1.0
      ]
    ],
    "location": [
      -15.358372164582306,
      89.93623248909898,
      0.8907691191079721
    ],
    "rotation": [
      -0.044489152398171035,
      -0.000996643566152589,
      -1.5608210179947908
    ]
  },
  {
    "label_id": "UahDY1qvMQ82owWsLmLHZQ",
    "size": [
      2.0024935692269303,
      4.635795969975856,
      1.420000000000016
    ],
    "obj_class": "vehicle",
    "point_num_in_lidar": 155,
    "speed": 0.004460713416316958,
    "if_vehicle": true,
    "motion_state": false,
    "pose": [
      [
        -0.010702251360392902,
        0.9989537340360979,
        0.04446233317265208,
        -35.943635995335626
      ],
      [
        -0.9999408918954104,
        -0.010776886539722983,
        0.0014392469979252636,
        60.3026596885702
      ],
      [
        0.0019169066826707193,
        -0.04444430190527113,
        0.999010024722937,
        0.83553542510856
      ],
      [
        0.0,
        0.0,
        0.0,
        1.0
      ]
    ],
    "location": [
      -35.943635995335626,
      60.3026596885702,
      0.83553542510856
    ],
    "rotation": [
      -0.04445902843859023,
      -0.0019169078566282389,
      -1.5814988021326188
    ]
  },
  {
    "label_id": "WDJKr51g-iNhS0gJaIfkjA",
    "size": [
      2.1813729803632613,
      4.576132587612332,
      1.3600000000000136
    ],
    "obj_class": "vehicle",
    "point_num_in_lidar": 115,
    "speed": 5.684341886080801e-13,
    "if_vehicle": true,
    "motion_state": false,
    "pose": [
      [
        0.39573096898686994,
        -0.9172895405015569,
        0.04446233317265208,
        61.076401693667776
      ],
      [
        0.9181712547083568,
        0.3961811146374354,
        0.0014392469979252636,
        42.916097263218035
      ],
      [
        -0.01893534293311743,
        0.04025448162729455,
        0.999010024722937,
        0.9056491785476624
      ],
      [
        0.0,
        0.0,
        0.0,
        1.0
      ]
    ],
    "location": [
      61.076401693667776,
      42.916097263218035,
      0.9056491785476624
    ],
    "rotation": [
      0.04027258547626933,
      0.018936474651461588,
      1.1638553949471206
    ]
  },
  {
    "label_id": "WI6i77z9ngV3vsWbOpfUiA",
    "size": [
      2.045092142053028,
      4.2313164068057265,
      1.6000000000000227
    ],
    "obj_class": "vehicle",
    "point_num_in_lidar": 60,
    "speed": 1.7067822212573438e-12,
    "if_vehicle": true,
    "motion_state": false,
    "pose": [
      [
        0.01658027550912786,
        -0.9988734631538099,
        0.04446233317265208,
        39.856309719565616
      ],
      [
        0.9998601647417116,
        0.01666071819448912,
        0.0014392469979252636,
        83.28843404887084
      ],
      [
        -0.0021784000364103743,
        0.044432252659057495,
        0.999010024722937,
        0.9639886915257989
      ],
      [
        0.0,
        0.0,
        0.0,
        1.0
      ]
    ],
    "location": [
      39.856309719565616,
      83.28843404887084,
      0.9639886915257989
    ],
    "rotation": [
      0.044446991070155095,
      0.0021784017593203427,
      1.5542152521777328
    ]
  },
  {
    "label_id": "XeXTOoCuW1m_4pGsdFCfNw",
    "size": [
      0.518291694069585,
      0.12495920793043618,
      0.4399999999999977
    ],
    "obj_class": "sign",
    "point_num_in_lidar": 47,
    "speed": 0.013721236861292075,
    "if_vehicle": false,
    "motion_state": false,
    "pose": [
      [
        0.057991352090267324,
        0.9973264781462422,
        0.04446233317265208,
        7.59483710938548
      ],
      [
        -0.9983164314145138,
        0.05798475089081007,
        0.0014392469979252636,
        68.21612159758843
      ],
      [
        -0.0011427381734170768,
        -0.04447094166468673,
        0.999010024722937,
        2.300767793962393
      ],
      [
        0.0,
        0.0,
        0.0,
        1.0
      ]
    ],
    "location": [
      7.59483710938548,
      68.21612159758843,
      2.300767793962393
    ],
    "rotation": [
      -0.044485641891578366,
      0.001142738422124765,
      -1.5127723833649291
    ]
  },
  {
    "label_id": "YTcass-ERc9jtlumJh8FmA",
    "size": [
      1.9368651489193747,
      4.353787564816944,
      1.509999999999991
    ],
    "obj_class": "vehicle",
    "point_num_in_lidar": 646,
    "speed": 9.671604573664037,
    "if_vehicle": true,
    "motion_state": true,
    "pose": [
      [
        0.019930378701137834,
        0.998812235074077,
        0.04446233317265208,
        -16.281863108374637
      ],
      [
        -0.9998012171428008,
        0.019886044550207146,
        0.0014392469979252636,
        60.01980081813417
      ],
      [
        0.0005533575725438757,
        -0.04448217956073941,
        0.999010024722937,
        0.7789886915257398
      ],
      [
        0.0,
        0.0,
        0.0,
        1.0
      ]
    ],
    "location": [
      -16.281863108374637,
      60.01980081813417,
      0.7789886915257398
    ],
    "rotation": [
      -0.04449686867144112,
      -0.0005533576007839856,
      -1.5508646253483689
    ]
  },
  {
    "label_id": "Yfx_HVbC7uVvds21GWNTRg",
    "size": [
      2.153725369991182,
      5.135124867746784,
      1.6999999999999886
    ],
    "obj_class": "vehicle",
    "point_num_in_lidar": 25,
    "speed": 1.7067822212573438e-12,
    "if_vehicle": true,
    "motion_state": false,
    "pose": [
      [
        0.0202700698037901,
        0.9988053990637985,
        0.04446233317265208,
        -36.45167724617568
      ],
      [
        -0.9997943961532034,
        0.02022607200447634,
        0.0014392469979252636,
        42.34605927107987
      ],
      [
        0.000538229319877039,
        -0.044482365183027076,
        0.999010024722937,
        0.6098985881757244
      ],
      [
        0.0,
        0.0,
        0.0,
        1.0
      ]
    ],
    "location": [
      -36.45167724617568,
      42.34605927107987,
      0.6098985881757244
    ],
    "rotation": [
      -0.044497054110022555,
      -0.0005382293458637227,
      -1.5505248657178115
    ]
  },
  {
    "label_id": "aBfZK79ylDzaSLoIvIuLKg",
    "size": [
      0.8684472722431326,
      0.1641085882203508,
      0.9399999999999977
    ],
    "obj_class": "sign",
    "point_num_in_lidar": 64,
    "speed": 0.019872252373945576,
    "if_vehicle": false,
    "motion_state": false,
    "pose": [
      [
        0.03434385959213077,
        0.9984205527918384,
        0.04446233317265208,
        8.023123811985442
      ],
      [
        -0.999410071712799,
        0.03431380373984453,
        0.0014392469979252636,
        86.19745117930142
      ],
      [
        -8.869799102942677e-05,
        -0.04448553288141373,
        0.999010024722937,
        2.98236502089361
      ],
      [
        0.0,
        0.0,
        0.0,
        1.0
      ]
    ],
    "location": [
      8.023123811985442,
      86.19745117930142,
      2.98236502089361
    ],
    "rotation": [
      -0.04450021867293695,
      8.869799114572954e-05,
      -1.5364457120472188
    ]
  },
  {
    "label_id": "aCe-sGUZd8XCrjmz2Aqjpw",
    "size": [
      1.8418365429193062,
      4.44996955986282,
      1.3700000000000045
    ],
    "obj_class": "vehicle",
    "point_num_in_lidar": 276,
    "speed": 3.552713678800501e-13,
    "if_vehicle": true,
    "motion_state": false,
    "pose": [
      [
        0.4398956816391716,
        0.8969475403857534,
        0.04446233317265208,
        36.388174471592265
      ],
      [
        -0.897862718397402,
        0.44027317370026825,
        0.0014392469979252636,
        65.99809106299472
      ],
      [
        -0.018284643481245606,
        -0.04055418986788784,
        0.999010024722937,
        0.8107691191080448
      ],
      [
        0.0,
        0.0,
        0.0,
        1.0
      ]
    ],
    "location": [
      36.388174471592265,
      65.99809106299472,
      0.8107691191080448
    ],
    "rotation": [
      -0.04057210078100591,
      0.01828566247984392,
      -1.1152319128337234
    ]
  },
  {
    "label_id": "aH4CifP98VP1LwWVbnjEww",
    "size": [
      0.8111830784138478,
      0.13501192777146076,
      0.8199999999999932
    ],
    "obj_class": "sign",
    "point_num_in_lidar": 80,
    "speed": 0.013016513018713281,
    "if_vehicle": false,
    "motion_state": false,
    "pose": [
      [
        0.9954781448729976,
        0.08394262331533045,
        0.04446233317265208,
        -21.891515150611667
      ],
      [
        -0.08408946148758742,
        0.996457169694115,
        0.0014392469979252636,
        40.49253351266452
      ],
      [
        -0.04418399650261309,
        -0.00517155258447868,
        0.999010024722937,
        1.4598894558766347
      ],
      [
        0.0,
        0.0,
        0.0,
        1.0
      ]
    ],
    "location": [
      -21.891515150611667,
      40.49253351266452,
      1.4598894558766347
    ],
    "rotation": [
      -0.005176631126319298,
      0.04419838533460081,
      -0.08427137174531359
    ]
  },
  {
    "label_id": "bbrz_rolD5p6nYiFP9UnZg",
    "size": [
      1.8584089971460682,
      4.223727654714482,
      1.3999999999999773
    ],
    "obj_class": "vehicle",
    "point_num_in_lidar": 37,
    "speed": 8.556067554929069e-13,
    "if_vehicle": true,
    "motion_state": false,
    "pose": [
      [
        -0.005606928006217751,
        0.9989953269596296,
        0.04446233317265208,
        -27.91348855156366
      ],
      [
        -0.9999828526565221,
        -0.0056765271956732855,
        0.0014392469979252636,
        43.42614408564805
      ],
      [
        0.0016901926687056602,
        -0.04445350100745281,
        0.999010024722937,
        0.7067924024157719
      ],
      [
        0.0,
        0.0,
        0.0,
        1.0
      ]
    ],
    "location": [
      -27.91348855156366,
      43.42614408564805,
      0.7067924024157719
    ],
    "rotation": [
      -0.04446821846389964,
      -0.001690193473450033,
      -1.5764032921885713
    ]
  },
  {
    "label_id": "ccYkeSntRbCCmr463of64A",
    "size": [
      0.4499065639389512,
      0.08219830929241016,
      0.6299999999999955
    ],
    "obj_class": "sign",
    "point_num_in_lidar": 26,
    "speed": 0.002986622688372131,
    "if_vehicle": false,
    "motion_state": false,
    "pose": [
      [
        0.988189045900265,
        0.14664757240257403,
        0.04446233317265208,
        10.107738249183967
      ],
      [
        -0.14685595079383532,
        0.9891568421056983,
        0.0014392469979252636,
        63.1485159690983
      ],
      [
        -0.04376915899537854,
        -0.007951806330276694,
        0.999010024722937,
        1.038988691526015
      ],
      [
        0.0,
        0.0,
        0.0,
        1.0
      ]
    ],
    "location": [
      10.107738249183967,
      63.1485159690983,
      1.038988691526015
    ],
    "rotation": [
      -0.00795951812967564,
      0.04378314610629997,
      -0.14753142300422356
    ]
  },
  {
    "label_id": "j4uKazNwBsHJ2f4MFBWDNg",
    "size": [
      0.9129643679416495,
      0.12332203574414805,
      1.089999999999975
    ],
    "obj_class": "sign",
    "point_num_in_lidar": 29,
    "speed": 0.005714786548836531,
    "if_vehicle": false,
    "motion_state": false,
    "pose": [
      [
        0.004347962933135092,
        -0.9990015996719807,
        0.04446233317265208,
        -18.870649428018623
      ],
      [
        0.9999892122954522,
        0.004416317561036652,
        0.0014392469979252636,
        47.44710095604569
      ],
      [
        -0.0016341698360454802,
        0.04445559573353971,
        0.999010024722937,
        3.221127554602731
      ],
      [
        0.0,
        0.0,
        0.0,
        1.0
      ]
    ],
    "location": [
      -18.870649428018623,
      47.44710095604569,
      3.221127554602731
    ],
    "rotation": [
      0.04447031112204284,
      0.0016341705633911227,
      1.5664483443563886
    ]
  },
  {
    "label_id": "k-MFEgD7GPZpMCEFQBGOAQ",
    "size": [
      1.880206766504607,
      4.302671856723734,
      1.6899999999999977
    ],
    "obj_class": "vehicle",
    "point_num_in_lidar": 214,
    "speed": 3.552713678800501e-13,
    "if_vehicle": true,
    "motion_state": false,
    "pose": [
      [
        0.00664983987869851,
        0.9989889291470812,
        0.04446233317265208,
        -38.647677359383124
      ],
      [
        -0.9999772344094593,
        0.006592361556248605,
        0.0014392469979252636,
        54.705696714414444
      ],
      [
        0.0011446800413270018,
        -0.04447089172346269,
        0.999010024722937,
        0.9338102555300907
      ],
      [
        0.0,
        0.0,
        0.0,
        1.0
      ]
    ],
    "location": [
      -38.647677359383124,
      54.705696714414444,
      0.9338102555300907
    ],
    "rotation": [
      -0.04448559199972964,
      -0.0011446802913047417,
      -1.5641464335487745
    ]
  },
  {
    "label_id": "kL2EBrshDXJSLqHZglULqA",
    "size": [
      2.0531414697526453,
      4.581564295669244,
      1.5400000000000205
    ],
    "obj_class": "vehicle",
    "point_num_in_lidar": 26,
    "speed": 3.1776437161565096e-13,
    "if_vehicle": true,
    "motion_state": false,
    "pose": [
      [
        -0.5461519491872537,
        -0.8365053193661159,
        0.04446233317265208,
        51.331349808092455
      ],
      [
        0.8373675404018516,
        -0.546638391305836,
        0.0014392469979252636,
        60.44289381449744
      ],
      [
        0.023100880509556446,
        0.03801736212259012,
        0.999010024722937,
        0.9257461048148912
      ],
      [
        0.0,
        0.0,
        0.0,
        1.0
      ]
    ],
    "location": [
      51.331349808092455,
      60.44289381449744,
      0.9257461048148912
    ],
    "rotation": [
      0.038036681359374054,
      -0.023102935636551976,
      2.1487340256265495
    ]
  },
  {
    "label_id": "lbhJDFo720d242nqCSNOGQ",
    "size": [
      1.991217464689003,
      4.3972375697915185,
      1.6000000000000227
    ],
    "obj_class": "vehicle",
    "point_num_in_lidar": 61,
    "speed": 2.134212708770212,
    "if_vehicle": true,
    "motion_state": true,
    "pose": [
      [
        -0.6565690420451304,
        0.7529543106701655,
        0.04446233317265208,
        -58.80365611414709
      ],
      [
        -0.7536567925813927,
        -0.6572665878956623,
        0.0014392469979252636,
        63.41013030113572
      ],
      [
        0.030307293245476073,
        -0.032564374386892116,
        0.999010024722937,
        0.9539622886136954
      ],
      [
        0.0,
        0.0,
        0.0,
        1.0
      ]
    ],
    "location": [
      -58.80365611414709,
      63.41013030113572,
      0.9539622886136954
    ],
    "rotation": [
      -0.03258510652083787,
      -0.030311934867531243,
      -2.287457417224629
    ]
  },
  {
    "label_id": "lrhnoPhYGlUEbb-EIG5HkA",
    "size": [
      2.174178480244348,
      5.485636012443816,
      1.740000000000009
    ],
    "obj_class": "vehicle",
    "point_num_in_lidar": 158,
    "speed": 0.005243493231605049,
    "if_vehicle": true,
    "motion_state": false,
    "pose": [
      [
        0.003202770728171515,
        -0.99900592750419,
        0.04446233317265208,
        31.994993955206155
      ],
      [
        0.9999936178359834,
        0.0032699931773820332,
        0.0014392469979252636,
        83.33692381601577
      ],
      [
        -0.0015832078081950082,
        0.04445743982859365,
        0.999010024722937,
        0.995769119108104
      ],
      [
        0.0,
        0.0,
        0.0,
        1.0
      ]
    ],
    "location": [
      31.994993955206155,
      83.33692381601577,
      0.995769119108104
    ],
    "rotation": [
      0.04447215339625705,
      0.0015832084695932083,
      1.5675935465771924
    ]
  },
  {
    "label_id": "oRpAqln2Ne5FkuUoyxZAZA",
    "size": [
      2.0722685850895473,
      4.742602933944892,
      1.6499999999999773
    ],
    "obj_class": "vehicle",
    "point_num_in_lidar": 108,
    "speed": 1.1368683772161603e-12,
    "if_vehicle": true,
    "motion_state": false,
    "pose": [
      [
        0.00980751322880435,
        0.9989629190380948,
        0.04446233317265208,
        -40.71834291813457
      ],
      [
        -0.9999514010466024,
        0.009753159130038703,
        0.0014392469979252636,
        60.468195351242684
      ],
      [
        0.0010041061715385618,
        -0.04447428778376595,
        0.999010024722937,
        0.950769119108088
      ],
      [
        0.0,
        0.0,
        0.0,
        1.0
      ]
    ],
