[
  {
    "label_id": "0X-5YbX76mfO3JdaVTit6A",
    "size": [
      2.036485384754253,
      4.528660799265791,
      1.5
    ],
    "obj_class": "vehicle",
    "point_num_in_lidar": 32,
    "speed": 1.1368683772161603e-12,
    "if_vehicle": true,
    "motion_state": false,
    "pose": [
      [
        0.03463223450445205,
        0.9981912387059515,
        0.04914121797337488,
        -46.220407282074575
      ],
      [
        -0.9993462130869563,
        0.03407775421077817,
        0.012076963886233314,
        41.70301674385337
      ],
      [
        0.010380497193691331,
        -0.0495273423335827,
        0.9987188231125834,
        0.7257691191080085
      ],
      [
        0.0,
        0.0,
        0.0,
        1.0
      ]
    ],
    "location": [
      -46.220407282074575,
      41.70301674385337,
      0.7257691191080085
    ],
    "rotation": [
      -0.04955028469289533,
      -0.010380683627329771,
      -1.536155298451372
    ]
  },
  {
    "label_id": "1eolDINDzpEd5w-27y0I0Q",
    "size": [
      0.8085791236498837,
      0.6297640151236392,
      0.8899999999999864
    ],
    "obj_class": "sign",
    "point_num_in_lidar": 59,
    "speed": 0.012889512888155348,
    "if_vehicle": false,
    "motion_state": false,
    "pose": [
      [
        0.9980038634027297,
        0.03966647613941428,
        0.04914121797337488,
        -22.92666750420358
      ],
      [
        -0.04030528000158755,
        0.9991144235508184,
        0.012076963886233314,
        58.183375231397804
      ],
      [
        -0.04861864906822372,
        -0.014033507166672014,
        0.9987188231125834,
        0.694481098690062
      ],
      [
        0.0,
        0.0,
        0.0,
        1.0
      ]
    ],
    "location": [
      -22.92666750420358,
      58.183375231397804,
      0.694481098690062
    ],
    "rotation": [
      -0.01405058494584751,
      0.04863782337953692,
      -0.04036396048594175
    ]
  },
  {
    "label_id": "303QVPZsmqpcoXSJgCZsaQ",
    "size": [
      2.4154803135569227,
      5.381323891110312,
      1.6999999999999886
    ],
    "obj_class": "vehicle",
    "point_num_in_lidar": 32,
    "speed": 5.859285502108464e-13,
    "if_vehicle": true,
    "motion_state": false,
    "pose": [
      [
        -0.03808622097241903,
        -0.9980654189321125,
        0.04914121797337488,
        -54.36063190975938
      ],
      [
        0.9992223051508131,
        -0.03753574073314529,
        0.012076963886233314,
        33.96010243760247
      ],
      [
        -0.010209048003381868,
        0.04956296701652123,
        0.9987188231125834,
        0.856655565424262
      ],
      [
        0.0,
        0.0,
        0.0,
        1.0
      ]
    ],
    "location": [
      -54.36063190975938,
      33.96010243760247,
      0.856655565424262
    ],
    "rotation": [
      0.049585867505732385,
      0.01020922535079456,
      1.608893747867263
    ]
  },
  {
    "label_id": "39-kEkDzJEr7nWBZPk1HXw",
    "size": [
      0.977225713355525,
      0.13068810941669862,
      0.839999999999975
    ],
    "obj_class": "sign",
    "point_num_in_lidar": 34,
    "speed": 0.013510700539595452,
    "if_vehicle": false,
    "motion_state": false,
    "pose": [
      [
        0.057978626593177235,
        0.997107626866058,
        0.04914121797337488,
        7.578129153588634
      ],
      [
        -0.9982752588818599,
        0.05745132241860172,
        0.012076963886233314,
        68.21790460290322
      ],
      [
        0.00921880484251804,
        -0.049756667873679924,
        0.9987188231125834,
        2.967070576237404
      ],
      [
        0.0,
        0.0,
        0.0,
        1.0
      ]
    ],
    "location": [
      7.578129153588634,
      68.21790460290322,
      2.967070576237404
    ],
    "rotation": [
      -0.04977933850246831,
      -0.00921893542629417,
      -1.5127827002320764
    ]
  },
  {
    "label_id": "4KLepsi_DW90MB8EG8E5xQ",
    "size": [
      2.0183254698180755,
      4.764829562322304,
      1.5
    ],
    "obj_class": "vehicle",
    "point_num_in_lidar": 58,
    "speed": 8.556067554929069e-13,
    "if_vehicle": true,
    "motion_state": false,
    "pose": [
      [
        0.40620335358742204,
        0.9124603970750867,
        0.04914121797337488,
        39.52861704395082
      ],
      [
        -0.913738997254357,
        0.4061221390664298,
        0.012076963886233314,
        66.14477458562214
      ],
      [
        -0.00893758529658276,
        -0.04980795046659152,
        0.9987188231125834,
        0.825769119108088
      ],
      [
        0.0,
        0.0,
        0.0,
        1.0
      ]
    ],
    "location": [
      39.52861704395082,
      66.14477458562214,
      0.825769119108088
    ],
    "rotation": [
      -0.049830559615660054,
      0.008937704290554358,
      -1.152483232791846
    ]
  },
  {
    "label_id": "4ZoF6vgB7LJluyrGWdiMEg",
    "size": [
      2.0939219872931787,
      4.5423472073732345,
      1.6399999999999864
    ],
    "obj_class": "vehicle",
    "point_num_in_lidar": 92,
    "speed": 2.8421709430404007e-13,
    "if_vehicle": true,
    "motion_state": false,
    "pose": [
      [
        0.06290039865275765,
        0.9968092498293829,
        0.04914121797337488,
        -31.30352822734403
      ],
      [
        -0.9979794707894337,
        0.06237886521997706,
        0.012076963886233314,
        43.408713001137585
      ],
      [
        0.008973055898946113,
        -0.049801572549975914,
        0.9987188231125834,
        0.6957691191080926
      ],
      [
        0.0,
        0.0,
        0.0,
        1.0
      ]
    ],
    "location": [
      -31.30352822734403,
      43.408713001137585,
      0.6957691191080926
    ],
    "rotation": [
      -0.04982418935940143,
      -0.008973176315336678,
      -1.5078518395545721
    ]
  },
  {
    "label_id": "6YI5y30RVco3JWyYxY8N3g",
    "size": [
      2.052802263987321,
      4.8452979739718565,
      1.5500000000000114
    ],
    "obj_class": "vehicle",
    "point_num_in_lidar": 56,
    "speed": 2.1316282072803006e-13,
    "if_vehicle": true,
    "motion_state": false,
    "pose": [
      [
        0.3826575640453057,
        0.9225824241632863,
        0.04914121797337488,
        42.61955022394841
      ],
      [
        -0.9238585195802125,
        0.3825435697307544,
        0.012076963886233314,
        66.17119736787026
      ],
      [
        -0.007656662325758343,
        -0.05002087446901982,
        0.9987188231125834,
        0.8707691191080471
      ],
      [
        0.0,
        0.0,
        0.0,
        1.0
      ]
    ],
    "location": [
      42.61955022394841,
      66.17119736787026,
      0.8707691191080471
    ],
    "rotation": [
      -0.05004322555403081,
      0.007656737139037318,
      -1.178113103471626
    ]
  },
  {
    "label_id": "7DXMcrFMaCxx4GTgIJE-SQ",
    "size": [
      0.5836348899473522,
      0.09953616580182253,
      0.7900000000000205
    ],
    "obj_class": "sign",
    "point_num_in_lidar": 24,
    "speed": 8.644125458514253e-13,
    "if_vehicle": false,
    "motion_state": false,
    "pose": [
      [
        -0.029048200709334372,
        -0.9983693418428089,
        0.04914121797337488,
        -20.25164265434887
      ],
      [
        0.9995211966087448,
        -0.028487268614477205,
        0.012076963886233314,
        81.13783892185529
      ],
      [
        -0.010657371410108021,
        0.049468503062485514,
        0.9987188231125834,
        2.564915062920136
      ],
      [
        0.0,
        0.0,
        0.0,
        1.0
      ]
    ],
    "location": [
      -20.25164265434887,
      81.13783892185529,
      2.564915062920136
    ],
    "rotation": [
      0.04949151430132691,
      0.010657573163688776,
      1.5998502646696764
    ]
  },
  {
    "label_id": "AFL1N-XB7hfEMBHsxDvkQg",
    "size": [
      2.316868738343809,
      5.169979861084375,
      1.5699999999999932
    ],
    "obj_class": "vehicle",
    "point_num_in_lidar": 21,
    "speed": 2.929642751054232e-13,
    "if_vehicle": true,
    "motion_state": false,
    "pose": [
      [
        -0.029660212608761356,
        -0.9983513472140438,
        0.04914121797337488,
        -33.48125731671462
      ],
      [
        0.99950354562445,
        -0.02909998672582885,
        0.012076963886233314,
        33.880107905100886
      ],
      [
        -0.010627044375360113,
        0.04947502691722616,
        0.9987188231125834,
        0.7220850546843849
      ],
      [
        0.0,
        0.0,
        0.0,
        1.0
      ]
    ],
    "location": [
      -33.48125731671462,
      33.880107905100886,
      0.7220850546843849
    ],
    "rotation": [
      0.049498030535863685,
      0.010627244411425563,
      1.6004625656505818
    ]
  },
  {
    "label_id": "AvgCjaE0kU2RZkYQUwpOLQ",
    "size": [
      2.3297402798308022,
      5.3226951623069425,
      2.0400000000000205
    ],
    "obj_class": "vehicle",
    "point_num_in_lidar": 89,
    "speed": 0.057902445858596496,
    "if_vehicle": true,
    "motion_state": false,
    "pose": [
      [
        0.027413241134069732,
        -0.9984155722476581,
        0.04914121797337488,
        -1.2280572113545531
      ],
      [
        0.9995338898857282,
        0.02803836502357579,
        0.012076963886233314,
        119.12388500304223
      ],
      [
        -0.013435668216728524,
        0.0487872440314691,
        0.9987188231125834,
        1.145769119108138
      ],
      [
        0.0,
        0.0,
        0.0,
        1.0
      ]
    ],
    "location": [
      -1.2280572113545531,
      119.12388500304223,
      1.145769119108138
    ],
    "rotation": [
      0.04881102796633572,
      0.01343607247772589,
      1.543377175509735
    ]
  },
  {
    "label_id": "Bc_BDnL5j2YXCBH4HKF80g",
    "size": [
      1.9362474657031088,
      4.70142584633995,
      1.670000000000016
    ],
    "obj_class": "vehicle",
    "point_num_in_lidar": 30,
    "speed": 1.7067822212573438e-12,
    "if_vehicle": true,
    "motion_state": false,
    "pose": [
      [
        -0.03798365017670562,
        -0.9980693277600243,
        0.04914121797337488,
        -36.14959048759329
      ],
      [
        0.9992261574000859,
        -0.037433051047824316,
        0.012076963886233314,
        34.39560671230538
      ],
      [
        -0.010214141506365373,
        0.04956191757694682,
        0.9987188231125834,
        0.7587939917970061
      ],
      [
        0.0,
        0.0,
        0.0,
        1.0
      ]
    ],
    "location": [
      -36.14959048759329,
      34.39560671230538,
      0.7587939917970061
    ],
    "rotation": [
      0.049584819301372436,
      0.0102143191193656,
      1.608791099418693
    ]
  },
  {
    "label_id": "Cc4GN5NKm3dtq0Hi5UrAgQ",
    "size": [
      2.456283206420745,
      5.5493346788713325,
      1.8999999999999773
    ],
    "obj_class": "vehicle",
    "point_num_in_lidar": 114,
    "speed": 2.929642751054232e-13,
    "if_vehicle": true,
    "motion_state": false,
    "pose": [
      [
        -0.41685602880084477,
        0.9076432074050257,
        0.04914121797337488,
        42.54799573019136
      ],
      [
        -0.9084266841893965,
        -0.4178697241915821,
        0.012076963886233314,
        48.81526814575591
      ],
      [
        0.03149620143838805,
        -0.03960683849499489,
        0.9987188231125834,
        1.0257691191080198
      ],
      [
        0.0,
        0.0,
        0.0,
        1.0
      ]
    ],
    "location": [
      42.54799573019136,
      48.81526814575591,
      1.0257691191080198
    ],
    "rotation": [
      -0.03963687630881103,
      -0.03150141119254852,
      -2.001007723615756
    ]
  },
  {
    "label_id": "D-kUN-HsliY3Ha9PNEVv7g",
    "size": [
      0.7276413270774373,
      0.627713311804655,
      1.6499999999999773
    ],
    "obj_class": "pedestrian",
    "point_num_in_lidar": 26,
    "speed": 1.1457157353758233e-12,
    "if_vehicle": false,
    "motion_state": false,
    "pose": [
      [
        0.998791840523386,
        4.139728843000157e-15,
        0.04914121797337488,
        -26.989782381181612
      ],
      [
        -0.0005941945966269763,
        0.9999268942658116,
        0.012076963886233314,
        76.6359448866624
      ],
      [
        -0.04913762546855598,
        -0.012091572434056886,
        0.9987188231125834,
        0.9507691191080312
      ],
      [
        0.0,
        0.0,
        0.0,
        1.0
      ]
    ],
    "location": [
      -26.989782381181612,
      76.6359448866624,
      0.9507691191080312
    ],
    "rotation": [
      -0.012106492243880291,
      0.04915742083484838,
      -0.0005949132766404362
    ]
  },
  {
    "label_id": "DHUkdQXbOqQov8-wGY1Imw",
    "size": [
      2.081811318199956,
      4.630890369444594,
      1.579999999999984
    ],
    "obj_class": "vehicle",
    "point_num_in_lidar": 25,
    "speed": 1.7053025658242404e-12,
    "if_vehicle": true,
    "motion_state": false,
    "pose": [
      [
        -0.542053090705071,
        -0.8389061851918683,
        0.04914121797337488,
        54.0354599760185
      ],
      [
        0.8401820152206338,
        -0.5421700178385792,
        0.012076963886233314,
        60.597246067089145
      ],
      [
        0.016511455322734216,
        0.04783392314813283,
        0.9987188231125834,
        0.8857691191080903
      ],
      [
        0.0,
        0.0,
        0.0,
        1.0
      ]
    ],
    "location": [
      54.0354599760185,
      60.597246067089145,
      0.8857691191080903
    ],
    "rotation": [
      0.0478587125421136,
      -0.016512205662730237,
      2.14376261899064
    ]
  },
  {
    "label_id": "G7BNS6imdS_exHasj7Aj1A",
    "size": [
      2.2785540398702686,
      5.572773604678559,
      1.839999999999975
    ],
    "obj_class": "vehicle",
    "point_num_in_lidar": 29,
    "speed": 1.7053025658242404e-12,
    "if_vehicle": true,
    "motion_state": false,
    "pose": [
      [
        -0.010191175630455214,
        0.9987398463240377,
        0.04914121797337488,
        -51.50486696201369
      ],
      [
        -0.9998687781124631,
        -0.010796920819402379,
        0.012076963886233314,
        42.193961319482696
      ],
      [
        0.012592318895225135,
        -0.04901169110994929,
        0.9987188231125834,
        0.7740547492302312
      ],
      [
        0.0,
        0.0,
        0.0,
        1.0
      ]
    ],
    "location": [
      -51.50486696201369,
      42.193961319482696,
      0.7740547492302312
    ],
    "rotation": [
      -0.049035225501159976,
      -0.012592651705618867,
      -1.5809884869705244
    ]
  },
  {
    "label_id": "GLDf7-Sxvl37cAZNUTUxwg",
    "size": [
      1.0569865237827623,
      1.0129598608742194,
      1.7200000000000273
    ],
    "obj_class": "pedestrian",
    "point_num_in_lidar": 113,
    "speed": 1.4566894601100933,
    "if_vehicle": false,
    "motion_state": true,
    "pose": [
      [
        -0.2777889518897611,
        -0.9593844062231162,
        0.04914121797337488,
        11.422624951626858
      ],
      [
        0.9606399366590332,
        -0.2775338880912007,
        0.012076963886233314,
        76.03613129247606
      ],
      [
        0.0020519024627159606,
        0.050561863661257846,
        0.9987188231125834,
        1.024209439630397
      ],
      [
        0.0,
        0.0,
        0.0,
        1.0
      ]
    ],
    "location": [
      11.422624951626858,
      76.03613129247606,
      1.024209439630397
    ],
    "rotation": [
      0.05058353864513579,
      -0.002051903902574116,
      1.852288640674651
    ]
  },
  {
    "label_id": "IJ3FUi4Z1k7xeHX3cNHhgA",
    "size": [
      2.2733592392575006,
      5.809798929251251,
      2.3000000000000114
    ],
    "obj_class": "vehicle",
    "point_num_in_lidar": 228,
    "speed": 0.008003837431876252,
    "if_vehicle": true,
    "motion_state": false,
    "pose": [
      [
        -0.09649341211696029,
        -0.9941197926377482,
        0.04914121797337488,
        -41.60615176174497
      ],
      [
        0.9953069421588348,
        -0.0960116546765048,
        0.012076963886233314,
        33.931116641892004
      ],
      [
        -0.007287819183833317,
        0.050075942848436486,
        0.9987188231125834,
        1.375769119108213
      ],
      [
        0.0,
        0.0,
        0.0,
        1.0
      ]
    ],
    "location": [
      -41.60615176174497,
      33.931116641892004,
      1.375769119108213
    ],
    "rotation": [
      0.050098226453952385,
      0.007287883697525319,
      1.667442685777969
    ]
  },
  {
    "label_id": "IKfXUgFeE1HCCCYKAae06Q",
    "size": [
      1.9279103953218102,
      4.1409722562418345,
      1.3700000000000045
    ],
    "obj_class": "vehicle",
    "point_num_in_lidar": 70,
    "speed": 3.552713678800501e-13,
    "if_vehicle": true,
    "motion_state": false,
    "pose": [
      [
        -0.02096657473260876,
        -0.9985717517735393,
        0.04914121797337488,
        37.03283034326341
      ],
      [
        0.9997190286963729,
        -0.020396338045623526,
        0.012076963886233314,
        83.34583414368717
      ],
      [
        -0.011057414090223148,
        0.049380623267162804,
        0.9987188231125834,
        0.8617924024157446
      ],
      [
        0.0,
        0.0,
        0.0,
        1.0
      ]
    ],
    "location": [
      37.03283034326341,
      83.34583414368717,
      0.8617924024157446
    ],
    "rotation": [
      0.049403736744461704,
      0.011057639427668822,
      1.5917657201262014
    ]
  },
  {
    "label_id": "J4URuhC5d2mK2-2Pm2tEVg",
    "size": [
      2.0659312537587473,
      4.376834488824507,
      1.7300000000000182
    ],
    "obj_class": "vehicle",
    "point_num_in_lidar": 60,
    "speed": 7.105427357601002e-14,
    "if_vehicle": true,
    "motion_state": false,
    "pose": [
      [
        -0.9962155433076356,
        -0.07169192401076571,
        0.04914121797337488,
        64.6840696271629
      ],
      [
        0.07236605855235584,
        -0.997305018794595,
        0.012076963886233314,
        80.32190944717513
      ],
      [
        0.04814296253731332,
        0.015587415396625944,
        0.9987188231125834,
        1.0644356045604013
      ],
      [
        0.0,
        0.0,
        0.0,
        1.0
      ]
    ],
    "location": [
      64.6840696271629,
      80.32190944717513,
      1.0644356045604013
    ],
    "rotation": [
      0.015606144159920577,
      -0.04816157914455132,
      3.0690790538823185
    ]
  },
  {
    "label_id": "KRIFGuPyXMFLkXDccz9mLA",
    "size": [
      1.1528322506114737,
      1.3148555747822952,
      1.8799999999999955
    ],
    "obj_class": "pedestrian",
    "point_num_in_lidar": 409,
    "speed": 3.748300483419893,
    "if_vehicle": false,
    "motion_state": true,
    "pose": [
      [
        -0.021247909906164056,
        -0.998565805052783,
        0.04914121797337488,
        9.026927429517855
      ],
      [
        0.9997132425876538,
        -0.020677996473772883,
        0.012076963886233314,
        52.25493979915882
      ],
      [
        -0.011043501233679608,
        0.04938373660546398,
        0.9987188231125834,
        1.1089622886136112
      ],
      [
        0.0,
        0.0,
        0.0,
        1.0
      ]
    ],
    "location": [
      9.026927429517855,
      52.25493979915882,
      1.1089622886136112
    ],
    "rotation": [
      0.04940684647376314,
      0.011043725721579719,
      1.5920471319351863
    ]
  },
  {
    "label_id": "LV0eEgqBFEblVK4wVnO9Gg",
    "size": [
      2.376412499724872,
      5.358373042693289,
      2.0
    ],
    "obj_class": "vehicle",
    "point_num_in_lidar": 64,
    "speed": 2.6532661331847387,
    "if_vehicle": true,
    "motion_state": true,
    "pose": [
      [
        -0.008215145596356076,
        -0.9987580548255537,
        0.04914121797337488,
        3.6012476795049224
      ],
      [
        0.9998979574727707,
        -0.007630307010318906,
        0.012076963886233314,
        106.90868929442331
      ],
      [
        -0.011687002379214995,
        0.049235417495989094,
        0.9987188231125834,
        0.9124252765369647
      ],
      [
        0.0,
        0.0,
        0.0,
        1.0
      ]
    ],
    "location": [
      3.6012476795049224,
      106.90868929442331,
      0.9124252765369647
    ],
    "rotation": [
      0.04925869823526843,
      0.01168726844243432,
      1.579012125912316
    ]
  },
  {
    "label_id": "M_3sev6zG_NGRjA1B8leIg",
    "size": [
      2.0960853076172663,
      4.811468628086786,
      1.4700000000000273
    ],
    "obj_class": "vehicle",
    "point_num_in_lidar": 276,
    "speed": 9.532931148469528e-13,
    "if_vehicle": true,
    "motion_state": false,
    "pose": [
      [
        0.31148637403393536,
        -0.9489791248954238,
        0.04914121797337488,
        33.74283728747423
      ],
      [
        0.9498722627351925,
        0.31240491582178354,
        0.012076963886233314,
        42.3168015982028
      ],
      [
        -0.026812744684503426,
        0.042916070219671316,
        0.9987188231125834,
        0.7502135499374276
      ],
      [
        0.0,
        0.0,
        0.0,
        1.0
      ]
    ],
    "location": [
      33.74283728747423,
      42.3168015982028,
      0.7502135499374276
    ],
    "rotation": [
      0.042944704117712215,
      0.02681595844202695,
      1.2539216077314652
    ]
  },
  {
    "label_id": "O0ipbuwo_Nd7uLn6JzKcdA",
    "size": [
      2.0811413058828094,
      4.05562961252444,
      1.4800000000000182
    ],
    "obj_class": "vehicle",
    "point_num_in_lidar": 1379,
    "speed": 2.026839678831916,
    "if_vehicle": true,
    "motion_state": true,
    "pose": [
      [
        -0.05414053295781426,
        -0.9973233895718765,
        0.04914121797337488,
        -1.416632586241576
      ],
      [
        0.9984889834530539,
        -0.05360873871093679,
        0.012076963886233314,
        60.80837834740669
      ],
      [
        -0.009410239844483506,
        0.04972081804119298,
        0.9987188231125834,
        0.9583340789876047
      ],
      [
        0.0,
        0.0,
        0.0,
        1.0
      ]
    ],
    "location": [
      -1.416632586241576,
      60.80837834740669,
      0.9583340789876047
    ],
    "rotation": [
      0.04974353149299457,
      0.009410378733574115,
      1.6249657449557355
    ]
  },
  {
    "label_id": "QIT_yfqN9dQa6ORELd4USA",
    "size": [
      2.0815084603119445,
      4.602855966355445,
      1.5
    ],
    "obj_class": "vehicle",
    "point_num_in_lidar": 25,
    "speed": 1.4281732235759946e-12,
    "if_vehicle": true,
    "motion_state": false,
    "pose": [
      [
        0.0580617387675154,
        0.9971027906827791,
        0.04914121797337488,
        -33.713192370222714
      ],
      [
        -0.9982704666471547,
        0.05753453192094613,
        0.012076963886233314,
        42.85044805454345
      ],
      [
        0.00921465741981507,
        -0.04975743612015769,
        0.9987188231125834,
        0.8038260621212885
      ],
      [
        0.0,
        0.0,
        0.0,
        1.0
      ]
    ],
    "location": [
      -33.713192370222714,
      42.85044805454345,
      0.8038260621212885
    ],
    "rotation": [
      -0.04978010582986948,
      -0.009214787827422063,
      -1.5126994464851895
    ]
  },
  {
    "label_id": "SgRDIBnvjCDj5pesLk7nPA",
    "size": [
      1.9875335616080194,
      4.312670339912523,
      1.7300000000000182
    ],
    "obj_class": "vehicle",
    "point_num_in_lidar": 169,
    "speed": 10.562123054499128,
    "if_vehicle": true,
    "motion_state": true,
    "pose": [
      [
        0.00997294948769023,
        0.9987420492672815,
        0.04914121797337488,
        -15.309784003822188
      ],
      [
        -0.9998829794663503,
        0.009390118038896493,
        0.012076963886233314,
        81.34750702993915
      ],
      [
        0.011600329823318482,
        -0.04925591039262551,
        0.9987188231125834,
        0.8907691191079721
      ],
      [
        0.0,
        0.0,
        0.0,
        1.0
      ]
    ],
    "location": [
      -15.309784003822188,
      81.34750702993915,
      0.8907691191079721
    ],
    "rotation": [
      -0.04927916765205957,
      -0.011600590010599024,
      -1.560822540862704
    ]
  },
  {
    "label_id": "UahDY1qvMQ82owWsLmLHZQ",
    "size": [
      2.002493569226938,
      4.635795969975856,
      1.420000000000016
    ],
    "obj_class": "vehicle",
    "point_num_in_lidar": 134,
    "speed": 0.004460713379619861,
    "if_vehicle": true,
    "motion_state": false,
    "pose": [
      [
        -0.010699902880272958,
        0.9987345256745888,
        0.04914121797337488,
        -35.94712350195459
      ],
      [
        -0.9998631487678552,
        -0.011306223035138271,
        0.012076963886233314,
        60.30341712414884
      ],
      [
        0.012617282369131691,
        -0.04900527059647487,
        0.9987188231125834,
        0.8355354251086737
      ],
      [
        0.0,
        0.0,
        0.0,
        1.0
      ]
    ],
    "location": [
      -35.94712350195459,
      60.30341712414884,
      0.8355354251086737
    ],
    "rotation": [
      -0.049028812194545426,
      -0.012617617162873247,
      -1.5814972856943097
    ]
  },
  {
    "label_id": "Vdo6_EYNJbnRRAXXAARS0A",
    "size": [
      0.4693407313262963,
      0.09492884364845719,
      0.6000000000000227
    ],
    "obj_class": "sign",
    "point_num_in_lidar": 24,
    "speed": 0.009436193128602919,
    "if_vehicle": false,
    "motion_state": false,
    "pose": [
      [
        0.9756939794681523,
        0.21355654784083286,
        0.04914121797337488,
        -22.65106016749087
      ],
      [
        -0.21437969258035416,
        0.9766757365433234,
        0.012076963886233314,
        58.82921943243855
      ],
      [
        -0.04541592054283952,
        -0.022318300156208427,
        0.9987188231125834,
        0.9136528394593029
      ],
      [
        0.0,
        0.0,
        0.0,
        1.0
      ]
    ],
    "location": [
      -22.65106016749087,
      58.82921943243855,
      0.9136528394593029
    ],
    "rotation": [
      -0.02234321173174314,
      0.045431547575587136,
      -0.21628342235265505
    ]
  },
  {
    "label_id": "WI6i77z9ngV3vsWbOpfUiA",
    "size": [
      2.0450921420530213,
      4.2313164068057265,
      1.6000000000000227
    ],
    "obj_class": "vehicle",
    "point_num_in_lidar": 96,
    "speed": 1.7067822212573438e-12,
    "if_vehicle": true,
    "motion_state": false,
    "pose": [
      [
        0.016576637167431078,
        -0.9986542724067786,
        0.04914121797337488,
        39.85630971956516
      ],
      [
        0.9997793081504235,
        0.017189588056468502,
        0.012076963886233314,
        83.28843404887266
      ],
      [
        -0.012905428876244712,
        0.04893017745866364,
        0.9987188231125834,
        0.9639886915259694
      ],
      [
        0.0,
        0.0,
        0.0,
        1.0
      ]
    ],
    "location": [
      39.85630971956516,
      83.28843404887266,
      0.9639886915259694
    ],
    "rotation": [
      0.048953803047294506,
      0.012905787136495862,
      1.5542175495828758
    ]
  },
  {
    "label_id": "XeXTOoCuW1m_4pGsdFCfNw",
    "size": [
      0.5182916940695849,
      0.12495920793043618,
      0.4399999999999977
    ],
    "obj_class": "sign",
    "point_num_in_lidar": 54,
    "speed": 0.013721237205378763,
    "if_vehicle": false,
    "motion_state": false,
    "pose": [
      [
        0.05797862658674195,
        0.9971076268664323,
        0.04914121797337488,
        7.605063120405703
      ],
      [
        -0.9982752588822307,
        0.0574513224121589,
        0.012076963886233314,
        68.22011399241455
      ],
      [
        0.009218804842839167,
        -0.04975666787362043,
        0.9987188231125834,
        2.2997010020700372
      ],
      [
        0.0,
        0.0,
        0.0,
        1.0
      ]
    ],
    "location": [
      7.605063120405703,
      68.22011399241455,
      2.2997010020700372
    ],
    "rotation": [
      -0.049779338502408885,
      -0.00921893542661531,
      -1.5127827002385228
    ]
  },
  {
    "label_id": "YTcass-ERc9jtlumJh8FmA",
    "size": [
      1.9368651489191941,
      4.353787564816944,
      1.509999999999991
    ],
    "obj_class": "vehicle",
    "point_num_in_lidar": 1071,
    "speed": 8.102907926126372,
    "if_vehicle": true,
    "motion_state": true,
    "pose": [
      [
        0.021978587269228713,
        0.9985499899342757,
        0.04914121797337488,
        -16.127491275794455
      ],
      [
        -0.9996978441861386,
        0.02140951360674693,
        0.012076963886233314,
        52.88311121015249
      ],
      [
        0.011007362592181802,
        -0.0493918042733849,
        0.9987188231125834,
        0.7909877303187045
      ],
      [
        0.0,
        0.0,
        0.0,
        1.0
      ]
    ],
    "location": [
      -16.127491275794455,
      52.88311121015249,
      0.7909877303187045
    ],
    "rotation": [
      -0.04941490478514663,
      -0.011007584883370348,
      -1.5488146377231817
    ]
  },
  {
    "label_id": "ZD2xyQqVlFo4DW-aNs8QBw",
    "size": [
      2.234437110452699,
      4.969279365215105,
      1.6999999999999886
    ],
    "obj_class": "vehicle",
    "point_num_in_lidar": 37,
    "speed": 1.4228607195221901e-12,
    "if_vehicle": true,
    "motion_state": false,
    "pose": [
      [
        0.3711357461160808,
        0.9272774119167106,
        0.04914121797337488,
        61.02051694591728
      ],
      [
        -0.9285519883599378,
        0.3710058649888117,
        0.012076963886233314,
        30.63286185279685
      ],
      [
        -0.007032984264577682,
        -0.05011236866234053,
        0.9987188231125834,
        0.8055356092042985
      ],
      [
        0.0,
        0.0,
        0.0,
        1.0
      ]
    ],
    "location": [
      61.02051694591728,
      30.63286185279685,
      0.8055356092042985
    ],
    "rotation": [
      -0.05013460746584798,
      0.00703304224446322,
      -1.1905546177951791
    ]
  },
  {
    "label_id": "aBfZK79ylDzaSLoIvIuLKg",
    "size": [
      0.8684472722431316,
      0.1641085882203508,
      0.9399999999999977
    ],
    "obj_class": "sign",
    "point_num_in_lidar": 53,
    "speed": 0.019872252204880175,
    "if_vehicle": false,
    "motion_state": false,
    "pose": [
      [
        0.034336323245931076,
        0.9982014614305291,
        0.04914121797337488,
        8.03183777397453
      ],
      [
        -0.9993562713873542,
        0.03378150058915885,
        0.012076963886233314,
        86.21074933663476
      ],
      [
        0.01039517891696227,
        -0.0495242629011323,
        0.9987188231125834,
        2.9738531938166375
      ],
      [
        0.0,
        0.0,
        0.0,
        1.0
      ]
    ],
    "location": [
      8.03183777397453,
      86.21074933663476,
      2.9738531938166375
    ],
    "rotation": [
      -0.04954720887383949,
      -0.010395366142796628,
      -1.5364513965438549
    ]
  },
  {
    "label_id": "aCe-sGUZd8XCrjmz2Aqjpw",
    "size": [
      1.8418365429193027,
      4.44996955986282,
      1.3700000000000045
    ],
    "obj_class": "vehicle",
    "point_num_in_lidar": 324,
    "speed": 3.552713678800501e-13,
    "if_vehicle": true,
    "motion_state": false,
    "pose": [
      [
        0.43979915183171403,
        0.8967507160544663,
        0.04914121797337488,
        36.388174471592265
      ],
      [
        -0.8980314499211225,
        0.4397654623726798,
        0.012076963886233314,
        65.99809106299836
      ],
      [
        -0.010780584430874193,
        -0.04944179770138743,
        0.9987188231125834,
        0.8107691191079311
      ],
      [
        0.0,
        0.0,
        0.0,
        1.0
      ]
    ],
    "location": [
      36.388174471592265,
      65.99809106299836,
      0.8107691191079311
    ],
    "rotation": [
      -0.049464840089642574,
      0.010780793263514606,
      -1.115392843873021
    ]
  },
  {
    "label_id": "aH4CifP98VP1LwWVbnjEww",
    "size": [
      0.8111830784138482,
      0.13501192777146076,
      0.8199999999999932
    ],
    "obj_class": "sign",
    "point_num_in_lidar": 78,
    "speed": 0.01301651269211154,
    "if_vehicle": false,
    "motion_state": false,
    "pose": [
      [
        0.9952596991876556,
        0.08392420311799519,
        0.04914121797337488,
        -21.884985446718474
      ],
      [
        -0.08461167010407221,
        0.996340811281707,
        0.012076963886233314,
        40.50064600359474
      ],
      [
        -0.047947851412726596,
        -0.016177635968188248,
        0.9987188231125834,
        1.4598894558766915
      ],
      [
        0.0,
        0.0,
        0.0,
        1.0
      ]
    ],
    "location": [
      -21.884985446718474,
      40.50064600359474,
      1.4598894558766915
    ],
    "rotation": [
      -0.01619697243950788,
      0.04796624243556135,
      -0.08481073449975783
    ]
  },
  {
    "label_id": "bbrz_rolD5p6nYiFP9UnZg",
    "size": [
      1.8584089971460735,
      4.223727654714482,
      1.3999999999999773
    ],
    "obj_class": "vehicle",
    "point_num_in_lidar": 39,
    "speed": 8.556067554929069e-13,
    "if_vehicle": true,
    "motion_state": false,
    "pose": [
      [
        -0.005605697633420154,
        0.9987761094710546,
        0.04914121797337488,
        -27.91348855156366
      ],
      [
        -0.9999078104319514,
        -0.006206253336044909,
        0.012076963886233314,
        43.42614408564987
      ],
      [
        0.012367165852499105,
        -0.049068987857840585,
        0.9987188231125834,
        0.7067924024157719
      ],
      [
        0.0,
        0.0,
        0.0,
        1.0
      ]
    ],
    "location": [
      -27.91348855156366,
      43.42614408564987,
      0.7067924024157719
    ],
    "rotation": [
      -0.04909245775611753,
      -0.012367481127254318,
      -1.5764024825301457
    ]
  },
  {
    "label_id": "ccYkeSntRbCCmr463of64A",
    "size": [
      0.4499065639389546,
      0.08219830929241016,
      0.6299999999999955
    ],
    "obj_class": "sign",
    "point_num_in_lidar": 39,
    "speed": 0.0034744131661443335,
    "if_vehicle": false,
    "motion_state": false,
    "pose": [
      [
        0.9879721997198712,
        0.1466153923596436,
        0.04914121797337488,
        10.110517961591086
      ],
      [
        -0.14736976785803305,
        0.9890077342795455,
        0.012076963886233314,
        63.148521342520326
      ],
      [
        -0.04683037584889142,
        -0.01917363446161663,
        0.9987188231125834,
        1.0389886915261286
      ],
      [
        0.0,
        0.0,
        0.0,
        1.0
      ]
    ],
    "location": [
      10.110517961591086,
      63.148521342520326,
      1.0389886915261286
    ],
    "rotation": [
      -0.01919587266878749,
      0.04684750992248755,
      -0.14807212741161616
    ]
  },
  {
    "label_id": "e3jGBXQSf4LAtu-ZsBcNpQ",
    "size": [
      2.159465385710219,
      4.370635117359537,
      1.8500000000000227
    ],
    "obj_class": "vehicle",
    "point_num_in_lidar": 38,
    "speed": 8.556067554929069e-13,
    "if_vehicle": true,
    "motion_state": false,
    "pose": [
      [
        -0.019776869045460294,
        -0.9985960224970115,
        0.04914121797337488,
        -4.693561845914246
      ],
      [
        0.9997426192299518,
        -0.01920526590615742,
        0.012076963886233314,
        94.96824399416073
      ],
      [
        -0.011116237942501531,
        0.04936741450209658,
        0.9987188231125834,
        0.9007691191081335
      ],
      [
        0.0,
        0.0,
        0.0,
        1.0
      ]
    ],
    "location": [
      -4.693561845914246,
      94.96824399416073,
      0.9007691191081335
    ],
    "rotation": [
      0.04939054328043779,
      0.01111646689553565,
      1.5905757075440388
    ]
  },
  {
    "label_id": "j4uKazNwBsHJ2f4MFBWDNg",
    "size": [
      0.9129643679416498,
      0.12332203574414805,
      1.089999999999975
    ],
    "obj_class": "sign",
    "point_num_in_lidar": 31,
    "speed": 0.005714786501812936,
    "if_vehicle": false,
    "motion_state": false,
    "pose": [
      [
        0.004347008825023685,
        -0.9987823808069345,
        0.04914121797337488,
        -18.866924742590072
      ],
      [
        0.9999148377055167,
        0.004946137850946839,
        0.012076963886233314,
        47.44444932367696
      ],
      [
        -0.012305317981471216,
        0.04908453432590562,
        0.9987188231125834,
        3.227413696052281
      ],
      [
        0.0,
        0.0,
        0.0,
        1.0
      ]
    ],
    "location": [
      -18.866924742590072,
      47.44444932367696,
      3.227413696052281
    ],
    "rotation": [
      0.04910798666965703,
      0.012305628549586263,
      1.566448975124847
    ]
  },
  {
    "label_id": "k-MFEgD7GPZpMCEFQBGOAQ",
    "size": [
      1.8802067665046003,
      4.302671856723734,
      1.6899999999999977
    ],
    "obj_class": "vehicle",
    "point_num_in_lidar": 213,
    "speed": 3.552713678800501e-13,
    "if_vehicle": true,
    "motion_state": false,
    "pose": [
      [
        0.006648380651454761,
        0.9987697130624289,
        0.04914121797337488,
        -38.64767735938267
      ],
      [
        -0.9999086968690007,
        0.006061754616218335,
        0.012076963886233314,
        54.70569671441808
      ],
      [
        0.011764223750421868,
        -0.04921702347934235,
        0.9987188231125834,
        0.9338102555301475
      ],
      [
        0.0,
        0.0,
        0.0,
        1.0
      ]
    ],
    "location": [
      -38.64767735938267,
      54.70569671441808,
      0.9338102555301475
    ],
    "rotation": [
      -0.04924032525848164,
      -0.011764495122791093,
      -1.5641474370492288
    ]
  },
  {
    "label_id": "kL2EBrshDXJSLqHZglULqA",
    "size": [
      2.053141469752649,
      4.581564295669244,
      1.5400000000000205
    ],
    "obj_class": "vehicle",
    "point_num_in_lidar": 47,
    "speed": 3.1776437161565096e-13,
    "if_vehicle": true,
    "motion_state": false,
    "pose": [
      [
        -0.5460321027220584,
        -0.8363217583520237,
        0.04914121797337488,
        51.331349808093364
      ],
      [
        0.83759701853641,
        -0.546155089221191,
        0.012076963886233314,
        60.44289381449744
      ],
      [
        0.016738498613798024,
        0.04775494764704499,
        0.9987188231125834,
        0.9257461048148343
      ],
      [
        0.0,
        0.0,
        0.0,
        1.0
      ]
    ],
    "location": [
      51.331349808093364,
      60.44289381449744,
      0.9257461048148343
    ],
    "rotation": [
      0.04777981641542394,
      -0.016739280337019487,
      2.148508248280582
    ]
  },
  {
    "label_id": "lbhJDFo720d242nqCSNOGQ",
    "size": [
      1.9912174646904555,
      4.3972375697915185,
      1.6000000000000227
    ],
    "obj_class": "vehicle",
    "point_num_in_lidar": 62,
    "speed": 2.559083347734059,
    "if_vehicle": true,
    "motion_state": true,
    "pose": [
      [
        -0.38552504168496987,
        0.9213878569472768,
        0.04914121797337488,
        -59.4636837913381
      ],
      [
        -0.922205592741147,
        -0.3865113085800209,
        0.012076963886233314,
        61.6034598394599
      ],
      [
        0.030121204337671337,
        -0.040662334043490116,
        0.9987188231125834,
        1.0539601032027122
      ],
      [
        0.0,
        0.0,
        0.0,
        1.0
      ]
    ],
    "location": [
      -59.4636837913381,
      61.6034598394599,
