[
  {
    "label_id": "0X-5YbX76mfO3JdaVTit6A",
    "size": [
      2.0364853847542568,
      4.528660799265791,
      1.5
    ],
    "obj_class": "vehicle",
    "point_num_in_lidar": 23,
    "speed": 1.1368683772161603e-12,
    "if_vehicle": true,
    "motion_state": false,
    "pose": [
      [
        0.034639247464941215,
        0.9983933705007817,
        0.044841947718082587,
        -46.220407282074575
      ],
      [
        -0.9993998107944173,
        0.03458751775249164,
        0.001929196673199341,
        41.70301674385337
      ],
      [
        0.00037512550615890176,
        -0.04488185998607638,
        0.9989922311635085,
        0.7257691191080653
      ],
      [
        0.0,
        0.0,
        0.0,
        1.0
      ]
    ],
    "location": [
      -46.220407282074575,
      41.70301674385337,
      0.7257691191080653
    ],
    "rotation": [
      -0.044896945019418384,
      -0.0003751255149567924,
      -1.536150146006268
    ]
  },
  {
    "label_id": "1eolDINDzpEd5w-27y0I0Q",
    "size": [
      0.8085791236498835,
      0.6297640151236392,
      0.8899999999999864
    ],
    "obj_class": "sign",
    "point_num_in_lidar": 41,
    "speed": 0.012889512673255206,
    "if_vehicle": false,
    "motion_state": false,
    "pose": [
      [
        0.9982059572544234,
        0.03967450852410025,
        0.044841947718082587,
        -22.934322974948827
      ],
      [
        -0.03980091120964597,
        0.9992057674308521,
        0.001929196673199341,
        58.182277797021015
      ],
      [
        -0.04472979285288534,
        -0.0037104859914979887,
        0.9989922311635085,
        0.709910899693682
      ],
      [
        0.0,
        0.0,
        0.0,
        1.0
      ]
    ],
    "location": [
      -22.934322974948827,
      58.182277797021015,
      0.709910899693682
    ],
    "rotation": [
      -0.0037142119960740885,
      0.044744721852706046,
      -0.039851334317378674
    ]
  },
  {
    "label_id": "303QVPZsmqpcoXSJgCZsaQ",
    "size": [
      2.41548031355693,
      5.381323891110312,
      1.6999999999999886
    ],
    "obj_class": "vehicle",
    "point_num_in_lidar": 28,
    "speed": 5.859285502108464e-13,
    "if_vehicle": true,
    "motion_state": false,
    "pose": [
      [
        -0.03809393335848753,
        -0.998267525248682,
        0.044841947718082587,
        -54.36063190975938
      ],
      [
        0.9992741385246082,
        -0.038045686695054697,
        0.001929196673199341,
        33.96010243760247
      ],
      [
        -0.00021981169499450334,
        0.044882889365256765,
        0.9989922311635085,
        0.8566555654242052
      ],
      [
        0.0,
        0.0,
        0.0,
        1.0
      ]
    ],
    "location": [
      -54.36063190975938,
      33.96010243760247,
      0.8566555654242052
    ],
    "rotation": [
      0.044897973361319704,
      0.00021981169676461696,
      1.6088994804170034
    ]
  },
  {
    "label_id": "39-kEkDzJEr7nWBZPk1HXw",
    "size": [
      0.9772257133555249,
      0.13068810941669862,
      0.839999999999975
    ],
    "obj_class": "sign",
    "point_num_in_lidar": 100,
    "speed": 0.013510700763651717,
    "if_vehicle": false,
    "motion_state": false,
    "pose": [
      [
        0.05799036715290726,
        0.9973095392315867,
        0.044841947718082587,
        7.57066993911485
      ],
      [
        -0.9983169143686955,
        0.057962200489308016,
        0.001929196673199341,
        68.21473055709248
      ],
      [
        -0.0006751317187310264,
        -0.04487834970358757,
        0.9989922311635085,
        2.968707049805687
      ],
      [
        0.0,
        0.0,
        0.0,
        1.0
      ]
    ],
    "location": [
      7.57066993911485,
      68.21473055709248,
      2.968707049805687
    ],
    "rotation": [
      -0.04489343827343694,
      0.0006751317700188624,
      -1.5127733946521364
    ]
  },
  {
    "label_id": "4KLepsi_DW90MB8EG8E5xQ",
    "size": [
      2.0183254698180817,
      4.764829562322304,
      1.5
    ],
    "obj_class": "vehicle",
    "point_num_in_lidar": 56,
    "speed": 8.556067554929069e-13,
    "if_vehicle": true,
    "motion_state": false,
    "pose": [
      [
        0.4062856089807197,
        0.912645168540334,
        0.044841947718082587,
        39.52861704395036
      ],
      [
        -0.9135976429083323,
        0.4066148362671182,
        0.001929196673199341,
        66.14477458562214
      ],
      [
        -0.01647272920632736,
        -0.041751302583873294,
        0.9989922311635085,
        0.8257691191080312
      ],
      [
        0.0,
        0.0,
        0.0,
        1.0
      ]
    ],
    "location": [
      39.52861704395036,
      66.14477458562214,
      0.8257691191080312
    ],
    "rotation": [
      -0.04176911277725848,
      0.016473474278705467,
      -1.1523506309339022
    ]
  },
  {
    "label_id": "4ZoF6vgB7LJluyrGWdiMEg",
    "size": [
      2.093921987293179,
      4.5423472073732345,
      1.6399999999999864
    ],
    "obj_class": "vehicle",
    "point_num_in_lidar": 102,
    "speed": 2.8421709430404007e-13,
    "if_vehicle": true,
    "motion_state": false,
    "pose": [
      [
        0.06291313586180367,
        0.9970111017741392,
        0.044841947718082587,
        -31.30352822734403
      ],
      [
        -0.9980186036875024,
        0.06288994270822704,
        0.001929196673199341,
        43.408713001137585
      ],
      [
        -0.000896677022230047,
        -0.0448744698606339,
        0.9989922311635085,
        0.6957691191080926
      ],
      [
        0.0,
        0.0,
        0.0,
        1.0
      ]
    ],
    "location": [
      -31.30352822734403,
      43.408713001137585,
      0.6957691191080926
    ],
    "rotation": [
      -0.04488956233802656,
      0.0008966771423892473,
      -1.507841589139529
    ]
  },
  {
    "label_id": "6YI5y30RVco3JWyYxY8N3g",
    "size": [
      2.0528022639873305,
      4.8452979739718565,
      1.5500000000000114
    ],
    "obj_class": "vehicle",
    "point_num_in_lidar": 49,
    "speed": 2.1316282072803006e-13,
    "if_vehicle": true,
    "motion_state": false,
    "pose": [
      [
        0.3827350514617701,
        0.9227692453194378,
        0.044841947718082587,
        42.619550223947954
      ],
      [
        -0.9237298534764767,
        0.38303973161608545,
        0.001929196673199341,
        66.17119736787208
      ],
      [
        -0.015396044260875964,
        -0.04216021698322108,
        0.9989922311635085,
        0.8707691191079903
      ],
      [
        0.0,
        0.0,
        0.0,
        1.0
      ]
    ],
    "location": [
      42.619550223947954,
      66.17119736787208,
      0.8707691191079903
    ],
    "rotation": [
      -0.042177718962287274,
      0.015396652567480148,
      -1.1779922631391724
    ]
  },
  {
    "label_id": "7DXMcrFMaCxx4GTgIJE-SQ",
    "size": [
      0.583634889947357,
      0.09953616580182253,
      0.7900000000000205
    ],
    "obj_class": "sign",
    "point_num_in_lidar": 20,
    "speed": 8.644125458514253e-13,
    "if_vehicle": false,
    "motion_state": false,
    "pose": [
      [
        -0.029054082913812534,
        -0.998571509703179,
        0.044841947718082587,
        -20.251642654349325
      ],
      [
        0.9995776448958932,
        -0.028996724376652884,
        0.001929196673199341,
        81.13783892185711
      ],
      [
        -0.0006261712359774965,
        0.04487905953268595,
        0.9989922311635085,
        2.566378531026487
      ],
      [
        0.0,
        0.0,
        0.0,
        1.0
      ]
    ],
    "location": [
      -20.251642654349325,
      81.13783892185711,
      2.566378531026487
    ],
    "rotation": [
      0.044894147387492304,
      0.0006261712768967938,
      1.599854504578182
    ]
  },
  {
    "label_id": "7fi3RH1tDAN7KdBm3uskXw",
    "size": [
      2.013828435781692,
      4.671199321269581,
      1.5699999999999932
    ],
    "obj_class": "vehicle",
    "point_num_in_lidar": 169,
    "speed": 1.464821375527116e-12,
    "if_vehicle": true,
    "motion_state": false,
    "pose": [
      [
        -0.4707828733044825,
        -0.8811087821194522,
        0.044841947718082587,
        45.40282257418539
      ],
      [
        0.8820351515984253,
        -0.4711796573971958,
        0.001929196673199341,
        25.29213115062157
      ],
      [
        0.01942878143163755,
        0.04046040690646587,
        0.9989922311635085,
        0.7779317674882691
      ],
      [
        0.0,
        0.0,
        0.0,
        1.0
      ]
    ],
    "location": [
      45.40282257418539,
      25.29213115062157,
      0.7779317674882691
    ],
    "rotation": [
      0.04047909916608754,
      -0.019430003960776033,
      2.0610750011683665
    ]
  },
  {
    "label_id": "AFL1N-XB7hfEMBHsxDvkQg",
    "size": [
      2.31686873834381,
      5.169979861084375,
      1.5699999999999932
    ],
    "obj_class": "vehicle",
    "point_num_in_lidar": 29,
    "speed": 2.929642751054232e-13,
    "if_vehicle": true,
    "motion_state": false,
    "pose": [
      [
        -0.029666218744436385,
        -0.9985535114305372,
        0.044841947718082587,
        -33.48125731671462
      ],
      [
        0.999559681595961,
        -0.029609476996009954,
        0.001929196673199341,
        33.880107905102705
      ],
      [
        -0.0005986594928484647,
        0.04487943495373753,
        0.9989922311635085,
        0.722085054684328
      ],
      [
        0.0,
        0.0,
        0.0,
        1.0
      ]
    ],
    "location": [
      -33.48125731671462,
      33.880107905102705,
      0.722085054684328
    ],
    "rotation": [
      0.04489452243034698,
      0.0005986595286077179,
      1.6004669040453952
    ]
  },
  {
    "label_id": "AvgCjaE0kU2RZkYQUwpOLQ",
    "size": [
      2.329740279830403,
      5.3226951623069425,
      2.0400000000000205
    ],
    "obj_class": "vehicle",
    "point_num_in_lidar": 89,
    "speed": 0.11623469454533027,
    "if_vehicle": true,
    "motion_state": false,
    "pose": [
      [
        0.027418847466507835,
        -0.998617747953869,
        0.044841947718082587,
        -1.2290686209653359
      ],
      [
        0.9996190343619247,
        0.02753296826586652,
        0.001929196673199341,
        119.08704853048039
      ],
      [
        -0.003161161960652036,
        0.04477196812754228,
        0.9989922311635085,
        1.145769119108195
      ],
      [
        0.0,
        0.0,
        0.0,
        1.0
      ]
    ],
    "location": [
      -1.2290686209653359,
      119.08704853048039,
      1.145769119108195
    ],
    "rotation": [
      0.04478716335000757,
      0.0031611672255619483,
      1.5433739055650315
    ]
  },
  {
    "label_id": "Bc_BDnL5j2YXCBH4HKF80g",
    "size": [
      1.9362474657031115,
      4.70142584633995,
      1.670000000000016
    ],
    "obj_class": "vehicle",
    "point_num_in_lidar": 35,
    "speed": 1.7067822212573438e-12,
    "if_vehicle": true,
    "motion_state": false,
    "pose": [
      [
        -0.03799134179238819,
        -0.9982714348681238,
        0.044841947718082587,
        -36.14959048759329
      ],
      [
        0.9992780431804532,
        -0.03794299168015733,
        0.001929196673199341,
        34.39560671230356
      ],
      [
        -0.00022442428190825938,
        0.044882866538322005,
        0.9989922311635085,
        0.7587939917970061
      ],
      [
        0.0,
        0.0,
        0.0,
        1.0
      ]
    ],
    "location": [
      -36.14959048759329,
      34.39560671230356,
      0.7587939917970061
    ],
    "rotation": [
      0.04489795055738809,
      0.00022442428379216133,
      1.608796814569224
    ]
  },
  {
    "label_id": "BoPK3Su8JdbF_6OhYJQLEQ",
    "size": [
      2.3549551776850453,
      5.360671848850634,
      1.8999999999999773
    ],
    "obj_class": "vehicle",
    "point_num_in_lidar": 28,
    "speed": 0.0,
    "if_vehicle": true,
    "motion_state": false,
    "pose": [
      [
        0.9989940939389226,
        2.7286162514392555e-15,
        0.044841947718082587,
        63.36084619974736
      ],
      [
        -8.659604384560013e-05,
        0.9999981353489222,
        0.001929196673199341,
        87.91696866956227
      ],
      [
        -0.044841864103496436,
        -0.0019311392178434762,
        0.9989922311635085,
        1.1554782013761837
      ],
      [
        0.0,
        0.0,
        0.0,
        1.0
      ]
    ],
    "location": [
      63.36084619974736,
      87.91696866956227,
      1.1554782013761837
    ],
    "rotation": [
      -0.0019330849151405084,
      0.04485690566733815,
      -8.668323882403329e-05
    ]
  },
  {
    "label_id": "D-kUN-HsliY3Ha9PNEVv7g",
    "size": [
      0.7276413270774383,
      0.627713311804655,
      1.6499999999999773
    ],
    "obj_class": "pedestrian",
    "point_num_in_lidar": 20,
    "speed": 1.1457157353758233e-12,
    "if_vehicle": false,
    "motion_state": false,
    "pose": [
      [
        0.9989940939389225,
        -4.147687296652052e-15,
        0.044841947718082587,
        -26.989782381182067
      ],
      [
        -8.659604383871762e-05,
        0.9999981353489221,
        0.001929196673199341,
        76.6359448866624
      ],
      [
        -0.04484186410349645,
        -0.0019311392178431677,
        0.9989922311635085,
        0.9507691191080312
      ],
      [
        0.0,
        0.0,
        0.0,
        1.0
      ]
    ],
    "location": [
      -26.989782381182067,
      76.6359448866624,
      0.9507691191080312
    ],
    "rotation": [
      -0.0019330849151401994,
      0.044856905667338166,
      -8.668323881714386e-05
    ]
  },
  {
    "label_id": "DHUkdQXbOqQov8-wGY1Imw",
    "size": [
      2.0818113181999522,
      4.630890369444594,
      1.579999999999984
    ],
    "obj_class": "vehicle",
    "point_num_in_lidar": 29,
    "speed": 1.7053025658242404e-12,
    "if_vehicle": true,
    "motion_state": false,
    "pose": [
      [
        -0.5421628554073323,
        -0.8390760620715007,
        0.044841947718082587,
        54.035459976018046
      ],
      [
        0.8399663739124338,
        -0.542635023654568,
        0.001929196673199341,
        60.597246067089145
      ],
      [
        0.022714068613209105,
        0.038711667000912844,
        0.9989922311635085,
        0.8857691191081472
      ],
      [
        0.0,
        0.0,
        0.0,
        1.0
      ]
    ],
    "location": [
      54.035459976018046,
      60.597246067089145,
      0.8857691191081472
    ],
    "rotation": [
      0.03873133996283793,
      -0.02271602220759333,
      2.143971812840698
    ]
  },
  {
    "label_id": "GLDf7-Sxvl37cAZNUTUxwg",
    "size": [
      1.0569865237859197,
      1.0129598608742194,
      1.7200000000000273
    ],
    "obj_class": "pedestrian",
    "point_num_in_lidar": 106,
    "speed": 1.4560686563043108,
    "if_vehicle": false,
    "motion_state": true,
    "pose": [
      [
        -0.2992266875515262,
        -0.9531277926814379,
        0.044841947718082587,
        11.659623168505732
      ],
      [
        0.9541116739938413,
        -0.2994448058471977,
        0.001929196673199341,
        75.19600382252611
      ],
      [
        0.01158891736147657,
        0.043361492932600956,
        0.9989922311635085,
        1.024209439630397
      ],
      [
        0.0,
        0.0,
        0.0,
        1.0
      ]
    ],
    "location": [
      11.659623168505732,
      75.19600382252611,
      1.024209439630397
    ],
    "rotation": [
      0.04337800745121402,
      -0.01158917678156085,
      1.8746994928785934
    ]
  },
  {
    "label_id": "IJ3FUi4Z1k7xeHX3cNHhgA",
    "size": [
      2.273359239257495,
      5.809798929251251,
      2.3000000000000114
    ],
    "obj_class": "vehicle",
    "point_num_in_lidar": 230,
    "speed": 0.008003837566805568,
    "if_vehicle": true,
    "motion_state": false,
    "pose": [
      [
        -0.09651295184624381,
        -0.9943210999726263,
        0.044841947718082587,
        -41.61092278464457
      ],
      [
        0.995328810834108,
        -0.0965237614463739,
        0.001929196673199341,
        33.9316639888566
      ],
      [
        0.0024100725061718745,
        0.04481867496334681,
        0.9989922311635085,
        1.3757691191081562
      ],
      [
        0.0,
        0.0,
        0.0,
        1.0
      ]
    ],
    "location": [
      -41.61092278464457,
      33.9316639888566,
      1.3757691191081562
    ],
    "rotation": [
      0.04483382348478315,
      -0.0024100748393087075,
      1.6674600241338773
    ]
  },
  {
    "label_id": "IKfXUgFeE1HCCCYKAae06Q",
    "size": [
      1.927910395321804,
      4.1409722562418345,
      1.3700000000000045
    ],
    "obj_class": "vehicle",
    "point_num_in_lidar": 82,
    "speed": 3.552713678800501e-13,
    "if_vehicle": true,
    "motion_state": false,
    "pose": [
      [
        -0.02097082042343576,
        -0.9987739606215296,
        0.044841947718082587,
        37.03283034326341
      ],
      [
        0.9997795986046502,
        -0.02090532023482273,
        0.001929196673199341,
        83.34583414369081
      ],
      [
        -0.0009893961251094896,
        0.04487252132723047,
        0.9989922311635085,
        0.8617924024156878
      ],
      [
        0.0,
        0.0,
        0.0,
        1.0
      ]
    ],
    "location": [
      37.03283034326341,
      83.34583414369081,
      0.8617924024156878
    ],
    "rotation": [
      0.04488761576655907,
      0.0009893962865303123,
      1.5917686948639194
    ]
  },
  {
    "label_id": "J4URuhC5d2mK2-2Pm2tEVg",
    "size": [
      2.065931253758745,
      4.376834488824507,
      1.7300000000000182
    ],
    "obj_class": "vehicle",
    "point_num_in_lidar": 32,
    "speed": 7.105427357601002e-14,
    "if_vehicle": true,
    "motion_state": false,
    "pose": [
      [
        -0.9964172750279698,
        -0.07170644148668798,
        0.044841947718082587,
        64.68406962716244
      ],
      [
        0.0718648828945109,
        -0.997412510853335,
        0.001929196673199341,
        80.32190944717695
      ],
      [
        0.044587583836683646,
        0.005144846213624097,
        0.9989922311635085,
        1.0644356045604013
      ],
      [
        0.0,
        0.0,
        0.0,
        1.0
      ]
    ],
    "location": [
      64.68406962716244,
      80.32190944717695,
      1.0644356045604013
    ],
    "rotation": [
      0.005149990729144584,
      -0.0446023708131896,
      3.069594040135056
    ]
  },
  {
    "label_id": "JaWW9h6o2UDYFj3-kc1JMQ",
    "size": [
      1.9718878657398113,
      4.598148893329569,
      1.6200000000000045
    ],
    "obj_class": "vehicle",
    "point_num_in_lidar": 57,
    "speed": 7.105427357601002e-14,
    "if_vehicle": true,
    "motion_state": false,
    "pose": [
      [
        0.42645344552054204,
        0.9033972872045316,
        0.044841947718082587,
        48.468543886485804
      ],
      [
        -0.9043422151806099,
        0.4268037441757318,
        0.001929196673199341,
        24.853793677992144
      ],
      [
        -0.01739588014115777,
        -0.04137517890075653,
        0.9989922311635085,
        0.8129317674884646
      ],
      [
        0.0,
        0.0,
        0.0,
        1.0
      ]
    ],
    "location": [
      48.468543886485804,
      24.853793677992144,
      0.8129317674884646
    ],
    "rotation": [
      -0.041393260267421725,
      0.01739675764114219,
      -1.1301568052290887
    ]
  },
  {
    "label_id": "KRIFGuPyXMFLkXDccz9mLA",
    "size": [
      1.1528322506114732,
      1.3148555747822952,
      1.8799999999999955
    ],
    "obj_class": "pedestrian",
    "point_num_in_lidar": 594,
    "speed": 3.779883821729426,
    "if_vehicle": false,
    "motion_state": true,
    "pose": [
      [
        -0.021252212566814133,
        -0.9987680126965739,
        0.044841947718082587,
        9.052789911873333
      ],
      [
        0.9997736690937008,
        -0.021186995707635065,
        0.001929196673199341,
        49.94584489745648
      ],
      [
        -0.0009767537735671354,
        0.04487279829719735,
        0.9989922311635085,
        1.1239096019113504
      ],
      [
        0.0,
        0.0,
        0.0,
        1.0
      ]
    ],
    "location": [
      9.052789911873333,
      49.94584489745648,
      1.1239096019113504
    ],
    "rotation": [
      0.04488789245767166,
      0.0009767539288788555,
      1.5920501496105213
    ]
  },
  {
    "label_id": "LV0eEgqBFEblVK4wVnO9Gg",
    "size": [
      2.376412499724858,
      5.358373042693289,
      2.0
    ],
    "obj_class": "vehicle",
    "point_num_in_lidar": 47,
    "speed": 2.649179481291958,
    "if_vehicle": true,
    "motion_state": true,
    "pose": [
      [
        -0.006870593288019521,
        -0.9989704673676391,
        0.044841947718082587,
        3.6193156730400915
      ],
      [
        0.9999750805969768,
        -0.006790904598466236,
        0.001929196673199341,
        105.31621556740902
      ],
      [
        -0.0016226931133071303,
        0.04485408500922921,
        0.9989922311635085,
        0.9124252765370215
      ],
      [
        0.0,
        0.0,
        0.0,
        1.0
      ]
    ],
    "location": [
      3.6193156730400915,
      105.31621556740902,
      0.9124252765370215
    ],
    "rotation": [
      0.04486919799484066,
      0.0016226938254357553,
      1.5776669831843408
    ]
  },
  {
    "label_id": "M_3sev6zG_NGRjA1B8leIg",
    "size": [
      2.0960853076172645,
      4.811468628086786,
      1.4700000000000273
    ],
    "obj_class": "vehicle",
    "point_num_in_lidar": 610,
    "speed": 9.532931148469528e-13,
    "if_vehicle": true,
    "motion_state": false,
    "pose": [
      [
        0.3115494494221051,
        -0.9491712913324085,
        0.044841947718082587,
        33.742837287474686
      ],
      [
        0.950098252099762,
        0.3119448501853704,
        0.001929196673199341,
        42.31680159819916
      ],
      [
        -0.015819352760472288,
        0.04200321598633696,
        0.9989922311635085,
        0.7507691191081562
      ],
      [
        0.0,
        0.0,
        0.0,
        1.0
      ]
    ],
    "location": [
      33.742837287474686,
      42.31680159819916,
      0.7507691191081562
    ],
    "rotation": [
      0.04202083796218916,
      0.01582001263869098,
      1.2539320918582875
    ]
  },
  {
    "label_id": "O0ipbuwo_Nd7uLn6JzKcdA",
    "size": [
      2.081141305883805,
      4.05562961252444,
      1.4800000000000182
    ],
    "obj_class": "vehicle",
    "point_num_in_lidar": 1188,
    "speed": 2.0804680155088313,
    "if_vehicle": true,
    "motion_state": true,
    "pose": [
      [
        -0.04761202947623293,
        -0.9978588549359088,
        0.044841947718082587,
        -1.352856873259043
      ],
      [
        0.9988658825361579,
        -0.04757338442299689,
        0.001929196673199341,
        59.592029806759456
      ],
      [
        0.000208217233803412,
        0.044882944650932635,
        0.9989922311635085,
        0.96937589498242
      ],
      [
        0.0,
        0.0,
        0.0,
        1.0
      ]
    ],
    "location": [
      -1.352856873259043,
      59.592029806759456,
      0.96937589498242
    ],
    "rotation": [
      0.044898028591282925,
      -0.0002082172353079348,
      1.6184263643402934
    ]
  },
  {
    "label_id": "QIT_yfqN9dQa6ORELd4USA",
    "size": [
      2.0815084603119405,
      4.602855966355445,
      1.5
    ],
    "obj_class": "vehicle",
    "point_num_in_lidar": 29,
    "speed": 1.4281732235759946e-12,
    "if_vehicle": true,
    "motion_state": false,
    "pose": [
      [
        0.05807349615729463,
        0.9973047020689902,
        0.044841947718082587,
        -33.713192370222714
      ],
      [
        -0.9983120795503886,
        0.05804541346200153,
        0.001929196673199341,
        42.85044805454345
      ],
      [
        -0.0006788724823400043,
        -0.044878293273116536,
        0.9989922311635085,
        0.8038260621212885
      ],
      [
        0.0,
        0.0,
        0.0,
        1.0
      ]
    ],
    "location": [
      -33.713192370222714,
      42.85044805454345,
      0.8038260621212885
    ],
    "rotation": [
      -0.04489338189980894,
      0.0006788725344850983,
      -1.5126901251498317
    ]
  },
  {
    "label_id": "SgRDIBnvjCDj5pesLk7nPA",
    "size": [
      1.9875335616080216,
      4.312670339912523,
      1.7300000000000182
    ],
    "obj_class": "vehicle",
    "point_num_in_lidar": 72,
    "speed": 10.775027734564727,
    "if_vehicle": true,
    "motion_state": true,
    "pose": [
      [
        0.009974968990667054,
        0.9989442926001849,
        0.044841947718082587,
        -15.343378767323884
      ],
      [
        -0.9999491486198511,
        0.00989840263027256,
        0.001929196673199341,
        87.77240933555731
      ],
      [
        0.0014832963527565324,
        -0.04485891112014462,
        0.9989922311635085,
        0.8907691191079721
      ],
      [
        0.0,
        0.0,
        0.0,
        1.0
      ]
    ],
    "location": [
      -15.343378767323884,
      87.77240933555731,
      0.8907691191079721
    ],
    "rotation": [
      -0.0448740192538032,
      -0.00148329689667395,
      -1.560821181404708
    ]
  },
  {
    "label_id": "UahDY1qvMQ82owWsLmLHZQ",
    "size": [
      2.0024935692269437,
      4.635795969975856,
      1.420000000000016
    ],
    "obj_class": "vehicle",
    "point_num_in_lidar": 161,
    "speed": 0.0044607134160518066,
    "if_vehicle": true,
    "motion_state": false,
    "pose": [
      [
        -0.010702069589905768,
        0.9989367674839792,
        0.044841947718082587,
        -35.944508040095116
      ],
      [
        -0.9999398235878314,
        -0.010799416805213938,
        0.001929196673199341,
        60.30284908397516
      ],
      [
        0.0024114123723317817,
        -0.04481860289350506,
        0.9989922311635085,
        0.8355354251086169
      ],
      [
        0.0,
        0.0,
        0.0,
        1.0
      ]
    ],
    "location": [
      -35.944508040095116,
      60.30284908397516,
      0.8355354251086169
    ],
    "rotation": [
      -0.04483375148715272,
      -0.0024114147093620675,
      -1.5814986318053639
    ]
  },
  {
    "label_id": "WDJKr51g-iNhS0gJaIfkjA",
    "size": [
      2.1813729803632547,
      4.576132587612332,
      1.3600000000000136
    ],
    "obj_class": "vehicle",
    "point_num_in_lidar": 53,
    "speed": 5.684341886080801e-13,
    "if_vehicle": true,
    "motion_state": false,
    "pose": [
      [
        0.3957242477645739,
        -0.917273960960416,
        0.044841947718082587,
        61.07640169366823
      ],
      [
        0.918161566695214,
        0.39620148364687624,
        0.001929196673199341,
        42.91609726322167
      ],
      [
        -0.019536048089417196,
        0.04040872306820786,
        0.9989922311635085,
        0.9056491785476624
      ],
      [
        0.0,
        0.0,
        0.0,
        1.0
      ]
    ],
    "location": [
      61.07640169366823,
      42.91609726322167,
      0.9056491785476624
    ],
    "rotation": [
      0.04042744780799829,
      0.019537290981711062,
      1.1638577331987932
    ]
  },
  {
    "label_id": "WI6i77z9ngV3vsWbOpfUiA",
    "size": [
      2.045092142053032,
      4.2313164068057265,
      1.6000000000000227
    ],
    "obj_class": "vehicle",
    "point_num_in_lidar": 31,
    "speed": 1.7067822212573438e-12,
    "if_vehicle": true,
    "motion_state": false,
    "pose": [
      [
        0.016579993904384464,
        -0.9988564979650377,
        0.044841947718082587,
        39.856309719565616
      ],
      [
        0.9998589638762989,
        0.01668324178360002,
        0.001929196673199341,
        83.28843404887266
      ],
      [
        -0.002675099688706018,
        0.04480363731451522,
        0.9989922311635085,
        0.9639886915258558
      ],
      [
        0.0,
        0.0,
        0.0,
        1.0
      ]
    ],
    "location": [
      39.856309719565616,
      83.28843404887266,
      0.9639886915258558
    ],
    "rotation": [
      0.04481880089304386,
      0.002675102879289119,
      1.5542155138339755
    ]
  },
  {
    "label_id": "XeXTOoCuW1m_4pGsdFCfNw",
    "size": [
      0.5182916940695851,
      0.12495920793043618,
      0.4399999999999977
    ],
    "obj_class": "sign",
    "point_num_in_lidar": 44,
    "speed": 0.013721236975083354,
    "if_vehicle": false,
    "motion_state": false,
    "pose": [
      [
        0.057990367146461816,
        0.9973095392319615,
        0.044841947718082587,
        7.597394105055173
      ],
      [
        -0.9983169143690701,
        0.05796220048285606,
        0.001929196673199341,
        68.21711988874085
      ],
      [
        -0.0006751317184409852,
        -0.04487834970359193,
        0.9989922311635085,
        2.300501044567852
      ],
      [
        0.0,
        0.0,
        0.0,
        1.0
      ]
    ],
    "location": [
      7.597394105055173,
      68.21711988874085,
      2.300501044567852
    ],
    "rotation": [
      -0.0448934382734413,
      0.0006751317697288212,
      -1.5127733946585928
    ]
  },
  {
    "label_id": "YTcass-ERc9jtlumJh8FmA",
    "size": [
      1.9368651489205464,
      4.353787564816944,
      1.509999999999991
    ],
    "obj_class": "vehicle",
    "point_num_in_lidar": 759,
    "speed": 9.30659431639109,
    "if_vehicle": true,
    "motion_state": true,
    "pose": [
      [
        0.020464069398667066,
        0.998784472040137,
        0.044841947718082587,
        -16.239398525402066
      ],
      [
        -0.9997900766609639,
        0.02039805898755744,
        0.001929196673199341,
        58.074500293460005
      ],
      [
        0.001012162986032577,
        -0.04487201356129275,
        0.9989922311635085,
        0.7789886915258535
      ],
      [
        0.0,
        0.0,
        0.0,
        1.0
      ]
    ],
    "location": [
      -16.239398525402066,
      58.074500293460005,
      0.7789886915258535
    ],
    "rotation": [
      -0.044887108511823925,
      -0.0010121631588550853,
      -1.5503308183248654
    ]
  },
  {
    "label_id": "Yfx_HVbC7uVvds21GWNTRg",
    "size": [
      2.153725369991189,
      5.135124867746784,
      1.6999999999999886
    ],
    "obj_class": "vehicle",
    "point_num_in_lidar": 24,
    "speed": 1.7067822212573438e-12,
    "if_vehicle": true,
    "motion_state": false,
    "pose": [
      [
        0.02026972553039371,
        0.9987884350310486,
        0.044841947718082587,
        -36.45167724617613
      ],
      [
        -0.999794026788533,
        0.020203519449988293,
        0.001929196673199341,
        42.346059271081685
      ],
      [
        0.001020894163194235,
        -0.04487181576516256,
        0.9989922311635085,
        0.6098985881758381
      ],
      [
        0.0,
        0.0,
        0.0,
        1.0
      ]
    ],
    "location": [
      -36.45167724617613,
      42.346059271081685,
      0.6098985881758381
    ],
    "rotation": [
      -0.044886910914822324,
      -0.0010208943405278698,
      -1.5505252024336005
    ]
  },
  {
    "label_id": "Yqhji1Do1Bpc7WANpj6fog",
    "size": [
      2.375418643572935,
      4.9945625151731425,
      1.740000000000009
    ],
    "obj_class": "vehicle",
    "point_num_in_lidar": 41,
    "speed": 1.4369837526939963e-12,
    "if_vehicle": true,
    "motion_state": false,
    "pose": [
      [
        0.3681758366159748,
        0.9286741910147907,
        0.044841947718082587,
        73.53724016880551
      ],
      [
        -0.9296394719117618,
        0.36846537213667274,
        0.001929196673199341,
        30.461158354339204
      ],
      [
        -0.014731109793484702,
        -0.04239712819528505,
        0.9989922311635085,
        1.0257691191082472
      ],
      [
        0.0,
        0.0,
        0.0,
        1.0
      ]
    ],
    "location": [
      73.53724016880551,
      30.461158354339204,
      1.0257691191082472
    ],
    "rotation": [
      -0.04241444516686682,
      0.014731642634395725,
      -1.1937070769136189
    ]
  },
  {
    "label_id": "aBfZK79ylDzaSLoIvIuLKg",
    "size": [
      0.868447272243133,
      0.1641085882203508,
      0.9399999999999977
    ],
    "obj_class": "sign",
    "point_num_in_lidar": 65,
    "speed": 0.01987225237509932,
    "if_vehicle": false,
    "motion_state": false,
    "pose": [
      [
        0.03434327628494643,
        0.9984035952954419,
        0.044841947718082587,
        8.02530272251306
      ],
      [
        -0.9994100202097913,
        0.034291248219634245,
        0.001929196673199341,
        86.20077635963389
      ],
      [
        0.000388430534701596,
        -0.044881746809531005,
        0.9989922311635085,
        2.980236653837153
      ],
      [
        0.0,
        0.0,
        0.0,
        1.0
      ]
    ],
    "location": [
      8.02530272251306,
      86.20077635963389,
      2.980236653837153
    ],
    "rotation": [
      -0.04489683195691232,
      -0.0003884305444692185,
      -1.536446293241528
    ]
  },
  {
    "label_id": "aCe-sGUZd8XCrjmz2Aqjpw",
    "size": [
      1.841836542919301,
      4.44996955986282,
      1.3700000000000045
    ],
    "obj_class": "vehicle",
    "point_num_in_lidar": 311,
    "speed": 3.552713678800501e-13,
    "if_vehicle": true,
    "motion_state": false,
    "pose": [
      [
        0.43988821030916675,
        0.8969323063396965,
        0.044841947718082587,
        36.38817447159181
      ],
      [
        -0.8978719012401791,
        0.44025257201240964,
        0.001929196673199341,
        65.99809106299654
      ],
      [
        -0.018011423995456306,
        -0.04111095572485558,
        0.9989922311635085,
        0.8107691191080448
      ],
      [
        0.0,
        0.0,
        0.0,
        1.0
      ]
    ],
    "location": [
      36.38817447159181,
      65.99809106299654,
      0.8107691191080448
    ],
    "rotation": [
      -0.04112922058417804,
      0.018012397989513734,
      -1.115242664096416
    ]
  },
  {
    "label_id": "aH4CifP98VP1LwWVbnjEww",
    "size": [
      0.8111830784138476,
      0.13501192777146076,
      0.8199999999999932
    ],
    "obj_class": "sign",
    "point_num_in_lidar": 82,
    "speed": 0.013016512693839596,
    "if_vehicle": false,
    "motion_state": false,
    "pose": [
      [
        0.9954612373514053,
        0.08394119760676284,
        0.044841947718082587,
        -21.88988240989238
      ],
      [
        -0.08411185271312441,
        0.9964544517605215,
        0.001929196673199341,
        40.49456202643705
      ],
      [
        -0.04452101935012862,
        -0.005692179809230218,
        0.9989922311635085,
        1.4598894558766347
      ],
      [
        0.0,
        0.0,
        0.0,
        1.0
      ]
    ],
    "location": [
      -21.88988240989238,
      40.49456202643705,
      1.4598894558766347
    ],
    "rotation": [
      -0.0056978603351428665,
      0.044535740159987826,
      -0.08429513020236694
    ]
  },
  {
    "label_id": "bbrz_rolD5p6nYiFP9UnZg",
    "size": [
      1.8584089971460669,
      4.223727654714482,
      1.3999999999999773
    ],
    "obj_class": "vehicle",
    "point_num_in_lidar": 36,
    "speed": 8.556067554929069e-13,
    "if_vehicle": true,
    "motion_state": false,
    "pose": [
      [
        -0.005606832776345252,
        0.9989783597010832,
        0.044841947718082587,
        -27.91348855156366
      ],
      [
        -0.9999818992789236,
        -0.005699062617022147,
        0.001929196673199341,
        43.42614408564987
      ],
      [
        0.0021827827960480503,
        -0.0448303193633551,
        0.9989922311635085,
        0.7067924024157719
      ],
      [
        0.0,
        0.0,
        0.0,
        1.0
      ]
    ],
    "location": [
      -27.91348855156366,
      43.42614408564987,
      0.7067924024157719
    ],
    "rotation": [
      -0.04484545621142462,
      -0.002182784529378024,
      -1.5764032023055088
    ]
  },
  {
    "label_id": "ccYkeSntRbCCmr463of64A",
    "size": [
      0.449906563938957,
      0.08219830929241016,
      0.6299999999999955
    ],
    "obj_class": "sign",
    "point_num_in_lidar": 31,
    "speed": 0.0033158258476409463,
    "if_vehicle": false,
    "motion_state": false,
    "pose": [
      [
        0.9881722621790744,
        0.14664508169297535,
        0.044841947718082587,
        10.10843331127353
      ],
      [
        -0.1468781256564432,
        0.9891527154104396,
        0.001929196673199341,
        63.14851731271483
      ],
      [
        -0.044072627145891226,
        -0.008492679872359929,
        0.9989922311635085,
        1.0389886915260718
      ],
      [
        0.0,
        0.0,
        0.0,
        1.0
      ]
    ],
    "location": [
      10.10843331127353,
      63.14851731271483,
      1.0389886915260718
    ],
    "rotation": [
      -0.008501042374749428,
      0.04408690738398156,
      -0.14755584786710316
    ]
  },
  {
    "label_id": "j4uKazNwBsHJ2f4MFBWDNg",
    "size": [
      0.9129643679416466,
      0.12332203574414805,
      1.089999999999975
    ],
    "obj_class": "sign",
    "point_num_in_lidar": 23,
    "speed": 0.005714786548350852,
    "if_vehicle": false,
    "motion_state": false,
    "pose": [
      [
        0.004347889085916884,
        -0.9989846323068965,
        0.044841947718082587,
        -18.869718077124162
      ],
      [
        0.9999882873183513,
        0.00443885416594818,
        0.001929196673199341,
        47.44643792013812
      ],
      [
        -0.0021262846956613727,
        0.04483303456546446,
        0.9989922311635085,
        3.222699392969787
      ],
      [
        0.0,
        0.0,
        0.0,
        1.0
      ]
    ],
    "location": [
      -18.869718077124162,
      47.44643792013812,
      3.222699392969787
    ],
    "rotation": [
      0.04484816868983144,
      0.0021262862978508423,
      1.566448414181295
    ]
  },
  {
    "label_id": "k-MFEgD7GPZpMCEFQBGOAQ",
    "size": [
      1.8802067665046094,
      4.302671856723734,
      1.6899999999999977
    ],
    "obj_class": "vehicle",
    "point_num_in_lidar": 215,
    "speed": 3.552713678800501e-13,
    "if_vehicle": true,
    "motion_state": false,
    "pose": [
      [
        0.00664972693567498,
        0.9989719619971972,
        0.044841947718082587,
        -38.647677359383124
      ],
      [
        -0.9999765575833053,
        0.006569816134305237,
        0.001929196673199341,
        54.70569671441808
      ],
      [
        0.00163261003409248,
        -0.044853725145540764,
        0.9989922311635085,
        0.9338102555300338
      ],
      [
        0.0,
        0.0,
        0.0,
        1.0
      ]
    ],
    "location": [
      -38.647677359383124,
      54.70569671441808,
      0.9338102555300338
    ],
    "rotation": [
      -0.044868838492859206,
      -0.0016326107593573713,
      -1.5641465419886569
    ]
  },
  {
    "label_id": "kL2EBrshDXJSLqHZglULqA",
    "size": [
      2.053141469752643,
      4.581564295669244,
      1.5400000000000205
    ],
    "obj_class": "vehicle",
    "point_num_in_lidar": 46,
    "speed": 3.1776437161565096e-13,
    "if_vehicle": true,
    "motion_state": false,
    "pose": [
      [
        -0.546142673166558,
        -0.8364911118902191,
        0.044841947718082587,
        51.33134980809291
      ],
      [
        0.837379170704267,
        -0.5466190654110318,
        0.001929196673199341,
        60.44289381449562
      ],
      [
        0.022897707682649225,
        0.038603329621097214,
        0.9989922311635085,
        0.9257461048148912
      ],
      [
        0.0,
        0.0,
        0.0,
        1.0
