[
  {
    "label_id": "0X-5YbX76mfO3JdaVTit6A",
    "size": [
      2.0364853847542506,
      4.528660799265791,
      1.5
    ],
    "obj_class": "vehicle",
    "point_num_in_lidar": 20,
    "speed": 1.1368683772161603e-12,
    "if_vehicle": true,
    "motion_state": false,
    "pose": [
      [
        0.034639835034474147,
        0.9984103057857342,
        0.0444628286282043,
        -46.22040728207503
      ],
      [
        -0.9993998421074844,
        0.03461414760921094,
        0.0013477317324774132,
        41.70301674385337
      ],
      [
        -0.00019345366211980224,
        -0.04448282911556326,
        0.9990101303237902,
        0.7257691191081221
      ],
      [
        0.0,
        0.0,
        0.0,
        1.0
      ]
    ],
    "location": [
      -46.22040728207503,
      41.70301674385337,
      0.7257691191081221
    ],
    "rotation": [
      -0.04449751288597632,
      0.00019345366332644754,
      -1.536149559873997
    ]
  },
  {
    "label_id": "1eolDINDzpEd5w-27y0I0Q",
    "size": [
      0.808579123649882,
      0.6297640151236392,
      0.8899999999999864
    ],
    "obj_class": "sign",
    "point_num_in_lidar": 45,
    "speed": 0.01288951256577513,
    "if_vehicle": false,
    "motion_state": false,
    "pose": [
      [
        0.9982228893603717,
        0.039675181504433485,
        0.0444628286282043,
        -22.935599252793963
      ],
      [
        -0.039774357361426954,
        0.9992077782501808,
        0.0013477317324774132,
        58.18209483881401
      ],
      [
        -0.044374132707201225,
        -0.0031138170992343456,
        0.9990101303237902,
        0.7124832709860129
      ],
      [
        0.0,
        0.0,
        0.0,
        1.0
      ]
    ],
    "location": [
      -22.935599252793963,
      58.18209483881401,
      0.7124832709860129
    ],
    "rotation": [
      -0.0031168923328359034,
      0.044388708207916565,
      -0.039824100137276705
    ]
  },
  {
    "label_id": "303QVPZsmqpcoXSJgCZsaQ",
    "size": [
      2.415480313556929,
      5.381323891110312,
      1.6999999999999886
    ],
    "obj_class": "vehicle",
    "point_num_in_lidar": 29,
    "speed": 5.859285502108464e-13,
    "if_vehicle": true,
    "motion_state": false,
    "pose": [
      [
        -0.0380945795282598,
        -0.9982844583989796,
        0.0444628286282043,
        -54.36063190975892
      ],
      [
        0.9992740776861213,
        -0.038072316500688624,
        0.0013477317324774132,
        33.96010243760247
      ],
      [
        0.0003473832414255402,
        0.044481893342430544,
        0.9990101303237902,
        0.8566555654242052
      ],
      [
        0.0,
        0.0,
        0.0,
        1.0
      ]
    ],
    "location": [
      -54.36063190975892,
      33.96010243760247,
      0.8566555654242052
    ],
    "rotation": [
      0.04449657803906316,
      -0.0003473832484122928,
      1.6089001284353779
    ]
  },
  {
    "label_id": "39-kEkDzJEr7nWBZPk1HXw",
    "size": [
      0.9772257133555246,
      0.13068810941669862,
      0.839999999999975
    ],
    "obj_class": "sign",
    "point_num_in_lidar": 110,
    "speed": 0.013510700537357237,
    "if_vehicle": false,
    "motion_state": false,
    "pose": [
      [
        0.05799135081668674,
        0.9973264561320104,
        0.0444628286282043,
        7.569426380032382
      ],
      [
        -0.9983163225826017,
        0.05798882378810495,
        0.0013477317324774132,
        68.21420139768998
      ],
      [
        -0.001234218621873294,
        -0.04446612435143422,
        0.9990101303237902,
        2.9689798736500848
      ],
      [
        0.0,
        0.0,
        0.0,
        1.0
      ]
    ],
    "location": [
      7.569426380032382,
      68.21420139768998,
      2.9689798736500848
    ],
    "rotation": [
      -0.04448082464436313,
      0.001234218935220143,
      -1.5127723783250488
    ]
  },
  {
    "label_id": "4KLepsi_DW90MB8EG8E5xQ",
    "size": [
      2.0183254698180866,
      4.764829562322304,
      1.5
    ],
    "obj_class": "vehicle",
    "point_num_in_lidar": 45,
    "speed": 8.556067554929069e-13,
    "if_vehicle": true,
    "motion_state": false,
    "pose": [
      [
        0.40629250061558125,
        0.9126606493181991,
        0.0444628286282043,
        39.52861704395082
      ],
      [
        -0.9135876917849598,
        0.40663953698356287,
        0.0013477317324774132,
        66.1447745856185
      ],
      [
        -0.016850322328282923,
        -0.04116826627241862,
        0.9990101303237902,
        0.8257691191080312
      ],
      [
        0.0,
        0.0,
        0.0,
        1.0
      ]
    ],
    "location": [
      39.52861704395082,
      66.1447745856185,
      0.8257691191080312
    ],
    "rotation": [
      -0.041185754720535796,
      0.01685111982496312,
      -1.1523402888829284
    ]
  },
  {
    "label_id": "4ZoF6vgB7LJluyrGWdiMEg",
    "size": [
      2.0939219872931814,
      4.5423472073732345,
      1.6399999999999864
    ],
    "obj_class": "vehicle",
    "point_num_in_lidar": 100,
    "speed": 2.8421709430404007e-13,
    "if_vehicle": true,
    "motion_state": false,
    "pose": [
      [
        0.06291420302822782,
        0.9970280136123065,
        0.0444628286282043,
        -31.30352822734403
      ],
      [
        -0.9980178804758496,
        0.06291656276108769,
        0.0013477317324774132,
        43.408713001137585
      ],
      [
        -0.0014537220558076744,
        -0.044459489455326046,
        0.9990101303237902,
        0.6957691191080926
      ],
      [
        0.0,
        0.0,
        0.0,
        1.0
      ]
    ],
    "location": [
      -31.30352822734403,
      43.408713001137585,
      0.6957691191080926
    ],
    "rotation": [
      -0.04447419630388504,
      0.0014537225678351918,
      -1.5078404785864514
    ]
  },
  {
    "label_id": "6YI5y30RVco3JWyYxY8N3g",
    "size": [
      2.052802263987322,
      4.8452979739718565,
      1.5500000000000114
    ],
    "obj_class": "vehicle",
    "point_num_in_lidar": 60,
    "speed": 2.1316282072803006e-13,
    "if_vehicle": true,
    "motion_state": false,
    "pose": [
      [
        0.382741543619422,
        0.9227848978273328,
        0.0444628286282043,
        42.619550223947954
      ],
      [
        -0.9237205394042601,
        0.3830646795279873,
        0.0013477317324774132,
        66.17119736787026
      ],
      [
        -0.015788472710318077,
        -0.04158706096755734,
        0.9990101303237902,
        0.8707691191080471
      ],
      [
        0.0,
        0.0,
        0.0,
        1.0
      ]
    ],
    "location": [
      42.619550223947954,
      66.17119736787026,
      0.8707691191080471
    ],
    "rotation": [
      -0.041604246447606706,
      0.015789128731455868,
      -1.1779826989918367
    ]
  },
  {
    "label_id": "7fi3RH1tDAN7KdBm3uskXw",
    "size": [
      2.0138284357817007,
      4.671199321269581,
      1.5699999999999932
    ],
    "obj_class": "vehicle",
    "point_num_in_lidar": 170,
    "speed": 1.464821375527116e-12,
    "if_vehicle": true,
    "motion_state": false,
    "pose": [
      [
        -0.47079085897660555,
        -0.8811237279601819,
        0.0444628286282043,
        45.40282257418539
      ],
      [
        0.88202345215978,
        -0.4712035796333909,
        0.0013477317324774132,
        25.29213115062339
      ],
      [
        0.019763525601825146,
        0.03985175737944052,
        0.9990101303237902,
        0.7779317674882691
      ],
      [
        0.0,
        0.0,
        0.0,
        1.0
      ]
    ],
    "location": [
      45.40282257418539,
      25.29213115062339,
      0.7779317674882691
    ],
    "rotation": [
      0.039870104895655095,
      -0.01976481242347201,
      2.0610875575293406
    ]
  },
  {
    "label_id": "AFL1N-XB7hfEMBHsxDvkQg",
    "size": [
      2.3168687383438065,
      5.169979861084375,
      1.5699999999999932
    ],
    "obj_class": "vehicle",
    "point_num_in_lidar": 26,
    "speed": 2.929642751054232e-13,
    "if_vehicle": true,
    "motion_state": false,
    "pose": [
      [
        -0.029666721958783327,
        -0.9985704494318861,
        0.0444628286282043,
        -33.48125731671553
      ],
      [
        0.9995598455413324,
        -0.02963610636647405,
        0.0013477317324774132,
        33.880107905102705
      ],
      [
        -2.809996323381482e-05,
        0.044483240898521056,
        0.9990101303237902,
        0.722085054684328
      ],
      [
        0.0,
        0.0,
        0.0,
        1.0
      ]
    ],
    "location": [
      -33.48125731671553,
      33.880107905102705,
      0.722085054684328
    ],
    "rotation": [
      0.044497924261330514,
      2.8099963237512813e-05,
      1.6004674021746177
    ]
  },
  {
    "label_id": "AvgCjaE0kU2RZkYQUwpOLQ",
    "size": [
      2.329740279830611,
      5.3226951623069425,
      2.0400000000000205
    ],
    "obj_class": "vehicle",
    "point_num_in_lidar": 93,
    "speed": 0.1265032567637851,
    "if_vehicle": true,
    "motion_state": false,
    "pose": [
      [
        0.02741936777416777,
        -0.9986346855288193,
        0.0444628286282043,
        -1.2295415707558277
      ],
      [
        0.9996207175685907,
        0.02750644700489516,
        0.0013477317324774132,
        119.06982326209982
      ],
      [
        -0.0025689060941892295,
        0.04440901070642114,
        0.9990101303237902,
        1.145769119108138
      ],
      [
        0.0,
        0.0,
        0.0,
        1.0
      ]
    ],
    "location": [
      -1.2295415707558277,
      119.06982326209982,
      1.145769119108138
    ],
    "rotation": [
      0.04442376730265796,
      0.002568908919685422,
      1.5433734316032457
    ]
  },
  {
    "label_id": "Bc_BDnL5j2YXCBH4HKF80g",
    "size": [
      1.936247465703114,
      4.70142584633995,
      1.670000000000016
    ],
    "obj_class": "vehicle",
    "point_num_in_lidar": 34,
    "speed": 1.7067822212573438e-12,
    "if_vehicle": true,
    "motion_state": false,
    "pose": [
      [
        -0.037991986221943636,
        -0.9982883680847385,
        0.0444628286282043,
        -36.14959048759283
      ],
      [
        0.9992779850786961,
        -0.03796962149189942,
        0.0013477317324774132,
        34.39560671230538
      ],
      [
        0.0003428118616412125,
        0.04448192880790252,
        0.9990101303237902,
        0.7587939917969493
      ],
      [
        0.0,
        0.0,
        0.0,
        1.0
      ]
    ],
    "location": [
      -36.14959048759283,
      34.39560671230538,
      0.7587939917969493
    ],
    "rotation": [
      0.044496613469433156,
      -0.0003428118683557529,
      1.608797460740947
    ]
  },
  {
    "label_id": "BoPK3Su8JdbF_6OhYJQLEQ",
    "size": [
      2.354955177685049,
      5.360671848850634,
      1.8999999999999773
    ],
    "obj_class": "vehicle",
    "point_num_in_lidar": 23,
    "speed": 0.0,
    "if_vehicle": true,
    "motion_state": false,
    "pose": [
      [
        0.9990110394136688,
        1.1458831826065887e-15,
        0.0444628286282043,
        63.36084619974736
      ],
      [
        -5.9983286164937915e-05,
        0.9999990900101772,
        0.0013477317324774132,
        87.91696866956227
      ],
      [
        -0.04446278816748275,
        -0.0013490659054863534,
        0.9990101303237902,
        1.1554782013761837
      ],
      [
        0.0,
        0.0,
        0.0,
        1.0
      ]
    ],
    "location": [
      63.36084619974736,
      87.91696866956227,
      1.1554782013761837
    ],
    "rotation": [
      -0.001350401807240472,
      0.04447745125645243,
      -6.004266592295162e-05
    ]
  },
  {
    "label_id": "Cc4GN5NKm3dtq0Hi5UrAgQ",
    "size": [
      2.4562832064207387,
      5.5493346788713325,
      1.8999999999999773
    ],
    "obj_class": "vehicle",
    "point_num_in_lidar": 24,
    "speed": 2.929642751054232e-13,
    "if_vehicle": true,
    "motion_state": false,
    "pose": [
      [
        -0.41694751370812394,
        0.9078424024482402,
        0.0444628286282043,
        42.54799573019136
      ],
      [
        -0.9087152500053167,
        -0.41741439604660485,
        0.0013477317324774132,
        48.81526814575591
      ],
      [
        0.019782952772233613,
        -0.03984211703782022,
        0.9990101303237902,
        1.0257691191080198
      ],
      [
        0.0,
        0.0,
        0.0,
        1.0
      ]
    ],
    "location": [
      42.54799573019136,
      48.81526814575591,
      1.0257691191080198
    ],
    "rotation": [
      -0.03986047032978349,
      -0.019784243392821945,
      -2.000970514808085
    ]
  },
  {
    "label_id": "G7BNS6imdS_exHasj7Aj1A",
    "size": [
      2.2785540398702655,
      5.572773604678559,
      1.839999999999975
    ],
    "obj_class": "vehicle",
    "point_num_in_lidar": 21,
    "speed": 1.7053025658242404e-12,
    "if_vehicle": true,
    "motion_state": false,
    "pose": [
      [
        -0.010193412227008413,
        0.9989590338034634,
        0.0444628286282043,
        -51.50486696201324
      ],
      [
        -0.9999464209252847,
        -0.010263473967930684,
        0.0013477317324774132,
        42.19396131948088
      ],
      [
        0.0018026718734680423,
        -0.04444670836586661,
        0.9990101303237902,
        0.774054749230288
      ],
      [
        0.0,
        0.0,
        0.0,
        1.0
      ]
    ],
    "location": [
      -51.50486696201324,
      42.19396131948088,
      0.774054749230288
    ],
    "rotation": [
      -0.04446142783179991,
      -0.0018026728498043332,
      -1.5809899321189738
    ]
  },
  {
    "label_id": "GLDf7-Sxvl37cAZNUTUxwg",
    "size": [
      1.0569865237853526,
      1.0129598608742194,
      1.7200000000000273
    ],
    "obj_class": "pedestrian",
    "point_num_in_lidar": 98,
    "speed": 1.4572113661707173,
    "if_vehicle": false,
    "motion_state": true,
    "pose": [
      [
        -0.3027821697486698,
        -0.9520220662110025,
        0.0444628286282043,
        11.699134203632184
      ],
      [
        0.952981823212792,
        -0.3030244680635539,
        0.0013477317324774132,
        75.05594240597748
      ],
      [
        0.012190254645011282,
        0.0427803366295027,
        0.9990101303237902,
        1.02420943963034
      ],
      [
        0.0,
        0.0,
        0.0,
        1.0
      ]
    ],
    "location": [
      11.699134203632184,
      75.05594240597748,
      1.02420943963034
    ],
    "rotation": [
      0.0427965784075622,
      -0.012190556581865738,
      1.8784304378629137
    ]
  },
  {
    "label_id": "IJ3FUi4Z1k7xeHX3cNHhgA",
    "size": [
      2.273359239257503,
      5.809798929251251,
      2.3000000000000114
    ],
    "obj_class": "vehicle",
    "point_num_in_lidar": 227,
    "speed": 0.008003837432435178,
    "if_vehicle": true,
    "motion_state": false,
    "pose": [
      [
        -0.09651458895080589,
        -0.9943379661815372,
        0.0444628286282043,
        -41.6117181832592
      ],
      [
        0.9953271899676975,
        -0.09655034194752611,
        0.0013477317324774132,
        33.93175523952232
      ],
      [
        0.0029528004781774675,
        0.04438513805070189,
        0.9990101303237902,
        1.3757691191081562
      ],
      [
        0.0,
        0.0,
        0.0,
        1.0
      ]
    ],
    "location": [
      -41.6117181832592,
      33.93175523952232,
      1.3757691191081562
    ],
    "rotation": [
      0.044399918095089655,
      -0.002952804769120622,
      1.6674618100387886
    ]
  },
  {
    "label_id": "IKfXUgFeE1HCCCYKAae06Q",
    "size": [
      1.9279103953218053,
      4.1409722562418345,
      1.3700000000000045
    ],
    "obj_class": "vehicle",
    "point_num_in_lidar": 70,
    "speed": 3.552713678800501e-13,
    "if_vehicle": true,
    "motion_state": false,
    "pose": [
      [
        -0.020971176141761128,
        -0.9987909023622562,
        0.0444628286282043,
        37.03283034326341
      ],
      [
        0.999779994402226,
        -0.020931947168434835,
        0.0013477317324774132,
        83.34583414368717
      ],
      [
        -0.0004154086134186183,
        0.04448131007656685,
        0.9990101303237902,
        0.8617924024156878
      ],
      [
        0.0,
        0.0,
        0.0,
        1.0
      ]
    ],
    "location": [
      37.03283034326341,
      83.34583414368717,
      0.8617924024156878
    ],
    "rotation": [
      0.044495995350471225,
      0.0004154086253660697,
      1.591769042203844
    ]
  },
  {
    "label_id": "J4URuhC5d2mK2-2Pm2tEVg",
    "size": [
      2.0659312537587424,
      4.376834488824507,
      1.7300000000000182
    ],
    "obj_class": "vehicle",
    "point_num_in_lidar": 36,
    "speed": 7.105427357601002e-14,
    "if_vehicle": true,
    "motion_state": false,
    "pose": [
      [
        -0.9964341767933289,
        -0.07170765780988686,
        0.0444628286282043,
        64.6840696271629
      ],
      [
        0.07183840730642888,
        -0.997415373279785,
        0.0013477317324774132,
        80.32190944717877
      ],
      [
        0.04425126612738348,
        0.004537064752378265,
        0.9990101303237902,
        1.0644356045603445
      ],
      [
        0.0,
        0.0,
        0.0,
        1.0
      ]
    ],
    "location": [
      64.6840696271629,
      80.32190944717877,
      1.0644356045603445
    ],
    "rotation": [
      0.004541529081200704,
      -0.04426572081872465,
      3.0696216900682414
    ]
  },
  {
    "label_id": "JaWW9h6o2UDYFj3-kc1JMQ",
    "size": [
      1.971887865739806,
      4.598148893329569,
      1.6200000000000045
    ],
    "obj_class": "vehicle",
    "point_num_in_lidar": 73,
    "speed": 7.105427357601002e-14,
    "if_vehicle": true,
    "motion_state": false,
    "pose": [
      [
        0.42646067925308656,
        0.9034126111148632,
        0.0444628286282043,
        48.468543886485804
      ],
      [
        -0.9043317179575717,
        0.4268282178055759,
        0.0013477317324774132,
        24.853793677993963
      ],
      [
        -0.0177604320584514,
        -0.040783900788680355,
        0.9990101303237902,
        0.8129317674884078
      ],
      [
        0.0,
        0.0,
        0.0,
        1.0
      ]
    ],
    "location": [
      48.468543886485804,
      24.853793677993963,
      0.8129317674884078
    ],
    "rotation": [
      -0.040801654590706435,
      0.017761365895247853,
      -1.130145783476447
    ]
  },
  {
    "label_id": "KRIFGuPyXMFLkXDccz9mLA",
    "size": [
      1.152832250611473,
      1.3148555747822952,
      1.8799999999999955
    ],
    "obj_class": "pedestrian",
    "point_num_in_lidar": 511,
    "speed": 3.7793995734096937,
    "if_vehicle": false,
    "motion_state": true,
    "pose": [
      [
        -0.021252573058266496,
        -0.9987849543364086,
        0.0444628286282043,
        9.063261246447382
      ],
      [
        0.9997740573894311,
        -0.02121362275170399,
        0.0013477317324774132,
        49.57318609562935
      ],
      [
        -0.0004028765038877917,
        0.044481425347738184,
        0.9990101303237902,
        1.1288935562587312
      ],
      [
        0.0,
        0.0,
        0.0,
        1.0
      ]
    ],
    "location": [
      9.063261246447382,
      49.57318609562935,
      1.1288935562587312
    ],
    "rotation": [
      0.044496110507558397,
      0.00040287651478623836,
      1.5920505017684365
    ]
  },
  {
    "label_id": "LV0eEgqBFEblVK4wVnO9Gg",
    "size": [
      2.376412499725166,
      5.358373042693289,
      2.0
    ],
    "obj_class": "vehicle",
    "point_num_in_lidar": 50,
    "speed": 2.655464076166638,
    "if_vehicle": true,
    "motion_state": true,
    "pose": [
      [
        -0.006646271599538023,
        -0.9989889308416806,
        0.0444628286282043,
        3.6223278620564088
      ],
      [
        0.9999773586320424,
        -0.006592862994237755,
        0.0013477317324774132,
        105.05072776659836
      ],
      [
        -0.0010532317450069936,
        0.04447077932007825,
        0.9990101303237902,
        0.9124252765369079
      ],
      [
        0.0,
        0.0,
        0.0,
        1.0
      ]
    ],
    "location": [
      3.6223278620564088,
      105.05072776659836,
      0.9124252765369079
    ],
    "rotation": [
      0.04448547501131613,
      0.001053231939731579,
      1.5774426510127142
    ]
  },
  {
    "label_id": "M_3sev6zG_NGRjA1B8leIg",
    "size": [
      2.096085307617266,
      4.811468628086786,
      1.4700000000000273
    ],
    "obj_class": "vehicle",
    "point_num_in_lidar": 613,
    "speed": 9.532931148469528e-13,
    "if_vehicle": true,
    "motion_state": false,
    "pose": [
      [
        0.31155473409131496,
        -0.9491873916859984,
        0.0444628286282043,
        33.74283728747423
      ],
      [
        0.9501074586877829,
        0.31191986240863223,
        0.0013477317324774132,
        42.31680159820098
      ],
      [
        -0.015148089355850767,
        0.04182457291247516,
        0.9990101303237902,
        0.7507691191082131
      ],
      [
        0.0,
        0.0,
        0.0,
        1.0
      ]
    ],
    "location": [
      33.74283728747423,
      42.31680159820098,
      0.7507691191082131
    ],
    "rotation": [
      0.0418415800995051,
      0.015148668740751752,
      1.253929938694283
    ]
  },
  {
    "label_id": "O0ipbuwo_Nd7uLn6JzKcdA",
    "size": [
      2.0811413058835706,
      4.05562961252444,
      1.4800000000000182
    ],
    "obj_class": "vehicle",
    "point_num_in_lidar": 1150,
    "speed": 2.089911484207832,
    "if_vehicle": true,
    "motion_state": true,
    "pose": [
      [
        -0.047481130374584436,
        -0.997882056722502,
        0.0444628286282043,
        -1.3440566311228395
      ],
      [
        0.9988718416163713,
        -0.04746817507652869,
        0.0013477317324774132,
        59.37895175153244
      ],
      [
        0.0007656920206065514,
        0.04447665934142727,
        0.9990101303237902,
        0.9710430315286089
      ],
      [
        0.0,
        0.0,
        0.0,
        1.0
      ]
    ],
    "location": [
      -1.3440566311228395,
      59.37895175153244,
      0.9710430315286089
    ],
    "rotation": [
      0.04449134921719045,
      -0.0007656920954254358,
      1.6182953299280722
    ]
  },
  {
    "label_id": "QIT_yfqN9dQa6ORELd4USA",
    "size": [
      2.0815084603119467,
      4.602855966355445,
      1.5
    ],
    "obj_class": "vehicle",
    "point_num_in_lidar": 24,
    "speed": 1.4281732235759946e-12,
    "if_vehicle": true,
    "motion_state": false,
    "pose": [
      [
        0.058074481231148535,
        0.9973216188873636,
        0.0444628286282043,
        -33.71319237022226
      ],
      [
        -0.9983114855451528,
        0.05807203671137413,
        0.0013477317324774132,
        42.85044805454163
      ],
      [
        -0.0012379250231283716,
        -0.04446602132056457,
        0.9990101303237902,
        0.8038260621212316
      ],
      [
        0.0,
        0.0,
        0.0,
        1.0
      ]
    ],
    "location": [
      -33.71319237022226,
      42.85044805454163,
      0.8038260621212316
    ],
    "rotation": [
      -0.04448072171532335,
      0.0012379253393066819,
      -1.5126891072417288
    ]
  },
  {
    "label_id": "SgRDIBnvjCDj5pesLk7nPA",
    "size": [
      1.98753356160802,
      4.312670339912523,
      1.7300000000000182
    ],
    "obj_class": "vehicle",
    "point_num_in_lidar": 72,
    "speed": 10.80005526114409,
    "if_vehicle": true,
    "motion_state": true,
    "pose": [
      [
        0.009975138191453637,
        0.9989612372301742,
        0.0444628286282043,
        -15.350875689314307
      ],
      [
        -0.9999498375047842,
        0.009925023593572542,
        0.0013477317324774132,
        88.85435314742244
      ],
      [
        0.0009050371357581024,
        -0.04447404207205242,
        0.9990101303237902,
        0.8907691191079721
      ],
      [
        0.0,
        0.0,
        0.0,
        1.0
      ]
    ],
    "location": [
      -15.350875689314307,
      88.85435314742244,
      0.8907691191079721
    ],
    "rotation": [
      -0.04448873453673388,
      -0.000905037259309627,
      -1.5608210190838863
    ]
  },
  {
    "label_id": "UahDY1qvMQ82owWsLmLHZQ",
    "size": [
      2.0024935692269445,
      4.635795969975856,
      1.420000000000016
    ],
    "obj_class": "vehicle",
    "point_num_in_lidar": 157,
    "speed": 0.004460713491213552,
    "if_vehicle": true,
    "motion_state": false,
    "pose": [
      [
        -0.010702251124164333,
        0.9989537119863233,
        0.0444628286282043,
        -35.9440720047246
      ],
      [
        -0.9999410632926707,
        -0.010772815801826999,
        0.0013477317324774132,
        60.30275438345234
      ],
      [
        0.0018253114797599154,
        -0.04444578437203743,
        0.9990101303237902,
        0.8355354251086169
      ],
      [
        0.0,
        0.0,
        0.0,
        1.0
      ]
    ],
    "location": [
      -35.9440720047246,
      60.30275438345234,
      0.8355354251086169
    ],
    "rotation": [
      -0.04446050474956662,
      -0.001825312493345339,
      -1.5814988000620605
    ]
  },
  {
    "label_id": "WDJKr51g-iNhS0gJaIfkjA",
    "size": [
      2.1813729803632596,
      4.576132587612332,
      1.3600000000000136
    ],
    "obj_class": "vehicle",
    "point_num_in_lidar": 93,
    "speed": 5.684341886080801e-13,
    "if_vehicle": true,
    "motion_state": false,
    "pose": [
      [
        0.39573096025195337,
        -0.9172895202543446,
        0.0444628286282043,
        61.076401693667776
      ],
      [
        0.9181729851805616,
        0.39617742604014333,
        0.0013477317324774132,
        42.91609726322167
      ],
      [
        -0.018851429194701737,
        0.04029122891847476,
        0.9990101303237902,
        0.9056491785476624
      ],
      [
        0.0,
        0.0,
        0.0,
        1.0
      ]
    ],
    "location": [
      61.076401693667776,
      42.91609726322167,
      0.9056491785476624
    ],
    "rotation": [
      0.04030930524519517,
      0.018852545932084835,
      1.1638560880161115
    ]
  },
  {
    "label_id": "WI6i77z9ngV3vsWbOpfUiA",
    "size": [
      2.0450921420530292,
      4.2313164068057265,
      1.6000000000000227
    ],
    "obj_class": "vehicle",
    "point_num_in_lidar": 50,
    "speed": 1.7067822212573438e-12,
    "if_vehicle": true,
    "motion_state": false,
    "pose": [
      [
        0.016580275143153547,
        -0.998873441105807,
        0.0444628286282043,
        39.85630971956607
      ],
      [
        0.9998603600897165,
        0.01665664853563328,
        0.0013477317324774132,
        83.28843404887448
      ],
      [
        -0.0020868151426672974,
        0.04443427407986007,
        0.9990101303237902,
        0.9639886915258558
      ],
      [
        0.0,
        0.0,
        0.0,
        1.0
      ]
    ],
    "location": [
      39.85630971956607,
      83.28843404887448,
      0.9639886915258558
    ],
    "rotation": [
      0.044449005806884545,
      0.0020868166572798053,
      1.5542152557825961
    ]
  },
  {
    "label_id": "XeXTOoCuW1m_4pGsdFCfNw",
    "size": [
      0.5182916940695846,
      0.12495920793043618,
      0.4399999999999977
    ],
    "obj_class": "sign",
    "point_num_in_lidar": 49,
    "speed": 0.013721236860820591,
    "if_vehicle": false,
    "motion_state": false,
    "pose": [
      [
        0.05799135081023145,
        0.9973264561323857,
        0.0444628286282043,
        7.59611556912796
      ],
      [
        -0.998316322582977,
        0.05798882378164325,
        0.0013477317324774132,
        68.21662072829349
      ],
      [
        -0.0012342186215854828,
        -0.044466124351442204,
        0.9990101303237902,
        2.3006344232389324
      ],
      [
        0.0,
        0.0,
        0.0,
        1.0
      ]
    ],
    "location": [
      7.59611556912796,
      68.21662072829349,
      2.3006344232389324
    ],
    "rotation": [
      -0.04448082464437111,
      0.0012342189349323315,
      -1.512772378331515
    ]
  },
  {
    "label_id": "YTcass-ERc9jtlumJh8FmA",
    "size": [
      1.936865148919681,
      4.353787564816944,
      1.509999999999991
    ],
    "obj_class": "vehicle",
    "point_num_in_lidar": 704,
    "speed": 9.494282361038481,
    "if_vehicle": true,
    "motion_state": true,
    "pose": [
      [
        0.020197390474716255,
        0.9988068493399466,
        0.0444628286282043,
        -16.26063142419207
      ],
      [
        -0.9997959106917806,
        0.02015739524765319,
        0.0013477317324774132,
        59.047178376342345
      ],
      [
        0.00044986887498384907,
        -0.04448097490432411,
        0.9990101303237902,
        0.7789886915257966
      ],
      [
        0.0,
        0.0,
        0.0,
        1.0
      ]
    ],
    "location": [
      -16.26063142419207,
      59.047178376342345,
      0.7789886915257966
    ],
    "rotation": [
      -0.044495660509942546,
      -0.0004498688901580779,
      -1.550597560821488
    ]
  },
  {
    "label_id": "Yfx_HVbC7uVvds21GWNTRg",
    "size": [
      2.1537253699911805,
      5.135124867746784,
      1.6999999999999886
    ],
    "obj_class": "vehicle",
    "point_num_in_lidar": 22,
    "speed": 1.7067822212573438e-12,
    "if_vehicle": true,
    "motion_state": false,
    "pose": [
      [
        0.02027006935637202,
        0.998805377017298,
        0.0444628286282043,
        -36.45167724617568
      ],
      [
        -0.9997944412767964,
        0.02023014609921148,
        0.0013477317324774132,
        42.346059271083504
      ],
      [
        0.00044663218204250306,
        -0.04448100752161257,
        0.9990101303237902,
        0.6098985881757812
      ],
      [
        0.0,
        0.0,
        0.0,
        1.0
      ]
    ],
    "location": [
      -36.45167724617568,
      42.346059271083504,
      0.6098985881757812
    ],
    "rotation": [
      -0.04449569309495069,
      -0.0004466321968915585,
      -1.5505248670797962
    ]
  },
  {
    "label_id": "Yqhji1Do1Bpc7WANpj6fog",
    "size": [
      2.3754186435729374,
      4.9945625151731425,
      1.740000000000009
    ],
    "obj_class": "vehicle",
    "point_num_in_lidar": 22,
    "speed": 1.4369837526939963e-12,
    "if_vehicle": true,
    "motion_state": false,
    "pose": [
      [
        0.3681820818123965,
        0.9286899436855492,
        0.0444628286282043,
        73.53724016880551
      ],
      [
        -0.9296305513334439,
        0.36849046344058123,
        0.0013477317324774132,
        30.461158354341023
      ],
      [
        -0.01513250342034847,
        -0.04183021456647015,
        0.9990101303237902,
        1.0257691191082472
      ],
      [
        0.0,
        0.0,
        0.0,
        1.0
      ]
    ],
    "location": [
      73.53724016880551,
      30.461158354341023,
      1.0257691191082472
    ],
    "rotation": [
      -0.04184721746124265,
      0.015133081018571231,
      -1.1936979847635882
    ]
  },
  {
    "label_id": "aBfZK79ylDzaSLoIvIuLKg",
    "size": [
      0.8684472722431336,
      0.1641085882203508,
      0.9399999999999977
    ],
    "obj_class": "sign",
    "point_num_in_lidar": 62,
    "speed": 0.019872252709820015,
    "if_vehicle": false,
    "motion_state": false,
    "pose": [
      [
        0.03434385883404649,
        0.9984205307538332,
        0.0444628286282043,
        8.02421323478984
      ],
      [
        -0.9994100594171702,
        0.03431787806589015,
        0.0013477317324774132,
        86.19911371993294
      ],
      [
        -0.000180266899673403,
        -0.044482884509535484,
        0.9990101303237902,
        2.9813008690722427
      ],
      [
        0.0,
        0.0,
        0.0,
        1.0
      ]
    ],
    "location": [
      8.02421323478984,
      86.19911371993294,
      2.9813008690722427
    ],
    "rotation": [
      -0.04449756822511767,
      0.0001802669006497332,
      -1.5364457123825765
    ]
  },
  {
    "label_id": "aCe-sGUZd8XCrjmz2Aqjpw",
    "size": [
      1.8418365429193089,
      4.44996955986282,
      1.3700000000000045
    ],
    "obj_class": "vehicle",
    "point_num_in_lidar": 300,
    "speed": 3.552713678800501e-13,
    "if_vehicle": true,
    "motion_state": false,
    "pose": [
      [
        0.4398956719294112,
        0.8969475205875485,
        0.0444628286282043,
        36.388174471592265
      ],
      [
        -0.8978610399429106,
        0.44027688625660577,
        0.0013477317324774132,
        65.99809106299836
      ],
      [
        -0.018367111106724083,
        -0.04051430290696167,
        0.9990101303237902,
        0.8107691191080448
      ],
      [
        0.0,
        0.0,
        0.0,
        1.0
      ]
    ],
    "location": [
      36.388174471592265,
      65.99809106299836,
      0.8107691191080448
    ],
    "rotation": [
      -0.040532235636327865,
      0.018368143956706832,
      -1.115231182961753
    ]
  },
  {
    "label_id": "aH4CifP98VP1LwWVbnjEww",
    "size": [
      0.811183078413847,
      0.13501192777146076,
      0.8199999999999932
    ],
    "obj_class": "sign",
    "point_num_in_lidar": 81,
    "speed": 0.013016512799666102,
    "if_vehicle": false,
    "motion_state": false,
    "pose": [
      [
        0.99547812289994,
        0.08394262146246505,
        0.0444628286282043,
        -21.89069880457555
      ],
      [
        -0.08408541428526298,
        0.9964576392018141,
        0.0013477317324774132,
        40.493547739333735
      ],
      [
        -0.04419219311244298,
        -0.005080312820716509,
        0.9990101303237902,
        1.4598894558766347
      ],
      [
        0.0,
        0.0,
        0.0,
        1.0
      ]
    ],
    "location": [
      -21.89069880457555,
      40.493547739333735,
      1.4598894558766347
    ],
    "rotation": [
      -0.0050853028148792655,
      0.04420658995846859,
      -0.08426733681299492
    ]
  },
  {
    "label_id": "bbrz_rolD5p6nYiFP9UnZg",
    "size": [
      1.8584089971460713,
      4.223727654714482,
      1.3999999999999773
    ],
    "obj_class": "vehicle",
    "point_num_in_lidar": 37,
    "speed": 8.556067554929069e-13,
    "if_vehicle": true,
    "motion_state": false,
    "pose": [
      [
        -0.005606927882455809,
        0.998995304908937,
        0.0444628286282043,
        -27.913488551564114
      ],
      [
        -0.9999830032886704,
        -0.005672455636511357,
        0.0013477317324774132,
        43.42614408564987
      ],
      [
        0.001598591095889019,
        -0.04445451627171231,
        0.9990101303237902,
        0.7067924024158287
      ],
      [
        0.0,
        0.0,
        0.0,
        1.0
      ]
    ],
    "location": [
      -27.913488551564114,
      43.42614408564987,
      0.7067924024158287
    ],
    "rotation": [
      -0.04446922803147701,
      -0.001598591776754659,
      -1.5764032912202253
    ]
  },
  {
    "label_id": "ccYkeSntRbCCmr463of64A",
    "size": [
      0.44990656393895556,
      0.08219830929241016,
      0.6299999999999955
    ],
    "obj_class": "sign",
    "point_num_in_lidar": 29,
    "speed": 0.003169508484694763,
    "if_vehicle": false,
    "motion_state": false,
    "pose": [
      [
        0.98818902408809,
        0.14664756916569444,
        0.0444628286282043,
        10.108085769873924
      ],
      [
        -0.14685194132491133,
        0.9891575662897605,
        0.0013477317324774132,
        63.148516640887465
      ],
      [
        -0.04378310177377797,
        -0.007861266406298051,
        0.9990101303237902,
        1.0389886915260718
      ],
      [
        0.0,
        0.0,
        0.0,
        1.0
      ]
    ],
    "location": [
      10.108085769873924,
      63.148516640887465,
      1.0389886915260718
    ],
    "rotation": [
      -0.00786889332933846,
      0.043797102263550346,
      -0.1475274564929783
    ]
  },
  {
    "label_id": "j4uKazNwBsHJ2f4MFBWDNg",
    "size": [
      0.9129643679416469,
      0.12332203574414805,
      1.089999999999975
    ],
    "obj_class": "sign",
    "point_num_in_lidar": 26,
    "speed": 0.005714786643092653,
    "if_vehicle": false,
    "motion_state": false,
    "pose": [
      [
        0.004347962837162121,
        -0.9990015776211495,
        0.0444628286282043,
        -18.87018376644619
      ],
      [
        0.999989357796393,
        0.004412245815277231,
        0.0013477317324774132,
        47.446769447973566
      ],
      [
        -0.0015425670565052038,
        0.04445649555824182,
        0.9990101303237902,
        3.2219134503702094
      ],
      [
        0.0,
        0.0,
        0.0,
        1.0
      ]
    ],
    "location": [
      -18.87018376644619,
      47.446769447973566,
      3.2219134503702094
    ],
    "rotation": [
      0.044471205363649874,
      0.001542567668265618,
      1.566448345084995
    ]
  },
  {
    "label_id": "k-MFEgD7GPZpMCEFQBGOAQ",
    "size": [
      1.8802067665046018,
      4.302671856723734,
      1.6899999999999977
    ],
    "obj_class": "vehicle",
    "point_num_in_lidar": 209,
    "speed": 3.552713678800501e-13,
    "if_vehicle": true,
    "motion_state": false,
    "pose": [
      [
        0.006649839731920198,
        0.9989889070965295,
        0.0444628286282043,
        -38.647677359383124
      ],
      [
        -0.9999773350776469,
        0.006596434657031008,
        0.0013477317324774132,
        54.70569671441808
      ],
      [
        0.001053072906774206,
        -0.04447078308166844,
        0.9990101303237902,
        0.9338102555300338
      ],
      [
        0.0,
        0.0,
        0.0,
        1.0
      ]
    ],
    "location": [
      -38.647677359383124,
      54.70569671441808,
      0.9338102555300338
    ],
    "rotation": [
      -0.04448547876918701,
      -0.0010530731014107052,
      -1.5641464343649778
    ]
  },
  {
    "label_id": "kL2EBrshDXJSLqHZglULqA",
    "size": [
      2.0531414697526493,
      4.581564295669244,
      1.5400000000000205
    ],
    "obj_class": "vehicle",
    "point_num_in_lidar": 22,
    "speed": 3.1776437161565096e-13,
    "if_vehicle": true,
    "motion_state": false,
    "pose": [
      [
        -0.5461519371321139,
        -0.8365053009020436,
        0.0444628286282043,
        51.331349808092455
      ],
      [
        0.8373654210764683,
        -0.5466418710678924,
        0.0013477317324774132,
        60.44289381449744
      ],
      [
        0.023177859095881395,
        0.0379677015129341,
        0.9990101303237902,
        0.9257461048148912
      ],
      [
        0.0,
        0.0,
        0.0,
        1.0
      ]
    ],
    "location": [
      51.331349808092455,
      60.44289381449744,
      0.9257461048148912
    ],
    "rotation": [
      0.037987039317874095,
      -0.023179934839514398,
      2.148735173620328
    ]
  },
  {
    "label_id": "lbhJDFo720d242nqCSNOGQ",
    "size": [
      1.9912174646903926,
      4.3972375697915185,
      1.6000000000000227
    ],
    "obj_class": "vehicle",
    "point_num_in_lidar": 58,
    "speed": 2.174332793696887,
    "if_vehicle": true,
    "motion_state": true,
    "pose": [
      [
        -0.6233676407751361,
        0.7806637184504092,
        0.0444628286282043,
        -58.901325296536015
      ],
      [
        -0.7813983886233596,
        -0.6240310423977272,
        0.0013477317324774132,
        63.19849189066372
      ],
      [
        0.028798310562559264,
        -0.03390305029324319,
        0.9990101303237902,
        0.9539622886136954
      ],
      [
        0.0,
        0.0,
        0.0,
        1.0
      ]
    ],
    "location": [
