[
  {
    "label_id": "0X-5YbX76mfO3JdaVTit6A",
    "size": [
      2.0364853847542523,
      4.528660799265791,
      1.5
    ],
    "obj_class": "vehicle",
    "point_num_in_lidar": 39,
    "speed": 1.1368683772161603e-12,
    "if_vehicle": true,
    "motion_state": false,
    "pose": [
      [
        0.034630570465112274,
        0.9981432767562828,
        0.05010711182548528,
        -46.22040728207503
      ],
      [
        -0.9993567952423952,
        0.0341183415148979,
        0.011042398974969942,
        41.70301674385337
      ],
      [
        0.00931232474253963,
        -0.05045728726857586,
        0.9986828038818861,
        0.7257691191080085
      ],
      [
        0.0,
        0.0,
        0.0,
        1.0
      ]
    ],
    "location": [
      -46.22040728207503,
      41.70301674385337,
      0.7257691191080085
    ],
    "rotation": [
      -0.05048091276660535,
      -0.009312459340982364,
      -1.536157328083829
    ]
  },
  {
    "label_id": "1eolDINDzpEd5w-27y0I0Q",
    "size": [
      0.8085791236498836,
      0.6297640151236392,
      0.8899999999999864
    ],
    "obj_class": "sign",
    "point_num_in_lidar": 47,
    "speed": 0.012889512565523793,
    "if_vehicle": false,
    "motion_state": false,
    "pose": [
      [
        0.9979559104562304,
        0.03966457021050889,
        0.05010711182548528,
        -22.924115124948912
      ],
      [
        -0.04026559164573811,
        0.9991279935795496,
        0.011042398974969942,
        58.18374112251513
      ],
      [
        -0.049625426092828065,
        -0.013037419825999399,
        0.9986828038818861,
        0.6893367117166918
      ],
      [
        0.0,
        0.0,
        0.0,
        1.0
      ]
    ],
    "location": [
      -22.924115124948912,
      58.18374112251513,
      0.6893367117166918
    ],
    "rotation": [
      -0.01305387378828505,
      0.049645817313450885,
      -0.04032619296872307
    ]
  },
  {
    "label_id": "303QVPZsmqpcoXSJgCZsaQ",
    "size": [
      2.4154803135569245,
      5.381323891110312,
      1.6999999999999886
    ],
    "obj_class": "vehicle",
    "point_num_in_lidar": 25,
    "speed": 5.859285502108464e-13,
    "if_vehicle": true,
    "motion_state": false,
    "pose": [
      [
        -0.038084390972975,
        -0.9980174630279401,
        0.05010711182548528,
        -54.36063190975892
      ],
      [
        0.9992327467924357,
        -0.03757636441330739,
        0.011042398974969942,
        33.96010243760429
      ],
      [
        -0.00913766391708905,
        0.050489210023057715,
        0.9986828038818861,
        0.8566555654242052
      ],
      [
        0.0,
        0.0,
        0.0,
        1.0
      ]
    ],
    "location": [
      -54.36063190975892,
      33.96010243760429,
      0.8566555654242052
    ],
    "rotation": [
      0.05051279618610312,
      0.009137791082971743,
      1.6088915213993518
    ]
  },
  {
    "label_id": "39-kEkDzJEr7nWBZPk1HXw",
    "size": [
      0.9772257133555236,
      0.13068810941669862,
      0.839999999999975
    ],
    "obj_class": "sign",
    "point_num_in_lidar": 38,
    "speed": 0.013510700424246841,
    "if_vehicle": false,
    "motion_state": false,
    "pose": [
      [
        0.05797584078634199,
        0.9970597169827016,
        0.05010711182548528,
        7.580616099839972
      ],
      [
        -0.9982848884704987,
        0.05749214621425818,
        0.011042398974969942,
        68.21896284855939
      ],
      [
        0.00812916579734862,
        -0.050661364905155486,
        0.9986828038818861,
        2.9665249662646147
      ],
      [
        0.0,
        0.0,
        0.0,
        1.0
      ]
    ],
    "location": [
      7.580616099839972,
      68.21896284855939,
      2.9665249662646147
    ],
    "rotation": [
      -0.050684737166798575,
      -0.008129255333744458,
      -1.5127860397966937
    ]
  },
  {
    "label_id": "4KLepsi_DW90MB8EG8E5xQ",
    "size": [
      2.0183254698180777,
      4.764829562322304,
      1.5
    ],
    "obj_class": "vehicle",
    "point_num_in_lidar": 82,
    "speed": 8.556067554929069e-13,
    "if_vehicle": true,
    "motion_state": false,
    "pose": [
      [
        0.4061838359799292,
        0.9124165543945036,
        0.05010711182548528,
        39.52861704395082
      ],
      [
        -0.9137335971156884,
        0.4061637341355119,
        0.011042398974969942,
        66.14477458562033
      ],
      [
        -0.010276424020793287,
        -0.05026979550345282,
        0.9986828038818861,
        0.8257691191079743
      ],
      [
        0.0,
        0.0,
        0.0,
        1.0
      ]
    ],
    "location": [
      39.52861704395082,
      66.14477458562033,
      0.8257691191079743
    ],
    "rotation": [
      -0.050293649956211946,
      0.010276604902828505,
      -1.1524988746871812
    ]
  },
  {
    "label_id": "4SOLc0t4Ak22kMUEPFSLZA",
    "size": [
      1.9457615003454687,
      4.279870270697451,
      1.670000000000016
    ],
    "obj_class": "vehicle",
    "point_num_in_lidar": 41,
    "speed": 1.1390866590859189e-12,
    "if_vehicle": true,
    "motion_state": false,
    "pose": [
      [
        0.45679962033031296,
        0.8881572969978856,
        0.05010711182548528,
        45.6571608026984
      ],
      [
        -0.8894733891160589,
        0.45685353832412184,
        0.011042398974969942,
        66.07127049573683
      ],
      [
        -0.013084224106693867,
        -0.04961310623353384,
        0.9986828038818861,
        0.9607691191079084
      ],
      [
        0.0,
        0.0,
        0.0,
        1.0
      ]
    ],
    "location": [
      45.6571608026984,
      66.07127049573683,
      0.9607691191079084
    ],
    "rotation": [
      -0.0496377348482271,
      0.01308459746526992,
      -1.096358175905299
    ]
  },
  {
    "label_id": "4ZoF6vgB7LJluyrGWdiMEg",
    "size": [
      2.093921987293182,
      4.5423472073732345,
      1.6399999999999864
    ],
    "obj_class": "vehicle",
    "point_num_in_lidar": 88,
    "speed": 2.8421709430404007e-13,
    "if_vehicle": true,
    "motion_state": false,
    "pose": [
      [
        0.06289737636039627,
        0.9967613542827024,
        0.05010711182548528,
        -31.303528227344486
      ],
      [
        -0.9979888987235472,
        0.0624197360571081,
        0.011042398974969942,
        43.408713001139404
      ],
      [
        0.007878963862090173,
        -0.050700879273184014,
        0.9986828038818861,
        0.695769119107922
      ],
      [
        0.0,
        0.0,
        0.0,
        1.0
      ]
    ],
    "location": [
      -31.303528227344486,
      43.408713001139404,
      0.695769119107922
    ],
    "rotation": [
      -0.050724202015600545,
      -0.007879045382847867,
      -1.5078554490184615
    ]
  },
  {
    "label_id": "6YI5y30RVco3JWyYxY8N3g",
    "size": [
      2.052802263987329,
      4.8452979739718565,
      1.5500000000000114
    ],
    "obj_class": "vehicle",
    "point_num_in_lidar": 104,
    "speed": 2.1316282072803006e-13,
    "if_vehicle": true,
    "motion_state": false,
    "pose": [
      [
        0.3826391777861244,
        0.9225380951308553,
        0.05010711182548528,
        42.61955022394841
      ],
      [
        -0.9238541884724528,
        0.3825852896633421,
        0.011042398974969942,
        66.17119736787208
      ],
      [
        -0.008983210175903075,
        -0.05051691959680098,
        0.9986828038818861,
        0.8707691191079903
      ],
      [
        0.0,
        0.0,
        0.0,
        1.0
      ]
    ],
    "location": [
      42.61955022394841,
      66.17119736787208,
      0.8707691191079903
    ],
    "rotation": [
      -0.0505404715329833,
      0.008983331001570683,
      -1.1781284335105804
    ]
  },
  {
    "label_id": "7DXMcrFMaCxx4GTgIJE-SQ",
    "size": [
      0.5836348899473519,
      0.09953616580182253,
      0.7900000000000205
    ],
    "obj_class": "sign",
    "point_num_in_lidar": 26,
    "speed": 8.644125458514253e-13,
    "if_vehicle": false,
    "motion_state": false,
    "pose": [
      [
        -0.029046804976437655,
        -0.9983213713354878,
        0.05010711182548528,
        -20.251642654349325
      ],
      [
        0.9995320056281628,
        -0.028527796091182403,
        0.011042398974969942,
        81.13783892185529
      ],
      [
        -0.00959441741865006,
        0.05040440838865989,
        0.9986828038818861,
        2.5644271339920692
      ],
      [
        0.0,
        0.0,
        0.0,
        1.0
      ]
    ],
    "location": [
      -20.251642654349325,
      81.13783892185529,
      2.5644271339920692
    ],
    "rotation": [
      0.050428098817686076,
      0.009594564623652144,
      1.59984855544676
    ]
  },
  {
    "label_id": "AvgCjaE0kU2RZkYQUwpOLQ",
    "size": [
      2.3297402798304034,
      5.3226951623069425,
      2.0400000000000205
    ],
    "obj_class": "vehicle",
    "point_num_in_lidar": 99,
    "speed": 0.04530826808391498,
    "if_vehicle": true,
    "motion_state": false,
    "pose": [
      [
        0.027411923952893272,
        -0.9983675995191896,
        0.05010711182548528,
        -1.2278417065213034
      ],
      [
        0.9995469717277066,
        0.02799851308282347,
        0.011042398974969942,
        119.1317338882327
      ],
      [
        -0.01242729798356225,
        0.04978171848622597,
        0.9986828038818861,
        1.1457691191080812
      ],
      [
        0.0,
        0.0,
        0.0,
        1.0
      ]
    ],
    "location": [
      -1.2278417065213034,
      119.1317338882327,
      1.1457691191080812
    ],
    "rotation": [
      0.04980615242761672,
      0.012427617879753716,
      1.5433788509732511
    ]
  },
  {
    "label_id": "Bc_BDnL5j2YXCBH4HKF80g",
    "size": [
      1.936247465703102,
      4.70142584633995,
      1.670000000000016
    ],
    "obj_class": "vehicle",
    "point_num_in_lidar": 38,
    "speed": 1.7067822212573438e-12,
    "if_vehicle": true,
    "motion_state": false,
    "pose": [
      [
        -0.03798182510566993,
        -0.9980213716680373,
        0.05010711182548528,
        -36.14959048759283
      ],
      [
        0.9992366032165253,
        -0.03747367365468921,
        0.011042398974969942,
        34.39560671230538
      ],
      [
        -0.009142852615177978,
        0.05048827068410282,
        0.9986828038818861,
        0.7587939917968924
      ],
      [
        0.0,
        0.0,
        0.0,
        1.0
      ]
    ],
    "location": [
      -36.14959048759283,
      34.39560671230538,
      0.7587939917968924
    ],
    "rotation": [
      0.05051185800606223,
      0.00914297999781739,
      1.6087888787810858
    ]
  },
  {
    "label_id": "Cc4GN5NKm3dtq0Hi5UrAgQ",
    "size": [
      2.4562832064207436,
      5.5493346788713325,
      1.8999999999999773
    ],
    "obj_class": "vehicle",
    "point_num_in_lidar": 281,
    "speed": 2.929642751054232e-13,
    "if_vehicle": true,
    "motion_state": false,
    "pose": [
      [
        -0.4168359993444687,
        0.9075995961849072,
        0.05010711182548528,
        42.54799573019136
      ],
      [
        -0.9084543499455593,
        -0.4178381977391119,
        0.011042398974969942,
        48.81526814575773
      ],
      [
        0.030958742149668254,
        -0.04091715428917873,
        0.9986828038818861,
        1.0257691191080198
      ],
      [
        0.0,
        0.0,
        0.0,
        1.0
      ]
    ],
    "location": [
      42.54799573019136,
      48.81526814575773,
      1.0257691191080198
    ],
    "rotation": [
      -0.040948219197457676,
      -0.0309636896524639,
      -2.000977966666071
    ]
  },
  {
    "label_id": "D-kUN-HsliY3Ha9PNEVv7g",
    "size": [
      0.7276413270774325,
      0.627713311804655,
      1.6499999999999773
    ],
    "obj_class": "pedestrian",
    "point_num_in_lidar": 22,
    "speed": 1.1457157353758233e-12,
    "if_vehicle": false,
    "motion_state": false,
    "pose": [
      [
        0.9987438497154855,
        -3.121453309700835e-15,
        0.05010711182548528,
        -26.989782381182067
      ],
      [
        -0.0005539986257887257,
        0.9999388773872132,
        0.011042398974969942,
        76.63594488666422
      ],
      [
        -0.05010404914789133,
        -0.011056287333449372,
        0.9986828038818861,
        0.9507691191080312
      ],
      [
        0.0,
        0.0,
        0.0,
        1.0
      ]
    ],
    "location": [
      -26.989782381182067,
      76.63594488666422,
      0.9507691191080312
    ],
    "rotation": [
      -0.011070417576201554,
      0.0501250365313342,
      -0.0005546953496906784
    ]
  },
  {
    "label_id": "DHUkdQXbOqQov8-wGY1Imw",
    "size": [
      2.0818113181999487,
      4.630890369444594,
      1.579999999999984
    ],
    "obj_class": "vehicle",
    "point_num_in_lidar": 21,
    "speed": 1.7053025658242404e-12,
    "if_vehicle": true,
    "motion_state": false,
    "pose": [
      [
        -0.5420270456727716,
        -0.8388658767072097,
        0.05010711182548528,
        54.0354599760185
      ],
      [
        0.840170265389402,
        -0.5422102826214011,
        0.011042398974969942,
        60.597246067089145
      ],
      [
        0.017905499567149565,
        0.0480837843338574,
        0.9986828038818861,
        0.8857691191079766
      ],
      [
        0.0,
        0.0,
        0.0,
        1.0
      ]
    ],
    "location": [
      54.0354599760185,
      60.597246067089145,
      0.8857691191079766
    ],
    "rotation": [
      0.04811005110671845,
      -0.01790645647637448,
      2.1437471008522935
    ]
  },
  {
    "label_id": "G7BNS6imdS_exHasj7Aj1A",
    "size": [
      2.2785540398702695,
      5.572773604678559,
      1.839999999999975
    ],
    "obj_class": "vehicle",
    "point_num_in_lidar": 22,
    "speed": 1.7053025658242404e-12,
    "if_vehicle": true,
    "motion_state": false,
    "pose": [
      [
        -0.010190685956098818,
        0.9986918580143991,
        0.05010711182548528,
        -51.50486696201324
      ],
      [
        -0.9998811707497708,
        -0.010756849210873299,
        0.011042398974969942,
        42.193961319482696
      ],
      [
        0.011566948595548139,
        -0.04998862801480003,
        0.9986828038818861,
        0.7740547492300607
      ],
      [
        0.0,
        0.0,
        0.0,
        1.0
      ]
    ],
    "location": [
      -51.50486696201324,
      42.193961319482696,
      0.7740547492300607
    ],
    "rotation": [
      -0.05001281920123726,
      -0.011567206543043516,
      -1.5809878709748342
    ]
  },
  {
    "label_id": "GLDf7-Sxvl37cAZNUTUxwg",
    "size": [
      1.0569865237838076,
      1.0129598608742194,
      1.7200000000000273
    ],
    "obj_class": "pedestrian",
    "point_num_in_lidar": 111,
    "speed": 1.4605066645386495,
    "if_vehicle": false,
    "motion_state": true,
    "pose": [
      [
        -0.27061728796872064,
        -0.9613821096717803,
        0.05010711182548528,
        11.343608343485812
      ],
      [
        0.9626825430413394,
        -0.2704078156199216,
        0.011042398974969942,
        76.31623476310597
      ],
      [
        0.002933389833358506,
        0.051225505899889875,
        0.9986828038818861,
        1.0242094396302832
      ],
      [
        0.0,
        0.0,
        0.0,
        1.0
      ]
    ],
    "location": [
      11.343608343485812,
      76.31623476310597,
      1.0242094396302832
    ],
    "rotation": [
      0.051248156147595016,
      -0.00293339404023516,
      1.8448317235261202
    ]
  },
  {
    "label_id": "IJ3FUi4Z1k7xeHX3cNHhgA",
    "size": [
      2.273359239257496,
      5.809798929251251,
      2.3000000000000114
    ],
    "obj_class": "vehicle",
    "point_num_in_lidar": 234,
    "speed": 0.008003837365599297,
    "if_vehicle": true,
    "motion_state": false,
    "pose": [
      [
        -0.09648877571864468,
        -0.9940720263164161,
        0.05010711182548528,
        -41.60456107447362
      ],
      [
        0.9953149858887276,
        -0.09605282031361612,
        0.011042398974969942,
        33.93093415317708
      ],
      [
        -0.00616401051583508,
        0.05093782685759943,
        0.9986828038818861,
        1.3757691191080426
      ],
      [
        0.0,
        0.0,
        0.0,
        1.0
      ]
    ],
    "location": [
      -41.60456107447362,
      33.93093415317708,
      1.3757691191080426
    ],
    "rotation": [
      0.05096084933681859,
      0.006164049550125414,
      1.667437294726013
    ]
  },
  {
    "label_id": "IKfXUgFeE1HCCCYKAae06Q",
    "size": [
      1.927910395321803,
      4.1409722562418345,
      1.3700000000000045
    ],
    "obj_class": "vehicle",
    "point_num_in_lidar": 31,
    "speed": 3.552713678800501e-13,
    "if_vehicle": true,
    "motion_state": false,
    "pose": [
      [
        -0.020965567312625482,
        -0.998523771540652,
        0.05010711182548528,
        37.03283034326341
      ],
      [
        0.9997301653859733,
        -0.020436776707995066,
        0.011042398974969942,
        83.34583414369081
      ],
      [
        -0.010002070015483634,
        0.05032510135130844,
        0.9986828038818861,
        0.8617924024155741
      ],
      [
        0.0,
        0.0,
        0.0,
        1.0
      ]
    ],
    "location": [
      37.03283034326341,
      83.34583414369081,
      0.8617924024155741
    ],
    "rotation": [
      0.050348888635262615,
      0.010002236793180713,
      1.5917644793531225
    ]
  },
  {
    "label_id": "J4URuhC5d2mK2-2Pm2tEVg",
    "size": [
      2.065931253758749,
      4.376834488824507,
      1.7300000000000182
    ],
    "obj_class": "vehicle",
    "point_num_in_lidar": 57,
    "speed": 7.105427357601002e-14,
    "if_vehicle": true,
    "motion_state": false,
    "pose": [
      [
        -0.9961676762878761,
        -0.07168847929564225,
        0.05010711182548528,
        64.68406962716244
      ],
      [
        0.0723268263957578,
        -0.9973198562188541,
        0.011042398974969942,
        80.32190944717877
      ],
      [
        0.04918120477104365,
        0.014624169305734127,
        0.9986828038818861,
        1.0644356045602308
      ],
      [
        0.0,
        0.0,
        0.0,
        1.0
      ]
    ],
    "location": [
      64.68406962716244,
      80.32190944717877,
      1.0644356045602308
    ],
    "rotation": [
      0.014642411076206304,
      -0.04920105289089305,
      3.06911475817635
    ]
  },
  {
    "label_id": "KRIFGuPyXMFLkXDccz9mLA",
    "size": [
      1.152832250611473,
      1.3148555747822952,
      1.8799999999999955
    ],
    "obj_class": "pedestrian",
    "point_num_in_lidar": 679,
    "speed": 3.726239840627411,
    "if_vehicle": false,
    "motion_state": true,
    "pose": [
      [
        -0.02124688896834459,
        -0.9985178251056288,
        0.05010711182548528,
        9.021077357896047
      ],
      [
        0.9997243678836882,
        -0.020718438272170354,
        0.011042398974969942,
        52.99081466319694
      ],
      [
        -0.009987891105082558,
        0.050327917321175884,
        0.9986828038818861,
        1.1089622886136112
      ],
      [
        0.0,
        0.0,
        0.0,
        1.0
      ]
    ],
    "location": [
      9.021077357896047,
      52.99081466319694,
      1.1089622886136112
    ],
    "rotation": [
      0.050351701176917514,
      0.009988057174492453,
      1.592045874761472
    ]
  },
  {
    "label_id": "LV0eEgqBFEblVK4wVnO9Gg",
    "size": [
      2.3764124997253386,
      5.358373042693289,
      2.0
    ],
    "obj_class": "vehicle",
    "point_num_in_lidar": 51,
    "speed": 2.6540462518483845,
    "if_vehicle": true,
    "motion_state": true,
    "pose": [
      [
        -0.008663471575526712,
        -0.9987062739388235,
        0.05010711182548528,
        3.595223703528518
      ],
      [
        0.9999060622378692,
        -0.00811985990250315,
        0.011042398974969942,
        107.4396294597882
      ],
      [
        -0.010621250407496115,
        0.05019807038517882,
        0.9986828038818861,
        0.912425276536851
      ],
      [
        0.0,
        0.0,
        0.0,
        1.0
      ]
    ],
    "location": [
      3.595223703528518,
      107.4396294597882,
      0.912425276536851
    ],
    "rotation": [
      0.05022201149043534,
      0.01062145011654403,
      1.579460395474927
    ]
  },
  {
    "label_id": "M_3sev6zG_NGRjA1B8leIg",
    "size": [
      2.096085307617268,
      4.811468628086786,
      1.4700000000000273
    ],
    "obj_class": "vehicle",
    "point_num_in_lidar": 150,
    "speed": 9.532931148469528e-13,
    "if_vehicle": true,
    "motion_state": false,
    "pose": [
      [
        0.3114714074691987,
        -0.948933527531652,
        0.05010711182548528,
        33.74283728747423
      ],
      [
        0.9498961838649983,
        0.31237046163744603,
        0.011042398974969942,
        42.31680159820098
      ],
      [
        -0.026130484263976086,
        0.04415716275695485,
        0.9986828038818861,
        0.7491020512729847
      ],
      [
        0.0,
        0.0,
        0.0,
        1.0
      ]
    ],
    "location": [
      33.74283728747423,
      42.31680159820098,
      0.7491020512729847
    ],
    "rotation": [
      0.04418662313375069,
      0.026133458836761634,
      1.2539432903587138
    ]
  },
  {
    "label_id": "O0ipbuwo_Nd7uLn6JzKcdA",
    "size": [
      2.0811413058831727,
      4.05562961252444,
      1.4800000000000182
    ],
    "obj_class": "vehicle",
    "point_num_in_lidar": 1354,
    "speed": 2.015259141100212,
    "if_vehicle": true,
    "motion_state": true,
    "pose": [
      [
        -0.0567002950963307,
        -0.997133067288663,
        0.05010711182548528,
        -1.4386284540860288
      ],
      [
        0.9983576190030176,
        -0.05621503360759928,
        0.011042398974969942,
        61.20979904682463
      ],
      [
        -0.008193968184887577,
        0.05065092413766163,
        0.9986828038818861,
        0.9545832106130661
      ],
      [
        0.0,
        0.0,
        0.0,
        1.0
      ]
    ],
    "location": [
      -1.4386284540860288,
      61.20979904682463,
      0.9545832106130661
    ],
    "rotation": [
      0.05067430945723,
      0.0081940598796842,
      1.6275289537370652
    ]
  },
  {
    "label_id": "QIT_yfqN9dQa6ORELd4USA",
    "size": [
      2.081508460311943,
      4.602855966355445,
      1.5
    ],
    "obj_class": "vehicle",
    "point_num_in_lidar": 29,
    "speed": 1.4281732235759946e-12,
    "if_vehicle": true,
    "motion_state": false,
    "pose": [
      [
        0.05805894896723991,
        0.9970548810317954,
        0.05010711182548528,
        -33.71319237022226
      ],
      [
        -0.998280092832955,
        0.05757535651912524,
        0.011042398974969942,
        42.85044805454345
      ],
      [
        0.008124942968798284,
        -0.05066204232330037,
        0.9986828038818861,
        0.803826062121118
      ],
      [
        0.0,
        0.0,
        0.0,
        1.0
      ]
    ],
    "location": [
      -33.71319237022226,
      42.85044805454345,
      0.803826062121118
    ],
    "rotation": [
      -0.050685413737337724,
      -0.008125032365730383,
      -1.5127027906258543
    ]
  },
  {
    "label_id": "SgRDIBnvjCDj5pesLk7nPA",
    "size": [
      1.9875335616080207,
      4.312670339912523,
      1.7300000000000182
    ],
    "obj_class": "vehicle",
    "point_num_in_lidar": 211,
    "speed": 10.474895119198715,
    "if_vehicle": true,
    "motion_state": true,
    "pose": [
      [
        0.009972470298847442,
        0.998694060851794,
        0.05010711182548528,
        -15.302375292855686
      ],
      [
        -0.9998945606330852,
        0.009430431657518145,
        0.011042398974969942,
        79.22704341950885
      ],
      [
        0.010555446580232561,
        -0.05021194855914237,
        0.9986828038818861,
        0.8907691191078584
      ],
      [
        0.0,
        0.0,
        0.0,
        1.0
      ]
    ],
    "location": [
      -15.302375292855686,
      79.22704341950885,
      0.8907691191078584
    ],
    "rotation": [
      -0.05023587293818769,
      -0.010555642600222084,
      -1.560823135567007
    ]
  },
  {
    "label_id": "UahDY1qvMQ82owWsLmLHZQ",
    "size": [
      2.002493569226939,
      4.635795969975856,
      1.420000000000016
    ],
    "obj_class": "vehicle",
    "point_num_in_lidar": 119,
    "speed": 0.004460713416748323,
    "if_vehicle": true,
    "motion_state": false,
    "pose": [
      [
        -0.010699388762152876,
        0.9986865376206012,
        0.05010711182548528,
        -35.94799551241704
      ],
      [
        -0.9998755618148487,
        -0.011266157744250976,
        0.011042398974969942,
        60.303606512103215
      ],
      [
        0.011592409825272747,
        -0.04998272966792653,
        0.9986828038818861,
        0.83553542510856
      ],
      [
        0.0,
        0.0,
        0.0,
        1.0
      ]
    ],
    "location": [
      -35.94799551241704,
      60.303606512103215,
      0.83553542510856
    ],
    "rotation": [
      -0.05000692783367497,
      -0.011592669479975544,
      -1.5814966387331826
    ]
  },
  {
    "label_id": "WI6i77z9ngV3vsWbOpfUiA",
    "size": [
      2.045092142053031,
      4.2313164068057265,
      1.6000000000000227
    ],
    "obj_class": "vehicle",
    "point_num_in_lidar": 100,
    "speed": 1.7067822212573438e-12,
    "if_vehicle": true,
    "motion_state": false,
    "pose": [
      [
        0.016575840678931416,
        -0.9986062882088691,
        0.05010711182548528,
        39.856309719565616
      ],
      [
        0.999791956741347,
        0.01714959650214027,
        0.011042398974969942,
        83.28843404887448
      ],
      [
        -0.011886325803010847,
        0.049913650332537106,
        0.9986828038818861,
        0.9639886915257421
      ],
      [
        0.0,
        0.0,
        0.0,
        1.0
      ]
    ],
    "location": [
      39.856309719565616,
      83.28843404887448,
      0.9639886915257421
    ],
    "rotation": [
      0.049937929978988126,
      0.011886605713551343,
      1.5542185557215618
    ]
  },
  {
    "label_id": "XeXTOoCuW1m_4pGsdFCfNw",
    "size": [
      0.5182916940695843,
      0.12495920793043618,
      0.4399999999999977
    ],
    "obj_class": "sign",
    "point_num_in_lidar": 63,
    "speed": 0.01372123686095297,
    "if_vehicle": false,
    "motion_state": false,
    "pose": [
      [
        0.05797584077990481,
        0.9970597169830759,
        0.05010711182548528,
        7.607620015511657
      ],
      [
        -0.9982848884708699,
        0.05749214620781309,
        0.011042398974969942,
        68.22111224430046
      ],
      [
        0.008129165797675699,
        -0.05066136490510301,
        0.9986828038818861,
        2.2994342631661198
      ],
      [
        0.0,
        0.0,
        0.0,
        1.0
      ]
    ],
    "location": [
      7.607620015511657,
      68.22111224430046,
      2.2994342631661198
    ],
    "rotation": [
      -0.05068473716674616,
      -0.008129255334071548,
      -1.5127860398031419
    ]
  },
  {
    "label_id": "YTcass-ERc9jtlumJh8FmA",
    "size": [
      1.936865148920389,
      4.353787564816944,
      1.509999999999991
    ],
    "obj_class": "vehicle",
    "point_num_in_lidar": 1071,
    "speed": 7.714300765618812,
    "if_vehicle": true,
    "motion_state": true,
    "pose": [
      [
        0.022456270193072492,
        0.9984913586373815,
        0.05010711182548528,
        -16.093008048533648
      ],
      [
        -0.9996985405857095,
        0.021929281239482873,
        0.011042398974969942,
        51.253437028561166
      ],
      [
        0.00992692700781448,
        -0.05033997765986419,
        0.9986828038818861,
        0.7989886915256079
      ],
      [
        0.0,
        0.0,
        0.0,
        1.0
      ]
    ],
    "location": [
      -16.093008048533648,
      51.253437028561166,
      0.7989886915256079
    ],
    "rotation": [
      -0.05036374682411186,
      -0.009927090054695194,
      -1.5483370619585974
    ]
  },
  {
    "label_id": "Yfx_HVbC7uVvds21GWNTRg",
    "size": [
      2.15372536999119,
      5.135124867746784,
      1.6999999999999886
    ],
    "obj_class": "vehicle",
    "point_num_in_lidar": 37,
    "speed": 1.7067822212573438e-12,
    "if_vehicle": true,
    "motion_state": false,
    "pose": [
      [
        0.020264648041191997,
        0.9985382423243864,
        0.05010711182548528,
        -36.45167724617613
      ],
      [
        -0.9997442646877442,
        0.01973501073826196,
        0.011042398974969942,
        42.346059271083504
      ],
      [
        0.010037393273571848,
        -0.05031806799635453,
        0.9986828038818861,
        0.6098985881757244
      ],
      [
        0.0,
        0.0,
        0.0,
        1.0
      ]
    ],
    "location": [
      -36.45167724617613,
      42.346059271083504,
      0.6098985881757244
    ],
    "rotation": [
      -0.050341863839359756,
      -0.010037561824543928,
      -1.550529270419899
    ]
  },
  {
    "label_id": "aBfZK79ylDzaSLoIvIuLKg",
    "size": [
      0.8684472722431316,
      0.1641085882203508,
      0.9399999999999977
    ],
    "obj_class": "sign",
    "point_num_in_lidar": 55,
    "speed": 0.019872252373509067,
    "if_vehicle": false,
    "motion_state": false,
    "pose": [
      [
        0.03433467342477932,
        0.9981534989896704,
        0.05010711182548528,
        8.034016598808194
      ],
      [
        -0.9993668655742698,
        0.033822084754447986,
        0.011042398974969942,
        86.2140743861928
      ],
      [
        0.009327282191144032,
        -0.05045452445064635,
        0.9986828038818861,
        2.971724910466378
      ],
      [
        0.0,
        0.0,
        0.0,
        1.0
      ]
    ],
    "location": [
      8.034016598808194,
      86.2140743861928,
      2.971724910466378
    ],
    "rotation": [
      -0.05047815334816913,
      -0.009327417439221771,
      -1.5364534092646949
    ]
  },
  {
    "label_id": "aCe-sGUZd8XCrjmz2Aqjpw",
    "size": [
      1.841836542919308,
      4.44996955986282,
      1.3700000000000045
    ],
    "obj_class": "vehicle",
    "point_num_in_lidar": 288,
    "speed": 3.552713678800501e-13,
    "if_vehicle": true,
    "motion_state": false,
    "pose": [
      [
        0.43977801998446064,
        0.8967076282061258,
        0.05010711182548528,
        36.388174471592265
      ],
      [
        -0.89802450925451,
        0.439806828281547,
        0.011042398974969942,
        65.99809106299836
      ],
      [
        -0.012135646531764422,
        -0.049853618864332976,
        0.9986828038818861,
        0.810769119107988
      ],
      [
        0.0,
        0.0,
        0.0,
        1.0
      ]
    ],
    "location": [
      36.388174471592265,
      65.99809106299836,
      0.810769119107988
    ],
    "rotation": [
      -0.04987796893282519,
      0.012135944428873616,
      -1.11540877053546
    ]
  },
  {
    "label_id": "aH4CifP98VP1LwWVbnjEww",
    "size": [
      0.8111830784138482,
      0.13501192777146076,
      0.8199999999999932
    ],
    "obj_class": "sign",
    "point_num_in_lidar": 74,
    "speed": 0.013016513018848293,
    "if_vehicle": false,
    "motion_state": false,
    "pose": [
      [
        0.9952118780951156,
        0.08392017065581478,
        0.05010711182548528,
        -21.883352770214515
      ],
      [
        -0.08457262317321639,
        0.9963561295212063,
        0.011042398974969942,
        40.502674437584574
      ],
      [
        -0.0489978479934977,
        -0.015227216509270395,
        0.9986828038818861,
        1.4598894558766915
      ],
      [
        0.0,
        0.0,
        0.0,
        1.0
      ]
    ],
    "location": [
      -21.883352770214515,
      40.502674437584574,
      1.4598894558766915
    ],
    "rotation": [
      -0.015246118793738571,
      0.04901747478810395,
      -0.08477583687988867
    ]
  },
  {
    "label_id": "bbrz_rolD5p6nYiFP9UnZg",
    "size": [
      1.858408997146073,
      4.223727654714482,
      1.3999999999999773
    ],
    "obj_class": "vehicle",
    "point_num_in_lidar": 35,
    "speed": 8.556067554929069e-13,
    "if_vehicle": true,
    "motion_state": false,
    "pose": [
      [
        -0.005605428286046691,
        0.9987281194190131,
        0.05010711182548528,
        -27.91348855156366
      ],
      [
        -0.999920018963636,
        -0.006166125253313174,
        0.011042398974969942,
        43.42614408564987
      ],
      [
        0.011337321089743878,
        -0.05004120683119215,
        0.9986828038818861,
        0.7067924024156014
      ],
      [
        0.0,
        0.0,
        0.0,
        1.0
      ]
    ],
    "location": [
      -27.91348855156366,
      43.42614408564987,
      0.7067924024156014
    ],
    "rotation": [
      -0.05006533564933843,
      -0.011337563977269573,
      -1.5764021447227228
    ]
  },
  {
    "label_id": "ccYkeSntRbCCmr463of64A",
    "size": [
      0.44990656393895423,
      0.08219830929241016,
      0.6299999999999955
    ],
    "obj_class": "sign",
    "point_num_in_lidar": 42,
    "speed": 0.0034744132528986924,
    "if_vehicle": false,
    "motion_state": false,
    "pose": [
      [
        0.987924728783362,
        0.14660834765738526,
        0.05010711182548528,
        10.11121299634442
      ],
      [
        -0.14733176635447606,
        0.9890254880677988,
        0.011042398974969942,
        63.14852268608229
      ],
      [
        -0.04793830286097439,
        -0.018291428304634854,
        0.9986828038818861,
        1.0389886915259012
      ],
      [
        0.0,
        0.0,
        0.0,
        1.0
      ]
    ],
    "location": [
      10.11121299634442,
      63.14852268608229,
      1.0389886915259012
    ],
    "rotation": [
      -0.018313505850569615,
      0.04795668289099732,
      -0.14804151000949847
    ]
  },
  {
    "label_id": "e3jGBXQSf4LAtu-ZsBcNpQ",
    "size": [
      2.1594653857102197,
      4.370635117359537,
      1.8500000000000227
    ],
    "obj_class": "vehicle",
    "point_num_in_lidar": 57,
    "speed": 8.556067554929069e-13,
    "if_vehicle": true,
    "motion_state": false,
    "pose": [
      [
        -0.019775918789475565,
        -0.9985480410979436,
        0.05010711182548528,
        -4.693561845913791
      ],
      [
        0.9997538040899638,
        -0.01924569127166006,
        0.011042398974969942,
        94.96824399416073
      ],
      [
        -0.010062019860770339,
        0.0503131492448601,
        0.9986828038818861,
        0.9007691191080767
      ],
      [
        0.0,
        0.0,
        0.0,
        1.0
      ]
    ],
    "location": [
      -4.693561845913791,
      94.96824399416073,
      0.9007691191080767
    ],
    "rotation": [
      0.05033695107065199,
      0.010062189655438062,
      1.5905745361994519
    ]
  },
  {
    "label_id": "j4uKazNwBsHJ2f4MFBWDNg",
    "size": [
      0.9129643679416494,
      0.12332203574414805,
      1.089999999999975
    ],
    "obj_class": "sign",
    "point_num_in_lidar": 36,
    "speed": 0.005714786547402098,
    "if_vehicle": false,
    "motion_state": false,
    "pose": [
      [
        0.004346799956203684,
        -0.9987343904535625,
        0.05010711182548528,
        -18.865993428325055
      ],
      [
        0.999926995657024,
        0.004905994414555106,
        0.011042398974969942,
        47.44378631384643
      ],
      [
        -0.011274248820156967,
        0.05005545468932724,
        0.9986828038818861,
        3.228985472600641
      ],
      [
        0.0,
        0.0,
        0.0,
        1.0
      ]
    ],
    "location": [
      -18.865993428325055,
      47.44378631384643,
      3.228985472600641
    ],
    "rotation": [
      0.05007956655927065,
      0.011274487676312589,
      1.5664492368630525
    ]
  },
  {
    "label_id": "k-MFEgD7GPZpMCEFQBGOAQ",
    "size": [
      1.8802067665046083,
      4.302671856723734,
      1.6899999999999977
    ],
    "obj_class": "vehicle",
    "point_num_in_lidar": 204,
    "speed": 3.552713678800501e-13,
    "if_vehicle": true,
    "motion_state": false,
    "pose": [
      [
        0.006648061204352745,
        0.9987217233177276,
        0.05010711182548528,
        -38.647677359383124
      ],
      [
        -0.999920412163554,
        0.006102029461259355,
        0.011042398974969942,
        54.7056967144199
      ],
      [
        0.01072252866126616,
        -0.050176534453093,
        0.9986828038818861,
        0.9338102555300338
      ],
      [
        0.0,
        0.0,
        0.0,
        1.0
      ]
    ],
    "location": [
      -38.647677359383124,
      54.7056967144199,
      0.9338102555300338
    ],
    "rotation": [
      -0.05020050147557989,
      -0.010722734138101027,
      -1.5641478344052409
    ]
  },
  {
    "label_id": "lbhJDFo720d242nqCSNOGQ",
    "size": [
      1.9912174646895133,
      4.3972375697915185,
      1.6000000000000227
    ],
    "obj_class": "vehicle",
    "point_num_in_lidar": 52,
    "speed": 2.631631163434017,
    "if_vehicle": true,
    "motion_state": true,
    "pose": [
      [
        -0.32047792349335585,
        0.9459297954382742,
        0.05010711182548528,
        -59.57820515489857
      ],
      [
        -0.9468838618409059,
        -0.3213860880780781,
        0.011042398974969942,
        61.10427910709586
      ],
      [
        0.026549062858024643,
        -0.043906770457126085,
        0.9986828038818861,
        1.1206386638033905
      ],
      [
        0.0,
        0.0,
        0.0,
        1.0
      ]
    ],
    "location": [
      -59.57820515489857,
      61.10427910709586,
      1.1206386638033905
    ],
    "rotation": [
      -0.04393638702637621,
      -0.02655218271096988,
      -1.8971496049491683
    ]
  },
  {
    "label_id": "lrhnoPhYGlUEbb-EIG5HkA",
    "size": [
      2.174178480244349,
      5.485636012443816,
      1.740000000000009
    ],
    "obj_class": "vehicle",
    "point_num_in_lidar": 173,
    "speed": 0.0052434932298257575,
    "if_vehicle": true,
    "motion_state": false,
    "pose": [
      [
        0.0032019140630091354,
        -0.9987387171281794,
        0.05010711182548528,
        32.00018340592487
      ],
      [
        0.9999319625715859,
        0.0037597410302346434,
        0.011042398974969942,
        83.33767827680094
      ],
      [
        -0.011216861150515836,
        0.05006834585388409,
        0.9986828038818861,
        0.9957691191079903
      ],
      [
        0.0,
        0.0,
        0.0,
        1.0
      ]
    ],
    "location": [
      32.00018340592487,
      83.33767827680094,
      0.9957691191079903
    ],
    "rotation": [
      0.05009244237195409,
      0.011217096377625085,
      1.5675942058115104
    ]
  },
  {
    "label_id": "oRpAqln2Ne5FkuUoyxZAZA",
    "size": [
      2.0722685850895495,
      4.742602933944892,
      1.6499999999999773
    ],
    "obj_class": "vehicle",
    "point_num_in_lidar": 93,
    "speed": 1.1368683772161603e-12,
    "if_vehicle": true,
    "motion_state": false,
    "pose": [
      [
        0.00980488995178042,
        0.998695720165828,
        0.05010711182548528,
        -40.71834291813457
      ],
      [
        -0.9998961289764906,
        0.00926264987500826,
        0.011042398974969942,
        60.46819535124632
      ],
      [
        0.01056387196357865,
        -0.05021017665524809,
        0.9986828038818861,
        0.950769119108088
      ],
      [
        0.0,
        0.0,
        0.0,
        1.0
      ]
    ],
    "location": [
      -40.71834291813457,
      60.46819535124632,
