[
  {
    "label_id": "-A2cwrq7kLoBVBFfbodmAw",
    "size": [
      1.9769464056071904,
      4.1102095399683405,
      1.4800000000000182
    ],
    "obj_class": "vehicle",
    "point_num_in_lidar": 55,
    "speed": 1.4369837526939963e-12,
    "if_vehicle": true,
    "motion_state": false,
    "pose": [
      [
        -0.3543974931321636,
        0.934750733792495,
        0.025366957563538056,
        54.154986043698045
      ],
      [
        -0.9350899717082121,
        -0.35435302073095076,
        -0.006378205828093088,
        48.38140953733637
      ],
      [
        0.003026825461303968,
        -0.025980807786569363,
        0.9996578594471132,
        0.9396375900881822
      ],
      [
        0.0,
        0.0,
        0.0,
        1.0
      ]
    ],
    "location": [
      54.154986043698045,
      48.38140953733637,
      0.9396375900881822
    ],
    "rotation": [
      -0.025983850580728208,
      -0.0030268300831202237,
      -1.9330677244680075
    ]
  },
  {
    "label_id": "14QyZM8v7J77UsDSgWPxQQ",
    "size": [
      0.920822167458819,
      0.24749274453211412,
      0.7599999999999909
    ],
    "obj_class": "sign",
    "point_num_in_lidar": 39,
    "speed": 0.010496326434431668,
    "if_vehicle": false,
    "motion_state": false,
    "pose": [
      [
        -0.09542922491379512,
        0.9951129486125292,
        0.025366957563538056,
        7.946165005623243
      ],
      [
        -0.9954284609846269,
        -0.09529689161872909,
        -0.006378205828093088,
        33.5524446688396
      ],
      [
        -0.003929643002821943,
        -0.025859658765850602,
        0.9996578594471132,
        3.214958248492735
      ],
      [
        0.0,
        0.0,
        0.0,
        1.0
      ]
    ],
    "location": [
      7.946165005623243,
      33.5524446688396,
      3.214958248492735
    ],
    "rotation": [
      -0.025862741519836197,
      0.003929653116545081,
      -1.6663717301865002
    ]
  },
  {
    "label_id": "1R2shICtoOLMvy0fumS_Fg",
    "size": [
      0.23895940265117563,
      0.05266624247451546,
      0.5400000000000205
    ],
    "obj_class": "sign",
    "point_num_in_lidar": 24,
    "speed": 0.01553673932930272,
    "if_vehicle": false,
    "motion_state": false,
    "pose": [
      [
        -0.9994904510420453,
        -0.019374099714278347,
        0.025366957563538056,
        7.806137307784866
      ],
      [
        0.01921812434272587,
        -0.999794970074946,
        -0.006378205828093088,
        34.95047725944096
      ],
      [
        0.025485328573841625,
        -0.005887450475307037,
        0.9996578594471132,
        1.3781474623277177
      ],
      [
        0.0,
        0.0,
        0.0,
        1.0
      ]
    ],
    "location": [
      7.806137307784866,
      34.95047725944096,
      1.3781474623277177
    ],
    "rotation": [
      -0.005889397408091509,
      -0.0254880881756793,
      3.1223671007580984
    ]
  },
  {
    "label_id": "1eqCzNhbNUpvDMRr-M2BCg",
    "size": [
      2.217727231097824,
      5.261091324533495,
      1.8500000000000227
    ],
    "obj_class": "vehicle",
    "point_num_in_lidar": 146,
    "speed": 1.4210854715202004e-12,
    "if_vehicle": true,
    "motion_state": false,
    "pose": [
      [
        0.029092472414729793,
        0.999254795091206,
        0.025366957563538056,
        -33.66689220608896
      ],
      [
        -0.9995513963342868,
        0.029263024050701376,
        -0.006378205828093088,
        21.6131287799617
      ],
      [
        -0.007115766647075628,
        -0.025170020076277798,
        0.9996578594471132,
        0.9101050577666001
      ],
      [
        0.0,
        0.0,
        0.0,
        1.0
      ]
    ],
    "location": [
      -33.66689220608896,
      21.6131287799617,
      0.9101050577666001
    ],
    "rotation": [
      -0.02517331595158524,
      0.007115826698558743,
      -1.5416990120982836
    ]
  },
  {
    "label_id": "1xSi2L3-8DlIFMSpizgLkg",
    "size": [
      2.1890557830576736,
      4.940660125515044,
      1.5199999999999818
    ],
    "obj_class": "vehicle",
    "point_num_in_lidar": 287,
    "speed": 0.019091691870453245,
    "if_vehicle": true,
    "motion_state": false,
    "pose": [
      [
        -0.09762519527248445,
        0.9948999139169623,
        0.025366957563538056,
        -30.622306319954077
      ],
      [
        -0.9952157175787121,
        -0.09749355863185892,
        -0.006378205828093088,
        21.748542068187817
      ],
      [
        -0.003872561464781805,
        -0.02586826846384095,
        0.9996578594471132,
        0.7356491785474191
      ],
      [
        0.0,
        0.0,
        0.0,
        1.0
      ]
    ],
    "location": [
      -30.622306319954077,
      21.748542068187817,
      0.7356491785474191
    ],
    "rotation": [
      -0.025871348403091535,
      0.003872571144141726,
      -1.6685779988873177
    ]
  },
  {
    "label_id": "303QVPZsmqpcoXSJgCZsaQ",
    "size": [
      2.415480313556925,
      5.381323891110312,
      1.6999999999999886
    ],
    "obj_class": "vehicle",
    "point_num_in_lidar": 52,
    "speed": 5.859285502108464e-13,
    "if_vehicle": true,
    "motion_state": false,
    "pose": [
      [
        -0.03812002015505979,
        -0.9989511407107695,
        0.025366957563538056,
        -54.36063190975938
      ],
      [
        0.9992461888324362,
        -0.038293244760213424,
        -0.006378205828093088,
        33.96010243760429
      ],
      [
        0.007342899102464178,
        0.02510469833291952,
        0.9996578594471132,
        0.856655565424262
      ],
      [
        0.0,
        0.0,
        0.0,
        1.0
      ]
    ],
    "location": [
      -54.36063190975938,
      33.96010243760429,
      0.856655565424262
    ],
    "rotation": [
      0.025108013143618393,
      -0.007342965090008883,
      1.6089266137240437
    ]
  },
  {
    "label_id": "39-kEkDzJEr7nWBZPk1HXw",
    "size": [
      0.9772257133555236,
      0.13068810941669862,
      0.839999999999975
    ],
    "obj_class": "sign",
    "point_num_in_lidar": 52,
    "speed": 0.014291753519851309,
    "if_vehicle": false,
    "motion_state": false,
    "pose": [
      [
        0.0580300790644272,
        0.9979924986630642,
        0.025366957563538056,
        7.508512940601122
      ],
      [
        -0.9982840342839504,
        0.05820915206541898,
        -0.006378205828093088,
        68.18828150386616
      ],
      [
        -0.007841990661618956,
        -0.02495330094554511,
        0.9996578594471132,
        2.9774345152032424
      ],
      [
        0.0,
        0.0,
        0.0,
        1.0
      ]
    ],
    "location": [
      7.508512940601122,
      68.18828150386616,
      2.9774345152032424
    ],
    "rotation": [
      -0.024956658820572433,
      0.007842071040088142,
      -1.5127318415637852
    ]
  },
  {
    "label_id": "3lFYHvBGrKIH0LWMb4y7rQ",
    "size": [
      1.1075307088888908,
      1.024636171793702,
      1.839999999999975
    ],
    "obj_class": "pedestrian",
    "point_num_in_lidar": 929,
    "speed": 2.8421709430404007e-13,
    "if_vehicle": false,
    "motion_state": false,
    "pose": [
      [
        -0.9957482711166316,
        0.0885544918804748,
        0.025366957563538056,
        -6.090324742025132
      ],
      [
        -0.08874240575118986,
        -0.9960341881240352,
        -0.006378205828093088,
        18.414768817816366
      ],
      [
        0.024701538205759616,
        -0.008602212266926423,
        0.9996578594471132,
        1.1657691191080062
      ],
      [
        0.0,
        0.0,
        0.0,
        1.0
      ]
    ],
    "location": [
      -6.090324742025132,
      18.414768817816366,
      1.1657691191080062
    ],
    "rotation": [
      -0.00860494404907906,
      -0.024704050902161486,
      -3.052706162016585
    ]
  },
  {
    "label_id": "3rP421kft7U05VnhjguByw",
    "size": [
      1.9612216321239588,
      4.600418306488192,
      1.670000000000016
    ],
    "obj_class": "vehicle",
    "point_num_in_lidar": 169,
    "speed": 2.929642751054232e-13,
    "if_vehicle": true,
    "motion_state": false,
    "pose": [
      [
        -0.4282823278991694,
        0.9032888602618977,
        0.025366957563538056,
        30.41304978133803
      ],
      [
        -0.9036305732337366,
        -0.42826522810950113,
        -0.006378205828093088,
        12.220215798297431
      ],
      [
        0.005102423594418662,
        -0.025654031244211523,
        0.9996578594471132,
        0.7854782013764066
      ],
      [
        0.0,
        0.0,
        0.0,
        1.0
      ]
    ],
    "location": [
      30.41304978133803,
      12.220215798297431,
      0.7854782013764066
    ],
    "rotation": [
      -0.025657180087243187,
      -0.005102445734711876,
      -2.0133935890387042
    ]
  },
  {
    "label_id": "4KLepsi_DW90MB8EG8E5xQ",
    "size": [
      2.018325469818078,
      4.764829562322304,
      1.5
    ],
    "obj_class": "vehicle",
    "point_num_in_lidar": 21,
    "speed": 8.556067554929069e-13,
    "if_vehicle": true,
    "motion_state": false,
    "pose": [
      [
        0.4065638341230787,
        0.9132701496529444,
        0.025366957563538056,
        39.52861704395036
      ],
      [
        -0.9134797108693576,
        0.40683428606798794,
        -0.006378205828093088,
        66.14477458562033
      ],
      [
        -0.01614517306121881,
        -0.020579053244480318,
        0.9996578594471132,
        0.8257691191079743
      ],
      [
        0.0,
        0.0,
        0.0,
        1.0
      ]
    ],
    "location": [
      39.52861704395036,
      66.14477458562033,
      0.8257691191079743
    ],
    "rotation": [
      -0.020583189279564477,
      0.016145874561438053,
      -1.152048450622175
    ]
  },
  {
    "label_id": "4ZoF6vgB7LJluyrGWdiMEg",
    "size": [
      2.093921987293179,
      4.5423472073732345,
      1.6399999999999864
    ],
    "obj_class": "vehicle",
    "point_num_in_lidar": 70,
    "speed": 2.8421709430404007e-13,
    "if_vehicle": true,
    "motion_state": false,
    "pose": [
      [
        0.06295621889451207,
        0.9976938568350895,
        0.025366957563538056,
        -31.30352822734403
      ],
      [
        -0.9979845048633781,
        0.06313672895401494,
        -0.006378205828093088,
        43.408713001137585
      ],
      [
        -0.00796508349639534,
        -0.02491428286167017,
        0.9996578594471132,
        0.6957691191080357
      ],
      [
        0.0,
        0.0,
        0.0,
        1.0
      ]
    ],
    "location": [
      -31.30352822734403,
      43.408713001137585,
      0.6957691191080357
    ],
    "rotation": [
      -0.024917651649590634,
      0.007965167719674636,
      -1.507796444757204
    ]
  },
  {
    "label_id": "6IFR0_r7f3cgS5In2VHYpw",
    "size": [
      2.087876298703693,
      4.592505735944987,
      1.4000001284811674
    ],
    "obj_class": "vehicle",
    "point_num_in_lidar": 227,
    "speed": 1.464821375527116e-12,
    "if_vehicle": true,
    "motion_state": false,
    "pose": [
      [
        -0.41757491162842,
        -0.9082883411353947,
        0.025366957563538056,
        30.531989042208806
      ],
      [
        0.9084946174652476,
        -0.4178478772556922,
        -0.006378205828093088,
        24.556584235853734
      ],
      [
        0.016392779361378382,
        0.020382365672929833,
        0.9996578594471132,
        0.7499672535103059
      ],
      [
        0.0,
        0.0,
        0.0,
        1.0
      ]
    ],
    "location": [
      30.531989042208806,
      24.556584235853734,
      0.7499672535103059
    ],
    "rotation": [
      0.020386516943372176,
      -0.01639351363690376,
      2.0016328517052244
    ]
  },
  {
    "label_id": "6SSj38rFVlYZfQljhkORQA",
    "size": [
      2.2000484728825738,
      4.83994638465002,
      1.5700000313178748
    ],
    "obj_class": "vehicle",
    "point_num_in_lidar": 341,
    "speed": 1.4281732235759946e-12,
    "if_vehicle": true,
    "motion_state": false,
    "pose": [
      [
        -0.3718485537346829,
        -0.9279467498458057,
        0.025366957563538056,
        23.742547828803254
      ],
      [
        0.9281663569846803,
        -0.3721109139117012,
        -0.006378205828093088,
        26.11382775234597
      ],
      [
        0.015357957130154042,
        0.02117302997693556,
        0.9996578594471132,
        0.7107689754352577
      ],
      [
        0.0,
        0.0,
        0.0,
        1.0
      ]
    ],
    "location": [
      23.742547828803254,
      26.11382775234597,
      0.7107689754352577
    ],
    "rotation": [
      0.021177110274269252,
      -0.015358560933065245,
      1.9518431512665169
    ]
  },
  {
    "label_id": "6YI5y30RVco3JWyYxY8N3g",
    "size": [
      2.0528022639873322,
      4.8452979739718565,
      1.5500000000000114
    ],
    "obj_class": "vehicle",
    "point_num_in_lidar": 48,
    "speed": 2.1316282072803006e-13,
    "if_vehicle": true,
    "motion_state": false,
    "pose": [
      [
        0.38299714913844096,
        0.9234011594186985,
        0.025366957563538056,
        42.6195502239475
      ],
      [
        -0.9236175909423501,
        0.38326213508806767,
        -0.006378205828093088,
        66.17119736787026
      ],
      [
        -0.01561183697316226,
        -0.020986533585594006,
        0.9996578594471132,
        0.8707691191080471
      ],
      [
        0.0,
        0.0,
        0.0,
        1.0
      ]
    ],
    "location": [
      42.6195502239475,
      66.17119736787026,
      0.8707691191080471
    ],
    "rotation": [
      -0.020990632972912242,
      0.015612471220143883,
      -1.1777071203363487
    ]
  },
  {
    "label_id": "7I5_BKi3RbHh9IUT9VERmw",
    "size": [
      0.4800572424727856,
      0.07721192529234176,
      0.6399999999999864
    ],
    "obj_class": "sign",
    "point_num_in_lidar": 163,
    "speed": 0.02703658817144942,
    "if_vehicle": false,
    "motion_state": false,
    "pose": [
      [
        -0.030701750376528142,
        0.999206645288044,
        0.025366957563538056,
        7.719402097823604
      ],
      [
        -0.9995129126883028,
        -0.030549236647741233,
        -0.006378205828093088,
        33.527468957596284
      ],
      [
        -0.005598204458803812,
        -0.025550423723556728,
        0.9996578594471132,
        2.5167924024161152
      ],
      [
        0.0,
        0.0,
        0.0,
        1.0
      ]
    ],
    "location": [
      7.719402097823604,
      33.527468957596284,
      2.5167924024161152
    ],
    "rotation": [
      -0.02555360504344787,
      0.005598233700404479,
      -1.6015033837835135
    ]
  },
  {
    "label_id": "9ZomuLPiVNTUh0GoyUVEig",
    "size": [
      2.403025192180212,
      5.143758565443172,
      1.6000000000000227
    ],
    "obj_class": "vehicle",
    "point_num_in_lidar": 66,
    "speed": 2.8421709430404007e-13,
    "if_vehicle": true,
    "motion_state": false,
    "pose": [
      [
        -0.4417593432393156,
        -0.8967748882103793,
        0.025366957563538056,
        39.42457874376623
      ],
      [
        0.8969737773635007,
        -0.4420377373173783,
        -0.006378205828093088,
        25.035763503325143
      ],
      [
        0.016932967342483285,
        0.019935863728322782,
        0.9996578594471132,
        0.8090518741200867
      ],
      [
        0.0,
        0.0,
        0.0,
        1.0
      ]
    ],
    "location": [
      39.42457874376623,
      25.035763503325143,
      0.8090518741200867
    ],
    "rotation": [
      0.019940043753886524,
      -0.016933776632165214,
      2.0284257370529795
    ]
  },
  {
    "label_id": "A1xPIRlWXjMzPBjg5RDk9w",
    "size": [
      1.9480363116096728,
      4.4872319549998405,
      1.500000044336673
    ],
    "obj_class": "vehicle",
    "point_num_in_lidar": 147,
    "speed": 1.4210854715202004e-12,
    "if_vehicle": true,
    "motion_state": false,
    "pose": [
      [
        -0.31713844478046865,
        0.9480399381387872,
        0.025366957563538056,
        27.21574560466388
      ],
      [
        -0.9483771509936686,
        -0.31708058591397054,
        -0.006378205828093088,
        12.020845625902439
      ],
      [
        0.001996575908399652,
        -0.026080217220296676,
        0.9996578594471132,
        0.6757445060284226
      ],
      [
        0.0,
        0.0,
        0.0,
        1.0
      ]
    ],
    "location": [
      27.21574560466388,
      12.020845625902439,
      0.6757445060284226
    ],
    "rotation": [
      -0.02608322665591851,
      -0.001996577234898899,
      -1.8935076411870977
    ]
  },
  {
    "label_id": "AFL1N-XB7hfEMBHsxDvkQg",
    "size": [
      2.3168687383438034,
      5.169979861084375,
      1.5699999999999932
    ],
    "obj_class": "vehicle",
    "point_num_in_lidar": 152,
    "speed": 2.929642751054232e-13,
    "if_vehicle": true,
    "motion_state": false,
    "pose": [
      [
        -0.02968653422633013,
        -0.9992373227364952,
        0.025366957563538056,
        -33.48125731671507
      ],
      [
        0.99953382253251,
        -0.029857262164562106,
        -0.006378205828093088,
        33.88010790510452
      ],
      [
        0.007130729217817923,
        0.025165785233884897,
        0.9996578594471132,
        0.722085054684328
      ],
      [
        0.0,
        0.0,
        0.0,
        1.0
      ]
    ],
    "location": [
      -33.48125731671507,
      33.88010790510452,
      0.722085054684328
    ],
    "rotation": [
      0.02516908234328732,
      -0.00713078964892099,
      1.6004879782622095
    ]
  },
  {
    "label_id": "Bc_BDnL5j2YXCBH4HKF80g",
    "size": [
      1.9362474657031101,
      4.70142584633995,
      1.670000000000016
    ],
    "obj_class": "vehicle",
    "point_num_in_lidar": 55,
    "speed": 1.7067822212573438e-12,
    "if_vehicle": true,
    "motion_state": false,
    "pose": [
      [
        -0.03801735833406165,
        -0.9989550530075261,
        0.025366957563538056,
        -36.14959048759374
      ],
      [
        0.9992501189298254,
        -0.03819055261637904,
        -0.006378205828093088,
        34.3956067123072
      ],
      [
        0.007340319068643396,
        0.025105452825758223,
        0.9996578594471132,
        0.7587939917969493
      ],
      [
        0.0,
        0.0,
        0.0,
        1.0
      ]
    ],
    "location": [
      -36.14959048759374,
      34.3956067123072,
      0.7587939917969493
    ],
    "rotation": [
      0.025108767418969356,
      -0.00734038498665438,
      1.6088238739375054
    ]
  },
  {
    "label_id": "DjTRA-UfUw4aBhKSsY8bVA",
    "size": [
      2.0375073002977735,
      4.472608985419154,
      1.509999999999991
    ],
    "obj_class": "vehicle",
    "point_num_in_lidar": 61,
    "speed": 3.1776437161565096e-13,
    "if_vehicle": true,
    "motion_state": false,
    "pose": [
      [
        -0.41276199868149843,
        0.9104856121369653,
        0.025366957563538056,
        57.227244679145315
      ],
      [
        -0.910826982449625,
        -0.41273905380049164,
        -0.006378205828093088,
        48.45499629905862
      ],
      [
        0.004662669424845029,
        -0.025737590397130743,
        0.9996578594471132,
        0.9446375900881776
      ],
      [
        0.0,
        0.0,
        0.0,
        1.0
      ]
    ],
    "location": [
      57.227244679145315,
      48.45499629905862,
      0.9446375900881776
    ],
    "rotation": [
      -0.02574071264667786,
      -0.004662686319793671,
      -1.9962856069867747
    ]
  },
  {
    "label_id": "FjXya5JM_xfBUrb9nDgcNw",
    "size": [
      1.979206995772782,
      4.673300687547824,
      1.7300000000000182
    ],
    "obj_class": "vehicle",
    "point_num_in_lidar": 601,
    "speed": 8.556067554929069e-13,
    "if_vehicle": true,
    "motion_state": false,
    "pose": [
      [
        -0.41256195440603005,
        0.9105762742574872,
        0.025366957563538056,
        24.09774067033095
      ],
      [
        -0.9109176395209021,
        -0.4125389345262851,
        -0.006378205828093088,
        11.95905032655537
      ],
      [
        0.004657014746043084,
        -0.025738614167646997,
        0.9996578594471132,
        0.8183707745389484
      ],
      [
        0.0,
        0.0,
        0.0,
        1.0
      ]
    ],
    "location": [
      24.09774067033095,
      11.95905032655537,
      0.8183707745389484
    ],
    "rotation": [
      -0.02574173608914387,
      -0.004657031579597508,
      -1.9960659766982107
    ]
  },
  {
    "label_id": "GLDf7-Sxvl37cAZNUTUxwg",
    "size": [
      1.0569865237838965,
      1.0129598608742194,
      1.7200000000000273
    ],
    "obj_class": "pedestrian",
    "point_num_in_lidar": 36,
    "speed": 1.4529209031895607,
    "if_vehicle": false,
    "motion_state": true,
    "pose": [
      [
        -0.008863275692690216,
        -0.9996389147126903,
        0.025366957563538056,
        13.644264379002834
      ],
      [
        0.9999389068857141,
        -0.00902778968618073,
        -0.006378205828093088,
        68.44642432964793
      ],
      [
        0.006604910309671022,
        0.02530887602042143,
        0.9996578594471132,
        0.9942094396303105
      ],
      [
        0.0,
        0.0,
        0.0,
        1.0
      ]
    ],
    "location": [
      13.644264379002834,
      68.44642432964793,
      0.9942094396303105
    ],
    "rotation": [
      0.02531213093020483,
      -0.006604958333639926,
      1.5796599118814632
    ]
  },
  {
    "label_id": "IJ3FUi4Z1k7xeHX3cNHhgA",
    "size": [
      2.273359239257498,
      5.809798929251251,
      2.3000000000000114
    ],
    "obj_class": "vehicle",
    "point_num_in_lidar": 409,
    "speed": 0.008003837566449236,
    "if_vehicle": true,
    "motion_state": false,
    "pose": [
      [
        -0.09657904409557021,
        -0.9950020129153285,
        0.025366957563538056,
        -41.65067931187059
      ],
      [
        0.9952864057251565,
        -0.09676925683869728,
        -0.006378205828093088,
        33.93622498444347
      ],
      [
        0.00880106926942325,
        0.02463138699567434,
        0.9996578594471132,
        1.3757691191081562
      ],
      [
        0.0,
        0.0,
        0.0,
        1.0
      ]
    ],
    "location": [
      -41.65067931187059,
      33.93622498444347,
      1.3757691191081562
    ],
    "rotation": [
      0.024634832645172484,
      -0.008801182893457635,
      1.6675299032054645
    ]
  },
  {
    "label_id": "Jao2QmyrRud-eUnfm54snQ",
    "size": [
      0.8052342809886702,
      0.12316510261808031,
      0.6700000000000159
    ],
    "obj_class": "sign",
    "point_num_in_lidar": 36,
    "speed": 0.010168159636595746,
    "if_vehicle": false,
    "motion_state": false,
    "pose": [
      [
        0.0827432283874677,
        -0.9962479990544469,
        0.025366957563538056,
        -18.754943547629864
      ],
      [
        0.9965617998241185,
        0.08260688604304285,
        -0.006378205828093088,
        35.56085185388474
      ],
      [
        0.004258789421085258,
        0.025807494227117703,
        0.9996578594471132,
        2.527861120108753
      ],
      [
        0.0,
        0.0,
        0.0,
        1.0
      ]
    ],
    "location": [
      -18.754943547629864,
      35.56085185388474,
      2.527861120108753
    ],
    "rotation": [
      0.02581059395314222,
      -0.0042588022950049015,
      1.4879576372520142
    ]
  },
  {
    "label_id": "KHvXvuABsU602FG4vrPPAQ",
    "size": [
      0.7395934614618763,
      0.6695418038208791,
      1.5699999999999932
    ],
    "obj_class": "pedestrian",
    "point_num_in_lidar": 44,
    "speed": 8.526512829121202e-13,
    "if_vehicle": false,
    "motion_state": false,
    "pose": [
      [
        -0.018008166228156368,
        -0.9995159945759092,
        0.025366957563538056,
        -29.63676455388577
      ],
      [
        0.999814469127621,
        -0.018175417834756,
        -0.006378205828093088,
        16.70664786942325
      ],
      [
        0.006836173794790151,
        0.025247391418982,
        0.9996578594471132,
        1.0794334019429357
      ],
      [
        0.0,
        0.0,
        0.0,
        1.0
      ]
    ],
    "location": [
      -29.63676455388577,
      16.70664786942325,
      1.0794334019429357
    ],
    "rotation": [
      0.02525066458811083,
      -0.006836227042038352,
      1.5888058873619153
    ]
  },
  {
    "label_id": "KRIFGuPyXMFLkXDccz9mLA",
    "size": [
      1.1528322506114717,
      1.3148555747822952,
      1.8799999999999955
    ],
    "obj_class": "pedestrian",
    "point_num_in_lidar": 291,
    "speed": 3.73553461110181,
    "if_vehicle": false,
    "motion_state": true,
    "pose": [
      [
        -0.021266766121594394,
        -0.9994519708933988,
        0.025366957563538056,
        9.215511605792017
      ],
      [
        0.9997498985728098,
        -0.02143498994799962,
        -0.006378205828093088,
        31.269130099857648
      ],
      [
        0.0069184508660371695,
        0.025224969439626498,
        0.9996578594471132,
        1.1387939917969447
      ],
      [
        0.0,
        0.0,
        0.0,
        1.0
      ]
    ],
    "location": [
      9.215511605792017,
      31.269130099857648,
      1.1387939917969447
    ],
    "rotation": [
      0.02522824921999474,
      -0.0069185060591244055,
      1.5920652054150546
    ]
  },
  {
    "label_id": "LV0eEgqBFEblVK4wVnO9Gg",
    "size": [
      2.3764124997257805,
      5.358373042693289,
      2.0
    ],
    "obj_class": "vehicle",
    "point_num_in_lidar": 53,
    "speed": 7.703492499377677,
    "if_vehicle": true,
    "motion_state": true,
    "pose": [
      [
        -0.018971255061875844,
        -0.9994981785602949,
        0.025366957563538056,
        3.4142306572589405
      ],
      [
        0.9997964918158926,
        -0.019138794190035373,
        -0.006378205828093088,
        82.47835777091859
      ],
      [
        0.006860498087697614,
        0.025240792610466075,
        0.9996578594471132,
        0.882425276536992
      ],
      [
        0.0,
        0.0,
        0.0,
        1.0
      ]
    ],
    "location": [
      3.4142306572589405,
      82.47835777091859,
      0.882425276536992
    ],
    "rotation": [
      0.025244067727923078,
      -0.0068605519053675625,
      1.5897691665779603
    ]
  },
  {
    "label_id": "M_3sev6zG_NGRjA1B8leIg",
    "size": [
      2.0960853076172556,
      4.811468628086786,
      1.4700000000000273
    ],
    "obj_class": "vehicle",
    "point_num_in_lidar": 32,
    "speed": 9.532931148469528e-13,
    "if_vehicle": true,
    "motion_state": false,
    "pose": [
      [
        0.311762799065806,
        -0.9498212856019935,
        0.025366957563538056,
        33.74283728747423
      ],
      [
        0.9501581652810239,
        0.3117030308486157,
        -0.006378205828093088,
        42.3168015982028
      ],
      [
        -0.0018488018964895254,
        0.02609110915931705,
        0.9996578594471132,
        0.7507691191082131
      ],
      [
        0.0,
        0.0,
        0.0,
        1.0
      ]
    ],
    "location": [
      33.74283728747423,
      42.3168015982028,
      0.7507691191082131
    ],
    "rotation": [
      0.026094114908675463,
      0.0018488029497130516,
      1.253748031305596
    ]
  },
  {
    "label_id": "O0ipbuwo_Nd7uLn6JzKcdA",
    "size": [
      2.0811413058833295,
      4.05562961252444,
      1.4800000000000182
    ],
    "obj_class": "vehicle",
    "point_num_in_lidar": 258,
    "speed": 1.939607409955619,
    "if_vehicle": true,
    "motion_state": true,
    "pose": [
      [
        -0.017076547705756496,
        -0.9995323451406777,
        0.025366957563538056,
        -0.9495634316822361
      ],
      [
        0.9998309754515785,
        -0.017243521042972252,
        -0.006378205828093088,
        48.864136186490214
      ],
      [
        0.006812638695686874,
        0.02525375218889049,
        0.9996578594471132,
        1.0677094617654461
      ],
      [
        0.0,
        0.0,
        0.0,
        1.0
      ]
    ],
    "location": [
      -0.9495634316822361,
      48.864136186490214,
      1.0677094617654461
    ],
    "rotation": [
      0.025257023477892437,
      -0.006812691394870944,
      1.5878741009042867
    ]
  },
  {
    "label_id": "P7N3RrlXPGrRenxyItYCpA",
    "size": [
      0.8653216533697732,
      0.8697376634354017,
      1.5199999999999818
    ],
    "obj_class": "pedestrian",
    "point_num_in_lidar": 68,
    "speed": 0.7689801481875939,
    "if_vehicle": false,
    "motion_state": false,
    "pose": [
      [
        0.7141670869181888,
        -0.6995154676108013,
        0.025366957563538056,
        -21.663566228160107
      ],
      [
        0.6998420202669959,
        0.7142691825628655,
        -0.006378205828093088,
        31.338283754743316
      ],
      [
        -0.013657182410658754,
        0.02230796750530748,
        0.9996578594471132,
        0.8908383523315138
      ],
      [
        0.0,
        0.0,
        0.0,
        1.0
      ]
    ],
    "location": [
      -21.663566228160107,
      31.338283754743316,
      0.8908383523315138
    ],
    "rotation": [
      0.02231189939755869,
      0.013657606999458893,
      0.7752676935641073
    ]
  },
  {
    "label_id": "QIT_yfqN9dQa6ORELd4USA",
    "size": [
      2.081508460311939,
      4.602855966355445,
      1.5
    ],
    "obj_class": "vehicle",
    "point_num_in_lidar": 54,
    "speed": 1.9065862296939056e-12,
    "if_vehicle": true,
    "motion_state": false,
    "pose": [
      [
        0.058113264995713065,
        0.9979876581879698,
        0.025366957563538056,
        -33.58887461260383
      ],
      [
        -0.9982791788814881,
        0.05829236229658695,
        -0.006378205828093088,
        42.75813630799166
      ],
      [
        -0.007844070578475387,
        -0.02495264720176515,
        0.9996578594471132,
        0.8038260621212316
      ],
      [
        0.0,
        0.0,
        0.0,
        1.0
      ]
    ],
    "location": [
      -33.58887461260383,
      42.75813630799166,
      0.8038260621212316
    ],
    "rotation": [
      -0.02495600526026219,
      0.007844151020918623,
      -1.5126485114913266
    ]
  },
  {
    "label_id": "TPHe_VyIVOzq8VdRRqF9Zg",
    "size": [
      2.005890439479491,
      4.565020036356494,
      1.6000000453332746
    ],
    "obj_class": "vehicle",
    "point_num_in_lidar": 31,
    "speed": 8.556067554929069e-13,
    "if_vehicle": true,
    "motion_state": false,
    "pose": [
      [
        -0.3671287996597534,
        -0.9298241564534439,
        0.025366957563538056,
        36.317230488233236
      ],
      [
        0.9300450938255344,
        -0.36739004061279,
        -0.006378205828093088,
        25.12754503196811
      ],
      [
        0.015250177423284262,
        0.021250791377598444,
        0.9996578594471132,
        0.7456453703026682
      ],
      [
        0.0,
        0.0,
        0.0,
        1.0
      ]
    ],
    "location": [
      36.317230488233236,
      25.12754503196811,
      0.7456453703026682
    ],
    "rotation": [
      0.02125486328078737,
      -0.015250768602141914,
      1.946762616943198
    ]
  },
  {
    "label_id": "UahDY1qvMQ82owWsLmLHZQ",
    "size": [
      2.0024935692269423,
      4.635795969975856,
      1.420000000000016
    ],
    "obj_class": "vehicle",
    "point_num_in_lidar": 47,
    "speed": 0.00446071341654913,
    "if_vehicle": true,
    "motion_state": false,
    "pose": [
      [
        -0.010709398387109615,
        0.999620841244397,
        0.025366957563538056,
        -35.92271361932035
      ],
      [
        -0.9999239967807402,
        -0.01055078918588146,
        -0.006378205828093088,
        60.29811565363343
      ],
      [
        -0.006108146053968236,
        -0.02543333634030843,
        0.9996578594471132,
        0.8355354251086169
      ],
      [
        0.0,
        0.0,
        0.0,
        1.0
      ]
    ],
    "location": [
      -35.92271361932035,
      60.29811565363343,
      0.8355354251086169
    ],
    "rotation": [
      -0.025436553702525084,
      0.006108184036532422,
      -1.58150612970281
    ]
  },
  {
    "label_id": "WDJKr51g-iNhS0gJaIfkjA",
    "size": [
      2.1813729803632618,
      4.576132587612332,
      1.3600000000000136
    ],
    "obj_class": "vehicle",
    "point_num_in_lidar": 129,
    "speed": 5.684341886080801e-13,
    "if_vehicle": true,
    "motion_state": false,
    "pose": [
      [
        0.3959952404670821,
        -0.9179021118787055,
        0.025366957563538056,
        61.07640169366732
      ],
      [
        0.9182430039974067,
        0.3959660390743546,
        -0.006378205828093088,
        42.91609726322349
      ],
      [
        -0.004189885110197694,
        0.025818770466062187,
        0.9996578594471132,
        0.9056491785476624
      ],
      [
        0.0,
        0.0,
        0.0,
        1.0
      ]
    ],
    "location": [
      61.07640169366732,
      42.91609726322349,
      0.9056491785476624
    ],
    "rotation": [
      0.025821866535201212,
      0.004189897369295891,
      1.1636411015833565
    ]
  },
  {
    "label_id": "XL2HZ5nBolrrTWtjghg-QQ",
    "size": [
      1.9332519448396217,
      4.5287539990138015,
      1.5699999999999932
    ],
    "obj_class": "vehicle",
    "point_num_in_lidar": 163,
    "speed": 1.4281732235759946e-12,
    "if_vehicle": true,
    "motion_state": false,
    "pose": [
      [
        0.029369611257921775,
        0.9992466879597491,
        0.025366957563538056,
        -30.874662622301003
      ],
      [
        -0.9995432418894991,
        0.02954024514869268,
        -0.006378205828093088,
        34.273452682611605
      ],
      [
        -0.007122747193950984,
        -0.025168045574238074,
        0.9996578594471132,
        0.7028585551500441
      ],
      [
        0.0,
        0.0,
        0.0,
        1.0
      ]
    ],
    "location": [
      -30.874662622301003,
      34.273452682611605,
      0.7028585551500441
    ],
    "rotation": [
      -0.025171342025056574,
      0.0071228074223412255,
      -1.5414217462911868
    ]
  },
  {
    "label_id": "Y7psRdB62Vd3IFYAiYkr8A",
    "size": [
      0.8262745638303656,
      0.8639008479747439,
      1.660000000000025
    ],
    "obj_class": "pedestrian",
    "point_num_in_lidar": 54,
    "speed": 0.7204156430702622,
    "if_vehicle": false,
    "motion_state": false,
    "pose": [
      [
        0.5367245840254795,
        -0.8433760954441654,
        0.025366957563538056,
        -22.203781235850784
      ],
      [
        0.8437172993452594,
        0.5367498833497373,
        -0.006378205828093088,
        31.875552935258384
      ],
      [
        -0.00823648518593042,
        0.024825880798026282,
        0.9996578594471132,
        0.9183386127413655
      ],
      [
        0.0,
        0.0,
        0.0,
        1.0
      ]
    ],
    "location": [
      -22.203781235850784,
      31.875552935258384,
      0.9183386127413655
    ],
    "rotation": [
      0.024829274030556382,
      0.008236578315538,
      1.004224393903736
    ]
  },
  {
    "label_id": "ZD2xyQqVlFo4DW-aNs8QBw",
    "size": [
      2.2344371104526863,
      4.969279365215105,
      1.6999999999999886
    ],
    "obj_class": "vehicle",
    "point_num_in_lidar": 29,
    "speed": 1.4228607195221901e-12,
    "if_vehicle": true,
    "motion_state": false,
    "pose": [
      [
        0.3714651063032364,
        0.9281003136854847,
        0.025366957563538056,
        61.02051694591637
      ],
      [
        -0.9283200292094719,
        0.3717273757190073,
        -0.006378205828093088,
        30.63286185279867
      ],
      [
        -0.015349207394873207,
        -0.02117937388038256,
        0.9996578594471132,
        0.8055356092043553
      ],
      [
        0.0,
        0.0,
        0.0,
        1.0
      ]
    ],
    "location": [
      61.02051694591637,
      30.63286185279867,
      0.8055356092043553
    ],
    "rotation": [
      -0.021183453502514764,
      0.015349810166303577,
      -1.1901626455263887
    ]
  },
  {
    "label_id": "aBfZK79ylDzaSLoIvIuLKg",
    "size": [
      0.8684472722431327,
      0.1641085882203508,
      0.9399999999999977
    ],
    "obj_class": "sign",
    "point_num_in_lidar": 28,
    "speed": 0.024634475932126258,
    "if_vehicle": false,
    "motion_state": false,
    "pose": [
      [
        0.03436679462456784,
        0.9990873039385509,
        0.025366957563538056,
        7.937965100138172
      ],
      [
        -0.9993830007650091,
        0.034538909541853735,
        -0.006378205828093088,
        86.1797731045317
      ],
      [
        -0.007248531517393758,
        -0.02513210768036001,
        0.9996578594471132,
        3.0057691191084928
      ],
      [
        0.0,
        0.0,
        0.0,
        1.0
      ]
    ],
    "location": [
      7.937965100138172,
      86.1797731045317,
      3.0057691191084928
    ],
    "rotation": [
      -0.025135414571782505,
      0.007248594993329657,
      -1.5364218601972695
    ]
  },
  {
    "label_id": "aCe-sGUZd8XCrjmz2Aqjpw",
    "size": [
      1.8418365429193084,
      4.44996955986282,
      1.3700000000000045
    ],
    "obj_class": "vehicle",
    "point_num_in_lidar": 155,
    "speed": 3.552713678800501e-13,
    "if_vehicle": true,
    "motion_state": false,
    "pose": [
      [
        0.44018944657554687,
        0.8975465272549851,
        0.025366957563538056,
        36.388174471591356
      ],
      [
        -0.8977459032511144,
        0.440467492201474,
        -0.006378205828093088,
        65.99809106299654
      ],
      [
        -0.01689805667391528,
        -0.019965463336997936,
        0.9996578594471132,
        0.8107691191080448
      ],
      [
        0.0,
        0.0,
        0.0,
        1.0
      ]
    ],
    "location": [
      36.388174471591356,
      65.99809106299654,
      0.8107691191080448
    ],
    "rotation": [
      -0.019969641704344676,
      0.016898860967949177,
      -1.11491666805988
    ]
  },
  {
    "label_id": "aH4CifP98VP1LwWVbnjEww",
    "size": [
      0.8111830784138472,
      0.13501192777146076,
      0.8199999999999932
    ],
    "obj_class": "sign",
    "point_num_in_lidar": 63,
    "speed": 0.005250387987970327,
    "if_vehicle": false,
    "motion_state": false,
    "pose": [
      [
        0.9961429310623076,
        0.08399868069538087,
        0.025366957563538056,
        -21.928326874270624
      ],
      [
        -0.08386273392553642,
        0.9964569034077436,
        -0.006378205828093088,
        40.452602525490875
      ],
      [
        -0.02581284085740218,
        0.004226262235863975,
        0.9996578594471132,
        1.4598894558766347
      ],
      [
        0.0,
        0.0,
        0.0,
        1.0
      ]
    ],
    "location": [
      -21.928326874270624,
      40.452602525490875,
      1.4598894558766347
    ],
    "rotation": [
      0.004227683518715045,
      0.0258157082450537,
      -0.0839893986604449
    ]
  },
  {
    "label_id": "bfDHlWXisbeVQ_jI4SYGOA",
    "size": [
      0.5062941783343857,
      0.1217332975808741,
      0.6299999999999955
    ],
    "obj_class": "sign",
    "point_num_in_lidar": 215,
    "speed": 0.06931578043606136,
    "if_vehicle": false,
    "motion_state": false,
    "pose": [
      [
        0.025226086910974107,
        0.9993598761222754,
        0.025366957563538056,
        -2.6375699642576365
      ],
      [
        -0.9996571350183293,
        0.025395489705067224,
        -0.006378205828093088,
        29.558887867624435
      ],
      [
        -0.007018329295899191,
        -0.025197362947542434,
        0.9996578594471132,
        1.0869197825945776
