[
  {
    "label_id": "-F5A7bbXR534ssEhSPvsKA",
    "size": [
      0.9144843212922439,
      1.0494597753535118,
      1.740000000000002
    ],
    "obj_class": "pedestrian",
    "point_num_in_lidar": 154,
    "speed": 1.6137302944435274,
    "if_vehicle": false,
    "motion_state": true,
    "pose": [
      [
        0.9993486333364583,
        0.033309404420005524,
        0.013884978420492607,
        -2.667714075177173
      ],
      [
        -0.033404606254765226,
        0.9994195743858452,
        0.006681812282638788,
        14.547379674110061
      ],
      [
        -0.01365435203578439,
        -0.0071412822098583005,
        0.9998812733314302,
        0.9544932910000483
      ],
      [
        0.0,
        0.0,
        0.0,
        1.0
      ]
    ],
    "location": [
      -2.667714075177173,
      14.547379674110061,
      0.9544932910000483
    ],
    "rotation": [
      -0.007142008734821002,
      0.013654776360643488,
      -0.03341393807106359
    ]
  },
  {
    "label_id": "-FAHwqVW2G-3XzoYPoMFfw",
    "size": [
      3.1200548967611827,
      11.531225792973089,
      4.109999999999957
    ],
    "obj_class": "vehicle",
    "point_num_in_lidar": 91,
    "speed": 3.972054645195637e-14,
    "if_vehicle": true,
    "motion_state": false,
    "pose": [
      [
        -0.9985375467327599,
        0.052249164004640324,
        0.013884978420492607,
        38.31753235524786
      ],
      [
        -0.05216037563364873,
        -0.9986163670791584,
        0.006681812282638788,
        13.72797195905855
      ],
      [
        0.014214885813048651,
        0.005947794754356956,
        0.9998812733314302,
        1.8429762349869634
      ],
      [
        0.0,
        0.0,
        0.0,
        1.0
      ]
    ],
    "location": [
      38.31753235524786,
      13.72797195905855,
      1.8429762349869634
    ],
    "rotation": [
      0.005948430839649878,
      -0.01421536457361099,
      -3.0894033189629546
    ]
  },
  {
    "label_id": "-H4mHZRW8n7aRqwatB9ZGw",
    "size": [
      2.119300748150477,
      4.685897212546479,
      1.7800000000000011
    ],
    "obj_class": "vehicle",
    "point_num_in_lidar": 33,
    "speed": 0.0159303455326019,
    "if_vehicle": true,
    "motion_state": false,
    "pose": [
      [
        -0.19283466833404203,
        -0.9811330175173816,
        0.013884978420492607,
        0.6070451065929774
      ],
      [
        0.9812235941231238,
        -0.19275790961908443,
        0.006681812282638788,
        31.164122037199377
      ],
      [
        -0.0038793072319098453,
        0.014912753485470746,
        0.9998812733314302,
        0.8259842257872663
      ],
      [
        0.0,
        0.0,
        0.0,
        1.0
      ]
    ],
    "location": [
      0.6070451065929774,
      31.164122037199377,
      0.8259842257872663
    ],
    "rotation": [
      0.01491341850748331,
      0.0038793169619407318,
      1.7648480256381025
    ]
  },
  {
    "label_id": "5FDGRfKUQ9sdZ1qWgyeWLQ",
    "size": [
      2.045718659207838,
      4.713389250527029,
      1.3400000000000034
    ],
    "obj_class": "vehicle",
    "point_num_in_lidar": 323,
    "speed": 0.9854867894511168,
    "if_vehicle": true,
    "motion_state": false,
    "pose": [
      [
        0.007484552719475098,
        0.9998755866830892,
        0.013884978420492607,
        -3.338658809635376
      ],
      [
        -0.9999503522327078,
        0.007392324012339228,
        0.006681812282638788,
        19.155698973660492
      ],
      [
        0.00657833871682111,
        -0.013934299438606173,
        0.9998812733314302,
        0.7764816745550789
      ],
      [
        0.0,
        0.0,
        0.0,
        1.0
      ]
    ],
    "location": [
      -3.338658809635376,
      19.155698973660492,
      0.7764816745550789
    ],
    "rotation": [
      -0.013935051942120009,
      -0.006578386163509026,
      -1.5633115422396389
    ]
  },
  {
    "label_id": "5tqAjOce6YWfi1CdeCMP-Q",
    "size": [
      2.26367902557311,
      4.979165260291454,
      1.8500000000000014
    ],
    "obj_class": "vehicle",
    "point_num_in_lidar": 649,
    "speed": 1.7852165294699933e-13,
    "if_vehicle": true,
    "motion_state": false,
    "pose": [
      [
        -0.9954664717572772,
        0.09409416018744506,
        0.013884978420492607,
        10.627576893746209
      ],
      [
        -0.094008756683294,
        -0.995548947591971,
        0.006681812282638788,
        11.982496768205692
      ],
      [
        0.014451895169123692,
        0.005346210540057995,
        0.9998812733314302,
        0.8802654804896264
      ],
      [
        0.0,
        0.0,
        0.0,
        1.0
      ]
    ],
    "location": [
      10.627576893746209,
      11.982496768205692,
      0.8802654804896264
    ],
    "rotation": [
      0.005346794400850447,
      -0.01445239828031523,
      -3.0474350115243505
    ]
  },
  {
    "label_id": "7-Cir_6eWG09wehRQVtTtw",
    "size": [
      0.4470415938999134,
      0.09818506062016025,
      0.16146885882913153
    ],
    "obj_class": "sign",
    "point_num_in_lidar": 58,
    "speed": 0.002203432664678451,
    "if_vehicle": false,
    "motion_state": false,
    "pose": [
      [
        -0.9904120965554761,
        -0.1374448484696637,
        0.013884978420492607,
        -10.780913289414912
      ],
      [
        0.1375469354197029,
        -0.9904727123658016,
        0.006681812282638788,
        -0.9240754443464994
      ],
      [
        0.01283431156059591,
        0.008527583941745877,
        0.9998812733314302,
        2.103704646541445
      ],
      [
        0.0,
        0.0,
        0.0,
        1.0
      ]
    ],
    "location": [
      -10.780913289414912,
      -0.9240754443464994,
      2.103704646541445
    ],
    "rotation": [
      0.008528389741231233,
      -0.012834663930393245,
      3.003596833054026
    ]
  },
  {
    "label_id": "AEZuZTCdAj38T5tnQh0N3A",
    "size": [
      1.9764182524732357,
      4.583813116773403,
      1.6100000000000065
    ],
    "obj_class": "vehicle",
    "point_num_in_lidar": 166,
    "speed": 5.0242958677880804e-14,
    "if_vehicle": true,
    "motion_state": false,
    "pose": [
      [
        -0.9923910699814446,
        0.12234039232954139,
        0.013884978420492607,
        -49.14020002986899
      ],
      [
        -0.12225736669404086,
        -0.9924759390905448,
        0.006681812282638788,
        7.589575708011125
      ],
      [
        0.014597962533260725,
        0.004933429942290056,
        0.9998812733314302,
        1.2996785004646938
      ],
      [
        0.0,
        0.0,
        0.0,
        1.0
      ]
    ],
    "location": [
      -49.14020002986899,
      7.589575708011125,
      1.2996785004646938
    ],
    "rotation": [
      0.004933975703392491,
      -0.014598481055196474,
      -3.0190155321605343
    ]
  },
  {
    "label_id": "Bbx8pLm5ey4t1wPBh4cdAw",
    "size": [
      2.1238772197839544,
      4.766762156548458,
      1.8100000000000023
    ],
    "obj_class": "vehicle",
    "point_num_in_lidar": 374,
    "speed": 0.01324388314189146,
    "if_vehicle": true,
    "motion_state": false,
    "pose": [
      [
        -0.9953460147786507,
        0.0953599404284655,
        0.013884978420492607,
        17.52723651505528
      ],
      [
        -0.09527464187138794,
        -0.9954285991475725,
        0.006681812282638788,
        12.881779416041809
      ],
      [
        0.014458681839531851,
        0.0053278288806191745,
        0.9998812733314302,
        0.77156020049717
      ],
      [
        0.0,
        0.0,
        0.0,
        1.0
      ]
    ],
    "location": [
      17.52723651505528,
      12.881779416041809,
      0.77156020049717
    ],
    "rotation": [
      0.00532841108251056,
      -0.01445918565989014,
      -3.0461632751728374
    ]
  },
  {
    "label_id": "C-7CDilIzKn25wyKRr9jJA",
    "size": [
      2.15077525733198,
      5.0328621732727665,
      1.5100000000000051
    ],
    "obj_class": "vehicle",
    "point_num_in_lidar": 1602,
    "speed": 4.358117046244678,
    "if_vehicle": true,
    "motion_state": true,
    "pose": [
      [
        0.008704897465932712,
        0.9998657070498869,
        0.013884978420492607,
        -3.413081165076278
      ],
      [
        -0.9999405851091561,
        0.008612760079005369,
        0.006681812282638788,
        2.798072992503421
      ],
      [
        0.00656132697451738,
        -0.013942317936822362,
        0.9998812733314302,
        0.784105448593472
      ],
      [
        0.0,
        0.0,
        0.0,
        1.0
      ]
    ],
    "location": [
      -3.413081165076278,
      2.798072992503421,
      0.784105448593472
    ],
    "rotation": [
      -0.013943069834401193,
      -0.00656137405405681,
      -1.5620911319987945
    ]
  },
  {
    "label_id": "DfUOspd1ep_pDGx1yZG9Uw",
    "size": [
      2.093087734446965,
      4.702836163548996,
      1.8500000000000014
    ],
    "obj_class": "vehicle",
    "point_num_in_lidar": 1960,
    "speed": 3.3167831427643977,
    "if_vehicle": true,
    "motion_state": true,
    "pose": [
      [
        -0.9965941570870248,
        0.08128525963706527,
        0.013884978420492607,
        6.511619683972299
      ],
      [
        -0.08119880260326383,
        -0.9966755278627122,
        0.006681812282638788,
        8.352803751483407
      ],
      [
        0.014381951042847261,
        0.005531611457713975,
        0.9998812733314302,
        0.9540492534988161
      ],
      [
        0.0,
        0.0,
        0.0,
        1.0
      ]
    ],
    "location": [
      6.511619683972299,
      8.352803751483407,
      0.9540492534988161
    ],
    "rotation": [
      0.005532211846346567,
      -0.014382446884029317,
      -3.06029593120254
    ]
  },
  {
    "label_id": "GS-f_3-9m5tpTzs1EqI4-Q",
    "size": [
      0.4850466627916111,
      0.07902573047840633,
      0.20153950352409566
    ],
    "obj_class": "sign",
    "point_num_in_lidar": 114,
    "speed": 0.0011586930787360003,
    "if_vehicle": false,
    "motion_state": false,
    "pose": [
      [
        0.14101547992391317,
        0.9899100170197749,
        0.013884978420492607,
        5.197324872512695
      ],
      [
        -0.9899964352812061,
        0.14093406797195923,
        0.006681812282638788,
        -7.638395719780647
      ],
      [
        0.004657526417927011,
        -0.014688318106041955,
        0.9998812733314302,
        2.2525661577042015
      ],
      [
        0.0,
        0.0,
        0.0,
        1.0
      ]
    ],
    "location": [
      5.197324872512695,
      -7.638395719780647,
      2.2525661577042015
    ],
    "rotation": [
      -0.014689005649993477,
      -0.0046575432570306495,
      -1.429307712230672
    ]
  },
  {
    "label_id": "II9hCDJdG-EL7T23hW66TA",
    "size": [
      2.169638695984414,
      4.618757893724354,
      1.7700000000000031
    ],
    "obj_class": "vehicle",
    "point_num_in_lidar": 158,
    "speed": 2.1683198553528098e-13,
    "if_vehicle": true,
    "motion_state": false,
    "pose": [
      [
        0.9986478682843496,
        -0.05009633265406566,
        0.013884978420492607,
        -26.80830841833972
      ],
      [
        0.05000737456355613,
        0.9987264970320352,
        0.006681812282638788,
        -0.6173348429897487
      ],
      [
        -0.014202030150107077,
        -0.005978426275652942,
        0.9998812733314302,
        1.0536715158245258
      ],
      [
        0.0,
        0.0,
        0.0,
        1.0
      ]
    ],
    "location": [
      -26.80830841833972,
      -0.6173348429897487,
      1.0536715158245258
    ],
    "rotation": [
      -0.005979064908587802,
      0.01420250761282041,
      0.05003329087375585
    ]
  },
  {
    "label_id": "KExt1_lZn78J8VsbsFyZVw",
    "size": [
      0.5970706012783871,
      0.6505881208428722,
      1.6700000000000017
    ],
    "obj_class": "pedestrian",
    "point_num_in_lidar": 33,
    "speed": 0.0044015687787929934,
    "if_vehicle": false,
    "motion_state": false,
    "pose": [
      [
        -0.0696029075460197,
        -0.9974781414323838,
        0.013884978420492607,
        25.897259957144684
      ],
      [
        0.9975584936333747,
        -0.06951550305170932,
        0.006681812282638788,
        17.628299494758267
      ],
      [
        -0.00569974043732394,
        0.014316151719826883,
        0.9998812733314302,
        0.9725044214993233
      ],
      [
        0.0,
        0.0,
        0.0,
        1.0
      ]
    ],
    "location": [
      25.897259957144684,
      17.628299494758267,
      0.9725044214993233
    ],
    "rotation": [
      0.014316873360271369,
      0.005699771299058711,
      1.6404566898840334
    ]
  },
  {
    "label_id": "NpOYq1LvezmGuK1h3sh1Ig",
    "size": [
      0.4751209984601731,
      0.05187169363348636,
      0.490000000000002
    ],
    "obj_class": "sign",
    "point_num_in_lidar": 33,
    "speed": 0.006470166548730836,
    "if_vehicle": false,
    "motion_state": false,
    "pose": [
      [
        0.9999035990405587,
        3.807588006261525e-15,
        0.013884978420492607,
        -11.87487355590315
      ],
      [
        -9.27857639947009e-05,
        0.9999776721384441,
        0.006681812282638788,
        12.63648091492314
      ],
      [
        -0.013884668398616701,
        -0.00668245647785473,
        0.9998812733314302,
        2.8150539627882125
      ],
      [
        0.0,
        0.0,
        0.0,
        1.0
      ]
    ],
    "location": [
      -11.87487355590315,
      12.63648091492314,
      2.8150539627882125
    ],
    "rotation": [
      -0.006683150456221873,
      0.013885114561013993,
      -9.279470922737982e-05
    ]
  },
  {
    "label_id": "OinBLW0UfALpTqwdQFfp6g",
    "size": [
      0.8118872121116995,
      0.10779766564128707,
      0.7800000000000011
    ],
    "obj_class": "sign",
    "point_num_in_lidar": 333,
    "speed": 0.0050845355952113145,
    "if_vehicle": false,
    "motion_state": false,
    "pose": [
      [
        -0.9904120965551826,
        -0.1374448484717784,
        0.013884978420492607,
        -10.795424091856148
      ],
      [
        0.13754693542181773,
        -0.9904727123655079,
        0.006681812282638788,
        -0.9197893109669621
      ],
      [
        0.0128343115605777,
        0.008527583941773281,
        0.9998812733314302,
        2.5825243448095137
      ],
      [
        0.0,
        0.0,
        0.0,
        1.0
      ]
    ],
    "location": [
      -10.795424091856148,
      -0.9197893109669621,
      2.5825243448095137
    ],
    "rotation": [
      0.008528389741258639,
      -0.012834663930375032,
      3.003596833051891
    ]
  },
  {
    "label_id": "P1ky-Rbaej9JvbPv9kZKYA",
    "size": [
      2.3434372294600503,
      5.117642954333817,
      2.809999999999995
    ],
    "obj_class": "vehicle",
    "point_num_in_lidar": 4330,
    "speed": 0.00107626225037005,
    "if_vehicle": true,
    "motion_state": false,
    "pose": [
      [
        -0.07173840538033717,
        -0.9973268313686086,
        0.013884978420492607,
        3.1331624883654285
      ],
      [
        0.9974073705234148,
        -0.0716511731249908,
        0.006681812282638788,
        -8.275439519106385
      ],
      [
        -0.0056690756790005155,
        0.014328322374365144,
        0.9998812733314302,
        1.3483359094672025
      ],
      [
        0.0,
        0.0,
        0.0,
        1.0
      ]
    ],
    "location": [
      3.1331624883654285,
      -8.275439519106385,
      1.3483359094672025
    ],
    "rotation": [
      0.014329042963061754,
      0.005669106045294654,
      1.6425975633074463
    ]
  },
  {
    "label_id": "P5W3PzH21kZDfGzI8M2_Hw",
    "size": [
      3.1029766252317925,
      12.442215914863029,
      3.289999999999978
    ],
    "obj_class": "vehicle",
    "point_num_in_lidar": 3265,
    "speed": 1.1374233532693354e-13,
    "if_vehicle": true,
    "motion_state": false,
    "pose": [
      [
        -0.9980035539252301,
        0.06161261012871482,
        0.013884978420492607,
        -25.83474257318619
      ],
      [
        -0.061524564955760135,
        -0.9980832035915765,
        0.006681812282638788,
        9.284364917255516
      ],
      [
        0.014270047638848649,
        0.005814205147993839,
        0.9998812733314302,
        1.7264236508907373
      ],
      [
        0.0,
        0.0,
        0.0,
        1.0
      ]
    ],
    "location": [
      -25.83474257318619,
      9.284364917255516,
      1.7264236508907373
    ],
    "rotation": [
      0.0058148299927909715,
      -0.014270531994998406,
      -3.0800229307283677
    ]
  },
  {
    "label_id": "RB-oIFuuBhuOu_4wBXtzcQ",
    "size": [
      1.9645943556835406,
      4.318930102955118,
      1.564739240841142
    ],
    "obj_class": "vehicle",
    "point_num_in_lidar": 248,
    "speed": 1.7763568394002505e-14,
    "if_vehicle": true,
    "motion_state": false,
    "pose": [
      [
        -0.9953460147786437,
        0.09535994042853976,
        0.013884978420492607,
        23.452750645354627
      ],
      [
        -0.0952746418714622,
        -0.9954285991475654,
        0.006681812282638788,
        13.326092589249356
      ],
      [
        0.01445868183953225,
        0.0053278288806180955,
        0.9998812733314302,
        0.6215602004970933
      ],
      [
        0.0,
        0.0,
        0.0,
        1.0
      ]
    ],
    "location": [
      23.452750645354627,
      13.326092589249356,
      0.6215602004970933
    ],
    "rotation": [
      0.005328411082509481,
      -0.01445918565989054,
      -3.0461632751727628
    ]
  },
  {
    "label_id": "T3lsRLzCMMSY3Dl_tzxcqw",
    "size": [
      0.8193820258429333,
      0.09376311697755056,
      0.8000000000000043
    ],
    "obj_class": "sign",
    "point_num_in_lidar": 38,
    "speed": 0.002712999043712958,
    "if_vehicle": false,
    "motion_state": false,
    "pose": [
      [
        0.3933620772505096,
        -0.9192787844584616,
        0.013884978420492607,
        -7.714497166215438
      ],
      [
        0.9193103829311071,
        0.39347652181506465,
        0.006681812282638788,
        16.682449198139466
      ],
      [
        -0.011605861287536464,
        0.010136233269436454,
        0.9998812733314302,
        3.1991637053220785
      ],
      [
        0.0,
        0.0,
        0.0,
        1.0
      ]
    ],
    "location": [
      -7.714497166215438,
      16.682449198139466,
      3.1991637053220785
    ],
    "rotation": [
      0.010137089608180092,
      0.01160612184721018,
      1.1664818823443992
    ]
  },
  {
    "label_id": "VIgfW057J6zNoT8MSku42Q",
    "size": [
      2.0389078942829597,
      4.544739353990225,
      1.8300000000000054
    ],
    "obj_class": "vehicle",
    "point_num_in_lidar": 876,
    "speed": 1.1670970534522846,
    "if_vehicle": true,
    "motion_state": true,
    "pose": [
      [
        -0.9971410287123939,
        0.07427635042630688,
        0.013884978420492607,
        15.125903121474039
      ],
      [
        -0.07418932342404032,
        -0.9972217896107681,
        0.006681812282638788,
        9.070403278923322
      ],
      [
        0.014342703659778612,
        0.005632592018399803,
        0.9998812733314302,
        0.8859011977012301
      ],
      [
        0.0,
        0.0,
        0.0,
        1.0
      ]
    ],
    "location": [
      15.125903121474039,
      9.070403278923322,
      0.8859011977012301
    ],
    "rotation": [
      0.005633201249892711,
      -0.014343195452426433,
      -3.067327450887827
    ]
  },
  {
    "label_id": "XQmjRhoi5kGFxGSc7VsbaA",
    "size": [
      2.5693426382234286,
      5.383624736107198,
      2.6299999999999883
    ],
    "obj_class": "vehicle",
    "point_num_in_lidar": 2420,
    "speed": 2.51214793389404e-13,
    "if_vehicle": true,
    "motion_state": false,
    "pose": [
      [
        0.9973281970879987,
        -0.0717194162515596,
        0.013884978420492607,
        15.5857271483967
      ],
      [
        0.07163218246276248,
        0.9974087345818871,
        0.006681812282638788,
        2.9092134358552357
      ],
      [
        -0.014328214432493692,
        -0.005669348489416341,
        0.9998812733314302,
        1.1737428434535389
      ],
      [
        0.0,
        0.0,
        0.0,
        1.0
      ]
    ],
    "location": [
      15.5857271483967,
      2.9092134358552357,
      1.1737428434535389
    ],
    "rotation": [
      -0.005669960911254503,
      0.014328704736104755,
      0.07170095686209646
    ]
  },
  {
    "label_id": "YytKtqwuhzFGLrx28JPtgQ",
    "size": [
      2.867307945288458,
      7.235536587668475,
      3.3505405405405497
    ],
    "obj_class": "vehicle",
    "point_num_in_lidar": 795,
    "speed": 0.008139765717250369,
    "if_vehicle": true,
    "motion_state": false,
    "pose": [
      [
        0.999057458089466,
        -0.04112666786985601,
        0.013884978420492607,
        22.69045385348909
      ],
      [
        0.04103700729666593,
        0.9991352848422246,
        0.006681812282638788,
        3.4766840863658217
      ],
      [
        -0.01414777254370383,
        -0.006105716433768275,
        0.9998812733314302,
        1.5809332733412518
      ],
      [
        0.0,
        0.0,
        0.0,
        1.0
      ]
    ],
    "location": [
      22.69045385348909,
      3.4766840863658217,
      1.5809332733412518
    ],
    "rotation": [
      -0.006106365532642126,
      0.014148244554657423,
      0.04105264505277581
    ]
  },
  {
    "label_id": "ZAWh5ebxHQoiaBpI1opOtQ",
    "size": [
      2.318329935742871,
      5.252203792437462,
      1.9400000000000048
    ],
    "obj_class": "vehicle",
    "point_num_in_lidar": 1673,
    "speed": 0.004523172163451207,
    "if_vehicle": true,
    "motion_state": false,
    "pose": [
      [
        0.9973764646310487,
        -0.07104502216435082,
        0.013884978420492607,
        -13.759728048347824
      ],
      [
        0.07095773393730571,
        0.9974569431204048,
        0.006681812282638788,
        0.5923192354061939
      ],
      [
        -0.014324377632315444,
        -0.005679035707300046,
        0.9998812733314302,
        0.8586715158246392
      ],
      [
        0.0,
        0.0,
        0.0,
        1.0
      ]
    ],
    "location": [
      -13.759728048347824,
      0.5923192354061939,
      0.8586715158246392
    ],
    "rotation": [
      -0.005679648967410653,
      0.01432486754212816,
      0.07102471397523465
    ]
  },
  {
    "label_id": "ZqVcS5TpbdlQOy2xeA1L0w",
    "size": [
      2.165928493668177,
      4.872672216116353,
      1.6000000000000014
    ],
    "obj_class": "vehicle",
    "point_num_in_lidar": 387,
    "speed": 0.0034722953269612357,
    "if_vehicle": true,
    "motion_state": false,
    "pose": [
      [
        0.07410158713064514,
        0.9971540313106004,
        0.013884978420492607,
        -6.014627378442583
      ],
      [
        -0.997234776955101,
        0.07401454597529951,
        0.006681812282638788,
        20.418263242594094
      ],
      [
        0.005635105680424361,
        -0.014341716253238906,
        0.9998812733314302,
        0.7912760011922444
      ],
      [
        0.0,
        0.0,
        0.0,
        1.0
      ]
    ],
    "location": [
      -6.014627378442583,
      20.418263242594094,
      0.7912760011922444
    ],
    "rotation": [
      -0.014342435679574612,
      -0.005635135504098885,
      -1.4966255758845968
    ]
  },
  {
    "label_id": "ZxcngDw5pn33WhQh4fGo7g",
    "size": [
      1.993162935199559,
      4.351704980641885,
      1.5900000000000034
    ],
    "obj_class": "vehicle",
    "point_num_in_lidar": 79,
    "speed": 1.0805156823142816e-13,
    "if_vehicle": true,
    "motion_state": false,
    "pose": [
      [
        -0.996927127779321,
        0.07709415848127493,
        0.013884978420492607,
        -42.48788176240453
      ],
      [
        -0.0770073600717783,
        -0.9970081343095428,
        0.006681812282638788,
        8.402999257310512
      ],
      [
        0.014358565125003478,
        0.005592034394475929,
        0.9998812733314302,
        1.2063065828134611
      ],
      [
        0.0,
        0.0,
        0.0,
        1.0
      ]
    ],
    "location": [
      -42.48788176240453,
      8.402999257310512,
      1.2063065828134611
    ],
    "rotation": [
      0.00559264008803237,
      -0.01435905855116446,
      -3.0645010159197565
    ]
  },
  {
    "label_id": "ahh4Y1SZ-y9Qvly03o_oAA",
    "size": [
      2.0627046657678143,
      4.417872033252479,
      1.7451871050278172
    ],
    "obj_class": "vehicle",
    "point_num_in_lidar": 89,
    "speed": 0.0012497102910455822,
    "if_vehicle": true,
    "motion_state": false,
    "pose": [
      [
        0.07576424492854471,
        0.9970290800998083,
        0.013884978420492607,
        -6.935186349979631
      ],
      [
        -0.9971099707737406,
        0.0756773385380979,
        0.006681812282638788,
        32.63753788313261
      ],
      [
        0.0056111829410371485,
        -0.014351092889399805,
        0.9998812733314302,
        0.6959842257872282
      ],
      [
        0.0,
        0.0,
        0.0,
        1.0
      ]
    ],
    "location": [
      -6.935186349979631,
      32.63753788313261,
      0.6959842257872282
    ],
    "rotation": [
      -0.014351811498941299,
      -0.00561121238648659,
      -1.494958213875875
    ]
  },
  {
    "label_id": "bA4NouE1x7OzqmpHmrXLCA",
    "size": [
      0.7640776443058745,
      0.060923233862056884,
      0.7700000000000031
    ],
    "obj_class": "sign",
    "point_num_in_lidar": 28,
    "speed": 0.00266147380665252,
    "if_vehicle": false,
    "motion_state": false,
    "pose": [
      [
        0.9999035990405588,
        -1.8619005635676373e-14,
        0.013884978420492607,
        8.582653076122483
      ],
      [
        -9.278576397227719e-05,
        0.9999776721384442,
        0.006681812282638788,
        13.72291549050692
      ],
      [
        -0.013884668398616852,
        -0.006682456477854419,
        0.9998812733314302,
        2.7554740982670864
      ],
      [
        0.0,
        0.0,
        0.0,
        1.0
      ]
    ],
    "location": [
      8.582653076122483,
      13.72291549050692,
      2.7554740982670864
    ],
    "rotation": [
      -0.006683150456221562,
      0.013885114561014144,
      -9.279470920495394e-05
    ]
  },
  {
    "label_id": "dflMqGo5HWaGLblIEG_AIw",
    "size": [
      1.860636650809065,
      4.05075350178842,
      1.5400000000000063
    ],
    "obj_class": "vehicle",
    "point_num_in_lidar": 23,
    "speed": 1.6758116906701666e-13,
    "if_vehicle": true,
    "motion_state": false,
    "pose": [
      [
        -0.1248165408646809,
        -0.9920826772506603,
        0.013884978420492607,
        -2.603579955937903
      ],
      [
        0.9921677532874372,
        -0.12473372728007025,
        0.006681812282638788,
        70.46901911606756
      ],
      [
        -0.004896985106655249,
        0.014610228539730806,
        0.9998812733314302,
        0.5914331152747678
      ],
      [
        0.0,
        0.0,
        0.0,
        1.0
      ]
    ],
    "location": [
      -2.603579955937903,
      70.46901911606756,
      0.5914331152747678
    ],
    "rotation": [
      0.014610923571795012,
      0.0048970046788615945,
      1.695940759090225
    ]
  },
  {
    "label_id": "fEKN6OQe99brECij0ShExg",
    "size": [
      2.197789788132656,
      4.78244681950412,
      1.8500000000000014
    ],
    "obj_class": "vehicle",
    "point_num_in_lidar": 48,
    "speed": 1.293207299340885e-13,
    "if_vehicle": true,
    "motion_state": false,
    "pose": [
      [
        0.03412201491394368,
        0.9993212173633036,
        0.013884978420492607,
        -7.503220989562919
      ],
      [
        -0.9993984136606763,
        0.03403181095892127,
        0.006681812282638788,
        39.35232871119206
      ],
      [
        0.006204745823704763,
        -0.014104622305513403,
        0.9998812733314302,
        0.7559842257873015
      ],
      [
        0.0,
        0.0,
        0.0,
        1.0
      ]
    ],
    "location": [
      -7.503220989562919,
      39.35232871119206,
      0.7559842257873015
    ],
    "rotation": [
      -0.014105361551383276,
      -0.006204785637012415,
      -1.5366670297334084
    ]
  },
  {
    "label_id": "fh1oSL5OCYHPzBR4ONvPDg",
    "size": [
      2.5441525762013706,
      5.529152590652675,
      2.3499999999999943
    ],
    "obj_class": "vehicle",
    "point_num_in_lidar": 886,
    "speed": 0.005885795290406005,
    "if_vehicle": true,
    "motion_state": false,
    "pose": [
      [
        -0.061201725007407164,
        -0.9980288353701913,
        0.013884978420492607,
        1.2047998045326267
      ],
      [
        0.9981084487814277,
        -0.061113647050000025,
        0.006681812282638788,
        18.352698023909852
      ],
      [
        -0.005820079660117376,
        0.014267652710514648,
        0.9998812733314302,
        1.2394831185726858
      ],
      [
        0.0,
        0.0,
        0.0,
        1.0
      ]
    ],
    "location": [
      1.2047998045326267,
      18.352698023909852,
      1.2394831185726858
    ],
    "rotation": [
      0.014268378499997526,
      0.0058201125181953925,
      1.6320373615900667
    ]
  },
  {
    "label_id": "jiDWv0IHfVYmdLSYdNAeuw",
    "size": [
      2.3635772079234556,
      4.784302331303529,
      1.8000000000000043
    ],
    "obj_class": "vehicle",
    "point_num_in_lidar": 974,
    "speed": 7.944109290391274e-14,
    "if_vehicle": true,
    "motion_state": false,
    "pose": [
      [
        -0.9989967473470359,
        0.042575887122935425,
        0.013884978420492607,
        -16.126767325087712
      ],
      [
        -0.0424863395418901,
        -0.9990747040822078,
        0.006681812282638788,
        10.476572896518519
      ],
      [
        0.014156614792163763,
        0.006085186829034757,
        0.9998812733314302,
        0.8986715158246028
      ],
      [
        0.0,
        0.0,
        0.0,
        1.0
      ]
    ],
    "location": [
      -16.126767325087712,
      10.476572896518519,
      0.8986715158246028
    ],
    "rotation": [
      0.0060858342532195495,
      -0.014157087688733453,
      -3.099089259889587
    ]
  },
  {
    "label_id": "lVgMLiYY04OUIeF1a-Z-Bg",
    "size": [
      2.287276621893465,
      5.0947232382614915,
      1.9223137534269625
    ],
    "obj_class": "vehicle",
    "point_num_in_lidar": 141,
    "speed": 0.0,
    "if_vehicle": true,
    "motion_state": false,
    "pose": [
      [
        -0.9984434275491106,
        0.05401786147420531,
        0.013884978420492607,
        -36.01717333436852
      ],
      [
        -0.0539292128625078,
        -0.9985224050489053,
        0.006681812282638788,
        8.894851464634257
      ],
      [
        0.014225399256762652,
        0.0059226056008875455,
        0.9998812733314302,
        1.232063122341991
      ],
      [
        0.0,
        0.0,
        0.0,
        1.0
      ]
    ],
    "location": [
      -36.01717333436852,
      8.894851464634257,
      1.232063122341991
    ],
    "rotation": [
      0.005923239582815525,
      -0.014225879080460904,
      -3.0876318001342895
    ]
  },
  {
    "label_id": "mZdp7gLn15GgHZm12rNG3Q",
    "size": [
      0.6889420735339361,
      0.7053705901522827,
      1.5200000000000031
    ],
    "obj_class": "pedestrian",
    "point_num_in_lidar": 31,
    "speed": 0.18632475036802698,
    "if_vehicle": false,
    "motion_state": false,
    "pose": [
      [
        -0.1863378899885686,
        -0.9823876007609577,
        0.013884978420492607,
        25.271541523880842
      ],
      [
        0.9824776674398675,
        -0.1862605335720289,
        0.006681812282638788,
        17.53527170546863
      ],
      [
        -0.003977906047839556,
        0.014886756013065085,
        0.9998812733314302,
        1.0425044214993022
      ],
      [
        0.0,
        0.0,
        0.0,
        1.0
      ]
    ],
    "location": [
      25.271541523880842,
      17.53527170546863,
      1.0425044214993022
    ],
    "rotation": [
      0.014887423720402583,
      0.003977916538803796,
      1.7582312542072729
    ]
  },
  {
    "label_id": "oWHtxuSP48iB5d33eg9RSQ",
    "size": [
      2.11750592915699,
      4.616705315983924,
      1.6300000000000026
    ],
    "obj_class": "vehicle",
    "point_num_in_lidar": 403,
    "speed": 0.013564837367883676,
    "if_vehicle": true,
    "motion_state": false,
    "pose": [
      [
        0.9936760118104879,
        -0.11142347565331809,
        0.013884978420492607,
        -19.676463256820398
      ],
      [
        0.11133952205421414,
        0.9937599630762748,
        0.006681812282638788,
        0.09380410040398601
      ],
      [
        -0.014542846390658249,
        -0.005093609719608119,
        0.9998812733314302,
        0.7636715158245551
      ],
      [
        0.0,
        0.0,
        0.0,
        1.0
      ]
    ],
    "location": [
      -19.676463256820398,
      0.09380410040398601,
      0.7636715158245551
    ],
    "rotation": [
      -0.005094170472724623,
      0.014543359061168106,
      0.1115827007658564
    ]
  },
  {
    "label_id": "sDKPtRk_p23MDT4FUoeVww",
    "size": [
      0.6738707008763565,
      0.8508007541018325,
      1.7600000000000051
    ],
    "obj_class": "pedestrian",
    "point_num_in_lidar": 628,
    "speed": 1.2337639688229773,
    "if_vehicle": false,
    "motion_state": true,
    "pose": [
      [
        -0.963417110783914,
        0.26764655428949213,
        0.013884978420492607,
        7.526250683223793
      ],
      [
        -0.26757698159936666,
        -0.9635133171382697,
        0.006681812282638788,
        -1.4339781176163342
      ],
      [
        0.0151667256501796,
        0.0027220716688125765,
        0.9998812733314302,
        0.857975030858384
      ],
      [
        0.0,
        0.0,
        0.0,
        1.0
      ]
    ],
    "location": [
      7.526250683223793,
      -1.4339781176163342,
      0.857975030858384
    ],
    "rotation": [
      0.0027223881641016447,
      -0.015167307176266185,
      -2.87068327155317
    ]
  },
  {
    "label_id": "sPiWwzIgbtUP7C7dTyFh1g",
    "size": [
      0.15404155231502117,
      0.03859545213254023,
      0.29000000000000625
    ],
    "obj_class": "sign",
    "point_num_in_lidar": 26,
    "speed": 0.004725060112802939,
    "if_vehicle": false,
    "motion_state": false,
    "pose": [
      [
        0.8349482739718074,
        -0.5501532397121389,
        0.013884978420492607,
        -5.362810824475787
      ],
      [
        0.5501165164132614,
        0.8350611784497933,
        0.006681812282638788,
        -8.731583933592447
      ],
      [
        -0.015270827117008596,
        0.002059388326761824,
        0.9998812733314302,
        0.5329129470636929
      ],
      [
        0.0,
        0.0,
        0.0,
        1.0
      ]
    ],
    "location": [
      -5.362810824475787,
      -8.731583933592447,
      0.5329129470636929
    ],
    "rotation": [
      0.002059629947736245,
      0.015271420700767252,
      0.5825805827365134
    ]
  },
  {
    "label_id": "snJRcyK-URU6oqMcpLfJiQ",
    "size": [
      0.8009377146965091,
      1.0206146851905107,
      1.750000000000007
    ],
    "obj_class": "pedestrian",
    "point_num_in_lidar": 69,
    "speed": 1.1829331602277793,
    "if_vehicle": false,
    "motion_state": true,
    "pose": [
      [
        -0.9985305137631371,
        0.052383398688785394,
        0.013884978420492607,
        -18.056433560621485
      ],
      [
        -0.0522946209145537,
        -0.9986093460448,
        0.006681812282638788,
        -3.343208510614204
      ],
      [
        0.01421568525709937,
        0.005945883768545729,
        0.9998812733314302,
        1.029448631977587
      ],
      [
        0.0,
        0.0,
        0.0,
        1.0
      ]
    ],
    "location": [
      -18.056433560621485,
      -3.343208510614204,
      1.029448631977587
    ],
    "rotation": [
      0.005946519694530233,
      -0.014216164098447519,
      -3.0892688759992835
    ]
  },
  {
    "label_id": "x8XpP78SX3kOOTljT71MqA",
    "size": [
      2.2905901131329935,
      5.639912554416073,
      2.200000000000003
    ],
    "obj_class": "vehicle",
    "point_num_in_lidar": 24,
    "speed": 3.552713678800501e-14,
    "if_vehicle": true,
    "motion_state": false,
    "pose": [
      [
        -0.998671621536861,
        0.04962055734470456,
        0.013884978420492607,
        -68.57852401892626
      ],
      [
        -0.0495315618044701,
        -0.9987502078947617,
        0.006681812282638788,
        6.317899878263461
      ],
      [
        0.014199180333618498,
        0.005985191640319429,
        0.9998812733314302,
        1.8451575415861754
      ],
      [
        0.0,
        0.0,
        0.0,
        1.0
      ]
    ],
    "location": [
      -68.57852401892626,
      6.317899878263461,
      1.8451575415861754
    ],
    "rotation": [
      0.005985830834422733,
      -0.014199657508945373,
      -3.0920358160496604
    ]
  }
]