[
  {
    "label_id": "-F5A7bbXR534ssEhSPvsKA",
    "size": [
      0.9144843212918674,
      1.0494597753535118,
      1.740000000000002
    ],
    "obj_class": "pedestrian",
    "point_num_in_lidar": 32,
    "speed": 1.6101802209335714,
    "if_vehicle": false,
    "motion_state": true,
    "pose": [
      [
        0.9955673167234372,
        -0.09290790892440394,
        0.014623212074987287,
        -0.3130515709304973
      ],
      [
        0.09284863507622598,
        0.9956692229048806,
        0.004682897017126938,
        14.664006803566963
      ],
      [
        -0.01499496037264545,
        -0.003304393936240497,
        0.999882109122939,
        0.9544932910000483
      ],
      [
        0.0,
        0.0,
        0.0,
        1.0
      ]
    ],
    "location": [
      -0.3130515709304973,
      14.664006803566963,
      0.9544932910000483
    ],
    "rotation": [
      -0.0033047715089810728,
      0.014995522362742963,
      0.09299304678328042
    ]
  },
  {
    "label_id": "-FAHwqVW2G-3XzoYPoMFfw",
    "size": [
      3.1200548967611827,
      11.531225792973089,
      4.109999999999957
    ],
    "obj_class": "vehicle",
    "point_num_in_lidar": 107,
    "speed": 3.972054645195637e-14,
    "if_vehicle": true,
    "motion_state": false,
    "pose": [
      [
        -0.9985270371876559,
        0.05224861408546383,
        0.014623212074987287,
        38.31753235524775
      ],
      [
        -0.05218523552502001,
        -0.9986264425042656,
        0.004682897017126938,
        13.727971959058777
      ],
      [
        0.014847801131479809,
        0.003912883517701146,
        0.999882109122939,
        1.8429762349869705
      ],
      [
        0.0,
        0.0,
        0.0,
        1.0
      ]
    ],
    "location": [
      38.31753235524775,
      13.727971959058777,
      1.8429762349869705
    ],
    "rotation": [
      0.0039133248888723925,
      -0.014848346736382087,
      -3.089377941885025
    ]
  },
  {
    "label_id": "5FDGRfKUQ9sdZ1qWgyeWLQ",
    "size": [
      2.0457186592079433,
      4.713389250527029,
      1.3400000000000034
    ],
    "obj_class": "vehicle",
    "point_num_in_lidar": 330,
    "speed": 0.7786869538950831,
    "if_vehicle": true,
    "motion_state": false,
    "pose": [
      [
        0.007872981358237508,
        0.9998620794055263,
        0.014623212074987287,
        -3.3262687671889353
      ],
      [
        -0.9999585733946995,
        0.007805252716234116,
        0.004682897017126938,
        17.97437838209089
      ],
      [
        0.004568113283418115,
        -0.014659474645870817,
        0.999882109122939,
        0.7738151922687067
      ],
      [
        0.0,
        0.0,
        0.0,
        1.0
      ]
    ],
    "location": [
      -3.3262687671889353,
      17.97437838209089,
      0.7738151922687067
    ],
    "rotation": [
      -0.014660152723941403,
      -0.004568129171205665,
      -1.5629231819522835
    ]
  },
  {
    "label_id": "5tqAjOce6YWfi1CdeCMP-Q",
    "size": [
      2.2636790255731074,
      4.979165260291454,
      1.8500000000000014
    ],
    "obj_class": "vehicle",
    "point_num_in_lidar": 1242,
    "speed": 1.7852165294699933e-13,
    "if_vehicle": true,
    "motion_state": false,
    "pose": [
      [
        -0.9954559945350447,
        0.09409316985230604,
        0.014623212074987287,
        10.627576893745982
      ],
      [
        -0.09403401737608252,
        -0.9955579712159617,
        0.004682897017126938,
        11.982496768205692
      ],
      [
        0.01499888397046848,
        0.0032865385291357967,
        0.999882109122939,
        0.8802654804896335
      ],
      [
        0.0,
        0.0,
        0.0,
        1.0
      ]
    ],
    "location": [
      10.627576893745982,
      11.982496768205692,
      0.8802654804896335
    ],
    "rotation": [
      0.00328691419061701,
      -0.014999446401864066,
      -3.0474088747316053
    ]
  },
  {
    "label_id": "7-Cir_6eWG09wehRQVtTtw",
    "size": [
      0.44704159389991294,
      0.09818506062016025,
      0.16146885882913153
    ],
    "obj_class": "sign",
    "point_num_in_lidar": 71,
    "speed": 0.0022034327015099243,
    "if_vehicle": false,
    "motion_state": false,
    "pose": [
      [
        -0.9904016725302281,
        -0.1374434018712315,
        0.014623212074987287,
        -10.778758408481963
      ],
      [
        0.13752442825467837,
        -0.9904873053748598,
        0.004682897017126938,
        -0.9218676850023257
      ],
      [
        0.013840472627432703,
        0.0066489979179088715,
        0.999882109122939,
        2.1013711248721805
      ],
      [
        0.0,
        0.0,
        0.0,
        1.0
      ]
    ],
    "location": [
      -10.778758408481963,
      -0.9218676850023257,
      2.1013711248721805
    ],
    "rotation": [
      0.006649683852230284,
      -0.013840914542644541,
      3.0036176943460133
    ]
  },
  {
    "label_id": "AEZuZTCdAj38T5tnQh0N3A",
    "size": [
      1.9764182524732352,
      4.583813116773403,
      1.6100000000000065
    ],
    "obj_class": "vehicle",
    "point_num_in_lidar": 162,
    "speed": 5.0242958677880804e-14,
    "if_vehicle": true,
    "motion_state": false,
    "pose": [
      [
        -0.9923806251276237,
        0.12233910470457476,
        0.014623212074987287,
        -49.140200029869106
      ],
      [
        -0.12228287357680175,
        -0.9924842413385347,
        0.004682897017126938,
        7.589575708010898
      ],
      [
        0.015086208970675292,
        0.002859047875812284,
        0.999882109122939,
        1.299678500464701
      ],
      [
        0.0,
        0.0,
        0.0,
        1.0
      ]
    ],
    "location": [
      -49.140200029869106,
      7.589575708010898,
      1.299678500464701
    ],
    "rotation": [
      0.0028593771783968986,
      -0.015086781283647788,
      -3.018988936537263
    ]
  },
  {
    "label_id": "Bbx8pLm5ey4t1wPBh4cdAw",
    "size": [
      2.12387721978396,
      4.766762156548458,
      1.8100000000000023
    ],
    "obj_class": "vehicle",
    "point_num_in_lidar": 283,
    "speed": 0.05545615521561753,
    "if_vehicle": true,
    "motion_state": false,
    "pose": [
      [
        -0.9953355388242208,
        0.09535893677106612,
        0.014623212074987287,
        17.672141097680537
      ],
      [
        -0.09529991401838227,
        -0.9954375906422341,
        0.004682897017126938,
        12.903324747092029
      ],
      [
        0.015003051075937392,
        0.003267462972381519,
        0.999882109122939,
        0.7715602004971771
      ],
      [
        0.0,
        0.0,
        0.0,
        1.0
      ]
    ],
    "location": [
      17.672141097680537,
      12.903324747092029,
      0.7715602004971771
    ],
    "rotation": [
      0.00326783658968164,
      -0.015003613976271968,
      -3.046137116870983
    ]
  },
  {
    "label_id": "C-7CDilIzKn25wyKRr9jJA",
    "size": [
      2.1507752573318375,
      5.0328621732727665,
      1.5100000000000051
    ],
    "obj_class": "vehicle",
    "point_num_in_lidar": 2888,
    "speed": 3.338624552912353,
    "if_vehicle": true,
    "motion_state": true,
    "pose": [
      [
        0.10835595367319259,
        0.99400460208803,
        0.014623212074987287,
        -2.9843891455647054
      ],
      [
        -0.9941074163917714,
        0.10829826937861972,
        0.004682897017126938,
        -2.3645740133249546
      ],
      [
        0.003071152625650827,
        -0.015044463347458705,
        0.999882109122939,
        0.6951181398648458
      ],
      [
        0.0,
        0.0,
        0.0,
        1.0
      ]
    ],
    "location": [
      -2.9843891455647054,
      -2.3645740133249546,
      0.6951181398648458
    ],
    "rotation": [
      -0.01504510188029702,
      -0.0030711574535122158,
      -1.4622266961460015
    ]
  },
  {
    "label_id": "DfUOspd1ep_pDGx1yZG9Uw",
    "size": [
      2.093087734447187,
      4.702836163548996,
      1.8500000000000014
    ],
    "obj_class": "vehicle",
    "point_num_in_lidar": 2916,
    "speed": 5.744593338945174,
    "if_vehicle": true,
    "motion_state": true,
    "pose": [
      [
        -0.9973169231452377,
        0.0717294672831612,
        0.014623212074987287,
        0.14888226985328856
      ],
      [
        -0.07166804114588769,
        -0.9974175466442519,
        0.004682897017126938,
        7.852994810016526
      ],
      [
        0.014921350020272839,
        0.003622315479851819,
        0.999882109122939,
        0.9890498217719781
      ],
      [
        0.0,
        0.0,
        0.0,
        1.0
      ]
    ],
    "location": [
      0.14888226985328856,
      7.852994810016526,
      0.9890498217719781
    ],
    "rotation": [
      0.003622726719665732,
      -0.014921903773945613,
      -3.069855118448036
    ]
  },
  {
    "label_id": "GS-f_3-9m5tpTzs1EqI4-Q",
    "size": [
      0.48504666279161146,
      0.07902573047840633,
      0.20153950352409566
    ],
    "obj_class": "sign",
    "point_num_in_lidar": 131,
    "speed": 0.001158693098606804,
    "if_vehicle": false,
    "motion_state": false,
    "pose": [
      [
        0.141013995744823,
        0.9898995982788806,
        0.014623212074987287,
        5.1974476574278015
      ],
      [
        -0.9900042555019823,
        0.14095972674311108,
        0.004682897017126938,
        -7.636778058871641
      ],
      [
        0.002574313897838553,
        -0.01513739620339197,
        0.999882109122939,
        2.2525661577042086
      ],
      [
        0.0,
        0.0,
        0.0,
        1.0
      ]
    ],
    "location": [
      5.1974476574278015,
      -7.636778058871641,
      2.2525661577042086
    ],
    "rotation": [
      -0.01513802452655387,
      -0.002574316741216225,
      -1.4293102843712877
    ]
  },
  {
    "label_id": "II9hCDJdG-EL7T23hW66TA",
    "size": [
      2.169638695984415,
      4.618757893724354,
      1.7700000000000031
    ],
    "obj_class": "vehicle",
    "point_num_in_lidar": 149,
    "speed": 2.1683198553528098e-13,
    "if_vehicle": true,
    "motion_state": false,
    "pose": [
      [
        0.9986373575781181,
        -0.050095805393304445,
        0.014623212074987287,
        -26.808308418339948
      ],
      [
        0.050032212675922394,
        0.9987366260282428,
        0.004682897017126938,
        -0.6173348429899761
      ],
      [
        -0.014839330987115141,
        -0.003944884246453216,
        0.999882109122939,
        1.053671515824547
      ],
      [
        0.0,
        0.0,
        0.0,
        1.0
      ]
    ],
    "location": [
      -26.808308418339948,
      -0.6173348429899761,
      1.053671515824547
    ],
    "rotation": [
      -0.003945328896526041,
      0.014839875658743559,
      0.05005862635911362
    ]
  },
  {
    "label_id": "KExt1_lZn78J8VsbsFyZVw",
    "size": [
      0.5970706012783846,
      0.6505881208428722,
      1.6700000000000017
    ],
    "obj_class": "pedestrian",
    "point_num_in_lidar": 30,
    "speed": 0.021552054582733786,
    "if_vehicle": false,
    "motion_state": false,
    "pose": [
      [
        -0.06960217497977772,
        -0.9974676430374544,
        0.014623212074987287,
        25.90328899362453
      ],
      [
        0.9975681352947524,
        -0.06954053436721311,
        0.004682897017126938,
        17.629576253083314
      ],
      [
        -0.003654132268401033,
        0.014913590219263124,
        0.999882109122939,
        0.9725044214993233
      ],
      [
        0.0,
        0.0,
        0.0,
        1.0
      ]
    ],
    "location": [
      25.90328899362453,
      17.629576253083314,
      0.9725044214993233
    ],
    "rotation": [
      0.014914242689684429,
      0.003654140400527978,
      1.6404552879865597
    ]
  },
  {
    "label_id": "NpOYq1LvezmGuK1h3sh1Ig",
    "size": [
      0.4751209984601702,
      0.05187169363348636,
      0.490000000000002
    ],
    "obj_class": "sign",
    "point_num_in_lidar": 34,
    "speed": 0.00617562551853695,
    "if_vehicle": false,
    "motion_state": false,
    "pose": [
      [
        0.9998930751178398,
        2.121212963118408e-14,
        0.014623212074987287,
        -11.87409358861737
      ],
      [
        -6.84863191195808e-05,
        0.9999890328324361,
        0.004682897017126938,
        12.627455518354509
      ],
      [
        -0.01462305169977004,
        -0.004683397788883934,
        0.999882109122939,
        2.806937562144938
      ],
      [
        0.0,
        0.0,
        0.0,
        1.0
      ]
    ],
    "location": [
      -11.87409358861737,
      12.627455518354509,
      2.806937562144938
    ],
    "rotation": [
      -0.004683915729975379,
      0.014623572899988778,
      -6.849364268715542e-05
    ]
  },
  {
    "label_id": "OinBLW0UfALpTqwdQFfp6g",
    "size": [
      0.8118872121116992,
      0.10779766564128707,
      0.7800000000000011
    ],
    "obj_class": "sign",
    "point_num_in_lidar": 345,
    "speed": 0.005303863630987896,
    "if_vehicle": false,
    "motion_state": false,
    "pose": [
      [
        -0.9904016725299323,
        -0.1374434018733629,
        0.014623212074987287,
        -10.795914511182787
      ],
      [
        0.13752442825680997,
        -0.9904873053745639,
        0.004682897017126938,
        -0.9268913793207503
      ],
      [
        0.013840472627418393,
        0.006648997917938657,
        0.999882109122939,
        2.5825243448095137
      ],
      [
        0.0,
        0.0,
        0.0,
        1.0
      ]
    ],
    "location": [
      -10.795914511182787,
      -0.9268913793207503,
      2.5825243448095137
    ],
    "rotation": [
      0.0066496838522600715,
      -0.01384091454263023,
      3.0036176943438613
    ]
  },
  {
    "label_id": "P1ky-Rbaej9JvbPv9kZKYA",
    "size": [
      2.3434372294600294,
      5.117642954333817,
      2.809999999999995
    ],
    "obj_class": "vehicle",
    "point_num_in_lidar": 4213,
    "speed": 0.0010762622683545718,
    "if_vehicle": true,
    "motion_state": false,
    "pose": [
      [
        -0.07102242861611961,
        -0.9973675231839456,
        0.014623212074987287,
        3.133332712405604
      ],
      [
        0.9974681031112892,
        -0.07096093115999533,
        0.004682897017126938,
        -8.276936774412889
      ],
      [
        -0.0036328926539061952,
        0.014918778328947205,
        0.999882109122939,
        1.348335909467238
      ],
      [
        0.0,
        0.0,
        0.0,
        1.0
      ]
    ],
    "location": [
      3.133332712405604,
      -8.276936774412889,
      1.348335909467238
    ],
    "rotation": [
      0.014919430256604218,
      0.003632900645051452,
      1.6418790695979009
    ]
  },
  {
    "label_id": "P5W3PzH21kZDfGzI8M2_Hw",
    "size": [
      3.102976625231794,
      12.442215914863029,
      3.289999999999978
    ],
    "obj_class": "vehicle",
    "point_num_in_lidar": 3342,
    "speed": 1.1374233532693354e-13,
    "if_vehicle": true,
    "motion_state": false,
    "pose": [
      [
        -0.9979930500003668,
        0.06161196165985554,
        0.014623212074987287,
        -25.83474257318619
      ],
      [
        -0.0615495182556543,
        -0.9980930454010908,
        0.004682897017126938,
        9.284364917255289
      ],
      [
        0.014883848744946342,
        0.003773447018394398,
        0.999882109122939,
        1.7264236508907445
      ],
      [
        0.0,
        0.0,
        0.0,
        1.0
      ]
    ],
    "location": [
      -25.83474257318619,
      9.284364917255289,
      1.7264236508907445
    ],
    "rotation": [
      0.003773874009726223,
      -0.014884398333641514,
      -3.079997375564422
    ]
  },
  {
    "label_id": "RB-oIFuuBhuOu_4wBXtzcQ",
    "size": [
      1.9645943556835401,
      4.318930102955118,
      1.564739240841142
    ],
    "obj_class": "vehicle",
    "point_num_in_lidar": 374,
    "speed": 0.0020666788983642174,
    "if_vehicle": true,
    "motion_state": false,
    "pose": [
      [
        -0.9953355388242131,
        0.09535893677114568,
        0.014623212074987287,
        23.452750645354627
      ],
      [
        -0.09529991401846184,
        -0.9954375906422265,
        0.004682897017126938,
        13.326092589249356
      ],
      [
        0.015003051075937652,
        0.0032674629723803196,
        0.999882109122939,
        0.6215602004971075
      ],
      [
        0.0,
        0.0,
        0.0,
        1.0
      ]
    ],
    "location": [
      23.452750645354627,
      13.326092589249356,
      0.6215602004971075
    ],
    "rotation": [
      0.0032678365896804404,
      -0.015003613976272229,
      -3.046137116870903
    ]
  },
  {
    "label_id": "T3lsRLzCMMSY3Dl_tzxcqw",
    "size": [
      0.8193820258429352,
      0.09376311697755056,
      0.8000000000000043
    ],
    "obj_class": "sign",
    "point_num_in_lidar": 44,
    "speed": 0.002712999089440939,
    "if_vehicle": false,
    "motion_state": false,
    "pose": [
      [
        0.3933579371392884,
        -0.9192691091068674,
        0.014623212074987287,
        -7.716137276004815
      ],
      [
        0.9193303869846033,
        0.39345865099431526,
        0.004682897017126938,
        16.679022988851102
      ],
      [
        -0.010058471865201767,
        0.011601508505363208,
        0.999882109122939,
        3.189617500036526
      ],
      [
        0.0,
        0.0,
        0.0,
        1.0
      ]
    ],
    "location": [
      -7.716137276004815,
      16.679022988851102,
      3.189617500036526
    ],
    "rotation": [
      0.011602355734882655,
      0.010058641480312124,
      1.166493558604703
    ]
  },
  {
    "label_id": "VIgfW057J6zNoT8MSku42Q",
    "size": [
      2.0389078942826506,
      4.544739353990225,
      1.8300000000000054
    ],
    "obj_class": "vehicle",
    "point_num_in_lidar": 1039,
    "speed": 1.6091987130924186,
    "if_vehicle": true,
    "motion_state": true,
    "pose": [
      [
        -0.9979711896915308,
        0.061965040258848914,
        0.014623212074987287,
        13.02065499954233
      ],
      [
        -0.06190263223617836,
        -0.9980712071780047,
        0.004682897017126938,
        8.913979526664207
      ],
      [
        0.01488518283069685,
        0.0037681809881955105,
        0.999882109122939,
        0.8859011977012301
      ],
      [
        0.0,
        0.0,
        0.0,
        1.0
      ]
    ],
    "location": [
      13.02065499954233,
      8.913979526664207,
      0.8859011977012301
    ],
    "rotation": [
      0.0037686074335405396,
      -0.014885732567199137,
      -3.079643546376706
    ]
  },
  {
    "label_id": "XQmjRhoi5kGFxGSc7VsbaA",
    "size": [
      2.569342638223429,
      5.383624736107198,
      2.6299999999999883
    ],
    "obj_class": "vehicle",
    "point_num_in_lidar": 2819,
    "speed": 2.51214793389404e-13,
    "if_vehicle": true,
    "motion_state": false,
    "pose": [
      [
        0.997317700271224,
        -0.07171866140919725,
        0.014623212074987287,
        15.585727148396586
      ],
      [
        0.0716572341816777,
        0.9974183231046837,
        0.004682897017126938,
        2.9092134358550084
      ],
      [
        -0.014921310771823449,
        -0.003622477151582311,
        0.999882109122939,
        1.173742843453546
      ],
      [
        0.0,
        0.0,
        0.0,
        1.0
      ]
    ],
    "location": [
      15.585727148396586,
      2.9092134358550084,
      1.173742843453546
    ],
    "rotation": [
      -0.0036228884083359543,
      0.014921864521126238,
      0.0717266990657555
    ]
  },
  {
    "label_id": "YKeU-RbOBPm408751EtB_w",
    "size": [
      1.9451213133954801,
      4.316546035301789,
      1.7900000000000063
    ],
    "obj_class": "vehicle",
    "point_num_in_lidar": 20,
    "speed": 1.2434497875801753e-13,
    "if_vehicle": true,
    "motion_state": false,
    "pose": [
      [
        0.08466450763493451,
        0.9963022045622223,
        0.014623212074987287,
        -8.144026210018978
      ],
      [
        -0.996403616648781,
        0.08460439234907467,
        0.004682897017126938,
        49.20434275888465
      ],
      [
        0.0034283926501054727,
        -0.014967096568799614,
        0.999882109122939,
        0.7359842257872842
      ],
      [
        0.0,
        0.0,
        0.0,
        1.0
      ]
    ],
    "location": [
      -8.144026210018978,
      49.20434275888465,
      0.7359842257872842
    ],
    "rotation": [
      -0.014967743402945384,
      -0.003428399366291438,
      -1.4860298451545553
    ]
  },
  {
    "label_id": "YytKtqwuhzFGLrx28JPtgQ",
    "size": [
      2.86730794528813,
      7.235536587668475,
      3.3505405405405497
    ],
    "obj_class": "vehicle",
    "point_num_in_lidar": 1047,
    "speed": 0.008139765785201805,
    "if_vehicle": true,
    "motion_state": false,
    "pose": [
      [
        0.999059105425526,
        -0.040829713873082756,
        0.014623212074987287,
        22.680786860642797
      ],
      [
        0.040765203020606045,
        0.9991577796815756,
        0.004682897017126938,
        3.482720112416928
      ],
      [
        -0.01480209745396351,
        -0.004082372695680468,
        0.999882109122939,
        1.5809332733412589
      ],
      [
        0.0,
        0.0,
        0.0,
        1.0
      ]
    ],
    "location": [
      22.680786860642797,
      3.482720112416928,
      1.5809332733412589
    ],
    "rotation": [
      -0.004082831340503004,
      0.01480263803567675,
      0.04078097240759423
    ]
  },
  {
    "label_id": "ZAWh5ebxHQoiaBpI1opOtQ",
    "size": [
      2.3183299357428706,
      5.252203792437462,
      1.9400000000000048
    ],
    "obj_class": "vehicle",
    "point_num_in_lidar": 1619,
    "speed": 0.0045231722392483934,
    "if_vehicle": true,
    "motion_state": false,
    "pose": [
      [
        0.997365967306261,
        -0.0710442744199442,
        0.014623212074987287,
        -13.765530194113353
      ],
      [
        0.07098277916688522,
        0.9974665485805888,
        0.004682897017126938,
        0.5948573492316882
      ],
      [
        -0.014918857898364665,
        -0.003632565879853061,
        0.999882109122939,
        0.8586715158246463
      ],
      [
        0.0,
        0.0,
        0.0,
        1.0
      ]
    ],
    "location": [
      -13.765530194113353,
      0.5948573492316882,
      0.8586715158246463
    ],
    "rotation": [
      -0.0036329781933139684,
      0.014919411374606109,
      0.07105044386726247
    ]
  },
  {
    "label_id": "ZqVcS5TpbdlQOy2xeA1L0w",
    "size": [
      2.165928493668271,
      4.872672216116353,
      1.6000000000000014
    ],
    "obj_class": "vehicle",
    "point_num_in_lidar": 380,
    "speed": 0.0034722953849206937,
    "if_vehicle": true,
    "motion_state": false,
    "pose": [
      [
        0.07421553551316015,
        0.9971350038771605,
        0.014623212074987287,
        -6.0141428648817055
      ],
      [
        -0.9972357801976199,
        0.07415436041913614,
        0.004682897017126938,
        20.41342580198193
      ],
      [
        0.003585105596635142,
        -0.014930334012474261,
        0.999882109122939,
        0.7913297510945867
      ],
      [
        0.0,
        0.0,
        0.0,
        1.0
      ]
    ],
    "location": [
      -6.0141428648817055,
      20.41342580198193,
      0.7913297510945867
    ],
    "rotation": [
      -0.014930984728324007,
      -0.003585113276562595,
      -1.4965120144035478
    ]
  },
  {
    "label_id": "ZxcngDw5pn33WhQh4fGo7g",
    "size": [
      1.9931629351995594,
      4.351704980641885,
      1.5900000000000034
    ],
    "obj_class": "vehicle",
    "point_num_in_lidar": 29,
    "speed": 1.0805156823142816e-13,
    "if_vehicle": true,
    "motion_state": false,
    "pose": [
      [
        -0.9969166351837754,
        0.0770933470700903,
        0.014623212074987287,
        -42.48788176240464
      ],
      [
        -0.07703246311068387,
        -0.99701758765963,
        0.004682897017126938,
        8.40299925731074
      ],
      [
        0.014940619831873857,
        0.0035419958925001606,
        0.999882109122939,
        1.2063065828134611
      ],
      [
        0.0,
        0.0,
        0.0,
        1.0
      ]
    ],
    "location": [
      -42.48788176240464,
      8.40299925731074,
      1.2063065828134611
    ],
    "rotation": [
      0.0035423986932936412,
      -0.014941175733857219,
      -3.0644751764645863
    ]
  },
  {
    "label_id": "ahh4Y1SZ-y9Qvly03o_oAA",
    "size": [
      2.0627046657678147,
      4.417872033252479,
      1.7451871050278172
    ],
    "obj_class": "vehicle",
    "point_num_in_lidar": 73,
    "speed": 0.0012497103121576587,
    "if_vehicle": true,
    "motion_state": false,
    "pose": [
      [
        0.07576344751461732,
        0.9970185864312209,
        0.014623212074987287,
        -6.934869651868553
      ],
      [
        -0.9971194576014654,
        0.07570242894443001,
        0.004682897017126938,
        32.63925873335552
      ],
      [
        0.003561922691372825,
        -0.014935881714975978,
        0.999882109122939,
        0.6959842257872282
      ],
      [
        0.0,
        0.0,
        0.0,
        1.0
      ]
    ],
    "location": [
      -6.934869651868553,
      32.63925873335552,
      0.6959842257872282
    ],
    "rotation": [
      -0.014936531847639717,
      -0.0035619302232754524,
      -1.494959727781029
    ]
  },
  {
    "label_id": "bA4NouE1x7OzqmpHmrXLCA",
    "size": [
      0.7640776443058692,
      0.060923233862056884,
      0.7700000000000031
    ],
    "obj_class": "sign",
    "point_num_in_lidar": 38,
    "speed": 0.002661473851268729,
    "if_vehicle": false,
    "motion_state": false,
    "pose": [
      [
        0.9998930751178398,
        -2.3241879626234445e-15,
        0.014623212074987287,
        8.586227011904157
      ],
      [
        -6.848631909604034e-05,
        0.9999890328324361,
        0.004682897017126938,
        13.721860506198936
      ],
      [
        -0.01462305169977015,
        -0.00468339778888359,
        0.999882109122939,
        2.747554819859836
      ],
      [
        0.0,
        0.0,
        0.0,
        1.0
      ]
    ],
    "location": [
      8.586227011904157,
      13.721860506198936,
      2.747554819859836
    ],
    "rotation": [
      -0.004683915729975036,
      0.014623572899988887,
      -6.849364266361244e-05
    ]
  },
  {
    "label_id": "fEKN6OQe99brECij0ShExg",
    "size": [
      2.197789788132657,
      4.78244681950412,
      1.8500000000000014
    ],
    "obj_class": "vehicle",
    "point_num_in_lidar": 46,
    "speed": 1.293207299340885e-13,
    "if_vehicle": true,
    "motion_state": false,
    "pose": [
      [
        0.0341216557818705,
        0.9993106995701155,
        0.014623212074987287,
        -7.503220989563147
      ],
      [
        -0.9994089385118113,
        0.03405648393803668,
        0.004682897017126938,
        39.35232871119206
      ],
      [
        0.004181653907045619,
        -0.0147743570575765,
        0.999882109122939,
        0.7559842257873086
      ],
      [
        0.0,
        0.0,
        0.0,
        1.0
      ]
    ],
    "location": [
      -7.503220989563147,
      39.35232871119206,
      0.7559842257873086
    ],
    "rotation": [
      -0.01477502379518772,
      -0.004181666094034763,
      -1.5366677477986606
    ]
  },
  {
    "label_id": "fh1oSL5OCYHPzBR4ONvPDg",
    "size": [
      2.5441525762012893,
      5.529152590652675,
      2.3499999999999943
    ],
    "obj_class": "vehicle",
    "point_num_in_lidar": 274,
    "speed": 0.005885795388815696,
    "if_vehicle": true,
    "motion_state": false,
    "pose": [
      [
        -0.05959828892356936,
        -0.9981153268164921,
        0.014623212074987287,
        1.1980377038661345
      ],
      [
        0.9982151960280936,
        -0.05953564389608681,
        0.004682897017126938,
        18.34798787539262
      ],
      [
        -0.0038034689399842297,
        0.014876205157419872,
        0.999882109122939,
        1.235522255549732
      ],
      [
        0.0,
        0.0,
        0.0,
        1.0
      ]
    ],
    "location": [
      1.1980377038661345,
      18.34798787539262,
      1.235522255549732
    ],
    "rotation": [
      0.014876861515235653,
      0.0038034781104458793,
      1.6304303858400127
    ]
  },
  {
    "label_id": "jiDWv0IHfVYmdLSYdNAeuw",
    "size": [
      2.3635772079234565,
      4.784302331303529,
      1.8000000000000043
    ],
    "obj_class": "vehicle",
    "point_num_in_lidar": 927,
    "speed": 7.944109290391274e-14,
    "if_vehicle": true,
    "motion_state": false,
    "pose": [
      [
        -0.9989862329688743,
        0.04257543901438925,
        0.014623212074987287,
        -16.126767325087826
      ],
      [
        -0.04251110068692095,
        -0.9990850198025758,
        0.004682897017126938,
        10.476572896518519
      ],
      [
        0.014809208521879294,
        0.004056500809634835,
        0.999882109122939,
        0.8986715158246028
      ],
      [
        0.0,
        0.0,
        0.0,
        1.0
      ]
    ],
    "location": [
      -16.126767325087826,
      10.476572896518519,
      0.8986715158246028
    ],
    "rotation": [
      0.004056956832630922,
      -0.014809749883119925,
      -3.099064071582748
    ]
  },
  {
    "label_id": "kJ7cJlYspN35OyNKpyaNSw",
    "size": [
      1.9152404807140413,
      4.055110925326073,
      1.7800000000000011
    ],
    "obj_class": "vehicle",
    "point_num_in_lidar": 39,
    "speed": 6.404745667978754e-14,
    "if_vehicle": true,
    "motion_state": false,
    "pose": [
      [
        -0.9965182250404233,
        0.08208281690399229,
        0.014623212074987287,
        -55.1961381396942
      ],
      [
        -0.08202243906246898,
        -0.9966194810286273,
        0.004682897017126938,
        7.344871987419538
      ],
      [
        0.01495816340758247,
        0.0034671607022362235,
        0.999882109122939,
        1.5372407553715774
      ],
      [
        0.0,
        0.0,
        0.0,
        1.0
      ]
    ],
    "location": [
      -55.1961381396942,
      7.344871987419538,
      1.5372407553715774
    ],
    "rotation": [
      0.0034675555990830486,
      -0.014958721270251656,
      -3.0594687561486493
    ]
  },
  {
    "label_id": "lVgMLiYY04OUIeF1a-Z-Bg",
    "size": [
      2.2872766218934606,
      5.0947232382614915,
      1.9223137534269625
    ],
    "obj_class": "vehicle",
    "point_num_in_lidar": 142,
    "speed": 0.0,
    "if_vehicle": true,
    "motion_state": false,
    "pose": [
      [
        -0.9984329189946051,
        0.054017292939598775,
        0.014623212074987287,
        -36.01717333436841
      ],
      [
        -0.05395409056218261,
        -0.99853243642214,
        0.004682897017126938,
        8.894851464634257
      ],
      [
        0.014854709001534832,
        0.003886576429557312,
        0.999882109122939,
        1.232063122341991
      ],
      [
        0.0,
        0.0,
        0.0,
        1.0
      ]
    ],
    "location": [
      -36.01717333436841,
      8.894851464634257,
      1.232063122341991
    ],
    "rotation": [
      0.003887015099209562,
      -0.014855255368362304,
      -3.0876063890657295
    ]
  },
  {
    "label_id": "mZdp7gLn15GgHZm12rNG3Q",
    "size": [
      0.6889420735336617,
      0.7053705901522827,
      1.5200000000000031
    ],
    "obj_class": "pedestrian",
    "point_num_in_lidar": 66,
    "speed": 0.5998080725201629,
    "if_vehicle": false,
    "motion_state": false,
    "pose": [
      [
        0.7213611095292702,
        -0.6924047308672221,
        0.014623212074987287,
        25.651463419482752
      ],
      [
        0.6924217708976427,
        0.7214777624171791,
        0.004682897017126938,
        17.08471855454718
      ],
      [
        -0.013792782376036396,
        0.006747370613088492,
        0.999882109122939,
        1.0425044214993093
      ],
      [
        0.0,
        0.0,
        0.0,
        1.0
      ]
    ],
    "location": [
      25.651463419482752,
      17.08471855454718,
      1.0425044214993093
    ],
    "rotation": [
      0.006748063731020933,
      0.013793219738576563,
      0.7649315852488024
    ]
  },
  {
    "label_id": "oWHtxuSP48iB5d33eg9RSQ",
    "size": [
      2.11750592915699,
      4.616705315983924,
      1.6300000000000026
    ],
    "obj_class": "vehicle",
    "point_num_in_lidar": 371,
    "speed": 0.013564837367866206,
    "if_vehicle": true,
    "motion_state": false,
    "pose": [
      [
        0.9936655534327343,
        -0.11142230292821911,
        0.014623212074987287,
        -19.65778353536291
      ],
      [
        0.11136493612765533,
        0.9937685452240931,
        0.004682897017126938,
        0.09723650078194623
      ],
      [
        -0.015053867360287479,
        -0.0030247203774798224,
        0.999882109122939,
        0.7636715158245622
      ],
      [
        0.0,
        0.0,
        0.0,
        1.0
      ]
    ],
    "location": [
      -19.65778353536291,
      0.09723650078194623,
      0.7636715158245622
    ],
    "rotation": [
      -0.003025067778927073,
      0.015054436000145215,
      0.11160912434004136
    ]
  },
  {
    "label_id": "sDKPtRk_p23MDT4FUoeVww",
    "size": [
      0.6738707008764613,
      0.8508007541018325,
      1.7600000000000051
    ],
    "obj_class": "pedestrian",
    "point_num_in_lidar": 859,
    "speed": 1.231259584904423,
    "if_vehicle": false,
    "motion_state": true,
    "pose": [
      [
        -0.9808146982886601,
        0.19439313076735706,
        0.014623212074987287,
        5.845398147442438
      ],
      [
        -0.19434460671108636,
        -0.9809221397837039,
        0.004682897017126938,
        -1.7833727381746485
      ],
      [
        0.01525455549132785,
        0.0017511118254040104,
        0.999882109122939,
        0.784927653177796
      ],
      [
        0.0,
        0.0,
        0.0,
        1.0
      ]
    ],
    "location": [
      5.845398147442438,
      -1.7833727381746485,
      0.784927653177796
    ],
    "rotation": [
      0.0017513164993578712,
      -0.01525514717951961,
      -2.9459803243265963
    ]
  },
  {
    "label_id": "sPiWwzIgbtUP7C7dTyFh1g",
    "size": [
      0.15404155231502206,
      0.03859545213254023,
      0.29000000000000625
    ],
    "obj_class": "sign",
    "point_num_in_lidar": 21,
    "speed": 0.004725060191798135,
    "if_vehicle": false,
    "motion_state": false,
    "pose": [
      [
        0.8349394861935424,
        -0.5501474493837751,
        0.014623212074987287,
        -5.3649942106279696
      ],
      [
        0.5501430578740681,
        0.8350572952489528,
        0.004682897017126938,
        -8.725338942007738
      ],
      [
        -0.014787503772889985,
        0.004134922977497265,
        0.999882109122939,
        0.5419729970492142
      ],
      [
        0.0,
        0.0,
        0.0,
        1.0
      ]
    ],
    "location": [
      -5.3649942106279696,
      -8.725338942007738,
      0.5419729970492142
    ],
    "rotation": [
      0.004135386930837501,
      0.014788042757163698,
      0.5826075838858562
    ]
  },
  {
    "label_id": "stwG_nJ0VBwv7fYOvo0-Cw",
    "size": [
      0.7105290112285688,
      2.191229334457561,
      1.2100000000000009
    ],
    "obj_class": "vehicle",
    "point_num_in_lidar": 45,
    "speed": 0.030168030945183617,
    "if_vehicle": true,
    "motion_state": false,
    "pose": [
      [
        -0.13417877005980758,
        -0.9908492414761427,
        0.014623212074987287,
        -34.95122846542745
      ],
      [
        0.9909535216650738,
        -0.13412378005079953,
        0.004682897017126938,
        -1.1520770349095528
      ],
      [
        -0.0026787244773493275,
        0.015119268865838717,
        0.999882109122939,
        0.8898911565310357
      ],
      [
        0.0,
        0.0,
        0.0,
        1.0
      ]
    ],
    "location": [
      -34.95122846542745,
      -1.1520770349095528,
      0.8898911565310357
    ],
    "rotation": [
      0.01511989920095852,
      0.0026787276809198614,
      1.7053815044916278
    ]
  },
  {
    "label_id": "x8XpP78SX3kOOTljT71MqA",
    "size": [
      2.2905901131329944,
      5.639912554416073,
      2.200000000000003
    ],
    "obj_class": "vehicle",
    "point_num_in_lidar": 24,
    "speed": 3.552713678800501e-14,
    "if_vehicle": true,
    "motion_state": false,
    "pose": [
      [
        -0.998661110580628,
        0.04962003509144933,
        0.014623212074987287,
        -68.57852401892649
      ],
      [
        -0.04955639508842471,
        -0.9987603487230392,
        0.004682897017126938,
        6.317899878263461
      ],
      [
        0.014837449905784743,
        0.003951953460808805,
        0.999882109122939,
        1.8451575415861825
      ],
      [
        0.0,
        0.0,
        0.0,
        1.0
      ]
    ],
    "location": [
      -68.57852401892649,
      6.317899878263461,
      1.8451575415861825
    ],
    "rotation": [
      0.003952398834129341,
      -0.014837994370292755,
      -3.0920104897887373
    ]
  }
]