[
  {
    "label_id": "-F5A7bbXR534ssEhSPvsKA",
    "size": [
      0.9144843212921879,
      1.0494597753535118,
      1.740000000000002
    ],
    "obj_class": "pedestrian",
    "point_num_in_lidar": 180,
    "speed": 1.6493166027614312,
    "if_vehicle": false,
    "motion_state": true,
    "pose": [
      [
        0.9956049905068568,
        -0.09259543708013572,
        0.014028111411730267,
        -1.2779842197916196
      ],
      [
        0.09253000660988933,
        0.9956960820270043,
        0.005245008374352503,
        14.616329999190157
      ],
      [
        -0.014453399413810276,
        -0.003923935271103943,
        0.9998878446992808,
        0.9544932910000554
      ],
      [
        0.0,
        0.0,
        0.0,
        1.0
      ]
    ],
    "location": [
      -1.2779842197916196,
      14.616329999190157,
      0.9544932910000554
    ],
    "rotation": [
      -0.003924355264722361,
      0.014453902682129004,
      0.09267226316125625
    ]
  },
  {
    "label_id": "-FAHwqVW2G-3XzoYPoMFfw",
    "size": [
      3.1200548967611805,
      11.531225792973089,
      4.109999999999957
    ],
    "obj_class": "vehicle",
    "point_num_in_lidar": 100,
    "speed": 3.972054645195637e-14,
    "if_vehicle": true,
    "motion_state": false,
    "pose": [
      [
        -0.998535551625562,
        0.05224905960928528,
        0.014028111411730267,
        38.31753235524786
      ],
      [
        -0.05217999818177696,
        -0.9986239220431798,
        0.005245008374352503,
        13.727971959058777
      ],
      [
        0.014282854392043512,
        0.004505340502406919,
        0.9998878446992808,
        1.8429762349869634
      ],
      [
        0.0,
        0.0,
        0.0,
        1.0
      ]
    ],
    "location": [
      38.31753235524786,
      13.727971959058777,
      1.8429762349869634
    ],
    "rotation": [
      0.0045058153637429965,
      -0.014283340053510247,
      -3.089383617046235
    ]
  },
  {
    "label_id": "-H4mHZRW8n7aRqwatB9ZGw",
    "size": [
      2.119300748150478,
      4.685897212546479,
      1.7800000000000011
    ],
    "obj_class": "vehicle",
    "point_num_in_lidar": 29,
    "speed": 0.015930345532480603,
    "if_vehicle": true,
    "motion_state": false,
    "pose": [
      [
        -0.19283428304474154,
        -0.9811310571849412,
        0.014028111411730267,
        0.6046640637890732
      ],
      [
        0.9812283002787905,
        -0.19277840288566805,
        0.005245008374352503,
        31.17664385397734
      ],
      [
        -0.0024417236978167664,
        0.014776197346085523,
        0.9998878446992808,
        0.8259842257872592
      ],
      [
        0.0,
        0.0,
        0.0,
        1.0
      ]
    ],
    "location": [
      0.6046640637890732,
      31.17664385397734,
      0.8259842257872592
    ],
    "rotation": [
      0.014776779147870709,
      0.002441726124088672,
      1.7648467400596775
    ]
  },
  {
    "label_id": "0Mszwh9T8XA40wt2KRP44w",
    "size": [
      0.7583054554567682,
      0.8208242572220442,
      1.6100000000000065
    ],
    "obj_class": "pedestrian",
    "point_num_in_lidar": 64,
    "speed": 1.110193357135622,
    "if_vehicle": false,
    "motion_state": true,
    "pose": [
      [
        -0.9988406122020375,
        0.04605044523214448,
        0.014028111411730267,
        -18.742172223947023
      ],
      [
        -0.045980836646441314,
        -0.9989285522741086,
        0.005245008374352503,
        -2.6706748360161328
      ],
      [
        0.014254615994544874,
        0.004593903076362219,
        0.9998878446992808,
        0.9566433508935503
      ],
      [
        0.0,
        0.0,
        0.0,
        1.0
      ]
    ],
    "location": [
      -18.742172223947023,
      -2.6706748360161328,
      0.9566433508935503
    ],
    "rotation": [
      0.004594386037775788,
      -0.014255098780947906,
      -3.095590921932244
    ]
  },
  {
    "label_id": "5FDGRfKUQ9sdZ1qWgyeWLQ",
    "size": [
      2.0457186592079704,
      4.713389250527029,
      1.3400000000000034
    ],
    "obj_class": "vehicle",
    "point_num_in_lidar": 416,
    "speed": 0.8397342864535068,
    "if_vehicle": true,
    "motion_state": false,
    "pose": [
      [
        0.006282386362057685,
        0.9998818648779554,
        0.014028111411730267,
        -3.33158149400424
      ],
      [
        -0.9999669664785698,
        0.006209334811408041,
        0.005245008374352503,
        18.4550278592651
      ],
      [
        0.005157283514120907,
        -0.014060599182891232,
        0.9998878446992808,
        0.7764816745550789
      ],
      [
        0.0,
        0.0,
        0.0,
        1.0
      ]
    ],
    "location": [
      -3.33158149400424,
      18.4550278592651,
      0.7764816745550789
    ],
    "rotation": [
      -0.014061249533035378,
      -0.005157306376265544,
      -1.56451381555474
    ]
  },
  {
    "label_id": "5tqAjOce6YWfi1CdeCMP-Q",
    "size": [
      2.2636790255731074,
      4.979165260291454,
      1.8500000000000014
    ],
    "obj_class": "vehicle",
    "point_num_in_lidar": 1272,
    "speed": 1.7852165294699933e-13,
    "if_vehicle": true,
    "motion_state": false,
    "pose": [
      [
        -0.9954644827861768,
        0.09409397218456395,
        0.014028111411730267,
        10.627576893746095
      ],
      [
        -0.09402867890446606,
        -0.99555567269271,
        0.005245008374352503,
        11.982496768205692
      ],
      [
        0.014459289565197535,
        0.0039021747650143193,
        0.9998878446992808,
        0.8802654804896335
      ],
      [
        0.0,
        0.0,
        0.0,
        1.0
      ]
    ],
    "location": [
      10.627576893746095,
      11.982496768205692,
      0.8802654804896335
    ],
    "rotation": [
      0.0039025926511076304,
      -0.01445979344909204,
      -3.0474149884563255
    ]
  },
  {
    "label_id": "7-Cir_6eWG09wehRQVtTtw",
    "size": [
      0.44704159389991316,
      0.09818506062016025,
      0.16146885882913153
    ],
    "obj_class": "sign",
    "point_num_in_lidar": 65,
    "speed": 0.0022034326642716654,
    "if_vehicle": false,
    "motion_state": false,
    "pose": [
      [
        -0.9904101176831646,
        -0.13744457385084383,
        0.014028111411730267,
        -10.779681853501415
      ],
      [
        0.13752909473809058,
        -0.9904838403465624,
        0.005245008374352503,
        -0.9228137903485276
      ],
      [
        0.013173719723043044,
        0.007123982824631988,
        0.9998878446992808,
        2.1023711239582425
      ],
      [
        0.0,
        0.0,
        0.0,
        1.0
      ]
    ],
    "location": [
      -10.779681853501415,
      -0.9228137903485276,
      2.1023711239582425
    ],
    "rotation": [
      0.007124661353072962,
      -0.01317410079582165,
      3.0036142334360676
    ]
  },
  {
    "label_id": "AEZuZTCdAj38T5tnQh0N3A",
    "size": [
      1.9764182524732354,
      4.583813116773403,
      1.6100000000000065
    ],
    "obj_class": "vehicle",
    "point_num_in_lidar": 162,
    "speed": 5.0242958677880804e-14,
    "if_vehicle": true,
    "motion_state": false,
    "pose": [
      [
        -0.992389087155087,
        0.12234014788986126,
        0.014028111411730267,
        -49.14020002986899
      ],
      [
        -0.12227747195248292,
        -0.9924820954254354,
        0.005245008374352503,
        7.589575708011125
      ],
      [
        0.014564324508977362,
        0.003489767073050314,
        0.9998878446992808,
        1.2996785004646938
      ],
      [
        0.0,
        0.0,
        0.0,
        1.0
      ]
    ],
    "location": [
      -49.14020002986899,
      7.589575708011125,
      1.2996785004646938
    ],
    "rotation": [
      0.003490144341484329,
      -0.014564839454455317,
      -3.018995333171959
    ]
  },
  {
    "label_id": "Bbx8pLm5ey4t1wPBh4cdAw",
    "size": [
      2.123877219783958,
      4.766762156548458,
      1.8100000000000023
    ],
    "obj_class": "vehicle",
    "point_num_in_lidar": 221,
    "speed": 0.11261710854869035,
    "if_vehicle": true,
    "motion_state": false,
    "pose": [
      [
        -0.995344026048227,
        0.09535974989651672,
        0.014028111411730267,
        17.611267764806826
      ],
      [
        -0.09529457262823189,
        -0.9954352989093544,
        0.005245008374352503,
        12.894821743935154
      ],
      [
        0.014464239963052832,
        0.0038837848702226287,
        0.9998878446992808,
        0.7715602004971771
      ],
      [
        0.0,
        0.0,
        0.0,
        1.0
      ]
    ],
    "location": [
      17.611267764806826,
      12.894821743935154,
      0.7715602004971771
    ],
    "rotation": [
      0.0038842009723547206,
      -0.014464744364698195,
      -3.046143243508562
    ]
  },
  {
    "label_id": "C-7CDilIzKn25wyKRr9jJA",
    "size": [
      2.15077525733182,
      5.0328621732727665,
      1.5100000000000051
    ],
    "obj_class": "vehicle",
    "point_num_in_lidar": 2191,
    "speed": 3.620929421775189,
    "if_vehicle": true,
    "motion_state": true,
    "pose": [
      [
        0.07413844877231208,
        0.9971492879723954,
        0.014028111411730267,
        -3.217388672120478
      ],
      [
        -0.9972391519286985,
        0.07407134228352734,
        0.005245008374352503,
        -0.3344493838371818
      ],
      [
        0.0041909753239251215,
        -0.014378238712067467,
        0.9998878446992808,
        0.7214092236215137
      ],
      [
        0.0,
        0.0,
        0.0,
        1.0
      ]
    ],
    "location": [
      -3.217388672120478,
      -0.3344493838371818,
      0.7214092236215137
    ],
    "rotation": [
      -0.014378860455740296,
      -0.004190987592595361,
      -1.496589139467571
    ]
  },
  {
    "label_id": "DfUOspd1ep_pDGx1yZG9Uw",
    "size": [
      2.0930877344472854,
      4.702836163548996,
      1.8500000000000014
    ],
    "obj_class": "vehicle",
    "point_num_in_lidar": 2591,
    "speed": 4.745597885377928,
    "if_vehicle": true,
    "motion_state": true,
    "pose": [
      [
        -0.9968526411362096,
        0.07802579028746331,
        0.014028111411730267,
        3.3155976446873865
      ],
      [
        -0.07795903469013543,
        -0.9969427660589827,
        0.005245008374352503,
        8.135401854514384
      ],
      [
        0.01439447011686717,
        0.004134882426570666,
        0.9998878446992808,
        0.984048997249765
      ],
      [
        0.0,
        0.0,
        0.0,
        1.0
      ]
    ],
    "location": [
      3.3155976446873865,
      8.135401854514384,
      0.984048997249765
    ],
    "rotation": [
      0.004135322654838437,
      -0.014394967254103675,
      -3.0635463321927543
    ]
  },
  {
    "label_id": "GS-f_3-9m5tpTzs1EqI4-Q",
    "size": [
      0.4850466627916112,
      0.07902573047840633,
      0.20153950352409566
    ],
    "obj_class": "sign",
    "point_num_in_lidar": 135,
    "speed": 0.0011586930789759104,
    "if_vehicle": false,
    "motion_state": false,
    "pose": [
      [
        0.14101519817086802,
        0.9899080391506329,
        0.014028111411730267,
        5.197395039616481
      ],
      [
        -0.9900022117372055,
        0.14095428564820095,
        0.005245008374352503,
        -7.63747128553041
      ],
      [
        0.0032147535321501194,
        -0.014627487219426076,
        0.9998878446992808,
        2.2525661577042015
      ],
      [
        0.0,
        0.0,
        0.0,
        1.0
      ]
    ],
    "location": [
      5.197395039616481,
      -7.63747128553041,
      2.2525661577042015
    ],
    "rotation": [
      -0.014628084487679164,
      -0.0032147590693960906,
      -1.4293088057524086
    ]
  },
  {
    "label_id": "II9hCDJdG-EL7T23hW66TA",
    "size": [
      2.169638695984415,
      4.618757893724354,
      1.7700000000000031
    ],
    "obj_class": "vehicle",
    "point_num_in_lidar": 169,
    "speed": 2.1683198553528098e-13,
    "if_vehicle": true,
    "motion_state": false,
    "pose": [
      [
        0.9986458729567261,
        -0.05009623256012725,
        0.014028111411730267,
        -26.80830841833972
      ],
      [
        0.05002698077861497,
        0.9987340942820213,
        0.005245008374352503,
        -0.6173348429897487
      ],
      [
        -0.014273108304583091,
        -0.004536121906715695,
        0.9998878446992808,
        1.053671515824533
      ],
      [
        0.0,
        0.0,
        0.0,
        1.0
      ]
    ],
    "location": [
      -26.80830841833972,
      -0.6173348429897487,
      1.053671515824533
    ],
    "rotation": [
      -0.0045365995914555006,
      0.014273592972475515,
      0.050052974349756946
    ]
  },
  {
    "label_id": "NpOYq1LvezmGuK1h3sh1Ig",
    "size": [
      0.4751209984601717,
      0.05187169363348636,
      0.490000000000002
    ],
    "obj_class": "sign",
    "point_num_in_lidar": 38,
    "speed": 0.006470166548901695,
    "if_vehicle": false,
    "motion_state": false,
    "pose": [
      [
        0.9999016012039484,
        1.8314140875810725e-14,
        0.014028111411730267,
        -11.874427833027084
      ],
      [
        -7.35848025051728e-05,
        0.9999862421415757,
        0.005245008374352503,
        12.631323229736381
      ],
      [
        -0.014027918414959407,
        -0.005245524527650939,
        0.9998878446992808,
        2.8104157356422377
      ],
      [
        0.0,
        0.0,
        0.0,
        1.0
      ]
    ],
    "location": [
      -11.874427833027084,
      12.631323229736381,
      2.8104157356422377
    ],
    "rotation": [
      -0.0052460647805000395,
      0.014028378530502471,
      -7.359204374083594e-05
    ]
  },
  {
    "label_id": "OinBLW0UfALpTqwdQFfp6g",
    "size": [
      0.8118872121116993,
      0.10779766564128707,
      0.7800000000000011
    ],
    "obj_class": "sign",
    "point_num_in_lidar": 335,
    "speed": 0.005084535595137983,
    "if_vehicle": false,
    "motion_state": false,
    "pose": [
      [
        -0.9904101176828728,
        -0.1374445738529462,
        0.014028111411730267,
        -10.795704348626941
      ],
      [
        0.13752909474019312,
        -0.9904838403462705,
        0.005245008374352503,
        -0.9238478841789401
      ],
      [
        0.013173719723027921,
        0.007123982824659952,
        0.9998878446992808,
        2.5825243448095208
      ],
      [
        0.0,
        0.0,
        0.0,
        1.0
      ]
    ],
    "location": [
      -10.795704348626941,
      -0.9238478841789401,
      2.5825243448095208
    ],
    "rotation": [
      0.007124661353100929,
      -0.013174100795806524,
      3.0036142334339444
    ]
  },
  {
    "label_id": "P1ky-Rbaej9JvbPv9kZKYA",
    "size": [
      2.3434372294598638,
      5.117642954333817,
      2.809999999999995
    ],
    "obj_class": "vehicle",
    "point_num_in_lidar": 4302,
    "speed": 0.001076262249873847,
    "if_vehicle": true,
    "motion_state": false,
    "pose": [
      [
        -0.07132953990743317,
        -0.9973541541633111,
        0.014028111411730267,
        3.133259765200023
      ],
      [
        0.9974438287480427,
        -0.0712621805700502,
        0.005245008374352503,
        -8.276295145943095
      ],
      [
        -0.0042314570823023204,
        0.014366377190773544,
        0.9998878446992808,
        1.348335909467231
      ],
      [
        0.0,
        0.0,
        0.0,
        1.0
      ]
    ],
    "location": [
      3.133259765200023,
      -8.276295145943095,
      1.348335909467231
    ],
    "rotation": [
      0.01436700005443731,
      0.004231469709938771,
      1.6421871321350516
    ]
  },
  {
    "label_id": "P5W3PzH21kZDfGzI8M2_Hw",
    "size": [
      3.1029766252317965,
      12.442215914863029,
      3.289999999999978
    ],
    "obj_class": "vehicle",
    "point_num_in_lidar": 3305,
    "speed": 1.1374233532693354e-13,
    "if_vehicle": true,
    "motion_state": false,
    "pose": [
      [
        -0.9980015598849653,
        0.061612487024919914,
        0.014028111411730267,
        -25.83474257318619
      ],
      [
        -0.06154425750222265,
        -0.9980905741743348,
        0.005245008374352503,
        9.284364917255743
      ],
      [
        0.01432448378392579,
        0.004371176838220109,
        0.9998878446992808,
        1.7264236508907445
      ],
      [
        0.0,
        0.0,
        0.0,
        1.0
      ]
    ],
    "location": [
      -25.83474257318619,
      9.284364917255743,
      1.7264236508907445
    ],
    "rotation": [
      0.004371639294515524,
      -0.01432497370463077,
      -3.0800031507712795
    ]
  },
  {
    "label_id": "RB-oIFuuBhuOu_4wBXtzcQ",
    "size": [
      1.9645943556835412,
      4.318930102955118,
      1.564739240841142
    ],
    "obj_class": "vehicle",
    "point_num_in_lidar": 360,
    "speed": 1.7763568394002505e-14,
    "if_vehicle": true,
    "motion_state": false,
    "pose": [
      [
        -0.9953440260482198,
        0.09535974989659185,
        0.014028111411730267,
        23.45275064535474
      ],
      [
        -0.09529457262830704,
        -0.9954352989093472,
        0.005245008374352503,
        13.326092589249356
      ],
      [
        0.014464239963053127,
        0.0038837848702215363,
        0.9998878446992808,
        0.6215602004971075
      ],
      [
        0.0,
        0.0,
        0.0,
        1.0
      ]
    ],
    "location": [
      23.45275064535474,
      13.326092589249356,
      0.6215602004971075
    ],
    "rotation": [
      0.003884200972353628,
      -0.01446474436469849,
      -3.046143243508486
    ]
  },
  {
    "label_id": "T3lsRLzCMMSY3Dl_tzxcqw",
    "size": [
      0.8193820258429355,
      0.09376311697755056,
      0.8000000000000043
    ],
    "obj_class": "sign",
    "point_num_in_lidar": 42,
    "speed": 0.002712999044041076,
    "if_vehicle": false,
    "motion_state": false,
    "pose": [
      [
        0.393361291301585,
        -0.9192769477125865,
        0.014028111411730267,
        -7.715434429182324
      ],
      [
        0.919325815570992,
        0.39346224051601636,
        0.005245008374352503,
        16.680491244407904
      ],
      [
        -0.010341147435369413,
        0.010833221697486739,
        0.9998878446992808,
        3.1937083969356905
      ],
      [
        0.0,
        0.0,
        0.0,
        1.0
      ]
    ],
    "location": [
      -7.715434429182324,
      16.680491244407904,
      3.1937083969356905
    ],
    "rotation": [
      0.010834012933329926,
      0.010341331756803105,
      1.1664886763115205
    ]
  },
  {
    "label_id": "VIgfW057J6zNoT8MSku42Q",
    "size": [
      2.038907894282854,
      4.544739353990225,
      1.8300000000000054
    ],
    "obj_class": "vehicle",
    "point_num_in_lidar": 945,
    "speed": 1.5414820883267089,
    "if_vehicle": true,
    "motion_state": true,
    "pose": [
      [
        -0.9971275757016863,
        0.07442989900233543,
        0.014028111411730267,
        13.989812217947701
      ],
      [
        -0.07436281878244941,
        -0.9972174592684797,
        0.005245008374352503,
        8.98360318048799
      ],
      [
        0.014379463063910282,
        0.004186772578082645,
        0.9998878446992808,
        0.8859011977012301
      ],
      [
        0.0,
        0.0,
        0.0,
        1.0
      ]
    ],
    "location": [
      13.989812217947701,
      8.98360318048799,
      0.8859011977012301
    ],
    "rotation": [
      0.004187217728112842,
      -0.014379958647789515,
      -3.0671534175842137
    ]
  },
  {
    "label_id": "XQmjRhoi5kGFxGSc7VsbaA",
    "size": [
      2.569342638223427,
      5.383624736107198,
      2.6299999999999883
    ],
    "obj_class": "vehicle",
    "point_num_in_lidar": 2576,
    "speed": 2.51214793389404e-13,
    "if_vehicle": true,
    "motion_state": false,
    "pose": [
      [
        0.9973262043971168,
        -0.07171927295406916,
        0.014028111411730267,
        15.585727148396586
      ],
      [
        0.07165194866418334,
        0.9974159052971727,
        0.005245008374352503,
        2.9092134358552357
      ],
      [
        -0.014368029630587108,
        -0.004225842775295333,
        0.9998878446992808,
        1.1737428434535389
      ],
      [
        0.0,
        0.0,
        0.0,
        1.0
      ]
    ],
    "location": [
      15.585727148396586,
      2.9092134358552357,
      1.1737428434535389
    ],
    "rotation": [
      -0.004226291616251436,
      0.014368524033183363,
      0.07172081708152452
    ]
  },
  {
    "label_id": "YytKtqwuhzFGLrx28JPtgQ",
    "size": [
      2.867307945288498,
      7.235536587668475,
      3.3505405405405497
    ],
    "obj_class": "vehicle",
    "point_num_in_lidar": 887,
    "speed": 0.008139765921695626,
    "if_vehicle": true,
    "motion_state": false,
    "pose": [
      [
        0.9990624231206843,
        -0.04095713366981055,
        0.014028111411730267,
        22.684929519414254
      ],
      [
        0.04088707761549811,
        0.9991500071416791,
        0.005245008374352503,
        3.4801334552566914
      ],
      [
        -0.014231008126302196,
        -0.004666522295678622,
        0.9998878446992808,
        1.5809332733412518
      ],
      [
        0.0,
        0.0,
        0.0,
        1.0
      ]
    ],
    "location": [
      22.684929519414254,
      3.4801334552566914,
      1.5809332733412518
    ],
    "rotation": [
      -0.004667011845239693,
      0.014231488517821436,
      0.04090262273045715
    ]
  },
  {
    "label_id": "ZAWh5ebxHQoiaBpI1opOtQ",
    "size": [
      2.3183299357428715,
      5.252203792437462,
      1.9400000000000048
    ],
    "obj_class": "vehicle",
    "point_num_in_lidar": 1643,
    "speed": 0.004523172163404419,
    "if_vehicle": true,
    "motion_state": false,
    "pose": [
      [
        0.9973744718437267,
        -0.07104488021431993,
        0.014028111411730267,
        -13.76304376317944
      ],
      [
        0.07097749528548296,
        0.9974641271996465,
        0.005245008374352503,
        0.5937696749497263
      ],
      [
        -0.014365168897239908,
        -0.004235557245595437,
        0.9998878446992808,
        0.8586715158246392
      ],
      [
        0.0,
        0.0,
        0.0,
        1.0
      ]
    ],
    "location": [
      -13.76304376317944,
      0.5937696749497263,
      0.8586715158246392
    ],
    "rotation": [
      -0.004236007002270029,
      0.014365663004563956,
      0.07104456896811008
    ]
  },
  {
    "label_id": "ZqVcS5TpbdlQOy2xeA1L0w",
    "size": [
      2.1659284936680887,
      4.872672216116353,
      1.6000000000000014
    ],
    "obj_class": "vehicle",
    "point_num_in_lidar": 390,
    "speed": 0.0034722953269223445,
    "if_vehicle": true,
    "motion_state": false,
    "pose": [
      [
        0.07416700279286119,
        0.9971471645584435,
        0.014028111411730267,
        -6.014350496601651
      ],
      [
        -0.9972370304363499,
        0.07409989887741973,
        0.005245008374352503,
        20.415498821596657
      ],
      [
        0.0041905635915205,
        -0.014378358717613345,
        0.9998878446992808,
        0.7913067173023904
      ],
      [
        0.0,
        0.0,
        0.0,
        1.0
      ]
    ],
    "location": [
      -6.014350496601651,
      20.415498821596657,
      0.7913067173023904
    ],
    "rotation": [
      -0.014378980449934319,
      -0.0041905758565751565,
      -1.4965605064933107
    ]
  },
  {
    "label_id": "ZxcngDw5pn33WhQh4fGo7g",
    "size": [
      1.9931629351995634,
      4.351704980641885,
      1.5900000000000034
    ],
    "obj_class": "vehicle",
    "point_num_in_lidar": 59,
    "speed": 1.0805156823142816e-13,
    "if_vehicle": true,
    "motion_state": false,
    "pose": [
      [
        -0.9969251358897874,
        0.07709400444489223,
        0.014028111411730267,
        -42.48788176240453
      ],
      [
        -0.07702716463753868,
        -0.9970151983771636,
        0.005245008374352503,
        8.40299925731074
      ],
      [
        0.014390598980949031,
        0.004148335039079359,
        0.9998878446992808,
        1.2063065828134683
      ],
      [
        0.0,
        0.0,
        0.0,
        1.0
      ]
    ],
    "location": [
      -42.48788176240453,
      8.40299925731074,
      1.2063065828134683
    ],
    "rotation": [
      0.0041487765454726435,
      -0.014391095717179909,
      -3.0644811147085758
    ]
  },
  {
    "label_id": "ahh4Y1SZ-y9Qvly03o_oAA",
    "size": [
      2.0627046657678156,
      4.417872033252479,
      1.7451871050278172
    ],
    "obj_class": "vehicle",
    "point_num_in_lidar": 86,
    "speed": 0.001249710291115463,
    "if_vehicle": true,
    "motion_state": false,
    "pose": [
      [
        0.0757640935493708,
        0.9970270880065707,
        0.014028111411730267,
        -6.93500536855197
      ],
      [
        -0.9971170612532579,
        0.0756971336631701,
        0.005245008374352503,
        32.6385212863147
      ],
      [
        0.0041675276014751655,
        -0.01438505253093945,
        0.9998878446992808,
        0.6959842257872353
      ],
      [
        0.0,
        0.0,
        0.0,
        1.0
      ]
    ],
    "location": [
      -6.93500536855197,
      32.6385212863147,
      0.6959842257872353
    ],
    "rotation": [
      -0.014385673629407226,
      -0.004167539665371551,
      -1.4949589020391951
    ]
  },
  {
    "label_id": "bA4NouE1x7OzqmpHmrXLCA",
    "size": [
      0.7640776443058724,
      0.060923233862056884,
      0.7700000000000031
    ],
    "obj_class": "sign",
    "point_num_in_lidar": 36,
    "speed": 0.0026614738068259677,
    "if_vehicle": false,
    "motion_state": false,
    "pose": [
      [
        0.9999016012039484,
        -1.1435539931652158e-14,
        0.014028111411730267,
        8.58469545016078
      ],
      [
        -7.35848024754182e-05,
        0.9999862421415756,
        0.005245008374352503,
        13.722312605426396
      ],
      [
        -0.014027918414959562,
        -0.005245524527650521,
        0.9998878446992808,
        2.750948519294404
      ],
      [
        0.0,
        0.0,
        0.0,
        1.0
      ]
    ],
    "location": [
      8.58469545016078,
      13.722312605426396,
      2.750948519294404
    ],
    "rotation": [
      -0.0052460647804996215,
      0.014028378530502626,
      -7.359204371107841e-05
    ]
  },
  {
    "label_id": "dflMqGo5HWaGLblIEG_AIw",
    "size": [
      1.8606366508090655,
      4.05075350178842,
      1.5400000000000063
    ],
    "obj_class": "vehicle",
    "point_num_in_lidar": 21,
    "speed": 1.6758116906701666e-13,
    "if_vehicle": true,
    "motion_state": false,
    "pose": [
      [
        -0.12481629147758629,
        -0.9920806950404801,
        0.014028111411730267,
        -2.6035799559377892
      ],
      [
        0.9921738594301296,
        -0.12475384783915369,
        0.005245008374352503,
        70.46901911606778
      ],
      [
        -0.003453410676991077,
        0.014572987933947824,
        0.9998878446992808,
        0.5829468875424553
      ],
      [
        0.0,
        0.0,
        0.0,
        1.0
      ]
    ],
    "location": [
      -2.6035799559377892,
      70.46901911606778,
      0.5829468875424553
    ],
    "rotation": [
      0.01457359070802323,
      0.00345341754128328,
      1.695939749490657
    ]
  },
  {
    "label_id": "eZRjpTUJ2mfeBaXNVhY0Xg",
    "size": [
      2.107788855889296,
      4.800487478512236,
      1.8300000000000054
    ],
    "obj_class": "vehicle",
    "point_num_in_lidar": 22,
    "speed": 5.0242958677880804e-14,
    "if_vehicle": true,
    "motion_state": false,
    "pose": [
      [
        0.10304419002847381,
        0.9945778536603335,
        0.014028111411730267,
        -8.436392986691658
      ],
      [
        -0.9946696271791851,
        0.10297971962660554,
        0.005245008374352503,
        54.806907441187604
      ],
      [
        0.003771958191323219,
        -0.01449380398756153,
        0.9998878446992808,
        0.744877057502201
      ],
      [
        0.0,
        0.0,
        0.0,
        1.0
      ]
    ],
    "location": [
      -8.436392986691658,
      54.806907441187604,
      0.744877057502201
    ],
    "rotation": [
      -0.014494414607078933,
      -0.003771967135742337,
      -1.467568167253576
    ]
  },
  {
    "label_id": "fEKN6OQe99brECij0ShExg",
    "size": [
      2.1977897881326567,
      4.78244681950412,
      1.8500000000000014
    ],
    "obj_class": "vehicle",
    "point_num_in_lidar": 41,
    "speed": 1.293207299340885e-13,
    "if_vehicle": true,
    "motion_state": false,
    "pose": [
      [
        0.03412194673715824,
        0.999319220690309,
        0.014028111411730267,
        -7.503220989563033
      ],
      [
        -0.9994063234336533,
        0.03405129319102405,
        0.005245008374352503,
        39.352328711192285
      ],
      [
        0.00476376234657491,
        -0.014198753147100627,
        0.9998878446992808,
        0.7559842257873015
      ],
      [
        0.0,
        0.0,
        0.0,
        1.0
      ]
    ],
    "location": [
      -7.503220989563033,
      39.352328711192285,
      0.7559842257873015
    ],
    "rotation": [
      -0.014199391407560897,
      -0.004763780364444813,
      -1.536667367776914
    ]
  },
  {
    "label_id": "fh1oSL5OCYHPzBR4ONvPDg",
    "size": [
      2.544152576201305,
      5.529152590652675,
      2.3499999999999943
    ],
    "obj_class": "vehicle",
    "point_num_in_lidar": 840,
    "speed": 0.005885795290458076,
    "if_vehicle": true,
    "motion_state": false,
    "pose": [
      [
        -0.06028567679956677,
        -0.9980825863940509,
        0.014028111411730267,
        1.2009355104626138
      ],
      [
        0.9981715098995787,
        -0.06021732900045006,
        0.005245008374352503,
        18.350006345705197
      ],
      [
        -0.004390216123797073,
        0.014318660028553545,
        0.9998878446992808,
        1.2372196297182043
      ],
      [
        0.0,
        0.0,
        0.0,
        1.0
      ]
    ],
    "location": [
      1.2009355104626138,
      18.350006345705197,
      1.2372196297182043
    ],
    "rotation": [
      0.01431928735697128,
      0.0043902302267552415,
      1.6311191621561547
    ]
  },
  {
    "label_id": "jiDWv0IHfVYmdLSYdNAeuw",
    "size": [
      2.363577207923453,
      4.784302331303529,
      1.8000000000000043
    ],
    "obj_class": "vehicle",
    "point_num_in_lidar": 980,
    "speed": 7.944109290391274e-14,
    "if_vehicle": true,
    "motion_state": false,
    "pose": [
      [
        -0.9989947513223418,
        0.04257580205506849,
        0.014028111411730267,
        -16.126767325087826
      ],
      [
        -0.042505887999954355,
        -0.9990824487360833,
        0.005245008374352503,
        10.476572896518746
      ],
      [
        0.014238550338697677,
        0.004643458504101991,
        0.9998878446992808,
        0.8986715158246028
      ],
      [
        0.0,
        0.0,
        0.0,
        1.0
      ]
    ],
    "location": [
      -16.126767325087826,
      10.476572896518746,
      0.8986715158246028
    ],
    "rotation": [
      0.004643945966572628,
      -0.014239031494468332,
      -3.099069642285401
    ]
  },
  {
    "label_id": "kJ7cJlYspN35OyNKpyaNSw",
    "size": [
      1.9152404807140437,
      4.055110925326073,
      1.7800000000000011
    ],
    "obj_class": "vehicle",
    "point_num_in_lidar": 22,
    "speed": 6.404745667978754e-14,
    "if_vehicle": true,
    "motion_state": false,
    "pose": [
      [
        -0.9965267223491929,
        0.08208351682399193,
        0.014028111411730267,
        -55.1961381396942
      ],
      [
        -0.08201712869527077,
        -0.9966171182995688,
        0.005245008374352503,
        7.344871987419765
      ],
      [
        0.014411184703482054,
        0.0040762455849800905,
        0.9998878446992808,
        1.5372407553715846
      ],
      [
        0.0,
        0.0,
        0.0,
        1.0
      ]
    ],
    "location": [
      -55.1961381396942,
      7.344871987419765,
      1.5372407553715846
    ],
    "rotation": [
      0.004076680224772776,
      -0.014411683574637459,
      -3.059474746288495
    ]
  },
  {
    "label_id": "lVgMLiYY04OUIeF1a-Z-Bg",
    "size": [
      2.2872766218934633,
      5.0947232382614915,
      1.9223137534269625
    ],
    "obj_class": "vehicle",
    "point_num_in_lidar": 142,
    "speed": 0.0,
    "if_vehicle": true,
    "motion_state": false,
    "pose": [
      [
        -0.9984414326299657,
        0.054017753544939255,
        0.014028111411730267,
        -36.017173334368294
      ],
      [
        -0.05394884876248541,
        -0.9985299252422813,
        0.005245008374352503,
        8.894851464634712
      ],
      [
        0.014290812608952331,
        0.004480033214469948,
        0.9998878446992808,
        1.2320631223419838
      ],
      [
        0.0,
        0.0,
        0.0,
        1.0
      ]
    ],
    "location": [
      -36.017173334368294,
      8.894851464634712,
      1.2320631223419838
    ],
    "rotation": [
      0.004480505748112361,
      -0.01429129908273364,
      -3.0876120832062464
    ]
  },
  {
    "label_id": "mZdp7gLn15GgHZm12rNG3Q",
    "size": [
      0.6889420735340984,
      0.7053705901522827,
      1.5200000000000031
    ],
    "obj_class": "pedestrian",
    "point_num_in_lidar": 62,
    "speed": 0.46745166536937194,
    "if_vehicle": false,
    "motion_state": false,
    "pose": [
      [
        -0.09037072801510584,
        -0.9958093912030754,
        0.014028111411730267,
        25.38937074037085
      ],
      [
        0.995900336304705,
        -0.09030509418260278,
        0.005245008374352503,
        17.31557798085055
      ],
      [
        -0.003956218673878652,
        0.014444596097897604,
        0.9998878446992808,
        1.0425044214993022
      ],
      [
        0.0,
        0.0,
        0.0,
        1.0
      ]
    ],
    "location": [
      25.38937074037085,
      17.31557798085055,
      1.0425044214993022
    ],
    "rotation": [
      0.014445211501242769,
      0.00395622899418702,
      1.6612912268661695
    ]
  },
  {
    "label_id": "oWHtxuSP48iB5d33eg9RSQ",
    "size": [
      2.1175059291569887,
      4.616705315983924,
      1.6300000000000026
    ],
    "obj_class": "vehicle",
    "point_num_in_lidar": 398,
    "speed": 0.013564837481398676,
    "if_vehicle": true,
    "motion_state": false,
    "pose": [
      [
        0.9936740264167792,
        -0.1114232530259554,
        0.014028111411730267,
        -19.665788476834564
      ],
      [
        0.11135955842012228,
        0.9937663400596886,
        0.005245008374352503,
        0.09576559211791391
      ],
      [
        -0.01452508083080347,
        -0.0036496642976540164,
        0.9998878446992808,
        0.7636715158245622
      ],
      [
        0.0,
        0.0,
        0.0,
        1.0
      ]
    ],
    "location": [
      -19.665788476834564,
      0.09576559211791391,
      0.7636715158245622
    ],
    "rotation": [
      -0.0036500574628708193,
      0.014525591624652003,
      0.1116028357280436
    ]
  },
  {
    "label_id": "sDKPtRk_p23MDT4FUoeVww",
    "size": [
      0.6738707008764515,
      0.8508007541018325,
      1.7600000000000051
    ],
    "obj_class": "pedestrian",
    "point_num_in_lidar": 708,
    "speed": 1.2204516582277674,
    "if_vehicle": false,
    "motion_state": true,
    "pose": [
      [
        -0.9752542544073729,
        0.22064077445145763,
        0.014028111411730267,
        6.551233691511584
      ],
      [
        -0.2205876805774277,
        -0.9753530463707097,
        0.005245008374352503,
        -1.6475115236889906
      ],
      [
        0.01483962390998035,
        0.002020788172294253,
        0.9998878446992808,
        0.8219750430020625
      ],
      [
        0.0,
        0.0,
        0.0,
        1.0
      ]
    ],
    "location": [
      6.551233691511584,
      -1.6475115236889906,
      0.8219750430020625
    ],
    "rotation": [
      0.002021012088215748,
      -0.014840168613866382,
      -2.9191507958004914
    ]
  },
  {
    "label_id": "uWYymHxy4tVKmnshSVGWpQ",
    "size": [
      2.0449717108875642,
      4.472328700657135,
      1.6400000000000077
    ],
    "obj_class": "vehicle",
    "point_num_in_lidar": 21,
    "speed": 3.552713678800501e-14,
    "if_vehicle": true,
    "motion_state": false,
    "pose": [
      [
        -0.9976578308719704,
        0.06694822320312101,
        0.014028111411730267,
        -61.44383907752194
      ],
      [
        -0.06688047064230081,
        -0.9977472087326617,
        0.005245008374352503,
        6.943524881359963
      ],
      [
        0.014347652996193061,
        0.004294516984222687,
        0.9998878446992808,
        1.4146181747172193
      ],
      [
        0.0,
        0.0,
        0.0,
        1.0
      ]
    ],
    "location": [
      -61.44383907752194,
      6.943524881359963,
      1.4146181747172193
    ],
    "rotation": [
      0.0042949722814181355,
      -0.014348145298166968,
      -3.0746553225996895
    ]
  }
]