[
  {
    "label_id": "-F5A7bbXR534ssEhSPvsKA",
    "size": [
      0.9144843212922202,
      1.0494597753535118,
      1.740000000000002
    ],
    "obj_class": "pedestrian",
    "point_num_in_lidar": 157,
    "speed": 1.5899598136727104,
    "if_vehicle": false,
    "motion_state": true,
    "pose": [
      [
        0.9998447793487761,
        -0.010848607325689505,
        0.013882540404770702,
        -3.4699299299478525
      ],
      [
        0.01075532801294478,
        0.9999191991105035,
        0.00677629467651192,
        14.60367515852272
      ],
      [
        -0.013954932043226164,
        -0.006625931579933079,
        0.9998806713315179,
        0.9144932910000634
      ],
      [
        0.0,
        0.0,
        0.0,
        1.0
      ]
    ],
    "location": [
      -3.4699299299478525,
      14.60367515852272,
      0.9144932910000634
    ],
    "rotation": [
      -0.006626625339697412,
      0.013955385013798642,
      0.010756582841781045
    ]
  },
  {
    "label_id": "-FAHwqVW2G-3XzoYPoMFfw",
    "size": [
      3.1200548967611836,
      11.531225792973089,
      4.109999999999957
    ],
    "obj_class": "vehicle",
    "point_num_in_lidar": 91,
    "speed": 3.972054645195637e-14,
    "if_vehicle": true,
    "motion_state": false,
    "pose": [
      [
        -0.9985375805385981,
        0.05224916577355686,
        0.013882540404770702,
        38.317532355247636
      ],
      [
        -0.052159048687435615,
        -0.9986157997300457,
        0.00677629467651192,
        13.727971959058777
      ],
      [
        0.014217379932478309,
        0.006042284790423067,
        0.9998806713315179,
        1.8429762349869705
      ],
      [
        0.0,
        0.0,
        0.0,
        1.0
      ]
    ],
    "location": [
      38.317532355247636,
      13.727971959058777,
      1.8429762349869705
    ],
    "rotation": [
      0.006042932336546009,
      -0.01421785894510767,
      -3.0894046460000886
    ]
  },
  {
    "label_id": "-H4mHZRW8n7aRqwatB9ZGw",
    "size": [
      2.119300748150478,
      4.685897212546479,
      1.7800000000000011
    ],
    "obj_class": "vehicle",
    "point_num_in_lidar": 33,
    "speed": 0.01593034553262021,
    "if_vehicle": true,
    "motion_state": false,
    "pose": [
      [
        -0.19283467486252956,
        -0.981133050733983,
        0.013882540404770702,
        0.6085333986488877
      ],
      [
        0.9812232199870864,
        -0.1927565158136838,
        0.00677629467651192,
        31.156295163862296
      ],
      [
        -0.003972496549572301,
        0.014928575578287803,
        0.9998806713315179,
        0.8259842257872663
      ],
      [
        0.0,
        0.0,
        0.0,
        1.0
      ]
    ],
    "location": [
      0.6085333986488877,
      31.156295163862296,
      0.8259842257872663
    ],
    "rotation": [
      0.014929247943281751,
      0.003972506997794972,
      1.7648481041916182
    ]
  },
  {
    "label_id": "0Mszwh9T8XA40wt2KRP44w",
    "size": [
      0.7583054554568173,
      0.8208242572220442,
      1.6100000000000065
    ],
    "obj_class": "pedestrian",
    "point_num_in_lidar": 32,
    "speed": 1.132267451867478,
    "if_vehicle": false,
    "motion_state": true,
    "pose": [
      [
        -0.9968755510794245,
        0.07775866981889322,
        0.013882540404770702,
        -17.279643585159647
      ],
      [
        -0.07767058177674288,
        -0.9969560484579646,
        0.00677629467651192,
        -2.5457225639663648
      ],
      [
        0.014367198284844644,
        0.005676857500146711,
        0.9998806713315179,
        0.9566433508935575
      ],
      [
        0.0,
        0.0,
        0.0,
        1.0
      ]
    ],
    "location": [
      -17.279643585159647,
      -2.5457225639663648,
      0.9566433508935575
    ],
    "rotation": [
      0.005677473990032701,
      -0.014367692601620956,
      -3.063835723130938
    ]
  },
  {
    "label_id": "5FDGRfKUQ9sdZ1qWgyeWLQ",
    "size": [
      2.04571865920799,
      4.713389250527029,
      1.3400000000000034
    ],
    "obj_class": "vehicle",
    "point_num_in_lidar": 349,
    "speed": 1.1257594487398688,
    "if_vehicle": true,
    "motion_state": true,
    "pose": [
      [
        0.008235965385271623,
        0.9998697134857534,
        0.013882540404770702,
        -3.3413618313921916
      ],
      [
        -0.9999438892535945,
        0.008142491931356199,
        0.00677629467651192,
        19.670025683494487
      ],
      [
        0.006662373343466438,
        -0.013937570773462738,
        0.9998806713315179,
        0.776481674555086
      ],
      [
        0.0,
        0.0,
        0.0,
        1.0
      ]
    ],
    "location": [
      -3.3413618313921916,
      19.670025683494487,
      0.776481674555086
    ],
    "rotation": [
      -0.013938331420771364,
      -0.006662422631821238,
      -1.5625600854995658
    ]
  },
  {
    "label_id": "5tqAjOce6YWfi1CdeCMP-Q",
    "size": [
      2.26367902557311,
      4.979165260291454,
      1.8500000000000014
    ],
    "obj_class": "vehicle",
    "point_num_in_lidar": 180,
    "speed": 1.7852165294699933e-13,
    "if_vehicle": true,
    "motion_state": false,
    "pose": [
      [
        -0.9954665054591432,
        0.0940941633730368,
        0.013882540404770702,
        10.627576893745982
      ],
      [
        -0.09400740710367776,
        -0.9955484364108561,
        0.00677629467651192,
        11.982496768205465
      ],
      [
        0.014458351171735558,
        0.00544051275412418,
        0.9998806713315179,
        0.8802654804896264
      ],
      [
        0.0,
        0.0,
        0.0,
        1.0
      ]
    ],
    "location": [
      10.627576893745982,
      11.982496768205465,
      0.8802654804896264
    ],
    "rotation": [
      0.005441108344241697,
      -0.014458854957525592,
      -3.0474363584353177
    ]
  },
  {
    "label_id": "7-Cir_6eWG09wehRQVtTtw",
    "size": [
      0.44704159389991427,
      0.09818506062016025,
      0.16146885882913153
    ],
    "obj_class": "sign",
    "point_num_in_lidar": 55,
    "speed": 0.002109962220133253,
    "if_vehicle": false,
    "motion_state": false,
    "pose": [
      [
        -0.990412130086225,
        -0.13744485312290353,
        0.013882540404770702,
        -10.781683009423432
      ],
      [
        0.1375481311980572,
        -0.9904719044144459,
        0.00677629467651192,
        -0.9248640524388065
      ],
      [
        0.012818899406293034,
        0.008620841933613848,
        0.9998806713315179,
        2.10453817673411
      ],
      [
        0.0,
        0.0,
        0.0,
        1.0
      ]
    ],
    "location": [
      -10.781683009423432,
      -0.9248640524388065,
      2.10453817673411
    ],
    "rotation": [
      0.00862165713915499,
      -0.01281925050811601,
      3.0035956531586123
    ]
  },
  {
    "label_id": "8Fg4poEL5AVkJRV9CO00xA",
    "size": [
      2.1500009585022544,
      4.8842989074546495,
      1.4500000000000028
    ],
    "obj_class": "vehicle",
    "point_num_in_lidar": 20,
    "speed": 3.552713678800501e-14,
    "if_vehicle": true,
    "motion_state": false,
    "pose": [
      [
        -0.06290311917968751,
        -0.9979230795353798,
        0.013882540404770702,
        0.794822488658383
      ],
      [
        0.9980022560499243,
        -0.06281384202322353,
        0.00677629467651192,
        24.81083012736235
      ],
      [
        -0.005890205151557691,
        0.0142810567152987,
        0.9998806713315179,
        0.6959842257871784
      ],
      [
        0.0,
        0.0,
        0.0,
        1.0
      ]
    ],
    "location": [
      0.794822488658383,
      24.81083012736235,
      0.6959842257871784
    ],
    "rotation": [
      0.014281789962292355,
      0.005890239211726318,
      1.6337420959371232
    ]
  },
  {
    "label_id": "AEZuZTCdAj38T5tnQh0N3A",
    "size": [
      1.9764182524732334,
      4.583813116773403,
      1.6100000000000065
    ],
    "obj_class": "vehicle",
    "point_num_in_lidar": 170,
    "speed": 5.0242958677880804e-14,
    "if_vehicle": true,
    "motion_state": false,
    "pose": [
      [
        -0.9923911035791918,
        0.12234039647141745,
        0.013882540404770702,
        -49.14020002986922
      ],
      [
        -0.12225600313508544,
        -0.9924754664614592,
        0.00677629467651192,
        7.589575708011125
      ],
      [
        0.01460709534122648,
        0.0050275106489528695,
        0.9998806713315179,
        1.299678500464701
      ],
      [
        0.0,
        0.0,
        0.0,
        1.0
      ]
    ],
    "location": [
      -49.14020002986922,
      7.589575708011125,
      1.299678500464701
    ],
    "rotation": [
      0.005028068273952796,
      -0.014607614837029919,
      -3.0190168897413194
    ]
  },
  {
    "label_id": "Bbx8pLm5ey4t1wPBh4cdAw",
    "size": [
      2.123877219783956,
      4.766762156548458,
      1.8100000000000023
    ],
    "obj_class": "vehicle",
    "point_num_in_lidar": 446,
    "speed": 0.054102852052240434,
    "if_vehicle": true,
    "motion_state": false,
    "pose": [
      [
        -0.9953460484764388,
        0.09535994365690804,
        0.013882540404770702,
        17.556293645892993
      ],
      [
        -0.09527329164283144,
        -0.9954280896830253,
        0.00677629467651192,
        12.88366383217135
      ],
      [
        0.014465257753623095,
        0.005422122808850957,
        0.9998806713315179,
        0.7715602004971771
      ],
      [
        0.0,
        0.0,
        0.0,
        1.0
      ]
    ],
    "location": [
      17.556293645892993,
      12.88366383217135,
      0.7715602004971771
    ],
    "rotation": [
      0.005422716746926565,
      -0.0144657622617608,
      -3.0461646226098096
    ]
  },
  {
    "label_id": "C-7CDilIzKn25wyKRr9jJA",
    "size": [
      2.150775257331885,
      5.0328621732727665,
      1.5100000000000051
    ],
    "obj_class": "vehicle",
    "point_num_in_lidar": 1109,
    "speed": 4.727704224121075,
    "if_vehicle": true,
    "motion_state": true,
    "pose": [
      [
        -0.01255620940560279,
        0.9998247929898881,
        0.013882540404770702,
        -3.4129233436279947
      ],
      [
        -0.9998970091177555,
        -0.01265120499496125,
        0.00677629467651192,
        5.1354474457016295
      ],
      [
        0.006950738286693597,
        -0.013796026054734262,
        0.9998806713315179,
        0.8307743255675462
      ],
      [
        0.0,
        0.0,
        0.0,
        1.0
      ]
    ],
    "location": [
      -3.4129233436279947,
      5.1354474457016295,
      0.8307743255675462
    ],
    "rotation": [
      -0.013796797031795312,
      -0.006950794256138698,
      -1.5833531695033665
    ]
  },
  {
    "label_id": "DfUOspd1ep_pDGx1yZG9Uw",
    "size": [
      2.0930877344469296,
      4.702836163548996,
      1.8500000000000014
    ],
    "obj_class": "vehicle",
    "point_num_in_lidar": 1823,
    "speed": 2.4139738093717535,
    "if_vehicle": true,
    "motion_state": true,
    "pose": [
      [
        -0.9958762783341432,
        0.08965329510534487,
        0.013882540404770702,
        8.010205900640358
      ],
      [
        -0.0895661742743759,
        -0.9959578215247417,
        0.00677629467651192,
        8.4592955203575
      ],
      [
        0.014433941845118732,
        0.0055049450900754,
        0.9998806713315179,
        0.9227976429185958
      ],
      [
        0.0,
        0.0,
        0.0,
        1.0
      ]
    ],
    "location": [
      8.010205900640358,
      8.4592955203575,
      0.9227976429185958
    ],
    "rotation": [
      0.005505546439282337,
      -0.01443444308350423,
      -3.051896924315213
    ]
  },
  {
    "label_id": "GS-f_3-9m5tpTzs1EqI4-Q",
    "size": [
      0.48504666279161124,
      0.07902573047840633,
      0.20153950352409566
    ],
    "obj_class": "sign",
    "point_num_in_lidar": 115,
    "speed": 0.0011586930788368983,
    "if_vehicle": false,
    "motion_state": false,
    "pose": [
      [
        0.14101548469805272,
        0.9899100505335237,
        0.013882540404770702,
        5.197281013937982
      ],
      [
        -0.989995988425669,
        0.14093269575063036,
        0.00677629467651192,
        -7.638973545659383
      ],
      [
        0.00475141836254458,
        -0.01469922178814542,
        0.9998806713315179,
        2.2525661577042086
      ],
      [
        0.0,
        0.0,
        0.0,
        1.0
      ]
    ],
    "location": [
      5.197281013937982,
      -7.638973545659383,
      2.2525661577042086
    ],
    "rotation": [
      -0.014699917121422913,
      -0.004751436240711056,
      -1.4293076444892434
    ]
  },
  {
    "label_id": "II9hCDJdG-EL7T23hW66TA",
    "size": [
      2.1696386959844154,
      4.618757893724354,
      1.7700000000000031
    ],
    "obj_class": "vehicle",
    "point_num_in_lidar": 141,
    "speed": 2.1683198553528098e-13,
    "if_vehicle": true,
    "motion_state": false,
    "pose": [
      [
        0.9986479020939228,
        -0.050096334350096014,
        0.013882540404770702,
        -26.808308418339834
      ],
      [
        0.05000604884355219,
        0.9987259268235271,
        0.00677629467651192,
        -0.6173348429899761
      ],
      [
        -0.014204320556189,
        -0.0060729214691152954,
        0.9998806713315179,
        1.053671515824533
      ],
      [
        0.0,
        0.0,
        0.0,
        1.0
      ]
    ],
    "location": [
      -26.808308418339834,
      -0.6173348429899761,
      1.053671515824533
    ],
    "rotation": [
      -0.006073571546945634,
      0.014204798249959322,
      0.05003196498810081
    ]
  },
  {
    "label_id": "KExt1_lZn78J8VsbsFyZVw",
    "size": [
      0.5970706012783906,
      0.6505881208428722,
      1.6700000000000017
    ],
    "obj_class": "pedestrian",
    "point_num_in_lidar": 32,
    "speed": 0.0044015687787782734,
    "if_vehicle": false,
    "motion_state": false,
    "pose": [
      [
        -0.06960290990245684,
        -0.9974781752023552,
        0.013882540404770702,
        25.895106394996674
      ],
      [
        0.997557949441732,
        -0.06951416644155108,
        0.00677629467651192,
        17.627843438735454
      ],
      [
        -0.005794172824231755,
        0.014320288367066811,
        0.9998806713315179,
        0.9725044214993304
      ],
      [
        0.0,
        0.0,
        0.0,
        1.0
      ]
    ],
    "location": [
      25.895106394996674,
      17.627843438735454,
      0.9725044214993304
    ],
    "rotation": [
      0.014321018271608388,
      0.005794205245473574,
      1.6404567301133666
    ]
  },
  {
    "label_id": "NpOYq1LvezmGuK1h3sh1Ig",
    "size": [
      0.47512099846016914,
      0.05187169363348636,
      0.490000000000002
    ],
    "obj_class": "sign",
    "point_num_in_lidar": 33,
    "speed": 0.006470166549103141,
    "if_vehicle": false,
    "motion_state": false,
    "pose": [
      [
        0.9999036328926453,
        -4.13927332057714e-14,
        0.013882540404770702,
        -11.87515215896542
      ],
      [
        -9.408125093792213e-05,
        0.9999770362259202,
        0.00677629467651192,
        12.63970477208295
      ],
      [
        -0.013882221609249472,
        -0.0067769477513628384,
        0.9998806713315179,
        2.817953128063195
      ],
      [
        0.0,
        0.0,
        0.0,
        1.0
      ]
    ],
    "location": [
      -11.87515215896542,
      12.63970477208295,
      2.817953128063195
    ],
    "rotation": [
      -0.006777652749396137,
      0.013882667535803288,
      -9.409031787205216e-05
    ]
  },
  {
    "label_id": "OinBLW0UfALpTqwdQFfp6g",
    "size": [
      0.8118872121116999,
      0.10779766564128707,
      0.7800000000000011
    ],
    "obj_class": "sign",
    "point_num_in_lidar": 342,
    "speed": 0.005034652947056571,
    "if_vehicle": false,
    "motion_state": false,
    "pose": [
      [
        -0.9904121300859313,
        -0.13744485312502,
        0.013882540404770702,
        -10.795248914860167
      ],
      [
        0.13754813120017378,
        -0.9904719044141519,
        0.00677629467651192,
        -0.9172524635564514
      ],
      [
        0.012818899406274611,
        0.008620841933641241,
        0.9998806713315179,
        2.5825243448095137
      ],
      [
        0.0,
        0.0,
        0.0,
        1.0
      ]
    ],
    "location": [
      -10.795248914860167,
      -0.9172524635564514,
      2.5825243448095137
    ],
    "rotation": [
      0.008621657139182384,
      -0.012819250508097586,
      3.0035956531564754
    ]
  },
  {
    "label_id": "P1ky-Rbaej9JvbPv9kZKYA",
    "size": [
      2.3434372294599886,
      5.117642954333817,
      2.809999999999995
    ],
    "obj_class": "vehicle",
    "point_num_in_lidar": 4321,
    "speed": 0.001076262250205591,
    "if_vehicle": true,
    "motion_state": false,
    "pose": [
      [
        -0.07199387763353406,
        -0.9973084561233789,
        0.013882540404770702,
        3.1331016846114608
      ],
      [
        0.9973884428705238,
        -0.07190532566346618,
        0.00677629467651192,
        -8.274904701915602
      ],
      [
        -0.005759827393227909,
        0.014334137087150946,
        0.9998806713315179,
        1.3483359094672096
      ],
      [
        0.0,
        0.0,
        0.0,
        1.0
      ]
    ],
    "location": [
      3.1331016846114608,
      -8.274904701915602,
      1.3483359094672096
    ],
    "rotation": [
      0.014334865801291442,
      0.005759859241336119,
      1.6428537394241343
    ]
  },
  {
    "label_id": "P5W3PzH21kZDfGzI8M2_Hw",
    "size": [
      3.102976625231798,
      12.442215914863029,
      3.289999999999978
    ],
    "obj_class": "vehicle",
    "point_num_in_lidar": 3264,
    "speed": 1.1374233532693354e-13,
    "if_vehicle": true,
    "motion_state": false,
    "pose": [
      [
        -0.9980035877129898,
        0.06161261221463144,
        0.013882540404770702,
        -25.83474257318619
      ],
      [
        -0.06152323274648508,
        -0.9980826487134613,
        0.00677629467651192,
        9.284364917255516
      ],
      [
        0.01427342791422119,
        0.005908667634124139,
        0.9998806713315179,
        1.7264236508907516
      ],
      [
        0.0,
        0.0,
        0.0,
        1.0
      ]
    ],
    "location": [
      -25.83474257318619,
      9.284364917255516,
      1.7264236508907516
    ],
    "rotation": [
      0.005909304006700013,
      -0.014273912614675015,
      -3.0800242626280205
    ]
  },
  {
    "label_id": "RB-oIFuuBhuOu_4wBXtzcQ",
    "size": [
      1.9645943556835392,
      4.318930102955118,
      1.564739240841142
    ],
    "obj_class": "vehicle",
    "point_num_in_lidar": 204,
    "speed": 1.7763568394002505e-14,
    "if_vehicle": true,
    "motion_state": false,
    "pose": [
      [
        -0.9953460484764313,
        0.09535994365698672,
        0.013882540404770702,
        23.452750645354627
      ],
      [
        -0.09527329164291011,
        -0.9954280896830178,
        0.00677629467651192,
        13.326092589249356
      ],
      [
        0.014465257753623522,
        0.005422122808849814,
        0.9998806713315179,
        0.6215602004971004
      ],
      [
        0.0,
        0.0,
        0.0,
        1.0
      ]
    ],
    "location": [
      23.452750645354627,
      13.326092589249356,
      0.6215602004971004
    ],
    "rotation": [
      0.005422716746925422,
      -0.014465762261761227,
      -3.0461646226097305
    ]
  },
  {
    "label_id": "T3lsRLzCMMSY3Dl_tzxcqw",
    "size": [
      0.8193820258429343,
      0.09376311697755056,
      0.8000000000000043
    ],
    "obj_class": "sign",
    "point_num_in_lidar": 37,
    "speed": 0.0027129990441191404,
    "if_vehicle": false,
    "motion_state": false,
    "pose": [
      [
        0.39336209056791344,
        -0.9192788155809698,
        0.013882540404770702,
        -7.713911321632622
      ],
      [
        0.9193092886492754,
        0.39347746267559003,
        0.00677629467651192,
        16.683673034594904
      ],
      [
        -0.011691770918212042,
        0.010096810903897626,
        0.9998806713315179,
        3.202573594519059
      ],
      [
        0.0,
        0.0,
        0.0,
        1.0
      ]
    ],
    "location": [
      -7.713911321632622,
      16.683673034594904,
      3.202573594519059
    ],
    "rotation": [
      0.010097672676378703,
      0.011692037307255543,
      1.1664814395925172
    ]
  },
  {
    "label_id": "VIgfW057J6zNoT8MSku42Q",
    "size": [
      2.03890789428274,
      4.544739353990225,
      1.8300000000000054
    ],
    "obj_class": "vehicle",
    "point_num_in_lidar": 841,
    "speed": 0.9415996032164661,
    "if_vehicle": true,
    "motion_state": false,
    "pose": [
      [
        -0.9973011948231323,
        0.07209439559537698,
        0.013882540404770702,
        15.61160396649268
      ],
      [
        -0.07200585168759173,
        -0.997381190494989,
        0.00677629467651192,
        9.106590614859897
      ],
      [
        0.014334717545084285,
        0.00575838263192605,
        0.9998806713315179,
        0.8859011977012372
      ],
      [
        0.0,
        0.0,
        0.0,
        1.0
      ]
    ],
    "location": [
      15.61160396649268,
      9.106590614859897,
      0.8859011977012372
    ],
    "rotation": [
      0.005759006185193471,
      -0.014335208516638385,
      -3.0695170146771678
    ]
  },
  {
    "label_id": "XQmjRhoi5kGFxGSc7VsbaA",
    "size": [
      2.5693426382234295,
      5.383624736107198,
      2.6299999999999883
    ],
    "obj_class": "vehicle",
    "point_num_in_lidar": 2453,
    "speed": 2.51214793389404e-13,
    "if_vehicle": true,
    "motion_state": false,
    "pose": [
      [
        0.9973282308528941,
        -0.07171941867964501,
        0.013882540404770702,
        15.585727148396586
      ],
      [
        0.07163084470082288,
        0.9974081932277795,
        0.00677629467651192,
        2.9092134358550084
      ],
      [
        -0.0143325514575354,
        -0.005763771885676488,
        0.9998806713315179,
        1.173742843453546
      ],
      [
        0.0,
        0.0,
        0.0,
        1.0
      ]
    ],
    "location": [
      15.585727148396586,
      2.9092134358550084,
      1.173742843453546
    ],
    "rotation": [
      -0.005764395903185619,
      0.01433304220654053,
      0.07169961998119827
    ]
  },
  {
    "label_id": "YytKtqwuhzFGLrx28JPtgQ",
    "size": [
      2.8673079452881702,
      7.235536587668475,
      3.3505405405405497
    ],
    "obj_class": "vehicle",
    "point_num_in_lidar": 797,
    "speed": 0.00813976571712233,
    "if_vehicle": true,
    "motion_state": false,
    "pose": [
      [
        0.9990531261611669,
        -0.04123258637909254,
        0.013882540404770702,
        22.693906887808566
      ],
      [
        0.04114161205353567,
        0.9991303466455682,
        0.00677629467651192,
        3.47452802755447
      ],
      [
        -0.014149871562519121,
        -0.006198728288707897,
        0.9998806713315179,
        1.5809332733412518
      ],
      [
        0.0,
        0.0,
        0.0,
        1.0
      ]
    ],
    "location": [
      22.693906887808566,
      3.47452802755447,
      1.5809332733412518
    ],
    "rotation": [
      -0.006199388642587816,
      0.014150343783604679,
      0.0411573499456279
    ]
  },
  {
    "label_id": "ZAWh5ebxHQoiaBpI1opOtQ",
    "size": [
      2.3183299357428706,
      5.252203792437462,
      1.9400000000000048
    ],
    "obj_class": "vehicle",
    "point_num_in_lidar": 1671,
    "speed": 0.004523172163392217,
    "if_vehicle": true,
    "motion_state": false,
    "pose": [
      [
        0.9973764983975782,
        -0.07104502456960485,
        0.013882540404770702,
        -13.757655531198452
      ],
      [
        0.07095639654172756,
        0.9974564008618473,
        0.00677629467651192,
        0.5914126252234837
      ],
      [
        -0.014328650808745428,
        -0.005773462014602143,
        0.9998806713315179,
        0.8586715158246392
      ],
      [
        0.0,
        0.0,
        0.0,
        1.0
      ]
    ],
    "location": [
      -13.757655531198452,
      0.5914126252234837,
      0.8586715158246392
    ],
    "rotation": [
      -0.005774086865996798,
      0.01432914115715828,
      0.07102337741803763
    ]
  },
  {
    "label_id": "ZqVcS5TpbdlQOy2xeA1L0w",
    "size": [
      2.165928493668321,
      4.872672216116353,
      1.6000000000000014
    ],
    "obj_class": "vehicle",
    "point_num_in_lidar": 303,
    "speed": 0.003472295326890535,
    "if_vehicle": true,
    "motion_state": false,
    "pose": [
      [
        0.07406060820528672,
        0.997157109679399,
        0.013882540404770702,
        -6.014800445908236
      ],
      [
        -0.9972372797754766,
        0.07397222219498764,
        0.00677629467651192,
        20.419991168611887
      ],
      [
        0.005730108050513933,
        -0.0143460433347474,
        0.9998806713315179,
        0.7912568018134607
      ],
      [
        0.0,
        0.0,
        0.0,
        1.0
      ]
    ],
    "location": [
      -6.014800445908236,
      20.419991168611887,
      0.7912568018134607
    ],
    "rotation": [
      -0.014346771021061792,
      -0.005730139408170595,
      -1.4966666282828176
    ]
  },
  {
    "label_id": "ZxcngDw5pn33WhQh4fGo7g",
    "size": [
      1.9931629351995588,
      4.351704980641885,
      1.5900000000000034
    ],
    "obj_class": "vehicle",
    "point_num_in_lidar": 80,
    "speed": 1.0805156823142816e-13,
    "if_vehicle": true,
    "motion_state": false,
    "pose": [
      [
        -0.9969271615306377,
        0.07709416109132922,
        0.013882540404770702,
        -42.48788176240453
      ],
      [
        -0.07700601941127855,
        -0.9970076001740843,
        0.00677629467651192,
        8.40299925731074
      ],
      [
        0.014363411046673526,
        0.005686433041662568,
        0.9998806713315179,
        1.2063065828134683
      ],
      [
        0.0,
        0.0,
        0.0,
        1.0
      ]
    ],
    "location": [
      -42.48788176240453,
      8.40299925731074,
      1.2063065828134683
    ],
    "rotation": [
      0.005687050365111824,
      -0.014363904972618365,
      -3.0645023553359163
    ]
  },
  {
    "label_id": "ahh4Y1SZ-y9Qvly03o_oAA",
    "size": [
      2.0627046657678143,
      4.417872033252479,
      1.7451871050278172
    ],
    "obj_class": "vehicle",
    "point_num_in_lidar": 64,
    "speed": 0.001249710291197778,
    "if_vehicle": true,
    "motion_state": false,
    "pose": [
      [
        0.07576424749357298,
        0.9970291138545768,
        0.013882540404770702,
        -6.935299474036242
      ],
      [
        -0.9971094348503916,
        0.07567599859129638,
        0.00677629467651192,
        32.63692319819688
      ],
      [
        0.005705587968425122,
        -0.01435581288424927,
        0.9998806713315179,
        0.6959842257872282
      ],
      [
        0.0,
        0.0,
        0.0,
        1.0
      ]
    ],
    "location": [
      -6.935299474036242,
      32.63692319819688,
      0.6959842257872282
    ],
    "rotation": [
      -0.01435653972415384,
      -0.005705618925244184,
      -1.4949581707130497
    ]
  },
  {
    "label_id": "bA4NouE1x7OzqmpHmrXLCA",
    "size": [
      0.7640776443058728,
      0.060923233862056884,
      0.7700000000000031
    ],
    "obj_class": "sign",
    "point_num_in_lidar": 35,
    "speed": 0.0026614738068313068,
    "if_vehicle": false,
    "motion_state": false,
    "pose": [
      [
        0.9999036328926453,
        -3.096302074696179e-14,
        0.013882540404770702,
        8.581376472000557
      ],
      [
        -9.408125094835501e-05,
        0.9999770362259202,
        0.00677629467651192,
        13.723292329207652
      ],
      [
        -0.013882221609249401,
        -0.006776947751362982,
        0.9998806713315179,
        2.7583028517959463
      ],
      [
        0.0,
        0.0,
        0.0,
        1.0
      ]
    ],
    "location": [
      8.581376472000557,
      13.723292329207652,
      2.7583028517959463
    ],
    "rotation": [
      -0.006777652749396281,
      0.013882667535803217,
      -9.409031788248604e-05
    ]
  },
  {
    "label_id": "dflMqGo5HWaGLblIEG_AIw",
    "size": [
      1.8606366508090666,
      4.05075350178842,
      1.5400000000000063
    ],
    "obj_class": "vehicle",
    "point_num_in_lidar": 21,
    "speed": 1.6758116906701666e-13,
    "if_vehicle": true,
    "motion_state": false,
    "pose": [
      [
        -0.12481654509039533,
        -0.992082710837966,
        0.013882540404770702,
        -2.603579955937903
      ],
      [
        0.9921672840626079,
        -0.12473236254591394,
        0.00677629467651192,
        70.46901911606756
      ],
      [
        -0.004991042729284665,
        0.01461959609932742,
        0.9998806713315179,
        0.5967375076606771
      ],
      [
        0.0,
        0.0,
        0.0,
        1.0
      ]
    ],
    "location": [
      -2.603579955937903,
      70.46901911606756,
      0.5967375076606771
    ],
    "rotation": [
      0.014620299043756882,
      0.004991063451084863,
      1.6959408218513967
    ]
  },
  {
    "label_id": "fEKN6OQe99brECij0ShExg",
    "size": [
      2.1977897881326567,
      4.78244681950412,
      1.8500000000000014
    ],
    "obj_class": "vehicle",
    "point_num_in_lidar": 46,
    "speed": 1.293207299340885e-13,
    "if_vehicle": true,
    "motion_state": false,
    "pose": [
      [
        0.03412201606915391,
        0.9993212511956735,
        0.013882540404770702,
        -7.503220989563033
      ],
      [
        -0.9993978223274198,
        0.03403049452576234,
        0.00677629467651192,
        39.35232871119206
      ],
      [
        0.00629926555935425,
        -0.01410540148474152,
        0.9998806713315179,
        0.7559842257873086
      ],
      [
        0.0,
        0.0,
        0.0,
        1.0
      ]
    ],
    "location": [
      -7.503220989563033,
      39.35232871119206,
      0.7559842257873086
    ],
    "rotation": [
      -0.014106149159870894,
      -0.006299307220024885,
      -1.5366670084005771
    ]
  },
  {
    "label_id": "fh1oSL5OCYHPzBR4ONvPDg",
    "size": [
      2.5441525762012676,
      5.529152590652675,
      2.3499999999999943
    ],
    "obj_class": "vehicle",
    "point_num_in_lidar": 886,
    "speed": 0.005885795290550759,
    "if_vehicle": true,
    "motion_state": false,
    "pose": [
      [
        -0.06177420978790338,
        -0.9979935982144325,
        0.013882540404770702,
        1.2072152160305905
      ],
      [
        0.9980726736863379,
        -0.06168484312261583,
        0.00677629467651192,
        18.354380481395765
      ],
      [
        -0.005906356379761777,
        0.01427438446827961,
        0.9998806713315179,
        1.2408979324834206
      ],
      [
        0.0,
        0.0,
        0.0,
        1.0
      ]
    ],
    "location": [
      1.2072152160305905,
      18.354380481395765,
      1.2408979324834206
    ],
    "rotation": [
      0.01427511827935718,
      0.005906390720886233,
      1.63261097273555
    ]
  },
  {
    "label_id": "jiDWv0IHfVYmdLSYdNAeuw",
    "size": [
      2.3635772079234525,
      4.784302331303529,
      1.8000000000000043
    ],
    "obj_class": "vehicle",
    "point_num_in_lidar": 976,
    "speed": 7.944109290391274e-14,
    "if_vehicle": true,
    "motion_state": false,
    "pose": [
      [
        -0.9989967811684207,
        0.04257588856435713,
        0.013882540404770702,
        -16.12676732508794
      ],
      [
        -0.042485018152679535,
        -0.9990741239082431,
        0.00677629467651192,
        10.476572896518746
      ],
      [
        0.014158193659543494,
        0.006179696588982122,
        0.9998806713315179,
        0.8986715158246028
      ],
      [
        0.0,
        0.0,
        0.0,
        1.0
      ]
    ],
    "location": [
      -16.12676732508794,
      10.476572896518746,
      0.8986715158246028
    ],
    "rotation": [
      0.006180355400832265,
      -0.014158666714364821,
      -3.0990905816549814
    ]
  },
  {
    "label_id": "lVgMLiYY04OUIeF1a-Z-Bg",
    "size": [
      2.2872766218934624,
      5.0947232382614915,
      1.9223137534269625
    ],
    "obj_class": "vehicle",
    "point_num_in_lidar": 137,
    "speed": 0.0,
    "if_vehicle": true,
    "motion_state": false,
    "pose": [
      [
        -0.9984434613517625,
        0.05401786330299728,
        0.013882540404770702,
        -36.01717333436841
      ],
      [
        -0.053927884913386875,
        -0.9985218400511956,
        0.00677629467651192,
        8.894851464634712
      ],
      [
        0.01422806074909336,
        0.006017091070702166,
        0.9998806713315179,
        1.232063122341998
      ],
      [
        0.0,
        0.0,
        0.0,
        1.0
      ]
    ],
    "location": [
      -36.01717333436841,
      8.894851464634712,
      1.232063122341998
    ],
    "rotation": [
      0.006017736526400798,
      -0.014228540842175324,
      -3.0876331281080933
    ]
  },
  {
    "label_id": "mZdp7gLn15GgHZm12rNG3Q",
    "size": [
      0.6889420735338061,
      0.7053705901522827,
      1.5200000000000031
    ],
    "obj_class": "pedestrian",
    "point_num_in_lidar": 30,
    "speed": 0.06435718947492265,
    "if_vehicle": false,
    "motion_state": false,
    "pose": [
      [
        -0.19043791017785094,
        -0.9816010785645066,
        0.013882540404770702,
        25.248498654592026
      ],
      [
        0.981691056663372,
        -0.1903595311446452,
        0.00677629467651192,
        17.572489461992063
      ],
      [
        -0.004008944280586281,
        0.014918829156075532,
        0.9998806713315179,
        1.0425044214993093
      ],
      [
        0.0,
        0.0,
        0.0,
        1.0
      ]
    ],
    "location": [
      25.248498654592026,
      17.572489461992063,
      1.0425044214993093
    ],
    "rotation": [
      0.014919502528889673,
      0.004008955019044975,
      1.762406086577688
    ]
  },
  {
    "label_id": "oWHtxuSP48iB5d33eg9RSQ",
    "size": [
      2.11750592915699,
      4.616705315983924,
      1.6300000000000026
    ],
    "obj_class": "vehicle",
    "point_num_in_lidar": 401,
    "speed": 0.013564837368031657,
    "if_vehicle": true,
    "motion_state": false,
    "pose": [
      [
        0.9936760454517376,
        -0.11142347942559704,
        0.013882540404770702,
        -19.683135623325597
      ],
      [
        0.11133816377334506,
        0.9937594754859129,
        0.00677629467651192,
        0.09257805250103956
      ],
      [
        -0.014550944401527035,
        -0.005187785139795585,
        0.9998806713315179,
        0.7636715158245622
      ],
      [
        0.0,
        0.0,
        0.0,
        1.0
      ]
    ],
    "location": [
      -19.683135623325597,
      0.09257805250103956,
      0.7636715158245622
    ],
    "rotation": [
      -0.005188357709436706,
      0.014551457928991735,
      0.11158134704267451
    ]
  },
  {
    "label_id": "sDKPtRk_p23MDT4FUoeVww",
    "size": [
      0.6738707008762619,
      0.8508007541018325,
      1.7600000000000051
    ],
    "obj_class": "pedestrian",
    "point_num_in_lidar": 499,
    "speed": 1.1760659199819719,
    "if_vehicle": false,
    "motion_state": true,
    "pose": [
      [
        -0.9510380288289871,
        0.30876195166014964,
        0.013882540404770702,
        8.126019296986101
      ],
      [
        -0.3086951345301353,
        -0.951136896428626,
        0.00677629467651192,
        -1.247651853942898
      ],
      [
        0.015296458364482709,
        0.0021590412540435245,
        0.9998806713315179,
        0.8682608659787832
      ],
      [
        0.0,
        0.0,
        0.0,
        1.0
      ]
    ],
    "location": [
      8.126019296986101,
      -1.247651853942898,
      0.8682608659787832
    ],
    "rotation": [
      0.002159295564355824,
      -0.015297054942364783,
      -2.8277338173463513
    ]
  },
  {
    "label_id": "sPiWwzIgbtUP7C7dTyFh1g",
    "size": [
      0.1540415523150219,
      0.03859545213254023,
      0.29000000000000625
    ],
    "obj_class": "sign",
    "point_num_in_lidar": 22,
    "speed": 0.004725060112843978,
    "if_vehicle": false,
    "motion_state": false,
    "pose": [
      [
        0.834948302239264,
        -0.5501532583377841,
        0.013882540404770702,
        -5.36203092244898
      ],
      [
        0.5501150847613032,
        0.8350613602296069,
        0.00677629467651192,
        -8.73381463455712
      ],
      [
        -0.015320773669590311,
        0.0019791391558460613,
        0.9998806713315179,
        0.5296767117591443
      ],
      [
        0.0,
        0.0,
        0.0,
        1.0
      ]
    ],
    "location": [
      -5.36203092244898,
      -8.73381463455712,
      0.5296767117591443
    ],
    "rotation": [
      0.001979372767061424,
      0.015321373097165027,
      0.5825793715474148
    ]
  },
  {
    "label_id": "snJRcyK-URU6oqMcpLfJiQ",
    "size": [
      0.8009377146965931,
      1.0206146851905107,
      1.750000000000007
    ],
    "obj_class": "pedestrian",
    "point_num_in_lidar": 88,
    "speed": 1.1622424282895227,
    "if_vehicle": false,
    "motion_state": true,
    "pose": [
      [
        -0.9986502072094556,
        0.05005036176114422,
        0.013882540404770702,
        -17.46573327588783
      ],
      [
        -0.04996007266284484,
        -0.9987282277827038,
        0.00677629467651192,
        -3.300155782496631
      ],
      [
        0.01420404097553796,
        0.0060735753554437355,
        0.9998806713315179,
        1.0225030678312876
      ],
      [
        0.0,
        0.0,
        0.0,
        1.0
      ]
    ],
    "location": [
      -17.46573327588783,
      -3.300155782496631,
      1.0225030678312876
    ],
    "rotation": [
      0.006074225487184855,
      -0.01420451864110009,
      -3.0916067271765235
    ]
  },
  {
    "label_id": "x8XpP78SX3kOOTljT71MqA",
    "size": [
      2.2905901131329935,
      5.639912554416073,
      2.200000000000003
    ],
    "obj_class": "vehicle",
    "point_num_in_lidar": 46,
    "speed": 3.552713678800501e-14,
    "if_vehicle": true,
    "motion_state": false,
    "pose": [
      [
        -0.9986716553472386,
        0.04962055902462516,
        0.013882540404770702,
        -68.57852401892626
      ],
      [
        -0.04953023635626959,
        -0.998749637054727,
        0.00677629467651192,
        6.317899878263688
      ],
      [
        0.014201425720626435,
        0.006079687914239083,
        0.9998806713315179,
        1.8451575415861754
      ],
      [
        0.0,
        0.0,
        0.0,
        1.0
      ]
    ],
    "location": [
      -68.57852401892626,
      6.317899878263688,
      1.8451575415861754
    ],
    "rotation": [
      0.006080338549689257,
      -0.014201903122377136,
      -3.0920371416791563
    ]
  }
]