[
  {
    "label_id": "-F5A7bbXR534ssEhSPvsKA",
    "size": [
      0.9144843212923008,
      1.0494597753535118,
      1.740000000000002
    ],
    "obj_class": "pedestrian",
    "point_num_in_lidar": 115,
    "speed": 1.582769541864107,
    "if_vehicle": false,
    "motion_state": true,
    "pose": [
      [
        0.9913712311298799,
        -0.1299648571869959,
        0.017094384586462865,
        0.7783179389457473
      ],
      [
        0.12994213932451304,
        0.9915185816176513,
        0.002437772485292955,
        14.871918106022804
      ],
      [
        -0.017266224711701788,
        -0.00019545660635845771,
        0.9998509085263263,
        0.8949952460562685
      ],
      [
        0.0,
        0.0,
        0.0,
        1.0
      ]
    ],
    "location": [
      0.7783179389457473,
      14.871918106022804,
      0.8949952460562685
    ],
    "rotation": [
      -0.00019548574912710685,
      0.017267082735206583,
      0.13033016340084955
    ]
  },
  {
    "label_id": "-FAHwqVW2G-3XzoYPoMFfw",
    "size": [
      3.1200548967611836,
      11.531225792973089,
      4.109999999999957
    ],
    "obj_class": "vehicle",
    "point_num_in_lidar": 128,
    "speed": 3.972054645195637e-14,
    "if_vehicle": true,
    "motion_state": false,
    "pose": [
      [
        -0.9984878959494317,
        0.052246565993249464,
        0.017094384586462865,
        38.31753235524786
      ],
      [
        -0.05221242467756589,
        -0.9986330256779012,
        0.002437772485292955,
        13.727971959058777
      ],
      [
        0.017198382242710475,
        0.0015415470520135437,
        0.9998509085263263,
        1.8429762349869563
      ],
      [
        0.0,
        0.0,
        0.0,
        1.0
      ]
    ],
    "location": [
      38.31753235524786,
      13.727971959058777,
      1.8429762349869563
    ],
    "rotation": [
      0.001541775696167702,
      -0.01719923019097026,
      -3.0893487426494
    ]
  },
  {
    "label_id": "-H4mHZRW8n7aRqwatB9ZGw",
    "size": [
      2.119300748150478,
      4.685897212546479,
      1.7800000000000011
    ],
    "obj_class": "vehicle",
    "point_num_in_lidar": 33,
    "speed": 0.015930345399130557,
    "if_vehicle": true,
    "motion_state": false,
    "pose": [
      [
        -0.19282507991910028,
        -0.9810842321481895,
        0.017094384586462865,
        0.6007954668087905
      ],
      [
        0.9812327301540722,
        -0.1928117904581972,
        0.002437772485292955,
        31.196988663609773
      ],
      [
        0.0009043387520112923,
        0.017243633332379847,
        0.9998509085263263,
        0.8259842257872521
      ],
      [
        0.0,
        0.0,
        0.0,
        1.0
      ]
    ],
    "location": [
      0.6007954668087905,
      31.196988663609773,
      0.8259842257872521
    ],
    "rotation": [
      0.017244495044259157,
      -0.000904338875277017,
      1.764836855427015
    ]
  },
  {
    "label_id": "0Mszwh9T8XA40wt2KRP44w",
    "size": [
      0.7583054554564519,
      0.8208242572220442,
      1.6100000000000065
    ],
    "obj_class": "pedestrian",
    "point_num_in_lidar": 97,
    "speed": 1.1823175989504688,
    "if_vehicle": false,
    "motion_state": true,
    "pose": [
      [
        -0.9987174330423517,
        0.047657853003525895,
        0.017094384586462865,
        -20.211287316418748
      ],
      [
        -0.047623045161272054,
        -0.9988624043555135,
        0.002437772485292955,
        -2.696606284571544
      ],
      [
        0.017191117091772262,
        0.00162055922968778,
        0.9998509085263263,
        0.9566433508935575
      ],
      [
        0.0,
        0.0,
        0.0,
        1.0
      ]
    ],
    "location": [
      -20.211287316418748,
      -2.696606284571544,
      0.9566433508935575
    ],
    "rotation": [
      0.0016207994580024806,
      -0.017191963965788676,
      -3.0939445421994507
    ]
  },
  {
    "label_id": "5FDGRfKUQ9sdZ1qWgyeWLQ",
    "size": [
      2.045718659208006,
      4.713389250527029,
      1.3400000000000034
    ],
    "obj_class": "vehicle",
    "point_num_in_lidar": 384,
    "speed": 0.7111126362953826,
    "if_vehicle": true,
    "motion_state": false,
    "pose": [
      [
        0.011182309442843024,
        0.9997913472175756,
        0.017094384586462865,
        -3.3200675112003637
      ],
      [
        -0.9999349518200582,
        0.011142234691839205,
        0.002437772485292955,
        17.439760508122617
      ],
      [
        0.002246794192306053,
        -0.017120532554140085,
        0.9998509085263263,
        0.769148509707172
      ],
      [
        0.0,
        0.0,
        0.0,
        1.0
      ]
    ],
    "location": [
      -3.3200675112003637,
      17.439760508122617,
      0.769148509707172
    ],
    "rotation": [
      -0.01712141225798835,
      -0.002246796082644703,
      -1.5596137560655814
    ]
  },
  {
    "label_id": "5tqAjOce6YWfi1CdeCMP-Q",
    "size": [
      2.2636790255731083,
      4.979165260291454,
      1.8500000000000014
    ],
    "obj_class": "vehicle",
    "point_num_in_lidar": 1138,
    "speed": 1.7852165294699933e-13,
    "if_vehicle": true,
    "motion_state": false,
    "pose": [
      [
        -0.9954169736785503,
        0.09408948149631935,
        0.017094384586462865,
        10.627576893746095
      ],
      [
        -0.09406145877124183,
        -0.995563407945037,
        0.002437772485292955,
        11.982496768205692
      ],
      [
        0.01724791252476929,
        0.0008186773588278226,
        0.9998509085263263,
        0.8802654804896264
      ],
      [
        0.0,
        0.0,
        0.0,
        1.0
      ]
    ],
    "location": [
      10.627576893746095,
      11.982496768205692,
      0.8802654804896264
    ],
    "rotation": [
      0.0008187992518590253,
      -0.017248767820921256,
      -3.047377880645834
    ]
  },
  {
    "label_id": "7-Cir_6eWG09wehRQVtTtw",
    "size": [
      0.4470415938999137,
      0.09818506062016025,
      0.16146885882913153
    ],
    "obj_class": "sign",
    "point_num_in_lidar": 56,
    "speed": 0.0022034326460992847,
    "if_vehicle": false,
    "motion_state": false,
    "pose": [
      [
        -0.9903628497979832,
        -0.13743801423051605,
        0.017094384586462865,
        -10.777681079198828
      ],
      [
        0.1374989736863326,
        -0.9904989093888571,
        0.002437772485292955,
        -0.9207639192416082
      ],
      [
        0.016596926680040706,
        0.0047647396421319505,
        0.9998509085263263,
        2.100204484437967
      ],
      [
        0.0,
        0.0,
        0.0,
        1.0
      ]
    ],
    "location": [
      -10.777681079198828,
      -0.9207639192416082,
      2.100204484437967
    ],
    "rotation": [
      0.00476541405691911,
      -0.01659768873380872,
      3.0036375701602083
    ]
  },
  {
    "label_id": "8Fg4poEL5AVkJRV9CO00xA",
    "size": [
      2.150000958502254,
      4.8842989074546495,
      1.4500000000000028
    ],
    "obj_class": "vehicle",
    "point_num_in_lidar": 20,
    "speed": 3.552713678800501e-14,
    "if_vehicle": true,
    "motion_state": false,
    "pose": [
      [
        -0.062899989286833,
        -0.9978734255221583,
        0.017094384586462865,
        0.794822488658383
      ],
      [
        0.9980189113594844,
        -0.06286739881798505,
        0.002437772485292955,
        24.81083012736235
      ],
      [
        -0.001357908887197769,
        0.017213854958550684,
        0.9998509085263263,
        0.6959842257871713
      ],
      [
        0.0,
        0.0,
        0.0,
        1.0
      ]
    ],
    "location": [
      0.794822488658383,
      24.81083012736235,
      0.6959842257871713
    ],
    "rotation": [
      0.017214721070501864,
      0.0013579093045098926,
      1.6337379245498624
    ]
  },
  {
    "label_id": "AEZuZTCdAj38T5tnQh0N3A",
    "size": [
      1.976418252473236,
      4.583813116773403,
      1.6100000000000065
    ],
    "obj_class": "vehicle",
    "point_num_in_lidar": 123,
    "speed": 5.0242958677880804e-14,
    "if_vehicle": true,
    "motion_state": false,
    "pose": [
      [
        -0.9923417248224631,
        0.1223343091368441,
        0.017094384586462865,
        -49.140200029869106
      ],
      [
        -0.12231045836696099,
        -0.992488896179385,
        0.002437772485292955,
        7.589575708011353
      ],
      [
        0.01726421010190554,
        0.0003282813385089672,
        0.9998509085263263,
        1.2996785004646938
      ],
      [
        0.0,
        0.0,
        0.0,
        1.0
      ]
    ],
    "location": [
      -49.140200029869106,
      7.589575708011353,
      1.2996785004646938
    ],
    "rotation": [
      0.00032833027795763233,
      -0.01726506782507796,
      -3.018956796637722
    ]
  },
  {
    "label_id": "Bbx8pLm5ey4t1wPBh4cdAw",
    "size": [
      2.123877219783957,
      4.766762156548458,
      1.8100000000000023
    ],
    "obj_class": "vehicle",
    "point_num_in_lidar": 467,
    "speed": 5.0242958677880804e-14,
    "if_vehicle": true,
    "motion_state": false,
    "pose": [
      [
        -0.995296522689467,
        0.09535519879831128,
        0.017094384586462865,
        17.672141097680537
      ],
      [
        -0.09532736230481514,
        -0.9954429924718525,
        0.002437772485292955,
        12.903324747092256
      ],
      [
        0.01724893962717347,
        0.0007967438848685447,
        0.9998509085263263,
        0.77156020049717
      ],
      [
        0.0,
        0.0,
        0.0,
        1.0
      ]
    ],
    "location": [
      17.672141097680537,
      12.903324747092256,
      0.77156020049717
    ],
    "rotation": [
      0.0007968625216347692,
      -0.01724979507614523,
      -3.0461060702689555
    ]
  },
  {
    "label_id": "C-7CDilIzKn25wyKRr9jJA",
    "size": [
      2.150775257332097,
      5.0328621732727665,
      1.5100000000000051
    ],
    "obj_class": "vehicle",
    "point_num_in_lidar": 2222,
    "speed": 3.0165827866688018,
    "if_vehicle": true,
    "motion_state": true,
    "pose": [
      [
        0.13838966390445867,
        0.9902303181280712,
        0.017094384586462865,
        -2.67087756389094
      ],
      [
        -0.9903778564562381,
        0.13836819976590348,
        0.002437772485292955,
        -4.657223458350472
      ],
      [
        4.863700230062624e-05,
        -0.01726726247909488,
        0.9998509085263263,
        0.6696629228701951
      ],
      [
        0.0,
        0.0,
        0.0,
        1.0
      ]
    ],
    "location": [
      -2.67087756389094,
      -4.657223458350472,
      0.6696629228701951
    ],
    "rotation": [
      -0.017268120677760887,
      -4.8637002319801844e-05,
      -1.4319610789155344
    ]
  },
  {
    "label_id": "DfUOspd1ep_pDGx1yZG9Uw",
    "size": [
      2.0930877344470815,
      4.702836163548996,
      1.8500000000000014
    ],
    "obj_class": "vehicle",
    "point_num_in_lidar": 2693,
    "speed": 6.5594734958891125,
    "if_vehicle": true,
    "motion_state": true,
    "pose": [
      [
        -0.997404536821315,
        0.0699426332351605,
        0.017094384586462865,
        -4.248374807582309
      ],
      [
        -0.06991107059535048,
        -0.9975502490970176,
        0.002437772485292955,
        7.5326335807433225
      ],
      [
        0.017223011829235864,
        0.0012363586089610891,
        0.9998509085263263,
        0.9977993217144387
      ],
      [
        0.0,
        0.0,
        0.0,
        1.0
      ]
    ],
    "location": [
      -4.248374807582309,
      7.5326335807433225,
      0.9977993217144387
    ],
    "rotation": [
      0.0012365423367342696,
      -0.01722386342604826,
      -3.0716141116240885
    ]
  },
  {
    "label_id": "II9hCDJdG-EL7T23hW66TA",
    "size": [
      2.169638695984416,
      4.618757893724354,
      1.7700000000000031
    ],
    "obj_class": "vehicle",
    "point_num_in_lidar": 225,
    "speed": 2.1683198553528098e-13,
    "if_vehicle": true,
    "motion_state": false,
    "pose": [
      [
        0.9985982120154476,
        -0.05009384168898775,
        0.017094384586462865,
        -26.808308418339834
      ],
      [
        0.05005938757286464,
        0.998743267802662,
        0.002437772485292955,
        -0.6173348429895213
      ],
      [
        -0.017195018911911417,
        -0.0015786208217806507,
        0.9998509085263263,
        1.053671515824533
      ],
      [
        0.0,
        0.0,
        0.0,
        1.0
      ]
    ],
    "location": [
      -26.808308418339834,
      -0.6173348429895213,
      1.053671515824533
    ],
    "rotation": [
      -0.0015788549038651522,
      0.017195866362747832,
      0.050087730272512385
    ]
  },
  {
    "label_id": "KExt1_lZn78J8VsbsFyZVw",
    "size": [
      0.5970706012783912,
      0.6505881208428722,
      1.6700000000000017
    ],
    "obj_class": "pedestrian",
    "point_num_in_lidar": 58,
    "speed": 0.19618583065625056,
    "if_vehicle": false,
    "motion_state": false,
    "pose": [
      [
        -0.06959944664573807,
        -0.9974285433263965,
        0.017094384586462865,
        25.906303201816968
      ],
      [
        0.9975742447335433,
        -0.06956783387177452,
        0.002437772485292955,
        17.630214566587483
      ],
      [
        -0.0012422845519156499,
        0.017222585409050015,
        0.9998509085263263,
        0.9725044214993162
      ],
      [
        0.0,
        0.0,
        0.0,
        1.0
      ]
    ],
    "location": [
      25.906303201816968,
      17.630214566587483,
      0.9725044214993162
    ],
    "rotation": [
      0.017223450234149233,
      0.0012422848714461398,
      1.640452141033793
    ]
  },
  {
    "label_id": "Kj83jG1FL0sIqQoDH5vM9Q",
    "size": [
      0.6838268936493104,
      0.6195395043100689,
      1.6800000000000068
    ],
    "obj_class": "pedestrian",
    "point_num_in_lidar": 51,
    "speed": 0.10217684259418973,
    "if_vehicle": false,
    "motion_state": false,
    "pose": [
      [
        0.9827454372011126,
        0.18417162559961361,
        0.017094384586462865,
        -6.52640059074497
      ],
      [
        -0.1842389583020393,
        0.982878458157004,
        0.002437772485292955,
        -5.973802584071109
      ],
      [
        -0.016352733844027065,
        -0.005545161395880423,
        0.9998509085263263,
        0.8031373172821148
      ],
      [
        0.0,
        0.0,
        0.0,
        1.0
      ]
    ],
    "location": [
      -6.52640059074497,
      -5.973802584071109,
      0.8031373172821148
    ],
    "rotation": [
      -0.005545931395349203,
      0.01635346275102637,
      -0.18532257751879375
    ]
  },
  {
    "label_id": "NpOYq1LvezmGuK1h3sh1Ig",
    "size": [
      0.47512099846016825,
      0.05187169363348636,
      0.490000000000002
    ],
    "obj_class": "sign",
    "point_num_in_lidar": 37,
    "speed": 0.009576291787079924,
    "if_vehicle": false,
    "motion_state": false,
    "pose": [
      [
        0.9998538803323264,
        5.2406171229700824e-14,
        0.017094384586462865,
        -11.873703645084447
      ],
      [
        -4.167831047117754e-05,
        0.9999970277596971,
        0.002437772485292955,
        12.62294328420785
      ],
      [
        -0.017094333777843917,
        -0.0024381287438556484,
        0.9998509085263263,
        2.802879779215189
      ],
      [
        0.0,
        0.0,
        0.0,
        1.0
      ]
    ],
    "location": [
      -11.873703645084447,
      12.62294328420785,
      2.802879779215189
    ],
    "rotation": [
      -0.00243848746899313,
      0.017095166427684248,
      -4.16844013579112e-05
    ]
  },
  {
    "label_id": "OinBLW0UfALpTqwdQFfp6g",
    "size": [
      0.8118872121116989,
      0.10779766564128707,
      0.7800000000000011
    ],
    "obj_class": "sign",
    "point_num_in_lidar": 364,
    "speed": 0.007996506593177443,
    "if_vehicle": false,
    "motion_state": false,
    "pose": [
      [
        -0.9903628497976891,
        -0.1374380142326359,
        0.017094384586462865,
        -10.793519738035343
      ],
      [
        0.13749897368845276,
        -0.9904989093885628,
        0.002437772485292955,
        -0.9304973819544102
      ],
      [
        0.016596926680030506,
        0.004764739642167476,
        0.9998509085263263,
        2.5825243448095137
      ],
      [
        0.0,
        0.0,
        0.0,
        1.0
      ]
    ],
    "location": [
      -10.793519738035343,
      -0.9304973819544102,
      2.5825243448095137
    ],
    "rotation": [
      0.00476541405695464,
      -0.01659768873379852,
      3.0036375701580678
    ]
  },
  {
    "label_id": "P1ky-Rbaej9JvbPv9kZKYA",
    "size": [
      2.343437229459965,
      5.117642954333817,
      2.809999999999995
    ],
    "obj_class": "vehicle",
    "point_num_in_lidar": 4100,
    "speed": 0.0010762622410777412,
    "if_vehicle": true,
    "motion_state": false,
    "pose": [
      [
        -0.07066207095048098,
        -0.9973538257532275,
        0.017094384586462865,
        3.133417815642929
      ],
      [
        0.9974995607580409,
        -0.07063061342524,
        0.002437772485292955,
        -8.27768532481332
      ],
      [
        -0.001223934845054042,
        0.017223899168742635,
        0.9998509085263263,
        1.3483359094672167
      ],
      [
        0.0,
        0.0,
        0.0,
        1.0
      ]
    ],
    "location": [
      3.133417815642929,
      -8.27768532481332,
      1.3483359094672167
    ],
    "rotation": [
      0.01722476379996895,
      0.0012239351506333478,
      1.6415173874567253
    ]
  },
  {
    "label_id": "P5W3PzH21kZDfGzI8M2_Hw",
    "size": [
      3.1029766252317925,
      12.442215914863029,
      3.289999999999978
    ],
    "obj_class": "vehicle",
    "point_num_in_lidar": 3396,
    "speed": 1.1374233532693354e-13,
    "if_vehicle": true,
    "motion_state": false,
    "pose": [
      [
        -0.997953929693894,
        0.06160954653399539,
        0.017094384586462865,
        -25.83474257318619
      ],
      [
        -0.061576767958823296,
        -0.9980993732655358,
        0.002437772485292955,
        9.284364917255743
      ],
      [
        0.017212084599480572,
        0.0013801676783182454,
        0.9998509085263263,
        1.7264236508907373
      ],
      [
        0.0,
        0.0,
        0.0,
        1.0
      ]
    ],
    "location": [
      -25.83474257318619,
      9.284364917255743,
      1.7264236508907373
    ],
    "rotation": [
      0.0013803726035001877,
      -0.017212934576277057,
      -3.0799677650480644
    ]
  },
  {
    "label_id": "RB-oIFuuBhuOu_4wBXtzcQ",
    "size": [
      1.9645943556835415,
      4.318930102955118,
      1.564739240841142
    ],
    "obj_class": "vehicle",
    "point_num_in_lidar": 397,
    "speed": 0.006110915433624007,
    "if_vehicle": true,
    "motion_state": false,
    "pose": [
      [
        -0.9952965226894596,
        0.09535519879838908,
        0.017094384586462865,
        23.45304280595292
      ],
      [
        -0.09532736230489294,
        -0.9954429924718451,
        0.002437772485292955,
        13.323043081396236
      ],
      [
        0.017248939627173533,
        0.0007967438848671965,
        0.9998509085263263,
        0.6224851753835736
      ],
      [
        0.0,
        0.0,
        0.0,
        1.0
      ]
    ],
    "location": [
      23.45304280595292,
      13.323043081396236,
      0.6224851753835736
    ],
    "rotation": [
      0.0007968625216334208,
      -0.017249795076145293,
      -3.0461060702688774
    ]
  },
  {
    "label_id": "T3lsRLzCMMSY3Dl_tzxcqw",
    "size": [
      0.8193820258429351,
      0.09376311697755056,
      0.8000000000000043
    ],
    "obj_class": "sign",
    "point_num_in_lidar": 50,
    "speed": 0.0027129990210994436,
    "if_vehicle": false,
    "motion_state": false,
    "pose": [
      [
        0.393342517910595,
        -0.9192330746983397,
        0.017094384586462865,
        -7.716957246276365
      ],
      [
        0.9193482835308507,
        0.3934371497891226,
        0.002437772485292955,
        16.677310060985974
      ],
      [
        -0.008966447046167916,
        0.014756813560122569,
        0.9998509085263263,
        3.1848448899399315
      ],
      [
        0.0,
        0.0,
        0.0,
        1.0
      ]
    ],
    "location": [
      -7.716957246276365,
      16.677310060985974,
      3.1848448899399315
    ],
    "rotation": [
      0.014757942498709868,
      0.008966567196680035,
      1.1665147756448906
    ]
  },
  {
    "label_id": "VIgfW057J6zNoT8MSku42Q",
    "size": [
      2.0389078942829815,
      4.544739353990225,
      1.8300000000000054
    ],
    "obj_class": "vehicle",
    "point_num_in_lidar": 1158,
    "speed": 1.5461835040726783,
    "if_vehicle": true,
    "motion_state": true,
    "pose": [
      [
        -0.9976690451562913,
        0.06606253365217071,
        0.017094384586462865,
        11.901836765058192
      ],
      [
        -0.0660304044790453,
        -0.9978146335615868,
        0.002437772485292955,
        8.83360431821552
      ],
      [
        0.017218072518948285,
        0.0013033410191460007,
        0.9998509085263263,
        0.885901197701223
      ],
      [
        0.0,
        0.0,
        0.0,
        1.0
      ]
    ],
    "location": [
      11.901836765058192,
      8.83360431821552,
      0.885901197701223
    ],
    "rotation": [
      0.0013035346268309665,
      -0.017218923383228748,
      -3.075504361127001
    ]
  },
  {
    "label_id": "XQmjRhoi5kGFxGSc7VsbaA",
    "size": [
      2.5693426382234272,
      5.383624736107198,
      2.6299999999999883
    ],
    "obj_class": "vehicle",
    "point_num_in_lidar": 2963,
    "speed": 2.51214793389404e-13,
    "if_vehicle": true,
    "motion_state": false,
    "pose": [
      [
        0.9972786064377696,
        -0.07171585011104861,
        0.017094384586462865,
        15.585727148396586
      ],
      [
        0.07168454658910038,
        0.9974243745997112,
        0.002437772485292955,
        2.909213435855463
      ],
      [
        -0.017225182781479775,
        -0.0012057351386449992,
        0.9998509085263263,
        1.1737428434535317
      ],
      [
        0.0,
        0.0,
        0.0,
        1.0
      ]
    ],
    "location": [
      15.585727148396586,
      2.909213435855463,
      1.1737428434535317
    ],
    "rotation": [
      -0.0012059143457200374,
      0.01722603470039153,
      0.07175674737194972
    ]
  },
  {
    "label_id": "YytKtqwuhzFGLrx28JPtgQ",
    "size": [
      2.8673079452884185,
      7.235536587668475,
      3.3505405405405497
    ],
    "obj_class": "vehicle",
    "point_num_in_lidar": 1501,
    "speed": 0.008139765717336952,
    "if_vehicle": true,
    "motion_state": false,
    "pose": [
      [
        0.9990259906441412,
        -0.04067987257972238,
        0.017094384586462865,
        22.6759538629982
      ],
      [
        0.04064405284950638,
        0.9991707152600484,
        0.002437772485292955,
        3.485737814008189
      ],
      [
        -0.017179376748266518,
        -0.0017406130015228402,
        0.9998509085263263,
        1.5809332733412518
      ],
      [
        0.0,
        0.0,
        0.0,
        1.0
      ]
    ],
    "location": [
      22.6759538629982,
      3.485737814008189,
      1.5809332733412518
    ],
    "rotation": [
      -0.0017408707921290519,
      0.017180221888245025,
      0.04066125537521815
    ]
  },
  {
    "label_id": "ZAWh5ebxHQoiaBpI1opOtQ",
    "size": [
      2.3183299357428715,
      5.252203792437462,
      1.9400000000000048
    ],
    "obj_class": "vehicle",
    "point_num_in_lidar": 1701,
    "speed": 0.004523172125735684,
    "if_vehicle": true,
    "motion_state": false,
    "pose": [
      [
        0.9973268715807883,
        -0.07104148955707511,
        0.017094384586462865,
        -13.76843096762832
      ],
      [
        0.07101008747613743,
        0.9974726185424547,
        0.002437772485292955,
        0.5961262751884533
      ],
      [
        -0.017224363544387358,
        -0.0012173822615474822,
        0.9998509085263263,
        0.8586715158246392
      ],
      [
        0.0,
        0.0,
        0.0,
        1.0
      ]
    ],
    "location": [
      -13.76843096762832,
      0.5961262751884533,
      0.8586715158246392
    ],
    "rotation": [
      -0.0012175631882639017,
      0.017225215341741186,
      0.07108046316258289
    ]
  },
  {
    "label_id": "ZqVcS5TpbdlQOy2xeA1L0w",
    "size": [
      2.165928493667985,
      4.872672216116353,
      1.6000000000000014
    ],
    "obj_class": "vehicle",
    "point_num_in_lidar": 28,
    "speed": 0.003472295297711954,
    "if_vehicle": true,
    "motion_state": false,
    "pose": [
      [
        0.07426998195248984,
        0.997091646638556,
        0.017094384586462865,
        -6.01390063310032
      ],
      [
        -0.997237494501229,
        0.07423905189468288,
        0.002437772485292955,
        20.41100733126882
      ],
      [
        0.0011616116770688332,
        -0.01722821457353164,
        0.9998509085263263,
        0.7913566232724563
      ],
      [
        0.0,
        0.0,
        0.0,
        1.0
      ]
    ],
    "location": [
      -6.01390063310032,
      20.41100733126882,
      0.7913566232724563
    ],
    "rotation": [
      -0.017229078567510756,
      -0.0011616119383041686,
      -1.4964578453094133
    ]
  },
  {
    "label_id": "ZxcngDw5pn33WhQh4fGo7g",
    "size": [
      1.9931629351995601,
      4.351704980641885,
      1.5900000000000034
    ],
    "obj_class": "vehicle",
    "point_num_in_lidar": 43,
    "speed": 1.0805156823142816e-13,
    "if_vehicle": true,
    "motion_state": false,
    "pose": [
      [
        -0.996877557071662,
        0.07709032508976259,
        0.017094384586462865,
        -42.48788176240464
      ],
      [
        -0.07705980774001624,
        -0.9970234918478008,
        0.002437772485292955,
        8.402999257310512
      ],
      [
        0.017231431684770544,
        0.0011128706901686297,
        0.9998509085263263,
        1.206306582813454
      ],
      [
        0.0,
        0.0,
        0.0,
        1.0
      ]
    ],
    "location": [
      -42.48788176240464,
      8.402999257310512,
      1.206306582813454
    ],
    "rotation": [
      0.0011130361748123707,
      -0.01723228453127158,
      -3.0644448979908785
    ]
  },
  {
    "label_id": "ahh4Y1SZ-y9Qvly03o_oAA",
    "size": [
      2.0627046657678147,
      4.417872033252479,
      1.7451871050278172
    ],
    "obj_class": "vehicle",
    "point_num_in_lidar": 77,
    "speed": 0.001249710280670463,
    "if_vehicle": true,
    "motion_state": false,
    "pose": [
      [
        0.07576047766499373,
        0.9969795043227229,
        0.017094384586462865,
        -6.93471131915328
      ],
      [
        -0.9971253982605873,
        0.07572976567357956,
        0.002437772485292955,
        32.64011906967812
      ],
      [
        0.0011358554649720592,
        -0.017229931846720805,
        0.9998509085263263,
        0.6959842257872211
      ],
      [
        0.0,
        0.0,
        0.0,
        1.0
      ]
    ],
    "location": [
      -6.93471131915328,
      32.64011906967812,
      0.6959842257872211
    ],
    "rotation": [
      -0.017230795586935174,
      -0.0011358557092128612,
      -1.4949631391845317
    ]
  },
  {
    "label_id": "bA4NouE1x7OzqmpHmrXLCA",
    "size": [
      0.7640776443058684,
      0.060923233862056884,
      0.7700000000000031
    ],
    "obj_class": "sign",
    "point_num_in_lidar": 43,
    "speed": 0.002661473784444277,
    "if_vehicle": false,
    "motion_state": false,
    "pose": [
      [
        0.9998538803323264,
        1.561103657737989e-15,
        0.017094384586462865,
        8.588013795394318
      ],
      [
        -4.167831042032725e-05,
        0.9999970277596971,
        0.002437772485292955,
        13.721333068477861
      ],
      [
        -0.017094333777844042,
        -0.002438128743854779,
        0.9998509085263263,
        2.743595589259428
      ],
      [
        0.0,
        0.0,
        0.0,
        1.0
      ]
    ],
    "location": [
      8.588013795394318,
      13.721333068477861,
      2.743595589259428
    ],
    "rotation": [
      -0.00243848746899226,
      0.01709516642768437,
      -4.168440130705348e-05
    ]
  },
  {
    "label_id": "dflMqGo5HWaGLblIEG_AIw",
    "size": [
      1.860636650809064,
      4.05075350178842,
      1.5400000000000063
    ],
    "obj_class": "vehicle",
    "point_num_in_lidar": 24,
    "speed": 1.6758116906701666e-13,
    "if_vehicle": true,
    "motion_state": false,
    "pose": [
      [
        -0.12481033454920215,
        -0.9920333474260461,
        0.017094384586462865,
        -2.603579955937903
      ],
      [
        0.9921805778447228,
        -0.12478685112231185,
        0.002437772485292955,
        70.46901911606778
      ],
      [
        -0.00028519717442979797,
        0.017264975576340904,
        0.9998509085263263,
        0.5691588972868047
      ],
      [
        0.0,
        0.0,
        0.0,
        1.0
      ]
    ],
    "location": [
      -2.603579955937903,
      70.46901911606778,
      0.5691588972868047
    ],
    "rotation": [
      0.017265834115868916,
      0.0002851971782959989,
      1.695933000573919
    ]
  },
  {
    "label_id": "eZRjpTUJ2mfeBaXNVhY0Xg",
    "size": [
      2.107788855889298,
      4.800487478512236,
      1.8300000000000054
    ],
    "obj_class": "vehicle",
    "point_num_in_lidar": 25,
    "speed": 5.0242958677880804e-14,
    "if_vehicle": true,
    "motion_state": false,
    "pose": [
      [
        0.10303927218599972,
        0.9945303868675857,
        0.017094384586462865,
        -8.436392986691658
      ],
      [
        -0.994677067269571,
        0.10301256774450242,
        0.002437772485292955,
        54.806907441187604
      ],
      [
        0.0006635023626299742,
        -0.017254578629880682,
        0.9998509085263263,
        0.7416106964995066
      ],
      [
        0.0,
        0.0,
        0.0,
        1.0
      ]
    ],
    "location": [
      -8.436392986691658,
      54.806907441187604,
      0.7416106964995066
    ],
    "rotation": [
      -0.017255438716793598,
      -0.0006635024113128535,
      -1.467573825581702
    ]
  },
  {
    "label_id": "fEKN6OQe99brECij0ShExg",
    "size": [
      2.1977897881326567,
      4.78244681950412,
      1.8500000000000014
    ],
    "obj_class": "vehicle",
    "point_num_in_lidar": 50,
    "speed": 1.293207299340885e-13,
    "if_vehicle": true,
    "motion_state": false,
    "pose": [
      [
        0.03412031824787521,
        0.9992715276131278,
        0.017094384586462865,
        -7.503220989563033
      ],
      [
        -0.9994160139510615,
        0.034083549162046374,
        0.002437772485292955,
        39.352328711192285
      ],
      [
        0.001853359337904307,
        -0.017167579277363294,
        0.9998509085263263,
        0.7559842257872944
      ],
      [
        0.0,
        0.0,
        0.0,
        1.0
      ]
    ],
    "location": [
      -7.503220989563033,
      39.352328711192285,
      0.7559842257872944
    ],
    "rotation": [
      -0.017168452166483984,
      -0.0018533603989358922,
      -1.5366693259843025
    ]
  },
  {
    "label_id": "fh1oSL5OCYHPzBR4ONvPDg",
    "size": [
      2.544152576201317,
      5.529152590652675,
      2.3499999999999943
    ],
    "obj_class": "vehicle",
    "point_num_in_lidar": 838,
    "speed": 0.005885795241066355,
    "if_vehicle": true,
    "motion_state": false,
    "pose": [
      [
        -0.05879461298530153,
        -0.9981237275506072,
        0.017094384586462865,
        1.1946570024307448
      ],
      [
        0.9982690780931076,
        -0.05876142432282412,
        0.002437772485292955,
        18.345633044159058
      ],
      [
        -0.001428708173718223,
        0.017208123431516332,
        0.9998509085263263,
        1.233542028403015
      ],
      [
        0.0,
        0.0,
        0.0,
        1.0
      ]
    ],
    "location": [
      1.1946570024307448,
      18.345633044159058,
      1.233542028403015
    ],
    "rotation": [
      0.017208990386857085,
      0.001428708659766868,
      1.6296249262916707
    ]
  },
  {
    "label_id": "jiDWv0IHfVYmdLSYdNAeuw",
    "size": [
      2.3635772079234543,
      4.784302331303529,
      1.8000000000000043
    ],
    "obj_class": "vehicle",
    "point_num_in_lidar": 952,
    "speed": 7.944109290391274e-14,
    "if_vehicle": true,
    "motion_state": false,
    "pose": [
      [
        -0.9989470737306453,
        0.04257377010074243,
        0.017094384586462865,
        -16.126767325087826
      ],
      [
        -0.04253822480630836,
        -0.9990918659941327,
        0.002437772485292955,
        10.476572896518746
      ],
      [
        0.017182645759857305,
        0.0017080409161400298,
        0.9998509085263263,
        0.8986715158246028
      ],
      [
        0.0,
        0.0,
        0.0,
        1.0
      ]
    ],
    "location": [
      -16.126767325087826,
      10.476572896518746,
      0.8986715158246028
    ],
    "rotation": [
      0.001708293946694519,
      -0.01718349138242776,
      -3.099035302856995
    ]
  },
  {
    "label_id": "kJ7cJlYspN35OyNKpyaNSw",
    "size": [
      1.915240480714041,
      4.055110925326073,
      1.7800000000000011
    ],
    "obj_class": "vehicle",
    "point_num_in_lidar": 46,
    "speed": 6.404745667978754e-14,
    "if_vehicle": true,
    "motion_state": false,
    "pose": [
      [
        -0.9964791625455804,
        0.08207959934154584,
        0.017094384586462865,
        -55.1961381396942
      ],
      [
        -0.08204981290478455,
        -0.9966252482591437,
        0.002437772485292955,
        7.344871987419992
      ],
      [
        0.017236786671199524,
        0.001026598427579671,
        0.9998509085263263,
        1.5372407553715703
      ],
      [
        0.0,
        0.0,
        0.0,
        1.0
      ]
    ],
    "location": [
      -55.1961381396942,
      7.344871987419992,
      1.5372407553715703
    ],
    "rotation": [
      0.00102675114666838,
      -0.017237640313132123,
      -3.05943826567423
    ]
  },
  {
    "label_id": "lVgMLiYY04OUIeF1a-Z-Bg",
    "size": [
      2.2872766218934646,
      5.0947232382614915,
      1.9223137534269625
    ],
    "obj_class": "vehicle",
    "point_num_in_lidar": 124,
    "speed": 0.0,
    "if_vehicle": true,
    "motion_state": false,
    "pose": [
      [
        -0.9983937814457178,
        0.05401517551698294,
        0.017094384586462865,
        -36.01717333436841
      ],
      [
        -0.05398129133330826,
        -0.9985389714233984,
        0.002437772485292955,
        8.894851464634485
      ],
      [
        0.0172010859107462,
        0.0015110799353704925,
        0.9998509085263263,
        1.232063122341991
      ],
      [
        0.0,
        0.0,
        0.0,
        1.0
      ]
    ],
    "location": [
      -36.01717333436841,
      8.894851464634485,
      1.232063122341991
    ],
    "rotation": [
      0.0015113041074711444,
      -0.01720193425900895,
      -3.0875771117280792
    ]
  },
  {
    "label_id": "mZdp7gLn15GgHZm12rNG3Q",
    "size": [
      0.6889420735340608,
      0.7053705901522827,
      1.5200000000000031
    ],
    "obj_class": "pedestrian",
    "point_num_in_lidar": 66,
    "speed": 0.7861187263732295,
    "if_vehicle": false,
    "motion_state": false,
    "pose": [
      [
        0.7419847332158259,
        -0.6701988046022239,
        0.017094384586462865,
        26.169263220426842
      ],
      [
        0.6702638266678953,
        0.7421188987795823,
        0.002437772485292955,
        17.03276028779078
      ],
      [
        -0.014319858070156018,
        0.009648957660314313,
        0.9998509085263263,
        1.0425044214992951
      ],
      [
        0.0,
        0.0,
        0.0,
        1.0
      ]
    ],
    "location": [
      26.169263220426842,
      17.03276028779078,
      1.0425044214992951
    ],
    "rotation": [
      0.00965009688792,
      0.014320347516364197,
      0.7346568525502629
    ]
  },
  {
    "label_id": "oWHtxuSP48iB5d33eg9RSQ",
    "size": [
      2.11750592915699,
      4.616705315983924,
      1.6300000000000026
    ],
    "obj_class": "vehicle",
    "point_num_in_lidar": 326,
    "speed": 0.012948936547306118,
    "if_vehicle": true,
    "motion_state": false,
    "pose": [
      [
        0.9936266027596994,
        -0.11141793528794423,
        0.017094384586462865,
        -19.648444638433375
      ],
      [
        0.11139246807949348,
        0.9937735030279632,
        0.002437772485292955,
        0.09895252387286746
      ],
      [
        -0.017259558029609524,
        -0.0005180499034765581,
        0.9998509085263263,
        0.7636715158245622
      ],
      [
        0.0,
        0.0,
        0.0,
        1.0
      ]
    ],
    "location": [
      -19.648444638433375,
      0.09895252387286746,
      0.7636715158245622
    ],
    "rotation": [
      -0.0005181271054524435,
      0.01726041505953187,
      0.11164082794589103
    ]
  },
  {
    "label_id": "sDKPtRk_p23MDT4FUoeVww",
    "size": [
      0.6738707008761395,
      0.8508007541018325,
      1.7600000000000051
    ],
    "obj_class": "pedestrian",
    "point_num_in_lidar": 854,
    "speed": 1.185224943257033,
    "if_vehicle": false,
    "motion_state": true,
    "pose": [
      [
        -0.9984786558849026,
        0.052422855300796385,
        0.017094384586462865,
        4.956857536930897
      ],
      [
        -0.05238873960932814,
        -0.9986237916390016,
        0.002437772485292955,
        -1.8792669799740906
      ],
      [
        0.01719865414572163,
        0.0015385105315865925,
        0.9998509085263263,
        0.733261827567695
      ],
      [
        0.0,
        0.0,
        0.0,
        1.0
      ]
    ],
    "location": [
      4.956857536930897,
      -1.8792669799740906,
      0.733261827567695
    ],
    "rotation": [
      0.0015387387301588273,
      -0.017199502134203303,
      -3.0891721596457544
    ]
  },
  {
    "label_id": "snJRcyK-URU6oqMcpLfJiQ",
    "size": [
      0.8009377146965713,
      1.0206146851905107,
      1.750000000000007
    ],
    "obj_class": "pedestrian",
    "point_num_in_lidar": 49,
    "speed": 1.1873561873889438,
    "if_vehicle": false,
    "motion_state": true,
    "pose": [
      [
        -0.997918926214592,
        0.0621739392215574,
        0.017094384586462865,
        -20.536903697536445
      ],
      [
        -0.06214124290865256,
        -0.9980643883012148,
        0.002437772485292955,
        -3.523995635942356
      ],
      [
        0.017212862414010363,
        0.0013704329959177074,
        0.9998509085263263,
        1.0586144625928355
      ],
      [
        0.0,
        0.0,
        0.0,
        1.0
      ]
    ],
    "location": [
      -20.536903697536445,
      -3.523995635942356,
      1.0586144625928355
    ],
    "rotation": [
      0.0013706364879460425,
      -0.01721371250605372,
      -3.079402122039765
    ]
  },
  {
    "label_id": "srqToWjfWfk3P5JTITMrzg",
    "size": [
      2.018410668386197,
      4.448728832963095,
      1.480000000000004
    ],
    "obj_class": "vehicle",
    "point_num_in_lidar": 44,
    "speed": 5.0242958677880804e-14,
    "if_vehicle": true,
    "motion_state": false,
    "pose": [
      [
        -0.9972615173387508,
        0.07195309618649262,
        0.017094384586462865,
        29.10260643555216
      ],
      [
        -0.07192182734302173,
        -0.997407292943535,
        0.002437772485292955,
        13.815275641256903
      ],
      [
