[
  {
    "label_id": "-F5A7bbXR534ssEhSPvsKA",
    "size": [
      0.9144843212919471,
      1.0494597753535118,
      1.740000000000002
    ],
    "obj_class": "pedestrian",
    "point_num_in_lidar": 128,
    "speed": 1.0920839407063911,
    "if_vehicle": false,
    "motion_state": true,
    "pose": [
      [
        0.9958049466366785,
        -0.09125676528278118,
        0.006686631741407377,
        -8.340999281042173
      ],
      [
        0.09118807002815171,
        0.9957840296635129,
        0.00994495609024014,
        14.42340260141782
      ],
      [
        -0.007565985624009201,
        -0.009293495425257777,
        0.9999281908238802,
        0.8644932910000733
      ],
      [
        0.0,
        0.0,
        0.0,
        1.0
      ]
    ],
    "location": [
      -8.340999281042173,
      14.42340260141782,
      0.8644932910000733
    ],
    "rotation": [
      -0.009293895230842628,
      0.007566057810590178,
      0.09131754176721014
    ]
  },
  {
    "label_id": "-H4mHZRW8n7aRqwatB9ZGw",
    "size": [
      2.1193007481504766,
      4.685897212546479,
      1.7800000000000011
    ],
    "obj_class": "vehicle",
    "point_num_in_lidar": 25,
    "speed": 0.015930345532756497,
    "if_vehicle": true,
    "motion_state": false,
    "pose": [
      [
        -0.1928489481898113,
        -0.9812056726996834,
        0.006686631741407377,
        0.6210319765216354
      ],
      [
        0.9811919073626257,
        -0.19277847072340742,
        0.00994495609024014,
        31.090565601231447
      ],
      [
        -0.008469008689093782,
        0.00847874327397965,
        0.9999281908238802,
        0.8259842257872663
      ],
      [
        0.0,
        0.0,
        0.0,
        1.0
      ]
    ],
    "location": [
      0.6210319765216354,
      31.090565601231447,
      0.8259842257872663
    ],
    "rotation": [
      0.008479148957890892,
      0.008469109931044045,
      1.7648681485485287
    ]
  },
  {
    "label_id": "0Mszwh9T8XA40wt2KRP44w",
    "size": [
      0.7583054554567074,
      0.8208242572220442,
      1.6100000000000065
    ],
    "obj_class": "pedestrian",
    "point_num_in_lidar": 168,
    "speed": 1.0478764709282566,
    "if_vehicle": false,
    "motion_state": true,
    "pose": [
      [
        -0.9971134691414788,
        0.07563080465392254,
        0.006686631741407377,
        -12.499971857542391
      ],
      [
        -0.07556244583421183,
        -0.9970914775625729,
        0.00994495609024014,
        -2.2342125387151555
      ],
      [
        0.007419328554309471,
        0.009410991418825608,
        0.9999281908238802,
        0.9096450973838728
      ],
      [
        0.0,
        0.0,
        0.0,
        1.0
      ]
    ],
    "location": [
      -12.499971857542391,
      -2.2342125387151555,
      0.9096450973838728
    ],
    "rotation": [
      0.009411389384133348,
      -0.007419396623928277,
      -3.0659560303300237
    ]
  },
  {
    "label_id": "5FDGRfKUQ9sdZ1qWgyeWLQ",
    "size": [
      2.0457186592078567,
      4.713389250527029,
      1.3400000000000034
    ],
    "obj_class": "vehicle",
    "point_num_in_lidar": 86,
    "speed": 2.706196990646492,
    "if_vehicle": true,
    "motion_state": true,
    "pose": [
      [
        0.04122229114190804,
        0.9991276253156883,
        0.006686631741407377,
        -3.5737432329740386
      ],
      [
        -0.9991032909459183,
        0.04115473082646388,
        0.00994495609024014,
        26.22424189138178
      ],
      [
        0.009661093832857116,
        -0.007090589653528918,
        0.9999281908238802,
        0.7964816745550749
      ],
      [
        0.0,
        0.0,
        0.0,
        1.0
      ]
    ],
    "location": [
      -3.5737432329740386,
      26.22424189138178,
      0.7964816745550749
    ],
    "rotation": [
      -0.007090980007559096,
      -0.009661244128327456,
      -1.5295604264842848
    ]
  },
  {
    "label_id": "5tqAjOce6YWfi1CdeCMP-Q",
    "size": [
      2.2636790255731065,
      4.979165260291454,
      1.8500000000000014
    ],
    "obj_class": "vehicle",
    "point_num_in_lidar": 324,
    "speed": 1.7852165294699933e-13,
    "if_vehicle": true,
    "motion_state": false,
    "pose": [
      [
        -0.9955401883652083,
        0.09410112807889333,
        0.006686631741407377,
        10.627576893746095
      ],
      [
        -0.09403237335065014,
        -0.9955194677204495,
        0.00994495609024014,
        11.98249676820592
      ],
      [
        0.007592503658835193,
        0.00927184360699507,
        0.9999281908238802,
        0.8802654804896264
      ],
      [
        0.0,
        0.0,
        0.0,
        1.0
      ]
    ],
    "location": [
      10.627576893746095,
      11.98249676820592,
      0.8802654804896264
    ],
    "rotation": [
      0.009272243723603918,
      -0.007592576607113347,
      -3.0474184297208797
    ]
  },
  {
    "label_id": "7-Cir_6eWG09wehRQVtTtw",
    "size": [
      0.44704159389991266,
      0.09818506062016025,
      0.16146885882913153
    ],
    "obj_class": "sign",
    "point_num_in_lidar": 36,
    "speed": 0.003712477448196197,
    "if_vehicle": false,
    "motion_state": false,
    "pose": [
      [
        -0.9904854388751657,
        -0.13745502658042438,
        0.006686631741407377,
        -10.77531916418809
      ],
      [
        0.13751717014177264,
        -0.9904494564411461,
        0.00994495609024014,
        -0.9160437556247416
      ],
      [
        0.00525578656997394,
        0.010769860872494253,
        0.9999281908238802,
        2.1296179088955185
      ],
      [
        0.0,
        0.0,
        0.0,
        1.0
      ]
    ],
    "location": [
      -10.77531916418809,
      -0.9160437556247416,
      2.1296179088955185
    ],
    "rotation": [
      0.010770217843766677,
      -0.005255810767296322,
      3.0036364047624264
    ]
  },
  {
    "label_id": "Bbx8pLm5ey4t1wPBh4cdAw",
    "size": [
      2.123877219783958,
      4.766762156548458,
      1.8100000000000023
    ],
    "obj_class": "vehicle",
    "point_num_in_lidar": 468,
    "speed": 0.0303014357442361,
    "if_vehicle": true,
    "motion_state": false,
    "pose": [
      [
        -0.9954197224664626,
        0.09536700205388247,
        0.006686631741407377,
        17.62785183941355
      ],
      [
        -0.09529822103241607,
        -0.9953990892684299,
        0.00994495609024014,
        12.882903613329063
      ],
      [
        0.0076042877935539824,
        0.00926218132163299,
        0.9999281908238802,
        0.77156020049717
      ],
      [
        0.0,
        0.0,
        0.0,
        1.0
      ]
    ],
    "location": [
      17.62785183941355,
      12.882903613329063,
      0.77156020049717
    ],
    "rotation": [
      0.009262581574231942,
      -0.007604361082029084,
      -3.046146826027425
    ]
  },
  {
    "label_id": "C-7CDilIzKn25wyKRr9jJA",
    "size": [
      2.150775257331969,
      5.0328621732727665,
      1.5100000000000051
    ],
    "obj_class": "vehicle",
    "point_num_in_lidar": 208,
    "speed": 0.3694120759902899,
    "if_vehicle": true,
    "motion_state": false,
    "pose": [
      [
        0.031893971581628155,
        0.9994688907278231,
        0.006686631741407377,
        -3.1956832568068876
      ],
      [
        -0.9994439267652373,
        0.031826641362951553,
        0.00994495609024014,
        17.396836944046527
      ],
      [
        0.009726861201489322,
        -0.007000097631387926,
        0.9999281908238802,
        0.8721623859172141
      ],
      [
        0.0,
        0.0,
        0.0,
        1.0
      ]
    ],
    "location": [
      -3.1956832568068876,
      17.396836944046527,
      0.8721623859172141
    ],
    "rotation": [
      -0.007000485979340864,
      -0.009727014587374377,
      -1.5388954358615285
    ]
  },
  {
    "label_id": "DfUOspd1ep_pDGx1yZG9Uw",
    "size": [
      2.093087734447343,
      4.702836163548996,
      1.8500000000000014
    ],
    "obj_class": "vehicle",
    "point_num_in_lidar": 1255,
    "speed": 0.3728975717516448,
    "if_vehicle": true,
    "motion_state": false,
    "pose": [
      [
        -0.9964316979406043,
        0.08413774595958118,
        0.006686631741407377,
        10.213806978536923
      ],
      [
        -0.08406920194596915,
        -0.9964102905593312,
        0.00994495609024014,
        8.610076731229583
      ],
      [
        0.007499374865418787,
        0.009347329688736033,
        0.9999281908238802,
        0.8740489972497798
      ],
      [
        0.0,
        0.0,
        0.0,
        1.0
      ]
    ],
    "location": [
      10.213806978536923,
      8.610076731229583,
      0.8740489972497798
    ],
    "rotation": [
      0.009347728683191043,
      -0.007499445162117444,
      -3.0574217344625354
    ]
  },
  {
    "label_id": "GS-f_3-9m5tpTzs1EqI4-Q",
    "size": [
      0.4850466627916119,
      0.07902573047840633,
      0.20153950352409566
    ],
    "obj_class": "sign",
    "point_num_in_lidar": 84,
    "speed": 0.0013442902507301965,
    "if_vehicle": false,
    "motion_state": false,
    "pose": [
      [
        0.14102592244823833,
        0.989983322159307,
        0.006686631741407377,
        5.19691269254065
      ],
      [
        -0.989965872658631,
        0.14095626562731475,
        0.00994495609024014,
        -7.643826089025197
      ],
      [
        0.008902818029050515,
        -0.008022033833362597,
        0.9999281908238802,
        2.2525661577042158
      ],
      [
        0.0,
        0.0,
        0.0,
        1.0
      ]
    ],
    "location": [
      5.19691269254065,
      -7.643826089025197,
      2.2525661577042158
    ],
    "rotation": [
      -0.008022437819222723,
      -0.008902935639722108,
      -1.4292930636265098
    ]
  },
  {
    "label_id": "KExt1_lZn78J8VsbsFyZVw",
    "size": [
      0.5970706012783856,
      0.6505881208428722,
      1.6700000000000017
    ],
    "obj_class": "pedestrian",
    "point_num_in_lidar": 40,
    "speed": 0.004401568705242127,
    "if_vehicle": false,
    "motion_state": false,
    "pose": [
      [
        -0.06960806180324035,
        -0.9975520070091338,
        0.006686631741407377,
        25.87702092306006
      ],
      [
        0.9975296030263174,
        -0.06953983703259961,
        0.00994495609024014,
        17.624013510531995
      ],
      [
        -0.009455623625842284,
        0.007362362224749223,
        0.9999281908238802,
        0.9725044214993233
      ],
      [
        0.0,
        0.0,
        0.0,
        1.0
      ]
    ],
    "location": [
      25.87702092306006,
      17.624013510531995,
      0.9725044214993233
    ],
    "rotation": [
      0.007362757899461386,
      0.009455764534200542,
      1.6404638428633163
    ]
  },
  {
    "label_id": "NpOYq1LvezmGuK1h3sh1Ig",
    "size": [
      0.47512099846017153,
      0.05187169363348636,
      0.490000000000002
    ],
    "obj_class": "sign",
    "point_num_in_lidar": 23,
    "speed": 0.005427381036607328,
    "if_vehicle": false,
    "motion_state": false,
    "pose": [
      [
        0.9999776442280871,
        -2.6845791489091973e-14,
        0.006686631741407377,
        -11.881167607928205
      ],
      [
        -6.64997456861928e-05,
        0.9999505454901991,
        0.00994495609024014,
        12.663895454755902
      ],
      [
        -0.006686301057312655,
        -0.009945178422380406,
        0.9999281908238802,
        2.8558302606277053
      ],
      [
        0.0,
        0.0,
        0.0,
        1.0
      ]
    ],
    "location": [
      -11.881167607928205,
      12.663895454755902,
      2.8558302606277053
    ],
    "rotation": [
      -0.009945564696379744,
      0.0066863508786370995,
      -6.650123227454365e-05
    ]
  },
  {
    "label_id": "OinBLW0UfALpTqwdQFfp6g",
    "size": [
      0.8118872121116997,
      0.10779766564128707,
      0.7800000000000011
    ],
    "obj_class": "sign",
    "point_num_in_lidar": 225,
    "speed": 0.0041838469015055705,
    "if_vehicle": false,
    "motion_state": false,
    "pose": [
      [
        -0.9904854388748734,
        -0.13745502658253045,
        0.006686631741407377,
        -10.78191350799375
      ],
      [
        0.13751717014387863,
        -0.9904494564408537,
        0.00994495609024014,
        -0.9075451795431491
      ],
      [
        0.00525578656995104,
        0.010769860872505428,
        0.9999281908238802,
        2.6051887997741616
      ],
      [
        0.0,
        0.0,
        0.0,
        1.0
      ]
    ],
    "location": [
      -10.78191350799375,
      -0.9075451795431491,
      2.6051887997741616
    ],
    "rotation": [
      0.010770217843777852,
      -0.005255810767273421,
      3.0036364047603
    ]
  },
  {
    "label_id": "P1ky-Rbaej9JvbPv9kZKYA",
    "size": [
      2.3434372294599024,
      5.117642954333817,
      2.809999999999995
    ],
    "obj_class": "vehicle",
    "point_num_in_lidar": 6868,
    "speed": 0.04912825319877833,
    "if_vehicle": true,
    "motion_state": false,
    "pose": [
      [
        -0.06518314593003209,
        -0.9978509139358539,
        0.006686631741407377,
        3.150638151765179
      ],
      [
        0.9978282075904971,
        -0.06511502119402851,
        0.00994495609024014,
        -8.388443519873135
      ],
      [
        -0.009488183356139657,
        0.007320353289444133,
        0.9999281908238802,
        1.3677213957839314
      ],
      [
        0.0,
        0.0,
        0.0,
        1.0
      ]
    ],
    "location": [
      3.150638151765179,
      -8.388443519873135,
      1.3677213957839314
    ],
    "rotation": [
      0.007320748211778547,
      0.00948832572517758,
      1.6360286605523915
    ]
  },
  {
    "label_id": "P5W3PzH21kZDfGzI8M2_Hw",
    "size": [
      3.1029766252317965,
      12.442215914863029,
      3.289999999999978
    ],
    "obj_class": "vehicle",
    "point_num_in_lidar": 2207,
    "speed": 1.1374233532693354e-13,
    "if_vehicle": true,
    "motion_state": false,
    "pose": [
      [
        -0.9980774584099975,
        0.061617172685821245,
        0.006686631741407377,
        -25.83474257318619
      ],
      [
        -0.061549129519865554,
        -0.9980545087838187,
        0.00994495609024014,
        9.284364917255289
      ],
      [
        0.0072864030348538675,
        0.00951428013544238,
        0.9999281908238802,
        1.7264236508907516
      ],
      [
        0.0,
        0.0,
        0.0,
        1.0
      ]
    ],
    "location": [
      -25.83474257318619,
      9.284364917255289,
      1.7264236508907516
    ],
    "rotation": [
      0.009514676268480154,
      -0.0072864675109442075,
      -3.08000295958375
    ]
  },
  {
    "label_id": "RB-oIFuuBhuOu_4wBXtzcQ",
    "size": [
      1.964594355683543,
      4.318930102955118,
      1.564739240841142
    ],
    "obj_class": "vehicle",
    "point_num_in_lidar": 74,
    "speed": 1.2589408142583802e-28,
    "if_vehicle": true,
    "motion_state": false,
    "pose": [
      [
        -0.9954197224664554,
        0.09536700205395852,
        0.006686631741407377,
        23.452750645354627
      ],
      [
        -0.09529822103249211,
        -0.9953990892684228,
        0.00994495609024014,
        13.326092589249356
      ],
      [
        0.007604287793554689,
        0.009262181321632408,
        0.9999281908238802,
        0.6215602004971004
      ],
      [
        0.0,
        0.0,
        0.0,
        1.0
      ]
    ],
    "location": [
      23.452750645354627,
      13.326092589249356,
      0.6215602004971004
    ],
    "rotation": [
      0.00926258157423136,
      -0.0076043610820297905,
      -3.0461468260273485
    ]
  },
  {
    "label_id": "T3lsRLzCMMSY3Dl_tzxcqw",
    "size": [
      0.819382025842933,
      0.09376311697755056,
      0.8000000000000043
    ],
    "obj_class": "sign",
    "point_num_in_lidar": 29,
    "speed": 0.0027129990439449417,
    "if_vehicle": false,
    "motion_state": false,
    "pose": [
      [
        0.3933912066273705,
        -0.9193468591909237,
        0.006686631741407377,
        -7.708991437722489
      ],
      [
        0.9192957844943377,
        0.3934416836829865,
        0.00994495609024014,
        16.693950731891846
      ],
      [
        -0.011773663796861341,
        0.002234734096146049,
        0.9999281908238802,
        3.2312096175995464
      ],
      [
        0.0,
        0.0,
        0.0,
        1.0
      ]
    ],
    "location": [
      -7.708991437722489,
      16.693950731891846,
      3.2312096175995464
    ],
    "rotation": [
      0.0022348908611797905,
      0.011773935823059675,
      1.1664493564894798
    ]
  },
  {
    "label_id": "XQmjRhoi5kGFxGSc7VsbaA",
    "size": [
      2.5693426382234272,
      5.383624736107198,
      2.6299999999999883
    ],
    "obj_class": "vehicle",
    "point_num_in_lidar": 1755,
    "speed": 2.51214793389404e-13,
    "if_vehicle": true,
    "motion_state": false,
    "pose": [
      [
        0.9974020515610216,
        -0.07172472724116899,
        0.006686631741407377,
        15.5857271483967
      ],
      [
        0.07165645508250612,
        0.9973797924027595,
        0.00994495609024014,
        2.9092134358552357
      ],
      [
        -0.00738241064111647,
        -0.009439979280058375,
        0.9999281908238802,
        1.173742843453546
      ],
      [
        0.0,
        0.0,
        0.0,
        1.0
      ]
    ],
    "location": [
      15.5857271483967,
      2.9092134358552357,
      1.173742843453546
    ],
    "rotation": [
      -0.009440376751506947,
      0.007382477699641599,
      0.07171987673082098
    ]
  },
  {
    "label_id": "YytKtqwuhzFGLrx28JPtgQ",
    "size": [
      2.8673079452882773,
      7.235536587668475,
      3.3505405405405497
    ],
    "obj_class": "vehicle",
    "point_num_in_lidar": 42,
    "speed": 0.043446791728933475,
    "if_vehicle": true,
    "motion_state": false,
    "pose": [
      [
        0.9990899653910674,
        -0.042125170751350804,
        0.006686631741407377,
        22.803221013729626
      ],
      [
        0.042057588472893176,
        0.9990656920844635,
        0.00994495609024014,
        3.4699230886722034
      ],
      [
        -0.007099317341859155,
        -0.009654682229963811,
        0.9999281908238802,
        1.5809332733412518
      ],
      [
        0.0,
        0.0,
        0.0,
        1.0
      ]
    ],
    "location": [
      22.803221013729626,
      3.4699230886722034,
      1.5809332733412518
    ],
    "rotation": [
      -0.009655075546403559,
      0.007099376977840306,
      0.04207105805164123
    ]
  },
  {
    "label_id": "ZAWh5ebxHQoiaBpI1opOtQ",
    "size": [
      2.3183299357428697,
      5.252203792437462,
      1.9400000000000048
    ],
    "obj_class": "vehicle",
    "point_num_in_lidar": 1349,
    "speed": 1.293207299340885e-13,
    "if_vehicle": true,
    "motion_state": false,
    "pose": [
      [
        0.9974503226783953,
        -0.0710502832135097,
        0.006686631741407377,
        -13.749782766254725
      ],
      [
        0.07098202612174856,
        0.9974280173606588,
        0.00994495609024014,
        0.5879687314711646
      ],
      [
        -0.007376025787410289,
        -0.009444968992297409,
        0.9999281908238802,
        0.8586715158246463
      ],
      [
        0.0,
        0.0,
        0.0,
        1.0
      ]
    ],
    "location": [
      -13.749782766254725,
      0.5879687314711646,
      0.8586715158246463
    ],
    "rotation": [
      -0.00944536637713832,
      0.007376092672091531,
      0.0710437040935109
    ]
  },
  {
    "label_id": "ZqVcS5TpbdlQOy2xeA1L0w",
    "size": [
      2.165928493668211,
      4.872672216116353,
      1.6000000000000014
    ],
    "obj_class": "vehicle",
    "point_num_in_lidar": 335,
    "speed": 0.003472295327118513,
    "if_vehicle": true,
    "motion_state": false,
    "pose": [
      [
        0.07372190029149911,
        0.9972564215753965,
        0.006686631741407377,
        -6.0162538549951705
      ],
      [
        -0.9972342991780808,
        0.07365358369533082,
        0.00994495609024014,
        20.434502176585056
      ],
      [
        0.009425176932671725,
        -0.007401299579792317,
        0.9999281908238802,
        0.7910955667050814
      ],
      [
        0.0,
        0.0,
        0.0,
        1.0
      ]
    ],
    "location": [
      -6.0162538549951705,
      20.434502176585056,
      0.7910955667050814
    ],
    "rotation": [
      -0.007401695928666188,
      -0.009425316484215848,
      -1.4970042002389579
    ]
  },
  {
    "label_id": "ZxcngDw5pn33WhQh4fGo7g",
    "size": [
      1.9931629351995586,
      4.351704980641885,
      1.5900000000000034
    ],
    "obj_class": "vehicle",
    "point_num_in_lidar": 41,
    "speed": 1.0805156823142816e-13,
    "if_vehicle": true,
    "motion_state": false,
    "pose": [
      [
        -0.9970009525522284,
        0.07709986748305071,
        0.006686631741407377,
        -42.48788176240453
      ],
      [
        -0.07703147633519332,
        -0.9969790617169367,
        0.00994495609024014,
        8.40299925731074
      ],
      [
        0.007433186636277287,
        0.009400049580309131,
        0.9999281908238802,
        1.2063065828134611
      ],
      [
        0.0,
        0.0,
        0.0,
        1.0
      ]
    ],
    "location": [
      -42.48788176240453,
      8.40299925731074,
      1.2063065828134611
    ],
    "rotation": [
      0.009400447727915835,
      -0.007433255088043785,
      -3.0644826564135768
    ]
  },
  {
    "label_id": "aeKfK2PPlosRBnHhIkTJ8g",
    "size": [
      2.15957321947437,
      4.812597625051318,
      1.490000000000002
    ],
    "obj_class": "vehicle",
    "point_num_in_lidar": 102,
    "speed": 8.910259931024395,
    "if_vehicle": true,
    "motion_state": true,
    "pose": [
      [
        -0.9976360175930109,
        0.06839345990014237,
        0.006686631741407377,
        -19.72681941272174
      ],
      [
        -0.06832526245760871,
        -0.9976135305610394,
        0.00994495609024014,
        6.393102868459209
      ],
      [
        0.007350844254673441,
        0.0094645805203155,
        0.9999281908238802,
        0.8122000661084883
      ],
      [
        0.0,
        0.0,
        0.0,
        1.0
      ]
    ],
    "location": [
      -19.72681941272174,
      6.393102868459209,
      0.8122000661084883
    ],
    "rotation": [
      0.009464977560194892,
      -0.007350910456652694,
      -3.0732122678260794
    ]
  },
  {
    "label_id": "ahh4Y1SZ-y9Qvly03o_oAA",
    "size": [
      2.062704665767814,
      4.417872033252479,
      1.7451871050278172
    ],
    "obj_class": "vehicle",
    "point_num_in_lidar": 61,
    "speed": 8.881784197001252e-14,
    "if_vehicle": true,
    "motion_state": false,
    "pose": [
      [
        0.0757698554471282,
        0.9971029124225222,
        0.006686631741407377,
        -6.936045900371369
      ],
      [
        -0.9970809303767455,
        0.07570149356126708,
        0.00994495609024014,
        32.63286732327879
      ],
      [
        0.00940995667177383,
        -0.007420640883194679,
        0.9999281908238802,
        0.6959842257872282
      ],
      [
        0.0,
        0.0,
        0.0,
        1.0
      ]
    ],
    "location": [
      -6.936045900371369,
      32.63286732327879,
      0.6959842257872282
    ],
    "rotation": [
      -0.007421037558607892,
      -0.00941009554832614,
      -1.4949504188802731
    ]
  },
  {
    "label_id": "bA4NouE1x7OzqmpHmrXLCA",
    "size": [
      0.7640776443058744,
      0.060923233862056884,
      0.7700000000000031
    ],
    "obj_class": "sign",
    "point_num_in_lidar": 23,
    "speed": 0.002661473806753921,
    "if_vehicle": false,
    "motion_state": false,
    "pose": [
      [
        0.9999776442280871,
        -3.772516125275632e-14,
        0.006686631741407377,
        8.57065563534593
      ],
      [
        -6.64997456753118e-05,
        0.9999505454901991,
        0.00994495609024014,
        13.726456995595072
      ],
      [
        -0.006686301057312763,
        -0.009945178422380333,
        0.9999281908238802,
        2.782058536119436
      ],
      [
        0.0,
        0.0,
        0.0,
        1.0
      ]
    ],
    "location": [
      8.57065563534593,
      13.726456995595072,
      2.782058536119436
    ],
    "rotation": [
      -0.009945564696379671,
      0.006686350878637207,
      -6.650123226366241e-05
    ]
  },
  {
    "label_id": "fEKN6OQe99brECij0ShExg",
    "size": [
      2.197789788132657,
      4.78244681950412,
      1.8500000000000014
    ],
    "obj_class": "vehicle",
    "point_num_in_lidar": 24,
    "speed": 1.293207299340885e-13,
    "if_vehicle": true,
    "motion_state": false,
    "pose": [
      [
        0.03412454172852216,
        0.999395219424114,
        0.006686631741407377,
        -7.503220989563033
      ],
      [
        -0.9993704057936361,
        0.03405715596209096,
        0.00994495609024014,
        39.352328711192285
      ],
      [
        0.009711213913890546,
        -0.007021788945892619,
        0.9999281908238802,
        0.7559842257873015
      ],
      [
        0.0,
        0.0,
        0.0,
        1.0
      ]
    ],
    "location": [
      -7.503220989563033,
      39.352328711192285,
      0.7559842257873015
    ],
    "rotation": [
      -0.007022177785214444,
      -0.009711366560704107,
      -1.5366635485229052
    ]
  },
  {
    "label_id": "fh1oSL5OCYHPzBR4ONvPDg",
    "size": [
      2.5441525762011485,
      5.529152590652675,
      2.3499999999999943
    ],
    "obj_class": "vehicle",
    "point_num_in_lidar": 716,
    "speed": 0.012855557767510113,
    "if_vehicle": true,
    "motion_state": false,
    "pose": [
      [
        -0.06481800092570646,
        -0.9978746994046647,
        0.006686631741407377,
        1.2037873948452216
      ],
      [
        0.9978519681321446,
        -0.06474988450312985,
        0.00994495609024014,
        18.39245719299788
      ],
      [
        -0.00949086143616988,
        0.007316880816401516,
        0.9999281908238802,
        1.2600114331938954
      ],
      [
        0.0,
        0.0,
        0.0,
        1.0
      ]
    ],
    "location": [
      1.2037873948452216,
      18.39245719299788,
      1.2600114331938954
    ],
    "rotation": [
      0.007317275675385849,
      0.009491003925797888,
      1.6356627268194828
    ]
  },
  {
    "label_id": "jiDWv0IHfVYmdLSYdNAeuw",
    "size": [
      2.363577207923457,
      4.784302331303529,
      1.8000000000000043
    ],
    "obj_class": "vehicle",
    "point_num_in_lidar": 937,
    "speed": 7.944109290391274e-14,
    "if_vehicle": true,
    "motion_state": false,
    "pose": [
      [
        -0.9990707253800868,
        0.04257903996642011,
        0.006686631741407377,
        -16.126767325087826
      ],
      [
        -0.04251144666788906,
        -0.9990464827777367,
        0.00994495609024014,
        10.476572896518746
      ],
      [
        0.007103702605713641,
        0.009651456106286677,
        0.9999281908238802,
        0.8986715158246028
      ],
      [
        0.0,
        0.0,
        0.0,
        1.0
      ]
    ],
    "location": [
      -16.126767325087826,
      10.476572896518746,
      0.8986715158246028
    ],
    "rotation": [
      0.009651849491697088,
      -0.007103762352276572,
      -3.0990673182558717
    ]
  },
  {
    "label_id": "lVgMLiYY04OUIeF1a-Z-Bg",
    "size": [
      2.2872766218934646,
      5.0947232382614915,
      1.9223137534269625
    ],
    "obj_class": "vehicle",
    "point_num_in_lidar": 185,
    "speed": 0.0,
    "if_vehicle": true,
    "motion_state": false,
    "pose": [
      [
        -0.9985173646075433,
        0.05402186162250663,
        0.006686631741407377,
        -36.01717333436841
      ],
      [
        -0.05395399503019179,
        -0.9984938979626491,
        0.00994495609024014,
        8.894851464634485
      ],
      [
        0.007213806033467486,
        0.009569440850619707,
        0.9999281908238802,
        1.232063122341991
      ],
      [
        0.0,
        0.0,
        0.0,
        1.0
      ]
    ],
    "location": [
      -36.01717333436841,
      8.894851464634485,
      1.232063122341991
    ],
    "rotation": [
      0.00956983592212553,
      -0.007213868601471695,
      -3.0876110412686097
    ]
  },
  {
    "label_id": "mZdp7gLn15GgHZm12rNG3Q",
    "size": [
      0.6889420735337781,
      0.7053705901522827,
      1.5200000000000031
    ],
    "obj_class": "pedestrian",
    "point_num_in_lidar": 62,
    "speed": 0.011958850455177675,
    "if_vehicle": false,
    "motion_state": false,
    "pose": [
      [
        -0.1342812772785106,
        -0.9909206968917373,
        0.006686631741407377,
        25.19222371962826
      ],
      [
        0.9909027734616055,
        -0.13421174089646978,
        0.00994495609024014,
        17.57550123545093
      ],
      [
        -0.008957238332750611,
        0.007961223343953125,
        0.9999281908238802,
        1.0425044214993022
      ],
      [
        0.0,
        0.0,
        0.0,
        1.0
      ]
    ],
    "location": [
      25.19222371962826,
      17.57550123545093,
      1.0425044214993022
    ],
    "rotation": [
      0.007961626847086388,
      0.008957358113443243,
      1.7054898984500388
    ]
  },
  {
    "label_id": "oWHtxuSP48iB5d33eg9RSQ",
    "size": [
      2.1175059291569913,
      4.616705315983924,
      1.6300000000000026
    ],
    "obj_class": "vehicle",
    "point_num_in_lidar": 208,
    "speed": 0.056809281563911,
    "if_vehicle": true,
    "motion_state": false,
    "pose": [
      [
        0.9937495958306949,
        -0.11143172682088906,
        0.006686631741407377,
        -19.578436495046617
      ],
      [
        0.11136262152140404,
        0.9937300762159932,
        0.00994495609024014,
        0.10071462671999143
      ],
      [
        -0.007752890700310409,
        -0.009138155255358792,
        0.9999281908238802,
        0.7636715158245551
      ],
      [
        0.0,
        0.0,
        0.0,
        1.0
      ]
    ],
    "location": [
      -19.578436495046617,
      0.10071462671999143,
      0.7636715158245551
    ],
    "rotation": [
      -0.009138557100590802,
      0.007752968369984153,
      0.11159746334746186
    ]
  },
  {
    "label_id": "oXbsfv6FeuaSzHiaWJ7pEA",
    "size": [
      2.3995864639936957,
      4.936133779409374,
      1.980000000000004
    ],
    "obj_class": "vehicle",
    "point_num_in_lidar": 9695,
    "speed": 0.8470643107963786,
    "if_vehicle": true,
    "motion_state": false,
    "pose": [
      [
        0.08043177250332058,
        0.9967376881245781,
        0.006686631741407377,
        -3.432388082463717
      ],
      [
        -0.9967160259993697,
        0.0803633085704327,
        0.00994495609024014,
        -12.216218678822543
      ],
      [
        0.009375152691954831,
        -0.007464563462422514,
        0.9999281908238802,
        0.8917027490179521
      ],
      [
        0.0,
        0.0,
        0.0,
        1.0
      ]
    ],
    "location": [
      -3.432388082463717,
      -12.216218678822543,
      0.8917027490179521
    ],
    "rotation": [
      -0.007464960858736128,
      -0.009375290033198798,
      -1.4902740319371441
    ]
  },
  {
    "label_id": "sDKPtRk_p23MDT4FUoeVww",
    "size": [
      0.6738707008764357,
      0.8508007541018325,
      1.7600000000000051
    ],
    "obj_class": "pedestrian",
    "point_num_in_lidar": 187,
    "speed": 1.0991693434503707,
    "if_vehicle": false,
    "motion_state": true,
    "pose": [
      [
        -0.9757786511468169,
        0.21865798161067274,
        0.006686631741407377,
        12.91525841742191
      ],
      [
        -0.21858716564002284,
        -0.9757667492110111,
        0.00994495609024014,
        -0.35657217105222117
      ],
      [
        0.008699136943382917,
        0.008242463959415998,
        0.9999281908238802,
        0.888260865978765
      ],
      [
        0.0,
        0.0,
        0.0,
        1.0
      ]
    ],
    "location": [
      12.91525841742191,
      -0.35657217105222117,
      0.888260865978765
    ],
    "rotation": [
      0.00824286919444008,
      -0.00869924666496025,
      -2.921217789242443
    ]
  },
  {
    "label_id": "sPiWwzIgbtUP7C7dTyFh1g",
    "size": [
      0.1540415523150212,
      0.03859545213254023,
      0.29000000000000625
    ],
    "obj_class": "sign",
    "point_num_in_lidar": 25,
    "speed": 0.013481997260185279,
    "if_vehicle": false,
    "motion_state": false,
    "pose": [
      [
        0.8350101038337856,
        -0.5501939798393338,
        0.006686631741407377,
        -5.336702065809504
      ],
      [
        0.5501235407425935,
        0.8350240641856946,
        0.00994495609024014,
        -8.741913149294078
      ],
      [
        -0.0110551533830397,
        -0.004625665288309019,
        0.9999281908238802,
        0.542089132066323
      ],
      [
        0.0,
        0.0,
        0.0,
        1.0
      ]
    ],
    "location": [
      -5.336702065809504,
      -8.741913149294078,
      0.542089132066323
    ],
    "rotation": [
      -0.004625964479245486,
      0.011055378582296686,
      0.5825524290567221
    ]
  },
  {
    "label_id": "snJRcyK-URU6oqMcpLfJiQ",
    "size": [
      0.8009377146962878,
      1.0206146851905107,
      1.750000000000007
    ],
    "obj_class": "pedestrian",
    "point_num_in_lidar": 202,
    "speed": 1.1261388692703729,
    "if_vehicle": false,
    "motion_state": true,
    "pose": [
      [
        -0.9952237580511709,
        0.09739076119663073,
        0.006686631741407377,
        -12.767383261373539
      ],
      [
        -0.09732193836449485,
        -0.9952032647461224,
        0.00994495609024014,
        -3.0706644210072227
      ],
      [
        0.0076231045828992275,
        0.00924670061157935,
        0.9999281908238802,
        1.0050016498042709
      ],
      [
        0.0,
        0.0,
        0.0,
        1.0
      ]
    ],
    "location": [
      -12.767383261373539,
      -3.0706644210072227,
      1.0050016498042709
    ],
    "rotation": [
      0.009247101078454245,
      -0.007623178416787619,
      -3.0441135835574347
    ]
  }
]