[
  {
    "label_id": "-F5A7bbXR534ssEhSPvsKA",
    "size": [
      0.9144843212918384,
      1.0494597753535118,
      1.740000000000002
    ],
    "obj_class": "pedestrian",
    "point_num_in_lidar": 105,
    "speed": 0.9018766263488777,
    "if_vehicle": false,
    "motion_state": false,
    "pose": [
      [
        0.9957454566232032,
        -0.0914127330121177,
        0.011605940612635014,
        -7.992556351173107
      ],
      [
        0.09133563476430279,
        0.995795499703857,
        0.007008893760636678,
        14.446106708722482
      ],
      [
        -0.012197845565943551,
        -0.005919038165216869,
        0.9999080845511492,
        0.8444883918323356
      ],
      [
        0.0,
        0.0,
        0.0,
        1.0
      ]
    ],
    "location": [
      -7.992556351173107,
      14.446106708722482,
      0.8444883918323356
    ],
    "rotation": [
      -0.005919513124141279,
      0.012198148067226426,
      0.0914699279398642
    ]
  },
  {
    "label_id": "-H4mHZRW8n7aRqwatB9ZGw",
    "size": [
      2.119300748150477,
      4.685897212546479,
      1.7800000000000011
    ],
    "obj_class": "vehicle",
    "point_num_in_lidar": 29,
    "speed": 0.01593034539943472,
    "if_vehicle": true,
    "motion_state": false,
    "pose": [
      [
        -0.19284027067544862,
        -0.9811615219464712,
        0.011605940612635014,
        0.6198412614264726
      ],
      [
        0.9812191927219531,
        -0.19276869881370978,
        0.007008893760636678,
        31.09682752824733
      ],
      [
        -0.004639594798940567,
        0.0127395686486453,
        0.9999080845511492,
        0.8259842257872592
      ],
      [
        0.0,
        0.0,
        0.0,
        1.0
      ]
    ],
    "location": [
      0.6198412614264726,
      31.09682752824733,
      0.8259842257872592
    ],
    "rotation": [
      0.012740050400247175,
      0.004639611444297611,
      1.7648543716464602
    ]
  },
  {
    "label_id": "0Mszwh9T8XA40wt2KRP44w",
    "size": [
      0.7583054554568067,
      0.8208242572220442,
      1.6100000000000065
    ],
    "obj_class": "pedestrian",
    "point_num_in_lidar": 221,
    "speed": 1.0329591842625843,
    "if_vehicle": false,
    "motion_state": true,
    "pose": [
      [
        -0.9973011182026656,
        0.07249677078469693,
        0.011605940612635014,
        -12.866738274751356
      ],
      [
        -0.0724187365953992,
        -0.9973496889246911,
        0.007008893760636678,
        -2.2372944253820606
      ],
      [
        0.012083303424109144,
        0.006149490028678384,
        0.9999080845511492,
        0.9416433508937772
      ],
      [
        0.0,
        0.0,
        0.0,
        1.0
      ]
    ],
    "location": [
      -12.866738274751356,
      -2.2372944253820606,
      0.9416433508937772
    ],
    "rotation": [
      0.00614997777731548,
      -0.012083597483009693,
      -3.0691051661559516
    ]
  },
  {
    "label_id": "5FDGRfKUQ9sdZ1qWgyeWLQ",
    "size": [
      2.0457186592080023,
      4.713389250527029,
      1.3400000000000034
    ],
    "obj_class": "vehicle",
    "point_num_in_lidar": 96,
    "speed": 2.2134619875965993,
    "if_vehicle": true,
    "motion_state": true,
    "pose": [
      [
        0.04065330287905938,
        0.9991059058515867,
        0.011605940612635014,
        -3.5323078317187537
      ],
      [
        -0.9991519631475426,
        0.04057375933609915,
        0.007008893760636678,
        25.238869991241472
      ],
      [
        0.00653173050845233,
        -0.011881033028186383,
        0.9999080845511492,
        0.795338250884349
      ],
      [
        0.0,
        0.0,
        0.0,
        1.0
      ]
    ],
    "location": [
      -3.5323078317187537,
      25.238869991241472,
      0.795338250884349
    ],
    "rotation": [
      -0.01188156603420691,
      -0.0065317769537618494,
      -1.5301309497366529
    ]
  },
  {
    "label_id": "5tqAjOce6YWfi1CdeCMP-Q",
    "size": [
      2.2636790255731087,
      4.979165260291454,
      1.8500000000000014
    ],
    "obj_class": "vehicle",
    "point_num_in_lidar": 363,
    "speed": 1.7852165294699933e-13,
    "if_vehicle": true,
    "motion_state": false,
    "pose": [
      [
        -0.9954953926099532,
        0.09409689386399007,
        0.011605940612635014,
        10.627576893746209
      ],
      [
        -0.09401993081066035,
        -0.9955456433627796,
        0.007008893760636678,
        11.98249676820592
      ],
      [
        0.012213758746334551,
        0.005886131712613885,
        0.9999080845511492,
        0.8802654804896193
      ],
      [
        0.0,
        0.0,
        0.0,
        1.0
      ]
    ],
    "location": [
      10.627576893746209,
      11.98249676820592,
      0.8802654804896193
    ],
    "rotation": [
      0.00588660479340566,
      -0.01221406243313565,
      -3.0474266053637624
    ]
  },
  {
    "label_id": "7-Cir_6eWG09wehRQVtTtw",
    "size": [
      0.44704159389991377,
      0.09818506062016025,
      0.16146885882913153
    ],
    "obj_class": "sign",
    "point_num_in_lidar": 47,
    "speed": 0.003712477417340721,
    "if_vehicle": false,
    "motion_state": false,
    "pose": [
      [
        -0.9904408705655979,
        -0.1374488415948144,
        0.011605940612635014,
        -10.776212978631179
      ],
      [
        0.13753530085243001,
        -0.9904720674646426,
        0.007008893760636678,
        -0.9172302094621045
      ],
      [
        0.010531995665207832,
        0.008538121371820973,
        0.9999080845511492,
        2.126823344757028
      ],
      [
        0.0,
        0.0,
        0.0,
        1.0
      ]
    ],
    "location": [
      -10.776212978631179,
      -0.9172302094621045,
      2.126823344757028
    ],
    "rotation": [
      0.00853869870610389,
      -0.010532190381568366,
      3.0036123159809858
    ]
  },
  {
    "label_id": "AEZuZTCdAj38T5tnQh0N3A",
    "size": [
      1.9764182524732357,
      4.583813116773403,
      1.6100000000000065
    ],
    "obj_class": "vehicle",
    "point_num_in_lidar": 27,
    "speed": 5.0242958677880804e-14,
    "if_vehicle": true,
    "motion_state": false,
    "pose": [
      [
        -0.9924199014858164,
        0.12234394663152995,
        0.011605940612635014,
        -49.140200029869106
      ],
      [
        -0.12226844242688377,
        -0.9924723187045349,
        0.007008893760636678,
        7.589575708011125
      ],
      [
        0.012376070514766403,
        0.005536725373849808,
        0.9999080845511492,
        1.2996785004646938
      ],
      [
        0.0,
        0.0,
        0.0,
        1.0
      ]
    ],
    "location": [
      -49.140200029869106,
      7.589575708011125,
      1.2996785004646938
    ],
    "rotation": [
      0.005537177739955602,
      -0.012376386471060043,
      -3.01900806419833
    ]
  },
  {
    "label_id": "Bbx8pLm5ey4t1wPBh4cdAw",
    "size": [
      2.1238772197839597,
      4.766762156548458,
      1.8100000000000023
    ],
    "obj_class": "vehicle",
    "point_num_in_lidar": 688,
    "speed": 0.0027038525072539564,
    "if_vehicle": true,
    "motion_state": false,
    "pose": [
      [
        -0.9953749321317431,
        0.09536271087916844,
        0.011605940612635014,
        17.64293973067379
      ],
      [
        -0.09528581178798917,
        -0.9954252807117951,
        0.007008893760636678,
        12.88508262410528
      ],
      [
        0.012221233801535038,
        0.005870595678474211,
        0.9999080845511492,
        0.77156020049717
      ],
      [
        0.0,
        0.0,
        0.0,
        1.0
      ]
    ],
    "location": [
      17.64293973067379,
      12.88508262410528,
      0.77156020049717
    ],
    "rotation": [
      0.005871067868113124,
      -0.012221538046288954,
      -3.046154910832379
    ]
  },
  {
    "label_id": "C-7CDilIzKn25wyKRr9jJA",
    "size": [
      2.150775257332006,
      5.0328621732727665,
      1.5100000000000051
    ],
    "obj_class": "vehicle",
    "point_num_in_lidar": 213,
    "speed": 0.5662601481199592,
    "if_vehicle": true,
    "motion_state": false,
    "pose": [
      [
        0.031246093241764507,
        0.9994443375194153,
        0.011605940612635014,
        -3.190312821451357
      ],
      [
        -0.9994896439655242,
        0.031166119648132443,
        0.007008893760636678,
        17.249479196500715
      ],
      [
        0.006643287047580986,
        -0.011819017998774065,
        0.9999080845511492,
        0.8663282981247065
      ],
      [
        0.0,
        0.0,
        0.0,
        1.0
      ]
    ],
    "location": [
      -3.190312821451357,
      17.249479196500715,
      0.8663282981247065
    ],
    "rotation": [
      -0.01181955401367267,
      -0.006643335913540319,
      -1.539544457106699
    ]
  },
  {
    "label_id": "DfUOspd1ep_pDGx1yZG9Uw",
    "size": [
      2.093087734447137,
      4.702836163548996,
      1.8500000000000014
    ],
    "obj_class": "vehicle",
    "point_num_in_lidar": 1407,
    "speed": 0.14645221548800413,
    "if_vehicle": true,
    "motion_state": false,
    "pose": [
      [
        -0.996120420724675,
        0.08723192969201529,
        0.011605940612635014,
        10.19003235145567
      ],
      [
        -0.08715462204977763,
        -0.9961701397169123,
        0.007008893760636678,
        8.608642983247591
      ],
      [
        0.012172890809381474,
        0.005970190834033587,
        0.9999080845511492,
        0.8740489972497869
      ],
      [
        0.0,
        0.0,
        0.0,
        1.0
      ]
    ],
    "location": [
      10.19003235145567,
      8.608642983247591,
      0.8740489972497869
    ],
    "rotation": [
      0.005970668687009321,
      -0.012173191457776329,
      -3.054320833327305
    ]
  },
  {
    "label_id": "GS-f_3-9m5tpTzs1EqI4-Q",
    "size": [
      0.48504666279161124,
      0.07902573047840633,
      0.20153950352409566
    ],
    "obj_class": "sign",
    "point_num_in_lidar": 30,
    "speed": 0.0011586930690070999,
    "if_vehicle": false,
    "motion_state": false,
    "pose": [
      [
        0.14101957678506605,
        0.9899387764431985,
        0.011605940612635014,
        5.196947781800759
      ],
      [
        -0.9899926068692559,
        0.14094507353031888,
        0.007008893760636678,
        -7.643363796699077
      ],
      [
        0.005302575560588684,
        -0.012478186634128783,
        0.9999080845511492,
        2.2525661577042158
      ],
      [
        0.0,
        0.0,
        0.0,
        1.0
      ]
    ],
    "location": [
      5.196947781800759,
      -7.643363796699077,
      2.2525661577042158
    ],
    "rotation": [
      -0.012478685920321093,
      -0.005302600409927762,
      -1.4293031163729268
    ]
  },
  {
    "label_id": "KExt1_lZn78J8VsbsFyZVw",
    "size": [
      0.5970706012783867,
      0.6505881208428722,
      1.6700000000000017
    ],
    "obj_class": "pedestrian",
    "point_num_in_lidar": 31,
    "speed": 0.004401568705209075,
    "if_vehicle": false,
    "motion_state": false,
    "pose": [
      [
        -0.06960492968889768,
        -0.9975071207292205,
        0.011605940612635014,
        25.878743890637793
      ],
      [
        0.9975554649977783,
        -0.06952675500351259,
        0.007008893760636678,
        17.624378380309736
      ],
      [
        -0.0061844980451097,
        0.012065423041979793,
        0.9999080845511492,
        0.9725044214993162
      ],
      [
        0.0,
        0.0,
        0.0,
        1.0
      ]
    ],
    "location": [
      25.878743890637793,
      17.624378380309736,
      0.9725044214993162
    ],
    "rotation": [
      0.012065946560008806,
      0.00618453746991837,
      1.6404589179704818
    ]
  },
  {
    "label_id": "NpOYq1LvezmGuK1h3sh1Ig",
    "size": [
      0.4751209984601707,
      0.05187169363348636,
      0.490000000000002
    ],
    "obj_class": "sign",
    "point_num_in_lidar": 28,
    "speed": 0.0054237416911947795,
    "if_vehicle": false,
    "motion_state": false,
    "pose": [
      [
        0.9999326488031561,
        -5.910338453681841e-14,
        0.011605940612635014,
        -11.87971909891894
      ],
      [
        -8.135028372609409e-05,
        0.9999754340934498,
        0.007008893760636678,
        12.662277492218436
      ],
      [
        -0.011605655502182913,
        -0.007009365849815094,
        0.9999080845511492,
        2.848999405737729
      ],
      [
        0.0,
        0.0,
        0.0,
        1.0
      ]
    ],
    "location": [
      -11.87971909891894,
      12.662277492218436,
      2.848999405737729
    ],
    "rotation": [
      -0.007009895356898625,
      0.01160591604799624,
      -8.135576295461989e-05
    ]
  },
  {
    "label_id": "OinBLW0UfALpTqwdQFfp6g",
    "size": [
      0.811887212111699,
      0.10779766564128707,
      0.7800000000000011
    ],
    "obj_class": "sign",
    "point_num_in_lidar": 270,
    "speed": 0.004183846866286657,
    "if_vehicle": false,
    "motion_state": false,
    "pose": [
      [
        -0.9904408705653044,
        -0.13744884159693008,
        0.011605940612635014,
        -10.783449889492317
      ],
      [
        0.13753530085454574,
        -0.9904720674643488,
        0.007008893760636678,
        -0.9082100216135132
      ],
      [
        0.010531995665189593,
        0.008538121371843468,
        0.9999080845511492,
        2.6025215672468676
      ],
      [
        0.0,
        0.0,
        0.0,
        1.0
      ]
    ],
    "location": [
      -10.783449889492317,
      -0.9082100216135132,
      2.6025215672468676
    ],
    "rotation": [
      0.008538698706126387,
      -0.010532190381550125,
      3.0036123159788497
    ]
  },
  {
    "label_id": "P1ky-Rbaej9JvbPv9kZKYA",
    "size": [
      2.3434372294597847,
      5.117642954333817,
      2.809999999999995
    ],
    "obj_class": "vehicle",
    "point_num_in_lidar": 5609,
    "speed": 0.06949560755841958,
    "if_vehicle": true,
    "motion_state": false,
    "pose": [
      [
        -0.06554713125697574,
        -0.9977819780525587,
        0.011605940612635014,
        3.1503723033564484
      ],
      [
        0.9978300039564707,
        -0.06546876058458558,
        0.007008893760636678,
        -8.374243936586481
      ],
      [
        -0.0062335213331207815,
        0.012040168646718813,
        0.9999080845511492,
        1.367636617692881
      ],
      [
        0.0,
        0.0,
        0.0,
        1.0
      ]
    ],
    "location": [
      3.1503723033564484,
      -8.374243936586481,
      1.367636617692881
    ],
    "rotation": [
      0.012040693512448571,
      0.006233561702929715,
      1.6363917616927517
    ]
  },
  {
    "label_id": "P5W3PzH21kZDfGzI8M2_Hw",
    "size": [
      3.102976625231792,
      12.442215914863029,
      3.289999999999978
    ],
    "obj_class": "vehicle",
    "point_num_in_lidar": 2644,
    "speed": 1.1374233532693354e-13,
    "if_vehicle": true,
    "motion_state": false,
    "pose": [
      [
        -0.9980325484866465,
        0.061614400132970926,
        0.011605940612635014,
        -25.834742573186077
      ],
      [
        -0.06153584080085559,
        -0.9980802651616671,
        0.007008893760636678,
        9.284364917255743
      ],
      [
        0.012015509068766672,
        0.006280922788117087,
        0.9999080845511492,
        1.7264236508907373
      ],
      [
        0.0,
        0.0,
        0.0,
        1.0
      ]
    ],
    "location": [
      -25.834742573186077,
      9.284364917255743,
      1.7264236508907373
    ],
    "rotation": [
      0.006281417540083957,
      -0.012015798205648357,
      -3.080013459624658
    ]
  },
  {
    "label_id": "RB-oIFuuBhuOu_4wBXtzcQ",
    "size": [
      1.964594355683543,
      4.318930102955118,
      1.564739240841142
    ],
    "obj_class": "vehicle",
    "point_num_in_lidar": 92,
    "speed": 1.7763568394002505e-14,
    "if_vehicle": true,
    "motion_state": false,
    "pose": [
      [
        -0.9953749321317357,
        0.09536271087924623,
        0.011605940612635014,
        23.452750645354627
      ],
      [
        -0.09528581178806697,
        -0.9954252807117877,
        0.007008893760636678,
        13.32609258924981
      ],
      [
        0.012221233801535496,
        0.005870595678473257,
        0.9999080845511492,
        0.6215602004970933
      ],
      [
        0.0,
        0.0,
        0.0,
        1.0
      ]
    ],
    "location": [
      23.452750645354627,
      13.32609258924981,
      0.6215602004970933
    ],
    "rotation": [
      0.00587106786811217,
      -0.012221538046289412,
      -3.0461549108323007
    ]
  },
  {
    "label_id": "T3lsRLzCMMSY3Dl_tzxcqw",
    "size": [
      0.8193820258429351,
      0.09376311697755056,
      0.8000000000000043
    ],
    "obj_class": "sign",
    "point_num_in_lidar": 37,
    "speed": 0.0027129990212700684,
    "if_vehicle": false,
    "motion_state": false,
    "pose": [
      [
        0.39337350542713256,
        -0.9193054918635403,
        0.011605940612635014,
        -7.709460145450407
      ],
      [
        0.9193128240634105,
        0.39346512796029176,
        0.007008893760636678,
        16.692971595750123
      ],
      [
        -0.011009847434291384,
        0.007912376932725718,
        0.9999080845511492,
        3.2284815196270955
      ],
      [
        0.0,
        0.0,
        0.0,
        1.0
      ]
    ],
    "location": [
      -7.709460145450407,
      16.692971595750123,
      3.2284815196270955
    ],
    "rotation": [
      0.007912939109933346,
      0.01101006987606186,
      1.1664723353302437
    ]
  },
  {
    "label_id": "XQmjRhoi5kGFxGSc7VsbaA",
    "size": [
      2.5693426382234286,
      5.383624736107198,
      2.6299999999999883
    ],
    "obj_class": "vehicle",
    "point_num_in_lidar": 2126,
    "speed": 2.51214793389404e-13,
    "if_vehicle": true,
    "motion_state": false,
    "pose": [
      [
        0.997357172028568,
        -0.0717214998844385,
        0.011605940612635014,
        15.585727148396813
      ],
      [
        0.07164342796241424,
        0.9974056820762786,
        0.007008893760636678,
        2.9092134358552357
      ],
      [
        -0.012078519485925556,
        -0.006158881089939897,
        0.9999080845511492,
        1.1737428434535317
      ],
      [
        0.0,
        0.0,
        0.0,
        1.0
      ]
    ],
    "location": [
      15.585727148396813,
      2.9092134358552357,
      1.1737428434535317
    ],
    "rotation": [
      -0.006159369346078212,
      0.012078813195683769,
      0.07171009838296183
    ]
  },
  {
    "label_id": "YytKtqwuhzFGLrx28JPtgQ",
    "size": [
      2.8673079452882506,
      7.235536587668475,
      3.3505405405405497
    ],
    "obj_class": "vehicle",
    "point_num_in_lidar": 425,
    "speed": 0.04344679172893174,
    "if_vehicle": true,
    "motion_state": false,
    "pose": [
      [
        0.9990485791970212,
        -0.042038536450611036,
        0.011605940612635014,
        22.785852205874335
      ],
      [
        0.04195905684311703,
        0.9990947467368089,
        0.007008893760636678,
        3.469192677910314
      ],
      [
        -0.01189007793285801,
        -0.0065152510314235475,
        0.9999080845511492,
        1.5809332733412447
      ],
      [
        0.0,
        0.0,
        0.0,
        1.0
      ]
    ],
    "location": [
      22.785852205874335,
      3.469192677910314,
      1.5809332733412447
    ],
    "rotation": [
      -0.006515757728083411,
      0.011890358108569641,
      0.041974347419020105
    ]
  },
  {
    "label_id": "ZAWh5ebxHQoiaBpI1opOtQ",
    "size": [
      2.318329935742871,
      5.252203792437462,
      1.9400000000000048
    ],
    "obj_class": "vehicle",
    "point_num_in_lidar": 1463,
    "speed": 1.293207299340885e-13,
    "if_vehicle": true,
    "motion_state": false,
    "pose": [
      [
        0.9974054409739136,
        -0.07104708620435371,
        0.011605940612635014,
        -13.749782766254498
      ],
      [
        0.07096898149844394,
        0.9974538982195245,
        0.007008893760636678,
        0.587968731471392
      ],
      [
        -0.012074352185786204,
        -0.006167046987457005,
        0.9999080845511492,
        0.8586715158246321
      ],
      [
        0.0,
        0.0,
        0.0,
        1.0
      ]
    ],
    "location": [
      -13.749782766254498,
      0.587968731471392,
      0.8586715158246321
    ],
    "rotation": [
      -0.006167535684004503,
      0.012074645591631015,
      0.07103387754047898
    ]
  },
  {
    "label_id": "ZqVcS5TpbdlQOy2xeA1L0w",
    "size": [
      2.165928493668099,
      4.872672216116353,
      1.6000000000000014
    ],
    "obj_class": "vehicle",
    "point_num_in_lidar": 355,
    "speed": 0.0034722952978675174,
    "if_vehicle": true,
    "motion_state": false,
    "pose": [
      [
        0.07375137225939553,
        0.9972091241220931,
        0.011605940612635014,
        -6.016115391551011
      ],
      [
        -0.9972577929769206,
        0.07367339923645026,
        0.007008893760636678,
        20.433119741205928
      ],
      [
        0.006134283711840113,
        -0.012091030253644877,
        0.9999080845511492,
        0.7911109272588561
      ],
      [
        0.0,
        0.0,
        0.0,
        1.0
      ]
    ],
    "location": [
      -6.016115391551011,
      20.433119741205928,
      0.7911109272588561
    ],
    "rotation": [
      -0.01209155238943089,
      -0.006134322184098305,
      -1.4969765400401889
    ]
  },
  {
    "label_id": "ZxcngDw5pn33WhQh4fGo7g",
    "size": [
      1.993162935199563,
      4.351704980641885,
      1.5900000000000034
    ],
    "obj_class": "vehicle",
    "point_num_in_lidar": 37,
    "speed": 1.0805156823142816e-13,
    "if_vehicle": true,
    "motion_state": false,
    "pose": [
      [
        -0.9969560910677986,
        0.07709639826419352,
        0.011605940612635014,
        -42.48788176240453
      ],
      [
        -0.07701858895449398,
        -0.9970050212329478,
        0.007008893760636678,
        8.402999257310967
      ],
      [
        0.012111541531689972,
        0.006093686156839022,
        0.9999080845511492,
        1.206306582813454
      ],
      [
        0.0,
        0.0,
        0.0,
        1.0
      ]
    ],
    "location": [
      -42.48788176240453,
      8.402999257310967,
      1.206306582813454
    ],
    "rotation": [
      0.006094170867464926,
      -0.012111837657108352,
      -3.0644920503465567
    ]
  },
  {
    "label_id": "ahh4Y1SZ-y9Qvly03o_oAA",
    "size": [
      2.062704665767814,
      4.417872033252479,
      1.7451871050278172
    ],
    "obj_class": "vehicle",
    "point_num_in_lidar": 58,
    "speed": 0.00017517309524496183,
    "if_vehicle": true,
    "motion_state": false,
    "pose": [
      [
        0.0757664460740674,
        0.9970580463502622,
        0.011605940612635014,
        -6.936045900371369
      ],
      [
        -0.9971068726786161,
        0.0756885715634948,
        0.007008893760636678,
        32.63286732327924
      ],
      [
        0.006109836853435852,
        -0.012103402119912388,
        0.9999080845511492,
        0.6959842257872211
      ],
      [
        0.0,
        0.0,
        0.0,
        1.0
      ]
    ],
    "location": [
      -6.936045900371369,
      32.63286732327924,
      0.6959842257872211
    ],
    "rotation": [
      -0.012103923582202554,
      -0.00610987486755105,
      -1.4949557842832926
    ]
  },
  {
    "label_id": "bA4NouE1x7OzqmpHmrXLCA",
    "size": [
      0.7640776443058716,
      0.060923233862056884,
      0.7700000000000031
    ],
    "obj_class": "sign",
    "point_num_in_lidar": 29,
    "speed": 0.002661473784299564,
    "if_vehicle": false,
    "motion_state": false,
    "pose": [
      [
        0.9999326488031561,
        3.482376155521433e-14,
        0.011605940612635014,
        8.571676988508557
      ],
      [
        -8.135028382001412e-05,
        0.9999754340934499,
        0.007008893760636678,
        13.72615550401133
      ],
      [
        -0.011605655502182255,
        -0.007009365849816184,
        0.9999080845511492,
        2.779795378485616
      ],
      [
        0.0,
        0.0,
        0.0,
        1.0
      ]
    ],
    "location": [
      8.571676988508557,
      13.72615550401133,
      2.779795378485616
    ],
    "rotation": [
      -0.007009895356899714,
      0.011605916047995582,
      -8.135576304854625e-05
    ]
  },
  {
    "label_id": "fEKN6OQe99brECij0ShExg",
    "size": [
      2.1977897881326562,
      4.78244681950412,
      1.8500000000000014
    ],
    "obj_class": "vehicle",
    "point_num_in_lidar": 27,
    "speed": 1.293207299340885e-13,
    "if_vehicle": true,
    "motion_state": false,
    "pose": [
      [
        0.03412300624594078,
        0.9993502502062206,
        0.011605940612635014,
        -7.503220989563033
      ],
      [
        -0.9993957866799583,
        0.03404316340470271,
        0.007008893760636678,
        39.35232871119251
      ],
      [
        0.0066092368006198735,
        -0.01183809267429659,
        0.9999080845511492,
        0.7559842257873015
      ],
      [
        0.0,
        0.0,
        0.0,
        1.0
      ]
    ],
    "location": [
      -7.503220989563033,
      39.35232871119251,
      0.7559842257873015
    ],
    "rotation": [
      -0.011838627773422709,
      -0.006609284919024938,
      -1.536665949315513
    ]
  },
  {
    "label_id": "fh1oSL5OCYHPzBR4ONvPDg",
    "size": [
      2.544152576201418,
      5.529152590652675,
      2.3499999999999943
    ],
    "obj_class": "vehicle",
    "point_num_in_lidar": 755,
    "speed": 0.012855557659810682,
    "if_vehicle": true,
    "motion_state": false,
    "pose": [
      [
        -0.06461914172356692,
        -0.9978425069445607,
        0.011605940612635014,
        1.205368739363962
      ],
      [
        0.9978904599410965,
        -0.06454072641982667,
        0.007008893760636678,
        18.387562467198904
      ],
      [
        -0.006244716283096961,
        0.012034366115235414,
        0.9999080845511492,
        1.2578078323601147
      ],
      [
        0.0,
        0.0,
        0.0,
        1.0
      ]
    ],
    "location": [
      1.205368739363962,
      18.387562467198904,
      1.2578078323601147
    ],
    "rotation": [
      0.012034891288446372,
      0.006244756870803004,
      1.6354617868417645
    ]
  },
  {
    "label_id": "jiDWv0IHfVYmdLSYdNAeuw",
    "size": [
      2.363577207923453,
      4.784302331303529,
      1.8000000000000043
    ],
    "obj_class": "vehicle",
    "point_num_in_lidar": 957,
    "speed": 7.944109290391274e-14,
    "if_vehicle": true,
    "motion_state": false,
    "pose": [
      [
        -0.9990257707632672,
        0.042577124061589755,
        0.011605940612635014,
        -16.1267673250876
      ],
      [
        -0.04249766935487269,
        -0.9990719811443297,
        0.007008893760636678,
        10.476572896518519
      ],
      [
        0.011893588620089832,
        0.00650884006470986,
        0.9999080845511492,
        0.8986715158245957
      ],
      [
        0.0,
        0.0,
        0.0,
        1.0
      ]
    ],
    "location": [
      -16.1267673250876,
      10.476572896518519,
      0.8986715158245957
    ],
    "rotation": [
      0.006509346443980322,
      -0.011893869044060939,
      -3.099079172817762
    ]
  },
  {
    "label_id": "lVgMLiYY04OUIeF1a-Z-Bg",
    "size": [
      2.2872766218934637,
      5.0947232382614915,
      1.9223137534269625
    ],
    "obj_class": "vehicle",
    "point_num_in_lidar": 267,
    "speed": 0.0,
    "if_vehicle": true,
    "motion_state": false,
    "pose": [
      [
        -0.9984724348899834,
        0.054019430831543654,
        0.011605940612635014,
        -36.017173334368294
      ],
      [
        -0.053940510737280484,
        -0.9985195524924153,
        0.007008893760636678,
        8.894851464634485
      ],
      [
        0.011967375078490217,
        0.006372156854836037,
        0.9999080845511492,
        1.2320631223419838
      ],
      [
        0.0,
        0.0,
        0.0,
        1.0
      ]
    ],
    "location": [
      -36.017173334368294,
      8.894851464634485,
      1.2320631223419838
    ],
    "rotation": [
      0.006372656340816575,
      -0.011967660754288048,
      -3.0876220825094247
    ]
  },
  {
    "label_id": "mZdp7gLn15GgHZm12rNG3Q",
    "size": [
      0.6889420735339244,
      0.7053705901522827,
      1.5200000000000031
    ],
    "obj_class": "pedestrian",
    "point_num_in_lidar": 57,
    "speed": 0.011958850455295168,
    "if_vehicle": false,
    "motion_state": false,
    "pose": [
      [
        -0.1403155566783818,
        -0.9900388107021522,
        0.011605940612635014,
        25.196578983563768
      ],
      [
        0.9900925881323995,
        -0.14024101516153767,
        0.007008893760636678,
        17.57748321411532
      ],
      [
        -0.0053114479496980185,
        0.012474412608598103,
        0.9999080845511492,
        1.0425044214993022
      ],
      [
        0.0,
        0.0,
        0.0,
        1.0
      ]
    ],
    "location": [
      25.196578983563768,
      17.57748321411532,
      1.0425044214993022
    ],
    "rotation": [
      0.012474912135395292,
      0.0053114729239824065,
      1.7115784431132863
    ]
  },
  {
    "label_id": "oWHtxuSP48iB5d33eg9RSQ",
    "size": [
      2.11750592915699,
      4.616705315983924,
      1.6300000000000026
    ],
    "obj_class": "vehicle",
    "point_num_in_lidar": 174,
    "speed": 0.05680928251447757,
    "if_vehicle": true,
    "motion_state": false,
    "pose": [
      [
        0.9937048806457133,
        -0.11142671279089551,
        0.011605940612635014,
        -19.60105809989443
      ],
      [
        0.11135063691730833,
        0.9937564646664502,
        0.007008893760636678,
        0.09848910241589692
      ],
      [
        -0.012314456504389313,
        -0.00567244305863059,
        0.9999080845511492,
        0.7636715158245551
      ],
      [
        0.0,
        0.0,
        0.0,
        1.0
      ]
    ],
    "location": [
      -19.60105809989443,
      0.09848910241589692,
      0.7636715158245551
    ],
    "rotation": [
      -0.005672903636107262,
      0.012314767764978468,
      0.11159053251838714
    ]
  },
  {
    "label_id": "oXbsfv6FeuaSzHiaWJ7pEA",
    "size": [
      2.3995864639936846,
      4.936133779409374,
      1.980000000000004
    ],
    "obj_class": "vehicle",
    "point_num_in_lidar": 8820,
    "speed": 0.5169353952774551,
    "if_vehicle": true,
    "motion_state": false,
    "pose": [
      [
        0.07871452956280041,
        0.9968296368879705,
        0.011605940612635014,
        -3.422688835320514
      ],
      [
        -0.9968786932866832,
        0.0786367997777577,
        0.007008893760636678,
        -12.506111131433272
      ],
      [
        0.006074018994213496,
        -0.012121416687410605,
        0.9999080845511492,
        0.8917027490179521
      ],
      [
        0.0,
        0.0,
        0.0,
        1.0
      ]
    ],
    "location": [
      -3.422688835320514,
      -12.506111131433272,
      0.8917027490179521
    ],
    "rotation": [
      -0.012121937162402995,
      -0.0060740563436795,
      -1.4919988275866425
    ]
  },
  {
    "label_id": "sDKPtRk_p23MDT4FUoeVww",
    "size": [
      0.6738707008761733,
      0.8508007541018325,
      1.7600000000000051
    ],
    "obj_class": "pedestrian",
    "point_num_in_lidar": 49,
    "speed": 1.190869042252696,
    "if_vehicle": false,
    "motion_state": true,
    "pose": [
      [
        -0.9927220487985399,
        0.11986757681594118,
        0.011605940612635014,
        12.505115359323895
      ],
      [
        -0.11979194207053184,
        -0.9927742774786333,
        0.007008893760636678,
        -0.427380895649776
      ],
      [
        0.012362218417416544,
        0.0055675852083277395,
        0.9999080845511492,
        0.888260865978765
      ],
      [
        0.0,
        0.0,
        0.0,
        1.0
      ]
    ],
    "location": [
      12.505115359323895,
      -0.427380895649776,
      0.888260865978765
    ],
    "rotation": [
      0.005568039459655859,
      -0.012362533313932559,
      -3.021503119840661
    ]
  },
  {
    "label_id": "sPiWwzIgbtUP7C7dTyFh1g",
    "size": [
      0.15404155231502142,
      0.03859545213254023,
      0.29000000000000625
    ],
    "obj_class": "sign",
    "point_num_in_lidar": 21,
    "speed": 0.004952715437911664,
    "if_vehicle": false,
    "motion_state": false,
    "pose": [
      [
        0.8349725313593853,
        -0.5501692230739524,
        0.011605940612635014,
        -5.338065965705482
      ],
      [
        0.5501248339818349,
        0.8350530177448081,
        0.007008893760636678,
        -8.74042456314487
      ],
      [
        -0.013547653367245251,
        0.0005324823873810636,
        0.9999080845511492,
        0.5373380133734429
      ],
      [
        0.0,
        0.0,
        0.0,
        1.0
      ]
    ],
    "location": [
      -5.338065965705482,
      -8.74042456314487,
      0.5373380133734429
    ],
    "rotation": [
      0.0005325312848976574,
      0.013548067821736318,
      0.5825741817527201
    ]
  },
  {
    "label_id": "snJRcyK-URU6oqMcpLfJiQ",
    "size": [
      0.8009377146962756,
      1.0206146851905107,
      1.750000000000007
    ],
    "obj_class": "pedestrian",
    "point_num_in_lidar": 158,
    "speed": 1.1095150341807032,
    "if_vehicle": false,
    "motion_state": true,
    "pose": [
      [
        -0.9961738497300089,
        0.08661964705879321,
        0.011605940612635014,
        -13.20881027025132
      ],
      [
        -0.08654230887134334,
        -0.9962235211956548,
        0.007008893760636678,
        -3.102817247478697
      ],
      [
        0.012169218927725838,
        0.005977671782640951,
        0.9999080845511492,
        1.0016679642141142
      ],
      [
        0.0,
        0.0,
        0.0,
        1.0
      ]
    ],
    "location": [
      -13.20881027025132,
      -3.102817247478697,
      1.0016679642141142
    ],
    "rotation": [
      0.005978150056251495,
      -0.012169519304124155,
      -3.0549355186678464
    ]
  }
]