[
  {
    "label_id": "-F5A7bbXR534ssEhSPvsKA",
    "size": [
      0.9144843212922955,
      1.0494597753535118,
      1.740000000000002
    ],
    "obj_class": "pedestrian",
    "point_num_in_lidar": 114,
    "speed": 1.214580751300129,
    "if_vehicle": false,
    "motion_state": true,
    "pose": [
      [
        0.9960638790714874,
        -0.08758671742083603,
        0.01361307241234678,
        -6.622336635297074
      ],
      [
        0.08746683336082499,
        0.996125254880885,
        0.009166768804846383,
        14.605009526657796
      ],
      [
        -0.014363212415433094,
        -0.00793999495808721,
        0.9998653182349985,
        0.8152716606534298
      ],
      [
        0.0,
        0.0,
        0.0,
        1.0
      ]
    ],
    "location": [
      -6.622336635297074,
      14.605009526657796,
      0.8152716606534298
    ],
    "rotation": [
      -0.007940897558470118,
      0.01436370632088548,
      0.08758780420198184
    ]
  },
  {
    "label_id": "-FAHwqVW2G-3XzoYPoMFfw",
    "size": [
      3.120054896761182,
      11.531225792973089,
      4.109999999999957
    ],
    "obj_class": "vehicle",
    "point_num_in_lidar": 85,
    "speed": 3.972054645195637e-14,
    "if_vehicle": true,
    "motion_state": false,
    "pose": [
      [
        -0.9985412804209274,
        0.0522493593724452,
        0.01361307241234678,
        38.317532355247636
      ],
      [
        -0.052127376502889025,
        -0.9985983712026595,
        0.009166768804846383,
        13.727971959058777
      ],
      [
        0.014072949735601891,
        0.008443783308714429,
        0.9998653182349985,
        1.8429762349869705
      ],
      [
        0.0,
        0.0,
        0.0,
        1.0
      ]
    ],
    "location": [
      38.317532355247636,
      13.727971959058777,
      1.8429762349869705
    ],
    "rotation": [
      0.00844471993954363,
      -0.014073414296729267,
      -3.0894364712169002
    ]
  },
  {
    "label_id": "-H4mHZRW8n7aRqwatB9ZGw",
    "size": [
      2.1193007481504775,
      4.685897212546479,
      1.7800000000000011
    ],
    "obj_class": "vehicle",
    "point_num_in_lidar": 38,
    "speed": 0.015930345532706607,
    "if_vehicle": true,
    "motion_state": false,
    "pose": [
      [
        -0.19283538937304653,
        -0.9811366861272907,
        0.01361307241234678,
        0.6144845306085926
      ],
      [
        0.981210442167256,
        -0.19272269853760474,
        0.009166768804846383,
        31.124998379151975
      ],
      [
        -0.006370305116986712,
        0.015124966232748907,
        0.9998653182349985,
        0.8259842257872663
      ],
      [
        0.0,
        0.0,
        0.0,
        1.0
      ]
    ],
    "location": [
      0.6144845306085926,
      31.124998379151975,
      0.8259842257872663
    ],
    "rotation": [
      0.015125849904243203,
      0.006370348203106341,
      1.7648512693818585
    ]
  },
  {
    "label_id": "0Mszwh9T8XA40wt2KRP44w",
    "size": [
      0.7583054554565464,
      0.8208242572220442,
      1.6100000000000065
    ],
    "obj_class": "pedestrian",
    "point_num_in_lidar": 182,
    "speed": 1.25255951214199,
    "if_vehicle": false,
    "motion_state": true,
    "pose": [
      [
        -0.9980324505915041,
        0.0612038546646608,
        0.01361307241234678,
        -14.948020262669615
      ],
      [
        -0.06108238878840641,
        -0.9980906332240477,
        0.009166768804846383,
        -2.3706457802891236
      ],
      [
        0.014148121649840376,
        0.008317213752610892,
        0.9998653182349985,
        0.9416433508937772
      ],
      [
        0.0,
        0.0,
        0.0,
        1.0
      ]
    ],
    "location": [
      -14.948020262669615,
      -2.3706457802891236,
      0.9416433508937772
    ],
    "rotation": [
      0.008318142226998336,
      -0.014148593695738527,
      -3.0804660914591224
    ]
  },
  {
    "label_id": "5FDGRfKUQ9sdZ1qWgyeWLQ",
    "size": [
      2.045718659207831,
      4.713389250527029,
      1.3400000000000034
    ],
    "obj_class": "vehicle",
    "point_num_in_lidar": 151,
    "speed": 1.4528454776478485,
    "if_vehicle": true,
    "motion_state": true,
    "pose": [
      [
        0.03662177756498331,
        0.9992364733472638,
        0.01361307241234678,
        -3.4035946879745325
      ],
      [
        -0.9992916488415237,
        0.03649891649443157,
        0.009166768804846383,
        22.48907066224706
      ],
      [
        0.008662907339333517,
        -0.013939132944893783,
        0.9998653182349985,
        0.7764816745550789
      ],
      [
        0.0,
        0.0,
        0.0,
        1.0
      ]
    ],
    "location": [
      -3.4035946879745325,
      22.48907066224706,
      0.7764816745550789
    ],
    "rotation": [
      -0.013940107496721315,
      -0.008663015695697591,
      -1.5341649832166153
    ]
  },
  {
    "label_id": "5tqAjOce6YWfi1CdeCMP-Q",
    "size": [
      2.263679025573106,
      4.979165260291454,
      1.8500000000000014
    ],
    "obj_class": "vehicle",
    "point_num_in_lidar": 503,
    "speed": 1.7852165294699933e-13,
    "if_vehicle": true,
    "motion_state": false,
    "pose": [
      [
        -0.9954701939622148,
        0.09409451202023714,
        0.01361307241234678,
        10.627576893745982
      ],
      [
        -0.09397503163525639,
        -0.9955323519498656,
        0.009166768804846383,
        11.98249676820592
      ],
      [
        0.014414796633421774,
        0.007845956209563883,
        0.9998653182349985,
        0.8802654804896335
      ],
      [
        0.0,
        0.0,
        0.0,
        1.0
      ]
    ],
    "location": [
      10.627576893745982,
      11.98249676820592,
      0.8802654804896335
    ],
    "rotation": [
      0.007846852003533963,
      -0.01441529587979651,
      -3.0474689406669757
    ]
  },
  {
    "label_id": "7-Cir_6eWG09wehRQVtTtw",
    "size": [
      0.4470415938999135,
      0.09818506062016025,
      0.16146885882913153
    ],
    "obj_class": "sign",
    "point_num_in_lidar": 68,
    "speed": 0.003712477448494335,
    "if_vehicle": false,
    "motion_state": false,
    "pose": [
      [
        -0.9904157998613131,
        -0.13744536239746918,
        0.01361307241234678,
        -10.780234027319693
      ],
      [
        0.13757593789571554,
        -0.9904488031502652,
        0.009166768804846383,
        -0.9225677699419066
      ],
      [
        0.012223121417610835,
        0.010951743862766563,
        0.9998653182349985,
        2.1142512963291153
      ],
      [
        0.0,
        0.0,
        0.0,
        1.0
      ]
    ],
    "location": [
      -10.780234027319693,
      -0.9225677699419066,
      2.1142512963291153
    ],
    "rotation": [
      0.010952781062958595,
      -0.012223425803368129,
      3.0035686135971096
    ]
  },
  {
    "label_id": "AEZuZTCdAj38T5tnQh0N3A",
    "size": [
      1.976418252473235,
      4.583813116773403,
      1.6100000000000065
    ],
    "obj_class": "vehicle",
    "point_num_in_lidar": 55,
    "speed": 5.0242958677880804e-14,
    "if_vehicle": true,
    "motion_state": false,
    "pose": [
      [
        -0.9923947806869742,
        0.12234084977941094,
        0.01361307241234678,
        -49.140200029869106
      ],
      [
        -0.12222318372935505,
        -0.9924603083795033,
        0.009166768804846383,
        7.589575708011125
      ],
      [
        0.014631904329666495,
        0.007433220467118447,
        0.9998653182349985,
        1.2996785004646938
      ],
      [
        0.0,
        0.0,
        0.0,
        1.0
      ]
    ],
    "location": [
      -49.140200029869106,
      7.589575708011125,
      1.2996785004646938
    ],
    "rotation": [
      0.007434084768434867,
      -0.014632426477105394,
      -3.0190499160348048
    ]
  },
  {
    "label_id": "Bbx8pLm5ey4t1wPBh4cdAw",
    "size": [
      2.1238772197839575,
      4.766762156548458,
      1.8100000000000023
    ],
    "obj_class": "vehicle",
    "point_num_in_lidar": 677,
    "speed": 0.038782974606767724,
    "if_vehicle": true,
    "motion_state": false,
    "pose": [
      [
        -0.9953497365331812,
        0.09536029699420534,
        0.01361307241234678,
        17.672482413608805
      ],
      [
        -0.09524089574724359,
        -0.9954120464043728,
        0.009166768804846383,
        12.891198918452346
      ],
      [
        0.014424762063532388,
        0.007827619704340434,
        0.9998653182349985,
        0.7715602004971771
      ],
      [
        0.0,
        0.0,
        0.0,
        1.0
      ]
    ],
    "location": [
      17.672482413608805,
      12.891198918452346,
      0.7715602004971771
    ],
    "rotation": [
      0.007828514154912387,
      -0.014425262346124889,
      -3.0461972259127443
    ]
  },
  {
    "label_id": "C-7CDilIzKn25wyKRr9jJA",
    "size": [
      2.1507752573320054,
      5.0328621732727665,
      1.5100000000000051
    ],
    "obj_class": "vehicle",
    "point_num_in_lidar": 388,
    "speed": 3.3339155582958884,
    "if_vehicle": true,
    "motion_state": true,
    "pose": [
      [
        0.01366570891105393,
        0.9998139490222441,
        0.01361307241234678,
        -3.156732323862343
      ],
      [
        -0.9998662885915383,
        0.013541613192715091,
        0.009166768804846383,
        14.081034704760668
      ],
      [
        0.008980720357574957,
        -0.013736522583402994,
        0.9998653182349985,
        0.8396629228701613
      ],
      [
        0.0,
        0.0,
        0.0,
        1.0
      ]
    ],
    "location": [
      -3.156732323862343,
      14.081034704760668,
      0.8396629228701613
    ],
    "rotation": [
      -0.013737508649515423,
      -0.008980841082802568,
      -1.557129641321929
    ]
  },
  {
    "label_id": "DfUOspd1ep_pDGx1yZG9Uw",
    "size": [
      2.093087734447089,
      4.702836163548996,
      1.8500000000000014
    ],
    "obj_class": "vehicle",
    "point_num_in_lidar": 1763,
    "speed": 0.257409185744244,
    "if_vehicle": true,
    "motion_state": false,
    "pose": [
      [
        -0.994973118630595,
        0.09921278880267356,
        0.01361307241234678,
        10.054417715052864
      ],
      [
        -0.09909362966490678,
        -0.995035890262011,
        0.009166768804846383,
        8.599597283297953
      ],
      [
        0.01445495632445886,
        0.007771719789293007,
        0.9998653182349985,
        0.8740489972497869
      ],
      [
        0.0,
        0.0,
        0.0,
        1.0
      ]
    ],
    "location": [
      10.054417715052864,
      8.599597283297953,
      0.8740489972497869
    ],
    "rotation": [
      0.007772610111996409,
      -0.0144554597554405,
      -3.0423257218807427
    ]
  },
  {
    "label_id": "GS-f_3-9m5tpTzs1EqI4-Q",
    "size": [
      0.4850466627916118,
      0.07902573047840633,
      0.20153950352409566
    ],
    "obj_class": "sign",
    "point_num_in_lidar": 124,
    "speed": 0.0011586930789158154,
    "if_vehicle": false,
    "motion_state": false,
    "pose": [
      [
        0.14101600720286334,
        0.9899137184482586,
        0.01361307241234678,
        5.197105639646679
      ],
      [
        -0.9899814513568485,
        0.14089959658943868,
        0.009166768804846383,
        -7.64128405859924
      ],
      [
        0.007156233782518504,
        -0.014769350320012139,
        0.9998653182349985,
        2.2525661577042086
      ],
      [
        0.0,
        0.0,
        0.0,
        1.0
      ]
    ],
    "location": [
      5.197105639646679,
      -7.64128405859924,
      2.2525661577042086
    ],
    "rotation": [
      -0.01477026555900465,
      -0.007156294864387566,
      -1.4293050771650526
    ]
  },
  {
    "label_id": "II9hCDJdG-EL7T23hW66TA",
    "size": [
      2.1696386959844154,
      4.618757893724354,
      1.7700000000000031
    ],
    "obj_class": "vehicle",
    "point_num_in_lidar": 170,
    "speed": 2.1683198553528098e-13,
    "if_vehicle": true,
    "motion_state": false,
    "pose": [
      [
        0.9986516023850268,
        -0.05009651997209519,
        0.01361307241234678,
        -26.808308418339834
      ],
      [
        0.0499744143061206,
        0.9987084300557588,
        0.009166768804846383,
        -0.6173348429897487
      ],
      [
        -0.014054713393681782,
        -0.008474103034939078,
        0.9998653182349985,
        1.053671515824533
      ],
      [
        0.0,
        0.0,
        0.0,
        1.0
      ]
    ],
    "location": [
      -26.808308418339834,
      -0.6173348429897487,
      1.053671515824533
    ],
    "rotation": [
      -0.00847504157961958,
      0.014055176151045904,
      0.050000181841249366
    ]
  },
  {
    "label_id": "KExt1_lZn78J8VsbsFyZVw",
    "size": [
      0.5970706012783898,
      0.6505881208428722,
      1.6700000000000017
    ],
    "obj_class": "pedestrian",
    "point_num_in_lidar": 39,
    "speed": 0.004401568778743517,
    "if_vehicle": false,
    "motion_state": false,
    "pose": [
      [
        -0.06960316780218946,
        -0.9974818711592689,
        0.01361307241234678,
        25.88649509288325
      ],
      [
        0.9975410742354344,
        -0.06948219601375723,
        0.009166768804846383,
        17.62601983861373
      ],
      [
        -0.008197819534238435,
        0.01421763502518476,
        0.9998653182349985,
        0.9725044214993233
      ],
      [
        0.0,
        0.0,
        0.0,
        1.0
      ]
    ],
    "location": [
      25.88649509288325,
      17.62601983861373,
      0.9725044214993233
    ],
    "rotation": [
      0.014218591878692748,
      0.008197911358394299,
      1.64045816201891
    ]
  },
  {
    "label_id": "NpOYq1LvezmGuK1h3sh1Ig",
    "size": [
      0.4751209984601696,
      0.05187169363348636,
      0.490000000000002
    ],
    "obj_class": "sign",
    "point_num_in_lidar": 33,
    "speed": 0.0064701665486722815,
    "if_vehicle": false,
    "motion_state": false,
    "pose": [
      [
        0.9999073378366098,
        -6.866176211290096e-14,
        0.01361307241234678,
        -11.876266190031629
      ],
      [
        -0.00012479945164613803,
        0.9999579765044005,
        0.009166768804846383,
        12.652595789877296
      ],
      [
        -0.013612500343458796,
        -0.009167618296189907,
        0.9998653182349985,
        2.8295458225582166
      ],
      [
        0.0,
        0.0,
        0.0,
        1.0
      ]
    ],
    "location": [
      -11.876266190031629,
      12.652595789877296,
      2.8295458225582166
    ],
    "rotation": [
      -0.00916859625116323,
      0.01361292077827904,
      -0.00012481101625688612
    ]
  },
  {
    "label_id": "OinBLW0UfALpTqwdQFfp6g",
    "size": [
      0.8118872121116996,
      0.10779766564128707,
      0.7800000000000011
    ],
    "obj_class": "sign",
    "point_num_in_lidar": 340,
    "speed": 0.0041838469013002165,
    "if_vehicle": false,
    "motion_state": false,
    "pose": [
      [
        -0.9904157998610199,
        -0.13744536239958124,
        0.01361307241234678,
        -10.790361687413792
      ],
      [
        0.13757593789782768,
        -0.9904488031499719,
        0.009166768804846383,
        -0.9112009805953676
      ],
      [
        0.01222312141758748,
        0.010951743862792627,
        0.9998653182349985,
        2.590522352042086
      ],
      [
        0.0,
        0.0,
        0.0,
        1.0
      ]
    ],
    "location": [
      -10.790361687413792,
      -0.9112009805953676,
      2.590522352042086
    ],
    "rotation": [
      0.010952781062984659,
      -0.012223425803344772,
      3.003568613594977
    ]
  },
  {
    "label_id": "P1ky-Rbaej9JvbPv9kZKYA",
    "size": [
      2.3434372294600587,
      5.117642954333817,
      2.809999999999995
    ],
    "obj_class": "vehicle",
    "point_num_in_lidar": 4323,
    "speed": 0.000595690283682197,
    "if_vehicle": true,
    "motion_state": false,
    "pose": [
      [
        -0.07301563056600228,
        -0.997237886340338,
        0.01361307241234678,
        3.132858552787411
      ],
      [
        0.9972975029732403,
        -0.07289486204814542,
        0.009166768804846383,
        -8.272766164883251
      ],
      [
        -0.008149126111966122,
        0.014245600529165965,
        0.9998653182349985,
        1.3483359094672096
      ],
      [
        0.0,
        0.0,
        0.0,
        1.0
      ]
    ],
    "location": [
      3.132858552787411,
      -8.272766164883251,
      1.3483359094672096
    ],
    "rotation": [
      0.014246555484377817,
      0.008149216309537619,
      1.6438794223569946
    ]
  },
  {
    "label_id": "P5W3PzH21kZDfGzI8M2_Hw",
    "size": [
      3.102976625231792,
      12.442215914863029,
      3.289999999999978
    ],
    "obj_class": "vehicle",
    "point_num_in_lidar": 3288,
    "speed": 1.1374233532693354e-13,
    "if_vehicle": true,
    "motion_state": false,
    "pose": [
      [
        -0.998007285616715,
        0.06161284050790668,
        0.01361307241234678,
        -25.83474257318619
      ],
      [
        -0.06149139848493588,
        -0.9980655180207586,
        0.009166768804846383,
        9.284364917255516
      ],
      [
        0.014151528833428842,
        0.008311415192488814,
        0.9998653182349985,
        1.7264236508907516
      ],
      [
        0.0,
        0.0,
        0.0,
        1.0
      ]
    ],
    "location": [
      -25.83474257318619,
      9.284364917255516,
      1.7264236508907516
    ],
    "rotation": [
      0.008312343286786893,
      -0.014152001220467204,
      -3.080056267307145
    ]
  },
  {
    "label_id": "RB-oIFuuBhuOu_4wBXtzcQ",
    "size": [
      1.9645943556835388,
      4.318930102955118,
      1.564739240841142
    ],
    "obj_class": "vehicle",
    "point_num_in_lidar": 40,
    "speed": 1.7763568394002505e-14,
    "if_vehicle": true,
    "motion_state": false,
    "pose": [
      [
        -0.9953497365331736,
        0.09536029699428403,
        0.01361307241234678,
        23.452750645354627
      ],
      [
        -0.09524089574732228,
        -0.9954120464043653,
        0.009166768804846383,
        13.326092589249356
      ],
      [
        0.014424762063533006,
        0.007827619704339293,
        0.9998653182349985,
        0.6215602004971004
      ],
      [
        0.0,
        0.0,
        0.0,
        1.0
      ]
    ],
    "location": [
      23.452750645354627,
      13.326092589249356,
      0.6215602004971004
    ],
    "rotation": [
      0.007828514154911245,
      -0.014425262346125506,
      -3.0461972259126653
    ]
  },
  {
    "label_id": "T3lsRLzCMMSY3Dl_tzxcqw",
    "size": [
      0.8193820258429334,
      0.09376311697755056,
      0.8000000000000043
    ],
    "obj_class": "sign",
    "point_num_in_lidar": 29,
    "speed": 0.002712999044016701,
    "if_vehicle": false,
    "motion_state": false,
    "pose": [
      [
        0.3933635480928652,
        -0.9192822217857192,
        0.01361307241234678,
        -7.7115687448471135
      ],
      [
        0.9192796812222134,
        0.3934982058938313,
        0.009166768804846383,
        16.688566705977337
      ],
      [
        -0.01378356716447647,
        0.008908348166055688,
        0.9998653182349985,
        3.2162084859353683
      ],
      [
        0.0,
        0.0,
        0.0,
        1.0
      ]
    ],
    "location": [
      -7.7115687448471135,
      16.688566705977337,
      3.2162084859353683
    ],
    "rotation": [
      0.008909312384164434,
      0.01378400365092241,
      1.1664684511153147
    ]
  },
  {
    "label_id": "VIgfW057J6zNoT8MSku42Q",
    "size": [
      2.038907894282811,
      4.544739353990225,
      1.8300000000000054
    ],
    "obj_class": "vehicle",
    "point_num_in_lidar": 688,
    "speed": 2.360414938495968,
    "if_vehicle": true,
    "motion_state": true,
    "pose": [
      [
        -0.9979261067234336,
        0.06291398715155805,
        0.01361307241234678,
        18.034263020214325
      ],
      [
        -0.06279262115504604,
        -0.9979844974137412,
        0.009166768804846383,
        9.264224499290549
      ],
      [
        0.014162353204502175,
        0.008292957405909473,
        0.9998653182349985,
        0.8859011977012372
      ],
      [
        0.0,
        0.0,
        0.0,
        1.0
      ]
    ],
    "location": [
      18.034263020214325,
      9.264224499290549,
      0.8859011977012372
    ],
    "rotation": [
      0.008293884286599265,
      -0.014162826676408363,
      -3.0787523841061284
    ]
  },
  {
    "label_id": "XQmjRhoi5kGFxGSc7VsbaA",
    "size": [
      2.5693426382234272,
      5.383624736107198,
      2.6299999999999883
    ],
    "obj_class": "vehicle",
    "point_num_in_lidar": 2621,
    "speed": 2.51214793389404e-13,
    "if_vehicle": true,
    "motion_state": false,
    "pose": [
      [
        0.9973319262542188,
        -0.07171968442168114,
        0.01361307241234678,
        15.5857271483967
      ],
      [
        0.0715988385355392,
        0.9973913859012621,
        0.009166768804846383,
        2.9092134358552357
      ],
      [
        -0.014234998925574886,
        -0.008167631016040306,
        0.9998653182349985,
        1.1737428434535389
      ],
      [
        0.0,
        0.0,
        0.0,
        1.0
      ]
    ],
    "location": [
      15.5857271483967,
      2.9092134358552357,
      1.1737428434535389
    ],
    "rotation": [
      -0.008168549507623487,
      0.014235479721380399,
      0.0716674280562017
    ]
  },
  {
    "label_id": "YytKtqwuhzFGLrx28JPtgQ",
    "size": [
      2.8673079452882093,
      7.235536587668475,
      3.3505405405405497
    ],
    "obj_class": "vehicle",
    "point_num_in_lidar": 789,
    "speed": 0.025192462647307942,
    "if_vehicle": true,
    "motion_state": false,
    "pose": [
      [
        0.9990392586363862,
        -0.04165625958671651,
        0.01361307241234678,
        22.70771429903857
      ],
      [
        0.04153367809382142,
        0.9990950525018514,
        0.009166768804846383,
        3.465906743230562
      ],
      [
        -0.013982606597431207,
        -0.00859256094344259,
        0.9998653182349985,
        1.5809332733412518
      ],
      [
        0.0,
        0.0,
        0.0,
        1.0
      ]
    ],
    "location": [
      22.70771429903857,
      3.465906743230562,
      1.5809332733412518
    ],
    "rotation": [
      -0.008593506815557176,
      0.013983062268419442,
      0.041549692922591926
    ]
  },
  {
    "label_id": "ZAWh5ebxHQoiaBpI1opOtQ",
    "size": [
      2.3183299357428697,
      5.252203792437462,
      1.9400000000000048
    ],
    "obj_class": "vehicle",
    "point_num_in_lidar": 1713,
    "speed": 0.0019027177824139138,
    "if_vehicle": true,
    "motion_state": false,
    "pose": [
      [
        0.9973801939777487,
        -0.07104528781280732,
        0.01361307241234678,
        -13.749782766254725
      ],
      [
        0.07092440174861112,
        0.997439571897105,
        0.009166768804846383,
        0.587968731471392
      ],
      [
        -0.014229472847229238,
        -0.008177254631920643,
        0.9998653182349985,
        0.8586715158246392
      ],
      [
        0.0,
        0.0,
        0.0,
        1.0
      ]
    ],
    "location": [
      -13.749782766254725,
      0.587968731471392,
      0.8586715158246392
    ],
    "rotation": [
      -0.00817817377683713,
      0.014229953083278055,
      0.07099119777701673
    ]
  },
  {
    "label_id": "ZqVcS5TpbdlQOy2xeA1L0w",
    "size": [
      2.1659284936682455,
      4.872672216116353,
      1.6000000000000014
    ],
    "obj_class": "vehicle",
    "point_num_in_lidar": 308,
    "speed": 0.0034722953269594654,
    "if_vehicle": true,
    "motion_state": false,
    "pose": [
      [
        0.07389701109946932,
        0.9971729619329142,
        0.01361307241234678,
        -6.015492478982424
      ],
      [
        -0.9972326852838269,
        0.07377629532096587,
        0.009166768804846383,
        20.4269005085539
      ],
      [
        0.008136531949963919,
        -0.014252797572845765,
        0.9998653182349985,
        0.7911800305666645
      ],
      [
        0.0,
        0.0,
        0.0,
        1.0
      ]
    ],
    "location": [
      -6.015492478982424,
      20.4269005085539,
      0.7911800305666645
    ],
    "rotation": [
      -0.014253752035919552,
      -0.008136621729982425,
      -1.4968294412077736
    ]
  },
  {
    "label_id": "ZxcngDw5pn33WhQh4fGo7g",
    "size": [
      1.9931629351995626,
      4.351704980641885,
      1.5900000000000034
    ],
    "obj_class": "vehicle",
    "point_num_in_lidar": 46,
    "speed": 1.0805156823142816e-13,
    "if_vehicle": true,
    "motion_state": false,
    "pose": [
      [
        -0.9969308554458801,
        0.07709444674839996,
        0.01361307241234678,
        -42.48788176240464
      ],
      [
        -0.07697392311633967,
        -0.9969909656109017,
        0.009166768804846383,
        8.402999257310512
      ],
      [
        0.014278817178796867,
        0.008090783077044967,
        0.9998653182349985,
        1.2063065828134683
      ],
      [
        0.0,
        0.0,
        0.0,
        1.0
      ]
    ],
    "location": [
      -42.48788176240464,
      8.402999257310512,
      1.2063065828134683
    ],
    "rotation": [
      0.008091696297392174,
      -0.0142793024285214,
      -3.064534644080135
    ]
  },
  {
    "label_id": "aeKfK2PPlosRBnHhIkTJ8g",
    "size": [
      2.1595732194745088,
      4.812597625051318,
      1.490000000000002
    ],
    "obj_class": "vehicle",
    "point_num_in_lidar": 57,
    "speed": 8.025538894637567,
    "if_vehicle": true,
    "motion_state": true,
    "pose": [
      [
        -0.9980286816151914,
        0.06126528326008987,
        0.01361307241234678,
        -38.789910648687055
      ],
      [
        -0.061143820965195744,
        -0.9980868717238268,
        0.009166768804846383,
        5.184642269209462
      ],
      [
        0.014148633545997795,
        0.008316342922605321,
        0.9998653182349985,
        1.1071974979739707
      ],
      [
        0.0,
        0.0,
        0.0,
        1.0
      ]
    ],
    "location": [
      -38.789910648687055,
      5.184642269209462,
      1.1071974979739707
    ],
    "rotation": [
      0.008317271339946487,
      -0.014149105643138453,
      -3.0804045376134224
    ]
  },
  {
    "label_id": "ahh4Y1SZ-y9Qvly03o_oAA",
    "size": [
      2.062704665767815,
      4.417872033252479,
      1.7451871050278172
    ],
    "obj_class": "vehicle",
    "point_num_in_lidar": 40,
    "speed": 0.0012497102912106385,
    "if_vehicle": true,
    "motion_state": false,
    "pose": [
      [
        0.07576452822291616,
        0.997032808147583,
        0.01361307241234678,
        -6.935751815487947
      ],
      [
        -0.9970927574873485,
        0.07564392451449213,
        0.009166768804846383,
        32.63446529945804
      ],
      [
        0.008109823021165778,
        -0.014268011823329532,
        0.9998653182349985,
        0.6959842257872282
      ],
      [
        0.0,
        0.0,
        0.0,
        1.0
      ]
    ],
    "location": [
      -6.935751815487947,
      32.63446529945804,
      0.6959842257872282
    ],
    "rotation": [
      -0.014268965241183262,
      -0.008109911919932022,
      -1.494956627171429
    ]
  },
  {
    "label_id": "bA4NouE1x7OzqmpHmrXLCA",
    "size": [
      0.7640776443058694,
      0.060923233862056884,
      0.7700000000000031
    ],
    "obj_class": "sign",
    "point_num_in_lidar": 25,
    "speed": 0.0026614738067237465,
    "if_vehicle": false,
    "motion_state": false,
    "pose": [
      [
        0.9999073378366098,
        3.6134749861504275e-14,
        0.01361307241234678,
        8.576271802149336
      ],
      [
        -0.00012479945175094246,
        0.9999579765044004,
        0.009166768804846383,
        13.72479916842326
      ],
      [
        -0.013612500343457833,
        -0.009167618296191334,
        0.9998653182349985,
        2.769613995643006
      ],
      [
        0.0,
        0.0,
        0.0,
        1.0
      ]
    ],
    "location": [
      8.576271802149336,
      13.72479916842326,
      2.769613995643006
    ],
    "rotation": [
      -0.009168596251164658,
      0.013612920778278078,
      -0.00012481101636170025
    ]
  },
  {
    "label_id": "fEKN6OQe99brECij0ShExg",
    "size": [
      2.1977897881326554,
      4.78244681950412,
      1.8500000000000014
    ],
    "obj_class": "vehicle",
    "point_num_in_lidar": 48,
    "speed": 1.293207299340885e-13,
    "if_vehicle": true,
    "motion_state": false,
    "pose": [
      [
        0.03412214250149393,
        0.9993249539817385,
        0.01361307241234678,
        -7.503220989563033
      ],
      [
        -0.9993798219749607,
        0.03399914379766455,
        0.009166768804846383,
        39.352328711192285
      ],
      [
        0.00869774800758895,
        -0.013917419675420591,
        0.9998653182349985,
        0.7559842257873015
      ],
      [
        0.0,
        0.0,
        0.0,
        1.0
      ]
    ],
    "location": [
      -7.503220989563033,
      39.352328711192285,
      0.7559842257873015
    ],
    "rotation": [
      -0.013918395515665014,
      -0.008697857676617847,
      -1.5366662677933483
    ]
  },
  {
    "label_id": "fh1oSL5OCYHPzBR4ONvPDg",
    "size": [
      2.5441525762012964,
      5.529152590652675,
      2.3499999999999943
    ],
    "obj_class": "vehicle",
    "point_num_in_lidar": 916,
    "speed": 0.011322470875637392,
    "if_vehicle": true,
    "motion_state": false,
    "pose": [
      [
        -0.06373600055519801,
        -0.9978739431875772,
        0.01361307241234678,
        1.2124828147202606
      ],
      [
        0.9979324338324768,
        -0.06361468269879111,
        0.009166768804846383,
        18.36554231423952
      ],
      [
        -0.008281288451513826,
        0.014169179666026028,
        0.9998653182349985,
        1.247894380735815
      ],
      [
        0.0,
        0.0,
        0.0,
        1.0
      ]
    ],
    "location": [
      1.2124828147202606,
      18.36554231423952,
      1.247894380735815
    ],
    "rotation": [
      0.014170139756057232,
      0.008281383109201035,
      1.6345777487122521
    ]
  },
  {
    "label_id": "jiDWv0IHfVYmdLSYdNAeuw",
    "size": [
      2.363577207923452,
      4.784302331303529,
      1.8000000000000043
    ],
    "obj_class": "vehicle",
    "point_num_in_lidar": 1043,
    "speed": 7.944109290391274e-14,
    "if_vehicle": true,
    "motion_state": false,
    "pose": [
      [
        -0.9990004827522266,
        0.042576046320838765,
        0.01361307241234678,
        -16.126767325087826
      ],
      [
        -0.04245351624869239,
        -0.9990563894534684,
        0.009166768804846383,
        10.476572896518746
      ],
      [
        0.013990511746895352,
        0.008579683670467398,
        0.9998653182349985,
        0.8986715158246028
      ],
      [
        0.0,
        0.0,
        0.0,
        1.0
      ]
    ],
    "location": [
      -16.126767325087826,
      10.476572896518746,
      0.8986715158246028
    ],
    "rotation": [
      0.008580628757660174,
      -0.013990968191214908,
      -3.099122215484011
    ]
  },
  {
    "label_id": "lVgMLiYY04OUIeF1a-Z-Bg",
    "size": [
      2.2872766218934637,
      5.0947232382614915,
      1.9223137534269625
    ],
    "obj_class": "vehicle",
    "point_num_in_lidar": 143,
    "speed": 0.0,
    "if_vehicle": true,
    "motion_state": false,
    "pose": [
      [
        -0.9984471608853517,
        0.05401806345544683,
        0.01361307241234678,
        -36.01717333436841
      ],
      [
        -0.05389618190616413,
        -0.9985044676543096,
        0.009166768804846383,
        8.894851464634485
      ],
      [
        0.014087884721211492,
        0.008418841660653653,
        0.9998653182349985,
        1.232063122341991
      ],
      [
        0.0,
        0.0,
        0.0,
        1.0
      ]
    ],
    "location": [
      -36.01717333436841,
      8.894851464634485,
      1.232063122341991
    ],
    "rotation": [
      0.008419776705464633,
      -0.014088350763050487,
      -3.087664987662734
    ]
  },
  {
    "label_id": "mZdp7gLn15GgHZm12rNG3Q",
    "size": [
      0.6889420735339468,
      0.7053705901522827,
      1.5200000000000031
    ],
    "obj_class": "pedestrian",
    "point_num_in_lidar": 32,
    "speed": 0.011958850355019342,
    "if_vehicle": false,
    "motion_state": false,
    "pose": [
      [
        -0.16741743902869363,
        -0.9857921106240249,
        0.01361307241234678,
        25.216172231884457
      ],
      [
        0.9858629299900996,
        -0.16730287989456313,
        0.009166768804846383,
        17.58639964276631
      ],
      [
        -0.006759022148933142,
        0.014955300412079089,
        0.9998653182349985,
        1.0425044214993022
      ],
      [
        0.0,
        0.0,
        0.0,
        1.0
      ]
    ],
    "location": [
      25.216172231884457,
      17.58639964276631,
      1.0425044214993022
    ],
    "rotation": [
      0.014956199616195992,
      0.006759073613614333,
      1.7390097563027573
    ]
  },
  {
    "label_id": "oWHtxuSP48iB5d33eg9RSQ",
    "size": [
      2.1175059291569887,
      4.616705315983924,
      1.6300000000000026
    ],
    "obj_class": "vehicle",
    "point_num_in_lidar": 350,
    "speed": 0.027238982540398245,
    "if_vehicle": true,
    "motion_state": false,
    "pose": [
      [
        0.9936797273206157,
        -0.11142389228313224,
        0.01361307241234678,
        -19.702827069068235
      ],
      [
        0.11130551298616603,
        0.993743957530593,
        0.009166768804846383,
        0.08847702255388867
      ],
      [
        -0.014549305513091606,
        -0.007593622318236796,
        0.9998653182349985,
        0.7636715158245551
      ],
      [
        0.0,
        0.0,
        0.0,
        1.0
      ]
    ],
    "location": [
      -19.702827069068235,
      0.08847702255388867,
      0.7636715158245551
    ],
    "rotation": [
      -0.007594499167250281,
      0.014549818867047384,
      0.11154848584814696
    ]
  },
  {
    "label_id": "sDKPtRk_p23MDT4FUoeVww",
    "size": [
      0.673870700876516,
      0.8508007541018325,
      1.7600000000000051
    ],
    "obj_class": "pedestrian",
    "point_num_in_lidar": 176,
    "speed": 1.186896303105266,
    "if_vehicle": false,
    "motion_state": true,
    "pose": [
      [
        -0.9679402361998233,
        0.250811449907947,
        0.01361307241234678,
        10.255119245263927
      ],
      [
        -0.25070334223737595,
        -0.9680205599782928,
        0.009166768804846383,
        -0.6040043140826583
      ],
      [
        0.01547686455453944,
        0.005460041610257423,
        0.9998653182349985,
        0.8882608659787721
      ],
      [
        0.0,
        0.0,
        0.0,
        1.0
      ]
    ],
    "location": [
      10.255119245263927,
      -0.6040043140826583,
      0.8882608659787721
    ],
    "rotation": [
      0.005460722798042429,
      -0.015477482491983297,
      -2.888154899365688
    ]
  },
  {
    "label_id": "sPiWwzIgbtUP7C7dTyFh1g",
    "size": [
      0.1540415523150216,
      0.03859545213254023,
      0.29000000000000625
    ],
    "obj_class": "sign",
    "point_num_in_lidar": 23,
    "speed": 0.006322662639615385,
    "if_vehicle": false,
    "motion_state": false,
    "pose": [
      [
        0.8349513959740837,
        -0.5501552968212019,
        0.01361307241234678,
        -5.3589123813940205
      ],
      [
        0.5500789474013825,
        0.8350623461607315,
        0.009166768804846383,
        -8.742734386396023
      ],
      [
        -0.016410910599831827,
        -0.00016554186669565446,
        0.9998653182349985,
        0.5167361983212047
      ],
      [
        0.0,
        0.0,
        0.0,
        1.0
      ]
    ],
    "location": [
      -5.3589123813940205,
      -8.742734386396023,
      0.5167361983212047
    ],
    "rotation": [
      -0.00016556416365685357,
      0.016411647314687226,
      0.5825474887747373
    ]
  },
  {
    "label_id": "snJRcyK-URU6oqMcpLfJiQ",
    "size": [
      0.8009377146964709,
      1.0206146851905107,
      1.750000000000007
    ],
    "obj_class": "pedestrian",
    "point_num_in_lidar": 78,
    "speed": 1.1276184017163795,
    "if_vehicle": false,
    "motion_state": true,
    "pose": [
      [
        -0.9976342560083883,
        0.06738379254750924,
        0.01361307241234678,
        -15.215036732232306
      ],
      [
        -0.06726268934314787,
        -0.9976931897993518,
        0.009166768804846383,
        -3.2377693138457744
      ],
      [
        0.014199361285520566,
        0.008229430715946366,
        0.9998653182349985,
        0.9919731297956318
      ],
      [
        0.0,
        0.0,
        0.0,
        1.0
      ]
    ],
    "location": [
      -15.215036732232306,
      -3.2377693138457744,
      0.9919731297956318
    ],
    "rotation": [
      0.008230353376601274,
      -0.0141998384790919,
      -3.0742723443849425
    ]
  },
  {
    "label_id": "x8XpP78SX3kOOTljT71MqA",
    "size": [
      2.2905901131329927,
      5.639912554416073,
      2.200000000000003
    ],
    "obj_class": "vehicle",
    "point_num_in_lidar": 25,
    "speed": 3.552713678800501e-14,
    "if_vehicle": true,
    "motion_state": false,
    "pose": [
      [
        -0.9986753557263554,
        0.04962074288373508,
        0.01361307241234678,
        -68.57852401892637
      ],
      [
        -0.04949861015813119,
        -0.9987321252178143,
        0.009166768804846383,
        6.317899878263688
      ],
      [
        0.014050674619067024,
        0.008480797932648056,
        0.9998653182349985,
        1.8451575415861754
      ],
      [
        0.0,
        0.0,
        0.0,
        1.0
      ]
    ],
    "location": [
      -68.57852401892637,
      6.317899878263688,
      1.8451575415861754
    ],
    "rotation": [
      0.008481736897827444,
      -0.014051136977587083,
      -3.0920689154879555
    ]
  }
]