[
  {
    "label_id": "-FAHwqVW2G-3XzoYPoMFfw",
    "size": [
      3.1200548967611814,
      11.531225792973089,
      4.109999999999957
    ],
    "obj_class": "vehicle",
    "point_num_in_lidar": 111,
    "speed": 3.972054645195637e-14,
    "if_vehicle": true,
    "motion_state": false,
    "pose": [
      [
        -0.9985104034998875,
        0.05224774371631304,
        0.015720921698376515,
        38.317532355247636
      ],
      [
        -0.05220101039839604,
        -0.9986309157492244,
        0.0033687717720582446,
        13.72797195905855
      ],
      [
        0.015875409156256837,
        0.002543105664367586,
        0.9998707436452481,
        1.8429762349869634
      ],
      [
        0.0,
        0.0,
        0.0,
        1.0
      ]
    ],
    "location": [
      38.317532355247636,
      13.72797195905855,
      1.8429762349869634
    ],
    "rotation": [
      0.0025434289349083395,
      -0.015876076074796117,
      -3.089361318287327
    ]
  },
  {
    "label_id": "5FDGRfKUQ9sdZ1qWgyeWLQ",
    "size": [
      2.04571865920793,
      4.713389250527029,
      1.3400000000000034
    ],
    "obj_class": "vehicle",
    "point_num_in_lidar": 111,
    "speed": 0.7497877958246516,
    "if_vehicle": true,
    "motion_state": false,
    "pose": [
      [
        0.008818481286189325,
        0.9998375303061786,
        0.015720921698376515,
        -3.3244970005835057
      ],
      [
        -0.9999558984596417,
        0.00876655648007995,
        0.0033687717720582446,
        17.821632213010616
      ],
      [
        0.0032304061007521517,
        -0.0157499358323431,
        0.9998707436452481,
        0.7724818700617604
      ],
      [
        0.0,
        0.0,
        0.0,
        1.0
      ]
    ],
    "location": [
      -3.3244970005835057,
      17.821632213010616,
      0.7724818700617604
    ],
    "rotation": [
      -0.015750669251395618,
      -0.00323041171927504,
      -1.5619776851940574
    ]
  },
  {
    "label_id": "5tqAjOce6YWfi1CdeCMP-Q",
    "size": [
      2.2636790255731114,
      4.979165260291454,
      1.8500000000000014
    ],
    "obj_class": "vehicle",
    "point_num_in_lidar": 1206,
    "speed": 1.7852165294699933e-13,
    "if_vehicle": true,
    "motion_state": false,
    "pose": [
      [
        -0.9954394120053951,
        0.09409160242713957,
        0.015720921698376515,
        10.627576893746095
      ],
      [
        -0.094049966024591,
        -0.9955617787297387,
        0.0033687717720582446,
        11.982496768205692
      ],
      [
        0.01596812190355094,
        0.0018748560403504652,
        0.9998707436452481,
        0.8802654804896264
      ],
      [
        0.0,
        0.0,
        0.0,
        1.0
      ]
    ],
    "location": [
      10.627576893746095,
      11.982496768205692,
      0.8802654804896264
    ],
    "rotation": [
      0.001875096211128604,
      -0.015968800575820265,
      -3.047391435046893
    ]
  },
  {
    "label_id": "7-Cir_6eWG09wehRQVtTtw",
    "size": [
      0.4470415938999135,
      0.09818506062016025,
      0.16146885882913153
    ],
    "obj_class": "sign",
    "point_num_in_lidar": 55,
    "speed": 0.002203432646238204,
    "if_vehicle": false,
    "motion_state": false,
    "pose": [
      [
        -0.9903851741966077,
        -0.1374411123081761,
        0.015720921698376515,
        -10.778450603627562
      ],
      [
        0.13750978334773087,
        -0.9904946798748633,
        0.0033687717720582446,
        -0.9215523269544974
      ],
      [
        0.015108481565507167,
        0.005498162155068915,
        0.9998707436452481,
        2.1010378028371406
      ],
      [
        0.0,
        0.0,
        0.0,
        1.0
      ]
    ],
    "location": [
      -10.778450603627562,
      -0.9215523269544974,
      2.1010378028371406
    ],
    "rotation": [
      0.0054988174960971,
      -0.015109056417208541,
      3.003629932331358
    ]
  },
  {
    "label_id": "AEZuZTCdAj38T5tnQh0N3A",
    "size": [
      1.9764182524732354,
      4.583813116773403,
      1.6100000000000065
    ],
    "obj_class": "vehicle",
    "point_num_in_lidar": 155,
    "speed": 5.0242958677880804e-14,
    "if_vehicle": true,
    "motion_state": false,
    "pose": [
      [
        -0.9923640938281687,
        0.12233706675227739,
        0.015720921698376515,
        -49.140200029869106
      ],
      [
        -0.12229892396934598,
        -0.9924875941656339,
        0.0033687717720582446,
        7.589575708010898
      ],
      [
        0.016014945411639493,
        0.0014203963393747032,
        0.9998707436452481,
        1.2996785004646938
      ],
      [
        0.0,
        0.0,
        0.0,
        1.0
      ]
    ],
    "location": [
      -49.140200029869106,
      7.589575708010898,
      1.2996785004646938
    ],
    "rotation": [
      0.0014205790027636727,
      -0.016015630072129576,
      -3.0189709825983715
    ]
  },
  {
    "label_id": "Bbx8pLm5ey4t1wPBh4cdAw",
    "size": [
      2.12387721978396,
      4.766762156548458,
      1.8100000000000023
    ],
    "obj_class": "vehicle",
    "point_num_in_lidar": 330,
    "speed": 0.028841313613191394,
    "if_vehicle": true,
    "motion_state": false,
    "pose": [
      [
        -0.9953189583011492,
        0.09535734826047076,
        0.015720921698376515,
        17.67214109768065
      ],
      [
        -0.09531586749571237,
        -0.9954413778722923,
        0.0033687717720582446,
        12.903324747092483
      ],
      [
        0.015970493099932533,
        0.0018545491214064028,
        0.9998707436452481,
        0.77156020049717
      ],
      [
        0.0,
        0.0,
        0.0,
        1.0
      ]
    ],
    "location": [
      17.67214109768065,
      12.903324747092483,
      0.77156020049717
    ],
    "rotation": [
      0.0018547867376842537,
      -0.015971172074609505,
      -3.046119653493098
    ]
  },
  {
    "label_id": "C-7CDilIzKn25wyKRr9jJA",
    "size": [
      2.150775257331862,
      5.0328621732727665,
      1.5100000000000051
    ],
    "obj_class": "vehicle",
    "point_num_in_lidar": 3221,
    "speed": 3.247825342708624,
    "if_vehicle": true,
    "motion_state": true,
    "pose": [
      [
        0.11694785399297468,
        0.9930136212899556,
        0.015720921698376515,
        -2.894815460518089
      ],
      [
        -0.9931369127354808,
        0.1169090413055633,
        0.0033687717720582446,
        -3.01960901462985
      ],
      [
        0.001507318372473912,
        -0.016006998270216205,
        0.9998707436452481,
        0.6878453061861194
      ],
      [
        0.0,
        0.0,
        0.0,
        1.0
      ]
    ],
    "location": [
      -2.894815460518089,
      -3.01960901462985,
      0.6878453061861194
    ],
    "rotation": [
      -0.01600770009826119,
      -0.0015073189432478987,
      -1.4535801061275926
    ]
  },
  {
    "label_id": "DfUOspd1ep_pDGx1yZG9Uw",
    "size": [
      2.0930877344471854,
      4.702836163548996,
      1.8500000000000014
    ],
    "obj_class": "vehicle",
    "point_num_in_lidar": 2910,
    "speed": 6.036759959707733,
    "if_vehicle": true,
    "motion_state": true,
    "pose": [
      [
        -0.9973003096158212,
        0.07172827239757579,
        0.015720921698376515,
        -1.0698906636953325
      ],
      [
        -0.07168390032952633,
        -0.9974217111183685,
        0.0033687717720582446,
        7.765337685953682
      ],
      [
        0.01592202480006405,
        0.002232740147184016,
        0.9998707436452481,
        0.999049456200666
      ],
      [
        0.0,
        0.0,
        0.0,
        1.0
      ]
    ],
    "location": [
      -1.0698906636953325,
      7.765337685953682,
      0.999049456200666
    ],
    "rotation": [
      0.0022330250687507026,
      -0.015922697611224213,
      -3.0698381071066536
    ]
  },
  {
    "label_id": "GS-f_3-9m5tpTzs1EqI4-Q",
    "size": [
      0.4850466627916108,
      0.07902573047840633,
      0.20153950352409566
    ],
    "obj_class": "sign",
    "point_num_in_lidar": 120,
    "speed": 0.0011586930691474563,
    "if_vehicle": false,
    "motion_state": false,
    "pose": [
      [
        0.14101164670200914,
        0.9898831083089262,
        0.015720921698376515,
        5.197465196119765
      ],
      [
        -0.9900073053420914,
        0.14097583745464592,
        0.0033687717720582446,
        -7.636546990939905
      ],
      [
        0.0011184201709208412,
        -0.016038863383044926,
        0.9998707436452481,
        2.2525661577042086
      ],
      [
        0.0,
        0.0,
        0.0,
        1.0
      ]
    ],
    "location": [
      5.197465196119765,
      -7.636546990939905,
      2.2525661577042086
    ],
    "rotation": [
      -0.01603956114844818,
      -0.0011184204040861673,
      -1.4293130400146643
    ]
  },
  {
    "label_id": "II9hCDJdG-EL7T23hW66TA",
    "size": [
      2.169638695984415,
      4.618757893724354,
      1.7700000000000031
    ],
    "obj_class": "vehicle",
    "point_num_in_lidar": 190,
    "speed": 2.1683198553528098e-13,
    "if_vehicle": true,
    "motion_state": false,
    "pose": [
      [
        0.9986207220526082,
        -0.050094970886118854,
        0.015720921698376515,
        -26.808308418339948
      ],
      [
        0.050047977868931524,
        0.998741133271269,
        0.0033687717720582446,
        -0.6173348429897487
      ],
      [
        -0.01586988967694868,
        -0.0025773249582036954,
        0.9998707436452481,
        1.053671515824533
      ],
      [
        0.0,
        0.0,
        0.0,
        1.0
      ]
    ],
    "location": [
      -26.808308418339948,
      -0.6173348429897487,
      1.053671515824533
    ],
    "rotation": [
      -0.002577652427991259,
      0.015870555900064975,
      0.05007520629531033
    ]
  },
  {
    "label_id": "KExt1_lZn78J8VsbsFyZVw",
    "size": [
      0.5970706012783912,
      0.6505881208428722,
      1.6700000000000017
    ],
    "obj_class": "pedestrian",
    "point_num_in_lidar": 38,
    "speed": 0.05814850302682019,
    "if_vehicle": false,
    "motion_state": false,
    "pose": [
      [
        -0.0696010155311166,
        -0.9974510269973113,
        0.015720921698376515,
        25.90415018584531
      ],
      [
        0.9975723335846839,
        -0.06955638463258469,
        0.0033687717720582446,
        17.629758626227158
      ],
      [
        -0.0022666943873280248,
        0.015917226481179363,
        0.9998707436452481,
        0.9725044214993233
      ],
      [
        0.0,
        0.0,
        0.0,
        1.0
      ]
    ],
    "location": [
      25.90415018584531,
      17.629758626227158,
      0.9725044214993233
    ],
    "rotation": [
      0.015917939580119157,
      0.0022666963283419963,
      1.6404538391340153
    ]
  },
  {
    "label_id": "NpOYq1LvezmGuK1h3sh1Ig",
    "size": [
      0.47512099846017325,
      0.05187169363348636,
      0.490000000000002
    ],
    "obj_class": "sign",
    "point_num_in_lidar": 35,
    "speed": 0.005973964009981129,
    "if_vehicle": false,
    "motion_state": false,
    "pose": [
      [
        0.9998764186743048,
        -5.169398734371201e-14,
        0.015720921698376515,
        -11.873982177488642
      ],
      [
        -5.29667428968328e-05,
        0.999994324269529,
        0.0033687717720582446,
        12.626166323747384
      ],
      [
        -0.01572083247066237,
        -0.003369188140794388,
        0.9998707436452481,
        2.805778209217074
      ],
      [
        0.0,
        0.0,
        0.0,
        1.0
      ]
    ],
    "location": [
      -11.873982177488642,
      12.626166323747384,
      2.805778209217074
    ],
    "rotation": [
      -0.0033696109328447666,
      0.015721480095763473,
      -5.297328935661338e-05
    ]
  },
  {
    "label_id": "OinBLW0UfALpTqwdQFfp6g",
    "size": [
      0.8118872121116999,
      0.10779766564128707,
      0.7800000000000011
    ],
    "obj_class": "sign",
    "point_num_in_lidar": 339,
    "speed": 0.005789427926510217,
    "if_vehicle": false,
    "motion_state": false,
    "pose": [
      [
        -0.9903851741963153,
        -0.13744111231028197,
        0.015720921698376515,
        -10.795984563057687
      ],
      [
        0.137509783349837,
        -0.9904946798745708,
        0.0033687717720582446,
        -0.9279058442418773
      ],
      [
        0.015108481565495475,
        0.00549816215510104,
        0.9998707436452481,
        2.5825243448095137
      ],
      [
        0.0,
        0.0,
        0.0,
        1.0
      ]
    ],
    "location": [
      -10.795984563057687,
      -0.9279058442418773,
      2.5825243448095137
    ],
    "rotation": [
      0.005498817496129227,
      -0.015109056417196847,
      3.0036299323292313
    ]
  },
  {
    "label_id": "P1ky-Rbaej9JvbPv9kZKYA",
    "size": [
      2.343437229459908,
      5.117642954333817,
      2.809999999999995
    ],
    "obj_class": "vehicle",
    "point_num_in_lidar": 4135,
    "speed": 0.001076262240881996,
    "if_vehicle": true,
    "motion_state": false,
    "pose": [
      [
        -0.0709190813983895,
        -0.9973581786472512,
        0.015720921698376515,
        3.1333570273388887
      ],
      [
        0.9974795441082155,
        -0.07087461084488854,
        0.0033687717720582446,
        -8.27715064351537
      ],
      [
        -0.0022456578713628836,
        0.015920208008172752,
        0.9998707436452481,
        1.3483359094672238
      ],
      [
        0.0,
        0.0,
        0.0,
        1.0
      ]
    ],
    "location": [
      3.1333570273388887,
      -8.27715064351537,
      1.3483359094672238
    ],
    "rotation": [
      0.015920920736906645,
      0.002245659758834851,
      1.641775170529489
    ]
  },
  {
    "label_id": "P5W3PzH21kZDfGzI8M2_Hw",
    "size": [
      3.1029766252317934,
      12.442215914863029,
      3.289999999999978
    ],
    "obj_class": "vehicle",
    "point_num_in_lidar": 3343,
    "speed": 1.1374233532693354e-13,
    "if_vehicle": true,
    "motion_state": false,
    "pose": [
      [
        -0.9979764252078771,
        0.061610935313951454,
        0.015720921698376515,
        -25.834742573186304
      ],
      [
        -0.06156533439174686,
        -0.9980973704894629,
        0.0033687717720582446,
        9.284364917255289
      ],
      [
        0.015898563788556086,
        0.002394091009112873,
        0.9998707436452481,
        1.7264236508907445
      ],
      [
        0.0,
        0.0,
        0.0,
        1.0
      ]
    ],
    "location": [
      -25.834742573186304,
      9.284364917255289,
      1.7264236508907445
    ],
    "rotation": [
      0.0023943959247870604,
      -0.015899233629721354,
      -3.0799805639357305
    ]
  },
  {
    "label_id": "RB-oIFuuBhuOu_4wBXtzcQ",
    "size": [
      1.9645943556835432,
      4.318930102955118,
      1.564739240841142
    ],
    "obj_class": "vehicle",
    "point_num_in_lidar": 385,
    "speed": 0.0032218589312757633,
    "if_vehicle": true,
    "motion_state": false,
    "pose": [
      [
        -0.9953189583011418,
        0.09535734826054856,
        0.015720921698376515,
        23.452750645354627
      ],
      [
        -0.0953158674957902,
        -0.9954413778722848,
        0.0033687717720582446,
        13.326092589249129
      ],
      [
        0.01597049309993268,
        0.0018545491214051546,
        0.9998707436452481,
        0.6215602004971004
      ],
      [
        0.0,
        0.0,
        0.0,
        1.0
      ]
    ],
    "location": [
      23.452750645354627,
      13.326092589249129,
      0.6215602004971004
    ],
    "rotation": [
      0.0018547867376830054,
      -0.01597117207460965,
      -3.0461196534930197
    ]
  },
  {
    "label_id": "T3lsRLzCMMSY3Dl_tzxcqw",
    "size": [
      0.8193820258429354,
      0.09376311697755056,
      0.8000000000000043
    ],
    "obj_class": "sign",
    "point_num_in_lidar": 51,
    "speed": 0.002712999021210918,
    "if_vehicle": false,
    "motion_state": false,
    "pose": [
      [
        0.39335138449439244,
        -0.9192537957154696,
        0.015720921698376515,
        -7.7163715505521395
      ],
      [
        0.9193413571607041,
        0.39344646445312303,
        0.0033687717720582446,
        16.678533586473804
      ],
      [
        -0.009282097298534294,
        0.013127782449417886,
        0.9998707436452481,
        3.1882539127107634
      ],
      [
        0.0,
        0.0,
        0.0,
        1.0
      ]
    ],
    "location": [
      -7.7163715505521395,
      16.678533586473804,
      3.1882539127107634
    ],
    "rotation": [
      0.013128725162061889,
      0.009282230590489268,
      1.1665038988246301
    ]
  },
  {
    "label_id": "VIgfW057J6zNoT8MSku42Q",
    "size": [
      2.0389078942827266,
      4.544739353990225,
      1.8300000000000054
    ],
    "obj_class": "vehicle",
    "point_num_in_lidar": 1051,
    "speed": 1.6050135089233823,
    "if_vehicle": true,
    "motion_state": true,
    "pose": [
      [
        -0.9980190803653868,
        0.060916072161468666,
        0.015720921698376515,
        12.699586979994137
      ],
      [
        -0.060870387041300426,
        -0.998139993867689,
        0.0033687717720582446,
        8.890914199158942
      ],
      [
        0.01589689303197417,
        0.002405159917484287,
        0.9998707436452481,
        0.8859011977012301
      ],
      [
        0.0,
        0.0,
        0.0,
        1.0
      ]
    ],
    "location": [
      12.699586979994137,
      8.890914199158942,
      0.8859011977012301
    ],
    "rotation": [
      0.0024054662003086943,
      -0.015897562661967762,
      -3.0806769071357607
    ]
  },
  {
    "label_id": "XQmjRhoi5kGFxGSc7VsbaA",
    "size": [
      2.5693426382234286,
      5.383624736107198,
      2.6299999999999883
    ],
    "obj_class": "vehicle",
    "point_num_in_lidar": 2864,
    "speed": 2.51214793389404e-13,
    "if_vehicle": true,
    "motion_state": false,
    "pose": [
      [
        0.9973010867288619,
        -0.07171746670361963,
        0.015720921698376515,
        15.5857271483967
      ],
      [
        0.07167309332019468,
        0.9974224877506335,
        0.0033687717720582446,
        2.9092134358552357
      ],
      [
        -0.015922000607522295,
        -0.0022329126612479874,
        0.9998707436452481,
        1.173742843453546
      ],
      [
        0.0,
        0.0,
        0.0,
        1.0
      ]
    ],
    "location": [
      15.5857271483967,
      2.9092134358552357,
      1.173742843453546
    ],
    "rotation": [
      -0.002233197604255695,
      0.015922673415615343,
      0.07174371019578059
    ]
  },
  {
    "label_id": "YytKtqwuhzFGLrx28JPtgQ",
    "size": [
      2.8673079452882027,
      7.235536587668475,
      3.3505405405405497
    ],
    "obj_class": "vehicle",
    "point_num_in_lidar": 1082,
    "speed": 0.008139765717182602,
    "if_vehicle": true,
    "motion_state": false,
    "pose": [
      [
        0.9990441929421069,
        -0.040786678825418504,
        0.015720921698376515,
        22.679406019928706
      ],
      [
        0.04073856574022199,
        0.9991641610056764,
        0.0033687717720582446,
        3.4835823030336996
      ],
      [
        -0.01584518255129738,
        -0.002725104074115886,
        0.9998707436452481,
        1.5809332733412589
      ],
      [
        0.0,
        0.0,
        0.0,
        1.0
      ]
    ],
    "location": [
      22.679406019928706,
      3.4835823030336996,
      1.5809332733412589
    ],
    "rotation": [
      -0.0027254496083676514,
      0.01584584566738222,
      0.04075496198580593
    ]
  },
  {
    "label_id": "ZAWh5ebxHQoiaBpI1opOtQ",
    "size": [
      2.3183299357428715,
      5.252203792437462,
      1.9400000000000048
    ],
    "obj_class": "vehicle",
    "point_num_in_lidar": 1630,
    "speed": 0.004523172125461082,
    "if_vehicle": true,
    "motion_state": false,
    "pose": [
      [
        0.9973493529598557,
        -0.07104309094845702,
        0.015720921698376515,
        -13.766358977089453
      ],
      [
        0.07099863548570874,
        0.9974707239492872,
        0.0033687717720582446,
        0.5952198953684729
      ],
      [
        -0.015920487107016608,
        -0.0022436783579693133,
        0.9998707436452481,
        0.8586715158246392
      ],
      [
        0.0,
        0.0,
        0.0,
        1.0
      ]
    ],
    "location": [
      -13.766358977089453,
      0.5952198953684729,
      0.8586715158246392
    ],
    "rotation": [
      -0.0022439646387350867,
      0.01592115972324758,
      0.07106744179830705
    ]
  },
  {
    "label_id": "ZqVcS5TpbdlQOy2xeA1L0w",
    "size": [
      2.165928493668281,
      4.872672216116353,
      1.6000000000000014
    ],
    "obj_class": "vehicle",
    "point_num_in_lidar": 321,
    "speed": 0.0034722952978851647,
    "if_vehicle": true,
    "motion_state": false,
    "pose": [
      [
        0.0742306867394262,
        0.9971171735393723,
        0.015720921698376515,
        -6.014073656591108
      ],
      [
        -0.9972386860076021,
        0.07418661945781661,
        0.0033687717720582446,
        20.412734818234185
      ],
      [
        0.0021927781520903493,
        -0.015927577539425673,
        0.9998707436452481,
        0.7913374287721027
      ],
      [
        0.0,
        0.0,
        0.0,
        1.0
      ]
    ],
    "location": [
      -6.014073656591108,
      20.412734818234185,
      0.7913374287721027
    ],
    "rotation": [
      -0.015928289351895938,
      -0.002192779909341254,
      -1.4964971205833228
    ]
  },
  {
    "label_id": "ZxcngDw5pn33WhQh4fGo7g",
    "size": [
      1.9931629351995586,
      4.351704980641885,
      1.5900000000000034
    ],
    "obj_class": "vehicle",
    "point_num_in_lidar": 30,
    "speed": 1.0805156823142816e-13,
    "if_vehicle": true,
    "motion_state": false,
    "pose": [
      [
        -0.9969000283224457,
        0.0770920628317883,
        0.015720921698376515,
        -42.487881762404754
      ],
      [
        -0.07704834446702453,
        -0.997021666761379,
        0.0033687717720582446,
        8.402999257310512
      ],
      [
        0.015933805119857952,
        0.0021470576846210855,
        0.9998707436452481,
        1.2063065828134611
      ],
      [
        0.0,
        0.0,
        0.0,
        1.0
      ]
    ],
    "location": [
      -42.487881762404754,
      8.402999257310512,
      1.2063065828134611
    ],
    "rotation": [
      0.002147331940866863,
      -0.015934479425627156,
      -3.064458060725795
    ]
  },
  {
    "label_id": "ahh4Y1SZ-y9Qvly03o_oAA",
    "size": [
      2.0627046657678147,
      4.417872033252479,
      1.7451871050278172
    ],
    "obj_class": "vehicle",
    "point_num_in_lidar": 72,
    "speed": 0.0012497102806801083,
    "if_vehicle": true,
    "motion_state": false,
    "pose": [
      [
        0.07576218543008671,
        0.9970019778715641,
        0.015720921698376515,
        -6.934824414466107
      ],
      [
        -0.9971235578844249,
        0.0757183048453534,
        0.0033687717720582446,
        32.639504540928556
      ],
      [
        0.00216831057813236,
        -0.015930926888773962,
        0.9998707436452481,
        0.6959842257872282
      ],
      [
        0.0,
        0.0,
        0.0,
        1.0
      ]
    ],
    "location": [
      -6.934824414466107,
      32.639504540928556,
      0.6959842257872282
    ],
    "rotation": [
      -0.015931638284243464,
      -0.0021683122772135576,
      -1.4949612968952868
    ]
  },
  {
    "label_id": "bA4NouE1x7OzqmpHmrXLCA",
    "size": [
      0.7640776443058691,
      0.060923233862056884,
      0.7700000000000031
    ],
    "obj_class": "sign",
    "point_num_in_lidar": 41,
    "speed": 0.002661473784461314,
    "if_vehicle": false,
    "motion_state": false,
    "pose": [
      [
        0.9998764186743048,
        1.9795331768184823e-14,
        0.015720921698376515,
        8.586737515647656
      ],
      [
        -5.296674296833106e-05,
        0.999994324269529,
        0.0033687717720582446,
        13.721709811426763
      ],
      [
        -0.01572083247066213,
        -0.003369188140795512,
        0.9998707436452481,
        2.7464236240241817
      ],
      [
        0.0,
        0.0,
        0.0,
        1.0
      ]
    ],
    "location": [
      8.586737515647656,
      13.721709811426763,
      2.7464236240241817
    ],
    "rotation": [
      -0.003369610932845891,
      0.015721480095763234,
      -5.297328942812047e-05
    ]
  },
  {
    "label_id": "eZRjpTUJ2mfeBaXNVhY0Xg",
    "size": [
      2.1077888558892974,
      4.800487478512236,
      1.8300000000000054
    ],
    "obj_class": "vehicle",
    "point_num_in_lidar": 26,
    "speed": 5.0242958677880804e-14,
    "if_vehicle": true,
    "motion_state": false,
    "pose": [
      [
        0.10304159485973821,
        0.9945528052093138,
        0.015720921698376515,
        -8.436392986691658
      ],
      [
        -0.9946755414953748,
        0.10300106080827894,
        0.0033687717720582446,
        54.806907441187604
      ],
      [
        0.0017311498041938072,
        -0.015984339919250395,
        0.9998707436452481,
        0.7428669824189882
      ],
      [
        0.0,
        0.0,
        0.0,
        1.0
      ]
    ],
    "location": [
      -8.436392986691658,
      54.806907441187604,
      0.7428669824189882
    ],
    "rotation": [
      -0.015985044616344687,
      -0.0017311506688695748,
      -1.467571358052496
    ]
  },
  {
    "label_id": "fEKN6OQe99brECij0ShExg",
    "size": [
      2.197789788132657,
      4.78244681950412,
      1.8500000000000014
    ],
    "obj_class": "vehicle",
    "point_num_in_lidar": 45,
    "speed": 1.293207299340885e-13,
    "if_vehicle": true,
    "motion_state": false,
    "pose": [
      [
        0.034121087375660525,
        0.9992940528279232,
        0.015720921698376515,
        -7.503220989563147
      ],
      [
        -0.9994136972567071,
        0.03407217504690068,
        0.0033687717720582446,
        39.352328711192285
      ],
      [
        0.002830747601146684,
        -0.015826650634840723,
        0.9998707436452481,
        0.7559842257873015
      ],
      [
        0.0,
        0.0,
        0.0,
        1.0
      ]
    ],
    "location": [
      -7.503220989563147,
      39.352328711192285,
      0.7559842257873015
    ],
    "rotation": [
      -0.015827374845650333,
      -0.002830751381686005,
      -1.536668478254476
    ]
  },
  {
    "label_id": "fh1oSL5OCYHPzBR4ONvPDg",
    "size": [
      2.5441525762011867,
      5.529152590652675,
      2.3499999999999943
    ],
    "obj_class": "vehicle",
    "point_num_in_lidar": 567,
    "speed": 0.005885795240936176,
    "if_vehicle": true,
    "motion_state": false,
    "pose": [
      [
        -0.059368343257472776,
        -0.9981123445984507,
        0.015720921698376515,
        1.1970718001915657
      ],
      [
        0.9982331871101957,
        -0.05932247068833902,
        0.0033687717720582446,
        18.347315074145854
      ],
      [
        -0.002429808775180518,
        0.015893144170199856,
        0.9998707436452481,
        1.2349564828205999
      ],
      [
        0.0,
        0.0,
        0.0,
        1.0
      ]
    ],
    "location": [
      1.1970718001915657,
      18.347315074145854,
      1.2349564828205999
    ],
    "rotation": [
      0.01589386024898858,
      0.0024298111661068328,
      1.6301997759932976
    ]
  },
  {
    "label_id": "jiDWv0IHfVYmdLSYdNAeuw",
    "size": [
      2.3635772079234574,
      4.784302331303529,
      1.8000000000000043
    ],
    "obj_class": "vehicle",
    "point_num_in_lidar": 940,
    "speed": 7.944109290391274e-14,
    "if_vehicle": true,
    "motion_state": false,
    "pose": [
      [
        -0.9989695916317196,
        0.042574729783159834,
        0.015720921698376515,
        -16.126767325087826
      ],
      [
        -0.04252683149710938,
        -0.999089645617231,
        0.0033687717720582446,
        10.476572896518519
      ],
      [
        0.015850034636303745,
        0.00269673957338738,
        0.9998707436452481,
        0.8986715158245957
      ],
      [
        0.0,
        0.0,
        0.0,
        1.0
      ]
    ],
    "location": [
      -16.126767325087826,
      10.476572896518519,
      0.8986715158245957
    ],
    "rotation": [
      0.0026970816494079177,
      -0.015850698361795947,
      -3.09904764541382
    ]
  },
  {
    "label_id": "kJ7cJlYspN35OyNKpyaNSw",
    "size": [
      1.9152404807140408,
      4.055110925326073,
      1.7800000000000011
    ],
    "obj_class": "vehicle",
    "point_num_in_lidar": 34,
    "speed": 6.404745667978754e-14,
    "if_vehicle": true,
    "motion_state": false,
    "pose": [
      [
        -0.9965016248158995,
        0.08208144954997972,
        0.015720921698376515,
        -55.1961381396942
      ],
      [
        -0.08203834063928002,
        -0.9966234805792513,
        0.0033687717720582446,
        7.344871987419538
      ],
      [
        0.01594435337120347,
        0.0020672682150351166,
        0.9998707436452481,
        1.5372407553715774
      ],
      [
        0.0,
        0.0,
        0.0,
        1.0
      ]
    ],
    "location": [
      -55.1961381396942,
      7.344871987419538,
      1.5372407553715774
    ],
    "rotation": [
      0.0020675325111059336,
      -0.015945029017142114,
      -3.0594515442332617
    ]
  },
  {
    "label_id": "lVgMLiYY04OUIeF1a-Z-Bg",
    "size": [
      2.287276621893462,
      5.0947232382614915,
      1.9223137534269625
    ],
    "obj_class": "vehicle",
    "point_num_in_lidar": 140,
    "speed": 0.0,
    "if_vehicle": true,
    "motion_state": false,
    "pose": [
      [
        -0.9984162868746786,
        0.05401639310739819,
        0.015720921698376515,
        -36.017173334368294
      ],
      [
        -0.05396987333458167,
        -0.9985368817169433,
        0.0033687717720582446,
        8.894851464634485
      ],
      [
        0.015879889030741723,
        0.0025149804512223668,
        0.9998707436452481,
        1.2320631223419838
      ],
      [
        0.0,
        0.0,
        0.0,
        1.0
      ]
    ],
    "location": [
      -36.017173334368294,
      8.894851464634485,
      1.2320631223419838
    ],
    "rotation": [
      0.002515300265891632,
      -0.015880556514075394,
      -3.0875897297167585
    ]
  },
  {
    "label_id": "mZdp7gLn15GgHZm12rNG3Q",
    "size": [
      0.688942073534023,
      0.7053705901522827,
      1.5200000000000031
    ],
    "obj_class": "pedestrian",
    "point_num_in_lidar": 75,
    "speed": 0.6377559377151365,
    "if_vehicle": false,
    "motion_state": false,
    "pose": [
      [
        0.7915749391685213,
        -0.6108698456310521,
        0.015720921698376515,
        25.774290061173247
      ],
      [
        0.6108999471774673,
        0.7917006416034508,
        0.0033687717720582446,
        17.05847697411673
      ],
      [
        -0.01450414488756576,
        0.006937274924579674,
        0.9998707436452481,
        1.0425044214993022
      ],
      [
        0.0,
        0.0,
        0.0,
        1.0
      ]
    ],
    "location": [
      25.774290061173247,
      17.05847697411673,
      1.0425044214993022
    ],
    "rotation": [
      0.006938060400152899,
      0.014504653475736082,
      0.6572779879970588
    ]
  },
  {
    "label_id": "oWHtxuSP48iB5d33eg9RSQ",
    "size": [
      2.1175059291569895,
      4.616705315983924,
      1.6300000000000026
    ],
    "obj_class": "vehicle",
    "point_num_in_lidar": 352,
    "speed": 0.01356483748131132,
    "if_vehicle": true,
    "motion_state": false,
    "pose": [
      [
        0.9936490007286548,
        -0.11142044683045955,
        0.015720921698376515,
        -19.655115309542794
      ],
      [
        0.11138094869212829,
        0.9937720742932905,
        0.0033687717720582446,
        0.09772678749936858
      ],
      [
        -0.015998363022110596,
        -0.0015963655319087332,
        0.9998707436452481,
        0.7636715158245551
      ],
      [
        0.0,
        0.0,
        0.0,
        1.0
      ]
    ],
    "location": [
      -19.655115309542794,
      0.09772678749936858,
      0.7636715158245551
    ],
    "rotation": [
      -0.0015965705423983843,
      0.01599904555788048,
      0.1116268831495193
    ]
  },
  {
    "label_id": "sDKPtRk_p23MDT4FUoeVww",
    "size": [
      0.6738707008762184,
      0.8508007541018325,
      1.7600000000000051
    ],
    "obj_class": "pedestrian",
    "point_num_in_lidar": 787,
    "speed": 1.238153200243465,
    "if_vehicle": false,
    "motion_state": true,
    "pose": [
      [
        -0.9895541012142671,
        0.1433022448916195,
        0.015720921698376515,
        5.59401868146756
      ],
      [
        -0.14326672318056757,
        -0.9896783807913814,
        0.0033687717720582446,
        -1.8116940783579594
      ],
      [
        0.016041408888460826,
        0.0010812969859904035,
        0.9998707436452481,
        0.7615952192010198
      ],
      [
        0.0,
        0.0,
        0.0,
        1.0
      ]
    ],
    "location": [
      5.59401868146756,
      -1.8116940783579594,
      0.7615952192010198
    ],
    "rotation": [
      0.0010814363469832215,
      -0.01604209694887297,
      -2.99781261857962
    ]
  },
  {
    "label_id": "stwG_nJ0VBwv7fYOvo0-Cw",
    "size": [
      0.7105290112285664,
      2.191229334457561,
      1.2100000000000009
    ],
    "obj_class": "vehicle",
    "point_num_in_lidar": 37,
    "speed": 0.033333396632792826,
    "if_vehicle": true,
    "motion_state": false,
    "pose": [
      [
        -0.13417653487970596,
        -0.9908327356868205,
        0.015720921698376515,
        -34.95036963163693
      ],
      [
        0.9909566826218486,
        -0.1341398693299227,
        0.0033687717720582446,
        -1.1586879885865073
      ],
      [
        -0.001229086968446836,
        0.01603076253715637,
        0.9998707436452481,
        0.8892245059179231
      ],
      [
        0.0,
        0.0,
        0.0,
        1.0
      ]
    ],
    "location": [
      -34.95036963163693,
      -1.1586879885865073,
      0.8892245059179231
    ],
    "rotation": [
      0.01603146133846146,
      0.0012290872779013961,
      1.7053788653872803
    ]
  },
  {
    "label_id": "uVXIbujnCIVSS_RxVS0uEw",
    "size": [
      2.081176596247583,
      4.8334941953638015,
      1.9300000000000068
    ],
    "obj_class": "vehicle",
    "point_num_in_lidar": 20,
    "speed": 0.6532640605374638,
    "if_vehicle": true,
    "motion_state": false,
    "pose": [
      [
        -0.9948919888292149,
        0.09971350552659848,
        0.015720921698376515,
        -67.55522704404382
      ],
      [
        -0.09967256105861398,
        -0.9950145888120258,
        0.0033687717720582446,
        3.0936564267874473
      ],
      [
        0.015978458482167137,
        0.0017846195203356228,
        0.9998707436452481,
        1.9891577661829842
      ],
      [
        0.0,
        0.0,
        0.0,
        1.0
      ]
    ],
    "location": [
      -67.55522704404382,
      3.0936564267874473,
      1.9891577661829842
    ],
    "rotation": [
      0.0017848483282462285,
      -0.015979138473357243,
      -3.0417415256180287
    ]
  },
  {
    "label_id": "x8XpP78SX3kOOTljT71MqA",
    "size": [
      2.2905901131329953,
      5.639912554416073,
      2.200000000000003
    ],
    "obj_class": "vehicle",
    "point_num_in_lidar": 41,
    "speed": 3.552713678800501e-14,
    "if_vehicle": true,
    "motion_state": false,
    "pose": [
      [
        -0.9986444746594351,
        0.04961920850975455,
        0.015720921698376515,
        -68.57852401892637
      ],
      [
        -0.04957215813233417,
        -0.9987648634763092,
        0.0033687717720582446,
        6.317899878263461
      ],
      [
        0.0158686600027803,
        0.002584885300136676,
        0.9998707436452481,
        1.8451575415861825
      ],
      [
        0.0,
        0.0,
        0.0,
        1.0
      ]
    ],
    "location": [
      -68.57852401892637,
      6.317899878263461,
      1.8451575415861825
    ],
    "rotation": [
      0.0025852136968857885,
      -0.015869326071030535,
      -3.0919939195232278
    ]
  }
]