[
  {
    "label_id": "-F5A7bbXR534ssEhSPvsKA",
    "size": [
      0.9144843212921392,
      1.0494597753535118,
      1.740000000000002
    ],
    "obj_class": "pedestrian",
    "point_num_in_lidar": 101,
    "speed": 1.1704971600839182,
    "if_vehicle": false,
    "motion_state": true,
    "pose": [
      [
        0.9938134540115683,
        -0.11080174110428619,
        0.007602157184320991,
        -8.601878324089967
      ],
      [
        0.11072520499763114,
        0.9938023159251106,
        0.009843060505730469,
        14.396745556554833
      ],
      [
        -0.00864566965763469,
        -0.008940415546586698,
        0.9999226576920964,
        0.8764940459317927
      ],
      [
        0.0,
        0.0,
        0.0,
        1.0
      ]
    ],
    "location": [
      -8.601878324089967,
      14.396745556554833,
      0.8764940459317927
    ],
    "rotation": [
      -0.008940868823050495,
      0.008645777368439468,
      0.11095687628317584
    ]
  },
  {
    "label_id": "-H4mHZRW8n7aRqwatB9ZGw",
    "size": [
      2.119300748150477,
      4.685897212546479,
      1.7800000000000011
    ],
    "obj_class": "vehicle",
    "point_num_in_lidar": 23,
    "speed": 0.015679109518533834,
    "if_vehicle": true,
    "motion_state": false,
    "pose": [
      [
        -0.19284768672843888,
        -0.9811992544481649,
        0.007602157184320991,
        0.6216274844832697
      ],
      [
        0.9811945027067427,
        -0.19277049052681403,
        0.009843060505730469,
        31.087433846702424
      ],
      [
        -0.008192532060227414,
        0.009357406286826506,
        0.9999226576920964,
        0.8259842257872592
      ],
      [
        0.0,
        0.0,
        0.0,
        1.0
      ]
    ],
    "location": [
      0.6216274844832697,
      31.087433846702424,
      0.8259842257872592
    ],
    "rotation": [
      0.009357856902396097,
      0.008192623706818555,
      1.7648664101827767
    ]
  },
  {
    "label_id": "0Mszwh9T8XA40wt2KRP44w",
    "size": [
      0.7583054554566856,
      0.8208242572220442,
      1.6100000000000065
    ],
    "obj_class": "pedestrian",
    "point_num_in_lidar": 133,
    "speed": 1.0675688558090322,
    "if_vehicle": false,
    "motion_state": true,
    "pose": [
      [
        -0.9969869684002508,
        0.07719580329410529,
        0.007602157184320991,
        -12.293573545978234
      ],
      [
        -0.07711968672215,
        -0.9969732534425174,
        0.009843060505730469,
        -2.21837198889898
      ],
      [
        0.008338990343846251,
        0.009227127072921086,
        0.9999226576920964,
        0.9016433508937709
      ],
      [
        0.0,
        0.0,
        0.0,
        1.0
      ]
    ],
    "location": [
      -12.293573545978234,
      -2.21837198889898,
      0.9016433508937709
    ],
    "rotation": [
      0.009227578862557009,
      -0.008339086994045333,
      -3.0643936277987778
    ]
  },
  {
    "label_id": "5FDGRfKUQ9sdZ1qWgyeWLQ",
    "size": [
      2.045718659207985,
      4.713389250527029,
      1.3400000000000034
    ],
    "obj_class": "vehicle",
    "point_num_in_lidar": 87,
    "speed": 2.948812724201318,
    "if_vehicle": true,
    "motion_state": true,
    "pose": [
      [
        0.04037496031206634,
        0.999155678453535,
        0.007602157184320991,
        -3.597852731460762
      ],
      [
        -0.9991391656886845,
        0.040299401320617,
        0.009843060505730469,
        26.79814229138924
      ],
      [
        0.00952838741438896,
        -0.007993026163844848,
        0.9999226576920964,
        0.7964816745550749
      ],
      [
        0.0,
        0.0,
        0.0,
        1.0
      ]
    ],
    "location": [
      -3.597852731460762,
      26.79814229138924,
      0.7964816745550749
    ],
    "rotation": [
      -0.00799347415704743,
      -0.009528531600926846,
      -1.5304085545272552
    ]
  },
  {
    "label_id": "5tqAjOce6YWfi1CdeCMP-Q",
    "size": [
      2.263679025573109,
      4.979165260291454,
      1.8500000000000014
    ],
    "obj_class": "vehicle",
    "point_num_in_lidar": 323,
    "speed": 1.7852165294699933e-13,
    "if_vehicle": true,
    "motion_state": false,
    "pose": [
      [
        -0.9955336763489171,
        0.09410051254565198,
        0.007602157184320991,
        10.627576893746095
      ],
      [
        -0.09402417422968479,
        -0.9955212548310088,
        0.009843060505730469,
        11.98249676820592
      ],
      [
        0.008494346098164903,
        0.00908431166017464,
        0.9999226576920964,
        0.8802654804896264
      ],
      [
        0.0,
        0.0,
        0.0,
        1.0
      ]
    ],
    "location": [
      10.627576893746095,
      11.98249676820592,
      0.8802654804896264
    ],
    "rotation": [
      0.00908476437711535,
      -0.008494448251537074,
      -3.047425980425004
    ]
  },
  {
    "label_id": "7-Cir_6eWG09wehRQVtTtw",
    "size": [
      0.44704159389991266,
      0.09818506062016025,
      0.16146885882913153
    ],
    "obj_class": "sign",
    "point_num_in_lidar": 41,
    "speed": 0.003712477417124021,
    "if_vehicle": false,
    "motion_state": false,
    "pose": [
      [
        -0.9904789599229461,
        -0.1374541274611414,
        0.007602157184320991,
        -10.774872144057895
      ],
      [
        0.13752556047611636,
        -0.9904493093417809,
        0.009843060505730469,
        -0.9154503788306556
      ],
      [
        0.006176582039355979,
        0.010794835259775823,
        0.9999226576920964,
        2.1310155439807232
      ],
      [
        0.0,
        0.0,
        0.0,
        1.0
      ]
    ],
    "location": [
      -10.774872144057895,
      -0.9154503788306556,
      2.1310155439807232
    ],
    "rotation": [
      0.010795250851974292,
      -0.006176621312968248,
      3.0036272029886404
    ]
  },
  {
    "label_id": "Bbx8pLm5ey4t1wPBh4cdAw",
    "size": [
      2.1238772197839575,
      4.766762156548458,
      1.8100000000000023
    ],
    "obj_class": "vehicle",
    "point_num_in_lidar": 478,
    "speed": 0.03985056196565493,
    "if_vehicle": true,
    "motion_state": false,
    "pose": [
      [
        -0.9954132112381614,
        0.09536637824032229,
        0.007602157184320991,
        17.65500439593029
      ],
      [
        -0.09529002419060933,
        -0.9954008868037207,
        0.009843060505730469,
        12.886825017071487
      ],
      [
        0.00850589103412626,
        0.009073502724425928,
        0.9999226576920964,
        0.77156020049717
      ],
      [
        0.0,
        0.0,
        0.0,
        1.0
      ]
    ],
    "location": [
      17.65500439593029,
      12.886825017071487,
      0.77156020049717
    ],
    "rotation": [
      0.009073955496390684,
      -0.008505993604593544,
      -3.046154365307662
    ]
  },
  {
    "label_id": "C-7CDilIzKn25wyKRr9jJA",
    "size": [
      2.150775257331897,
      5.0328621732727665,
      1.5100000000000051
    ],
    "obj_class": "vehicle",
    "point_num_in_lidar": 199,
    "speed": 0.3672690075628571,
    "if_vehicle": true,
    "motion_state": false,
    "pose": [
      [
        0.032113782394099046,
        0.9994553077484202,
        0.007602157184320991,
        -3.1959222308526023
      ],
      [
        -0.9994381709184008,
        0.03203836249189319,
        0.009843060505730469,
        17.43962412607084
      ],
      [
        0.009594138399349542,
        -0.00791398397450493,
        0.9999226576920964,
        0.8746627098763398
      ],
      [
        0.0,
        0.0,
        0.0,
        1.0
      ]
    ],
    "location": [
      -3.1959222308526023,
      17.43962412607084,
      0.8746627098763398
    ],
    "rotation": [
      -0.007914430854884403,
      -0.009594285591508853,
      -1.5386755431788703
    ]
  },
  {
    "label_id": "DfUOspd1ep_pDGx1yZG9Uw",
    "size": [
      2.093087734447059,
      4.702836163548996,
      1.8500000000000014
    ],
    "obj_class": "vehicle",
    "point_num_in_lidar": 1103,
    "speed": 0.5391258891995933,
    "if_vehicle": true,
    "motion_state": false,
    "pose": [
      [
        -0.9964353387641433,
        0.08401680110627756,
        0.007602157184320991,
        10.287281747624093
      ],
      [
        -0.0839405924594229,
        -0.9964221450256119,
        0.009843060505730469,
        8.617244303489315
      ],
      [
        0.00840194022521,
        0.009169843751481938,
        0.9999226576920964,
        0.8740489972497869
      ],
      [
        0.0,
        0.0,
        0.0,
        1.0
      ]
    ],
    "location": [
      10.287281747624093,
      8.617244303489315,
      0.8740489972497869
    ],
    "rotation": [
      0.009170295957945161,
      -0.008402039080817304,
      -3.057550199259874
    ]
  },
  {
    "label_id": "GS-f_3-9m5tpTzs1EqI4-Q",
    "size": [
      0.4850466627916113,
      0.07902573047840633,
      0.20153950352409566
    ],
    "obj_class": "sign",
    "point_num_in_lidar": 132,
    "speed": 0.006543375340206123,
    "if_vehicle": false,
    "motion_state": false,
    "pose": [
      [
        0.14102499997105988,
        0.9899768464915264,
        0.007602157184320991,
        5.196895143478173
      ],
      [
        -0.9899680451048445,
        0.14094816008438424,
        0.009843060505730469,
        -7.6440572935857745
      ],
      [
        0.008672891931486014,
        -0.00891401029387778,
        0.9999226576920964,
        2.2525661577042086
      ],
      [
        0.0,
        0.0,
        0.0,
        1.0
      ]
    ],
    "location": [
      5.196895143478173,
      -7.6440572935857745,
      2.2525661577042086
    ],
    "rotation": [
      -0.00891446363263261,
      -0.008673000662954872,
      -1.4292942833128741
    ]
  },
  {
    "label_id": "KExt1_lZn78J8VsbsFyZVw",
    "size": [
      0.5970706012783897,
      0.6505881208428722,
      1.6700000000000017
    ],
    "obj_class": "pedestrian",
    "point_num_in_lidar": 27,
    "speed": 0.004401568705258653,
    "if_vehicle": false,
    "motion_state": false,
    "pose": [
      [
        -0.06960760648376842,
        -0.9975454818331572,
        0.007602157184320991,
        25.876159221621833
      ],
      [
        0.9975311881099762,
        -0.06953159647081303,
        0.009843060505730469,
        17.62383102955232
      ],
      [
        -0.009290310409253922,
        0.008268540770553319,
        0.9999226576920964,
        0.9725044214993233
      ],
      [
        0.0,
        0.0,
        0.0,
        1.0
      ]
    ],
    "location": [
      25.876159221621833,
      17.62383102955232,
      0.9725044214993233
    ],
    "rotation": [
      0.0082689918554034,
      0.009290444055354804,
      1.6404632782844595
    ]
  },
  {
    "label_id": "NpOYq1LvezmGuK1h3sh1Ig",
    "size": [
      0.4751209984601735,
      0.05187169363348636,
      0.490000000000002
    ],
    "obj_class": "sign",
    "point_num_in_lidar": 22,
    "speed": 0.005427380991309863,
    "if_vehicle": false,
    "motion_state": false,
    "pose": [
      [
        0.9999711031855594,
        4.149272051764207e-14,
        0.007602157184320991,
        -11.88189204541186
      ],
      [
        -7.483065554841377e-05,
        0.999951553106576,
        0.009843060505730469,
        12.664704640409354
      ],
      [
        -0.00760178888342168,
        -0.009843344947043193,
        0.9999226576920964,
        2.8592465509624176
      ],
      [
        0.0,
        0.0,
        0.0,
        1.0
      ]
    ],
    "location": [
      -11.88189204541186,
      12.664704640409354,
      2.8592465509624176
    ],
    "rotation": [
      -0.009843788345702164,
      0.00760186209966741,
      -7.483281783878227e-05
    ]
  },
  {
    "label_id": "OinBLW0UfALpTqwdQFfp6g",
    "size": [
      0.811887212111699,
      0.10779766564128707,
      0.7800000000000011
    ],
    "obj_class": "sign",
    "point_num_in_lidar": 228,
    "speed": 0.004183846866328985,
    "if_vehicle": false,
    "motion_state": false,
    "pose": [
      [
        -0.9904789599226503,
        -0.1374541274632721,
        0.007602157184320991,
        -10.781145123165174
      ],
      [
        0.13752556047824702,
        -0.990449309341485,
        0.009843060505730469,
        -0.907212674523862
      ],
      [
        0.0061765820393327574,
        0.01079483525978911,
        0.9999226576920964,
        2.606522752968921
      ],
      [
        0.0,
        0.0,
        0.0,
        1.0
      ]
    ],
    "location": [
      -10.781145123165174,
      -0.907212674523862,
      2.606522752968921
    ],
    "rotation": [
      0.010795250851987579,
      -0.006176621312945026,
      3.003627202986489
    ]
  },
  {
    "label_id": "P1ky-Rbaej9JvbPv9kZKYA",
    "size": [
      2.3434372294599126,
      5.117642954333817,
      2.809999999999995
    ],
    "obj_class": "vehicle",
    "point_num_in_lidar": 7629,
    "speed": 0.04139604614119951,
    "if_vehicle": true,
    "motion_state": false,
    "pose": [
      [
        -0.06499920367028086,
        -0.9978563577631673,
        0.007602157184320991,
        3.150771109552352
      ],
      [
        0.997841713102393,
        -0.06492326049084612,
        0.009843060505730469,
        -8.395545105241581
      ],
      [
        -0.009328403674320657,
        0.008225540642627394,
        0.9999226576920964,
        1.3677637955388349
      ],
      [
        0.0,
        0.0,
        0.0,
        1.0
      ]
    ],
    "location": [
      3.150771109552352,
      -8.395545105241581,
      1.3677637955388349
    ],
    "rotation": [
      0.0082259913265744,
      0.00932853897119095,
      1.6358442211172293
    ]
  },
  {
    "label_id": "P5W3PzH21kZDfGzI8M2_Hw",
    "size": [
      3.1029766252317974,
      12.442215914863029,
      3.289999999999978
    ],
    "obj_class": "vehicle",
    "point_num_in_lidar": 2001,
    "speed": 1.1374233532693354e-13,
    "if_vehicle": true,
    "motion_state": false,
    "pose": [
      [
        -0.998070929796944,
        0.06161676963626295,
        0.007602157184320991,
        -25.83474257318619
      ],
      [
        -0.0615408765285617,
        -0.9980560278240781,
        0.009843060505730469,
        9.284364917255516
      ],
      [
        0.008193876393975077,
        0.009356229134370973,
        0.9999226576920964,
        1.7264236508907373
      ],
      [
        0.0,
        0.0,
        0.0,
        1.0
      ]
    ],
    "location": [
      -25.83474257318619,
      9.284364917255516,
      1.7264236508907373
    ],
    "rotation": [
      0.009356679761964467,
      -0.008193968085690109,
      -3.080010795348937
    ]
  },
  {
    "label_id": "RB-oIFuuBhuOu_4wBXtzcQ",
    "size": [
      1.9645943556835423,
      4.318930102955118,
      1.564739240841142
    ],
    "obj_class": "vehicle",
    "point_num_in_lidar": 43,
    "speed": 1.8884110337908593e-28,
    "if_vehicle": true,
    "motion_state": false,
    "pose": [
      [
        -0.995413211238154,
        0.0953663782404001,
        0.007602157184320991,
        23.452750645354513
      ],
      [
        -0.09529002419068713,
        -0.9954008868037133,
        0.009843060505730469,
        13.326092589249356
      ],
      [
        0.00850589103412697,
        0.009073502724425262,
        0.9999226576920964,
        0.6215602004970933
      ],
      [
        0.0,
        0.0,
        0.0,
        1.0
      ]
    ],
    "location": [
      23.452750645354513,
      13.326092589249356,
      0.6215602004970933
    ],
    "rotation": [
      0.009073955496390017,
      -0.008505993604594253,
      -3.0461543653075838
    ]
  },
  {
    "label_id": "T3lsRLzCMMSY3Dl_tzxcqw",
    "size": [
      0.8193820258429336,
      0.09376311697755056,
      0.8000000000000043
    ],
    "obj_class": "sign",
    "point_num_in_lidar": 30,
    "speed": 0.0027129990211314883,
    "if_vehicle": false,
    "motion_state": false,
    "pose": [
      [
        0.3933886333812338,
        -0.9193408455695797,
        0.007602157184320991,
        -7.708757024650254
      ],
      [
        0.9192934334840731,
        0.3934497392462532,
        0.009843060505730469,
        16.694440423649894
      ],
      [
        -0.01204019433021091,
        0.0031164650592219512,
        0.9999226576920964,
        3.2325740112055428
      ],
      [
        0.0,
        0.0,
        0.0,
        1.0
      ]
    ],
    "location": [
      -7.708757024650254,
      16.694440423649894,
      3.2325740112055428
    ],
    "rotation": [
      0.0031166960207787437,
      0.012040485252885702,
      1.1664507974013516
    ]
  },
  {
    "label_id": "XQmjRhoi5kGFxGSc7VsbaA",
    "size": [
      2.569342638223429,
      5.383624736107198,
      2.6299999999999883
    ],
    "obj_class": "vehicle",
    "point_num_in_lidar": 1093,
    "speed": 2.51214793389404e-13,
    "if_vehicle": true,
    "motion_state": false,
    "pose": [
      [
        0.9973955273659316,
        -0.07172425807618954,
        0.007602157184320991,
        15.5857271483967
      ],
      [
        0.0716482179028479,
        0.9973813949694603,
        0.009843060505730469,
        2.9092134358550084
      ],
      [
        -0.008288236349247736,
        -0.009272743509533886,
        0.9999226576920964,
        1.1737428434535389
      ],
      [
        0.0,
        0.0,
        0.0,
        1.0
      ]
    ],
    "location": [
      15.5857271483967,
      2.9092134358550084,
      1.1737428434535389
    ],
    "rotation": [
      -0.009273194923941831,
      0.008288331245389663,
      0.07171212797431949
    ]
  },
  {
    "label_id": "ZAWh5ebxHQoiaBpI1opOtQ",
    "size": [
      2.318329935742869,
      5.252203792437462,
      1.9400000000000048
    ],
    "obj_class": "vehicle",
    "point_num_in_lidar": 1248,
    "speed": 1.293207299340885e-13,
    "if_vehicle": true,
    "motion_state": false,
    "pose": [
      [
        0.9974437981675549,
        -0.07104981846019594,
        0.007602157184320991,
        -13.749782766254839
      ],
      [
        0.07097378786034297,
        0.9974296143571414,
        0.009843060505730469,
        0.5879687314711646
      ],
      [
        -0.008281964370664531,
        -0.009278345765147874,
        0.9999226576920964,
        0.8586715158246392
      ],
      [
        0.0,
        0.0,
        0.0,
        1.0
      ]
    ],
    "location": [
      -13.749782766254839,
      0.5879687314711646,
      0.8586715158246392
    ],
    "rotation": [
      -0.009278797130816184,
      0.008282059051532004,
      0.07103594948311652
    ]
  },
  {
    "label_id": "ZqVcS5TpbdlQOy2xeA1L0w",
    "size": [
      2.165928493667994,
      4.872672216116353,
      1.6000000000000014
    ],
    "obj_class": "vehicle",
    "point_num_in_lidar": 334,
    "speed": 0.0034722952977490743,
    "if_vehicle": true,
    "motion_state": false,
    "pose": [
      [
        0.0737050186650152,
        0.9972511105181757,
        0.007602157184320991,
        -6.016323104208254
      ],
      [
        -0.9972371291710432,
        0.07362895057364824,
        0.009843060505730469,
        20.435193568906925
      ],
      [
        0.009256264164659833,
        -0.008306636364295024,
        0.9999226576920964,
        0.7910878844878155
      ],
      [
        0.0,
        0.0,
        0.0,
        1.0
      ]
    ],
    "location": [
      -6.016323104208254,
      20.435193568906925,
      0.7910878844878155
    ],
    "rotation": [
      -0.008307087778779611,
      -0.009256396346780701,
      -1.4970212452956602
    ]
  },
  {
    "label_id": "aeKfK2PPlosRBnHhIkTJ8g",
    "size": [
      2.159573219474576,
      4.812597625051318,
      1.490000000000002
    ],
    "obj_class": "vehicle",
    "point_num_in_lidar": 219,
    "speed": 8.86958431745105,
    "if_vehicle": true,
    "motion_state": true,
    "pose": [
      [
        -0.9970282629536307,
        0.07666061621074155,
        0.007602157184320991,
        -17.9108325353875
      ],
      [
        -0.07658450701185057,
        -0.9970145071390046,
        0.009843060505730469,
        6.5232342975994015
      ],
      [
        0.008334036082087947,
        0.009231602057988115,
        0.9999226576920964,
        0.7921966936478668
      ],
      [
        0.0,
        0.0,
        0.0,
        1.0
      ]
    ],
    "location": [
      -17.9108325353875,
      6.5232342975994015,
      0.7921966936478668
    ],
    "rotation": [
      0.009232053812516029,
      -0.008334132560123764,
      -3.064930416949977
    ]
  },
  {
    "label_id": "ahh4Y1SZ-y9Qvly03o_oAA",
    "size": [
      2.0627046657678143,
      4.417872033252479,
      1.7451871050278172
    ],
    "obj_class": "vehicle",
    "point_num_in_lidar": 61,
    "speed": 8.881784197001252e-14,
    "if_vehicle": true,
    "motion_state": false,
    "pose": [
      [
        0.07576935982220138,
        0.997096390184158,
        0.007602157184320991,
        -6.936045900371482
      ],
      [
        -0.9970825663423738,
        0.07569326294979407,
        0.009843060505730469,
        32.632867323279015
      ],
      [
        0.00923904801588963,
        -0.008325780788291279,
        0.9999226576920964,
        0.6959842257872211
      ],
      [
        0.0,
        0.0,
        0.0,
        1.0
      ]
    ],
    "location": [
      -6.936045900371482,
      32.632867323279015,
      0.6959842257872211
    ],
    "rotation": [
      -0.008326232359332645,
      -0.00923917946180792,
      -1.4949510370690693
    ]
  },
  {
    "label_id": "fEKN6OQe99brECij0ShExg",
    "size": [
      2.197789788132657,
      4.78244681950412,
      1.8500000000000014
    ],
    "obj_class": "vehicle",
    "point_num_in_lidar": 21,
    "speed": 1.293207299340885e-13,
    "if_vehicle": true,
    "motion_state": false,
    "pose": [
      [
        0.03412431851345161,
        0.999388682191337,
        0.007602157184320991,
        -7.503220989563033
      ],
      [
        -0.9993716971179737,
        0.03404886428974814,
        0.009843060505730469,
        39.35232871119206
      ],
      [
        0.009578198449273292,
        -0.007933268458897188,
        0.9999226576920964,
        0.7559842257873015
      ],
      [
        0.0,
        0.0,
        0.0,
        1.0
      ]
    ],
    "location": [
      -7.503220989563033,
      39.35232871119206,
      0.7559842257873015
    ],
    "rotation": [
      -0.007933715619938806,
      -0.009578344908984085,
      -1.536663815688145
    ]
  },
  {
    "label_id": "fh1oSL5OCYHPzBR4ONvPDg",
    "size": [
      2.5441525762012764,
      5.529152590652675,
      2.3499999999999943
    ],
    "obj_class": "vehicle",
    "point_num_in_lidar": 696,
    "speed": 0.012855557659831485,
    "if_vehicle": true,
    "motion_state": false,
    "pose": [
      [
        -0.06491557583422385,
        -0.997861801664066,
        0.007602157184320991,
        1.2029965228267656
      ],
      [
        0.9978471506387534,
        -0.06483963388238471,
        0.009843060505730469,
        18.394905174210407
      ],
      [
        -0.009329093001588906,
        0.008224758825783229,
        0.9999226576920964,
        1.2611135119748482
      ],
      [
        0.0,
        0.0,
        0.0,
        1.0
      ]
    ],
    "location": [
      1.2029965228267656,
      18.394905174210407,
      1.2611135119748482
    ],
    "rotation": [
      0.008225209502159056,
      0.009329228328455697,
      1.6357604130449606
    ]
  },
  {
    "label_id": "jiDWv0IHfVYmdLSYdNAeuw",
    "size": [
      2.363577207923455,
      4.784302331303529,
      1.8000000000000043
    ],
    "obj_class": "vehicle",
    "point_num_in_lidar": 884,
    "speed": 7.944109290391274e-14,
    "if_vehicle": true,
    "motion_state": false,
    "pose": [
      [
        -0.9990641902698866,
        0.04257876144887981,
        0.007602157184320991,
        -16.12676732508794
      ],
      [
        -0.042503166218017724,
        -0.9990478442103382,
        0.009843060505730469,
        10.476572896518746
      ],
      [
        0.008014024071544407,
        0.009510733523514421,
        0.9999226576920964,
        0.8986715158245957
      ],
      [
        0.0,
        0.0,
        0.0,
        1.0
      ]
    ],
    "location": [
      -16.12676732508794,
      10.476572896518746,
      0.8986715158245957
    ],
    "rotation": [
      0.009511182350050527,
      -0.0080141098569145,
      -3.099075313652427
    ]
  },
  {
    "label_id": "lVgMLiYY04OUIeF1a-Z-Bg",
    "size": [
      2.2872766218934646,
      5.0947232382614915,
      1.9223137534269625
    ],
    "obj_class": "vehicle",
    "point_num_in_lidar": 200,
    "speed": 0.0,
    "if_vehicle": true,
    "motion_state": false,
    "pose": [
      [
        -0.9985108331169801,
        0.054021508255315244,
        0.007602157184320991,
        -36.01717333436841
      ],
      [
        -0.053945730720659786,
        -0.9984953541689088,
        0.009843060505730469,
        8.894851464634485
      ],
      [
        0.008122455604574188,
        0.009418298621636265,
        0.9999226576920964,
        1.232063122341991
      ],
      [
        0.0,
        0.0,
        0.0,
        1.0
      ]
    ],
    "location": [
      -36.01717333436841,
      8.894851464634485,
      1.232063122341991
    ],
    "rotation": [
      0.009418748579783287,
      -0.008122544919426055,
      -3.087618941391334
    ]
  },
  {
    "label_id": "mZdp7gLn15GgHZm12rNG3Q",
    "size": [
      0.6889420735339409,
      0.7053705901522827,
      1.5200000000000031
    ],
    "obj_class": "pedestrian",
    "point_num_in_lidar": 64,
    "speed": 0.011958850455189043,
    "if_vehicle": false,
    "motion_state": false,
    "pose": [
      [
        -0.13125747146028988,
        -0.991319163232506,
        0.007602157184320991,
        25.190045537493233
      ],
      [
        0.9913096046709847,
        -0.131180722085742,
        0.009843060505730469,
        17.574509995750077
      ],
      [
        -0.008760358035339118,
        0.008828066666448751,
        0.9999226576920964,
        1.0425044214993022
      ],
      [
        0.0,
        0.0,
        0.0,
        1.0
      ]
    ],
    "location": [
      25.190045537493233,
      17.574509995750077,
      1.0425044214993022
    ],
    "rotation": [
      0.008828520122062531,
      0.008760470089842883,
      1.7024387268497256
    ]
  },
  {
    "label_id": "oWHtxuSP48iB5d33eg9RSQ",
    "size": [
      2.1175059291569904,
      4.616705315983924,
      1.6300000000000026
    ],
    "obj_class": "vehicle",
    "point_num_in_lidar": 179,
    "speed": 0.056809281563939114,
    "if_vehicle": true,
    "motion_state": false,
    "pose": [
      [
        0.9937430955270077,
        -0.11143099792492868,
        0.007602157184320991,
        -19.567122835008036
      ],
      [
        0.11135445478102127,
        0.9937320059051648,
        0.009843060505730469,
        0.10182767000583226
      ],
      [
        -0.008651328962770656,
        -0.008934939348004545,
        0.9999226576920964,
        0.7636715158245551
      ],
      [
        0.0,
        0.0,
        0.0,
        1.0
      ]
    ],
    "location": [
      -19.567122835008036,
      0.10182767000583226,
      0.7636715158245551
    ],
    "rotation": [
      -0.008935392638410443,
      0.00865143688523554,
      0.11159007104456023
    ]
  },
  {
    "label_id": "oXbsfv6FeuaSzHiaWJ7pEA",
    "size": [
      2.399586463993642,
      4.936133779409374,
      1.980000000000004
    ],
    "obj_class": "vehicle",
    "point_num_in_lidar": 10095,
    "speed": 1.0939501043832593,
    "if_vehicle": true,
    "motion_state": true,
    "pose": [
      [
        0.08062830812037476,
        0.9967152467659912,
        0.007602157184320991,
        -3.438365328729674
      ],
      [
        -0.9967017939845996,
        0.0805521447744354,
        0.009843060505730469,
        -12.038748355120333
      ],
      [
        0.00919835841479229,
        -0.008370713019069172,
        0.9999226576920964,
        0.8917027490179521
      ],
      [
        0.0,
        0.0,
        0.0,
        1.0
      ]
    ],
    "location": [
      -3.438365328729674,
      -12.038748355120333,
      0.8917027490179521
    ],
    "rotation": [
      -0.008371164933553688,
      -0.009198488131605082,
      -1.4900769800344467
    ]
  },
  {
    "label_id": "snJRcyK-URU6oqMcpLfJiQ",
    "size": [
      0.8009377146962969,
      1.0206146851905107,
      1.750000000000007
    ],
    "obj_class": "pedestrian",
    "point_num_in_lidar": 199,
    "speed": 1.1401307860837495,
    "if_vehicle": false,
    "motion_state": true,
    "pose": [
      [
        -0.994676005892909,
        0.10277086409617513,
        0.007602157184320991,
        -12.546613994832
      ],
      [
        -0.10269442045114907,
        -0.9946642499698495,
        0.009843060505730469,
        -3.05458394615016
      ],
      [
        0.008573173807420396,
        0.009009956983379839,
        0.9999226576920964,
        1.0066689137183644
      ],
      [
        0.0,
        0.0,
        0.0,
        1.0
      ]
    ],
    "location": [
      -12.546613994832,
      -3.05458394615016,
      1.0066689137183644
    ],
    "rotation": [
      0.009010410036039555,
      -0.00857327883128605,
      -3.0387130718099864
    ]
  }
]