[
  {
    "label_id": "-FAHwqVW2G-3XzoYPoMFfw",
    "size": [
      3.120054896761183,
      11.531225792973089,
      4.109999999999957
    ],
    "obj_class": "vehicle",
    "point_num_in_lidar": 109,
    "speed": 3.972054645195637e-14,
    "if_vehicle": true,
    "motion_state": false,
    "pose": [
      [
        -0.9985181417575205,
        0.05224814862596329,
        0.015220103359296962,
        38.31753235524775
      ],
      [
        -0.052192556087496955,
        -0.9986289184800706,
        0.004027438935337302,
        13.727971959058777
      ],
      [
        0.015409661584925112,
        0.003227094743517282,
        0.9998760564136708,
        1.8429762349869563
      ],
      [
        0.0,
        0.0,
        0.0,
        1.0
      ]
    ],
    "location": [
      38.31753235524775,
      13.727971959058777,
      1.8429762349869563
    ],
    "rotation": [
      0.0032274835642249465,
      -0.015410271507157507,
      -3.089370166115027
    ]
  },
  {
    "label_id": "5FDGRfKUQ9sdZ1qWgyeWLQ",
    "size": [
      2.0457186592080348,
      4.713389250527029,
      1.3400000000000034
    ],
    "obj_class": "vehicle",
    "point_num_in_lidar": 236,
    "speed": 0.7646445395758593,
    "if_vehicle": true,
    "motion_state": false,
    "pose": [
      [
        0.00834564849976497,
        0.9998493379528992,
        0.015220103359296962,
        -3.3253830391302017
      ],
      [
        -0.999957566328476,
        0.008285244598300694,
        0.004027438935337302,
        17.898018681338954
      ],
      [
        0.0039007298739995367,
        -0.015253069104139046,
        0.9998760564136708,
        0.773148647992393
      ],
      [
        0.0,
        0.0,
        0.0,
        1.0
      ]
    ],
    "location": [
      -3.3253830391302017,
      17.898018681338954,
      0.773148647992393
    ],
    "rotation": [
      -0.015253776677213773,
      -0.003900739766119,
      -1.5624505179178847
    ]
  },
  {
    "label_id": "5tqAjOce6YWfi1CdeCMP-Q",
    "size": [
      2.2636790255731065,
      4.979165260291454,
      1.8500000000000014
    ],
    "obj_class": "vehicle",
    "point_num_in_lidar": 1219,
    "speed": 1.7852165294699933e-13,
    "if_vehicle": true,
    "motion_state": false,
    "pose": [
      [
        -0.9954471264634529,
        0.09409233161840029,
        0.015220103359296962,
        10.627576893746209
      ],
      [
        -0.09404143536663016,
        -0.9955601378971569,
        0.004027438935337302,
        11.982496768205692
      ],
      [
        0.01553147931906728,
        0.0025777821488517892,
        0.9998760564136708,
        0.8802654804896335
      ],
      [
        0.0,
        0.0,
        0.0,
        1.0
      ]
    ],
    "location": [
      10.627576893746209,
      11.982496768205692,
      0.8802654804896335
    ],
    "rotation": [
      0.0025780959761663312,
      -0.015532103821832313,
      -3.047400654631971
    ]
  },
  {
    "label_id": "7-Cir_6eWG09wehRQVtTtw",
    "size": [
      0.4470415938999128,
      0.09818506062016025,
      0.16146885882913153
    ],
    "obj_class": "sign",
    "point_num_in_lidar": 55,
    "speed": 0.0022034326643621724,
    "if_vehicle": false,
    "motion_state": false,
    "pose": [
      [
        -0.9903928494853262,
        -0.13744217744953172,
        0.015220103359296962,
        -10.778604533025032
      ],
      [
        0.1375177077001763,
        -0.9904911205076555,
        0.004027438935337302,
        -0.9217100336104522
      ],
      [
        0.014521837253774598,
        0.006081780448227129,
        0.9998760564136708,
        2.101204493060685
      ],
      [
        0.0,
        0.0,
        0.0,
        1.0
      ]
    ],
    "location": [
      -10.778604533025032,
      -0.9217100336104522,
      2.101204493060685
    ],
    "rotation": [
      0.006082459328717097,
      -0.014522347705483753,
      3.0036231381056275
    ]
  },
  {
    "label_id": "AEZuZTCdAj38T5tnQh0N3A",
    "size": [
      1.9764182524732354,
      4.583813116773403,
      1.6100000000000065
    ],
    "obj_class": "vehicle",
    "point_num_in_lidar": 161,
    "speed": 5.0242958677880804e-14,
    "if_vehicle": true,
    "motion_state": false,
    "pose": [
      [
        -0.9923717844531198,
        0.12233801484029025,
        0.015220103359296962,
        -49.140200029869106
      ],
      [
        -0.12229035013445758,
        -0.9924861963773671,
        0.004027438935337302,
        7.589575708011125
      ],
      [
        0.015598451375778689,
        0.0021354449941455916,
        0.9998760564136708,
        1.2996785004646938
      ],
      [
        0.0,
        0.0,
        0.0,
        1.0
      ]
    ],
    "location": [
      -49.140200029869106,
      7.589575708011125,
      1.2996785004646938
    ],
    "rotation": [
      0.0021357064545014137,
      -0.015599083992628632,
      -3.0189804338812465
    ]
  },
  {
    "label_id": "Bbx8pLm5ey4t1wPBh4cdAw",
    "size": [
      2.1238772197839615,
      4.766762156548458,
      1.8100000000000023
    ],
    "obj_class": "vehicle",
    "point_num_in_lidar": 300,
    "speed": 0.0414311374895413,
    "if_vehicle": true,
    "motion_state": false,
    "pose": [
      [
        -0.9953266718257145,
        0.09535808726101158,
        0.015220103359296962,
        17.672141097680765
      ],
      [
        -0.09530733475813198,
        -0.9954397478888029,
        0.004027438935337302,
        12.903324747092256
      ],
      [
        0.01553474472425438,
        0.0025580299055726913,
        0.9998760564136708,
        0.77156020049717
      ],
      [
        0.0,
        0.0,
        0.0,
        1.0
      ]
    ],
    "location": [
      17.672141097680765,
      12.903324747092256,
      0.77156020049717
    ],
    "rotation": [
      0.0025583414147172016,
      -0.015535369621025226,
      -3.0461288838007565
    ]
  },
  {
    "label_id": "C-7CDilIzKn25wyKRr9jJA",
    "size": [
      2.150775257332002,
      5.0328621732727665,
      1.5100000000000051
    ],
    "obj_class": "vehicle",
    "point_num_in_lidar": 3166,
    "speed": 3.294936718481322,
    "if_vehicle": true,
    "motion_state": true,
    "pose": [
      [
        0.11265217493706446,
        0.9935179092173837,
        0.015220103359296962,
        -2.939610151586521
      ],
      [
        -0.9936318507564543,
        0.11260339647597432,
        0.004027438935337302,
        -2.692034119086884
      ],
      [
        0.002287497377564777,
        -0.01557687922509473,
        0.9998760564136708,
        0.6914823602791955
      ],
      [
        0.0,
        0.0,
        0.0,
        1.0
      ]
    ],
    "location": [
      -2.939610151586521,
      -2.692034119086884,
      0.6914823602791955
    ],
    "rotation": [
      -0.015577549979955498,
      -0.002287499372512809,
      -1.4579042152034116
    ]
  },
  {
    "label_id": "DfUOspd1ep_pDGx1yZG9Uw",
    "size": [
      2.093087734447183,
      4.702836163548996,
      1.8500000000000014
    ],
    "obj_class": "vehicle",
    "point_num_in_lidar": 2881,
    "speed": 5.896413132103091,
    "if_vehicle": true,
    "motion_state": true,
    "pose": [
      [
        -0.9973080384954663,
        0.07172882827746409,
        0.015220103359296962,
        -0.46039740668982176
      ],
      [
        -0.0716754086435723,
        -0.9974198792541681,
        0.004027438935337302,
        7.809173928598966
      ],
      [
        0.015469717130656715,
        0.0029256900968864965,
        0.9998760564136708,
        0.9940487628072887
      ],
      [
        0.0,
        0.0,
        0.0,
        1.0
      ]
    ],
    "location": [
      -0.46039740668982176,
      7.809173928598966,
      0.9940487628072887
    ],
    "rotation": [
      0.0029260444116578927,
      -0.015470334212319019,
      -3.0698471321277925
    ]
  },
  {
    "label_id": "GS-f_3-9m5tpTzs1EqI4-Q",
    "size": [
      0.48504666279161185,
      0.07902573047840633,
      0.20153950352409566
    ],
    "obj_class": "sign",
    "point_num_in_lidar": 126,
    "speed": 0.0011586930789759104,
    "if_vehicle": false,
    "motion_state": false,
    "pose": [
      [
        0.14101273951430263,
        0.9898907797067331,
        0.015220103359296962,
        5.197456425237192
      ],
      [
        -0.9900060693343036,
        0.140967238806981,
        0.004027438935337302,
        -7.636662545151694
      ],
      [
        0.0018411887230053478,
        -0.015635914899097894,
        0.9998760564136708,
        2.2525661577042086
      ],
      [
        0.0,
        0.0,
        0.0,
        1.0
      ]
    ],
    "location": [
      5.197456425237192,
      -7.636662545151694,
      2.2525661577042086
    ],
    "rotation": [
      -0.01563657859139046,
      -0.0018411897632711722,
      -1.429311783828102
    ]
  },
  {
    "label_id": "II9hCDJdG-EL7T23hW66TA",
    "size": [
      2.169638695984414,
      4.618757893724354,
      1.7700000000000031
    ],
    "obj_class": "vehicle",
    "point_num_in_lidar": 156,
    "speed": 2.1683198553528098e-13,
    "if_vehicle": true,
    "motion_state": false,
    "pose": [
      [
        0.9986284611651879,
        -0.050095359112210754,
        0.015220103359296962,
        -26.808308418339834
      ],
      [
        0.05003952788352164,
        0.9987391177804225,
        0.004027438935337302,
        -0.6173348429895213
      ],
      [
        -0.015402668601359313,
        -0.0032603083599950303,
        0.9998760564136708,
        1.053671515824533
      ],
      [
        0.0,
        0.0,
        0.0,
        1.0
      ]
    ],
    "location": [
      -26.808308418339834,
      -0.6173348429895213,
      1.053671515824533
    ],
    "rotation": [
      -0.0032607009482380008,
      0.015403277693551876,
      0.050066378479020464
    ]
  },
  {
    "label_id": "KExt1_lZn78J8VsbsFyZVw",
    "size": [
      0.5970706012783862,
      0.6505881208428722,
      1.6700000000000017
    ],
    "obj_class": "pedestrian",
    "point_num_in_lidar": 34,
    "speed": 0.037796915417241964,
    "if_vehicle": false,
    "motion_state": false,
    "pose": [
      [
        -0.06960155492517846,
        -0.9974587570449867,
        0.015220103359296962,
        25.903719514276304
      ],
      [
        0.997570483613143,
        -0.0695478968730325,
        0.004027438935337302,
        17.629667423675528
      ],
      [
        -0.002958678055686849,
        0.015463441881041574,
        0.9998760564136708,
        0.9725044214993233
      ],
      [
        0.0,
        0.0,
        0.0,
        1.0
      ]
    ],
    "location": [
      25.903719514276304,
      17.629667423675528,
      0.9725044214993233
    ],
    "rotation": [
      0.015464125902291815,
      0.002958682372304599,
      1.6404545059831381
    ]
  },
  {
    "label_id": "NpOYq1LvezmGuK1h3sh1Ig",
    "size": [
      0.47512099846017336,
      0.05187169363348636,
      0.490000000000002
    ],
    "obj_class": "sign",
    "point_num_in_lidar": 32,
    "speed": 0.006013759745494125,
    "if_vehicle": false,
    "motion_state": false,
    "pose": [
      [
        0.9998841675182842,
        3.315471010824141e-14,
        0.015220103359296962,
        -11.87403789281484
      ],
      [
        -6.130513802852535e-05,
        0.9999918879557483,
        0.004027438935337302,
        12.62681103401178
      ],
      [
        -0.015219979893144865,
        -0.004027905497627713,
        0.9998760564136708,
        2.806357987264782
      ],
      [
        0.0,
        0.0,
        0.0,
        1.0
      ]
    ],
    "location": [
      -11.87403789281484,
      12.62681103401178,
      2.806357987264782
    ],
    "rotation": [
      -0.00402838300173208,
      0.015220567566852729,
      -6.131223990061336e-05
    ]
  },
  {
    "label_id": "OinBLW0UfALpTqwdQFfp6g",
    "size": [
      0.811887212111699,
      0.10779766564128707,
      0.7800000000000011
    ],
    "obj_class": "sign",
    "point_num_in_lidar": 346,
    "speed": 0.00550763075963933,
    "if_vehicle": false,
    "motion_state": false,
    "pose": [
      [
        -0.9903928494850304,
        -0.1374421774516631,
        0.015220103359296962,
        -10.795949530982398
      ],
      [
        0.1375177077023079,
        -0.9904911205073597,
        0.004027438935337302,
        -0.9273985228926449
      ],
      [
        0.01452183725376151,
        0.006081780448258382,
        0.9998760564136708,
        2.5825243448095137
      ],
      [
        0.0,
        0.0,
        0.0,
        1.0
      ]
    ],
    "location": [
      -10.795949530982398,
      -0.9273985228926449,
      2.5825243448095137
    ],
    "rotation": [
      0.0060824593287483525,
      -0.014522347705470664,
      3.003623138103475
    ]
  },
  {
    "label_id": "P1ky-Rbaej9JvbPv9kZKYA",
    "size": [
      2.343437229460037,
      5.117642954333817,
      2.809999999999995
    ],
    "obj_class": "vehicle",
    "point_num_in_lidar": 4148,
    "speed": 0.001076262250205591,
    "if_vehicle": true,
    "motion_state": false,
    "pose": [
      [
        -0.07097072250301258,
        -0.997362273700551,
        0.015220103359296962,
        3.133344867741698
      ],
      [
        0.9974740738210064,
        -0.07091721787089285,
        0.004027438935337302,
        -8.277043690224446
      ],
      [
        -0.002937448267789367,
        0.015467488752852377,
        0.9998760564136708,
        1.3483359094672167
      ],
      [
        0.0,
        0.0,
        0.0,
        1.0
      ]
    ],
    "location": [
      3.133344867741698,
      -8.277043690224446,
      1.3483359094672167
    ],
    "rotation": [
      0.015468172307686897,
      0.002937452492151263,
      1.6418270697775252
    ]
  },
  {
    "label_id": "P5W3PzH21kZDfGzI8M2_Hw",
    "size": [
      3.1029766252317956,
      12.442215914863029,
      3.289999999999978
    ],
    "obj_class": "vehicle",
    "point_num_in_lidar": 3345,
    "speed": 1.1374233532693354e-13,
    "if_vehicle": true,
    "motion_state": false,
    "pose": [
      [
        -0.997984159327284,
        0.061611412786484396,
        0.015220103359296962,
        -25.834742573186304
      ],
      [
        -0.06155686171943232,
        -0.9980954526050485,
        0.004027438935337302,
        9.284364917255516
      ],
      [
        0.015439252153810548,
        0.0030824184622808585,
        0.9998760564136708,
        1.7264236508907445
      ],
      [
        0.0,
        0.0,
        0.0,
        1.0
      ]
    ],
    "location": [
      -25.834742573186304,
      9.284364917255516,
      1.7264236508907445
    ],
    "rotation": [
      0.003082790789731327,
      -0.015439865596675616,
      -3.0799894978104754
    ]
  },
  {
    "label_id": "RB-oIFuuBhuOu_4wBXtzcQ",
    "size": [
      1.9645943556835388,
      4.318930102955118,
      1.564739240841142
    ],
    "obj_class": "vehicle",
    "point_num_in_lidar": 386,
    "speed": 0.0026308012123100696,
    "if_vehicle": true,
    "motion_state": false,
    "pose": [
      [
        -0.9953266718257074,
        0.09535808726108673,
        0.015220103359296962,
        23.45275064535474
      ],
      [
        -0.09530733475820713,
        -0.9954397478887957,
        0.004027438935337302,
        13.326092589249356
      ],
      [
        0.015534744724254574,
        0.0025580299055715187,
        0.9998760564136708,
        0.6215602004971004
      ],
      [
        0.0,
        0.0,
        0.0,
        1.0
      ]
    ],
    "location": [
      23.45275064535474,
      13.326092589249356,
      0.6215602004971004
    ],
    "rotation": [
      0.002558341414716029,
      -0.01553536962102542,
      -3.046128883800681
    ]
  },
  {
    "label_id": "T3lsRLzCMMSY3Dl_tzxcqw",
    "size": [
      0.8193820258429336,
      0.09376311697755056,
      0.8000000000000043
    ],
    "obj_class": "sign",
    "point_num_in_lidar": 49,
    "speed": 0.0027129990439936917,
    "if_vehicle": false,
    "motion_state": false,
    "pose": [
      [
        0.3933544328896091,
        -0.9192609197501146,
        0.015220103359296962,
        -7.716254392751011
      ],
      [
        0.9193358369685917,
        0.3934531720559401,
        0.004027438935337302,
        16.6787783305449
      ],
      [
        -0.00969066516567025,
        0.012408175502160612,
        0.9998760564136708,
        3.188935825852667
      ],
      [
        0.0,
        0.0,
        0.0,
        1.0
      ]
    ],
    "location": [
      -7.716254392751011,
      16.6787783305449,
      3.188935825852667
    ],
    "rotation": [
      0.01240907662935859,
      0.009690816845512058,
      1.166498924485769
    ]
  },
  {
    "label_id": "VIgfW057J6zNoT8MSku42Q",
    "size": [
      2.0389078942828127,
      4.544739353990225,
      1.8300000000000054
    ],
    "obj_class": "vehicle",
    "point_num_in_lidar": 1049,
    "speed": 1.6088692182677207,
    "if_vehicle": true,
    "motion_state": true,
    "pose": [
      [
        -0.9980891472722383,
        0.05988658072647426,
        0.015220103359296962,
        12.859162814152683
      ],
      [
        -0.059831837401187915,
        -0.9982003461073432,
        0.004027438935337302,
        8.902378028169323
      ],
      [
        0.015433901987961789,
        0.003109096343239089,
        0.9998760564136708,
        0.885901197701223
      ],
      [
        0.0,
        0.0,
        0.0,
        1.0
      ]
    ],
    "location": [
      12.859162814152683,
      8.902378028169323,
      0.885901197701223
    ],
    "rotation": [
      0.003109471721884276,
      -0.015434514793272982,
      -3.081717920205512
    ]
  },
  {
    "label_id": "XQmjRhoi5kGFxGSc7VsbaA",
    "size": [
      2.5693426382234272,
      5.383624736107198,
      2.6299999999999883
    ],
    "obj_class": "vehicle",
    "point_num_in_lidar": 2857,
    "speed": 2.51214793389404e-13,
    "if_vehicle": true,
    "motion_state": false,
    "pose": [
      [
        0.9973088156145296,
        -0.07171802249976526,
        0.015220103359296962,
        15.5857271483967
      ],
      [
        0.07166460165408862,
        0.9974206557944261,
        0.004027438935337302,
        2.9092134358552357
      ],
      [
        -0.015469685430069874,
        -0.002925857710183013,
        0.9998760564136708,
        1.1737428434535389
      ],
      [
        0.0,
        0.0,
        0.0,
        1.0
      ]
    ],
    "location": [
      15.5857271483967,
      2.9092134358552357,
      1.1737428434535389
    ],
    "rotation": [
      -0.0029262120442962608,
      0.015470302507938337,
      0.07173468527096334
    ]
  },
  {
    "label_id": "YytKtqwuhzFGLrx28JPtgQ",
    "size": [
      2.867307945288399,
      7.235536587668475,
      3.3505405405405497
    ],
    "obj_class": "vehicle",
    "point_num_in_lidar": 1052,
    "speed": 0.008139765717227803,
    "if_vehicle": true,
    "motion_state": false,
    "pose": [
      [
        0.999051070368833,
        -0.04080817624718828,
        0.015220103359296962,
        22.68009656127674
      ],
      [
        0.04075131857208675,
        0.9991612030950053,
        0.004027438935337302,
        3.483151132179273
      ],
      [
        -0.015371689221603518,
        -0.0034033778984990464,
        0.9998760564136708,
        1.5809332733412518
      ],
      [
        0.0,
        0.0,
        0.0,
        1.0
      ]
    ],
    "location": [
      22.68009656127674,
      3.483151132179273,
      1.5809332733412518
    ],
    "rotation": [
      -0.003403786632434142,
      0.015372294645722793,
      0.04076742548902182
    ]
  },
  {
    "label_id": "ZAWh5ebxHQoiaBpI1opOtQ",
    "size": [
      2.3183299357428693,
      5.252203792437462,
      1.9400000000000048
    ],
    "obj_class": "vehicle",
    "point_num_in_lidar": 1627,
    "speed": 0.004523172163581389,
    "if_vehicle": true,
    "motion_state": false,
    "pose": [
      [
        0.9973570822195771,
        -0.07104364151832383,
        0.015220103359296962,
        -13.765944512982173
      ],
      [
        0.0709901450602836,
        0.9974688862515673,
        0.004027438935337302,
        0.595038590533477
      ],
      [
        -0.01546770347439072,
        -0.00293631740005653,
        0.9998760564136708,
        0.8586715158246321
      ],
      [
        0.0,
        0.0,
        0.0,
        1.0
      ]
    ],
    "location": [
      -13.765944512982173,
      0.595038590533477,
      0.8586715158246321
    ],
    "rotation": [
      -0.0029366729408471454,
      0.015468320315094939,
      0.07105842288924778
    ]
  },
  {
    "label_id": "ZqVcS5TpbdlQOy2xeA1L0w",
    "size": [
      2.1659284936681567,
      4.872672216116353,
      1.6000000000000014
    ],
    "obj_class": "vehicle",
    "point_num_in_lidar": 363,
    "speed": 0.0034722953268763726,
    "if_vehicle": true,
    "motion_state": false,
    "pose": [
      [
        0.07422306675296182,
        0.9971255110644387,
        0.015220103359296962,
        -6.014108266800463
      ],
      [
        -0.9972374850862757,
        0.07416992702182094,
        0.004027438935337302,
        20.41308037065278
      ],
      [
        0.002886988151255398,
        -0.015476986465719498,
        0.9998760564136708,
        0.791333589260617
      ],
      [
        0.0,
        0.0,
        0.0,
        1.0
      ]
    ],
    "location": [
      -6.014108266800463,
      20.41308037065278,
      0.791333589260617
    ],
    "rotation": [
      -0.015477668923920555,
      -0.0028869921616340786,
      -1.496504630432748
    ]
  },
  {
    "label_id": "ZxcngDw5pn33WhQh4fGo7g",
    "size": [
      1.9931629351995617,
      4.351704980641885,
      1.5900000000000034
    ],
    "obj_class": "vehicle",
    "point_num_in_lidar": 25,
    "speed": 1.0805156823142816e-13,
    "if_vehicle": true,
    "motion_state": false,
    "pose": [
      [
        -0.9969077540999902,
        0.07709266027998975,
        0.015220103359296962,
        -42.48788176240464
      ],
      [
        -0.07703984304969577,
        -0.9970198806034412,
        0.004027438935337302,
        8.40299925731074
      ],
      [
        0.015485231615698656,
        0.00284243072980158,
        0.9998760564136708,
        1.2063065828134611
      ],
      [
        0.0,
        0.0,
        0.0,
        1.0
      ]
    ],
    "location": [
      -42.48788176240464,
      8.40299925731074,
      1.2063065828134611
    ],
    "rotation": [
      0.002842775416664288,
      -0.015485850555959657,
      -3.064467133286805
    ]
  },
  {
    "label_id": "ahh4Y1SZ-y9Qvly03o_oAA",
    "size": [
      2.0627046657678147,
      4.417872033252479,
      1.7451871050278172
    ],
    "obj_class": "vehicle",
    "point_num_in_lidar": 73,
    "speed": 0.001249710291067662,
    "if_vehicle": true,
    "motion_state": false,
    "pose": [
      [
        0.07576277257199669,
        0.9970097044391978,
        0.015220103359296962,
        -6.934847037130908
      ],
      [
        -0.9971217603876619,
        0.07570980581821773,
        0.004027438935337302,
        32.63938161560441
      ],
      [
        0.002863084632701984,
        -0.01548142619500992,
        0.9998760564136708,
        0.6959842257872211
      ],
      [
        0.0,
        0.0,
        0.0,
        1.0
      ]
    ],
    "location": [
      -6.934847037130908,
      32.63938161560441,
      0.6959842257872211
    ],
    "rotation": [
      -0.015482108139629476,
      -0.002863088544288222,
      -1.4949605752553192
    ]
  },
  {
    "label_id": "bA4NouE1x7OzqmpHmrXLCA",
    "size": [
      0.7640776443058721,
      0.060923233862056884,
      0.7700000000000031
    ],
    "obj_class": "sign",
    "point_num_in_lidar": 43,
    "speed": 0.0026614738066656576,
    "if_vehicle": false,
    "motion_state": false,
    "pose": [
      [
        0.9998841675182844,
        -3.589373371264817e-14,
        0.015220103359296962,
        8.586482219045024
      ],
      [
        -6.130513795946918e-05,
        0.9999918879557484,
        0.004027438935337302,
        13.721785172017235
      ],
      [
        -0.015219979893145143,
        -0.004027905497626662,
        0.9998760564136708,
        2.746989321058635
      ],
      [
        0.0,
        0.0,
        0.0,
        1.0
      ]
    ],
    "location": [
      8.586482219045024,
      13.721785172017235,
      2.746989321058635
    ],
    "rotation": [
      -0.0040283830017310285,
      0.015220567566853006,
      -6.131223983154918e-05
    ]
  },
  {
    "label_id": "eZRjpTUJ2mfeBaXNVhY0Xg",
    "size": [
      2.1077888558892974,
      4.800487478512236,
      1.8300000000000054
    ],
    "obj_class": "vehicle",
    "point_num_in_lidar": 21,
    "speed": 5.0242958677880804e-14,
    "if_vehicle": true,
    "motion_state": false,
    "pose": [
      [
        0.10304239341166868,
        0.9945605127963443,
        0.015220103359296962,
        -8.436392986691658
      ],
      [
        -0.9946739774609084,
        0.1029925157364277,
        0.004027438935337302,
        54.806907441187604
      ],
      [
        0.0024379749980425807,
        -0.015554037692974542,
        0.9998760564136708,
        0.7431182796194093
      ],
      [
        0.0,
        0.0,
        0.0,
        1.0
      ]
    ],
    "location": [
      -8.436392986691658,
      54.806907441187604,
      0.7431182796194093
    ],
    "rotation": [
      -0.015554711151267175,
      -0.002437977413156683,
      -1.4675704025875451
    ]
  },
  {
    "label_id": "fEKN6OQe99brECij0ShExg",
    "size": [
      2.197789788132656,
      4.78244681950412,
      1.8500000000000014
    ],
    "obj_class": "vehicle",
    "point_num_in_lidar": 46,
    "speed": 1.293207299340885e-13,
    "if_vehicle": true,
    "motion_state": false,
    "pose": [
      [
        0.0341213518073229,
        0.9993017971586828,
        0.015220103359296962,
        -7.503220989563033
      ],
      [
        -0.9994115469121989,
        0.034063758368501666,
        0.004027438935337302,
        39.352328711192285
      ],
      [
        0.003506173042854706,
        -0.015348568703273686,
        0.9998760564136708,
        0.7559842257873015
      ],
      [
        0.0,
        0.0,
        0.0,
        1.0
      ]
    ],
    "location": [
      -7.503220989563033,
      39.352328711192285,
      0.7559842257873015
    ],
    "rotation": [
      -0.015349265753332592,
      -0.003506180226604393,
      -1.5366681406023295
    ]
  },
  {
    "label_id": "fh1oSL5OCYHPzBR4ONvPDg",
    "size": [
      2.5441525762014323,
      5.529152590652675,
      2.3499999999999943
    ],
    "obj_class": "vehicle",
    "point_num_in_lidar": 336,
    "speed": 0.005885795290559606,
    "if_vehicle": true,
    "motion_state": false,
    "pose": [
      [
        -0.05948330112234599,
        -0.9981132627819955,
        0.015220103359296962,
        1.1975548366626754
      ],
      [
        0.9982244394891588,
        -0.05942851287199584,
        0.004027438935337302,
        18.347651533720637
      ],
      [
        -0.003115332108003674,
        0.015432644507743802,
        0.9998760564136708,
        1.2352394187587876
      ],
      [
        0.0,
        0.0,
        0.0,
        1.0
      ]
    ],
    "location": [
      1.1975548366626754,
      18.347651533720637,
      1.2352394187587876
    ],
    "rotation": [
      0.015433332061913241,
      0.0031153371472280927,
      1.6303150509808362
    ]
  },
  {
    "label_id": "jiDWv0IHfVYmdLSYdNAeuw",
    "size": [
      2.3635772079234534,
      4.784302331303529,
      1.8000000000000043
    ],
    "obj_class": "vehicle",
    "point_num_in_lidar": 934,
    "speed": 7.944109290391274e-14,
    "if_vehicle": true,
    "motion_state": false,
    "pose": [
      [
        -0.9989773334479692,
        0.042575059728875486,
        0.015220103359296962,
        -16.126767325087826
      ],
      [
        -0.04251839692626022,
        -0.999087566561832,
        0.004027438935337302,
        10.476572896518746
      ],
      [
        0.015377684481285951,
        0.003376185812358491,
        0.9998760564136708,
        0.8986715158246028
      ],
      [
        0.0,
        0.0,
        0.0,
        1.0
      ]
    ],
    "location": [
      -16.126767325087826,
      10.476572896518746,
      0.8986715158246028
    ],
    "rotation": [
      0.003376591488159383,
      -0.015378290614113608,
      -3.0990564026639733
    ]
  },
  {
    "label_id": "kJ7cJlYspN35OyNKpyaNSw",
    "size": [
      1.9152404807140408,
      4.055110925326073,
      1.7800000000000011
    ],
    "obj_class": "vehicle",
    "point_num_in_lidar": 38,
    "speed": 6.404745667978754e-14,
    "if_vehicle": true,
    "motion_state": false,
    "pose": [
      [
        -0.9965093475058959,
        0.0820820856649371,
        0.015220103359296962,
        -55.1961381396942
      ],
      [
        -0.08202983038719189,
        -0.9966217370006891,
        0.004027438935337302,
        7.344871987419538
      ],
      [
        0.015499266434973222,
        0.0027648780485341556,
        0.9998760564136708,
        1.5372407553715774
      ],
      [
        0.0,
        0.0,
        0.0,
        1.0
      ]
    ],
    "location": [
      -55.1961381396942,
      7.344871987419538,
      1.5372407553715774
    ],
    "rotation": [
      0.002765213731909857,
      -0.015499887059784518,
      -3.0594606605237415
    ]
  },
  {
    "label_id": "lVgMLiYY04OUIeF1a-Z-Bg",
    "size": [
      2.287276621893465,
      5.0947232382614915,
      1.9223137534269625
    ],
    "obj_class": "vehicle",
    "point_num_in_lidar": 143,
    "speed": 0.0,
    "if_vehicle": true,
    "motion_state": false,
    "pose": [
      [
        -0.9984240244029263,
        0.054016811723732294,
        0.015220103359296962,
        -36.01717333436841
      ],
      [
        -0.0539614154990455,
        -0.9985348994266358,
        0.004027438935337302,
        8.894851464634257
      ],
      [
        0.015415353787837536,
        0.0031997934685470647,
        0.9998760564136708,
        1.2320631223419838
      ],
      [
        0.0,
        0.0,
        0.0,
        1.0
      ]
    ],
    "location": [
      -36.01717333436841,
      8.894851464634257,
      1.2320631223419838
    ],
    "rotation": [
      0.0032001791870400332,
      -0.0154159643862687,
      -3.0875985939217907
    ]
  },
  {
    "label_id": "mZdp7gLn15GgHZm12rNG3Q",
    "size": [
      0.6889420735337728,
      0.7053705901522827,
      1.5200000000000031
    ],
    "obj_class": "pedestrian",
    "point_num_in_lidar": 71,
    "speed": 0.6164324827124599,
    "if_vehicle": false,
    "motion_state": false,
    "pose": [
      [
        0.7921161039298857,
        -0.6101806505852763,
        0.015220103359296962,
        25.706436084725283
      ],
      [
        0.6101978207136882,
        0.7922388524503754,
        0.004027438935337302,
        17.07498889916951
      ],
      [
        -0.014515422529302116,
        0.006097074662605183,
        0.9998760564136708,
        1.0425044214993022
      ],
      [
        0.0,
        0.0,
        0.0,
        1.0
      ]
    ],
    "location": [
      25.706436084725283,
      17.07498889916951,
      1.0425044214993022
    ],
    "rotation": [
      0.006097754871633006,
      0.014515932304822503,
      0.6563914179909541
    ]
  },
  {
    "label_id": "oWHtxuSP48iB5d33eg9RSQ",
    "size": [
      2.1175059291569887,
      4.616705315983924,
      1.6300000000000026
    ],
    "obj_class": "vehicle",
    "point_num_in_lidar": 361,
    "speed": 0.013564837367840523,
    "if_vehicle": true,
    "motion_state": false,
    "pose": [
      [
        0.9936567013113803,
        -0.1114213103168276,
        0.015220103359296962,
        -19.656449656245627
      ],
      [
        0.11137239074144802,
        0.9937705823358609,
        0.004027438935337302,
        0.09748160118101623
      ],
      [
        -0.015574033501976827,
        -0.002306792388763434,
        0.9998760564136708,
        0.763671515824548
      ],
      [
        0.0,
        0.0,
        0.0,
        1.0
      ]
    ],
    "location": [
      -19.656449656245627,
      0.09748160118101623,
      0.763671515824548
    ],
    "rotation": [
      -0.002307074243113032,
      0.015574663152356985,
      0.1116175195182914
    ]
  },
  {
    "label_id": "sDKPtRk_p23MDT4FUoeVww",
    "size": [
      0.6738707008760816,
      0.8508007541018325,
      1.7600000000000051
    ],
    "obj_class": "pedestrian",
    "point_num_in_lidar": 827,
    "speed": 1.2353969040952995,
    "if_vehicle": false,
    "motion_state": true,
    "pose": [
      [
        -0.9855141973893238,
        0.16890860012980222,
        0.015220103359296962,
        5.719730440601666
      ],
      [
        -0.16886637306296637,
        -0.9856307258726166,
        0.004027438935337302,
        -1.7975309267189914
      ],
      [
        0.0156816705945562,
        0.0013989345979655051,
        0.9998760564136708,
        0.7732634806030418
      ],
      [
        0.0,
        0.0,
        0.0,
        1.0
      ]
    ],
    "location": [
      5.719730440601666,
      -1.7975309267189914,
      0.7732634806030418
    ],
    "rotation": [
      0.001399107095511327,
      -0.015682313391487124,
      -2.971892172443668
    ]
  },
  {
    "label_id": "stwG_nJ0VBwv7fYOvo0-Cw",
    "size": [
      0.7105290112285668,
      2.191229334457561,
      1.2100000000000009
    ],
    "obj_class": "vehicle",
    "point_num_in_lidar": 42,
    "speed": 0.033329158802575906,
    "if_vehicle": true,
    "motion_state": false,
    "pose": [
      [
        -0.1341775747212443,
        -0.9908404144440502,
        0.015220103359296962,
        -34.95079912378412
      ],
      [
        0.9909553872992767,
        -0.13413127941745234,
        0.004027438935337302,
        -1.155381932489263
      ],
      [
        -0.0019490573273893504,
        0.015622835407828613,
        0.9998760564136708,
        0.8895578896371461
      ],
      [
        0.0,
        0.0,
        0.0,
        1.0
      ]
    ],
    "location": [
      -34.95079912378412,
      -1.155381932489263,
      0.8895578896371461
    ],
    "rotation": [
      0.01562350067423259,
      0.0019490585614125701,
      1.7053800696302928
    ]
  },
  {
    "label_id": "x8XpP78SX3kOOTljT71MqA",
    "size": [
      2.290590113132993,
      5.639912554416073,
      2.200000000000003
    ],
    "obj_class": "vehicle",
    "point_num_in_lidar": 30,
    "speed": 3.552713678800501e-14,
    "if_vehicle": true,
    "motion_state": false,
    "pose": [
      [
        -0.9986522139560927,
        0.049619593048782586,
        0.015220103359296962,
        -68.57852401892626
      ],
      [
        -0.0495637091080911,
        -0.9987628439600017,
        0.004027438935337302,
        6.317899878263688
      ],
      [
        0.015401113597496869,
        0.0032676460338522907,
        0.9998760564136708,
        1.8451575415861683
      ],
      [
        0.0,
        0.0,
        0.0,
        1.0
      ]
    ],
    "location": [
      -68.57852401892626,
      6.317899878263688,
      1.8451575415861683
    ],
    "rotation": [
      0.003268039453465082,
      -0.015401722505218965,
      -3.0920027429055974
    ]
  }
]