[
  {
    "label_id": "-F5A7bbXR534ssEhSPvsKA",
    "size": [
      0.9144843212921507,
      1.0494597753535118,
      1.740000000000002
    ],
    "obj_class": "pedestrian",
    "point_num_in_lidar": 26,
    "speed": 1.5238505473162687,
    "if_vehicle": false,
    "motion_state": true,
    "pose": [
      [
        0.9909047973018607,
        -0.13455341198381043,
        0.0017498593295567555,
        -11.179569956939986
      ],
      [
        0.1345251792017372,
        0.9908448501850858,
        0.011378006083459694,
        13.9725941981892
      ],
      [
        -0.0032647886453416918,
        -0.011039120671943512,
        0.9999337372895724,
        0.9532449172396014
      ],
      [
        0.0,
        0.0,
        0.0,
        1.0
      ]
    ],
    "location": [
      -11.179569956939986,
      13.9725941981892,
      0.9532449172396014
    ],
    "rotation": [
      -0.01103940372899379,
      0.003264794445182144,
      0.13493499395750955
    ]
  },
  {
    "label_id": "0Mszwh9T8XA40wt2KRP44w",
    "size": [
      0.7583054554566728,
      0.8208242572220442,
      1.6100000000000065
    ],
    "obj_class": "pedestrian",
    "point_num_in_lidar": 114,
    "speed": 1.1189355068004099,
    "if_vehicle": false,
    "motion_state": true,
    "pose": [
      [
        -0.9966601002221722,
        0.08164301940433374,
        0.0017498593295567555,
        -10.118940986216671
      ],
      [
        -0.08161801601857926,
        -0.9965987359207094,
        0.011378006083459694,
        -1.9451125306982249
      ],
      [
        0.0026728423673298496,
        0.0111971846366794,
        0.9999337372895724,
        0.8866414687020026
      ],
      [
        0.0,
        0.0,
        0.0,
        1.0
      ]
    ],
    "location": [
      -10.118940986216671,
      -1.9451125306982249,
      0.8866414687020026
    ],
    "rotation": [
      0.011197458627561508,
      -0.0026728455498428462,
      -3.0598834559204473
    ]
  },
  {
    "label_id": "5FDGRfKUQ9sdZ1qWgyeWLQ",
    "size": [
      2.045718659207983,
      4.713389250527029,
      1.3400000000000034
    ],
    "obj_class": "vehicle",
    "point_num_in_lidar": 36,
    "speed": 5.389960292660923,
    "if_vehicle": true,
    "motion_state": true,
    "pose": [
      [
        0.02952535447251747,
        0.9995625000146808,
        0.0017498593295567555,
        -3.878363580120549
      ],
      [
        -0.9994999146177491,
        0.029503587183202618,
        0.011378006083459694,
        34.463022596071596
      ],
      [
        0.011321401078677303,
        -0.002084923913289657,
        0.9999337372895724,
        0.7964816745550749
      ],
      [
        0.0,
        0.0,
        0.0,
        1.0
      ]
    ],
    "location": [
      -3.878363580120549,
      34.463022596071596,
      0.7964816745550749
    ],
    "rotation": [
      -0.0020850590535708103,
      -0.01132164294440255,
      -1.541264787667128
    ]
  },
  {
    "label_id": "5tqAjOce6YWfi1CdeCMP-Q",
    "size": [
      2.263679025573109,
      4.979165260291454,
      1.8500000000000014
    ],
    "obj_class": "vehicle",
    "point_num_in_lidar": 226,
    "speed": 2.9017177959997214e-29,
    "if_vehicle": true,
    "motion_state": false,
    "pose": [
      [
        -0.9955609207210626,
        0.09410308775676096,
        0.0017498593295567555,
        10.627576893746095
      ],
      [
        -0.09407731876815101,
        -0.9954998739683297,
        0.011378006083459694,
        11.982496768205692
      ],
      [
        0.0028126902470048238,
        0.011162876138472852,
        0.9999337372895724,
        0.8802654804896264
      ],
      [
        0.0,
        0.0,
        0.0,
        1.0
      ]
    ],
    "location": [
      10.627576893746095,
      11.982496768205692,
      0.8802654804896264
    ],
    "rotation": [
      0.011163152144474893,
      -0.002812693955656262,
      -3.0473756328612507
    ]
  },
  {
    "label_id": "88Yu0kcAtWZ2BvmXXJ91fw",
    "size": [
      2.4925156752835416,
      5.6153545926905855,
      2.289999999999999
    ],
    "obj_class": "vehicle",
    "point_num_in_lidar": 16512,
    "speed": 0.09404491701974488,
    "if_vehicle": true,
    "motion_state": false,
    "pose": [
      [
        -0.09105100417921164,
        -0.9958446930271225,
        0.0017498593295567555,
        3.630877281328935
      ],
      [
        0.9957835675728298,
        -0.09102542243512088,
        0.011378006083459694,
        -14.845792227194806
      ],
      [
        -0.01117144529076871,
        0.00277846004539281,
        0.9999337372895724,
        1.0814893523249225
      ],
      [
        0.0,
        0.0,
        0.0,
        1.0
      ]
    ],
    "location": [
      3.630877281328935,
      -14.845792227194806,
      1.0814893523249225
    ],
    "rotation": [
      0.0027786370147423354,
      0.01117167767209711,
      1.6619793149793802
    ]
  },
  {
    "label_id": "CH_mXOvE4edy8w1rOMt3Xg",
    "size": [
      0.7973496475606677,
      0.08964484686202354,
      0.7867740827726948
    ],
    "obj_class": "sign",
    "point_num_in_lidar": 144,
    "speed": 0.007790379688032166,
    "if_vehicle": false,
    "motion_state": false,
    "pose": [
      [
        0.15515502123428598,
        0.9878885855085658,
        0.0017498593295567555,
        5.224502296643891
      ],
      [
        -0.9878292391965237,
        0.15512554646473292,
        0.011378006083459694,
        -7.6029222233553355
      ],
      [
        0.010968754450962952,
        -0.0034939169857000126,
        0.9999337372895724,
        2.756722950852719
      ],
      [
        0.0,
        0.0,
        0.0,
        1.0
      ]
    ],
    "location": [
      5.224502296643891,
      -7.6029222233553355,
      2.756722950852719
    ],
    "rotation": [
      -0.003494134297449805,
      -0.010968974411214149,
      -1.4150025049491792
    ]
  },
  {
    "label_id": "DfUOspd1ep_pDGx1yZG9Uw",
    "size": [
      2.093087734447168,
      4.702836163548996,
      1.8500000000000014
    ],
    "obj_class": "vehicle",
    "point_num_in_lidar": 261,
    "speed": 1.268776458032585,
    "if_vehicle": true,
    "motion_state": true,
    "pose": [
      [
        -0.9984091497864637,
        0.056356965984671395,
        0.0017498593295567555,
        13.22891498151273
      ],
      [
        -0.05633352587663011,
        -0.9983471714989088,
        0.011378006083459694,
        8.864646161735664
      ],
      [
        0.002388197014002886,
        0.011261329634230157,
        0.9999337372895724,
        0.8740489972497869
      ],
      [
        0.0,
        0.0,
        0.0,
        1.0
      ]
    ],
    "location": [
      13.22891498151273,
      8.864646161735664,
      0.8740489972497869
    ],
    "rotation": [
      0.01126159978676392,
      -0.0023881992841830115,
      -3.085229128755259
    ]
  },
  {
    "label_id": "GS-f_3-9m5tpTzs1EqI4-Q",
    "size": [
      0.48504666279161146,
      0.07902573047840633,
      0.20153950352409566
    ],
    "obj_class": "sign",
    "point_num_in_lidar": 67,
    "speed": 0.005596115999267063,
    "if_vehicle": false,
    "motion_state": false,
    "pose": [
      [
        0.14102885934586515,
        0.9900039387921297,
        0.0017498593295567555,
        5.20088174909381
      ],
      [
        -0.9899441775363896,
        0.14100023524578173,
        0.011378006083459694,
        -7.608131790444077
      ],
      [
        0.011017540261111382,
        -0.003336890274383076,
        0.9999337372895724,
        2.2525661577042158
      ],
      [
        0.0,
        0.0,
        0.0,
        1.0
      ]
    ],
    "location": [
      5.20088174909381,
      -7.608131790444077,
      2.2525661577042158
    ],
    "rotation": [
      -0.003337099012807106,
      -0.011017763169499862,
      -1.429287096024771
    ]
  },
  {
    "label_id": "OinBLW0UfALpTqwdQFfp6g",
    "size": [
      0.8118872121117013,
      0.10779766564128707,
      0.7800000000000011
    ],
    "obj_class": "sign",
    "point_num_in_lidar": 107,
    "speed": 0.004183846901410654,
    "if_vehicle": false,
    "motion_state": false,
    "pose": [
      [
        -0.9905060659643931,
        -0.1374578891154237,
        0.0017498593295567555,
        -10.773848205001968
      ],
      [
        0.13746892260074087,
        -0.9904407283106629,
        0.011378006083459694,
        -0.9040550615313805
      ],
      [
        0.00016913525023258235,
        0.011510535320983615,
        0.9999337372895724,
        2.6514174444624388
      ],
      [
        0.0,
        0.0,
        0.0,
        1.0
      ]
    ],
    "location": [
      -10.773848205001968,
      -0.9040550615313805,
      2.6514174444624388
    ],
    "rotation": [
      0.011510789677242702,
      -0.0001691352510389835,
      3.0036870305281944
    ]
  },
  {
    "label_id": "P1ky-Rbaej9JvbPv9kZKYA",
    "size": [
      2.3434372294598584,
      5.117642954333817,
      2.809999999999995
    ],
    "obj_class": "vehicle",
    "point_num_in_lidar": 2272,
    "speed": 0.03549408500658273,
    "if_vehicle": true,
    "motion_state": false,
    "pose": [
      [
        -0.0632580790394125,
        -0.997995668040984,
        0.0017498593295567555,
        3.152033734808356
      ],
      [
        0.9979338532868074,
        -0.06323421100725042,
        0.011378006083459694,
        -8.462984863718248
      ],
      [
        -0.011244549808158541,
        0.002465994671592852,
        0.9999337372895724,
        1.3681664421425523
      ],
      [
        0.0,
        0.0,
        0.0,
        1.0
      ]
    ],
    "location": [
      3.152033734808356,
      -8.462984863718248,
      1.3681664421425523
    ],
    "rotation": [
      0.0024661530862585736,
      0.011244786781601701,
      1.6341006783231395
    ]
  },
  {
    "label_id": "P5W3PzH21kZDfGzI8M2_Hw",
    "size": [
      3.102976625231795,
      12.442215914863029,
      3.289999999999978
    ],
    "obj_class": "vehicle",
    "point_num_in_lidar": 445,
    "speed": 3.1473548497338073e-29,
    "if_vehicle": true,
    "motion_state": false,
    "pose": [
      [
        -0.9980982436050904,
        0.061618455877766334,
        0.0017498593295567555,
        -25.834742573186077
      ],
      [
        -0.06159468942898112,
        -0.9980363897231965,
        0.011378006083459694,
        9.284364917255289
      ],
      [
        0.0024475184536248955,
        0.011248585845680701,
        0.9999337372895724,
        1.7264236508907516
      ],
      [
        0.0,
        0.0,
        0.0,
        1.0
      ]
    ],
    "location": [
      -25.834742573186077,
      9.284364917255289,
      1.7264236508907516
    ],
    "rotation": [
      0.011248856768144733,
      -0.002447520897212116,
      -3.0799587652705482
    ]
  },
  {
    "label_id": "T3lsRLzCMMSY3Dl_tzxcqw",
    "size": [
      0.8193820258429353,
      0.09376311697755056,
      0.8000000000000043
    ],
    "obj_class": "sign",
    "point_num_in_lidar": 30,
    "speed": 0.002712999043971559,
    "if_vehicle": false,
    "motion_state": false,
    "pose": [
      [
        0.3933993990907139,
        -0.9193660048029794,
        0.0017498593295567555,
        -7.706530935662727
      ],
      [
        0.9193000674768186,
        0.39339284044664746,
        0.011378006083459694,
        16.69909075060582
      ],
      [
        -0.01114893412761073,
        -0.0028674549563470655,
        0.9999337372895724,
        3.2455308892104213
      ],
      [
        0.0,
        0.0,
        0.0,
        1.0
      ]
    ],
    "location": [
      -7.706530935662727,
      16.69909075060582,
      3.2455308892104213
    ],
    "rotation": [
      -0.002867637113728921,
      0.011149165106926867,
      1.1664435093114456
    ]
  },
  {
    "label_id": "XQmjRhoi5kGFxGSc7VsbaA",
    "size": [
      2.569342638223427,
      5.383624736107198,
      2.6299999999999883
    ],
    "obj_class": "vehicle",
    "point_num_in_lidar": 41,
    "speed": 0.0,
    "if_vehicle": true,
    "motion_state": false,
    "pose": [
      [
        0.9974228226906097,
        -0.07172622092528827,
        0.0017498593295567555,
        15.585727148396586
      ],
      [
        0.07170182910430357,
        0.9973612127412325,
        0.011378006083459694,
        2.9092134358552357
      ],
      [
        -0.0025613432010847897,
        -0.011223214829750848,
        0.9999337372895724,
        1.1737428434535389
      ],
      [
        0.0,
        0.0,
        0.0,
        1.0
      ]
    ],
    "location": [
      15.585727148396586,
      2.9092134358552357,
      1.1737428434535389
    ],
    "rotation": [
      -0.011223487274160393,
      0.0025613460016994357,
      0.07176364582404215
    ]
  },
  {
    "label_id": "ZAWh5ebxHQoiaBpI1opOtQ",
    "size": [
      2.3183299357428733,
      5.252203792437462,
      1.9400000000000048
    ],
    "obj_class": "vehicle",
    "point_num_in_lidar": 385,
    "speed": 1.407539878663686e-29,
    "if_vehicle": true,
    "motion_state": false,
    "pose": [
      [
        0.9974710948132406,
        -0.07105176285217507,
        0.0017498593295567555,
        -13.749782766254725
      ],
      [
        0.07102741269644855,
        0.9974094683845813,
        0.011378006083459694,
        0.587968731471392
      ],
      [
        -0.002553753653613587,
        -0.011224944204099096,
        0.9999337372895724,
        0.8586715158246392
      ],
      [
        0.0,
        0.0,
        0.0,
        1.0
      ]
    ],
    "location": [
      -13.749782766254725,
      0.587968731471392,
      0.8586715158246392
    ],
    "rotation": [
      -0.011225216545226891,
      0.002553756429406273,
      0.07108750183314055
    ]
  },
  {
    "label_id": "ZqVcS5TpbdlQOy2xeA1L0w",
    "size": [
      2.1659284936682077,
      4.872672216116353,
      1.6000000000000014
    ],
    "obj_class": "vehicle",
    "point_num_in_lidar": 128,
    "speed": 0.0034722953268074472,
    "if_vehicle": true,
    "motion_state": false,
    "pose": [
      [
        0.07355129461821107,
        0.9972899002057084,
        0.0017498593295567555,
        -6.016980725002213
      ],
      [
        -0.9972283349943157,
        0.07352679009741604,
        0.011378006083459694,
        20.441759332578386
      ],
      [
        0.011218509011889137,
        -0.002581876383300495,
        0.9999337372895724,
        0.7910149307950718
      ],
      [
        0.0,
        0.0,
        0.0,
        1.0
      ]
    ],
    "location": [
      -6.016980725002213,
      20.441759332578386,
      0.7910149307950718
    ],
    "rotation": [
      -0.002582041738644069,
      -0.011218744342688693,
      -1.4971739125955579
    ]
  },
  {
    "label_id": "aeKfK2PPlosRBnHhIkTJ8g",
    "size": [
      2.159573219474167,
      4.812597625051318,
      1.490000000000002
    ],
    "obj_class": "vehicle",
    "point_num_in_lidar": 598,
    "speed": 7.10101979735763,
    "if_vehicle": true,
    "motion_state": true,
    "pose": [
      [
        -0.9957373405984539,
        0.09221760423175823,
        0.0017498593295567555,
        -2.396128216087277
      ],
      [
        -0.09219195089488232,
        -0.9956762451559042,
        0.011378006083459694,
        7.949187962653468
      ],
      [
        0.002791545828755122,
        0.01116818257347374,
        0.9999337372895724,
        0.9055311724775521
      ],
      [
        0.0,
        0.0,
        0.0,
        1.0
      ]
    ],
    "location": [
      -2.396128216087277,
      7.949187962653468,
      0.9055311724775521
    ],
    "rotation": [
      0.011168458269520613,
      -0.002791549454394113,
      -3.0492692445463634
    ]
  },
  {
    "label_id": "ahh4Y1SZ-y9Qvly03o_oAA",
    "size": [
      2.062704665767815,
      4.417872033252479,
      1.7451871050278172
    ],
    "obj_class": "vehicle",
    "point_num_in_lidar": 33,
    "speed": 0.0,
    "if_vehicle": true,
    "motion_state": false,
    "pose": [
      [
        0.07577143337198494,
        0.9971236773224681,
        0.0017498593295567555,
        -6.936045900371369
      ],
      [
        -0.9970621668194091,
        0.07574679184592362,
        0.011378006083459694,
        32.63286732327879
      ],
      [
        0.01121273303614116,
        -0.002606846364615923,
        0.9999337372895724,
        0.6959842257872282
      ],
      [
        0.0,
        0.0,
        0.0,
        1.0
      ]
    ],
    "location": [
      -6.936045900371369,
      32.63286732327879,
      0.6959842257872282
    ],
    "rotation": [
      -0.002607013206548476,
      -0.011212968003625989,
      -1.4949474235285503
    ]
  },
  {
    "label_id": "fh1oSL5OCYHPzBR4ONvPDg",
    "size": [
      2.544152576201215,
      5.529152590652675,
      2.3499999999999943
    ],
    "obj_class": "vehicle",
    "point_num_in_lidar": 452,
    "speed": 0.012855557767517902,
    "if_vehicle": true,
    "motion_state": false,
    "pose": [
      [
        -0.06584798682276735,
        -0.9978281318061318,
        0.0017498593295567555,
        1.1954860564804903
      ],
      [
        0.9977663792053845,
        -0.06582395844175369,
        0.011378006083459694,
        18.418152273721944
      ],
      [
        -0.011238111886149732,
        0.002495169602023626,
        0.9999337372895724,
        1.271579333753678
      ],
      [
        0.0,
        0.0,
        0.0,
        1.0
      ]
    ],
    "location": [
      1.1954860564804903,
      18.418152273721944,
      1.271579333753678
    ],
    "rotation": [
      0.0024953297704690246,
      0.011238348452782208,
      1.6366961599640415
    ]
  },
  {
    "label_id": "jiDWv0IHfVYmdLSYdNAeuw",
    "size": [
      2.3635772079234525,
      4.784302331303529,
      1.8000000000000043
    ],
    "obj_class": "vehicle",
    "point_num_in_lidar": 450,
    "speed": 1.407539878663686e-29,
    "if_vehicle": true,
    "motion_state": false,
    "pose": [
      [
        -0.9990915312601953,
        0.04257992668482288,
        0.0017498593295567555,
        -16.1267673250876
      ],
      [
        -0.042557343711817984,
        -0.9990292355450661,
        0.011378006083459694,
        10.476572896518519
      ],
      [
        0.00223263529317167,
        0.011293200155676284,
        0.9999337372895724,
        0.8986715158246099
      ],
      [
        0.0,
        0.0,
        0.0,
        1.0
      ]
    ],
    "location": [
      -16.1267673250876,
      10.476572896518519,
      0.8986715158246099
    ],
    "rotation": [
      0.011293468366696318,
      -0.0022326371479972685,
      -3.099022347104173
    ]
  },
  {
    "label_id": "oXbsfv6FeuaSzHiaWJ7pEA",
    "size": [
      2.399586463993715,
      4.936133779409374,
      1.980000000000004
    ],
    "obj_class": "vehicle",
    "point_num_in_lidar": 3605,
    "speed": 3.2471522294165838,
    "if_vehicle": true,
    "motion_state": true,
    "pose": [
      [
        0.10468303393131474,
        0.9945040977287433,
        0.0017498593295567555,
        -3.7454399788039154
      ],
      [
        -0.9944433284145929,
        0.10465661732193919,
        0.011378006083459694,
        -7.584982074711888
      ],
      [
        0.01113233931576259,
        -0.0029312201328472644,
        0.9999337372895724,
        0.8917027490179663
      ],
      [
        0.0,
        0.0,
        0.0,
        1.0
      ]
    ],
    "location": [
      -3.7454399788039154,
      -7.584982074711888,
      0.8917027490179663
    ],
    "rotation": [
      -0.0029314059796187097,
      -0.011132569265160196,
      -1.4659146252469657
    ]
  },
  {
    "label_id": "snJRcyK-URU6oqMcpLfJiQ",
    "size": [
      0.8009377146965053,
      1.0206146851905107,
      1.750000000000007
    ],
    "obj_class": "pedestrian",
    "point_num_in_lidar": 161,
    "speed": 1.1360973272321087,
    "if_vehicle": false,
    "motion_state": true,
    "pose": [
      [
        -0.999019132461182,
        0.04424602771813329,
        0.0017498593295567555,
        -10.294071489515659
      ],
      [
        -0.04422334088750779,
        -0.998956874493745,
        0.011378006083459694,
        -2.697248503072842
      ],
      [
        0.0022514655792035838,
        0.01128946114099978,
        0.9999337372895724,
        0.9633362671178816
      ],
      [
        0.0,
        0.0,
        0.0,
        1.0
      ]
    ],
    "location": [
      -10.294071489515659,
      -2.697248503072842,
      0.9633362671178816
    ],
    "rotation": [
      0.011289729580982628,
      -0.002251467481357587,
      -3.0973547731787106
    ]
  }
]