[
  {
    "label_id": "-F5A7bbXR534ssEhSPvsKA",
    "size": [
      0.914484321292117,
      1.0494597753535118,
      1.740000000000002
    ],
    "obj_class": "pedestrian",
    "point_num_in_lidar": 118,
    "speed": 1.5811058075152111,
    "if_vehicle": false,
    "motion_state": true,
    "pose": [
      [
        0.9926983932671184,
        -0.11939191447206562,
        0.017189263031800132,
        0.4664919720925127
      ],
      [
        0.11936742707340617,
        0.9928471323429479,
        0.0024472744553844282,
        14.81251371335702
      ],
      [
        -0.017358495290678334,
        -0.000377567318349785,
        0.9998492586806091,
        0.9119950203971996
      ],
      [
        0.0,
        0.0,
        0.0,
        1.0
      ]
    ],
    "location": [
      0.4664919720925127,
      14.81251371335702,
      0.9119950203971996
    ],
    "rotation": [
      -0.00037762422397650094,
      0.017359367144892834,
      0.11967084700853003
    ]
  },
  {
    "label_id": "-FAHwqVW2G-3XzoYPoMFfw",
    "size": [
      3.1200548967611827,
      11.531225792973089,
      4.109999999999957
    ],
    "obj_class": "vehicle",
    "point_num_in_lidar": 119,
    "speed": 3.972054645195637e-14,
    "if_vehicle": true,
    "motion_state": false,
    "pose": [
      [
        -0.9984862715431071,
        0.05224648099506948,
        0.017189263031800132,
        38.317532355247636
      ],
      [
        -0.05221202925319681,
        -0.998633023111595,
        0.0024472744553844282,
        13.727971959058777
      ],
      [
        0.017293627184829907,
        0.0015460836421422423,
        0.9998492586806091,
        1.8429762349869634
      ],
      [
        0.0,
        0.0,
        0.0,
        1.0
      ]
    ],
    "location": [
      38.317532355247636,
      13.727971959058777,
      1.8429762349869634
    ],
    "rotation": [
      0.0015463155035053502,
      -0.017294489300384238,
      -3.089349052753887
    ]
  },
  {
    "label_id": "-H4mHZRW8n7aRqwatB9ZGw",
    "size": [
      2.119300748150478,
      4.685897212546479,
      1.7800000000000011
    ],
    "obj_class": "vehicle",
    "point_num_in_lidar": 30,
    "speed": 0.015930345799157346,
    "if_vehicle": true,
    "motion_state": false,
    "pose": [
      [
        -0.19282476621847258,
        -0.9810826360552994,
        0.017189263031800132,
        0.6013906413054428
      ],
      [
        0.9812327834935164,
        -0.1928113986394633,
        0.0024472744553844282,
        31.19385866276025
      ],
      [
        0.0009133073729036531,
        0.017338563535627384,
        0.9998492586806091,
        0.8259842257872663
      ],
      [
        0.0,
        0.0,
        0.0,
        1.0
      ]
    ],
    "location": [
      0.6013906413054428,
      31.19385866276025,
      0.8259842257872663
    ],
    "rotation": [
      0.017339439622122317,
      -0.0009133074998732682,
      1.7648365373282464
    ]
  },
  {
    "label_id": "0Mszwh9T8XA40wt2KRP44w",
    "size": [
      0.758305455456436,
      0.8208242572220442,
      1.6100000000000065
    ],
    "obj_class": "pedestrian",
    "point_num_in_lidar": 36,
    "speed": 1.190775245296831,
    "if_vehicle": false,
    "motion_state": true,
    "pose": [
      [
        -0.9987275939589642,
        0.04741014977156192,
        0.017189263031800132,
        -19.98526739222416
      ],
      [
        -0.047374987708607756,
        -0.9988741769549102,
        0.0024472744553844282,
        -2.69261679180363
      ],
      [
        0.017285936611812713,
        0.0016298194037317672,
        0.9998492586806091,
        0.9566433508935575
      ],
      [
        0.0,
        0.0,
        0.0,
        1.0
      ]
    ],
    "location": [
      -19.98526739222416,
      -2.69261679180363,
      0.9566433508935575
    ],
    "rotation": [
      0.0016300636781458745,
      -0.017286797577612527,
      -3.0941928391843447
    ]
  },
  {
    "label_id": "5tqAjOce6YWfi1CdeCMP-Q",
    "size": [
      2.263679025573106,
      4.979165260291454,
      1.8500000000000014
    ],
    "obj_class": "vehicle",
    "point_num_in_lidar": 1152,
    "speed": 1.7852165294699933e-13,
    "if_vehicle": true,
    "motion_state": false,
    "pose": [
      [
        -0.9954153542682059,
        0.09408932842530959,
        0.017189263031800132,
        10.627576893746095
      ],
      [
        -0.09406106358733679,
        -0.9955634219699713,
        0.0024472744553844282,
        11.982496768205692
      ],
      [
        0.0173432639350604,
        0.0008192142059444109,
        0.9998492586806091,
        0.8802654804896264
      ],
      [
        0.0,
        0.0,
        0.0,
        1.0
      ]
    ],
    "location": [
      10.627576893746095,
      11.982496768205692,
      0.8802654804896264
    ],
    "rotation": [
      0.0008193375306481469,
      -0.017344133496034118,
      -3.0473781217666303
    ]
  },
  {
    "label_id": "7-Cir_6eWG09wehRQVtTtw",
    "size": [
      0.4470415938999124,
      0.09818506062016025,
      0.16146885882913153
    ],
    "obj_class": "sign",
    "point_num_in_lidar": 61,
    "speed": 0.002203432701522332,
    "if_vehicle": false,
    "motion_state": false,
    "pose": [
      [
        -0.9903612386100232,
        -0.1374377906372348,
        0.017189263031800132,
        -10.777988893593829
      ],
      [
        0.1374993614967224,
        -0.9904988321223472,
        0.0024472744553844282,
        -0.9210792870640034
      ],
      [
        0.01668959696381089,
        0.004787198452324924,
        0.9998492586806091,
        2.1005378168043762
      ],
      [
        0.0,
        0.0,
        0.0,
        1.0
      ]
    ],
    "location": [
      -10.777988893593829,
      -0.9210792870640034,
      2.1005378168043762
    ],
    "rotation": [
      0.004787883603853673,
      -0.01669037185502836,
      3.003636964382714
    ]
  },
  {
    "label_id": "8Fg4poEL5AVkJRV9CO00xA",
    "size": [
      2.1500009585022535,
      4.8842989074546495,
      1.4500000000000028
    ],
    "obj_class": "vehicle",
    "point_num_in_lidar": 20,
    "speed": 3.552713678800501e-14,
    "if_vehicle": true,
    "motion_state": false,
    "pose": [
      [
        -0.0628998869569593,
        -0.9978718021154949,
        0.017189263031800132,
        0.7948224886582693
      ],
      [
        0.9980189130135055,
        -0.0628670033887494,
        0.0024472744553844282,
        24.810830127362124
      ],
      [
        -0.0013614287137953917,
        0.017309142893096735,
        0.9998492586806091,
        0.6959842257871713
      ],
      [
        0.0,
        0.0,
        0.0,
        1.0
      ]
    ],
    "location": [
      0.7948224886582693,
      24.810830127362124,
      0.6959842257871713
    ],
    "rotation": [
      0.017310023374964068,
      0.0013614291343610721,
      1.6337378223184862
    ]
  },
  {
    "label_id": "AEZuZTCdAj38T5tnQh0N3A",
    "size": [
      1.9764182524732343,
      4.583813116773403,
      1.6100000000000065
    ],
    "obj_class": "vehicle",
    "point_num_in_lidar": 149,
    "speed": 5.0242958677880804e-14,
    "if_vehicle": true,
    "motion_state": false,
    "pose": [
      [
        -0.9923401104151371,
        0.12233411011527828,
        0.017189263031800132,
        -49.14020002986922
      ],
      [
        -0.12231006374109776,
        -0.9924889214270297,
        0.0024472744553844282,
        7.589575708011125
      ],
      [
        0.017359538269264133,
        0.00032610874619035834,
        0.9998492586806091,
        1.2996785004646867
      ],
      [
        0.0,
        0.0,
        0.0,
        1.0
      ]
    ],
    "location": [
      -49.14020002986922,
      7.589575708011125,
      1.2996785004646867
    ],
    "rotation": [
      0.0003261579000988441,
      -0.017360410280657372,
      -3.0189569908407354
    ]
  },
  {
    "label_id": "Bbx8pLm5ey4t1wPBh4cdAw",
    "size": [
      2.123877219783958,
      4.766762156548458,
      1.8100000000000023
    ],
    "obj_class": "vehicle",
    "point_num_in_lidar": 406,
    "speed": 0.00327727573865429,
    "if_vehicle": true,
    "motion_state": false,
    "pose": [
      [
        -0.9952949034750799,
        0.09535504366815134,
        0.017189263031800132,
        17.672141097680537
      ],
      [
        -0.09532696713906666,
        -0.9954430069992994,
        0.0024472744553844282,
        12.903324747092256
      ],
      [
        0.017344291643038152,
        0.0007971594806716881,
        0.9998492586806091,
        0.77156020049717
      ],
      [
        0.0,
        0.0,
        0.0,
        1.0
      ]
    ],
    "location": [
      17.672141097680537,
      12.903324747092256,
      0.77156020049717
    ],
    "rotation": [
      0.0007972794947286113,
      -0.01734516135861744,
      -3.0461063092921243
    ]
  },
  {
    "label_id": "C-7CDilIzKn25wyKRr9jJA",
    "size": [
      2.1507752573320604,
      5.0328621732727665,
      1.5100000000000051
    ],
    "obj_class": "vehicle",
    "point_num_in_lidar": 2806,
    "speed": 3.102134870592308,
    "if_vehicle": true,
    "motion_state": true,
    "pose": [
      [
        0.1298187441203982,
        0.9913887345090351,
        0.017189263031800132,
        -2.7604541320765748
      ],
      [
        -0.9915377227361171,
        0.12979582134651033,
        0.0024472744553844282,
        -4.002167373208522
      ],
      [
        0.0001951058117661516,
        -0.017361504818379163,
        0.9998492586806091,
        0.6769359906421286
      ],
      [
        0.0,
        0.0,
        0.0,
        1.0
      ]
    ],
    "location": [
      -2.7604541320765748,
      -4.002167373208522,
      0.6769359906421286
    ],
    "rotation": [
      -0.01736237745668003,
      -0.00019510581300397696,
      -1.4406101495925612
    ]
  },
  {
    "label_id": "DfUOspd1ep_pDGx1yZG9Uw",
    "size": [
      2.0930877344471845,
      4.702836163548996,
      1.8500000000000014
    ],
    "obj_class": "vehicle",
    "point_num_in_lidar": 2726,
    "speed": 6.380486749005433,
    "if_vehicle": true,
    "motion_state": true,
    "pose": [
      [
        -0.9972762069045379,
        0.0717265388717525,
        0.017189263031800132,
        -2.898060960980729
      ],
      [
        -0.07169495821975291,
        -0.9974236029960429,
        0.0024472744553844282,
        7.6338512161225935
      ],
      [
        0.01732051119237875,
        0.0012082250912268972,
        0.9998492586806091,
        1.014048997249759
      ],
      [
        0.0,
        0.0,
        0.0,
        1.0
      ]
    ],
    "location": [
      -2.898060960980729,
      7.6338512161225935,
      1.014048997249759
    ],
    "rotation": [
      0.0012084066599389034,
      -0.017321377335184452,
      -3.069825347761731
    ]
  },
  {
    "label_id": "II9hCDJdG-EL7T23hW66TA",
    "size": [
      2.1696386959844145,
      4.618757893724354,
      1.7700000000000031
    ],
    "obj_class": "vehicle",
    "point_num_in_lidar": 210,
    "speed": 2.1683198553528098e-13,
    "if_vehicle": true,
    "motion_state": false,
    "pose": [
      [
        0.9985965874296535,
        -0.050093760193001984,
        0.017189263031800132,
        -26.808308418339948
      ],
      [
        0.050058992154946635,
        0.9987432643838812,
        0.0024472744553844282,
        -0.6173348429897487
      ],
      [
        -0.01729025385242772,
        -0.0015833627363924564,
        0.9998492586806091,
        1.053671515824533
      ],
      [
        0.0,
        0.0,
        0.0,
        1.0
      ]
    ],
    "location": [
      -26.808308418339948,
      -0.6173348429897487,
      1.053671515824533
    ],
    "rotation": [
      -0.0015836001267846588,
      0.017291115463536823,
      0.05008741664141047
    ]
  },
  {
    "label_id": "KExt1_lZn78J8VsbsFyZVw",
    "size": [
      0.5970706012783875,
      0.6505881208428722,
      1.6700000000000017
    ],
    "obj_class": "pedestrian",
    "point_num_in_lidar": 48,
    "speed": 0.13668318530528006,
    "if_vehicle": false,
    "motion_state": false,
    "pose": [
      [
        -0.06959933341673931,
        -0.9974269206434971,
        0.017189263031800132,
        25.905441981876493
      ],
      [
        0.9975742490428962,
        -0.06956743846255804,
        0.0024472744553844282,
        17.630032187573534
      ],
      [
        -0.0012451644258221017,
        0.017317894831331403,
        0.9998492586806091,
        0.9725044214993233
      ],
      [
        0.0,
        0.0,
        0.0,
        1.0
      ]
    ],
    "location": [
      25.905441981876493,
      17.630032187573534,
      0.9725044214993233
    ],
    "rotation": [
      0.017318774008813372,
      0.0012451647475799626,
      1.6404520277793564
    ]
  },
  {
    "label_id": "Kj83jG1FL0sIqQoDH5vM9Q",
    "size": [
      0.6838268936494627,
      0.6195395043100689,
      1.6800000000000068
    ],
    "obj_class": "pedestrian",
    "point_num_in_lidar": 22,
    "speed": 0.10574925584528858,
    "if_vehicle": false,
    "motion_state": false,
    "pose": [
      [
        0.981433263755953,
        0.191032138735244,
        0.017189263031800132,
        -6.5469792585482764
      ],
      [
        -0.19110109288476132,
        0.9815673095340888,
        0.0024472744553844282,
        -5.974390154676939
      ],
      [
        -0.01640491059371361,
        -0.0056867235073151425,
        0.9998492586806091,
        0.8031373172821148
      ],
      [
        0.0,
        0.0,
        0.0,
        1.0
      ]
    ],
    "location": [
      -6.5469792585482764,
      -5.974390154676939,
      0.8031373172821148
    ],
    "rotation": [
      -0.005687519533567872,
      0.01640564650074647,
      -0.1923099937712881
    ]
  },
  {
    "label_id": "NpOYq1LvezmGuK1h3sh1Ig",
    "size": [
      0.4751209984601682,
      0.05187169363348636,
      0.490000000000002
    ],
    "obj_class": "sign",
    "point_num_in_lidar": 35,
    "speed": 0.007394271206106254,
    "if_vehicle": false,
    "motion_state": false,
    "pose": [
      [
        0.9998522537037278,
        6.0714516878568e-14,
        0.017189263031800132,
        -11.873815059799313
      ],
      [
        -4.207306052418951e-05,
        0.9999970045343125,
        0.0024472744553844282,
        12.624232520310443
      ],
      [
        -0.017189211541952375,
        -0.002447636084551586,
        0.9998492586806091,
        2.80403916945955
      ],
      [
        0.0,
        0.0,
        0.0,
        1.0
      ]
    ],
    "location": [
      -11.873815059799313,
      12.624232520310443,
      2.80403916945955
    ],
    "rotation": [
      -0.002448000210010802,
      0.017190058134359722,
      -4.2079277556765896e-05
    ]
  },
  {
    "label_id": "OinBLW0UfALpTqwdQFfp6g",
    "size": [
      0.8118872121116988,
      0.10779766564128707,
      0.7800000000000011
    ],
    "obj_class": "sign",
    "point_num_in_lidar": 356,
    "speed": 0.007021355902392464,
    "if_vehicle": false,
    "motion_state": false,
    "pose": [
      [
        -0.9903612386097289,
        -0.13743779063935554,
        0.017189263031800132,
        -10.795209759869522
      ],
      [
        0.13749936149884345,
        -0.9904988321220528,
        0.0024472744553844282,
        -0.9294459934751558
      ],
      [
        0.016689596963800638,
        0.004787198452360664,
        0.9998492586806091,
        2.5825243448095137
      ],
      [
        0.0,
        0.0,
        0.0,
        1.0
      ]
    ],
    "location": [
      -10.795209759869522,
      -0.9294459934751558,
      2.5825243448095137
    ],
    "rotation": [
      0.004787883603889417,
      -0.016690371855018107,
      3.0036369643805725
    ]
  },
  {
    "label_id": "P1ky-Rbaej9JvbPv9kZKYA",
    "size": [
      2.3434372294598647,
      5.117642954333817,
      2.809999999999995
    ],
    "obj_class": "vehicle",
    "point_num_in_lidar": 4091,
    "speed": 0.0010762622683898714,
    "if_vehicle": true,
    "motion_state": false,
    "pose": [
      [
        -0.07076412265879599,
        -0.99734495947027,
        0.017189263031800132,
        3.1333934999560142
      ],
      [
        0.9974923250174578,
        -0.07073239978260625,
        0.0024472744553844282,
        -8.277471449081531
      ],
      [
        -0.001224939017784348,
        0.017319337176667508,
        0.9998492586806091,
        1.3483359094672238
      ],
      [
        0.0,
        0.0,
        0.0,
        1.0
      ]
    ],
    "location": [
      3.1333934999560142,
      -8.277471449081531,
      1.3483359094672238
    ],
    "rotation": [
      0.01732021613892834,
      0.0012249393241164053,
      1.641619695436922
    ]
  },
  {
    "label_id": "P5W3PzH21kZDfGzI8M2_Hw",
    "size": [
      3.102976625231795,
      12.442215914863029,
      3.289999999999978
    ],
    "obj_class": "vehicle",
    "point_num_in_lidar": 3364,
    "speed": 1.1374233532693354e-13,
    "if_vehicle": true,
    "motion_state": false,
    "pose": [
      [
        -0.9979523061562611,
        0.06160944630349864,
        0.017189263031800132,
        -25.83474257318619
      ],
      [
        -0.0615763725277785,
        -0.9980993744082101,
        0.0024472744553844282,
        9.284364917255289
      ],
      [
        0.017307367902726814,
        0.0013838107226241015,
        0.9998492586806091,
        1.7264236508907445
      ],
      [
        0.0,
        0.0,
        0.0,
        1.0
      ]
    ],
    "location": [
      -25.83474257318619,
      9.284364917255289,
      1.7264236508907445
    ],
    "rotation": [
      0.00138401846782746,
      -0.017308232075090982,
      -3.079968059785632
    ]
  },
  {
    "label_id": "RB-oIFuuBhuOu_4wBXtzcQ",
    "size": [
      1.964594355683542,
      4.318930102955118,
      1.564739240841142
    ],
    "obj_class": "vehicle",
    "point_num_in_lidar": 394,
    "speed": 0.005022283252121317,
    "if_vehicle": true,
    "motion_state": false,
    "pose": [
      [
        -0.9952949034750727,
        0.09535504366822735,
        0.017189263031800132,
        23.45289672791762
      ],
      [
        -0.0953269671391427,
        -0.9954430069992922,
        0.0024472744553844282,
        13.324567811693669
      ],
      [
        0.01734429164303821,
        0.0007971594806703635,
        0.9998492586806091,
        0.6220226951074608
      ],
      [
        0.0,
        0.0,
        0.0,
        1.0
      ]
    ],
    "location": [
      23.45289672791762,
      13.324567811693669,
      0.6220226951074608
    ],
    "rotation": [
      0.0007972794947272865,
      -0.017345161358617498,
      -3.046106309292048
    ]
  },
  {
    "label_id": "T3lsRLzCMMSY3Dl_tzxcqw",
    "size": [
      0.8193820258429355,
      0.09376311697755056,
      0.8000000000000043
    ],
    "obj_class": "sign",
    "point_num_in_lidar": 53,
    "speed": 0.0027129990893587784,
    "if_vehicle": false,
    "motion_state": false,
    "pose": [
      [
        0.39334187799492804,
        -0.9192315792290029,
        0.017189263031800132,
        -7.716722964467749
      ],
      [
        0.9193481068835097,
        0.39343750357260926,
        0.0024472744553844282,
        16.67779947853228
      ],
      [
        -0.00901251269791421,
        0.014840300896758222,
        0.9998492586806091,
        3.186208519530375
      ],
      [
        0.0,
        0.0,
        0.0,
        1.0
      ]
    ],
    "location": [
      -7.716722964467749,
      16.67779947853228,
      3.186208519530375
    ],
    "rotation": [
      0.014841448482883546,
      0.009012634709843117,
      1.1665152945092807
    ]
  },
  {
    "label_id": "T6U06Wun56eAHCrMjQZvzA",
    "size": [
      2.0430374440109067,
      4.534960981455697,
      1.500000000000007
    ],
    "obj_class": "vehicle",
    "point_num_in_lidar": 26,
    "speed": 0.03022406037514321,
    "if_vehicle": true,
    "motion_state": false,
    "pose": [
      [
        0.9996142038379543,
        -0.02181679907402539,
        0.017189263031800132,
        -39.17257773362189
      ],
      [
        0.021777894496966675,
        0.9997598382406743,
        0.0024472744553844282,
        -1.4658585618265079
      ],
      [
        -0.017238526523221016,
        -0.0020719843495049153,
        0.9998492586806091,
        1.0981622123922747
      ],
      [
        0.0,
        0.0,
        0.0,
        1.0
      ]
    ],
    "location": [
      -39.17257773362189,
      -1.4658585618265079,
      1.0981622123922747
    ],
    "rotation": [
      -0.002072293763822663,
      0.01723938042369827,
      0.02178285364525706
    ]
  },
  {
    "label_id": "VIgfW057J6zNoT8MSku42Q",
    "size": [
      2.038907894282847,
      4.544739353990225,
      1.8300000000000054
    ],
    "obj_class": "vehicle",
    "point_num_in_lidar": 1115,
    "speed": 1.577393245359725,
    "if_vehicle": true,
    "motion_state": true,
    "pose": [
      [
        -0.9978016262316858,
        0.06400346807655585,
        0.017189263031800132,
        12.220941644082131
      ],
      [
        -0.06397074722918523,
        -0.9979487734080741,
        0.0024472744553844282,
        8.856528614922809
      ],
      [
        0.017310638010853464,
        0.0013422844309545808,
        0.9998492586806091,
        0.885901197701223
      ],
      [
        0.0,
        0.0,
        0.0,
        1.0
      ]
    ],
    "location": [
      12.220941644082131,
      8.856528614922809,
      0.885901197701223
    ],
    "rotation": [
      0.001342485992678572,
      -0.017311502673192522,
      -3.077568588520209
    ]
  },
  {
    "label_id": "XQmjRhoi5kGFxGSc7VsbaA",
    "size": [
      2.5693426382234286,
      5.383624736107198,
      2.6299999999999883
    ],
    "obj_class": "vehicle",
    "point_num_in_lidar": 2951,
    "speed": 2.51214793389404e-13,
    "if_vehicle": true,
    "motion_state": false,
    "pose": [
      [
        0.9972769839987972,
        -0.07171573343894833,
        0.017189263031800132,
        15.5857271483967
      ],
      [
        0.07168415118992268,
        0.9974243797481191,
        0.0024472744553844282,
        2.9092134358550084
      ],
      [
        -0.017320498100314816,
        -0.001208412757868172,
        0.9998492586806091,
        1.1737428434535317
      ],
      [
        0.0,
        0.0,
        0.0,
        1.0
      ]
    ],
    "location": [
      15.5857271483967,
      2.9092134358550084,
      1.1737428434535317
    ],
    "rotation": [
      -0.001208594354599437,
      0.017321364241156267,
      0.07175646926963815
    ]
  },
  {
    "label_id": "YytKtqwuhzFGLrx28JPtgQ",
    "size": [
      2.8673079452884327,
      7.235536587668475,
      3.3505405405405497
    ],
    "obj_class": "vehicle",
    "point_num_in_lidar": 1283,
    "speed": 0.008139765785386291,
    "if_vehicle": true,
    "motion_state": false,
    "pose": [
      [
        0.9990226397721585,
        -0.04072216176839792,
        0.017189263031800132,
        22.677334746511633
      ],
      [
        0.04068601905525759,
        0.9991689840568388,
        0.0024472744553844282,
        3.4848755966677345
      ],
      [
        -0.017274636786433345,
        -0.0017455199034074678,
        0.9998492586806091,
        1.5809332733412447
      ],
      [
        0.0,
        0.0,
        0.0,
        1.0
      ]
    ],
    "location": [
      22.677334746511633,
      3.4848755966677345,
      1.5809332733412447
    ],
    "rotation": [
      -0.0017457812914782424,
      0.017275496064744295,
      0.04070332938491204
    ]
  },
  {
    "label_id": "ZAWh5ebxHQoiaBpI1opOtQ",
    "size": [
      2.31832993574287,
      5.252203792437462,
      1.9400000000000048
    ],
    "obj_class": "vehicle",
    "point_num_in_lidar": 1660,
    "speed": 0.0045231722391507615,
    "if_vehicle": true,
    "motion_state": false,
    "pose": [
      [
        0.997325249063295,
        -0.07104137398206863,
        0.017189263031800132,
        -13.767602158963882
      ],
      [
        0.07100969207356818,
        0.9974726234234988,
        0.0024472744553844282,
        0.5957637178144068
      ],
      [
        -0.01731967703086797,
        -0.0012201243308828178,
        0.9998492586806091,
        0.8586715158246392
      ],
      [
        0.0,
        0.0,
        0.0,
        1.0
      ]
    ],
    "location": [
      -13.767602158963882,
      0.5957637178144068,
      0.8586715158246392
    ],
    "rotation": [
      -0.0012203076760221865,
      0.01732054304852727,
      0.07108018394878816
    ]
  },
  {
    "label_id": "ZxcngDw5pn33WhQh4fGo7g",
    "size": [
      1.9931629351995594,
      4.351704980641885,
      1.5900000000000034
    ],
    "obj_class": "vehicle",
    "point_num_in_lidar": 31,
    "speed": 1.0805156823142816e-13,
    "if_vehicle": true,
    "motion_state": false,
    "pose": [
      [
        -0.9968759352851437,
        0.07709019967410513,
        0.017189263031800132,
        -42.487881762404754
      ],
      [
        -0.07705941237432855,
        -0.9970234991274094,
        0.0024472744553844282,
        8.402999257310512
      ],
      [
        0.01732676005180971,
        0.001115034503232505,
        0.9998492586806091,
        1.2063065828134611
      ],
      [
        0.0,
        0.0,
        0.0,
        1.0
      ]
    ],
    "location": [
      -42.487881762404754,
      8.402999257310512,
      1.2063065828134611
    ],
    "rotation": [
      0.0011152021480284938,
      -0.01732762713249398,
      -3.064445167227888
    ]
  },
  {
    "label_id": "bA4NouE1x7OzqmpHmrXLCA",
    "size": [
      0.7640776443058702,
      0.060923233862056884,
      0.7700000000000031
    ],
    "obj_class": "sign",
    "point_num_in_lidar": 43,
    "speed": 0.0026614738512857655,
    "if_vehicle": false,
    "motion_state": false,
    "pose": [
      [
        0.9998522537037278,
        -3.785716359254548e-14,
        0.017189263031800132,
        8.587503275827316
      ],
      [
        -4.207306042560326e-05,
        0.9999970045343124,
        0.0024472744553844282,
        13.721483767920972
      ],
      [
        -0.017189211541952618,
        -0.0024476360845498914,
        0.9998492586806091,
        2.7447268201567567
      ],
      [
        0.0,
        0.0,
        0.0,
        1.0
      ]
    ],
    "location": [
      8.587503275827316,
      13.721483767920972,
      2.7447268201567567
    ],
    "rotation": [
      -0.002448000210009107,
      0.017190058134359965,
      -4.2079277458165074e-05
    ]
  },
  {
    "label_id": "dflMqGo5HWaGLblIEG_AIw",
    "size": [
      1.8606366508090666,
      4.05075350178842,
      1.5400000000000063
    ],
    "obj_class": "vehicle",
    "point_num_in_lidar": 24,
    "speed": 1.6758116906701666e-13,
    "if_vehicle": true,
    "motion_state": false,
    "pose": [
      [
        -0.12481013149948417,
        -0.9920317335204076,
        0.017189263031800132,
        -2.6035799559380166
      ],
      [
        0.9921806040770835,
        -0.12478645656069348,
        0.0024472744553844282,
        70.46901911606733
      ],
      [
        -0.00028278669574716386,
        0.01736029802512319,
        0.9998492586806091,
        0.5712801469811382
      ],
      [
        0.0,
        0.0,
        0.0,
        1.0
      ]
    ],
    "location": [
      -2.6035799559380166,
      70.46901911606733,
      0.5712801469811382
    ],
    "rotation": [
      0.017361170845266453,
      0.00028278669951615993,
      1.6959327958378463
    ]
  },
  {
    "label_id": "fEKN6OQe99brECij0ShExg",
    "size": [
      2.1977897881326567,
      4.78244681950412,
      1.8500000000000014
    ],
    "obj_class": "vehicle",
    "point_num_in_lidar": 27,
    "speed": 1.293207299340885e-13,
    "if_vehicle": true,
    "motion_state": false,
    "pose": [
      [
        0.03412026273868378,
        0.999269901931939,
        0.017189263031800132,
        -7.503220989563147
      ],
      [
        -0.9994160042101696,
        0.03408315384935071,
        0.0024472744553844282,
        39.35232871119251
      ],
      [
        0.001859623408562736,
        -0.017262726221970656,
        0.9998492586806091,
        0.7559842257872944
      ],
      [
        0.0,
        0.0,
        0.0,
        1.0
      ]
    ],
    "location": [
      -7.503220989563147,
      39.35232871119251,
      0.7559842257872944
    ],
    "rotation": [
      -0.017263613577474395,
      -0.0018596244803891079,
      -1.536669381128905
    ]
  },
  {
    "label_id": "fh1oSL5OCYHPzBR4ONvPDg",
    "size": [
      2.5441525762013115,
      5.529152590652675,
      2.3499999999999943
    ],
    "obj_class": "vehicle",
    "point_num_in_lidar": 818,
    "speed": 0.0058857953888854595,
    "if_vehicle": true,
    "motion_state": false,
    "pose": [
      [
        -0.05902347954903776,
        -0.9981085903339115,
        0.017189263031800132,
        1.1956229360434918
      ],
      [
        0.9982555723958552,
        -0.058990024820844075,
        0.0024472744553844282,
        18.3463058662594
      ],
      [
        -0.0014286506039260349,
        0.017303724260640817,
        0.9998492586806091,
        1.2341078186683845
      ],
      [
        0.0,
        0.0,
        0.0,
        1.0
      ]
    ],
    "location": [
      1.1956229360434918,
      18.3463058662594,
      1.2341078186683845
    ],
    "rotation": [
      0.017304605548769985,
      0.001428651089915926,
      1.6298541912374678
    ]
  },
  {
    "label_id": "jiDWv0IHfVYmdLSYdNAeuw",
    "size": [
      2.3635772079234525,
      4.784302331303529,
      1.8000000000000043
    ],
    "obj_class": "vehicle",
    "point_num_in_lidar": 953,
    "speed": 7.944109290391274e-14,
    "if_vehicle": true,
    "motion_state": false,
    "pose": [
      [
        -0.9989454485772997,
        0.042573700838909156,
        0.017189263031800132,
        -16.126767325087826
      ],
      [
        -0.042537829425340457,
        -0.9990918595982657,
        0.0024472744553844282,
        10.476572896518746
      ],
      [
        0.017277842298099158,
        0.0017134997398317398,
        0.9998492586806091,
        0.8986715158245957
      ],
      [
        0.0,
        0.0,
        0.0,
        1.0
      ]
    ],
    "location": [
      -16.126767325087826,
      10.476572896518746,
      0.8986715158245957
    ],
    "rotation": [
      0.001713756396237733,
      -0.017278702054889274,
      -3.0990356287872807
    ]
  },
  {
    "label_id": "kJ7cJlYspN35OyNKpyaNSw",
    "size": [
      1.9152404807140442,
      4.055110925326073,
      1.7800000000000011
    ],
    "obj_class": "vehicle",
    "point_num_in_lidar": 43,
    "speed": 6.404745667978754e-14,
    "if_vehicle": true,
    "motion_state": false,
    "pose": [
      [
        -0.996477541407196,
        0.08207946580901677,
        0.017189263031800132,
        -55.19613813969431
      ],
      [
        -0.08204941758050198,
        -0.9966252575178097,
        0.0024472744553844282,
        7.344871987419765
      ],
      [
        0.017332124675595178,
        0.0010282850120528547,
        0.9998492586806091,
        1.5372407553715774
      ],
      [
        0.0,
        0.0,
        0.0,
        1.0
      ]
    ],
    "location": [
      -55.19613813969431,
      7.344871987419765,
      1.5372407553715774
    ],
    "rotation": [
      0.0010284396778718209,
      -0.017332992561984867,
      -3.0594385266705126
    ]
  },
  {
    "label_id": "lVgMLiYY04OUIeF1a-Z-Bg",
    "size": [
      2.2872766218934633,
      5.0947232382614915,
      1.9223137534269625
    ],
    "obj_class": "vehicle",
    "point_num_in_lidar": 131,
    "speed": 0.0,
    "if_vehicle": true,
    "motion_state": false,
    "pose": [
      [
        -0.9983921571925048,
        0.05401508764151259,
        0.017189263031800132,
        -36.01717333436841
      ],
      [
        -0.053980895905014564,
        -0.9985389695575391,
        0.0024472744553844282,
        8.894851464634257
      ],
      [
        0.01729633873941763,
        0.0015154478043498535,
        0.9998492586806091,
        1.232063122341998
      ],
      [
        0.0,
        0.0,
        0.0,
        1.0
      ]
    ],
    "location": [
      -36.01717333436841,
      8.894851464634257,
      1.232063122341998
    ],
    "rotation": [
      0.0015156751187520468,
      -0.017297201260598232,
      -3.0875774189333427
    ]
  },
  {
    "label_id": "mZdp7gLn15GgHZm12rNG3Q",
    "size": [
      0.6889420735338935,
      0.7053705901522827,
      1.5200000000000031
    ],
    "obj_class": "pedestrian",
    "point_num_in_lidar": 70,
    "speed": 0.7225807762255605,
    "if_vehicle": false,
    "motion_state": false,
    "pose": [
      [
        0.7899473998738319,
        -0.6129336299053886,
        0.017189263031800132,
        25.977817052094906
      ],
      [
        0.6129891252519248,
        0.7900875541170232,
        0.0024472744553844282,
        17.008949701048778
      ],
      [
        -0.015081039601182643,
        0.008603613216779833,
        0.9998492586806091,
        1.0425044214993022
      ],
      [
        0.0,
        0.0,
        0.0,
        1.0
      ]
    ],
    "location": [
      25.977817052094906,
      17.008949701048778,
      1.0425044214993022
    ],
    "rotation": [
      0.008604697959709256,
      0.015081611325998352,
      0.6599265755558567
    ]
  },
  {
    "label_id": "oWHtxuSP48iB5d33eg9RSQ",
    "size": [
      2.11750592915699,
      4.616705315983924,
      1.6300000000000026
    ],
    "obj_class": "vehicle",
    "point_num_in_lidar": 342,
    "speed": 0.013564837367807371,
    "if_vehicle": true,
    "motion_state": false,
    "pose": [
      [
        0.9936249862620488,
        -0.11141775402585956,
        0.017189263031800132,
        -19.651112946956005
      ],
      [
        0.11139207319992475,
        0.9937735239358928,
        0.0024472744553844282,
        0.09846222195869814
      ],
      [
        -0.017354904320276778,
        -0.0005169254012197743,
        0.9998492586806091,
        0.7636715158245551
      ],
      [
        0.0,
        0.0,
        0.0,
        1.0
      ]
    ],
    "location": [
      -19.651112946956005,
      0.09846222195869814,
      0.7636715158245551
    ],
    "rotation": [
      -0.000517003288920931,
      0.01735577563347009,
      0.11164061558509851
    ]
  },
  {
    "label_id": "sDKPtRk_p23MDT4FUoeVww",
    "size": [
      0.6738707008761101,
      0.8508007541018325,
      1.7600000000000051
    ],
    "obj_class": "pedestrian",
    "point_num_in_lidar": 847,
    "speed": 1.223518149347466,
    "if_vehicle": false,
    "motion_state": true,
    "pose": [
      [
        -0.9975488992967892,
        0.06782862779231119,
        0.017189263031800132,
        5.209055144450076
      ],
      [
        -0.06779647135637186,
        -0.9976961708452954,
        0.0024472744553844282,
        -1.8596553075317388
      ],
      [
        0.017315657174619484,
        0.001275904560473306,
        0.9998492586806091,
        0.7382608659787948
      ],
      [
        0.0,
        0.0,
        0.0,
        1.0
      ]
    ],
    "location": [
      5.209055144450076,
      -1.8596553075317388,
      0.7382608659787948
    ],
    "rotation": [
      0.001276096228332184,
      -0.017316522589362518,
      -3.0737339488244184
    ]
  },
  {
    "label_id": "snJRcyK-URU6oqMcpLfJiQ",
    "size": [
      0.8009377146963511,
      1.0206146851905107,
      1.750000000000007
    ],
    "obj_class": "pedestrian",
    "point_num_in_lidar": 21,
    "speed": 1.184245175197204,
    "if_vehicle": false,
    "motion_state": true,
    "pose": [
      [
        -0.9979749567425136,
        0.061241447984202946,
        0.017189263031800132,
        -20.300680072421528
      ],
      [
        -0.061208319979428806,
        -0.9981220127885349,
        0.0024472744553844282,
        -3.506778661835824
      ],
      [
        0.017306856446914393,
        0.0013901927068883438,
        0.9998492586806091,
        1.0558369011399051
      ],
      [
        0.0,
        0.0,
        0.0,
        1.0
      ]
    ],
    "location": [
      -20.300680072421528,
      -3.506778661835824,
      1.0558369011399051
    ],
    "rotation": [
      0.0013904014019824242,
      -0.017307720542661602,
      -3.0803368638944955
    ]
  },
  {
    "label_id": "srqToWjfWfk3P5JTITMrzg",
    "size": [
      2.018410668386201,
      4.448728832963095,
      1.480000000000004
    ],
    "obj_class": "vehicle",
    "point_num_in_lidar": 21,
    "speed": 5.0242958677880804e-14,
    "if_vehicle": true,
    "motion_state": false,
    "pose": [
      [
        -0.99725989492758,
        0.07195297912842602,
        0.017189263031800132,
        29.102606435551934
      ],
      [
        -0.07192143194508133,
        -0.9974072981860065,
        0.0024472744553844282,
        13.815275641256903
      ],
      [
        0.017320785086166177,
        0.0012042922549079097,
        0.9998492586806091,
        0.6179762349862727
      ],
      [
        0.0,
        0.0,
        0.0,
        1.0
      ]
    ],
    "location": [
      29.102606435551934,
      13.815275641256903,
      0.6179762349862727
    ],
    "rotation": [
      0.0012044732364146994,
      -0.01732165127006586,
      -3.06959825328607
    ]
  },
  {
    "label_id": "x8XpP78SX3kOOTljT71MqA",
    "size": [
      2.290590113132992,
      5.639912554416073,
      2.200000000000003
    ],
    "obj_class": "vehicle",
    "point_num_in_lidar": 39,
    "speed": 3.552713678800501e-14,
    "if_vehicle": true,
    "motion_state": false,
    "pose": [
      [
        -0.9986203394624283,
        0.04961800931484468,
        0.017189263031800132,
        -68.57852401892637
      ],
      [
        -0.049583171401810094,
        -0.9987669998360372,
        0.0024472744553844282,
        6.317899878263688
      ],
      [
        0.017289497554386767,
        0.0015915998722171828,
        0.9998492586806091,
        1.8451575415861754
      ],
      [
        0.0,
        0.0,
        0.0,
        1.0
      ]
    ],
    "location": [
      -68.57852401892637,
      6.317899878263688,
      1.8451575415861754
    ],
    "rotation": [
      0.0015918384837055428,
      -0.017290359052426724,
      -3.0919817213897045
    ]
  }
]