[
  {
    "label_id": "-F5A7bbXR534ssEhSPvsKA",
    "size": [
      0.9144843212919421,
      1.0494597753535118,
      1.740000000000002
    ],
    "obj_class": "pedestrian",
    "point_num_in_lidar": 159,
    "speed": 1.6010060974154212,
    "if_vehicle": false,
    "motion_state": true,
    "pose": [
      [
        0.9994836844687764,
        0.02897653451724518,
        0.013882540404770702,
        -2.7870422919688735
      ],
      [
        -0.029072703434354107,
        0.9995543305621136,
        0.00677629467651192,
        14.559587118530999
      ],
      [
        -0.0136799998441991,
        -0.007176398950429626,
        0.9998806713315179,
        0.9494932969591616
      ],
      [
        0.0,
        0.0,
        0.0,
        1.0
      ]
    ],
    "location": [
      -2.7870422919688735,
      14.559587118530999,
      0.9494932969591616
    ],
    "rotation": [
      -0.007177132165928313,
      0.01368042656479338,
      -0.02907952237491324
    ]
  },
  {
    "label_id": "-FAHwqVW2G-3XzoYPoMFfw",
    "size": [
      3.1200548967611836,
      11.531225792973089,
      4.109999999999957
    ],
    "obj_class": "vehicle",
    "point_num_in_lidar": 92,
    "speed": 3.972054645195637e-14,
    "if_vehicle": true,
    "motion_state": false,
    "pose": [
      [
        -0.9985375805385981,
        0.05224916577355686,
        0.013882540404770702,
        38.31753235524775
      ],
      [
        -0.052159048687435615,
        -0.9986157997300457,
        0.00677629467651192,
        13.72797195905855
      ],
      [
        0.014217379932478309,
        0.006042284790423067,
        0.9998806713315179,
        1.8429762349869634
      ],
      [
        0.0,
        0.0,
        0.0,
        1.0
      ]
    ],
    "location": [
      38.31753235524775,
      13.72797195905855,
      1.8429762349869634
    ],
    "rotation": [
      0.006042932336546009,
      -0.01421785894510767,
      -3.0894046460000886
    ]
  },
  {
    "label_id": "-H4mHZRW8n7aRqwatB9ZGw",
    "size": [
      2.119300748150478,
      4.685897212546479,
      1.7800000000000011
    ],
    "obj_class": "vehicle",
    "point_num_in_lidar": 34,
    "speed": 0.015930345798972883,
    "if_vehicle": true,
    "motion_state": false,
    "pose": [
      [
        -0.19283467486252956,
        -0.981133050733983,
        0.013882540404770702,
        0.6073427580511179
      ],
      [
        0.9812232199870864,
        -0.1927565158136838,
        0.00677629467651192,
        31.162556699098104
      ],
      [
        -0.003972496549572301,
        0.014928575578287803,
        0.9998806713315179,
        0.8259842257872663
      ],
      [
        0.0,
        0.0,
        0.0,
        1.0
      ]
    ],
    "location": [
      0.6073427580511179,
      31.162556699098104,
      0.8259842257872663
    ],
    "rotation": [
      0.014929247943281751,
      0.003972506997794972,
      1.7648481041916182
    ]
  },
  {
    "label_id": "5FDGRfKUQ9sdZ1qWgyeWLQ",
    "size": [
      2.0457186592079455,
      4.713389250527029,
      1.3400000000000034
    ],
    "obj_class": "vehicle",
    "point_num_in_lidar": 315,
    "speed": 1.0121177027189734,
    "if_vehicle": true,
    "motion_state": true,
    "pose": [
      [
        0.00763483294150747,
        0.9998744843218399,
        0.013882540404770702,
        -3.3391994036779806
      ],
      [
        -0.9999486038791671,
        0.007541314909324828,
        0.00677629467651192,
        19.25856235410629
      ],
      [
        0.006670751536356383,
        -0.013933562773864185,
        0.9998806713315179,
        0.7764816745550789
      ],
      [
        0.0,
        0.0,
        0.0,
        1.0
      ]
    ],
    "location": [
      -3.3391994036779806,
      19.25856235410629,
      0.7764816745550789
    ],
    "rotation": [
      -0.01393432372132758,
      -0.006670801010893655,
      -1.5631612497966294
    ]
  },
  {
    "label_id": "5tqAjOce6YWfi1CdeCMP-Q",
    "size": [
      2.26367902557311,
      4.979165260291454,
      1.8500000000000014
    ],
    "obj_class": "vehicle",
    "point_num_in_lidar": 549,
    "speed": 1.7852165294699933e-13,
    "if_vehicle": true,
    "motion_state": false,
    "pose": [
      [
        -0.9954665054591432,
        0.0940941633730368,
        0.013882540404770702,
        10.627576893746209
      ],
      [
        -0.09400740710367776,
        -0.9955484364108561,
        0.00677629467651192,
        11.982496768205237
      ],
      [
        0.014458351171735558,
        0.00544051275412418,
        0.9998806713315179,
        0.8802654804896264
      ],
      [
        0.0,
        0.0,
        0.0,
        1.0
      ]
    ],
    "location": [
      10.627576893746209,
      11.982496768205237,
      0.8802654804896264
    ],
    "rotation": [
      0.005441108344241697,
      -0.014458854957525592,
      -3.0474363584353177
    ]
  },
  {
    "label_id": "7-Cir_6eWG09wehRQVtTtw",
    "size": [
      0.44704159389991427,
      0.09818506062016025,
      0.16146885882913153
    ],
    "obj_class": "sign",
    "point_num_in_lidar": 56,
    "speed": 0.0022034327013474076,
    "if_vehicle": false,
    "motion_state": false,
    "pose": [
      [
        -0.990412130086225,
        -0.13744485312290353,
        0.013882540404770702,
        -10.781067229820565
      ],
      [
        0.1375481311980572,
        -0.9904719044144459,
        0.00677629467651192,
        -0.9242331622808706
      ],
      [
        0.012818899406293034,
        0.008620841933613848,
        0.9998806713315179,
        2.1038713486858427
      ],
      [
        0.0,
        0.0,
        0.0,
        1.0
      ]
    ],
    "location": [
      -10.781067229820565,
      -0.9242331622808706,
      2.1038713486858427
    ],
    "rotation": [
      0.00862165713915499,
      -0.01281925050811601,
      3.0035956531586123
    ]
  },
  {
    "label_id": "AEZuZTCdAj38T5tnQh0N3A",
    "size": [
      1.9764182524732334,
      4.583813116773403,
      1.6100000000000065
    ],
    "obj_class": "vehicle",
    "point_num_in_lidar": 165,
    "speed": 5.0242958677880804e-14,
    "if_vehicle": true,
    "motion_state": false,
    "pose": [
      [
        -0.9923911035791918,
        0.12234039647141745,
        0.013882540404770702,
        -49.140200029869106
      ],
      [
        -0.12225600313508544,
        -0.9924754664614592,
        0.00677629467651192,
        7.589575708011125
      ],
      [
        0.01460709534122648,
        0.0050275106489528695,
        0.9998806713315179,
        1.2996785004646938
      ],
      [
        0.0,
        0.0,
        0.0,
        1.0
      ]
    ],
    "location": [
      -49.140200029869106,
      7.589575708011125,
      1.2996785004646938
    ],
    "rotation": [
      0.005028068273952796,
      -0.014607614837029919,
      -3.0190168897413194
    ]
  },
  {
    "label_id": "Bbx8pLm5ey4t1wPBh4cdAw",
    "size": [
      2.123877219783956,
      4.766762156548458,
      1.8100000000000023
    ],
    "obj_class": "vehicle",
    "point_num_in_lidar": 393,
    "speed": 0.006162410588933154,
    "if_vehicle": true,
    "motion_state": false,
    "pose": [
      [
        -0.9953460484764388,
        0.09535994365690804,
        0.013882540404770702,
        17.533047805471938
      ],
      [
        -0.09527329164283144,
        -0.9954280896830253,
        0.00677629467651192,
        12.882156290464081
      ],
      [
        0.014465257753623095,
        0.005422122808850957,
        0.9998806713315179,
        0.77156020049717
      ],
      [
        0.0,
        0.0,
        0.0,
        1.0
      ]
    ],
    "location": [
      17.533047805471938,
      12.882156290464081,
      0.77156020049717
    ],
    "rotation": [
      0.005422716746926565,
      -0.0144657622617608,
      -3.0461646226098096
    ]
  },
  {
    "label_id": "C-7CDilIzKn25wyKRr9jJA",
    "size": [
      2.1507752573318464,
      5.0328621732727665,
      1.5100000000000051
    ],
    "obj_class": "vehicle",
    "point_num_in_lidar": 1512,
    "speed": 4.4502272587634035,
    "if_vehicle": true,
    "motion_state": true,
    "pose": [
      [
        0.0010920514753197709,
        0.9999030365467869,
        0.013882540404770702,
        -3.433429799289229
      ],
      [
        -0.9999765425877547,
        0.0009980504483947748,
        0.00677629467651192,
        3.2421923080910346
      ],
      [
        0.006761782147904257,
        -0.0138896148188961,
        0.9998806713315179,
        0.7952167156742433
      ],
      [
        0.0,
        0.0,
        0.0,
        1.0
      ]
    ],
    "location": [
      -3.433429799289229,
      3.2421923080910346,
      0.7952167156742433
    ],
    "rotation": [
      -0.01389037902823748,
      -0.006761833675657778,
      -1.569704250136423
    ]
  },
  {
    "label_id": "DfUOspd1ep_pDGx1yZG9Uw",
    "size": [
      2.0930877344472654,
      4.702836163548996,
      1.8500000000000014
    ],
    "obj_class": "vehicle",
    "point_num_in_lidar": 1896,
    "speed": 3.145213321041594,
    "if_vehicle": true,
    "motion_state": true,
    "pose": [
      [
        -0.9964562349822924,
        0.08295930831934693,
        0.013882540404770702,
        6.827612432829596
      ],
      [
        -0.08287164151177381,
        -0.9965371909083981,
        0.00677629467651192,
        8.375574541565129
      ],
      [
        0.014396624536974033,
        0.005601812168790746,
        0.9998806713315179,
        0.9490491432521395
      ],
      [
        0.0,
        0.0,
        0.0,
        1.0
      ]
    ],
    "location": [
      6.827612432829596,
      8.375574541565129,
      0.9490491432521395
    ],
    "rotation": [
      0.00560242208996134,
      -0.0143971218974774,
      -3.0586172422472244
    ]
  },
  {
    "label_id": "GS-f_3-9m5tpTzs1EqI4-Q",
    "size": [
      0.48504666279161124,
      0.07902573047840633,
      0.20153950352409566
    ],
    "obj_class": "sign",
    "point_num_in_lidar": 114,
    "speed": 0.0011586930983655496,
    "if_vehicle": false,
    "motion_state": false,
    "pose": [
      [
        0.14101548469805272,
        0.9899100505335237,
        0.013882540404770702,
        5.197316101002684
      ],
      [
        -0.989995988425669,
        0.14093269575063036,
        0.00677629467651192,
        -7.638511282256786
      ],
      [
        0.00475141836254458,
        -0.01469922178814542,
        0.9998806713315179,
        2.2525661577042086
      ],
      [
        0.0,
        0.0,
        0.0,
        1.0
      ]
    ],
    "location": [
      5.197316101002684,
      -7.638511282256786,
      2.2525661577042086
    ],
    "rotation": [
      -0.014699917121422913,
      -0.004751436240711056,
      -1.4293076444892434
    ]
  },
  {
    "label_id": "II9hCDJdG-EL7T23hW66TA",
    "size": [
      2.1696386959844154,
      4.618757893724354,
      1.7700000000000031
    ],
    "obj_class": "vehicle",
    "point_num_in_lidar": 157,
    "speed": 2.1683198553528098e-13,
    "if_vehicle": true,
    "motion_state": false,
    "pose": [
      [
        0.9986479020939228,
        -0.050096334350096014,
        0.013882540404770702,
        -26.80830841833972
      ],
      [
        0.05000604884355219,
        0.9987259268235271,
        0.00677629467651192,
        -0.6173348429902035
      ],
      [
        -0.014204320556189,
        -0.0060729214691152954,
        0.9998806713315179,
        1.053671515824533
      ],
      [
        0.0,
        0.0,
        0.0,
        1.0
      ]
    ],
    "location": [
      -26.80830841833972,
      -0.6173348429902035,
      1.053671515824533
    ],
    "rotation": [
      -0.006073571546945634,
      0.014204798249959322,
      0.05003196498810081
    ]
  },
  {
    "label_id": "KExt1_lZn78J8VsbsFyZVw",
    "size": [
      0.5970706012783906,
      0.6505881208428722,
      1.6700000000000017
    ],
    "obj_class": "pedestrian",
    "point_num_in_lidar": 35,
    "speed": 0.004401568705209055,
    "if_vehicle": false,
    "motion_state": false,
    "pose": [
      [
        -0.06960290990245684,
        -0.9974781752023552,
        0.013882540404770702,
        25.896829254776435
      ],
      [
        0.997557949441732,
        -0.06951416644155108,
        0.00677629467651192,
        17.628208285684195
      ],
      [
        -0.005794172824231755,
        0.014320288367066811,
        0.9998806713315179,
        0.9725044214993304
      ],
      [
        0.0,
        0.0,
        0.0,
        1.0
      ]
    ],
    "location": [
      25.896829254776435,
      17.628208285684195,
      0.9725044214993304
    ],
    "rotation": [
      0.014321018271608388,
      0.005794205245473574,
      1.6404567301133666
    ]
  },
  {
    "label_id": "NpOYq1LvezmGuK1h3sh1Ig",
    "size": [
      0.47512099846016914,
      0.05187169363348636,
      0.490000000000002
    ],
    "obj_class": "sign",
    "point_num_in_lidar": 32,
    "speed": 0.006470166657096768,
    "if_vehicle": false,
    "motion_state": false,
    "pose": [
      [
        0.9999036328926453,
        -4.13927332057714e-14,
        0.013882540404770702,
        -11.874929275213958
      ],
      [
        -9.408125093792213e-05,
        0.9999770362259202,
        0.00677629467651192,
        12.637125671293461
      ],
      [
        -0.013882221609249472,
        -0.0067769477513628384,
        0.9998806713315179,
        2.815633782298711
      ],
      [
        0.0,
        0.0,
        0.0,
        1.0
      ]
    ],
    "location": [
      -11.874929275213958,
      12.637125671293461,
      2.815633782298711
    ],
    "rotation": [
      -0.006777652749396137,
      0.013882667535803288,
      -9.409031787205216e-05
    ]
  },
  {
    "label_id": "OinBLW0UfALpTqwdQFfp6g",
    "size": [
      0.8118872121116999,
      0.10779766564128707,
      0.7800000000000011
    ],
    "obj_class": "sign",
    "point_num_in_lidar": 334,
    "speed": 0.005084535680367289,
    "if_vehicle": false,
    "motion_state": false,
    "pose": [
      [
        -0.9904121300859313,
        -0.13744485312502,
        0.013882540404770702,
        -10.795389057275088
      ],
      [
        0.13754813120017378,
        -0.9904719044141519,
        0.00677629467651192,
        -0.9192819533366219
      ],
      [
        0.012818899406274611,
        0.008620841933641241,
        0.9998806713315179,
        2.5825243448095137
      ],
      [
        0.0,
        0.0,
        0.0,
        1.0
      ]
    ],
    "location": [
      -10.795389057275088,
      -0.9192819533366219,
      2.5825243448095137
    ],
    "rotation": [
      0.008621657139182384,
      -0.012819250508097586,
      3.0035956531564754
    ]
  },
  {
    "label_id": "P1ky-Rbaej9JvbPv9kZKYA",
    "size": [
      2.343437229460017,
      5.117642954333817,
      2.809999999999995
    ],
    "obj_class": "vehicle",
    "point_num_in_lidar": 4326,
    "speed": 0.001076262268279959,
    "if_vehicle": true,
    "motion_state": false,
    "pose": [
      [
        -0.07178950095766473,
        -0.9973231886525848,
        0.013882540404770702,
        3.133150327898761
      ],
      [
        0.9974031572513841,
        -0.07170093259803342,
        0.00677629467651192,
        -8.275332558166838
      ],
      [
        -0.005762764720176464,
        0.014332956443557076,
        0.9998806713315179,
        1.3483359094672096
      ],
      [
        0.0,
        0.0,
        0.0,
        1.0
      ]
    ],
    "location": [
      3.133150327898761,
      -8.275332558166838,
      1.3483359094672096
    ],
    "rotation": [
      0.01433368525939702,
      0.005762796617034548,
      1.642648830341409
    ]
  },
  {
    "label_id": "P5W3PzH21kZDfGzI8M2_Hw",
    "size": [
      3.102976625231798,
      12.442215914863029,
      3.289999999999978
    ],
    "obj_class": "vehicle",
    "point_num_in_lidar": 3257,
    "speed": 1.1374233532693354e-13,
    "if_vehicle": true,
    "motion_state": false,
    "pose": [
      [
        -0.9980035877129898,
        0.06161261221463144,
        0.013882540404770702,
        -25.834742573186077
      ],
      [
        -0.06152323274648508,
        -0.9980826487134613,
        0.00677629467651192,
        9.284364917255289
      ],
      [
        0.01427342791422119,
        0.005908667634124139,
        0.9998806713315179,
        1.7264236508907445
      ],
      [
        0.0,
        0.0,
        0.0,
        1.0
      ]
    ],
    "location": [
      -25.834742573186077,
      9.284364917255289,
      1.7264236508907445
    ],
    "rotation": [
      0.005909304006700013,
      -0.014273912614675015,
      -3.0800242626280205
    ]
  },
  {
    "label_id": "RB-oIFuuBhuOu_4wBXtzcQ",
    "size": [
      1.9645943556835392,
      4.318930102955118,
      1.564739240841142
    ],
    "obj_class": "vehicle",
    "point_num_in_lidar": 232,
    "speed": 1.7763568394002505e-14,
    "if_vehicle": true,
    "motion_state": false,
    "pose": [
      [
        -0.9953460484764313,
        0.09535994365698672,
        0.013882540404770702,
        23.45275064535474
      ],
      [
        -0.09527329164291011,
        -0.9954280896830178,
        0.00677629467651192,
        13.326092589249129
      ],
      [
        0.014465257753623522,
        0.005422122808849814,
        0.9998806713315179,
        0.6215602004971004
      ],
      [
        0.0,
        0.0,
        0.0,
        1.0
      ]
    ],
    "location": [
      23.45275064535474,
      13.326092589249129,
      0.6215602004971004
    ],
    "rotation": [
      0.005422716746925422,
      -0.014465762261761227,
      -3.0461646226097305
    ]
  },
  {
    "label_id": "T3lsRLzCMMSY3Dl_tzxcqw",
    "size": [
      0.8193820258429343,
      0.09376311697755056,
      0.8000000000000043
    ],
    "obj_class": "sign",
    "point_num_in_lidar": 39,
    "speed": 0.0027129990892215635,
    "if_vehicle": false,
    "motion_state": false,
    "pose": [
      [
        0.39336209056791344,
        -0.9192788155809698,
        0.013882540404770702,
        -7.7143800000355895
      ],
      [
        0.9193092886492754,
        0.39347746267559003,
        0.00677629467651192,
        16.68269395971288
      ],
      [
        -0.011691770918212042,
        0.010096810903897626,
        0.9998806713315179,
        3.1998456672309317
      ],
      [
        0.0,
        0.0,
        0.0,
        1.0
      ]
    ],
    "location": [
      -7.7143800000355895,
      16.68269395971288,
      3.1998456672309317
    ],
    "rotation": [
      0.010097672676378703,
      0.011692037307255543,
      1.1664814395925172
    ]
  },
  {
    "label_id": "VIgfW057J6zNoT8MSku42Q",
    "size": [
      2.0389078942828713,
      4.544739353990225,
      1.8300000000000054
    ],
    "obj_class": "vehicle",
    "point_num_in_lidar": 858,
    "speed": 1.1137080525671947,
    "if_vehicle": true,
    "motion_state": true,
    "pose": [
      [
        -0.9970721718880565,
        0.07519547272505013,
        0.013882540404770702,
        15.240932359588328
      ],
      [
        -0.07510717801744186,
        -0.9971524425285802,
        0.00677629467651192,
        9.079278771357394
      ],
      [
        0.014352555754643363,
        0.0057137764169477735,
        0.9998806713315179,
        0.885901197701223
      ],
      [
        0.0,
        0.0,
        0.0,
        1.0
      ]
    ],
    "location": [
      15.240932359588328,
      9.079278771357394,
      0.885901197701223
    ],
    "rotation": [
      0.005714396114925144,
      -0.014353048561496735,
      -3.0664069223482207
    ]
  },
  {
    "label_id": "XQmjRhoi5kGFxGSc7VsbaA",
    "size": [
      2.5693426382234295,
      5.383624736107198,
      2.6299999999999883
    ],
    "obj_class": "vehicle",
    "point_num_in_lidar": 2414,
    "speed": 2.51214793389404e-13,
    "if_vehicle": true,
    "motion_state": false,
    "pose": [
      [
        0.9973282308528941,
        -0.07171941867964501,
        0.013882540404770702,
        15.5857271483967
      ],
      [
        0.07163084470082288,
        0.9974081932277795,
        0.00677629467651192,
        2.909213435854781
      ],
      [
        -0.0143325514575354,
        -0.005763771885676488,
        0.9998806713315179,
        1.1737428434535389
      ],
      [
        0.0,
        0.0,
        0.0,
        1.0
      ]
    ],
    "location": [
      15.5857271483967,
      2.909213435854781,
      1.1737428434535389
    ],
    "rotation": [
      -0.005764395903185619,
      0.01433304220654053,
      0.07169961998119827
    ]
  },
  {
    "label_id": "YytKtqwuhzFGLrx28JPtgQ",
    "size": [
      2.8673079452884744,
      7.235536587668475,
      3.3505405405405497
    ],
    "obj_class": "vehicle",
    "point_num_in_lidar": 802,
    "speed": 0.008139765785292137,
    "if_vehicle": true,
    "motion_state": false,
    "pose": [
      [
        0.9990566196812619,
        -0.041147852227794324,
        0.013882540404770702,
        22.691144444220754
      ],
      [
        0.041056871353162445,
        0.9991338324494606,
        0.00677629467651192,
        3.476252884676569
      ],
      [
        -0.01414934577075414,
        -0.006199928378026378,
        0.9998806713315179,
        1.5809332733412589
      ],
      [
        0.0,
        0.0,
        0.0,
        1.0
      ]
    ],
    "location": [
      22.691144444220754,
      3.476252884676569,
      1.5809332733412589
    ],
    "rotation": [
      -0.006200588828992269,
      0.014149817939197033,
      0.041072528772688854
    ]
  },
  {
    "label_id": "ZAWh5ebxHQoiaBpI1opOtQ",
    "size": [
      2.3183299357428706,
      5.252203792437462,
      1.9400000000000048
    ],
    "obj_class": "vehicle",
    "point_num_in_lidar": 1661,
    "speed": 0.0045231722389778494,
    "if_vehicle": true,
    "motion_state": false,
    "pose": [
      [
        0.9973764983975782,
        -0.07104502456960485,
        0.013882540404770702,
        -13.759313554600453
      ],
      [
        0.07095639654172756,
        0.9974564008618473,
        0.00677629467651192,
        0.5921379176049868
      ],
      [
        -0.014328650808745428,
        -0.005773462014602143,
        0.9998806713315179,
        0.8586715158246392
      ],
      [
        0.0,
        0.0,
        0.0,
        1.0
      ]
    ],
    "location": [
      -13.759313554600453,
      0.5921379176049868,
      0.8586715158246392
    ],
    "rotation": [
      -0.005774086865996798,
      0.01432914115715828,
      0.07102337741803763
    ]
  },
  {
    "label_id": "ZqVcS5TpbdlQOy2xeA1L0w",
    "size": [
      2.165928493668163,
      4.872672216116353,
      1.6000000000000014
    ],
    "obj_class": "vehicle",
    "point_num_in_lidar": 385,
    "speed": 0.00347229538500196,
    "if_vehicle": true,
    "motion_state": false,
    "pose": [
      [
        0.07409339355393149,
        0.9971546741120818,
        0.013882540404770702,
        -6.0146619911269
      ],
      [
        -0.9972348471141474,
        0.07400501017958153,
        0.00677629467651192,
        20.418608819725023
      ],
      [
        0.005729636365871171,
        -0.014346231726411694,
        0.9998806713315179,
        0.7912721614061837
      ],
      [
        0.0,
        0.0,
        0.0,
        1.0
      ]
    ],
    "location": [
      -6.0146619911269,
      20.418608819725023,
      0.7912721614061837
    ],
    "rotation": [
      -0.014346959396430195,
      -0.005729667715784601,
      -1.4966337522671682
    ]
  },
  {
    "label_id": "ZxcngDw5pn33WhQh4fGo7g",
    "size": [
      1.9931629351995588,
      4.351704980641885,
      1.5900000000000034
    ],
    "obj_class": "vehicle",
    "point_num_in_lidar": 79,
    "speed": 1.0805156823142816e-13,
    "if_vehicle": true,
    "motion_state": false,
    "pose": [
      [
        -0.9969271615306377,
        0.07709416109132922,
        0.013882540404770702,
        -42.48788176240441
      ],
      [
        -0.07700601941127855,
        -0.9970076001740843,
        0.00677629467651192,
        8.402999257310512
      ],
      [
        0.014363411046673526,
        0.005686433041662568,
        0.9998806713315179,
        1.2063065828134611
      ],
      [
        0.0,
        0.0,
        0.0,
        1.0
      ]
    ],
    "location": [
      -42.48788176240441,
      8.402999257310512,
      1.2063065828134611
    ],
    "rotation": [
      0.005687050365111824,
      -0.014363904972618365,
      -3.0645023553359163
    ]
  },
  {
    "label_id": "ahh4Y1SZ-y9Qvly03o_oAA",
    "size": [
      2.0627046657678143,
      4.417872033252479,
      1.7451871050278172
    ],
    "obj_class": "vehicle",
    "point_num_in_lidar": 93,
    "speed": 0.0012497103119829568,
    "if_vehicle": true,
    "motion_state": false,
    "pose": [
      [
        0.07576424749357298,
        0.9970291138545768,
        0.013882540404770702,
        -6.935208974262309
      ],
      [
        -0.9971094348503916,
        0.07567599859129638,
        0.00677629467651192,
        32.637414949017284
      ],
      [
        0.005705587968425122,
        -0.01435581288424927,
        0.9998806713315179,
        0.6959842257872282
      ],
      [
        0.0,
        0.0,
        0.0,
        1.0
      ]
    ],
    "location": [
      -6.935208974262309,
      32.637414949017284,
      0.6959842257872282
    ],
    "rotation": [
      -0.01435653972415384,
      -0.005705618925244184,
      -1.4949581707130497
    ]
  },
  {
    "label_id": "bA4NouE1x7OzqmpHmrXLCA",
    "size": [
      0.7640776443058728,
      0.060923233862056884,
      0.7700000000000031
    ],
    "obj_class": "sign",
    "point_num_in_lidar": 34,
    "speed": 0.0026614738511734864,
    "if_vehicle": false,
    "motion_state": false,
    "pose": [
      [
        0.9999036328926453,
        -3.096302074696179e-14,
        0.013882540404770702,
        8.582397761261973
      ],
      [
        -9.408125094835501e-05,
        0.9999770362259202,
        0.00677629467651192,
        13.722990856486376
      ],
      [
        -0.013882221609249401,
        -0.006776947751362982,
        0.9998806713315179,
        2.7560398357573064
      ],
      [
        0.0,
        0.0,
        0.0,
        1.0
      ]
    ],
    "location": [
      8.582397761261973,
      13.722990856486376,
      2.7560398357573064
    ],
    "rotation": [
      -0.006777652749396281,
      0.013882667535803217,
      -9.409031788248604e-05
    ]
  },
  {
    "label_id": "dflMqGo5HWaGLblIEG_AIw",
    "size": [
      1.8606366508090666,
      4.05075350178842,
      1.5400000000000063
    ],
    "obj_class": "vehicle",
    "point_num_in_lidar": 22,
    "speed": 1.6758116906701666e-13,
    "if_vehicle": true,
    "motion_state": false,
    "pose": [
      [
        -0.12481654509039533,
        -0.992082710837966,
        0.013882540404770702,
        -2.6035799559377892
      ],
      [
        0.9921672840626079,
        -0.12473236254591394,
        0.00677629467651192,
        70.46901911606733
      ],
      [
        -0.004991042729284665,
        0.01461959609932742,
        0.9998806713315179,
        0.5924939689705511
      ],
      [
        0.0,
        0.0,
        0.0,
        1.0
      ]
    ],
    "location": [
      -2.6035799559377892,
      70.46901911606733,
      0.5924939689705511
    ],
    "rotation": [
      0.014620299043756882,
      0.004991063451084863,
      1.6959408218513967
    ]
  },
  {
    "label_id": "fEKN6OQe99brECij0ShExg",
    "size": [
      2.1977897881326567,
      4.78244681950412,
      1.8500000000000014
    ],
    "obj_class": "vehicle",
    "point_num_in_lidar": 42,
    "speed": 1.293207299340885e-13,
    "if_vehicle": true,
    "motion_state": false,
    "pose": [
      [
        0.03412201606915391,
        0.9993212511956735,
        0.013882540404770702,
        -7.503220989562919
      ],
      [
        -0.9993978223274198,
        0.03403049452576234,
        0.00677629467651192,
        39.35232871119206
      ],
      [
        0.00629926555935425,
        -0.01410540148474152,
        0.9998806713315179,
        0.7559842257873015
      ],
      [
        0.0,
        0.0,
        0.0,
        1.0
      ]
    ],
    "location": [
      -7.503220989562919,
      39.35232871119206,
      0.7559842257873015
    ],
    "rotation": [
      -0.014106149159870894,
      -0.006299307220024885,
      -1.5366670084005771
    ]
  },
  {
    "label_id": "fh1oSL5OCYHPzBR4ONvPDg",
    "size": [
      2.5441525762013923,
      5.529152590652675,
      2.3499999999999943
    ],
    "obj_class": "vehicle",
    "point_num_in_lidar": 886,
    "speed": 0.005885795388737085,
    "if_vehicle": true,
    "motion_state": false,
    "pose": [
      [
        -0.061316222563488565,
        -0.9980218414055149,
        0.013882540404770702,
        1.2052828755475957
      ],
      [
        0.9981008758586009,
        -0.061226819619761355,
        0.00677629467651192,
        18.353034507547136
      ],
      [
        -0.0059129062937318694,
        0.01427167252968484,
        0.9998806713315179,
        1.2397660747450132
      ],
      [
        0.0,
        0.0,
        0.0,
        1.0
      ]
    ],
    "location": [
      1.2052828755475957,
      18.353034507547136,
      1.2397660747450132
    ],
    "rotation": [
      0.014272406569671346,
      0.005912940749233086,
      1.632152109993747
    ]
  },
  {
    "label_id": "jiDWv0IHfVYmdLSYdNAeuw",
    "size": [
      2.3635772079234525,
      4.784302331303529,
      1.8000000000000043
    ],
    "obj_class": "vehicle",
    "point_num_in_lidar": 971,
    "speed": 7.944109290391274e-14,
    "if_vehicle": true,
    "motion_state": false,
    "pose": [
      [
        -0.9989967811684207,
        0.04257588856435713,
        0.013882540404770702,
        -16.126767325087826
      ],
      [
        -0.042485018152679535,
        -0.9990741239082431,
        0.00677629467651192,
        10.476572896518519
      ],
      [
        0.014158193659543494,
        0.006179696588982122,
        0.9998806713315179,
        0.8986715158246028
      ],
      [
        0.0,
        0.0,
        0.0,
        1.0
      ]
    ],
    "location": [
      -16.126767325087826,
      10.476572896518519,
      0.8986715158246028
    ],
    "rotation": [
      0.006180355400832265,
      -0.014158666714364821,
      -3.0990905816549814
    ]
  },
  {
    "label_id": "lVgMLiYY04OUIeF1a-Z-Bg",
    "size": [
      2.2872766218934624,
      5.0947232382614915,
      1.9223137534269625
    ],
    "obj_class": "vehicle",
    "point_num_in_lidar": 139,
    "speed": 0.0,
    "if_vehicle": true,
    "motion_state": false,
    "pose": [
      [
        -0.9984434613517625,
        0.05401786330299728,
        0.013882540404770702,
        -36.01717333436818
      ],
      [
        -0.053927884913386875,
        -0.9985218400511956,
        0.00677629467651192,
        8.894851464634485
      ],
      [
        0.01422806074909336,
        0.006017091070702166,
        0.9998806713315179,
        1.232063122341991
      ],
      [
        0.0,
        0.0,
        0.0,
        1.0
      ]
    ],
    "location": [
      -36.01717333436818,
      8.894851464634485,
      1.232063122341991
    ],
    "rotation": [
      0.006017736526400798,
      -0.014228540842175324,
      -3.0876331281080933
    ]
  },
  {
    "label_id": "mZdp7gLn15GgHZm12rNG3Q",
    "size": [
      0.6889420735338522,
      0.7053705901522827,
      1.5200000000000031
    ],
    "obj_class": "pedestrian",
    "point_num_in_lidar": 29,
    "speed": 0.14629942110141794,
    "if_vehicle": false,
    "motion_state": false,
    "pose": [
      [
        -0.1871581420633772,
        -0.9822316961548812,
        0.013882540404770702,
        25.266933057676283
      ],
      [
        0.9823214119532153,
        -0.18707946292604752,
        0.00677629467651192,
        17.542715082896848
      ],
      [
        -0.004058753210781937,
        0.014905355413641842,
        0.9998806713315179,
        1.0425044214993022
      ],
      [
        0.0,
        0.0,
        0.0,
        1.0
      ]
    ],
    "location": [
      25.266933057676283,
      17.542715082896848,
      1.0425044214993022
    ],
    "rotation": [
      0.014906030175029686,
      0.004058764354494581,
      1.7590662634513938
    ]
  },
  {
    "label_id": "oWHtxuSP48iB5d33eg9RSQ",
    "size": [
      2.11750592915699,
      4.616705315983924,
      1.6300000000000026
    ],
    "obj_class": "vehicle",
    "point_num_in_lidar": 401,
    "speed": 0.013564837367912197,
    "if_vehicle": true,
    "motion_state": false,
    "pose": [
      [
        0.9936760454517376,
        -0.11142347942559704,
        0.013882540404770702,
        -19.677797698949007
      ],
      [
        0.11133816377334506,
        0.9937594754859129,
        0.00677629467651192,
        0.09355889655103056
      ],
      [
        -0.014550944401527035,
        -0.005187785139795585,
        0.9998806713315179,
        0.7636715158245622
      ],
      [
        0.0,
        0.0,
        0.0,
        1.0
      ]
    ],
    "location": [
      -19.677797698949007,
      0.09355889655103056,
      0.7636715158245622
    ],
    "rotation": [
      -0.005188357709436706,
      0.014551457928991735,
      0.11158134704267451
    ]
  },
  {
    "label_id": "sDKPtRk_p23MDT4FUoeVww",
    "size": [
      0.6738707008765898,
      0.8508007541018325,
      1.7600000000000051
    ],
    "obj_class": "pedestrian",
    "point_num_in_lidar": 639,
    "speed": 1.22665991014321,
    "if_vehicle": false,
    "motion_state": true,
    "pose": [
      [
        -0.9597304127266252,
        0.2805794182749186,
        0.013882540404770702,
        7.653085845909345
      ],
      [
        -0.2805097143844738,
        -0.9598272667341754,
        0.00677629467651192,
        -1.407402690924755
      ],
      [
        0.015226129630432957,
        0.0026092286427728704,
        0.9998806713315179,
        0.8631179300302065
      ],
      [
        0.0,
        0.0,
        0.0,
        1.0
      ]
    ],
    "location": [
      7.653085845909345,
      -1.407402690924755,
      0.8631179300302065
    ],
    "rotation": [
      0.0026095341123406547,
      -0.015226718016839056,
      -2.8572336686230004
    ]
  },
  {
    "label_id": "sPiWwzIgbtUP7C7dTyFh1g",
    "size": [
      0.1540415523150219,
      0.03859545213254023,
      0.29000000000000625
    ],
    "obj_class": "sign",
    "point_num_in_lidar": 26,
    "speed": 0.004725060192222385,
    "if_vehicle": false,
    "motion_state": false,
    "pose": [
      [
        0.834948302239264,
        -0.5501532583377841,
        0.013882540404770702,
        -5.362654847713998
      ],
      [
        0.5501150847613032,
        0.8350613602296069,
        0.00677629467651192,
        -8.732030063364164
      ],
      [
        -0.015320773669590311,
        0.0019791391558460613,
        0.9998806713315179,
        0.5322657151220369
      ],
      [
        0.0,
        0.0,
        0.0,
        1.0
      ]
    ],
    "location": [
      -5.362654847713998,
      -8.732030063364164,
      0.5322657151220369
    ],
    "rotation": [
      0.001979372767061424,
      0.015321373097165027,
      0.5825793715474148
    ]
  },
  {
    "label_id": "snJRcyK-URU6oqMcpLfJiQ",
    "size": [
      0.8009377146963221,
      1.0206146851905107,
      1.750000000000007
    ],
    "obj_class": "pedestrian",
    "point_num_in_lidar": 70,
    "speed": 1.1804706430268037,
    "if_vehicle": false,
    "motion_state": true,
    "pose": [
      [
        -0.9985549149850697,
        0.051916826088179366,
        0.013882540404770702,
        -17.938296263345705
      ],
      [
        -0.051826682973862774,
        -0.9986331041790993,
        0.00677629467651192,
        -3.334598166127307
      ],
      [
        0.01421536813055066,
        0.006047016334188249,
        0.9998806713315179,
        1.0280595515970532
      ],
      [
        0.0,
        0.0,
        0.0,
        1.0
      ]
    ],
    "location": [
      -17.938296263345705,
      -3.334598166127307,
      1.0280595515970532
    ],
    "rotation": [
      0.006047664272051597,
      -0.014215846939851295,
      -3.0897374970809204
    ]
  },
  {
    "label_id": "x8XpP78SX3kOOTljT71MqA",
    "size": [
      2.2905901131329935,
      5.639912554416073,
      2.200000000000003
    ],
    "obj_class": "vehicle",
    "point_num_in_lidar": 31,
    "speed": 3.552713678800501e-14,
    "if_vehicle": true,
    "motion_state": false,
    "pose": [
      [
        -0.9986716553472386,
        0.04962055902462516,
        0.013882540404770702,
        -68.57852401892615
      ],
      [
        -0.04953023635626959,
        -0.998749637054727,
        0.00677629467651192,
        6.317899878263688
      ],
      [
        0.014201425720626435,
        0.006079687914239083,
        0.9998806713315179,
        1.8451575415861754
      ],
      [
        0.0,
        0.0,
        0.0,
        1.0
      ]
    ],
    "location": [
      -68.57852401892615,
      6.317899878263688,
      1.8451575415861754
    ],
    "rotation": [
      0.006080338549689257,
      -0.014201903122377136,
      -3.0920371416791563
    ]
  }
]