[
  {
    "label_id": "-F5A7bbXR534ssEhSPvsKA",
    "size": [
      0.914484321292224,
      1.0494597753535118,
      1.740000000000002
    ],
    "obj_class": "pedestrian",
    "point_num_in_lidar": 30,
    "speed": 1.6672323066848682,
    "if_vehicle": false,
    "motion_state": true,
    "pose": [
      [
        0.9998708483968661,
        -0.008086446585132565,
        0.013888697122375964,
        -4.847958549123405
      ],
      [
        0.007995592961908935,
        0.9999463548771166,
        0.0065846686443018585,
        14.662960415914313
      ],
      [
        -0.013941198632785088,
        -0.006472769854828587,
        0.9998818661377392,
        0.8769176820822295
      ],
      [
        0.0,
        0.0,
        0.0,
        1.0
      ]
    ],
    "location": [
      -4.847958549123405,
      14.662960415914313,
      0.8769176820822295
    ],
    "rotation": [
      -0.006473444172696851,
      0.013941650267255117,
      0.007996455294677242
    ]
  },
  {
    "label_id": "-FAHwqVW2G-3XzoYPoMFfw",
    "size": [
      3.1200548967611867,
      11.531225792973089,
      4.109999999999957
    ],
    "obj_class": "vehicle",
    "point_num_in_lidar": 88,
    "speed": 3.972054645195637e-14,
    "if_vehicle": true,
    "motion_state": false,
    "pose": [
      [
        -0.998537495157328,
        0.05224916130592162,
        0.013888697122375964,
        38.31753235524752
      ],
      [
        -0.05216173197656253,
        -0.9986169415026215,
        0.0065846686443018585,
        13.727971959058777
      ],
      [
        0.014213531655945518,
        0.005850580037721147,
        0.9998818661377392,
        1.8429762349869705
      ],
      [
        0.0,
        0.0,
        0.0,
        1.0
      ]
    ],
    "location": [
      38.31753235524752,
      13.727971959058777,
      1.8429762349869705
    ],
    "rotation": [
      0.0058512044949767346,
      -0.014214010279687647,
      -3.0894019616391963
    ]
  },
  {
    "label_id": "-H4mHZRW8n7aRqwatB9ZGw",
    "size": [
      2.119300748150478,
      4.685897212546479,
      1.7800000000000011
    ],
    "obj_class": "vehicle",
    "point_num_in_lidar": 31,
    "speed": 0.01593034539910401,
    "if_vehicle": true,
    "motion_state": false,
    "pose": [
      [
        -0.1928346583739475,
        -0.9811329668409099,
        0.013888697122375964,
        0.6112115572384482
      ],
      [
        0.9812239711082769,
        -0.192759333525898,
        0.0065846686443018585,
        31.142210826064456
      ],
      [
        -0.0037832594817959458,
        0.014897674872467433,
        0.9998818661377392,
        0.8259842257872592
      ],
      [
        0.0,
        0.0,
        0.0,
        1.0
      ]
    ],
    "location": [
      0.6112115572384482,
      31.142210826064456,
      0.8259842257872592
    ],
    "rotation": [
      0.01489833262286211,
      0.00378326850685255,
      1.764847943168005
    ]
  },
  {
    "label_id": "0Mszwh9T8XA40wt2KRP44w",
    "size": [
      0.7583054554564913,
      0.8208242572220442,
      1.6100000000000065
    ],
    "obj_class": "pedestrian",
    "point_num_in_lidar": 153,
    "speed": 1.1423973298834877,
    "if_vehicle": false,
    "motion_state": true,
    "pose": [
      [
        -0.9960908695176635,
        0.08723579400560388,
        0.013888697122375964,
        -16.32058133005512
      ],
      [
        -0.08715120464624317,
        -0.9961733331441639,
        0.0065846686443018585,
        -2.452990269817292
      ],
      [
        0.014409968502876498,
        0.005348511630206457,
        0.9998818661377392,
        0.9166433508935725
      ],
      [
        0.0,
        0.0,
        0.0,
        1.0
      ]
    ],
    "location": [
      -16.32058133005512,
      -2.452990269817292,
      0.9166433508935725
    ],
    "rotation": [
      0.005349092527120733,
      -0.014410467247731252,
      -3.054321662095923
    ]
  },
  {
    "label_id": "5FDGRfKUQ9sdZ1qWgyeWLQ",
    "size": [
      2.045718659208045,
      4.713389250527029,
      1.3400000000000034
    ],
    "obj_class": "vehicle",
    "point_num_in_lidar": 325,
    "speed": 1.4060676717880836,
    "if_vehicle": true,
    "motion_state": true,
    "pose": [
      [
        0.03340856214288328,
        0.9993452716993202,
        0.013888697122375964,
        -3.3407590181648175
      ],
      [
        -0.9994230550955636,
        0.03331965009262287,
        0.0065846686443018585,
        20.80919108598937
      ],
      [
        0.00611759094702985,
        -0.014100668420935403,
        0.9998818661377392,
        0.7764816745550789
      ],
      [
        0.0,
        0.0,
        0.0,
        1.0
      ]
    ],
    "location": [
      -3.3407590181648175,
      20.80919108598937,
      0.7764816745550789
    ],
    "rotation": [
      -0.014101399624525468,
      -0.006117629106063438,
      -1.5373809212777485
    ]
  },
  {
    "label_id": "5tqAjOce6YWfi1CdeCMP-Q",
    "size": [
      2.263679025573105,
      4.979165260291454,
      1.8500000000000014
    ],
    "obj_class": "vehicle",
    "point_num_in_lidar": 236,
    "speed": 1.7852165294699933e-13,
    "if_vehicle": true,
    "motion_state": false,
    "pose": [
      [
        -0.9954664203404692,
        0.09409415532739174,
        0.013888697122375964,
        10.627576893745982
      ],
      [
        -0.0940101359305143,
        -0.9955494646079476,
        0.0065846686443018585,
        11.982496768205692
      ],
      [
        0.01444646381847968,
        0.005249138220098994,
        0.9998818661377392,
        0.8802654804896264
      ],
      [
        0.0,
        0.0,
        0.0,
        1.0
      ]
    ],
    "location": [
      10.627576893745982,
      11.982496768205692,
      0.8802654804896264
    ],
    "rotation": [
      0.005249710167415479,
      -0.014446966362607012,
      -3.0474336334086347
    ]
  },
  {
    "label_id": "7-Cir_6eWG09wehRQVtTtw",
    "size": [
      0.4470415938999124,
      0.09818506062016025,
      0.16146885882913153
    ],
    "obj_class": "sign",
    "point_num_in_lidar": 55,
    "speed": 0.0012361925529483543,
    "if_vehicle": false,
    "motion_state": false,
    "pose": [
      [
        -0.9904120453997328,
        -0.13744484137049492,
        0.013888697122375964,
        -10.78269089620585
      ],
      [
        0.13754571211186822,
        -0.9904735328207835,
        0.0065846686443018585,
        -0.9258290301966099
      ],
      [
        0.012851358167784231,
        0.008431865876285747,
        0.9998818661377392,
        2.106569749297556
      ],
      [
        0.0,
        0.0,
        0.0,
        1.0
      ]
    ],
    "location": [
      -10.78269089620585,
      -0.9258290301966099,
      2.106569749297556
    ],
    "rotation": [
      0.008432662195550516,
      -0.01285171194357582,
      3.003598037795296
    ]
  },
  {
    "label_id": "AEZuZTCdAj38T5tnQh0N3A",
    "size": [
      1.9764182524732339,
      4.583813116773403,
      1.6100000000000065
    ],
    "obj_class": "vehicle",
    "point_num_in_lidar": 147,
    "speed": 5.0242958677880804e-14,
    "if_vehicle": true,
    "motion_state": false,
    "pose": [
      [
        -0.9923910187234849,
        0.12234038601053576,
        0.013888697122375964,
        -49.14020002986922
      ],
      [
        -0.12225876007439987,
        -0.9924764167091907,
        0.0065846686443018585,
        7.589575708011353
      ],
      [
        0.014589775256470306,
        0.004836551134644739,
        0.9998818661377392,
        1.2996785004646938
      ],
      [
        0.0,
        0.0,
        0.0,
        1.0
      ]
    ],
    "location": [
      -49.14020002986922,
      7.589575708011353,
      1.2996785004646938
    ],
    "rotation": [
      0.0048370848372092,
      -0.014590292906399502,
      -3.0190141428197426
    ]
  },
  {
    "label_id": "Bbx8pLm5ey4t1wPBh4cdAw",
    "size": [
      2.123877219783958,
      4.766762156548458,
      1.8100000000000023
    ],
    "obj_class": "vehicle",
    "point_num_in_lidar": 510,
    "speed": 0.058222127417370095,
    "if_vehicle": true,
    "motion_state": false,
    "pose": [
      [
        -0.9953459633680648,
        0.09535993550302987,
        0.013888697122375964,
        17.608581504469726
      ],
      [
        -0.09527602177493805,
        -0.9954291144092513,
        0.0065846686443018585,
        12.887054809918936
      ],
      [
        0.014453127054054472,
        0.005230763545765111,
        0.9998818661377392,
        0.77156020049717
      ],
      [
        0.0,
        0.0,
        0.0,
        1.0
      ]
    ],
    "location": [
      17.608581504469726,
      12.887054809918936,
      0.77156020049717
    ],
    "rotation": [
      0.0052313338268343895,
      -0.014453630293921197,
      -3.0461618965051085
    ]
  },
  {
    "label_id": "C-7CDilIzKn25wyKRr9jJA",
    "size": [
      2.150775257331942,
      5.0328621732727665,
      1.5100000000000051
    ],
    "obj_class": "vehicle",
    "point_num_in_lidar": 701,
    "speed": 4.649419685638355,
    "if_vehicle": true,
    "motion_state": true,
    "pose": [
      [
        -0.02333649447144021,
        0.9996311880478858,
        0.013888697122375964,
        -3.2629743951983983
      ],
      [
        -0.9997038023472228,
        -0.023429675869500476,
        0.0065846686443018585,
        9.476110852260717
      ],
      [
        0.006907647811632061,
        -0.013730920239474167,
        0.9998818661377392,
        0.8396629228701613
      ],
      [
        0.0,
        0.0,
        0.0,
        1.0
      ]
    ],
    "location": [
      -3.2629743951983983,
      9.476110852260717,
      0.8396629228701613
    ],
    "rotation": [
      -0.013731679375330772,
      -0.00690770274656965,
      -1.5941354968591874
    ]
  },
  {
    "label_id": "DfUOspd1ep_pDGx1yZG9Uw",
    "size": [
      2.0930877344473076,
      4.702836163548996,
      1.8500000000000014
    ],
    "obj_class": "vehicle",
    "point_num_in_lidar": 1786,
    "speed": 1.08297431682745,
    "if_vehicle": true,
    "motion_state": true,
    "pose": [
      [
        -0.9954261103960205,
        0.09451964258339454,
        0.013888697122375964,
        9.398401860861213
      ],
      [
        -0.09443565869010712,
        -0.9955091905686307,
        0.0065846686443018585,
        8.543591415643505
      ],
      [
        0.014448706157138865,
        0.005242962835745067,
        0.9998818661377392,
        0.880714949846471
      ],
      [
        0.0,
        0.0,
        0.0,
        1.0
      ]
    ],
    "location": [
      9.398401860861213,
      8.543591415643505,
      0.880714949846471
    ],
    "rotation": [
      0.005243534223461979,
      -0.014449208935327557,
      -3.047006161006522
    ]
  },
  {
    "label_id": "GS-f_3-9m5tpTzs1EqI4-Q",
    "size": [
      0.48504666279161107,
      0.07902573047840633,
      0.20153950352409566
    ],
    "obj_class": "sign",
    "point_num_in_lidar": 122,
    "speed": 0.0011586930692564208,
    "if_vehicle": false,
    "motion_state": false,
    "pose": [
      [
        0.14101547264033654,
        0.9899099658899618,
        0.013888697122375964,
        5.197202091109716
      ],
      [
        -0.989996886563574,
        0.14093547010343,
        0.0065846686443018585,
        -7.64001333441206
      ],
      [
        0.0045608190550113425,
        -0.014678307070632904,
        0.9998818661377392,
        2.2525661577042086
      ],
      [
        0.0,
        0.0,
        0.0,
        1.0
      ]
    ],
    "location": [
      5.197202091109716,
      -7.64001333441206,
      2.2525661577042086
    ],
    "rotation": [
      -0.014678986882966644,
      -0.00456083486681243,
      -1.429307783080692
    ]
  },
  {
    "label_id": "II9hCDJdG-EL7T23hW66TA",
    "size": [
      2.1696386959844136,
      4.618757893724354,
      1.7700000000000031
    ],
    "obj_class": "vehicle",
    "point_num_in_lidar": 72,
    "speed": 2.1683198553528098e-13,
    "if_vehicle": true,
    "motion_state": false,
    "pose": [
      [
        0.9986478167032194,
        -0.05009633006654234,
        0.013888697122375964,
        -26.808308418339834
      ],
      [
        0.050008729664939355,
        0.9987270743782527,
        0.0065846686443018585,
        -0.6173348429895213
      ],
      [
        -0.014200885577739962,
        -0.005881208865555079,
        0.9998818661377392,
        1.05367151582454
      ],
      [
        0.0,
        0.0,
        0.0,
        1.0
      ]
    ],
    "location": [
      -26.808308418339834,
      -0.6173348429895213,
      1.05367151582454
    ],
    "rotation": [
      -0.0058818358873014955,
      0.01420136292501635,
      0.05003464699580501
    ]
  },
  {
    "label_id": "KExt1_lZn78J8VsbsFyZVw",
    "size": [
      0.5970706012783868,
      0.6505881208428722,
      1.6700000000000017
    ],
    "obj_class": "pedestrian",
    "point_num_in_lidar": 27,
    "speed": 0.004401568705155488,
    "if_vehicle": false,
    "motion_state": false,
    "pose": [
      [
        -0.06960290395096597,
        -0.997478089911671,
        0.013888697122375964,
        25.891231093141414
      ],
      [
        0.9975590443871751,
        -0.0695168691771329,
        0.0065846686443018585,
        17.62702277295898
      ],
      [
        -0.005602563961122458,
        0.014313107488378557,
        0.9998818661377392,
        0.9725044214993233
      ],
      [
        0.0,
        0.0,
        0.0,
        1.0
      ]
    ],
    "location": [
      25.891231093141414,
      17.62702277295898,
      0.9725044214993233
    ],
    "rotation": [
      0.014313820906060513,
      0.005602593271091114,
      1.6404566479623521
    ]
  },
  {
    "label_id": "NpOYq1LvezmGuK1h3sh1Ig",
    "size": [
      0.47512099846016775,
      0.05187169363348636,
      0.490000000000002
    ],
    "obj_class": "sign",
    "point_num_in_lidar": 32,
    "speed": 0.006470166494635593,
    "if_vehicle": false,
    "motion_state": false,
    "pose": [
      [
        0.9999035473945689,
        3.075448506663223e-14,
        0.013888697122375964,
        -11.875653500876297
      ],
      [
        -9.146129016240457e-05,
        0.9999783166517547,
        0.0065846686443018585,
        12.64550605329623
      ],
      [
        -0.013888395968919385,
        -0.0065853038140127025,
        0.9998818661377392,
        2.823170131239962
      ],
      [
        0.0,
        0.0,
        0.0,
        1.0
      ]
    ],
    "location": [
      -11.875653500876297,
      12.64550605329623,
      2.823170131239962
    ],
    "rotation": [
      -0.00658598662877434,
      0.013888842490773122,
      -9.147011243798942e-05
    ]
  },
  {
    "label_id": "OinBLW0UfALpTqwdQFfp6g",
    "size": [
      0.8118872121117002,
      0.10779766564128707,
      0.7800000000000011
    ],
    "obj_class": "sign",
    "point_num_in_lidar": 343,
    "speed": 0.003900531696322096,
    "if_vehicle": false,
    "motion_state": false,
    "pose": [
      [
        -0.990412045399438,
        -0.1374448413726202,
        0.013888697122375964,
        -10.79458480993128
      ],
      [
        0.1375457121139936,
        -0.9904735328204884,
        0.0065846686443018585,
        -0.9130284625857712
      ],
      [
        0.012851358167766138,
        0.008431865876313324,
        0.9998818661377392,
        2.5831908072690837
      ],
      [
        0.0,
        0.0,
        0.0,
        1.0
      ]
    ],
    "location": [
      -10.79458480993128,
      -0.9130284625857712,
      2.5831908072690837
    ],
    "rotation": [
      0.008432662195578092,
      -0.012851711943557727,
      3.0035980377931497
    ]
  },
  {
    "label_id": "P1ky-Rbaej9JvbPv9kZKYA",
    "size": [
      2.3434372294598997,
      5.117642954333817,
      2.809999999999995
    ],
    "obj_class": "vehicle",
    "point_num_in_lidar": 4321,
    "speed": 0.0010762622412562465,
    "if_vehicle": true,
    "motion_state": false,
    "pose": [
      [
        -0.07245357353520467,
        -0.9972750792906747,
        0.013888697122375964,
        3.1329922691946877
      ],
      [
        0.9973562793368295,
        -0.0723677704937834,
        0.0065846686443018585,
        -8.273942306633217
      ],
      [
        -0.005561631898539182,
        0.014329062060633902,
        0.9998818661377392,
        1.3483359094672096
      ],
      [
        0.0,
        0.0,
        0.0,
        1.0
      ]
    ],
    "location": [
      3.1329922691946877,
      -8.273942306633217,
      1.3483359094672096
    ],
    "rotation": [
      0.014329774090646294,
      0.0055616605707722805,
      1.6433145651686758
    ]
  },
  {
    "label_id": "P5W3PzH21kZDfGzI8M2_Hw",
    "size": [
      3.1029766252317916,
      12.442215914863029,
      3.289999999999978
    ],
    "obj_class": "vehicle",
    "point_num_in_lidar": 3260,
    "speed": 1.1374233532693354e-13,
    "if_vehicle": true,
    "motion_state": false,
    "pose": [
      [
        -0.9980035023773793,
        0.061612606946364154,
        0.013888697122375964,
        -25.83474257318619
      ],
      [
        -0.06152592662679283,
        -0.9980837652680056,
        0.0065846686443018585,
        9.284364917255743
      ],
      [
        0.014267781719621335,
        0.0057170074089147125,
        0.9998818661377392,
        1.7264236508907445
      ],
      [
        0.0,
        0.0,
        0.0,
        1.0
      ]
    ],
    "location": [
      -25.83474257318619,
      9.284364917255743,
      1.7264236508907445
    ],
    "rotation": [
      0.0057176205547960985,
      -0.014268265845063102,
      -3.080021568326991
    ]
  },
  {
    "label_id": "RB-oIFuuBhuOu_4wBXtzcQ",
    "size": [
      1.9645943556835417,
      4.318930102955118,
      1.564739240841142
    ],
    "obj_class": "vehicle",
    "point_num_in_lidar": 140,
    "speed": 1.7763568394002505e-14,
    "if_vehicle": true,
    "motion_state": false,
    "pose": [
      [
        -0.9953459633680573,
        0.09535993550310767,
        0.013888697122375964,
        23.4527506453544
      ],
      [
        -0.09527602177501586,
        -0.9954291144092439,
        0.0065846686443018585,
        13.326092589249583
      ],
      [
        0.01445312705405488,
        0.005230763545763981,
        0.9998818661377392,
        0.6215602004971004
      ],
      [
        0.0,
        0.0,
        0.0,
        1.0
      ]
    ],
    "location": [
      23.4527506453544,
      13.326092589249583,
      0.6215602004971004
    ],
    "rotation": [
      0.005231333826833259,
      -0.014453630293921604,
      -3.0461618965050303
    ]
  },
  {
    "label_id": "T3lsRLzCMMSY3Dl_tzxcqw",
    "size": [
      0.8193820258429334,
      0.09376311697755056,
      0.8000000000000043
    ],
    "obj_class": "sign",
    "point_num_in_lidar": 37,
    "speed": 0.002712999021141889,
    "if_vehicle": false,
    "motion_state": false,
    "pose": [
      [
        0.3933620569329686,
        -0.9192787369768252,
        0.013888697122375964,
        -7.712857103345641
      ],
      [
        0.9193114965236634,
        0.3934755576884887,
        0.0065846686443018585,
        16.68587530941204
      ],
      [
        -0.011518008720538106,
        0.010177880134190744,
        0.9998818661377392,
        3.2087096375127118
      ],
      [
        0.0,
        0.0,
        0.0,
        1.0
      ]
    ],
    "location": [
      -7.712857103345641,
      16.68587530941204,
      3.2087096375127118
    ],
    "rotation": [
      0.01017873108617394,
      0.01151826340760206,
      1.1664823391286696
    ]
  },
  {
    "label_id": "VIgfW057J6zNoT8MSku42Q",
    "size": [
      2.0389078942826404,
      4.544739353990225,
      1.8300000000000054
    ],
    "obj_class": "vehicle",
    "point_num_in_lidar": 795,
    "speed": 1.02180436801579,
    "if_vehicle": true,
    "motion_state": true,
    "pose": [
      [
        -0.9979956276302592,
        0.061740030151660505,
        0.013888697122375964,
        16.377743670692666
      ],
      [
        -0.061653360080650615,
        -0.9980759015874546,
        0.0065846686443018585,
        9.161931519948439
      ],
      [
        0.014268511542928368,
        0.00571518567167038,
        0.9998818661377392,
        0.8859011977012301
      ],
      [
        0.0,
        0.0,
        0.0,
        1.0
      ]
    ],
    "location": [
      16.377743670692666,
      9.161931519948439,
      0.8859011977012301
    ],
    "rotation": [
      0.005715798661859643,
      -0.014268995742670198,
      -3.079893878797225
    ]
  },
  {
    "label_id": "XQmjRhoi5kGFxGSc7VsbaA",
    "size": [
      2.569342638223429,
      5.383624736107198,
      2.6299999999999883
    ],
    "obj_class": "vehicle",
    "point_num_in_lidar": 2552,
    "speed": 2.51214793389404e-13,
    "if_vehicle": true,
    "motion_state": false,
    "pose": [
      [
        0.997328145575031,
        -0.07171941254718128,
        0.013888697122375964,
        15.585727148396472
      ],
      [
        0.07163354975381422,
        0.9974092824355069,
        0.0065846686443018585,
        2.909213435855463
      ],
      [
        -0.014324963997780273,
        -0.0055721786919162505,
        0.9998818661377392,
        1.1737428434535389
      ],
      [
        0.0,
        0.0,
        0.0,
        1.0
      ]
    ],
    "location": [
      15.585727148396472,
      2.909213435855463,
      1.1737428434535389
    ],
    "rotation": [
      -0.005572779342792494,
      0.014325453967762228,
      0.07170232447070554
    ]
  },
  {
    "label_id": "YytKtqwuhzFGLrx28JPtgQ",
    "size": [
      2.8673079452881716,
      7.235536587668475,
      3.3505405405405497
    ],
    "obj_class": "vehicle",
    "point_num_in_lidar": 792,
    "speed": 0.008139765717167532,
    "if_vehicle": true,
    "motion_state": false,
    "pose": [
      [
        0.9990451563498094,
        -0.041423177886635146,
        0.013888697122375964,
        22.70012056978453
      ],
      [
        0.04133489259262985,
        0.9991236504022917,
        0.0065846686443018585,
        3.470648232992062
      ],
      [
        -0.014149283668817542,
        -0.00600429351145326,
        0.9998818661377392,
        1.5809332733412518
      ],
      [
        0.0,
        0.0,
        0.0,
        1.0
      ]
    ],
    "location": [
      22.70012056978453,
      3.470648232992062,
      1.5809332733412518
    ],
    "rotation": [
      -0.006004930726946226,
      0.014149755831043,
      0.041350814098093415
    ]
  },
  {
    "label_id": "ZAWh5ebxHQoiaBpI1opOtQ",
    "size": [
      2.3183299357428715,
      5.252203792437462,
      1.9400000000000048
    ],
    "obj_class": "vehicle",
    "point_num_in_lidar": 1669,
    "speed": 0.004523172125530238,
    "if_vehicle": true,
    "motion_state": false,
    "pose": [
      [
        0.9973764131155879,
        -0.07104501849480561,
        0.013888697122375964,
        -13.753926068568262
      ],
      [
        0.07095910085759484,
        0.9974574918984401,
        0.0065846686443018585,
        0.5897811941899818
      ],
      [
        -0.014321192903038803,
        -0.005581863734121205,
        0.9998818661377392,
        0.8586715158246392
      ],
      [
        0.0,
        0.0,
        0.0,
        1.0
      ]
    ],
    "location": [
      -13.753926068568262,
      0.5897811941899818,
      0.8586715158246392
    ],
    "rotation": [
      -0.005582465227931111,
      0.014321682486140101,
      0.07102608124526516
    ]
  },
  {
    "label_id": "ZqVcS5TpbdlQOy2xeA1L0w",
    "size": [
      2.1659284936682,
      4.872672216116353,
      1.6000000000000014
    ],
    "obj_class": "vehicle",
    "point_num_in_lidar": 67,
    "speed": 0.0034722952979258257,
    "if_vehicle": true,
    "motion_state": false,
    "pose": [
      [
        0.07398685610564203,
        0.9971624989016816,
        0.013888697122375964,
        -6.0151118781423065
      ],
      [
        -0.9972438307790017,
        0.07390117801541908,
        0.0065846686443018585,
        20.423100544818226
      ],
      [
        0.005539593561348644,
        -0.0143375964543368,
        0.9998818661377392,
        0.7912222528275734
      ],
      [
        0.0,
        0.0,
        0.0,
        1.0
      ]
    ],
    "location": [
      -6.0151118781423065,
      20.423100544818226,
      0.7912222528275734
    ],
    "rotation": [
      -0.01433830773906519,
      -0.005539621894080563,
      -1.496740664148843
    ]
  },
  {
    "label_id": "ZxcngDw5pn33WhQh4fGo7g",
    "size": [
      1.993162935199562,
      4.351704980641885,
      1.5900000000000034
    ],
    "obj_class": "vehicle",
    "point_num_in_lidar": 78,
    "speed": 1.0805156823142816e-13,
    "if_vehicle": true,
    "motion_state": false,
    "pose": [
      [
        -0.9969270762870686,
        0.07709415449928995,
        0.013888697122375964,
        -42.487881762404754
      ],
      [
        -0.07700873029600389,
        -0.9970086747852509,
        0.0065846686443018585,
        8.402999257310967
      ],
      [
        0.014354790974264226,
        0.005494883529023052,
        0.9998818661377392,
        1.2063065828134611
      ],
      [
        0.0,
        0.0,
        0.0,
        1.0
      ]
    ],
    "location": [
      -42.487881762404754,
      8.402999257310967,
      1.2063065828134611
    ],
    "rotation": [
      0.0054954774152246085,
      -0.014355284011412027,
      -3.064499645658342
    ]
  },
  {
    "label_id": "ahh4Y1SZ-y9Qvly03o_oAA",
    "size": [
      2.0627046657678156,
      4.417872033252479,
      1.7451871050278172
    ],
    "obj_class": "vehicle",
    "point_num_in_lidar": 80,
    "speed": 0.0012497102808387344,
    "if_vehicle": true,
    "motion_state": false,
    "pose": [
      [
        0.07576424101525371,
        0.9970290286022898,
        0.013888697122375964,
        -6.9355030390307775
      ],
      [
        -0.9971105130767701,
        0.0756787080401427,
        0.0065846686443018585,
        32.63581708213974
      ],
      [
        0.005514027127513978,
        -0.01434744833583263,
        0.9998818661377392,
        0.6959842257872353
      ],
      [
        0.0,
        0.0,
        0.0,
        1.0
      ]
    ],
    "location": [
      -6.9355030390307775,
      32.63581708213974,
      0.6959842257872353
    ],
    "rotation": [
      -0.01434815875762757,
      -0.005514055069764807,
      -1.4949582588664283
    ]
  },
  {
    "label_id": "bA4NouE1x7OzqmpHmrXLCA",
    "size": [
      0.7640776443058694,
      0.060923233862056884,
      0.7700000000000031
    ],
    "obj_class": "sign",
    "point_num_in_lidar": 31,
    "speed": 0.002661473784503186,
    "if_vehicle": false,
    "motion_state": false,
    "pose": [
      [
        0.999903547394569,
        2.558198190569895e-15,
        0.013888697122375964,
        8.579079242582225
      ],
      [
        -9.146129013420067e-05,
        0.9999783166517549,
        0.0065846686443018585,
        13.723970444634688
      ],
      [
        -0.013888395968919573,
        -0.006585303814012311,
        0.9998818661377392,
        2.7633931501220417
      ],
      [
        0.0,
        0.0,
        0.0,
        1.0
      ]
    ],
    "location": [
      8.579079242582225,
      13.723970444634688,
      2.7633931501220417
    ],
    "rotation": [
      -0.006585986628773949,
      0.01388884249077331,
      -9.147011240978278e-05
    ]
  },
  {
    "label_id": "dflMqGo5HWaGLblIEG_AIw",
    "size": [
      1.860636650809065,
      4.05075350178842,
      1.5400000000000063
    ],
    "obj_class": "vehicle",
    "point_num_in_lidar": 21,
    "speed": 1.6758116906701666e-13,
    "if_vehicle": true,
    "motion_state": false,
    "pose": [
      [
        -0.12481653441778641,
        -0.9920826260086286,
        0.013888697122375964,
        -2.6035799559380166
      ],
      [
        0.9921682274273897,
        -0.12473512184800294,
        0.0065846686443018585,
        70.46901911606778
      ],
      [
        -0.0048001270321660905,
        0.01460179952565487,
        0.9998818661377392,
        0.6062826799096825
      ],
      [
        0.0,
        0.0,
        0.0,
        1.0
      ]
    ],
    "location": [
      -2.6035799559380166,
      70.46901911606778,
      0.6062826799096825
    ],
    "rotation": [
      0.014602486699074105,
      0.00480014546582067,
      1.6959406935117733
    ]
  },
  {
    "label_id": "fEKN6OQe99brECij0ShExg",
    "size": [
      2.1977897881326567,
      4.78244681950412,
      1.8500000000000014
    ],
    "obj_class": "vehicle",
    "point_num_in_lidar": 45,
    "speed": 1.293207299340885e-13,
    "if_vehicle": true,
    "motion_state": false,
    "pose": [
      [
        0.03412201315150401,
        0.9993211657473945,
        0.013888697122375964,
        -7.503220989563033
      ],
      [
        -0.9993990126005241,
        0.03403315665556538,
        0.0065846686443018585,
        39.35232871119251
      ],
      [
        0.0061075225407765275,
        -0.014105032340489444,
        0.9998818661377392,
        0.7559842257873015
      ],
      [
        0.0,
        0.0,
        0.0,
        1.0
      ]
    ],
    "location": [
      -7.503220989563033,
      39.35232871119251,
      0.7559842257873015
    ],
    "rotation": [
      -0.014105763191590445,
      -0.006107560511710108,
      -1.5366670519326637
    ]
  },
  {
    "label_id": "fh1oSL5OCYHPzBR4ONvPDg",
    "size": [
      2.544152576201271,
      5.529152590652675,
      2.3499999999999943
    ],
    "obj_class": "vehicle",
    "point_num_in_lidar": 885,
    "speed": 0.005799594660755042,
    "if_vehicle": true,
    "motion_state": false,
    "pose": [
      [
        -0.06280432689326004,
        -0.9979292162351634,
        0.013888697122375964,
        1.2115617117505053
      ],
      [
        0.998009582577692,
        -0.06271774248126086,
        0.0065846686443018585,
        18.357408037680898
      ],
      [
        -0.005699965489855005,
        0.014274598499670962,
        0.9998818661377392,
        1.243443868284487
      ],
      [
        0.0,
        0.0,
        0.0,
        1.0
      ]
    ],
    "location": [
      1.2115617117505053,
      18.357408037680898,
      1.243443868284487
    ],
    "rotation": [
      0.014275315236720048,
      0.005699996355245655,
      1.633643036823177
    ]
  },
  {
    "label_id": "jiDWv0IHfVYmdLSYdNAeuw",
    "size": [
      2.363577207923458,
      4.784302331303529,
      1.8000000000000043
    ],
    "obj_class": "vehicle",
    "point_num_in_lidar": 986,
    "speed": 7.944109290391274e-14,
    "if_vehicle": true,
    "motion_state": false,
    "pose": [
      [
        -0.998996695747886,
        0.04257588492384818,
        0.013888697122375964,
        -16.12676732508794
      ],
      [
        -0.042487690257902305,
        -0.9990752916148978,
        0.0065846686443018585,
        10.476572896519201
      ],
      [
        0.014156202222150228,
        0.00598796355683094,
        0.9998818661377392,
        0.8986715158246028
      ],
      [
        0.0,
        0.0,
        0.0,
        1.0
      ]
    ],
    "location": [
      -16.12676732508794,
      10.476572896519201,
      0.8986715158246028
    ],
    "rotation": [
      0.0059885994302827025,
      -0.014156675077373383,
      -3.0990879080655143
    ]
  },
  {
    "label_id": "lVgMLiYY04OUIeF1a-Z-Bg",
    "size": [
      2.2872766218934673,
      5.0947232382614915,
      1.9223137534269625
    ],
    "obj_class": "vehicle",
    "point_num_in_lidar": 140,
    "speed": 0.0,
    "if_vehicle": true,
    "motion_state": false,
    "pose": [
      [
        -0.9984433759785399,
        0.05401785868413343,
        0.013888697122375964,
        -36.01717333436852
      ],
      [
        -0.053930570220811914,
        -0.9985229770688819,
        0.0065846686443018585,
        8.894851464634485
      ],
      [
        0.014223872898552604,
        0.005825393435482899,
        0.9998818661377392,
        1.232063122341998
      ],
      [
        0.0,
        0.0,
        0.0,
        1.0
      ]
    ],
    "location": [
      -36.01717333436852,
      8.894851464634485,
      1.232063122341998
    ],
    "rotation": [
      0.005826015775684727,
      -0.014224352567805548,
      -3.0876304418328124
    ]
  },
  {
    "label_id": "mZdp7gLn15GgHZm12rNG3Q",
    "size": [
      0.6889420735335651,
      0.7053705901522827,
      1.5200000000000031
    ],
    "obj_class": "pedestrian",
    "point_num_in_lidar": 22,
    "speed": 0.014111725278708524,
    "if_vehicle": false,
    "motion_state": false,
    "pose": [
      [
        -0.1839174979405264,
        -0.9828435572579898,
        0.013888697122375964,
        25.228143746259207
      ],
      [
        0.9829338737835995,
        -0.1838413498308029,
        0.0065846686443018585,
        17.59184759871664
      ],
      [
        -0.003918382327361998,
        0.014862706646131573,
        0.9998818661377392,
        1.0425044214993093
      ],
      [
        0.0,
        0.0,
        0.0,
        1.0
      ]
    ],
    "location": [
      25.228143746259207,
      17.59184759871664,
      1.0425044214993093
    ],
    "rotation": [
      0.014863368008807132,
      0.003918392354388836,
      1.7557682236603203
    ]
  },
  {
    "label_id": "oWHtxuSP48iB5d33eg9RSQ",
    "size": [
      2.1175059291569904,
      4.616705315983924,
      1.6300000000000026
    ],
    "obj_class": "vehicle",
    "point_num_in_lidar": 403,
    "speed": 0.013564837481211124,
    "if_vehicle": true,
    "motion_state": false,
    "pose": [
      [
        0.9936759604861589,
        -0.11142346989818797,
        0.013888697122375964,
        -19.695142443894042
      ],
      [
        0.1113409100998388,
        0.9937604559837266,
        0.0065846686443018585,
        0.09037179821893915
      ],
      [
        -0.014535724613830122,
        -0.0049966467619033915,
        0.9998818661377392,
        0.7636715158245551
      ],
      [
        0.0,
        0.0,
        0.0,
        1.0
      ]
    ],
    "location": [
      -19.695142443894042,
      0.09037179821893915,
      0.7636715158245551
    ],
    "rotation": [
      -0.004997195507814033,
      0.01453623653148147,
      0.1115840860407576
    ]
  },
  {
    "label_id": "sDKPtRk_p23MDT4FUoeVww",
    "size": [
      0.6738707008764134,
      0.8508007541018325,
      1.7600000000000051
    ],
    "obj_class": "pedestrian",
    "point_num_in_lidar": 267,
    "speed": 1.1045214042811988,
    "if_vehicle": false,
    "motion_state": true,
    "pose": [
      [
        -0.9640937862949849,
        0.2651985582910341,
        0.013888697122375964,
        9.05976020650894
      ],
      [
        -0.26513020313570906,
        -0.9641901355666643,
        0.0065846686443018585,
        -0.9481898511337477
      ],
      [
        0.015137589392561053,
        0.0026659250354369667,
        0.9998818661377392,
        0.8825467218860652
      ],
      [
        0.0,
        0.0,
        0.0,
        1.0
      ]
    ],
    "location": [
      9.05976020650894,
      -0.9481898511337477,
      0.8825467218860652
    ],
    "rotation": [
      0.0026662336907397255,
      -0.015138167573404802,
      -2.8732221882142133
    ]
  },
  {
    "label_id": "sPiWwzIgbtUP7C7dTyFh1g",
    "size": [
      0.15404155231502153,
      0.03859545213254023,
      0.29000000000000625
    ],
    "obj_class": "sign",
    "point_num_in_lidar": 28,
    "speed": 0.0047250600731129164,
    "if_vehicle": false,
    "motion_state": false,
    "pose": [
      [
        0.834948230845923,
        -0.5501532112961864,
        0.013888697122375964,
        -5.36062750078554
      ],
      [
        0.5501179770023077,
        0.8350609879031191,
        0.0065846686443018585,
        -8.737828746521927
      ],
      [
        -0.015220485739682455,
        0.00214256452889278,
        0.9998818661377392,
        0.5238531562653037
      ],
      [
        0.0,
        0.0,
        0.0,
        1.0
      ]
    ],
    "location": [
      -5.36062750078554,
      -8.737828746521927,
      0.5238531562653037
    ],
    "rotation": [
      0.0021428143885269587,
      0.01522107347199156,
      0.5825818262661122
    ]
  },
  {
    "label_id": "snJRcyK-URU6oqMcpLfJiQ",
    "size": [
      0.8009377146962036,
      1.0206146851905107,
      1.750000000000007
    ],
    "obj_class": "pedestrian",
    "point_num_in_lidar": 159,
    "speed": 1.1175553428168181,
    "if_vehicle": false,
    "motion_state": true,
    "pose": [
      [
        -0.9983375059572448,
        0.05594039945612844,
        0.013888697122375964,
        -16.447504257875835
      ],
      [
        -0.05585326443756124,
        -0.9984172749860214,
        0.0065846686443018585,
        -3.2923797728292357
      ],
      [
        0.014235064128277297,
        0.005797992598837929,
        0.9998818661377392,
        1.0063355555854656
      ],
      [
        0.0,
        0.0,
        0.0,
        1.0
      ]
    ],
    "location": [
      -16.447504257875835,
      -3.2923797728292357,
      1.0063355555854656
    ],
    "rotation": [
      0.005798612627473676,
      -0.014235544930690024,
      -3.085704639775141
    ]
  },
  {
    "label_id": "x8XpP78SX3kOOTljT71MqA",
    "size": [
      2.290590113132995,
      5.639912554416073,
      2.200000000000003
    ],
    "obj_class": "vehicle",
    "point_num_in_lidar": 48,
    "speed": 3.552713678800501e-14,
    "if_vehicle": true,
    "motion_state": false,
    "pose": [
      [
        -0.9986715699545042,
        0.0496205547817515,
        0.013888697122375964,
        -68.57852401892649
      ],
      [
        -0.04953291663063984,
        -0.9987507858865028,
        0.0065846686443018585,
        6.3178998782639155
      ],
      [
        0.014198082077096866,
        0.005887973695964278,
        0.9998818661377392,
        1.8451575415861754
      ],
      [
        0.0,
        0.0,
        0.0,
        1.0
      ]
    ],
    "location": [
      -68.57852401892649,
      6.3178998782639155,
      1.8451575415861754
    ],
    "rotation": [
      0.005888601282630356,
      -0.014198559141702122,
      -3.092034460194916
    ]
  }
]