[
  {
    "label_id": "-F5A7bbXR534ssEhSPvsKA",
    "size": [
      0.9144843212920544,
      1.0494597753535118,
      1.740000000000002
    ],
    "obj_class": "pedestrian",
    "point_num_in_lidar": 118,
    "speed": 0.7378095748438339,
    "if_vehicle": false,
    "motion_state": false,
    "pose": [
      [
        0.9957357104763926,
        -0.09157318186832926,
        0.011169030601782131,
        -7.644284087534288
      ],
      [
        0.09149971252859104,
        0.9957810471811354,
        0.006921609785797775,
        14.468799695627695
      ],
      [
        -0.011755742820377224,
        -0.005870130948415597,
        0.9999136683101145,
        0.8244932910000813
      ],
      [
        0.0,
        0.0,
        0.0,
        1.0
      ]
    ],
    "location": [
      -7.644284087534288,
      14.468799695627695,
      0.8244932910000813
    ],
    "rotation": [
      -0.005870570329243968,
      0.01175601360624112,
      0.09163422137430342
    ]
  },
  {
    "label_id": "-FAHwqVW2G-3XzoYPoMFfw",
    "size": [
      3.1200548967611867,
      11.531225792973089,
      4.109999999999957
    ],
    "obj_class": "vehicle",
    "point_num_in_lidar": 28,
    "speed": 8.705140414579938e-29,
    "if_vehicle": true,
    "motion_state": false,
    "pose": [
      [
        -0.9985715256396075,
        0.05225094197431611,
        0.011169030601782131,
        38.31753235524775
      ],
      [
        -0.0521757426028366,
        -0.9986139310072816,
        0.006921609785797775,
        13.727971959058777
      ],
      [
        0.011515210186072856,
        0.006328969977884329,
        0.9999136683101145,
        1.8429762349869634
      ],
      [
        0.0,
        0.0,
        0.0,
        1.0
      ]
    ],
    "location": [
      38.31753235524775,
      13.727971959058777,
      1.8429762349869634
    ],
    "rotation": [
      0.006329431891760617,
      -0.011515464687530327,
      -3.08938974454835
    ]
  },
  {
    "label_id": "-H4mHZRW8n7aRqwatB9ZGw",
    "size": [
      2.1193007481504766,
      4.685897212546479,
      1.7800000000000011
    ],
    "obj_class": "vehicle",
    "point_num_in_lidar": 30,
    "speed": 0.015930345399177134,
    "if_vehicle": true,
    "motion_state": false,
    "pose": [
      [
        -0.1928412302417563,
        -0.9811664041712101,
        0.011169030601782131,
        0.6186511295396713
      ],
      [
        0.9812190108919022,
        -0.19277277811529905,
        0.006921609785797775,
        31.103086388188785
      ],
      [
        -0.00463816592664713,
        0.012294036906048673,
        0.9999136683101145,
        0.8259842257872592
      ],
      [
        0.0,
        0.0,
        0.0,
        1.0
      ]
    ],
    "location": [
      0.6186511295396713,
      31.103086388188785,
      0.8259842257872592
    ],
    "rotation": [
      0.012294478871128806,
      0.004638182556629823,
      1.7648553482765106
    ]
  },
  {
    "label_id": "0Mszwh9T8XA40wt2KRP44w",
    "size": [
      0.7583054554567041,
      0.8208242572220442,
      1.6100000000000065
    ],
    "obj_class": "pedestrian",
    "point_num_in_lidar": 228,
    "speed": 1.0713215346494134,
    "if_vehicle": false,
    "motion_state": true,
    "pose": [
      [
        -0.998604990331723,
        0.05160742233435115,
        0.011169030601782131,
        -13.295503922959256
      ],
      [
        -0.05153219565122323,
        -0.9986473472299104,
        0.006921609785797775,
        -2.268462669708015
      ],
      [
        0.011511129221048659,
        0.0063363894030210085,
        0.9999136683101145,
        0.94164335089377
      ],
      [
        0.0,
        0.0,
        0.0,
        1.0
      ]
    ],
    "location": [
      -13.295503922959256,
      -2.268462669708015,
      0.94164335089377
    ],
    "rotation": [
      0.006336851659878976,
      -0.011511383452007,
      -3.090034203724459
    ]
  },
  {
    "label_id": "5FDGRfKUQ9sdZ1qWgyeWLQ",
    "size": [
      2.0457186592079886,
      4.713389250527029,
      1.3400000000000034
    ],
    "obj_class": "vehicle",
    "point_num_in_lidar": 104,
    "speed": 1.7938442573521831,
    "if_vehicle": true,
    "motion_state": true,
    "pose": [
      [
        0.04179510380893399,
        0.9990637727657915,
        0.011169030601782131,
        -3.498401256880925
      ],
      [
        -0.9991053886284212,
        0.041719464661291526,
        0.006921609785797775,
        24.446742431725852
      ],
      [
        0.006449163608719812,
        -0.011448328059518616,
        0.9999136683101145,
        0.790768040886995
      ],
      [
        0.0,
        0.0,
        0.0,
        1.0
      ]
    ],
    "location": [
      -3.498401256880925,
      24.446742431725852,
      0.790768040886995
    ],
    "rotation": [
      -0.011448816252766492,
      -0.006449208314848321,
      -1.528988175296939
    ]
  },
  {
    "label_id": "5tqAjOce6YWfi1CdeCMP-Q",
    "size": [
      2.263679025573111,
      4.979165260291454,
      1.8500000000000014
    ],
    "obj_class": "vehicle",
    "point_num_in_lidar": 412,
    "speed": 1.7852165294699933e-13,
    "if_vehicle": true,
    "motion_state": false,
    "pose": [
      [
        -0.9955003461595212,
        0.09409736208677787,
        0.011169030601782131,
        10.627576893745982
      ],
      [
        -0.09402400792465827,
        -0.9955458689843262,
        0.006921609785797775,
        11.982496768205692
      ],
      [
        0.011770587498401321,
        0.0058403079159300994,
        0.9999136683101145,
        0.8802654804896193
      ],
      [
        0.0,
        0.0,
        0.0,
        1.0
      ]
    ],
    "location": [
      10.627576893745982,
      11.982496768205692,
      0.8802654804896193
    ],
    "rotation": [
      0.0058407457445361355,
      -0.01177085931141625,
      -3.0474230118309795
    ]
  },
  {
    "label_id": "7-Cir_6eWG09wehRQVtTtw",
    "size": [
      0.44704159389991466,
      0.09818506062016025,
      0.16146885882913153
    ],
    "obj_class": "sign",
    "point_num_in_lidar": 62,
    "speed": 0.0037124774174579146,
    "if_vehicle": false,
    "motion_state": false,
    "pose": [
      [
        -0.9904457989640466,
        -0.13744952553533205,
        0.011169030601782131,
        -10.777106355286605
      ],
      [
        0.1375313850053177,
        -0.990473225007366,
        0.006921609785797775,
        -0.9184160821782825
      ],
      [
        0.010111253779354495,
        0.008391571582241714,
        0.9999136683101145,
        2.1240301493878846
      ],
      [
        0.0,
        0.0,
        0.0,
        1.0
      ]
    ],
    "location": [
      -10.777106355286605,
      -0.9184160821782825,
      2.1240301493878846
    ],
    "rotation": [
      0.00839209908676043,
      -0.010111426078753722,
      3.0036168727104293
    ]
  },
  {
    "label_id": "AEZuZTCdAj38T5tnQh0N3A",
    "size": [
      1.976418252473233,
      4.583813116773403,
      1.6100000000000065
    ],
    "obj_class": "vehicle",
    "point_num_in_lidar": 52,
    "speed": 5.0242958677880804e-14,
    "if_vehicle": true,
    "motion_state": false,
    "pose": [
      [
        -0.9924248397318505,
        0.12234455541064221,
        0.011169030601782131,
        -49.14020002986922
      ],
      [
        -0.12227252430541116,
        -0.9924724283918198,
        0.006921609785797775,
        7.589575708010898
      ],
      [
        0.011931776196102641,
        0.005503511916632477,
        0.9999136683101145,
        1.2996785004646867
      ],
      [
        0.0,
        0.0,
        0.0,
        1.0
      ]
    ],
    "location": [
      -49.14020002986922,
      7.589575708010898,
      1.2996785004646867
    ],
    "rotation": [
      0.005503931507118733,
      -0.011932059330002187,
      -3.0190046165430444
    ]
  },
  {
    "label_id": "Bbx8pLm5ey4t1wPBh4cdAw",
    "size": [
      2.12387721978396,
      4.766762156548458,
      1.8100000000000023
    ],
    "obj_class": "vehicle",
    "point_num_in_lidar": 730,
    "speed": 0.035309586188843806,
    "if_vehicle": true,
    "motion_state": false,
    "pose": [
      [
        -0.9953798850819039,
        0.09536318540061654,
        0.011169030601782131,
        17.658020222942582
      ],
      [
        -0.09528988918559587,
        -0.9954255011486144,
        0.006921609785797775,
        12.887260566310488
      ],
      [
        0.011778004641396942,
        0.005825335464814821,
        0.9999136683101145,
        0.7715602004971629
      ],
      [
        0.0,
        0.0,
        0.0,
        1.0
      ]
    ],
    "location": [
      17.658020222942582,
      12.887260566310488,
      0.7715602004971629
    ],
    "rotation": [
      0.005825772510217014,
      -0.011778276968599632,
      -3.0461513237222024
    ]
  },
  {
    "label_id": "C-7CDilIzKn25wyKRr9jJA",
    "size": [
      2.150775257331984,
      5.0328621732727665,
      1.5100000000000051
    ],
    "obj_class": "vehicle",
    "point_num_in_lidar": 257,
    "speed": 0.9688782358791848,
    "if_vehicle": true,
    "motion_state": false,
    "pose": [
      [
        0.030393710109260903,
        0.9994756000729637,
        0.011169030601782131,
        -3.1800556961990196
      ],
      [
        -0.9995163502329748,
        0.030317601074727855,
        0.006921609785797775,
        17.040430109847648
      ],
      [
        0.006579361879954869,
        -0.011374002104052644,
        0.9999136683101145,
        0.8596629228701573
      ],
      [
        0.0,
        0.0,
        0.0,
        1.0
      ]
    ],
    "location": [
      -3.1800556961990196,
      17.040430109847648,
      0.8596629228701573
    ],
    "rotation": [
      -0.011374493559672943,
      -0.006579409348785405,
      -1.540397277067522
    ]
  },
  {
    "label_id": "DfUOspd1ep_pDGx1yZG9Uw",
    "size": [
      2.0930877344470797,
      4.702836163548996,
      1.8500000000000014
    ],
    "obj_class": "vehicle",
    "point_num_in_lidar": 1539,
    "speed": 0.05955184795718159,
    "if_vehicle": true,
    "motion_state": false,
    "pose": [
      [
        -0.9958494400478113,
        0.09032798853000838,
        0.011169030601782131,
        10.166269369117458
      ],
      [
        -0.09025446255624409,
        -0.9958946848470761,
        0.006921609785797775,
        8.607209937510788
      ],
      [
        0.011748393300549899,
        0.0058848263751780745,
        0.9999136683101145,
        0.8740489972497869
      ],
      [
        0.0,
        0.0,
        0.0,
        1.0
      ]
    ],
    "location": [
      10.166269369117458,
      8.607209937510788,
      0.8740489972497869
    ],
    "rotation": [
      0.005885266517032863,
      -0.011748663578836053,
      -3.0512089513409912
    ]
  },
  {
    "label_id": "GS-f_3-9m5tpTzs1EqI4-Q",
    "size": [
      0.485046662791611,
      0.07902573047840633,
      0.20153950352409566
    ],
    "obj_class": "sign",
    "point_num_in_lidar": 70,
    "speed": 0.001158693069599918,
    "if_vehicle": false,
    "motion_state": false,
    "pose": [
      [
        0.14102027849345006,
        0.9899437023432426,
        0.011169030601782131,
        5.196982853873806
      ],
      [
        -0.9899926396338463,
        0.14094915675087533,
        0.006921609785797775,
        -7.64290173080235
      ],
      [
        0.005277738572481954,
        -0.01203334542722569,
        0.9999136683101145,
        2.2525661577042086
      ],
      [
        0.0,
        0.0,
        0.0,
        1.0
      ]
    ],
    "location": [
      5.196982853873806,
      -7.64290173080235,
      2.2525661577042086
    ],
    "rotation": [
      -0.012033803460892755,
      -0.005277763074272082,
      -1.4293024262879503
    ]
  },
  {
    "label_id": "II9hCDJdG-EL7T23hW66TA",
    "size": [
      2.1696386959844154,
      4.618757893724354,
      1.7700000000000031
    ],
    "obj_class": "vehicle",
    "point_num_in_lidar": 102,
    "speed": 2.1683198553528098e-13,
    "if_vehicle": true,
    "motion_state": false,
    "pose": [
      [
        0.9986818509452933,
        -0.050098037365746924,
        0.011169030601782131,
        -26.808308418339948
      ],
      [
        0.05002274674886756,
        0.9987240940948967,
        0.006921609785797775,
        -0.6173348429895213
      ],
      [
        -0.011501539035363054,
        -0.006353780483178276,
        0.9999136683101145,
        1.053671515824533
      ],
      [
        0.0,
        0.0,
        0.0,
        1.0
      ]
    ],
    "location": [
      -26.808308418339948,
      -0.6173348429895213,
      1.053671515824533
    ],
    "rotation": [
      -0.006354243541246926,
      0.011501792631408518,
      0.05004694517035403
    ]
  },
  {
    "label_id": "KExt1_lZn78J8VsbsFyZVw",
    "size": [
      0.5970706012783891,
      0.6505881208428722,
      1.6700000000000017
    ],
    "obj_class": "pedestrian",
    "point_num_in_lidar": 51,
    "speed": 0.0044015687051669385,
    "if_vehicle": false,
    "motion_state": false,
    "pose": [
      [
        -0.06960527604054571,
        -0.9975120842890757,
        0.011169030601782131,
        25.880466014310855
      ],
      [
        0.9975557907431869,
        -0.06953082534177454,
        0.006921609785797775,
        17.624743071374724
      ],
      [
        -0.006127797488057351,
        0.011623511713581024,
        0.9999136683101145,
        0.9725044214993233
      ],
      [
        0.0,
        0.0,
        0.0,
        1.0
      ]
    ],
    "location": [
      25.880466014310855,
      17.624743071374724,
      0.9725044214993233
    ],
    "rotation": [
      0.011623991715658618,
      0.006127835838404626,
      1.6404592408142105
    ]
  },
  {
    "label_id": "NpOYq1LvezmGuK1h3sh1Ig",
    "size": [
      0.4751209984601703,
      0.05187169363348636,
      0.490000000000002
    ],
    "obj_class": "sign",
    "point_num_in_lidar": 30,
    "speed": 0.005433070914369516,
    "if_vehicle": false,
    "motion_state": false,
    "pose": [
      [
        0.9999376244323526,
        3.7682928959309526e-14,
        0.011169030601782131,
        -11.878271299385233
      ],
      [
        -7.731249395955161e-05,
        0.9999760423833921,
        0.006921609785797775,
        12.660660322153944
      ],
      [
        -0.011168763018428831,
        -0.0069220415520692856,
        0.9999136683101145,
        2.842171896580581
      ],
      [
        0.0,
        0.0,
        0.0,
        1.0
      ]
    ],
    "location": [
      -11.878271299385233,
      12.660660322153944,
      2.842171896580581
    ],
    "rotation": [
      -0.006922528613996653,
      0.011168995232406363,
      -7.731731651700114e-05
    ]
  },
  {
    "label_id": "OinBLW0UfALpTqwdQFfp6g",
    "size": [
      0.8118872121116997,
      0.10779766564128707,
      0.7800000000000011
    ],
    "obj_class": "sign",
    "point_num_in_lidar": 295,
    "speed": 0.004183846866251858,
    "if_vehicle": false,
    "motion_state": false,
    "pose": [
      [
        -0.9904457989637486,
        -0.13744952553747936,
        0.011169030601782131,
        -10.784985518475878
      ],
      [
        0.1375313850074651,
        -0.9904732250070678,
        0.006921609785797775,
        -0.9088745380468026
      ],
      [
        0.010111253779336301,
        0.008391571582263635,
        0.9999136683101145,
        2.5998556411223106
      ],
      [
        0.0,
        0.0,
        0.0,
        1.0
      ]
    ],
    "location": [
      -10.784985518475878,
      -0.9088745380468026,
      2.5998556411223106
    ],
    "rotation": [
      0.008392099086782352,
      -0.010111426078735528,
      3.0036168727082613
    ]
  },
  {
    "label_id": "P1ky-Rbaej9JvbPv9kZKYA",
    "size": [
      2.343437229459849,
      5.117642954333817,
      2.809999999999995
    ],
    "obj_class": "vehicle",
    "point_num_in_lidar": 5060,
    "speed": 0.08077286846830731,
    "if_vehicle": true,
    "motion_state": false,
    "pose": [
      [
        -0.06869935679397635,
        -0.9975748849743113,
        0.011169030601782131,
        3.1433284615731054
      ],
      [
        0.9976185237980016,
        -0.06862486643389243,
        0.006921609785797775,
        -8.333313878817535
      ],
      [
        -0.006138350852660927,
        0.011617941961467794,
        0.9999136683101145,
        1.3599169602869523
      ],
      [
        0.0,
        0.0,
        0.0,
        1.0
      ]
    ],
    "location": [
      3.1433284615731054,
      -8.333313878817535,
      1.3599169602869523
    ],
    "rotation": [
      0.011618422234897532,
      0.006138389401494138,
      1.6395511349893828
    ]
  },
  {
    "label_id": "P5W3PzH21kZDfGzI8M2_Hw",
    "size": [
      3.1029766252317916,
      12.442215914863029,
      3.289999999999978
    ],
    "obj_class": "vehicle",
    "point_num_in_lidar": 2897,
    "speed": 1.1374233532693354e-13,
    "if_vehicle": true,
    "motion_state": false,
    "pose": [
      [
        -0.9980375146610113,
        0.061614706724029335,
        0.011169030601782131,
        -25.834742573186304
      ],
      [
        -0.06153990839994162,
        -0.9980806234929621,
        0.006921609785797775,
        9.284364917255743
      ],
      [
        0.011574065983848785,
        0.006220685107921129,
        0.9999136683101145,
        1.7264236508907445
      ],
      [
        0.0,
        0.0,
        0.0,
        1.0
      ]
    ],
    "location": [
      -25.834742573186304,
      9.284364917255743,
      1.7264236508907445
    ],
    "rotation": [
      0.006221141937166844,
      -0.01157432440781803,
      -3.08000970510359
    ]
  },
  {
    "label_id": "RB-oIFuuBhuOu_4wBXtzcQ",
    "size": [
      1.9645943556835408,
      4.318930102955118,
      1.564739240841142
    ],
    "obj_class": "vehicle",
    "point_num_in_lidar": 172,
    "speed": 1.7763568394002505e-14,
    "if_vehicle": true,
    "motion_state": false,
    "pose": [
      [
        -0.9953798850818965,
        0.09536318540069523,
        0.011169030601782131,
        23.452750645354513
      ],
      [
        -0.09528988918567456,
        -0.995425501148607,
        0.006921609785797775,
        13.326092589249129
      ],
      [
        0.011778004641397404,
        0.0058253354648138906,
        0.9999136683101145,
        0.6215602004970933
      ],
      [
        0.0,
        0.0,
        0.0,
        1.0
      ]
    ],
    "location": [
      23.452750645354513,
      13.326092589249129,
      0.6215602004970933
    ],
    "rotation": [
      0.005825772510216084,
      -0.011778276968600093,
      -3.0461513237221234
    ]
  },
  {
    "label_id": "T3lsRLzCMMSY3Dl_tzxcqw",
    "size": [
      0.8193820258429343,
      0.09376311697755056,
      0.8000000000000043
    ],
    "obj_class": "sign",
    "point_num_in_lidar": 38,
    "speed": 0.002712999021173934,
    "if_vehicle": false,
    "motion_state": false,
    "pose": [
      [
        0.39337546283969477,
        -0.919310066294867,
        0.011169030601782131,
        -7.709928623607084
      ],
      [
        0.9193149717718861,
        0.393461655049167,
        0.006921609785797775,
        16.691992939186548
      ],
      [
        -0.010757690816920943,
        0.0075450655993127115,
        0.9999136683101145,
        3.2257547578690975
      ],
      [
        0.0,
        0.0,
        0.0,
        1.0
      ]
    ],
    "location": [
      -7.709928623607084,
      16.691992939186548,
      3.2257547578690975
    ],
    "rotation": [
      0.007545573826417603,
      0.010757898321909659,
      1.1664713805942752
    ]
  },
  {
    "label_id": "XQmjRhoi5kGFxGSc7VsbaA",
    "size": [
      2.5693426382234272,
      5.383624736107198,
      2.6299999999999883
    ],
    "obj_class": "vehicle",
    "point_num_in_lidar": 2049,
    "speed": 2.51214793389404e-13,
    "if_vehicle": true,
    "motion_state": false,
    "pose": [
      [
        0.9973621348422838,
        -0.07172185676806435,
        0.011169030601782131,
        15.5857271483967
      ],
      [
        0.07164749898274916,
        0.9974059991836275,
        0.006921609785797775,
        2.9092134358552357
      ],
      [
        -0.011636488832944438,
        -0.00610311840382903,
        0.9999136683101145,
        1.1737428434535389
      ],
      [
        0.0,
        0.0,
        0.0,
        1.0
      ]
    ],
    "location": [
      15.5857271483967,
      2.9092134358552357,
      1.1737428434535389
    ],
    "rotation": [
      -0.006103569547482475,
      0.011636751460980041,
      0.07171380361244122
    ]
  },
  {
    "label_id": "YytKtqwuhzFGLrx28JPtgQ",
    "size": [
      2.867307945288359,
      7.235536587668475,
      3.3505405405405497
    ],
    "obj_class": "vehicle",
    "point_num_in_lidar": 499,
    "speed": 0.043446791728930005,
    "if_vehicle": true,
    "motion_state": false,
    "pose": [
      [
        0.999057110800743,
        -0.041954047646068485,
        0.011169030601782131,
        22.76849191555482
      ],
      [
        0.041878415120188736,
        0.9990987386965287,
        0.006921609785797775,
        3.468462625336315
      ],
      [
        -0.011449353933444312,
        -0.00644734217465775,
        0.9999136683101145,
        1.5809332733412518
      ],
      [
        0.0,
        0.0,
        0.0,
        1.0
      ]
    ],
    "location": [
      22.76849191555482,
      3.468462625336315,
      1.5809332733412518
    ],
    "rotation": [
      -0.006447809476899516,
      0.011449604093124132,
      0.04189341341646336
    ]
  },
  {
    "label_id": "ZAWh5ebxHQoiaBpI1opOtQ",
    "size": [
      2.3183299357428715,
      5.252203792437462,
      1.9400000000000048
    ],
    "obj_class": "vehicle",
    "point_num_in_lidar": 1542,
    "speed": 1.293207299340885e-13,
    "if_vehicle": true,
    "motion_state": false,
    "pose": [
      [
        0.997410404027814,
        -0.07104743973212091,
        0.011169030601782131,
        -13.749782766254839
      ],
      [
        0.07097305230342492,
        0.997454218079561,
        0.006921609785797775,
        0.587968731471392
      ],
      [
        -0.011632359339713011,
        -0.0061109854198965925,
        0.9999136683101145,
        0.8586715158246392
      ],
      [
        0.0,
        0.0,
        0.0,
        1.0
      ]
    ],
    "location": [
      -13.749782766254839,
      0.587968731471392,
      0.8586715158246392
    ],
    "rotation": [
      -0.0061114369493074855,
      0.011632621688236498,
      0.07103758608187453
    ]
  },
  {
    "label_id": "ZqVcS5TpbdlQOy2xeA1L0w",
    "size": [
      2.1659284936681082,
      4.872672216116353,
      1.6000000000000014
    ],
    "obj_class": "vehicle",
    "point_num_in_lidar": 355,
    "speed": 0.0034722952980283358,
    "if_vehicle": true,
    "motion_state": false,
    "pose": [
      [
        0.07378451245712452,
        0.9972116618235475,
        0.011169030601782131,
        -6.015976995925826
      ],
      [
        -0.9972556798626685,
        0.07371024555392777,
        0.006921609785797775,
        20.431737982939012
      ],
      [
        0.0060790380087328314,
        -0.011649086809650738,
        0.9999136683101145,
        0.7911262802890633
      ],
      [
        0.0,
        0.0,
        0.0,
        1.0
      ]
    ],
    "location": [
      -6.015976995925826,
      20.431737982939012,
      0.7911262802890633
    ],
    "rotation": [
      -0.011649565556474315,
      -0.006079075450862952,
      -1.4969433336363254
    ]
  },
  {
    "label_id": "ZxcngDw5pn33WhQh4fGo7g",
    "size": [
      1.993162935199561,
      4.351704980641885,
      1.5900000000000034
    ],
    "obj_class": "vehicle",
    "point_num_in_lidar": 113,
    "speed": 1.0805156823142816e-13,
    "if_vehicle": true,
    "motion_state": false,
    "pose": [
      [
        -0.9969610518857497,
        0.0770967818931251,
        0.011169030601782131,
        -42.48788176240464
      ],
      [
        -0.07702266162495912,
        -0.9970053163921346,
        0.006921609785797775,
        8.402999257310512
      ],
      [
        0.011669216728928199,
        0.0060403069080717684,
        0.9999136683101145,
        1.2063065828134683
      ],
      [
        0.0,
        0.0,
        0.0,
        1.0
      ]
    ],
    "location": [
      -42.48788176240464,
      8.402999257310512,
      1.2063065828134683
    ],
    "rotation": [
      0.006040754944758956,
      -0.01166948157923536,
      -3.064488371627847
    ]
  },
  {
    "label_id": "ahh4Y1SZ-y9Qvly03o_oAA",
    "size": [
      2.0627046657678147,
      4.417872033252479,
      1.7451871050278172
    ],
    "obj_class": "vehicle",
    "point_num_in_lidar": 49,
    "speed": 0.0005258640239795683,
    "if_vehicle": true,
    "motion_state": false,
    "pose": [
      [
        0.07576682308520388,
        0.997063007675539,
        0.011169030601782131,
        -6.936045900371369
      ],
      [
        -0.9971071732702544,
        0.07569264383661022,
        0.006921609785797775,
        32.632867323279015
      ],
      [
        0.006055867615643077,
        -0.011661148915617306,
        0.9999136683101145,
        0.6959842257872211
      ],
      [
        0.0,
        0.0,
        0.0,
        1.0
      ]
    ],
    "location": [
      -6.936045900371369,
      32.632867323279015,
      0.6959842257872211
    ],
    "rotation": [
      -0.011661627065132985,
      -0.006055904631263667,
      -1.4949554311245898
    ]
  },
  {
    "label_id": "bA4NouE1x7OzqmpHmrXLCA",
    "size": [
      0.7640776443058712,
      0.060923233862056884,
      0.7700000000000031
    ],
    "obj_class": "sign",
    "point_num_in_lidar": 30,
    "speed": 0.0026614737845224823,
    "if_vehicle": false,
    "motion_state": false,
    "pose": [
      [
        0.9999376244323526,
        -1.8046065983464896e-14,
        0.011169030601782131,
        8.572697841415447
      ],
      [
        -7.731249390382364e-05,
        0.9999760423833921,
        0.006921609785797775,
        13.725854160097015
      ],
      [
        -0.011168763018429216,
        -0.006922041552068663,
        0.9999136683101145,
        2.7775333293397964
      ],
      [
        0.0,
        0.0,
        0.0,
        1.0
      ]
    ],
    "location": [
      8.572697841415447,
      13.725854160097015,
      2.7775333293397964
    ],
    "rotation": [
      -0.00692252861399603,
      0.011168995232406748,
      -7.73173164612697e-05
    ]
  },
  {
    "label_id": "fEKN6OQe99brECij0ShExg",
    "size": [
      2.1977897881326562,
      4.78244681950412,
      1.8500000000000014
    ],
    "obj_class": "vehicle",
    "point_num_in_lidar": 29,
    "speed": 1.293207299340885e-13,
    "if_vehicle": true,
    "motion_state": false,
    "pose": [
      [
        0.03412317604080195,
        0.9993552229374223,
        0.011169030601782131,
        -7.5032209895632604
      ],
      [
        -0.9993962568248005,
        0.0340472196008832,
        0.006921609785797775,
        39.352328711192285
      ],
      [
        0.006536872452943918,
        -0.011398474684989226,
        0.9999136683101145,
        0.7559842257872944
      ],
      [
        0.0,
        0.0,
        0.0,
        1.0
      ]
    ],
    "location": [
      -7.5032209895632604,
      39.352328711192285,
      0.7559842257872944
    ],
    "rotation": [
      -0.011398965080356949,
      -0.006536919008030007,
      -1.5366657956593608
    ]
  },
  {
    "label_id": "fh1oSL5OCYHPzBR4ONvPDg",
    "size": [
      2.5441525762012636,
      5.529152590652675,
      2.3499999999999943
    ],
    "obj_class": "vehicle",
    "point_num_in_lidar": 807,
    "speed": 0.012855557659889218,
    "if_vehicle": true,
    "motion_state": false,
    "pose": [
      [
        -0.0644236131502549,
        -0.9978601359028644,
        0.011169030601782131,
        1.2069493093446226
      ],
      [
        0.9979034550969692,
        -0.06434893645977786,
        0.006921609785797775,
        18.382670138822277
      ],
      [
        -0.006188083241011369,
        0.011591529338819424,
        0.9999136683101145,
        1.2556053108435918
      ],
      [
        0.0,
        0.0,
        0.0,
        1.0
      ]
    ],
    "location": [
      1.2069493093446226,
      18.382670138822277,
      1.2556053108435918
    ],
    "rotation": [
      0.011592010889234687,
      0.006188122734425078,
      1.6352658234338435
    ]
  },
  {
    "label_id": "jiDWv0IHfVYmdLSYdNAeuw",
    "size": [
      2.3635772079234525,
      4.784302331303529,
      1.8000000000000043
    ],
    "obj_class": "vehicle",
    "point_num_in_lidar": 985,
    "speed": 7.944109290391274e-14,
    "if_vehicle": true,
    "motion_state": false,
    "pose": [
      [
        -0.9990307418798708,
        0.04257733592384142,
        0.011169030601782131,
        -16.12676732508794
      ],
      [
        -0.04250172938368813,
        -0.9990724169535306,
        0.006921609785797775,
        10.476572896518519
      ],
      [
        0.01145337410333408,
        0.006440197843193449,
        0.9999136683101145,
        0.8986715158246099
      ],
      [
        0.0,
        0.0,
        0.0,
        1.0
      ]
    ],
    "location": [
      -16.12676732508794,
      10.476572896518519,
      0.8986715158246099
    ],
    "rotation": [
      0.006440664825312465,
      -0.01145362452662978,
      -3.099075327481024
    ]
  },
  {
    "label_id": "lVgMLiYY04OUIeF1a-Z-Bg",
    "size": [
      2.2872766218934637,
      5.0947232382614915,
      1.9223137534269625
    ],
    "obj_class": "vehicle",
    "point_num_in_lidar": 136,
    "speed": 0.0,
    "if_vehicle": true,
    "motion_state": false,
    "pose": [
      [
        -0.9984774032532073,
        0.05401969963030571,
        0.011169030601782131,
        -36.01717333436841
      ],
      [
        -0.05394457549240039,
        -0.9985199417602625,
        0.006921609785797775,
        8.894851464634485
      ],
      [
        0.011526403067597063,
        0.006308562350780584,
        0.9999136683101145,
        1.232063122341991
      ],
      [
        0.0,
        0.0,
        0.0,
        1.0
      ]
    ],
    "location": [
      -36.01717333436841,
      8.894851464634485,
      1.232063122341991
    ],
    "rotation": [
      0.006309023317670418,
      -0.011526658311938448,
      -3.0876182914362205
    ]
  },
  {
    "label_id": "mZdp7gLn15GgHZm12rNG3Q",
    "size": [
      0.6889420735335571,
      0.7053705901522827,
      1.5200000000000031
    ],
    "obj_class": "pedestrian",
    "point_num_in_lidar": 49,
    "speed": 0.01195885035493105,
    "if_vehicle": false,
    "motion_state": false,
    "pose": [
      [
        -0.14634843326043248,
        -0.9891700505159027,
        0.011169030601782131,
        25.20093211430367
      ],
      [
        0.9892193700411633,
        -0.14627757604409888,
        0.006921609785797775,
        17.579464222012348
      ],
      [
        -0.005212870378277897,
        0.012061588163656978,
        0.9999136683101145,
        1.0425044214993093
      ],
      [
        0.0,
        0.0,
        0.0,
        1.0
      ]
    ],
    "location": [
      25.20093211430367,
      17.579464222012348,
      1.0425044214993093
    ],
    "rotation": [
      0.012062044536117233,
      0.005212893987671819,
      1.7176742821470925
    ]
  },
  {
    "label_id": "oWHtxuSP48iB5d33eg9RSQ",
    "size": [
      2.1175059291569887,
      4.616705315983924,
      1.6300000000000026
    ],
    "obj_class": "vehicle",
    "point_num_in_lidar": 288,
    "speed": 0.056809281563882895,
    "if_vehicle": true,
    "motion_state": false,
    "pose": [
      [
        0.9937098252857572,
        -0.11142726724624619,
        0.011169030601782131,
        -19.62366862474653
      ],
      [
        0.11135471734337483,
        0.9937566192198924,
        0.006921609785797775,
        0.0962646681662136
      ],
      [
        -0.011870554154166853,
        -0.005634347405280341,
        0.9999136683101145,
        0.7636715158245622
      ],
      [
        0.0,
        0.0,
        0.0,
        1.0
      ]
    ],
    "location": [
      -19.62366862474653,
      0.0962646681662136,
      0.7636715158245622
    ],
    "rotation": [
      -0.005634774233280736,
      0.011870832951920606,
      0.11159403718152132
    ]
  },
  {
    "label_id": "oXbsfv6FeuaSzHiaWJ7pEA",
    "size": [
      2.399586463993678,
      4.936133779409374,
      1.980000000000004
    ],
    "obj_class": "vehicle",
    "point_num_in_lidar": 7985,
    "speed": 0.28115701052303516,
    "if_vehicle": true,
    "motion_state": false,
    "pose": [
      [
        0.07304510298906901,
        0.9972660957260769,
        0.011169030601782131,
        -3.4197452504841976
      ],
      [
        -0.9973100586874114,
        0.07297080346882026,
        0.006921609785797775,
        -12.601152270110333
      ],
      [
        0.006087673630242071,
        -0.011644576264598578,
        0.9999136683101145,
        0.8917027490179592
      ],
      [
        0.0,
        0.0,
        0.0,
        1.0
      ]
    ],
    "location": [
      -3.4197452504841976,
      -12.601152270110333,
      0.8917027490179592
    ],
    "rotation": [
      -0.011645055233910542,
      -0.006087711232166818,
      -1.4976847537489937
    ]
  },
  {
    "label_id": "sDKPtRk_p23MDT4FUoeVww",
    "size": [
      0.6738707008764574,
      0.8508007541018325,
      1.7600000000000051
    ],
    "obj_class": "pedestrian",
    "point_num_in_lidar": 93,
    "speed": 1.2356085885132773,
    "if_vehicle": false,
    "motion_state": true,
    "pose": [
      [
        -0.9982233639568104,
        0.058526646975252984,
        0.011169030601782131,
        11.965316916673487
      ],
      [
        -0.05845171563746768,
        -0.9982662411686624,
        0.006921609785797775,
        -0.4640125467105918
      ],
      [
        0.011554764808772653,
        0.006256463603693888,
        0.9999136683101145,
        0.8882608659787721
      ],
      [
        0.0,
        0.0,
        0.0,
        1.0
      ]
    ],
    "location": [
      11.965316916673487,
      -0.4640125467105918,
      0.8882608659787721
    ],
    "rotation": [
      0.0062569221292217226,
      -0.011555021941984019,
      -3.0831036931943183
    ]
  },
  {
    "label_id": "sPiWwzIgbtUP7C7dTyFh1g",
    "size": [
      0.15404155231502167,
      0.03859545213254023,
      0.29000000000000625
    ],
    "obj_class": "sign",
    "point_num_in_lidar": 27,
    "speed": 0.010586485062344232,
    "if_vehicle": false,
    "motion_state": false,
    "pose": [
      [
        0.8349766861529182,
        -0.5501719606963879,
        0.011169030601782131,
        -5.3429333137306685
      ],
      [
        0.5501285403374946,
        0.8350513040670681,
        0.006921609785797775,
        -8.741072886288748
      ],
      [
        -0.013134789196210825,
        0.000365019700154177,
        0.9999136683101145,
        0.532339262596274
      ],
      [
        0.0,
        0.0,
        0.0,
        1.0
      ]
    ],
    "location": [
      -5.3429333137306685,
      -8.741072886288748,
      0.532339262596274
    ],
    "rotation": [
      0.00036505119942665366,
      0.013135166900389421,
      0.5825749909468464
    ]
  },
  {
    "label_id": "snJRcyK-URU6oqMcpLfJiQ",
    "size": [
      0.8009377146965848,
      1.0206146851905107,
      1.750000000000007
    ],
    "obj_class": "pedestrian",
    "point_num_in_lidar": 158,
    "speed": 1.1106918390244613,
    "if_vehicle": false,
    "motion_state": true,
    "pose": [
      [
        -0.997056802349986,
        0.07584843863282723,
        0.011169030601782131,
        -13.650021332495385
      ],
      [
        -0.07577426299971039,
        -0.9971009740165858,
        0.006921609785797775,
        -3.134954344749076
      ],
      [
        0.011661644586936474,
        0.006054913057870646,
        0.9999136683101145,
        0.998335909467059
      ],
      [
        0.0,
        0.0,
        0.0,
        1.0
      ]
    ],
    "location": [
      -13.650021332495385,
      -3.134954344749076,
      0.998335909467059
    ],
    "rotation": [
      0.006055361821321923,
      -0.011661908921973883,
      -3.0657405221127156
    ]
  }
]