[
  {
    "label_id": "-H4mHZRW8n7aRqwatB9ZGw",
    "size": [
      2.1193007481504775,
      4.685897212546479,
      1.7800000000000011
    ],
    "obj_class": "vehicle",
    "point_num_in_lidar": 7330,
    "speed": 0.1514150796349255,
    "if_vehicle": true,
    "motion_state": false,
    "pose": [
      [
        -0.19282865516406095,
        -0.9811024228133245,
        0.015973280735164228,
        0.5363892499000258
      ],
      [
        0.9812173055462664,
        -0.19270970285296274,
        0.008693084771671385,
        31.530253006025077
      ],
      [
        -0.005450600347147959,
        0.017349535329440505,
        0.9998346286160067,
        0.8259842257872592
      ],
      [
        0.0,
        0.0,
        0.0,
        1.0
      ]
    ],
    "location": [
      0.5363892499000258,
      31.530253006025077,
      0.8259842257872592
    ],
    "rotation": [
      0.01735066359774673,
      0.0054506273361965,
      1.7648433379245676
    ]
  },
  {
    "label_id": "8EvdEPo22nLKwtPy61ibWA",
    "size": [
      2.4160676488767074,
      5.370722786589685,
      2.0400000000000063
    ],
    "obj_class": "vehicle",
    "point_num_in_lidar": 116,
    "speed": 2.815073045663815e-29,
    "if_vehicle": true,
    "motion_state": false,
    "pose": [
      [
        -0.06280653737536104,
        -0.9978978871435057,
        0.015973280735164228,
        -4.5504495880859395
      ],
      [
        0.9979962189627644,
        -0.0626735766745314,
        0.008693084771671385,
        96.1967025157685
      ],
      [
        -0.007673708291511131,
        0.01648725633174383,
        0.9998346286160067,
        0.65690250583242
      ],
      [
        0.0,
        0.0,
        0.0,
        1.0
      ]
    ],
    "location": [
      -4.5504495880859395,
      96.1967025157685,
      0.65690250583242
    ],
    "rotation": [
      0.016488488897302554,
      0.0076737836055808,
      1.633646082337479
    ]
  },
  {
    "label_id": "917XhsvjWDcD0OHKD8dPPA",
    "size": [
      2.0433741804593653,
      4.63664366699592,
      1.8000000000000043
    ],
    "obj_class": "vehicle",
    "point_num_in_lidar": 114,
    "speed": 5.803412282280625e-29,
    "if_vehicle": true,
    "motion_state": false,
    "pose": [
      [
        0.08893694307299821,
        0.9959091697837639,
        0.015973280735164228,
        -9.694906522705537
      ],
      [
        -0.9960109523396538,
        0.08880660502805213,
        0.008693084771671385,
        71.25753484320308
      ],
      [
        0.007238990004565207,
        -0.016682698942486456,
        0.9998346286160067,
        0.6909842257873038
      ],
      [
        0.0,
        0.0,
        0.0,
        1.0
      ]
    ],
    "location": [
      -9.694906522705537,
      71.25753484320308,
      0.6909842257873038
    ],
    "rotation": [
      -0.016683910062766028,
      -0.007239053230159754,
      -1.4817393795067175
    ]
  },
  {
    "label_id": "BysFJyhWuMC5UXY1Bs05bQ",
    "size": [
      1.7590874962375922,
      3.8442857249957045,
      1.6579254470060363
    ],
    "obj_class": "vehicle",
    "point_num_in_lidar": 208,
    "speed": 2.1762831578943604e-29,
    "if_vehicle": true,
    "motion_state": false,
    "pose": [
      [
        0.9955453632124123,
        -0.09292084851539835,
        0.015973280735164228,
        3.796627101763306
      ],
      [
        0.09279091874411695,
        0.9956476664341533,
        0.008693084771671385,
        67.15691729280661
      ],
      [
        -0.01671152850246388,
        -0.0071721848416762875,
        0.9998346286160067,
        0.7599469492904234
      ],
      [
        0.0,
        0.0,
        0.0,
        1.0
      ]
    ],
    "location": [
      3.796627101763306,
      67.15691729280661,
      0.7599469492904234
    ],
    "rotation": [
      -0.00717324807512598,
      0.016712306452771226,
      0.0929376106695381
    ]
  },
  {
    "label_id": "KCCr9VFidHPM1SGOspbnnA",
    "size": [
      0.5030238935670512,
      0.0682318327003486,
      0.5600000000000023
    ],
    "obj_class": "sign",
    "point_num_in_lidar": 736,
    "speed": 0.025835451835705354,
    "if_vehicle": false,
    "motion_state": false,
    "pose": [
      [
        -0.6215306826950835,
        0.783226956106044,
        0.015973280735164228,
        1.7680626375631618
      ],
      [
        -0.7832109617495009,
        -0.6216952787922504,
        0.008693084771671385,
        34.30367842548185
      ],
      [
        0.016739171544762795,
        -0.007107429654019603,
        0.9998346286160067,
        2.155389225568534
      ],
      [
        0.0,
        0.0,
        0.0,
        1.0
      ]
    ],
    "location": [
      1.7680626375631618,
      34.30367842548185,
      2.155389225568534
    ],
    "rotation": [
      -0.0071084854795508716,
      -0.016739953362277862,
      -2.2416026228184354
    ]
  },
  {
    "label_id": "KlRyHlmOZHGwiS9zWsd3BQ",
    "size": [
      1.7560101550848608,
      3.914309175224693,
      1.6179254470060371
    ],
    "obj_class": "vehicle",
    "point_num_in_lidar": 31,
    "speed": 2.1762831578943604e-29,
    "if_vehicle": true,
    "motion_state": false,
    "pose": [
      [
        -0.9959100193958688,
        0.0889274286678511,
        0.015973280735164228,
        3.317962986855605
      ],
      [
        -0.08879708965053308,
        -0.9960118007065717,
        0.008693084771671385,
        83.34597896365813
      ],
      [
        0.01668262978415891,
        0.007239149382111671,
        0.9998346286160067,
        0.7499469492904325
      ],
      [
        0.0,
        0.0,
        0.0,
        1.0
      ]
    ],
    "location": [
      3.317962986855605,
      83.34597896365813,
      0.7499469492904325
    ],
    "rotation": [
      0.0072402202129331844,
      -0.016683403705250476,
      -3.052666046728481
    ]
  },
  {
    "label_id": "TQrooR0Xw1MtfxMyfaa4Wg",
    "size": [
      0.478504527404775,
      0.05830563960807922,
      0.5300000000000011
    ],
    "obj_class": "sign",
    "point_num_in_lidar": 34,
    "speed": 0.008209197733646374,
    "if_vehicle": false,
    "motion_state": false,
    "pose": [
      [
        0.1752083534870847,
        0.9844017915317405,
        0.015973280735164228,
        -10.032026358348048
      ],
      [
        -0.9845145232107103,
        0.17508736066415514,
        0.008693084771671385,
        47.36682006636579
      ],
      [
        0.005760768658103103,
        -0.017249027936659233,
        0.9998346286160067,
        2.9744709424901146
      ],
      [
        0.0,
        0.0,
        0.0,
        1.0
      ]
    ],
    "location": [
      -10.032026358348048,
      47.36682006636579,
      2.9744709424901146
    ],
    "rotation": [
      -0.01725016966553477,
      -0.005760800521827772,
      -1.3946759825237427
    ]
  },
  {
    "label_id": "YKeU-RbOBPm408751EtB_w",
    "size": [
      1.9451213133954812,
      4.316546035301789,
      1.7900000000000063
    ],
    "obj_class": "vehicle",
    "point_num_in_lidar": 525,
    "speed": 3.9811144802487024e-29,
    "if_vehicle": true,
    "motion_state": false,
    "pose": [
      [
        0.08466275860896061,
        0.9962816226385371,
        0.015973280735164228,
        -8.144026210019092
      ],
      [
        -0.9963828449874027,
        0.08453198502319517,
        0.008693084771671385,
        49.20434275888442
      ],
      [
        0.0073105074741789304,
        -0.016651483440276657,
        0.9998346286160067,
        0.7359842257872913
      ],
      [
        0.0,
        0.0,
        0.0,
        1.0
      ]
    ],
    "location": [
      -8.144026210019092,
      49.20434275888442,
      0.7359842257872913
    ],
    "rotation": [
      -0.016652698070861973,
      -0.0073105725922865015,
      -1.48602982926736
    ]
  },
  {
    "label_id": "_24i-ZRumO3LrMkBqlq3zw",
    "size": [
      0.5299025696451874,
      0.0716175953503607,
      0.6400000000000006
    ],
    "obj_class": "sign",
    "point_num_in_lidar": 75,
    "speed": 0.0037776962905171933,
    "if_vehicle": false,
    "motion_state": false,
    "pose": [
      [
        0.48756684618995555,
        -0.8729395310094139,
        0.015973280735164228,
        -9.704404167773191
      ],
      [
        0.8729501991681501,
        0.4877318731121016,
        0.008693084771671385,
        47.4350911643628
      ],
      [
        -0.015379215476314998,
        0.009705418673344644,
        0.9998346286160067,
        2.460982439767996
      ],
      [
        0.0,
        0.0,
        0.0,
        1.0
      ]
    ],
    "location": [
      -9.704404167773191,
      47.4350911643628,
      2.460982439767996
    ],
    "rotation": [
      0.00970671906886914,
      0.015379821790212427,
      1.0614295394988036
    ]
  },
  {
    "label_id": "ahh4Y1SZ-y9Qvly03o_oAA",
    "size": [
      2.0627046657678143,
      4.417872033252479,
      1.7451871050278172
    ],
    "obj_class": "vehicle",
    "point_num_in_lidar": 3604,
    "speed": 0.0597484323003447,
    "if_vehicle": true,
    "motion_state": false,
    "pose": [
      [
        0.07576188236953657,
        0.9969979897082942,
        0.015973280735164228,
        -6.93271083931802
      ],
      [
        -0.9970980401197916,
        0.07563021001175779,
        0.008693084771671385,
        32.740555718606174
      ],
      [
        0.007458925465142922,
        -0.016585531381215258,
        0.9998346286160067,
        0.6959842257872282
      ],
      [
        0.0,
        0.0,
        0.0,
        1.0
      ]
    ],
    "location": [
      -6.93271083931802,
      32.740555718606174,
      0.6959842257872282
    ],
    "rotation": [
      -0.016586753321739457,
      -0.007458994630468408,
      -1.494959665753275
    ]
  },
  {
    "label_id": "dflMqGo5HWaGLblIEG_AIw",
    "size": [
      1.8606366508090648,
      4.05075350178842,
      1.5400000000000063
    ],
    "obj_class": "vehicle",
    "point_num_in_lidar": 140,
    "speed": 2.8150820711662425e-29,
    "if_vehicle": true,
    "motion_state": false,
    "pose": [
      [
        -0.1248126487062644,
        -0.9920517411029942,
        0.015973280735164228,
        -2.6035799559377892
      ],
      [
        0.9921581601397038,
        -0.12468606796811826,
        0.008693084771671385,
        70.46901911606733
      ],
      [
        -0.0066323443158740015,
        0.016933027761375917,
        0.9998346286160067,
        0.46946762894600624
      ],
      [
        0.0,
        0.0,
        0.0,
        1.0
      ]
    ],
    "location": [
      -2.6035799559377892,
      70.46901911606733,
      0.46946762894600624
    ],
    "rotation": [
      0.016934209550352755,
      0.006632392940753668,
      1.6959380947091223
    ]
  },
  {
    "label_id": "eZRjpTUJ2mfeBaXNVhY0Xg",
    "size": [
      2.1077888558892965,
      4.800487478512236,
      1.8300000000000054
    ],
    "obj_class": "vehicle",
    "point_num_in_lidar": 359,
    "speed": 1.4075365228319075e-29,
    "if_vehicle": true,
    "motion_state": false,
    "pose": [
      [
        0.1030411826773035,
        0.9945488268431159,
        0.015973280735164228,
        -8.436392986691658
      ],
      [
        -0.994652446217385,
        0.1029123000953931,
        0.008693084771671385,
        54.80690744118783
      ],
      [
        0.00700185020078835,
        -0.01678360849333521,
        0.9998346286160067,
        0.7179939354501457
      ],
      [
        0.0,
        0.0,
        0.0,
        1.0
      ]
    ],
    "location": [
      -8.436392986691658,
      54.80690744118783,
      0.7179939354501457
    ],
    "rotation": [
      -0.016784808043218736,
      -0.007001907414059147,
      -1.467569388214766
    ]
  },
  {
    "label_id": "fEKN6OQe99brECij0ShExg",
    "size": [
      2.1977897881326562,
      4.78244681950412,
      1.8500000000000014
    ],
    "obj_class": "vehicle",
    "point_num_in_lidar": 3469,
    "speed": 6.294690939523151e-29,
    "if_vehicle": true,
    "motion_state": false,
    "pose": [
      [
        0.03412095088599642,
        0.999290055495996,
        0.015973280735164228,
        -7.503220989563033
      ],
      [
        -0.9993845281146756,
        0.033985220937334894,
        0.008693084771671385,
        39.35232871119206
      ],
      [
        0.008144057689036265,
        -0.016260065948497347,
        0.9998346286160067,
        0.7559842257873015
      ],
      [
        0.0,
        0.0,
        0.0,
        1.0
      ]
    ],
    "location": [
      -7.503220989563033,
      39.35232871119206,
      0.7559842257873015
    ],
    "rotation": [
      -0.01626132186092911,
      -0.008144147718411474,
      -1.5366676193493465
    ]
  },
  {
    "label_id": "fYyXv0ky6LiEHw3E0pA23g",
    "size": [
      2.101415260562796,
      4.143773707621943,
      1.5400000000000063
    ],
    "obj_class": "vehicle",
    "point_num_in_lidar": 676,
    "speed": 2.815073045663815e-29,
    "if_vehicle": true,
    "motion_state": false,
    "pose": [
      [
        0.10304118267728583,
        0.9945488268431177,
        0.015973280735164228,
        -7.926732329399329
      ],
      [
        -0.9946524462173869,
        0.10291230009537543,
        0.008693084771671385,
        44.767359465038226
      ],
      [
        0.007001850200788648,
        -0.016783608493335087,
        0.9998346286160067,
        0.6409842257872214
      ],
      [
        0.0,
        0.0,
        0.0,
        1.0
      ]
    ],
    "location": [
      -7.926732329399329,
      44.767359465038226,
      0.6409842257872214
    ],
    "rotation": [
      -0.01678480804321861,
      -0.0070019074140594455,
      -1.4675693882147838
    ]
  },
  {
    "label_id": "gHAsq7pr4L8fOU8I8lYpmQ",
    "size": [
      1.933522977932792,
      4.306984522848348,
      1.6700000000000017
    ],
    "obj_class": "vehicle",
    "point_num_in_lidar": 139,
    "speed": 0.0,
    "if_vehicle": true,
    "motion_state": false,
    "pose": [
      [
        0.05490077207795484,
        0.9983640415839304,
        0.015973280735164228,
        -9.268167274577422
      ],
      [
        -0.9984613172108888,
        0.054767036715975784,
        0.008693084771671385,
        64.14157132866671
      ],
      [
        0.007804053993980236,
        -0.016425959988715266,
        0.9998346286160067,
        0.5739372660320257
      ],
      [
        0.0,
        0.0,
        0.0,
        1.0
      ]
    ],
    "location": [
      -9.268167274577422,
      64.14157132866671,
      0.5739372660320257
    ],
    "rotation": [
      -0.016427199019968346,
      -0.0078041332115379326,
      -1.5158662634678515
    ]
  },
  {
    "label_id": "k4oHe6tQGyyLh793O8epAQ",
    "size": [
      1.7560101550848093,
      3.914309175224693,
      1.6779254470060394
    ],
    "obj_class": "vehicle",
    "point_num_in_lidar": 99,
    "speed": 5.63014609132763e-29,
    "if_vehicle": true,
    "motion_state": false,
    "pose": [
      [
        0.995545363212402,
        -0.09292084851550932,
        0.015973280735164228,
        5.030531883127878
      ],
      [
        0.09279091874422793,
        0.9956476664341429,
        0.008693084771671385,
        61.12021003651762
      ],
      [
        -0.016711528502464677,
        -0.0071721848416744245,
        0.9998346286160067,
        0.7645026944789919
      ],
      [
        0.0,
        0.0,
        0.0,
        1.0
      ]
    ],
    "location": [
      5.030531883127878,
      61.12021003651762,
      0.7645026944789919
    ],
    "rotation": [
      -0.007173248075124117,
      0.016712306452772024,
      0.09293761066964956
    ]
  },
  {
    "label_id": "m2HV4xl5Ui0RQBdflSQ_Kw",
    "size": [
      1.7969541049516653,
      3.9207385709016727,
      1.5300000000000011
    ],
    "obj_class": "vehicle",
    "point_num_in_lidar": 23,
    "speed": 1.4075378884361536e-28,
    "if_vehicle": true,
    "motion_state": false,
    "pose": [
      [
        0.08924396067145055,
        0.9958817047150872,
        0.015973280735164228,
        -10.120147208765957
      ],
      [
        -0.9959835274471385,
        0.08911365401052543,
        0.008693084771671385,
        76.72976771238837
      ],
      [
        0.0072338466687984476,
        -0.016684929806988918,
        0.9998346286160067,
        0.4459842257872566
      ],
      [
        0.0,
        0.0,
        0.0,
        1.0
      ]
    ],
    "location": [
      -10.120147208765957,
      76.72976771238837,
      0.4459842257872566
    ],
    "rotation": [
      -0.016686140675155045,
      -0.007233909759720381,
      -1.481431131383466
    ]
  },
  {
    "label_id": "sXbnxzYAbyyuDIf2XTywUw",
    "size": [
      1.8516691737121056,
      3.8876423556050104,
      1.5600000000000023
    ],
    "obj_class": "vehicle",
    "point_num_in_lidar": 21,
    "speed": 0.0,
    "if_vehicle": true,
    "motion_state": false,
    "pose": [
      [
        0.08924396067142269,
        0.9958817047150897,
        0.015973280735164228,
        -10.863691156368304
      ],
      [
        -0.9959835274471409,
        0.08911365401049758,
        0.008693084771671385,
        83.50430312645676
      ],
      [
        0.007233846668798914,
        -0.016684929806988717,
        0.9998346286160067,
        0.4809842257872603
      ],
      [
        0.0,
        0.0,
        0.0,
        1.0
      ]
    ],
    "location": [
      -10.863691156368304,
      83.50430312645676,
      0.4809842257872603
    ],
    "rotation": [
      -0.016686140675154844,
      -0.007233909759720848,
      -1.481431131383494
    ]
  },
  {
    "label_id": "w6BjK-JOuiQcnHqsxUNqrQ",
    "size": [
      1.734461509612153,
      4.081164655943882,
      1.5479254470060368
    ],
    "obj_class": "vehicle",
    "point_num_in_lidar": 452,
    "speed": 1.4075365228319075e-29,
    "if_vehicle": true,
    "motion_state": false,
    "pose": [
      [
        0.9955453632124013,
        -0.09292084851551595,
        0.015973280735164228,
        5.1062199358979115
      ],
      [
        0.09279091874423456,
        0.9956476664341423,
        0.008693084771671385,
        51.30259610885446
      ],
      [
        -0.016711528502464726,
        -0.0071721848416743126,
        0.9998346286160067,
        0.7487653976497981
      ],
      [
        0.0,
        0.0,
        0.0,
        1.0
      ]
    ],
    "location": [
      5.1062199358979115,
      51.30259610885446,
      0.7487653976497981
    ],
    "rotation": [
      -0.007173248075124005,
      0.016712306452772073,
      0.09293761066965624
    ]
  }
]