[
  {
    "label_id": "-H4mHZRW8n7aRqwatB9ZGw",
    "size": [
      2.1193007481504775,
      4.685897212546479,
      1.7800000000000011
    ],
    "obj_class": "vehicle",
    "point_num_in_lidar": 7814,
    "speed": 0.14524555354489402,
    "if_vehicle": true,
    "motion_state": false,
    "pose": [
      [
        -0.19282499130335645,
        -0.9810837812757854,
        0.017121239629977636,
        0.5566846622630237
      ],
      [
        0.981217941935795,
        -0.19269545249888395,
        0.008933812709775269,
        31.42624224159067
      ],
      [
        -0.005465633736675629,
        0.018522329871184462,
        0.9998135076823075,
        0.8259842257872592
      ],
      [
        0.0,
        0.0,
        0.0,
        1.0
      ]
    ],
    "location": [
      0.5566846622630237,
      31.42624224159067,
      0.8259842257872592
    ],
    "rotation": [
      0.0185236658452323,
      0.005465660949659481,
      1.764839620056143
    ]
  },
  {
    "label_id": "8EvdEPo22nLKwtPy61ibWA",
    "size": [
      2.416067648876707,
      5.370722786589685,
      2.0400000000000063
    ],
    "obj_class": "vehicle",
    "point_num_in_lidar": 97,
    "speed": 1.191616393558691e-13,
    "if_vehicle": true,
    "motion_state": false,
    "pose": [
      [
        -0.0628053440132865,
        -0.9978789264820184,
        0.017121239629977636,
        -4.550449588086053
      ],
      [
        0.9979949854076119,
        -0.06265936555477826,
        0.008933812709775269,
        96.19670251576918
      ],
      [
        -0.007842057423496234,
        0.017648002475267467,
        0.9998135076823075,
        0.65690250583242
      ],
      [
        0.0,
        0.0,
        0.0,
        1.0
      ]
    ],
    "location": [
      -4.550449588086053,
      96.19670251576918,
      0.65690250583242
    ],
    "rotation": [
      0.01764946145473222,
      0.007842137804018354,
      1.6336449687749413
    ]
  },
  {
    "label_id": "8Fg4poEL5AVkJRV9CO00xA",
    "size": [
      2.1500009585022544,
      4.8842989074546495,
      1.4500000000000028
    ],
    "obj_class": "vehicle",
    "point_num_in_lidar": 2687,
    "speed": 7.944109290391274e-14,
    "if_vehicle": true,
    "motion_state": false,
    "pose": [
      [
        -0.06289996038017295,
        -0.9978729669340208,
        0.017121239629977636,
        0.7851402129521148
      ],
      [
        0.9979890397004437,
        -0.06275399292676881,
        0.008933812709775269,
        24.960517312977117
      ],
      [
        -0.007840384044099183,
        0.017648745962291313,
        0.9998135076823075,
        0.6959842257871784
      ],
      [
        0.0,
        0.0,
        0.0,
        1.0
      ]
    ],
    "location": [
      0.7851402129521148,
      24.960517312977117,
      0.6959842257871784
    ],
    "rotation": [
      0.017650204848808842,
      0.007840464373175279,
      1.6337397746860747
    ]
  },
  {
    "label_id": "917XhsvjWDcD0OHKD8dPPA",
    "size": [
      2.043374180459365,
      4.63664366699592,
      1.8000000000000043
    ],
    "obj_class": "vehicle",
    "point_num_in_lidar": 85,
    "speed": 9.565974336450907e-14,
    "if_vehicle": true,
    "motion_state": false,
    "pose": [
      [
        0.08893525321745566,
        0.9958902469091058,
        0.017121239629977636,
        -9.69490652270565
      ],
      [
        -0.9960100916399612,
        0.08879236646144047,
        0.008933812709775269,
        71.2575348432033
      ],
      [
        0.0073768615618786905,
        -0.01784745834838495,
        0.9998135076823075,
        0.6909842257873038
      ],
      [
        0.0,
        0.0,
        0.0,
        1.0
      ]
    ],
    "location": [
      -9.69490652270565,
      71.2575348432033,
      0.6909842257873038
    ],
    "rotation": [
      -0.017848891690757537,
      -0.0073769284692989075,
      -1.4817409861591584
    ]
  },
  {
    "label_id": "BysFJyhWuMC5UXY1Bs05bQ",
    "size": [
      1.7590874962375855,
      3.8442857249957045,
      1.6579254470060363
    ],
    "obj_class": "vehicle",
    "point_num_in_lidar": 157,
    "speed": 0.0,
    "if_vehicle": true,
    "motion_state": false,
    "pose": [
      [
        0.9955264472502983,
        -0.09291908296325095,
        0.017121239629977636,
        3.7966271017631925
      ],
      [
        0.09277667684782456,
        0.995646862709636,
        0.008933812709775269,
        67.15691729280684
      ],
      [
        -0.01787683020764488,
        -0.007305395110977535,
        0.9998135076823075,
        0.7599469492904234
      ],
      [
        0.0,
        0.0,
        0.0,
        1.0
      ]
    ],
    "location": [
      3.7966271017631925,
      67.15691729280684,
      0.7599469492904234
    ],
    "rotation": [
      -0.007306627736545075,
      0.017877782527325123,
      0.09292518372424462
    ]
  },
  {
    "label_id": "KCCr9VFidHPM1SGOspbnnA",
    "size": [
      0.503023893569288,
      0.0682318327003486,
      0.5600000000000023
    ],
    "obj_class": "sign",
    "point_num_in_lidar": 397,
    "speed": 0.01594734455294509,
    "if_vehicle": false,
    "motion_state": false,
    "pose": [
      [
        -0.6212032124208668,
        0.7834624637029702,
        0.017121239629977636,
        1.787503636337533
      ],
      [
        -0.7834509943573413,
        -0.6213893517199662,
        0.008933812709775269,
        34.30664042516378
      ],
      [
        0.017638262910175444,
        -0.007863939058257531,
        0.9998135076823075,
        2.155389225568534
      ],
      [
        0.0,
        0.0,
        0.0,
        1.0
      ]
    ],
    "location": [
      1.787503636337533,
      34.30664042516378,
      2.155389225568534
    ],
    "rotation": [
      -0.007865243705297106,
      -0.017639177606623424,
      -2.241196836895952
    ]
  },
  {
    "label_id": "KlRyHlmOZHGwiS9zWsd3BQ",
    "size": [
      1.7560101550848564,
      3.914309175224693,
      1.6179254470060371
    ],
    "obj_class": "vehicle",
    "point_num_in_lidar": 23,
    "speed": 7.944109290391274e-14,
    "if_vehicle": true,
    "motion_state": false,
    "pose": [
      [
        -0.9958910965050672,
        0.08892573899309064,
        0.017121239629977636,
        3.317962986855605
      ],
      [
        -0.0887828510921474,
        -0.9960109398708511,
        0.008933812709775269,
        83.34597896365858
      ],
      [
        0.01784738787285072,
        0.007377032066927725,
        0.9998135076823075,
        0.7499469492904254
      ],
      [
        0.0,
        0.0,
        0.0,
        1.0
      ]
    ],
    "location": [
      3.317962986855605,
      83.34597896365858,
      0.7499469492904254
    ],
    "rotation": [
      0.007378274191985628,
      -0.017848335494544513,
      -3.052678550485178
    ]
  },
  {
    "label_id": "TQrooR0Xw1MtfxMyfaa4Wg",
    "size": [
      0.4785045274047763,
      0.05830563960807922,
      0.5300000000000011
    ],
    "obj_class": "sign",
    "point_num_in_lidar": 35,
    "speed": 0.007768955506007375,
    "if_vehicle": false,
    "motion_state": false,
    "pose": [
      [
        0.1752050244227397,
        0.9843830873042059,
        0.017121239629977636,
        -10.033467665824446
      ],
      [
        -0.9845149040160729,
        0.1750731011911581,
        0.008933812709775269,
        47.36372267683464
      ],
      [
        0.005796825618388995,
        -0.01842136446494798,
        0.9998135076823075,
        2.9861625182122395
      ],
      [
        0.0,
        0.0,
        0.0,
        1.0
      ]
    ],
    "location": [
      -10.033467665824446,
      47.36372267683464,
      2.9861625182122395
    ],
    "rotation": [
      -0.01842271606413552,
      -0.005796858084182711,
      -1.3946793268679034
    ]
  },
  {
    "label_id": "YKeU-RbOBPm408751EtB_w",
    "size": [
      1.9451213133954803,
      4.316546035301789,
      1.7900000000000063
    ],
    "obj_class": "vehicle",
    "point_num_in_lidar": 331,
    "speed": 1.2434497875801753e-13,
    "if_vehicle": true,
    "motion_state": false,
    "pose": [
      [
        0.08466114996550242,
        0.9962626926870499,
        0.017121239629977636,
        -8.144026210019092
      ],
      [
        -0.9963819231990958,
        0.0845177502808597,
        0.008933812709775269,
        49.20434275888488
      ],
      [
        0.007453375650657294,
        -0.01781564052765569,
        0.9998135076823075,
        0.7359842257872842
      ],
      [
        0.0,
        0.0,
        0.0,
        1.0
      ]
    ],
    "location": [
      -8.144026210019092,
      49.20434275888488,
      0.7359842257872842
    ],
    "rotation": [
      -0.017817078054515014,
      -0.007453444661707644,
      -1.4860313541340668
    ]
  },
  {
    "label_id": "_24i-ZRumO3LrMkBqlq3zw",
    "size": [
      0.5299025696451893,
      0.0716175953503607,
      0.6400000000000006
    ],
    "obj_class": "sign",
    "point_num_in_lidar": 47,
    "speed": 0.0037776962906439296,
    "if_vehicle": false,
    "motion_state": false,
    "pose": [
      [
        0.4875575821259223,
        -0.8729229446320318,
        0.017121239629977636,
        -9.703994093636311
      ],
      [
        0.8729414667102243,
        0.48774315237455546,
        0.008933812709775269,
        47.43770310316722
      ],
      [
        -0.016149297487093563,
        0.010590091910546034,
        0.9998135076823075,
        2.469730977212514
      ],
      [
        0.0,
        0.0,
        0.0,
        1.0
      ]
    ],
    "location": [
      -9.703994093636311,
      47.43770310316722,
      2.469730977212514
    ],
    "rotation": [
      0.010591671161702577,
      0.01614999952510537,
      1.0614333698608345
    ]
  },
  {
    "label_id": "ahh4Y1SZ-y9Qvly03o_oAA",
    "size": [
      2.0627046657678143,
      4.417872033252479,
      1.7451871050278172
    ],
    "obj_class": "vehicle",
    "point_num_in_lidar": 3668,
    "speed": 0.0416149399722278,
    "if_vehicle": true,
    "motion_state": false,
    "pose": [
      [
        0.07576044284809416,
        0.9969790461454008,
        0.017121239629977636,
        -6.93282921145169
      ],
      [
        -0.9970969912419227,
        0.07561598406932044,
        0.008933812709775269,
        32.71143049976217
      ],
      [
        0.007612184690726001,
        -0.01774836612859718,
        0.9998135076823075,
        0.6959842257872282
      ],
      [
        0.0,
        0.0,
        0.0,
        1.0
      ]
    ],
    "location": [
      -6.93282921145169,
      32.71143049976217,
      0.6959842257872282
    ],
    "rotation": [
      -0.017749812384299284,
      -0.007612258207768014,
      -1.4949610217093277
    ]
  },
  {
    "label_id": "dflMqGo5HWaGLblIEG_AIw",
    "size": [
      1.8606366508090657,
      4.05075350178842,
      1.5400000000000063
    ],
    "obj_class": "vehicle",
    "point_num_in_lidar": 107,
    "speed": 1.6758116906701666e-13,
    "if_vehicle": true,
    "motion_state": false,
    "pose": [
      [
        -0.12481027719069643,
        -0.9920328915218054,
        0.017121239629977636,
        -2.603579955937903
      ],
      [
        0.9921578137452725,
        -0.12467180761771232,
        0.008933812709775269,
        70.46901911606801
      ],
      [
        -0.006728100161467294,
        0.01810200332056435,
        0.9998135076823075,
        0.4768906917379212
      ],
      [
        0.0,
        0.0,
        0.0,
        1.0
      ]
    ],
    "location": [
      -2.603579955937903,
      70.46901911606801,
      0.4768906917379212
    ],
    "rotation": [
      0.018103401880482678,
      0.006728150923025041,
      1.6959357849219256
    ]
  },
  {
    "label_id": "eZRjpTUJ2mfeBaXNVhY0Xg",
    "size": [
      2.1077888558892965,
      4.800487478512236,
      1.8300000000000054
    ],
    "obj_class": "vehicle",
    "point_num_in_lidar": 234,
    "speed": 5.0242958677880804e-14,
    "if_vehicle": true,
    "motion_state": false,
    "pose": [
      [
        0.10303922483270771,
        0.9945299298157936,
        0.017121239629977636,
        -8.436392986691658
      ],
      [
        -0.9946517873808695,
        0.1028980507614618,
        0.008933812709775269,
        54.80690744118783
      ],
      [
        0.007123201942695656,
        -0.01795020473654927,
        0.9998135076823075,
        0.7197524515481888
      ],
      [
        0.0,
        0.0,
        0.0,
        1.0
      ]
    ],
    "location": [
      -8.436392986691658,
      54.80690744118783,
      0.7197524515481888
    ],
    "rotation": [
      -0.017951624319274287,
      -0.007123262182622577,
      -1.4675712677961479
    ]
  },
  {
    "label_id": "fEKN6OQe99brECij0ShExg",
    "size": [
      2.197789788132657,
      4.78244681950412,
      1.8500000000000014
    ],
    "obj_class": "vehicle",
    "point_num_in_lidar": 1769,
    "speed": 1.293207299340885e-13,
    "if_vehicle": true,
    "motion_state": false,
    "pose": [
      [
        0.03412030256735837,
        0.9992710683824708,
        0.017121239629977636,
        -7.503220989563033
      ],
      [
        -0.9993828869242845,
        0.033971051107516234,
        0.008933812709775269,
        39.35232871119274
      ],
      [
        0.00834567406473203,
        -0.017415498281867167,
        0.9998135076823075,
        0.7559842257873015
      ],
      [
        0.0,
        0.0,
        0.0,
        1.0
      ]
    ],
    "location": [
      -7.503220989563033,
      39.35232871119274,
      0.7559842257873015
    ],
    "rotation": [
      -0.017416985375079245,
      -0.008345770947518392,
      -1.5366682113102321
    ]
  },
  {
    "label_id": "fYyXv0ky6LiEHw3E0pA23g",
    "size": [
      2.1014152605627965,
      4.143773707621943,
      1.5400000000000063
    ],
    "obj_class": "vehicle",
    "point_num_in_lidar": 337,
    "speed": 7.944109290391274e-14,
    "if_vehicle": true,
    "motion_state": false,
    "pose": [
      [
        0.10303922483269225,
        0.9945299298157952,
        0.017121239629977636,
        -7.926732329399215
      ],
      [
        -0.9946517873808711,
        0.10289805076144634,
        0.008933812709775269,
        44.76735946503845
      ],
      [
        0.007123201942695935,
        -0.01795020473654916,
        0.9998135076823075,
        0.6409842257872143
      ],
      [
        0.0,
        0.0,
        0.0,
        1.0
      ]
    ],
    "location": [
      -7.926732329399215,
      44.76735946503845,
      0.6409842257872143
    ],
    "rotation": [
      -0.017951624319274176,
      -0.007123262182622856,
      -1.4675712677961634
    ]
  },
  {
    "label_id": "gHAsq7pr4L8fOU8I8lYpmQ",
    "size": [
      1.9335229779327916,
      4.306984522848348,
      1.6700000000000017
    ],
    "obj_class": "vehicle",
    "point_num_in_lidar": 102,
    "speed": 1.2434497875801753e-13,
    "if_vehicle": true,
    "motion_state": false,
    "pose": [
      [
        0.05489972893018511,
        0.9983450720652277,
        0.017121239629977636,
        -9.268167274577536
      ],
      [
        -0.9984599711360386,
        0.05475283581228931,
        0.008933812709775269,
        64.14157132866717
      ],
      [
        0.007981591471194814,
        -0.01758533632284038,
        0.9998135076823075,
        0.5739372660320257
      ],
      [
        0.0,
        0.0,
        0.0,
        1.0
      ]
    ],
    "location": [
      -9.268167274577536,
      64.14157132866717,
      0.5739372660320257
    ],
    "rotation": [
      -0.017586803066490114,
      -0.007981676219239228,
      -1.5158672311702914
    ]
  },
  {
    "label_id": "k4oHe6tQGyyLh793O8epAQ",
    "size": [
      1.7560101550848137,
      3.914309175224693,
      1.6779254470060394
    ],
    "obj_class": "vehicle",
    "point_num_in_lidar": 65,
    "speed": 1.7763568394002505e-13,
    "if_vehicle": true,
    "motion_state": false,
    "pose": [
      [
        0.9955264472502876,
        -0.09291908296336568,
        0.017121239629977636,
        5.030531883127765
      ],
      [
        0.0927766768479393,
        0.9956468627096254,
        0.008933812709775269,
        61.12021003651785
      ],
      [
        -0.017876830207645723,
        -0.0073053951109754755,
        0.9998135076823075,
        0.7645026944789848
      ],
      [
        0.0,
        0.0,
        0.0,
        1.0
      ]
    ],
    "location": [
      5.030531883127765,
      61.12021003651785,
      0.7645026944789848
    ],
    "rotation": [
      -0.007306627736543016,
      0.01787778252732597,
      0.09292518372435987
    ]
  },
  {
    "label_id": "w6BjK-JOuiQcnHqsxUNqrQ",
    "size": [
      1.7344615096121536,
      4.081164655943882,
      1.5479254470060368
    ],
    "obj_class": "vehicle",
    "point_num_in_lidar": 207,
    "speed": 7.32410687763558e-14,
    "if_vehicle": true,
    "motion_state": false,
    "pose": [
      [
        0.995526447250287,
        -0.09291908296337209,
        0.017121239629977636,
        5.1062199358979115
      ],
      [
        0.09277667684794572,
        0.9956468627096249,
        0.008933812709775269,
        51.30259610885469
      ],
      [
        -0.017876830207645772,
        -0.00730539511097536,
        0.9998135076823075,
        0.7521065782360736
      ],
      [
        0.0,
        0.0,
        0.0,
        1.0
      ]
    ],
    "location": [
      5.1062199358979115,
      51.30259610885469,
      0.7521065782360736
    ],
    "rotation": [
      -0.007306627736542901,
      0.017877782527326018,
      0.0929251837243663
    ]
  }
]