[
  {
    "label_id": "-F5A7bbXR534ssEhSPvsKA",
    "size": [
      0.9144843212919417,
      1.0494597753535118,
      1.740000000000002
    ],
    "obj_class": "pedestrian",
    "point_num_in_lidar": 489,
    "speed": 1.546673697364134,
    "if_vehicle": false,
    "motion_state": true,
    "pose": [
      [
        0.9755546473413017,
        -0.21947761393596202,
        0.011077320604060154,
        9.262146186373911
      ],
      [
        0.21926035526878093,
        0.9754995564298793,
        0.018041951460883682,
        15.737817346541988
      ],
      [
        -0.014765725793075436,
        -0.015172092343698849,
        0.9997758653596905,
        0.9644932910000534
      ],
      [
        0.0,
        0.0,
        0.0,
        1.0
      ]
    ],
    "location": [
      9.262146186373911,
      15.737817346541988,
      0.9644932910000534
    ],
    "rotation": [
      -0.015174328908609357,
      0.014766262399366369,
      0.22108081650227654
    ]
  },
  {
    "label_id": "-FAHwqVW2G-3XzoYPoMFfw",
    "size": [
      3.120054896761184,
      11.531225792973089,
      4.109999999999957
    ],
    "obj_class": "vehicle",
    "point_num_in_lidar": 848,
    "speed": 3.972054645195637e-14,
    "if_vehicle": true,
    "motion_state": false,
    "pose": [
      [
        -0.9985725444153906,
        0.05225099528246016,
        0.011077320604060154,
        38.31753235524786
      ],
      [
        -0.05204609925237525,
        -0.9984816931421904,
        0.018041951460883682,
        13.727971959058777
      ],
      [
        0.012003211752889861,
        0.017439666048904297,
        0.9997758653596905,
        1.8429762349869634
      ],
      [
        0.0,
        0.0,
        0.0,
        1.0
      ]
    ],
    "location": [
      38.31753235524786,
      13.727971959058777,
      1.8429762349869634
    ],
    "rotation": [
      0.017441806847352054,
      -0.012003500002886957,
      -3.0895192737812462
    ]
  },
  {
    "label_id": "-H4mHZRW8n7aRqwatB9ZGw",
    "size": [
      2.119300748150478,
      4.685897212546479,
      1.7800000000000011
    ],
    "obj_class": "vehicle",
    "point_num_in_lidar": 421,
    "speed": 0.01593034579884323,
    "if_vehicle": true,
    "motion_state": false,
    "pose": [
      [
        -0.19284142698477746,
        -0.9811674051897105,
        0.011077320604060154,
        0.5850272424100922
      ],
      [
        0.9811064208519352,
        -0.19262574841019772,
        0.018041951460883682,
        31.279913177400886
      ],
      [
        -0.015568397527697158,
        0.014347266035785752,
        0.9997758653596905,
        0.8259842257872521
      ],
      [
        0.0,
        0.0,
        0.0,
        1.0
      ]
    ],
    "location": [
      0.5850272424100922,
      31.279913177400886,
      0.8259842257872521
    ],
    "rotation": [
      0.014349497502401696,
      0.015569026494696114,
      1.7648772562170756
    ]
  },
  {
    "label_id": "0Mszwh9T8XA40wt2KRP44w",
    "size": [
      0.7583054554567109,
      0.8208242572220442,
      1.6100000000000065
    ],
    "obj_class": "pedestrian",
    "point_num_in_lidar": 34,
    "speed": 1.2747243990047823,
    "if_vehicle": false,
    "motion_state": true,
    "pose": [
      [
        -0.9998151830782389,
        -0.015712818157875542,
        0.011077320604060154,
        -26.593540059208294
      ],
      [
        0.01591106831479017,
        -0.9997106210762019,
        0.018041951460883682,
        -3.0229871870119496
      ],
      [
        0.010790625158427101,
        0.018214869007828153,
        0.9997758653596905,
        1.0766433508935336
      ],
      [
        0.0,
        0.0,
        0.0,
        1.0
      ]
    ],
    "location": [
      -26.593540059208294,
      -3.0229871870119496,
      1.0766433508935336
    ],
    "rotation": [
      0.018216937100529677,
      -0.010790834575133771,
      3.125679987330514
    ]
  },
  {
    "label_id": "5FDGRfKUQ9sdZ1qWgyeWLQ",
    "size": [
      2.0457186592079553,
      4.713389250527029,
      1.3400000000000034
    ],
    "obj_class": "vehicle",
    "point_num_in_lidar": 2441,
    "speed": 2.478045921501418,
    "if_vehicle": true,
    "motion_state": true,
    "pose": [
      [
        0.0682720355024012,
        0.9976052436392833,
        0.011077320604060154,
        -3.3772369317956645
      ],
      [
        -0.9975176927907876,
        0.0680657076421536,
        0.018041951460883682,
        10.032492443330511
      ],
      [
        0.017244759717168625,
        -0.012281584041935988,
        0.9997758653596905,
        0.7364816745550868
      ],
      [
        0.0,
        0.0,
        0.0,
        1.0
      ]
    ],
    "location": [
      -3.3772369317956645,
      10.032492443330511,
      0.7364816745550868
    ],
    "rotation": [
      -0.012283719521000795,
      -0.017245614544336554,
      -1.5024609654971597
    ]
  },
  {
    "label_id": "5tqAjOce6YWfi1CdeCMP-Q",
    "size": [
      2.263679025573108,
      4.979165260291454,
      1.8500000000000014
    ],
    "obj_class": "vehicle",
    "point_num_in_lidar": 2110,
    "speed": 1.7852165294699933e-13,
    "if_vehicle": true,
    "motion_state": false,
    "pose": [
      [
        -0.9955013618019852,
        0.09409745808802558,
        0.011077320604060154,
        10.627576893746095
      ],
      [
        -0.09388893102148713,
        -0.9954191863828654,
        0.018041951460883682,
        11.982496768205692
      ],
      [
        0.012724279234412402,
        0.01692074945877752,
        0.9997758653596905,
        0.8802654804896264
      ],
      [
        0.0,
        0.0,
        0.0,
        1.0
      ]
    ],
    "location": [
      10.627576893746095,
      11.982496768205692,
      0.8802654804896264
    ],
    "rotation": [
      0.01692292715656918,
      -0.012724622618342469,
      -3.0475575966483093
    ]
  },
  {
    "label_id": "8Fg4poEL5AVkJRV9CO00xA",
    "size": [
      2.150000958502254,
      4.8842989074546495,
      1.4500000000000028
    ],
    "obj_class": "vehicle",
    "point_num_in_lidar": 170,
    "speed": 3.552713678800501e-14,
    "if_vehicle": true,
    "motion_state": false,
    "pose": [
      [
        -0.06290532173765706,
        -0.9979580218953685,
        0.011077320604060154,
        0.7948224886584967
      ],
      [
        0.9978693625568728,
        -0.0626994677634808,
        0.018041951460883682,
        24.81083012736235
      ],
      [
        -0.017310568084915722,
        0.012188653611433698,
        0.9997758653596905,
        0.6959842257871713
      ],
      [
        0.0,
        0.0,
        0.0,
        1.0
      ]
    ],
    "location": [
      0.7948224886584967,
      24.81083012736235,
      0.6959842257871713
    ],
    "rotation": [
      0.01219078217575294,
      0.017311432736775524,
      1.6337526552755293
    ]
  },
  {
    "label_id": "8saxVVbRERN0l4g5OGtBzQ",
    "size": [
      0.46790560471938614,
      0.0708605181398612,
      0.1782079646017536
    ],
    "obj_class": "sign",
    "point_num_in_lidar": 78,
    "speed": 0.004473201134065789,
    "if_vehicle": false,
    "motion_state": false,
    "pose": [
      [
        0.9997395540358146,
        0.01995287108426948,
        0.011077320604060154,
        8.587974259810835
      ],
      [
        -0.020150676013168816,
        0.9996341521995412,
        0.018041951460883682,
        13.718721200504206
      ],
      [
        -0.010713279259074521,
        -0.01826046800602608,
        0.9997758653596905,
        2.245094798757343
      ],
      [
        0.0,
        0.0,
        0.0,
        1.0
      ]
    ],
    "location": [
      8.587974259810835,
      13.718721200504206,
      2.245094798757343
    ],
    "rotation": [
      -0.018262531149372686,
      0.01071348420460814,
      -0.020153196683375063
    ]
  },
  {
    "label_id": "917XhsvjWDcD0OHKD8dPPA",
    "size": [
      2.043374180459365,
      4.63664366699592,
      1.8000000000000043
    ],
    "obj_class": "vehicle",
    "point_num_in_lidar": 25,
    "speed": 9.565974336450907e-14,
    "if_vehicle": true,
    "motion_state": false,
    "pose": [
      [
        0.08894283372597221,
        0.9959751328708106,
        0.011077320604060154,
        -9.694906522705537
      ],
      [
        -0.9958918790808166,
        0.08873473484697891,
        0.018041951460883682,
        71.2575348432033
      ],
      [
        0.016986391896886086,
        -0.01263651592043555,
        0.9997758653596905,
        0.6909842257873038
      ],
      [
        0.0,
        0.0,
        0.0,
        1.0
      ]
    ],
    "location": [
      -9.694906522705537,
      71.2575348432033,
      0.6909842257873038
    ],
    "rotation": [
      -0.012638675842296762,
      -0.016987208871504098,
      -1.4817229195341453
    ]
  },
  {
    "label_id": "Bbx8pLm5ey4t1wPBh4cdAw",
    "size": [
      2.123877219783958,
      4.766762156548458,
      1.8100000000000023
    ],
    "obj_class": "vehicle",
    "point_num_in_lidar": 201,
    "speed": 0.020445095515574795,
    "if_vehicle": true,
    "motion_state": false,
    "pose": [
      [
        -0.9953809006014693,
        0.09536328269330183,
        0.011077320604060154,
        17.4341058398943
      ],
      [
        -0.0951546512993507,
        -0.9952989904162378,
        0.018041951460883682,
        12.909338891945481
      ],
      [
        0.01274578573124114,
        0.016904555314331937,
        0.9997758653596905,
        0.77156020049717
      ],
      [
        0.0,
        0.0,
        0.0,
        1.0
      ]
    ],
    "location": [
      17.4341058398943,
      12.909338891945481,
      0.77156020049717
    ],
    "rotation": [
      0.016906734015569105,
      -0.012746130859356922,
      -3.0462860538518064
    ]
  },
  {
    "label_id": "BysFJyhWuMC5UXY1Bs05bQ",
    "size": [
      1.7590874962375822,
      3.8442857249957045,
      1.6579254470060363
    ],
    "obj_class": "vehicle",
    "point_num_in_lidar": 31,
    "speed": 0.0,
    "if_vehicle": true,
    "motion_state": false,
    "pose": [
      [
        0.9956113022030801,
        -0.09292700303852383,
        0.011077320604060154,
        3.7966271017631925
      ],
      [
        0.09271857272801295,
        0.9955288816798653,
        0.018041951460883682,
        67.15691729280661
      ],
      [
        -0.012704377071195773,
        -0.016935697432196098,
        0.9997758653596905,
        0.7599469492904305
      ],
      [
        0.0,
        0.0,
        0.0,
        1.0
      ]
    ],
    "location": [
      3.7966271017631925,
      67.15691729280661,
      0.7599469492904305
    ],
    "rotation": [
      -0.016937874195881938,
      0.01270471884629691,
      0.09285945116739511
    ]
  },
  {
    "label_id": "DfUOspd1ep_pDGx1yZG9Uw",
    "size": [
      2.093087734447004,
      4.702836163548996,
      1.8500000000000014
    ],
    "obj_class": "vehicle",
    "point_num_in_lidar": 201,
    "speed": 6.278558443989567,
    "if_vehicle": true,
    "motion_state": true,
    "pose": [
      [
        -0.9972444552034327,
        0.07335386516226196,
        0.011077320604060154,
        -40.46984440179074
      ],
      [
        -0.07314709391568536,
        -0.9971579567145684,
        0.018041951460883682,
        5.045699365578457
      ],
      [
        0.012369285254142548,
        0.01718196224485638,
        0.9997758653596905,
        1.3590524813845022
      ],
      [
        0.0,
        0.0,
        0.0,
        1.0
      ]
    ],
    "location": [
      -40.46984440179074,
      5.045699365578457,
      1.3590524813845022
    ],
    "rotation": [
      0.017184122524845816,
      -0.012369600691021977,
      -3.0683745618308373
    ]
  },
  {
    "label_id": "II9hCDJdG-EL7T23hW66TA",
    "size": [
      2.169638695984415,
      4.618757893724354,
      1.7700000000000031
    ],
    "obj_class": "vehicle",
    "point_num_in_lidar": 278,
    "speed": 2.1683198553528098e-13,
    "if_vehicle": true,
    "motion_state": false,
    "pose": [
      [
        0.9986828698336339,
        -0.050098088477425654,
        0.011077320604060154,
        -26.80830841833972
      ],
      [
        0.04989338878637176,
        0.9985915770438359,
        0.018041951460883682,
        -0.6173348429897487
      ],
      [
        -0.011965586332021376,
        -0.01746550279874478,
        0.9997758653596905,
        1.053671515824533
      ],
      [
        0.0,
        0.0,
        0.0,
        1.0
      ]
    ],
    "location": [
      -26.80830841833972,
      -0.6173348429897487,
      1.053671515824533
    ],
    "rotation": [
      -0.01746764151681952,
      0.011965871879734188,
      0.04991768895047742
    ]
  },
  {
    "label_id": "KCCr9VFidHPM1SGOspbnnA",
    "size": [
      0.5030238935685091,
      0.0682318327003486,
      0.5600000000000023
    ],
    "obj_class": "sign",
    "point_num_in_lidar": 46,
    "speed": 0.013694357463920902,
    "if_vehicle": false,
    "motion_state": false,
    "pose": [
      [
        -0.6276119955975541,
        0.7784474779651422,
        0.011077320604060154,
        1.8002703465236891
      ],
      [
        -0.7782430644914473,
        -0.6277039274677548,
        0.018041951460883682,
        34.25039719108145
      ],
      [
        0.020997989261282456,
        0.0027024972275813924,
        0.9997758653596905,
        2.1828120798096506
      ],
      [
        0.0,
        0.0,
        0.0,
        1.0
      ]
    ],
    "location": [
      1.8002703465236891,
      34.25039719108145,
      2.1828120798096506
    ],
    "rotation": [
      0.002703096503000784,
      -0.020999532624198354,
      -2.2494561867114737
    ]
  },
  {
    "label_id": "MnJyrzSOw3bmleRX8Lf1og",
    "size": [
      0.721651812930017,
      0.8529901344033988,
      2.0500000000000043
    ],
    "obj_class": "pedestrian",
    "point_num_in_lidar": 22,
    "speed": 1.5640128313751576,
    "if_vehicle": false,
    "motion_state": true,
    "pose": [
      [
        -0.97819017325551,
        0.20741571279580095,
        0.011077320604060154,
        -53.55490943835707
      ],
      [
        -0.20719915089697152,
        -0.9781324040512396,
        0.018041951460883682,
        -5.0047117849103415
      ],
      [
        0.014577270455382117,
        0.01535324820201452,
        0.9997758653596905,
        1.525415919294744
      ],
      [
        0.0,
        0.0,
        0.0,
        1.0
      ]
    ],
    "location": [
      -53.55490943835707,
      -5.0047117849103415,
      1.525415919294744
    ],
    "rotation": [
      0.015355483160191873,
      -0.014577786775343923,
      -2.9328590389522744
    ]
  },
  {
    "label_id": "NpOYq1LvezmGuK1h3sh1Ig",
    "size": [
      0.4751209984601708,
      0.05187169363348636,
      0.490000000000002
    ],
    "obj_class": "sign",
    "point_num_in_lidar": 99,
    "speed": 0.01672578209929671,
    "if_vehicle": false,
    "motion_state": false,
    "pose": [
      [
        0.999938644601875,
        1.1067991812897129e-14,
        0.011077320604060154,
        -11.947573403375827
      ],
      [
        -0.0001998687436925197,
        0.9998372107698175,
        0.018041951460883682,
        12.644407287888498
      ],
      [
        -0.011075517335566333,
        -0.01804305849992146,
        0.9997758653596905,
        2.7741648338841003
      ],
      [
        0.0,
        0.0,
        0.0,
        1.0
      ]
    ],
    "location": [
      -11.947573403375827,
      12.644407287888498,
      2.7741648338841003
    ],
    "rotation": [
      -0.01804514456226407,
      0.011075743781636107,
      -0.00019988100480940098
    ]
  },
  {
    "label_id": "OYu8kf7jtrYsvOz2ePSR9A",
    "size": [
      0.8358826146661025,
      0.8335105517913388,
      1.8700000000000045
    ],
    "obj_class": "pedestrian",
    "point_num_in_lidar": 63,
    "speed": 1.3776216489480162,
    "if_vehicle": false,
    "motion_state": true,
    "pose": [
      [
        -0.9730374397415148,
        0.2303810622197771,
        0.011077320604060154,
        34.6053546463437
      ],
      [
        -0.23016320064818308,
        -0.9729847835679999,
        0.018041951460883682,
        16.824440850182327
      ],
      [
        0.014934588332530856,
        0.01500590269260239,
        0.9997758653596905,
        0.8168239594804731
      ],
      [
        0.0,
        0.0,
        0.0,
        1.0
      ]
    ],
    "location": [
      34.6053546463437,
      16.824440850182327,
      0.8168239594804731
    ],
    "rotation": [
      0.015008139855219762,
      -0.014935143561491273,
      -2.90932089025386
    ]
  },
  {
    "label_id": "P5W3PzH21kZDfGzI8M2_Hw",
    "size": [
      3.1029766252317934,
      12.442215914863029,
      3.289999999999978
    ],
    "obj_class": "vehicle",
    "point_num_in_lidar": 1883,
    "speed": 1.1374233532693354e-13,
    "if_vehicle": true,
    "motion_state": false,
    "pose": [
      [
        -0.9980385328919787,
        0.0616147695853958,
        0.011077320604060154,
        -25.834742573186077
      ],
      [
        -0.06140903043228298,
        -0.9979496074295787,
        0.018041951460883682,
        9.284364917255743
      ],
      [
        0.012166258430326655,
        0.017326315248445755,
        0.9997758653596905,
        1.7264236508907445
      ],
      [
        0.0,
        0.0,
        0.0,
        1.0
      ]
    ],
    "location": [
      -25.834742573186077,
      9.284364917255743,
      1.7264236508907445
    ],
    "rotation": [
      0.017328464899186966,
      -0.012166558587544092,
      -3.080140407314871
    ]
  },
  {
    "label_id": "T6U06Wun56eAHCrMjQZvzA",
    "size": [
      2.0430374440109063,
      4.534960981455697,
      1.500000000000007
    ],
    "obj_class": "vehicle",
    "point_num_in_lidar": 46,
    "speed": 0.017913847806438708,
    "if_vehicle": true,
    "motion_state": false,
    "pose": [
      [
        0.9997005741677208,
        -0.021818684125402037,
        0.011077320604060154,
        -39.28463581859046
      ],
      [
        0.021616649678940322,
        0.9996035256261061,
        0.018041951460883682,
        -1.3930733006968694
      ],
      [
        -0.011466580370240093,
        -0.017797094675672292,
        0.9997758653596905,
        1.1408424405654998
      ],
      [
        0.0,
        0.0,
        0.0,
        1.0
      ]
    ],
    "location": [
      -39.28463581859046,
      -1.3930733006968694,
      1.1408424405654998
    ],
    "rotation": [
      -0.01779920461178294,
      0.011466831660817954,
      0.021619755113617987
    ]
  },
  {
    "label_id": "TQrooR0Xw1MtfxMyfaa4Wg",
    "size": [
      0.4785045274047758,
      0.05830563960807922,
      0.5300000000000011
    ],
    "obj_class": "sign",
    "point_num_in_lidar": 22,
    "speed": 0.006539250689388277,
    "if_vehicle": false,
    "motion_state": false,
    "pose": [
      [
        0.17521995824404737,
        0.984466992438644,
        0.011077320604060154,
        -10.053171208235426
      ],
      [
        -0.9844021511936287,
        0.17500540766741912,
        0.018041951460883682,
        47.33845463037801
      ],
      [
        0.01582311468424391,
        -0.014065848213715489,
        0.9997758653596905,
        2.9841620460492493
      ],
      [
        0.0,
        0.0,
        0.0,
        1.0
      ]
    ],
    "location": [
      -10.053171208235426,
      47.33845463037801,
      2.9841620460492493
    ],
    "rotation": [
      -0.014068073416807053,
      -0.015823775033377285,
      -1.3946448645438283
    ]
  },
  {
    "label_id": "VIgfW057J6zNoT8MSku42Q",
    "size": [
      2.0389078942826098,
      4.544739353990225,
      1.8300000000000054
    ],
    "obj_class": "vehicle",
    "point_num_in_lidar": 2368,
    "speed": 0.14021132407815604,
    "if_vehicle": true,
    "motion_state": false,
    "pose": [
      [
        -0.996766166990137,
        0.07958958042372853,
        0.011077320604060154,
        9.398116940121668
      ],
      [
        -0.07938227222657683,
        -0.9966809634199044,
        0.018041951460883682,
        8.65009161846865
      ],
      [
        0.01247650591856284,
        0.017104263922954558,
        0.9997758653596905,
        0.885901197701223
      ],
      [
        0.0,
        0.0,
        0.0,
        1.0
      ]
    ],
    "location": [
      9.398116940121668,
      8.65009161846865,
      0.885901197701223
    ],
    "rotation": [
      0.017106429627312417,
      -0.01247682963004472,
      -3.062120573492974
    ]
  },
  {
    "label_id": "WDFQH9mlthlZnL9lYsi8ag",
    "size": [
      2.0939272738466626,
      4.936790730025409,
      1.8700000000000045
    ],
    "obj_class": "vehicle",
    "point_num_in_lidar": 68,
    "speed": 1.7763568394002505e-14,
    "if_vehicle": true,
    "motion_state": false,
    "pose": [
      [
        0.996643578838252,
        -0.08111023196068315,
        0.011077320604060154,
        61.1728247696509
      ],
      [
        0.08090279401159776,
        0.9965586916527297,
        0.018041951460883682,
        5.973896566101303
      ],
      [
        -0.012502586996215674,
        -0.017085208886170437,
        0.9997758653596905,
        0.6274128402493986
      ],
      [
        0.0,
        0.0,
        0.0,
        1.0
      ]
    ],
    "location": [
      61.1728247696509,
      5.973896566101303,
      0.6274128402493986
    ],
    "rotation": [
      -0.017087375889248538,
      0.012502912742113927,
      0.08099765465877637
    ]
  },
  {
    "label_id": "YKeU-RbOBPm408751EtB_w",
    "size": [
      1.9451213133954803,
      4.316546035301789,
      1.7900000000000063
    ],
    "obj_class": "vehicle",
    "point_num_in_lidar": 105,
    "speed": 1.2434497875801753e-13,
    "if_vehicle": true,
    "motion_state": false,
    "pose": [
      [
        0.08466836616543968,
        0.9963476103946403,
        0.011077320604060154,
        -8.144026210019092
      ],
      [
        -0.9962634644356229,
        0.08446062643749216,
        0.018041951460883682,
        49.20434275888465
      ],
      [
        0.01704045778743969,
        -0.012563512354294265,
        0.9997758653596905,
        0.7359842257872842
      ],
      [
        0.0,
        0.0,
        0.0,
        1.0
      ]
    ],
    "location": [
      -8.144026210019092,
      49.20434275888465,
      0.7359842257872842
    ],
    "rotation": [
      -0.012565667505918657,
      -0.017041282588628522,
      -1.486014132208846
    ]
  },
  {
    "label_id": "YytKtqwuhzFGLrx28JPtgQ",
    "size": [
      2.8673079452884673,
      7.235536587668475,
      3.3505405405405497
    ],
    "obj_class": "vehicle",
    "point_num_in_lidar": 2401,
    "speed": 0.0233821849797911,
    "if_vehicle": true,
    "motion_state": false,
    "pose": [
      [
        0.998986016766968,
        -0.0436374984652195,
        0.011077320604060154,
        22.665658352418404
      ],
      [
        0.04343339354346348,
        0.9988934018766877,
        0.018041951460883682,
        3.5141192594089716
      ],
      [
        -0.011852368091052248,
        -0.017542531599407905,
        0.9997758653596905,
        1.5809332733412518
      ],
      [
        0.0,
        0.0,
        0.0,
        1.0
      ]
    ],
    "location": [
      22.665658352418404,
      3.5141192594089716,
      1.5809332733412518
    ],
    "rotation": [
      -0.01754466397659633,
      0.011852645609333391,
      0.043450114975367785
    ]
  },
  {
    "label_id": "ZAWh5ebxHQoiaBpI1opOtQ",
    "size": [
      2.3183299357428706,
      5.252203792437462,
      1.9400000000000048
    ],
    "obj_class": "vehicle",
    "point_num_in_lidar": 1651,
    "speed": 0.0045231722389717415,
    "if_vehicle": true,
    "motion_state": false,
    "pose": [
      [
        0.9974114216189824,
        -0.07104751221707395,
        0.011077320604060154,
        -13.790388966629848
      ],
      [
        0.07084094155365381,
        0.9973244451968853,
        0.018041951460883682,
        0.6057316700037063
      ],
      [
        -0.012329518392549307,
        -0.017210520633897358,
        0.9997758653596905,
        0.8586715158246392
      ],
      [
        0.0,
        0.0,
        0.0,
        1.0
      ]
    ],
    "location": [
      -13.790388966629848,
      0.6057316700037063,
      0.8586715158246392
    ],
    "rotation": [
      -0.01721267886804066,
      0.01232983079670242,
      0.07090572628007123
    ]
  },
  {
    "label_id": "ZqVcS5TpbdlQOy2xeA1L0w",
    "size": [
      2.165928493668092,
      4.872672216116353,
      1.6000000000000014
    ],
    "obj_class": "vehicle",
    "point_num_in_lidar": 2232,
    "speed": 0.0540884098304436,
    "if_vehicle": true,
    "motion_state": false,
    "pose": [
      [
        0.07453271892253992,
        0.997157042184554,
        0.011077320604060154,
        -6.01523769815492
      ],
      [
        -0.9970707881933484,
        0.07432584556517419,
        0.018041951460883682,
        20.430390451752828
      ],
      [
        0.01716732773347877,
        -0.012389588482808828,
        0.9997758653596905,
        0.7820213914155971
      ],
      [
        0.0,
        0.0,
        0.0,
        1.0
      ]
    ],
    "location": [
      -6.01523769815492,
      20.430390451752828,
      0.7820213914155971
    ],
    "rotation": [
      -0.012391731731501574,
      -0.017168171096292116,
      -1.4961834122455968
    ]
  },
  {
    "label_id": "_24i-ZRumO3LrMkBqlq3zw",
    "size": [
      0.5299025696451883,
      0.0716175953503607,
      0.6400000000000006
    ],
    "obj_class": "sign",
    "point_num_in_lidar": 20,
    "speed": 0.0038099984451948413,
    "if_vehicle": false,
    "motion_state": false,
    "pose": [
      [
        0.4875991397115758,
        -0.8729973493205841,
        0.011077320604060154,
        -9.702001525417813
      ],
      [
        0.8728113306133404,
        0.4877241732172534,
        0.018041951460883682,
        47.450394628392814
      ],
      [
        -0.02115325283499978,
        0.0008711709250154227,
        0.9997758653596905,
        2.512240504418706
      ],
      [
        0.0,
        0.0,
        0.0,
        1.0
      ]
    ],
    "location": [
      -9.702001525417813,
      47.450394628392814,
      2.512240504418706
    ],
    "rotation": [
      0.0008713660078349739,
      0.021154830692190634,
      1.0613336083511777
    ]
  },
  {
    "label_id": "_wSssJXzyoUd9vRqDp9RMA",
    "size": [
      0.7500877164704349,
      0.7935346243200134,
      1.4500000000000028
    ],
    "obj_class": "pedestrian",
    "point_num_in_lidar": 116,
    "speed": 0.180222597683079,
    "if_vehicle": false,
    "motion_state": false,
    "pose": [
      [
        -0.8927343650142299,
        0.4504471628180987,
        0.011077320604060154,
        -15.422001063131916
      ],
      [
        -0.4502230287884254,
        -0.8927338418230039,
        0.018041951460883682,
        11.589458918004993
      ],
      [
        0.01801604482722464,
        0.011119405247829157,
        0.9997758653596905,
        0.8280005984157768
      ],
      [
        0.0,
        0.0,
        0.0,
        1.0
      ]
    ],
    "location": [
      -15.422001063131916,
      11.589458918004993,
      0.8280005984157768
    ],
    "rotation": [
      0.011121439504095132,
      -0.018017019571182125,
      -2.67449570415655
    ]
  },
  {
    "label_id": "ahh4Y1SZ-y9Qvly03o_oAA",
    "size": [
      2.062704665767815,
      4.417872033252479,
      1.7451871050278172
    ],
    "obj_class": "vehicle",
    "point_num_in_lidar": 505,
    "speed": 0.0012497103119162912,
    "if_vehicle": true,
    "motion_state": false,
    "pose": [
      [
        0.07576690038502806,
        0.9970640249122822,
        0.011077320604060154,
        -6.933512787250265
      ],
      [
        -0.9969780270461881,
        0.07555992042461183,
        0.018041951460883682,
        32.646631561608274
      ],
      [
        0.017151979277500014,
        -0.012410827979882265,
        0.9997758653596905,
        0.6959842257872282
      ],
      [
        0.0,
        0.0,
        0.0,
        1.0
      ]
    ],
    "location": [
      -6.933512787250265,
      32.646631561608274,
      0.6959842257872282
    ],
    "rotation": [
      -0.01241297272255941,
      -0.01715282038010916,
      -1.4949455674174155
    ]
  },
  {
    "label_id": "bA4NouE1x7OzqmpHmrXLCA",
    "size": [
      0.7640776443058712,
      0.060923233862056884,
      0.7700000000000031
    ],
    "obj_class": "sign",
    "point_num_in_lidar": 146,
    "speed": 0.004307500946758817,
    "if_vehicle": false,
    "motion_state": false,
    "pose": [
      [
        0.999938644601875,
        -1.5910962909346495e-15,
        0.011077320604060154,
        8.587358908777219
      ],
      [
        -0.0001998687436798675,
        0.9998372107698176,
        0.018041951460883682,
        13.716942932345319
      ],
      [
        -0.011075517335566562,
        -0.01804305849992132,
        0.9997758653596905,
        2.741381200262161
      ],
      [
        0.0,
        0.0,
        0.0,
        1.0
      ]
    ],
    "location": [
      8.587358908777219,
      13.716942932345319,
      2.741381200262161
    ],
    "rotation": [
      -0.018045144562263932,
      0.011075743781636336,
      -0.00019988100479674802
    ]
  },
  {
    "label_id": "bRh1w0l7W8vM5beWIsmrxw",
    "size": [
      2.18882765152123,
      4.690092557767388,
      1.6300000000000026
    ],
    "obj_class": "vehicle",
    "point_num_in_lidar": 198,
    "speed": 7.32410687763558e-14,
    "if_vehicle": true,
    "motion_state": false,
    "pose": [
      [
        0.9970492801389967,
        -0.07596068682248314,
        0.011077320604060154,
        35.212053185437185
      ],
      [
        0.07575369015155999,
        0.9969633225028415,
        0.018041951460883682,
        4.220535913178082
      ],
      [
        -0.012414161378439622,
        -0.017149566803627333,
        0.9997758653596905,
        0.5583892709794895
      ],
      [
        0.0,
        0.0,
        0.0,
        1.0
      ]
    ],
    "location": [
      35.212053185437185,
      4.220535913178082,
      0.5583892709794895
    ],
    "rotation": [
      -0.01715172937041079,
      0.01241448026119197,
      0.07583218627577237
    ]
  },
  {
    "label_id": "bepnY6mVP1Xup8wQHgCcdQ",
    "size": [
      0.5500377805720471,
      0.4808054708391967,
      1.5400000000000063
    ],
    "obj_class": "pedestrian",
    "point_num_in_lidar": 88,
    "speed": 0.12452095060605771,
    "if_vehicle": false,
    "motion_state": false,
    "pose": [
      [
        -0.9467856401101958,
        0.3216741280385503,
        0.011077320604060154,
        10.99370366530843
      ],
      [
        -0.3214522529294095,
        -0.9467538946706744,
        0.018041951460883682,
        13.066473254785251
      ],
      [
        0.016291125428703264,
        0.013521030898133337,
        0.9997758653596905,
        0.7075243398899218
      ],
      [
        0.0,
        0.0,
        0.0,
        1.0
      ]
    ],
    "location": [
      10.99370366530843,
      13.066473254785251,
      0.7075243398899218
    ],
    "rotation": [
      0.013523237681260278,
      -0.01629184612764591,
      -2.8142848574899872
    ]
  },
  {
    "label_id": "dflMqGo5HWaGLblIEG_AIw",
    "size": [
      1.860636650809065,
      4.05075350178842,
      1.5400000000000063
    ],
    "obj_class": "vehicle",
    "point_num_in_lidar": 52,
    "speed": 1.6758116906701666e-13,
    "if_vehicle": true,
    "motion_state": false,
    "pose": [
      [
        -0.12482091555214493,
        -0.9921174486969571,
        0.011077320604060154,
        -2.6035799559377892
      ],
      [
        0.9920417575778026,
        -0.12460994827632285,
        0.018041951460883682,
        70.46901911606756
      ],
      [
        -0.016519390505374074,
        0.013241177500999499,
        0.9997758653596905,
        0.5129596794638331
      ],
      [
        0.0,
        0.0,
        0.0,
        1.0
      ]
    ],
    "location": [
      -2.6035799559377892,
      70.46901911606756,
      0.5129596794638331
    ],
    "rotation": [
      0.013243371680633623,
      0.01652014192778856,
      1.6959608288419155
    ]
  },
  {
    "label_id": "eZRjpTUJ2mfeBaXNVhY0Xg",
    "size": [
      2.1077888558892965,
      4.800487478512236,
      1.8300000000000054
    ],
    "obj_class": "vehicle",
    "point_num_in_lidar": 87,
    "speed": 5.0242958677880804e-14,
    "if_vehicle": true,
    "motion_state": false,
    "pose": [
      [
        0.10304800751103847,
        0.9946146998291548,
        0.011077320604060154,
        -8.436392986691658
      ],
      [
        -0.9945344033979112,
        0.10283874972715414,
        0.018041951460883682,
        54.80690744118783
      ],
      [
        0.016805612335350616,
        -0.012875963587861286,
        0.9997758653596905,
        0.7282971584075923
      ],
      [
        0.0,
        0.0,
        0.0,
        1.0
      ]
    ],
    "location": [
      -8.436392986691658,
      54.80690744118783,
      0.7282971584075923
    ],
    "rotation": [
      -0.012878138205942509,
      -0.01680640350018353,
      -1.4675504334640224
    ]
  },
  {
    "label_id": "el1MZgM6r4thy7UFY5Ms-w",
    "size": [
      2.0837190808903188,
      4.851971849331807,
      1.750000000000007
    ],
    "obj_class": "vehicle",
    "point_num_in_lidar": 115,
    "speed": 7.32410687763558e-14,
    "if_vehicle": true,
    "motion_state": false,
    "pose": [
      [
        0.9994228040434517,
        -0.032114665281753774,
        0.011077320604060154,
        54.616648587709165
      ],
      [
        0.03191164193135976,
        0.9993278416499402,
        0.018041951460883682,
        5.417655642829686
      ],
      [
        -0.011649286122715773,
        -0.017678042230776576,
        0.9997758653596905,
        0.5674128402493679
      ],
      [
        0.0,
        0.0,
        0.0,
        1.0
      ]
    ],
    "location": [
      54.616648587709165,
      5.417655642829686,
      0.5674128402493679
    ],
    "rotation": [
      -0.017680162947110813,
      0.011649549618219669,
      0.031919227256174125
    ]
  },
  {
    "label_id": "fEKN6OQe99brECij0ShExg",
    "size": [
      2.1977897881326562,
      4.78244681950412,
      1.8500000000000014
    ],
    "obj_class": "vehicle",
    "point_num_in_lidar": 310,
    "speed": 1.293207299340885e-13,
    "if_vehicle": true,
    "motion_state": false,
    "pose": [
      [
        0.03412321085439898,
        0.9993562425127593,
        0.011077320604060154,
        -7.503220989562919
      ],
      [
        -0.9992616883413658,
        0.0339199970614155,
        0.018041951460883682,
        39.352328711192285
      ],
      [
        0.017654594137208227,
        -0.01168479140303631,
        0.9997758653596905,
        0.7559842257872944
      ],
      [
        0.0,
        0.0,
        0.0,
        1.0
      ]
    ],
    "location": [
      -7.503220989562919,
      39.352328711192285,
      0.7559842257872944
    ],
    "rotation": [
      -0.011686878850757086,
      -0.01765551137699337,
      -1.536661168142659
    ]
  },
  {
    "label_id": "fYyXv0ky6LiEHw3E0pA23g",
    "size": [
      2.101415260562796,
      4.143773707621943,
      1.5400000000000063
    ],
    "obj_class": "vehicle",
    "point_num_in_lidar": 56,
    "speed": 7.944109290391274e-14,
    "if_vehicle": true,
    "motion_state": false,
    "pose": [
      [
        0.10304800751102698,
        0.9946146998291561,
        0.011077320604060154,
        -7.926732329399329
      ],
      [
        -0.9945344033979123,
        0.10283874972714266,
        0.018041951460883682,
        44.76735946503845
      ],
      [
        0.016805612335350762,
        -0.012875963587861092,
        0.9997758653596905,
        0.6409842257872143
      ],
      [
        0.0,
        0.0,
        0.0,
        1.0
      ]
    ],
    "location": [
      -7.926732329399329,
      44.76735946503845,
      0.6409842257872143
    ],
    "rotation": [
      -0.012878138205942314,
      -0.016806403500183677,
      -1.467550433464034
    ]
  },
  {
    "label_id": "fh1oSL5OCYHPzBR4ONvPDg",
    "size": [
      2.5441525762013453,
      5.529152590652675,
      2.3499999999999943
    ],
    "obj_class": "vehicle",
    "point_num_in_lidar": 8406,
    "speed": 0.027681882363028723,
    "if_vehicle": true,
    "motion_state": false,
    "pose": [
      [
        -0.05273198522979042,
        -0.998547260124407,
        0.011077320604060154,
        1.1690660907781876
      ],
      [
        0.9984565075568019,
        -0.05252704546190789,
        0.018041951460883682,
        18.327807667027628
      ],
      [
        -0.017433882275597345,
        0.012011610761368818,
        0.9997758653596905,
        1.218552293601462
      ],
      [
        0.0,
        0.0,
        0.0,
        1.0
      ]
    ],
    "location": [
      1.1690660907781876,
      18.327807667027628,
      1.218552293601462
    ],
    "rotation": [
      0.012013725570867469,
      0.01743476553950247,
      1.623560807644785
    ]
  },
  {
    "label_id": "gHAsq7pr4L8fOU8I8lYpmQ",
    "size": [
      1.933522977932792,
      4.306984522848348,
      1.6700000000000017
    ],
    "obj_class": "vehicle",
    "point_num_in_lidar": 41,
    "speed": 1.2434497875801753e-13,
    "if_vehicle": true,
    "motion_state": false,
    "pose": [
      [
        0.054904408377846395,
        0.998430167267052,
        0.011077320604060154,
        -9.268167274577422
      ],
      [
        -0.9983398608034804,
        0.05469927164387647,
        0.018041951460883682,
        64.14157132866671
      ],
      [
        0.017407707246106335,
        -0.01204951338087458,
        0.9997758653596905,
        0.5739372660320257
      ],
      [
        0.0,
        0.0,
        0.0,
        1.0
      ]
    ],
    "location": [
      -9.268167274577422,
      64.14157132866671,
      0.5739372660320257
    ],
    "rotation": [
      -0.012051631198853831,
      -0.017408586537253933,
      -1.5158559628380939
    ]
  },
  {
    "label_id": "iJTrb2PG3jGymdonV28WwA",
    "size": [
      1.9328328250724438,
      4.602956498834574,
      1.7600000000000051
    ],
    "obj_class": "vehicle",
    "point_num_in_lidar": 146,
    "speed": 0.032095634794613866,
    "if_vehicle": true,
    "motion_state": false,
    "pose": [
      [
        0.997018229380313,
        -0.07636716081916632,
        0.011077320604060154,
        30.036199728042334
      ],
      [
        0.07616012912195513,
        0.9969323561403804,
        0.018041951460883682,
        3.603527398835922
      ],
      [
        -0.012421151938232969,
        -0.017144504332565286,
        0.9997758653596905,
        0.7072340956885057
      ],
      [
        0.0,
        0.0,
        0.0,
        1.0
      ]
    ],
    "location": [
      30.036199728042334,
      3.603527398835922,
      0.7072340956885057
    ],
    "rotation": [
      -0.017146667253454484,
      0.012421471360013526,
      0.07623984103910113
    ]
  },
  {
    "label_id": "jiDWv0IHfVYmdLSYdNAeuw",
    "size": [
      2.3635772079234547,
      4.784302331303529,
      1.8000000000000043
    ],
    "obj_class": "vehicle",
    "point_num_in_lidar": 1112,
    "speed": 7.944109290391274e-14,
    "if_vehicle": true,
    "motion_state": false,
    "pose": [
      [
        -0.9990317611241616,
        0.04257737936265005,
        0.011077320604060154,
        -16.126767325087712
      ],
      [
        -0.0423733728360069,
        -0.9989389296958969,
        0.018041951460883682,
        10.476572896518746
      ],
      [
        0.011833745799910719,
        0.01755509910610344,
