[
  {
    "label_id": "-H4mHZRW8n7aRqwatB9ZGw",
    "size": [
      2.1193007481504775,
      4.685897212546479,
      1.7800000000000011
    ],
    "obj_class": "vehicle",
    "point_num_in_lidar": 5640,
    "speed": 0.11483444960229353,
    "if_vehicle": true,
    "motion_state": false,
    "pose": [
      [
        -0.1928175804841135,
        -0.9810460754031352,
        0.019234827588472184,
        0.5682875115178376
      ],
      [
        0.9812345819894771,
        -0.1927750239283189,
        0.004060204104741262,
        31.366779482272477
      ],
      [
        -0.0002752529536673019,
        0.01965675674016204,
        0.9998067494022379,
        0.8259842257872521
      ],
      [
        0.0,
        0.0,
        0.0,
        1.0
      ]
    ],
    "location": [
      0.5682875115178376,
      31.366779482272477,
      0.8259842257872521
    ],
    "rotation": [
      0.019658023561196804,
      0.00027525295714302144,
      1.764829139652191
    ]
  },
  {
    "label_id": "8EvdEPo22nLKwtPy61ibWA",
    "size": [
      2.4160676488767074,
      5.370722786589685,
      2.0400000000000063
    ],
    "obj_class": "vehicle",
    "point_num_in_lidar": 80,
    "speed": 1.191616393558691e-13,
    "if_vehicle": true,
    "motion_state": false,
    "pose": [
      [
        -0.06280293022320194,
        -0.9978405751236122,
        0.019234827588472184,
        -4.550449588086053
      ],
      [
        0.9980218933121398,
        -0.06273607584380556,
        0.004060204104741262,
        96.19670251576872
      ],
      [
        -0.0028447187965613585,
        0.01945177176246161,
        0.9998067494022379,
        0.65690250583242
      ],
      [
        0.0,
        0.0,
        0.0,
        1.0
      ]
    ],
    "location": [
      -4.550449588086053,
      96.19670251576872,
      0.65690250583242
    ],
    "rotation": [
      0.0194530773585098,
      0.0028447226333542636,
      1.6336408697217117
    ]
  },
  {
    "label_id": "8Fg4poEL5AVkJRV9CO00xA",
    "size": [
      2.150000958502254,
      4.8842989074546495,
      1.4500000000000028
    ],
    "obj_class": "vehicle",
    "point_num_in_lidar": 1625,
    "speed": 0.0033570044999292926,
    "if_vehicle": true,
    "motion_state": false,
    "pose": [
      [
        -0.0628975429537096,
        -0.9978346158046573,
        0.019234827588472184,
        0.7851402129521148
      ],
      [
        0.9980159403313525,
        -0.06283070576679907,
        0.004060204104741262,
        24.960517312976663
      ],
      [
        -0.0028428744102565852,
        0.0194520414048993,
        0.9998067494022379,
        0.6959842257871784
      ],
      [
        0.0,
        0.0,
        0.0,
        1.0
      ]
    ],
    "location": [
      0.7851402129521148,
      24.960517312976663,
      0.6959842257871784
    ],
    "rotation": [
      0.019453346951019173,
      0.002842878239591504,
      1.6337356699295897
    ]
  },
  {
    "label_id": "917XhsvjWDcD0OHKD8dPPA",
    "size": [
      2.0433741804593644,
      4.63664366699592,
      1.8000000000000043
    ],
    "obj_class": "vehicle",
    "point_num_in_lidar": 76,
    "speed": 9.565974336450907e-14,
    "if_vehicle": true,
    "motion_state": false,
    "pose": [
      [
        0.08893183517977686,
        0.9958519719813775,
        0.019234827588472184,
        -9.694906522705537
      ],
      [
        -0.996034979950849,
        0.08886975558050862,
        0.004060204104741262,
        71.25753484320285
      ],
      [
        0.0023339678379327234,
        -0.019519642513681035,
        0.9998067494022379,
        0.6909842257873038
      ],
      [
        0.0,
        0.0,
        0.0,
        1.0
      ]
    ],
    "location": [
      -9.694906522705537,
      71.25753484320285,
      0.6909842257873038
    ],
    "rotation": [
      -0.019520935453111683,
      -0.002333969956949601,
      -1.4817466041755754
    ]
  },
  {
    "label_id": "BysFJyhWuMC5UXY1Bs05bQ",
    "size": [
      1.759087496237582,
      3.8442857249957045,
      1.6579254470060363
    ],
    "obj_class": "vehicle",
    "point_num_in_lidar": 120,
    "speed": 0.0,
    "if_vehicle": true,
    "motion_state": false,
    "pose": [
      [
        0.995488186304438,
        -0.09291551181553144,
        0.019234827588472184,
        3.7966271017631925
      ],
      [
        0.09285416492522136,
        0.9956714411886421,
        0.004060204104741262,
        67.15691729280661
      ],
      [
        -0.01952882444849671,
        -0.00225585136704652,
        0.9998067494022379,
        0.7599469492904305
      ],
      [
        0.0,
        0.0,
        0.0,
        1.0
      ]
    ],
    "location": [
      3.7966271017631925,
      67.15691729280661,
      0.7599469492904305
    ],
    "rotation": [
      -0.0022562835671522323,
      0.01953006596242861,
      0.09300590316856697
    ]
  },
  {
    "label_id": "KCCr9VFidHPM1SGOspbnnA",
    "size": [
      0.5030238935681416,
      0.0682318327003486,
      0.5600000000000023
    ],
    "obj_class": "sign",
    "point_num_in_lidar": 238,
    "speed": 0.021647178941338576,
    "if_vehicle": false,
    "motion_state": false,
    "pose": [
      [
        -0.6211342200528173,
        0.7834681244868995,
        0.019234827588472184,
        1.7853285979440443
      ],
      [
        -0.7835581096083098,
        -0.6213052418977967,
        0.004060204104741262,
        34.295939655063876
      ],
      [
        0.015131739702693771,
        -0.012549673434011319,
        0.9998067494022379,
        2.155389225568541
      ],
      [
        0.0,
        0.0,
        0.0,
        1.0
      ]
    ],
    "location": [
      1.7853285979440443,
      34.295939655063876,
      2.155389225568541
    ],
    "rotation": [
      -0.01255143998085041,
      -0.01513231721346306,
      -2.2410762118447454
    ]
  },
  {
    "label_id": "KlRyHlmOZHGwiS9zWsd3BQ",
    "size": [
      1.756010155084855,
      3.914309175224693,
      1.6179254470060371
    ],
    "obj_class": "vehicle",
    "point_num_in_lidar": 21,
    "speed": 7.944109290391274e-14,
    "if_vehicle": true,
    "motion_state": false,
    "pose": [
      [
        -0.9958528215446869,
        0.08892232132106954,
        0.019234827588472184,
        3.3179629868553775
      ],
      [
        -0.08886023997344066,
        -0.9960358289210737,
        0.004060204104741262,
        83.34597896365835
      ],
      [
        0.019519620215268756,
        0.002334154318394511,
        0.9998067494022379,
        0.7499469492904396
      ],
      [
        0.0,
        0.0,
        0.0,
        1.0
      ]
    ],
    "location": [
      3.3179629868553775,
      83.34597896365835,
      0.7499469492904396
    ],
    "rotation": [
      0.0023346012408155523,
      -0.01952085997439389,
      -3.0525980532713906
    ]
  },
  {
    "label_id": "P5W3PzH21kZDfGzI8M2_Hw",
    "size": [
      3.102976625231795,
      12.442215914863029,
      3.289999999999978
    ],
    "obj_class": "vehicle",
    "point_num_in_lidar": 242,
    "speed": 2.8326156128264377e-28,
    "if_vehicle": true,
    "motion_state": false,
    "pose": [
      [
        -0.9979151168453905,
        0.061607150389319694,
        0.019234827588472184,
        -25.83474257318619
      ],
      [
        -0.06154007878027183,
        -0.9980963547906313,
        0.004060204104741262,
        9.284364917255289
      ],
      [
        0.019448348905972482,
        0.002868026248479487,
        0.9998067494022379,
        1.7264236508907516
      ],
      [
        0.0,
        0.0,
        0.0,
        1.0
      ]
    ],
    "location": [
      -25.83474257318619,
      9.284364917255289,
      1.7264236508907516
    ],
    "rotation": [
      0.0028685727351526495,
      -0.01944957513302083,
      -3.0800020007341313
    ]
  },
  {
    "label_id": "TQrooR0Xw1MtfxMyfaa4Wg",
    "size": [
      0.47850452740477645,
      0.05830563960807922,
      0.5300000000000011
    ],
    "obj_class": "sign",
    "point_num_in_lidar": 39,
    "speed": 0.010655405238927676,
    "if_vehicle": false,
    "motion_state": false,
    "pose": [
      [
        0.17519829078948235,
        0.9843452546297389,
        0.019234827588472184,
        -10.03603405468823
      ],
      [
        -0.9845329679605118,
        0.17515236150704183,
        0.004060204104741262,
        47.360655566923015
      ],
      [
        0.000627617168028548,
        -0.019648662713294365,
        0.9998067494022379,
        2.9856777017266296
      ],
      [
        0.0,
        0.0,
        0.0,
        1.0
      ]
    ],
    "location": [
      -10.03603405468823,
      47.360655566923015,
      2.9856777017266296
    ],
    "rotation": [
      -0.019649931096604185,
      -0.0006276172092319687,
      -1.3946891212905226
    ]
  },
  {
    "label_id": "YKeU-RbOBPm408751EtB_w",
    "size": [
      1.945121313395481,
      4.316546035301789,
      1.7900000000000063
    ],
    "obj_class": "vehicle",
    "point_num_in_lidar": 251,
    "speed": 1.2434497875801753e-13,
    "if_vehicle": true,
    "motion_state": false,
    "pose": [
      [
        0.08465789619390798,
        0.9962244034451591,
        0.019234827588472184,
        -8.144026210019206
      ],
      [
        -0.9964071433513125,
        0.08459503189374981,
        0.004060204104741262,
        49.20434275888465
      ],
      [
        0.0024177035587938677,
        -0.01950944794790985,
        0.9998067494022379,
        0.7359842257872913
      ],
      [
        0.0,
        0.0,
        0.0,
        1.0
      ]
    ],
    "location": [
      -8.144026210019206,
      49.20434275888465,
      0.7359842257872913
    ],
    "rotation": [
      -0.01951074279989498,
      -0.002417705914163337,
      -1.4860367314654355
    ]
  },
  {
    "label_id": "ZqVcS5TpbdlQOy2xeA1L0w",
    "size": [
      2.1659284936681593,
      4.872672216116353,
      1.6000000000000014
    ],
    "obj_class": "vehicle",
    "point_num_in_lidar": 4473,
    "speed": 0.05475121108360435,
    "if_vehicle": true,
    "motion_state": false,
    "pose": [
      [
        0.07387982437529703,
        0.9970816380607542,
        0.019234827588472184,
        -6.030067934771637
      ],
      [
        -0.9972636874702056,
        0.07381498761061991,
        0.004060204104741262,
        20.608654668171994
      ],
      [
        0.0026285363994809317,
        -0.019482162254919555,
        0.9998067494022379,
        0.7343977318800725
      ],
      [
        0.0,
        0.0,
        0.0,
        1.0
      ]
    ],
    "location": [
      -6.030067934771637,
      20.608654668171994,
      0.7343977318800725
    ],
    "rotation": [
      -0.01948346220590269,
      -0.0026285394263392036,
      -1.4968488720501092
    ]
  },
  {
    "label_id": "_24i-ZRumO3LrMkBqlq3zw",
    "size": [
      0.5299025696451898,
      0.0716175953503607,
      0.6400000000000006
    ],
    "obj_class": "sign",
    "point_num_in_lidar": 39,
    "speed": 0.0037776963538360777,
    "if_vehicle": false,
    "motion_state": false,
    "pose": [
      [
        0.48753884388514074,
        -0.8728893956915629,
        0.019234827588472184,
        -9.703759655020121
      ],
      [
        0.8730056272071466,
        0.4876932330956462,
        0.004060204104741262,
        47.43919634369195
      ],
      [
        -0.012924804362031335,
        0.014812605507932227,
        0.9998067494022379,
        2.474732499692223
      ],
      [
        0.0,
        0.0,
        0.0,
        1.0
      ]
    ],
    "location": [
      -9.703759655020121,
      47.43919634369195,
      2.474732499692223
    ],
    "rotation": [
      0.014814384759714883,
      0.012925164238402781,
      1.0614810193784756
    ]
  },
  {
    "label_id": "ahh4Y1SZ-y9Qvly03o_oAA",
    "size": [
      2.0627046657678143,
      4.417872033252479,
      1.7451871050278172
    ],
    "obj_class": "vehicle",
    "point_num_in_lidar": 2799,
    "speed": 0.04161494066785451,
    "if_vehicle": true,
    "motion_state": false,
    "pose": [
      [
        0.07575753115628571,
        0.9969407293719853,
        0.019234827588472184,
        -6.932896884578895
      ],
      [
        -0.9971229005678635,
        0.07569303736644757,
        0.004060204104741262,
        32.694779666671366
      ],
      [
        0.0025918403181884814,
        -0.019487078115905963,
        0.9998067494022379,
        0.6959842257872282
      ],
      [
        0.0,
        0.0,
        0.0,
        1.0
      ]
    ],
    "location": [
      -6.932896884578895,
      32.694779666671366,
      0.6959842257872282
    ],
    "rotation": [
      -0.019488377150383623,
      -0.002591843220037327,
      -1.494965888007813
    ]
  },
  {
    "label_id": "dflMqGo5HWaGLblIEG_AIw",
    "size": [
      1.8606366508090655,
      4.05075350178842,
      1.5400000000000063
    ],
    "obj_class": "vehicle",
    "point_num_in_lidar": 87,
    "speed": 1.6758116906701666e-13,
    "if_vehicle": true,
    "motion_state": false,
    "pose": [
      [
        -0.12480548037261642,
        -0.9919947648433443,
        0.019234827588472184,
        -2.603579955937903
      ],
      [
        0.9921798935567242,
        -0.12475004434626476,
        0.004060204104741262,
        70.46901911606733
      ],
      [
        -0.0016281556214441282,
        0.019591144913015376,
        0.9998067494022379,
        0.48113444284002327
      ],
      [
        0.0,
        0.0,
        0.0,
        1.0
      ]
    ],
    "location": [
      -2.603579955937903,
      70.46901911606733,
      0.48113444284002327
    ],
    "rotation": [
      0.019592424324094613,
      0.0016281563407887598,
      1.6959282697539404
    ]
  },
  {
    "label_id": "eZRjpTUJ2mfeBaXNVhY0Xg",
    "size": [
      2.1077888558892974,
      4.800487478512236,
      1.8300000000000054
    ],
    "obj_class": "vehicle",
    "point_num_in_lidar": 194,
    "speed": 5.0242958677880804e-14,
    "if_vehicle": true,
    "motion_state": false,
    "pose": [
      [
        0.10303526473881702,
        0.9944917071689655,
        0.019234827588472184,
        -8.436392986691772
      ],
      [
        -0.994675576500385,
        0.10297578480523674,
        0.004060204104741262,
        54.806907441187604
      ],
      [
        0.0020571178450622374,
        -0.019550757425274727,
        0.9998067494022379,
        0.7207577919094774
      ],
      [
        0.0,
        0.0,
        0.0,
        1.0
      ]
    ],
    "location": [
      -8.436392986691772,
      54.806907441187604,
      0.7207577919094774
    ],
    "rotation": [
      -0.019552044502289548,
      -0.0020571192959275295,
      -1.4675776580986937
    ]
  },
  {
    "label_id": "fEKN6OQe99brECij0ShExg",
    "size": [
      2.197789788132657,
      4.78244681950412,
      1.8500000000000014
    ],
    "obj_class": "vehicle",
    "point_num_in_lidar": 1227,
    "speed": 1.293207299340885e-13,
    "if_vehicle": true,
    "motion_state": false,
    "pose": [
      [
        0.034118991225955214,
        0.9992326635200456,
        0.019234827588472184,
        -7.503220989563033
      ],
      [
        -0.9994119868525769,
        0.03404695695671314,
        0.004060204104741262,
        39.35232871119206
      ],
      [
        0.0034022012150411235,
        -0.019362047325187,
        0.9998067494022379,
        0.7559842257873086
      ],
      [
        0.0,
        0.0,
        0.0,
        1.0
      ]
    ],
    "location": [
      -7.503220989563033,
      39.35232871119206,
      0.7559842257873086
    ],
    "rotation": [
      -0.01936336937825459,
      -0.0034022077784732394,
      -1.5366705148343005
    ]
  },
  {
    "label_id": "fYyXv0ky6LiEHw3E0pA23g",
    "size": [
      2.1014152605627956,
      4.143773707621943,
      1.5400000000000063
    ],
    "obj_class": "vehicle",
    "point_num_in_lidar": 223,
    "speed": 7.944109290391274e-14,
    "if_vehicle": true,
    "motion_state": false,
    "pose": [
      [
        0.10303526473879936,
        0.9944917071689674,
        0.019234827588472184,
        -7.926732329399215
      ],
      [
        -0.9946755765003868,
        0.10297578480521907,
        0.004060204104741262,
        44.767359465038226
      ],
      [
        0.002057117845062585,
        -0.019550757425274692,
        0.9998067494022379,
        0.6409842257872214
      ],
      [
        0.0,
        0.0,
        0.0,
        1.0
      ]
    ],
    "location": [
      -7.926732329399215,
      44.767359465038226,
      0.6409842257872214
    ],
    "rotation": [
      -0.019552044502289513,
      -0.002057119295927877,
      -1.4675776580987114
    ]
  },
  {
    "label_id": "gHAsq7pr4L8fOU8I8lYpmQ",
    "size": [
      1.9335229779327914,
      4.306984522848348,
      1.6700000000000017
    ],
    "obj_class": "vehicle",
    "point_num_in_lidar": 75,
    "speed": 1.2434497875801753e-13,
    "if_vehicle": true,
    "motion_state": false,
    "pose": [
      [
        0.05489761897564038,
        0.9983067027915054,
        0.019234827588472184,
        -9.268167274577536
      ],
      [
        -0.9984874857761578,
        0.0548293305725581,
        0.004060204104741262,
        64.14157132866649
      ],
      [
        0.002998696252110284,
        -0.019428630176056883,
        0.9998067494022379,
        0.5739372660320328
      ],
      [
        0.0,
        0.0,
        0.0,
        1.0
      ]
    ],
    "location": [
      -9.268167274577536,
      64.14157132866649,
      0.5739372660320328
    ],
    "rotation": [
      -0.019429940046582505,
      -0.0029987007462641533,
      -1.515870848553219
    ]
  },
  {
    "label_id": "k4oHe6tQGyyLh793O8epAQ",
    "size": [
      1.7560101550848068,
      3.914309175224693,
      1.6779254470060394
    ],
    "obj_class": "vehicle",
    "point_num_in_lidar": 76,
    "speed": 1.7763568394002505e-13,
    "if_vehicle": true,
    "motion_state": false,
    "pose": [
      [
        0.995488186304427,
        -0.0929155118156477,
        0.019234827588472184,
        5.030531883127878
      ],
      [
        0.09285416492533764,
        0.9956714411886313,
        0.004060204104741262,
        61.12021003651739
      ],
      [
        -0.019528824448496972,
        -0.002255851367044239,
        0.9998067494022379,
        0.7645026944789919
      ],
      [
        0.0,
        0.0,
        0.0,
        1.0
      ]
    ],
    "location": [
      5.030531883127878,
      61.12021003651739,
      0.7645026944789919
    ],
    "rotation": [
      -0.0022562835671499507,
      0.019530065962428875,
      0.09300590316868379
    ]
  },
  {
    "label_id": "w6BjK-JOuiQcnHqsxUNqrQ",
    "size": [
      1.7344615096121563,
      4.081164655943882,
      1.5479254470060368
    ],
    "obj_class": "vehicle",
    "point_num_in_lidar": 183,
    "speed": 7.32410687763558e-14,
    "if_vehicle": true,
    "motion_state": false,
    "pose": [
      [
        0.9954881863044267,
        -0.09291551181565168,
        0.019234827588472184,
        5.1062199358979115
      ],
      [
        0.09285416492534163,
        0.9956714411886308,
        0.004060204104741262,
        51.30259610885446
      ],
      [
        -0.01952882444849698,
        -0.0022558513670441612,
        0.9998067494022379,
        0.754016724922522
      ],
      [
        0.0,
        0.0,
        0.0,
        1.0
      ]
    ],
    "location": [
      5.1062199358979115,
      51.30259610885446,
      0.754016724922522
    ],
    "rotation": [
      -0.002256283567149873,
      0.019530065962428882,
      0.09300590316868779
    ]
  }
]