[
  {
    "label_id": "-F5A7bbXR534ssEhSPvsKA",
    "size": [
      0.9144843212919843,
      1.0494597753535118,
      1.740000000000002
    ],
    "obj_class": "pedestrian",
    "point_num_in_lidar": 471,
    "speed": 1.5895735252784193,
    "if_vehicle": false,
    "motion_state": true,
    "pose": [
      [
        0.963157569131459,
        -0.26827383697462587,
        0.018885058106626544,
        9.816533483151261
      ],
      [
        0.2681073140960347,
        0.9633273378382045,
        0.010904508323076656,
        15.908124375298712
      ],
      [
        -0.02111788703892987,
        -0.005439537523513085,
        0.9997621948636292,
        0.9644932910000534
      ],
      [
        0.0,
        0.0,
        0.0,
        1.0
      ]
    ],
    "location": [
      9.816533483151261,
      15.908124375298712,
      0.9644932910000534
    ],
    "rotation": [
      -0.005440777694446556,
      0.021119456994303062,
      0.27148995707910256
    ]
  },
  {
    "label_id": "-FAHwqVW2G-3XzoYPoMFfw",
    "size": [
      3.120054896761184,
      11.531225792973089,
      4.109999999999957
    ],
    "obj_class": "vehicle",
    "point_num_in_lidar": 675,
    "speed": 3.972054645195637e-14,
    "if_vehicle": true,
    "motion_state": false,
    "pose": [
      [
        -0.9984557210219365,
        0.05224488241803623,
        0.018885058106626544,
        38.31753235524786
      ],
      [
        -0.05204540581582337,
        -0.9985851828620822,
        0.010904508323076656,
        13.727971959058777
      ],
      [
        0.019428043957932354,
        0.009904788207092428,
        0.9997621948636292,
        1.8429762349869563
      ],
      [
        0.0,
        0.0,
        0.0,
        1.0
      ]
    ],
    "location": [
      38.31753235524786,
      13.727971959058777,
      1.8429762349869563
    ],
    "rotation": [
      0.009906820062245457,
      -0.01942926634784682,
      -3.0895138846206875
    ]
  },
  {
    "label_id": "-H4mHZRW8n7aRqwatB9ZGw",
    "size": [
      2.119300748150478,
      4.685897212546479,
      1.7800000000000011
    ],
    "obj_class": "vehicle",
    "point_num_in_lidar": 539,
    "speed": 0.015930345532480603,
    "if_vehicle": true,
    "motion_state": false,
    "pose": [
      [
        -0.19281886639063253,
        -0.9810526180303178,
        0.018885058106626544,
        0.58383811943213
      ],
      [
        0.9812089699910989,
        -0.19263968673987877,
        0.010904508323076656,
        31.286166731529647
      ],
      [
        -0.007059884760962799,
        0.020632783346427944,
        0.9997621948636292,
        0.8259842257872521
      ],
      [
        0.0,
        0.0,
        0.0,
        1.0
      ]
    ],
    "location": [
      0.58383811943213,
      31.286166731529647,
      0.8259842257872521
    ],
    "rotation": [
      0.02063476188135081,
      0.007059943408708962,
      1.7648353400264516
    ]
  },
  {
    "label_id": "0Mszwh9T8XA40wt2KRP44w",
    "size": [
      0.7583054554566073,
      0.8208242572220442,
      1.6100000000000065
    ],
    "obj_class": "pedestrian",
    "point_num_in_lidar": 33,
    "speed": 1.2772255135752812,
    "if_vehicle": false,
    "motion_state": true,
    "pose": [
      [
        -0.9998181565849695,
        0.002647327585066489,
        0.018885058106626544,
        -27.10204775835939
      ],
      [
        -0.0024416740229481417,
        -0.9999375630139101,
        0.010904508323076656,
        -3.0197907817898795
      ],
      [
        0.018912746786201504,
        0.010856414254243144,
        0.9997621948636292,
        1.0880714255345794
      ],
      [
        0.0,
        0.0,
        0.0,
        1.0
      ]
    ],
    "location": [
      -27.10204775835939,
      -3.0197907817898795,
      1.0880714255345794
    ],
    "rotation": [
      0.010858569786581127,
      -0.018913874457398002,
      -3.139150540338614
    ]
  },
  {
    "label_id": "5FDGRfKUQ9sdZ1qWgyeWLQ",
    "size": [
      2.0457186592079877,
      4.713389250527029,
      1.3400000000000034
    ],
    "obj_class": "vehicle",
    "point_num_in_lidar": 2574,
    "speed": 2.4067807804600134,
    "if_vehicle": true,
    "motion_state": true,
    "pose": [
      [
        0.19176564650828148,
        0.9812590337925915,
        0.018885058106626544,
        -3.103685831592543
      ],
      [
        -0.9814151933232862,
        0.19158629912509034,
        0.010904508323076656,
        9.148163444512647
      ],
      [
        0.007082028909674607,
        -0.020625193041066116,
        0.9997621948636292,
        0.7364816745550797
      ],
      [
        0.0,
        0.0,
        0.0,
        1.0
      ]
    ],
    "location": [
      -3.103685831592543,
      9.148163444512647,
      0.7364816745550797
    ],
    "rotation": [
      -0.020627173001569504,
      -0.007082088111028322,
      -1.3778305599752085
    ]
  },
  {
    "label_id": "5tqAjOce6YWfi1CdeCMP-Q",
    "size": [
      2.2636790255731083,
      4.979165260291454,
      1.8500000000000014
    ],
    "obj_class": "vehicle",
    "point_num_in_lidar": 2262,
    "speed": 1.7852165294699933e-13,
    "if_vehicle": true,
    "motion_state": false,
    "pose": [
      [
        -0.9953848977073889,
        0.09408644958951419,
        0.018885058106626544,
        10.627576893746095
      ],
      [
        -0.09389257983228019,
        -0.9955226140830105,
        0.010904508323076656,
        11.98249676820592
      ],
      [
        0.019826468886056,
        0.009081016075801347,
        0.9997621948636292,
        0.8802654804896193
      ],
      [
        0.0,
        0.0,
        0.0,
        1.0
      ]
    ],
    "location": [
      10.627576893746095,
      11.98249676820592,
      0.8802654804896193
    ],
    "rotation": [
      0.009082926314377442,
      -0.01982776804324712,
      -3.0475430255192935
    ]
  },
  {
    "label_id": "8Fg4poEL5AVkJRV9CO00xA",
    "size": [
      2.1500009585022535,
      4.8842989074546495,
      1.4500000000000028
    ],
    "obj_class": "vehicle",
    "point_num_in_lidar": 232,
    "speed": 3.552713678800501e-14,
    "if_vehicle": true,
    "motion_state": false,
    "pose": [
      [
        -0.06289796241940548,
        -0.9978412703951448,
        0.018885058106626544,
        0.7948224886582693
      ],
      [
        0.9979728537834267,
        -0.0626998788642765,
        0.010904508323076656,
        24.81083012736258
      ],
      [
        -0.009696877582502933,
        0.019532646687242902,
        0.9997621948636292,
        0.6959842257871784
      ],
      [
        0.0,
        0.0,
        0.0,
        1.0
      ]
    ],
    "location": [
      0.7948224886582693,
      24.81083012736258,
      0.6959842257871784
    ],
    "rotation": [
      0.019534807492262607,
      0.009697029554253254,
      1.6337387987607872
    ]
  },
  {
    "label_id": "8saxVVbRERN0l4g5OGtBzQ",
    "size": [
      0.4679056047193864,
      0.0708605181398612,
      0.1782079646017536
    ],
    "obj_class": "sign",
    "point_num_in_lidar": 81,
    "speed": 0.00447320105921098,
    "if_vehicle": false,
    "motion_state": false,
    "pose": [
      [
        0.9996225941134472,
        0.019950536790062888,
        0.018885058106626544,
        8.586209929817073
      ],
      [
        -0.020158836559919527,
        0.9997373220035262,
        0.010904508323076656,
        13.718434661514038
      ],
      [
        -0.01866254662292272,
        -0.011281093697241633,
        0.9997621948636292,
        2.2485200908784435
      ],
      [
        0.0,
        0.0,
        0.0,
        1.0
      ]
    ],
    "location": [
      8.586209929817073,
      13.718434661514038,
      2.2485200908784435
    ],
    "rotation": [
      -0.011283298176831278,
      0.018663630124487327,
      -0.020163714361502664
    ]
  },
  {
    "label_id": "917XhsvjWDcD0OHKD8dPPA",
    "size": [
      2.0433741804593644,
      4.63664366699592,
      1.8000000000000043
    ],
    "obj_class": "vehicle",
    "point_num_in_lidar": 33,
    "speed": 9.565974336450907e-14,
    "if_vehicle": true,
    "motion_state": false,
    "pose": [
      [
        0.08893242826898752,
        0.9958586133495511,
        0.018885058106626544,
        -9.694906522705537
      ],
      [
        -0.9959953242837605,
        0.08873784819973095,
        0.010904508323076656,
        71.2575348432033
      ],
      [
        0.009183529118368833,
        -0.01977919397727776,
        0.9997621948636292,
        0.6909842257873038
      ],
      [
        0.0,
        0.0,
        0.0,
        1.0
      ]
    ],
    "location": [
      -9.694906522705537,
      71.2575348432033,
      0.6909842257873038
    ],
    "rotation": [
      -0.019781318139222993,
      -0.009183658208800913,
      -1.4817424866018754
    ]
  },
  {
    "label_id": "Bbx8pLm5ey4t1wPBh4cdAw",
    "size": [
      2.123877219783958,
      4.766762156548458,
      1.8100000000000023
    ],
    "obj_class": "vehicle",
    "point_num_in_lidar": 258,
    "speed": 0.02044509534432247,
    "if_vehicle": true,
    "motion_state": false,
    "pose": [
      [
        -0.9952644505996762,
        0.09535212610547271,
        0.018885058106626544,
        17.43448876984121
      ],
      [
        -0.09515843162805392,
        -0.9954024133928553,
        0.010904508323076656,
        12.917499568654193
      ],
      [
        0.019838000469140554,
        0.009055796974595237,
        0.9997621948636292,
        0.77156020049717
      ],
      [
        0.0,
        0.0,
        0.0,
        1.0
      ]
    ],
    "location": [
      17.43448876984121,
      12.917499568654193,
      0.77156020049717
    ],
    "rotation": [
      0.009057703289741816,
      -0.01983930189478783,
      -3.0462712060977175
    ]
  },
  {
    "label_id": "BysFJyhWuMC5UXY1Bs05bQ",
    "size": [
      1.7590874962375913,
      3.8442857249957045,
      1.6579254470060363
    ],
    "obj_class": "vehicle",
    "point_num_in_lidar": 37,
    "speed": 0.0,
    "if_vehicle": true,
    "motion_state": false,
    "pose": [
      [
        0.9954948252465134,
        -0.09291613147200532,
        0.018885058106626544,
        3.7966271017631925
      ],
      [
        0.0927220999385099,
        0.9956323135983608,
        0.010904508323076656,
        67.15691729280661
      ],
      [
        -0.019815778824124636,
        -0.009104319362373155,
        0.9997621948636292,
        0.7599469492904234
      ],
      [
        0.0,
        0.0,
        0.0,
        1.0
      ]
    ],
    "location": [
      3.7966271017631925,
      67.15691729280661,
      0.7599469492904234
    ],
    "rotation": [
      -0.009106233216055252,
      0.019817075880757273,
      0.09287376644110117
    ]
  },
  {
    "label_id": "DfUOspd1ep_pDGx1yZG9Uw",
    "size": [
      2.093087734446874,
      4.702836163548996,
      1.8500000000000014
    ],
    "obj_class": "vehicle",
    "point_num_in_lidar": 48,
    "speed": 5.964092285421483,
    "if_vehicle": true,
    "motion_state": true,
    "pose": [
      [
        -0.9961023657055954,
        0.08615933853057152,
        0.018885058106626544,
        -42.94325377242285
      ],
      [
        -0.0859643785745831,
        -0.9962385343453231,
        0.010904508323076656,
        4.851874347342346
      ],
      [
        0.01975354783328929,
        0.009238564252991969,
        0.9997621948636292,
        1.4040483887129511
      ],
      [
        0.0,
        0.0,
        0.0,
        1.0
      ]
    ],
    "location": [
      -42.94325377242285,
      4.851874347342346,
      1.4040483887129511
    ],
    "rotation": [
      0.00924049873902632,
      -0.01975483270670637,
      -3.055505204687775
    ]
  },
  {
    "label_id": "II9hCDJdG-EL7T23hW66TA",
    "size": [
      2.1696386959844145,
      4.618757893724354,
      1.7700000000000031
    ],
    "obj_class": "vehicle",
    "point_num_in_lidar": 132,
    "speed": 2.1683198553528098e-13,
    "if_vehicle": true,
    "motion_state": false,
    "pose": [
      [
        0.9985660335331658,
        -0.05009222748241306,
        0.018885058106626544,
        -26.808308418339834
      ],
      [
        0.04989247224179646,
        0.9986950650282764,
        0.010904508323076656,
        -0.6173348429897487
      ],
      [
        -0.0194066454453636,
        -0.009946649386434471,
        0.9997621948636292,
        1.0536715158245258
      ],
      [
        0.0,
        0.0,
        0.0,
        1.0
      ]
    ],
    "location": [
      -26.808308418339834,
      -0.6173348429897487,
      1.0536715158245258
    ],
    "rotation": [
      -0.009948687072056895,
      0.019407863800160952,
      0.04992260424957713
    ]
  },
  {
    "label_id": "JcZR8xraPSEsVAcWqiuhYQ",
    "size": [
      0.894014222649059,
      0.9651224762287711,
      1.970000000000006
    ],
    "obj_class": "pedestrian",
    "point_num_in_lidar": 64,
    "speed": 1.098064612899585,
    "if_vehicle": false,
    "motion_state": true,
    "pose": [
      [
        0.9833170300331199,
        -0.18091703354619137,
        0.018885058106626544,
        -25.798861534228536
      ],
      [
        0.18073597249174492,
        0.9834711993473398,
        0.010904508323076656,
        12.851072677421598
      ],
      [
        -0.020545722043958995,
        -0.007309379395754916,
        0.9997621948636292,
        1.270405485722513
      ],
      [
        0.0,
        0.0,
        0.0,
        1.0
      ]
    ],
    "location": [
      -25.798861534228536,
      12.851072677421598,
      1.270405485722513
    ],
    "rotation": [
      -0.007310987755634385,
      0.020547167801562394,
      0.1817734934552208
    ]
  },
  {
    "label_id": "KCCr9VFidHPM1SGOspbnnA",
    "size": [
      0.503023893568511,
      0.0682318327003486,
      0.5600000000000023
    ],
    "obj_class": "sign",
    "point_num_in_lidar": 60,
    "speed": 0.01369435723525975,
    "if_vehicle": false,
    "motion_state": false,
    "pose": [
      [
        -0.6275385710241698,
        0.7783564070894852,
        0.018885058106626544,
        1.7963790098344816
      ],
      [
        -0.7783196636365254,
        -0.6277735203837111,
        0.010904508323076656,
        34.25424448730064
      ],
      [
        0.020343133329675224,
        -0.00785561250252112,
        0.9997621948636292,
        2.1763645047643507
      ],
      [
        0.0,
        0.0,
        0.0,
        1.0
      ]
    ],
    "location": [
      1.7963790098344816,
      34.25424448730064,
      2.1763645047643507
    ],
    "rotation": [
      -0.007857319350881943,
      -0.020344536735183816,
      -2.249350925017296
    ]
  },
  {
    "label_id": "KlRyHlmOZHGwiS9zWsd3BQ",
    "size": [
      1.7560101550848621,
      3.914309175224693,
      1.6179254470060371
    ],
    "obj_class": "vehicle",
    "point_num_in_lidar": 21,
    "speed": 7.944109290391274e-14,
    "if_vehicle": true,
    "motion_state": false,
    "pose": [
      [
        -0.995859462918526,
        0.08892291434683398,
        0.018885058106626544,
        3.317962986855605
      ],
      [
        -0.08872833297152075,
        -0.9959961719938117,
        0.010904508323076656,
        83.34597896365835
      ],
      [
        0.01977910624168803,
        0.009183718078138439,
        0.9997621948636292,
        0.7499469492904325
      ],
      [
        0.0,
        0.0,
        0.0,
        1.0
      ]
    ],
    "location": [
      3.317962986855605,
      83.34597896365835,
      0.7499469492904325
    ],
    "rotation": [
      0.009185644174738616,
      -0.019780396109502645,
      -3.0527300543533986
    ]
  },
  {
    "label_id": "MnJyrzSOw3bmleRX8Lf1og",
    "size": [
      0.7216518129298319,
      0.8529901344033988,
      2.0500000000000043
    ],
    "obj_class": "pedestrian",
    "point_num_in_lidar": 22,
    "speed": 1.624283906061461,
    "if_vehicle": false,
    "motion_state": true,
    "pose": [
      [
        -0.9675615485259611,
        0.251928570024032,
        0.018885058106626544,
        -54.183767337841346
      ],
      [
        -0.25175919673121,
        -0.9677284735707056,
        0.010904508323076656,
        -5.111843890762884
      ],
      [
        0.021022765643467643,
        0.005796295899843755,
        0.9997621948636292,
        1.5425560037991062
      ],
      [
        0.0,
        0.0,
        0.0,
        1.0
      ]
    ],
    "location": [
      -54.183767337841346,
      -5.111843890762884,
      1.5425560037991062
    ],
    "rotation": [
      0.005797609658817857,
      -0.021024314476788406,
      -2.887037576091581
    ]
  },
  {
    "label_id": "NpOYq1LvezmGuK1h3sh1Ig",
    "size": [
      0.4751209984601702,
      0.05187169363348636,
      0.490000000000002
    ],
    "obj_class": "sign",
    "point_num_in_lidar": 157,
    "speed": 0.005274967753312807,
    "if_vehicle": false,
    "motion_state": false,
    "pose": [
      [
        0.9998216613878245,
        -2.341745827882548e-15,
        0.018885058106626544,
        -11.95594807804082
      ],
      [
        -0.00020596900552971836,
        0.9999405228687358,
        0.010904508323076656,
        12.648155878416674
      ],
      [
        -0.01888393487754663,
        -0.010906453364833455,
        0.9997621948636292,
        2.7671081002272047
      ],
      [
        0.0,
        0.0,
        0.0,
        1.0
      ]
    ],
    "location": [
      -11.95594807804082,
      12.648155878416674,
      2.7671081002272047
    ],
    "rotation": [
      -0.010908614871111322,
      0.018885057402316073,
      -0.0002060057413940761
    ]
  },
  {
    "label_id": "OYu8kf7jtrYsvOz2ePSR9A",
    "size": [
      0.8358826146663526,
      0.8335105517913388,
      1.8700000000000045
    ],
    "obj_class": "pedestrian",
    "point_num_in_lidar": 56,
    "speed": 1.3900364243230778,
    "if_vehicle": false,
    "motion_state": true,
    "pose": [
      [
        -0.9749525620003751,
        0.2216096938972075,
        0.018885058106626544,
        34.06898015139427
      ],
      [
        -0.22143519362383568,
        -0.9751141198459831,
        0.010904508323076656,
        16.689935356039314
      ],
      [
        0.02083163156545996,
        0.006449561828499763,
        0.9997621948636292,
        0.8168239594804731
      ],
      [
        0.0,
        0.0,
        0.0,
        1.0
      ]
    ],
    "location": [
      34.06898015139427,
      16.689935356039314,
      0.8168239594804731
    ],
    "rotation": [
      0.006451006443505926,
      -0.020833138531377676,
      -2.9182574131314483
    ]
  },
  {
    "label_id": "P5W3PzH21kZDfGzI8M2_Hw",
    "size": [
      3.1029766252317943,
      12.442215914863029,
      3.289999999999978
    ],
    "obj_class": "vehicle",
    "point_num_in_lidar": 1667,
    "speed": 1.1374233532693354e-13,
    "if_vehicle": true,
    "motion_state": false,
    "pose": [
      [
        -0.997921771972742,
        0.06160756124934603,
        0.018885058106626544,
        -25.83474257318619
      ],
      [
        -0.061409307704077314,
        -0.998053099101214,
        0.010904508323076656,
        9.284364917255516
      ],
      [
        0.01952009093443308,
        0.009722127923976963,
        0.9997621948636292,
        1.7264236508907445
      ],
      [
        0.0,
        0.0,
        0.0,
        1.0
      ]
    ],
    "location": [
      -25.83474257318619,
      9.284364917255516,
      1.7264236508907445
    ],
    "rotation": [
      0.009724133933520385,
      -0.019521330783261678,
      -3.080132958441623
    ]
  },
  {
    "label_id": "T6U06Wun56eAHCrMjQZvzA",
    "size": [
      2.043037444010905,
      4.534960981455697,
      1.500000000000007
    ],
    "obj_class": "vehicle",
    "point_num_in_lidar": 142,
    "speed": 0.01632674232449928,
    "if_vehicle": true,
    "motion_state": false,
    "pose": [
      [
        0.9995836188056236,
        -0.02181613154899356,
        0.018885058106626544,
        -39.29176808440491
      ],
      [
        0.02161280514183641,
        0.999706946235812,
        0.010904508323076656,
        -1.393682018100435
      ],
      [
        -0.019117417957314826,
        -0.010491808809926229,
        0.9997621948636292,
        1.1401531062329866
      ],
      [
        0.0,
        0.0,
        0.0,
        1.0
      ]
    ],
    "location": [
      -39.29176808440491,
      -1.393682018100435,
      1.1401531062329866
    ],
    "rotation": [
      -0.010493919187470207,
      0.019118582640727595,
      0.021618439583867714
    ]
  },
  {
    "label_id": "VIgfW057J6zNoT8MSku42Q",
    "size": [
      2.038907894282719,
      4.544739353990225,
      1.8300000000000054
    ],
    "obj_class": "vehicle",
    "point_num_in_lidar": 2262,
    "speed": 0.2576788787271366,
    "if_vehicle": true,
    "motion_state": false,
    "pose": [
      [
        -0.9963732675184706,
        0.08296786338622829,
        0.018885058106626544,
        9.340732491443305
      ],
      [
        -0.08277246821178467,
        -0.9965088109015199,
        0.010904508323076656,
        8.655226016523102
      ],
      [
        0.01972385055448354,
        0.009301797716737793,
        0.9997621948636292,
        0.8859011977012301
      ],
      [
        0.0,
        0.0,
        0.0,
        1.0
      ]
    ],
    "location": [
      9.340732491443305,
      8.655226016523102,
      0.8859011977012301
    ],
    "rotation": [
      0.009303741806112147,
      -0.019725129640937308,
      -3.0587092158725513
    ]
  },
  {
    "label_id": "WDFQH9mlthlZnL9lYsi8ag",
    "size": [
      2.0939272738466634,
      4.936790730025409,
      1.8700000000000045
    ],
    "obj_class": "vehicle",
    "point_num_in_lidar": 69,
    "speed": 1.7763568394002505e-14,
    "if_vehicle": true,
    "motion_state": false,
    "pose": [
      [
        0.9965269811152369,
        -0.08110074284284749,
        0.018885058106626544,
        61.17282476965073
      ],
      [
        0.08090509403422161,
        0.9966621581346137,
        0.010904508323076656,
        5.973896566101303
      ],
      [
        -0.019706386494385525,
        -0.009338739357783194,
        0.9997621948636292,
        0.6274128402494057
      ],
      [
        0.0,
        0.0,
        0.0,
        1.0
      ]
    ],
    "location": [
      61.17282476965073,
      5.973896566101303,
      0.6274128402494057
    ],
    "rotation": [
      -0.009340689023119022,
      0.019707662185832402,
      0.08100938323722451
    ]
  },
  {
    "label_id": "YKeU-RbOBPm408751EtB_w",
    "size": [
      1.94512131339548,
      4.316546035301789,
      1.7900000000000063
    ],
    "obj_class": "vehicle",
    "point_num_in_lidar": 89,
    "speed": 1.2434497875801753e-13,
    "if_vehicle": true,
    "motion_state": false,
    "pose": [
      [
        0.0846584607800889,
        0.9962310472970893,
        0.018885058106626544,
        -8.144026210019092
      ],
      [
        -0.9963669220453918,
        0.08446329588658068,
        0.010904508323076656,
        49.20434275888488
      ],
      [
        0.009268315496263219,
        -0.019739606108543205,
        0.9997621948636292,
        0.7359842257872771
      ],
      [
        0.0,
        0.0,
        0.0,
        1.0
      ]
    ],
    "location": [
      -8.144026210019092,
      49.20434275888488,
      0.7359842257872771
    ],
    "rotation": [
      -0.01974173631549396,
      -0.009268448195359373,
      -1.4860327636745707
    ]
  },
  {
    "label_id": "Yr2rEMIJVbvUGXp-0S39xg",
    "size": [
      0.560371266678808,
      0.5494825944821822,
      0.980000000000004
    ],
    "obj_class": "pedestrian",
    "point_num_in_lidar": 23,
    "speed": 6.404745667978754e-14,
    "if_vehicle": false,
    "motion_state": false,
    "pose": [
      [
        -0.9952994787475126,
        0.09498579991366662,
        0.018885058106626544,
        11.578038931566766
      ],
      [
        -0.0947920546704079,
        -0.9954373702396321,
        0.010904508323076656,
        14.699205824997762
      ],
      [
        0.019834666024215648,
        0.009063097989458936,
        0.9997621948636292,
        0.565181533972833
      ],
      [
        0.0,
        0.0,
        0.0,
        1.0
      ]
    ],
    "location": [
      11.578038931566766,
      14.699205824997762,
      0.565181533972833
    ],
    "rotation": [
      0.009065005441638343,
      -0.01983596679365037,
      -3.0466393261390214
    ]
  },
  {
    "label_id": "YytKtqwuhzFGLrx28JPtgQ",
    "size": [
      2.8673079452883403,
      7.235536587668475,
      3.3505405405405497
    ],
    "obj_class": "vehicle",
    "point_num_in_lidar": 2259,
    "speed": 0.012384824511104092,
    "if_vehicle": true,
    "motion_state": false,
    "pose": [
      [
        0.9987922517122968,
        -0.04535848872911541,
        0.018885058106626544,
        22.674579423933324
      ],
      [
        0.045158124126694205,
        0.9989203349234561,
        0.010904508323076656,
        3.5183025700521284
      ],
      [
        -0.019359280586789138,
        -0.010038524623702342,
        0.9997621948636292,
        1.5809332733412447
      ],
      [
        0.0,
        0.0,
        0.0,
        1.0
      ]
    ],
    "location": [
      22.674579423933324,
      3.5183025700521284,
      1.5809332733412447
    ],
    "rotation": [
      -0.010040574983322104,
      0.019360490041603146,
      0.04518195963742489
    ]
  },
  {
    "label_id": "ZAWh5ebxHQoiaBpI1opOtQ",
    "size": [
      2.3183299357428706,
      5.252203792437462,
      1.9400000000000048
    ],
    "obj_class": "vehicle",
    "point_num_in_lidar": 1552,
    "speed": 0.0045231721633718705,
    "if_vehicle": true,
    "motion_state": false,
    "pose": [
      [
        0.9972947340657393,
        -0.07103920034076701,
        0.018885058106626544,
        -13.792044876674368
      ],
      [
        0.07084219722746254,
        0.9974279296220941,
        0.010904508323076656,
        0.6064560379097657
      ],
      [
        -0.019611131959466066,
        -0.009537149717138649,
        0.9997621948636292,
        0.8586715158246392
      ],
      [
        0.0,
        0.0,
        0.0,
        1.0
      ]
    ],
    "location": [
      -13.792044876674368,
      0.6064560379097657,
      0.8586715158246392
    ],
    "rotation": [
      -0.009539128891648091,
      0.019612389239181734,
      0.07091524751428527
    ]
  },
  {
    "label_id": "ZqVcS5TpbdlQOy2xeA1L0w",
    "size": [
      2.165928493668121,
      4.872672216116353,
      1.6000000000000014
    ],
    "obj_class": "vehicle",
    "point_num_in_lidar": 2831,
    "speed": 0.0596142180117875,
    "if_vehicle": true,
    "motion_state": false,
    "pose": [
      [
        0.07443828268308901,
        0.9970467875939935,
        0.018885058106626544,
        -6.017212623527939
      ],
      [
        -0.9971806539042944,
        0.07424173474020818,
        0.010904508323076656,
        20.454129690257332
      ],
      [
        0.00947024551930996,
        -0.019643527464859735,
        0.9997621948636292,
        0.7756794040280894
      ],
      [
        0.0,
        0.0,
        0.0,
        1.0
      ]
    ],
    "location": [
      -6.017212623527939,
      20.454129690257332,
      0.7756794040280894
    ],
    "rotation": [
      -0.019645672085831917,
      -0.009470387082386622,
      -1.4962857801274148
    ]
  },
  {
    "label_id": "_wSssJXzyoUd9vRqDp9RMA",
    "size": [
      0.7500877164704728,
      0.7935346243200134,
      1.4500000000000028
    ],
    "obj_class": "pedestrian",
    "point_num_in_lidar": 172,
    "speed": 0.1710200262794055,
    "if_vehicle": false,
    "motion_state": false,
    "pose": [
      [
        -0.9187834204333098,
        0.3943100061083629,
        0.018885058106626544,
        -15.389190687396763
      ],
      [
        -0.3941676080771539,
        -0.9189738779970663,
        0.010904508323076656,
        11.624252847332627
      ],
      [
        0.021654631827927585,
        0.002575003272932815,
        0.9997621948636292,
        0.8280005984157697
      ],
      [
        0.0,
        0.0,
        0.0,
        1.0
      ]
    ],
    "location": [
      -15.389190687396763,
      11.624252847332627,
      0.8280005984157697
    ],
    "rotation": [
      0.0025756100722439763,
      -0.021656324577922284,
      -2.736330102921072
    ]
  },
  {
    "label_id": "ahh4Y1SZ-y9Qvly03o_oAA",
    "size": [
      2.0627046657678147,
      4.417872033252479,
      1.7451871050278172
    ],
    "obj_class": "vehicle",
    "point_num_in_lidar": 555,
    "speed": 0.0012497102910042116,
    "if_vehicle": true,
    "motion_state": false,
    "pose": [
      [
        0.07575803638564695,
        0.9969473780011161,
        0.018885058106626544,
        -6.933422402829706
      ],
      [
        -0.997081504370182,
        0.07556166581757338,
        0.010904508323076656,
        32.64712268563085
      ],
      [
        0.009444234531484252,
        -0.01965604628538073,
        0.9997621948636292,
        0.6959842257872282
      ],
      [
        0.0,
        0.0,
        0.0,
        1.0
      ]
    ],
    "location": [
      -6.933422402829706,
      32.64712268563085,
      0.6959842257872282
    ],
    "rotation": [
      -0.019658189048825055,
      -0.00944437493127872,
      -1.4949622479837485
    ]
  },
  {
    "label_id": "bA4NouE1x7OzqmpHmrXLCA",
    "size": [
      0.764077644305871,
      0.060923233862056884,
      0.7700000000000031
    ],
    "obj_class": "sign",
    "point_num_in_lidar": 67,
    "speed": 0.004307500874783504,
    "if_vehicle": false,
    "motion_state": false,
    "pose": [
      [
        0.9998216613878244,
        3.239995104755659e-16,
        0.018885058106626544,
        8.585679418652035
      ],
      [
        -0.0002059690055323896,
        0.9999405228687357,
        0.010904508323076656,
        13.716566155785358
      ],
      [
        -0.018883934877546603,
        -0.010906453364833505,
        0.9997621948636292,
        2.7444048889138273
      ],
      [
        0.0,
        0.0,
        0.0,
        1.0
      ]
    ],
    "location": [
      8.585679418652035,
      13.716566155785358,
      2.7444048889138273
    ],
    "rotation": [
      -0.010908614871111373,
      0.018885057402316045,
      -0.00020600574139674786
    ]
  },
  {
    "label_id": "bRh1w0l7W8vM5beWIsmrxw",
    "size": [
      2.1888276515212306,
      4.690092557767388,
      1.6300000000000026
    ],
    "obj_class": "vehicle",
    "point_num_in_lidar": 237,
    "speed": 7.32410687763558e-14,
    "if_vehicle": true,
    "motion_state": false,
    "pose": [
      [
        0.9969326349528272,
        -0.07595180015195312,
        0.018885058106626544,
        35.212053185437185
      ],
      [
        0.07575545565618849,
        0.9970667994856489,
        0.010904508323076656,
        4.22053591317831
      ],
      [
        -0.019657881481384264,
        -0.009440414033428756,
        0.9997621948636292,
        0.5583892709794824
      ],
      [
        0.0,
        0.0,
        0.0,
        1.0
      ]
    ],
    "location": [
      35.212053185437185,
      4.22053591317831,
      0.5583892709794824
    ],
    "rotation": [
      -0.009442378913519914,
      0.019659147775004705,
      0.07584278573899035
    ]
  },
  {
    "label_id": "bepnY6mVP1Xup8wQHgCcdQ",
    "size": [
      0.5500377805721971,
      0.4808054708391967,
      1.5400000000000063
    ],
    "obj_class": "pedestrian",
    "point_num_in_lidar": 123,
    "speed": 0.1944862997190798,
    "if_vehicle": false,
    "motion_state": false,
    "pose": [
      [
        -0.9129485810764144,
        0.40763739142879296,
        0.018885058106626544,
        11.024546882603204
      ],
      [
        -0.40749777980332325,
        -0.9131410904967502,
        0.010904508323076656,
        13.133611499969447
      ],
      [
        0.021689807881211987,
        0.0022596361509817173,
        0.9997621948636292,
        0.7075243398899147
      ],
      [
        0.0,
        0.0,
        0.0,
        1.0
      ]
    ],
    "location": [
      11.024546882603204,
      13.133611499969447,
      0.7075243398899147
    ],
    "rotation": [
      0.002260169783280021,
      -0.02169150889495392,
      -2.7217753076600384
    ]
  },
  {
    "label_id": "dflMqGo5HWaGLblIEG_AIw",
    "size": [
      1.8606366508090648,
      4.05075350178842,
      1.5400000000000063
    ],
    "obj_class": "vehicle",
    "point_num_in_lidar": 41,
    "speed": 1.6758116906701666e-13,
    "if_vehicle": true,
    "motion_state": false,
    "pose": [
      [
        -0.12480631270429768,
        -0.9920013804876818,
        0.018885058106626544,
        -2.6035799559380166
      ],
      [
        0.9921450230899668,
        -0.12461679203077342,
        0.010904508323076656,
        70.46901911606778
      ],
      [
        -0.008463891951468908,
        0.020097667886910885,
        0.9997621948636292,
        0.5087215496930142
      ],
      [
        0.0,
        0.0,
        0.0,
        1.0
      ]
    ],
    "location": [
      -2.6035799559380166,
      70.46901911606778,
      0.5087215496930142
    ],
    "rotation": [
      0.020099741152474444,
      0.008463993010023433,
      1.695933447794391
    ]
  },
  {
    "label_id": "eZRjpTUJ2mfeBaXNVhY0Xg",
    "size": [
      2.107788855889298,
      4.800487478512236,
      1.8300000000000054
    ],
    "obj_class": "vehicle",
    "point_num_in_lidar": 91,
    "speed": 5.0242958677880804e-14,
    "if_vehicle": true,
    "motion_state": false,
    "pose": [
      [
        0.10303595188424196,
        0.9944983394654903,
        0.018885058106626544,
        -8.436392986691658
      ],
      [
        -0.9946377940935716,
        0.10284332870393637,
        0.010904508323076656,
        54.806907441187604
      ],
      [
        0.008902313181534621,
        -0.01990734893140179,
        0.9997621948636292,
        0.7272931497340309
      ],
      [
        0.0,
        0.0,
        0.0,
        1.0
      ]
    ],
    "location": [
      -8.436392986691658,
      54.806907441187604,
      0.7272931497340309
    ],
    "rotation": [
      -0.019909453098487354,
      -0.00890243077219901,
      -1.4675730815005963
    ]
  },
  {
    "label_id": "el1MZgM6r4thy7UFY5Ms-w",
    "size": [
      2.0837190808903197,
      4.851971849331807,
      1.750000000000007
    ],
    "obj_class": "vehicle",
    "point_num_in_lidar": 128,
    "speed": 7.32410687763558e-14,
    "if_vehicle": true,
    "motion_state": false,
    "pose": [
      [
        0.9993058811777903,
        -0.03211090817447313,
        0.018885058106626544,
        54.61664858770905
      ],
      [
        0.03190886285352148,
        0.9994312963729057,
        0.010904508323076656,
        5.417655642829459
      ],
      [
        -0.019224471771033515,
        -0.010294338569497536,
        0.9997621948636292,
        0.567412840249375
      ],
      [
        0.0,
        0.0,
        0.0,
        1.0
      ]
    ],
    "location": [
      54.61664858770905,
      5.417655642829459,
      0.567412840249375
    ],
    "rotation": [
      -0.010296423319935502,
      0.01922565613240499,
      0.03192018122405083
    ]
  },
  {
    "label_id": "fEKN6OQe99brECij0ShExg",
    "size": [
      2.197789788132656,
      4.78244681950412,
      1.8500000000000014
    ],
    "obj_class": "vehicle",
    "point_num_in_lidar": 305,
    "speed": 1.293207299340885e-13,
    "if_vehicle": true,
    "motion_state": false,
    "pose": [
      [
        0.03411921876658214,
        0.9992393274341576,
        0.018885058106626544,
        -7.503220989563033
      ],
      [
        -0.9993651484407038,
        0.033917425909434015,
        0.010904508323076656,
        39.35232871119251
      ],
      [
        0.01025568100362443,
        -0.019245122203057224,
        0.9997621948636292,
        0.7559842257872944
      ],
      [
        0.0,
        0.0,
        0.0,
        1.0
      ]
    ],
    "location": [
      -7.503220989563033,
      39.35232871119251,
      0.7559842257872944
    ],
    "rotation": [
      -0.01924732274421972,
      -0.010255860792500555,
      -1.5366686892415322
    ]
  },
  {
    "label_id": "fYyXv0ky6LiEHw3E0pA23g",
    "size": [
      2.1014152605627956,
      4.143773707621943,
      1.5400000000000063
    ],
    "obj_class": "vehicle",
    "point_num_in_lidar": 60,
    "speed": 7.944109290391274e-14,
    "if_vehicle": true,
    "motion_state": false,
    "pose": [
      [
        0.10303595188422429,
        0.9944983394654922,
        0.018885058106626544,
        -7.926732329399215
      ],
      [
        -0.9946377940935733,
        0.1028433287039187,
        0.010904508323076656,
        44.76735946503845
      ],
      [
        0.008902313181534977,
        -0.019907348931401635,
        0.9997621948636292,
        0.6409842257872143
      ],
      [
        0.0,
        0.0,
        0.0,
        1.0
      ]
    ],
    "location": [
      -7.926732329399215,
      44.76735946503845,
      0.6409842257872143
    ],
    "rotation": [
      -0.019909453098487198,
      -0.008902430772199366,
      -1.467573081500614
    ]
  },
  {
    "label_id": "fh1oSL5OCYHPzBR4ONvPDg",
    "size": [
      2.5441525762012365,
      5.529152590652675,
      2.3499999999999943
    ],
    "obj_class": "vehicle",
    "point_num_in_lidar": 11192,
    "speed": 0.05059775351238859,
    "if_vehicle": true,
    "motion_state": false,
    "pose": [
      [
        -0.05333262921989276,
        -0.998398209754406,
        0.018885058106626544,
        1.1709670944601385
      ],
      [
        0.9985278888395475,
        -0.05313329377958884,
        0.010904508323076656,
        18.34852129045953
      ],
      [
        -0.00988361624758776,
        0.01943882330104187,
        0.9997621948636292,
        1.2174218785569124
      ],
      [
        0.0,
        0.0,
        0.0,
        1.0
      ]
    ],
    "location": [
      1.1709670944601385,
      18.34852129045953,
      1.2174218785569124
    ],
    "rotation": [
      0.019440997425194177,
      0.00988377716960397,
      1.6241568802062964
    ]
  },
  {
    "label_id": "gHAsq7pr4L8fOU8I8lYpmQ",
    "size": [
      1.9335229779327918,
      4.306984522848348,
      1.6700000000000017
    ],
    "obj_class": "vehicle",
    "point_num_in_lidar": 37,
    "speed": 1.2434497875801753e-13,
    "if_vehicle": true,
    "motion_state": false,
    "pose": [
      [
        0.054897985089590366,
        0.9983133605303559,
        0.018885058106626544,
        -9.268167274577536
      ],
      [
        -0.9984433520006952,
        0.054698853222418506,
        0.010904508323076656,
        64.14157132866671
      ],
      [
        0.009853125327470685,
        -0.01945429625403769,
        0.9997621948636292,
        0.5739372660320186
      ],
      [
        0.0,
        0.0,
        0.0,
        1.0
      ]
    ],
    "location": [
      -9.268167274577536,
      64.14157132866671,
      0.5739372660320186
    ],
    "rotation": [
      -0.01945646820526444,
      -0.009853284764702071,
      -1.5158680600059302
    ]
  },
  {
    "label_id": "iJTrb2PG3jGymdonV28WwA",
    "size": [
      1.9328328250724431,
      4.602956498834574,
      1.7600000000000051
    ],
    "obj_class": "vehicle",
    "point_num_in_lidar": 201,
    "speed": 0.032095635063205126,
    "if_vehicle": true,
    "motion_state": false,
    "pose": [
      [
        0.9969015878267841,
        -0.076358226595083,
        0.018885058106626544,
        30.047215012402603
      ],
      [
        0.07616193681227036,
        0.997035832394822,
        0.010904508323076656,
        3.610096004483921
      ],
      [
        -0.019661728546606434,
        -0.009432399059532555,
