[
  {
    "label_id": "-F5A7bbXR534ssEhSPvsKA",
    "size": [
      0.914484321292083,
      1.0494597753535118,
      1.740000000000002
    ],
    "obj_class": "pedestrian",
    "point_num_in_lidar": 305,
    "speed": 1.796197796695822,
    "if_vehicle": false,
    "motion_state": true,
    "pose": [
      [
        0.9882600675087451,
        -0.1511281835089194,
        0.022412298340532065,
        11.330212215028041
      ],
      [
        0.15121151760223608,
        0.9884992802091593,
        -0.002061545634411709,
        16.088435748126813
      ],
      [
        -0.0218429831304995,
        0.005426340872862006,
        0.9997466873727026,
        0.9931272652781331
      ],
      [
        0.0,
        0.0,
        0.0,
        1.0
      ]
    ],
    "location": [
      11.330212215028041,
      16.088435748126813,
      0.9931272652781331
    ],
    "rotation": [
      0.005427662482401657,
      0.021844720442666356,
      0.15183027406933108
    ]
  },
  {
    "label_id": "-FAHwqVW2G-3XzoYPoMFfw",
    "size": [
      3.120054896761184,
      11.531225792973089,
      4.109999999999957
    ],
    "obj_class": "vehicle",
    "point_num_in_lidar": 717,
    "speed": 6.528854662351412e-29,
    "if_vehicle": true,
    "motion_state": false,
    "pose": [
      [
        -0.9983829720526257,
        0.05224107577817361,
        0.022412298340532065,
        38.31753235524798
      ],
      [
        -0.05230024271002641,
        -0.9986292778814717,
        -0.002061545634411709,
        13.72797195905855
      ],
      [
        0.02227387994576218,
        -0.0032303807004054265,
        0.9997466873727026,
        1.8429762349869563
      ],
      [
        0.0,
        0.0,
        0.0,
        1.0
      ]
    ],
    "location": [
      38.31753235524798,
      13.72797195905855,
      1.8429762349869563
    ],
    "rotation": [
      -0.003231187958764061,
      -0.022275722131221823,
      -3.089255542172082
    ]
  },
  {
    "label_id": "-H4mHZRW8n7aRqwatB9ZGw",
    "size": [
      2.1193007481504775,
      4.685897212546479,
      1.7800000000000011
    ],
    "obj_class": "vehicle",
    "point_num_in_lidar": 996,
    "speed": 0.01593034539924362,
    "if_vehicle": true,
    "motion_state": false,
    "pose": [
      [
        -0.19280481732115487,
        -0.9809811370769833,
        0.022412298340532065,
        0.5811605674649627
      ],
      [
        0.9812166098299167,
        -0.19289819756410986,
        -0.002061545634411709,
        31.300247879122935
      ],
      [
        0.006345629333739015,
        0.02159384346675157,
        0.9997466873727026,
        0.8259842257872521
      ],
      [
        0.0,
        0.0,
        0.0,
        1.0
      ]
    ],
    "location": [
      0.5811605674649627,
      31.300247879122935,
      0.8259842257872521
    ],
    "rotation": [
      0.02159595687350599,
      -0.006345671921099085,
      1.7648200811609187
    ]
  },
  {
    "label_id": "5tqAjOce6YWfi1CdeCMP-Q",
    "size": [
      2.2636790255731074,
      4.979165260291454,
      1.8500000000000014
    ],
    "obj_class": "vehicle",
    "point_num_in_lidar": 2018,
    "speed": 1.7852165294699933e-13,
    "if_vehicle": true,
    "motion_state": false,
    "pose": [
      [
        -0.9953123724828336,
        0.09407959431081842,
        0.022412298340532065,
        10.627576893746209
      ],
      [
        -0.09414904226095482,
        -0.9955559792753707,
        -0.002061545634411709,
        11.982496768205465
      ],
      [
        0.022118748245281476,
        -0.004161978299995826,
        0.9997466873727026,
        0.8802654804896193
      ],
      [
        0.0,
        0.0,
        0.0,
        1.0
      ]
    ],
    "location": [
      10.627576893746209,
      11.982496768205465,
      0.8802654804896193
    ],
    "rotation": [
      -0.004163008799412146,
      -0.02212055220159803,
      -3.047280821432229
    ]
  },
  {
    "label_id": "8Fg4poEL5AVkJRV9CO00xA",
    "size": [
      2.1500009585022535,
      4.8842989074546495,
      1.4500000000000028
    ],
    "obj_class": "vehicle",
    "point_num_in_lidar": 1158,
    "speed": 0.07381517238037716,
    "if_vehicle": true,
    "motion_state": false,
    "pose": [
      [
        -0.0628933795802855,
        -0.9977685661956209,
        0.022412298340532065,
        0.7948224886586104
      ],
      [
        0.998014226535313,
        -0.06295517185043914,
        -0.002061545634411709,
        24.810830127362124
      ],
      [
        0.0034679155253853197,
        0.022238135021097654,
        0.9997466873727026,
        0.6959842257871713
      ],
      [
        0.0,
        0.0,
        0.0,
        1.0
      ]
    ],
    "location": [
      0.7948224886586104,
      24.810830127362124,
      0.6959842257871713
    ],
    "rotation": [
      0.02224010210756208,
      -0.0034679224765348337,
      1.633731622569414
    ]
  },
  {
    "label_id": "8saxVVbRERN0l4g5OGtBzQ",
    "size": [
      0.46790560471938636,
      0.0708605181398612,
      0.1782079646017536
    ],
    "obj_class": "sign",
    "point_num_in_lidar": 84,
    "speed": 0.004473201021515097,
    "if_vehicle": false,
    "motion_state": false,
    "pose": [
      [
        0.9995497601240272,
        0.01994908316425946,
        0.022412298340532065,
        8.582237182394806
      ],
      [
        -0.019907846569307625,
        0.9997996937759934,
        -0.002061545634411709,
        13.717789460764152
      ],
      [
        -0.022448934962987964,
        0.0016144368477320978,
        0.9997466873727026,
        2.2562328319723477
      ],
      [
        0.0,
        0.0,
        0.0,
        1.0
      ]
    ],
    "location": [
      8.582237182394806,
      13.717789460764152,
      2.2562328319723477
    ],
    "rotation": [
      0.0016148445049014883,
      0.02245082093169476,
      -0.01991418100931805
    ]
  },
  {
    "label_id": "917XhsvjWDcD0OHKD8dPPA",
    "size": [
      2.0433741804593644,
      4.63664366699592,
      1.8000000000000043
    ],
    "obj_class": "vehicle",
    "point_num_in_lidar": 36,
    "speed": 9.565974336450907e-14,
    "if_vehicle": true,
    "motion_state": false,
    "pose": [
      [
        0.08892594851995497,
        0.9957860536093691,
        0.022412298340532065,
        -9.694906522705423
      ],
      [
        -0.9960300166456618,
        0.08899413447210917,
        -0.002061545634411709,
        71.25753484320308
      ],
      [
        -0.004047421483972798,
        -0.02213999698823046,
        0.9997466873727026,
        0.6909842257873038
      ],
      [
        0.0,
        0.0,
        0.0,
        1.0
      ]
    ],
    "location": [
      -9.694906522705423,
      71.25753484320308,
      0.6909842257873038
    ],
    "rotation": [
      -0.02214198754051799,
      0.004047432534608167,
      -1.4817520261580126
    ]
  },
  {
    "label_id": "Bbx8pLm5ey4t1wPBh4cdAw",
    "size": [
      2.123877219783958,
      4.766762156548458,
      1.8100000000000023
    ],
    "obj_class": "vehicle",
    "point_num_in_lidar": 362,
    "speed": 0.020445095344078217,
    "if_vehicle": true,
    "motion_state": false,
    "pose": [
      [
        -0.9951919341510763,
        0.09534517860770297,
        0.022412298340532065,
        17.435351014412845
      ],
      [
        -0.09541493627726351,
        -0.9954354524351657,
        -0.002061545634411709,
        12.935874990188267
      ],
      [
        0.022113437901998538,
        -0.004190101605239782,
        0.9997466873727026,
        0.7715602004971629
      ],
      [
        0.0,
        0.0,
        0.0,
        1.0
      ]
    ],
    "location": [
      17.435351014412845,
      12.935874990188267,
      0.7715602004971629
    ],
    "rotation": [
      -0.004191138739632273,
      -0.02211524055913675,
      -3.046008899834876
    ]
  },
  {
    "label_id": "BysFJyhWuMC5UXY1Bs05bQ",
    "size": [
      1.7590874962375886,
      3.8442857249957045,
      1.6579254470060363
    ],
    "obj_class": "vehicle",
    "point_num_in_lidar": 54,
    "speed": 0.0,
    "if_vehicle": true,
    "motion_state": false,
    "pose": [
      [
        0.9954222920124737,
        -0.09290936146443231,
        0.022412298340532065,
        3.796627101763306
      ],
      [
        0.09297852296318905,
        0.9956659802851461,
        -0.002061545634411709,
        67.15691729280661
      ],
      [
        -0.022123626109146036,
        0.004135970876407416,
        0.9997466873727026,
        0.7599469492904305
      ],
      [
        0.0,
        0.0,
        0.0,
        1.0
      ]
    ],
    "location": [
      3.796627101763306,
      67.15691729280661,
      0.7599469492904305
    ],
    "rotation": [
      0.004136995234171363,
      0.022125431259384633,
      0.09313587527803925
    ]
  },
  {
    "label_id": "II9hCDJdG-EL7T23hW66TA",
    "size": [
      2.169638695984415,
      4.618757893724354,
      1.7700000000000031
    ],
    "obj_class": "vehicle",
    "point_num_in_lidar": 214,
    "speed": 2.1683198553528098e-13,
    "if_vehicle": true,
    "motion_state": false,
    "pose": [
      [
        0.9984932765263211,
        -0.05008857768819595,
        0.022412298340532065,
        -26.80830841833972
      ],
      [
        0.050147213480983645,
        0.9987397093385694,
        -0.002061545634411709,
        -0.6173348429899761
      ],
      [
        -0.022280792441565306,
        0.003182353764694437,
        0.9997466873727026,
        1.0536715158245258
      ],
      [
        0.0,
        0.0,
        0.0,
        1.0
      ]
    ],
    "location": [
      -26.80830841833972,
      -0.6173348429899761,
      1.0536715158245258
    ],
    "rotation": [
      0.0031831493482757153,
      0.022282636342929363,
      0.05018072290409441
    ]
  },
  {
    "label_id": "JcZR8xraPSEsVAcWqiuhYQ",
    "size": [
      0.8940142226489869,
      0.9651224762287711,
      1.970000000000006
    ],
    "obj_class": "pedestrian",
    "point_num_in_lidar": 143,
    "speed": 1.1583254588012928,
    "if_vehicle": false,
    "motion_state": true,
    "pose": [
      [
        0.9987182099024072,
        -0.04538310360063779,
        0.022412298340532065,
        -24.856502341168948
      ],
      [
        0.0454405775466925,
        0.9989649162717479,
        -0.002061545634411709,
        13.055642451634867
      ],
      [
        -0.022295540396103104,
        0.0030773309463743392,
        0.9997466873727026,
        1.2899883855916556
      ],
      [
        0.0,
        0.0,
        0.0,
        1.0
      ]
    ],
    "location": [
      -24.856502341168948,
      13.055642451634867,
      1.2899883855916556
    ],
    "rotation": [
      0.00307810094927198,
      0.022297387961947003,
      0.045467540013335216
    ]
  },
  {
    "label_id": "KCCr9VFidHPM1SGOspbnnA",
    "size": [
      0.5030238935685091,
      0.0682318327003486,
      0.5600000000000023
    ],
    "obj_class": "sign",
    "point_num_in_lidar": 99,
    "speed": 0.014067616559357636,
    "if_vehicle": false,
    "motion_state": false,
    "pose": [
      [
        -0.6274928476302568,
        0.7782996948836396,
        0.022412298340532065,
        1.7876168747135353
      ],
      [
        -0.7785225949616621,
        -0.6276131923117593,
        -0.002061545634411709,
        34.26290745635606
      ],
      [
        0.012461753770293545,
        -0.018742085803782706,
        0.9997466873727026,
        2.1618464796588626
      ],
      [
        0.0,
        0.0,
        0.0,
        1.0
      ]
    ],
    "location": [
      1.7876168747135353,
      34.26290745635606,
      2.1618464796588626
    ],
    "rotation": [
      -0.018744638923708874,
      -0.012462076334815445,
      -2.2491879439854694
    ]
  },
  {
    "label_id": "KlRyHlmOZHGwiS9zWsd3BQ",
    "size": [
      1.7560101550848513,
      3.914309175224693,
      1.6179254470060371
    ],
    "obj_class": "vehicle",
    "point_num_in_lidar": 22,
    "speed": 7.944109290391274e-14,
    "if_vehicle": true,
    "motion_state": false,
    "pose": [
      [
        -0.9957869031164432,
        0.0889164352909973,
        0.022412298340532065,
        3.317962986855605
      ],
      [
        -0.08898461891245173,
        -0.9960308668041382,
        -0.002061545634411709,
        83.34597896365835
      ],
      [
        0.0221400356541915,
        -0.004047209969708478,
        0.9997466873727026,
        0.7499469492904396
      ],
      [
        0.0,
        0.0,
        0.0,
        1.0
      ]
    ],
    "location": [
      3.317962986855605,
      83.34597896365835,
      0.7499469492904396
    ],
    "rotation": [
      -0.004048213324636468,
      -0.02214184482475202,
      -3.0524682760953987
    ]
  },
  {
    "label_id": "NpOYq1LvezmGuK1h3sh1Ig",
    "size": [
      0.4751209984601698,
      0.05187169363348636,
      0.490000000000002
    ],
    "obj_class": "sign",
    "point_num_in_lidar": 134,
    "speed": 0.03038096646084175,
    "if_vehicle": false,
    "motion_state": false,
    "pose": [
      [
        0.9997488128940664,
        -9.851276705898708e-18,
        0.022412298340532065,
        -11.939909093627534
      ],
      [
        4.621558456002167e-05,
        0.9999978739445984,
        -0.002061545634411709,
        12.647574054071583
      ],
      [
        -0.02241225069074412,
        0.0020620635981991914,
        0.9997466873727026,
        2.805340644773821
      ],
      [
        0.0,
        0.0,
        0.0,
        1.0
      ]
    ],
    "location": [
      -11.939909093627534,
      12.647574054071583,
      2.805340644773821
    ],
    "rotation": [
      0.002062583152378198,
      0.022414127427458665,
      4.6227196202731074e-05
    ]
  },
  {
    "label_id": "OYu8kf7jtrYsvOz2ePSR9A",
    "size": [
      0.8358826146658805,
      0.8335105517913388,
      1.8700000000000045
    ],
    "obj_class": "pedestrian",
    "point_num_in_lidar": 75,
    "speed": 1.4328212260433506,
    "if_vehicle": false,
    "motion_state": true,
    "pose": [
      [
        -0.9779569420640076,
        0.20760035730198134,
        0.022412298340532065,
        32.83374471882746
      ],
      [
        -0.20769728366346604,
        -0.97819097746218,
        -0.002061545634411709,
        16.409162571012075
      ],
      [
        0.021495530410600847,
        -0.0066710763505383975,
        0.9997466873727026,
        0.816823959480466
      ],
      [
        0.0,
        0.0,
        0.0,
        1.0
      ]
    ],
    "location": [
      32.83374471882746,
      16.409162571012075,
      0.816823959480466
    ],
    "rotation": [
      -0.006672667612444261,
      -0.021497186117902814,
      -2.9323232643358472
    ]
  },
  {
    "label_id": "P5W3PzH21kZDfGzI8M2_Hw",
    "size": [
      3.102976625231795,
      12.442215914863029,
      3.289999999999978
    ],
    "obj_class": "vehicle",
    "point_num_in_lidar": 1832,
    "speed": 1.1374233532693354e-13,
    "if_vehicle": true,
    "motion_state": false,
    "pose": [
      [
        -0.9978490619077536,
        0.06160307243077425,
        0.022412298340532065,
        -25.834742573186077
      ],
      [
        -0.061664546976021695,
        -0.9980948019481112,
        -0.002061545634411709,
        9.284364917255516
      ],
      [
        0.022242600928359325,
        -0.0034391556012381007,
        0.9997466873727026,
        1.7264236508907373
      ],
      [
        0.0,
        0.0,
        0.0,
        1.0
      ]
    ],
    "location": [
      -25.834742573186077,
      9.284364917255516,
      1.7264236508907373
    ],
    "rotation": [
      -0.0034400134340984642,
      -0.022244435362667122,
      -3.079873670999285
    ]
  },
  {
    "label_id": "RB-oIFuuBhuOu_4wBXtzcQ",
    "size": [
      1.9645943556835397,
      4.318930102955118,
      1.564739240841142
    ],
    "obj_class": "vehicle",
    "point_num_in_lidar": 225,
    "speed": 0.005878886832261555,
    "if_vehicle": true,
    "motion_state": false,
    "pose": [
      [
        -0.9951919341510689,
        0.09534517860777987,
        0.022412298340532065,
        23.453087260592838
      ],
      [
        -0.09541493627734042,
        -0.9954354524351583,
        -0.002061545634411709,
        13.32257907367557
      ],
      [
        0.022113437901998215,
        -0.00419010160524149,
        0.9997466873727026,
        0.6183242563364004
      ],
      [
        0.0,
        0.0,
        0.0,
        1.0
      ]
    ],
    "location": [
      23.453087260592838,
      13.32257907367557,
      0.6183242563364004
    ],
    "rotation": [
      -0.004191138739633981,
      -0.022115240559136426,
      -3.0460088998347987
    ]
  },
  {
    "label_id": "T6U06Wun56eAHCrMjQZvzA",
    "size": [
      2.0430374440109054,
      4.534960981455697,
      1.500000000000007
    ],
    "obj_class": "vehicle",
    "point_num_in_lidar": 119,
    "speed": 0.0033727435632453363,
    "if_vehicle": true,
    "motion_state": false,
    "pose": [
      [
        0.9995107876560024,
        -0.02181454199318752,
        0.022412298340532065,
        -39.302471853596785
      ],
      [
        0.02186618109233465,
        0.9997587809837104,
        -0.002061545634411709,
        -1.3945955525589397
      ],
      [
        -0.02236192039416083,
        0.002550608475049145,
        0.9997466873727026,
        1.1386009299380007
      ],
      [
        0.0,
        0.0,
        0.0,
        1.0
      ]
    ],
    "location": [
      -39.302471853596785,
      -1.3945955525589397,
      1.1386009299380007
    ],
    "rotation": [
      0.0025512492048239167,
      0.022363784513818017,
      0.021873394457861472
    ]
  },
  {
    "label_id": "TQrooR0Xw1MtfxMyfaa4Wg",
    "size": [
      0.47850452740477595,
      0.05830563960807922,
      0.5300000000000011
    ],
    "obj_class": "sign",
    "point_num_in_lidar": 26,
    "speed": 0.009994974161535086,
    "if_vehicle": false,
    "motion_state": false,
    "pose": [
      [
        0.17518669389916405,
        0.9842800979212043,
        0.022412298340532065,
        -10.046946138737894
      ],
      [
        -0.9845172069596778,
        0.17527583755301845,
        -0.002061545634411709,
        47.34761445627305
      ],
      [
        -0.005957472702032672,
        -0.021704137999752814,
        0.9997466873727026,
        2.98361630007615
      ],
      [
        0.0,
        0.0,
        0.0,
        1.0
      ]
    ],
    "location": [
      -10.046946138737894,
      47.34761445627305,
      2.98361630007615
    ],
    "rotation": [
      -0.02170622764470679,
      0.005957507942517037,
      -1.3946977776662797
    ]
  },
  {
    "label_id": "WZTmKOjU6x9GGgb7KkKPSg",
    "size": [
      0.8109005116126662,
      0.9399318891436694,
      1.8600000000000065
    ],
    "obj_class": "pedestrian",
    "point_num_in_lidar": 21,
    "speed": 0.8620306440396931,
    "if_vehicle": false,
    "motion_state": false,
    "pose": [
      [
        -0.9954080695486185,
        0.09306161378671506,
        0.022412298340532065,
        -54.070371771082364
      ],
      [
        -0.09313081255765794,
        -0.9956517472399412,
        -0.002061545634411709,
        -5.933363141033624
      ],
      [
        0.022122993238780277,
        -0.00413935471597454,
        0.9997466873727026,
        1.5111189852535034
      ],
      [
        0.0,
        0.0,
        0.0,
        1.0
      ]
    ],
    "location": [
      -54.070371771082364,
      -5.933363141033624,
      1.5111189852535034
    ],
    "rotation": [
      -0.004140379873149716,
      -0.0221247982340857,
      -3.0483037885908835
    ]
  },
  {
    "label_id": "YKeU-RbOBPm408751EtB_w",
    "size": [
      1.9451213133954806,
      4.316546035301789,
      1.7900000000000063
    ],
    "obj_class": "vehicle",
    "point_num_in_lidar": 104,
    "speed": 1.2434497875801753e-13,
    "if_vehicle": true,
    "motion_state": false,
    "pose": [
      [
        0.08465229243867832,
        0.9961584604208165,
        0.022412298340532065,
        -8.144026210018978
      ],
      [
        -0.9964027137915832,
        0.084719430937451,
        -0.002061545634411709,
        49.20434275888442
      ],
      [
        -0.003952383286673077,
        -0.02215716032489285,
        0.9997466873727026,
        0.7359842257872842
      ],
      [
        0.0,
        0.0,
        0.0,
        1.0
      ]
    ],
    "location": [
      -8.144026210018978,
      49.20434275888442,
      0.7359842257872842
    ],
    "rotation": [
      -0.022159146804064885,
      0.003952393576995083,
      -1.4860419401458747
    ]
  },
  {
    "label_id": "Yr2rEMIJVbvUGXp-0S39xg",
    "size": [
      0.5603712666788082,
      0.5494825944821822,
      0.980000000000004
    ],
    "obj_class": "pedestrian",
    "point_num_in_lidar": 118,
    "speed": 6.404745667978754e-14,
    "if_vehicle": false,
    "motion_state": false,
    "pose": [
      [
        -0.9952269597467096,
        0.0949788791069691,
        0.022412298340532065,
        11.57803893156688
      ],
      [
        -0.09504854714180447,
        -0.9954705036895013,
        -0.002061545634411709,
        14.699205824997762
      ],
      [
        0.022114978624304543,
        -0.004181962189490914,
        0.9997466873727026,
        0.565181533972833
      ],
      [
        0.0,
        0.0,
        0.0,
        1.0
      ]
    ],
    "location": [
      11.57803893156688,
      14.699205824997762,
      0.565181533972833
    ],
    "rotation": [
      -0.004182997404276053,
      -0.022116781658317028,
      -3.0463770493597164
    ]
  },
  {
    "label_id": "ZqVcS5TpbdlQOy2xeA1L0w",
    "size": [
      2.1659284936683076,
      4.872672216116353,
      1.6000000000000014
    ],
    "obj_class": "vehicle",
    "point_num_in_lidar": 4546,
    "speed": 0.0596142175132269,
    "if_vehicle": true,
    "motion_state": false,
    "pose": [
      [
        0.07423986264822525,
        0.9969885313668697,
        0.022412298340532065,
        -6.021659569231701
      ],
      [
        -0.9972334728653566,
        0.07430444553657334,
        -0.002061545634411709,
        20.507583408619894
      ],
      [
        -0.0037206707557914088,
        -0.022197245244281488,
        0.9997466873727026,
        0.7613991309853319
      ],
      [
        0.0,
        0.0,
        0.0,
        1.0
      ]
    ],
    "location": [
      -6.021659569231701,
      20.507583408619894,
      0.7613991309853319
    ],
    "rotation": [
      -0.022199222159852677,
      0.0037206793402948164,
      -1.4964875829480135
    ]
  },
  {
    "label_id": "_24i-ZRumO3LrMkBqlq3zw",
    "size": [
      0.5299025696451863,
      0.0716175953503607,
      0.6400000000000006
    ],
    "obj_class": "sign",
    "point_num_in_lidar": 24,
    "speed": 0.003777696258606385,
    "if_vehicle": false,
    "motion_state": false,
    "pose": [
      [
        0.4875065722546909,
        -0.872831616574226,
        0.022412298340532065,
        -9.702762840421201
      ],
      [
        0.8730715956144418,
        0.4875876731018226,
        -0.002061545634411709,
        47.44554548522024
      ],
      [
        -0.00912857818799876,
        0.020572558119333912,
        0.9997466873727026,
        2.4959985807775382
      ],
      [
        0.0,
        0.0,
        0.0,
        1.0
      ]
    ],
    "location": [
      -9.702762840421201,
      47.44554548522024,
      2.4959985807775382
    ],
    "rotation": [
      0.02057486695059026,
      0.009128704974919665,
      1.0615413624089622
    ]
  },
  {
    "label_id": "_wSssJXzyoUd9vRqDp9RMA",
    "size": [
      0.7500877164704874,
      0.7935346243200134,
      1.4500000000000028
    ],
    "obj_class": "pedestrian",
    "point_num_in_lidar": 206,
    "speed": 0.17012248814252567,
    "if_vehicle": false,
    "motion_state": false,
    "pose": [
      [
        -0.9680320650096876,
        -0.249823157445772,
        0.022412298340532065,
        -15.339196822987901
      ],
      [
        0.24984064488867558,
        -0.968284773293068,
        -0.002061545634411709,
        11.80379503254835
      ],
      [
        0.022216509057245978,
        0.0036038607932446527,
        0.9997466873727026,
        0.8280005984157768
      ],
      [
        0.0,
        0.0,
        0.0,
        1.0
      ]
    ],
    "location": [
      -15.339196822987901,
      11.80379503254835,
      0.8280005984157768
    ],
    "rotation": [
      0.003604758314168714,
      -0.022218337042473113,
      2.8890132753835696
    ]
  },
  {
    "label_id": "ahh4Y1SZ-y9Qvly03o_oAA",
    "size": [
      2.0627046657678147,
      4.417872033252479,
      1.7451871050278172
    ],
    "obj_class": "vehicle",
    "point_num_in_lidar": 761,
    "speed": 0.0047983710615505035,
    "if_vehicle": true,
    "motion_state": false,
    "pose": [
      [
        0.07575251654240396,
        0.996874738931922,
        0.022412298340532065,
        -6.933218883944164
      ],
      [
        -0.9971195821562764,
        0.07581747100827162,
        -0.002061545634411709,
        32.64822855114494
      ],
      [
        -0.003754346545762439,
        -0.022191574286699448,
        0.9997466873727026,
        0.6959842257872211
      ],
      [
        0.0,
        0.0,
        0.0,
        1.0
      ]
    ],
    "location": [
      -6.933218883944164,
      32.64822855114494,
      0.6959842257872211
    ],
    "rotation": [
      -0.022193552559595684,
      0.003754355365477968,
      -1.4949706368489009
    ]
  },
  {
    "label_id": "bA4NouE1x7OzqmpHmrXLCA",
    "size": [
      0.7640776443058712,
      0.060923233862056884,
      0.7700000000000031
    ],
    "obj_class": "sign",
    "point_num_in_lidar": 64,
    "speed": 0.0043075008388452785,
    "if_vehicle": false,
    "motion_state": false,
    "pose": [
      [
        0.9997488128940664,
        -1.5468430432802349e-15,
        0.022412298340532065,
        8.58189770542981
      ],
      [
        4.621558456155347e-05,
        0.9999978739445984,
        -0.002061545634411709,
        13.715717766814805
      ],
      [
        -0.022412250690744116,
        0.0020620635981992257,
        0.9997466873727026,
        2.7512133382064476
      ],
      [
        0.0,
        0.0,
        0.0,
        1.0
      ]
    ],
    "location": [
      8.58189770542981,
      13.715717766814805,
      2.7512133382064476
    ],
    "rotation": [
      0.002062583152378232,
      0.02241412742745866,
      4.6227196204263255e-05
    ]
  },
  {
    "label_id": "bRh1w0l7W8vM5beWIsmrxw",
    "size": [
      2.1888276515212324,
      4.690092557767388,
      1.6300000000000026
    ],
    "obj_class": "vehicle",
    "point_num_in_lidar": 184,
    "speed": 7.32410687763558e-14,
    "if_vehicle": true,
    "motion_state": false,
    "pose": [
      [
        0.9968599969578338,
        -0.07594626619079257,
        0.022412298340532065,
        35.21205318543741
      ],
      [
        0.07601126824279528,
        0.9971048275531109,
        -0.002061545634411709,
        4.220535913178082
      ],
      [
        -0.022190844178389606,
        0.003758659595947829,
        0.9997466873727026,
        0.5583892709794895
      ],
      [
        0.0,
        0.0,
        0.0,
        1.0
      ]
    ],
    "location": [
      35.21205318543741,
      4.220535913178082,
      0.5583892709794895
    ],
    "rotation": [
      0.0037595942396396716,
      0.02219266583484145,
      0.0761034309188115
    ]
  },
  {
    "label_id": "bepnY6mVP1Xup8wQHgCcdQ",
    "size": [
      0.550037780572356,
      0.4808054708391967,
      1.5400000000000063
    ],
    "obj_class": "pedestrian",
    "point_num_in_lidar": 76,
    "speed": 0.2043463486860372,
    "if_vehicle": false,
    "motion_state": false,
    "pose": [
      [
        -0.8905780865257583,
        0.454277845248053,
        0.022412298340532065,
        11.164803467918887
      ],
      [
        -0.4544321855205754,
        -0.8907789505778584,
        -0.002061545634411709,
        13.37082180561697
      ],
      [
        0.01902788908713595,
        -0.012020837083807063,
        0.9997466873727026,
        0.7075243398899147
      ],
      [
        0.0,
        0.0,
        0.0,
        1.0
      ]
    ],
    "location": [
      11.164803467918887,
      13.37082180561697,
      0.7075243398899147
    ],
    "rotation": [
      -0.012023303489444732,
      -0.01902903748229028,
      -2.669765597492269
    ]
  },
  {
    "label_id": "dflMqGo5HWaGLblIEG_AIw",
    "size": [
      1.860636650809066,
      4.05075350178842,
      1.5400000000000063
    ],
    "obj_class": "vehicle",
    "point_num_in_lidar": 42,
    "speed": 1.6758116906701666e-13,
    "if_vehicle": true,
    "motion_state": false,
    "pose": [
      [
        -0.12479721913067114,
        -0.991929101791225,
        0.022412298340532065,
        -2.6035799559377892
      ],
      [
        0.9921704457414251,
        -0.12487416316780268,
        -0.002061545634411709,
        70.46901911606756
      ],
      [
        0.004843624109384701,
        0.021979544872329948,
        0.9997466873727026,
        0.4991785394945012
      ],
      [
        0.0,
        0.0,
        0.0,
        1.0
      ]
    ],
    "location": [
      -2.6035799559377892,
      70.46901911606756,
      0.4991785394945012
    ],
    "rotation": [
      0.021981572872829657,
      -0.004843643048715578,
      1.6959212521632927
    ]
  },
  {
    "label_id": "eQU1uXwRqmxWLQJMAmlveg",
    "size": [
      2.145423844200901,
      4.752983050733758,
      1.720000000000006
    ],
    "obj_class": "vehicle",
    "point_num_in_lidar": 25,
    "speed": 3.9173088177404665e-28,
    "if_vehicle": true,
    "motion_state": false,
    "pose": [
      [
        -0.9961297403915719,
        0.084989582835279,
        0.022412298340532065,
        -61.453822837838516
      ],
      [
        -0.08505680403341227,
        -0.9963739710155114,
        -0.002061545634411709,
        -14.434027756349906
      ],
      [
        0.02215582079367575,
        -0.00395988538550092,
        0.9997466873727026,
        1.9471973370686442
      ],
      [
        0.0,
        0.0,
        0.0,
        1.0
      ]
    ],
    "location": [
      -61.453822837838516,
      -14.434027756349906,
      1.9471973370686442
    ],
    "rotation": [
      -0.003960868015174367,
      -0.02215763383720931,
      -3.056411994687171
    ]
  },
  {
    "label_id": "eZRjpTUJ2mfeBaXNVhY0Xg",
    "size": [
      2.1077888558892974,
      4.800487478512236,
      1.8300000000000054
    ],
    "obj_class": "vehicle",
    "point_num_in_lidar": 95,
    "speed": 5.0242958677880804e-14,
    "if_vehicle": true,
    "motion_state": false,
    "pose": [
      [
        0.10302844453149239,
        0.9944258788368876,
        0.022412298340532065,
        -8.436392986691544
      ],
      [
        -0.9946688511026568,
        0.10310008087153907,
        -0.002061545634411709,
        54.80690744118738
      ],
      [
        -0.004360764100688129,
        -0.02208041720090289,
        0.9997466873727026,
        0.725032420230832
      ],
      [
        0.0,
        0.0,
        0.0,
        1.0
      ]
    ],
    "location": [
      -8.436392986691544,
      54.80690744118738,
      0.725032420230832
    ],
    "rotation": [
      -0.022082421791216857,
      0.004360777921712964,
      -1.4675837491100128
    ]
  },
  {
    "label_id": "el1MZgM6r4thy7UFY5Ms-w",
    "size": [
      2.083719080890321,
      4.851971849331807,
      1.750000000000007
    ],
    "obj_class": "vehicle",
    "point_num_in_lidar": 49,
    "speed": 0.0,
    "if_vehicle": true,
    "motion_state": false,
    "pose": [
      [
        0.9992330702645457,
        -0.03210856852593186,
        0.022412298340532065,
        54.61664858770928
      ],
      [
        0.0321627592722107,
        0.9994805185423051,
        -0.002061545634411709,
        5.4176556428292315
      ],
      [
        -0.02233446228784799,
        0.002780805930027182,
        0.9997466873727026,
        0.567412840249375
      ],
      [
        0.0,
        0.0,
        0.0,
        1.0
      ]
    ],
    "location": [
      54.61664858770928,
      5.4176556428292315,
      0.567412840249375
    ],
    "rotation": [
      0.0027815033484676773,
      0.022336319548073746,
      0.032176335948709826
    ]
  },
  {
    "label_id": "fEKN6OQe99brECij0ShExg",
    "size": [
      2.197789788132657,
      4.78244681950412,
      1.8500000000000014
    ],
    "obj_class": "vehicle",
    "point_num_in_lidar": 388,
    "speed": 1.293207299340885e-13,
    "if_vehicle": true,
    "motion_state": false,
    "pose": [
      [
        0.034116732789541866,
        0.9991665213701177,
        0.022412298340532065,
        -7.503220989562919
      ],
      [
        -0.9994138602371717,
        0.034171420740617235,
        -0.002061545634411709,
        39.35232871119206
      ],
      [
        -0.002825687456539457,
        -0.022328828399755644,
        0.9997466873727026,
        0.7559842257872944
      ],
      [
        0.0,
        0.0,
        0.0,
        1.0
      ]
    ],
    "location": [
      -7.503220989562919,
      39.35232871119206,
      0.7559842257872944
    ],
    "rotation": [
      -0.02233077341977591,
      0.002825691216841073,
      -1.5366728358834154
    ]
  },
  {
    "label_id": "fYyXv0ky6LiEHw3E0pA23g",
    "size": [
      2.1014152605627965,
      4.143773707621943,
      1.5400000000000063
    ],
    "obj_class": "vehicle",
    "point_num_in_lidar": 72,
    "speed": 7.944109290391274e-14,
    "if_vehicle": true,
    "motion_state": false,
    "pose": [
      [
        0.10302844453148002,
        0.9944258788368889,
        0.022412298340532065,
        -7.926732329399101
      ],
      [
        -0.9946688511026582,
        0.10310008087152671,
        -0.002061545634411709,
        44.767359465038226
      ],
      [
        -0.004360764100687854,
        -0.022080417200902945,
        0.9997466873727026,
        0.6409842257872214
      ],
      [
        0.0,
        0.0,
        0.0,
        1.0
      ]
    ],
    "location": [
      -7.926732329399101,
      44.767359465038226,
      0.6409842257872214
    ],
    "rotation": [
      -0.022082421791216913,
      0.004360777921712689,
      -1.4675837491100252
    ]
  },
  {
    "label_id": "fh1oSL5OCYHPzBR4ONvPDg",
    "size": [
      2.544152576201394,
      5.529152590652675,
      2.3499999999999943
    ],
    "obj_class": "vehicle",
    "point_num_in_lidar": 24031,
    "speed": 0.07329379146889914,
    "if_vehicle": true,
    "motion_state": false,
    "pose": [
      [
        -0.05549380607765001,
        -0.9982074565790977,
        0.022412298340532065,
        1.1781233333753107
      ],
      [
        0.9984535683182904,
        -0.05555377522788499,
        -0.002061545634411709,
        18.411720500272168
      ],
      [
        0.003302938008698072,
        0.02226323623866207,
        0.9997466873727026,
        1.2148765194286852
      ],
      [
        0.0,
        0.0,
        0.0,
        1.0
      ]
    ],
    "location": [
      1.1781233333753107,
      18.411720500272168,
      1.2148765194286852
    ],
    "rotation": [
      0.02226519725446287,
      -0.0033029440142392586,
      1.6263189583624276
    ]
  },
  {
    "label_id": "gHAsq7pr4L8fOU8I8lYpmQ",
    "size": [
      1.9335229779327912,
      4.306984522848348,
      1.6700000000000017
    ],
    "obj_class": "vehicle",
    "point_num_in_lidar": 41,
    "speed": 1.2434497875801753e-13,
    "if_vehicle": true,
    "motion_state": false,
    "pose": [
      [
        0.05489398514072256,
        0.9982406219336424,
        0.022412298340532065,
        -9.268167274577536
      ],
      [
        -0.9984867696631486,
        0.05495380639453145,
        -0.002061545634411709,
        64.14157132866649
      ],
      [
        -0.003289559700101806,
        -0.022265216915342292,
        0.9997466873727026,
        0.5739372660320328
      ],
      [
        0.0,
        0.0,
        0.0,
        1.0
      ]
    ],
    "location": [
      -9.268167274577536,
      64.14157132866649,
      0.5739372660320328
    ],
    "rotation": [
      -0.022267177450928113,
      0.0032895656329629238,
      -1.5158744376145665
    ]
  },
  {
    "label_id": "jiDWv0IHfVYmdLSYdNAeuw",
    "size": [
      2.3635772079234543,
      4.784302331303529,
      1.8000000000000043
    ],
    "obj_class": "vehicle",
    "point_num_in_lidar": 1090,
    "speed": 7.944109290391274e-14,
    "if_vehicle": true,
    "motion_state": false,
    "pose": [
      [
        -0.9988421015821557,
        0.042569296330074356,
        0.022412298340532065,
        -16.126767325087712
      ],
      [
        -0.04262607501742066,
        -0.9990889688902618,
        -0.002061545634411709,
        10.476572896518746
      ],
      [
        0.02230412149249387,
        -0.003014506884359641,
        0.9997466873727026,
        0.8986715158246028
      ],
      [
        0.0,
        0.0,
        0.0,
        1.0
      ]
    ],
    "location": [
      -16.126767325087712,
      10.476572896518746,
      0.8986715158246028
    ],
    "rotation": [
      -0.0030152615524131304,
      -0.02230597119274824,
      -3.0989430432483367
    ]
  },
  {
    "label_id": "k4oHe6tQGyyLh793O8epAQ",
    "size": [
      1.7560101550848115,
      3.914309175224693,
      1.6779254470060394
    ],
    "obj_class": "vehicle",
    "point_num_in_lidar": 23,
    "speed": 1.7763568394002505e-13,
    "if_vehicle": true,
    "motion_state": false,
    "pose": [
      [
        0.9954222920124634,
        -0.09290936146454351,
        0.022412298340532065,
        5.030531883127878
      ],
      [
        0.09297852296330027,
        0.9956659802851358,
        -0.002061545634411709,
        61.12021003651739
      ],
      [
        -0.022123626109145575,
        0.0041359708764098875,
        0.9997466873727026,
        0.7645026944789919
      ],
      [
        0.0,
        0.0,
        0.0,
        1.0
      ]
    ],
    "location": [
      5.030531883127878,
      61.12021003651739,
      0.7645026944789919
    ],
    "rotation": [
      0.004136995234173835,
      0.02212543125938417,
      0.09313587527815097
    ]
  },
  {
    "label_id": "lVgMLiYY04OUIeF1a-Z-Bg",
    "size": [
      2.287276621893464,
      5.0947232382614915,
      1.9223137534269625
    ],
    "obj_class": "vehicle",
    "point_num_in_lidar": 29,
    "speed": 2.90171672193105e-29,
    "if_vehicle": true,
    "motion_state": false,
    "pose": [
      [
        -0.9982888674387268,
        0.054009499451477004,
        0.022412298340532065,
        -36.01717333436841
      ],
      [
        -0.05406910258925721,
        -0.9985350680746218,
        -0.002061545634411709,
        8.894851464634257
      ],
      [
        0.02226812280136097,
        -0.0032698309147853833,
        0.9997466873727026,
        1.232063122341991
      ],
      [
        0.0,
        0.0,
        0.0,
        1.0
      ]
    ],
    "location": [
      -36.01717333436841,
      8.894851464634257,
      1.232063122341991
    ],
    "rotation": [
      -0.0032706477518759484,
      -0.022269963558524637,
      -3.0874837411591027
    ]
  },
  {
    "label_id": "ozI_DkeLxPdJcxjoyX4BFQ",
    "size": [
      2.0837190808899972,
      4.851971849331807,
      1.720000000000006
    ],
    "obj_class": "vehicle",
    "point_num_in_lidar": 41,
    "speed": 0.03469067194903374,
    "if_vehicle": true,
    "motion_state": false,
    "pose": [
      [
        0.9964543726767926,
        -0.08109483372197415,
        0.022412298340532065,
        68.15925611188186
      ],
      [
        0.08116109965292173,
        0.996698864217636,
        -0.002061545634411709,
        6.587628322327419
      ],
      [
