[
  {
    "label_id": "-H4mHZRW8n7aRqwatB9ZGw",
    "size": [
      2.1193007481504775,
      4.685897212546479,
      1.7800000000000011
    ],
    "obj_class": "vehicle",
    "point_num_in_lidar": 7348,
    "speed": 0.1395452457496138,
    "if_vehicle": true,
    "motion_state": false,
    "pose": [
      [
        -0.19282455532015524,
        -0.9810815630153574,
        0.017252755632875517,
        0.5595850824702211
      ],
      [
        0.9812277274212858,
        -0.19273467101190217,
        0.006744889146084235,
        31.411378048760525
      ],
      [
        -0.0032920822048546367,
        0.01822946245167866,
        0.9998284097251284,
        0.8259842257872592
      ],
      [
        0.0,
        0.0,
        0.0,
        1.0
      ]
    ],
    "location": [
      0.5595850824702211,
      31.411378048760525,
      0.8259842257872592
    ],
    "rotation": [
      0.018230571052403093,
      0.0032920881513746015,
      1.7648373053283313
    ]
  },
  {
    "label_id": "8EvdEPo22nLKwtPy61ibWA",
    "size": [
      2.416067648876707,
      5.370722786589685,
      2.0400000000000063
    ],
    "obj_class": "vehicle",
    "point_num_in_lidar": 86,
    "speed": 1.191616393558691e-13,
    "if_vehicle": true,
    "motion_state": false,
    "pose": [
      [
        -0.06280520200847584,
        -0.9978766702472539,
        0.017252755632875517,
        -4.550449588086053
      ],
      [
        0.9980098180102847,
        -0.06269696663703725,
        0.006744889146084235,
        96.19670251576895
      ],
      [
        -0.005648872077970028,
        0.0176420336346866,
        0.9998284097251284,
        0.65690250583242
      ],
      [
        0.0,
        0.0,
        0.0,
        1.0
      ]
    ],
    "location": [
      -4.550449588086053,
      96.19670251576895,
      0.65690250583242
    ],
    "rotation": [
      0.017643230444993056,
      0.005648902120756141,
      1.6336438954380097
    ]
  },
  {
    "label_id": "8Fg4poEL5AVkJRV9CO00xA",
    "size": [
      2.1500009585022544,
      4.8842989074546495,
      1.4500000000000028
    ],
    "obj_class": "vehicle",
    "point_num_in_lidar": 2284,
    "speed": 7.944109290391274e-14,
    "if_vehicle": true,
    "motion_state": false,
    "pose": [
      [
        -0.06289981816143933,
        -0.9978707107127307,
        0.017252755632875517,
        0.7851402129518874
      ],
      [
        0.9980038687377987,
        -0.06279159541526053,
        0.006744889146084235,
        24.960517312976663
      ],
      [
        -0.0056471992743837825,
        0.017642569168805376,
        0.9998284097251284,
        0.6959842257871784
      ],
      [
        0.0,
        0.0,
        0.0,
        1.0
      ]
    ],
    "location": [
      0.7851402129518874,
      24.960517312976663,
      0.6959842257871784
    ],
    "rotation": [
      0.017643765904300703,
      0.005647229290487783,
      1.6337386999573054
    ]
  },
  {
    "label_id": "917XhsvjWDcD0OHKD8dPPA",
    "size": [
      2.043374180459364,
      4.63664366699592,
      1.8000000000000043
    ],
    "obj_class": "vehicle",
    "point_num_in_lidar": 84,
    "speed": 9.565974336450907e-14,
    "if_vehicle": true,
    "motion_state": false,
    "pose": [
      [
        0.0889350521321315,
        0.9958879951708061,
        0.017252755632875517,
        -9.69490652270565
      ],
      [
        -0.9960239337340567,
        0.08883034334810716,
        0.006744889146084235,
        71.25753484320285
      ],
      [
        0.005184585922773837,
        -0.017784014601041523,
        0.9998284097251284,
        0.6909842257873109
      ],
      [
        0.0,
        0.0,
        0.0,
        1.0
      ]
    ],
    "location": [
      -9.69490652270565,
      71.25753484320285,
      0.6909842257873109
    ],
    "rotation": [
      -0.017785191222187018,
      -0.005184609149940269,
      -1.4817424175504987
    ]
  },
  {
    "label_id": "BysFJyhWuMC5UXY1Bs05bQ",
    "size": [
      1.7590874962375922,
      3.8442857249957045,
      1.6579254470060363
    ],
    "obj_class": "vehicle",
    "point_num_in_lidar": 146,
    "speed": 0.0,
    "if_vehicle": true,
    "motion_state": false,
    "pose": [
      [
        0.9955241963345609,
        -0.0929188728703646,
        0.017252755632875517,
        3.796627101763079
      ],
      [
        0.09281470881252989,
        0.9956605527479998,
        0.006744889146084235,
        67.15691729280661
      ],
      [
        -0.017804615706944703,
        -0.005113390856242135,
        0.9998284097251284,
        0.7599469492904305
      ],
      [
        0.0,
        0.0,
        0.0,
        1.0
      ]
    ],
    "location": [
      3.796627101763079,
      67.15691729280661,
      0.7599469492904305
    ],
    "rotation": [
      -0.005114223826504232,
      0.017805556531237898,
      0.09296326650491192
    ]
  },
  {
    "label_id": "KCCr9VFidHPM1SGOspbnnA",
    "size": [
      0.5030238935681423,
      0.0682318327003486,
      0.5600000000000023
    ],
    "obj_class": "sign",
    "point_num_in_lidar": 362,
    "speed": 0.016820875020745616,
    "if_vehicle": false,
    "motion_state": false,
    "pose": [
      [
        -0.6211566884881758,
        0.7834964650650796,
        0.017252755632875517,
        1.7902819588024386
      ],
      [
        -0.7835229635236205,
        -0.6213262203557568,
        0.006744889146084235,
        34.307063725959324
      ],
      [
        0.01600418625130886,
        -0.009328297216217935,
        0.9998284097251284,
        2.155389225568534
      ],
      [
        0.0,
        0.0,
        0.0,
        1.0
      ]
    ],
    "location": [
      1.7902819588024386,
      34.307063725959324,
      2.155389225568534
    ],
    "rotation": [
      -0.009329627436929652,
      -0.016004869532714044,
      -2.24111565717293
    ]
  },
  {
    "label_id": "KlRyHlmOZHGwiS9zWsd3BQ",
    "size": [
      1.7560101550848553,
      3.914309175224693,
      1.6179254470060371
    ],
    "obj_class": "vehicle",
    "point_num_in_lidar": 23,
    "speed": 7.944109290391274e-14,
    "if_vehicle": true,
    "motion_state": false,
    "pose": [
      [
        -0.9958888447648468,
        0.08892553792927667,
        0.017252755632875517,
        3.317962986855491
      ],
      [
        -0.08882082784657039,
        -0.9960247823277576,
        0.006744889146084235,
        83.34597896365858
      ],
      [
        0.017783965069377707,
        0.005184755821814199,
        0.9998284097251284,
        0.7499469492904396
      ],
      [
        0.0,
        0.0,
        0.0,
        1.0
      ]
    ],
    "location": [
      3.317962986855491,
      83.34597896365858,
      0.7499469492904396
    ],
    "rotation": [
      0.005185599146661298,
      -0.017784902623518332,
      -3.0526405177860947
    ]
  },
  {
    "label_id": "TQrooR0Xw1MtfxMyfaa4Wg",
    "size": [
      0.47850452740477606,
      0.05830563960807922,
      0.5300000000000011
    ],
    "obj_class": "sign",
    "point_num_in_lidar": 37,
    "speed": 0.008714441369917758,
    "if_vehicle": false,
    "motion_state": false,
    "pose": [
      [
        0.1752046282787869,
        0.9843808615839524,
        0.017252755632875517,
        -10.034109198430428
      ],
      [
        -0.984525391042561,
        0.17511213796564645,
        0.006744889146084235,
        47.362955976572266
      ],
      [
        0.0036183728642389676,
        -0.018167511781639823,
        0.9998284097251284,
        2.986041326296288
      ],
      [
        0.0,
        0.0,
        0.0,
        1.0
      ]
    ],
    "location": [
      -10.034109198430428,
      47.362955976572266,
      2.986041326296288
    ],
    "rotation": [
      -0.018168630271322424,
      -0.003618380759950293,
      -1.3946815543092672
    ]
  },
  {
    "label_id": "YKeU-RbOBPm408751EtB_w",
    "size": [
      1.9451213133954801,
      4.316546035301789,
      1.7900000000000063
    ],
    "obj_class": "vehicle",
    "point_num_in_lidar": 312,
    "speed": 1.2434497875801753e-13,
    "if_vehicle": true,
    "motion_state": false,
    "pose": [
      [
        0.08466095854405332,
        0.9962604401066393,
        0.017252755632875517,
        -8.144026210019092
      ],
      [
        -0.9963959281215103,
        0.08455566742260039,
        0.006744889146084235,
        49.20434275888465
      ],
      [
        0.005260847961731556,
        -0.017761604241853485,
        0.9998284097251284,
        0.7359842257872842
      ],
      [
        0.0,
        0.0,
        0.0,
        1.0
      ]
    ],
    "location": [
      -8.144026210019092,
      49.20434275888465,
      0.7359842257872842
    ],
    "rotation": [
      -0.017762784097170168,
      -0.005260872229028883,
      -1.4860327305930563
    ]
  },
  {
    "label_id": "_24i-ZRumO3LrMkBqlq3zw",
    "size": [
      0.5299025696451913,
      0.0716175953503607,
      0.6400000000000006
    ],
    "obj_class": "sign",
    "point_num_in_lidar": 48,
    "speed": 0.0037776962584983383,
    "if_vehicle": false,
    "motion_state": false,
    "pose": [
      [
        0.48755647974333427,
        -0.8729209709265553,
        0.017252755632875517,
        -9.70393548988443
      ],
      [
        0.8729742976558914,
        0.4877195732207294,
        0.006744889146084235,
        47.43807637570512
      ],
      [
        -0.014302261796339415,
        0.01177269782291437,
        0.9998284097251284,
        2.4709812319170794
      ],
      [
        0.0,
        0.0,
        0.0,
        1.0
      ]
    ],
    "location": [
      -9.70393548988443,
      47.43807637570512,
      2.4709812319170794
    ],
    "rotation": [
      0.01177417413067879,
      0.01430274944035547,
      1.0614503431020907
    ]
  },
  {
    "label_id": "ahh4Y1SZ-y9Qvly03o_oAA",
    "size": [
      2.0627046657678147,
      4.417872033252479,
      1.7451871050278172
    ],
    "obj_class": "vehicle",
    "point_num_in_lidar": 3451,
    "speed": 0.04161493962370369,
    "if_vehicle": true,
    "motion_state": false,
    "pose": [
      [
        0.075760271551416,
        0.996976791945293,
        0.017252755632875517,
        -6.93284612802961
      ],
      [
        -0.9971113342327353,
        0.07565377462507403,
        0.006744889146084235,
        32.707268210680695
      ],
      [
        0.005419261856578646,
        -0.017713912821579383,
        0.9998284097251284,
        0.6959842257872282
      ],
      [
        0.0,
        0.0,
        0.0,
        1.0
      ]
    ],
    "location": [
      -6.93284612802961,
      32.707268210680695,
      0.6959842257872282
    ],
    "rotation": [
      -0.017715099500179875,
      -0.0054192883827700235,
      -1.494962279194964
    ]
  },
  {
    "label_id": "dflMqGo5HWaGLblIEG_AIw",
    "size": [
      1.8606366508090653,
      4.05075350178842,
      1.5400000000000063
    ],
    "obj_class": "vehicle",
    "point_num_in_lidar": 102,
    "speed": 1.6758116906701666e-13,
    "if_vehicle": true,
    "motion_state": false,
    "pose": [
      [
        -0.12480999499084128,
        -0.9920306485051047,
        0.017252755632875517,
        -2.6035799559380166
      ],
      [
        0.992170276573909,
        -0.1247102592157528,
        0.006744889146084235,
        70.46901911606756
      ],
      [
        -0.0045395411265230405,
        0.017959500908468717,
        0.9998284097251284,
        0.4779515226752906
      ],
      [
        0.0,
        0.0,
        0.0,
        1.0
      ]
    ],
    "location": [
      -2.6035799559380166,
      70.46901911606756,
      0.4779515226752906
    ],
    "rotation": [
      0.01796065158484675,
      0.004539556718049713,
      1.6959339493855798
    ]
  },
  {
    "label_id": "eZRjpTUJ2mfeBaXNVhY0Xg",
    "size": [
      2.1077888558892974,
      4.800487478512236,
      1.8300000000000054
    ],
    "obj_class": "vehicle",
    "point_num_in_lidar": 217,
    "speed": 5.0242958677880804e-14,
    "if_vehicle": true,
    "motion_state": false,
    "pose": [
      [
        0.10303899185787026,
        0.9945276811532127,
        0.017252755632875517,
        -8.436392986691658
      ],
      [
        -0.9946650899091481,
        0.10293621999293265,
        0.006744889146084235,
        54.80690744118783
      ],
      [
        0.004932045512780645,
        -0.017855700310560295,
        0.9998284097251284,
        0.7200037613286625
      ],
      [
        0.0,
        0.0,
        0.0,
        1.0
      ]
    ],
    "location": [
      -8.436392986691658,
      54.80690744118783,
      0.7200037613286625
    ],
    "rotation": [
      -0.017856866466262198,
      -0.004932065508393996,
      -1.4675728702673334
    ]
  },
  {
    "label_id": "fEKN6OQe99brECij0ShExg",
    "size": [
      2.197789788132657,
      4.78244681950412,
      1.8500000000000014
    ],
    "obj_class": "vehicle",
    "point_num_in_lidar": 1595,
    "speed": 1.293207299340885e-13,
    "if_vehicle": true,
    "motion_state": false,
    "pose": [
      [
        0.03412022542031193,
        0.9992688090000305,
        0.017252755632875517,
        -7.503220989563033
      ],
      [
        -0.9993987933134314,
        0.03400821068601246,
        0.006744889146084235,
        39.35232871119251
      ],
      [
        0.006153221995367707,
        -0.017472520298926705,
        0.9998284097251284,
        0.7559842257873086
      ],
      [
        0.0,
        0.0,
        0.0,
        1.0
      ]
    ],
    "location": [
      -7.503220989563033,
      39.35232871119251,
      0.7559842257873086
    ],
    "rotation": [
      -0.017473740282435774,
      -0.006153260825055677,
      -1.5366688311738022
    ]
  },
  {
    "label_id": "fYyXv0ky6LiEHw3E0pA23g",
    "size": [
      2.1014152605627965,
      4.143773707621943,
      1.5400000000000063
    ],
    "obj_class": "vehicle",
    "point_num_in_lidar": 287,
    "speed": 7.944109290391274e-14,
    "if_vehicle": true,
    "motion_state": false,
    "pose": [
      [
        0.10303899185785302,
        0.9945276811532143,
        0.017252755632875517,
        -7.926732329399329
      ],
      [
        -0.9946650899091499,
        0.10293621999291541,
        0.006744889146084235,
        44.767359465038226
      ],
      [
        0.0049320455127809535,
        -0.017855700310560208,
        0.9998284097251284,
        0.6409842257872285
      ],
      [
        0.0,
        0.0,
        0.0,
        1.0
      ]
    ],
    "location": [
      -7.926732329399329,
      44.767359465038226,
      0.6409842257872285
    ],
    "rotation": [
      -0.01785686646626211,
      -0.004932065508394305,
      -1.4675728702673507
    ]
  },
  {
    "label_id": "gHAsq7pr4L8fOU8I8lYpmQ",
    "size": [
      1.933522977932792,
      4.306984522848348,
      1.6700000000000017
    ],
    "obj_class": "vehicle",
    "point_num_in_lidar": 98,
    "speed": 1.2434497875801753e-13,
    "if_vehicle": true,
    "motion_state": false,
    "pose": [
      [
        0.054899604800220304,
        0.9983428147764936,
        0.017252755632875517,
        -9.268167274577536
      ],
      [
        -0.9984751010907539,
        0.05479031823430327,
        0.006744889146084235,
        64.14157132866649
      ],
      [
        0.0057884276439132375,
        -0.01759673867317077,
        0.9998284097251284,
        0.5739372660320257
      ],
      [
        0.0,
        0.0,
        0.0,
        1.0
      ]
    ],
    "location": [
      -9.268167274577536,
      64.14157132866649,
      0.5739372660320257
    ],
    "rotation": [
      -0.017597941774342707,
      -0.005788459968808369,
      -1.515868185785905
    ]
  },
  {
    "label_id": "k4oHe6tQGyyLh793O8epAQ",
    "size": [
      1.7560101550848115,
      3.914309175224693,
      1.6779254470060394
    ],
    "obj_class": "vehicle",
    "point_num_in_lidar": 81,
    "speed": 1.7763568394002505e-13,
    "if_vehicle": true,
    "motion_state": false,
    "pose": [
      [
        0.9955241963345504,
        -0.092918872870478,
        0.017252755632875517,
        5.030531883127765
      ],
      [
        0.09281470881264331,
        0.9956605527479893,
        0.006744889146084235,
        61.12021003651762
      ],
      [
        -0.017804615706945286,
        -0.005113390856240107,
        0.9998284097251284,
        0.7645026944789919
      ],
      [
        0.0,
        0.0,
        0.0,
        1.0
      ]
    ],
    "location": [
      5.030531883127765,
      61.12021003651762,
      0.7645026944789919
    ],
    "rotation": [
      -0.005114223826502204,
      0.01780555653123848,
      0.09296326650502586
    ]
  },
  {
    "label_id": "w6BjK-JOuiQcnHqsxUNqrQ",
    "size": [
      1.734461509612152,
      4.081164655943882,
      1.5479254470060368
    ],
    "obj_class": "vehicle",
    "point_num_in_lidar": 186,
    "speed": 7.32410687763558e-14,
    "if_vehicle": true,
    "motion_state": false,
    "pose": [
      [
        0.9955241963345497,
        -0.09291887287048552,
        0.017252755632875517,
        5.106219935897798
      ],
      [
        0.09281470881265082,
        0.9956605527479886,
        0.006744889146084235,
        51.30259610885469
      ],
      [
        -0.017804615706945325,
        -0.005113390856239973,
        0.9998284097251284,
        0.7525840668189616
      ],
      [
        0.0,
        0.0,
        0.0,
        1.0
      ]
    ],
    "location": [
      5.106219935897798,
      51.30259610885469,
      0.7525840668189616
    ],
    "rotation": [
      -0.005114223826502069,
      0.01780555653123852,
      0.09296326650503339
    ]
  }
]