[
  {
    "label_id": "-FAHwqVW2G-3XzoYPoMFfw",
    "size": [
      3.120054896761183,
      11.531225792973089,
      4.109999999999957
    ],
    "obj_class": "vehicle",
    "point_num_in_lidar": 123,
    "speed": 9.793281993527118e-29,
    "if_vehicle": true,
    "motion_state": false,
    "pose": [
      [
        -0.9984821387237102,
        0.05224626474245552,
        0.017428323791652177,
        38.317532355247636
      ],
      [
        -0.052308350755103525,
        -0.998626090279466,
        -0.0031254206803052373,
        13.727971959058777
      ],
      [
        0.01724108729188744,
        -0.004032323599249744,
        0.9998432303493305,
        1.8429762349869634
      ],
      [
        0.0,
        0.0,
        0.0,
        1.0
      ]
    ],
    "location": [
      38.317532355247636,
      13.727971959058777,
      1.8429762349869634
    ],
    "rotation": [
      -0.004032933979558876,
      -0.017241941572993774,
      -3.089252632524663
    ]
  },
  {
    "label_id": "-H4mHZRW8n7aRqwatB9ZGw",
    "size": [
      2.119300748150478,
      4.685897212546479,
      1.7800000000000011
    ],
    "obj_class": "vehicle",
    "point_num_in_lidar": 1415,
    "speed": 0.015930345399339966,
    "if_vehicle": true,
    "motion_state": false,
    "pose": [
      [
        -0.192823968100404,
        -0.9810785752710266,
        0.017428323791652177,
        0.5799696593854833
      ],
      [
        0.9812123084164784,
        -0.1929057737797828,
        -0.0031254206803052373,
        31.306510821033726
      ],
      [
        0.006428307554869726,
        0.016498229801877345,
        0.9998432303493305,
        0.8259842257872592
      ],
      [
        0.0,
        0.0,
        0.0,
        1.0
      ]
    ],
    "location": [
      0.5799696593854833,
      31.306510821033726,
      0.8259842257872592
    ],
    "rotation": [
      0.01649931927640694,
      -0.006428351828666408,
      1.7648397023572906
    ]
  },
  {
    "label_id": "8Fg4poEL5AVkJRV9CO00xA",
    "size": [
      2.1500009585022535,
      4.8842989074546495,
      1.4500000000000028
    ],
    "obj_class": "vehicle",
    "point_num_in_lidar": 1946,
    "speed": 0.11054434102008194,
    "if_vehicle": true,
    "motion_state": false,
    "pose": [
      [
        -0.06289962660899193,
        -0.9978676718394391,
        0.017428323791652177,
        0.7920567077794658
      ],
      [
        0.9980109525814412,
        -0.06296324541393493,
        -0.0031254206803052373,
        24.853588872138516
      ],
      [
        0.004216100085822339,
        0.017197070235417364,
        0.9998432303493305,
        0.6959842257871784
      ],
      [
        0.0,
        0.0,
        0.0,
        1.0
      ]
    ],
    "location": [
      0.7920567077794658,
      24.853588872138516,
      0.6959842257871784
    ],
    "rotation": [
      0.017198070857517775,
      -0.0042161125764700515,
      1.633738063198932
    ]
  },
  {
    "label_id": "917XhsvjWDcD0OHKD8dPPA",
    "size": [
      2.043374180459364,
      4.63664366699592,
      1.8000000000000043
    ],
    "obj_class": "vehicle",
    "point_num_in_lidar": 37,
    "speed": 9.565974336450907e-14,
    "if_vehicle": true,
    "motion_state": false,
    "pose": [
      [
        0.08893478129308305,
        0.9958849623355925,
        0.017428323791652177,
        -9.694906522705537
      ],
      [
        -0.9960265329889856,
        0.08900211979224185,
        -0.0031254206803052373,
        71.25753484320308
      ],
      [
        -0.0046637172183712685,
        -0.01708111431735694,
        0.9998432303493305,
        0.6909842257872967
      ],
      [
        0.0,
        0.0,
        0.0,
        1.0
      ]
    ],
    "location": [
      -9.694906522705537,
      71.25753484320308,
      0.6909842257872967
    ],
    "rotation": [
      -0.017082130826257327,
      0.004663734124712426,
      -1.4817429184897262
    ]
  },
  {
    "label_id": "BIEmsmS_bRusucpfr00nZg",
    "size": [
      0.40304411552814307,
      0.3881286447246767,
      0.7800000000000011
    ],
    "obj_class": "pedestrian",
    "point_num_in_lidar": 45,
    "speed": 0.14763992629966544,
    "if_vehicle": false,
    "motion_state": false,
    "pose": [
      [
        -0.46892202614484363,
        0.8830676004282049,
        0.017428323791652177,
        -15.28376754533383
      ],
      [
        -0.8832229806700822,
        -0.46894285170138483,
        -0.0031254206803052373,
        12.261371282987284
      ],
      [
        0.00541293011874663,
        -0.01685867468531007,
        0.9998432303493305,
        0.5813600442063915
      ],
      [
        0.0,
        0.0,
        0.0,
        1.0
      ]
    ],
    "location": [
      -15.28376754533383,
      12.261371282987284,
      0.5813600442063915
    ],
    "rotation": [
      -0.01685972038712436,
      -0.005412956552068053,
      -2.0588740095116105
    ]
  },
  {
    "label_id": "Bbx8pLm5ey4t1wPBh4cdAw",
    "size": [
      2.123877219783958,
      4.766762156548458,
      1.8100000000000023
    ],
    "obj_class": "vehicle",
    "point_num_in_lidar": 101,
    "speed": 0.0204450955152554,
    "if_vehicle": true,
    "motion_state": false,
    "pose": [
      [
        -0.9952907838650262,
        0.09535464898553525,
        0.017428323791652177,
        17.43573451921054
      ],
      [
        -0.0954228989678865,
        -0.9954319173595629,
        -0.0031254206803052373,
        12.944047917635316
      ],
      [
        0.017050686376384974,
        -0.0047737635791594004,
        0.9998432303493305,
        0.77156020049717
      ],
      [
        0.0,
        0.0,
        0.0,
        1.0
      ]
    ],
    "location": [
      17.43573451921054,
      12.944047917635316,
      0.77156020049717
    ],
    "rotation": [
      -0.004774475798375163,
      -0.017051512663863816,
      -3.0460104077564445
    ]
  },
  {
    "label_id": "BysFJyhWuMC5UXY1Bs05bQ",
    "size": [
      1.7590874962375802,
      3.8442857249957045,
      1.6579254470060363
    ],
    "obj_class": "vehicle",
    "point_num_in_lidar": 59,
    "speed": 0.0,
    "if_vehicle": true,
    "motion_state": false,
    "pose": [
      [
        0.9955211646072452,
        -0.09291858989915529,
        0.017428323791652177,
        3.796627101762965
      ],
      [
        0.0929864942813484,
        0.9956624647072099,
        -0.0031254206803052373,
        67.15691729280661
      ],
      [
        -0.01706231813965609,
        0.004732021166130992,
        0.9998432303493305,
        0.7599469492904305
      ],
      [
        0.0,
        0.0,
        0.0,
        1.0
      ]
    ],
    "location": [
      3.796627101762965,
      67.15691729280661,
      0.7599469492904305
    ],
    "rotation": [
      0.004732727783766083,
      0.01706314611948538,
      0.09313461658674914
    ]
  },
  {
    "label_id": "II9hCDJdG-EL7T23hW66TA",
    "size": [
      2.169638695984415,
      4.618757893724354,
      1.7700000000000031
    ],
    "obj_class": "vehicle",
    "point_num_in_lidar": 385,
    "speed": 2.1683198553528098e-13,
    "if_vehicle": true,
    "motion_state": false,
    "pose": [
      [
        0.9985924541536497,
        -0.05009355285068098,
        0.017428323791652177,
        -26.808308418339834
      ],
      [
        0.050155328379247854,
        0.9987365392238039,
        -0.0031254206803052373,
        -0.6173348429897487
      ],
      [
        -0.0172497403621171,
        0.0039951448102787486,
        0.9998432303493305,
        1.0536715158245258
      ],
      [
        0.0,
        0.0,
        0.0,
        1.0
      ]
    ],
    "location": [
      -26.808308418339834,
      -0.6173348429897487,
      1.0536715158245258
    ],
    "rotation": [
      0.003995749960397258,
      0.017250595930240684,
      0.05018385333657797
    ]
  },
  {
    "label_id": "JcZR8xraPSEsVAcWqiuhYQ",
    "size": [
      0.8940142226492966,
      0.9651224762287711,
      1.970000000000006
    ],
    "obj_class": "pedestrian",
    "point_num_in_lidar": 35,
    "speed": 1.239275624793586,
    "if_vehicle": false,
    "motion_state": true,
    "pose": [
      [
        0.9998312794531417,
        -0.005802254467617035,
        0.017428323791652177,
        -24.364294946364907
      ],
      [
        0.005857585724449623,
        0.9999779599746446,
        -0.0031254206803052373,
        13.077981240738609
      ],
      [
        -0.01740980518484842,
        0.0032269812582619607,
        0.9998432303493305,
        1.3057372913334717
      ],
      [
        0.0,
        0.0,
        0.0,
        1.0
      ]
    ],
    "location": [
      -24.364294946364907,
      13.077981240738609,
      1.3057372913334717
    ],
    "rotation": [
      0.003227476023817056,
      0.017410684793973983,
      0.005858507159935088
    ]
  },
  {
    "label_id": "KCCr9VFidHPM1SGOspbnnA",
    "size": [
      0.5030238935685122,
      0.0682318327003486,
      0.5600000000000023
    ],
    "obj_class": "sign",
    "point_num_in_lidar": 109,
    "speed": 0.014890240076526293,
    "if_vehicle": false,
    "motion_state": false,
    "pose": [
      [
        -0.627555174791822,
        0.7783770012801116,
        0.017428323791652177,
        1.7837196963823772
      ],
      [
        -0.7785256332623626,
        -0.6276050271460615,
        -0.0031254206803052373,
        34.266760528104214
      ],
      [
        0.008505348049495376,
        -0.015529770737924439,
        0.9998432303493305,
        2.155389225568534
      ],
      [
        0.0,
        0.0,
        0.0,
        1.0
      ]
    ],
    "location": [
      1.7837196963823772,
      34.266760528104214,
      2.155389225568534
    ],
    "rotation": [
      -0.015530956851978533,
      -0.008505450600320328,
      -2.249234565883543
    ]
  },
  {
    "label_id": "KlRyHlmOZHGwiS9zWsd3BQ",
    "size": [
      1.7560101550848684,
      3.914309175224693,
      1.6179254470060371
    ],
    "obj_class": "vehicle",
    "point_num_in_lidar": 23,
    "speed": 7.944109290391274e-14,
    "if_vehicle": true,
    "motion_state": false,
    "pose": [
      [
        -0.9958858119270462,
        0.08892526711920039,
        0.017428323791652177,
        3.317962986855605
      ],
      [
        -0.08899260426586333,
        -0.9960273832237498,
        -0.0031254206803052373,
        83.34597896365835
      ],
      [
        0.017081158871319523,
        -0.0046635540340271954,
        0.9998432303493305,
        0.7499469492904325
      ],
      [
        0.0,
        0.0,
        0.0,
        1.0
      ]
    ],
    "location": [
      3.317962986855605,
      83.34597896365835,
      0.7499469492904325
    ],
    "rotation": [
      -0.004664251428130595,
      -0.017081989597260868,
      -3.052469126080199
    ]
  },
  {
    "label_id": "NpOYq1LvezmGuK1h3sh1Ig",
    "size": [
      0.47512099846016986,
      0.05187169363348636,
      0.490000000000002
    ],
    "obj_class": "sign",
    "point_num_in_lidar": 116,
    "speed": 0.038371466293510965,
    "if_vehicle": false,
    "motion_state": false,
    "pose": [
      [
        0.9998481152304148,
        -2.6398147499263805e-15,
        0.017428323791652177,
        -11.925984740201557
      ],
      [
        5.4479118152444146e-05,
        0.9999951143768637,
        -0.0031254206803052373,
        12.648593959045229
      ],
      [
        -0.017428238643430224,
        0.0031258954562163968,
        0.9998432303493305,
        2.8153436873430735
      ],
      [
        0.0,
        0.0,
        0.0,
        1.0
      ]
    ],
    "location": [
      -11.925984740201557,
      12.648593959045229,
      2.8153436873430735
    ],
    "rotation": [
      0.0031263753925880643,
      0.01742912104975404,
      5.4487393903798605e-05
    ]
  },
  {
    "label_id": "P5W3PzH21kZDfGzI8M2_Hw",
    "size": [
      3.1029766252317947,
      12.442215914863029,
      3.289999999999978
    ],
    "obj_class": "vehicle",
    "point_num_in_lidar": 2254,
    "speed": 1.1374233532693354e-13,
    "if_vehicle": true,
    "motion_state": false,
    "pose": [
      [
        -0.9979481755469923,
        0.06160919129677419,
        0.017428323791652177,
        -25.83474257318619
      ],
      [
        -0.061672624766449136,
        -0.9980915384372258,
        -0.0031254206803052373,
        9.284364917255516
      ],
      [
        0.017202507865016405,
        -0.004193858339238194,
        0.9998432303493305,
        1.7264236508907373
      ],
      [
        0.0,
        0.0,
        0.0,
        1.0
      ]
    ],
    "location": [
      -25.83474257318619,
      9.284364917255516,
      1.7264236508907373
    ],
    "rotation": [
      -0.004194491312905179,
      -0.01720335642370528,
      -3.0798717216106866
    ]
  },
  {
    "label_id": "RB-oIFuuBhuOu_4wBXtzcQ",
    "size": [
      1.9645943556835397,
      4.318930102955118,
      1.564739240841142
    ],
    "obj_class": "vehicle",
    "point_num_in_lidar": 27,
    "speed": 0.005878886832202379,
    "if_vehicle": true,
    "motion_state": false,
    "pose": [
      [
        -0.9952907838650192,
        0.09535464898560954,
        0.017428323791652177,
        23.452862888397135
      ],
      [
        -0.09542289896796077,
        -0.9954319173595558,
        -0.0031254206803052373,
        13.324921021141336
      ],
      [
        0.017050686376384617,
        -0.004773763579160674,
        0.9998432303493305,
        0.6171484180583633
      ],
      [
        0.0,
        0.0,
        0.0,
        1.0
      ]
    ],
    "location": [
      23.452862888397135,
      13.324921021141336,
      0.6171484180583633
    ],
    "rotation": [
      -0.004774475798376436,
      -0.01705151266386346,
      -3.04601040775637
    ]
  },
  {
    "label_id": "T6U06Wun56eAHCrMjQZvzA",
    "size": [
      2.043037444010905,
      4.534960981455697,
      1.500000000000007
    ],
    "obj_class": "vehicle",
    "point_num_in_lidar": 24,
    "speed": 0.003602118074596574,
    "if_vehicle": true,
    "motion_state": false,
    "pose": [
      [
        0.9996100663499501,
        -0.021816708772442146,
        0.017428323791652177,
        -39.3024718535969
      ],
      [
        0.021874382444670822,
        0.9997558417624953,
        -0.0031254206803052373,
        -1.3945955525591671
      ],
      [
        -0.017355882130058956,
        0.00350543579359958,
        0.9998432303493305,
        1.1379105607826148
      ],
      [
        0.0,
        0.0,
        0.0,
        1.0
      ]
    ],
    "location": [
      -39.3024718535969,
      -1.3945955525591671,
      1.1379105607826148
    ],
    "rotation": [
      0.0035059710607023733,
      0.01735675359054843,
      0.021879423367553007
    ]
  },
  {
    "label_id": "TQrooR0Xw1MtfxMyfaa4Wg",
    "size": [
      0.4785045274047765,
      0.05830563960807922,
      0.5300000000000011
    ],
    "obj_class": "sign",
    "point_num_in_lidar": 22,
    "speed": 0.009994974161853711,
    "if_vehicle": false,
    "motion_state": false,
    "pose": [
      [
        0.1752040947180322,
        0.9843778637920745,
        0.017428323791652177,
        -10.044379301810409
      ],
      [
        -0.9845130420647794,
        0.1752834896672392,
        -0.0031254206803052373,
        47.350682101669236
      ],
      [
        -0.0061314923459818045,
        -0.016610825573303557,
        0.9998432303493305,
        2.9841012012054975
      ],
      [
        0.0,
        0.0,
        0.0,
        1.0
      ]
    ],
    "location": [
      -10.044379301810409,
      47.350682101669236,
      2.9841012012054975
    ],
    "rotation": [
      -0.01661190183888568,
      0.006131530765743649,
      -1.3946799159737941
    ]
  },
  {
    "label_id": "WDFQH9mlthlZnL9lYsi8ag",
    "size": [
      2.09392727384666,
      4.936790730025409,
      1.8700000000000045
    ],
    "obj_class": "vehicle",
    "point_num_in_lidar": 62,
    "speed": 2.3213754530163524e-28,
    "if_vehicle": true,
    "motion_state": false,
    "pose": [
      [
        0.9965533477853278,
        -0.08110288865181482,
        0.017428323791652177,
        61.17282476965056
      ],
      [
        0.08116911211313292,
        0.9966954434451563,
        -0.0031254206803052373,
        5.97389656610153
      ],
      [
        -0.017117250264601657,
        0.004529290009984277,
        0.9998432303493305,
        0.6274128402494057
      ],
      [
        0.0,
        0.0,
        0.0,
        1.0
      ]
    ],
    "location": [
      61.17282476965056,
      5.97389656610153,
      0.6274128402494057
    ],
    "rotation": [
      0.004529969190348379,
      0.017118086267953515,
      0.08127044011619795
    ]
  },
  {
    "label_id": "YKeU-RbOBPm408751EtB_w",
    "size": [
      1.945121313395481,
      4.316546035301789,
      1.7900000000000063
    ],
    "obj_class": "vehicle",
    "point_num_in_lidar": 126,
    "speed": 1.2434497875801753e-13,
    "if_vehicle": true,
    "motion_state": false,
    "pose": [
      [
        0.08466070072114706,
        0.9962574061371977,
        0.017428323791652177,
        -8.144026210019206
      ],
      [
        -0.9963992644313403,
        0.0847274311321605,
        -0.0031254206803052373,
        49.20434275888442
      ],
      [
        -0.004590380603854656,
        -0.01710096870143045,
        0.9998432303493305,
        0.7359842257872842
      ],
      [
        0.0,
        0.0,
        0.0,
        1.0
      ]
    ],
    "location": [
      -8.144026210019206,
      49.20434275888442,
      0.7359842257872842
    ],
    "rotation": [
      -0.017101982522810494,
      0.004590396725113654,
      -1.486033269955085
    ]
  },
  {
    "label_id": "ZqVcS5TpbdlQOy2xeA1L0w",
    "size": [
      2.1659284936681438,
      4.872672216116353,
      1.6000000000000014
    ],
    "obj_class": "vehicle",
    "point_num_in_lidar": 4727,
    "speed": 0.059614217513331645,
    "if_vehicle": true,
    "motion_state": false,
    "pose": [
      [
        0.07416138732660935,
        0.9970939485121779,
        0.017428323791652177,
        -6.023637459346105
      ],
      [
        -0.997236501876241,
        0.07422661969407636,
        -0.0031254206803052373,
        20.531358284268435
      ],
      [
        -0.004409983608875355,
        -0.01714837511792297,
        0.9998432303493305,
        0.7550476230601149
      ],
      [
        0.0,
        0.0,
        0.0,
        1.0
      ]
    ],
    "location": [
      -6.023637459346105,
      20.531358284268435,
      0.7550476230601149
    ],
    "rotation": [
      -0.017149382467745635,
      0.004409997903194566,
      -1.4965660673453813
    ]
  },
  {
    "label_id": "ZxcngDw5pn33WhQh4fGo7g",
    "size": [
      1.9931629351995601,
      4.351704980641885,
      1.5900000000000034
    ],
    "obj_class": "vehicle",
    "point_num_in_lidar": 24,
    "speed": 9.793281993527118e-29,
    "if_vehicle": true,
    "motion_state": false,
    "pose": [
      [
        -0.9968718091310648,
        0.07708988059123519,
        0.017428323791652177,
        -42.48788176240464
      ],
      [
        -0.07715553140631069,
        -0.9970141702699019,
        -0.0031254206803052373,
        8.402999257310967
      ],
      [
        0.017135347477287177,
        -0.004460335351537697,
        0.9998432303493305,
        1.2063065828134611
      ],
      [
        0.0,
        0.0,
        0.0,
        1.0
      ]
    ],
    "location": [
      -42.48788176240464,
      8.402999257310967,
      1.2063065828134611
    ],
    "rotation": [
      -0.004461005113978182,
      -0.01713618613527102,
      -3.0643490019655912
    ]
  },
  {
    "label_id": "_24i-ZRumO3LrMkBqlq3zw",
    "size": [
      0.529902569645191,
      0.0716175953503607,
      0.6400000000000006
    ],
    "obj_class": "sign",
    "point_num_in_lidar": 24,
    "speed": 0.0037776962588623665,
    "if_vehicle": false,
    "motion_state": false,
    "pose": [
      [
        0.4875549949594224,
        -0.8729183125699281,
        0.017428323791652177,
        -9.702997319968176
      ],
      [
        0.8730732159104286,
        0.48757911297080136,
        -0.0031254206803052373,
        47.44405198399181
      ],
      [
        -0.005769449708578476,
        0.016740017164738295,
        0.9998432303493305,
        2.490996185085919
      ],
      [
        0.0,
        0.0,
        0.0,
        1.0
      ]
    ],
    "location": [
      -9.702997319968176,
      47.44405198399181,
      2.490996185085919
    ],
    "rotation": [
      0.0167410777554667,
      0.005769481716570566,
      1.0614998734066243
    ]
  },
  {
    "label_id": "_wSssJXzyoUd9vRqDp9RMA",
    "size": [
      0.7500877164706274,
      0.7935346243200134,
      1.4500000000000028
    ],
    "obj_class": "pedestrian",
    "point_num_in_lidar": 192,
    "speed": 0.08075211966265787,
    "if_vehicle": false,
    "motion_state": false,
    "pose": [
      [
        -0.8189236517503944,
        -0.5736377830422364,
        0.017428323791652177,
        -15.31999349563705
      ],
      [
        0.5736774991005994,
        -0.8190753071429104,
        -0.0031254206803052373,
        11.896499693810938
      ],
      [
        0.016067969052758254,
        0.00743875628953873,
        0.9998432303493305,
        0.8280005984157768
      ],
      [
        0.0,
        0.0,
        0.0,
        1.0
      ]
    ],
    "location": [
      -15.31999349563705,
      11.896499693810938,
      0.8280005984157768
    ],
    "rotation": [
      0.007439785375525333,
      -0.016068660536814553,
      2.530513601450889
    ]
  },
  {
    "label_id": "ahh4Y1SZ-y9Qvly03o_oAA",
    "size": [
      2.062704665767815,
      4.417872033252479,
      1.7451871050278172
    ],
    "obj_class": "vehicle",
    "point_num_in_lidar": 939,
    "speed": 0.015149127583341696,
    "if_vehicle": true,
    "motion_state": false,
    "pose": [
      [
        0.07576004083428886,
        0.9969737557943037,
        0.017428323791652177,
        -6.933128363839387
      ],
      [
        -0.9971162043809925,
        0.07582550168916745,
        -0.0031254206803052373,
        32.648720412438934
      ],
      [
        -0.004437473789184379,
        -0.01714128206949091,
        0.9998432303493305,
        0.6959842257872282
      ],
      [
        0.0,
        0.0,
        0.0,
        1.0
      ]
    ],
    "location": [
      -6.933128363839387,
      32.648720412438934,
      0.6959842257872282
    ],
    "rotation": [
      -0.017142290392499416,
      0.004437488352491236,
      -1.494962878224075
    ]
  },
  {
    "label_id": "bvL2rvVEb9eIpHJaqfTqPA",
    "size": [
      0.42854558068811766,
      0.05554031355127446,
      0.5100000000000051
    ],
    "obj_class": "sign",
    "point_num_in_lidar": 20,
    "speed": 0.01856017117429554,
    "if_vehicle": false,
    "motion_state": false,
    "pose": [
      [
        0.999037089313547,
        -0.04026347855971962,
        0.017428323791652177,
        -34.45198439096305
      ],
      [
        0.040323833083258605,
        0.9991817753697495,
        -0.0031254206803052373,
        -3.0662629637176906
      ],
      [
        -0.017288223199310292,
        0.003825187998828077,
        0.9998432303493305,
        3.5648991111479305
      ],
      [
        0.0,
        0.0,
        0.0,
        1.0
      ]
    ],
    "location": [
      -34.45198439096305,
      -3.0662629637176906,
      3.5648991111479305
    ],
    "rotation": [
      0.0038257691008288836,
      0.017289084506852192,
      0.04034080122856104
    ]
  },
  {
    "label_id": "dflMqGo5HWaGLblIEG_AIw",
    "size": [
      1.8606366508090657,
      4.05075350178842,
      1.5400000000000063
    ],
    "obj_class": "vehicle",
    "point_num_in_lidar": 52,
    "speed": 1.6758116906701666e-13,
    "if_vehicle": true,
    "motion_state": false,
    "pose": [
      [
        -0.12480961489975423,
        -0.9920276274168921,
        0.017428323791652177,
        -2.603579955937903
      ],
      [
        0.9921666762330171,
        -0.12488201759380149,
        -0.0031254206803052373,
        70.46901911606733
      ],
      [
        0.00527698790054247,
        0.01690171953716773,
        0.9998432303493305,
        0.494934047479191
      ],
      [
        0.0,
        0.0,
        0.0,
        1.0
      ]
    ],
    "location": [
      -2.603579955937903,
      70.46901911606733,
      0.494934047479191
    ],
    "rotation": [
      0.01690275972064071,
      -0.005277012391879062,
      1.6959340216307799
    ]
  },
  {
    "label_id": "eZRjpTUJ2mfeBaXNVhY0Xg",
    "size": [
      2.1077888558892974,
      4.800487478512236,
      1.8300000000000054
    ],
    "obj_class": "vehicle",
    "point_num_in_lidar": 101,
    "speed": 5.0242958677880804e-14,
    "if_vehicle": true,
    "motion_state": false,
    "pose": [
      [
        0.10303867806727979,
        0.9945246524606419,
        0.017428323791652177,
        -8.436392986691772
      ],
      [
        -0.9946652546346884,
        0.10310801602243053,
        -0.0031254206803052373,
        54.806907441187604
      ],
      [
        -0.004905307804627649,
        -0.017013308906776718,
        0.9998432303493305,
        0.7240269043479373
      ],
      [
        0.0,
        0.0,
        0.0,
        1.0
      ]
    ],
    "location": [
      -8.436392986691772,
      54.806907441187604,
      0.7240269043479373
    ],
    "rotation": [
      -0.017014334492502562,
      0.004905327476796568,
      -1.467573199364995
    ]
  },
  {
    "label_id": "el1MZgM6r4thy7UFY5Ms-w",
    "size": [
      2.083719080890317,
      4.851971849331807,
      1.750000000000007
    ],
    "obj_class": "vehicle",
    "point_num_in_lidar": 61,
    "speed": 0.0,
    "if_vehicle": true,
    "motion_state": false,
    "pose": [
      [
        0.9993323213735785,
        -0.03211175778290237,
        0.017428323791652177,
        54.61664858770894
      ],
      [
        0.03217092991484006,
        0.9994774950012559,
        -0.0031254206803052373,
        5.417655642829459
      ],
      [
        -0.017318854653495672,
        0.0036840192869528037,
        0.9998432303493305,
        0.567412840249375
      ],
      [
        0.0,
        0.0,
        0.0,
        1.0
      ]
    ],
    "location": [
      54.61664858770894,
      5.417655642829459,
      0.567412840249375
    ],
    "rotation": [
      0.00368458024571883,
      0.017319720547788308,
      0.03218131012214027
    ]
  },
  {
    "label_id": "fEKN6OQe99brECij0ShExg",
    "size": [
      2.1977897881326562,
      4.78244681950412,
      1.8500000000000014
    ],
    "obj_class": "vehicle",
    "point_num_in_lidar": 467,
    "speed": 1.293207299340885e-13,
    "if_vehicle": true,
    "motion_state": false,
    "pose": [
      [
        0.03412012151201825,
        0.9992657658690296,
        0.017428323791652177,
        -7.503220989563033
      ],
      [
        -0.9994108202811127,
        0.03417958529012129,
        -0.0031254206803052373,
        39.352328711192285
      ],
      [
        -0.003718818769268742,
        -0.017311415643351744,
        0.9998432303493305,
        0.7559842257873015
      ],
      [
        0.0,
        0.0,
        0.0,
        1.0
      ]
    ],
    "location": [
      -7.503220989563033,
      39.352328711192285,
      0.7559842257873015
    ],
    "rotation": [
      -0.017312400146506833,
      0.00371882734095951,
      -1.5366693453957645
    ]
  },
  {
    "label_id": "fYyXv0ky6LiEHw3E0pA23g",
    "size": [
      2.101415260562796,
      4.143773707621943,
      1.5400000000000063
    ],
    "obj_class": "vehicle",
    "point_num_in_lidar": 90,
    "speed": 7.944109290391274e-14,
    "if_vehicle": true,
    "motion_state": false,
    "pose": [
      [
        0.10303867806726125,
        0.9945246524606438,
        0.017428323791652177,
        -7.926732329399329
      ],
      [
        -0.9946652546346902,
        0.10310801602241197,
        -0.0031254206803052373,
        44.767359465038226
      ],
      [
        -0.004905307804627331,
        -0.017013308906776808,
        0.9998432303493305,
        0.6409842257872285
      ],
      [
        0.0,
        0.0,
        0.0,
        1.0
      ]
    ],
    "location": [
      -7.926732329399329,
      44.767359465038226,
      0.6409842257872285
    ],
    "rotation": [
      -0.017014334492502652,
      0.00490532747679625,
      -1.4675731993650136
    ]
  },
  {
    "label_id": "fh1oSL5OCYHPzBR4ONvPDg",
    "size": [
      2.544152576201219,
      5.529152590652675,
      2.3499999999999943
    ],
    "obj_class": "vehicle",
    "point_num_in_lidar": 27302,
    "speed": 0.06437028171331086,
    "if_vehicle": true,
    "motion_state": false,
    "pose": [
      [
        -0.05983552630180206,
        -0.9980560922723729,
        0.017428323791652177,
        1.1756373703184408
      ],
      [
        0.998199567671066,
        -0.059898704884731285,
        -0.0031254206803052373,
        18.442007409323423
      ],
      [
        0.004163279174324421,
        0.017209934082737955,
        0.9998432303493305,
        1.2168561901054815
      ],
      [
        0.0,
        0.0,
        0.0,
        1.0
      ]
    ],
    "location": [
      1.1756373703184408,
      18.442007409323423,
      1.2168561901054815
    ],
    "rotation": [
      0.01721093291396094,
      -0.0041632912013639745,
      1.6306681350017327
    ]
  },
  {
    "label_id": "gHAsq7pr4L8fOU8I8lYpmQ",
    "size": [
      1.9335229779327916,
      4.306984522848348,
      1.6700000000000017
    ],
    "obj_class": "vehicle",
    "point_num_in_lidar": 40,
    "speed": 1.2434497875801753e-13,
    "if_vehicle": true,
    "motion_state": false,
    "pose": [
      [
        0.05489943761128812,
        0.998339774465476,
        0.017428323791652177,
        -9.268167274577536
      ],
      [
        -0.9984835605261531,
        0.054961905940272,
        -0.0031254206803052373,
        64.14157132866671
      ],
      [
        -0.004078125670019056,
        -0.01723031095584408,
        0.9998432303493305,
        0.5739372660320186
      ],
      [
        0.0,
        0.0,
        0.0,
        1.0
      ]
    ],
    "location": [
      -9.268167274577536,
      64.14157132866671,
      0.5739372660320186
    ],
    "rotation": [
      -0.017231306938584906,
      0.004078136974062398,
      -1.515868817155379
    ]
  },
  {
    "label_id": "jiDWv0IHfVYmdLSYdNAeuw",
    "size": [
      2.3635772079234534,
      4.784302331303529,
      1.8000000000000043
    ],
    "obj_class": "vehicle",
    "point_num_in_lidar": 1124,
    "speed": 7.944109290391274e-14,
    "if_vehicle": true,
    "motion_state": false,
    "pose": [
      [
        -0.9989413138573303,
        0.04257352462274943,
        0.017428323791652177,
        -16.126767325088053
      ],
      [
        -0.04263421355411699,
        -0.9990858599640939,
        -0.0031254206803052373,
        10.476572896518746
      ],
      [
        0.017279331688826068,
        -0.0038651547191645816,
        0.9998432303493305,
        0.8986715158246028
      ],
      [
        0.0,
        0.0,
        0.0,
        1.0
      ]
    ],
    "location": [
      -16.126767325088053,
      10.476572896518746,
      0.8986715158246028
    ],
    "rotation": [
      -0.0038657414965203377,
      -0.01728019166799446,
      -3.098939141612157
    ]
  },
  {
    "label_id": "k4oHe6tQGyyLh793O8epAQ",
    "size": [
      1.7560101550848113,
      3.914309175224693,
      1.6779254470060394
    ],
    "obj_class": "vehicle",
    "point_num_in_lidar": 28,
    "speed": 1.7763568394002505e-13,
    "if_vehicle": true,
    "motion_state": false,
    "pose": [
      [
        0.9955211646072347,
        -0.09291858989926716,
        0.017428323791652177,
        5.030531883127651
      ],
      [
        0.09298649428146027,
        0.9956624647071995,
        -0.0031254206803052373,
        61.12021003651739
      ],
      [
        -0.017062318139655558,
        0.004732021166132909,
        0.9998432303493305,
        0.7645026944789919
      ],
      [
        0.0,
        0.0,
        0.0,
        1.0
      ]
    ],
    "location": [
      5.030531883127651,
      61.12021003651739,
      0.7645026944789919
    ],
    "rotation": [
      0.004732727783768,
      0.01706314611948485,
      0.09313461658686151
    ]
  },
  {
    "label_id": "lVgMLiYY04OUIeF1a-Z-Bg",
    "size": [
      2.2872766218934633,
      5.0947232382614915,
      1.9223137534269625
    ],
    "obj_class": "vehicle",
    "point_num_in_lidar": 73,
    "speed": 1.4508597446132e-28,
    "if_vehicle": true,
    "motion_state": false,
    "pose": [
      [
        -0.9983880247626552,
        0.05401486406848388,
        0.017428323791652177,
        -36.01717333436841
      ],
      [
        -0.05407720497519213,
        -0.9985318661152693,
        -0.0031254206803052373,
        8.894851464634712
      ],
      [
        0.01723391750573608,
        -0.004062857617617492,
        0.9998432303493305,
        1.232063122341998
      ],
      [
        0.0,
        0.0,
        0.0,
        1.0
      ]
    ],
    "location": [
      -36.01717333436841,
      8.894851464634712,
      1.232063122341998
    ],
    "rotation": [
      -0.004063472285016538,
      -0.017234770721420347,
      -3.0874810129033445
    ]
  },
  {
    "label_id": "ozI_DkeLxPdJcxjoyX4BFQ",
    "size": [
      2.0837190808899972,
      4.851971849331807,
      1.720000000000006
    ],
    "obj_class": "vehicle",
    "point_num_in_lidar": 24,
    "speed": 0.03302057506306898,
    "if_vehicle": true,
    "motion_state": false,
    "pose": [
      [
        0.9965533477853349,
        -0.08110288865172721,
        0.017428323791652177,
        68.15925611188152
      ],
      [
        0.08116911211304528,
        0.9966954434451635,
        -0.0031254206803052373,
        6.587628322327646
      ],
      [
        -0.017117250264602056,
        0.004529290009982773,
        0.9998432303493305,
        0.48241284024938125
      ],
      [
        0.0,
        0.0,
        0.0,
        1.0
      ]
    ],
    "location": [
      68.15925611188152,
      6.587628322327646,
      0.48241284024938125
    ],
    "rotation": [
      0.004529969190346875,
      0.017118086267953914,
      0.08127044011611001
    ]
  },
  {
    "label_id": "qPWumNnNthQD8NTlZF-_fQ",
    "size": [
      0.4880788951107087,
      0.06865697099905971,
      0.17722823857717174
    ],
    "obj_class": "sign",
    "point_num_in_lidar": 86,
    "speed": 0.002398579168894952,
    "if_vehicle": false,
    "motion_state": false,
    "pose": [
      [
        0.3445743974539245,
        -0.9385972182726081,
        0.017428323791652177,
        -7.710051199661734
      ],
      [
        0.9387539871826736,
        0.34457391557429884,
        -0.0031254206803052373,
        16.633627242848206
      ],
      [
        -0.003071834614320123,
        0.01743784839703034,
        0.9998432303493305,
        2.608595103809421
      ],
      [
        0.0,
        0.0,
        0.0,
        1.0
      ]
    ],
    "location": [
      -7.710051199661734,
      16.633627242848206,
      2.608595103809421
    ],
    "rotation": [
      0.017438814550268713,
      0.0030718394453984996,
      1.2190092148428242
    ]
  },
  {
    "label_id": "stwG_nJ0VBwv7fYOvo0-Cw",
    "size": [
      0.7105290112285646,
      2.191229334457561,
      1.2100000000000009
    ],
    "obj_class": "vehicle",
    "point_num_in_lidar": 64,
    "speed": 0.0019749604498269413,
    "if_vehicle": true,
    "motion_state": false,
    "pose": [
      [
        -0.13417273675230207,
        -0.9908046882419413,
        0.017428323791652177,
        -34.95466394597531
      ],
      [
        0.9909430470876338,
        -0.13424644939158267,
        -0.0031254206803052373,
        -1.1256321010894226
      ],
      [
        0.005436372050650897,
        0.016851130037550916,
        0.9998432303493305,
        0.8825578718352034
      ],
      [
        0.0,
        0.0,
        0.0,
        1.0
      ]
    ],
    "location": [
      -34.95466394597531,
      -1.1256321010894226,
      0.8825578718352034
    ],
    "rotation": [
      0.016852176700149026,
      -0.0054363988288914505,
      1.7053769311462366
    ]
  },
  {
    "label_id": "w6BjK-JOuiQcnHqsxUNqrQ",
    "size": [
      1.7344615096121556,
      4.081164655943882,
      1.5479254470060368
    ],
    "obj_class": "vehicle",
    "point_num_in_lidar": 77,
    "speed": 7.32410687763558e-14,
    "if_vehicle": true,
    "motion_state": false,
    "pose": [
      [
        0.9955211646072338,
        -0.09291858989927688,
        0.017428323791652177,
        5.106219935897684
      ],
      [
        0.09298649428147,
        0.9956624647071985,
        -0.0031254206803052373,
        51.30259610885446
      ],
      [
        -0.017062318139655513,
        0.0047320211661330755,
        0.9998432303493305,
        0.7602280385556099
      ],
      [
        0.0,
        0.0,
        0.0,
        1.0
      ]
    ],
    "location": [
      5.106219935897684,
      51.30259610885446,
      0.7602280385556099
    ],
    "rotation": [
      0.004732727783768167,
      0.017063146119484805,
      0.09313461658687128
    ]
  }
]