[
  {
    "label_id": "-H4mHZRW8n7aRqwatB9ZGw",
    "size": [
      2.119300748150477,
      4.685897212546479,
      1.7800000000000011
    ],
    "obj_class": "vehicle",
    "point_num_in_lidar": 3628,
    "speed": 0.07300422395105008,
    "if_vehicle": true,
    "motion_state": false,
    "pose": [
      [
        -0.19281605334953417,
        -0.9810383054198086,
        0.019642119787332577,
        0.5772887450988264
      ],
      [
        0.9812173780911848,
        -0.19265427275120997,
        0.009838095474394966,
        31.320609650940924
      ],
      [
        -0.005867410209838016,
        0.021170132019728203,
        0.9997586703838567,
        0.8259842257872521
      ],
      [
        0.0,
        0.0,
        0.0,
        1.0
      ]
    ],
    "location": [
      0.5772887450988264,
      31.320609650940924,
      0.8259842257872521
    ],
    "rotation": [
      0.021172078155485233,
      0.0058674438760950185,
      1.76483095842035
    ]
  },
  {
    "label_id": "8EvdEPo22nLKwtPy61ibWA",
    "size": [
      2.4160676488767066,
      5.370722786589685,
      2.0400000000000063
    ],
    "obj_class": "vehicle",
    "point_num_in_lidar": 78,
    "speed": 1.191616393558691e-13,
    "if_vehicle": true,
    "motion_state": false,
    "pose": [
      [
        -0.06280243281769232,
        -0.9978326721261633,
        0.019642119787332577,
        -4.550449588086053
      ],
      [
        0.9979890385734116,
        -0.06261861356461235,
        0.009838095474394966,
        96.1967025157685
      ],
      [
        -0.008586810787295037,
        0.020220476572188558,
        0.9997586703838567,
        0.65690250583242
      ],
      [
        0.0,
        0.0,
        0.0,
        1.0
      ]
    ],
    "location": [
      -4.550449588086053,
      96.1967025157685,
      0.65690250583242
    ],
    "rotation": [
      0.020222600397421568,
      0.008586916313140293,
      1.6336424367380993
    ]
  },
  {
    "label_id": "8Fg4poEL5AVkJRV9CO00xA",
    "size": [
      2.150000958502254,
      4.8842989074546495,
      1.4500000000000028
    ],
    "obj_class": "vehicle",
    "point_num_in_lidar": 2937,
    "speed": 0.04310102419304989,
    "if_vehicle": true,
    "motion_state": false,
    "pose": [
      [
        -0.06289704479885988,
        -0.9978267128544066,
        0.019642119787332577,
        0.7851402129521148
      ],
      [
        0.9979830967302826,
        -0.06271324037292321,
        0.009838095474394966,
        24.960517312976663
      ],
      [
        -0.008584893488306601,
        0.020221290663497808,
        0.9997586703838567,
        0.6959842257871784
      ],
      [
        0.0,
        0.0,
        0.0,
        1.0
      ]
    ],
    "location": [
      0.7851402129521148,
      24.960517312976663,
      0.6959842257871784
    ],
    "rotation": [
      0.020223414352268668,
      0.008584998943479322,
      1.633737238609064
    ]
  },
  {
    "label_id": "917XhsvjWDcD0OHKD8dPPA",
    "size": [
      2.043374180459364,
      4.63664366699592,
      1.8000000000000043
    ],
    "obj_class": "vehicle",
    "point_num_in_lidar": 60,
    "speed": 9.565974336450907e-14,
    "if_vehicle": true,
    "motion_state": false,
    "pose": [
      [
        0.08893113083072607,
        0.9958440847338645,
        0.019642119787332577,
        -9.694906522705423
      ],
      [
        -0.9960052148384502,
        0.08875147261904585,
        0.009838095474394966,
        71.2575348432033
      ],
      [
        0.008053942126737762,
        -0.02043856669442335,
        0.9997586703838567,
        0.6909842257872967
      ],
      [
        0.0,
        0.0,
        0.0,
        1.0
      ]
    ],
    "location": [
      -9.694906522705423,
      71.2575348432033,
      0.6909842257872967
    ],
    "rotation": [
      -0.020440653000750306,
      -0.008054029200426001,
      -1.4817446585973972
    ]
  },
  {
    "label_id": "BysFJyhWuMC5UXY1Bs05bQ",
    "size": [
      1.7590874962375866,
      3.8442857249957045,
      1.6579254470060363
    ],
    "obj_class": "vehicle",
    "point_num_in_lidar": 83,
    "speed": 0.0,
    "if_vehicle": true,
    "motion_state": false,
    "pose": [
      [
        0.9954803019381445,
        -0.0929147759153559,
        0.019642119787332577,
        3.796627101763306
      ],
      [
        0.09273576382072829,
        0.995642149562795,
        0.009838095474394966,
        67.15691729280638
      ],
      [
        -0.020470626803467,
        -0.007972103271810464,
        0.9997586703838567,
        0.7599469492904305
      ],
      [
        0.0,
        0.0,
        0.0,
        1.0
      ]
    ],
    "location": [
      3.796627101763306,
      67.15691729280638,
      0.7599469492904305
    ],
    "rotation": [
      -0.007973858637461409,
      0.020472056764095515,
      0.09288872146637837
    ]
  },
  {
    "label_id": "KCCr9VFidHPM1SGOspbnnA",
    "size": [
      0.503023893568142,
      0.0682318327003486,
      0.5600000000000023
    ],
    "obj_class": "sign",
    "point_num_in_lidar": 204,
    "speed": 0.024859067322484305,
    "if_vehicle": false,
    "motion_state": false,
    "pose": [
      [
        -0.6211293006074956,
        0.7834619193407575,
        0.019642119787332577,
        1.7787230070542819
      ],
      [
        -0.7834550861534981,
        -0.621370533464254,
        0.009838095474394966,
        34.281105068311945
      ],
      [
        0.01991280761365072,
        -0.009277989288901264,
        0.9997586703838567,
        2.155389225568527
      ],
      [
        0.0,
        0.0,
        0.0,
        1.0
      ]
    ],
    "location": [
      1.7787230070542819,
      34.281105068311945,
      2.155389225568527
    ],
    "rotation": [
      -0.009279962484112109,
      -0.019914123819290735,
      -2.241136367380294
    ]
  },
  {
    "label_id": "KlRyHlmOZHGwiS9zWsd3BQ",
    "size": [
      1.756010155084863,
      3.914309175224693,
      1.6179254470060371
    ],
    "obj_class": "vehicle",
    "point_num_in_lidar": 21,
    "speed": 7.944109290391274e-14,
    "if_vehicle": true,
    "motion_state": false,
    "pose": [
      [
        -0.9958449342904456,
        0.08892161704736415,
        0.019642119787332577,
        3.3179629868557186
      ],
      [
        -0.08874195729633846,
        -0.9960060626786623,
        0.009838095474394966,
        83.34597896365835
      ],
      [
        0.02043848975029332,
        0.008054137385864952,
        0.9997586703838567,
        0.7499469492904325
      ],
      [
        0.0,
        0.0,
        0.0,
        1.0
      ]
    ],
    "location": [
      3.3179629868557186,
      83.34597896365835,
      0.7499469492904325
    ],
    "rotation": [
      0.008055907282614712,
      -0.02043991298591609,
      -3.052715191327967
    ]
  },
  {
    "label_id": "P5W3PzH21kZDfGzI8M2_Hw",
    "size": [
      3.102976625231794,
      12.442215914863029,
      3.289999999999978
    ],
    "obj_class": "vehicle",
    "point_num_in_lidar": 1008,
    "speed": 1.5736751737065103e-28,
    "if_vehicle": true,
    "motion_state": false,
    "pose": [
      [
        -0.9979072132575636,
        0.0616066624545081,
        0.019642119787332577,
        -25.83474257318619
      ],
      [
        -0.06142265595598731,
        -0.9980633593178085,
        0.009838095474394966,
        9.284364917255516
      ],
      [
        0.020210172286154227,
        0.008611035272671708,
        0.9997586703838567,
        1.7264236508907445
      ],
      [
        0.0,
        0.0,
        0.0,
        1.0
      ]
    ],
    "location": [
      -25.83474257318619,
      9.284364917255516,
      1.7264236508907445
    ],
    "rotation": [
      0.008612900891567885,
      -0.02021154835015566,
      -3.0801187382764983
    ]
  },
  {
    "label_id": "TQrooR0Xw1MtfxMyfaa4Wg",
    "size": [
      0.4785045274047763,
      0.05830563960807922,
      0.5300000000000011
    ],
    "obj_class": "sign",
    "point_num_in_lidar": 28,
    "speed": 0.010192492611415,
    "if_vehicle": false,
    "motion_state": false,
    "pose": [
      [
        0.17519690320145137,
        0.9843374585165808,
        0.019642119787332577,
        -10.038600963489785
      ],
      [
        -0.9845136019871362,
        0.1750319381705853,
        0.009838095474394966,
        47.357587835630284
      ],
      [
        0.00624600759975379,
        -0.02106153796300381,
        0.9997586703838567,
        2.9851927870196207
      ],
      [
        0.0,
        0.0,
        0.0,
        1.0
      ]
    ],
    "location": [
      -10.038600963489785,
      47.357587835630284,
      2.9851927870196207
    ],
    "rotation": [
      -0.021063506318799566,
      -0.006246048212644179,
      -1.3946870944913152
    ]
  },
  {
    "label_id": "YKeU-RbOBPm408751EtB_w",
    "size": [
      1.945121313395481,
      4.316546035301789,
      1.7900000000000063
    ],
    "obj_class": "vehicle",
    "point_num_in_lidar": 211,
    "speed": 1.2434497875801753e-13,
    "if_vehicle": true,
    "motion_state": false,
    "pose": [
      [
        0.08465722569487959,
        0.9962165132479517,
        0.019642119787332577,
        -8.144026210019092
      ],
      [
        -0.9963768709703107,
        0.0844768777408913,
        0.009838095474394966,
        49.20434275888442
      ],
      [
        0.00814156821865577,
        -0.020403819721910087,
        0.9997586703838567,
        0.7359842257872842
      ],
      [
        0.0,
        0.0,
        0.0,
        1.0
      ]
    ],
    "location": [
      -8.144026210019092,
      49.20434275888442,
      0.7359842257872842
    ],
    "rotation": [
      -0.02040591213555195,
      -0.008141658165494205,
      -1.4860348366910323
    ]
  },
  {
    "label_id": "ZqVcS5TpbdlQOy2xeA1L0w",
    "size": [
      2.165928493668182,
      4.872672216116353,
      1.6000000000000014
    ],
    "obj_class": "vehicle",
    "point_num_in_lidar": 3507,
    "speed": 0.059614218012032386,
    "if_vehicle": true,
    "motion_state": false,
    "pose": [
      [
        0.0739650892701892,
        0.9970673762086056,
        0.019642119787332577,
        -6.0280899892745765
      ],
      [
        -0.997225789956736,
        0.07378303140018301,
        0.009838095474394966,
        20.584879126806072
      ],
      [
        0.00835998890050983,
        -0.020315304031359838,
        0.9997586703838567,
        0.740749417653177
      ],
      [
        0.0,
        0.0,
        0.0,
        1.0
      ]
    ],
    "location": [
      -6.0280899892745765,
      20.584879126806072,
      0.740749417653177
    ],
    "rotation": [
      -0.020317411780595766,
      -0.008360086282694017,
      -1.496761037232025
    ]
  },
  {
    "label_id": "_24i-ZRumO3LrMkBqlq3zw",
    "size": [
      0.5299025696451896,
      0.0716175953503607,
      0.6400000000000006
    ],
    "obj_class": "sign",
    "point_num_in_lidar": 33,
    "speed": 0.00377769629049252,
    "if_vehicle": false,
    "motion_state": false,
    "pose": [
      [
        0.48753498252860794,
        -0.8728824823199799,
        0.019642119787332577,
        -9.703525168907504
      ],
      [
        0.8729143997633614,
        0.4877741921865148,
        0.009838095474394966,
        47.44068988673985
      ],
      [
        -0.018168420311087743,
        0.012349473499015537,
        0.9997586703838567,
        2.479735035455363
      ],
      [
        0.0,
        0.0,
        0.0,
        1.0
      ]
    ],
    "location": [
      -9.703525168907504,
      47.44068988673985,
      2.479735035455363
    ],
    "rotation": [
      0.012351826310897717,
      0.018169419999765016,
      1.06143990322155
    ]
  },
  {
    "label_id": "ahh4Y1SZ-y9Qvly03o_oAA",
    "size": [
      2.0627046657678147,
      4.417872033252479,
      1.7451871050278172
    ],
    "obj_class": "vehicle",
    "point_num_in_lidar": 1908,
    "speed": 0.039785066743553796,
    "if_vehicle": true,
    "motion_state": false,
    "pose": [
      [
        0.075756931149039,
        0.9969328335014049,
        0.019642119787332577,
        -6.932964571416164
      ],
      [
        -0.9970915741939124,
        0.07557515827930816,
        0.009838095474394966,
        32.67812546020468
      ],
      [
        0.00832346408567713,
        -0.020330296060748248,
        0.9997586703838567,
        0.6959842257872282
      ],
      [
        0.0,
        0.0,
        0.0,
        1.0
      ]
    ],
    "location": [
      -6.932964571416164,
      32.67812546020468,
      0.6959842257872282
    ],
    "rotation": [
      -0.020332401235001244,
      -0.008323560197014284,
      -1.4949641130125797
    ]
  },
  {
    "label_id": "dflMqGo5HWaGLblIEG_AIw",
    "size": [
      1.8606366508090655,
      4.05075350178842,
      1.5400000000000063
    ],
    "obj_class": "vehicle",
    "point_num_in_lidar": 88,
    "speed": 1.6758116906701666e-13,
    "if_vehicle": true,
    "motion_state": false,
    "pose": [
      [
        -0.12480449190068969,
        -0.9919869081452994,
        0.019642119787332577,
        -2.603579955937903
      ],
      [
        0.9921544156188856,
        -0.1246307644419483,
        0.009838095474394966,
        70.46901911606733
      ],
      [
        -0.0073112495073277455,
        0.020715854386069443,
        0.9997586703838567,
        0.48537905370488943
      ],
      [
        0.0,
        0.0,
        0.0,
        1.0
      ]
    ],
    "location": [
      -2.603579955937903,
      70.46901911606733,
      0.48537905370488943
    ],
    "rotation": [
      0.020717890179620398,
      0.007311314645266555,
      1.6959304688599317
    ]
  },
  {
    "label_id": "eZRjpTUJ2mfeBaXNVhY0Xg",
    "size": [
      2.1077888558892974,
      4.800487478512236,
      1.8300000000000054
    ],
    "obj_class": "vehicle",
    "point_num_in_lidar": 166,
    "speed": 5.0242958677880804e-14,
    "if_vehicle": true,
    "motion_state": false,
    "pose": [
      [
        0.10303444868918542,
        0.9944838306948866,
        0.019642119787332577,
        -8.436392986691772
      ],
      [
        -0.9946474905815139,
        0.1028570919155988,
        0.009838095474394966,
        54.80690744118738
      ],
      [
        0.0077634955537354625,
        -0.020550647899527704,
        0.9997586703838567,
        0.7217633359477063
      ],
      [
        0.0,
        0.0,
        0.0,
        1.0
      ]
    ],
    "location": [
      -8.436392986691772,
      54.80690744118738,
      0.7217633359477063
    ],
    "rotation": [
      -0.020552714169121945,
      -0.007763573542574399,
      -1.4675755758960893
    ]
  },
  {
    "label_id": "fEKN6OQe99brECij0ShExg",
    "size": [
      2.1977897881326562,
      4.78244681950412,
      1.8500000000000014
    ],
    "obj_class": "vehicle",
    "point_num_in_lidar": 901,
    "speed": 1.293207299340885e-13,
    "if_vehicle": true,
    "motion_state": false,
    "pose": [
      [
        0.034118721000122434,
        0.9992247494971169,
        0.019642119787332577,
        -7.503220989563033
      ],
      [
        -0.9993757721439426,
        0.03393048672116747,
        0.009838095474394966,
        39.35232871119206
      ],
      [
        0.009164001801311359,
        -0.01996552186367276,
        0.9997586703838567,
        0.7559842257873015
      ],
      [
        0.0,
        0.0,
        0.0,
        1.0
      ]
    ],
    "location": [
      -7.503220989563033,
      39.35232871119206,
      0.7559842257873015
    ],
    "rotation": [
      -0.019967687112790188,
      -0.009164130070001551,
      -1.5366695492457774
    ]
  },
  {
    "label_id": "fYyXv0ky6LiEHw3E0pA23g",
    "size": [
      2.1014152605627956,
      4.143773707621943,
      1.5400000000000063
    ],
    "obj_class": "vehicle",
    "point_num_in_lidar": 159,
    "speed": 7.944109290391274e-14,
    "if_vehicle": true,
    "motion_state": false,
    "pose": [
      [
        0.10303444868916775,
        0.9944838306948883,
        0.019642119787332577,
        -7.926732329399215
      ],
      [
        -0.9946474905815157,
        0.10285709191558114,
        0.009838095474394966,
        44.767359465038226
      ],
      [
        0.007763495553735827,
        -0.020550647899527565,
        0.9997586703838567,
        0.6409842257872143
      ],
      [
        0.0,
        0.0,
        0.0,
        1.0
      ]
    ],
    "location": [
      -7.926732329399215,
      44.767359465038226,
      0.6409842257872143
    ],
    "rotation": [
      -0.020552714169121807,
      -0.007763573542574763,
      -1.467575575896107
    ]
  },
  {
    "label_id": "fh1oSL5OCYHPzBR4ONvPDg",
    "size": [
      2.5441525762012773,
      5.529152590652675,
      2.3499999999999943
    ],
    "obj_class": "vehicle",
    "point_num_in_lidar": 11671,
    "speed": 0.014337828764924588,
    "if_vehicle": true,
    "motion_state": false,
    "pose": [
      [
        -0.06584606780317441,
        -0.9976364480536584,
        0.019642119787332577,
        1.1682608121109297
      ],
      [
        0.9977933745210971,
        -0.0656627264072891,
        0.009838095474394966,
        18.479501909889905
      ],
      [
        -0.008525087487033347,
        0.0202465768870113,
        0.9997586703838567,
        1.2236468953061816
      ],
      [
        0.0,
        0.0,
        0.0,
        1.0
      ]
    ],
    "location": [
      1.1682608121109297,
      18.479501909889905,
      1.2236468953061816
    ],
    "rotation": [
      0.0202486963238263,
      0.008525190753540322,
      1.6366924672762448
    ]
  },
  {
    "label_id": "gHAsq7pr4L8fOU8I8lYpmQ",
    "size": [
      1.9335229779327916,
      4.306984522848348,
      1.6700000000000017
    ],
    "obj_class": "vehicle",
    "point_num_in_lidar": 66,
    "speed": 1.2434497875801753e-13,
    "if_vehicle": true,
    "motion_state": false,
    "pose": [
      [
        0.05489718418098619,
        0.9982987961022787,
        0.019642119787332577,
        -9.26816727457765
      ],
      [
        -0.9984537017144812,
        0.054712132201974684,
        0.009838095474394966,
        64.14157132866671
      ],
      [
        0.008746696613496207,
        -0.02015183095042946,
        0.9997586703838567,
        0.5739372660320257
      ],
      [
        0.0,
        0.0,
        0.0,
        1.0
      ]
    ],
    "location": [
      -9.26816727457765,
      64.14157132866671,
      0.5739372660320257
    ],
    "rotation": [
      -0.020153966186096023,
      -0.008746808144571745,
      -1.515869427964966
    ]
  },
  {
    "label_id": "k4oHe6tQGyyLh793O8epAQ",
    "size": [
      1.7560101550848077,
      3.914309175224693,
      1.6779254470060394
    ],
    "obj_class": "vehicle",
    "point_num_in_lidar": 61,
    "speed": 1.7763568394002505e-13,
    "if_vehicle": true,
    "motion_state": false,
    "pose": [
      [
        0.9954803019381335,
        -0.0929147759154735,
        0.019642119787332577,
        5.030531883127765
      ],
      [
        0.0927357638208459,
        0.995642149562784,
        0.009838095474394966,
        61.12021003651762
      ],
      [
        -0.020470626803467944,
        -0.007972103271808048,
        0.9997586703838567,
        0.7645026944789919
      ],
      [
        0.0,
        0.0,
        0.0,
        1.0
      ]
    ],
    "location": [
      5.030531883127765,
      61.12021003651762,
      0.7645026944789919
    ],
    "rotation": [
      -0.007973858637458992,
      0.02047205676409646,
      0.09288872146649653
    ]
  },
  {
    "label_id": "w6BjK-JOuiQcnHqsxUNqrQ",
    "size": [
      1.734461509612151,
      4.081164655943882,
      1.5479254470060368
    ],
    "obj_class": "vehicle",
    "point_num_in_lidar": 194,
    "speed": 7.32410687763558e-14,
    "if_vehicle": true,
    "motion_state": false,
    "pose": [
      [
        0.995480301938133,
        -0.09291477591547923,
        0.019642119787332577,
        5.1062199358979115
      ],
      [
        0.09273576382085165,
        0.9956421495627834,
        0.009838095474394966,
        51.30259610885446
      ],
      [
        -0.02047062680346799,
        -0.007972103271807928,
        0.9997586703838567,
        0.7559272585951504
      ],
      [
        0.0,
        0.0,
        0.0,
        1.0
      ]
    ],
    "location": [
      5.1062199358979115,
      51.30259610885446,
      0.7559272585951504
    ],
    "rotation": [
      -0.007973858637458872,
      0.020472056764096504,
      0.0928887214665023
    ]
  }
]