[
  {
    "label_id": "-F5A7bbXR534ssEhSPvsKA",
    "size": [
      0.9144843212922915,
      1.0494597753535118,
      1.740000000000002
    ],
    "obj_class": "pedestrian",
    "point_num_in_lidar": 148,
    "speed": 1.7288264177821586,
    "if_vehicle": false,
    "motion_state": true,
    "pose": [
      [
        0.9980412234644196,
        -0.05715312709446046,
        0.025440839785060128,
        2.2148102156938876
      ],
      [
        0.05727919620266786,
        0.998349136131028,
        -0.00425394743813696,
        14.974643217834455
      ],
      [
        -0.02515571402327767,
        0.005702845759320642,
        0.9996672784492971,
        0.7971976416512092
      ],
      [
        0.0,
        0.0,
        0.0,
        1.0
      ]
    ],
    "location": [
      2.2148102156938876,
      14.974643217834455,
      0.7971976416512092
    ],
    "rotation": [
      0.005704681966493315,
      0.025158367910093758,
      0.057328725671845666
    ]
  },
  {
    "label_id": "-FAHwqVW2G-3XzoYPoMFfw",
    "size": [
      3.120054896761182,
      11.531225792973089,
      4.109999999999957
    ],
    "obj_class": "vehicle",
    "point_num_in_lidar": 82,
    "speed": 3.972054645195637e-14,
    "if_vehicle": true,
    "motion_state": false,
    "pose": [
      [
        -0.9983105876384802,
        0.052237288213912214,
        0.025440839785060128,
        38.31753235524775
      ],
      [
        -0.05236183938734867,
        -0.9986191174352548,
        -0.00425394743813696,
        13.727971959058777
      ],
      [
        0.025183494294595668,
        -0.005578889933454304,
        0.9996672784492971,
        1.8429762349869634
      ],
      [
        0.0,
        0.0,
        0.0,
        1.0
      ]
    ],
    "location": [
      38.31753235524775,
      13.727971959058777,
      1.8429762349869634
    ],
    "rotation": [
      -0.005580688832296941,
      -0.025186156985121375,
      -3.089190222459128
    ]
  },
  {
    "label_id": "-H4mHZRW8n7aRqwatB9ZGw",
    "size": [
      2.119300748150477,
      4.685897212546479,
      1.7800000000000011
    ],
    "obj_class": "vehicle",
    "point_num_in_lidar": 35,
    "speed": 0.01593034553235427,
    "if_vehicle": true,
    "motion_state": false,
    "pose": [
      [
        -0.19279083865351104,
        -0.9809100143246101,
        0.025440839785060128,
        0.5981171741235585
      ],
      [
        0.9811978467210458,
        -0.19295774024686557,
        -0.00425394743813696,
        31.211073706610932
      ],
      [
        0.009081746597386819,
        0.024142375121689732,
        0.9996672784492971,
        0.8259842257872663
      ],
      [
        0.0,
        0.0,
        0.0,
        1.0
      ]
    ],
    "location": [
      0.5981171741235585,
      31.211073706610932,
      0.8259842257872663
    ],
    "rotation": [
      0.024145716945556197,
      -0.009081871442920053,
      1.7648099820580112
    ]
  },
  {
    "label_id": "0Mszwh9T8XA40wt2KRP44w",
    "size": [
      0.7583054554568486,
      0.8208242572220442,
      1.6100000000000065
    ],
    "obj_class": "pedestrian",
    "point_num_in_lidar": 99,
    "speed": 1.1471689381031893,
    "if_vehicle": false,
    "motion_state": true,
    "pose": [
      [
        -0.9978010802553786,
        0.06120267896285651,
        0.025440839785060128,
        -21.261724100706488
      ],
      [
        -0.06132999653376479,
        -0.9981084788019597,
        -0.00425394743813696,
        -2.7318726723328837
      ],
      [
        0.025132364917929577,
        -0.005804879964956462,
        0.9996672784492971,
        0.9804532006235434
      ],
      [
        0.0,
        0.0,
        0.0,
        1.0
      ]
    ],
    "location": [
      -21.261724100706488,
      -2.7318726723328837,
      0.9804532006235434
    ],
    "rotation": [
      -0.005806746751016813,
      -0.02513501142032604,
      -3.080204729531259
    ]
  },
  {
    "label_id": "5FDGRfKUQ9sdZ1qWgyeWLQ",
    "size": [
      2.0457186592079957,
      4.713389250527029,
      1.3400000000000034
    ],
    "obj_class": "vehicle",
    "point_num_in_lidar": 542,
    "speed": 0.7717638097531875,
    "if_vehicle": true,
    "motion_state": false,
    "pose": [
      [
        -0.004999778211793579,
        0.9996638264381,
        0.025440839785060128,
        -3.3176098667483984
      ],
      [
        -0.9999789805599832,
        -0.004893094052884112,
        -0.00425394743813696,
        16.825157863148206
      ],
      [
        -0.004128032951621891,
        -0.025461573826569602,
        0.9996672784492971,
        0.7664816745550809
      ],
      [
        0.0,
        0.0,
        0.0,
        1.0
      ]
    ],
    "location": [
      -3.3176098667483984,
      16.825157863148206,
      0.7664816745550809
    ],
    "rotation": [
      -0.025464542731554973,
      0.004128044675776744,
      -1.575796168438313
    ]
  },
  {
    "label_id": "5tqAjOce6YWfi1CdeCMP-Q",
    "size": [
      2.2636790255731096,
      4.979165260291454,
      1.8500000000000014
    ],
    "obj_class": "vehicle",
    "point_num_in_lidar": 1000,
    "speed": 1.7852165294699933e-13,
    "if_vehicle": true,
    "motion_state": false,
    "pose": [
      [
        -0.9952402106922275,
        0.09407277338487281,
        0.025440839785060128,
        10.627576893746095
      ],
      [
        -0.09421015845475551,
        -0.9955432436489756,
        -0.00425394743813696,
        11.982496768205692
      ],
      [
        0.024927275527433648,
        -0.006630485091977651,
        0.9996672784492971,
        0.8802654804896193
      ],
      [
        0.0,
        0.0,
        0.0,
        1.0
      ]
    ],
    "location": [
      10.627576893746095,
      11.982496768205692,
      0.8802654804896193
    ],
    "rotation": [
      -0.006632594670963661,
      -0.02492985775584691,
      -3.0472131601921473
    ]
  },
  {
    "label_id": "7-Cir_6eWG09wehRQVtTtw",
    "size": [
      0.4470415938999128,
      0.09818506062016025,
      0.16146885882913153
    ],
    "obj_class": "sign",
    "point_num_in_lidar": 60,
    "speed": 0.00220343266442421,
    "if_vehicle": false,
    "motion_state": false,
    "pose": [
      [
        -0.9901869843069364,
        -0.13741360842422345,
        0.025440839785060128,
        -10.776295910568706
      ],
      [
        0.13734962363006029,
        -0.9905134955263731,
        -0.00425394743813696,
        -0.9193447600946456
      ],
      [
        0.02578404541214771,
        -0.0007179136158583814,
        0.9996672784492971,
        2.098704484616775
      ],
      [
        0.0,
        0.0,
        0.0,
        1.0
      ]
    ],
    "location": [
      -10.776295910568706,
      -0.9193447600946456,
      2.098704484616775
    ],
    "rotation": [
      -0.0007181524372313115,
      -0.025786903212468765,
      3.0037613577828948
    ]
  },
  {
    "label_id": "AEZuZTCdAj38T5tnQh0N3A",
    "size": [
      1.9764182524732345,
      4.583813116773403,
      1.6100000000000065
    ],
    "obj_class": "vehicle",
    "point_num_in_lidar": 98,
    "speed": 5.0242958677880804e-14,
    "if_vehicle": true,
    "motion_state": false,
    "pose": [
      [
        -0.9921655079290698,
        0.12231258539856761,
        0.025440839785060128,
        -49.140200029869106
      ],
      [
        -0.12245852508690674,
        -0.9924645150153899,
        -0.00425394743813696,
        7.589575708010898
      ],
      [
        0.02472881940955579,
        -0.007336067637713482,
        0.9996672784492971,
        1.299678500464701
      ],
      [
        0.0,
        0.0,
        0.0,
        1.0
      ]
    ],
    "location": [
      -49.140200029869106,
      7.589575708010898,
      1.299678500464701
    ],
    "rotation": [
      -0.0073383775868305,
      -0.024731340442003827,
      -3.0187882340220553
    ]
  },
  {
    "label_id": "Bbx8pLm5ey4t1wPBh4cdAw",
    "size": [
      2.1238772197839615,
      4.766762156548458,
      1.8100000000000023
    ],
    "obj_class": "vehicle",
    "point_num_in_lidar": 704,
    "speed": 0.03458708682109724,
    "if_vehicle": true,
    "motion_state": false,
    "pose": [
      [
        -0.9951197810924481,
        0.09533826592480593,
        0.025440839785060128,
        17.672141097680537
      ],
      [
        -0.09547603622675799,
        -0.9954226391024168,
        -0.00425394743813696,
        12.903324747092256
      ],
      [
        0.024918823907739068,
        -0.0066621777843751786,
        0.9996672784492971,
        0.7715602004971771
      ],
      [
        0.0,
        0.0,
        0.0,
        1.0
      ]
    ],
    "location": [
      17.672141097680537,
      12.903324747092256,
      0.7715602004971771
    ],
    "rotation": [
      -0.0066642965103893845,
      -0.024921403510031498,
      -3.0459411715907243
    ]
  },
  {
    "label_id": "C-7CDilIzKn25wyKRr9jJA",
    "size": [
      2.15077525733201,
      5.0328621732727665,
      1.5100000000000051
    ],
    "obj_class": "vehicle",
    "point_num_in_lidar": 2168,
    "speed": 2.8981207410651533,
    "if_vehicle": true,
    "motion_state": true,
    "pose": [
      [
        0.2530605168007603,
        0.9671158868034188,
        0.025440839785060128,
        -1.9585820580352902
      ],
      [
        -0.9673928510832956,
        0.25324489255289284,
        -0.00425394743813696,
        -7.045350410968922
      ],
      [
        -0.01055682288687187,
        -0.023534780396484448,
        0.9996672784492971,
        0.6696629228701951
      ],
      [
        0.0,
        0.0,
        0.0,
        1.0
      ]
    ],
    "location": [
      -1.9585820580352902,
      -7.045350410968922,
      0.6696629228701951
    ],
    "rotation": [
      -0.023538265442887812,
      0.010557018983550088,
      -1.3149393102683158
    ]
  },
  {
    "label_id": "DfUOspd1ep_pDGx1yZG9Uw",
    "size": [
      2.0930877344469017,
      4.702836163548996,
      1.8500000000000014
    ],
    "obj_class": "vehicle",
    "point_num_in_lidar": 1768,
    "speed": 6.9983583953258135,
    "if_vehicle": true,
    "motion_state": true,
    "pose": [
      [
        -0.9977580122495469,
        0.06190082925829221,
        0.025440839785060128,
        -10.422471346402176
      ],
      [
        -0.06202836188598676,
        -0.9980653216362818,
        -0.00425394743813696,
        7.089504618493493
      ],
      [
        0.025128297068731285,
        -0.005822463756960704,
        0.9996672784492971,
        0.9130503648213235
      ],
      [
        0.0,
        0.0,
        0.0,
        1.0
      ]
    ],
    "location": [
      -10.422471346402176,
      7.089504618493493,
      0.9130503648213235
    ],
    "rotation": [
      -0.00582433580059016,
      -0.025130942286027434,
      -3.079504816392019
    ]
  },
  {
    "label_id": "II9hCDJdG-EL7T23hW66TA",
    "size": [
      2.1696386959844145,
      4.618757893724354,
      1.7700000000000031
    ],
    "obj_class": "vehicle",
    "point_num_in_lidar": 173,
    "speed": 2.1683198553528098e-13,
    "if_vehicle": true,
    "motion_state": false,
    "pose": [
      [
        0.9984208841149192,
        -0.050084946183599044,
        0.025440839785060128,
        -26.808308418339834
      ],
      [
        0.05020883191968919,
        0.998729681709948,
        -0.00425394743813696,
        -0.6173348429897487
      ],
      [
        -0.025195463092459937,
        0.005524584810826925,
        0.9996672784492971,
        1.05367151582454
      ],
      [
        0.0,
        0.0,
        0.0,
        1.0
      ]
    ],
    "location": [
      -26.808308418339834,
      -0.6173348429897487,
      1.05367151582454
    ],
    "rotation": [
      0.005526367310585648,
      0.025198129581953662,
      0.05024591565325131
    ]
  },
  {
    "label_id": "KExt1_lZn78J8VsbsFyZVw",
    "size": [
      0.5970706012783977,
      0.6505881208428722,
      1.6700000000000017
    ],
    "obj_class": "pedestrian",
    "point_num_in_lidar": 58,
    "speed": 0.3538561516888125,
    "if_vehicle": false,
    "motion_state": false,
    "pose": [
      [
        0.578367212531027,
        -0.8153797465844493,
        0.025440839785060128,
        26.247992197640656
      ],
      [
        0.8156989954045323,
        0.57846093457314,
        -0.00425394743813696,
        17.560756484638432
      ],
      [
        -0.011247949374299722,
        0.02321241117696998,
        0.9996672784492971,
        0.9725044214993233
      ],
      [
        0.0,
        0.0,
        0.0,
        1.0
      ]
    ],
    "location": [
      26.247992197640656,
      17.560756484638432,
      0.9725044214993233
    ],
    "rotation": [
      0.023215965129216955,
      0.011248186562748664,
      0.9540257191257254
    ]
  },
  {
    "label_id": "Kj83jG1FL0sIqQoDH5vM9Q",
    "size": [
      0.6838268936494557,
      0.6195395043100689,
      1.6800000000000068
    ],
    "obj_class": "pedestrian",
    "point_num_in_lidar": 367,
    "speed": 0.11329422056622028,
    "if_vehicle": false,
    "motion_state": false,
    "pose": [
      [
        0.9976230310441729,
        -0.06403945347415317,
        0.025440839785060128,
        -6.49533052747438
      ],
      [
        0.06416764454873419,
        0.9979300663494717,
        -0.00425394743813696,
        -5.861723433785755
      ],
      [
        -0.025115758465645267,
        0.005876314701485821,
        0.9996672784492971,
        0.8031373172821219
      ],
      [
        0.0,
        0.0,
        0.0,
        1.0
      ]
    ],
    "location": [
      -6.49533052747438,
      -5.861723433785755,
      0.8031373172821219
    ],
    "rotation": [
      0.005878202824129126,
      0.02511839972440925,
      0.06423205116850073
    ]
  },
  {
    "label_id": "Kolv9LClzSD3xwIpYVUIgA",
    "size": [
      0.8022416153147819,
      0.8090622373795213,
      1.740000000000002
    ],
    "obj_class": "pedestrian",
    "point_num_in_lidar": 126,
    "speed": 1.126717883404457,
    "if_vehicle": false,
    "motion_state": true,
    "pose": [
      [
        0.9995810978406012,
        0.013798279269877808,
        0.025440839785060128,
        26.48417850206306
      ],
      [
        -0.013694373120825946,
        0.9998971787519062,
        -0.00425394743813696,
        0.0058112852091198874
      ],
      [
        -0.02549692108091167,
        0.003903769097845388,
        0.9996672784492971,
        0.7927795424982662
      ],
      [
        0.0,
        0.0,
        0.0,
        1.0
      ]
    ],
    "location": [
      26.48417850206306,
      0.0058112852091198874,
      0.7927795424982662
    ],
    "rotation": [
      0.0039050485482495126,
      0.025499684450976685,
      -0.013699255085182544
    ]
  },
  {
    "label_id": "NpOYq1LvezmGuK1h3sh1Ig",
    "size": [
      0.4751209984601725,
      0.05187169363348636,
      0.490000000000002
    ],
    "obj_class": "sign",
    "point_num_in_lidar": 33,
    "speed": 0.01192282365539283,
    "if_vehicle": false,
    "motion_state": false,
    "pose": [
      [
        0.9996763294542044,
        2.911555312900299e-14,
        0.025440839785060128,
        -11.85726186506838
      ],
      [
        0.00010825903545969122,
        0.9999909460646006,
        -0.00425394743813696,
        12.62550937025253
      ],
      [
        -0.02544060944534033,
        0.004255324761424287,
        0.9996672784492971,
        2.797662516205058
      ],
      [
        0.0,
        0.0,
        0.0,
        1.0
      ]
    ],
    "location": [
      -11.85726186506838,
      12.62550937025253,
      2.797662516205058
    ],
    "rotation": [
      0.00425671536069837,
      0.02544335454301144,
      0.00010829408664261472
    ]
  },
  {
    "label_id": "OinBLW0UfALpTqwdQFfp6g",
    "size": [
      0.8118872121116998,
      0.10779766564128707,
      0.7800000000000011
    ],
    "obj_class": "sign",
    "point_num_in_lidar": 459,
    "speed": 0.009951823784059425,
    "if_vehicle": false,
    "motion_state": false,
    "pose": [
      [
        -0.9901869843066411,
        -0.13741360842635175,
        0.025440839785060128,
        -10.785914618628112
      ],
      [
        0.13734962363218928,
        -0.9905134955260779,
        -0.00425394743813696,
        -0.935228643272012
      ],
      [
        0.025784045412149254,
        -0.0007179136158029617,
        0.9996672784492971,
        2.5825243448095208
      ],
      [
        0.0,
        0.0,
        0.0,
        1.0
      ]
    ],
    "location": [
      -10.785914618628112,
      -0.935228643272012,
      2.5825243448095208
    ],
    "rotation": [
      -0.0007181524371758734,
      -0.025786903212470312,
      3.0037613577807445
    ]
  },
  {
    "label_id": "P5W3PzH21kZDfGzI8M2_Hw",
    "size": [
      3.102976625231794,
      12.442215914863029,
      3.289999999999978
    ],
    "obj_class": "vehicle",
    "point_num_in_lidar": 3360,
    "speed": 1.1374233532693354e-13,
    "if_vehicle": true,
    "motion_state": false,
    "pose": [
      [
        -0.9977767162029751,
        0.06159860610629656,
        0.025440839785060128,
        -25.83474257318619
      ],
      [
        -0.06172604564430901,
        -0.9980840642051703,
        -0.00425394743813696,
        9.284364917255516
      ],
      [
        0.025130059536826715,
        -0.005814852143526528,
        0.9996672784492971,
        1.7264236508907516
      ],
      [
        0.0,
        0.0,
        0.0,
        1.0
      ]
    ],
    "location": [
      -25.83474257318619,
      9.284364917255516,
      1.7264236508907516
    ],
    "rotation": [
      -0.00581672191171867,
      -0.025132705310864353,
      -3.079807806355381
    ]
  },
  {
    "label_id": "RB-oIFuuBhuOu_4wBXtzcQ",
    "size": [
      1.9645943556835384,
      4.318930102955118,
      1.564739240841142
    ],
    "obj_class": "vehicle",
    "point_num_in_lidar": 432,
    "speed": 0.007658520974019126,
    "if_vehicle": true,
    "motion_state": false,
    "pose": [
      [
        -0.9951197810924409,
        0.09533826592488193,
        0.025440839785060128,
        23.453700158940478
      ],
      [
        -0.09547603622683401,
        -0.9954226391024096,
        -0.00425394743813696,
        13.316181775972154
      ],
      [
        0.024918823907738558,
        -0.0066621777843770815,
        0.9996672784492971,
        0.624566342414937
      ],
      [
        0.0,
        0.0,
        0.0,
        1.0
      ]
    ],
    "location": [
      23.453700158940478,
      13.316181775972154,
      0.624566342414937
    ],
    "rotation": [
      -0.006664296510391288,
      -0.02492140351003099,
      -3.045941171590648
    ]
  },
  {
    "label_id": "T3lsRLzCMMSY3Dl_tzxcqw",
    "size": [
      0.8193820258429358,
      0.09376311697755056,
      0.8000000000000043
    ],
    "obj_class": "sign",
    "point_num_in_lidar": 77,
    "speed": 0.002712999043839772,
    "if_vehicle": false,
    "motion_state": false,
    "pose": [
      [
        0.3932726693949046,
        -0.9190698402069546,
        0.025440839785060128,
        -7.718011517348032
      ],
      [
        0.9194016775706513,
        0.3932969097405493,
        -0.00425394743813696,
        16.67510767590079
      ],
      [
        -0.006096128876451249,
        0.02506331204165219,
        0.9996672784492971,
        3.178708539714492
      ],
      [
        0.0,
        0.0,
        0.0,
        1.0
      ]
    ],
    "location": [
      -7.718011517348032,
      16.67510767590079,
      3.178708539714492
    ],
    "rotation": [
      0.025066402656096283,
      0.006096166635272813,
      1.1665999979134407
    ]
  },
  {
    "label_id": "T6U06Wun56eAHCrMjQZvzA",
    "size": [
      2.0430374440109067,
      4.534960981455697,
      1.500000000000007
    ],
    "obj_class": "vehicle",
    "point_num_in_lidar": 66,
    "speed": 0.03022406062798739,
    "if_vehicle": true,
    "motion_state": false,
    "pose": [
      [
        0.9994383214733632,
        -0.021812960402870802,
        0.025440839785060128,
        -39.19646301483726
      ],
      [
        0.02192805860514668,
        0.9997505009636168,
        -0.00425394743813696,
        -1.4427320188929116
      ],
      [
        -0.025341701133025002,
        0.004809426312978462,
        0.9996672784492971,
        1.1122060339161806
      ],
      [
        0.0,
        0.0,
        0.0,
        1.0
      ]
    ],
    "location": [
      -39.19646301483726,
      -1.4427320188929116,
      1.1122060339161806
    ],
    "rotation": [
      0.004810989927225715,
      0.025344414331603657,
      0.021936862506727123
    ]
  },
  {
    "label_id": "VIgfW057J6zNoT8MSku42Q",
    "size": [
      2.038907894282816,
      4.544739353990225,
      1.8300000000000054
    ],
    "obj_class": "vehicle",
    "point_num_in_lidar": 1455,
    "speed": 1.2103939023510673,
    "if_vehicle": true,
    "motion_state": true,
    "pose": [
      [
        -0.9971076253436374,
        0.07161806442932951,
        0.025440839785060128,
        10.608825935603704
      ],
      [
        -0.0717485848174069,
        -0.9974136777224849,
        -0.00425394743813696,
        8.72185129772015
      ],
      [
        0.025070382092661863,
        -0.00606698767952184,
        0.9996672784492971,
        0.8859011977012301
      ],
      [
        0.0,
        0.0,
        0.0,
        1.0
      ]
    ],
    "location": [
      10.608825935603704,
      8.72185129772015,
      0.8859011977012301
    ],
    "rotation": [
      -0.006068932457646252,
      -0.02507300905877906,
      -3.0697597503285348
    ]
  },
  {
    "label_id": "XQmjRhoi5kGFxGSc7VsbaA",
    "size": [
      2.569342638223427,
      5.383624736107198,
      2.6299999999999883
    ],
    "obj_class": "vehicle",
    "point_num_in_lidar": 3081,
    "speed": 2.51214793389404e-13,
    "if_vehicle": true,
    "motion_state": false,
    "pose": [
      [
        0.9971015128686108,
        -0.07170311503804101,
        0.025440839785060128,
        15.585727148396586
      ],
      [
        0.07183366153117142,
        0.9974075541132715,
        -0.00425394743813696,
        2.909213435855463
      ],
      [
        -0.02506986450208192,
        0.006069126100418682,
        0.9996672784492971,
        1.173742843453546
      ],
      [
        0.0,
        0.0,
        0.0,
        1.0
      ]
    ],
    "location": [
      15.585727148396586,
      2.909213435855463,
      1.173742843453546
    ],
    "rotation": [
      0.006071071511463408,
      0.025072491305466692,
      0.07191822608917144
    ]
  },
  {
    "label_id": "YKeU-RbOBPm408751EtB_w",
    "size": [
      1.945121313395481,
      4.316546035301789,
      1.7900000000000063
    ],
    "obj_class": "vehicle",
    "point_num_in_lidar": 27,
    "speed": 1.2434497875801753e-13,
    "if_vehicle": true,
    "motion_state": false,
    "pose": [
      [
        0.08464615500768904,
        0.9960862372874375,
        0.025440839785060128,
        -8.144026210019206
      ],
      [
        -0.9963905573514175,
        0.08478066496628477,
        -0.00425394743813696,
        49.20434275888465
      ],
      [
        -0.006394189811550489,
        -0.024988932238681073,
        0.9996672784492971,
        0.7359842257872842
      ],
      [
        0.0,
        0.0,
        0.0,
        1.0
      ]
    ],
    "location": [
      -8.144026210019206,
      49.20434275888465,
      0.7359842257872842
    ],
    "rotation": [
      -0.024992044699058236,
      0.006394233384134166,
      -1.4860470265719499
    ]
  },
  {
    "label_id": "YytKtqwuhzFGLrx28JPtgQ",
    "size": [
      2.8673079452881676,
      7.235536587668475,
      3.3505405405405497
    ],
    "obj_class": "vehicle",
    "point_num_in_lidar": 1349,
    "speed": 0.008139765717224128,
    "if_vehicle": true,
    "motion_state": false,
    "pose": [
      [
        0.998856328373042,
        -0.04048208171718614,
        0.025440839785060128,
        22.66973986990297
      ],
      [
        0.040602992410449436,
        0.9991663029438647,
        -0.00425394743813696,
        3.4896178028318445
      ],
      [
        -0.025247421184014438,
        0.005282056543857647,
        0.9996672784492971,
        1.5809332733412589
      ],
      [
        0.0,
        0.0,
        0.0,
        1.0
      ]
    ],
    "location": [
      22.66973986990297,
      3.4896178028318445,
      1.5809332733412589
    ],
    "rotation": [
      0.005283765411257643,
      0.025250104207222835,
      0.04062711477208312
    ]
  },
  {
    "label_id": "ZAWh5ebxHQoiaBpI1opOtQ",
    "size": [
      2.3183299357428706,
      5.252203792437462,
      1.9400000000000048
    ],
    "obj_class": "vehicle",
    "point_num_in_lidar": 1740,
    "speed": 0.00452317216347154,
    "if_vehicle": true,
    "motion_state": false,
    "pose": [
      [
        0.9971497694408586,
        -0.07102887423487443,
        0.025440839785060128,
        -13.772160616992664
      ],
      [
        0.07115921375786857,
        0.9974558988890465,
        -0.00425394743813696,
        0.5977577879079945
      ],
      [
        -0.02507396261871417,
        0.006052172863596581,
        0.9996672784492971,
        0.8586715158246321
      ],
      [
        0.0,
        0.0,
        0.0,
        1.0
      ]
    ],
    "location": [
      -13.772160616992664,
      0.5977577879079945,
      0.8586715158246321
    ],
    "rotation": [
      0.006054113255373483,
      0.02507659071074631,
      0.07124184152032387
    ]
  },
  {
    "label_id": "ZqVcS5TpbdlQOy2xeA1L0w",
    "size": [
      2.1659284936682877,
      4.872672216116353,
      1.6000000000000014
    ],
    "obj_class": "vehicle",
    "point_num_in_lidar": 362,
    "speed": 0.003472295326740282,
    "if_vehicle": true,
    "motion_state": false,
    "pose": [
      [
        0.07433052444805878,
        0.996909091545617,
        0.025440839785060128,
        -6.013589185272963
      ],
      [
        -0.9972147876988289,
        0.07446187699738169,
        -0.00425394743813696,
        20.407897799376315
      ],
      [
        -0.006135171558821163,
        -0.02505378350108746,
        0.9996672784492971,
        0.7913911739882238
      ],
      [
        0.0,
        0.0,
        0.0,
        1.0
      ]
    ],
    "location": [
      -6.013589185272963,
      20.407897799376315,
      0.7913911739882238
    ],
    "rotation": [
      -0.025056876929605183,
      0.006135210047786836,
      -1.4963957824190608
    ]
  },
  {
    "label_id": "ZxcngDw5pn33WhQh4fGo7g",
    "size": [
      1.9931629351995601,
      4.351704980641885,
      1.5900000000000034
    ],
    "obj_class": "vehicle",
    "point_num_in_lidar": 58,
    "speed": 1.0805156823142816e-13,
    "if_vehicle": true,
    "motion_state": false,
    "pose": [
      [
        -0.9967005347195765,
        0.07707663563455018,
        0.025440839785060128,
        -42.48788176240464
      ],
      [
        -0.07720882985032816,
        -0.9970058678484981,
        -0.00425394743813696,
        8.40299925731074
      ],
      [
        0.02503678659200066,
        -0.006204169156474247,
        0.9996672784492971,
        1.2063065828134611
      ],
      [
        0.0,
        0.0,
        0.0,
        1.0
      ]
    ],
    "location": [
      -42.48788176240464,
      8.40299925731074,
      1.2063065828134611
    ],
    "rotation": [
      -0.006206154423604228,
      -0.025039403009503122,
      -3.0642826249313453
    ]
  },
  {
    "label_id": "ahh4Y1SZ-y9Qvly03o_oAA",
    "size": [
      2.0627046657678143,
      4.417872033252479,
      1.7451871050278172
    ],
    "obj_class": "vehicle",
    "point_num_in_lidar": 59,
    "speed": 0.0012497102911885587,
    "if_vehicle": true,
    "motion_state": false,
    "pose": [
      [
        0.07574702435986198,
        0.9968024638671684,
        0.025440839785060128,
        -6.934507743966606
      ],
      [
        -0.9971079730641149,
        0.07587881116073059,
        -0.00425394743813696,
        32.64122524111872
      ],
      [
        -0.006170765965317329,
        -0.025045040330908066,
        0.9996672784492971,
        0.6959842257872282
      ],
      [
        0.0,
        0.0,
        0.0,
        1.0
      ]
    ],
    "location": [
      -6.934507743966606,
      32.64122524111872,
      0.6959842257872282
    ],
    "rotation": [
      -0.02504813633755376,
      0.0061708051280887685,
      -1.494975233913639
    ]
  },
  {
    "label_id": "bA4NouE1x7OzqmpHmrXLCA",
    "size": [
      0.7640776443058748,
      0.060923233862056884,
      0.7700000000000031
    ],
    "obj_class": "sign",
    "point_num_in_lidar": 57,
    "speed": 0.002661473806604489,
    "if_vehicle": false,
    "motion_state": false,
    "pose": [
      [
        0.9996763294542045,
        -1.8609665967885e-14,
        0.025440839785060128,
        8.59031113983474
      ],
      [
        0.00010825903550743085,
        0.9999909460646007,
        -0.00425394743813696,
        13.72065491909757
      ],
      [
        -0.02544060944534013,
        0.004255324761425501,
        0.9996672784492971,
        2.7385050360620085
      ],
      [
        0.0,
        0.0,
        0.0,
        1.0
      ]
    ],
    "location": [
      8.59031113983474,
      13.72065491909757,
      2.7385050360620085
    ],
    "rotation": [
      0.004256715360699584,
      0.025443354543011238,
      0.0001082940866903698
    ]
  },
  {
    "label_id": "bRh1w0l7W8vM5beWIsmrxw",
    "size": [
      2.1888276515212315,
      4.690092557767388,
      1.6300000000000026
    ],
    "obj_class": "vehicle",
    "point_num_in_lidar": 58,
    "speed": 1.5834798463047763e-29,
    "if_vehicle": true,
    "motion_state": false,
    "pose": [
      [
        0.9967877229618972,
        -0.0759407599610853,
        0.025440839785060128,
        35.212053185437185
      ],
      [
        0.0760726061377741,
        0.9970932065391885,
        -0.00425394743813696,
        4.220535913178082
      ],
      [
        -0.02504384051704873,
        0.006175633565243228,
        0.9996672784492971,
        0.5583892709794895
      ],
      [
        0.0,
        0.0,
        0.0,
        1.0
      ]
    ],
    "location": [
      35.212053185437185,
      4.220535913178082,
      0.5583892709794895
    ],
    "rotation": [
      0.006177610429196757,
      0.02504645914705825,
      0.07617010717719311
    ]
  },
  {
    "label_id": "dflMqGo5HWaGLblIEG_AIw",
    "size": [
      1.860636650809065,
      4.05075350178842,
      1.5400000000000063
    ],
    "obj_class": "vehicle",
    "point_num_in_lidar": 25,
    "speed": 1.6758116906701666e-13,
    "if_vehicle": true,
    "motion_state": false,
    "pose": [
      [
        -0.12478817112619728,
        -0.9918571852933313,
        0.025440839785060128,
        -2.603579955937903
      ],
      [
        0.9921558272535251,
        -0.12493485653758421,
        -0.00425394743813696,
        70.46901911606756
      ],
      [
        0.007397756001118454,
        0.024710435122098643,
        0.9996672784492971,
        0.5596132471108461
      ],
      [
        0.0,
        0.0,
        0.0,
        1.0
      ]
    ],
    "location": [
      -2.603579955937903,
      70.46901911606756,
      0.5596132471108461
    ],
    "rotation": [
      0.024713626930761335,
      -0.007397823478691515,
      1.6959140990676564
    ]
  },
  {
    "label_id": "eZRjpTUJ2mfeBaXNVhY0Xg",
    "size": [
      2.107788855889298,
      4.800487478512236,
      1.8300000000000054
    ],
    "obj_class": "vehicle",
    "point_num_in_lidar": 35,
    "speed": 5.0242958677880804e-14,
    "if_vehicle": true,
    "motion_state": false,
    "pose": [
      [
        0.10302097479913283,
        0.9943537813185344,
        0.025440839785060128,
        -8.436392986691772
      ],
      [
        -0.994655566262278,
        0.10316108003826326,
        -0.00425394743813696,
        54.806907441187604
      ],
      [
        -0.006854433229948997,
        -0.024866627090775726,
        0.9996672784492971,
        0.7393493415883086
      ],
      [
        0.0,
        0.0,
        0.0,
        1.0
      ]
    ],
    "location": [
      -8.436392986691772,
      54.806907441187604,
      0.7393493415883086
    ],
    "rotation": [
      -0.024869774872547455,
      0.006854486905014438,
      -1.467589810503702
    ]
  },
  {
    "label_id": "el1MZgM6r4thy7UFY5Ms-w",
    "size": [
      2.0837190808903197,
      4.851971849331807,
      1.750000000000007
    ],
    "obj_class": "vehicle",
    "point_num_in_lidar": 57,
    "speed": 7.32410687763558e-14,
    "if_vehicle": true,
    "motion_state": false,
    "pose": [
      [
        0.9991606242168761,
        -0.03210624060168811,
        0.025440839785060128,
        54.61664858770894
      ],
      [
        0.032224548216445145,
        0.9994716016092902,
        -0.00425394743813696,
        5.417655642829459
      ],
      [
        -0.025290818626303637,
        0.0050701963459952315,
        0.9996672784492971,
        0.567412840249375
      ],
      [
        0.0,
        0.0,
        0.0,
        1.0
      ]
    ],
    "location": [
      54.61664858770894,
      5.417655642829459,
      0.567412840249375
    ],
    "rotation": [
      0.005071840382009309,
      0.025293515511404355,
      0.032240444062219785
    ]
  },
  {
    "label_id": "fEKN6OQe99brECij0ShExg",
    "size": [
      2.1977897881326562,
      4.78244681950412,
      1.8500000000000014
    ],
    "obj_class": "vehicle",
    "point_num_in_lidar": 54,
    "speed": 1.293207299340885e-13,
    "if_vehicle": true,
    "motion_state": false,
    "pose": [
      [
        0.03411425927007509,
        0.9990940801473528,
        0.025440839785060128,
        -7.503220989563033
      ],
      [
        -0.9994048191405702,
        0.03423319163907694,
        -0.00425394743813696,
        39.35232871119206
      ],
      [
        -0.00512101484652165,
        -0.025280577618346366,
        0.9996672784492971,
        0.7559842257873015
      ],
      [
        0.0,
        0.0,
        0.0,
        1.0
      ]
    ],
    "location": [
      -7.503220989563033,
      39.35232871119206,
      0.7559842257873015
    ],
    "rotation": [
      -0.02528360282945855,
      0.005121037229711564,
      -1.5366749995373858
    ]
  },
  {
    "label_id": "fh1oSL5OCYHPzBR4ONvPDg",
    "size": [
      2.544152576201205,
      5.529152590652675,
      2.3499999999999943
    ],
    "obj_class": "vehicle",
    "point_num_in_lidar": 991,
    "speed": 0.00588579529042631,
    "if_vehicle": true,
    "motion_state": false,
    "pose": [
      [
        -0.057753982774288073,
        -0.9980066338180014,
        0.025440839785060128,
        1.1903102890814807
      ],
      [
        0.9983144705294917,
        -0.057880237237024845,
        -0.00425394743813696,
        18.34260533628435
      ],
      [
        0.005717989605442197,
        0.02515227609278304,
        0.9996672784492971,
        1.230995965126887
      ],
      [
        0.0,
        0.0,
        0.0,
        1.0
      ]
    ],
    "location": [
      1.1903102890814807,
      18.34260533628435,
      1.230995965126887
    ],
    "rotation": [
      0.025155340213596052,
      -0.005718020764565086,
      1.6285834102217693
    ]
  },
  {
    "label_id": "iJTrb2PG3jGymdonV28WwA",
    "size": [
      1.9328328250724454,
      4.602956498834574,
      1.7600000000000051
    ],
    "obj_class": "vehicle",
    "point_num_in_lidar": 92,
    "speed": 0.05048978658506202,
    "if_vehicle": true,
    "motion_state": false,
    "pose": [
      [
        0.9967566803487979,
        -0.07634712732693501,
        0.025440839785060128,
        29.960076127696993
      ],
      [
        0.07647909803321022,
        0.9970621101492224,
        -0.00425394743813696,
        3.6001540093197946
      ],
      [
        -0.02504132073335881,
        0.006185843006784477,
        0.9996672784492971,
        0.6733945640837575
      ],
      [
        0.0,
        0.0,
        0.0,
        1.0
      ]
    ],
    "location": [
      29.960076127696993,
      3.6001540093197946,
      0.6733945640837575
    ],
    "rotation": [
      0.006187822878378858,
      0.02504393857287947,
      0.07657791055790236
    ]
  },
  {
    "label_id": "jYmP4wVyqtKlwpDUC6vftQ",
    "size": [
      0.7876312476400709,
      0.71303583504082,
      1.740000000000002
    ],
    "obj_class": "pedestrian",
    "point_num_in_lidar": 35,
    "speed": 1.0823506669672334,
    "if_vehicle": false,
    "motion_state": true,
    "pose": [
      [
        -0.934785357511727,
        0.3543008595144862,
        0.025440839785060128,
        -41.53504019431409
      ],
      [
        -0.3545135962677814,
        -0.9350411830462219,
        -0.00425394743813696,
        -4.920536523123019
      ],
      [
        0.022281055696650637,
        -0.012995651381069069,
        0.9996672784492971,
        1.4129231775754647
      ],
      [
        0.0,
        0.0,
        0.0,
        1.0
      ]
    ],
    "location": [
      -41.53504019431409,
      -4.920536523123019,
      1.4129231775754647
    ],
    "rotation": [
      -0.012999244498337885,
      -0.022282899663384155,
      -2.779104679771933
    ]
  },
  {
    "label_id": "jiDWv0IHfVYmdLSYdNAeuw",
    "size": [
      2.3635772079234547,
      4.784302331303529,
      1.8000000000000043
    ],
    "obj_class": "vehicle",
    "point_num_in_lidar": 419,
    "speed": 7.944109290391274e-14,
    "if_vehicle": true,
    "motion_state": false,
    "pose": [
      [
        -0.9987696838803611,
        0.04256620998579346,
        0.025440839785060128,
        -16.12676732508794
      ],
      [
        -0.04268776720964195,
        -0.9990794054837929,
        -0.00425394743813696,
        10.476572896518746
      ],
      [
        0.025236344667546033,
        -0.005334726384394166,
        0.9996672784492971,
        0.8986715158246099
      ],
      [
        0.0,
        0.0,
        0.0,
        1.0
      ]
    ],
    "location": [
      -16.12676732508794,
      10.476572896518746,
      0.8986715158246099
    ],
    "rotation": [
      -0.005336451296380636,
      -0.025239024160351297,
      -3.098878298885531
    ]
  },
  {
    "label_id": "lVgMLiYY04OUIeF1a-Z-Bg",
    "size": [
      2.2872766218934646,
      5.0947232382614915,
      1.9223137534269625
    ],
    "obj_class": "vehicle",
    "point_num_in_lidar": 165,
    "speed": 0.0,
    "if_vehicle": true,
    "motion_state": false,
    "pose": [
      [
        -0.9982164898473211,
        0.05400558367357988,
        0.025440839785060128,
        -36.01717333436841
      ],
      [
        -0.054130681172033235,
        -0.9985247985338398,
        -0.00425394743813696,
        8.894851464634485
      ],
      [
        0.025173572506595545,
        -0.005623490466845947,
        0.9996672784492971,
        1.2320631223419838
      ],
      [
        0.0,
        0.0,
        0.0,
        1.0
      ]
    ],
    "location": [
      -36.01717333436841,
      8.894851464634485,
      1.2320631223419838
    ],
    "rotation": [
      -0.005625302809557918,
      -0.025176232050623932,
      -3.0874183176033214
    ]
  },
  {
    "label_id": "mZdp7gLn15GgHZm12rNG3Q",
    "size": [
      0.688942073533497,
      0.7053705901522827,
      1.5200000000000031
    ],
    "obj_class": "pedestrian",
    "point_num_in_lidar": 61,
    "speed": 0.8874232900292716,
    "if_vehicle": false,
    "motion_state": false,
    "pose": [
      [
        0.5842207472356913,
        -0.8111959579351968,
        0.025440839785060128,
        26.87546970830556
      ],
      [
        0.8115145239428914,
        0.5843167645728952,
        -0.00425394743813696,
        17.406188601624763
      ],
      [
        -0.011414724224138235,
