[
  {
    "label_id": "-F5A7bbXR534ssEhSPvsKA",
    "size": [
      0.9144843212919536,
      1.0494597753535118,
      1.740000000000002
    ],
    "obj_class": "pedestrian",
    "point_num_in_lidar": 171,
    "speed": 1.750831751995126,
    "if_vehicle": false,
    "motion_state": true,
    "pose": [
      [
        0.995850969304157,
        -0.08821513374902366,
        0.022336900268677757,
        2.78219903969989
      ],
      [
        0.08837227100916926,
        0.9960685537365448,
        -0.006146378923377634,
        14.971258280591655
      ],
      [
        -0.021706880306781355,
        0.008094840012604635,
        0.9997316064387068,
        0.7997536881530962
      ],
      [
        0.0,
        0.0,
        0.0,
        1.0
      ]
    ],
    "location": [
      2.78219903969989,
      14.971258280591655,
      0.7997536881530962
    ],
    "rotation": [
      0.008096836254665072,
      0.021708585340947013,
      0.08850861253900859
    ]
  },
  {
    "label_id": "-FAHwqVW2G-3XzoYPoMFfw",
    "size": [
      3.120054896761183,
      11.531225792973089,
      4.109999999999957
    ],
    "obj_class": "vehicle",
    "point_num_in_lidar": 284,
    "speed": 3.972054645195637e-14,
    "if_vehicle": true,
    "motion_state": false,
    "pose": [
      [
        -0.9983846571713756,
        0.0522411639531716,
        0.022336900268677757,
        38.31753235524786
      ],
      [
        -0.05239035153281411,
        -0.9986077673903796,
        -0.006146378923377634,
        13.727971959058777
      ],
      [
        0.021984708118671377,
        -0.007306688471491185,
        0.9997316064387068,
        1.8429762349869705
      ],
      [
        0.0,
        0.0,
        0.0,
        1.0
      ]
    ],
    "location": [
      38.31753235524786,
      13.727971959058777,
      1.8429762349869705
    ],
    "rotation": [
      -0.0073085199364394966,
      -0.02198647947256621,
      -3.0891656231540443
    ]
  },
  {
    "label_id": "-H4mHZRW8n7aRqwatB9ZGw",
    "size": [
      2.119300748150478,
      4.685897212546479,
      1.7800000000000011
    ],
    "obj_class": "vehicle",
    "point_num_in_lidar": 33,
    "speed": 0.015930345532648472,
    "if_vehicle": true,
    "motion_state": false,
    "pose": [
      [
        -0.19280514274639082,
        -0.9809827928240795,
        0.022336900268677757,
        0.5972244404038065
      ],
      [
        0.9811825813427322,
        -0.1929843623088225,
        -0.006146378923377634,
        31.2157685605016
      ],
      [
        0.010340164416316595,
        0.02073152399912118,
        0.9997316064387068,
        0.8259842257872663
      ],
      [
        0.0,
        0.0,
        0.0,
        1.0
      ]
    ],
    "location": [
      0.5972244404038065,
      31.2157685605016,
      0.8259842257872663
    ],
    "rotation": [
      0.0207341179651361,
      -0.01034034868518937,
      1.7648269618361943
    ]
  },
  {
    "label_id": "0Mszwh9T8XA40wt2KRP44w",
    "size": [
      0.758305455456513,
      0.8208242572220442,
      1.6100000000000065
    ],
    "obj_class": "pedestrian",
    "point_num_in_lidar": 109,
    "speed": 1.131056338600228,
    "if_vehicle": false,
    "motion_state": true,
    "pose": [
      [
        -0.9974232167065872,
        0.06817616637118461,
        0.022336900268677757,
        -21.616417727915177
      ],
      [
        -0.06832889743369207,
        -0.9976439163356965,
        -0.006146378923377634,
        -2.762904738562611
      ],
      [
        0.021865236110783014,
        -0.007656796804297982,
        0.9997316064387068,
        0.9947390605053315
      ],
      [
        0.0,
        0.0,
        0.0,
        1.0
      ]
    ],
    "location": [
      -21.616417727915177,
      -2.762904738562611,
      0.9947390605053315
    ],
    "rotation": [
      -0.007658702645198078,
      -0.021866978738889722,
      -3.0731940969316103
    ]
  },
  {
    "label_id": "5FDGRfKUQ9sdZ1qWgyeWLQ",
    "size": [
      2.0457186592080743,
      4.713389250527029,
      1.3400000000000034
    ],
    "obj_class": "vehicle",
    "point_num_in_lidar": 577,
    "speed": 0.8149861193405854,
    "if_vehicle": true,
    "motion_state": false,
    "pose": [
      [
        -0.0024559843851995554,
        0.9997474836312851,
        0.022336900268677757,
        -3.316526304139188
      ],
      [
        -0.9999784213756782,
        -0.002319225977932354,
        -0.006146378923377634,
        16.574850756067917
      ],
      [
        -0.006093022542721555,
        -0.022351513679759683,
        0.9997316064387068,
        0.7664816745550809
      ],
      [
        0.0,
        0.0,
        0.0,
        1.0
      ]
    ],
    "location": [
      -3.316526304139188,
      16.574850756067917,
      0.7664816745550809
    ],
    "rotation": [
      -0.02235379021204107,
      0.006093060243850908,
      -1.5732523592396517
    ]
  },
  {
    "label_id": "5tqAjOce6YWfi1CdeCMP-Q",
    "size": [
      2.2636790255731083,
      4.979165260291454,
      1.8500000000000014
    ],
    "obj_class": "vehicle",
    "point_num_in_lidar": 951,
    "speed": 1.7852165294699933e-13,
    "if_vehicle": true,
    "motion_state": false,
    "pose": [
      [
        -0.9953140524188778,
        0.09407975310287732,
        0.022336900268677757,
        10.627576893746095
      ],
      [
        -0.09423816933744499,
        -0.9955307074450577,
        -0.006146378923377634,
        11.982496768205692
      ],
      [
        0.02165882031501837,
        -0.008222565903922247,
        0.9997316064387068,
        0.8802654804896264
      ],
      [
        0.0,
        0.0,
        0.0,
        1.0
      ]
    ],
    "location": [
      10.627576893746095,
      11.982496768205692,
      0.8802654804896264
    ],
    "rotation": [
      -0.0082245879275347,
      -0.021660514047587804,
      -3.047192227862988
    ]
  },
  {
    "label_id": "7-Cir_6eWG09wehRQVtTtw",
    "size": [
      0.4470415938999133,
      0.09818506062016025,
      0.16146885882913153
    ],
    "obj_class": "sign",
    "point_num_in_lidar": 76,
    "speed": 0.002203432664487466,
    "if_vehicle": false,
    "motion_state": false,
    "pose": [
      [
        -0.9902604511100669,
        -0.13742380381023472,
        0.022336900268677757,
        -10.775834203470481
      ],
      [
        0.13731948003103125,
        -0.9905077397123847,
        -0.006146378923377634,
        -0.9188717232111685
      ],
      [
        0.022969531368618578,
        -0.003019224434957512,
        0.9997316064387068,
        2.0982045017629076
      ],
      [
        0.0,
        0.0,
        0.0,
        1.0
      ]
    ],
    "location": [
      -10.775834203470481,
      -0.9188717232111685,
      2.0982045017629076
    ],
    "rotation": [
      -0.003020025811432912,
      -0.022971551633357526,
      3.003801320046006
    ]
  },
  {
    "label_id": "8Fg4poEL5AVkJRV9CO00xA",
    "size": [
      2.1500009585022535,
      4.8842989074546495,
      1.4500000000000028
    ],
    "obj_class": "vehicle",
    "point_num_in_lidar": 23,
    "speed": 3.552713678800501e-14,
    "if_vehicle": true,
    "motion_state": false,
    "pose": [
      [
        -0.06289348573475188,
        -0.997770250277347,
        0.022336900268677757,
        0.7948224886582693
      ],
      [
        0.9979917555795761,
        -0.0630450459697347,
        -0.006146378923377634,
        24.81083012736235
      ],
      [
        0.007540904940938082,
        0.02190547511820579,
        0.9997316064387068,
        0.6959842257871784
      ],
      [
        0.0,
        0.0,
        0.0,
        1.0
      ]
    ],
    "location": [
      0.7948224886582693,
      24.81083012736235,
      0.6959842257871784
    ],
    "rotation": [
      0.021907850392584104,
      -0.00754097641200442,
      1.6337331418397634
    ]
  },
  {
    "label_id": "AEZuZTCdAj38T5tnQh0N3A",
    "size": [
      1.9764182524732354,
      4.583813116773403,
      1.6100000000000065
    ],
    "obj_class": "vehicle",
    "point_num_in_lidar": 121,
    "speed": 5.0242958677880804e-14,
    "if_vehicle": true,
    "motion_state": false,
    "pose": [
      [
        -0.9922391215285224,
        0.12232166036599289,
        0.022336900268677757,
        -49.14020002986899
      ],
      [
        -0.12248616846914469,
        -0.9924511879986232,
        -0.006146378923377634,
        7.589575708011125
      ],
      [
        0.02141644793270991,
        -0.008834638952901397,
        0.9997316064387068,
        1.2996785004646938
      ],
      [
        0.0,
        0.0,
        0.0,
        1.0
      ]
    ],
    "location": [
      -49.14020002986899,
      7.589575708011125,
      1.2996785004646938
    ],
    "rotation": [
      -0.008836780724948666,
      -0.02141808543051995,
      -3.018769811966991
    ]
  },
  {
    "label_id": "Bbx8pLm5ey4t1wPBh4cdAw",
    "size": [
      2.123877219783957,
      4.766762156548458,
      1.8100000000000023
    ],
    "obj_class": "vehicle",
    "point_num_in_lidar": 711,
    "speed": 0.05826484691416882,
    "if_vehicle": true,
    "motion_state": false,
    "pose": [
      [
        -0.995193613883839,
        0.09534533953587673,
        0.022336900268677757,
        17.66215127106466
      ],
      [
        -0.09550403114549798,
        -0.9954100672894012,
        -0.006146378923377634,
        12.902044409783002
      ],
      [
        0.021648346814115572,
        -0.00825010107200933,
        0.9997316064387068,
        0.7715602004971771
      ],
      [
        0.0,
        0.0,
        0.0,
        1.0
      ]
    ],
    "location": [
      17.66215127106466,
      12.902044409783002,
      0.7715602004971771
    ],
    "rotation": [
      -0.008252128618579551,
      -0.02165003809042575,
      -3.045920351212591
    ]
  },
  {
    "label_id": "CSRcfqkQ2LRNVQJWGQADGQ",
    "size": [
      0.8814356331006968,
      0.8387209742919428,
      1.7600000000000051
    ],
    "obj_class": "pedestrian",
    "point_num_in_lidar": 27,
    "speed": 0.8251144195957045,
    "if_vehicle": false,
    "motion_state": false,
    "pose": [
      [
        -0.9825850293149756,
        0.18446604850886672,
        0.022336900268677757,
        -49.70544350755529
      ],
      [
        -0.1846435646697345,
        -0.9827863328578516,
        -0.006146378923377634,
        -6.171267036784457
      ],
      [
        0.02081860206983172,
        -0.010163704803888974,
        0.9997316064387068,
        1.5322613037157211
      ],
      [
        0.0,
        0.0,
        0.0,
        1.0
      ]
    ],
    "location": [
      -49.70544350755529,
      -6.171267036784457,
      1.5322613037157211
    ],
    "rotation": [
      -0.010166083175664583,
      -0.02082010620947842,
      -2.9558427478715887
    ]
  },
  {
    "label_id": "DfUOspd1ep_pDGx1yZG9Uw",
    "size": [
      2.0930877344471193,
      4.702836163548996,
      1.8500000000000014
    ],
    "obj_class": "vehicle",
    "point_num_in_lidar": 1544,
    "speed": 7.052453360376298,
    "if_vehicle": true,
    "motion_state": true,
    "pose": [
      [
        -0.9979282209546035,
        0.06033513660187643,
        0.022336900268677757,
        -12.543184638539287
      ],
      [
        -0.06048612843032359,
        -0.9981501141079134,
        -0.006146378923377634,
        6.944774386212885
      ],
      [
        0.0219247369400489,
        -0.007484717602705686,
        0.9997316064387068,
        0.8990483645660632
      ],
      [
        0.0,
        0.0,
        0.0,
        1.0
      ]
    ],
    "location": [
      -12.543184638539287,
      6.944774386212885,
      0.8990483645660632
    ],
    "rotation": [
      -0.007486587117015745,
      -0.02192649383535849,
      -3.08105501257754
    ]
  },
  {
    "label_id": "II9hCDJdG-EL7T23hW66TA",
    "size": [
      2.1696386959844145,
      4.618757893724354,
      1.7700000000000031
    ],
    "obj_class": "vehicle",
    "point_num_in_lidar": 106,
    "speed": 2.1683198553528098e-13,
    "if_vehicle": true,
    "motion_state": false,
    "pose": [
      [
        0.9984949618312482,
        -0.05008866223010203,
        0.022336900268677757,
        -26.80830841833972
      ],
      [
        0.05023736846803458,
        0.998718393159722,
        -0.006146378923377634,
        -0.6173348429897487
      ],
      [
        -0.022000409246671532,
        0.007259275477729645,
        0.9997316064387068,
        1.053671515824533
      ],
      [
        0.0,
        0.0,
        0.0,
        1.0
      ]
    ],
    "location": [
      -26.80830841833972,
      -0.6173348429897487,
      1.053671515824533
    ],
    "rotation": [
      0.0072610967306925124,
      0.022002184399047494,
      0.05027070164919486
    ]
  },
  {
    "label_id": "KCCr9VFidHPM1SGOspbnnA",
    "size": [
      0.5030238935685103,
      0.0682318327003486,
      0.5600000000000023
    ],
    "obj_class": "sign",
    "point_num_in_lidar": 20,
    "speed": 0.0020213146028653967,
    "if_vehicle": false,
    "motion_state": false,
    "pose": [
      [
        -0.6274939067428181,
        0.7783010085352726,
        0.022336900268677757,
        1.817078251046837
      ],
      [
        -0.7785667226884304,
        -0.6275317365267886,
        -0.006146378923377634,
        34.24135811369365
      ],
      [
        0.009233380899324288,
        -0.021247582560154712,
        0.9997316064387068,
        2.2113439785727635
      ],
      [
        0.0,
        0.0,
        0.0,
        1.0
      ]
    ],
    "location": [
      1.817078251046837,
      34.24135811369365,
      2.2113439785727635
    ],
    "rotation": [
      -0.021250087620356236,
      -0.009233512103502884,
      -2.24916107546396
    ]
  },
  {
    "label_id": "KExt1_lZn78J8VsbsFyZVw",
    "size": [
      0.5970706012785365,
      0.6505881208428722,
      1.6700000000000017
    ],
    "obj_class": "pedestrian",
    "point_num_in_lidar": 43,
    "speed": 0.3340161971857368,
    "if_vehicle": false,
    "motion_state": false,
    "pose": [
      [
        0.6037003949139939,
        -0.7968982971917277,
        0.022336900268677757,
        26.36085297823979
      ],
      [
        0.7971650327031753,
        0.603730182003083,
        -0.006146378923377634,
        17.564431314556032
      ],
      [
        -0.008587421966658777,
        0.021516767216502194,
        0.9997316064387068,
        0.9725044214993304
      ],
      [
        0.0,
        0.0,
        0.0,
        1.0
      ]
    ],
    "location": [
      26.36085297823979,
      17.564431314556032,
      0.9725044214993304
    ],
    "rotation": [
      0.021519221428550256,
      0.008587527515039026,
      0.9226337329300331
    ]
  },
  {
    "label_id": "Kj83jG1FL0sIqQoDH5vM9Q",
    "size": [
      0.6838268936491976,
      0.6195395043100689,
      1.6800000000000068
    ],
    "obj_class": "pedestrian",
    "point_num_in_lidar": 402,
    "speed": 0.08686811055019414,
    "if_vehicle": false,
    "motion_state": false,
    "pose": [
      [
        0.9752376459758936,
        -0.22002862713243632,
        0.022336900268677757,
        -6.494503567199331
      ],
      [
        0.22021333687565922,
        0.9754323699202407,
        -0.006146378923377634,
        -5.8183600110580755
      ],
      [
        -0.020435756249401887,
        0.01091306345613499,
        0.9997316064387068,
        0.8031373172821148
      ],
      [
        0.0,
        0.0,
        0.0,
        1.0
      ]
    ],
    "location": [
      -6.494503567199331,
      -5.8183600110580755,
      0.8031373172821148
    ],
    "rotation": [
      0.01091555969015217,
      0.020437178913986914,
      0.22208032580848677
    ]
  },
  {
    "label_id": "Kolv9LClzSD3xwIpYVUIgA",
    "size": [
      0.8022416153147607,
      0.8090622373795213,
      1.740000000000002
    ],
    "obj_class": "pedestrian",
    "point_num_in_lidar": 136,
    "speed": 1.0857132165645627,
    "if_vehicle": false,
    "motion_state": true,
    "pose": [
      [
        0.9997435332577707,
        -0.003732371318071478,
        0.022336900268677757,
        26.76026983314125
      ],
      [
        0.003870556580405537,
        0.9999736200609936,
        -0.006146378923377634,
        0.0156716206308829
      ],
      [
        -0.022313370454207462,
        0.006231258817919441,
        0.9997316064387068,
        0.7927795424982733
      ],
      [
        0.0,
        0.0,
        0.0,
        1.0
      ]
    ],
    "location": [
      26.76026983314125,
      0.0156716206308829,
      0.7927795424982733
    ],
    "rotation": [
      0.0062328509832393275,
      0.022315222456833598,
      0.003871530160851131
    ]
  },
  {
    "label_id": "MnJyrzSOw3bmleRX8Lf1og",
    "size": [
      0.7216518129297366,
      0.8529901344033988,
      2.0500000000000043
    ],
    "obj_class": "pedestrian",
    "point_num_in_lidar": 29,
    "speed": 1.4619037578581855,
    "if_vehicle": false,
    "motion_state": true,
    "pose": [
      [
        -0.9975138986452248,
        -0.06683625435339331,
        0.022336900268677757,
        -47.194917460983106
      ],
      [
        0.06671465261572361,
        -0.9977531644412327,
        -0.006146378923377634,
        -5.610445787506933
      ],
      [
        0.02269751387195666,
        -0.004640899860472364,
        0.9997316064387068,
        1.5179157032159551
      ],
      [
        0.0,
        0.0,
        0.0,
        1.0
      ]
    ],
    "location": [
      -47.194917460983106,
      -5.610445787506933,
      1.5179157032159551
    ],
    "rotation": [
      -0.00464211243760824,
      -0.02269946319726703,
      3.074811182189732
    ]
  },
  {
    "label_id": "NpOYq1LvezmGuK1h3sh1Ig",
    "size": [
      0.47512099846017297,
      0.05187169363348636,
      0.490000000000002
    ],
    "obj_class": "sign",
    "point_num_in_lidar": 41,
    "speed": 0.004779304672904947,
    "if_vehicle": false,
    "motion_state": false,
    "pose": [
      [
        0.9997505003181479,
        5.990976762969792e-14,
        0.022336900268677757,
        -11.851781457566517
      ],
      [
        0.0001373253155876328,
        0.9999811014053656,
        -0.006146378923377634,
        12.62636470326379
      ],
      [
        -0.022336478132654557,
        0.006147912825670355,
        0.9997316064387068,
        2.7959234875042824
      ],
      [
        0.0,
        0.0,
        0.0,
        1.0
      ]
    ],
    "location": [
      -11.851781457566517,
      12.62636470326379,
      2.7959234875042824
    ],
    "rotation": [
      0.0061494858110213045,
      0.02233833589589403,
      0.0001373595858969445
    ]
  },
  {
    "label_id": "OinBLW0UfALpTqwdQFfp6g",
    "size": [
      0.8118872121116993,
      0.10779766564128707,
      0.7800000000000011
    ],
    "obj_class": "sign",
    "point_num_in_lidar": 442,
    "speed": 0.009951823783946477,
    "if_vehicle": false,
    "motion_state": false,
    "pose": [
      [
        -0.9902604511097743,
        -0.13742380381234295,
        0.022336900268677757,
        -10.783379665455527
      ],
      [
        0.13731948003314,
        -0.9905077397120924,
        -0.006146378923377634,
        -0.936805676484255
      ],
      [
        0.022969531368625003,
        -0.0030192244349086105,
        0.9997316064387068,
        2.5825243448095137
      ],
      [
        0.0,
        0.0,
        0.0,
        1.0
      ]
    ],
    "location": [
      -10.783379665455527,
      -0.936805676484255,
      2.5825243448095137
    ],
    "rotation": [
      -0.003020025811383998,
      -0.02297155163336395,
      3.003801320043876
    ]
  },
  {
    "label_id": "P5W3PzH21kZDfGzI8M2_Hw",
    "size": [
      3.1029766252317956,
      12.442215914863029,
      3.289999999999978
    ],
    "obj_class": "vehicle",
    "point_num_in_lidar": 3329,
    "speed": 1.1374233532693354e-13,
    "if_vehicle": true,
    "motion_state": false,
    "pose": [
      [
        -0.997850746125344,
        0.06160317640740087,
        0.022336900268677757,
        -25.83474257318619
      ],
      [
        -0.061754450078270046,
        -0.9980724472309916,
        -0.006146378923377634,
        9.284364917255516
      ],
      [
        0.021915208249630242,
        -0.007512571787206819,
        0.9997316064387068,
        1.7264236508907516
      ],
      [
        0.0,
        0.0,
        0.0,
        1.0
      ]
    ],
    "location": [
      -25.83474257318619,
      9.284364917255516,
      1.7264236508907516
    ],
    "rotation": [
      -0.0075144472120006085,
      -0.021916962854917166,
      -3.079784021424836
    ]
  },
  {
    "label_id": "RB-oIFuuBhuOu_4wBXtzcQ",
    "size": [
      1.964594355683539,
      4.318930102955118,
      1.564739240841142
    ],
    "obj_class": "vehicle",
    "point_num_in_lidar": 406,
    "speed": 0.0076585211666198826,
    "if_vehicle": true,
    "motion_state": false,
    "pose": [
      [
        -0.9951936138838317,
        0.09534533953595363,
        0.022336900268677757,
        23.453919269115204
      ],
      [
        -0.09550403114557489,
        -0.9954100672893937,
        -0.006146378923377634,
        13.31389475232163
      ],
      [
        0.021648346814114934,
        -0.008250101072011002,
        0.9997316064387068,
        0.6252600410521154
      ],
      [
        0.0,
        0.0,
        0.0,
        1.0
      ]
    ],
    "location": [
      23.453919269115204,
      13.31389475232163,
      0.6252600410521154
    ],
    "rotation": [
      -0.008252128618581224,
      -0.021650038090425112,
      -3.045920351212514
    ]
  },
  {
    "label_id": "T3lsRLzCMMSY3Dl_tzxcqw",
    "size": [
      0.8193820258429344,
      0.09376311697755056,
      0.8000000000000043
    ],
    "obj_class": "sign",
    "point_num_in_lidar": 83,
    "speed": 0.0027129990439065926,
    "if_vehicle": false,
    "motion_state": false,
    "pose": [
      [
        0.39330184821289244,
        -0.9191380304822068,
        0.022336900268677757,
        -7.71836292902924
      ],
      [
        0.9194040613864155,
        0.39326631426082564,
        -0.006146378923377634,
        16.674373572626564
      ],
      [
        -0.003134979822443882,
        0.02295401901618684,
        0.9997316064387068,
        3.1766631595386414
      ],
      [
        0.0,
        0.0,
        0.0,
        1.0
      ]
    ],
    "location": [
      -7.71836292902924,
      16.674373572626564,
      3.1766631595386414
    ],
    "rotation": [
      0.022956148017656317,
      0.0031349849576150016,
      1.1665741077405156
    ]
  },
  {
    "label_id": "T6U06Wun56eAHCrMjQZvzA",
    "size": [
      2.0430374440109067,
      4.534960981455697,
      1.500000000000007
    ],
    "obj_class": "vehicle",
    "point_num_in_lidar": 67,
    "speed": 0.030224060375181494,
    "if_vehicle": true,
    "motion_state": false,
    "pose": [
      [
        0.9995124746783335,
        -0.021814578812823414,
        0.022336900268677757,
        -39.20297696312673
      ],
      [
        0.02195690315437165,
        0.9997400244213491,
        -0.006146378923377634,
        -1.4364249922587078
      ],
      [
        -0.022197012552667643,
        0.006633831563984146,
        0.9997316064387068,
        1.1160360381086463
      ],
      [
        0.0,
        0.0,
        0.0,
        1.0
      ]
    ],
    "location": [
      -39.20297696312673,
      -1.4364249922587078,
      1.1160360381086463
    ],
    "rotation": [
      0.006635515130565678,
      0.02219883572886042,
      0.021964080263684422
    ]
  },
  {
    "label_id": "VIgfW057J6zNoT8MSku42Q",
    "size": [
      2.03890789428287,
      4.544739353990225,
      1.8300000000000054
    ],
    "obj_class": "vehicle",
    "point_num_in_lidar": 1528,
    "speed": 1.0378558883209243,
    "if_vehicle": true,
    "motion_state": true,
    "pose": [
      [
        -0.9970698275878864,
        0.07316298107820396,
        0.022336900268677757,
        10.276607189083734
      ],
      [
        -0.07331681385120875,
        -0.9972897607179356,
        -0.006146378923377634,
        8.677871739532065
      ],
      [
        0.021826674519259483,
        -0.007766039332433619,
        0.9997316064387068,
        0.8859011977012372
      ],
      [
        0.0,
        0.0,
        0.0,
        1.0
      ]
    ],
    "location": [
      10.276607189083734,
      8.677871739532065,
      0.8859011977012372
    ],
    "rotation": [
      -0.007767968000028221,
      -0.021828407942390795,
      -3.068192478758407
    ]
  },
  {
    "label_id": "WZTmKOjU6x9GGgb7KkKPSg",
    "size": [
      0.8109005116124117,
      0.9399318891436694,
      1.8600000000000065
    ],
    "obj_class": "pedestrian",
    "point_num_in_lidar": 30,
    "speed": 0.9331529024403311,
    "if_vehicle": false,
    "motion_state": false,
    "pose": [
      [
        -0.9747496998519347,
        0.22218029958785773,
        0.022336900268677757,
        -49.58798498036674
      ],
      [
        -0.22236543860883737,
        -0.9749440156944549,
        -0.006146378923377634,
        -5.117390397475674
      ],
      [
        0.020411622935534703,
        -0.010958135636144993,
        0.9997316064387068,
        1.5111189852535176
      ],
      [
        0.0,
        0.0,
        0.0,
        1.0
      ]
    ],
    "location": [
      -49.58798498036674,
      -5.117390397475674,
      1.5111189852535176
    ],
    "rotation": [
      -0.010960638576726169,
      -0.02041304056521437,
      -2.9173051424404703
    ]
  },
  {
    "label_id": "XQmjRhoi5kGFxGSc7VsbaA",
    "size": [
      2.5693426382234272,
      5.383624736107198,
      2.6299999999999883
    ],
    "obj_class": "vehicle",
    "point_num_in_lidar": 3195,
    "speed": 2.51214793389404e-13,
    "if_vehicle": true,
    "motion_state": false,
    "pose": [
      [
        0.9971754926943504,
        -0.07170843504195948,
        0.022336900268677757,
        15.585727148396586
      ],
      [
        0.07186194682547423,
        0.9973956499928115,
        -0.006146378923377634,
        2.9092134358552357
      ],
      [
        -0.021837979948532163,
        0.0077341915705589044,
        0.9997316064387068,
        1.173742843453546
      ],
      [
        0.0,
        0.0,
        0.0,
        1.0
      ]
    ],
    "location": [
      15.585727148396586,
      2.9092134358552357,
      1.173742843453546
    ],
    "rotation": [
      0.00773611360246641,
      0.02183971606699645,
      0.07194112781495024
    ]
  },
  {
    "label_id": "YKeU-RbOBPm408751EtB_w",
    "size": [
      1.9451213133954803,
      4.316546035301789,
      1.7900000000000063
    ],
    "obj_class": "vehicle",
    "point_num_in_lidar": 27,
    "speed": 1.2434497875801753e-13,
    "if_vehicle": true,
    "motion_state": false,
    "pose": [
      [
        0.0846524353188906,
        0.9961601417849281,
        0.022336900268677757,
        -8.144026210019092
      ],
      [
        -0.9963782869014032,
        0.08480879327967834,
        -0.006146378923377634,
        49.20434275888465
      ],
      [
        -0.008017143257170843,
        -0.02173569648013602,
        0.9997316064387068,
        0.7359842257872913
      ],
      [
        0.0,
        0.0,
        0.0,
        1.0
      ]
    ],
    "location": [
      -8.144026210019092,
      49.20434275888465,
      0.7359842257872913
    ],
    "rotation": [
      -0.02173810703985066,
      0.00801722914274895,
      -1.4860397298990968
    ]
  },
  {
    "label_id": "YytKtqwuhzFGLrx28JPtgQ",
    "size": [
      2.8673079452883004,
      7.235536587668475,
      3.3505405405405497
    ],
    "obj_class": "vehicle",
    "point_num_in_lidar": 1228,
    "speed": 0.008139765921477256,
    "if_vehicle": true,
    "motion_state": false,
    "pose": [
      [
        0.9989330109516532,
        -0.04042156005711931,
        0.022336900268677757,
        22.667668609654925
      ],
      [
        0.04056809666469218,
        0.9991578711891,
        -0.006146378923377634,
        3.4909110882429104
      ],
      [
        -0.022069643496630185,
        0.00704598633366871,
        0.9997316064387068,
        1.5809332733412589
      ],
      [
        0.0,
        0.0,
        0.0,
        1.0
      ]
    ],
    "location": [
      22.667668609654925,
      3.4909110882429104,
      1.5809332733412589
    ],
    "rotation": [
      0.007047761246771066,
      0.022071435463224758,
      0.04058912403300585
    ]
  },
  {
    "label_id": "ZAWh5ebxHQoiaBpI1opOtQ",
    "size": [
      2.3183299357428697,
      5.252203792437462,
      1.9400000000000048
    ],
    "obj_class": "vehicle",
    "point_num_in_lidar": 1747,
    "speed": 0.004523172163554948,
    "if_vehicle": true,
    "motion_state": false,
    "pose": [
      [
        0.9972237528469885,
        -0.07103414421357876,
        0.022336900268677757,
        -13.773403790963016
      ],
      [
        0.07118750709508508,
        0.9974440138973802,
        -0.006146378923377634,
        0.5983016068964844
      ],
      [
        -0.021843204695180907,
        0.007719423302748983,
        0.9997316064387068,
        0.8586715158246392
      ],
      [
        0.0,
        0.0,
        0.0,
        1.0
      ]
    ],
    "location": [
      -13.773403790963016,
      0.5983016068964844,
      0.8586715158246392
    ],
    "rotation": [
      0.007721342252260324,
      0.02184494206022324,
      0.07126480230941812
    ]
  },
  {
    "label_id": "ZqVcS5TpbdlQOy2xeA1L0w",
    "size": [
      2.1659284936680607,
      4.872672216116353,
      1.6000000000000014
    ],
    "obj_class": "vehicle",
    "point_num_in_lidar": 381,
    "speed": 0.003472295326918804,
    "if_vehicle": true,
    "motion_state": false,
    "pose": [
      [
        0.07436061732651163,
        0.9969812242350441,
        0.022336900268677757,
        -6.013485372877881
      ],
      [
        -0.9972009724211445,
        0.07451471417414052,
        -0.006146378923377634,
        20.406861324166357
      ],
      [
        -0.007792252122698312,
        -0.021817330137734563,
        0.9997316064387068,
        0.7914026904999005
      ],
      [
        0.0,
        0.0,
        0.0,
        1.0
      ]
    ],
    "location": [
      -6.013485372877881,
      20.406861324166357,
      0.7914026904999005
    ],
    "rotation": [
      -0.021819723888391027,
      0.007792330981396648,
      -1.4963647449324042
    ]
  },
  {
    "label_id": "ZxcngDw5pn33WhQh4fGo7g",
    "size": [
      1.9931629351995621,
      4.351704980641885,
      1.5900000000000034
    ],
    "obj_class": "vehicle",
    "point_num_in_lidar": 65,
    "speed": 1.0805156823142816e-13,
    "if_vehicle": true,
    "motion_state": false,
    "pose": [
      [
        -0.9967744847947907,
        0.0770823543261796,
        0.022336900268677757,
        -42.48788176240453
      ],
      [
        -0.07723705056830958,
        -0.996993811437984,
        -0.006146378923377634,
        8.40299925731074
      ],
      [
        0.02179597397658441,
        -0.007851789980294455,
        0.9997316064387068,
        1.2063065828134611
      ],
      [
        0.0,
        0.0,
        0.0,
        1.0
      ]
    ],
    "location": [
      -42.48788176240453,
      8.40299925731074,
      1.2063065828134611
    ],
    "rotation": [
      -0.007853736436042227,
      -0.021797700094463975,
      -3.064260194567284
    ]
  },
  {
    "label_id": "_zuTV5esxT5bJfY9N2xm4Q",
    "size": [
      0.8243331920924427,
      0.8372893291517542,
      1.8100000000000023
    ],
    "obj_class": "pedestrian",
    "point_num_in_lidar": 23,
    "speed": 1.4646685346888102,
    "if_vehicle": false,
    "motion_state": true,
    "pose": [
      [
        0.9843685285565672,
        -0.17469877753941468,
        0.022336900268677757,
        64.73635057472109
      ],
      [
        0.17487428577559747,
        0.9845715851072511,
        -0.006146378923377634,
        3.4731244262545715
      ],
      [
        -0.020918512419706548,
        0.009956451457682114,
        0.9997316064387068,
        0.6724936869994451
      ],
      [
        0.0,
        0.0,
        0.0,
        1.0
      ]
    ],
    "location": [
      64.73635057472109,
      3.4731244262545715,
      0.6724936869994451
    ],
    "rotation": [
      0.009958795179685478,
      0.02092003832181615,
      0.17581695781685866
    ]
  },
  {
    "label_id": "ahh4Y1SZ-y9Qvly03o_oAA",
    "size": [
      2.0627046657678156,
      4.417872033252479,
      1.7451871050278172
    ],
    "obj_class": "vehicle",
    "point_num_in_lidar": 66,
    "speed": 0.0012497102912869497,
    "if_vehicle": true,
    "motion_state": false,
    "pose": [
      [
        0.07575264440114557,
        0.9968764215050031,
        0.022336900268677757,
        -6.93443988788988
      ],
      [
        -0.9970959543091851,
        0.07590704793618172,
        -0.006146378923377634,
        32.64159395233196
      ],
      [
        -0.007822708385790703,
        -0.021806428432769018,
        0.9997316064387068,
        0.6959842257872353
      ],
      [
        0.0,
        0.0,
        0.0,
        1.0
      ]
    ],
    "location": [
      -6.93443988788988,
      32.64159395233196,
      0.6959842257872353
    ],
    "rotation": [
      -0.021808824444975533,
      0.007822788172790031,
      -1.4949687194173862
    ]
  },
  {
    "label_id": "bA4NouE1x7OzqmpHmrXLCA",
    "size": [
      0.7640776443058743,
      0.060923233862056884,
      0.7700000000000031
    ],
    "obj_class": "sign",
    "point_num_in_lidar": 67,
    "speed": 0.0026614738067578204,
    "if_vehicle": false,
    "motion_state": false,
    "pose": [
      [
        0.9997505003181479,
        2.5277297244175606e-14,
        0.022336900268677757,
        8.591076895145875
      ],
      [
        0.0001373253156222703,
        0.9999811014053654,
        -0.006146378923377634,
        13.720428877029235
      ],
      [
        -0.022336478132654342,
        0.006147912825671129,
        0.9997316064387068,
        2.7368082429828107
      ],
      [
        0.0,
        0.0,
        0.0,
        1.0
      ]
    ],
    "location": [
      8.591076895145875,
      13.720428877029235,
      2.7368082429828107
    ],
    "rotation": [
      0.006149485811022078,
      0.022338335895893815,
      0.00013735958593159064
    ]
  },
  {
    "label_id": "bepnY6mVP1Xup8wQHgCcdQ",
    "size": [
      0.5500377805723451,
      0.4808054708391967,
      1.5400000000000063
    ],
    "obj_class": "pedestrian",
    "point_num_in_lidar": 23,
    "speed": 0.07445280218869735,
    "if_vehicle": false,
    "motion_state": false,
    "pose": [
      [
        -0.6334102069704763,
        0.773493744378069,
        0.022336900268677757,
        10.807733476065323
      ],
      [
        -0.7737591623547858,
        -0.6334500617240086,
        -0.006146378923377634,
        13.438554247875345
      ],
      [
        0.009395125206107139,
        -0.021176560387470095,
        0.9997316064387068,
        0.7125242479987648
      ],
      [
        0.0,
        0.0,
        0.0,
        1.0
      ]
    ],
    "location": [
      10.807733476065323,
      13.438554247875345,
      0.7125242479987648
    ],
    "rotation": [
      -0.021179078348609926,
      -0.009395263427007392,
      -2.256784760045487
    ]
  },
  {
    "label_id": "dflMqGo5HWaGLblIEG_AIw",
    "size": [
      1.8606366508090646,
      4.05075350178842,
      1.5400000000000063
    ],
    "obj_class": "vehicle",
    "point_num_in_lidar": 20,
    "speed": 1.6758116906701666e-13,
    "if_vehicle": true,
    "motion_state": false,
    "pose": [
      [
        -0.12479742976940739,
        -0.9919307760168231,
        0.022336900268677757,
        -2.603579955937903
      ],
      [
        0.9921424312937063,
        -0.12496246657594194,
        -0.006146378923377634,
        70.46901911606756
      ],
      [
        0.008888056568394215,
        0.021394334248104607,
        0.9997316064387068,
        0.5564314724535677
      ],
      [
        0.0,
        0.0,
        0.0,
        1.0
      ]
    ],
    "location": [
      -2.603579955937903,
      70.46901911606756,
      0.5564314724535677
    ],
    "rotation": [
      0.021396811971573167,
      -0.008888173595002644,
      1.6959249574678132
    ]
  },
  {
    "label_id": "eZRjpTUJ2mfeBaXNVhY0Xg",
    "size": [
      2.107788855889296,
      4.800487478512236,
      1.8300000000000054
    ],
    "obj_class": "vehicle",
    "point_num_in_lidar": 26,
    "speed": 5.0242958677880804e-14,
    "if_vehicle": true,
    "motion_state": false,
    "pose": [
      [
        0.10302861842785575,
        0.9944275572766649,
        0.022336900268677757,
        -8.436392986691544
      ],
      [
        -0.9946427786126404,
        0.10318897702689082,
        -0.006146378923377634,
        54.806907441187604
      ],
      [
        -0.008417050467547739,
        -0.02158398362002139,
        0.9997316064387068,
        0.7385955823770445
      ],
      [
        0.0,
        0.0,
        0.0,
        1.0
      ]
    ],
    "location": [
      -8.436392986691544,
      54.806907441187604,
      0.7385955823770445
    ],
    "rotation": [
      -0.021586424650145725,
      0.008417149857478764,
      -1.4675808898041516
    ]
  },
  {
    "label_id": "el1MZgM6r4thy7UFY5Ms-w",
    "size": [
      2.08371908089032,
      4.851971849331807,
      1.750000000000007
    ],
    "obj_class": "vehicle",
    "point_num_in_lidar": 70,
    "speed": 7.32410687763558e-14,
    "if_vehicle": true,
    "motion_state": false,
    "pose": [
      [
        0.9992347568181322,
        -0.032108622720311446,
        0.022336900268677757,
        54.616648587709165
      ],
      [
        0.03225328332478066,
        0.9994608285175071,
        -0.006146378923377634,
        5.417655642829459
      ],
      [
        -0.022127505087098792,
        0.0068621138217763765,
        0.9997316064387068,
        0.567412840249375
      ],
      [
        0.0,
        0.0,
        0.0,
        1.0
      ]
    ],
    "location": [
      54.616648587709165,
      5.417655642829459,
      0.567412840249375
    ],
    "rotation": [
      0.006863848270539087,
      0.022129311187144833,
      0.032266781032032565
    ]
  },
  {
    "label_id": "fEKN6OQe99brECij0ShExg",
    "size": [
      2.197789788132657,
      4.78244681950412,
      1.8500000000000014
    ],
    "obj_class": "vehicle",
    "point_num_in_lidar": 57,
    "speed": 1.293207299340885e-13,
    "if_vehicle": true,
    "motion_state": false,
    "pose": [
      [
        0.03411679037340139,
        0.9991682078113797,
        0.022336900268677757,
        -7.503220989563033
      ],
      [
        -0.9993939883195724,
        0.0342619050379392,
        -0.006146378923377634,
        39.352328711192285
      ],
      [
        -0.006906571169248225,
        -0.022113669124926023,
        0.9997316064387068,
        0.7559842257873086
      ],
      [
        0.0,
        0.0,
        0.0,
        1.0
      ]
    ],
    "location": [
      -7.503220989563033,
      39.352328711192285,
      0.7559842257873086
    ],
    "rotation": [
      -0.022115999405530582,
      0.006906626078502581,
      -1.536672100347926
    ]
  },
  {
    "label_id": "fh1oSL5OCYHPzBR4ONvPDg",
    "size": [
      2.5441525762012653,
      5.529152590652675,
      2.3499999999999943
    ],
    "obj_class": "vehicle",
    "point_num_in_lidar": 1083,
    "speed": 0.0058857952902722065,
    "if_vehicle": true,
    "motion_state": false,
    "pose": [
      [
        -0.05741484380063227,
        -0.9981004952397008,
        0.022336900268677757,
        1.1888614341454513
      ],
      [
        0.998322829259775,
        -0.05756518570184842,
        -0.006146378923377634,
