[
  {
    "label_id": "-F5A7bbXR534ssEhSPvsKA",
    "size": [
      0.9144843212921531,
      1.0494597753535118,
      1.740000000000002
    ],
    "obj_class": "pedestrian",
    "point_num_in_lidar": 216,
    "speed": 1.6055849541908038,
    "if_vehicle": false,
    "motion_state": true,
    "pose": [
      [
        0.991944304287228,
        -0.12507841389510324,
        0.020047133700669264,
        4.888340631507731
      ],
      [
        0.1254755479785751,
        0.9918960790257237,
        -0.01995132258450946,
        15.164052204904465
      ],
      [
        -0.017389193529418295,
        0.022306025887192528,
        0.9995999485581801,
        0.9144961907461067
      ],
      [
        0.0,
        0.0,
        0.0,
        1.0
      ]
    ],
    "location": [
      4.888340631507731,
      15.164052204904465,
      0.9144961907461067
    ],
    "rotation": [
      0.022311250159270293,
      0.017390070017822043,
      0.12582627935896198
    ]
  },
  {
    "label_id": "-FAHwqVW2G-3XzoYPoMFfw",
    "size": [
      3.1200548967611854,
      11.531225792973089,
      4.109999999999957
    ],
    "obj_class": "vehicle",
    "point_num_in_lidar": 1389,
    "speed": 3.972054645195637e-14,
    "if_vehicle": true,
    "motion_state": false,
    "pose": [
      [
        -0.9984331265664588,
        0.05224370014760996,
        0.020047133700669264,
        38.31753235524786
      ],
      [
        -0.05264329680060198,
        -0.9984140564060044,
        -0.01995132258450946,
        13.727971959059005
      ],
      [
        0.018973009162745365,
        -0.020975408596593463,
        0.9995999485581801,
        1.8429762349869634
      ],
      [
        0.0,
        0.0,
        0.0,
        1.0
      ]
    ],
    "location": [
      38.31753235524786,
      13.727971959059005,
      1.8429762349869634
    ],
    "rotation": [
      -0.02098072414801901,
      -0.018974147648915064,
      -3.0889155203489893
    ]
  },
  {
    "label_id": "-H4mHZRW8n7aRqwatB9ZGw",
    "size": [
      2.119300748150478,
      4.685897212546479,
      1.7800000000000011
    ],
    "obj_class": "vehicle",
    "point_num_in_lidar": 45,
    "speed": 0.015930345399089017,
    "if_vehicle": true,
    "motion_state": false,
    "pose": [
      [
        -0.19281450301507033,
        -0.9810304173966469,
        0.020047133700669264,
        0.5933562811850379
      ],
      [
        0.9809550690064694,
        -0.19320739457288222,
        -0.01995132258450946,
        31.236111067963066
      ],
      [
        0.02344610879365699,
        0.0158184330740964,
        0.9995999485581801,
        0.8259842257872592
      ],
      [
        0.0,
        0.0,
        0.0,
        1.0
      ]
    ],
    "location": [
      0.5933562811850379,
      31.236111067963066,
      0.8259842257872592
    ],
    "rotation": [
      0.015823443029718297,
      -0.023448257457779405,
      1.7648800289415407
    ]
  },
  {
    "label_id": "5FDGRfKUQ9sdZ1qWgyeWLQ",
    "size": [
      2.0457186592081187,
      4.713389250527029,
      1.3400000000000034
    ],
    "obj_class": "vehicle",
    "point_num_in_lidar": 1005,
    "speed": 1.1177624953818572,
    "if_vehicle": true,
    "motion_state": true,
    "pose": [
      [
        -0.001547097424049769,
        0.9997978390254443,
        0.020047133700669264,
        -3.3067393437631836
      ],
      [
        -0.9998002945565453,
        -0.0011470535183729163,
        -0.01995132258450946,
        15.338425176974624
      ],
      [
        -0.019924294070447452,
        -0.020073996818720456,
        0.9995999485581801,
        0.766481674555088
      ],
      [
        0.0,
        0.0,
        0.0,
        1.0
      ]
    ],
    "location": [
      -3.3067393437631836,
      15.338425176974624,
      0.766481674555088
    ],
    "rotation": [
      -0.0200793317033903,
      0.019925612555384,
      -1.5723437320093683
    ]
  },
  {
    "label_id": "5tqAjOce6YWfi1CdeCMP-Q",
    "size": [
      2.2636790255731083,
      4.979165260291454,
      1.8500000000000014
    ],
    "obj_class": "vehicle",
    "point_num_in_lidar": 1230,
    "speed": 1.7852165294699933e-13,
    "if_vehicle": true,
    "motion_state": false,
    "pose": [
      [
        -0.9953623727428051,
        0.09408432046946315,
        0.020047133700669264,
        10.627576893746209
      ],
      [
        -0.09448276528459496,
        -0.9953265553532191,
        -0.01995132258450946,
        11.982496768205692
      ],
      [
        0.018076337903161942,
        -0.021752904415143676,
        0.9995999485581801,
        0.8802654804896193
      ],
      [
        0.0,
        0.0,
        0.0,
        1.0
      ]
    ],
    "location": [
      10.627576893746209,
      11.982496768205692,
      0.8802654804896193
    ],
    "rotation": [
      -0.021758175956023796,
      -0.01807732246720015,
      -3.0469532365939984
    ]
  },
  {
    "label_id": "7-Cir_6eWG09wehRQVtTtw",
    "size": [
      0.44704159389991316,
      0.09818506062016025,
      0.16146885882913153
    ],
    "obj_class": "sign",
    "point_num_in_lidar": 59,
    "speed": 0.0022034326461358987,
    "if_vehicle": false,
    "motion_state": false,
    "pose": [
      [
        -0.9903085260926869,
        -0.13743047543582787,
        0.020047133700669264,
        -10.773833655570456
      ],
      [
        0.13703447806607588,
        -0.9903653348882354,
        -0.01995132258450946,
        -0.916822084063142
      ],
      [
        0.02259590602937525,
        -0.017010816358873245,
        0.9995999485581801,
        2.0960381074144507
      ],
      [
        0.0,
        0.0,
        0.0,
        1.0
      ]
    ],
    "location": [
      -10.773833655570456,
      -0.916822084063142,
      2.0960381074144507
    ],
    "rotation": [
      -0.0170159818040248,
      -0.022597829288631473,
      3.0040902978607122
    ]
  },
  {
    "label_id": "8Fg4poEL5AVkJRV9CO00xA",
    "size": [
      2.150000958502254,
      4.8842989074546495,
      1.4500000000000028
    ],
    "obj_class": "vehicle",
    "point_num_in_lidar": 24,
    "speed": 3.552713678800501e-14,
    "if_vehicle": true,
    "motion_state": false,
    "pose": [
      [
        -0.06289653907615553,
        -0.9978186898443171,
        0.020047133700669264,
        0.794822488658383
      ],
      [
        0.9977953560599498,
        -0.0632959094438711,
        -0.01995132258450946,
        24.81083012736235
      ],
      [
        0.0211767041212633,
        0.018748067768283125,
        0.9995999485581801,
        0.6959842257871784
      ],
      [
        0.0,
        0.0,
        0.0,
        1.0
      ]
    ],
    "location": [
      0.794822488658383,
      24.81083012736235,
      0.6959842257871784
    ],
    "rotation": [
      0.01875337220079838,
      -0.021178287232795925,
      1.6337485451917888
    ]
  },
  {
    "label_id": "8saxVVbRERN0l4g5OGtBzQ",
    "size": [
      0.4679056047193867,
      0.0708605181398612,
      0.1782079646017536
    ],
    "obj_class": "sign",
    "point_num_in_lidar": 20,
    "speed": 0.0015862499548954798,
    "if_vehicle": false,
    "motion_state": false,
    "pose": [
      [
        0.9995999732523301,
        0.01995008532133716,
        0.020047133700669264,
        8.596951643149282
      ],
      [
        -0.019550154391047566,
        0.9996097919640518,
        -0.01995132258450946,
        13.721356679487144
      ],
      [
        -0.02043734173583602,
        0.019551416962878206,
        0.9995999485581801,
        2.231395440492797
      ],
      [
        0.0,
        0.0,
        0.0,
        1.0
      ]
    ],
    "location": [
      8.596951643149282,
      13.721356679487144,
      2.231395440492797
    ],
    "rotation": [
      0.01955674801792088,
      0.020438764731616006,
      -0.019555484940810015
    ]
  },
  {
    "label_id": "AEZuZTCdAj38T5tnQh0N3A",
    "size": [
      1.9764182524732345,
      4.583813116773403,
      1.6100000000000065
    ],
    "obj_class": "vehicle",
    "point_num_in_lidar": 108,
    "speed": 5.0242958677880804e-14,
    "if_vehicle": true,
    "motion_state": false,
    "pose": [
      [
        -0.9922872925712687,
        0.12232759881551315,
        0.020047133700669264,
        -49.140200029869106
      ],
      [
        -0.12272486508519813,
        -0.9922401686169274,
        -0.01995132258450946,
        7.589575708011125
      ],
      [
        0.0174509739384814,
        -0.022257725649358462,
        0.9995999485581801,
        1.2996785004646867
      ],
      [
        0.0,
        0.0,
        0.0,
        1.0
      ]
    ],
    "location": [
      -49.140200029869106,
      7.589575708011125,
      1.2996785004646867
    ],
    "rotation": [
      -0.02226295458821011,
      -0.017451859802949356,
      -3.018538779968187
    ]
  },
  {
    "label_id": "Bbx8pLm5ey4t1wPBh4cdAw",
    "size": [
      2.1238772197839584,
      4.766762156548458,
      1.8100000000000023
    ],
    "obj_class": "vehicle",
    "point_num_in_lidar": 639,
    "speed": 0.10073446027317128,
    "if_vehicle": true,
    "motion_state": false,
    "pose": [
      [
        -0.9952419283607384,
        0.09534996834391953,
        0.020047133700669264,
        17.53227423443286
      ],
      [
        -0.09574836729075083,
        -0.9952056043292181,
        -0.01995132258450946,
        12.88539883403837
      ],
      [
        0.018048661832790885,
        -0.021775873083052816,
        0.9995999485581801,
        0.7715602004971629
      ],
      [
        0.0,
        0.0,
        0.0,
        1.0
      ]
    ],
    "location": [
      17.53227423443286,
      12.88539883403837,
      0.7715602004971629
    ],
    "rotation": [
      -0.02178114292835497,
      -0.018049641881010235,
      -3.0456817088762813
    ]
  },
  {
    "label_id": "DfUOspd1ep_pDGx1yZG9Uw",
    "size": [
      2.093087734447202,
      4.702836163548996,
      1.8500000000000014
    ],
    "obj_class": "vehicle",
    "point_num_in_lidar": 686,
    "speed": 7.070926909601084,
    "if_vehicle": true,
    "motion_state": true,
    "pose": [
      [
        -0.9978039104629025,
        0.0631305686282623,
        0.020047133700669264,
        -21.711623833048407
      ],
      [
        -0.06352993351221983,
        -0.9977804830096957,
        -0.01995132258450946,
        6.272070465347497
      ],
      [
        0.018743100407167753,
        -0.021181100764844456,
        0.9995999485581801,
        1.0290494391745142
      ],
      [
        0.0,
        0.0,
        0.0,
        1.0
      ]
    ],
    "location": [
      -21.711623833048407,
      6.272070465347497,
      1.0290494391745142
    ],
    "rotation": [
      -0.02118640717927223,
      -0.018744198001131317,
      -3.0780087225574593
    ]
  },
  {
    "label_id": "II9hCDJdG-EL7T23hW66TA",
    "size": [
      2.1696386959844145,
      4.618757893724354,
      1.7700000000000031
    ],
    "obj_class": "vehicle",
    "point_num_in_lidar": 107,
    "speed": 2.1683198553528098e-13,
    "if_vehicle": true,
    "motion_state": false,
    "pose": [
      [
        0.9985434365813819,
        -0.05009109392528205,
        0.020047133700669264,
        -26.808308418339834
      ],
      [
        0.05049073076231055,
        0.998525227940795,
        -0.01995132258450946,
        -0.6173348429899761
      ],
      [
        -0.019018185174506104,
        0.020934456648116346,
        0.9995999485581801,
        1.053671515824533
      ],
      [
        0.0,
        0.0,
        0.0,
        1.0
      ]
    ],
    "location": [
      -26.808308418339834,
      -0.6173348429899761,
      1.053671515824533
    ],
    "rotation": [
      0.02093977380617268,
      0.019019331813377453,
      0.05052135337201192
    ]
  },
  {
    "label_id": "KCCr9VFidHPM1SGOspbnnA",
    "size": [
      0.5030238935685106,
      0.0682318327003486,
      0.5600000000000023
    ],
    "obj_class": "sign",
    "point_num_in_lidar": 25,
    "speed": 0.0020213145855999992,
    "if_vehicle": false,
    "motion_state": false,
    "pose": [
      [
        -0.6275243702018661,
        0.7783387933497462,
        0.020047133700669264,
        1.8155461618014215
      ],
      [
        -0.7785913128976529,
        -0.6272140880173515,
        -0.01995132258450946,
        34.23922365107933
      ],
      [
        -0.0029550436647314466,
        -0.02812846528737743,
        0.9995999485581801,
        2.208476674469466
      ],
      [
        0.0,
        0.0,
        0.0,
        1.0
      ]
    ],
    "location": [
      1.8155461618014215,
      34.23922365107933,
      2.208476674469466
    ],
    "rotation": [
      -0.02813229872739993,
      0.002955047965461302,
      -2.249169363482472
    ]
  },
  {
    "label_id": "KExt1_lZn78J8VsbsFyZVw",
    "size": [
      0.5970706012786281,
      0.6505881208428722,
      1.6700000000000017
    ],
    "obj_class": "pedestrian",
    "point_num_in_lidar": 20,
    "speed": 0.6309271887944228,
    "if_vehicle": false,
    "motion_state": false,
    "pose": [
      [
        0.48531216171815733,
        -0.8741111017020873,
        0.020047133700669264,
        26.78479881522719
      ],
      [
        0.8743068941358616,
        0.48496329716137504,
        -0.01995132258450946,
        17.893227232531444
      ],
      [
        0.007717548506647815,
        0.02720996669478308,
        0.9995999485581801,
        0.9725044214993162
      ],
      [
        0.0,
        0.0,
        0.0,
        1.0
      ]
    ],
    "location": [
      26.78479881522719,
      17.893227232531444,
      0.9725044214993162
    ],
    "rotation": [
      0.027214136100228655,
      -0.007717625118946537,
      1.0640596386472285
    ]
  },
  {
    "label_id": "Kolv9LClzSD3xwIpYVUIgA",
    "size": [
      0.8022416153147907,
      0.8090622373795213,
      1.740000000000002
    ],
    "obj_class": "pedestrian",
    "point_num_in_lidar": 135,
    "speed": 1.0561790391310586,
    "if_vehicle": false,
    "motion_state": true,
    "pose": [
      [
        0.9986943482437167,
        -0.04698628753631785,
        0.020047133700669264,
        28.119329405574604
      ],
      [
        0.047385979054160005,
        0.9986773821991802,
        -0.01995132258450946,
        0.06813575163869245
      ],
      [
        -0.01908318042509575,
        0.020875226162772677,
        0.9995999485581801,
        0.7927795424982733
      ],
      [
        0.0,
        0.0,
        0.0,
        1.0
      ]
    ],
    "location": [
      28.119329405574604,
      0.06813575163869245,
      0.7927795424982733
    ],
    "rotation": [
      0.020880545520339026,
      0.019084338861504794,
      0.047412370943216986
    ]
  },
  {
    "label_id": "NpOYq1LvezmGuK1h3sh1Ig",
    "size": [
      0.47512099846016975,
      0.05187169363348636,
      0.490000000000002
    ],
    "obj_class": "sign",
    "point_num_in_lidar": 66,
    "speed": 0.015701994951847716,
    "if_vehicle": false,
    "motion_state": false,
    "pose": [
      [
        0.9997990360219337,
        -1.9843072592755454e-14,
        0.020047133700669264,
        -11.866656732755473
      ],
      [
        0.0004000472264587357,
        0.9998008725187958,
        -0.01995132258450946,
        12.623913995256089
      ],
      [
        -0.02004314176542969,
        0.019955332887590587,
        0.9995999485581801,
        2.8142917461792862
      ],
      [
        0.0,
        0.0,
        0.0,
        1.0
      ]
    ],
    "location": [
      -11.866656732755473,
      12.623913995256089,
      2.8142917461792862
    ],
    "rotation": [
      0.019960667854952385,
      0.020044483988399333,
      0.0004001276163467825
    ]
  },
  {
    "label_id": "OinBLW0UfALpTqwdQFfp6g",
    "size": [
      0.8118872121116991,
      0.10779766564128707,
      0.7800000000000011
    ],
    "obj_class": "sign",
    "point_num_in_lidar": 460,
    "speed": 0.005497188979427169,
    "if_vehicle": false,
    "motion_state": false,
    "pose": [
      [
        -0.9903085260923928,
        -0.13743047543794676,
        0.020047133700669264,
        -10.772395872344077
      ],
      [
        0.13703447806819488,
        -0.9903653348879423,
        -0.01995132258450946,
        -0.9436388624851588
      ],
      [
        0.02259590602941165,
        -0.0170108163588249,
        0.9995999485581801,
        2.5825243448095065
      ],
      [
        0.0,
        0.0,
        0.0,
        1.0
      ]
    ],
    "location": [
      -10.772395872344077,
      -0.9436388624851588,
      2.5825243448095065
    ],
    "rotation": [
      -0.017015981803976447,
      -0.022597829288667885,
      3.004090297858572
    ]
  },
  {
    "label_id": "P5W3PzH21kZDfGzI8M2_Hw",
    "size": [
      3.1029766252317925,
      12.442215914863029,
      3.289999999999978
    ],
    "obj_class": "vehicle",
    "point_num_in_lidar": 2872,
    "speed": 1.1374233532693354e-13,
    "if_vehicle": true,
    "motion_state": false,
    "pose": [
      [
        -0.9978991896002118,
        0.06160616710710058,
        0.020047133700669264,
        -25.834742573186077
      ],
      [
        -0.06200556731475292,
        -0.9978763722771996,
        -0.01995132258450946,
        9.284364917255516
      ],
      [
        0.018775436538630876,
        -0.02115244253667909,
        0.9995999485581801,
        1.7264236508907373
      ],
      [
        0.0,
        0.0,
        0.0,
        1.0
      ]
    ],
    "location": [
      -25.834742573186077,
      9.284364917255516,
      1.7264236508907373
    ],
    "rotation": [
      -0.021157750331225147,
      -0.018776539823804485,
      -3.0795363323632556
    ]
  },
  {
    "label_id": "RB-oIFuuBhuOu_4wBXtzcQ",
    "size": [
      1.964594355683542,
      4.318930102955118,
      1.564739240841142
    ],
    "obj_class": "vehicle",
    "point_num_in_lidar": 362,
    "speed": 0.004929378818086727,
    "if_vehicle": true,
    "motion_state": false,
    "pose": [
      [
        -0.995241928360731,
        0.09534996834399644,
        0.020047133700669264,
        23.45486865975988
      ],
      [
        -0.09574836729082772,
        -0.9952056043292107,
        -0.01995132258450946,
        13.303985222277788
      ],
      [
        0.0180486618327892,
        -0.021775873083054207,
        0.9995999485581801,
        0.6282657937403613
      ],
      [
        0.0,
        0.0,
        0.0,
        1.0
      ]
    ],
    "location": [
      23.45486865975988,
      13.303985222277788,
      0.6282657937403613
    ],
    "rotation": [
      -0.02178114292835636,
      -0.018049641881008546,
      -3.045681708876204
    ]
  },
  {
    "label_id": "T3lsRLzCMMSY3Dl_tzxcqw",
    "size": [
      0.8193820258429346,
      0.09376311697755056,
      0.8000000000000043
    ],
    "obj_class": "sign",
    "point_num_in_lidar": 127,
    "speed": 0.0027129990214672765,
    "if_vehicle": false,
    "motion_state": false,
    "pose": [
      [
        0.39332094215882457,
        -0.9191826526266051,
        0.020047133700669264,
        -7.719885573805186
      ],
      [
        0.9193417196214095,
        0.39295387425330014,
        -0.01995132258450946,
        16.671192749180364
      ],
      [
        0.010461310761286613,
        0.026277439366107484,
        0.9995999485581801,
        3.167800655516487
      ],
      [
        0.0,
        0.0,
        0.0,
        1.0
      ]
    ],
    "location": [
      -7.719885573805186,
      16.671192749180364,
      3.167800655516487
    ],
    "rotation": [
      0.02628190292164256,
      -0.010461501583288844,
      1.1665320310484324
    ]
  },
  {
    "label_id": "VIgfW057J6zNoT8MSku42Q",
    "size": [
      2.038907894282897,
      4.544739353990225,
      1.8300000000000054
    ],
    "obj_class": "vehicle",
    "point_num_in_lidar": 2230,
    "speed": 0.2292480570468912,
    "if_vehicle": true,
    "motion_state": false,
    "pose": [
      [
        -0.9968604066826892,
        0.07659922988393052,
        0.020047133700669264,
        9.495667243701973
      ],
      [
        -0.07699824198607534,
        -0.9968315883127814,
        -0.01995132258450946,
        8.625795518499217
      ],
      [
        0.018455360182817532,
        -0.021432277597262957,
        0.9995999485581801,
        0.8859011977012301
      ],
      [
        0.0,
        0.0,
        0.0,
        1.0
      ]
    ],
    "location": [
      9.495667243701973,
      8.625795518499217,
      0.8859011977012301
    ],
    "rotation": [
      -0.02143757042112261,
      -0.01845640799368599,
      -3.064504969051968
    ]
  },
  {
    "label_id": "XQmjRhoi5kGFxGSc7VsbaA",
    "size": [
      2.5693426382234277,
      5.383624736107198,
      2.6299999999999883
    ],
    "obj_class": "vehicle",
    "point_num_in_lidar": 3262,
    "speed": 2.51214793389404e-13,
    "if_vehicle": true,
    "motion_state": false,
    "pose": [
      [
        0.9972239033871384,
        -0.07171191632990277,
        0.020047133700669264,
        15.5857271483967
      ],
      [
        0.07211106489978512,
        0.9971970412341523,
        -0.01995132258450946,
        2.9092134358552357
      ],
      [
        -0.01856019483568161,
        0.021341555944804122,
        0.9995999485581801,
        1.1737428434535317
      ],
      [
        0.0,
        0.0,
        0.0,
        1.0
      ]
    ],
    "location": [
      15.5857271483967,
      2.9092134358552357,
      1.1737428434535317
    ],
    "rotation": [
      0.02134685398780778,
      0.018561260606129306,
      0.07218616400348954
    ]
  },
  {
    "label_id": "YKeU-RbOBPm408751EtB_w",
    "size": [
      1.9451213133954806,
      4.316546035301789,
      1.7900000000000063
    ],
    "obj_class": "vehicle",
    "point_num_in_lidar": 32,
    "speed": 1.2434497875801753e-13,
    "if_vehicle": true,
    "motion_state": false,
    "pose": [
      [
        0.08465654500977729,
        0.9962085031846473,
        0.020047133700669264,
        -8.144026210019092
      ],
      [
        -0.9961764596628127,
        0.0850553110675237,
        -0.01995132258450946,
        49.20434275888465
      ],
      [
        -0.021580792401390873,
        -0.018281472637939656,
        0.9995999485581801,
        0.7359842257872771
      ],
      [
        0.0,
        0.0,
        0.0,
        1.0
      ]
    ],
    "location": [
      -8.144026210019092,
      49.20434275888465,
      0.7359842257872771
    ],
    "rotation": [
      -0.018286750426626912,
      0.02158246789179653,
      -1.4860185443104068
    ]
  },
  {
    "label_id": "YytKtqwuhzFGLrx28JPtgQ",
    "size": [
      2.8673079452885344,
      7.235536587668475,
      3.3505405405405497
    ],
    "obj_class": "vehicle",
    "point_num_in_lidar": 306,
    "speed": 0.008139765717032071,
    "if_vehicle": true,
    "motion_state": false,
    "pose": [
      [
        0.9989926075502742,
        -0.04014825637921907,
        0.020047133700669264,
        22.65869396890332
      ],
      [
        0.04054805467830599,
        0.9989783781388534,
        -0.01995132258450946,
        3.49651481281785
      ],
      [
        -0.01922564229639994,
        0.020744096046213828,
        0.9995999485581801,
        1.5809332733412518
      ],
      [
        0.0,
        0.0,
        0.0,
        1.0
      ]
    ],
    "location": [
      22.65869396890332,
      3.49651481281785,
      1.5809332733412518
    ],
    "rotation": [
      0.02074941975260467,
      0.019226826874146133,
      0.04056667609507297
    ]
  },
  {
    "label_id": "ZAWh5ebxHQoiaBpI1opOtQ",
    "size": [
      2.3183299357428706,
      5.252203792437462,
      1.9400000000000048
    ],
    "obj_class": "vehicle",
    "point_num_in_lidar": 1565,
    "speed": 0.004523172125511927,
    "if_vehicle": true,
    "motion_state": false,
    "pose": [
      [
        0.9972721658827018,
        -0.07103759276617293,
        0.020047133700669264,
        -13.778790385808179
      ],
      [
        0.07143675940857158,
        0.997245573633862,
        -0.01995132258450946,
        0.6006579404677268
      ],
      [
        -0.018574621418133715,
        0.02132900095308439,
        0.9995999485581801,
        0.8586715158246392
      ],
      [
        0.0,
        0.0,
        0.0,
        1.0
      ]
    ],
    "location": [
      -13.778790385808179,
      0.6006579404677268,
      0.8586715158246392
    ],
    "rotation": [
      0.021334299690652675,
      0.018575689675997077,
      0.07151001703722926
    ]
  },
  {
    "label_id": "ZqVcS5TpbdlQOy2xeA1L0w",
    "size": [
      2.16592849366813,
      4.872672216116353,
      1.6000000000000014
    ],
    "obj_class": "vehicle",
    "point_num_in_lidar": 384,
    "speed": 0.0034722952978515844,
    "if_vehicle": true,
    "motion_state": false,
    "pose": [
      [
        0.07447072666745645,
        0.9970216764444034,
        0.020047133700669264,
        -6.013035560281878
      ],
      [
        -0.9969937100436904,
        0.07486979938831487,
        -0.01995132258450946,
        20.40237034208485
      ],
      [
        -0.021392825968970543,
        -0.01850107671312689,
        0.9995999485581801,
        0.7914525908227361
      ],
      [
        0.0,
        0.0,
        0.0,
        1.0
      ]
    ],
    "location": [
      -6.013035560281878,
      20.40237034208485,
      0.7914525908227361
    ],
    "rotation": [
      -0.01850636804630818,
      0.02139445805361836,
      -1.4962394991674497
    ]
  },
  {
    "label_id": "ZxcngDw5pn33WhQh4fGo7g",
    "size": [
      1.9931629351995617,
      4.351704980641885,
      1.5900000000000034
    ],
    "obj_class": "vehicle",
    "point_num_in_lidar": 73,
    "speed": 1.0805156823142816e-13,
    "if_vehicle": true,
    "motion_state": false,
    "pose": [
      [
        -0.9968228760195214,
        0.07708609650616328,
        0.020047133700669264,
        -42.48788176240464
      ],
      [
        -0.07748509448556126,
        -0.9967938627718833,
        -0.01995132258450946,
        8.40299925731074
      ],
      [
        0.018444890260819424,
        -0.021441288808044984,
        0.9995999485581801,
        1.2063065828134611
      ],
      [
        0.0,
        0.0,
        0.0,
        1.0
      ]
    ],
    "location": [
      -42.48788176240464,
      8.40299925731074,
      1.2063065828134611
    ],
    "rotation": [
      -0.021446581094254433,
      -0.018445936289214745,
      -3.064016589008786
    ]
  },
  {
    "label_id": "ahh4Y1SZ-y9Qvly03o_oAA",
    "size": [
      2.062704665767814,
      4.417872033252479,
      1.7451871050278172
    ],
    "obj_class": "vehicle",
    "point_num_in_lidar": 122,
    "speed": 0.0012497102809467709,
    "if_vehicle": true,
    "motion_state": false,
    "pose": [
      [
        0.07575632202661808,
        0.9969248176785384,
        0.020047133700669264,
        -6.934145871765168
      ],
      [
        -0.9968963366976746,
        0.07615535835307374,
        -0.01995132258450946,
        32.64319155489375
      ],
      [
        -0.021416665280934243,
        -0.01847347532891665,
        0.9995999485581801,
        0.6959842257872282
      ],
      [
        0.0,
        0.0,
        0.0,
        1.0
      ]
    ],
    "location": [
      -6.934145871765168,
      32.64319155489375,
      0.6959842257872282
    ],
    "rotation": [
      -0.01847876505739212,
      0.02141830282860687,
      -1.494949926024548
    ]
  },
  {
    "label_id": "bA4NouE1x7OzqmpHmrXLCA",
    "size": [
      0.7640776443058719,
      0.060923233862056884,
      0.7700000000000031
    ],
    "obj_class": "sign",
    "point_num_in_lidar": 131,
    "speed": 0.0023706973590092366,
    "if_vehicle": false,
    "motion_state": false,
    "pose": [
      [
        0.9997990360219335,
        -2.4272891662932906e-14,
        0.020047133700669264,
        8.594394864883157
      ],
      [
        0.000400047226463167,
        0.9998008725187957,
        -0.01995132258450946,
        13.719449450922866
      ],
      [
        -0.0200431417654296,
        0.019955332887590677,
        0.9995999485581801,
        2.729456144988113
      ],
      [
        0.0,
        0.0,
        0.0,
        1.0
      ]
    ],
    "location": [
      8.594394864883157,
      13.719449450922866,
      2.729456144988113
    ],
    "rotation": [
      0.019960667854952475,
      0.020044483988399243,
      0.0004001276163512147
    ]
  },
  {
    "label_id": "bTuedynvOy7JKTMjwaX3Sg",
    "size": [
      2.4611056623542695,
      5.692337414445946,
      1.9400000000000048
    ],
    "obj_class": "vehicle",
    "point_num_in_lidar": 60,
    "speed": 3.518844662911547e-29,
    "if_vehicle": true,
    "motion_state": false,
    "pose": [
      [
        -0.9981552091563451,
        0.05730873288112863,
        0.020047133700669264,
        55.47568890559171
      ],
      [
        -0.057708227635470316,
        -0.9981341118258115,
        -0.01995132258450946,
        15.447641176081788
      ],
      [
        0.018866342974349925,
        -0.02107140112232368,
        0.9995999485581801,
        0.7279762349864072
      ],
      [
        0.0,
        0.0,
        0.0,
        1.0
      ]
    ],
    "location": [
      55.47568890559171,
      15.447641176081788,
      0.7279762349864072
    ],
    "rotation": [
      -0.02107671263169685,
      -0.018867462364540222,
      -3.083842057292062
    ]
  },
  {
    "label_id": "cYuwZv3HNlEzb9KQyO-LfA",
    "size": [
      0.5343246147447,
      0.06180300466107162,
      0.5300000000000011
    ],
    "obj_class": "sign",
    "point_num_in_lidar": 27,
    "speed": 0.002207259903383347,
    "if_vehicle": false,
    "motion_state": false,
    "pose": [
      [
        -0.9928300661386832,
        0.11784130091545038,
        0.020047133700669264,
        30.21254339803943
      ],
      [
        -0.11823877612311257,
        -0.992784738273125,
        -0.01995132258450946,
        15.809077308478209
      ],
      [
        0.017551398575802877,
        -0.022178621474676266,
        0.9995999485581801,
        3.1809634126557
      ],
      [
        0.0,
        0.0,
        0.0,
        1.0
      ]
    ],
    "location": [
      30.21254339803943,
      15.809077308478209,
      3.1809634126557
    ],
    "rotation": [
      -0.02218385783231943,
      -0.017552299823454402,
      -3.0230582805286135
    ]
  },
  {
    "label_id": "dflMqGo5HWaGLblIEG_AIw",
    "size": [
      1.8606366508090648,
      4.05075350178842,
      1.5400000000000063
    ],
    "obj_class": "vehicle",
    "point_num_in_lidar": 21,
    "speed": 1.6758116906701666e-13,
    "if_vehicle": true,
    "motion_state": false,
    "pose": [
      [
        -0.12480348841212136,
        -0.9919789320900687,
        0.020047133700669264,
        -2.603579955937903
      ],
      [
        0.9919308168974552,
        -0.1252006358461329,
        -0.01995132258450946,
        70.46901911606756
      ],
      [
        0.022301205557382395,
        0.017395375051175044,
        0.9995999485581801,
        0.5426450424144917
      ],
      [
        0.0,
        0.0,
        0.0,
        1.0
      ]
    ],
    "location": [
      -2.603579955937903,
      70.46901911606756,
      0.5426450424144917
    ],
    "rotation": [
      0.01740058048466084,
      -0.022303054532160218,
      1.6959573867829727
    ]
  },
  {
    "label_id": "eZRjpTUJ2mfeBaXNVhY0Xg",
    "size": [
      2.107788855889296,
      4.800487478512236,
      1.8300000000000054
    ],
    "obj_class": "vehicle",
    "point_num_in_lidar": 30,
    "speed": 5.0242958677880804e-14,
    "if_vehicle": true,
    "motion_state": false,
    "pose": [
      [
        0.1030336202423115,
        0.9944758345631888,
        0.020047133700669264,
        -8.436392986691544
      ],
      [
        -0.9944364346829739,
        0.10343172676768032,
        -0.01995132258450946,
        54.80690744118738
      ],
      [
        -0.02191461783327222,
        -0.017879943168402235,
        0.9995999485581801,
        0.7353295909880728
      ],
      [
        0.0,
        0.0,
        0.0,
        1.0
      ]
    ],
    "location": [
      -8.436392986691544,
      54.80690744118738,
      0.7353295909880728
    ],
    "rotation": [
      -0.017885191645231436,
      0.021916372296730366,
      -1.4675546482241448
    ]
  },
  {
    "label_id": "fEKN6OQe99brECij0ShExg",
    "size": [
      2.197789788132657,
      4.78244681950412,
      1.8500000000000014
    ],
    "obj_class": "vehicle",
    "point_num_in_lidar": 98,
    "speed": 1.293207299340885e-13,
    "if_vehicle": true,
    "motion_state": false,
    "pose": [
      [
        0.03411844666908211,
        0.9992167152461355,
        0.020047133700669264,
        -7.503220989563033
      ],
      [
        -0.9992048989398854,
        0.03451832356389948,
        -0.01995132258450946,
        39.352328711192285
      ],
      [
        -0.020627688465318036,
        -0.019350486067834363,
        0.9995999485581801,
        0.7559842257873086
      ],
      [
        0.0,
        0.0,
        0.0,
        1.0
      ]
    ],
    "location": [
      -7.503220989563033,
      39.352328711192285,
      0.7559842257873086
    ],
    "rotation": [
      -0.019355812791286127,
      0.020629151597661575,
      -1.5366639920146656
    ]
  },
  {
    "label_id": "fh1oSL5OCYHPzBR4ONvPDg",
    "size": [
      2.544152576201322,
      5.529152590652675,
      2.3499999999999943
    ],
    "obj_class": "vehicle",
    "point_num_in_lidar": 1502,
    "speed": 0.005885795241136621,
    "if_vehicle": true,
    "motion_state": false,
    "pose": [
      [
        -0.05592944615317818,
        -0.998233444382318,
        0.020047133700669264,
        1.182583636574691
      ],
      [
        0.998212899086232,
        -0.05632896967803112,
        -0.01995132258450946,
        18.337223328141135
      ],
      [
        0.021045311849874043,
        0.01889544102753936,
        0.9995999485581801,
        1.2264701212039597
      ],
      [
        0.0,
        0.0,
        0.0,
        1.0
      ]
    ],
    "location": [
      1.182583636574691,
      18.337223328141135,
      1.2264701212039597
    ],
    "rotation": [
      0.01890075218786507,
      -0.021046865672418796,
      1.6267673821781479
    ]
  },
  {
    "label_id": "jiDWv0IHfVYmdLSYdNAeuw",
    "size": [
      2.363577207923453,
      4.784302331303529,
      1.8000000000000043
    ],
    "obj_class": "vehicle",
    "point_num_in_lidar": 1128,
    "speed": 7.944109290391274e-14,
    "if_vehicle": true,
    "motion_state": false,
    "pose": [
      [
        -0.9988922791607032,
        0.04257143483045161,
        0.020047133700669264,
        -16.126767325087826
      ],
      [
        -0.04297119743643114,
        -0.9988770799843232,
        -0.01995132258450946,
        10.476572896518974
      ],
      [
        0.019175265943792073,
        -0.020790671428997057,
        0.9995999485581801,
        0.8986715158245957
      ],
      [
        0.0,
        0.0,
        0.0,
        1.0
      ]
    ],
    "location": [
      -16.126767325087826,
      10.476572896518974,
      0.8986715158245957
    ],
    "rotation": [
      -0.020795993672707347,
      -0.019176441233156125,
      -3.0986003110519356
    ]
  },
  {
    "label_id": "kJ7cJlYspN35OyNKpyaNSw",
    "size": [
      1.9152404807140424,
      4.055110925326073,
      1.7800000000000011
    ],
    "obj_class": "vehicle",
    "point_num_in_lidar": 32,
    "speed": 6.404745667978754e-14,
    "if_vehicle": true,
    "motion_state": false,
    "pose": [
      [
        -0.9964245033463058,
        0.08207509708465355,
        0.020047133700669264,
        -55.196138139694085
      ],
      [
        -0.08247394482826044,
        -0.9963934931298948,
        -0.01995132258450946,
        7.344871987419538
      ],
      [
        0.018337326837161026,
        -0.02153335289616553,
        0.9995999485581801,
        1.5372407553715703
      ],
      [
        0.0,
        0.0,
        0.0,
        1.0
      ]
    ],
    "location": [
      -55.196138139694085,
      7.344871987419538,
      1.5372407553715703
    ],
    "rotation": [
      -0.021538639489575823,
      -0.018338354670145638,
      -3.0590110069549397
    ]
  },
  {
    "label_id": "lVgMLiYY04OUIeF1a-Z-Bg",
    "size": [
      2.287276621893464,
      5.0947232382614915,
      1.9223137534269625
    ],
    "obj_class": "vehicle",
    "point_num_in_lidar": 102,
    "speed": 0.0,
    "if_vehicle": true,
    "motion_state": false,
    "pose": [
      [
        -0.9983390172251441,
        0.05401221265900189,
        0.020047133700669264,
        -36.01717333436841
      ],
      [
        -0.054411774904766,
        -0.9983192392610902,
        -0.01995132258450946,
        8.894851464634257
      ],
      [
        0.01893582418715463,
        -0.021008983907767557,
        0.9995999485581801,
        1.232063122341991
      ],
      [
        0.0,
        0.0,
        0.0,
        1.0
      ]
    ],
    "location": [
      -36.01717333436841,
      8.894851464634257,
      1.232063122341991
    ],
    "rotation": [
      -0.02101429808946635,
      -0.01893695599180033,
      -3.0871442216993676
    ]
  },
  {
    "label_id": "mRaoh6JTGddP6QC-GzEgfQ",
    "size": [
      0.7880905991575329,
      0.8686233293712378,
      1.8100000000000023
    ],
    "obj_class": "pedestrian",
    "point_num_in_lidar": 21,
    "speed": 0.37794512017911636,
    "if_vehicle": false,
    "motion_state": false,
    "pose": [
      [
        0.9942346886515703,
        0.10533516180413213,
        0.020047133700669264,
        62.89072626786077
      ],
      [
        -0.10493753451343975,
        0.9942786624369294,
        -0.01995132258450946,
        3.1223321916543227
      ],
      [
        -0.022034013074241465,
        0.01773260021338728,
        0.9995999485581801,
        0.8328480094087496
      ],
      [
        0.0,
        0.0,
        0.0,
        1.0
      ]
    ],
    "location": [
      62.89072626786077,
      3.1223321916543227,
      0.8328480094087496
    ],
    "rotation": [
      0.017737836480451474,
      0.022035796374436607,
      -0.10515671280485846
    ]
  },
  {
    "label_id": "oWHtxuSP48iB5d33eg9RSQ",
    "size": [
      2.11750592915699,
      4.616705315983924,
      1.6300000000000026
    ],
    "obj_class": "vehicle",
    "point_num_in_lidar": 21,
    "speed": 0.02443850800500605,
    "if_vehicle": true,
    "motion_state": false,
    "pose": [
      [
        0.9935721000299623,
        -0.11141182375510314,
        0.020047133700669264,
        -19.631727555279895
      ],
      [
        0.11180958406094531,
        0.9935293461389286,
        -0.01995132258450946,
        0.10173065990511532
      ],
      [
        -0.017694602402119036,
        0.02206453915935227,
        0.9995999485581801,
        0.763671515824548
      ],
      [
        0.0,
        0.0,
        0.0,
        1.0
      ]
    ],
    "location": [
      -19.631727555279895,
      0.10173065990511532,
      0.763671515824548
    ],
    "rotation": [
      0.022069785727567404,
      0.017695525892490786,
      0.11206148519645437
    ]
  },
  {
    "label_id": "plOROz1jS2KOs-PMA9QHnw",
    "size": [
      2.31519545942046,
      5.379702802490518,
      1.8100000000000023
    ],
    "obj_class": "vehicle",
    "point_num_in_lidar": 227,
    "speed": 7.479935333025262,
    "if_vehicle": true,
    "motion_state": true,
    "pose": [
      [
        0.9967668380572567,
        -0.07780734528131782,
        0.020047133700669264,
        -38.54006451789735
      ],
      [
        0.0782063221632157,
        0.996737536115116,
        -0.01995132258450946,
        1.90520730358935
      ],
      [
        -0.018429371205823507,
        0.021454629324265426,
        0.9995999485581801,
