[
  {
    "label_id": "-F5A7bbXR534ssEhSPvsKA",
    "size": [
      0.9144843212919185,
      1.0494597753535118,
      1.740000000000002
    ],
    "obj_class": "pedestrian",
    "point_num_in_lidar": 131,
    "speed": 1.619527061765654,
    "if_vehicle": false,
    "motion_state": true,
    "pose": [
      [
        0.9891373478170277,
        -0.14579302843288053,
        0.018753666677895853,
        1.1692004633580382
      ],
      [
        0.14579043135458175,
        0.9893143389117238,
        0.0015129273293183112,
        14.896247622346891
      ],
      [
        -0.01877384560875355,
        0.0012376122284886695,
        0.9998229898522191,
        0.8744932910000713
      ],
      [
        0.0,
        0.0,
        0.0,
        1.0
      ]
    ],
    "location": [
      1.1692004633580382,
      14.896247622346891,
      0.8744932910000713
    ],
    "rotation": [
      0.00123783070498455,
      0.018774948613461843,
      0.14633787033241913
    ]
  },
  {
    "label_id": "-FAHwqVW2G-3XzoYPoMFfw",
    "size": [
      3.120054896761183,
      11.531225792973089,
      4.109999999999957
    ],
    "obj_class": "vehicle",
    "point_num_in_lidar": 131,
    "speed": 3.972054645195637e-14,
    "if_vehicle": true,
    "motion_state": false,
    "pose": [
      [
        -0.9984581907840816,
        0.052245011650041126,
        0.018753666677895853,
        38.31753235524775
      ],
      [
        -0.052225802379039496,
        -0.9986341555428402,
        0.0015129273293183112,
        13.727971959059005
      ],
      [
        0.018807094992158328,
        0.0005311693942167863,
        0.9998229898522191,
        1.8429762349869563
      ],
      [
        0.0,
        0.0,
        0.0,
        1.0
      ]
    ],
    "location": [
      38.31753235524775,
      13.727971959059005,
      1.8429762349869563
    ],
    "rotation": [
      0.0005312633832542107,
      -0.018808203868298665,
      -3.0893338293546613
    ]
  },
  {
    "label_id": "-H4mHZRW8n7aRqwatB9ZGw",
    "size": [
      2.119300748150478,
      4.685897212546479,
      1.7800000000000011
    ],
    "obj_class": "vehicle",
    "point_num_in_lidar": 34,
    "speed": 0.01593034579925873,
    "if_vehicle": true,
    "motion_state": false,
    "pose": [
      [
        -0.19281934334391942,
        -0.9810550447444598,
        0.018753666677895853,
        0.5999026231164635
      ],
      [
        0.9812319581899742,
        -0.1928251935758525,
        0.0015129273293183112,
        31.201684095841756
      ],
      [
        0.0021319144186627906,
        0.01869341873176004,
        0.9998229898522191,
        0.8259842257872592
      ],
      [
        0.0,
        0.0,
        0.0,
        1.0
      ]
    ],
    "location": [
      0.5999026231164635,
      31.201684095841756,
      0.8259842257872592
    ],
    "rotation": [
      0.018694550108781446,
      -0.002131916033612261,
      1.764831375351033
    ]
  },
  {
    "label_id": "0Mszwh9T8XA40wt2KRP44w",
    "size": [
      0.7583054554566675,
      0.8208242572220442,
      1.6100000000000065
    ],
    "obj_class": "pedestrian",
    "point_num_in_lidar": 124,
    "speed": 1.1713819741118037,
    "if_vehicle": false,
    "motion_state": true,
    "pose": [
      [
        -0.9981597925537347,
        0.05766566149121783,
        0.018753666677895853,
        -20.62770802200839
      ],
      [
        -0.057647407955376664,
        -0.998335859020862,
        0.0015129273293183112,
        -2.7051390035492204
      ],
      [
        0.018809701887901355,
        0.00042904295554142553,
        0.9998229898522191,
        0.9566433508935575
      ],
      [
        0.0,
        0.0,
        0.0,
        1.0
      ]
    ],
    "location": [
      -20.62770802200839,
      -2.7051390035492204,
      0.9566433508935575
    ],
    "rotation": [
      0.0004291188876040471,
      -0.01881081122526638,
      -3.083903050917267
    ]
  },
  {
    "label_id": "5FDGRfKUQ9sdZ1qWgyeWLQ",
    "size": [
      2.0457186592079126,
      4.713389250527029,
      1.3400000000000034
    ],
    "obj_class": "vehicle",
    "point_num_in_lidar": 471,
    "speed": 0.7142492771183699,
    "if_vehicle": true,
    "motion_state": false,
    "pose": [
      [
        0.012600471260868449,
        0.9997447314740591,
        0.018753666677895853,
        -3.3168089486783856
      ],
      [
        -0.9999197958298055,
        0.012574297538082287,
        0.0015129273293183112,
        17.261749895643334
      ],
      [
        0.0012767269418512187,
        -0.018771226152954706,
        0.9998229898522191,
        0.767148282410794
      ],
      [
        0.0,
        0.0,
        0.0,
        1.0
      ]
    ],
    "location": [
      -3.3168089486783856,
      17.261749895643334,
      0.767148282410794
    ],
    "rotation": [
      -0.0187723439975437,
      -0.0012767272887023676,
      -1.5581955118063813
    ]
  },
  {
    "label_id": "5tqAjOce6YWfi1CdeCMP-Q",
    "size": [
      2.2636790255731065,
      4.979165260291454,
      1.8500000000000014
    ],
    "obj_class": "vehicle",
    "point_num_in_lidar": 1088,
    "speed": 1.7852165294699933e-13,
    "if_vehicle": true,
    "motion_state": false,
    "pose": [
      [
        -0.9953873598736006,
        0.09408668232006841,
        0.018753666677895853,
        10.627576893745982
      ],
      [
        -0.094074872095643,
        -0.9955639755892559,
        0.0015129273293183112,
        11.982496768205692
      ],
      [
        0.018812821267728673,
        -0.0002583000540366035,
        0.9998229898522191,
        0.8802654804896264
      ],
      [
        0.0,
        0.0,
        0.0,
        1.0
      ]
    ],
    "location": [
      10.627576893745982,
      11.982496768205692,
      0.8802654804896264
    ],
    "rotation": [
      -0.00025834577811443215,
      -0.018813931157157647,
      -3.047361738019595
    ]
  },
  {
    "label_id": "7-Cir_6eWG09wehRQVtTtw",
    "size": [
      0.4470415938999143,
      0.09818506062016025,
      0.16146885882913153
    ],
    "obj_class": "sign",
    "point_num_in_lidar": 72,
    "speed": 0.002203432701292906,
    "if_vehicle": false,
    "motion_state": false,
    "pose": [
      [
        -0.9903333863539808,
        -0.13743392542888144,
        0.018753666677895853,
        -10.777219315224784
      ],
      [
        0.13748605074002554,
        -0.9905025476508414,
        0.0015129273293183112,
        -0.9202908240865781
      ],
      [
        0.018367627080493686,
        0.004076670013790003,
        0.9998229898522191,
        2.0997044399931184
      ],
      [
        0.0,
        0.0,
        0.0,
        1.0
      ]
    ],
    "location": [
      -10.777219315224784,
      -0.9202908240865781,
      2.0997044399931184
    ],
    "rotation": [
      0.004077369158018407,
      -0.018368660017532984,
      3.0036463200539223
    ]
  },
  {
    "label_id": "AEZuZTCdAj38T5tnQh0N3A",
    "size": [
      1.9764182524732345,
      4.583813116773403,
      1.6100000000000065
    ],
    "obj_class": "vehicle",
    "point_num_in_lidar": 43,
    "speed": 5.0242958677880804e-14,
    "if_vehicle": true,
    "motion_state": false,
    "pose": [
      [
        -0.9923122025066303,
        0.1223306696727142,
        0.018753666677895853,
        -49.14020002986922
      ],
      [
        -0.12232388240447051,
        -0.9924890824812097,
        0.0015129273293183112,
        7.589575708011125
      ],
      [
        0.018797886847664952,
        -0.000792725066971242,
        0.9998229898522191,
        1.2996785004646938
      ],
      [
        0.0,
        0.0,
        0.0,
        1.0
      ]
    ],
    "location": [
      -49.14020002986922,
      7.589575708011125,
      1.2996785004646938
    ],
    "rotation": [
      -0.0007928652460539564,
      -0.01879899409567901,
      -3.0189398590004943
    ]
  },
  {
    "label_id": "Bbx8pLm5ey4t1wPBh4cdAw",
    "size": [
      2.1238772197839553,
      4.766762156548458,
      1.8100000000000023
    ],
    "obj_class": "vehicle",
    "point_num_in_lidar": 538,
    "speed": 0.0015795225970386118,
    "if_vehicle": true,
    "motion_state": false,
    "pose": [
      [
        -0.9952669124679524,
        0.09535236196677813,
        0.018753666677895853,
        17.672141097680537
      ],
      [
        -0.09534077634019816,
        -0.9954435430589443,
        0.0015129273293183112,
        12.903324747092256
      ],
      [
        0.018812477597525704,
        -0.00028222262845687524,
        0.9998229898522191,
        0.7715602004971771
      ],
      [
        0.0,
        0.0,
        0.0,
        1.0
      ]
    ],
    "location": [
      17.672141097680537,
      12.903324747092256,
      0.7715602004971771
    ],
    "rotation": [
      -0.0002822725860734233,
      -0.01881358742612338,
      -3.0460898913921173
    ]
  },
  {
    "label_id": "C-7CDilIzKn25wyKRr9jJA",
    "size": [
      2.1507752573318673,
      5.0328621732727665,
      1.5100000000000051
    ],
    "obj_class": "vehicle",
    "point_num_in_lidar": 1589,
    "speed": 2.925106501076929,
    "if_vehicle": true,
    "motion_state": true,
    "pose": [
      [
        0.1781273316501195,
        0.9838287217322651,
        0.018753666677895853,
        -2.4404763430137564
      ],
      [
        -0.9840057028793612,
        0.17813053570848153,
        0.0015129273293183112,
        -5.444474263079201
      ],
      [
        -0.001852139331354844,
        -0.018723208669100176,
        0.9998229898522191,
        0.6696629228701951
      ],
      [
        0.0,
        0.0,
        0.0,
        1.0
      ]
    ],
    "location": [
      -2.4404763430137564,
      -5.444474263079201,
      0.6696629228701951
    ],
    "rotation": [
      -0.01872433489177874,
      0.001852140390292478,
      -1.3917129979734812
    ]
  },
  {
    "label_id": "DfUOspd1ep_pDGx1yZG9Uw",
    "size": [
      2.093087734447227,
      4.702836163548996,
      1.8500000000000014
    ],
    "obj_class": "vehicle",
    "point_num_in_lidar": 2440,
    "speed": 6.763995266280664,
    "if_vehicle": true,
    "motion_state": true,
    "pose": [
      [
        -0.9975589521571022,
        0.06726393504217998,
        0.018753666677895853,
        -6.27403149685108
      ],
      [
        -0.06724737587097356,
        -0.997735186053576,
        0.0015129273293183112,
        7.380793191420025
      ],
      [
        0.018812958557659975,
        0.00024809932927720305,
        0.9998229898522191,
        0.9734225710579807
      ],
      [
        0.0,
        0.0,
        0.0,
        1.0
      ]
    ],
    "location": [
      -6.27403149685108,
      7.380793191420025,
      0.9734225710579807
    ],
    "rotation": [
      0.000248143248057968,
      -0.01881406847139056,
      -3.0742825593272882
    ]
  },
  {
    "label_id": "II9hCDJdG-EL7T23hW66TA",
    "size": [
      2.169638695984415,
      4.618757893724354,
      1.7700000000000031
    ],
    "obj_class": "vehicle",
    "point_num_in_lidar": 221,
    "speed": 2.1683198553528098e-13,
    "if_vehicle": true,
    "motion_state": false,
    "pose": [
      [
        0.998568503568178,
        -0.05009235138964982,
        0.018753666677895853,
        -26.808308418339948
      ],
      [
        0.05007276280741437,
        0.9987444265054641,
        0.0015129273293183112,
        -0.6173348429895213
      ],
      [
        -0.018805906158496945,
        -0.0005717136759131961,
        0.9998229898522191,
        1.05367151582454
      ],
      [
        0.0,
        0.0,
        0.0,
        1.0
      ]
    ],
    "location": [
      -26.808308418339948,
      -0.6173348429895213,
      1.05367151582454
    ],
    "rotation": [
      -0.0005718148306293749,
      0.018807014824345502,
      0.050102578765293594
    ]
  },
  {
    "label_id": "KExt1_lZn78J8VsbsFyZVw",
    "size": [
      0.5970706012787251,
      0.6505881208428722,
      1.6700000000000017
    ],
    "obj_class": "pedestrian",
    "point_num_in_lidar": 68,
    "speed": 0.28239503571009156,
    "if_vehicle": false,
    "motion_state": false,
    "pose": [
      [
        0.21767091232911107,
        -0.9758420332779003,
        0.018753666677895853,
        26.018157900055144
      ],
      [
        0.9760063848318448,
        0.2177366478532473,
        0.0015129273293183112,
        17.594618742187777
      ],
      [
        -0.005559738598645872,
        0.017974378144574202,
        0.9998229898522191,
        0.9725044214993162
      ],
      [
        0.0,
        0.0,
        0.0,
        1.0
      ]
    ],
    "location": [
      26.018157900055144,
      17.594618742187777,
      0.9725044214993162
    ],
    "rotation": [
      0.017975623992051586,
      0.005559767241606721,
      1.3513653529710985
    ]
  },
  {
    "label_id": "Kj83jG1FL0sIqQoDH5vM9Q",
    "size": [
      0.6838268936495114,
      0.6195395043100689,
      1.6800000000000068
    ],
    "obj_class": "pedestrian",
    "point_num_in_lidar": 111,
    "speed": 0.10553632104820702,
    "if_vehicle": false,
    "motion_state": false,
    "pose": [
      [
        0.9845922312951225,
        0.17385752229750176,
        0.018753666677895853,
        -6.495529755644839
      ],
      [
        -0.17391584972977286,
        0.9847593555095921,
        0.0015129273293183112,
        -5.972921147263378
      ],
      [
        -0.01820481491427498,
        -0.00475117637079607,
        0.9998229898522191,
        0.8031373172821219
      ],
      [
        0.0,
        0.0,
        0.0,
        1.0
      ]
    ],
    "location": [
      -6.495529755644839,
      -5.972921147263378,
      0.8031373172821219
    ],
    "rotation": [
      -0.004751981757107156,
      0.01820582062326092,
      -0.1748340055756065
    ]
  },
  {
    "label_id": "NpOYq1LvezmGuK1h3sh1Ig",
    "size": [
      0.47512099846017264,
      0.05187169363348636,
      0.490000000000002
    ],
    "obj_class": "sign",
    "point_num_in_lidar": 38,
    "speed": 0.013480535829679514,
    "if_vehicle": false,
    "motion_state": false,
    "pose": [
      [
        0.9998241345287352,
        2.9403101574678754e-14,
        0.018753666677895853,
        -11.86822256682774
      ],
      [
        -2.837792556857094e-05,
        0.9999988551221394,
        0.0015129273293183112,
        12.62379872190445
      ],
      [
        -0.018753645207238025,
        -0.0015131934477976743,
        0.9998229898522191,
        2.801140537672204
      ],
      [
        0.0,
        0.0,
        0.0,
        1.0
      ]
    ],
    "location": [
      -11.86822256682774,
      12.62379872190445,
      2.801140537672204
    ],
    "rotation": [
      -0.0015134601902550928,
      0.01875474465494678,
      -2.8382917136048618e-05
    ]
  },
  {
    "label_id": "OinBLW0UfALpTqwdQFfp6g",
    "size": [
      0.8118872121116998,
      0.10779766564128707,
      0.7800000000000011
    ],
    "obj_class": "sign",
    "point_num_in_lidar": 407,
    "speed": 0.00929403308486793,
    "if_vehicle": false,
    "motion_state": false,
    "pose": [
      [
        -0.9903333863536861,
        -0.1374339254310057,
        0.018753666677895853,
        -10.790984472591617
      ],
      [
        0.13748605074215015,
        -0.9905025476505465,
        0.0015129273293183112,
        -0.9320746094354035
      ],
      [
        0.01836762708048494,
        0.004076670013829401,
        0.9998229898522191,
        2.5825243448095137
      ],
      [
        0.0,
        0.0,
        0.0,
        1.0
      ]
    ],
    "location": [
      -10.790984472591617,
      -0.9320746094354035,
      2.5825243448095137
    ],
    "rotation": [
      0.0040773691580578125,
      -0.018368660017524234,
      3.003646320051777
    ]
  },
  {
    "label_id": "P1ky-Rbaej9JvbPv9kZKYA",
    "size": [
      2.3434372294599672,
      5.117642954333817,
      2.809999999999995
    ],
    "obj_class": "vehicle",
    "point_num_in_lidar": 4038,
    "speed": 0.0010762622683373317,
    "if_vehicle": true,
    "motion_state": false,
    "pose": [
      [
        -0.07050670759716737,
        -0.9973350009750696,
        0.018753666677895853,
        3.133454292521037
      ],
      [
        0.9975112877751221,
        -0.07049072146115312,
        0.0015129273293183112,
        -8.27800616785862
      ],
      [
        -0.0001869358852940219,
        0.018813665723197297,
        0.9998229898522191,
        1.3483359094672238
      ],
      [
        0.0,
        0.0,
        0.0,
        1.0
      ]
    ],
    "location": [
      3.133454292521037,
      -8.27800616785862,
      1.3483359094672238
    ],
    "rotation": [
      0.01881477609088866,
      0.00018693588638276845,
      1.6413615838046731
    ]
  },
  {
    "label_id": "P5W3PzH21kZDfGzI8M2_Hw",
    "size": [
      3.1029766252317956,
      12.442215914863029,
      3.289999999999978
    ],
    "obj_class": "vehicle",
    "point_num_in_lidar": 3420,
    "speed": 1.1374233532693354e-13,
    "if_vehicle": true,
    "motion_state": false,
    "pose": [
      [
        -0.9979242404141205,
        0.06160771364070344,
        0.018753666677895853,
        -25.83474257318619
      ],
      [
        -0.061590155669359915,
        -0.9981003776051387,
        0.0015129273293183112,
        9.284364917255289
      ],
      [
        0.018811249786352593,
        0.00035474560584884625,
        0.9998229898522191,
        1.7264236508907445
      ],
      [
        0.0,
        0.0,
        0.0,
        1.0
      ]
    ],
    "location": [
      -25.83474257318619,
      9.284364917255289,
      1.7264236508907445
    ],
    "rotation": [
      0.00035480839564920434,
      -0.018812359397639863,
      -3.079952571621059
    ]
  },
  {
    "label_id": "RB-oIFuuBhuOu_4wBXtzcQ",
    "size": [
      1.9645943556835392,
      4.318930102955118,
      1.564739240841142
    ],
    "obj_class": "vehicle",
    "point_num_in_lidar": 411,
    "speed": 0.007307667909116687,
    "if_vehicle": true,
    "motion_state": false,
    "pose": [
      [
        -0.9952669124679449,
        0.0953523619668568,
        0.018753666677895853,
        23.453261943118832
      ],
      [
        -0.09534077634027686,
        -0.9954435430589368,
        0.0015129273293183112,
        13.320755776015858
      ],
      [
        0.01881247759752568,
        -0.0002822226284583624,
        0.9998229898522191,
        0.623178959474842
      ],
      [
        0.0,
        0.0,
        0.0,
        1.0
      ]
    ],
    "location": [
      23.453261943118832,
      13.320755776015858,
      0.623178959474842
    ],
    "rotation": [
      -0.00028227258607491074,
      -0.018813587426123355,
      -3.0460898913920382
    ]
  },
  {
    "label_id": "T3lsRLzCMMSY3Dl_tzxcqw",
    "size": [
      0.819382025842934,
      0.09376311697755056,
      0.8000000000000043
    ],
    "obj_class": "sign",
    "point_num_in_lidar": 58,
    "speed": 0.0027129990895280376,
    "if_vehicle": false,
    "motion_state": false,
    "pose": [
      [
        0.39333081591142427,
        -0.919205727375862,
        0.018753666677895853,
        -7.717308701246793
      ],
      [
        0.9193551959197593,
        0.39342564073308306,
        0.0015129273293183112,
        16.676575867280462
      ],
      [
        -0.008768864795058704,
        0.016646199962015343,
        0.9998229898522191,
        3.1827992578015056
      ],
      [
        0.0,
        0.0,
        0.0,
        1.0
      ]
    ],
    "location": [
      -7.717308701246793,
      16.676575867280462,
      3.1827992578015056
    ],
    "rotation": [
      0.016647608937368927,
      0.008768977176319212,
      1.1665282538541955
    ]
  },
  {
    "label_id": "T6U06Wun56eAHCrMjQZvzA",
    "size": [
      2.0430374440109054,
      4.534960981455697,
      1.500000000000007
    ],
    "obj_class": "vehicle",
    "point_num_in_lidar": 56,
    "speed": 0.030224060375180682,
    "if_vehicle": true,
    "motion_state": false,
    "pose": [
      [
        0.9995860913577167,
        -0.021816185512980868,
        0.018753666677895853,
        -39.183435252859226
      ],
      [
        0.021791626751150758,
        0.9997613895597462,
        0.0015129273293183112,
        -1.4553459418352759
      ],
      [
        -0.018782198160517537,
        -0.0011036282111613598,
        0.9998229898522191,
        1.1045461046725222
      ],
      [
        0.0,
        0.0,
        0.0,
        1.0
      ]
    ],
    "location": [
      -39.183435252859226,
      -1.4553459418352759,
      1.1045461046725222
    ],
    "rotation": [
      -0.0011038231508307733,
      0.018783302638229204,
      0.021797197493529222
    ]
  },
  {
    "label_id": "VIgfW057J6zNoT8MSku42Q",
    "size": [
      2.038907894282602,
      4.544739353990225,
      1.8300000000000054
    ],
    "obj_class": "vehicle",
    "point_num_in_lidar": 1250,
    "speed": 1.464523522881274,
    "if_vehicle": true,
    "motion_state": true,
    "pose": [
      [
        -0.9974300785116553,
        0.06914866930293967,
        0.018753666677895853,
        11.423135890635876
      ],
      [
        -0.06913244314935472,
        -0.9976063433815452,
        0.0015129273293183112,
        8.799214744127084
      ],
      [
        0.018813393751106425,
        0.0002125524294128091,
        0.9998229898522191,
        0.8859011977012372
      ],
      [
        0.0,
        0.0,
        0.0,
        1.0
      ]
    ],
    "location": [
      11.423135890635876,
      8.799214744127084,
      0.8859011977012372
    ],
    "rotation": [
      0.00021259005680811225,
      -0.018814503741872685,
      -3.072392757181135
    ]
  },
  {
    "label_id": "XQmjRhoi5kGFxGSc7VsbaA",
    "size": [
      2.569342638223428,
      5.383624736107198,
      2.6299999999999883
    ],
    "obj_class": "vehicle",
    "point_num_in_lidar": 3012,
    "speed": 2.51214793389404e-13,
    "if_vehicle": true,
    "motion_state": false,
    "pose": [
      [
        0.9972489372489648,
        -0.07171371655370205,
        0.018753666677895853,
        15.5857271483967
      ],
      [
        0.0716979437868432,
        0.9974252432677022,
        0.0015129273293183112,
        2.9092134358550084
      ],
      [
        -0.018813878190022757,
        -0.0001641658320286291,
        0.9998229898522191,
        1.173742843453546
      ],
      [
        0.0,
        0.0,
        0.0,
        1.0
      ]
    ],
    "location": [
      15.5857271483967,
      2.9092134358550084,
      1.173742843453546
    ],
    "rotation": [
      -0.000164194894715906,
      0.01881498826654606,
      0.07177223997327616
    ]
  },
  {
    "label_id": "YytKtqwuhzFGLrx28JPtgQ",
    "size": [
      2.8673079452883323,
      7.235536587668475,
      3.3505405405405497
    ],
    "obj_class": "vehicle",
    "point_num_in_lidar": 1618,
    "speed": 0.008139765785213051,
    "if_vehicle": true,
    "motion_state": false,
    "pose": [
      [
        0.9989988546531543,
        -0.04061512511146823,
        0.018753666677895853,
        22.6738823475996
      ],
      [
        0.04059386815675348,
        0.9991745838035355,
        0.0015129273293183112,
        3.4870312587338503
      ],
      [
        -0.01879963483044164,
        -0.000750128796584243,
        0.9998229898522191,
        1.5809332733412518
      ],
      [
        0.0,
        0.0,
        0.0,
        1.0
      ]
    ],
    "location": [
      22.6738823475996,
      3.4870312587338503,
      1.5809332733412518
    ],
    "rotation": [
      -0.0007502614597288679,
      0.01880074238740038,
      0.04061220657395885
    ]
  },
  {
    "label_id": "ZAWh5ebxHQoiaBpI1opOtQ",
    "size": [
      2.31832993574287,
      5.252203792437462,
      1.9400000000000048
    ],
    "obj_class": "vehicle",
    "point_num_in_lidar": 1766,
    "speed": 0.00452317223905515,
    "if_vehicle": true,
    "motion_state": false,
    "pose": [
      [
        0.997297200956088,
        -0.07103937606205751,
        0.018753666677895853,
        -13.769674294740412
      ],
      [
        0.07102348408343868,
        0.997473496269222,
        0.0015129273293183112,
        0.5966701611678218
      ],
      [
        -0.01881376288257039,
        -0.00017688744397547084,
        0.9998229898522191,
        0.8586715158246463
      ],
      [
        0.0,
        0.0,
        0.0,
        1.0
      ]
    ],
    "location": [
      -13.769674294740412,
      0.5966701611678218,
      0.8586715158246463
    ],
    "rotation": [
      -0.00017691875854552595,
      0.01881487293868117,
      0.07109593590625976
    ]
  },
  {
    "label_id": "ZqVcS5TpbdlQOy2xeA1L0w",
    "size": [
      2.165928493668294,
      4.872672216116353,
      1.6000000000000014
    ],
    "obj_class": "vehicle",
    "point_num_in_lidar": 364,
    "speed": 0.0034722953849772313,
    "if_vehicle": true,
    "motion_state": false,
    "pose": [
      [
        0.07429235531722032,
        0.9970601516094976,
        0.018753666677895853,
        -6.013796807917174
      ],
      [
        -0.9972364978269843,
        0.07427703852919217,
        0.0015129273293183112,
        20.40997072837922
      ],
      [
        0.00011551272994657001,
        -0.018814239813998327,
        0.9998229898522191,
        0.791368141202824
      ],
      [
        0.0,
        0.0,
        0.0,
        1.0
      ]
    ],
    "location": [
      -6.013796807917174,
      20.40997072837922,
      0.791368141202824
    ],
    "rotation": [
      -0.018815350080083653,
      -0.00011551273020345475,
      -1.4964354597129936
    ]
  },
  {
    "label_id": "ZxcngDw5pn33WhQh4fGo7g",
    "size": [
      1.9931629351995623,
      4.351704980641885,
      1.5900000000000034
    ],
    "obj_class": "vehicle",
    "point_num_in_lidar": 76,
    "speed": 1.0805156823142816e-13,
    "if_vehicle": true,
    "motion_state": false,
    "pose": [
      [
        -0.9968478998141361,
        0.07708803164097873,
        0.018753666677895853,
        -42.487881762404754
      ],
      [
        -0.07707320942542067,
        -0.9970242882897896,
        0.0015129273293183112,
        8.40299925731074
      ],
      [
        0.018814489762186047,
        6.275315144236788e-05,
        0.9998229898522191,
        1.2063065828134683
      ],
      [
        0.0,
        0.0,
        0.0,
        1.0
      ]
    ],
    "location": [
      -42.487881762404754,
      8.40299925731074,
      1.2063065828134683
    ],
    "rotation": [
      6.276426127112859e-05,
      -0.018815599946978272,
      -3.0644292476754496
    ]
  },
  {
    "label_id": "ahh4Y1SZ-y9Qvly03o_oAA",
    "size": [
      2.062704665767814,
      4.417872033252479,
      1.7451871050278172
    ],
    "obj_class": "vehicle",
    "point_num_in_lidar": 67,
    "speed": 0.0012497103119227216,
    "if_vehicle": true,
    "motion_state": false,
    "pose": [
      [
        0.07575822377936403,
        0.9969498440322513,
        0.018753666677895853,
        -6.934643454717843
      ],
      [
        -0.9971262125789658,
        0.07574316628464438,
        0.0015129273293183112,
        32.6404878263113
      ],
      [
        8.785057136536082e-05,
        -0.01881438931367506,
        0.9998229898522191,
        0.6959842257872353
      ],
      [
        0.0,
        0.0,
        0.0,
        1.0
      ]
    ],
    "location": [
      -6.934643454717843,
      32.6404878263113,
      0.6959842257872353
    ],
    "rotation": [
      -0.018815499553298996,
      -8.785057147836189e-05,
      -1.4949654482857857
    ]
  },
  {
    "label_id": "bA4NouE1x7OzqmpHmrXLCA",
    "size": [
      0.76407764430587,
      0.060923233862056884,
      0.7700000000000031
    ],
    "obj_class": "sign",
    "point_num_in_lidar": 44,
    "speed": 0.0026614738513251785,
    "if_vehicle": false,
    "motion_state": false,
    "pose": [
      [
        0.9998241345287351,
        3.5401576365317086e-14,
        0.018753666677895853,
        8.588779645035629
      ],
      [
        -2.8377925574569224e-05,
        0.9999988551221393,
        0.0015129273293183112,
        13.72110699856421
      ],
      [
        -0.018753645207238014,
        -0.0015131934477977868,
        0.9998229898522191,
        2.7418985871587793
      ],
      [
        0.0,
        0.0,
        0.0,
        1.0
      ]
    ],
    "location": [
      8.588779645035629,
      13.72110699856421,
      2.7418985871587793
    ],
    "rotation": [
      -0.0015134601902552054,
      0.01875474465494677,
      -2.838291714204796e-05
    ]
  },
  {
    "label_id": "dflMqGo5HWaGLblIEG_AIw",
    "size": [
      1.8606366508090642,
      4.05075350178842,
      1.5400000000000063
    ],
    "obj_class": "vehicle",
    "point_num_in_lidar": 25,
    "speed": 1.6758116906701666e-13,
    "if_vehicle": true,
    "motion_state": false,
    "pose": [
      [
        -0.12480662142294452,
        -0.9920038342844871,
        0.018753666677895853,
        -2.6035799559380166
      ],
      [
        0.9921807306460441,
        -0.12480027558294227,
        0.0015129273293183112,
        70.46901911606756
      ],
      [
        0.0008396330579144904,
        0.018795850055197735,
        0.9998229898522191,
        0.5659767306788552
      ],
      [
        0.0,
        0.0,
        0.0,
        1.0
      ]
    ],
    "location": [
      -2.6035799559380166,
      70.46901911606756,
      0.5659767306788552
    ],
    "rotation": [
      0.018796963569852183,
      -0.0008396331565691211,
      1.695929297409523
    ]
  },
  {
    "label_id": "eZRjpTUJ2mfeBaXNVhY0Xg",
    "size": [
      2.107788855889297,
      4.800487478512236,
      1.8300000000000054
    ],
    "obj_class": "vehicle",
    "point_num_in_lidar": 24,
    "speed": 5.0242958677880804e-14,
    "if_vehicle": true,
    "motion_state": false,
    "pose": [
      [
        0.10303620675212152,
        0.9945007994387277,
        0.018753666677895853,
        -8.436392986691658
      ],
      [
        -0.9946775142403815,
        0.10302598563213018,
        0.0015129273293183112,
        54.806907441187604
      ],
      [
        -0.00042750755520689704,
        -0.0188097368471667,
        0.9998229898522191,
        0.7408568444355339
      ],
      [
        0.0,
        0.0,
        0.0,
        1.0
      ]
    ],
    "location": [
      -8.436392986691658,
      54.806907441187604,
      0.7408568444355339
    ],
    "rotation": [
      -0.01881084790988138,
      0.0004275075682289713,
      -1.467576920754993
    ]
  },
  {
    "label_id": "fEKN6OQe99brECij0ShExg",
    "size": [
      2.1977897881326562,
      4.78244681950412,
      1.8500000000000014
    ],
    "obj_class": "vehicle",
    "point_num_in_lidar": 53,
    "speed": 1.293207299340885e-13,
    "if_vehicle": true,
    "motion_state": false,
    "pose": [
      [
        0.03411930316326933,
        0.9992417991346175,
        0.018753666677895853,
        -7.503220989563033
      ],
      [
        -0.9994173863694931,
        0.034096904159581755,
        0.0015129273293183112,
        39.352328711192285
      ],
      [
        0.0008723382511510044,
        -0.018794360562280333,
        0.9998229898522191,
        0.7559842257873015
      ],
      [
        0.0,
        0.0,
        0.0,
        1.0
      ]
    ],
    "location": [
      -7.503220989563033,
      39.352328711192285,
      0.7559842257873015
    ],
    "rotation": [
      -0.018795474339498568,
      -0.0008723383617888339,
      -1.5366703873056933
    ]
  },
  {
    "label_id": "fh1oSL5OCYHPzBR4ONvPDg",
    "size": [
      2.544152576201465,
      5.529152590652675,
      2.3499999999999943
    ],
    "obj_class": "vehicle",
    "point_num_in_lidar": 843,
    "speed": 0.005885795388580368,
    "if_vehicle": true,
    "motion_state": false,
    "pose": [
      [
        -0.05844939285181179,
        -0.9981142061214182,
        0.018753666677895853,
        1.193207969015475
      ],
      [
        0.9982902868668383,
        -0.05843127756794115,
        0.0015129273293183112,
        18.344623718369803
      ],
      [
        -0.00041427355714916236,
        0.018810032971509287,
        0.9998229898522191,
        1.232693265103535
      ],
      [
        0.0,
        0.0,
        0.0,
        1.0
      ]
    ],
    "location": [
      1.193207969015475,
      18.344623718369803,
      1.232693265103535
    ],
    "rotation": [
      0.01881114398185942,
      0.00041427356899894605,
      1.6292790563560577
    ]
  },
  {
    "label_id": "iJTrb2PG3jGymdonV28WwA",
    "size": [
      1.9328328250724442,
      4.602956498834574,
      1.7600000000000051
    ],
    "obj_class": "vehicle",
    "point_num_in_lidar": 20,
    "speed": 0.02765604974505631,
    "if_vehicle": true,
    "motion_state": false,
    "pose": [
      [
        0.9969040537446535,
        -0.07635841547341936,
        0.018753666677895853,
        29.97061793354078
      ],
      [
        0.07634346416265611,
        0.9970804313246456,
        0.0015129273293183112,
        3.6316535839218886
      ],
      [
        -0.01881443879370821,
        -7.652350767615654e-05,
        0.9998229898522191,
        0.6687788958777219
      ],
      [
        0.0,
        0.0,
        0.0,
        1.0
      ]
    ],
    "location": [
      29.97061793354078,
      3.6316535839218886,
      0.6687788958777219
    ],
    "rotation": [
      -7.653705536221404e-05,
      0.018815548969477024,
      0.0764313737250237
    ]
  },
  {
    "label_id": "jiDWv0IHfVYmdLSYdNAeuw",
    "size": [
      2.3635772079234525,
      4.784302331303529,
      1.8000000000000043
    ],
    "obj_class": "vehicle",
    "point_num_in_lidar": 932,
    "speed": 7.944109290391274e-14,
    "if_vehicle": true,
    "motion_state": false,
    "pose": [
      [
        -0.9989173549046871,
        0.04257250352466578,
        0.018753666677895853,
        -16.12676732508794
      ],
      [
        -0.042551590937625075,
        -0.9990931253689884,
        0.0015129273293183112,
        10.476572896518974
      ],
      [
        0.01880106855740719,
        0.0007132910129072653,
        0.9998229898522191,
        0.8986715158246099
      ],
      [
        0.0,
        0.0,
        0.0,
        1.0
      ]
    ],
    "location": [
      -16.12676732508794,
      10.476572896518974,
      0.8986715158246099
    ],
    "rotation": [
      0.0007134171739734915,
      -0.01880217636781083,
      -3.0990206818706336
    ]
  },
  {
    "label_id": "kJ7cJlYspN35OyNKpyaNSw",
    "size": [
      1.915240480714044,
      4.055110925326073,
      1.7800000000000011
    ],
    "obj_class": "vehicle",
    "point_num_in_lidar": 43,
    "speed": 6.404745667978754e-14,
    "if_vehicle": true,
    "motion_state": false,
    "pose": [
      [
        -0.9964495171403517,
        0.08207715746110034,
        0.018753666677895853,
        -55.19613813969431
      ],
      [
        -0.08206321840915798,
        -0.9966259776040493,
        0.0015129273293183112,
        7.344871987419765
      ],
      [
        0.0188145681611541,
        -3.14305377930426e-05,
        0.9998229898522191,
        1.5372407553715846
      ],
      [
        0.0,
        0.0,
        0.0,
        1.0
      ]
    ],
    "location": [
      -55.19613813969431,
      7.344871987419765,
      1.5372407553715846
    ],
    "rotation": [
      -3.143610229180141e-05,
      -0.0188156783598261,
      -3.0594224698262016
    ]
  },
  {
    "label_id": "lVgMLiYY04OUIeF1a-Z-Bg",
    "size": [
      2.2872766218934615,
      5.0947232382614915,
      1.9223137534269625
    ],
    "obj_class": "vehicle",
    "point_num_in_lidar": 140,
    "speed": 0.0,
    "if_vehicle": true,
    "motion_state": false,
    "pose": [
      [
        -0.9983640790802885,
        0.054013568557371244,
        0.018753666677895853,
        -36.01717333436841
      ],
      [
        -0.05399467101519919,
        -0.9985400775897063,
        0.0015129273293183112,
        8.894851464634485
      ],
      [
        0.01880800638366207,
        0.000497854237248586,
        0.9998229898522191,
        1.232063122341991
      ],
      [
        0.0,
        0.0,
        0.0,
        1.0
      ]
    ],
    "location": [
      -36.01717333436841,
      8.894851464634485,
      1.232063122341991
    ],
    "rotation": [
      0.0004979423369481512,
      -0.01880911542103569,
      -3.087562145303601
    ]
  },
  {
    "label_id": "mZdp7gLn15GgHZm12rNG3Q",
    "size": [
      0.688942073534118,
      0.7053705901522827,
      1.5200000000000031
    ],
    "obj_class": "pedestrian",
    "point_num_in_lidar": 70,
    "speed": 0.8489195653745757,
    "if_vehicle": false,
    "motion_state": false,
    "pose": [
      [
        0.6079543211276676,
        -0.7937504919106074,
        0.018753666677895853,
        26.39177286350423
      ],
      [
        0.7938719453445781,
        0.6080830909059315,
        0.0015129273293183112,
        17.09479272807266
      ],
      [
        -0.012604674411185892,
        0.013968219140513764,
        0.9998229898522191,
        1.0425044214993022
      ],
      [
        0.0,
        0.0,
        0.0,
        1.0
      ]
    ],
    "location": [
      26.39177286350423,
      17.09479272807266,
      1.0425044214993022
    ],
    "rotation": [
      0.013969783266880639,
      0.012605008202243273,
      0.9172539618843746
    ]
  },
  {
    "label_id": "oWHtxuSP48iB5d33eg9RSQ",
    "size": [
      2.117505929156989,
      4.616705315983924,
      1.6300000000000026
    ],
    "obj_class": "vehicle",
    "point_num_in_lidar": 272,
    "speed": 0.010833931436180761,
    "if_vehicle": true,
    "motion_state": false,
    "pose": [
      [
        0.9935970422185542,
        -0.11141462058758317,
        0.018753666677895853,
        -19.644441808261035
      ],
      [
        0.11140588925778669,
        0.9937738368912606,
        0.0015129273293183112,
        0.09968804425147937
      ],
      [
        -0.018805465514644928,
        0.0005860287935928195,
        0.9998229898522191,
        0.7636715158245622
      ],
      [
        0.0,
        0.0,
        0.0,
        1.0
      ]
    ],
    "location": [
      -19.644441808261035,
      0.09968804425147937,
      0.7636715158245622
    ],
    "rotation": [
      0.0005861324778790322,
      0.01880657410255512,
      0.11165746182612821
    ]
  },
  {
    "label_id": "plOROz1jS2KOs-PMA9QHnw",
    "size": [
      2.31519545942039,
      5.379702802490518,
      1.8100000000000023
    ],
    "obj_class": "vehicle",
    "point_num_in_lidar": 52,
    "speed": 8.18996096925569,
    "if_vehicle": true,
    "motion_state": true,
    "pose": [
      [
        0.9971855469397097,
        -0.07258984061620596,
        0.018753666677895853,
        -55.85983648192905
      ],
      [
        0.07257422275239078,
        0.9973618667478632,
        0.0015129273293183112,
        0.5888974418874113
      ],
      [
        -0.018814015159932525,
        -0.00014763648346061248,
        0.9998229898522191,
        1.540984225787284
      ],
      [
        0.0,
        0.0,
        0.0,
        1.0
      ]
    ],
    "location": [
      -55.85983648192905,
      0.5888974418874113,
      1.540984225787284
    ],
    "rotation": [
      -0.00014766262016979622,
      0.018815125260703516,
      0.07265096434558885
    ]
  },
  {
    "label_id": "sDKPtRk_p23MDT4FUoeVww",
    "size": [
      0.6738707008762279,
      0.8508007541018325,
      1.7600000000000051
    ],
    "obj_class": "pedestrian",
    "point_num_in_lidar": 906,
    "speed": 1.1045299216773203,
    "if_vehicle": false,
    "motion_state": true,
    "pose": [
      [
        -0.9967527068888834,
        0.07830926698557561,
        0.018753666677895853,
        4.6010007559189035
      ],
      [
        -0.07829466088436646,
        -0.9969291133916686,
