{
  "-Q_L38boUWc0s3ivaWf-9g": {
    "label_id": "-Q_L38boUWc0s3ivaWf-9g",
    "size": [
      0.3113921258608534,
      0.06191161022496325,
      0.39000000000000234
    ],
    "obj_class": "sign",
    "point_num_in_lidar": 7,
    "speed": 0.04050824875227021,
    "if_vehicle": false,
    "motion_state": false,
    "pose": [
      [
        -0.9996970887958997,
        0.023907511498369168,
        0.005844788016531747,
        15.379169217055733
      ],
      [
        -0.024119346795393033,
        -0.9989342376601364,
        -0.039352839040220224,
        -48.99056401617236
      ],
      [
        0.004897730409731707,
        -0.03948189109347808,
        0.9992082828482339,
        -0.5296686091581613
      ],
      [
        0.0,
        0.0,
        0.0,
        1.0
      ]
    ],
    "location": [
      15.379169217055733,
      -48.99056401617236,
      -0.5296686091581613
    ],
    "rotation": [
      -0.0394926297397662,
      -0.004897749990875931,
      -3.117470678264932
    ]
  },
  "0MMa5_3yoWK6NchstkzQWA": {
    "label_id": "0MMa5_3yoWK6NchstkzQWA",
    "size": [
      0.6087218045107641,
      0.1251564112640105,
      0.8191729323308099
    ],
    "obj_class": "sign",
    "point_num_in_lidar": 13,
    "speed": 0.011854723455174266,
    "if_vehicle": false,
    "motion_state": false,
    "pose": [
      [
        0.12034824851414624,
        0.9927145297277656,
        0.005844788016531747,
        -4.6829176947017
      ],
      [
        -0.9919347854539877,
        0.12048541598810072,
        -0.039352839040220224,
        -18.039812120918214
      ],
      [
        -0.03977034681679877,
        -0.0010616032946528383,
        0.9992082828482339,
        4.121542437627693
      ],
      [
        0.0,
        0.0,
        0.0,
        1.0
      ]
    ],
    "location": [
      -4.6829176947017,
      -18.039812120918214,
      4.121542437627693
    ],
    "rotation": [
      -0.0010624440503888327,
      0.039780838282794814,
      -1.4500596661355067
    ]
  },
  "2xD7DXqVqhgyGAvnNyEh_Q": {
    "label_id": "2xD7DXqVqhgyGAvnNyEh_Q",
    "size": [
      2.1384268411218037,
      4.654138098945802,
      1.9600000000000044
    ],
    "obj_class": "vehicle",
    "point_num_in_lidar": 198,
    "speed": 0.038985017597824904,
    "if_vehicle": true,
    "motion_state": false,
    "pose": [
      [
        -0.14205594516170006,
        -0.9898413746137598,
        0.005844788016531747,
        -1.0102925725552723
      ],
      [
        0.989058813852884,
        -0.14217600641247619,
        -0.039352839040220224,
        -29.255178852830795
      ],
      [
        0.03978405690904361,
        0.00019053435819770768,
        0.9992082828482339,
        0.44464977729639976
      ],
      [
        0.0,
        0.0,
        0.0,
        1.0
      ]
    ],
    "location": [
      -1.0102925725552723,
      -29.255178852830795,
      0.44464977729639976
    ],
    "rotation": [
      0.0001906853247305538,
      -0.039794559234158394,
      1.7134481511519581
    ]
  },
  "56KZFAsnH_K9TXcdzOHYfA": {
    "label_id": "56KZFAsnH_K9TXcdzOHYfA",
    "size": [
      2.148216550102093,
      4.504355029583435,
      1.4500000000000037
    ],
    "obj_class": "vehicle",
    "point_num_in_lidar": 2,
    "speed": 0.0017030889898249496,
    "if_vehicle": true,
    "motion_state": false,
    "pose": [
      [
        0.9896760122449335,
        -0.143203454008651,
        0.005844788016531747,
        15.443541449118356
      ],
      [
        0.14332260789183804,
        0.9888933128131451,
        -0.039352839040220224,
        3.7271225850963674
      ],
      [
        -0.00014440930875262933,
        0.03978425107294619,
        0.9992082828482339,
        0.7210024901360264
      ],
      [
        0.0,
        0.0,
        0.0,
        1.0
      ]
    ],
    "location": [
      15.443541449118356,
      3.7271225850963674,
      0.7210024901360264
    ],
    "rotation": [
      0.039794753967062925,
      0.00014440930925454913,
      0.14381787503086535
    ]
  },
  "7895HQG9qOZmWXe25Kltyg": {
    "label_id": "7895HQG9qOZmWXe25Kltyg",
    "size": [
      2.104242263463549,
      4.591495372947606,
      1.7100000000000044
    ],
    "obj_class": "vehicle",
    "point_num_in_lidar": 8,
    "speed": 4.061619165778318e-27,
    "if_vehicle": true,
    "motion_state": false,
    "pose": [
      [
        0.9802782361043413,
        -0.19753586578948845,
        0.005844788016531747,
        -12.084882307773114
      ],
      [
        0.19761169679652024,
        0.9794901588830153,
        -0.039352839040220224,
        -3.9045444608836988
      ],
      [
        0.002048684788134058,
        0.03973173011740796,
        0.9992082828482339,
        1.0506343079993776
      ],
      [
        0.0,
        0.0,
        0.0,
        1.0
      ]
    ],
    "location": [
      -12.084882307773114,
      -3.9045444608836988,
      1.0506343079993776
    ],
    "rotation": [
      0.039742274482563546,
      -0.002048686221229115,
      0.19892139578830328
    ]
  },
  "K_rHufsxHB91zomztpCw9g": {
    "label_id": "K_rHufsxHB91zomztpCw9g",
    "size": [
      0.8869632576274123,
      0.8221758496597003,
      1.600000000000005
    ],
    "obj_class": "pedestrian",
    "point_num_in_lidar": 194,
    "speed": 0.13798413955419647,
    "if_vehicle": false,
    "motion_state": false,
    "pose": [
      [
        -0.5758516995623695,
        0.8175332767320069,
        0.005844788016531747,
        15.871122524553584
      ],
      [
        -0.8170463842578402,
        -0.5752273985396246,
        -0.039352839040220224,
        -51.403198888563566
      ],
      [
        -0.028810173243493362,
        -0.027436862159576,
        0.9992082828482339,
        -0.5360322965203626
      ],
      [
        0.0,
        0.0,
        0.0,
        1.0
      ]
    ],
    "location": [
      15.871122524553584,
      -51.403198888563566,
      -0.5360322965203626
    ],
    "rotation": [
      -0.027451703694435024,
      0.028814160265410487,
      -2.18473438884102
    ]
  },
  "QY1qEYd55QF-nFZcCsP7eA": {
    "label_id": "QY1qEYd55QF-nFZcCsP7eA",
    "size": [
      0.8484711943728224,
      0.9635469452995944,
      1.5319292035398284
    ],
    "obj_class": "pedestrian",
    "point_num_in_lidar": 31,
    "speed": 0.9256401872457647,
    "if_vehicle": false,
    "motion_state": false,
    "pose": [
      [
        -0.21852620548321555,
        -0.9758135764428311,
        0.005844788016531747,
        -3.2906230832593337
      ],
      [
        0.9750240534329793,
        -0.21858510765053699,
        -0.039352839040220224,
        -31.594571569035907
      ],
      [
        0.039678618224804535,
        -0.0029008176871157827,
        0.9992082828482339,
        0.3581148134972576
      ],
      [
        0.0,
        0.0,
        0.0,
        1.0
      ]
    ],
    "location": [
      -3.2906230832593337,
      -31.594571569035907,
      0.3581148134972576
    ],
    "rotation": [
      -0.0029031079780923214,
      -0.039689037229555246,
      1.7912767400093748
    ]
  },
  "S_zkAqSyVSDXt7mjflF5ng": {
    "label_id": "S_zkAqSyVSDXt7mjflF5ng",
    "size": [
      2.468297895607546,
      5.136041162096543,
      2.0500000000000034
    ],
    "obj_class": "vehicle",
    "point_num_in_lidar": 158,
    "speed": 0.016467152262063512,
    "if_vehicle": true,
    "motion_state": false,
    "pose": [
      [
        -0.15782458056328505,
        -0.9874498671948185,
        0.005844788016531747,
        10.309048811771618
      ],
      [
        0.9866654911436866,
        -0.15793214570081118,
        -0.039352839040220224,
        -29.105076598812957
      ],
      [
        0.03978203559662179,
        -0.00044399467653519567,
        0.9992082828482339,
        0.45992739143021666
      ],
      [
        0.0,
        0.0,
        0.0,
        1.0
      ]
    ],
    "location": [
      10.309048811771618,
      -29.105076598812957,
      0.45992739143021666
    ],
    "rotation": [
      -0.0004443464440149217,
      -0.039792536320279105,
      1.729410184397598
    ]
  },
  "Vokex3eu5IJ5a5scTUAVbg": {
    "label_id": "Vokex3eu5IJ5a5scTUAVbg",
    "size": [
      0.46402648383111245,
      0.08898639211690827,
      0.5391729323308097
    ],
    "obj_class": "sign",
    "point_num_in_lidar": 9,
    "speed": 0.007844020249269864,
    "if_vehicle": false,
    "motion_state": false,
    "pose": [
      [
        0.12034824851419472,
        0.9927145297277598,
        0.005844788016531747,
        -5.058104291867949
      ],
      [
        -0.9919347854539818,
        0.12048541598814917,
        -0.039352839040220224,
        -18.045468988533685
      ],
      [
        -0.03977034681679883,
        -0.0010616032946508956,
        0.9992082828482339,
        3.4589736306688774
      ],
      [
        0.0,
        0.0,
        0.0,
        1.0
      ]
    ],
    "location": [
      -5.058104291867949,
      -18.045468988533685,
      3.4589736306688774
    ],
    "rotation": [
      -0.0010624440503868885,
      0.03978083828279487,
      -1.450059666135458
    ]
  },
  "W37lrQlnxApBezN3xXsN2w": {
    "label_id": "W37lrQlnxApBezN3xXsN2w",
    "size": [
      0.485373406317748,
      0.09609085465131231,
      0.5732330827067766
    ],
    "obj_class": "sign",
    "point_num_in_lidar": 3,
    "speed": 0.07408800384665559,
    "if_vehicle": false,
    "motion_state": false,
    "pose": [
      [
        0.171813327873825,
        0.9851121859047136,
        0.005844788016531747,
        0.8146449501432471
      ],
      [
        -0.9843263631899162,
        0.17190975768928132,
        -0.039352839040220224,
        -52.330493476138145
      ],
      [
        -0.03977173738013489,
        0.001008163304854518,
        0.9992082828482339,
        1.7964725968640254
      ],
      [
        0.0,
        0.0,
        0.0,
        1.0
      ]
    ],
    "location": [
      0.8146449501432471,
      -52.330493476138145,
      1.7964725968640254
    ],
    "rotation": [
      0.0010089617750925987,
      0.039782229947189184,
      -1.3979881489212131
    ]
  },
  "YVE7uof7rH-IR5paQgk24Q": {
    "label_id": "YVE7uof7rH-IR5paQgk24Q",
    "size": [
      0.26300838548349,
      0.04386089271513011,
      0.37000000000000277
    ],
    "obj_class": "sign",
    "point_num_in_lidar": 7,
    "speed": 0.15654130356797957,
    "if_vehicle": false,
    "motion_state": false,
    "pose": [
      [
        -0.9933931558602784,
        0.11461185079649494,
        0.005844788016531747,
        15.662102353398723
      ],
      [
        -0.11475352015460265,
        -0.9926142169400968,
        -0.039352839040220224,
        -50.60242941641809
      ],
      [
        0.0012913179637143218,
        -0.039763550965680405,
        0.9992082828482339,
        -0.6840452536866835
      ],
      [
        0.0,
        0.0,
        0.0,
        1.0
      ]
    ],
    "location": [
      15.662102353398723,
      -50.60242941641809,
      -0.6840452536866835
    ],
    "rotation": [
      -0.039774070230964874,
      -0.0012913183225938237,
      -3.026585680088598
    ]
  },
  "bMFfaQY8lcaoRYFXpQAjiA": {
    "label_id": "bMFfaQY8lcaoRYFXpQAjiA",
    "size": [
      0.2977333001788321,
      0.05639903689438574,
      0.14000000000000234
    ],
    "obj_class": "sign",
    "point_num_in_lidar": 4,
    "speed": 0.016199666638706485,
    "if_vehicle": false,
    "motion_state": false,
    "pose": [
      [
        -0.9794926383762003,
        0.20139515838239938,
        0.005844788016531747,
        15.082491578672261
      ],
      [
        -0.20146788496009527,
        -0.9787042686068045,
        -0.039352839040220224,
        -46.809172527704504
      ],
      [
        -0.002205152270420702,
        -0.03972335321883001,
        0.9992082828482339,
        -0.1496018805317405
      ],
      [
        0.0,
        0.0,
        0.0,
        1.0
      ]
    ],
    "location": [
      15.082491578672261,
      -46.809172527704504,
      -0.1496018805317405
    ],
    "rotation": [
      -0.03973390417820312,
      0.002205154057588997,
      -2.9387358491851567
    ]
  },
  "eIU2UxcEUk0HGjsXvhfsMg": {
    "label_id": "eIU2UxcEUk0HGjsXvhfsMg",
    "size": [
      0.9166732473671244,
      1.104870018567485,
      1.8900000000000041
    ],
    "obj_class": "pedestrian",
    "point_num_in_lidar": 7,
    "speed": 0.0017829036057509565,
    "if_vehicle": false,
    "motion_state": false,
    "pose": [
      [
        -0.8889571714047425,
        -0.4579530389255222,
        0.005844788016531747,
        9.69887649304178
      ],
      [
        0.4574016270452125,
        -0.888389050830697,
        -0.039352839040220224,
        -14.0069083102062
      ],
      [
        0.02321419790712906,
        -0.03230957293144431,
        0.9992082828482339,
        1.1654272159009107
      ],
      [
        0.0,
        0.0,
        0.0,
        1.0
      ]
    ],
    "location": [
      9.69887649304178,
      -14.0069083102062,
      1.1654272159009107
    ],
    "rotation": [
      -0.03232391081567745,
      -0.02321628343086388,
      2.666382951665504
    ]
  },
  "fLt8TLeWA-0VGBpIoLIDpQ": {
    "label_id": "fLt8TLeWA-0VGBpIoLIDpQ",
    "size": [
      0.9007591488630525,
      0.106480003356836,
      0.33013654716762986
    ],
    "obj_class": "sign",
    "point_num_in_lidar": 7,
    "speed": 0.05615788035270772,
    "if_vehicle": false,
    "motion_state": false,
    "pose": [
      [
        0.15177493182051377,
        0.9883977987247442,
        0.005844788016531747,
        -11.188106892146607
      ],
      [
        -0.9876140960594426,
        0.15188729810015175,
        -0.039352839040220224,
        1.0868786965093022
      ],
      [
        -0.039784008540722005,
        0.0002003794286670123,
        0.9992082828482339,
        3.0361627293088747
      ],
      [
        0.0,
        0.0,
        0.0,
        1.0
      ]
    ],
    "location": [
      -11.188106892146607,
      1.0868786965093022,
      3.0361627293088747
    ],
    "rotation": [
      0.00020053819550985749,
      0.03979451082751334,
      -1.4183108997126046
    ]
  },
  "i-L3VmVSRycoEAIp1V6QkA": {
    "label_id": "i-L3VmVSRycoEAIp1V6QkA",
    "size": [
      2.102889626335335,
      4.384922543951328,
      1.6200000000000045
    ],
    "obj_class": "vehicle",
    "point_num_in_lidar": 3,
    "speed": 1.266784212881428e-28,
    "if_vehicle": true,
    "motion_state": false,
    "pose": [
      [
        0.9920391287351086,
        -0.12579429840628054,
        0.005844788016531747,
        -12.609072420170833
      ],
      [
        0.12592718470005512,
        0.9912586434493234,
        -0.039352839040220224,
        -7.561452953341359
      ],
      [
        -0.000843333863156333,
        0.03977557385480351,
        0.9992082828482339,
        1.125634307999376
      ],
      [
        0.0,
        0.0,
        0.0,
        1.0
      ]
    ],
    "location": [
      -12.609072420170833,
      -7.561452953341359,
      1.125634307999376
    ],
    "rotation": [
      0.039786083615648934,
      0.0008433339631212264,
      0.1262624458016628
    ]
  },
  "kxfa_z23-PEx5rQ4g86pYg": {
    "label_id": "kxfa_z23-PEx5rQ4g86pYg",
    "size": [
      0.2616029094098553,
      0.06110992355422333,
      0.360000000000003
    ],
    "obj_class": "sign",
    "point_num_in_lidar": 6,
    "speed": 0.07937476163371526,
    "if_vehicle": false,
    "motion_state": false,
    "pose": [
      [
        -0.9462880073139055,
        0.32327209231067183,
        0.005844788016531747,
        15.074471669060358
      ],
      [
        -0.32324484955481275,
        -0.9454967590085969,
        -0.039352839040220224,
        -46.82708371015724
      ],
      [
        -0.00719544648817403,
        -0.039128417260598444,
        0.9992082828482339,
        -0.47960188053166775
      ],
      [
        0.0,
        0.0,
        0.0,
        1.0
      ]
    ],
    "location": [
      15.074471669060358,
      -46.82708371015724,
      -0.47960188053166775
    ],
    "rotation": [
      -0.03913942237091884,
      0.007195508579668282,
      -2.812427391913496
    ]
  },
  "mBVZklj4mzD2zJYHiMldUg": {
    "label_id": "mBVZklj4mzD2zJYHiMldUg",
    "size": [
      2.3982298749735453,
      5.942315180112966,
      2.219999999999999
    ],
    "obj_class": "vehicle",
    "point_num_in_lidar": 8146,
    "speed": 1.0446170330855182e-27,
    "if_vehicle": true,
    "motion_state": false,
    "pose": [
      [
        -0.1460216795968449,
        -0.9892641242563879,
        0.005844788016531747,
        15.697817320799004
      ],
      [
        0.9884810886239135,
        -0.14613860370332415,
        -0.039352839040220224,
        -61.380604964240774
      ],
      [
        0.039784501009803935,
        3.109476780006048e-05,
        0.9992082828482339,
        -0.8668663853413907
      ],
      [
        0.0,
        0.0,
        0.0,
        1.0
      ]
    ],
    "location": [
      15.697817320799004,
      -61.380604964240774,
      -0.8668663853413907
    ],
    "rotation": [
      3.111940555715527e-05,
      -0.03979500368679535,
      1.7174589239944809
    ]
  },
  "ojAhbWwbyxLVO8krdhS4Yg": {
    "label_id": "ojAhbWwbyxLVO8krdhS4Yg",
    "size": [
      0.462279824878077,
      0.0934565015785447,
      0.4900000000000029
    ],
    "obj_class": "sign",
    "point_num_in_lidar": 4,
    "speed": 0.029221922961960703,
    "if_vehicle": false,
    "motion_state": false,
    "pose": [
      [
        0.03582969573704398,
        0.9993408184180372,
        0.005844788016531747,
        16.95585834584267
      ],
      [
        -0.9985754948827357,
        0.03603241705983476,
        -0.039352839040220224,
        -57.47300382084359
      ],
      [
        -0.03953750021296497,
        -0.004426461836892918,
        0.9992082828482339,
        1.2833244311156955
      ],
      [
        0.0,
        0.0,
        0.0,
        1.0
      ]
    ],
    "location": [
      16.95585834584267,
      -57.47300382084359,
      1.2833244311156955
    ],
    "rotation": [
      -0.004429940140938134,
      0.03954780839433376,
      -1.5349309048178401
    ]
  },
  "rbj9kBChW72Ay5dtSpapXQ": {
    "label_id": "rbj9kBChW72Ay5dtSpapXQ",
    "size": [
      2.1360084669821324,
      4.857696674908094,
      1.770000000000004
    ],
    "obj_class": "vehicle",
    "point_num_in_lidar": 49,
    "speed": 0.0057390984279121525,
    "if_vehicle": true,
    "motion_state": false,
    "pose": [
      [
        -0.14205594516218098,
        -0.9898413746136909,
        0.005844788016531747,
        -1.854067569918925
      ],
      [
        0.989058813852815,
        -0.14217600641295672,
        -0.039352839040220224,
        -24.12466292249883
      ],
      [
        0.0397840569090437,
        0.00019053435817837914,
        0.9992082828482339,
        0.46964977729630775
      ],
      [
        0.0,
        0.0,
        0.0,
        1.0
      ]
    ],
    "location": [
      -1.854067569918925,
      -24.12466292249883,
      0.46964977729630775
    ],
    "rotation": [
      0.00019068532471120994,
      -0.039794559234158484,
      1.7134481511524442
    ]
  },
  "ryg82GvjxiurhXuYlN2xPg": {
    "label_id": "ryg82GvjxiurhXuYlN2xPg",
    "size": [
      0.9795127061284737,
      0.8740044961228312,
      1.7100000000000044
    ],
    "obj_class": "pedestrian",
    "point_num_in_lidar": 87,
    "speed": 0.9178966182478483,
    "if_vehicle": false,
    "motion_state": false,
    "pose": [
      [
        -0.11372169785009932,
        -0.9934954523756675,
        0.005844788016531747,
        14.638862133696193
      ],
      [
        0.9927166407077253,
        -0.11386406510152126,
        -0.039352839040220224,
        -32.846577784184774
      ],
      [
        0.03976237794774939,
        0.0013269466545446482,
        0.9992082828482339,
        0.261694226193093
      ],
      [
        0.0,
        0.0,
        0.0,
        1.0
      ]
    ],
    "location": [
      14.638862133696193,
      -32.846577784184774,
      0.261694226193093
    ],
    "rotation": [
      0.0013279972727054303,
      -0.039772863105422974,
      1.684855176833891
    ]
  },
  "vdhAti93bTRosfry8WrmWQ": {
    "label_id": "vdhAti93bTRosfry8WrmWQ",
    "size": [
      2.0229448805097685,
      4.197556005392045,
      1.9300000000000042
    ],
    "obj_class": "vehicle",
    "point_num_in_lidar": 325,
    "speed": 0.014258472594860109,
    "if_vehicle": true,
    "motion_state": false,
    "pose": [
      [
        -0.14205594516236209,
        -0.9898413746136648,
        0.005844788016531747,
        0.3800424213611677
      ],
      [
        0.9890588138527888,
        -0.14217600641313768,
        -0.039352839040220224,
        -37.66636376518181
      ],
      [
        0.039784056909043734,
        0.0001905343581711002,
        0.9992082828482339,
        0.05855842420401913
      ],
      [
        0.0,
        0.0,
        0.0,
        1.0
      ]
    ],
    "location": [
      0.3800424213611677,
      -37.66636376518181,
      0.05855842420401913
    ],
    "rotation": [
      0.00019068532470392521,
      -0.03979455923415852,
      1.7134481511526274
    ]
  },
  "yzl0OBtXWrni5zCwbXTsEg": {
    "label_id": "yzl0OBtXWrni5zCwbXTsEg",
    "size": [
      0.4371178114099145,
      0.07644024707565171,
      0.5323008849558137
    ],
    "obj_class": "sign",
    "point_num_in_lidar": 31,
    "speed": 0.023847119552196757,
    "if_vehicle": false,
    "motion_state": false,
    "pose": [
      [
        0.14769918945154312,
        0.9890150594851419,
        0.005844788016531747,
        15.438379355869529
      ],
      [
        -0.9882318266839778,
        0.14781478541851908,
        -0.039352839040220224,
        -46.126500535006926
      ],
      [
        -0.039784496530753,
        3.637689069977674e-05,
        0.9992082828482339,
        1.8483382728645061
      ],
      [
        0.0,
        0.0,
        0.0,
        1.0
      ]
    ],
    "location": [
      15.438379355869529,
      -46.126500535006926,
      1.8483382728645061
    ],
    "rotation": [
      3.6405713711673537e-05,
      0.039794999204195464,
      -1.422436457914846
    ]
  },
  "zio7LK3B97Y8q9gdkrfx6w": {
    "label_id": "zio7LK3B97Y8q9gdkrfx6w",
    "size": [
      2.160374893341598,
      4.926842135581183,
      1.5300000000000047
    ],
    "obj_class": "vehicle",
    "point_num_in_lidar": 5178,
    "speed": 2.5335688451035725e-28,
    "if_vehicle": true,
    "motion_state": false,
    "pose": [
      [
        -0.18024634857385854,
        -0.983604133927279,
        0.005844788016531747,
        16.84422704040685
      ],
      [
        0.9828175139477983,
        -0.18033604281159002,
        -0.039352839040220224,
        -66.94438197599811
      ],
      [
        0.03976164110370937,
        -0.0013488455150548685,
        0.9992082828482339,
        -1.3918663853415385
      ],
      [
        0.0,
        0.0,
        0.0,
        1.0
      ]
    ],
    "location": [
      16.84422704040685,
      -66.94438197599811,
      -1.3918663853415385
    ],
    "rotation": [
      -0.0013499134453642838,
      -0.03977212567820973,
      1.7521782529859191
    ]
  },
  "S981Bc_bbNbXstuhLl_nwQ": {
    "label_id": "S981Bc_bbNbXstuhLl_nwQ",
    "size": [
      0.7092818934036075,
      0.09268356446458163,
      1.0700000000000038
    ],
    "obj_class": "sign",
    "point_num_in_lidar": 2,
    "speed": 0.04000014938556895,
    "if_vehicle": false,
    "motion_state": false,
    "pose": [
      [
        0.15217528302452954,
        0.9883504091065737,
        0.002480333701919346,
        18.227519018323846
      ],
      [
        -0.9873883746907052,
        0.15213708061388645,
        -0.04380075602009106,
        -65.15792687417161
      ],
      [
        -0.043667845859992456,
        0.004216339781416999,
        0.999037207373577,
        1.1824510481079642
      ],
      [
        0.0,
        0.0,
        0.0,
        1.0
      ]
    ],
    "location": [
      18.227519018323846,
      -65.15792687417161,
      1.1824510481079642
    ],
    "rotation": [
      0.004220378097059542,
      0.043681736011583316,
      -1.4178804973795254
    ]
  },
  "t-LPOe5gpociAs9F4-TjPw": {
    "label_id": "t-LPOe5gpociAs9F4-TjPw",
    "size": [
      1.0602432104079609,
      1.9174464105824227,
      1.8000000000000043
    ],
    "obj_class": "cyclist",
    "point_num_in_lidar": 2,
    "speed": 0.5861350404754352,
    "if_vehicle": false,
    "motion_state": false,
    "pose": [
      [
        0.9807647261377889,
        0.19516771504776786,
        0.0031804035752064537,
        -10.494055210909437
      ],
      [
        -0.19482782259126025,
        0.979793820057129,
        -0.0452348286412866,
        -9.829956568499256
      ],
      [
        -0.011944517914772112,
        0.043745093220742326,
        0.9989713185626964,
        1.2459995322059978
      ],
      [
        0.0,
        0.0,
        0.0,
        1.0
      ]
    ],
    "location": [
      -10.494055210909437,
      -9.829956568499256,
      1.2459995322059978
    ],
    "rotation": [
      0.04376218117314863,
      0.011944801956739573,
      -0.19609607713121685
    ]
  },
  "QCejAUMzNgKQBygPRkJ3vA": {
    "label_id": "QCejAUMzNgKQBygPRkJ3vA",
    "size": [
      0.8928711067156541,
      1.04776036441304,
      1.810000000000004
    ],
    "obj_class": "pedestrian",
    "point_num_in_lidar": 1,
    "speed": 0.8157242563902017,
    "if_vehicle": false,
    "motion_state": false,
    "pose": [
      [
        -0.7656596640018477,
        -0.6432304426196249,
        0.004458318958882164,
        -9.667386598144503
      ],
      [
        0.6425864266180241,
        -0.7651700908475962,
        -0.039967691934361435,
        0.902985471779175
      ],
      [
        0.029119808496219556,
        -0.027736794328881063,
        0.9991910262775086,
        0.94952138459844
      ],
      [
        0.0,
        0.0,
        0.0,
        1.0
      ]
    ],
    "location": [
      -9.667386598144503,
      0.902985471779175,
      0.94952138459844
    ],
    "rotation": [
      -0.02775212392394655,
      -0.02912392548861604,
      2.443367697167598
    ]
  },
  "94aiZ8MRixFdnh4AdsXx2Q": {
    "label_id": "94aiZ8MRixFdnh4AdsXx2Q",
    "size": [
      0.7515883471686254,
      0.8679089169108871,
      1.9400000000000048
    ],
    "obj_class": "pedestrian",
    "point_num_in_lidar": 1,
    "speed": 0.58938634666015,
    "if_vehicle": false,
    "motion_state": false,
    "pose": [
      [
        -0.8712117885746955,
        0.490900053499659,
        0.002675242514647203,
        14.36824405802281
      ],
      [
        -0.49058222763792,
        -0.8704235777254608,
        -0.04113238706208279,
        -9.038704048813088
      ],
      [
        -0.017863296848462645,
        -0.037147446933011107,
        0.9991501237612207,
        1.080427215901036
      ],
      [
        0.0,
        0.0,
        0.0,
        1.0
      ]
    ],
    "location": [
      14.36824405802281,
      -9.038704048813088,
      1.080427215901036
    ],
    "rotation": [
      -0.03716192807982845,
      0.017864247006759267,
      -2.6287450230485883
    ]
  },
  "Bs2WH-lVULU90VRe2Gi_lw": {
    "label_id": "Bs2WH-lVULU90VRe2Gi_lw",
    "size": [
      0.47571879352694607,
      0.1066008353852407,
      0.6144049904030737
    ],
    "obj_class": "sign",
    "point_num_in_lidar": 3,
    "speed": 0.02384517399094926,
    "if_vehicle": false,
    "motion_state": false,
    "pose": [
      [
        0.9939877020129091,
        -0.10945908516237608,
        0.002675242514647203,
        -15.238495947796082
      ],
      [
        0.10947621952227239,
        0.9931379985146507,
        -0.04113238706208279,
        1.0795508632218116
      ],
      [
        0.001845428461822313,
        0.04117796233095401,
        0.9991501237612207,
        3.5451309730986154
      ],
      [
        0.0,
        0.0,
        0.0,
        1.0
      ]
    ],
    "location": [
      -15.238495947796082,
      1.0795508632218116,
      3.5451309730986154
    ],
    "rotation": [
      0.04118967845788827,
      -0.0018454295092910225,
      0.10969627447352848
    ]
  },
  "46_9c4l2SJ1GUWIL_ncT0g": {
    "label_id": "46_9c4l2SJ1GUWIL_ncT0g",
    "size": [
      0.6680003051338722,
      0.5447643847782806,
      1.7100000000000044
    ],
    "obj_class": "pedestrian",
    "point_num_in_lidar": 1,
    "speed": 0.008901501407915364,
    "if_vehicle": false,
    "motion_state": false,
    "pose": [
      [
        -0.20294705592188383,
        -0.9791892023108545,
        0.0009992849803661672,
        9.79932479187164
      ],
      [
        0.9782650742473522,
        -0.20279964884589224,
        -0.04324057048426812,
        6.701662317142109
      ],
      [
        0.042543354363072015,
        -0.007797980880652748,
        0.9990641893760995,
        1.077560448756099
      ],
      [
        0.0,
        0.0,
        0.0,
        1.0
      ]
    ],
    "location": [
      9.79932479187164,
      6.701662317142109,
      1.077560448756099
    ],
    "rotation": [
      -0.007805126649445417,
      -0.042556198292037994,
      1.7753508250101446
    ]
  },
  "GBRhruMLKWI0CHchOvgi4Q": {
    "label_id": "GBRhruMLKWI0CHchOvgi4Q",
    "size": [
      2.485287206591784,
      5.818153190451702,
      2.1300000000000017
    ],
    "obj_class": "vehicle",
    "point_num_in_lidar": 5,
    "speed": 1.0446170229150111e-27,
    "if_vehicle": true,
    "motion_state": false,
    "pose": [
      [
        0.15989793892477386,
        0.9871326574422884,
        0.0013288109478387213,
        48.76597739355179
      ],
      [
        -0.9862647706733383,
        0.15981353150742456,
        -0.041730531697940235,
        -30.299305989407003
      ],
      [
        -0.04140593262174723,
        0.005362066583997211,
        0.9991280183168082,
        1.8236492231392587
      ],
      [
        0.0,
        0.0,
        0.0,
        1.0
      ]
    ],
    "location": [
      48.76597739355179,
      -30.299305989407003,
      1.8236492231392587
    ],
    "rotation": [
      0.005366694765068583,
      0.04141777316790825,
      -1.4100700305126475
    ]
  },
  "IGBmzIiv4jqIHomOewuqIQ": {
    "label_id": "IGBmzIiv4jqIHomOewuqIQ",
    "size": [
      2.806566514420707,
      5.908068729613541,
      2.259999999999999
    ],
    "obj_class": "vehicle",
    "point_num_in_lidar": 0,
    "speed": 1.5887107365449097e-27,
    "if_vehicle": true,
    "motion_state": false,
    "pose": [
      [
        -0.1578270349914717,
        -0.9874652236387568,
        0.0017490368380319726,
        1.812582288710928
      ],
      [
        0.9866457317028815,
        -0.15776777462391806,
        -0.0404911027597657,
        24.846721260782942
      ],
      [
        0.04025949749172349,
        -0.0046649109612734675,
        0.9991783681943066,
        1.4749273914301142
      ],
      [
        0.0,
        0.0,
        0.0,
        1.0
      ]
    ],
    "location": [
      1.812582288710928,
      24.846721260782942,
      1.4749273914301142
    ],
    "rotation": [
      -0.004668713030838409,
      -0.0402703810461072,
      1.7294157335107672
    ]
  },
  "mQsMM40X1GxN5fl1v6fRCQ": {
    "label_id": "mQsMM40X1GxN5fl1v6fRCQ",
    "size": [
      1.1219305826155566,
      1.1075329720768676,
      2.060000000000003
    ],
    "obj_class": "pedestrian",
    "point_num_in_lidar": 0,
    "speed": 0.010383154422958984,
    "if_vehicle": false,
    "motion_state": false,
    "pose": [
      [
        -0.9981437425493253,
        0.06087700780890532,
        0.0017490368380319726,
        11.448352529316026
      ],
      [
        -0.06089786458691797,
        -0.9973223755065618,
        -0.0404911027597657,
        4.788965738920524
      ],
      [
        -0.0007206236047429126,
        -0.040522453457101856,
        0.9991783681943066,
        1.094356164589044
      ],
      [
        0.0,
        0.0,
        0.0,
        1.0
      ]
    ],
    "location": [
      11.448352529316026,
      4.788965738920524,
      1.094356164589044
    ],
    "rotation": [
      -0.04053356230257833,
      0.0007206236671127056,
      -3.080657069744463
    ]
  },
  "ysZxks_XqXbJbCeNd0FpqQ": {
    "label_id": "ysZxks_XqXbJbCeNd0FpqQ",
    "size": [
      0.483442648901975,
      0.08267395358965057,
      0.5991280699038466
    ],
    "obj_class": "sign",
    "point_num_in_lidar": 0,
    "speed": 0.02753958561676771,
    "if_vehicle": false,
    "motion_state": false,
    "pose": [
      [
        -0.3024308312956004,
        0.9531697294564024,
        0.0017490368380319726,
        -10.84061819192766
      ],
      [
        -0.9524109067207216,
        -0.3021157648265167,
        -0.0404911027597657,
        19.808756512242326
      ],
      [
        -0.038066481860885494,
        -0.0139115596285095,
        0.9991783681943066,
        3.180491551709796
      ],
      [
        0.0,
        0.0,
        0.0,
        1.0
      ]
    ],
    "location": [
      -10.84061819192766,
      19.808756512242326,
      3.180491551709796
    ],
    "rotation": [
      -0.013922099654746767,
      0.03807568127812781,
      -1.8782683525239776
    ]
  },
  "Epgsupn8EYYShv3D2Ns2xg": {
    "label_id": "Epgsupn8EYYShv3D2Ns2xg",
    "size": [
      1.0117485065928384,
      1.0472548432567341,
      1.8199410029498218
    ],
    "obj_class": "pedestrian",
    "point_num_in_lidar": 1,
    "speed": 0.04743653990129638,
    "if_vehicle": false,
    "motion_state": false,
    "pose": [
      [
        -0.05483277516404648,
        -0.9983934880862355,
        -0.014276193988908843,
        10.600556692741293
      ],
      [
        0.9976315367792927,
        -0.054185058995887166,
        -0.0423709358522902,
        3.68614041138062
      ],
      [
        0.04152931002552039,
        -0.016565697347593295,
        0.9989999469870817,
        0.8283935380073579
      ],
      [
        0.0,
        0.0,
        0.0,
        1.0
      ]
    ],
    "location": [
      10.600556692741293,
      3.68614041138062,
      0.8283935380073579
    ],
    "rotation": [
      -0.016580760870122172,
      -0.04154125678640947,
      1.625704033452432
    ]
  },
  "e2kCF-ImQeQ5Fr3lsqfRUw": {
    "label_id": "e2kCF-ImQeQ5Fr3lsqfRUw",
    "size": [
      2.308492001766679,
      5.048858220044428,
      1.88
    ],
    "obj_class": "vehicle",
    "point_num_in_lidar": 0,
    "speed": 0.0,
    "if_vehicle": true,
    "motion_state": false,
    "pose": [
      [
        -0.11624019293944957,
        -0.99311852657706,
        -0.014276193988908843,
        -9.975860609878737
      ],
      [
        0.9923979289340883,
        -0.11554676301105701,
        -0.0423709358522902,
        26.16543341587385
      ],
      [
        0.04042979337978124,
        -0.01909287110614967,
        0.9989999469870817,
        1.2935842120120657
      ],
      [
        0.0,
        0.0,
        0.0,
        1.0
      ]
    ],
    "location": [
      -9.975860609878737,
      26.16543341587385,
      1.2935842120120657
    ],
    "rotation": [
      -0.01910965761495773,
      -0.04044081569828615,
      1.6873956606006248
    ]
  },
  "ZI1_7RXv-1eXK2KoLyoqfA": {
    "label_id": "ZI1_7RXv-1eXK2KoLyoqfA",
    "size": [
      0.9594892273968075,
      0.11605618475108725,
      0.31000000000000316
    ],
    "obj_class": "sign",
    "point_num_in_lidar": 4,
    "speed": 0.018091166064457195,
    "if_vehicle": false,
    "motion_state": false,
    "pose": [
      [
        -0.994851034317455,
        0.10009097830398202,
        -0.015912748965580144,
        15.021272516888303
      ],
      [
        -0.09926313968484007,
        -0.9939835143998847,
        -0.04629905183869158,
        -10.13418667122096
      ],
      [
        -0.0204511275336519,
        -0.04448111018629962,
        0.9988008721558049,
        3.043538744983165
      ],
      [
        0.0,
        0.0,
        0.0,
        1.0
      ]
    ],
    "location": [
      15.021272516888303,
      -10.13418667122096,
      3.043538744983165
    ],
    "rotation": [
      -0.04450510564169413,
      0.02045255341133785,
      -3.042144909485622
    ]
  },
  "Li88-LQOe4JSKR2F2lRTvA": {
    "label_id": "Li88-LQOe4JSKR2F2lRTvA",
    "size": [
      1.8803181685248513,
      4.301639040022977,
      1.9200000000000044
    ],
    "obj_class": "vehicle",
    "point_num_in_lidar": 4,
    "speed": 1.0446170330855182e-27,
    "if_vehicle": true,
    "motion_state": false,
    "pose": [
      [
        0.23164852816629453,
        0.9726155025020711,
        -0.018922042464625546,
        45.79610900084117
      ],
      [
        -0.9718147665334764,
        0.2304952455865988,
        -0.049477280740338116,
        -42.38927208948007
      ],
      [
        -0.04376092944481609,
        0.02985005954126648,
        0.9985959918803543,
        1.241615639982097
      ],
      [
        0.0,
        0.0,
        0.0,
        1.0
      ]
    ],
    "location": [
      45.79610900084117,
      -42.38927208948007,
      1.241615639982097
    ],
    "rotation": [
      0.029883129786995737,
      0.043774908663043004,
      -1.3367960204504938
    ]
  },
  "R0G_F81iL3cRWHvbNwcpbw": {
    "label_id": "R0G_F81iL3cRWHvbNwcpbw",
    "size": [
      0.5596846934159102,
      0.11687780303679018,
      0.4900000000000029
    ],
    "obj_class": "sign",
    "point_num_in_lidar": 1,
    "speed": 0.011034945294006457,
    "if_vehicle": false,
    "motion_state": false,
    "pose": [
      [
        -0.9994427167067441,
        0.02749931509709907,
        -0.018922042464625546,
        15.105339626525847
      ],
      [
        -0.026534516879443235,
        -0.9984227151384909,
        -0.049477280740338116,
        -9.54058093247113
      ],
      [
        -0.020252788346723453,
        -0.04894762062321466,
        0.9985959918803543,
        3.9625816323794902
      ],
      [
        0.0,
        0.0,
        0.0,
        1.0
      ]
    ],
    "location": [
      15.105339626525847,
      -9.54058093247113,
      3.9625816323794902
    ],
    "rotation": [
      -0.04897724077680127,
      0.02025417313505589,
      -3.11504957648774
    ]
  },
  "d1iW-GYfbNf_o3P5WE4HTg": {
    "label_id": "d1iW-GYfbNf_o3P5WE4HTg",
    "size": [
      2.058762401672239,
      4.364956623428219,
      1.7900000000000045
    ],
    "obj_class": "vehicle",
    "point_num_in_lidar": 21,
    "speed": 2.030809917708426e-27,
    "if_vehicle": true,
    "motion_state": false,
    "pose": [
      [
        0.21827818104778038,
        0.9757031269743063,
        -0.018922042464625546,
        42.32367167960547
      ],
      [
        -0.9748866383513897,
        0.21713599668057926,
        -0.049477280740338116,
        -43.11153270831346
      ],
      [
        -0.04416648098274481,
        0.029246657212272428,
        0.9985959918803543,
        0.8666156399821583
      ],
      [
        0.0,
        0.0,
        0.0,
        1.0
      ]
    ],
    "location": [
      42.32367167960547,
      -43.11153270831346,
      0.8666156399821583
    ],
    "rotation": [
      0.02927940769974438,
      0.044180852699332654,
      -1.3505280885456878
    ]
  },
  "qLZr7jBQioW9t_LjrOA7Dw": {
    "label_id": "qLZr7jBQioW9t_LjrOA7Dw",
    "size": [
      2.2083265899923106,
      6.2950457149596755,
      2.3599999999999968
    ],
    "obj_class": "vehicle",
    "point_num_in_lidar": 1,
    "speed": 2.0426285000271273e-27,
    "if_vehicle": true,
    "motion_state": false,
    "pose": [
      [
        0.9911994464981663,
        -0.13075426986020494,
        -0.020663450221429538,
        29.244063401124322
      ],
      [
        0.12964223501295238,
        0.9903881804495547,
        -0.048209365549307076,
        6.070051563050583
      ],
