[
  {
    "label_id": "--3U76-QSEsoIV2yw85NbA",
    "size": [
      2.0950777398775213,
      4.5879115876853405,
      1.4773743328262299
    ],
    "obj_class": "vehicle",
    "point_num_in_lidar": 653,
    "speed": 0.023082896984406805,
    "if_vehicle": true,
    "motion_state": false,
    "pose": [
      [
        -0.12516029479625831,
        -0.9920292057597792,
        -0.014592995790296501,
        9.352357714557911
      ],
      [
        0.9921354673905314,
        -0.12516818089606166,
        -0.00037528248378426417,
        -22.774828009145267
      ],
      [
        -0.0014542875525712375,
        -0.014525199165336187,
        0.9998934461415985,
        0.8209235887502473
      ],
      [
        0.0,
        0.0,
        0.0,
        1.0
      ]
    ],
    "location": [
      9.352357714557911,
      -22.774828009145267,
      0.8209235887502473
    ],
    "rotation": [
      -0.014525725333366341,
      0.0014542880651965226,
      1.6962858549797526
    ]
  },
  {
    "label_id": "0XEOOu0aPfh0jy49JW5Xmw",
    "size": [
      1.8428869658624458,
      4.670595546022981,
      1.6080087281538908
    ],
    "obj_class": "vehicle",
    "point_num_in_lidar": 54,
    "speed": 0.0024411487086229834,
    "if_vehicle": true,
    "motion_state": false,
    "pose": [
      [
        0.03368410223248918,
        0.9993259857177016,
        -0.014592995790296501,
        -7.486061569207777
      ],
      [
        -0.9994325228276995,
        0.033682213070365626,
        -0.00037528248378426417,
        -53.579479089736196
      ],
      [
        0.00011649485551341823,
        0.014597355651859881,
        0.9998934461415985,
        1.2937068050771359
      ],
      [
        0.0,
        0.0,
        0.0,
        1.0
      ]
    ],
    "location": [
      -7.486061569207777,
      -53.579479089736196,
      1.2937068050771359
    ],
    "rotation": [
      0.014597874208185905,
      -0.00011649485577691118,
      -1.5371058513102915
    ]
  },
  {
    "label_id": "2Cz4S0_K-vtB5MmfFWn30w",
    "size": [
      2.035422415317543,
      4.51469033328051,
      1.9641317074623146
    ],
    "obj_class": "vehicle",
    "point_num_in_lidar": 94,
    "speed": 1.2809491335957507e-13,
    "if_vehicle": true,
    "motion_state": false,
    "pose": [
      [
        -0.08183188322311091,
        -0.9965393054777236,
        -0.014592995790296501,
        12.079111073829154
      ],
      [
        0.9966458097544204,
        -0.08183513342087992,
        -0.00037528248378426417,
        -61.32812203893036
      ],
      [
        -0.0008202360117609273,
        -0.014574758178551616,
        0.9998934461415985,
        0.9439264154131308
      ],
      [
        0.0,
        0.0,
        0.0,
        1.0
      ]
    ],
    "location": [
      12.079111073829154,
      -61.32812203893036,
      0.9439264154131308
    ],
    "rotation": [
      -0.01457527913496953,
      0.0008202361037349919,
      1.6527198445726698
    ]
  },
  {
    "label_id": "8urfTofpA8JqmNQ99FVdxw",
    "size": [
      0.8290984996345674,
      0.07241923128280195,
      0.8481025854576956
    ],
    "obj_class": "sign",
    "point_num_in_lidar": 49,
    "speed": 0.0221109677452276,
    "if_vehicle": false,
    "motion_state": false,
    "pose": [
      [
        0.007956321393470382,
        -0.9998618611707061,
        -0.014592995790296501,
        -2.7811064083498422
      ],
      [
        0.9999682272187161,
        0.00796264504518158,
        -0.00037528248378426417,
        -36.826675656379166
      ],
      [
        0.0004914294883252598,
        -0.01458954626217865,
        0.9998934461415985,
        3.0039600870896663
      ],
      [
        0.0,
        0.0,
        0.0,
        1.0
      ]
    ],
    "location": [
      -2.7811064083498422,
      -36.826675656379166,
      3.0039600870896663
    ],
    "rotation": [
      -0.014590065649629315,
      -0.0004914295081055399,
      1.5628399204950314
    ]
  },
  {
    "label_id": "B1UhxI0hhh6jwIZkATFi7g",
    "size": [
      1.998745397960538,
      4.525020460928399,
      1.5739141041834728
    ],
    "obj_class": "vehicle",
    "point_num_in_lidar": 3479,
    "speed": 0.04450271640099131,
    "if_vehicle": true,
    "motion_state": false,
    "pose": [
      [
        0.10013577229305377,
        0.994866760717805,
        -0.014592995790296501,
        -3.897168183460053
      ],
      [
        -0.9949731872575653,
        0.10014097963161397,
        -0.00037528248378426417,
        -2.516635961980228
      ],
      [
        0.0010880008252037272,
        0.014557218734449335,
        0.9998934461415985,
        0.764155161800744
      ],
      [
        0.0,
        0.0,
        0.0,
        1.0
      ]
    ],
    "location": [
      -3.897168183460053,
      -2.516635961980228,
      0.764155161800744
    ],
    "rotation": [
      0.014557741543482234,
      -0.0010880010398565752,
      -1.470492388841311
    ]
  },
  {
    "label_id": "Dh9hqZe6xlb1umyJ5aRbsQ",
    "size": [
      0.42898716128983366,
      0.03500187320786129,
      0.5200000000000102
    ],
    "obj_class": "sign",
    "point_num_in_lidar": 34,
    "speed": 0.010300730095928079,
    "if_vehicle": false,
    "motion_state": false,
    "pose": [
      [
        -0.0522336591502412,
        -0.9985282616559438,
        -0.014592995790296501,
        -3.2691885929639284
      ],
      [
        0.9986348154768986,
        -0.05223374848197303,
        -0.00037528248378426417,
        -33.064299175526
      ],
      [
        -0.00038751670554581233,
        -0.014592676035640947,
        0.9998934461415985,
        1.6714668688760241
      ],
      [
        0.0,
        0.0,
        0.0,
        1.0
      ]
    ],
    "location": [
      -3.2691885929639284,
      -33.064299175526,
      1.6714668688760241
    ],
    "rotation": [
      -0.014593195090215037,
      0.00038751671524465844,
      1.6230537710771114
    ]
  },
  {
    "label_id": "H1tav3xjofg6y0L4ChXbOQ",
    "size": [
      1.9349192274204683,
      4.302774069524423,
      1.7321937601380455
    ],
    "obj_class": "vehicle",
    "point_num_in_lidar": 90,
    "speed": 0.012734774888632913,
    "if_vehicle": true,
    "motion_state": false,
    "pose": [
      [
        0.10138777852790685,
        0.9947399473425408,
        -0.014592995790296501,
        0.8117922575315788
      ],
      [
        -0.9948463672443396,
        0.10139311980503433,
        -0.00037528248378426417,
        -62.10232863656711
      ],
      [
        0.001106320892321758,
        0.014555837906539736,
        0.9998934461415985,
        0.9881229624323566
      ],
      [
        0.0,
        0.0,
        0.0,
        1.0
      ]
    ],
    "location": [
      0.8117922575315788,
      -62.10232863656711,
      0.9881229624323566
    ],
    "rotation": [
      0.014556360861043047,
      -0.001106321118001372,
      -1.4692339751403123
    ]
  },
  {
    "label_id": "LjhBYT85_Si4U-7ahKCHRw",
    "size": [
      0.7605374054823817,
      0.8583638543344657,
      1.7199999999999989
    ],
    "obj_class": "pedestrian",
    "point_num_in_lidar": 23,
    "speed": 3.7765864436546257e-13,
    "if_vehicle": false,
    "motion_state": false,
    "pose": [
      [
        0.12093309796895052,
        0.9925533891380839,
        -0.014592995790296501,
        -1.0936797521926565
      ],
      [
        -0.9926596833995454,
        0.12094053132085841,
        -0.00037528248378426417,
        -58.2747635765802
      ],
      [
        0.0013923967632772794,
        0.014531262654424136,
        0.9998934461415985,
        1.2767673484955822
      ],
      [
        0.0,
        0.0,
        0.0,
        1.0
      ]
    ],
    "location": [
      -1.0936797521926565,
      -58.2747635765802,
      1.2767673484955822
    ],
    "rotation": [
      0.014531788188654731,
      -0.0013923972132002264,
      -1.44956638305485
    ]
  },
  {
    "label_id": "OmJYyGgaaMnfsASi9n00fw",
    "size": [
      2.031111458632573,
      4.380691457949776,
      1.9644241035043137
    ],
    "obj_class": "vehicle",
    "point_num_in_lidar": 1302,
    "speed": 0.09186850888680337,
    "if_vehicle": true,
    "motion_state": false,
    "pose": [
      [
        0.998062527714114,
        -0.0604833468549649,
        -0.014592995790296501,
        15.525883694730965
      ],
      [
        0.06048431670532803,
        0.998169077158648,
        -0.00037528248378426417,
        -6.905572738719229
      ],
      [
        0.014588975481615609,
        -0.0005080919946872585,
        0.9998934461415985,
        1.2085993800399422
      ],
      [
        0.0,
        0.0,
        0.0,
        1.0
      ]
    ],
    "location": [
      15.525883694730965,
      -6.905572738719229,
      1.2085993800399422
    ],
    "rotation": [
      -0.0005081460958825119,
      -0.014589493046415228,
      0.06052770589959659
    ]
  },
  {
    "label_id": "Prru6-BdBBgFi7DlZ0Frkw",
    "size": [
      2.0682020404967747,
      4.505317198311542,
      1.557741650054254
    ],
    "obj_class": "vehicle",
    "point_num_in_lidar": 1736,
    "speed": 0.017321671978286105,
    "if_vehicle": true,
    "motion_state": false,
    "pose": [
      [
        0.12684385194757525,
        0.9918153465726198,
        -0.014592995790296501,
        -2.716783770641996
      ],
      [
        -0.9919215946655084,
        0.12685191839027116,
        -0.00037528248378426417,
        -16.781113911461034
      ],
      [
        0.0014789385843431387,
        0.014522709931069607,
        0.9998934461415985,
        0.9264970071996288
      ],
      [
        0.0,
        0.0,
        0.0,
        1.0
      ]
    ],
    "location": [
      -2.716783770641996,
      -16.781113911461034,
      0.9264970071996288
    ],
    "rotation": [
      0.014523236358983227,
      -0.001478939123480707,
      -1.4436097090102749
    ]
  },
  {
    "label_id": "U274uuUDtmNBxMLLEvdXXw",
    "size": [
      2.083438273100146,
      5.033652962736186,
      1.740000000000009
    ],
    "obj_class": "vehicle",
    "point_num_in_lidar": 221,
    "speed": 0.018378518066404764,
    "if_vehicle": true,
    "motion_state": false,
    "pose": [
      [
        -0.06952690446425985,
        -0.9974733349967217,
        -0.014592995790296501,
        9.990288840845096
      ],
      [
        0.9975798712743684,
        -0.06952883999659357,
        -0.00037528248378426417,
        -34.13453447037705
      ],
      [
        -0.0006402997987083457,
        -0.014583771091388562,
        0.9998934461415985,
        1.1923058500871946
      ],
      [
        0.0,
        0.0,
        0.0,
        1.0
      ]
    ],
    "location": [
      9.990288840845096,
      -34.13453447037705,
      1.1923058500871946
    ],
    "rotation": [
      -0.014584291092324902,
      0.000640299842460448,
      1.640379383146644
    ]
  },
  {
    "label_id": "VRcfGaw0meC0a924KQ9jXQ",
    "size": [
      1.830694031263241,
      4.489773390241616,
      1.5209009365435122
    ],
    "obj_class": "vehicle",
    "point_num_in_lidar": 2485,
    "speed": 0.015205835258214543,
    "if_vehicle": true,
    "motion_state": false,
    "pose": [
      [
        -0.0666018823772209,
        -0.9976729091930258,
        -0.014592995790296501,
        7.497958495451712
      ],
      [
        0.9977794506879399,
        -0.06660350552283467,
        -0.00037528248378426417,
        2.8238784429142925
      ],
      [
        -0.0005975355083474846,
        -0.014585585843376693,
        0.9998934461415985,
        0.5889647113176011
      ],
      [
        0.0,
        0.0,
        0.0,
        1.0
      ]
    ],
    "location": [
      7.497958495451712,
      2.8238784429142925,
      0.5889647113176011
    ],
    "rotation": [
      -0.01458610565164012,
      0.0005975355439057015,
      1.6374475585262318
    ]
  },
  {
    "label_id": "iogkkV5oEXjr0DfbLfwc_g",
    "size": [
      2.202897763391204,
      4.770608925036843,
      2.002731577866939
    ],
    "obj_class": "vehicle",
    "point_num_in_lidar": 943,
    "speed": 3.552713678800501e-14,
    "if_vehicle": true,
    "motion_state": false,
    "pose": [
      [
        0.9984344556942817,
        -0.0539970569228355,
        -0.014592995790296501,
        16.15527915535813
      ],
      [
        0.0539973344368336,
        0.9985410091912972,
        -0.00037528248378426417,
        -13.413703793059994
      ],
      [
        0.01459196889320606,
        -0.00041328791169520493,
        0.9998934461415985,
        1.1590768836376526
      ],
      [
        0.0,
        0.0,
        0.0,
        1.0
      ]
    ],
    "location": [
      16.15527915535813,
      -13.413703793059994,
      1.1590768836376526
    ],
    "rotation": [
      -0.00041333193027135416,
      -0.014592486776678102,
      0.05402936706521131
    ]
  },
  {
    "label_id": "lOvlYgibjIeJQY-GUu_iZw",
    "size": [
      1.9792041285706787,
      4.374703024899077,
      1.6158927815274922
    ],
    "obj_class": "vehicle",
    "point_num_in_lidar": 26,
    "speed": 0.0028063306346692686,
    "if_vehicle": true,
    "motion_state": false,
    "pose": [
      [
        -0.9994687722393208,
        0.02914134163502322,
        -0.014592995790296501,
        22.5172844961985
      ],
      [
        -0.029138968230504114,
        -0.9995752996615708,
        -0.00037528248378426417,
        -46.58977965660779
      ],
      [
        -0.014597734375115263,
        5.014171741054858e-05,
        0.9998934461415985,
        0.715079954665697
      ],
      [
        0.0,
        0.0,
        0.0,
        1.0
      ]
    ],
    "location": [
      22.5172844961985,
      -46.58977965660779,
      0.715079954665697
    ],
    "rotation": [
      5.0147060731326075e-05,
      0.0145982528727372,
      -3.112446453750025
    ]
  },
  {
    "label_id": "oqQJJ1ZiQdF_EpbbOCdUiA",
    "size": [
      1.9349192274207259,
      4.354607322978385,
      2.023099572706599
    ],
    "obj_class": "vehicle",
    "point_num_in_lidar": 20,
    "speed": 0.007352802917806869,
    "if_vehicle": true,
    "motion_state": false,
    "pose": [
      [
        0.12007517020428679,
        0.9926575431508472,
        -0.014592995790296501,
        1.3350238935031484
      ],
      [
        -0.9927638437973914,
        0.12008251168128545,
        -0.00037528248378426417,
        -68.97536436480186
      ],
      [
        0.0013798365991123935,
        0.014532460701408987,
        0.9998934461415985,
        0.9687650495220623
      ],
      [
        0.0,
        0.0,
        0.0,
        1.0
      ]
    ],
    "location": [
      1.3350238935031484,
      -68.97536436480186,
      0.9687650495220623
    ],
    "rotation": [
      0.01453298611028469,
      -0.0013798370369691969,
      -1.4504306115657715
    ]
  },
  {
    "label_id": "pxzIPoe5IyVfwLpzTCcemA",
    "size": [
      2.0447396042251627,
      4.48285159952707,
      1.5777416500542643
    ],
    "obj_class": "vehicle",
    "point_num_in_lidar": 655,
    "speed": 1.8279092778826293e-06,
    "if_vehicle": true,
    "motion_state": false,
    "pose": [
      [
        0.09856565976785504,
        0.9950235450422226,
        -0.014592995790296501,
        -2.2371537275230367
      ],
      [
        -0.9951299796671037,
        0.098570699149428,
        -0.00037528248378426417,
        -21.67626260188672
      ],
      [
        0.0010650268903269165,
        0.014558917569693403,
        0.9998934461415985,
        0.9812649158103284
      ],
      [
        0.0,
        0.0,
        0.0,
        1.0
      ]
    ],
    "location": [
      -2.2371537275230367,
      -21.67626260188672,
      0.9812649158103284
    ],
    "rotation": [
      0.01455944019967762,
      -0.001065027091667207,
      -1.4720703117175098
    ]
  },
  {
    "label_id": "vI6mYZKIhXXxN2zXqh0BHQ",
    "size": [
      2.044241693002111,
      4.494323398328529,
      2.0376365776496073
    ],
    "obj_class": "vehicle",
    "point_num_in_lidar": 77,
    "speed": 0.005968061641870118,
    "if_vehicle": true,
    "motion_state": false,
    "pose": [
      [
        0.9963890313037693,
        -0.0836417525605525,
        -0.014592995790296501,
        22.309464970607678
      ],
      [
        0.08364519619560679,
        0.9964955295014905,
        -0.00037528248378426417,
        -52.292072313429344
      ],
      [
        0.014573244351713525,
        -0.000846706645477939,
        0.9998934461415985,
        0.9415796337288498
      ],
      [
        0.0,
        0.0,
        0.0,
        1.0
      ]
    ],
    "location": [
      22.309464970607678,
      -52.292072313429344,
      0.9415796337288498
    ],
    "rotation": [
      -0.0008467966725495491,
      -0.014573760243958216,
      0.08375195702324857
    ]
  },
  {
    "label_id": "vyRXlUjkcqmSafqFWVeyfw",
    "size": [
      2.2640839842074887,
      4.927576127500028,
      1.8239563287957026
    ],
    "obj_class": "vehicle",
    "point_num_in_lidar": 474,
    "speed": 0.023013057871163593,
    "if_vehicle": true,
    "motion_state": false,
    "pose": [
      [
        -0.09611751552786055,
        -0.9952630143246638,
        -0.014592995790296501,
        9.791044255035558
      ],
      [
        0.9953694610247961,
        -0.09612229305558778,
        -0.00037528248378426417,
        -28.22480313001688
      ],
      [
        -0.0010292074418794656,
        -0.014561493574487014,
        0.9998934461415985,
        1.1044460251517876
      ],
      [
        0.0,
        0.0,
        0.0,
        1.0
      ]
    ],
    "location": [
      9.791044255035558,
      -28.22480313001688,
      1.1044460251517876
    ],
    "rotation": [
      -0.014562015932812982,
      0.00102920762358063,
      1.6670625103279675
    ]
  }
]