[
  {
    "label_id": "--3U76-QSEsoIV2yw85NbA",
    "size": [
      2.0950777398775204,
      4.5879115876853405,
      1.4773743328262299
    ],
    "obj_class": "vehicle",
    "point_num_in_lidar": 97,
    "speed": 0.01766834631820108,
    "if_vehicle": true,
    "motion_state": false,
    "pose": [
      [
        -0.12513837697541402,
        -0.9918554835866243,
        -0.023729439249646943,
        9.310315959140098
      ],
      [
        0.9920155103916483,
        -0.12546477636832584,
        0.012799102829630206,
        -22.815012069047953
      ],
      [
        -0.015672069115360527,
        -0.02193831283370477,
        0.9996364822672559,
        0.8167859320039952
      ],
      [
        0.0,
        0.0,
        0.0,
        1.0
      ]
    ],
    "location": [
      9.310315959140098,
      -22.815012069047953,
      0.8167859320039952
    ],
    "rotation": [
      -0.021942768315954382,
      0.015672710732223736,
      1.6962791225517104
    ]
  },
  {
    "label_id": "2NVCbbXvQZHA_xiuICHZvQ",
    "size": [
      1.2810050965948445,
      0.08202240296736345,
      1.3300000000000125
    ],
    "obj_class": "sign",
    "point_num_in_lidar": 159,
    "speed": 0.0055074172107663745,
    "if_vehicle": false,
    "motion_state": false,
    "pose": [
      [
        -0.030751383583673093,
        -0.9992453483107075,
        -0.023729439249646943,
        -5.552481779669506
      ],
      [
        0.9994355336782348,
        -0.031061181369329904,
        0.012799102829630206,
        -3.9908675970652894
      ],
      [
        -0.013526508381384176,
        -0.02332245465971531,
        0.9996364822672559,
        2.9801871268159914
      ],
      [
        0.0,
        0.0,
        0.0,
        1.0
      ]
    ],
    "location": [
      -5.552481779669506,
      -3.9908675970652894,
      2.9801871268159914
    ],
    "rotation": [
      -0.023326703987920406,
      0.013526920898172149,
      1.6015553740570996
    ]
  },
  {
    "label_id": "6t5TXbljaEfRRcNzVOXzYA",
    "size": [
      0.8625265205570483,
      1.0974695202485283,
      1.8499999999999943
    ],
    "obj_class": "pedestrian",
    "point_num_in_lidar": 184,
    "speed": 1.2935083044044262,
    "if_vehicle": false,
    "motion_state": true,
    "pose": [
      [
        0.062205517110173726,
        0.9977812322117275,
        -0.023729439249646943,
        10.67162503550162
      ],
      [
        -0.997961566731914,
        0.0625211507630824,
        0.012799102829630206,
        12.172722426252449
      ],
      [
        0.014254296441403615,
        0.022884893561184002,
        0.9996364822672559,
        0.7901663152134972
      ],
      [
        0.0,
        0.0,
        0.0,
        1.0
      ]
    ],
    "location": [
      10.67162503550162,
      12.172722426252449,
      0.7901663152134972
    ],
    "rotation": [
      0.022889217468617405,
      -0.014254779195336775,
      -1.5085442891771983
    ]
  },
  {
    "label_id": "B1UhxI0hhh6jwIZkATFi7g",
    "size": [
      1.998745397960538,
      4.525020460928399,
      1.5739141041834728
    ],
    "obj_class": "vehicle",
    "point_num_in_lidar": 446,
    "speed": 2.1610313646285632e-13,
    "if_vehicle": true,
    "motion_state": false,
    "pose": [
      [
        0.10011823671661066,
        0.9946925416376933,
        -0.023729439249646943,
        -3.891079392247775
      ],
      [
        -0.994860738235825,
        0.10044050220715572,
        0.012799102829630206,
        -2.499392409731172
      ],
      [
        0.015114568919615792,
        0.022326063842968764,
        0.9996364822672559,
        0.715356732004949
      ],
      [
        0.0,
        0.0,
        0.0,
        1.0
      ]
    ],
    "location": [
      -3.891079392247775,
      -2.499392409731172,
      0.715356732004949
    ],
    "rotation": [
      0.02233047027833605,
      -0.015115144466484839,
      -1.4704985768105834
    ]
  },
  {
    "label_id": "JxIyoHVX0YvNu5vR64HS9g",
    "size": [
      1.9809256751808872,
      4.796997469665328,
      1.6933826924799291
    ],
    "obj_class": "vehicle",
    "point_num_in_lidar": 138,
    "speed": 0.003422175150802594,
    "if_vehicle": true,
    "motion_state": false,
    "pose": [
      [
        0.9928387325072344,
        -0.11708187283403725,
        -0.023729439249646943,
        24.69143277511057
      ],
      [
        0.11740696229242827,
        0.9930014039124118,
        0.012799102829630206,
        36.945525145154306
      ],
      [
        0.022064823559065173,
        -0.015493446409803576,
        0.9996364822672559,
        0.35501710416829724
      ],
      [
        0.0,
        0.0,
        0.0,
        1.0
      ]
    ],
    "location": [
      24.69143277511057,
      36.945525145154306,
      0.35501710416829724
    ],
    "rotation": [
      -0.015497839708497487,
      -0.022066614351665823,
      0.11770716970693361
    ]
  },
  {
    "label_id": "MqqbWQjp-GdFS2H8BlVEHQ",
    "size": [
      2.10958618112658,
      4.630631076171094,
      1.8405307822855832
    ],
    "obj_class": "vehicle",
    "point_num_in_lidar": 4652,
    "speed": 0.050640114419377845,
    "if_vehicle": true,
    "motion_state": false,
    "pose": [
      [
        -0.0914888868146605,
        -0.9955233283566546,
        -0.023729439249646943,
        5.786406735019682
      ],
      [
        0.995694313191314,
        -0.0918096816530477,
        0.012799102829630206,
        22.565481393122127
      ],
      [
        -0.014920397712247959,
        -0.022456292045982984,
        0.9996364822672559,
        0.5031253254440173
      ],
      [
        0.0,
        0.0,
        0.0,
        1.0
      ]
    ],
    "location": [
      5.786406735019682,
      22.565481393122127,
      0.5031253254440173
    ],
    "rotation": [
      -0.022460680508321642,
      0.014920951359895681,
      1.6624235551973388
    ]
  },
  {
    "label_id": "OmJYyGgaaMnfsASi9n00fw",
    "size": [
      2.0311114586325756,
      4.380691457949776,
      1.9644241035043137
    ],
    "obj_class": "vehicle",
    "point_num_in_lidar": 125,
    "speed": 0.023427494367402213,
    "if_vehicle": true,
    "motion_state": false,
    "pose": [
      [
        0.997887748997669,
        -0.0604727551320645,
        -0.023729439249646943,
        15.557912739417134
      ],
      [
        0.060788075154371485,
        0.9980686313504613,
        0.012799102829630206,
        -6.901000371967939
      ],
      [
        0.022909611943282702,
        -0.014214534848328011,
        0.9996364822672559,
        1.2481277062423146
      ],
      [
        0.0,
        0.0,
        0.0,
        1.0
      ]
    ],
    "location": [
      15.557912739417134,
      -6.901000371967939,
      1.2481277062423146
    ],
    "rotation": [
      -0.014218745671174086,
      -0.022911616436269516,
      0.0608415629696534
    ]
  },
  {
    "label_id": "Prru6-BdBBgFi7DlZ0Frkw",
    "size": [
      2.0682020404967747,
      4.505317198311542,
      1.557741650054254
    ],
    "obj_class": "vehicle",
    "point_num_in_lidar": 194,
    "speed": 0.005087310694560527,
    "if_vehicle": true,
    "motion_state": false,
    "pose": [
      [
        0.12682163930556078,
        0.9916416618500595,
        -0.023729439249646943,
        -2.7123228214259143
      ],
      [
        -0.9918011344380007,
        0.12714830983639377,
        0.012799102829630206,
        -16.762742207359224
      ],
      [
        0.015709281694122286,
        0.021911681564883313,
        0.9996364822672559,
        0.9264970071996856
      ],
      [
        0.0,
        0.0,
        0.0,
        1.0
      ]
    ],
    "location": [
      -2.7123228214259143,
      -16.762742207359224,
      0.9264970071996856
    ],
    "rotation": [
      0.021916140172282085,
      -0.015709927892651767,
      -1.4436164634111681
    ]
  },
  {
    "label_id": "TOU-z8foSgcg9qvDS7CIBg",
    "size": [
      2.2075420407383888,
      4.827049478363397,
      1.7021123790440527
    ],
    "obj_class": "vehicle",
    "point_num_in_lidar": 4233,
    "speed": 0.00916743789889473,
    "if_vehicle": true,
    "motion_state": false,
    "pose": [
      [
        0.10011823671673921,
        0.9946925416376804,
        -0.023729439249646943,
        -5.345003779370018
      ],
      [
        -0.9948607382358121,
        0.10044050220728429,
        0.012799102829630206,
        15.027463118845617
      ],
      [
        0.015114568919618676,
        0.02232606384296681,
        0.9996364822672559,
        0.6812234852907864
      ],
      [
        0.0,
        0.0,
        0.0,
        1.0
      ]
    ],
    "location": [
      -5.345003779370018,
      15.027463118845617,
      0.6812234852907864
    ],
    "rotation": [
      0.022330470278334097,
      -0.015115144466487724,
      -1.4704985768104541
    ]
  },
  {
    "label_id": "Ux2LzYDeZf5tk0tQxcRnMg",
    "size": [
      0.34294423173669647,
      0.07894360410028534,
      0.526801259086767
    ],
    "obj_class": "sign",
    "point_num_in_lidar": 58,
    "speed": 0.0027077979448197156,
    "if_vehicle": false,
    "motion_state": false,
    "pose": [
      [
        -0.9538417805633888,
        -0.29937062542033316,
        -0.023729439249646943,
        7.65414474711406
      ],
      [
        0.29914054426289594,
        -0.9541232193720341,
        0.012799102829630206,
        16.3859501481636
      ],
      [
        -0.026472484389691797,
        0.005109881660435671,
        0.9996364822672559,
        0.7327507096451313
      ],
      [
        0.0,
        0.0,
        0.0,
        1.0
      ]
    ],
    "location": [
      7.65414474711406,
      16.3859501481636,
      0.7327507096451313
    ],
    "rotation": [
      0.005111695346163646,
      0.02647557731794264,
      2.8376909191040465
    ]
  },
  {
    "label_id": "VRcfGaw0meC0a924KQ9jXQ",
    "size": [
      1.8306940312632414,
      4.489773390241616,
      1.5209009365435122
    ],
    "obj_class": "vehicle",
    "point_num_in_lidar": 360,
    "speed": 2.1610313646285632e-13,
    "if_vehicle": true,
    "motion_state": false,
    "pose": [
      [
        -0.06659021918860113,
        -0.9974981987057978,
        -0.023729439249646943,
        7.496707671851709
      ],
      [
        0.9976771442571585,
        -0.06690664237306716,
        0.012799102829630206,
        2.8337979225902927
      ],
      [
        -0.014354739123195959,
        -0.02282202412256897,
        0.9996364822672559,
        0.6131738585058883
      ],
      [
        0.0,
        0.0,
        0.0,
        1.0
      ]
    ],
    "location": [
      7.496707671851709,
      2.8337979225902927,
      0.6131738585058883
    ],
    "rotation": [
      -0.0228263580217066,
      0.014355232155000742,
      1.6374427345392684
    ]
  },
  {
    "label_id": "VhAZsD52tn5_W0vPQveyuQ",
    "size": [
      0.5452644526822724,
      0.06816717352634934,
      0.3915916591285793
    ],
    "obj_class": "sign",
    "point_num_in_lidar": 37,
    "speed": 0.028340296715448396,
    "if_vehicle": false,
    "motion_state": false,
    "pose": [
      [
        0.32655937926066125,
        -0.944878767636245,
        -0.023729439249646943,
        8.317556547001004
      ],
      [
        0.9451666790008307,
        0.3263374509205113,
        0.012799102829630206,
        15.870817069810528
      ],
      [
        -0.00434979579200765,
        -0.026607942365278178,
        0.9996364822672559,
        2.4394707527322623
      ],
      [
        0.0,
        0.0,
        0.0,
        1.0
      ]
    ],
    "location": [
      8.317556547001004,
      15.870817069810528,
      2.4394707527322623
    ],
    "rotation": [
      -0.02661133483948121,
      0.004349809509004969,
      1.2381319709811722
    ]
  },
  {
    "label_id": "iogkkV5oEXjr0DfbLfwc_g",
    "size": [
      2.2028977633911992,
      4.770608925036843,
      2.0027315778669106
    ],
    "obj_class": "vehicle",
    "point_num_in_lidar": 115,
    "speed": 3.552713678800501e-14,
    "if_vehicle": true,
    "motion_state": false,
    "pose": [
      [
        0.9982596118465515,
        -0.05398760106607485,
        -0.023729439249646943,
        16.15527915535904
      ],
      [
        0.05430173913053921,
        0.9984425392050137,
        0.012799102829630206,
        -13.413703793059767
      ],
      [
        0.023001488720758863,
        -0.014065377242539054,
        0.9996364822672559,
        1.1479136886806316
      ],
      [
        0.0,
        0.0,
        0.0,
        1.0
      ]
    ],
    "location": [
      16.15527915535904,
      -13.413703793059767,
      1.1479136886806316
    ],
    "rotation": [
      -0.01406956367341018,
      -0.023003517430918424,
      0.05434285261285664
    ]
  },
  {
    "label_id": "pxzIPoe5IyVfwLpzTCcemA",
    "size": [
      2.0447396042251627,
      4.48285159952707,
      1.5777416500542643
    ],
    "obj_class": "vehicle",
    "point_num_in_lidar": 50,
    "speed": 3.2754401705733783e-13,
    "if_vehicle": true,
    "motion_state": false,
    "pose": [
      [
        0.09854839914637742,
        0.9948492985063535,
        -0.023729439249646943,
        -2.237153727522127
      ],
      [
        -0.9950180034585286,
        0.09887039880651848,
        0.012799102829630206,
        -21.676262601886492
      ],
      [
        0.015079317593635939,
        0.022349888171004223,
        0.9996364822672559,
        0.9412633963633255
      ],
      [
        0.0,
        0.0,
        0.0,
        1.0
      ]
    ],
    "location": [
      -2.237153727522127,
      -21.676262601886492,
      0.9412633963633255
    ],
    "rotation": [
      0.022354291375064925,
      -0.015079889122615842,
      -1.4720764519721585
    ]
  },
  {
    "label_id": "tHKhtgQcsS0Wz4PS_zVcjA",
    "size": [
      2.1334782620640165,
      4.8641791293613394,
      1.4709009365435293
    ],
    "obj_class": "vehicle",
    "point_num_in_lidar": 1681,
    "speed": 0.03997589565102774,
    "if_vehicle": true,
    "motion_state": false,
    "pose": [
      [
        -0.12993991617372505,
        -0.9912378785627911,
        -0.023729439249646943,
        6.596686707591289
      ],
      [
        0.9913963229201815,
        -0.13026708666082693,
        0.012799102829630206,
        12.834212556072771
      ],
      [
        -0.015778120455496248,
        -0.02186216446827678,
        0.9996364822672559,
        0.5010996581656855
      ],
      [
        0.0,
        0.0,
        0.0,
        1.0
      ]
    ],
    "location": [
      6.596686707591289,
      12.834212556072771,
      0.5010996581656855
    ],
    "rotation": [
      -0.02186662880384739,
      0.015778775186955248,
      1.7011210242519683
    ]
  },
  {
    "label_id": "vyRXlUjkcqmSafqFWVeyfw",
    "size": [
      2.2640839842074887,
      4.927576127500028,
      1.8239563287957026
    ],
    "obj_class": "vehicle",
    "point_num_in_lidar": 71,
    "speed": 0.03141556181884634,
    "if_vehicle": true,
    "motion_state": false,
    "pose": [
      [
        -0.0961006836205135,
        -0.9950887258534122,
        -0.023729439249646943,
        9.744487143630977
      ],
      [
        0.9952582224427425,
        -0.09642226727716405,
        0.012799102829630206,
        -28.313901431139357
      ],
      [
        -0.015024289260470206,
        -0.022386916995509952,
        0.9996364822672559,
        1.058222317729303
      ],
      [
        0.0,
        0.0,
        0.0,
        1.0
      ]
    ],
    "location": [
      9.744487143630977,
      -28.313901431139357,
      1.058222317729303
    ],
    "rotation": [
      -0.022391315126955073,
      0.015024854554862613,
      1.6670564476500502
    ]
  },
  {
    "label_id": "w645J_mt938ZDYu61nrXAw",
    "size": [
      0.3376231165663156,
      0.07894360409972838,
      0.5317148412425752
    ],
    "obj_class": "sign",
    "point_num_in_lidar": 77,
    "speed": 0.016756601452845032,
    "if_vehicle": false,
    "motion_state": false,
    "pose": [
      [
        -0.7466501209915349,
        0.664793584909048,
        -0.023729439249646943,
        6.9855408052121675
      ],
      [
        -0.6651532285536352,
        -0.7465971909345976,
        0.012799102829630206,
        26.493215272348152
      ],
      [
        -0.009207571232510188,
        0.025340164804996505,
        0.9996364822672559,
        0.5966720530480814
      ],
      [
        0.0,
        0.0,
        0.0,
        1.0
      ]
    ],
    "location": [
      6.9855408052121675,
      26.493215272348152,
      0.5966720530480814
    ],
    "rotation": [
      0.025343952085009728,
      0.009207701339485577,
      -2.4138558855674366
    ]
  },
  {
    "label_id": "zOx74XtPnKDBJc--wIBvnw",
    "size": [
      1.9115231574264981,
      4.198530255859416,
      1.71090093654351
    ],
    "obj_class": "vehicle",
    "point_num_in_lidar": 785,
    "speed": 0.014085478638159132,
    "if_vehicle": true,
    "motion_state": false,
    "pose": [
      [
        -0.10498889519416299,
        -0.9941902461796769,
        -0.023729439249646943,
        6.998699236618904
      ],
      [
        0.9943568623508777,
        -0.10531198062174171,
        0.012799102829630206,
        7.439720651129392
      ],
      [
        -0.015223737439492669,
        -0.02225176709206534,
        0.9996364822672559,
        0.6190880129845198
      ],
      [
        0.0,
        0.0,
        0.0,
        1.0
      ]
    ],
    "location": [
      6.998699236618904,
      7.439720651129392,
      0.6190880129845198
    ],
    "rotation": [
      -0.022256183441689878,
      0.0152243255485973,
      1.675991297284044
    ]
  }
]