[
  {
    "label_id": "16qm9fNtFyC8gqz3QNwy3A",
    "size": [
      2.124266277459783,
      4.468580128393359,
      1.7456632368837859
    ],
    "obj_class": "vehicle",
    "point_num_in_lidar": 553,
    "speed": 0.013672765319110195,
    "if_vehicle": true,
    "motion_state": false,
    "pose": [
      [
        0.9958806543143809,
        -0.08659154550256992,
        -0.026900308731257403,
        13.786670263203632
      ],
      [
        0.08853875649291143,
        0.9926518506808945,
        0.0824814642115685,
        36.16241866155474
      ],
      [
        0.019560443784575457,
        -0.08452341443216599,
        0.9962294823240672,
        0.34979492487681796
      ],
      [
        0.0,
        0.0,
        0.0,
        1.0
      ]
    ],
    "location": [
      13.786670263203632,
      36.16241866155474,
      0.34979492487681796
    ],
    "rotation": [
      -0.08464061403830778,
      -0.019561691339417563,
      0.08867185362607327
    ]
  },
  {
    "label_id": "2NVCbbXvQZHA_xiuICHZvQ",
    "size": [
      1.2810050965970794,
      0.08202240296736345,
      1.3300000000000125
    ],
    "obj_class": "sign",
    "point_num_in_lidar": 41,
    "speed": 0.0073546021740881085,
    "if_vehicle": false,
    "motion_state": false,
    "pose": [
      [
        -0.05097957510342483,
        -0.9983373459469687,
        -0.026900308731257403,
        -5.543470307650296
      ],
      [
        0.9951801238555755,
        -0.053040825260523825,
        0.0824814642115685,
        -4.040289708546197
      ],
      [
        -0.08377114064566596,
        -0.022565782575511856,
        0.9962294823240672,
        2.957303088943462
      ],
      [
        0.0,
        0.0,
        0.0,
        1.0
      ]
    ],
    "location": [
      -5.543470307650296,
      -4.040289708546197,
      2.957303088943462
    ],
    "rotation": [
      -0.022647316547191456,
      0.08386943013566767,
      1.6219780689127303
    ]
  },
  {
    "label_id": "6t5TXbljaEfRRcNzVOXzYA",
    "size": [
      0.8625265205562695,
      1.0974695202485283,
      1.8499999999999943
    ],
    "obj_class": "pedestrian",
    "point_num_in_lidar": 46,
    "speed": 1.375106311536371,
    "if_vehicle": false,
    "motion_state": true,
    "pose": [
      [
        0.045433741702415584,
        0.9986051013814625,
        -0.026900308731257403,
        10.145382346639508
      ],
      [
        -0.9954593767550743,
        0.04751249616590007,
        0.0824814642115685,
        17.749789506048046
      ],
      [
        0.08364451174654025,
        0.023030723023911143,
        0.9962294823240672,
        0.6804967879390915
      ],
      [
        0.0,
        0.0,
        0.0,
        1.0
      ]
    ],
    "location": [
      10.145382346639508,
      17.749789506048046,
      0.6804967879390915
    ],
    "rotation": [
      0.02311377240437381,
      -0.08374235524693616,
      -1.5251869986069042
    ]
  },
  {
    "label_id": "7aOQQ6davefvNLKMJjUqXQ",
    "size": [
      2.2310411198850577,
      4.852148003467633,
      1.9801929533056466
    ],
    "obj_class": "vehicle",
    "point_num_in_lidar": 138,
    "speed": 12.192527964811843,
    "if_vehicle": true,
    "motion_state": true,
    "pose": [
      [
        -0.07276583946144574,
        -0.9969862115383713,
        -0.026900308731257403,
        2.4002337044917113
      ],
      [
        0.9937847353238287,
        -0.07475766113826326,
        0.0824814642115685,
        12.946264343790972
      ],
      [
        -0.08424388669107545,
        -0.02073128320925794,
        0.9962294823240672,
        0.7707620222016942
      ],
      [
        0.0,
        0.0,
        0.0,
        1.0
      ]
    ],
    "location": [
      2.4002337044917113,
      12.946264343790972,
      0.7707620222016942
    ],
    "rotation": [
      -0.02080674365123321,
      0.0843438532137148,
      1.643886819798547
    ]
  },
  {
    "label_id": "B1UhxI0hhh6jwIZkATFi7g",
    "size": [
      1.9987453979605374,
      4.525020460928399,
      1.5739141041834728
    ],
    "obj_class": "vehicle",
    "point_num_in_lidar": 52,
    "speed": 2.1610313646285632e-13,
    "if_vehicle": true,
    "motion_state": false,
    "pose": [
      [
        0.10011019535886083,
        0.9946126493139797,
        -0.026900308731257403,
        -3.89107939224823
      ],
      [
        -0.9913576953631653,
        0.10201337121058847,
        0.0824814642115685,
        -2.499392409731172
      ],
      [
        0.08478129881904556,
        0.018410592572671962,
        0.9962294823240672,
        0.6792653483190918
      ],
      [
        0.0,
        0.0,
        0.0,
        1.0
      ]
    ],
    "location": [
      -3.89107939224823,
      -2.499392409731172,
      0.6792653483190918
    ],
    "rotation": [
      0.018478169401569364,
      -0.08488319489104972,
      -1.470154580676501
    ]
  },
  {
    "label_id": "JxIyoHVX0YvNu5vR64HS9g",
    "size": [
      1.9809256751808872,
      4.796997469665328,
      1.6933826924799291
    ],
    "obj_class": "vehicle",
    "point_num_in_lidar": 207,
    "speed": 0.016581902397678903,
    "if_vehicle": true,
    "motion_state": false,
    "pose": [
      [
        0.9927589890788959,
        -0.1170724689805915,
        -0.026900308731257403,
        24.786583315709322
      ],
      [
        0.11891980936991316,
        0.9894720243649838,
        0.0824814642115685,
        36.94338781271085
      ],
      [
        0.01696079427597769,
        -0.08508319461473683,
        0.9962294823240672,
        0.34243626237164904
      ],
      [
        0.0,
        0.0,
        0.0,
        1.0
      ]
    ],
    "location": [
      24.786583315709322,
      36.94338781271085,
      0.34243626237164904
    ],
    "rotation": [
      -0.0851984705492518,
      -0.016961607562424128,
      0.11921913142490838
    ]
  },
  {
    "label_id": "MqqbWQjp-GdFS2H8BlVEHQ",
    "size": [
      2.1095861811265797,
      4.630631076171094,
      1.8405307822855832
    ],
    "obj_class": "vehicle",
    "point_num_in_lidar": 215,
    "speed": 2.383232787117382e-13,
    "if_vehicle": true,
    "motion_state": false,
    "pose": [
      [
        -0.09148153855431385,
        -0.9954433693053053,
        -0.026900308731257403,
        5.821241671754251
      ],
      [
        0.9922050413361545,
        -0.09341286853873841,
        0.0824814642115685,
        22.659825465005724
      ],
      [
        -0.08461846164316315,
        -0.019145090688365708,
        0.9962294823240672,
        0.5031253254439889
      ],
      [
        0.0,
        0.0,
        0.0,
        1.0
      ]
    ],
    "location": [
      5.821241671754251,
      22.659825465005724,
      0.5031253254439889
    ],
    "rotation": [
      -0.019215185555603483,
      0.08471977045065357,
      1.6627366257544307
    ]
  },
  {
    "label_id": "OX5U3iRE9B76hyt2Hm_QfA",
    "size": [
      0.4771418817441582,
      0.08577424699863101,
      0.5900000000000034
    ],
    "obj_class": "sign",
    "point_num_in_lidar": 26,
    "speed": 0.03811807434924836,
    "if_vehicle": false,
    "motion_state": false,
    "pose": [
      [
        -0.04822758161020173,
        -0.9984740726539644,
        -0.026900308731257403,
        8.405398545326989
      ],
      [
        0.9953225441506803,
        -0.050297526449445046,
        0.0824814642115685,
        15.939065144113556
      ],
      [
        -0.08370862247969568,
        -0.02279660217824153,
        0.9962294823240672,
        2.956783038834601
      ],
      [
        0.0,
        0.0,
        0.0,
        1.0
      ]
    ],
    "location": [
      8.405398545326989,
      15.939065144113556,
      2.956783038834601
    ],
    "rotation": [
      -0.022878889719059214,
      0.08380669160988845,
      1.6192126837607996
    ]
  },
  {
    "label_id": "OmJYyGgaaMnfsASi9n00fw",
    "size": [
      2.031111458632575,
      4.380691457949776,
      1.9644241035043137
    ],
    "obj_class": "vehicle",
    "point_num_in_lidar": 28,
    "speed": 3.8003562437593263e-28,
    "if_vehicle": true,
    "motion_state": false,
    "pose": [
      [
        0.9978076000393369,
        -0.06046789804434866,
        -0.026900308731257403,
        15.650733542743637
      ],
      [
        0.062499041140819264,
        0.9946309254783877,
        0.0824814642115685,
        -6.903382418877072
      ],
      [
        0.021768398200531187,
        -0.08398187535477122,
        0.9962294823240672,
        1.3027201939464703
      ],
      [
        0.0,
        0.0,
        0.0,
        1.0
      ]
    ],
    "location": [
      15.650733542743637,
      -6.903382418877072,
      1.3027201939464703
    ],
    "rotation": [
      -0.08410088568513782,
      -0.021770117774229637,
      0.06255464334363328
    ]
  },
  {
    "label_id": "TOU-z8foSgcg9qvDS7CIBg",
    "size": [
      2.207542040738389,
      4.827049478363397,
      1.7021123790440527
    ],
    "obj_class": "vehicle",
    "point_num_in_lidar": 147,
    "speed": 0.04048639369659934,
    "if_vehicle": true,
    "motion_state": false,
    "pose": [
      [
        0.10011019535899025,
        0.9946126493139668,
        -0.026900308731257403,
        -5.353610228841262
      ],
      [
        -0.991357695363152,
        0.10201337121071746,
        0.0824814642115685,
        15.008297334736199
      ],
      [
        0.08478129881904796,
        0.01841059257266093,
        0.9962294823240672,
        0.4840512828110093
      ],
      [
        0.0,
        0.0,
        0.0,
        1.0
      ]
    ],
    "location": [
      -5.353610228841262,
      15.008297334736199,
      0.4840512828110093
    ],
    "rotation": [
      0.018478169401558293,
      -0.08488319489105213,
      -1.4701545806763705
    ]
  },
  {
    "label_id": "WDa3as2XGHECUYKmSKLyyw",
    "size": [
      2.22226551568634,
      4.973210908243344,
      2.2559309886009373
    ],
    "obj_class": "vehicle",
    "point_num_in_lidar": 57,
    "speed": 7.105427357601002e-14,
    "if_vehicle": true,
    "motion_state": false,
    "pose": [
      [
        0.9948983315169898,
        -0.09723005366075255,
        -0.026900308731257403,
        55.196349770790675
      ],
      [
        0.09914264566932994,
        0.9916489015126279,
        0.0824814642115685,
        39.575631317158695
      ],
      [
        0.01865598441239371,
        -0.08472763890210645,
        0.9962294823240672,
        0.7199375615698784
      ],
      [
        0.0,
        0.0,
        0.0,
        1.0
      ]
    ],
    "location": [
      55.196349770790675,
      39.575631317158695,
      0.7199375615698784
    ],
    "rotation": [
      -0.08484414283254968,
      -0.018657066771283436,
      0.09932312789293789
    ]
  },
  {
    "label_id": "ZLBaRFp6mE5LlgoBTAoy7A",
    "size": [
      0.8707760023748962,
      0.09154711928295,
      0.8104090032360034
    ],
    "obj_class": "sign",
    "point_num_in_lidar": 323,
    "speed": 0.03127181913113611,
    "if_vehicle": false,
    "motion_state": false,
    "pose": [
      [
        0.9996381212169547,
        -1.612159460387113e-15,
        -0.026900308731257403,
        11.068644829317236
      ],
      [
        0.002219580070833861,
        0.9965901271464739,
        0.0824814642115685,
        45.862341574026686
      ],
      [
        0.026808582098763085,
        -0.08251132330883501,
        0.9962294823240672,
        2.328605582627148
      ],
      [
        0.0,
        0.0,
        0.0,
        1.0
      ]
    ],
    "location": [
      11.068644829317236,
      45.862341574026686,
      2.328605582627148
    ],
    "rotation": [
      -0.0826350037675827,
      -0.026811794359421975,
      0.00222037993164591
    ]
  },
  {
    "label_id": "bhYhKANAyDhkg07noYOAkA",
    "size": [
      2.22226551568679,
      4.8889781966990995,
      1.8847129082124923
    ],
    "obj_class": "vehicle",
    "point_num_in_lidar": 24,
    "speed": 0.020001056559895113,
    "if_vehicle": true,
    "motion_state": false,
    "pose": [
      [
        0.9948983315169916,
        -0.09723005366073399,
        -0.026900308731257403,
        67.66469032426994
      ],
      [
        0.09914264566931144,
        0.9916489015126297,
        0.0824814642115685,
        40.2745519877717
      ],
      [
        0.01865598441239529,
        -0.0847276389021061,
        0.9962294823240672,
        0.5364648233069147
      ],
      [
        0.0,
        0.0,
        0.0,
        1.0
      ]
    ],
    "location": [
      67.66469032426994,
      40.2745519877717,
      0.5364648233069147
    ],
    "rotation": [
      -0.08484414283254933,
      -0.01865706677128501,
      0.09932312789291929
    ]
  },
  {
    "label_id": "fz9iavVVoqbsK5APyPDSpA",
    "size": [
      0.453015832048327,
      0.07008235808643017,
      0.46999999999999886
    ],
    "obj_class": "sign",
    "point_num_in_lidar": 60,
    "speed": 0.007268924744931065,
    "if_vehicle": false,
    "motion_state": false,
    "pose": [
      [
        -0.039470461484264786,
        -0.9988585766065095,
        -0.026900308731257403,
        -8.746997517741875
      ],
      [
        0.9957253198789353,
        -0.04156796138262793,
        0.0824814642115685,
        34.649384717105704
      ],
      [
        -0.08350550893330975,
        -0.02352973705994492,
        0.9962294823240672,
        1.5270711819112535
      ],
      [
        0.0,
        0.0,
        0.0,
        1.0
      ]
    ],
    "location": [
      -8.746997517741875,
      34.649384717105704,
      1.5270711819112535
    ],
    "rotation": [
      -0.023614401709115808,
      0.08360286442341483,
      1.6104154934051746
    ]
  },
  {
    "label_id": "iS5ynHGkZyiIsjSOuPKFWQ",
    "size": [
      0.7505227831277135,
      0.7906680099413421,
      1.7082300884956396
    ],
    "obj_class": "pedestrian",
    "point_num_in_lidar": 662,
    "speed": 2.2469334198890886e-13,
    "if_vehicle": false,
    "motion_state": false,
    "pose": [
      [
        0.5627698272973631,
        -0.826175825641164,
        -0.026900308731257403,
        -8.434286714738391
      ],
      [
        0.8249062999021406,
        0.559219460000522,
        0.0824814642115685,
        42.67192694157325
      ],
      [
        -0.05310101567254364,
        -0.06860831351130484,
        0.9962294823240672,
        0.380308981805058
      ],
      [
        0.0,
        0.0,
        0.0,
        1.0
      ]
    ],
    "location": [
      -8.434286714738391,
      42.67192694157325,
      0.380308981805058
    ],
    "rotation": [
      -0.06875941457063127,
      0.053126002370921466,
      0.9721013203512089
    ]
  },
  {
    "label_id": "tHKhtgQcsS0Wz4PS_zVcjA",
    "size": [
      2.1334782620640156,
      4.8641791293613394,
      1.4709009365435293
    ],
    "obj_class": "vehicle",
    "point_num_in_lidar": 68,
    "speed": 0.010869293250738814,
    "if_vehicle": true,
    "motion_state": false,
    "pose": [
      [
        -0.129929479580089,
        -0.9911582637128191,
        -0.026900308731257403,
        6.591873411822235
      ],
      [
        0.9878476322713478,
        -0.13173406346654662,
        0.0824814642115685,
        12.859315201186519
      ],
      [
        -0.08529587183410244,
        -0.015856632567528055,
        0.9962294823240672,
        0.5010996581657139
      ],
      [
        0.0,
        0.0,
        0.0,
        1.0
      ]
    ],
    "location": [
      6.591873411822235,
      12.859315201186519,
      0.5010996581657139
    ],
    "rotation": [
      -0.015915302663188607,
      0.08539963864743336,
      1.7015734991213776
    ]
  },
  {
    "label_id": "uX-RMvnFY0DHyPAP6A8xRA",
    "size": [
      0.4472639256038955,
      0.054527554206630025,
      0.5500000000000114
    ],
    "obj_class": "sign",
    "point_num_in_lidar": 59,
    "speed": 0.0043530067929531705,
    "if_vehicle": false,
    "motion_state": false,
    "pose": [
      [
        -0.03947046147598931,
        -0.9988585766068364,
        -0.026900308731257403,
        -8.731147829758811
      ],
      [
        0.9957253198792797,
        -0.04156796137437842,
        0.0824814642115685,
        34.633010658363446
      ],
      [
        -0.08350550893311481,
        -0.023529737060636755,
        0.9962294823240672,
        0.9970711819117071
      ],
      [
        0.0,
        0.0,
        0.0,
        1.0
      ]
    ],
    "location": [
      -8.731147829758811,
      34.633010658363446,
      0.9970711819117071
    ],
    "rotation": [
      -0.023614401709809874,
      0.08360286442321921,
      1.6104154933968629
    ]
  },
  {
    "label_id": "uy6GVxJiDY1gtanYZE9IUw",
    "size": [
      2.018622051562421,
      4.757060653576604,
      1.4300000000000068
    ],
    "obj_class": "vehicle",
    "point_num_in_lidar": 1245,
    "speed": 0.5161737125998227,
    "if_vehicle": true,
    "motion_state": false,
    "pose": [
      [
        -0.9718394129459936,
        -0.23410367112659627,
        -0.026900308731257403,
        8.360612931627202
      ],
      [
        0.23123200993884443,
        -0.9693959797942004,
        0.0824814642115685,
        42.81296195895902
      ],
      [
        -0.045386264711128915,
        0.07393852530239264,
        0.9962294823240672,
        0.25219753876052664
      ],
      [
        0.0,
        0.0,
        0.0,
        1.0
      ]
    ],
    "location": [
      8.360612931627202,
      42.81296195895902,
      0.25219753876052664
    ],
    "rotation": [
      0.07408254161429281,
      0.045401861132365454,
      2.9080036525825634
    ]
  },
  {
    "label_id": "yEBusjdh4lR_HUgWPsXZqQ",
    "size": [
      2.0753277600811115,
      3.91254117639356,
      1.6533826924799087
    ],
    "obj_class": "vehicle",
    "point_num_in_lidar": 46,
    "speed": 0.030745663427080613,
    "if_vehicle": true,
    "motion_state": false,
    "pose": [
      [
        0.9927589890789368,
        -0.11707246898024587,
        -0.026900308731257403,
        43.42655996502299
      ],
      [
        0.11891980936956867,
        0.9894720243650253,
        0.0824814642115685,
        38.46188586081735
      ],
      [
        0.016960794276007315,
        -0.08508319461473093,
        0.9962294823240672,
        0.4760691843218865
      ],
      [
        0.0,
        0.0,
        0.0,
        1.0
      ]
    ],
    "location": [
      43.42655996502299,
      38.46188586081735,
      0.4760691843218865
    ],
    "rotation": [
      -0.08519847054924592,
      -0.016961607562453757,
      0.11921913142456142
    ]
  },
  {
    "label_id": "yUIRJkDbsjzYWignYS5cCw",
    "size": [
      2.1316015798139936,
      4.587690877649102,
      1.8000000000000114
    ],
    "obj_class": "vehicle",
    "point_num_in_lidar": 739,
    "speed": 0.008847438181084182,
    "if_vehicle": true,
    "motion_state": false,
    "pose": [
      [
        -0.9956293132598691,
        0.08943513832853646,
        -0.026900308731257403,
        14.325870020077673
      ],
      [
        -0.0913731208536242,
        -0.9923949621229365,
        0.0824814642115685,
        44.622050647145215
      ],
      [
        -0.019318989703149634,
        0.0845789287303334,
        0.9962294823240672,
        0.4177637985012552
      ],
      [
        0.0,
        0.0,
        0.0,
        1.0
      ]
    ],
    "location": [
      14.325870020077673,
      44.622050647145215,
      0.4177637985012552
    ],
    "rotation": [
      0.08469593992746453,
      0.01932019162140831,
      -3.0500747785042024
    ]
  },
  {
    "label_id": "ys8VEex_FNJg8GeP76TnMA",
    "size": [
      2.58162695683894,
      6.260976991234937,
      2.0136891061903555
    ],
    "obj_class": "vehicle",
    "point_num_in_lidar": 1281,
    "speed": 0.015809612790828133,
    "if_vehicle": true,
    "motion_state": false,
    "pose": [
      [
        0.08951501853647631,
        0.9956221345704289,
        -0.026900308731257403,
        -6.574946071350041
      ],
      [
        -0.9923876279573182,
        0.09145274155957961,
        0.0824814642115685,
        31.641982023484616
      ],
      [
        0.08458047844308887,
        0.019312203775317806,
        0.9962294823240672,
        0.5157530843312088
      ],
      [
        0.0,
        0.0,
        0.0,
        1.0
      ]
    ],
    "location": [
      -6.574946071350041,
      31.641982023484616,
      0.5157530843312088
    ],
    "rotation": [
      0.019382868660322777,
      -0.08468165059236635,
      -1.4808381094024041
    ]
  },
  {
    "label_id": "zOx74XtPnKDBJc--wIBvnw",
    "size": [
      1.9115231574264988,
      4.198530255859416,
      1.71090093654351
    ],
    "obj_class": "vehicle",
    "point_num_in_lidar": 34,
    "speed": 0.014085478991267808,
    "if_vehicle": true,
    "motion_state": false,
    "pose": [
      [
        -0.10498046263188501,
        -0.9941103941996373,
        -0.026900308731257403,
        7.057665624484343
      ],
      [
        0.9908461578121376,
        -0.10686767336496282,
        0.0824814642115685,
        7.444437507725752
      ],
      [
        -0.08487045430843433,
        -0.01799512527884097,
        0.9962294823240672,
        0.6190880129845198
      ],
      [
        0.0,
        0.0,
        0.0,
        1.0
      ]
    ],
    "location": [
      7.057665624484343,
      7.444437507725752,
      0.6190880129845198
    ],
    "rotation": [
      -0.01806126884317576,
      0.08497267287790884,
      1.6763528435151476
    ]
  }
]