[
  {
    "label_id": "16qm9fNtFyC8gqz3QNwy3A",
    "size": [
      2.124266277459784,
      4.468580128393359,
      1.7456632368837859
    ],
    "obj_class": "vehicle",
    "point_num_in_lidar": 196,
    "speed": 0.013672765433605098,
    "if_vehicle": true,
    "motion_state": false,
    "pose": [
      [
        0.9959185879764643,
        -0.08659484382392012,
        -0.025446004520877512,
        13.804430056573437
      ],
      [
        0.0895032429844535,
        0.9838873036047341,
        0.15477384566092475,
        36.161761328847206
      ],
      [
        0.011633383782524749,
        -0.156419649751931,
        0.9876221734819706,
        0.33165704024386855
      ],
      [
        0.0,
        0.0,
        0.0,
        1.0
      ]
    ],
    "location": [
      13.804430056573437,
      36.161761328847206,
      0.33165704024386855
    ],
    "rotation": [
      -0.15707535031913714,
      -0.011633646200370969,
      0.08962925656040899
    ]
  },
  {
    "label_id": "BzeD7Le7OIoH_ykNj0_wzA",
    "size": [
      2.363317178374955,
      6.286180681728389,
      2.9210792184438787
    ],
    "obj_class": "vehicle",
    "point_num_in_lidar": 15551,
    "speed": 0.02193057290743253,
    "if_vehicle": true,
    "motion_state": false,
    "pose": [
      [
        0.06422420017620421,
        0.997611022876978,
        -0.025446004520877512,
        -8.03466873272555
      ],
      [
        -0.9856480339165483,
        0.06740185409742804,
        0.15477384566092475,
        55.904694643381845
      ],
      [
        0.15611920236847737,
        0.01514057788126635,
        0.9876221734819706,
        -0.49939984321991915
      ],
      [
        0.0,
        0.0,
        0.0,
        1.0
      ]
    ],
    "location": [
      -8.03466873272555,
      55.904694643381845,
      -0.49939984321991915
    ],
    "rotation": [
      0.015329133292510915,
      -0.1567604482814556,
      -1.5057289440495865
    ]
  },
  {
    "label_id": "JxIyoHVX0YvNu5vR64HS9g",
    "size": [
      1.980925675180886,
      4.796997469665328,
      1.6933826924799291
    ],
    "obj_class": "vehicle",
    "point_num_in_lidar": 160,
    "speed": 0.060682655803739736,
    "if_vehicle": true,
    "motion_state": false,
    "pose": [
      [
        0.9927968038349702,
        -0.11707692833770142,
        -0.025446004520877512,
        24.724114703068153
      ],
      [
        0.11961522826930755,
        0.9806820350477568,
        0.15477384566092475,
        36.93236017606864
      ],
      [
        0.006833993060374025,
        -0.15670270892871968,
        0.9876221734819706,
        0.329857753182182
      ],
      [
        0.0,
        0.0,
        0.0,
        1.0
      ]
    ],
    "location": [
      24.724114703068153,
      36.93236017606864,
      0.329857753182182
    ],
    "rotation": [
      -0.15735493128978892,
      -0.006834046256680269,
      0.11990513261344568
    ]
  },
  {
    "label_id": "WDa3as2XGHECUYKmSKLyyw",
    "size": [
      2.2222655156863382,
      4.973210908243344,
      2.2559309886009373
    ],
    "obj_class": "vehicle",
    "point_num_in_lidar": 51,
    "speed": 0.0,
    "if_vehicle": true,
    "motion_state": false,
    "pose": [
      [
        0.9949362277618371,
        -0.09723375720895103,
        -0.025446004520877512,
        55.196349770789766
      ],
      [
        0.10001340616307798,
        0.9828745470745427,
        0.15477384566092475,
        39.575631317158695
      ],
      [
        0.00996098763702423,
        -0.15653504774344731,
        0.9876221734819706,
        0.71993756156985
      ],
      [
        0.0,
        0.0,
        0.0,
        1.0
      ]
    ],
    "location": [
      55.196349770789766,
      39.575631317158695,
      0.71993756156985
    ],
    "rotation": [
      -0.1571893333023465,
      -0.00996115236802795,
      0.10018588197575701
    ]
  },
  {
    "label_id": "ZLBaRFp6mE5LlgoBTAoy7A",
    "size": [
      0.8707760023748978,
      0.09154711928295,
      0.8104090032360034
    ],
    "obj_class": "sign",
    "point_num_in_lidar": 242,
    "speed": 0.03603398235397912,
    "if_vehicle": false,
    "motion_state": false,
    "pose": [
      [
        0.9996761980030952,
        -1.1153342887202004e-14,
        -0.025446004520877512,
        11.110106183764401
      ],
      [
        0.003939651643481765,
        0.9879420710974182,
        0.15477384566092475,
        45.840554400364
      ],
      [
        0.02513917840750827,
        -0.15482397797416184,
        0.9876221734819706,
        2.303213556257475
      ],
      [
        0.0,
        0.0,
        0.0,
        1.0
      ]
    ],
    "location": [
      11.110106183764401,
      45.840554400364,
      2.303213556257475
    ],
    "rotation": [
      -0.15549882394307044,
      -0.02514182706333048,
      0.003940907321872151
    ]
  },
  {
    "label_id": "iS5ynHGkZyiIsjSOuPKFWQ",
    "size": [
      0.7505227831279111,
      0.7906680099413421,
      1.7082300884956396
    ],
    "obj_class": "pedestrian",
    "point_num_in_lidar": 310,
    "speed": 7.600712487518653e-28,
    "if_vehicle": false,
    "motion_state": false,
    "pose": [
      [
        0.37915294671181843,
        -0.9249840776217008,
        -0.025446004520877512,
        -8.434286714738391
      ],
      [
        0.9156208957818202,
        0.37105718145189637,
        0.15477384566092475,
        42.671926941573474
      ],
      [
        -0.13372142015190494,
        -0.08198185310973392,
        0.9876221734819706,
        0.369213132143301
      ],
      [
        0.0,
        0.0,
        0.0,
        1.0
      ]
    ],
    "location": [
      -8.434286714738391,
      42.671926941573474,
      0.369213132143301
    ],
    "rotation": [
      -0.08281945262953952,
      0.13412318290192424,
      1.178199463104827
    ]
  },
  {
    "label_id": "uX-RMvnFY0DHyPAP6A8xRA",
    "size": [
      0.4472639256038956,
      0.054527554206630025,
      0.5500000000000114
    ],
    "obj_class": "sign",
    "point_num_in_lidar": 21,
    "speed": 0.020887635205128985,
    "if_vehicle": false,
    "motion_state": false,
    "pose": [
      [
        -0.039471964928359346,
        -0.9988966236996789,
        -0.025446004520877512,
        -8.741007156557771
      ],
      [
        0.9870160912198924,
        -0.0429452252565194,
        0.15477384566092475,
        34.60771421088998
      ],
      [
        -0.15569585626374044,
        -0.01900638811160491,
        0.9876221734819706,
        0.9894026741447419
      ],
      [
        0.0,
        0.0,
        0.0,
        1.0
      ]
    ],
    "location": [
      -8.741007156557771,
      34.60771421088998,
      0.9894026741447419
    ],
    "rotation": [
      -0.01924221911633784,
      0.15633186126328993,
      1.6107662350747765
    ]
  },
  {
    "label_id": "uy6GVxJiDY1gtanYZE9IUw",
    "size": [
      2.0186220515625344,
      4.757060653576604,
      1.4300000000000068
    ],
    "obj_class": "vehicle",
    "point_num_in_lidar": 865,
    "speed": 0.668977952338282,
    "if_vehicle": true,
    "motion_state": false,
    "pose": [
      [
        -0.9789853978381045,
        -0.20233658016703712,
        -0.025446004520877512,
        9.188205093718807
      ],
      [
        0.19610345732854767,
        -0.9682915318865071,
        0.15477384566092475,
        42.59901313320074
      ],
      [
        -0.05595556132824381,
        0.1465312854075519,
        0.9876221734819706,
        0.24272727337111633
      ],
      [
        0.0,
        0.0,
        0.0,
        1.0
      ]
    ],
    "location": [
      9.188205093718807,
      42.59901313320074,
      0.24272727337111633
    ],
    "rotation": [
      0.1472932397401771,
      0.055984802255114534,
      2.943896194192268
    ]
  },
  {
    "label_id": "yEBusjdh4lR_HUgWPsXZqQ",
    "size": [
      2.0753277600811155,
      3.91254117639356,
      1.6533826924799087
    ],
    "obj_class": "vehicle",
    "point_num_in_lidar": 29,
    "speed": 0.005828062229794067,
    "if_vehicle": true,
    "motion_state": false,
    "pose": [
      [
        0.9927968038350112,
        -0.11707692833735313,
        -0.025446004520877512,
        43.4501861045801
      ],
      [
        0.1196152282689635,
        0.9806820350477987,
        0.15477384566092475,
        38.442220065596075
      ],
      [
        0.006833993060429002,
        -0.15670270892871727,
        0.9876221734819706,
        0.40733899462080103
      ],
      [
        0.0,
        0.0,
        0.0,
        1.0
      ]
    ],
    "location": [
      43.4501861045801,
      38.442220065596075,
      0.40733899462080103
    ],
    "rotation": [
      -0.15735493128978653,
      -0.006834046256735247,
      0.11990513261309917
    ]
  },
  {
    "label_id": "yUIRJkDbsjzYWignYS5cCw",
    "size": [
      2.131601579813995,
      4.587690877649102,
      1.8000000000000114
    ],
    "obj_class": "vehicle",
    "point_num_in_lidar": 697,
    "speed": 0.03590271498834196,
    "if_vehicle": true,
    "motion_state": false,
    "pose": [
      [
        -0.995667237348228,
        0.08943854496396354,
        -0.025446004520877512,
        14.349923067979944
      ],
      [
        -0.09231257441154053,
        -0.9836276964913311,
        0.15477384566092475,
        44.64587122045805
      ],
      [
        -0.011186647257388568,
        0.1564522335087839,
        0.9876221734819706,
        0.3627179942723444
      ],
      [
        0.0,
        0.0,
        0.0,
        1.0
      ]
    ],
    "location": [
      14.349923067979944,
      44.64587122045805,
      0.3627179942723444
    ],
    "rotation": [
      0.15710753495157972,
      0.011186880588709217,
      -3.0491426638372867
    ]
  },
  {
    "label_id": "ys8VEex_FNJg8GeP76TnMA",
    "size": [
      2.581626956837953,
      6.260976991234937,
      2.0136891061903555
    ],
    "obj_class": "vehicle",
    "point_num_in_lidar": 452,
    "speed": 0.034930327726405676,
    "if_vehicle": true,
    "motion_state": false,
    "pose": [
      [
        0.09717066632940011,
        0.9949423915277829,
        -0.025446004520877512,
        -6.579144144850034
      ],
      [
        -0.9828808871272459,
        0.09995108013066396,
        0.15477384566092475,
        31.596773844921245
      ],
      [
        0.1565344157847039,
        0.009970913784088205,
        0.9876221734819706,
        0.4962562165771658
      ],
      [
        0.0,
        0.0,
        0.0,
        1.0
      ]
    ],
    "location": [
      -6.579144144850034,
      31.596773844921245,
      0.4962562165771658
    ],
    "rotation": [
      0.010095535828216744,
      -0.15718083013373946,
      -1.4722534291041007
    ]
  }
]