[
  {
    "label_id": "--3U76-QSEsoIV2yw85NbA",
    "size": [
      2.0950777398775204,
      4.5879115876853405,
      1.4773743328262299
    ],
    "obj_class": "vehicle",
    "point_num_in_lidar": 43,
    "speed": 0.016642062165466813,
    "if_vehicle": true,
    "motion_state": false,
    "pose": [
      [
        -0.12511277698974896,
        -0.9916525763189102,
        -0.031176287687619778,
        9.28965206153407
      ],
      [
        0.9921267610871547,
        -0.12522615093045372,
        0.0017032492052313597,
        -22.836692084070137
      ],
      [
        -0.005593117969901935,
        -0.030717731088267468,
        0.9995124501616593,
        0.8046717472706177
      ],
      [
        0.0,
        0.0,
        0.0,
        1.0
      ]
    ],
    "location": [
      9.28965206153407,
      -22.836692084070137,
      0.8046717472706177
    ],
    "rotation": [
      -0.030723044617328093,
      0.005593147131868121,
      1.6962397997929846
    ]
  },
  {
    "label_id": "16qm9fNtFyC8gqz3QNwy3A",
    "size": [
      2.1242662774597845,
      4.468580128393359,
      1.7456632368837859
    ],
    "obj_class": "vehicle",
    "point_num_in_lidar": 826,
    "speed": 0.013672765319532286,
    "if_vehicle": true,
    "motion_state": false,
    "pose": [
      [
        0.9957569014153405,
        -0.08658078522246626,
        -0.031176287687619778,
        13.753877765746893
      ],
      [
        0.08667569383573044,
        0.9962351243758872,
        0.0017032492052313597,
        36.16363239083057
      ],
      [
        0.030911444188435857,
        -0.004398248517486104,
        0.9995124501616593,
        0.3832855473891357
      ],
      [
        0.0,
        0.0,
        0.0,
        1.0
      ]
    ],
    "location": [
      13.753877765746893,
      36.16363239083057,
      0.3832855473891357
    ],
    "rotation": [
      -0.004400365526870906,
      -0.0309163690433694,
      0.0868261865031138
    ]
  },
  {
    "label_id": "2NVCbbXvQZHA_xiuICHZvQ",
    "size": [
      1.2810050965998059,
      0.08202240296736345,
      1.3300000000000125
    ],
    "obj_class": "sign",
    "point_num_in_lidar": 77,
    "speed": 0.02640332316532383,
    "if_vehicle": false,
    "motion_state": false,
    "pose": [
      [
        -0.03941538261591311,
        -0.9987364350514404,
        -0.031176287687619778,
        -5.548551966888681
      ],
      [
        0.9992186097014097,
        -0.03948757992744759,
        0.0017032492052313597,
        -4.018335864052233
      ],
      [
        -0.002932173191142953,
        -0.031084792619760167,
        0.9995124501616593,
        2.969884092050222
      ],
      [
        0.0,
        0.0,
        0.0,
        1.0
      ]
    ],
    "location": [
      -5.548551966888681,
      -4.018335864052233,
      2.969884092050222
    ],
    "rotation": [
      -0.031089934512181037,
      0.0029321773927872773,
      1.6102220918998504
    ]
  },
  {
    "label_id": "7aOQQ6davefvNLKMJjUqXQ",
    "size": [
      2.231041119884739,
      4.852148003467633,
      1.9801929533056466
    ],
    "obj_class": "vehicle",
    "point_num_in_lidar": 6929,
    "speed": 11.059549073974619,
    "if_vehicle": true,
    "motion_state": true,
    "pose": [
      [
        -0.07460391824141216,
        -0.9967257869991362,
        -0.031176287687619778,
        0.36551362132649956
      ],
      [
        0.9972051163574268,
        -0.07469307098195695,
        0.0017032492052313597,
        40.59322906063721
      ],
      [
        -0.004026325073745174,
        -0.03096208452667366,
        0.9995124501616593,
        0.7642917771132716
      ],
      [
        0.0,
        0.0,
        0.0,
        1.0
      ]
    ],
    "location": [
      0.36551362132649956,
      40.59322906063721,
      0.7642917771132716
    ],
    "rotation": [
      -0.030967284723691882,
      0.004026335952480852,
      1.6454702297440296
    ]
  },
  {
    "label_id": "B1UhxI0hhh6jwIZkATFi7g",
    "size": [
      1.9987453979605376,
      4.525020460928399,
      1.5739141041834728
    ],
    "obj_class": "vehicle",
    "point_num_in_lidar": 195,
    "speed": 2.1610313646285632e-13,
    "if_vehicle": true,
    "motion_state": false,
    "pose": [
      [
        0.1000977551865889,
        0.9944890539833128,
        -0.031176287687619778,
        -3.89107939224823
      ],
      [
        -0.9949659437242346,
        0.10019915055073081,
        0.0017032492052313597,
        -2.4993924097313993
      ],
      [
        0.004817700234433074,
        0.030848853078963845,
        0.9995124501616593,
        0.6998906815252326
      ],
      [
        0.0,
        0.0,
        0.0,
        1.0
      ]
    ],
    "location": [
      -3.89107939224823,
      -2.4993924097313993,
      0.6998906815252326
    ],
    "rotation": [
      0.03085410625087955,
      -0.00481771887128727,
      -1.4705294899586292
    ]
  },
  {
    "label_id": "JxIyoHVX0YvNu5vR64HS9g",
    "size": [
      1.9809256751808864,
      4.796997469665328,
      1.6933826924799291
    ],
    "obj_class": "vehicle",
    "point_num_in_lidar": 118,
    "speed": 0.010021761221445782,
    "if_vehicle": true,
    "motion_state": false,
    "pose": [
      [
        0.9926356240929263,
        -0.11705792099497452,
        -0.031176287687619778,
        24.692591097949844
      ],
      [
        0.11716744152966999,
        0.9931107136606352,
        0.0017032492052313597,
        36.93981209076492
      ],
      [
        0.030762126503840626,
        -0.005343551702571971,
        0.9995124501616593,
        0.3550171041682688
      ],
      [
        0.0,
        0.0,
        0.0,
        1.0
      ]
    ],
    "location": [
      24.692591097949844,
      36.93981209076492,
      0.3550171041682688
    ],
    "rotation": [
      -0.005346107288445909,
      -0.030766980314323,
      0.11749305712176163
    ]
  },
  {
    "label_id": "MqqbWQjp-GdFS2H8BlVEHQ",
    "size": [
      2.109586181126579,
      4.630631076171094,
      1.8405307822855832
    ],
    "obj_class": "vehicle",
    "point_num_in_lidar": 1196,
    "speed": 0.03024574547826582,
    "if_vehicle": true,
    "motion_state": false,
    "pose": [
      [
        -0.09147017062025749,
        -0.9953196707453942,
        -0.031176287687619778,
        5.801329086512396
      ],
      [
        0.9957974218167125,
        -0.0915674267702952,
        0.0017032492052313597,
        22.667403888504168
      ],
      [
        -0.0045500098779540105,
        -0.030889470405736558,
        0.9995124501616593,
        0.5031253254439605
      ],
      [
        0.0,
        0.0,
        0.0,
        1.0
      ]
    ],
    "location": [
      5.801329086512396,
      22.667403888504168,
      0.5031253254439605
    ],
    "rotation": [
      -0.030894704666087906,
      0.004550025577598355,
      1.6623954828802114
    ]
  },
  {
    "label_id": "OX5U3iRE9B76hyt2Hm_QfA",
    "size": [
      0.47714188174416133,
      0.08577424699863101,
      0.5900000000000034
    ],
    "obj_class": "sign",
    "point_num_in_lidar": 39,
    "speed": 0.01604969844973324,
    "if_vehicle": false,
    "motion_state": false,
    "pose": [
      [
        -0.04822158861997399,
        -0.9983499974843416,
        -0.031176287687619778,
        8.34740673981878
      ],
      [
        0.9988315166843692,
        -0.048298035365298454,
        0.0017032492052313597,
        15.969513423644457
      ],
      [
        -0.0032061922850533135,
        -0.03105772533312152,
        0.9995124501616593,
        2.9761697199125194
      ],
      [
        0.0,
        0.0,
        0.0,
        1.0
      ]
    ],
    "location": [
      8.34740673981878,
      15.969513423644457,
      2.9761697199125194
    ],
    "rotation": [
      -0.031062880166833694,
      0.003206197778177947,
      1.6190368715893853
    ]
  },
  {
    "label_id": "OmJYyGgaaMnfsASi9n00fw",
    "size": [
      2.0311114586325747,
      4.380691457949776,
      1.9644241035043137
    ],
    "obj_class": "vehicle",
    "point_num_in_lidar": 86,
    "speed": 0.035152788155961213,
    "if_vehicle": true,
    "motion_state": false,
    "pose": [
      [
        0.9976836076887933,
        -0.060460384013772794,
        -0.031176287687619778,
        15.622168760991826
      ],
      [
        0.0605427297147368,
        0.9981641532437605,
        0.0017032492052313597,
        -6.902649364996705
      ],
      [
        0.031016073699977425,
        -0.0035868013708487334,
        0.9995124501616593,
        1.2715219373417597
      ],
      [
        0.0,
        0.0,
        0.0,
        1.0
      ]
    ],
    "location": [
      15.622168760991826,
      -6.902649364996705,
      1.2715219373417597
    ],
    "rotation": [
      -0.0035885355643202844,
      -0.031021048748054527,
      0.060608972197276734
    ]
  },
  {
    "label_id": "Prru6-BdBBgFi7DlZ0Frkw",
    "size": [
      2.0682020404967743,
      4.505317198311542,
      1.557741650054254
    ],
    "obj_class": "vehicle",
    "point_num_in_lidar": 82,
    "speed": 0.005087310737001873,
    "if_vehicle": true,
    "motion_state": false,
    "pose": [
      [
        0.1267956949691732,
        0.991438798324588,
        -0.031176287687619778,
        -2.7144831520672597
      ],
      [
        -0.991912789984104,
        0.12690987356425665,
        0.0017032492052313597,
        -16.771639182730496
      ],
      [
        0.005645246073920605,
        0.030708193834891,
        0.9995124501616593,
        0.9264970071996572
      ],
      [
        0.0,
        0.0,
        0.0,
        1.0
      ]
    ],
    "location": [
      -2.7144831520672597,
      -16.771639182730496,
      0.9264970071996572
    ],
    "rotation": [
      0.030713511712827914,
      -0.005645276058890011,
      -1.4436563609317936
    ]
  },
  {
    "label_id": "TOU-z8foSgcg9qvDS7CIBg",
    "size": [
      2.2075420407383883,
      4.827049478363397,
      1.7021123790440527
    ],
    "obj_class": "vehicle",
    "point_num_in_lidar": 656,
    "speed": 0.00923075918886111,
    "if_vehicle": true,
    "motion_state": false,
    "pose": [
      [
        0.10009775518672183,
        0.9944890539832996,
        -0.031176287687619778,
        -5.342757526456353
      ],
      [
        -0.9949659437242213,
        0.10019915055086381,
        0.0017032492052313597,
        15.04392291162685
      ],
      [
        0.004817700234437197,
        0.030848853078963203,
        0.9995124501616593,
        0.5936948632455028
      ],
      [
        0.0,
        0.0,
        0.0,
        1.0
      ]
    ],
    "location": [
      -5.342757526456353,
      15.04392291162685,
      0.5936948632455028
    ],
    "rotation": [
      0.030854106250878907,
      -0.0048177188712913935,
      -1.4705294899584958
    ]
  },
  {
    "label_id": "VRcfGaw0meC0a924KQ9jXQ",
    "size": [
      1.830694031263241,
      4.489773390241616,
      1.5209009365435122
    ],
    "obj_class": "vehicle",
    "point_num_in_lidar": 79,
    "speed": 2.1610313646285632e-13,
    "if_vehicle": true,
    "motion_state": false,
    "pose": [
      [
        -0.06657659659977357,
        -0.9972941370885572,
        -0.031176287687619778,
        7.496707671851709
      ],
      [
        0.9977741687031956,
        -0.06666188724295057,
        0.0017032492052313597,
        2.8337979225900654
      ],
      [
        -0.0037769106208638777,
        -0.03099349799552092,
        0.9995124501616593,
        0.603701599566989
      ],
      [
        0.0,
        0.0,
        0.0,
        1.0
      ]
    ],
    "location": [
      7.496707671851709,
      2.8337979225900654,
      0.603701599566989
    ],
    "rotation": [
      -0.030998683355370465,
      0.0037769196005604123,
      1.6374226805053391
    ]
  },
  {
    "label_id": "VhAZsD52tn5_W0vPQveyuQ",
    "size": [
      0.5452644526803323,
      0.06816717352634934,
      0.3915916591285793
    ],
    "obj_class": "sign",
    "point_num_in_lidar": 39,
    "speed": 0.023048058593770966,
    "if_vehicle": false,
    "motion_state": false,
    "pose": [
      [
        0.3475040811926554,
        -0.937160046438423,
        -0.031176287687619778,
        8.337405907694574
      ],
      [
        0.9376329295782708,
        0.3476227672529724,
        0.0017032492052313597,
        15.915180868259768
      ],
      [
        0.009241370294374331,
        -0.029823800008023947,
        0.9995124501616593,
        2.4318721662740757
      ],
      [
        0.0,
        0.0,
        0.0,
        1.0
      ]
    ],
    "location": [
      8.337405907694574,
      15.915180868259768,
      2.4318721662740757
    ],
    "rotation": [
      -0.0298294971216186,
      -0.009241501839438742,
      1.2158725209171624
    ]
  },
  {
    "label_id": "WDa3as2XGHECUYKmSKLyyw",
    "size": [
      2.2222655156863387,
      4.973210908243344,
      2.2559309886009373
    ],
    "obj_class": "vehicle",
    "point_num_in_lidar": 25,
    "speed": 7.105427357601002e-14,
    "if_vehicle": true,
    "motion_state": false,
    "pose": [
      [
        0.9947747006860839,
        -0.09721797138868446,
        -0.031176287687619778,
        55.19634977079022
      ],
      [
        0.09731798557933449,
        0.9952518820001927,
        0.0017032492052313597,
        39.575631317158695
      ],
      [
        0.03086267256238103,
        -0.0047283627339288,
        0.9995124501616593,
        0.71993756156985
      ],
      [
        0.0,
        0.0,
        0.0,
        1.0
      ]
    ],
    "location": [
      55.19634977079022,
      39.575631317158695,
      0.71993756156985
    ],
    "rotation": [
      -0.00473063388181309,
      -0.03086757413633204,
      0.09751885936973105
    ]
  },
  {
    "label_id": "fz9iavVVoqbsK5APyPDSpA",
    "size": [
      0.4530158320463663,
      0.07008235808643017,
      0.46999999999999886
    ],
    "obj_class": "sign",
    "point_num_in_lidar": 128,
    "speed": 0.06272455084581707,
    "if_vehicle": false,
    "motion_state": false,
    "pose": [
      [
        -0.11179983138611664,
        -0.9932415802754407,
        -0.031176287687619778,
        -8.73136489021499
      ],
      [
        0.9937172431420092,
        -0.11190683457407775,
        0.0017032492052313597,
        34.60033507155845
      ],
      [
        -0.0051805776010992064,
        -0.03078999167839028,
        0.9995124501616593,
        1.5689697826969677
      ],
      [
        0.0,
        0.0,
        0.0,
        1.0
      ]
    ],
    "location": [
      -8.73136489021499,
      34.60033507155845,
      1.5689697826969677
    ],
    "rotation": [
      -0.030795272075853652,
      0.0051806007744344875,
      1.682831889208424
    ]
  },
  {
    "label_id": "iogkkV5oEXjr0DfbLfwc_g",
    "size": [
      2.2028977633912015,
      4.770608925036843,
      2.0027315778669106
    ],
    "obj_class": "vehicle",
    "point_num_in_lidar": 29,
    "speed": 3.552713678800501e-14,
    "if_vehicle": true,
    "motion_state": false,
    "pose": [
      [
        0.9980553944644214,
        -0.05397655663792414,
        -0.031176287687619778,
        16.155279155358585
      ],
      [
        0.05405577820680529,
        0.9985364649248427,
        0.0017032492052313597,
        -13.413703793059767
      ],
      [
        0.031038724569881077,
        -0.003385195549951926,
        0.9995124501616593,
        1.1416354758850105
      ],
      [
        0.0,
        0.0,
        0.0,
        1.0
      ]
    ],
    "location": [
      16.155279155358585,
      -13.413703793059767,
      1.1416354758850105
    ],
    "rotation": [
      -0.0033868338567841967,
      -0.031043710528827748,
      0.0541082340272169
    ]
  },
  {
    "label_id": "r1p6PyqLcMUccaazkqr71Q",
    "size": [
      2.0870424598873485,
      4.456347604207281,
      1.7864091602359622
    ],
    "obj_class": "vehicle",
    "point_num_in_lidar": 20,
    "speed": 0.019402088977465464,
    "if_vehicle": true,
    "motion_state": false,
    "pose": [
      [
        -0.9952260989918428,
        0.09248270633744227,
        -0.031176287687619778,
        55.926881442351714
      ],
      [
        -0.09258044847460387,
        -0.9957037508729121,
        0.0017032492052313597,
        47.85514107282711
      ],
      [
        -0.0308848254927891,
        0.004581432758026472,
        0.9995124501616593,
        0.6843969243362267
      ],
      [
        0.0,
        0.0,
        0.0,
        1.0
      ]
    ],
    "location": [
      55.926881442351714,
      47.85514107282711,
      0.6843969243362267
    ],
    "rotation": [
      0.004583635423827907,
      0.030889737632252272,
      -3.0488350618069644
    ]
  },
  {
    "label_id": "tHKhtgQcsS0Wz4PS_zVcjA",
    "size": [
      2.1334782620640156,
      4.8641791293613394,
      1.4709009365435293
    ],
    "obj_class": "vehicle",
    "point_num_in_lidar": 366,
    "speed": 0.000686821067495222,
    "if_vehicle": true,
    "motion_state": false,
    "pose": [
      [
        -0.12991333392077054,
        -0.9910350976406482,
        -0.031176287687619778,
        6.589031398227689
      ],
      [
        0.9915087278420522,
        -0.1300290027462328,
        0.0017032492052313597,
        12.88524648055477
      ],
      [
        -0.005741801339763672,
        -0.03069028656124021,
        0.9995124501616593,
        0.5010996581656855
      ],
      [
        0.0,
        0.0,
        0.0,
        1.0
      ]
    ],
    "location": [
      6.589031398227689,
      12.88524648055477,
      0.5010996581656855
    ],
    "rotation": [
      -0.03069561258960105,
      0.005741832889786634,
      1.7010800590433566
    ]
  },
  {
    "label_id": "uX-RMvnFY0DHyPAP6A8xRA",
    "size": [
      0.44726392560389444,
      0.054527554206630025,
      0.5500000000000114
    ],
    "obj_class": "sign",
    "point_num_in_lidar": 77,
    "speed": 0.04935184394259973,
    "if_vehicle": false,
    "motion_state": false,
    "pose": [
      [
        -0.03946555668741595,
        -0.9987344536569124,
        -0.031176287687619778,
        -8.738795461950303
      ],
      [
        0.9992166246792537,
        -0.03953777822215638,
        0.0017032492052313597,
        34.59937479618861
      ],
      [
        -0.002933734812811567,
        -0.03108464527519095,
        0.9995124501616593,
        1.0356772958240867
      ],
      [
        0.0,
        0.0,
        0.0,
        1.0
      ]
    ],
    "location": [
      -8.738795461950303,
      34.59937479618861,
      1.0356772958240867
    ],
    "rotation": [
      -0.03108978723818276,
      0.0029337390211726408,
      1.6102723054381973
    ]
  },
  {
    "label_id": "uy6GVxJiDY1gtanYZE9IUw",
    "size": [
      2.018622051562428,
      4.757060653576604,
      1.4300000000000068
    ],
    "obj_class": "vehicle",
    "point_num_in_lidar": 701,
    "speed": 0.6892393527679967,
    "if_vehicle": true,
    "motion_state": false,
    "pose": [
      [
        -0.9635612150320922,
        -0.26566487154288393,
        -0.031176287687619778,
        7.42341921141724
      ],
      [
        0.2657424719218323,
        -0.9640425496621086,
        0.0017032492052313597,
        43.051828024884344
      ],
      [
        -0.030507761352685677,
        -0.0066436788817590894,
        0.9995124501616593,
        0.30920919747535436
      ],
      [
        0.0,
        0.0,
        0.0,
        1.0
      ]
    ],
    "location": [
      7.42341921141724,
      43.051828024884344,
      0.30920919747535436
    ],
    "rotation": [
      -0.006646821698542589,
      0.03051249571757816,
      2.8724902783843187
    ]
  },
  {
    "label_id": "vyRXlUjkcqmSafqFWVeyfw",
    "size": [
      2.2640839842074887,
      4.927576127500028,
      1.8239563287957026
    ],
    "obj_class": "vehicle",
    "point_num_in_lidar": 36,
    "speed": 0.004409593506763255,
    "if_vehicle": true,
    "motion_state": false,
    "pose": [
      [
        -0.09608102397507592,
        -0.9948851571502711,
        -0.031176287687619778,
        9.725578727697211
      ],
      [
        0.9953624524545386,
        -0.09618049275103191,
        0.0017032492052313597,
        -28.350087261524777
      ],
      [
        -0.004693088065155874,
        -0.03086805624345409,
        0.9995124501616593,
        1.0379339756250374
      ],
      [
        0.0,
        0.0,
        0.0,
        1.0
      ]
    ],
    "location": [
      9.725578727697211,
      -28.350087261524777,
      1.0379339756250374
    ],
    "rotation": [
      -0.030873300486999856,
      0.0046931052929298535,
      1.6670268609856207
    ]
  },
  {
    "label_id": "yEBusjdh4lR_HUgWPsXZqQ",
    "size": [
      2.075327760081112,
      3.91254117639356,
      1.6533826924799087
    ],
    "obj_class": "vehicle",
    "point_num_in_lidar": 82,
    "speed": 0.02174433524349388,
    "if_vehicle": true,
    "motion_state": false,
    "pose": [
      [
        0.9926356240929671,
        -0.11705792099462714,
        -0.031176287687619778,
        43.372020266202526
      ],
      [
        0.11716744152932244,
        0.9931107136606762,
        0.0017032492052313597,
        38.485278236734075
      ],
      [
        0.030762126503842493,
        -0.0053435517025612065,
        0.9995124501616593,
        0.5886599298460169
      ],
      [
        0.0,
        0.0,
        0.0,
        1.0
      ]
    ],
    "location": [
      43.372020266202526,
      38.485278236734075,
      0.5886599298460169
    ],
    "rotation": [
      -0.005346107288435139,
      -0.030766980314324868,
      0.11749305712141153
    ]
  },
  {
    "label_id": "yUIRJkDbsjzYWignYS5cCw",
    "size": [
      2.1316015798139936,
      4.587690877649102,
      1.8000000000000114
    ],
    "obj_class": "vehicle",
    "point_num_in_lidar": 468,
    "speed": 0.045568175233823505,
    "if_vehicle": true,
    "motion_state": false,
    "pose": [
      [
        -0.9955055915936715,
        0.08942402468997411,
        -0.031176287687619778,
        14.320081318077882
      ],
      [
        -0.08952029858212512,
        -0.9959835415728073,
        0.0017032492052313597,
        44.60866889582371
      ],
      [
        -0.030898758025226465,
        0.004486504690163249,
        0.9995124501616593,
        0.4523981709550071
      ],
      [
        0.0,
        0.0,
        0.0,
        1.0
      ]
    ],
    "location": [
      14.320081318077882,
      44.60866889582371,
      0.4523981709550071
    ],
    "rotation": [
      0.004488663005537056,
      0.030903676817378985,
      -3.051909417101555
    ]
  },
  {
    "label_id": "ys8VEex_FNJg8GeP76TnMA",
    "size": [
      2.581626956838606,
      6.260976991234937,
      2.0136891061903555
    ],
    "obj_class": "vehicle",
    "point_num_in_lidar": 10927,
    "speed": 0.0490756892658316,
    "if_vehicle": true,
    "motion_state": false,
    "pose": [
      [
        0.08832612599941211,
        0.9956036031232283,
        -0.031176287687619778,
        -6.6077558117099215
      ],
      [
        -0.9960816589826504,
        0.08842187274942494,
        0.0017032492052313597,
        31.60209714387338
      ],
      [
        0.004452426788459296,
        0.03090368695689502,
        0.9995124501616593,
        0.5187531419085758
      ],
      [
        0.0,
        0.0,
        0.0,
        1.0
      ]
    ],
    "location": [
      -6.6077558117099215,
      31.60209714387338,
      0.5187531419085758
    ],
    "rotation": [
      0.030908914573909922,
      -0.004452441499486043,
      -1.4823540706720324
    ]
  },
  {
    "label_id": "zOx74XtPnKDBJc--wIBvnw",
    "size": [
      1.9115231574264981,
      4.198530255859416,
      1.71090093654351
    ],
    "obj_class": "vehicle",
    "point_num_in_lidar": 182,
    "speed": 0.014085478756201053,
    "if_vehicle": true,
    "motion_state": false,
    "pose": [
      [
        -0.10496741725688319,
        -0.9939868612815957,
        -0.031176287687619778,
        7.02396779210676
      ],
      [
        0.9944632486826928,
        -0.10507114714140091,
        0.0017032492052313597,
        7.441741940832571
      ],
      [
        -0.004968735642436834,
        -0.03082488666567862,
        0.9995124501616593,
        0.6190880129844913
      ],
      [
        0.0,
        0.0,
        0.0,
        1.0
      ]
    ],
    "location": [
      7.02396779210676,
      7.441741940832571,
      0.6190880129844913
    ],
    "rotation": [
      -0.030830150948700594,
      0.0049687560876313965,
      1.675958766994895
    ]
  }
]