[
  {
    "label_id": "--3U76-QSEsoIV2yw85NbA",
    "size": [
      2.0950777398775213,
      4.5879115876853405,
      1.4773743328262299
    ],
    "obj_class": "vehicle",
    "point_num_in_lidar": 496,
    "speed": 0.012114045720962715,
    "if_vehicle": true,
    "motion_state": false,
    "pose": [
      [
        -0.12514583645145771,
        -0.9919146079128117,
        -0.021069651825273292,
        9.36381137541639
      ],
      [
        0.9920827448873215,
        -0.12533545013506864,
        0.00792794022917922,
        -22.77538898850503
      ],
      [
        -0.010504614019692311,
        -0.0199106893053195,
        0.9997465766561466,
        0.8363067155905242
      ],
      [
        0.0,
        0.0,
        0.0,
        1.0
      ]
    ],
    "location": [
      9.36381137541639,
      -22.77538898850503,
      0.8363067155905242
    ],
    "rotation": [
      -0.019913103941249895,
      0.010504807221245723,
      1.6962781086715268
    ]
  },
  {
    "label_id": "0XEOOu0aPfh0jy49JW5Xmw",
    "size": [
      1.8428869658624445,
      4.670595546022981,
      1.6080087281538908
    ],
    "obj_class": "vehicle",
    "point_num_in_lidar": 30,
    "speed": 0.002835608886817245,
    "if_vehicle": true,
    "motion_state": false,
    "pose": [
      [
        0.03368021109141396,
        0.9992105449567672,
        -0.021069651825273292,
        -7.486090226615033
      ],
      [
        -0.9993953575814716,
        0.03385361145173571,
        0.00792794022917922,
        -53.57862889361513
      ],
      [
        0.008634965283099002,
        0.020789897519597242,
        0.9997465766561466,
        1.2898427139986097
      ],
      [
        0.0,
        0.0,
        0.0,
        1.0
      ]
    ],
    "location": [
      -7.486090226615033,
      -53.57862889361513,
      1.2898427139986097
    ],
    "rotation": [
      0.020792170730908346,
      -0.008635072594313356,
      -1.537108488463616
    ]
  },
  {
    "label_id": "1PJMXh_QRnuK0Be6MrKRjw",
    "size": [
      1.0968769281255104,
      1.1237519986293447,
      1.6599999999999966
    ],
    "obj_class": "pedestrian",
    "point_num_in_lidar": 26,
    "speed": 1.3679789414166164,
    "if_vehicle": false,
    "motion_state": true,
    "pose": [
      [
        -0.05831235159101252,
        -0.9980760188602309,
        -0.021069651825273292,
        -4.109336096783409
      ],
      [
        0.9982564988998912,
        -0.0584902570335769,
        0.00792794022917922,
        -62.77664857301306
      ],
      [
        -0.00914505637256927,
        -0.020570620026100595,
        0.9997465766561466,
        1.3176952163089766
      ],
      [
        0.0,
        0.0,
        0.0,
        1.0
      ]
    ],
    "location": [
      -4.109336096783409,
      -62.77664857301306,
      1.3176952163089766
    ],
    "rotation": [
      -0.020572931464445932,
      0.009145183847344633,
      1.629144218632181
    ]
  },
  {
    "label_id": "2Cz4S0_K-vtB5MmfFWn30w",
    "size": [
      2.0354224153175426,
      4.51469033328051,
      1.9641317074623146
    ],
    "obj_class": "vehicle",
    "point_num_in_lidar": 73,
    "speed": 1.2809491335957507e-13,
    "if_vehicle": true,
    "motion_state": false,
    "pose": [
      [
        -0.08182243011671413,
        -0.996424186630251,
        -0.021069651825273292,
        12.079111073829608
      ],
      [
        0.9966004230020038,
        -0.0820045403374082,
        0.00792794022917922,
        -61.32812203893036
      ],
      [
        -0.00962739850751392,
        -0.020349340586200807,
        0.9997465766561466,
        0.9439264154131592
      ],
      [
        0.0,
        0.0,
        0.0,
        1.0
      ]
    ],
    "location": [
      12.079111073829608,
      -61.32812203893036,
      0.9439264154131592
    ],
    "rotation": [
      -0.020351688595469698,
      0.009627547235847233,
      1.6527141369907792
    ]
  },
  {
    "label_id": "2NVCbbXvQZHA_xiuICHZvQ",
    "size": [
      1.2810050965997275,
      0.08202240296736345,
      1.3300000000000125
    ],
    "obj_class": "sign",
    "point_num_in_lidar": 30,
    "speed": 0.0169219251399261,
    "if_vehicle": false,
    "motion_state": false,
    "pose": [
      [
        -0.016773633741988554,
        -0.999637291712875,
        -0.021069651825273292,
        -5.56258883473356
      ],
      [
        0.9998250109828869,
        -0.01694388316746793,
        0.00792794022917922,
        -4.024168990189764
      ],
      [
        -0.008282066418464924,
        -0.020932984501876847,
        0.9997465766561466,
        2.957303088943405
      ],
      [
        0.0,
        0.0,
        0.0,
        1.0
      ]
    ],
    "location": [
      -5.56258883473356,
      -4.024168990189764,
      2.957303088943405
    ],
    "rotation": [
      -0.020935231692058832,
      0.008282161102832395,
      1.5875713225778436
    ]
  },
  {
    "label_id": "8urfTofpA8JqmNQ99FVdxw",
    "size": [
      0.8290984996345684,
      0.07241923128280195,
      0.8481025854576956
    ],
    "obj_class": "sign",
    "point_num_in_lidar": 46,
    "speed": 0.022110967745082716,
    "if_vehicle": false,
    "motion_state": false,
    "pose": [
      [
        0.007955402290181417,
        -0.999746358506178,
        -0.021069651825273292,
        -2.781019632481275
      ],
      [
        0.9999382311099291,
        0.007789847782119592,
        0.00792794022917922,
        -36.82004337231547
      ],
      [
        -0.007761799994035421,
        -0.021131420330121505,
        0.9997465766561466,
        3.0039600870896663
      ],
      [
        0.0,
        0.0,
        0.0,
        1.0
      ]
    ],
    "location": [
      -2.781019632481275,
      -36.82004337231547,
      3.0039600870896663
    ],
    "rotation": [
      -0.021133630013973257,
      0.007761877931785935,
      1.562840600931015
    ]
  },
  {
    "label_id": "B1UhxI0hhh6jwIZkATFi7g",
    "size": [
      1.998745397960538,
      4.525020460928399,
      1.5739141041834728
    ],
    "obj_class": "vehicle",
    "point_num_in_lidar": 3536,
    "speed": 0.03049435754376025,
    "if_vehicle": true,
    "motion_state": false,
    "pose": [
      [
        0.10012420474661235,
        0.9947518350803985,
        -0.021069651825273292,
        -3.89107939224823
      ],
      [
        -0.9949246942493857,
        0.10030952365797027,
        0.00792794022917922,
        -2.499392409731172
      ],
      [
        0.009999819829616192,
        0.0201689381894758,
        0.9997465766561466,
        0.7737963432921333
      ],
      [
        0.0,
        0.0,
        0.0,
        1.0
      ]
    ],
    "location": [
      -3.89107939224823,
      -2.499392409731172,
      0.7737963432921333
    ],
    "rotation": [
      0.020171314538418993,
      -0.009999986494774273,
      -1.4704990426916646
    ]
  },
  {
    "label_id": "Dh9hqZe6xlb1umyJ5aRbsQ",
    "size": [
      0.4289871612882726,
      0.03500187320786129,
      0.5200000000000102
    ],
    "obj_class": "sign",
    "point_num_in_lidar": 32,
    "speed": 0.010300730181732033,
    "if_vehicle": false,
    "motion_state": false,
    "pose": [
      [
        -0.05306505179926546,
        -0.9983687545438825,
        -0.021069651825273292,
        -3.2661982577487834
      ],
      [
        0.99855016726915,
        -0.05324200607110108,
        0.00792794022917922,
        -33.06507769097675
      ],
      [
        -0.009036798343101187,
        -0.020618407795506527,
        0.9997465766561466,
        1.6739862563845236
      ],
      [
        0.0,
        0.0,
        0.0,
        1.0
      ]
    ],
    "location": [
      -3.2661982577487834,
      -33.06507769097675,
      1.6739862563845236
    ],
    "rotation": [
      -0.02062071107221752,
      0.009036921344056092,
      1.6238884844505852
    ]
  },
  {
    "label_id": "H1tav3xjofg6y0L4ChXbOQ",
    "size": [
      1.9349192274204687,
      4.302774069524423,
      1.7321937601380455
    ],
    "obj_class": "vehicle",
    "point_num_in_lidar": 71,
    "speed": 0.012734774781578665,
    "if_vehicle": true,
    "motion_state": false,
    "pose": [
      [
        0.1013760663514316,
        0.9946250363544406,
        -0.021069651825273292,
        0.8113035031578875
      ],
      [
        -0.9947976621541619,
        0.10156160266723088,
        0.00792794022917922,
        -62.106117421765475
      ],
      [
        0.010025195445678516,
        0.020156336983480592,
        0.9997465766561466,
        0.9881229624323566
      ],
      [
        0.0,
        0.0,
        0.0,
        1.0
      ]
    ],
    "location": [
      0.8113035031578875,
      -62.106117421765475,
      0.9881229624323566
    ],
    "rotation": [
      0.020158715262779903,
      -0.010025363382889597,
      -1.4692406891971488
    ]
  },
  {
    "label_id": "LjhBYT85_Si4U-7ahKCHRw",
    "size": [
      0.7605374054823802,
      0.8583638543344657,
      1.7199999999999989
    ],
    "obj_class": "pedestrian",
    "point_num_in_lidar": 22,
    "speed": 3.7765864436546257e-13,
    "if_vehicle": false,
    "motion_state": false,
    "pose": [
      [
        0.12091912794410734,
        0.9924387307381743,
        -0.021069651825273292,
        -1.0936797521926565
      ],
      [
        -0.9926076739445113,
        0.12110802364083544,
        0.00792794022917922,
        -58.274763576580426
      ],
      [
        0.010419698829774105,
        0.019955258470199896,
        0.9997465766561466,
        1.2767673484955822
      ],
      [
        0.0,
        0.0,
        0.0,
        1.0
      ]
    ],
    "location": [
      -1.0936797521926565,
      -58.274763576580426,
      1.2767673484955822
    ],
    "rotation": [
      0.019957666689050666,
      -0.010419887383651493,
      -1.4495739612895089
    ]
  },
  {
    "label_id": "OmJYyGgaaMnfsASi9n00fw",
    "size": [
      2.0311114586325743,
      4.380691457949776,
      1.9644241035043137
    ],
    "obj_class": "vehicle",
    "point_num_in_lidar": 1259,
    "speed": 0.06473726340817279,
    "if_vehicle": true,
    "motion_state": false,
    "pose": [
      [
        0.9979472329061074,
        -0.06047635990207485,
        -0.021069651825273292,
        15.550766455597113
      ],
      [
        0.06065465626439172,
        0.998127326766065,
        0.00792794022917922,
        -6.900816977915838
      ],
      [
        0.020550742285669797,
        -0.009189638503426778,
        0.9997465766561466,
        1.2104302655920378
      ],
      [
        0.0,
        0.0,
        0.0,
        1.0
      ]
    ],
    "location": [
      15.550766455597113,
      -6.900816977915838,
      1.2104302655920378
    ],
    "rotation": [
      -0.00919170909237949,
      -0.020552189103456884,
      0.060704745185192414
    ]
  },
  {
    "label_id": "Prru6-BdBBgFi7DlZ0Frkw",
    "size": [
      2.0682020404967747,
      4.505317198311542,
      1.557741650054254
    ],
    "obj_class": "vehicle",
    "point_num_in_lidar": 1280,
    "speed": 0.013545934744316469,
    "if_vehicle": true,
    "motion_state": false,
    "pose": [
      [
        0.12682919912057006,
        0.9917007734303713,
        -0.021069651825273292,
        -2.7158984939910624
      ],
      [
        -0.9918685883378484,
        0.1270190979042372,
        0.00792794022917922,
        -16.777468041516386
      ],
      [
        0.010538392624989366,
        0.01989283150276125,
        0.9997465766561466,
        0.9264970071996572
      ],
      [
        0.0,
        0.0,
        0.0,
        1.0
      ]
    ],
    "location": [
      -2.7158984939910624,
      -16.777468041516386,
      0.9264970071996572
    ],
    "rotation": [
      0.019895248687656783,
      -0.010538587696379758,
      -1.443617520381337
    ]
  },
  {
    "label_id": "U274uuUDtmNBxMLLEvdXXw",
    "size": [
      2.0834382731001453,
      5.033652962736186,
      1.740000000000009
    ],
    "obj_class": "vehicle",
    "point_num_in_lidar": 172,
    "speed": 0.0183785179126914,
    "if_vehicle": true,
    "motion_state": false,
    "pose": [
      [
        -0.06951887281205382,
        -0.9973581082514461,
        -0.021069651825273292,
        9.99574851046873
      ],
      [
        0.9975365787066485,
        -0.0696987941499481,
        0.00792794022917922,
        -34.13530081299882
      ],
      [
        -0.009375524794685524,
        -0.020466606927869543,
        0.9997465766561466,
        1.185673487273334
      ],
      [
        0.0,
        0.0,
        0.0,
        1.0
      ]
    ],
    "location": [
      9.99574851046873,
      -34.13530081299882,
      1.185673487273334
    ],
    "rotation": [
      -0.020468935806055622,
      0.009375662152283921,
      1.6403743807094016
    ]
  },
  {
    "label_id": "VRcfGaw0meC0a924KQ9jXQ",
    "size": [
      1.830694031263241,
      4.489773390241616,
      1.5209009365435122
    ],
    "obj_class": "vehicle",
    "point_num_in_lidar": 3172,
    "speed": 0.012166799106196233,
    "if_vehicle": true,
    "motion_state": false,
    "pose": [
      [
        -0.06659418861953693,
        -0.9975576593932138,
        -0.021069651825273292,
        7.49733306053713
      ],
      [
        0.997736656634287,
        -0.0667735858851182,
        0.00792794022917922,
        2.828838366057653
      ],
      [
        -0.009315473704553746,
        -0.020494009221610307,
        0.9997465766561466,
        0.5889647113176011
      ],
      [
        0.0,
        0.0,
        0.0,
        1.0
      ]
    ],
    "location": [
      7.49733306053713,
      2.828838366057653,
      0.5889647113176011
    ],
    "rotation": [
      -0.020496333548317383,
      0.009315608439589578,
      1.6374427318071512
    ]
  },
  {
    "label_id": "gKodb0M_78d_x5mKMkTdIA",
    "size": [
      0.43535667544338186,
      0.05584368218665648,
      0.37000000000000455
    ],
    "obj_class": "sign",
    "point_num_in_lidar": 29,
    "speed": 0.00202473668389764,
    "if_vehicle": false,
    "motion_state": false,
    "pose": [
      [
        -0.06864795952057565,
        -0.9974184314647606,
        -0.021069651825273292,
        11.20113883644035
      ],
      [
        0.9975970589580977,
        -0.0688277249506058,
        0.00792794022917922,
        -22.21949255164327
      ],
      [
        -0.00935764990876925,
        -0.02047478577422952,
        0.9997465766561466,
        3.3282717390742675
      ],
      [
        0.0,
        0.0,
        0.0,
        1.0
      ]
    ],
    "location": [
      11.20113883644035,
      -22.21949255164327,
      3.3282717390742675
    ],
    "rotation": [
      -0.020477113297141237,
      0.009357786482207498,
      1.639501331619214
    ]
  },
  {
    "label_id": "iogkkV5oEXjr0DfbLfwc_g",
    "size": [
      2.202897763391207,
      4.770608925036843,
      2.0027315778669106
    ],
    "obj_class": "vehicle",
    "point_num_in_lidar": 886,
    "speed": 3.552713678800501e-14,
    "if_vehicle": true,
    "motion_state": false,
    "pose": [
      [
        0.9983191179216674,
        -0.053990819257220296,
        -0.021069651825273292,
        16.15527915535904
      ],
      [
        0.054167941677527226,
        0.9985003664787223,
        0.00792794022917922,
        -13.413703793059767
      ],
      [
        0.020610019081118806,
        -0.00905591396776711,
        0.9997465766561466,
        1.1580303945147818
      ],
      [
        0.0,
        0.0,
        0.0,
        1.0
      ]
    ],
    "location": [
      16.15527915535904,
      -13.413703793059767,
      1.1580303945147818
    ],
    "rotation": [
      -0.009057961796178595,
      -0.02061147845630844,
      0.05420599146345286
    ]
  },
  {
    "label_id": "pxzIPoe5IyVfwLpzTCcemA",
    "size": [
      2.0447396042251627,
      4.48285159952707,
      1.5777416500542643
    ],
    "obj_class": "vehicle",
    "point_num_in_lidar": 455,
    "speed": 3.2754401705733783e-13,
    "if_vehicle": true,
    "motion_state": false,
    "pose": [
      [
        0.09855427359864649,
        0.9949086012933073,
        -0.021069651825273292,
        -2.237153727522582
      ],
      [
        -0.9950817526967043,
        0.09873931949217424,
        0.00792794022917922,
        -21.67626260188672
      ],
      [
        0.009967979007714171,
        0.020184693676582023,
        0.9997465766561466,
        0.9775149898115671
      ],
      [
        0.0,
        0.0,
        0.0,
        1.0
      ]
    ],
    "location": [
      -2.237153727522582,
      -21.67626260188672,
      0.9775149898115671
    ],
    "rotation": [
      0.0201870676029595,
      -0.009968144085833595,
      -1.4720768892431986
    ]
  },
  {
    "label_id": "vI6mYZKIhXXxN2zXqh0BHQ",
    "size": [
      2.0442416930021112,
      4.494323398328529,
      2.0376365776496073
    ],
    "obj_class": "vehicle",
    "point_num_in_lidar": 79,
    "speed": 0.005968061592612802,
    "if_vehicle": true,
    "motion_state": false,
    "pose": [
      [
        0.9962739298157623,
        -0.0836320903805436,
        -0.021069651825273292,
        22.311177626818335
      ],
      [
        0.083814520397204,
        0.9964498351318591,
        0.00792794022917922,
        -52.29259383349836
      ],
      [
        0.020331820873800987,
        -0.009664342930140212,
        0.9997465766561466,
        0.945376820460524
      ],
      [
        0.0,
        0.0,
        0.0,
        1.0
      ]
    ],
    "location": [
      22.311177626818335,
      -52.29259383349836,
      0.945376820460524
    ],
    "rotation": [
      -0.009666491627412833,
      -0.02033322193909427,
      0.08393035330569036
    ]
  },
  {
    "label_id": "vyRXlUjkcqmSafqFWVeyfw",
    "size": [
      2.2640839842074882,
      4.927576127500028,
      1.8239563287957026
    ],
    "obj_class": "vehicle",
    "point_num_in_lidar": 358,
    "speed": 0.02582985695663645,
    "if_vehicle": true,
    "motion_state": false,
    "pose": [
      [
        -0.09610641216490491,
        -0.9951480429125866,
        -0.021069651825273292,
        9.786679774620552
      ],
      [
        0.9953216490212978,
        -0.09629103153070381,
        0.00792794022917922,
        -28.23315561964955
      ],
      [
        -0.009918292711644006,
        -0.020209154707751385,
        0.9997465766561466,
        1.1001127995776585
      ],
      [
        0.0,
        0.0,
        0.0,
        1.0
      ]
    ],
    "location": [
      9.786679774620552,
      -28.23315561964955,
      1.1001127995776585
    ],
    "rotation": [
      -0.020211524853139377,
      0.00991845533343473,
      1.6670560536295473
    ]
  }
]