[
  {
    "label_id": "--3U76-QSEsoIV2yw85NbA",
    "size": [
      2.0950777398775204,
      4.5879115876853405,
      1.4773743328262299
    ],
    "obj_class": "vehicle",
    "point_num_in_lidar": 561,
    "speed": 0.015409650041805438,
    "if_vehicle": true,
    "motion_state": false,
    "pose": [
      [
        -0.12515235496110055,
        -0.9919662740738266,
        -0.018433641739513406,
        9.359993797971129
      ],
      [
        0.9921290855051996,
        -0.1252063651766061,
        0.0018010590991834553,
        -22.775202010544263
      ],
      [
        -0.004094599163176019,
        -0.018063145333866982,
        0.9998284638068375,
        0.8311794223349125
      ],
      [
        0.0,
        0.0,
        0.0,
        1.0
      ]
    ],
    "location": [
      9.359993797971129,
      -22.775202010544263,
      0.8311794223349125
    ],
    "rotation": [
      -0.018064279191221107,
      0.0040946106047614105,
      1.6962787762795113
    ]
  },
  {
    "label_id": "0XEOOu0aPfh0jy49JW5Xmw",
    "size": [
      1.8428869658624463,
      4.670595546022981,
      1.6080087281538908
    ],
    "obj_class": "vehicle",
    "point_num_in_lidar": 35,
    "speed": 0.002764523903061667,
    "if_vehicle": true,
    "motion_state": false,
    "pose": [
      [
        0.03368196540291837,
        0.9992625911434971,
        -0.018433641739513406,
        -7.486080674935238
      ],
      [
        -0.9994296685483973,
        0.03372082162940141,
        0.0018010590991834553,
        -53.57891226889706
      ],
      [
        0.0024213285273310525,
        0.018362465243594476,
        0.9998284638068375,
        1.2911306378930476
      ],
      [
        0.0,
        0.0,
        0.0,
        1.0
      ]
    ],
    "location": [
      -7.486080674935238,
      -53.57891226889706,
      1.2911306378930476
    ],
    "rotation": [
      0.018363551147271288,
      -0.0024213308933109575,
      -1.5371078907894171
    ]
  },
  {
    "label_id": "1PJMXh_QRnuK0Be6MrKRjw",
    "size": [
      1.0968769281256177,
      1.1237519986293447,
      1.6599999999999966
    ],
    "obj_class": "pedestrian",
    "point_num_in_lidar": 25,
    "speed": 1.3656081989276314,
    "if_vehicle": false,
    "motion_state": true,
    "pose": [
      [
        -0.06081986143892371,
        -0.9979785294818568,
        -0.018433641739513406,
        -4.11608065628252
      ],
      [
        0.9981444894667794,
        -0.06086324287469059,
        0.0018010590991834553,
        -62.64097454640864
      ],
      [
        -0.002919349525570061,
        -0.01828989775824447,
        0.9998284638068375,
        1.3160647864295925
      ],
      [
        0.0,
        0.0,
        0.0,
        1.0
      ]
    ],
    "location": [
      -4.11608065628252,
      -62.64097454640864,
      1.3160647864295925
    ],
    "rotation": [
      -0.018290995587936155,
      0.002919353672328146,
      1.6316540064481986
    ]
  },
  {
    "label_id": "2Cz4S0_K-vtB5MmfFWn30w",
    "size": [
      2.035422415317543,
      4.51469033328051,
      1.9641317074623146
    ],
    "obj_class": "vehicle",
    "point_num_in_lidar": 93,
    "speed": 1.2809491335957507e-13,
    "if_vehicle": true,
    "motion_state": false,
    "pose": [
      [
        -0.08182669202678028,
        -0.9964760876830783,
        -0.018433641739513406,
        12.079111073829608
      ],
      [
        0.9966410971112883,
        -0.08187355943727508,
        0.0018010590991834553,
        -61.32812203893013
      ],
      [
        -0.003303940187445824,
        -0.01822435021879416,
        0.9998284638068375,
        0.9439264154131308
      ],
      [
        0.0,
        0.0,
        0.0,
        1.0
      ]
    ],
    "location": [
      12.079111073829608,
      -61.32812203893013,
      0.9439264154131308
    ],
    "rotation": [
      -0.018225458655240428,
      0.0033039461984552985,
      1.652715056405317
    ]
  },
  {
    "label_id": "2NVCbbXvQZHA_xiuICHZvQ",
    "size": [
      1.2810050965967579,
      0.08202240296736345,
      1.3300000000000125
    ],
    "obj_class": "sign",
    "point_num_in_lidar": 20,
    "speed": 0.016921925423197086,
    "if_vehicle": false,
    "motion_state": false,
    "pose": [
      [
        -0.01629242407147058,
        -0.9996973330814156,
        -0.018433641739513406,
        -5.562871209753666
      ],
      [
        0.9998650611925199,
        -0.01632836772612666,
        0.0018010590991834553,
        -4.025837201173999
      ],
      [
        -0.002101505259030169,
        -0.018401810707257885,
        0.9998284638068375,
        2.9573030889434335
      ],
      [
        0.0,
        0.0,
        0.0,
        1.0
      ]
    ],
    "location": [
      -5.562871209753666,
      -4.025837201173999,
      2.9573030889434335
    ],
    "rotation": [
      -0.018402890063959232,
      0.002101506805854719,
      1.5870895077188978
    ]
  },
  {
    "label_id": "8urfTofpA8JqmNQ99FVdxw",
    "size": [
      0.8290984996345687,
      0.07241923128280195,
      0.8481025854576956
    ],
    "obj_class": "sign",
    "point_num_in_lidar": 38,
    "speed": 0.022110967560190223,
    "if_vehicle": false,
    "motion_state": false,
    "pose": [
      [
        0.007955816665677216,
        -0.9997984326019927,
        -0.018433641739513406,
        -2.7810485553791295
      ],
      [
        0.9999669830473179,
        0.007923951120878146,
        0.0018010590991834553,
        -36.82225395093451
      ],
      [
        -0.0016546287882634922,
        -0.018447362012833486,
        0.9998284638068375,
        3.0039600870896948
      ],
      [
        0.0,
        0.0,
        0.0,
        1.0
      ]
    ],
    "location": [
      -2.7810485553791295,
      -36.82225395093451,
      3.0039600870896948
    ],
    "rotation": [
      -0.018448433718765447,
      0.001654629543270553,
      1.5628404153084976
    ]
  },
  {
    "label_id": "B1UhxI0hhh6jwIZkATFi7g",
    "size": [
      1.998745397960538,
      4.525020460928399,
      1.5739141041834728
    ],
    "obj_class": "vehicle",
    "point_num_in_lidar": 3290,
    "speed": 0.035306722064653816,
    "if_vehicle": true,
    "motion_state": false,
    "pose": [
      [
        0.10012941994683455,
        0.9948036490249369,
        -0.018433641739513406,
        -3.8931088247841217
      ],
      [
        -0.9949677690894738,
        0.10017931253126407,
        0.0018010590991834553,
        -2.505139794516481
      ],
      [
        0.0036383697208893346,
        0.01816054039486705,
        0.9998284638068375,
        0.7705828766574996
      ],
      [
        0.0,
        0.0,
        0.0,
        1.0
      ]
    ],
    "location": [
      -3.8931088247841217,
      -2.505139794516481,
      0.7705828766574996
    ],
    "rotation": [
      0.018161659006463736,
      -0.003638377748232383,
      -1.4704981667446921
    ]
  },
  {
    "label_id": "Dh9hqZe6xlb1umyJ5aRbsQ",
    "size": [
      0.42898716128785247,
      0.03500187320786129,
      0.5200000000000102
    ],
    "obj_class": "sign",
    "point_num_in_lidar": 24,
    "speed": 0.010300730354500366,
    "if_vehicle": false,
    "motion_state": false,
    "pose": [
      [
        -0.05278868626380073,
        -0.9984355539817086,
        -0.018433641739513406,
        -3.26719495376301
      ],
      [
        0.9986018576193403,
        -0.05283073106936692,
        0.0018010590991834553,
        -33.06481820727663
      ],
      [
        -0.0027721042088163198,
        -0.018312793340038137,
        0.9998284638068375,
        1.6731465299635317
      ],
      [
        0.0,
        0.0,
        0.0,
        1.0
      ]
    ],
    "location": [
      -3.26719495376301,
      -33.06481820727663,
      1.6731465299635317
    ],
    "rotation": [
      -0.01831388742781678,
      0.0027721077592295896,
      1.6236097641924212
    ]
  },
  {
    "label_id": "H1tav3xjofg6y0L4ChXbOQ",
    "size": [
      1.9349192274204687,
      4.302774069524423,
      1.7321937601380455
    ],
    "obj_class": "vehicle",
    "point_num_in_lidar": 89,
    "speed": 0.012734774888519243,
    "if_vehicle": true,
    "motion_state": false,
    "pose": [
      [
        0.10138134675775305,
        0.9946768436943748,
        -0.018433641739513406,
        0.8114664078166243
      ],
      [
        -0.9948409008368232,
        0.10143144585531284,
        0.0018010590991834553,
        -62.10485459775623
      ],
      [
        0.0036612227141005218,
        0.01815594695677526,
        0.9998284638068375,
        0.9881229624323851
      ],
      [
        0.0,
        0.0,
        0.0,
        1.0
      ]
    ],
    "location": [
      0.8114664078166243,
      -62.10485459775623,
      0.9881229624323851
    ],
    "rotation": [
      0.018157066295132647,
      -0.0036612308936580917,
      -1.469239819579318
    ]
  },
  {
    "label_id": "LjhBYT85_Si4U-7ahKCHRw",
    "size": [
      0.7605374054823807,
      0.8583638543344657,
      1.7199999999999989
    ],
    "obj_class": "pedestrian",
    "point_num_in_lidar": 24,
    "speed": 3.7765864436546257e-13,
    "if_vehicle": false,
    "motion_state": false,
    "pose": [
      [
        0.12092542629588608,
        0.9924904241993359,
        -0.018433641739513406,
        -1.0936797521931112
      ],
      [
        -0.9926534642378002,
        0.12097874244186638,
        0.0018010590991834553,
        -58.274763576580426
      ],
      [
        0.004017612705626891,
        0.01808042449189365,
        0.9998284638068375,
        1.2767673484955537
      ],
      [
        0.0,
        0.0,
        0.0,
        1.0
      ]
    ],
    "location": [
      -1.0936797521931112,
      -58.274763576580426,
      1.2767673484955537
    ],
    "rotation": [
      0.018081555669505787,
      -0.004017623513895035,
      -1.449573246374953
    ]
  },
  {
    "label_id": "OmJYyGgaaMnfsASi9n00fw",
    "size": [
      2.0311114586325743,
      4.380691457949776,
      1.9644241035043137
    ],
    "obj_class": "vehicle",
    "point_num_in_lidar": 1385,
    "speed": 0.0750385002090426,
    "if_vehicle": true,
    "motion_state": false,
    "pose": [
      [
        0.9979992132903143,
        -0.060479509952819054,
        -0.018433641739513406,
        15.550766455597113
      ],
      [
        0.06052283478751033,
        0.9981651880602754,
        0.0018010590991834553,
        -6.9008169779156106
      ],
      [
        0.01829089230184246,
        -0.002913111817607175,
        0.9998284638068375,
        1.2091305440746112
      ],
      [
        0.0,
        0.0,
        0.0,
        1.0
      ]
    ],
    "location": [
      15.550766455597113,
      -6.9008169779156106,
      1.2091305440746112
    ],
    "rotation": [
      -0.002913603362814239,
      -0.01829191234563841,
      0.06056999045699073
    ]
  },
  {
    "label_id": "Prru6-BdBBgFi7DlZ0Frkw",
    "size": [
      2.0682020404967747,
      4.505317198311542,
      1.557741650054254
    ],
    "obj_class": "vehicle",
    "point_num_in_lidar": 1420,
    "speed": 0.01453434011217041,
    "if_vehicle": true,
    "motion_state": false,
    "pose": [
      [
        0.1268358053120429,
        0.9917524284533237,
        -0.018433641739513406,
        -2.7161935618159987
      ],
      [
        -0.9919151479804885,
        0.12689009178405886,
        0.0018010590991834553,
        -16.778683231045534
      ],
      [
        0.004125251227644461,
        0.018056169692609234,
        0.9998284638068375,
        0.9264970071996572
      ],
      [
        0.0,
        0.0,
        0.0,
        1.0
      ]
    ],
    "location": [
      -2.7161935618159987,
      -16.778683231045534,
      0.9264970071996572
    ],
    "rotation": [
      0.018057304628725894,
      -0.004125262928113779,
      -1.4436168729882557
    ]
  },
  {
    "label_id": "U274uuUDtmNBxMLLEvdXXw",
    "size": [
      2.0834382731001457,
      5.033652962736186,
      1.740000000000009
    ],
    "obj_class": "vehicle",
    "point_num_in_lidar": 178,
    "speed": 0.018378518066404764,
    "if_vehicle": true,
    "motion_state": false,
    "pose": [
      [
        -0.06952249386294776,
        -0.997410057949736,
        -0.018433641739513406,
        9.993928771021274
      ],
      [
        0.9975756332231573,
        -0.06956732124739208,
        0.0018010590991834553,
        -34.135045386572756
      ],
      [
        -0.0030787735371395337,
        -0.01826373771073412,
        0.9998284638068375,
        1.187884092140365
      ],
      [
        0.0,
        0.0,
        0.0,
        1.0
      ]
    ],
    "location": [
      9.993928771021274,
      -34.135045386572756,
      1.187884092140365
    ],
    "rotation": [
      -0.018264839792396684,
      0.003078778401030571,
      1.6403752778578382
    ]
  },
  {
    "label_id": "VRcfGaw0meC0a924KQ9jXQ",
    "size": [
      1.8306940312632407,
      4.489773390241616,
      1.5209009365435122
    ],
    "obj_class": "vehicle",
    "point_num_in_lidar": 2912,
    "speed": 0.013306612574115655,
    "if_vehicle": true,
    "motion_state": false,
    "pose": [
      [
        -0.06659765733150566,
        -0.9976096194855856,
        -0.018433641739513406,
        7.497541521609492
      ],
      [
        0.9977753254870434,
        -0.06664199903473796,
        0.0018010590991834553,
        2.8271851950012206
      ],
      [
        -0.003025208617618816,
        -0.018272686569833326,
        0.9998284638068375,
        0.5889647113176011
      ],
      [
        0.0,
        0.0,
        0.0,
        1.0
      ]
    ],
    "location": [
      7.497541521609492,
      2.8271851950012206,
      0.5889647113176011
    ],
    "rotation": [
      -0.01827378719979117,
      0.0030252132320324806,
      1.6374436175898468
    ]
  },
  {
    "label_id": "iogkkV5oEXjr0DfbLfwc_g",
    "size": [
      2.2028977633912055,
      4.770608925036843,
      2.002731577866939
    ],
    "obj_class": "vehicle",
    "point_num_in_lidar": 921,
    "speed": 3.552713678800501e-14,
    "if_vehicle": true,
    "motion_state": false,
    "pose": [
      [
        0.9983711176763634,
        -0.05399363149361492,
        -0.018433641739513406,
        16.15527915535813
      ],
      [
        0.05403587697572496,
        0.9985373704501929,
        0.0018010590991834553,
        -13.413703793059767
      ],
      [
        0.0183094344290951,
        -0.0027942033831039057,
        0.9998284638068375,
        1.1583791953891307
      ],
      [
        0.0,
        0.0,
        0.0,
        1.0
      ]
    ],
    "location": [
      16.15527915535813,
      -13.413703793059767,
      1.1583791953891307
    ],
    "rotation": [
      -0.0027946754966564832,
      -0.018310457578513312,
      0.054071280836023264
    ]
  },
  {
    "label_id": "pxzIPoe5IyVfwLpzTCcemA",
    "size": [
      2.0447396042251627,
      4.48285159952707,
      1.5777416500542643
    ],
    "obj_class": "vehicle",
    "point_num_in_lidar": 531,
    "speed": 3.2754401705733783e-13,
    "if_vehicle": true,
    "motion_state": false,
    "pose": [
      [
        0.09855940702538295,
        0.9949604234033755,
        -0.018433641739513406,
        -2.237153727522582
      ],
      [
        -0.9951246219984689,
        0.09860904055169341,
        0.0018010590991834553,
        -21.67626260188672
      ],
      [
        0.0036097062497051384,
        0.018166259451255284,
        0.9998284638068375,
        0.9787648618250273
      ],
      [
        0.0,
        0.0,
        0.0,
        1.0
      ]
    ],
    "location": [
      -2.237153727522582,
      -21.67626260188672,
      0.9787648618250273
    ],
    "rotation": [
      0.01816737715692821,
      -0.0036097140888173332,
      -1.4720760059671827
    ]
  },
  {
    "label_id": "vI6mYZKIhXXxN2zXqh0BHQ",
    "size": [
      2.044241693002119,
      4.494323398328529,
      2.0376365776496073
    ],
    "obj_class": "vehicle",
    "point_num_in_lidar": 90,
    "speed": 0.005968061641870118,
    "if_vehicle": true,
    "motion_state": false,
    "pose": [
      [
        0.996325823042117,
        -0.08363644655093562,
        -0.018433641739513406,
        22.3106067886024
      ],
      [
        0.08368361358908918,
        0.9964907470733451,
        0.0018010590991834553,
        -52.292420007844385
      ],
      [
        0.018218319245206175,
        -0.0033370354417105955,
        0.9998284638068375,
        0.9441111961716331
      ],
      [
        0.0,
        0.0,
        0.0,
        1.0
      ]
    ],
    "location": [
      22.3106067886024,
      -52.292420007844385,
      0.9441111961716331
    ],
    "rotation": [
      -0.003337595569121722,
      -0.018219327194180557,
      0.08379553461961547
    ]
  },
  {
    "label_id": "vyRXlUjkcqmSafqFWVeyfw",
    "size": [
      2.2640839842074882,
      4.927576127500028,
      1.8239563287957026
    ],
    "obj_class": "vehicle",
    "point_num_in_lidar": 398,
    "speed": 0.024690991125959558,
    "if_vehicle": true,
    "motion_state": false,
    "pose": [
      [
        -0.09611141808912974,
        -0.9951998774945242,
        -0.018433641739513406,
        9.788134480017561
      ],
      [
        0.9953641976956161,
        -0.09616064752217292,
        0.0018010590991834553,
        -28.23037168878227
      ],
      [
        -0.0035650047207311355,
        -0.018175084676574332,
        0.9998284638068375,
        1.101557087563691
      ],
      [
        0.0,
        0.0,
        0.0,
        1.0
      ]
    ],
    "location": [
      9.788134480017561,
      -28.23037168878227,
      1.101557087563691
    ],
    "rotation": [
      -0.018176200981961082,
      0.003565012272202176,
      1.667056946983489
    ]
  }
]