[
  {
    "label_id": "--3U76-QSEsoIV2yw85NbA",
    "size": [
      2.0950777398775213,
      4.5879115876853405,
      1.4773743328262299
    ],
    "obj_class": "vehicle",
    "point_num_in_lidar": 80,
    "speed": 0.016642124959953875,
    "if_vehicle": true,
    "motion_state": false,
    "pose": [
      [
        -0.12514408442974603,
        -0.991900721266814,
        -0.021723657210862488,
        9.30572041702544
      ],
      [
        0.9921019059628282,
        -0.1252977156508351,
        0.005855820831114673,
        -22.81983359033029
      ],
      [
        -0.00853031753009474,
        -0.020819260386885332,
        0.9997468640009725,
        0.8140918010519442
      ],
      [
        0.0,
        0.0,
        0.0,
        1.0
      ]
    ],
    "location": [
      9.30572041702544,
      -22.81983359033029,
      0.8140918010519442
    ],
    "rotation": [
      -0.02082152234526632,
      0.008530420986780932,
      1.6962739722134756
    ]
  },
  {
    "label_id": "16qm9fNtFyC8gqz3QNwy3A",
    "size": [
      2.1242662774597854,
      4.468580128393359,
      1.7456632368837859
    ],
    "obj_class": "vehicle",
    "point_num_in_lidar": 786,
    "speed": 0.035098925180354804,
    "if_vehicle": true,
    "motion_state": false,
    "pose": [
      [
        0.9960060734039252,
        -0.08660245065747105,
        -0.021723657210862488,
        13.734756698288493
      ],
      [
        0.08674816819705546,
        0.9962130618882936,
        0.005855820831114673,
        36.16434010756939
      ],
      [
        0.02113426263085943,
        -0.0077169205821385105,
        0.9997468640009725,
        0.43193170975087014
      ],
      [
        0.0,
        0.0,
        0.0,
        1.0
      ]
    ],
    "location": [
      13.734756698288493,
      36.16434010756939,
      0.43193170975087014
    ],
    "rotation": [
      -0.007718721213146718,
      -0.021135836241760193,
      0.08687679167388299
    ]
  },
  {
    "label_id": "2NVCbbXvQZHA_xiuICHZvQ",
    "size": [
      1.281005096600316,
      0.08202240296736345,
      1.3300000000000125
    ],
    "obj_class": "sign",
    "point_num_in_lidar": 115,
    "speed": 0.0056501477291898165,
    "if_vehicle": false,
    "motion_state": false,
    "pose": [
      [
        -0.03268171886682235,
        -0.9992296973015239,
        -0.021723657210862488,
        -5.550392719787396
      ],
      [
        0.9994442538738801,
        -0.03281604426003737,
        0.005855820831114673,
        -3.991733493723814
      ],
      [
        -0.006564194573048216,
        -0.02152020608238543,
        0.9997468640009725,
        2.991631879588624
      ],
      [
        0.0,
        0.0,
        0.0,
        1.0
      ]
    ],
    "location": [
      -5.550392719787396,
      -3.991733493723814,
      2.991631879588624
    ],
    "rotation": [
      -0.02152233125971346,
      0.006564241714343131,
      1.603484570826539
    ]
  },
  {
    "label_id": "6t5TXbljaEfRRcNzVOXzYA",
    "size": [
      0.8625265205570722,
      1.0974695202485283,
      1.8499999999999943
    ],
    "obj_class": "pedestrian",
    "point_num_in_lidar": 154,
    "speed": 1.3213094923105533,
    "if_vehicle": false,
    "motion_state": true,
    "pose": [
      [
        0.052972863369702354,
        0.9983596338313163,
        -0.021723657210862488,
        10.644413292161971
      ],
      [
        -0.9985714175081571,
        0.053111519448643923,
        0.005855820831114673,
        12.701672080744174
      ],
      [
        0.006999991583183835,
        0.02138242357770816,
        0.9997468640009725,
        0.7809982720873734
      ],
      [
        0.0,
        0.0,
        0.0,
        1.0
      ]
    ],
    "location": [
      10.644413292161971,
      12.701672080744174,
      0.7809982720873734
    ],
    "rotation": [
      0.021384577289531425,
      -0.0070000487509048435,
      -1.5177973576443227
    ]
  },
  {
    "label_id": "B1UhxI0hhh6jwIZkATFi7g",
    "size": [
      1.9987453979605379,
      4.525020460928399,
      1.5739141041834728
    ],
    "obj_class": "vehicle",
    "point_num_in_lidar": 363,
    "speed": 2.1610313646285632e-13,
    "if_vehicle": true,
    "motion_state": false,
    "pose": [
      [
        0.10012280302374461,
        0.9947379087136738,
        -0.021723657210862488,
        -3.89107939224823
      ],
      [
        -0.9949428988823827,
        0.10027131856076468,
        0.005855820831114673,
        -2.499392409731172
      ],
      [
        0.008003266719840222,
        0.02102749728408667,
        0.9997468640009725,
        0.7119171637450847
      ],
      [
        0.0,
        0.0,
        0.0,
        1.0
      ]
    ],
    "location": [
      -3.89107939224823,
      -2.499392409731172,
      0.7119171637450847
    ],
    "rotation": [
      0.021029720774426955,
      -0.008003352160213997,
      -1.4705022602886837
    ]
  },
  {
    "label_id": "JxIyoHVX0YvNu5vR64HS9g",
    "size": [
      1.9809256751808864,
      4.796997469665328,
      1.6933826924799291
    ],
    "obj_class": "vehicle",
    "point_num_in_lidar": 212,
    "speed": 0.00026781786597511215,
    "if_vehicle": true,
    "motion_state": false,
    "pose": [
      [
        0.9928840150325662,
        -0.11708721283810589,
        -0.021723657210862488,
        24.69143277511057
      ],
      [
        0.11723920567795298,
        0.9930864403537069,
        0.005855820831114673,
        36.945525145154306
      ],
      [
        0.020887827671005027,
        -0.008361015213930128,
        0.9997468640009725,
        0.35501710416829724
      ],
      [
        0.0,
        0.0,
        0.0,
        1.0
      ]
    ],
    "location": [
      24.69143277511057,
      36.945525145154306,
      0.35501710416829724
    ],
    "rotation": [
      -0.008362937253931908,
      -0.02088934686718008,
      0.11753521858879566
    ]
  },
  {
    "label_id": "MqqbWQjp-GdFS2H8BlVEHQ",
    "size": [
      2.1095861811265793,
      4.630631076171094,
      1.8405307822855832
    ],
    "obj_class": "vehicle",
    "point_num_in_lidar": 4316,
    "speed": 0.055541974044838405,
    "if_vehicle": true,
    "motion_state": false,
    "pose": [
      [
        -0.09149305954453038,
        -0.9955687333241067,
        -0.021723657210862488,
        5.789725387485305
      ],
      [
        0.9957750036541458,
        -0.09163979190275157,
        0.005855820831114673,
        22.588148419881236
      ],
      [
        -0.0078206235535759,
        -0.021096107874544735,
        0.9997468640009725,
        0.5031253254440173
      ],
      [
        0.0,
        0.0,
        0.0,
        1.0
      ]
    ],
    "location": [
      5.789725387485305,
      22.588148419881236,
      0.5031253254440173
    ],
    "rotation": [
      -0.02109831829182808,
      0.007820703276798891,
      1.662420327222091
    ]
  },
  {
    "label_id": "OmJYyGgaaMnfsASi9n00fw",
    "size": [
      2.0311114586325725,
      4.380691457949776,
      1.9644241035043137
    ],
    "obj_class": "vehicle",
    "point_num_in_lidar": 71,
    "speed": 0.03257810317007335,
    "if_vehicle": true,
    "motion_state": false,
    "pose": [
      [
        0.997933261804324,
        -0.060475513242698134,
        -0.021723657210862488,
        15.572202940564239
      ],
      [
        0.06061575727167108,
        0.9981439972933643,
        0.005855820831114673,
        -6.901367099342451
      ],
      [
        0.021329204274062163,
        -0.0071605143150825995,
        0.9997468640009725,
        1.253330460161834
      ],
      [
        0.0,
        0.0,
        0.0,
        1.0
      ]
    ],
    "location": [
      15.572202940564239,
      -6.901367099342451,
      1.253330460161834
    ],
    "rotation": [
      -0.007162204888492376,
      -0.021330821838664027,
      0.060666756792406164
    ]
  },
  {
    "label_id": "Prru6-BdBBgFi7DlZ0Frkw",
    "size": [
      2.0682020404967747,
      4.505317198311542,
      1.557741650054254
    ],
    "obj_class": "vehicle",
    "point_num_in_lidar": 183,
    "speed": 0.005087310694523028,
    "if_vehicle": true,
    "motion_state": false,
    "pose": [
      [
        0.1268274235320487,
        0.9916868897780223,
        -0.021723657210862488,
        -2.7128032675955183
      ],
      [
        -0.9918878134312131,
        0.12698139599579517,
        0.005855820831114673,
        -16.76472084787497
      ],
      [
        0.008565641065874905,
        0.020804752181936025,
        0.9997468640009725,
        0.9264970071996572
      ],
      [
        0.0,
        0.0,
        0.0,
        1.0
      ]
    ],
    "location": [
      -2.7128032675955183,
      -16.76472084787497,
      0.9264970071996572
    ],
    "rotation": [
      0.020807016752967037,
      -0.008565745813142834,
      -1.4436217202222965
    ]
  },
  {
    "label_id": "RxWkKkCx8EPqn4jz9koKUg",
    "size": [
      0.6510654685021291,
      0.1295052276691422,
      1.1616617144066481
    ],
    "obj_class": "sign",
    "point_num_in_lidar": 28,
    "speed": 0.004850186315339675,
    "if_vehicle": false,
    "motion_state": false,
    "pose": [
      [
        -0.9888591521255293,
        0.1472605173662113,
        -0.021723657210862488,
        49.837872437275564
      ],
      [
        -0.14741860243319616,
        -0.9890568563126374,
        0.005855820831114673,
        49.35944522060686
      ],
      [
        -0.020623600903395226,
        0.008993053207818241,
        0.9997468640009725,
        3.13809520903024
      ],
      [
        0.0,
        0.0,
        0.0,
        1.0
      ]
    ],
    "location": [
      49.837872437275564,
      49.35944522060686,
      3.13809520903024
    ],
    "rotation": [
      0.008995087639559649,
      0.02062506316600164,
      -2.9936030970805714
    ]
  },
  {
    "label_id": "TOU-z8foSgcg9qvDS7CIBg",
    "size": [
      2.2075420407383888,
      4.827049478363397,
      1.7021123790440527
    ],
    "obj_class": "vehicle",
    "point_num_in_lidar": 2192,
    "speed": 0.009230759266003245,
    "if_vehicle": true,
    "motion_state": false,
    "pose": [
      [
        0.10012280302387626,
        0.9947379087136606,
        -0.021723657210862488,
        -5.344504224539833
      ],
      [
        -0.9949428988823695,
        0.10027131856089636,
        0.005855820831114673,
        15.031123690165032
      ],
      [
        0.008003266719843005,
        0.021027497284085612,
        0.9997468640009725,
        0.6617575802356441
      ],
      [
        0.0,
        0.0,
        0.0,
        1.0
      ]
    ],
    "location": [
      -5.344504224539833,
      15.031123690165032,
      0.6617575802356441
    ],
    "rotation": [
      0.021029720774425897,
      -0.00800335216021678,
      -1.4705022602885514
    ]
  },
  {
    "label_id": "Ux2LzYDeZf5tk0tQxcRnMg",
    "size": [
      0.34294423173669836,
      0.07894360410028534,
      0.526801259086767
    ],
    "obj_class": "sign",
    "point_num_in_lidar": 36,
    "speed": 0.0032928775637737044,
    "if_vehicle": false,
    "motion_state": false,
    "pose": [
      [
        -0.9538852844710987,
        -0.2993842794584851,
        -0.021723657210862488,
        7.654574504603261
      ],
      [
        0.29932840917064113,
        -0.9541321778588997,
        0.005855820831114673,
        16.387319422949304
      ],
      [
        -0.02248038106582167,
        -0.0009167264349961918,
        0.9997468640009725,
        0.7327507096451598
      ],
      [
        0.0,
        0.0,
        0.0,
        1.0
      ]
    ],
    "location": [
      7.654574504603261,
      16.387319422949304,
      0.7327507096451598
    ],
    "rotation": [
      -0.0009169582932181124,
      0.022482274972342963,
      2.83752463920693
    ]
  },
  {
    "label_id": "VRcfGaw0meC0a924KQ9jXQ",
    "size": [
      1.8306940312632405,
      4.489773390241616,
      1.5209009365435122
    ],
    "obj_class": "vehicle",
    "point_num_in_lidar": 252,
    "speed": 2.1610313646285632e-13,
    "if_vehicle": true,
    "motion_state": false,
    "pose": [
      [
        -0.06659325631153762,
        -0.9975436937453972,
        -0.021723657210862488,
        7.496707671851254
      ],
      [
        0.9977535653594162,
        -0.06673478983983666,
        0.005855820831114673,
        2.8337979225900654
      ],
      [
        -0.007291160840300933,
        -0.02128489825726298,
        0.9997468640009725,
        0.6110672779514061
      ],
      [
        0.0,
        0.0,
        0.0,
        1.0
      ]
    ],
    "location": [
      7.496707671851254,
      2.8337979225900654,
      0.6110672779514061
    ],
    "rotation": [
      -0.021287071675469896,
      0.007291225442778712,
      1.6374406754425712
    ]
  },
  {
    "label_id": "VhAZsD52tn5_W0vPQveyuQ",
    "size": [
      0.5452644526796085,
      0.06816717352634934,
      0.3915916591285793
    ],
    "obj_class": "sign",
    "point_num_in_lidar": 52,
    "speed": 0.02834029624129487,
    "if_vehicle": false,
    "motion_state": false,
    "pose": [
      [
        0.3321420664330997,
        -0.9429791781491973,
        -0.021723657210862488,
        8.321518788716276
      ],
      [
        0.9432278534389533,
        0.3320947543387855,
        0.005855820831114673,
        15.881445391245506
      ],
      [
        0.0016923954900679012,
        -0.022435322991353885,
        0.9997468640009725,
        2.4383056888312638
      ],
      [
        0.0,
        0.0,
        0.0,
        1.0
      ]
    ],
    "location": [
      8.321518788716276,
      15.881445391245506,
      2.4383056888312638
    ],
    "rotation": [
      -0.022437237668748493,
      -0.0016923962979628398,
      1.2322221606415045
    ]
  },
  {
    "label_id": "iogkkV5oEXjr0DfbLfwc_g",
    "size": [
      2.2028977633912104,
      4.770608925036843,
      2.0027315778669106
    ],
    "obj_class": "vehicle",
    "point_num_in_lidar": 112,
    "speed": 3.552713678800501e-14,
    "if_vehicle": true,
    "motion_state": false,
    "pose": [
      [
        0.9983051416135529,
        -0.05399006339437972,
        -0.021723657210862488,
        16.15527915535904
      ],
      [
        0.054128935187501066,
        0.9985167839039367,
        0.005855820831114673,
        -13.413703793059994
      ],
      [
        0.02137528019492397,
        -0.007021774477271791,
        0.9997468640009725,
        1.1465174471845216
      ],
      [
        0.0,
        0.0,
        0.0,
        1.0
      ]
    ],
    "location": [
      16.15527915535904,
      -13.413703793059994,
      1.1465174471845216
    ],
    "rotation": [
      -0.007023436903353412,
      -0.021376908266549376,
      0.054167790766256114
    ]
  },
  {
    "label_id": "pxzIPoe5IyVfwLpzTCcemA",
    "size": [
      2.0447396042251627,
      4.48285159952707,
      1.5777416500542643
    ],
    "obj_class": "vehicle",
    "point_num_in_lidar": 29,
    "speed": 3.2754401705733783e-13,
    "if_vehicle": true,
    "motion_state": false,
    "pose": [
      [
        0.09855289385456836,
        0.9948946727318804,
        -0.021723657210862488,
        -2.237153727522582
      ],
      [
        -0.9950998970160067,
        0.09870108571402261,
        0.005855820831114673,
        -21.676262601886265
      ],
      [
        0.007970073501739743,
        0.02104010096454008,
        0.9997468640009725,
        0.9362601888072959
      ],
      [
        0.0,
        0.0,
        0.0,
        1.0
      ]
    ],
    "location": [
      -2.237153727522582,
      -21.676262601886265,
      0.9362601888072959
    ],
    "rotation": [
      0.021042322068236387,
      -0.007970157883415112,
      -1.4720800506590335
    ]
  },
  {
    "label_id": "tHKhtgQcsS0Wz4PS_zVcjA",
    "size": [
      2.133478262064017,
      4.8641791293613394,
      1.4709009365435293
    ],
    "obj_class": "vehicle",
    "point_num_in_lidar": 1121,
    "speed": 0.039975894982132186,
    "if_vehicle": true,
    "motion_state": false,
    "pose": [
      [
        -0.12994584262215272,
        -0.9912830880745438,
        -0.021723657210862488,
        6.5943620718553575
      ],
      [
        0.9914835264608663,
        -0.13010044626794434,
        0.005855820831114673,
        12.850042654883737
      ],
      [
        -0.008631033654383651,
        -0.02077770868690942,
        0.9997468640009725,
        0.5010996581656855
      ],
      [
        0.0,
        0.0,
        0.0,
        1.0
      ]
    ],
    "location": [
      6.5943620718553575,
      12.850042654883737,
      0.5010996581656855
    ],
    "rotation": [
      -0.020779978104585088,
      0.008631140819080263,
      1.701115567607901
    ]
  },
  {
    "label_id": "vyRXlUjkcqmSafqFWVeyfw",
    "size": [
      2.264083984207489,
      4.927576127500028,
      1.8239563287957026
    ],
    "obj_class": "vehicle",
    "point_num_in_lidar": 66,
    "speed": 0.031415561555360946,
    "if_vehicle": true,
    "motion_state": false,
    "pose": [
      [
        -0.0961050666904895,
        -0.9951341109990158,
        -0.021723657210862488,
        9.73866399297458
      ],
      [
        0.9953396992272179,
        -0.09625275323161103,
        0.005855820831114673,
        -28.32504543932623
      ],
      [
        -0.007918288873746073,
        -0.021059644382873218,
        0.9997468640009725,
        1.0524408677191843
      ],
      [
        0.0,
        0.0,
        0.0,
        1.0
      ]
    ],
    "location": [
      9.73866399297458,
      -28.32504543932623,
      1.0524408677191843
    ],
    "rotation": [
      -0.021061861772592175,
      0.007918371621273988,
      1.6670529794616222
    ]
  },
  {
    "label_id": "w645J_mt938ZDYu61nrXAw",
    "size": [
      0.33762311656631655,
      0.07894360409972838,
      0.5317148412425752
    ],
    "obj_class": "sign",
    "point_num_in_lidar": 76,
    "speed": 0.015791748597965293,
    "if_vehicle": false,
    "motion_state": false,
    "pose": [
      [
        -0.7466841750648873,
        0.6648239055757952,
        -0.021723657210862488,
        6.990909806612308
      ],
      [
        -0.6650644557007214,
        -0.7467630006406967,
        0.005855820831114673,
        26.497295522117156
      ],
      [
        -0.012329333768379825,
        0.018820081005379956,
        0.9997468640009725,
        0.5966720530480245
      ],
      [
        0.0,
        0.0,
        0.0,
        1.0
      ]
    ],
    "location": [
      6.990909806612308,
      26.497295522117156,
      0.5966720530480245
    ],
    "rotation": [
      0.018822623040396457,
      0.01232964615849854,
      -2.413944829536412
    ]
  },
  {
    "label_id": "zOx74XtPnKDBJc--wIBvnw",
    "size": [
      1.911523157426498,
      4.198530255859416,
      1.71090093654351
    ],
    "obj_class": "vehicle",
    "point_num_in_lidar": 526,
    "speed": 0.014085478638530269,
    "if_vehicle": true,
    "motion_state": false,
    "pose": [
      [
        -0.10499368364786515,
        -0.9942355903463912,
        -0.021723657210862488,
        7.004318830421198
      ],
      [
        0.9944398506488401,
        -0.10514320141552898,
        0.005855820831114673,
        7.440170175325193
      ],
      [
        -0.008106160346589614,
        -0.02098804623247606,
        0.9997468640009725,
        0.6190880129845198
      ],
      [
        0.0,
        0.0,
        0.0,
        1.0
      ]
    ],
    "location": [
      7.004318830421198,
      7.440170175325193,
      0.6190880129845198
    ],
    "rotation": [
      -0.020990277150143434,
      0.00810624912495867,
      1.6759873452783067
    ]
  }
]