[
  {
    "label_id": "16qm9fNtFyC8gqz3QNwy3A",
    "size": [
      2.1242662774597862,
      4.468580128393359,
      1.7456632368837859
    ],
    "obj_class": "vehicle",
    "point_num_in_lidar": 650,
    "speed": 0.013672765433861808,
    "if_vehicle": true,
    "motion_state": false,
    "pose": [
      [
        0.9957185335097366,
        -0.08657744914376227,
        -0.0323874562906548,
        13.778472094861627
      ],
      [
        0.08787170589084899,
        0.9952903461917617,
        0.04093519367628723,
        36.16272209550152
      ],
      [
        0.028690857935097548,
        -0.043605872050014906,
        0.9986367520743996,
        0.358167625418929
      ],
      [
        0.0,
        0.0,
        0.0,
        1.0
      ]
    ],
    "location": [
      13.778472094861627,
      36.16272209550152,
      0.358167625418929
    ],
    "rotation": [
      -0.04363767872681813,
      -0.02869479561380309,
      0.08802151266601758
    ]
  },
  {
    "label_id": "2NVCbbXvQZHA_xiuICHZvQ",
    "size": [
      1.281005096593184,
      0.08202240296736345,
      1.3300000000000125
    ],
    "obj_class": "sign",
    "point_num_in_lidar": 62,
    "speed": 0.007354602235736464,
    "if_vehicle": false,
    "motion_state": false,
    "pose": [
      [
        -0.04808248732320761,
        -0.998318149232916,
        -0.0323874562906548,
        -5.545016114436294
      ],
      [
        0.997940233698703,
        -0.049392305919676034,
        0.04093519367628723,
        -4.036156486326718
      ],
      [
        -0.04246603793847018,
        -0.030352479768589447,
        0.9986367520743996,
        2.957303088943462
      ],
      [
        0.0,
        0.0,
        0.0,
        1.0
      ]
    ],
    "location": [
      -5.545016114436294,
      -4.036156486326718,
      2.957303088943462
    ],
    "rotation": [
      -0.030384560195011005,
      0.04247881193081115,
      1.6189408247754928
    ]
  },
  {
    "label_id": "6t5TXbljaEfRRcNzVOXzYA",
    "size": [
      0.8625265205567895,
      1.0974695202485283,
      1.8499999999999943
    ],
    "obj_class": "pedestrian",
    "point_num_in_lidar": 56,
    "speed": 1.388173027006472,
    "if_vehicle": false,
    "motion_state": true,
    "pose": [
      [
        0.12722191013657247,
        0.9913453677988429,
        -0.0323874562906548,
        10.22220049808493
      ],
      [
        -0.990864613940233,
        0.12849757491780842,
        0.04093519367628723,
        16.887414653920814
      ],
      [
        0.044742624222041484,
        0.026883730842638034,
        0.9986367520743996,
        0.6999978232820467
      ],
      [
        0.0,
        0.0,
        0.0,
        1.0
      ]
    ],
    "location": [
      10.22220049808493,
      16.887414653920814,
      0.6999978232820467
    ],
    "rotation": [
      0.026913929725062843,
      -0.044757566081058554,
      -1.4431001225164142
    ]
  },
  {
    "label_id": "7aOQQ6davefvNLKMJjUqXQ",
    "size": [
      2.231041119885261,
      4.852148003467633,
      1.9801929533056466
    ],
    "obj_class": "vehicle",
    "point_num_in_lidar": 390,
    "speed": 11.989726909419694,
    "if_vehicle": true,
    "motion_state": true,
    "pose": [
      [
        -0.07295558729364998,
        -0.9968091768024909,
        -0.0323874562906548,
        1.8735316199181398
      ],
      [
        0.9963987249828548,
        -0.07425557737453956,
        0.04093519367628723,
        20.18228121840184
      ],
      [
        -0.04320952597726564,
        -0.029284369057813536,
        0.9986367520743996,
        0.7342931360397245
      ],
      [
        0.0,
        0.0,
        0.0,
        1.0
      ]
    ],
    "location": [
      1.8735316199181398,
      20.18228121840184,
      0.7342931360397245
    ],
    "rotation": [
      -0.02931594424169545,
      0.04322298310556321,
      1.6438851717535934
    ]
  },
  {
    "label_id": "B1UhxI0hhh6jwIZkATFi7g",
    "size": [
      1.9987453979605376,
      4.525020460928399,
      1.5739141041834728
    ],
    "obj_class": "vehicle",
    "point_num_in_lidar": 76,
    "speed": 2.1610313646285632e-13,
    "if_vehicle": true,
    "motion_state": false,
    "pose": [
      [
        0.10009389828013686,
        0.9944507349296429,
        -0.0323874562906548,
        -3.8910793922486846
      ],
      [
        -0.9940050077533427,
        0.10138221974272356,
        0.04093519367628723,
        -2.499392409731172
      ],
      [
        0.04399154564643812,
        0.028095930629391374,
        0.9986367520743996,
        0.6844217092811391
      ],
      [
        0.0,
        0.0,
        0.0,
        1.0
      ]
    ],
    "location": [
      -3.8910793922486846,
      -2.499392409731172,
      0.6844217092811391
    ],
    "rotation": [
      0.02812686503977351,
      -0.04400574716862113,
      -1.4704370493523082
    ]
  },
  {
    "label_id": "JxIyoHVX0YvNu5vR64HS9g",
    "size": [
      1.9809256751808855,
      4.796997469665328,
      1.6933826924799291
    ],
    "obj_class": "vehicle",
    "point_num_in_lidar": 292,
    "speed": 0.06224296800157967,
    "if_vehicle": true,
    "motion_state": false,
    "pose": [
      [
        0.9925973764545016,
        -0.11705341058961659,
        -0.0323874562906548,
        24.744379198893967
      ],
      [
        0.11833393633180363,
        0.9921297240940347,
        0.04093519367628723,
        36.93593748453213
      ],
      [
        0.027340954040799025,
        -0.044464701038387025,
        0.9986367520743996,
        0.3482426776643308
      ],
      [
        0.0,
        0.0,
        0.0,
        1.0
      ]
    ],
    "location": [
      24.744379198893967,
      36.93593748453213,
      0.3482426776643308
    ],
    "rotation": [
      -0.04449601111265542,
      -0.027344361540888158,
      0.11865642834371223
    ]
  },
  {
    "label_id": "LhGYsCaVzQZK8ULzlArk6w",
    "size": [
      0.9010106255427857,
      0.05510155289138227,
      0.9900000000000091
    ],
    "obj_class": "sign",
    "point_num_in_lidar": 232,
    "speed": 0.027035575084562762,
    "if_vehicle": false,
    "motion_state": false,
    "pose": [
      [
        -0.2638689594982412,
        0.964014639353748,
        -0.0323874562906548,
        5.507203139581179
      ],
      [
        -0.9640615321440194,
        -0.2625065183168045,
        0.04093519367628723,
        49.515767250450835
      ],
      [
        0.030960207580724375,
        0.04202502769603701,
        0.9986367520743996,
        2.339216642135
      ],
      [
        0.0,
        0.0,
        0.0,
        1.0
      ]
    ],
    "location": [
      5.507203139581179,
      49.515767250450835,
      2.339216642135
    ],
    "rotation": [
      0.0420575811653418,
      -0.03096515578632512,
      -1.8379586687594338
    ]
  },
  {
    "label_id": "MqqbWQjp-GdFS2H8BlVEHQ",
    "size": [
      2.10958618112658,
      4.630631076171094,
      1.8405307822855832
    ],
    "obj_class": "vehicle",
    "point_num_in_lidar": 303,
    "speed": 0.0018517104956289516,
    "if_vehicle": true,
    "motion_state": false,
    "pose": [
      [
        -0.09146664614669725,
        -0.9952813196868994,
        -0.0323874562906548,
        5.821241671753796
      ],
      [
        0.994846781090506,
        -0.0927587843416665,
        0.04093519367628723,
        22.65982546500595
      ],
      [
        -0.04374625465721397,
        -0.028476351763531898,
        0.9986367520743996,
        0.5031253254439889
      ],
      [
        0.0,
        0.0,
        0.0,
        1.0
      ]
    ],
    "location": [
      5.821241671753796,
      22.65982546500595,
      0.5031253254439889
    ],
    "rotation": [
      -0.028507500105236432,
      0.043760219808704155,
      1.6624790093138282
    ]
  },
  {
    "label_id": "OX5U3iRE9B76hyt2Hm_QfA",
    "size": [
      0.4771418817441604,
      0.08577424699863101,
      0.5900000000000034
    ],
    "obj_class": "sign",
    "point_num_in_lidar": 37,
    "speed": 0.038807935738141654,
    "if_vehicle": false,
    "motion_state": false,
    "pose": [
      [
        -0.04821973057474603,
        -0.9983115296631208,
        -0.0323874562906548,
        8.375152645256094
      ],
      [
        0.9979334340652746,
        -0.04952949720492994,
        0.04093519367628723,
        15.966782719767252
      ],
      [
        -0.042470210241853185,
        -0.0303466414666765,
        0.9986367520743996,
        2.9616297389551676
      ],
      [
        0.0,
        0.0,
        0.0,
        1.0
      ]
    ],
    "location": [
      8.375152645256094,
      15.966782719767252,
      2.9616297389551676
    ],
    "rotation": [
      -0.03037871931788631,
      0.04248298800175241,
      1.6190783603328223
    ]
  },
  {
    "label_id": "OmJYyGgaaMnfsASi9n00fw",
    "size": [
      2.03111145863257,
      4.380691457949776,
      1.9644241035043137
    ],
    "obj_class": "vehicle",
    "point_num_in_lidar": 45,
    "speed": 2.8421709430404007e-13,
    "if_vehicle": true,
    "motion_state": false,
    "pose": [
      [
        0.997645165544503,
        -0.06045805439064606,
        -0.0323874562906548,
        15.650733542743637
      ],
      [
        0.06176308608485586,
        0.9972510371596309,
        0.04093519367628723,
        -6.903382418877072
      ],
      [
        0.029823562211045106,
        -0.042839147322725084,
        0.9986367520743996,
        1.2949205879555734
      ],
      [
        0.0,
        0.0,
        0.0,
        1.0
      ]
    ],
    "location": [
      15.650733542743637,
      -6.903382418877072,
      1.2949205879555734
    ],
    "rotation": [
      -0.04287134294282052,
      -0.029827985050550176,
      0.061829959733148525
    ]
  },
  {
    "label_id": "Prru6-BdBBgFi7DlZ0Frkw",
    "size": [
      2.0682020404967747,
      4.505317198311542,
      1.557741650054254
    ],
    "obj_class": "vehicle",
    "point_num_in_lidar": 31,
    "speed": 0.005087310737039373,
    "if_vehicle": true,
    "motion_state": false,
    "pose": [
      [
        0.1267908093537668,
        0.991400596801534,
        -0.0323874562906548,
        -2.7166438908266173
      ],
      [
        -0.9909203977140668,
        0.12806668307128338,
        0.04093519367628723,
        -16.780537838871396
      ],
      [
        0.04473092954111787,
        0.02690318473121295,
        0.9986367520743996,
        0.9264970071996856
      ],
      [
        0.0,
        0.0,
        0.0,
        1.0
      ]
    ],
    "location": [
      -2.7166438908266173,
      -16.780537838871396,
      0.9264970071996856
    ],
    "rotation": [
      0.026933396052669697,
      -0.04474585967979369,
      -1.4435352528198597
    ]
  },
  {
    "label_id": "TOU-z8foSgcg9qvDS7CIBg",
    "size": [
      2.2075420407383888,
      4.827049478363397,
      1.7021123790440527
    ],
    "obj_class": "vehicle",
    "point_num_in_lidar": 234,
    "speed": 0.032115895940461624,
    "if_vehicle": true,
    "motion_state": false,
    "pose": [
      [
        0.10009389828026757,
        0.9944507349296298,
        -0.0323874562906548,
        -5.340510849192924
      ],
      [
        -0.9940050077533293,
        0.10138221974285422,
        0.04093519367628723,
        15.060385813904986
      ],
      [
        0.04399154564644182,
        0.028095930629385594,
        0.9986367520743996,
        0.5061497057562576
      ],
      [
        0.0,
        0.0,
        0.0,
        1.0
      ]
    ],
    "location": [
      -5.340510849192924,
      15.060385813904986,
      0.5061497057562576
    ],
    "rotation": [
      0.028126865039767725,
      -0.044005747168624834,
      -1.4704370493521768
    ]
  },
  {
    "label_id": "WDa3as2XGHECUYKmSKLyyw",
    "size": [
      2.222265515686338,
      4.973210908243344,
      2.2559309886009373
    ],
    "obj_class": "vehicle",
    "point_num_in_lidar": 45,
    "speed": 7.105427357601002e-14,
    "if_vehicle": true,
    "motion_state": false,
    "pose": [
      [
        0.9947363706260475,
        -0.0972142254443236,
        -0.0323874562906548,
        55.19634977079022
      ],
      [
        0.09850383202987321,
        0.9942943754211402,
        0.04093519367628723,
        39.575631317158695
      ],
      [
        0.028223182477342453,
        -0.043910014542753804,
        0.9986367520743996,
        0.71993756156985
      ],
      [
        0.0,
        0.0,
        0.0,
        1.0
      ]
    ],
    "location": [
      55.19634977079022,
      39.575631317158695,
      0.71993756156985
    ],
    "rotation": [
      -0.04394165277805474,
      -0.028226930674422935,
      0.0987032757053699
    ]
  },
  {
    "label_id": "ZLBaRFp6mE5LlgoBTAoy7A",
    "size": [
      0.8707760023748965,
      0.09154711928295,
      0.8104090032360034
    ],
    "obj_class": "sign",
    "point_num_in_lidar": 338,
    "speed": 0.016445963440408808,
    "if_vehicle": false,
    "motion_state": false,
    "pose": [
      [
        0.9994753887290178,
        3.4009777909137438e-15,
        -0.0323874562906548,
        11.052391778043784
      ],
      [
        0.0013264826837034907,
        0.9991609231562124,
        0.04093519367628723,
        45.87059390346144
      ],
      [
        0.032360280726052265,
        -0.04095668001224356,
        0.9986367520743996,
        2.3392133426870885
      ],
      [
        0.0,
        0.0,
        0.0,
        1.0
      ]
    ],
    "location": [
      11.052391778043784,
      45.87059390346144,
      2.3392133426870885
    ],
    "rotation": [
      -0.04098961868241359,
      -0.0323659312708836,
      0.0013271781575004025
    ]
  },
  {
    "label_id": "bhYhKANAyDhkg07noYOAkA",
    "size": [
      2.2222655156867916,
      4.8889781966990995,
      1.8847129082124923
    ],
    "obj_class": "vehicle",
    "point_num_in_lidar": 20,
    "speed": 0.018049435100384845,
    "if_vehicle": true,
    "motion_state": false,
    "pose": [
      [
        0.9947363706260494,
        -0.09721422544430504,
        -0.0323874562906548,
        67.67664341879436
      ],
      [
        0.09850383202985467,
        0.9942943754211421,
        0.04093519367628723,
        40.27562112387591
      ],
      [
        0.028223182477343272,
        -0.043910014542753284,
        0.9986367520743996,
        0.5364648233069431
      ],
      [
        0.0,
        0.0,
        0.0,
        1.0
      ]
    ],
    "location": [
      67.67664341879436,
      40.27562112387591,
      0.5364648233069431
    ],
    "rotation": [
      -0.04394165277805422,
      -0.028226930674423754,
      0.09870327570535126
    ]
  },
  {
    "label_id": "fz9iavVVoqbsK5APyPDSpA",
    "size": [
      0.4530158320483264,
      0.07008235808643017,
      0.46999999999999886
    ],
    "obj_class": "sign",
    "point_num_in_lidar": 133,
    "speed": 0.008255607424735209,
    "if_vehicle": false,
    "motion_state": false,
    "pose": [
      [
        -0.03946403603264732,
        -0.9986959710217294,
        -0.0323874562906548,
        -8.743568554292779
      ],
      [
        0.9983293748402285,
        -0.04077706769500849,
        0.04093519367628723,
        34.64668950014334
      ],
      [
        -0.042202478495135386,
        -0.030717881033070233,
        0.9986367520743996,
        1.53061107206031
      ],
      [
        0.0,
        0.0,
        0.0,
        1.0
      ]
    ],
    "location": [
      -8.743568554292779,
      34.64668950014334,
      1.53061107206031
    ],
    "rotation": [
      -0.03075011849118454,
      0.04221501599455801,
      1.6103058317969983
    ]
  },
  {
    "label_id": "gQ9--Qoc1xYJ2GamK4cXMw",
    "size": [
      1.9741799911999147,
      4.562321623712741,
      1.845630141932105
    ],
    "obj_class": "vehicle",
    "point_num_in_lidar": 30,
    "speed": 7.944109290391274e-14,
    "if_vehicle": true,
    "motion_state": false,
    "pose": [
      [
        0.994736370626059,
        -0.09721422544420608,
        -0.0323874562906548,
        49.20691192297545
      ],
      [
        0.09850383202975577,
        0.9942943754211518,
        0.04093519367628723,
        39.04463070119073
      ],
      [
        0.02822318247734764,
        -0.043910014542750474,
        0.9986367520743996,
        0.5206978680908207
      ],
      [
        0.0,
        0.0,
        0.0,
        1.0
      ]
    ],
    "location": [
      49.20691192297545,
      39.04463070119073,
      0.5206978680908207
    ],
    "rotation": [
      -0.04394165277805141,
      -0.028226930674428125,
      0.09870327570525184
    ]
  },
  {
    "label_id": "iS5ynHGkZyiIsjSOuPKFWQ",
    "size": [
      0.7505227831268902,
      0.7906680099413421,
      1.7082300884956396
    ],
    "obj_class": "pedestrian",
    "point_num_in_lidar": 820,
    "speed": 2.2469334198890886e-13,
    "if_vehicle": false,
    "motion_state": false,
    "pose": [
      [
        0.6615780525614386,
        -0.7491765700047189,
        -0.0323874562906548,
        -8.434286714738846
      ],
      [
        0.7498188885636989,
        0.6603756084773151,
        0.04093519367628723,
        42.67192694157325
      ],
      [
        -0.009279801835906114,
        -0.05136655219284758,
        0.9986367520743996,
        0.3854309807789491
      ],
      [
        0.0,
        0.0,
        0.0,
        1.0
      ]
    ],
    "location": [
      -8.434286714738846,
      42.67192694157325,
      0.3854309807789491
    ],
    "rotation": [
      -0.05139138246581897,
      0.009279935028993689,
      0.847837106741185
    ]
  },
  {
    "label_id": "iogkkV5oEXjr0DfbLfwc_g",
    "size": [
      2.202897763391201,
      4.770608925036843,
      2.0027315778669106
    ],
    "obj_class": "vehicle",
    "point_num_in_lidar": 24,
    "speed": 3.552713678800501e-14,
    "if_vehicle": true,
    "motion_state": false,
    "pose": [
      [
        0.9980169379946668,
        -0.05397447684573139,
        -0.0323874562906548,
        16.15527915535813
      ],
      [
        0.05528204188060416,
        0.9976312975063463,
        0.04093519367628723,
        -13.41370379305954
      ],
      [
        0.030101284378919724,
        -0.04264446136409304,
        0.9986367520743996,
        1.1353560770427293
      ],
      [
        0.0,
        0.0,
        0.0,
        1.0
      ]
    ],
    "location": [
      16.15527915535813,
      -13.41370379305954,
      1.1353560770427293
    ],
    "rotation": [
      -0.042676747687161745,
      -0.030105831965415122,
      0.05533533923476392
    ]
  },
  {
    "label_id": "r1p6PyqLcMUccaazkqr71Q",
    "size": [
      2.0870424598873494,
      4.456347604207281,
      1.7864091602359622
    ],
    "obj_class": "vehicle",
    "point_num_in_lidar": 41,
    "speed": 2.2469334198890886e-13,
    "if_vehicle": true,
    "motion_state": false,
    "pose": [
      [
        -0.9951877515387988,
        0.09247914284946167,
        -0.0323874562906548,
        55.926881442351714
      ],
      [
        -0.09377083830027855,
        -0.9947518986175135,
        0.04093519367628723,
        47.85514107282688
      ],
      [
        -0.02843183201296084,
        0.04377520228029787,
        0.9986367520743996,
        0.6843969243362551
      ],
      [
        0.0,
        0.0,
        0.0,
        1.0
      ]
    ],
    "location": [
      55.926881442351714,
      47.85514107282688,
      0.6843969243362551
    ],
    "rotation": [
      0.043806916177188834,
      0.028435663976004177,
      -3.0476457563550845
    ]
  },
  {
    "label_id": "tHKhtgQcsS0Wz4PS_zVcjA",
    "size": [
      2.133478262064015,
      4.8641791293613394,
      1.4709009365435293
    ],
    "obj_class": "vehicle",
    "point_num_in_lidar": 107,
    "speed": 0.010869293341473562,
    "if_vehicle": true,
    "motion_state": false,
    "pose": [
      [
        -0.12990832817838133,
        -0.9909969116727454,
        -0.0323874562906548,
        6.591162904612247
      ],
      [
        0.9905127020916662,
        -0.13118268526658117,
        0.04093519367628723,
        12.865798055805044
      ],
      [
        -0.044815323997088465,
        -0.026762364270187494,
        0.9986367520743996,
        0.5010996581656855
      ],
      [
        0.0,
        0.0,
        0.0,
        1.0
      ]
    ],
    "location": [
      6.591162904612247,
      12.865798055805044,
      0.5010996581656855
    ],
    "rotation": [
      -0.02679248508937805,
      0.04483033885313193,
      1.7012046200313875
    ]
  },
  {
    "label_id": "uX-RMvnFY0DHyPAP6A8xRA",
    "size": [
      0.4472639256038944,
      0.054527554206630025,
      0.5500000000000114
    ],
    "obj_class": "sign",
    "point_num_in_lidar": 83,
    "speed": 0.00844997804161538,
    "if_vehicle": false,
    "motion_state": false,
    "pose": [
      [
        -0.03946403602436609,
        -0.9986959710220568,
        -0.0323874562906548,
        -8.735931542779781
      ],
      [
        0.9983293748405667,
        -0.04077706768673031,
        0.04093519367628723,
        34.626551475594624
      ],
      [
        -0.04220247849488068,
        -0.03071788103342018,
        0.9986367520743996,
        1.000611072060849
      ],
      [
        0.0,
        0.0,
        0.0,
        1.0
      ]
    ],
    "location": [
      -8.735931542779781,
      34.626551475594624,
      1.000611072060849
    ],
    "rotation": [
      -0.030750118491534632,
      0.04221501599430307,
      1.6103058317887027
    ]
  },
  {
    "label_id": "uy6GVxJiDY1gtanYZE9IUw",
    "size": [
      2.018622051562385,
      4.757060653576604,
      1.4300000000000068
    ],
    "obj_class": "vehicle",
    "point_num_in_lidar": 1345,
    "speed": 0.37018693705219485,
    "if_vehicle": true,
    "motion_state": false,
    "pose": [
      [
        -0.9698154819146815,
        -0.2416795061928405,
        -0.0323874562906548,
        8.133524834654054
      ],
      [
        0.24031634773704957,
        -0.9698311002071497,
        0.04093519367628723,
        42.87086529354178
      ],
      [
        -0.04130355976087009,
        0.031916349374175826,
        0.9986367520743996,
        0.26024633979372425
      ],
      [
        0.0,
        0.0,
        0.0,
        1.0
      ]
    ],
    "location": [
      8.133524834654054,
      42.87086529354178,
      0.26024633979372425
    ],
    "rotation": [
      0.03194904365633377,
      0.04131531265473908,
      2.8986894647270725
    ]
  },
  {
    "label_id": "yEBusjdh4lR_HUgWPsXZqQ",
    "size": [
      2.075327760081113,
      3.91254117639356,
      1.6533826924799087
    ],
    "obj_class": "vehicle",
    "point_num_in_lidar": 119,
    "speed": 0.03005305039270453,
    "if_vehicle": true,
    "motion_state": false,
    "pose": [
      [
        0.9925973764545428,
        -0.11705341058926746,
        -0.0323874562906548,
        43.412381385424396
      ],
      [
        0.11833393633145468,
        0.9921297240940762,
        0.04093519367628723,
        38.473687748393786
      ],
      [
        0.027340954040814665,
        -0.04446470103837741,
        0.9986367520743996,
        0.5090002674167806
      ],
      [
        0.0,
        0.0,
        0.0,
        1.0
      ]
    ],
    "location": [
      43.412381385424396,
      38.473687748393786,
      0.5090002674167806
    ],
    "rotation": [
      -0.04449601111264581,
      -0.027344361540903802,
      0.11865642834336074
    ]
  },
  {
    "label_id": "yUIRJkDbsjzYWignYS5cCw",
    "size": [
      2.131601579813994,
      4.587690877649102,
      1.8000000000000114
    ],
    "obj_class": "vehicle",
    "point_num_in_lidar": 721,
    "speed": 0.0015105780689295084,
    "if_vehicle": true,
    "motion_state": false,
    "pose": [
      [
        -0.9954672333713864,
        0.08942057905727778,
        -0.0323874562906548,
        14.326894061333405
      ],
      [
        -0.09071360774835373,
        -0.9950353517779972,
        0.04093519367628723,
        44.621518235692065
      ],
      [
        -0.028566215241010787,
        0.04368762700237293,
        0.9986367520743996,
        0.4159489792072293
      ],
      [
        0.0,
        0.0,
        0.0,
        1.0
      ]
    ],
    "location": [
      14.326894061333405,
      44.621518235692065,
      0.4159489792072293
    ],
    "rotation": [
      0.04371938919665353,
      0.028570101810069946,
      -3.050716981269384
    ]
  },
  {
    "label_id": "ys8VEex_FNJg8GeP76TnMA",
    "size": [
      2.581626956838605,
      6.260976991234937,
      2.0136891061903555
    ],
    "obj_class": "vehicle",
    "point_num_in_lidar": 2006,
    "speed": 0.01521526743614709,
    "if_vehicle": true,
    "motion_state": false,
    "pose": [
      [
        0.08832272267028601,
        0.9955652411244221,
        -0.0323874562906548,
        -6.580382949875457
      ],
      [
        -0.9951347857466641,
        0.08961622685443586,
        0.04093519367628723,
        31.640421797512772
      ],
      [
        0.04365609759298926,
        0.028614376618155045,
        0.9986367520743996,
        0.5187531419085474
      ],
      [
        0.0,
        0.0,
        0.0,
        1.0
      ]
    ],
    "location": [
      -6.580382949875457,
      31.640421797512772,
      0.5187531419085474
    ],
    "rotation": [
      0.028645600541701174,
      -0.04366997653028476,
      -1.4822737496489204
    ]
  },
  {
    "label_id": "zOx74XtPnKDBJc--wIBvnw",
    "size": [
      1.9115231574264981,
      4.198530255859416,
      1.71090093654351
    ],
    "obj_class": "vehicle",
    "point_num_in_lidar": 37,
    "speed": 0.014085478755784583,
    "if_vehicle": true,
    "motion_state": false,
    "pose": [
      [
        -0.10496337271554142,
        -0.9939485615781127,
        -0.0323874562906548,
        7.049241121197156
      ],
      [
        0.9934965297370277,
        -0.1062494956184163,
        0.04093519367628723,
        7.443763612387556
      ],
      [
        -0.04412862776771272,
        -0.0278801294407482,
        0.9986367520743996,
        0.6190880129844913
      ],
      [
        0.0,
        0.0,
        0.0,
        1.0
      ]
    ],
    "location": [
      7.049241121197156,
      7.443763612387556,
      0.6190880129844913
    ],
    "rotation": [
      -0.02791093886336523,
      0.044142962542207065,
      1.6760563150669614
    ]
  }
]