[
  {
    "label_id": "-9n3l1ftnrh3erkNAgxskg",
    "size": [
      1.808887002408976,
      4.249731073787269,
      1.4199999999999875
    ],
    "obj_class": "vehicle",
    "point_num_in_lidar": 837,
    "speed": 0.005546066665055692,
    "if_vehicle": true,
    "motion_state": false,
    "pose": [
      [
        0.1148640731899555,
        0.9932849108299378,
        -0.013832230759165,
        -10.039582729495578
      ],
      [
        -0.993380026169887,
        0.11487437080819715,
        -5.037991084903067e-05,
        -53.33306124804881
      ],
      [
        0.0015389272000775709,
        0.013746448595294308,
        0.9999043288505604,
        1.6504196620355742
      ],
      [
        0.0,
        0.0,
        0.0,
        1.0
      ]
    ],
    "location": [
      -10.039582729495578,
      -53.33306124804881,
      1.6504196620355742
    ],
    "rotation": [
      0.013746897844112753,
      -0.0015389278075176448,
      -1.4556780237619498
    ]
  },
  {
    "label_id": "-Pvhejf9atK6w-QFnvLaRQ",
    "size": [
      0.6682886707070413,
      0.5999527252716165,
      1.6500000000000057
    ],
    "obj_class": "pedestrian",
    "point_num_in_lidar": 122,
    "speed": 0.6487180161540336,
    "if_vehicle": false,
    "motion_state": false,
    "pose": [
      [
        0.4396279212612149,
        -0.8980734715154257,
        -0.013832230759165,
        16.507295619137494
      ],
      [
        0.8981590907568437,
        0.4396706098350266,
        -5.037991084903067e-05,
        -43.47987434110314
      ],
      [
        0.0061268701946917145,
        -0.012401395386310599,
        0.9999043288505604,
        0.9632639593909289
      ],
      [
        0.0,
        0.0,
        0.0,
        1.0
      ]
    ],
    "location": [
      16.507295619137494,
      -43.47987434110314,
      0.9632639593909289
    ],
    "rotation": [
      -0.012401946075851936,
      -0.006126908527631246,
      1.1156027667823354
    ]
  },
  {
    "label_id": "0PN740DVxEn0FbdlDATsZQ",
    "size": [
      0.6190203869991342,
      0.07382364213187018,
      0.46999999999999886
    ],
    "obj_class": "sign",
    "point_num_in_lidar": 145,
    "speed": 0.007323308500953266,
    "if_vehicle": false,
    "motion_state": false,
    "pose": [
      [
        0.9426386434045244,
        -0.3335281957386854,
        -0.013832230759165,
        -6.446941779660847
      ],
      [
        0.33355944995177533,
        0.9427290654317038,
        -5.037991084903067e-05,
        -44.02120910771487
      ],
      [
        0.013056849097190239,
        -0.004566381232815533,
        0.9999043288505604,
        2.666930012829937
      ],
      [
        0.0,
        0.0,
        0.0,
        1.0
      ]
    ],
    "location": [
      -6.446941779660847,
      -44.02120910771487,
      2.666930012829937
    ],
    "rotation": [
      -0.004566786397696198,
      -0.013057220117107157,
      0.34010691665880627
    ]
  },
  {
    "label_id": "0XEOOu0aPfh0jy49JW5Xmw",
    "size": [
      1.8428869658624443,
      4.670595546022981,
      1.6080087281538908
    ],
    "obj_class": "vehicle",
    "point_num_in_lidar": 1030,
    "speed": 0.00165640331498624,
    "if_vehicle": true,
    "motion_state": false,
    "pose": [
      [
        0.0336844665160784,
        0.9993367931322014,
        -0.013832230759165,
        -7.486339073935142
      ],
      [
        -0.9994324309205411,
        0.03368699283287555,
        -5.037991084903067e-05,
        -53.571246194448804
      ],
      [
        0.00041561975990051566,
        0.013826077033106234,
        0.9999043288505604,
        1.2562887829957958
      ],
      [
        0.0,
        0.0,
        0.0,
        1.0
      ]
    ],
    "location": [
      -7.486339073935142,
      -53.571246194448804,
      1.2562887829957958
    ],
    "rotation": [
      0.01382651876502452,
      -0.0004156197718661946,
      -1.5371054841375806
    ]
  },
  {
    "label_id": "0iA9NWHBXHI4nn_iiYVPiA",
    "size": [
      2.0080332958050406,
      4.764529851649029,
      1.6146687057198505
    ],
    "obj_class": "vehicle",
    "point_num_in_lidar": 23,
    "speed": 0.00889772946113224,
    "if_vehicle": true,
    "motion_state": false,
    "pose": [
      [
        0.996876840051402,
        -0.07775111035449198,
        -0.013832230759165,
        33.626290480827265
      ],
      [
        0.07775785458384418,
        0.9969722731913773,
        -5.037991084903067e-05,
        -51.333523388005915
      ],
      [
        0.013794267637280491,
        -0.0010253420216120757,
        0.9999043288505604,
        0.2151574162213592
      ],
      [
        0.0,
        0.0,
        0.0,
        1.0
      ]
    ],
    "location": [
      33.626290480827265,
      -51.333523388005915,
      0.2151574162213592
    ],
    "rotation": [
      -0.001025439767221752,
      -0.013794705141134716,
      0.07784384771139653
    ]
  },
  {
    "label_id": "0u0RUSPwp0b7ThBZnPiGnA",
    "size": [
      1.9349192274207456,
      4.354607322978385,
      1.623099572706593
    ],
    "obj_class": "vehicle",
    "point_num_in_lidar": 24,
    "speed": 1.0048591735576161e-13,
    "if_vehicle": true,
    "motion_state": false,
    "pose": [
      [
        0.1448258674055304,
        0.9893604689507565,
        -0.013832230759165,
        1.7016169492048903
      ],
      [
        -0.9894552296922478,
        0.14483903443659626,
        -5.037991084903067e-05,
        -74.86893014163866
      ],
      [
        0.001953603055038351,
        0.013693669377254305,
        0.9999043288505604,
        0.8582935347459681
      ],
      [
        0.0,
        0.0,
        0.0,
        1.0
      ]
    ],
    "location": [
      1.7016169492048903,
      -74.86893014163866,
      0.8582935347459681
    ],
    "rotation": [
      0.01369412351229572,
      -0.0019536042977159594,
      -1.4254590652520673
    ]
  },
  {
    "label_id": "1PJMXh_QRnuK0Be6MrKRjw",
    "size": [
      1.0968769281254287,
      1.1237519986293447,
      1.6599999999999966
    ],
    "obj_class": "pedestrian",
    "point_num_in_lidar": 225,
    "speed": 1.4711617536927328,
    "if_vehicle": false,
    "motion_state": true,
    "pose": [
      [
        -0.05886055216698357,
        -0.9981703786382476,
        -0.013832230759165,
        -4.925165385147011
      ],
      [
        0.9982659223743857,
        -0.05886548808836346,
        -5.037991084903067e-05,
        -52.94512779293336
      ],
      [
        -0.0007639532803011839,
        -0.013811209986663896,
        0.9999043288505604,
        1.1326559259370015
      ],
      [
        0.0,
        0.0,
        0.0,
        1.0
      ]
    ],
    "location": [
      -4.925165385147011,
      -52.94512779293336,
      1.1326559259370015
    ],
    "rotation": [
      -0.01381165313530714,
      0.0007639533546115266,
      1.629690936963721
    ]
  },
  {
    "label_id": "2Cz4S0_K-vtB5MmfFWn30w",
    "size": [
      2.0354224153175444,
      4.51469033328051,
      1.9641317074623146
    ],
    "obj_class": "vehicle",
    "point_num_in_lidar": 508,
    "speed": 1.2809491335957507e-13,
    "if_vehicle": true,
    "motion_state": false,
    "pose": [
      [
        -0.08183276821068605,
        -0.9965500827551023,
        -0.013832230759165,
        12.079111073830063
      ],
      [
        0.996645487476585,
        -0.08183990319168687,
        -5.037991084903067e-05,
        -61.32812203893013
      ],
      [
        -0.0010818223219293407,
        -0.013789953095423598,
        0.9999043288505604,
        0.9439264154131308
      ],
      [
        0.0,
        0.0,
        0.0,
        1.0
      ]
    ],
    "location": [
      12.079111073830063,
      -61.32812203893013,
      0.9439264154131308
    ],
    "rotation": [
      -0.013790398259096314,
      0.0010818225329460244,
      1.6527207529652677
    ]
  },
  {
    "label_id": "4USvvbsSF6Lj9J0BKmashw",
    "size": [
      2.0595813114844597,
      4.786206074628197,
      1.8546687057198596
    ],
    "obj_class": "vehicle",
    "point_num_in_lidar": 37,
    "speed": 0.0,
    "if_vehicle": true,
    "motion_state": false,
    "pose": [
      [
        0.9968768400514079,
        -0.07775111035441762,
        -0.013832230759165,
        39.60058153284808
      ],
      [
        0.0777578545837698,
        0.996972273191383,
        -5.037991084903067e-05,
        -51.175611963330766
      ],
      [
        0.01379426763728057,
        -0.0010253420216110466,
        0.9999043288505604,
        -0.11434545271976049
      ],
      [
        0.0,
        0.0,
        0.0,
        1.0
      ]
    ],
    "location": [
      39.60058153284808,
      -51.175611963330766,
      -0.11434545271976049
    ],
    "rotation": [
      -0.0010254397672207229,
      -0.013794705141134794,
      0.07784384771132191
    ]
  },
  {
    "label_id": "8n9ATSafwSu4xC92lmLX-w",
    "size": [
      2.1304863058134504,
      4.600270226436806,
      1.6703842882664048
    ],
    "obj_class": "vehicle",
    "point_num_in_lidar": 33,
    "speed": 2.3605105089252717e-29,
    "if_vehicle": true,
    "motion_state": false,
    "pose": [
      [
        -0.9982777485615867,
        0.0570105790098179,
        -0.013832230759165,
        36.57210207900653
      ],
      [
        -0.057015337855065046,
        -0.9983733012812078,
        -5.037991084903067e-05,
        -42.76634971968042
      ],
      [
        -0.013812602074998993,
        0.0007383561660479117,
        0.9999043288505604,
        0.286177043730504
      ],
      [
        0.0,
        0.0,
        0.0,
        1.0
      ]
    ],
    "location": [
      36.57210207900653,
      -42.76634971968042,
      0.286177043730504
    ],
    "rotation": [
      0.0007384266779748357,
      0.013813041325777455,
      -3.0845409314735437
    ]
  },
  {
    "label_id": "8urfTofpA8JqmNQ99FVdxw",
    "size": [
      0.8290984996345692,
      0.07241923128280195,
      0.8481025854576956
    ],
    "obj_class": "sign",
    "point_num_in_lidar": 72,
    "speed": 0.0058210319849140565,
    "if_vehicle": false,
    "motion_state": false,
    "pose": [
      [
        0.007956407438730877,
        -0.9998726743805403,
        -0.013832230759165,
        -2.706654648930453
      ],
      [
        0.9999683344171146,
        0.00795786560117139,
        -5.037991084903067e-05,
        -36.80799515404897
      ],
      [
        0.0001604485295414974,
        -0.013831391910417962,
        0.9999043288505604,
        3.009069896226862
      ],
      [
        0.0,
        0.0,
        0.0,
        1.0
      ]
    ],
    "location": [
      -2.706654648930453,
      -36.80799515404897,
      3.009069896226862
    ],
    "rotation": [
      -0.01383183313438326,
      -0.00016044853022992138,
      1.5628398353053985
    ]
  },
  {
    "label_id": "APG5BmGXRH0wLko7A9ofyA",
    "size": [
      0.787370276680621,
      0.9066863818395781,
      1.7700000000000102
    ],
    "obj_class": "pedestrian",
    "point_num_in_lidar": 187,
    "speed": 1.132286620858597,
    "if_vehicle": false,
    "motion_state": true,
    "pose": [
      [
        0.4112160786012082,
        -0.9114329410834732,
        -0.013832230759165,
        15.859239688408707
      ],
      [
        0.9115198583321252,
        0.41125605810498017,
        -5.037991084903067e-05,
        -42.57449363726869
      ],
      [
        0.005734506607129311,
        -0.012587635992631728,
        0.9999043288505604,
        0.9925909221385609
      ],
      [
        0.0,
        0.0,
        0.0,
        1.0
      ]
    ],
    "location": [
      15.859239688408707,
      -42.57449363726869,
      0.9925909221385609
    ],
    "rotation": [
      -0.012588175422821474,
      -0.0057345380370546085,
      1.1470011522396106
    ]
  },
  {
    "label_id": "CYV4SU0XklbwbVv2IWT0nA",
    "size": [
      1.9349192274206786,
      4.195520774496485,
      1.7292390369619568
    ],
    "obj_class": "vehicle",
    "point_num_in_lidar": 30,
    "speed": 1.0658141036401503e-13,
    "if_vehicle": true,
    "motion_state": false,
    "pose": [
      [
        0.1448258674052927,
        0.9893604689507913,
        -0.013832230759165,
        3.827792192061679
      ],
      [
        -0.9894552296922827,
        0.14483903443635854,
        -5.037991084903067e-05,
        -99.49514974320846
      ],
      [
        0.001953603055035061,
        0.013693669377254775,
        0.9999043288505604,
        0.43755957843939086
      ],
      [
        0.0,
        0.0,
        0.0,
        1.0
      ]
    ],
    "location": [
      3.827792192061679,
      -99.49514974320846,
      0.43755957843939086
    ],
    "rotation": [
      0.01369412351229619,
      -0.0019536042977126695,
      -1.4254590652523076
    ]
  },
  {
    "label_id": "H1tav3xjofg6y0L4ChXbOQ",
    "size": [
      1.934919227420468,
      4.302774069524423,
      1.7321937601380455
    ],
    "obj_class": "vehicle",
    "point_num_in_lidar": 375,
    "speed": 0.012734774781850328,
    "if_vehicle": true,
    "motion_state": false,
    "pose": [
      [
        0.10138887500669679,
        0.9947507051603941,
        -0.013832230759165,
        0.8225462114060065
      ],
      [
        -0.994845951352056,
        0.1013978823264426,
        -5.037991084903067e-05,
        -62.01896483786618
      ],
      [
        0.0013524434549870216,
        0.013766046731406596,
        0.9999043288505604,
        0.9881229624323851
      ],
      [
        0.0,
        0.0,
        0.0,
        1.0
      ]
    ],
    "location": [
      0.8225462114060065,
      -62.01896483786618,
      0.9881229624323851
    ],
    "rotation": [
      0.013766494146376849,
      -0.001352443867280492,
      -1.469232842144247
    ]
  },
  {
    "label_id": "H4ZJVyQIKvT6bqNH6t4Dbg",
    "size": [
      2.0101429733086897,
      4.442158084755917,
      1.773055149164719
    ],
    "obj_class": "vehicle",
    "point_num_in_lidar": 141,
    "speed": 0.006249896014027307,
    "if_vehicle": true,
    "motion_state": false,
    "pose": [
      [
        -0.08183276821063826,
        -0.9965500827551061,
        -0.013832230759165,
        12.834690921230958
      ],
      [
        0.996645487476589,
        -0.08183990319163906,
        -5.037991084903067e-05,
        -67.47954475407823
      ],
      [
        -0.0010818223219286793,
        -0.01378995309542365,
        0.9999043288505604,
        0.7875569833495035
      ],
      [
        0.0,
        0.0,
        0.0,
        1.0
      ]
    ],
    "location": [
      12.834690921230958,
      -67.47954475407823,
      0.7875569833495035
    ],
    "rotation": [
      -0.013790398259096366,
      0.001081822532945363,
      1.6527207529652197
    ]
  },
  {
    "label_id": "HGJgCHriQZAfJVZ98nkXOg",
    "size": [
      2.04424169300159,
      4.5267537452415025,
      1.8546687057198596
    ],
    "obj_class": "vehicle",
    "point_num_in_lidar": 118,
    "speed": 1.0658141036401503e-13,
    "if_vehicle": true,
    "motion_state": false,
    "pose": [
      [
        0.9857768940420272,
        -0.16748905804582892,
        -0.013832230759165,
        28.025903526247475
      ],
      [
        0.16750439593806124,
        0.9858713277113245,
        -5.037991084903067e-05,
        -51.75195266676337
      ],
      [
        0.013645237787559958,
        -0.0022672961057509317,
        0.9999043288505604,
        0.43851057406982363
      ],
      [
        0.0,
        0.0,
        0.0,
        1.0
      ]
    ],
    "location": [
      28.025903526247475,
      -51.75195266676337,
      0.43851057406982363
    ],
    "rotation": [
      -0.0022675091551153017,
      -0.013645661263231119,
      0.16831357263025615
    ]
  },
  {
    "label_id": "LjhBYT85_Si4U-7ahKCHRw",
    "size": [
      0.7605374054823808,
      0.8583638543344657,
      1.7199999999999989
    ],
    "obj_class": "pedestrian",
    "point_num_in_lidar": 114,
    "speed": 3.7765864436546257e-13,
    "if_vehicle": false,
    "motion_state": false,
    "pose": [
      [
        0.12093440582458062,
        0.992564123308958,
        -0.013832230759165,
        -1.093679752191747
      ],
      [
        -0.99265917391659,
        0.12094528474106687,
        -5.037991084903067e-05,
        -58.274763576580426
      ],
      [
        0.001622937795727103,
        0.013736783423400397,
        0.9999043288505604,
        1.2267673484956276
      ],
      [
        0.0,
        0.0,
        0.0,
        1.0
      ]
    ],
    "location": [
      -1.093679752191747,
      -58.274763576580426,
      1.2267673484956276
    ],
    "rotation": [
      0.01373723357272537,
      -0.0016229385081779184,
      -1.449565023182833
    ]
  },
  {
    "label_id": "NsKk9oPmueJ9-2tNO3S59g",
    "size": [
      0.472159956531454,
      0.06010182159104723,
      0.2181025854576717
    ],
    "obj_class": "sign",
    "point_num_in_lidar": 95,
    "speed": 0.004931630293592416,
    "if_vehicle": false,
    "motion_state": false,
    "pose": [
      [
        0.007956407428503011,
        -0.9998726743806217,
        -0.013832230759165,
        -2.7467433460410575
      ],
      [
        0.999968334417196,
        0.007957865590942564,
        -5.037991084903067e-05,
        -36.79506805122219
      ],
      [
        0.0001604485294000139,
        -0.013831391910419604,
        0.9999043288505604,
        2.4217102225155713
      ],
      [
        0.0,
        0.0,
        0.0,
        1.0
      ]
    ],
    "location": [
      -2.7467433460410575,
      -36.79506805122219,
      2.4217102225155713
    ],
    "rotation": [
      -0.013831833134384902,
      -0.00016044853008843787,
      1.5628398353156265
    ]
  },
  {
    "label_id": "T2aPKhW4G4-JDmrDwr2Oug",
    "size": [
      2.1272598187990592,
      4.479459850471301,
      1.8430551491647122
    ],
    "obj_class": "vehicle",
    "point_num_in_lidar": 46,
    "speed": 0.007812554890079466,
    "if_vehicle": true,
    "motion_state": false,
    "pose": [
      [
        -0.0672566303278749,
        -0.9976398223152304,
        -0.013832230759165,
        13.648377383697607
      ],
      [
        0.9977353211409914,
        -0.06726236993704084,
        -5.037991084903067e-05,
        -82.08966167203744
      ],
      [
        -0.0008801276170697874,
        -0.013804293581631714,
        0.9999043288505604,
        0.5143263323021756
      ],
      [
        0.0,
        0.0,
        0.0,
        1.0
      ]
    ],
    "location": [
      13.648377383697607,
      -82.08966167203744,
      0.5143263323021756
    ],
    "rotation": [
      -0.013804737387278668,
      0.0008801277306979143,
      1.638103792106091
    ]
  },
  {
    "label_id": "U274uuUDtmNBxMLLEvdXXw",
    "size": [
      2.0834382731001466,
      5.033652962736186,
      1.740000000000009
    ],
    "obj_class": "vehicle",
    "point_num_in_lidar": 5677,
    "speed": 0.01475076311207086,
    "if_vehicle": true,
    "motion_state": false,
    "pose": [
      [
        -0.0695276563771371,
        -0.9974841223753528,
        -0.013832230759165,
        9.948747706468112
      ],
      [
        0.9975796078869965,
        -0.06953361338152121,
        -5.037991084903067e-05,
        -34.1695488530022
      ],
      [
        -0.000911551824653171,
        -0.013802254134060095,
        0.9999043288505604,
        1.1461992551658398
      ],
      [
        0.0,
        0.0,
        0.0,
        1.0
      ]
    ],
    "location": [
      9.948747706468112,
      -34.1695488530022,
      1.1461992551658398
    ],
    "rotation": [
      -0.013802698133186277,
      0.0009115519508920144,
      1.6403801515527807
    ]
  },
  {
    "label_id": "ZSvYH6nbj5WT83yRrAyqOQ",
    "size": [
      1.7833104792114658,
      4.237803260858649,
      1.3700000000000045
    ],
    "obj_class": "vehicle",
    "point_num_in_lidar": 282,
    "speed": 0.005617862292557732,
    "if_vehicle": true,
    "motion_state": false,
    "pose": [
      [
        0.09736126683520051,
        0.9951529797536004,
        -0.013832230759165,
        -14.863173307045145
      ],
      [
        -0.9952482616267536,
        0.09736988852201518,
        -5.037991084903067e-05,
        -54.31700223488133
      ],
      [
        0.0012967070486295518,
        0.013771408669422381,
        0.9999043288505604,
        2.6725262081182564
      ],
      [
        0.0,
        0.0,
        0.0,
        1.0
      ]
    ],
    "location": [
      -14.863173307045145,
      -54.31700223488133,
      2.6725262081182564
    ],
    "rotation": [
      0.013771855580820684,
      -0.001296707412020992,
      -1.4732804997706648
    ]
  },
  {
    "label_id": "bHpaedxqOe2u_jKwEQsk3A",
    "size": [
      1.081462713327647,
      0.08800643864016114,
      1.1074324324324039
    ],
    "obj_class": "sign",
    "point_num_in_lidar": 80,
    "speed": 0.00924827564419077,
    "if_vehicle": false,
    "motion_state": false,
    "pose": [
      [
        -0.9984401324150557,
        0.05409224875368948,
        -0.013832230759165,
        28.200169459419612
      ],
      [
        -0.05409672826644035,
        -0.9985356986371251,
        -5.037991084903067e-05,
        -53.398666687737204
      ],
      [
        -0.013814701367482588,
        0.0006979771038380821,
        0.9999043288505604,
        3.766218258798716
      ],
      [
        0.0,
        0.0,
        0.0,
        1.0
      ]
    ],
    "location": [
      28.200169459419612,
      -53.398666687737204,
      3.766218258798716
    ],
    "rotation": [
      0.0006980437731215822,
      0.013815140818580039,
      -3.0874643348511075
    ]
  },
  {
    "label_id": "dO3XeoHjmd8frfTyHWTKiA",
    "size": [
      0.7686596977191194,
      0.09465907462909492,
      0.3428215271210604
    ],
    "obj_class": "sign",
    "point_num_in_lidar": 26,
    "speed": 1.0048591735576161e-13,
    "if_vehicle": false,
    "motion_state": false,
    "pose": [
      [
        -0.996806665778758,
        0.07864566390628579,
        -0.013832230759165,
        -7.057772628845214
      ],
      [
        -0.07865249377343343,
        -0.9969020928281194,
        -5.037991084903067e-05,
        -56.29109050027728
      ],
      [
        -0.013793341953829337,
        0.0010377204127022662,
        0.9999043288505604,
        3.15014486785833
      ],
      [
        0.0,
        0.0,
        0.0,
        1.0
      ]
    ],
    "location": [
      -7.057772628845214,
      -56.29109050027728,
      3.15014486785833
    ],
    "rotation": [
      0.0010378193295049218,
      0.013793779369606537,
      -3.0628513333074943
    ]
  },
  {
    "label_id": "lOvlYgibjIeJQY-GUu_iZw",
    "size": [
      1.9792041285706343,
      4.374703024899077,
      1.6158927815274922
    ],
    "obj_class": "vehicle",
    "point_num_in_lidar": 462,
    "speed": 0.647383767813802,
    "if_vehicle": true,
    "motion_state": false,
    "pose": [
      [
        -0.9986667857869035,
        0.04973248795586064,
        -0.013832230759165,
        22.266963979658158
      ],
      [
        -0.049736550178467585,
        -0.9987623706559079,
        -5.037991084903067e-05,
        -46.594444704506486
      ],
      [
        -0.01381761710279272,
        0.0006376546955975207,
        0.9999043288505604,
        0.7242745913618478
      ],
      [
        0.0,
        0.0,
        0.0,
        1.0
      ]
    ],
    "location": [
      22.266963979658158,
      -46.594444704506486,
      0.7242745913618478
    ],
    "rotation": [
      0.0006377156201431849,
      0.013818056832216916,
      -3.0918308202192515
    ]
  },
  {
    "label_id": "n-P7bAYuQSI8-nxyURdrbA",
    "size": [
      2.0391270684399863,
      4.482764801241222,
      1.8430551491647122
    ],
    "obj_class": "vehicle",
    "point_num_in_lidar": 121,
    "speed": 0.0017455652008320818,
    "if_vehicle": true,
    "motion_state": false,
    "pose": [
      [
        -0.06725663032792453,
        -0.9976398223152271,
        -0.013832230759165,
        13.419762460649963
      ],
      [
        0.997735321140988,
        -0.06726236993709046,
        -5.037991084903067e-05,
        -76.23802556216947
      ],
      [
        -0.000880127617070474,
        -0.013804293581631669,
        0.9999043288505604,
        0.618969543994524
      ],
      [
        0.0,
        0.0,
        0.0,
        1.0
      ]
    ],
    "location": [
      13.419762460649963,
      -76.23802556216947,
      0.618969543994524
    ],
    "rotation": [
      -0.013804737387278623,
      0.0008801277306986009,
      1.6381037921061408
    ]
  },
  {
    "label_id": "ok9rVj3OHGAFI-2PL5Wovg",
    "size": [
      2.195656154508662,
      4.543018653385836,
      1.7759030005318266
    ],
    "obj_class": "vehicle",
    "point_num_in_lidar": 159,
    "speed": 0.015507840662115253,
    "if_vehicle": true,
    "motion_state": false,
    "pose": [
      [
        -0.9985075461386353,
        0.052833225307811704,
        -0.013832230759165,
        30.353728337807297
      ],
      [
        -0.052837584313026556,
        -0.9986031179331598,
        -5.037991084903067e-05,
        -43.33023356844842
      ],
      [
        -0.013815570497254001,
        0.0006805569378180713,
        0.9999043288505604,
        0.2595160281199185
      ],
      [
        0.0,
        0.0,
        0.0,
        1.0
      ]
    ],
    "location": [
      30.353728337807297,
      -43.33023356844842,
      0.2595160281199185
    ],
    "rotation": [
      0.0006806219486137456,
      0.013816010031303503,
      -3.088725402587592
    ]
  },
  {
    "label_id": "oqQJJ1ZiQdF_EpbbOCdUiA",
    "size": [
      1.9349192274207252,
      4.354607322978385,
      2.023099572706599
    ],
    "obj_class": "vehicle",
    "point_num_in_lidar": 192,
    "speed": 0.007352802856170199,
    "if_vehicle": true,
    "motion_state": false,
    "pose": [
      [
        0.12007646878167476,
        0.992668278448117,
        -0.013832230759165,
        1.3302870368829645
      ],
      [
        -0.9927633384230977,
        0.12008726554006662,
        -5.037991084903067e-05,
        -68.92706466850905
      ],
      [
        0.0016110642288164477,
        0.01373818102809959,
        0.9999043288505604,
        0.9590587660466667
      ],
      [
        0.0,
        0.0,
        0.0,
        1.0
      ]
    ],
    "location": [
      1.3302870368829645,
      -68.92706466850905,
      0.9590587660466667
    ],
    "rotation": [
      0.013738631047368133,
      -0.001611064925744301,
      -1.4504292616991512
    ]
  },
  {
    "label_id": "p6iRJjcLly4-iM5zuK3Gog",
    "size": [
      2.1272598187990592,
      4.479459850471301,
      1.8430551491647122
    ],
    "obj_class": "vehicle",
    "point_num_in_lidar": 26,
    "speed": 0.0068648044117512125,
    "if_vehicle": true,
    "motion_state": false,
    "pose": [
      [
        -0.0672566303278749,
        -0.9976398223152304,
        -0.013832230759165,
        15.250934724372655
      ],
      [
        0.9977353211409914,
        -0.06726236993704084,
        -5.037991084903067e-05,
        -96.58386051245316
      ],
      [
        -0.0008801276170697874,
        -0.013804293581631714,
        0.9999043288505604,
        0.4502681869321066
      ],
      [
        0.0,
        0.0,
        0.0,
        1.0
      ]
    ],
    "location": [
      15.250934724372655,
      -96.58386051245316,
      0.4502681869321066
    ],
    "rotation": [
      -0.013804737387278668,
      0.0008801277306979143,
      1.638103792106091
    ]
  },
  {
    "label_id": "q_7E83MEyayUrGb4ZRKhVw",
    "size": [
      2.1856928474832733,
      4.602840353629162,
      1.8461367669710853
    ],
    "obj_class": "vehicle",
    "point_num_in_lidar": 507,
    "speed": 0.0055436154513653834,
    "if_vehicle": true,
    "motion_state": false,
    "pose": [
      [
        -0.9985075461386561,
        0.05283322530741948,
        -0.013832230759165,
        24.237988315292114
      ],
      [
        -0.05283758431263431,
        -0.9986031179331806,
        -5.037991084903067e-05,
        -43.74097826333127
      ],
      [
        -0.013815570497254268,
        0.0006805569378126445,
        0.9999043288505604,
        0.6544424026036779
      ],
      [
        0.0,
        0.0,
        0.0,
        1.0
      ]
    ],
    "location": [
      24.237988315292114,
      -43.74097826333127,
      0.6544424026036779
    ],
    "rotation": [
      0.0006806219486083184,
      0.01381601003130377,
      -3.088725402587985
    ]
  },
  {
    "label_id": "thTxgts9V3NUocBGo149Iw",
    "size": [
      1.783310479211688,
      4.237803260858649,
      1.8400000000000034
    ],
    "obj_class": "vehicle",
    "point_num_in_lidar": 706,
    "speed": 0.010066246096359099,
    "if_vehicle": true,
    "motion_state": false,
    "pose": [
      [
        0.11486407318966527,
        0.9932849108299713,
        -0.013832230759165,
        -12.45653778691667
      ],
      [
        -0.9933800261699205,
        0.11487437080790687,
        -5.037991084903067e-05,
        -53.668211492894216
      ],
      [
        0.0015389272000735541,
        0.013746448595294758,
        0.9999043288505604,
        2.360409954341975
      ],
      [
        0.0,
        0.0,
        0.0,
        1.0
      ]
    ],
    "location": [
      -12.45653778691667,
      -53.668211492894216,
      2.360409954341975
    ],
    "rotation": [
      0.013746897844113202,
      -0.001538927807513628,
      -1.4556780237622418
    ]
  },
  {
    "label_id": "uBir3bCA9zjgSvn3mrQnLw",
    "size": [
      1.934919227419779,
      4.386029500164433,
      1.8845223797346762
    ],
    "obj_class": "vehicle",
    "point_num_in_lidar": 117,
    "speed": 0.008196429914362004,
    "if_vehicle": true,
    "motion_state": false,
    "pose": [
      [
        0.14482586740536565,
        0.9893604689507806,
        -0.013832230759165,
        2.5977837635855394
      ],
      [
        -0.989455229692272,
        0.14483903443643148,
        -5.037991084903067e-05,
        -83.10600854396102
      ],
      [
        0.0019536030550360707,
        0.01369366937725463,
        0.9999043288505604,
        0.7397859348654094
      ],
      [
        0.0,
        0.0,
        0.0,
        1.0
      ]
    ],
    "location": [
      2.5977837635855394,
      -83.10600854396102,
      0.7397859348654094
    ],
    "rotation": [
      0.013694123512296047,
      -0.001953604297713679,
      -1.4254590652522339
    ]
  },
  {
    "label_id": "vI6mYZKIhXXxN2zXqh0BHQ",
    "size": [
      2.0442416930021134,
      4.494323398328529,
      2.0376365776496073
    ],
    "obj_class": "vehicle",
    "point_num_in_lidar": 665,
    "speed": 0.010627148369135662,
    "if_vehicle": true,
    "motion_state": false,
    "pose": [
      [
        0.9963998069559772,
        -0.083642657121329,
        -0.013832230759165,
        22.28953477585037
      ],
      [
        0.08364996537319686,
        0.9964951985609,
        -5.037991084903067e-05,
        -52.312594554400675
      ],
      [
        0.013787965446503262,
        -0.0011068670905937871,
        0.9999043288505604,
        0.8580309779582649
      ],
      [
        0.0,
        0.0,
        0.0,
        1.0
      ]
    ],
    "location": [
      22.28953477585037,
      -52.312594554400675,
      0.8580309779582649
    ],
    "rotation": [
      -0.001106972543815453,
      -0.013788402350949715,
      0.08375580842301487
    ]
  }
]