[
  {
    "label_id": "-9n3l1ftnrh3erkNAgxskg",
    "size": [
      1.8088870024089752,
      4.249731073787269,
      1.4199999999999875
    ],
    "obj_class": "vehicle",
    "point_num_in_lidar": 841,
    "speed": 0.005546066711830145,
    "if_vehicle": true,
    "motion_state": false,
    "pose": [
      [
        0.11486417481520415,
        0.9932857896323445,
        -0.013768131989212336,
        -10.041422155989494
      ],
      [
        -0.9933791615343838,
        0.11488102791730795,
        0.000436868295347178,
        -53.330288416497524
      ],
      [
        0.002015632225131141,
        0.013626794895090501,
        0.9999051193426405,
        1.6517706340423217
      ],
      [
        0.0,
        0.0,
        0.0,
        1.0
      ]
    ],
    "location": [
      -10.041422155989494,
      -53.330288416497524,
      1.6517706340423217
    ],
    "rotation": [
      0.013627244339821638,
      -0.002015633589976423,
      -1.455677823493258
    ]
  },
  {
    "label_id": "-Pvhejf9atK6w-QFnvLaRQ",
    "size": [
      0.6682886707070517,
      0.5999527252716165,
      1.6500000000000057
    ],
    "obj_class": "pedestrian",
    "point_num_in_lidar": 124,
    "speed": 0.6336131669581961,
    "if_vehicle": false,
    "motion_state": false,
    "pose": [
      [
        0.7543181128369313,
        -0.6563647028806914,
        -0.013768131989212336,
        16.71467752543367
      ],
      [
        0.6564313977774741,
        0.7543855971305418,
        0.000436868295347178,
        -43.179222459056746
      ],
      [
        0.010099735543180518,
        -0.00936737179456798,
        0.9999051193426405,
        0.979929998245268
      ],
      [
        0.0,
        0.0,
        0.0,
        1.0
      ]
    ],
    "location": [
      16.71467752543367,
      -43.179222459056746,
      0.979929998245268
    ],
    "rotation": [
      -0.009367986609424747,
      -0.010099907254407606,
      0.7161228767815553
    ]
  },
  {
    "label_id": "0PN740DVxEn0FbdlDATsZQ",
    "size": [
      0.619020386999134,
      0.07382364213187018,
      0.46999999999999886
    ],
    "obj_class": "sign",
    "point_num_in_lidar": 141,
    "speed": 0.00732330850125343,
    "if_vehicle": false,
    "motion_state": false,
    "pose": [
      [
        0.9426394773979756,
        -0.33352849082559516,
        -0.013768131989212336,
        -6.451239555233769
      ],
      [
        0.3335657464773552,
        0.9427267376727454,
        0.000436868295347178,
        -44.0221225114808
      ],
      [
        0.012833878130801219,
        -0.005004386526198176,
        0.9999051193426405,
        2.6639733367888994
      ],
      [
        0.0,
        0.0,
        0.0,
        1.0
      ]
    ],
    "location": [
      -6.451239555233769,
      -44.0221225114808,
      2.6639733367888994
    ],
    "rotation": [
      -0.005004819603045317,
      -0.012834230464898169,
      0.34011257476901047
    ]
  },
  {
    "label_id": "0XEOOu0aPfh0jy49JW5Xmw",
    "size": [
      1.8428869658624454,
      4.670595546022981,
      1.6080087281538908
    ],
    "obj_class": "vehicle",
    "point_num_in_lidar": 995,
    "speed": 0.0016564033427032211,
    "if_vehicle": true,
    "motion_state": false,
    "pose": [
      [
        0.033684496318194125,
        0.9993376772889718,
        -0.013768131989212336,
        -7.486372552506964
      ],
      [
        -0.9994321106742287,
        0.03369369821418907,
        0.000436868295347178,
        -53.570252966050475
      ],
      [
        0.0009004782317710845,
        0.013745597525533695,
        0.9999051193426405,
        1.251774618677615
      ],
      [
        0.0,
        0.0,
        0.0,
        1.0
      ]
    ],
    "location": [
      -7.486372552506964,
      -53.570252966050475,
      1.251774618677615
    ],
    "rotation": [
      0.013746035987946228,
      -0.0009004783534649158,
      -1.5371054435650335
    ]
  },
  {
    "label_id": "0u0RUSPwp0b7ThBZnPiGnA",
    "size": [
      1.9349192274207445,
      4.354607322978385,
      1.623099572706593
    ],
    "obj_class": "vehicle",
    "point_num_in_lidar": 29,
    "speed": 1.0048591735576161e-13,
    "if_vehicle": true,
    "motion_state": false,
    "pose": [
      [
        0.1448259955392785,
        0.989361344281039,
        -0.013768131989212336,
        1.7016169492044355
      ],
      [
        -0.9894541642926639,
        0.14484566237895669,
        0.000436868295347178,
        -74.86893014163843
      ],
      [
        0.0024264748016568135,
        0.013559665645463983,
        0.9999051193426405,
        0.8582935347459681
      ],
      [
        0.0,
        0.0,
        0.0,
        1.0
      ]
    ],
    "location": [
      1.7016169492044355,
      -74.86893014163843,
      0.8582935347459681
    ],
    "rotation": [
      0.013560121125455462,
      -0.002426477182754742,
      -1.4254587841706774
    ]
  },
  {
    "label_id": "1PJMXh_QRnuK0Be6MrKRjw",
    "size": [
      1.0968769281256707,
      1.1237519986293447,
      1.6599999999999966
    ],
    "obj_class": "pedestrian",
    "point_num_in_lidar": 225,
    "speed": 1.4470620687418247,
    "if_vehicle": false,
    "motion_state": true,
    "pose": [
      [
        -0.0784688585549048,
        -0.9968214869165983,
        -0.013768131989212336,
        -5.027881615522347
      ],
      [
        0.9969154125990093,
        -0.07848228633672502,
        0.000436868295347178,
        -52.07832815127176
      ],
      [
        -0.0015160341808538797,
        -0.013691382426268515,
        0.9999051193426405,
        1.1681887385930736
      ],
      [
        0.0,
        0.0,
        0.0,
        1.0
      ]
    ],
    "location": [
      -5.027881615522347,
      -52.07832815127176,
      1.1681887385930736
    ],
    "rotation": [
      -0.013691825948343252,
      0.0015160347615864422,
      1.6493460266079674
    ]
  },
  {
    "label_id": "2Cz4S0_K-vtB5MmfFWn30w",
    "size": [
      2.0354224153175435,
      4.51469033328051,
      1.9641317074623146
    ],
    "obj_class": "vehicle",
    "point_num_in_lidar": 532,
    "speed": 1.2809491335957507e-13,
    "if_vehicle": true,
    "motion_state": false,
    "pose": [
      [
        -0.08183284061169972,
        -0.9965509644463487,
        -0.013768131989212336,
        12.079111073830063
      ],
      [
        0.9966448442729006,
        -0.08184658533096024,
        0.000436868295347178,
        -61.32812203893036
      ],
      [
        -0.0015622361107672533,
        -0.013686187588735821,
        0.9999051193426405,
        0.9439264154131877
      ],
      [
        0.0,
        0.0,
        0.0,
        1.0
      ]
    ],
    "location": [
      12.079111073830063,
      -61.32812203893036,
      0.9439264154131877
    ],
    "rotation": [
      -0.013686631591392258,
      0.0015622367462287529,
      1.6527208777587745
    ]
  },
  {
    "label_id": "4USvvbsSF6Lj9J0BKmashw",
    "size": [
      2.059581311484457,
      4.786206074628197,
      1.8546687057198596
    ],
    "obj_class": "vehicle",
    "point_num_in_lidar": 40,
    "speed": 0.0,
    "if_vehicle": true,
    "motion_state": false,
    "pose": [
      [
        0.9968777220317508,
        -0.07775117914421041,
        -0.013768131989212336,
        39.60058153284763
      ],
      [
        0.07776453930099635,
        0.9969716573571168,
        0.000436868295347178,
        -51.175611963330766
      ],
      [
        0.013692470342902597,
        -0.0015061767122699966,
        0.9999051193426405,
        -0.11434545271973207
      ],
      [
        0.0,
        0.0,
        0.0,
        1.0
      ]
    ],
    "location": [
      39.60058153284763,
      -51.175611963330766,
      -0.11434545271973207
    ],
    "rotation": [
      -0.0015063184935893428,
      -0.013692898231604519,
      0.07785044421617433
    ]
  },
  {
    "label_id": "8n9ATSafwSu4xC92lmLX-w",
    "size": [
      2.1304863058134504,
      4.600270226436806,
      1.6703842882664048
    ],
    "obj_class": "vehicle",
    "point_num_in_lidar": 52,
    "speed": 1.4210854715202004e-13,
    "if_vehicle": true,
    "motion_state": false,
    "pose": [
      [
        -0.9982786317813744,
        0.05701062944955739,
        -0.013768131989212336,
        36.57210207900562
      ],
      [
        -0.05702203393003837,
        -0.9983728245463085,
        0.000436868295347178,
        -42.76634971968019
      ],
      [
        -0.013720822686292008,
        0.0012212031735899546,
        0.9999051193426405,
        0.28617704373053243
      ],
      [
        0.0,
        0.0,
        0.0,
        1.0
      ]
    ],
    "location": [
      36.57210207900562,
      -42.76634971968019,
      0.28617704373053243
    ],
    "rotation": [
      0.0012213184458970373,
      0.013721253238678188,
      -3.0845342960303905
    ]
  },
  {
    "label_id": "8urfTofpA8JqmNQ99FVdxw",
    "size": [
      0.829098499634568,
      0.07241923128280195,
      0.8481025854576956
    ],
    "obj_class": "sign",
    "point_num_in_lidar": 50,
    "speed": 0.005821031887601892,
    "if_vehicle": false,
    "motion_state": false,
    "pose": [
      [
        0.007956414478109733,
        -0.9998735590114284,
        -0.013768131989212336,
        -2.7065429393114755
      ],
      [
        0.9999682936557664,
        0.007951152700548927,
        0.000436868295347178,
        -36.81148581211278
      ],
      [
        -0.00032734053744049886,
        -0.013771171357310163,
        0.9999051193426405,
        3.0083221684377577
      ],
      [
        0.0,
        0.0,
        0.0,
        1.0
      ]
    ],
    "location": [
      -2.7065429393114755,
      -36.81148581211278,
      3.0083221684377577
    ],
    "rotation": [
      -0.01377160740500096,
      0.00032734054328635527,
      1.562839827941928
    ]
  },
  {
    "label_id": "APG5BmGXRH0wLko7A9ofyA",
    "size": [
      0.7873702766805395,
      0.9066863818395781,
      1.7700000000000102
    ],
    "obj_class": "pedestrian",
    "point_num_in_lidar": 224,
    "speed": 1.0348505821733742,
    "if_vehicle": false,
    "motion_state": true,
    "pose": [
      [
        0.5825982796163933,
        -0.8126436384600241,
        -0.013768131989212336,
        16.11786222311821
      ],
      [
        0.8127240997103781,
        0.5826485620818503,
        0.000436868295347178,
        -41.96634946072254
      ],
      [
        0.007666964065008936,
        -0.011444211392914466,
        0.9999051193426405,
        1.0260599403287358
      ],
      [
        0.0,
        0.0,
        0.0,
        1.0
      ]
    ],
    "location": [
      16.11786222311821,
      -41.96634946072254,
      1.0260599403287358
    ],
    "rotation": [
      -0.01144479761126152,
      -0.007667039180674734,
      0.9488533575447812
    ]
  },
  {
    "label_id": "CYV4SU0XklbwbVv2IWT0nA",
    "size": [
      1.9349192274206792,
      4.195520774496485,
      1.7292390369619568
    ],
    "obj_class": "vehicle",
    "point_num_in_lidar": 31,
    "speed": 1.0658141036401503e-13,
    "if_vehicle": true,
    "motion_state": false,
    "pose": [
      [
        0.14482599553904782,
        0.9893613442810728,
        -0.013768131989212336,
        3.827792192061679
      ],
      [
        -0.9894541642926977,
        0.14484566237872598,
        0.000436868295347178,
        -99.49514974320846
      ],
      [
        0.002426474801653652,
        0.013559665645464548,
        0.9999051193426405,
        0.4375595784394193
      ],
      [
        0.0,
        0.0,
        0.0,
        1.0
      ]
    ],
    "location": [
      3.827792192061679,
      -99.49514974320846,
      0.4375595784394193
    ],
    "rotation": [
      0.013560121125456027,
      -0.0024264771827515806,
      -1.4254587841709105
    ]
  },
  {
    "label_id": "H1tav3xjofg6y0L4ChXbOQ",
    "size": [
      1.9349192274204683,
      4.302774069524423,
      1.7321937601380455
    ],
    "obj_class": "vehicle",
    "point_num_in_lidar": 397,
    "speed": 0.01273477478211741,
    "if_vehicle": true,
    "motion_state": false,
    "pose": [
      [
        0.10138896470985001,
        0.9947515852596529,
        -0.013768131989212336,
        0.8235237360804604
      ],
      [
        -0.9948451770375836,
        0.10140455054459682,
        0.000436868295347178,
        -62.01138714400781
      ],
      [
        0.0018307266655510502,
        0.013652866082104958,
        0.9999051193426405,
        0.9881229624324135
      ],
      [
        0.0,
        0.0,
        0.0,
        1.0
      ]
    ],
    "location": [
      0.8235237360804604,
      -62.01138714400781,
      0.9881229624324135
    ],
    "rotation": [
      0.013653313149829111,
      -0.001830727688184341,
      -1.4692326743961204
    ]
  },
  {
    "label_id": "H4ZJVyQIKvT6bqNH6t4Dbg",
    "size": [
      2.0101429733086897,
      4.442158084755917,
      1.773055149164719
    ],
    "obj_class": "vehicle",
    "point_num_in_lidar": 155,
    "speed": 0.006249896066246511,
    "if_vehicle": true,
    "motion_state": false,
    "pose": [
      [
        -0.0818328406116475,
        -0.9965509644463529,
        -0.013768131989212336,
        12.830958503053353
      ],
      [
        0.9966448442729048,
        -0.08184658533090801,
        0.000436868295347178,
        -67.47990487278184
      ],
      [
        -0.001562236110766536,
        -0.013686187588735903,
        0.9999051193426405,
        0.7838072325673409
      ],
      [
        0.0,
        0.0,
        0.0,
        1.0
      ]
    ],
    "location": [
      12.830958503053353,
      -67.47990487278184,
      0.7838072325673409
    ],
    "rotation": [
      -0.013686631591392339,
      0.0015622367462280356,
      1.6527208777587221
    ]
  },
  {
    "label_id": "HGJgCHriQZAfJVZ98nkXOg",
    "size": [
      2.0442416930015885,
      4.5267537452415025,
      1.8546687057198596
    ],
    "obj_class": "vehicle",
    "point_num_in_lidar": 100,
    "speed": 1.0658141036401503e-13,
    "if_vehicle": true,
    "motion_state": false,
    "pose": [
      [
        0.9857777662017646,
        -0.1674892062306911,
        -0.013768131989212336,
        28.02590352624702
      ],
      [
        0.16751099768933753,
        0.9858701105111237,
        0.000436868295347178,
        -51.75195266676337
      ],
      [
        0.01350041908172145,
        -0.0027369685781431555,
        0.9999051193426405,
        0.43851057406985205
      ],
      [
        0.0,
        0.0,
        0.0,
        1.0
      ]
    ],
    "location": [
      28.02590352624702,
      -51.75195266676337,
      0.43851057406985205
    ],
    "rotation": [
      -0.0027372214520397387,
      -0.013500829216050579,
      0.16831993556575858
    ]
  },
  {
    "label_id": "LjhBYT85_Si4U-7ahKCHRw",
    "size": [
      0.7605374054823808,
      0.8583638543344657,
      1.7199999999999989
    ],
    "obj_class": "pedestrian",
    "point_num_in_lidar": 113,
    "speed": 3.7765864436546257e-13,
    "if_vehicle": false,
    "motion_state": false,
    "pose": [
      [
        0.12093451282051816,
        0.9925650014736525,
        -0.013768131989212336,
        -1.0936797521926565
      ],
      [
        -0.9926582685987944,
        0.12095193643979527,
        0.000436868295347178,
        -58.274763576580426
      ],
      [
        0.0020989024054689862,
        0.013614217607786652,
        0.9999051193426405,
        1.2267673484956276
      ],
      [
        0.0,
        0.0,
        0.0,
        1.0
      ]
    ],
    "location": [
      -1.0936797521926565,
      -58.274763576580426,
      1.2267673484956276
    ],
    "rotation": [
      0.013614668192610303,
      -0.0020989039465531103,
      -1.449564807487505
    ]
  },
  {
    "label_id": "NsKk9oPmueJ9-2tNO3S59g",
    "size": [
      0.47215995653145293,
      0.06010182159104723,
      0.2181025854576717
    ],
    "obj_class": "sign",
    "point_num_in_lidar": 64,
    "speed": 0.00493163021106796,
    "if_vehicle": false,
    "motion_state": false,
    "pose": [
      [
        0.007956414467879223,
        -0.9998735590115096,
        -0.013768131989212336,
        -2.7480596419627545
      ],
      [
        0.9999682936558477,
        0.007951152690317452,
        0.000436868295347178,
        -36.79771796519344
      ],
      [
        -0.0003273405375814027,
        -0.013771171357306811,
        0.9999051193426405,
        2.424017738341803
      ],
      [
        0.0,
        0.0,
        0.0,
        1.0
      ]
    ],
    "location": [
      -2.7480596419627545,
      -36.79771796519344,
      2.424017738341803
    ],
    "rotation": [
      -0.013771607404997608,
      0.00032734054342725916,
      1.562839827952159
    ]
  },
  {
    "label_id": "T2aPKhW4G4-JDmrDwr2Oug",
    "size": [
      2.12725981879906,
      4.479459850471301,
      1.8430551491647122
    ],
    "obj_class": "vehicle",
    "point_num_in_lidar": 42,
    "speed": 0.007812554824864879,
    "if_vehicle": true,
    "motion_state": false,
    "pose": [
      [
        -0.06725668983274123,
        -0.9976407049706173,
        -0.013768131989212336,
        13.648257133302195
      ],
      [
        0.9977347756843713,
        -0.06726906076458879,
        0.000436868295347178,
        -82.08497591541709
      ],
      [
        -0.0013620069015466737,
        -0.013707561766411663,
        0.9999051193426405,
        0.514326332302204
      ],
      [
        0.0,
        0.0,
        0.0,
        1.0
      ]
    ],
    "location": [
      13.648257133302195,
      -82.08497591541709,
      0.514326332302204
    ],
    "rotation": [
      -0.013708003786977377,
      0.0013620073226484146,
      1.6381038881618986
    ]
  },
  {
    "label_id": "U274uuUDtmNBxMLLEvdXXw",
    "size": [
      2.083438273100145,
      5.033652962736186,
      1.740000000000009
    ],
    "obj_class": "vehicle",
    "point_num_in_lidar": 5674,
    "speed": 0.013137739963325326,
    "if_vehicle": true,
    "motion_state": false,
    "pose": [
      [
        -0.0695277178912817,
        -0.9974850048929849,
        -0.013768131989212336,
        9.955555160568565
      ],
      [
        0.9975790471996293,
        -0.06954030294996116,
        0.000436868295347178,
        -34.175204060185706
      ],
      [
        -0.001393209643306847,
        -0.013704425535922635,
        0.9999051193426405,
        1.1470379298125124
      ],
      [
        0.0,
        0.0,
        0.0,
        1.0
      ]
    ],
    "location": [
      9.955555160568565,
      -34.175204060185706,
      1.1470379298125124
    ],
    "rotation": [
      -0.013704867848103791,
      0.0013932100940182487,
      1.6403802519014548
    ]
  },
  {
    "label_id": "ZSvYH6nbj5WT83yRrAyqOQ",
    "size": [
      1.7833104792114707,
      4.237803260858649,
      1.3700000000000045
    ],
    "obj_class": "vehicle",
    "point_num_in_lidar": 348,
    "speed": 0.005617862339347191,
    "if_vehicle": true,
    "motion_state": false,
    "pose": [
      [
        0.09736135297495166,
        0.9951538602087692,
        -0.013768131989212336,
        -14.863176110827226
      ],
      [
        -0.9952475143117508,
        0.09737655981997864,
        0.000436868295347178,
        -54.31363168660505
      ],
      [
        0.0017754444987744655,
        0.013660165050672819,
        0.9999051193426405,
        2.672526208118285
      ],
      [
        0.0,
        0.0,
        0.0,
        1.0
      ]
    ],
    "location": [
      -14.863176110827226,
      -54.31363168660505,
      2.672526208118285
    ],
    "rotation": [
      0.013660611449599307,
      -0.0017754454315360843,
      -1.4732803412803088
    ]
  },
  {
    "label_id": "bHpaedxqOe2u_jKwEQsk3A",
    "size": [
      1.0814627133276482,
      0.08800643864016114,
      1.1074324324324039
    ],
    "obj_class": "sign",
    "point_num_in_lidar": 79,
    "speed": 0.009248275721955272,
    "if_vehicle": false,
    "motion_state": false,
    "pose": [
      [
        -0.9984410157785129,
        0.05409229661143209,
        -0.013768131989212336,
        28.199867820239433
      ],
      [
        -0.05410342570633662,
        -0.9985352414777013,
        0.000436868295347178,
        -53.39312620376381
      ],
      [
        -0.013724333791132958,
        0.0011810903307612499,
        0.9999051193426405,
        3.7644710598431743
      ],
      [
        0.0,
        0.0,
        0.0,
        1.0
      ]
    ],
    "location": [
      28.199867820239433,
      -53.39312620376381,
      3.7644710598431743
    ],
    "rotation": [
      0.0011812018546690107,
      0.013724764674152425,
      -3.0874576943863605
    ]
  },
  {
    "label_id": "dO3XeoHjmd8frfTyHWTKiA",
    "size": [
      0.7686596977191219,
      0.09465907462909492,
      0.3428215271210604
    ],
    "obj_class": "sign",
    "point_num_in_lidar": 24,
    "speed": 1.0048591735576161e-13,
    "if_vehicle": false,
    "motion_state": false,
    "pose": [
      [
        -0.9968075476970165,
        0.07864573348750584,
        -0.013768131989212336,
        -7.057772628845669
      ],
      [
        -0.07865917793530312,
        -0.9969014709953209,
        0.000436868295347178,
        -56.29109050027705
      ],
      [
        -0.013691113205378498,
        0.0015184635581277886,
        0.9999051193426405,
        3.15014486785833
      ],
      [
        0.0,
        0.0,
        0.0,
        1.0
      ]
    ],
    "location": [
      -7.057772628845669,
      -56.29109050027705,
      3.15014486785833
    ],
    "rotation": [
      0.001518606477232282,
      0.013691540966854527,
      -3.06284473861004
    ]
  },
  {
    "label_id": "lOvlYgibjIeJQY-GUu_iZw",
    "size": [
      1.9792041285705333,
      4.374703024899077,
      1.6158927815274922
    ],
    "obj_class": "vehicle",
    "point_num_in_lidar": 611,
    "speed": 1.1844453004569404,
    "if_vehicle": true,
    "motion_state": true,
    "pose": [
      [
        -0.9986429727555809,
        0.050226004294825016,
        -0.013768131989212336,
        21.682315378820476
      ],
      [
        -0.05023676847164428,
        -0.9987372408394607,
        0.000436868295347178,
        -46.614080215157855
      ],
      [
        -0.013728804005541065,
        0.0011279419121972682,
        0.9999051193426405,
        0.7416914142142161
      ],
      [
        0.0,
        0.0,
        0.0,
        1.0
      ]
    ],
    "location": [
      21.682315378820476,
      -46.614080215157855,
      0.7416914142142161
    ],
    "rotation": [
      0.0011280484637441453,
      0.013729235309756038,
      -3.0913299894159953
    ]
  },
  {
    "label_id": "n-P7bAYuQSI8-nxyURdrbA",
    "size": [
      2.039127068439986,
      4.482764801241222,
      1.8430551491647122
    ],
    "obj_class": "vehicle",
    "point_num_in_lidar": 121,
    "speed": 0.0017455652156302035,
    "if_vehicle": true,
    "motion_state": false,
    "pose": [
      [
        -0.06725668983279262,
        -0.9976407049706137,
        -0.013768131989212336,
        13.419735593005953
      ],
      [
        0.9977347756843677,
        -0.06726906076464018,
        0.000436868295347178,
        -76.2369786199231
      ],
      [
        -0.0013620069015473797,
        -0.013707561766411594,
        0.9999051193426405,
        0.618969543994524
      ],
      [
        0.0,
        0.0,
        0.0,
        1.0
      ]
    ],
    "location": [
      13.419735593005953,
      -76.2369786199231,
      0.618969543994524
    ],
    "rotation": [
      -0.013708003786977308,
      0.0013620073226491207,
      1.63810388816195
    ]
  },
  {
    "label_id": "ok9rVj3OHGAFI-2PL5Wovg",
    "size": [
      2.195656154508664,
      4.543018653385836,
      1.7759030005318266
    ],
    "obj_class": "vehicle",
    "point_num_in_lidar": 161,
    "speed": 0.015507840922048826,
    "if_vehicle": true,
    "motion_state": false,
    "pose": [
      [
        -0.9985084295617351,
        0.05283327205166451,
        -0.013768131989212336,
        30.344811187327196
      ],
      [
        -0.05284428232407542,
        -0.9986026692192175,
        0.000436868295347178,
        -43.32757775911182
      ],
      [
        -0.013725812173091111,
        0.0011637837294254936,
        0.9999051193426405,
        0.2595160281199185
      ],
      [
        0.0,
        0.0,
        0.0,
        1.0
      ]
    ],
    "location": [
      30.344811187327196,
      -43.32757775911182,
      0.2595160281199185
    ],
    "rotation": [
      0.0011638936349127034,
      0.0137262431953773,
      -3.088718759991296
    ]
  },
  {
    "label_id": "oqQJJ1ZiQdF_EpbbOCdUiA",
    "size": [
      1.934919227420726,
      4.354607322978385,
      2.023099572706599
    ],
    "obj_class": "vehicle",
    "point_num_in_lidar": 212,
    "speed": 0.007352802856557769,
    "if_vehicle": true,
    "motion_state": false,
    "pose": [
      [
        0.12007657501855495,
        0.9926691567049624,
        -0.013768131989212336,
        1.329856460902647
      ],
      [
        -0.9927624388548293,
        0.12009391801879059,
        0.000436868295347178,
        -68.92267426982676
      ],
      [
        0.002087134596717772,
        0.013616026643446149,
        0.9999051193426405,
        0.9581764736628884
      ],
      [
        0.0,
        0.0,
        0.0,
        1.0
      ]
    ],
    "location": [
      1.329856460902647,
      -68.92267426982676,
      0.9581764736628884
    ],
    "rotation": [
      0.013616477064551543,
      -0.0020871361120259678,
      -1.4504290482133482
    ]
  },
  {
    "label_id": "p6iRJjcLly4-iM5zuK3Gog",
    "size": [
      2.12725981879906,
      4.479459850471301,
      1.8430551491647122
    ],
    "obj_class": "vehicle",
    "point_num_in_lidar": 29,
    "speed": 0.006864804412435411,
    "if_vehicle": true,
    "motion_state": false,
    "pose": [
      [
        -0.06725668983274123,
        -0.9976407049706173,
        -0.013768131989212336,
        15.254087403965059
      ],
      [
        0.9977347756843713,
        -0.06726906076458879,
        0.000436868295347178,
        -96.58651081719722
      ],
      [
        -0.0013620069015466737,
        -0.013707561766411663,
        0.9999051193426405,
        0.4502681869321634
      ],
      [
        0.0,
        0.0,
        0.0,
        1.0
      ]
    ],
    "location": [
      15.254087403965059,
      -96.58651081719722,
      0.4502681869321634
    ],
    "rotation": [
      -0.013708003786977377,
      0.0013620073226484146,
      1.6381038881618986
    ]
  },
  {
    "label_id": "q_7E83MEyayUrGb4ZRKhVw",
    "size": [
      2.1856928474832733,
      4.602840353629162,
      1.8461367669710853
    ],
    "obj_class": "vehicle",
    "point_num_in_lidar": 483,
    "speed": 0.005543615358340852,
    "if_vehicle": true,
    "motion_state": false,
    "pose": [
      [
        -0.9985084295617558,
        0.052833272051273625,
        -0.013768131989212336,
        24.23720222926795
      ],
      [
        -0.0528442823236845,
        -0.9986026692192382,
        0.000436868295347178,
        -43.73774648860626
      ],
      [
        -0.013725812173091566,
        0.0011637837294201205,
        0.9999051193426405,
        0.6544424026037063
      ],
      [
        0.0,
        0.0,
        0.0,
        1.0
      ]
    ],
    "location": [
      24.23720222926795,
      -43.73774648860626,
      0.6544424026037063
    ],
    "rotation": [
      0.0011638936349073299,
      0.013726243195377755,
      -3.088718759991688
    ]
  },
  {
    "label_id": "thTxgts9V3NUocBGo149Iw",
    "size": [
      1.7833104792116887,
      4.237803260858649,
      1.8400000000000034
    ],
    "obj_class": "vehicle",
    "point_num_in_lidar": 725,
    "speed": 0.01006624601188964,
    "if_vehicle": true,
    "motion_state": false,
    "pose": [
      [
        0.1148641748149117,
        0.9932857896323782,
        -0.013768131989212336,
        -12.452840727268267
      ],
      [
        -0.9933791615344175,
        0.11488102791701546,
        0.000436868295347178,
        -53.6634358603294
      ],
      [
        0.0020156322251271286,
        0.013626794895091093,
        0.9999051193426405,
        2.3645468585918934
      ],
      [
        0.0,
        0.0,
        0.0,
        1.0
      ]
    ],
    "location": [
      -12.452840727268267,
      -53.6634358603294,
      2.3645468585918934
    ],
    "rotation": [
      0.01362724433982223,
      -0.0020156335899724105,
      -1.4556778234935523
    ]
  },
  {
    "label_id": "uBir3bCA9zjgSvn3mrQnLw",
    "size": [
      1.9349192274197788,
      4.386029500164433,
      1.8845223797346762
    ],
    "obj_class": "vehicle",
    "point_num_in_lidar": 116,
    "speed": 0.008196429845477565,
    "if_vehicle": true,
    "motion_state": false,
    "pose": [
      [
        0.1448259955391137,
        0.9893613442810631,
        -0.013768131989212336,
        2.596974360870263
      ],
      [
        -0.989454164292688,
        0.1448456623787919,
        0.000436868295347178,
        -83.10115799926689
      ],
      [
        0.0024264748016545553,
        0.013559665645464385,
        0.9999051193426405,
        0.7368353671288617
      ],
      [
        0.0,
        0.0,
        0.0,
        1.0
      ]
    ],
    "location": [
      2.596974360870263,
      -83.10115799926689,
      0.7368353671288617
    ],
    "rotation": [
      0.013560121125455864,
      -0.002426477182752484,
      -1.425458784170844
    ]
  },
  {
    "label_id": "vI6mYZKIhXXxN2zXqh0BHQ",
    "size": [
      2.044241693002114,
      4.494323398328529,
      2.0376365776496073
    ],
    "obj_class": "vehicle",
    "point_num_in_lidar": 715,
    "speed": 0.010627148368903317,
    "if_vehicle": true,
    "motion_state": false,
    "pose": [
      [
        0.9964006885142683,
        -0.08364273112362887,
        -0.013768131989212336,
        22.2902060537308
      ],
      [
        0.08365664633320263,
        0.9964945432215743,
        0.000436868295347178,
        -52.318935090389914
      ],
      [
        0.01368332754024033,
        -0.0015870916187643727,
        0.9999051193426405,
        0.8504364807596687
      ],
      [
        0.0,
        0.0,
        0.0,
        1.0
      ]
    ],
    "location": [
      22.2902060537308,
      -52.318935090389914,
      0.8504364807596687
    ],
    "rotation": [
      -0.0015872408844182233,
      -0.013683754572330597,
      0.0837623928302393
    ]
  }
]