[
  {
    "label_id": "-9n3l1ftnrh3erkNAgxskg",
    "size": [
      1.8088870024089774,
      4.249731073787269,
      1.4199999999999875
    ],
    "obj_class": "vehicle",
    "point_num_in_lidar": 791,
    "speed": 0.002662840775355814,
    "if_vehicle": true,
    "motion_state": false,
    "pose": [
      [
        0.1148628509844442,
        0.9932743418307687,
        -0.014581060468248998,
        -10.037743199206943
      ],
      [
        -0.9933727764733777,
        0.11491050129451617,
        0.002470557389669277,
        -53.33583423606615
      ],
      [
        0.004129458232991038,
        0.014200653255972617,
        0.9998906385309373,
        1.6490686137954356
      ],
      [
        0.0,
        0.0,
        0.0,
        1.0
      ]
    ],
    "location": [
      -10.037743199206943,
      -53.33583423606615,
      1.6490686137954356
    ],
    "rotation": [
      0.01420125167136848,
      -0.004129469969294104,
      -1.4556784051505256
    ]
  },
  {
    "label_id": "-Pvhejf9atK6w-QFnvLaRQ",
    "size": [
      0.6682886707071104,
      0.5999527252716165,
      1.6500000000000057
    ],
    "obj_class": "pedestrian",
    "point_num_in_lidar": 36,
    "speed": 0.6706949461172227,
    "if_vehicle": false,
    "motion_state": false,
    "pose": [
      [
        0.08623445400710926,
        -0.9961681643265443,
        -0.014581060468248998,
        16.364580432035837
      ],
      [
        0.9962741435463004,
        0.08620746630814434,
        0.002470557389669277,
        -43.88296274875711
      ],
      [
        -0.001204094340676632,
        -0.014739780697592948,
        0.9998906385309373,
        0.9632639593909005
      ],
      [
        0.0,
        0.0,
        0.0,
        1.0
      ]
    ],
    "location": [
      16.364580432035837,
      -43.88296274875711,
      0.9632639593909005
    ],
    "rotation": [
      -0.01474032516638636,
      0.0012040946316348169,
      1.484454572083651
    ]
  },
  {
    "label_id": "0PN740DVxEn0FbdlDATsZQ",
    "size": [
      0.6190203869991343,
      0.07382364213187018,
      0.46999999999999886
    ],
    "obj_class": "sign",
    "point_num_in_lidar": 60,
    "speed": 0.007323308562063224,
    "if_vehicle": false,
    "motion_state": false,
    "pose": [
      [
        0.9426286133044642,
        -0.3335246468483614,
        -0.014581060468248998,
        -6.442643761571617
      ],
      [
        0.33359305306679343,
        0.9427139392688324,
        0.002470557389669277,
        -44.0202956524065
      ],
      [
        0.012921777171832004,
        -0.0071929585648677595,
        0.9998906385309373,
        2.6698868557119226
      ],
      [
        0.0,
        0.0,
        0.0,
        1.0
      ]
    ],
    "location": [
      -6.442643761571617,
      -44.0202956524065,
      2.6698868557119226
    ],
    "rotation": [
      -0.007193621195235845,
      -0.012922136795384077,
      0.3401419437982451
    ]
  },
  {
    "label_id": "0XEOOu0aPfh0jy49JW5Xmw",
    "size": [
      1.8428869658624452,
      4.670595546022981,
      1.6080087281538908
    ],
    "obj_class": "vehicle",
    "point_num_in_lidar": 932,
    "speed": 0.001656403301119372,
    "if_vehicle": true,
    "motion_state": false,
    "pose": [
      [
        0.03368410809817114,
        0.9993261597382769,
        -0.014581060468248998,
        -7.4863055934747536
      ],
      [
        -0.9994281442907377,
        0.03372359331027529,
        0.002470557389669277,
        -53.57223947889361
      ],
      [
        0.002960618381894982,
        0.014489503683396776,
        0.9998906385309373,
        1.2608032020417284
      ],
      [
        0.0,
        0.0,
        0.0,
        1.0
      ]
    ],
    "location": [
      -7.4863055934747536,
      -53.57223947889361,
      1.2608032020417284
    ],
    "rotation": [
      0.0144900742420688,
      -0.002960622707010949,
      -1.5371056979601785
    ]
  },
  {
    "label_id": "0iA9NWHBXHI4nn_iiYVPiA",
    "size": [
      2.008033295805039,
      4.764529851649029,
      1.6146687057198505
    ],
    "obj_class": "vehicle",
    "point_num_in_lidar": 20,
    "speed": 0.008897729535183554,
    "if_vehicle": true,
    "motion_state": false,
    "pose": [
      [
        0.9968662328324871,
        -0.07775028304763326,
        -0.014581060468248998,
        33.62116502700974
      ],
      [
        0.07779423024351124,
        0.996966375605017,
        0.002470557389669277,
        -51.332029683921746
      ],
      [
        0.01434474047117559,
        -0.003597137613297598,
        0.9998906385309373,
        0.21515741622133078
      ],
      [
        0.0,
        0.0,
        0.0,
        1.0
      ]
    ],
    "location": [
      33.62116502700974,
      -51.332029683921746,
      0.21515741622133078
    ],
    "rotation": [
      -0.003597515524673871,
      -0.014345232473384944,
      0.07788094190429634
    ]
  },
  {
    "label_id": "0u0RUSPwp0b7ThBZnPiGnA",
    "size": [
      1.934919227420745,
      4.354607322978385,
      1.623099572706593
    ],
    "obj_class": "vehicle",
    "point_num_in_lidar": 23,
    "speed": 1.0048591735576161e-13,
    "if_vehicle": true,
    "motion_state": false,
    "pose": [
      [
        0.14482432639302,
        0.9893499417094184,
        -0.014581060468248998,
        1.7016169492044355
      ],
      [
        -0.9894468915456837,
        0.14487492935897722,
        0.002470557389669277,
        -74.86893014163843
      ],
      [
        0.004556675914775621,
        0.01406938814597447,
        0.9998906385309373,
        0.8582935347459113
      ],
      [
        0.0,
        0.0,
        0.0,
        1.0
      ]
    ],
    "location": [
      1.7016169492044355,
      -74.86893014163843,
      0.8582935347459113
    ],
    "rotation": [
      0.01406999843462065,
      -0.004556691683524294,
      -1.4254593824395443
    ]
  },
  {
    "label_id": "1PJMXh_QRnuK0Be6MrKRjw",
    "size": [
      1.0968769281255084,
      1.1237519986293447,
      1.6599999999999966
    ],
    "obj_class": "pedestrian",
    "point_num_in_lidar": 194,
    "speed": 1.486437357859071,
    "if_vehicle": false,
    "motion_state": true,
    "pose": [
      [
        -0.018944233411953684,
        -0.9997142135110687,
        -0.014581060468248998,
        -4.86739859004274
      ],
      [
        0.9998167692295232,
        -0.01898221045143565,
        0.002470557389669277,
        -53.83690250767768
      ],
      [
        -0.0027466320961605914,
        -0.014531585953457512,
        0.9998906385309373,
        1.1206139218061821
      ],
      [
        0.0,
        0.0,
        0.0,
        1.0
      ]
    ],
    "location": [
      -4.86739859004274,
      -53.83690250767768,
      1.1206139218061821
    ],
    "rotation": [
      -0.014532152253093466,
      0.002746635549598852,
      1.5897417649909642
    ]
  },
  {
    "label_id": "2Cz4S0_K-vtB5MmfFWn30w",
    "size": [
      2.0354224153175444,
      4.51469033328051,
      1.9641317074623146
    ],
    "obj_class": "vehicle",
    "point_num_in_lidar": 472,
    "speed": 1.2809491335957507e-13,
    "if_vehicle": true,
    "motion_state": false,
    "pose": [
      [
        -0.08183189747314885,
        -0.9965394790130321,
        -0.014581060468248998,
        12.079111073829154
      ],
      [
        0.996639440977732,
        -0.08187625439514393,
        0.002470557389669277,
        -61.328122038929905
      ],
      [
        -0.0036558505902221494,
        -0.014329889554925243,
        0.9998906385309373,
        0.9439264154131308
      ],
      [
        0.0,
        0.0,
        0.0,
        1.0
      ]
    ],
    "location": [
      12.079111073829154,
      -61.328122038929905,
      0.9439264154131308
    ],
    "rotation": [
      -0.014330475802557873,
      0.003655858733826708,
      1.6527203799476584
    ]
  },
  {
    "label_id": "4USvvbsSF6Lj9J0BKmashw",
    "size": [
      2.0595813114844606,
      4.786206074628197,
      1.8546687057198596
    ],
    "obj_class": "vehicle",
    "point_num_in_lidar": 22,
    "speed": 0.0,
    "if_vehicle": true,
    "motion_state": false,
    "pose": [
      [
        0.9968662328324929,
        -0.077750283047558,
        -0.014581060468248998,
        39.60058153284717
      ],
      [
        0.07779423024343599,
        0.9969663756050228,
        0.002470557389669277,
        -51.17561196333054
      ],
      [
        0.014344740471175859,
        -0.003597137613296514,
        0.9998906385309373,
        -0.11434545271973207
      ],
      [
        0.0,
        0.0,
        0.0,
        1.0
      ]
    ],
    "location": [
      39.60058153284717,
      -51.17561196333054,
      -0.11434545271973207
    ],
    "rotation": [
      -0.0035975155246727873,
      -0.014345232473385212,
      0.07788094190422086
    ]
  },
  {
    "label_id": "8urfTofpA8JqmNQ99FVdxw",
    "size": [
      0.8290984996345694,
      0.07241923128280195,
      0.8481025854576956
    ],
    "obj_class": "sign",
    "point_num_in_lidar": 113,
    "speed": 0.004159502027601972,
    "if_vehicle": false,
    "motion_state": false,
    "pose": [
      [
        0.007956322778963633,
        -0.9998620352845977,
        -0.014581060468248998,
        -2.7067663648535927
      ],
      [
        0.9999655755224155,
        0.007921118374861674,
        0.002470557389669277,
        -36.80450429901248
      ],
      [
        -0.00235471823392211,
        -0.014600215074895914,
        0.9998906385309373,
        3.0098176662092158
      ],
      [
        0.0,
        0.0,
        0.0,
        1.0
      ]
    ],
    "location": [
      -2.7067663648535927,
      -36.80450429901248,
      3.0098176662092158
    ],
    "rotation": [
      -0.014600774318290544,
      0.0023547204099611044,
      1.5628398980117693
    ]
  },
  {
    "label_id": "APG5BmGXRH0wLko7A9ofyA",
    "size": [
      0.7873702766807098,
      0.9066863818395781,
      1.7700000000000102
    ],
    "obj_class": "pedestrian",
    "point_num_in_lidar": 169,
    "speed": 1.1281328077461963,
    "if_vehicle": false,
    "motion_state": true,
    "pose": [
      [
        0.3015271370581656,
        -0.9533460957559576,
        -0.014581060468248998,
        15.708692635028001
      ],
      [
        0.9534554100466395,
        0.3015239250855211,
        0.002470557389669277,
        -43.27330623792568
      ],
      [
        0.0020412423425135297,
        -0.014647331084314066,
        0.9998906385309373,
        1.0142867689932018
      ],
      [
        0.0,
        0.0,
        0.0,
        1.0
      ]
    ],
    "location": [
      15.708692635028001,
      -43.27330623792568,
      1.0142867689932018
    ],
    "rotation": [
      -0.014647885403806677,
      -0.0020412437600468287,
      1.2645017354401629
    ]
  },
  {
    "label_id": "CYV4SU0XklbwbVv2IWT0nA",
    "size": [
      1.93491922742068,
      4.195520774496485,
      1.7292390369619568
    ],
    "obj_class": "vehicle",
    "point_num_in_lidar": 31,
    "speed": 1.0658141036401503e-13,
    "if_vehicle": true,
    "motion_state": false,
    "pose": [
      [
        0.1448243263927968,
        0.9893499417094509,
        -0.014581060468248998,
        3.8277921920612243
      ],
      [
        -0.9894468915457162,
        0.14487492935875398,
        0.002470557389669277,
        -99.49514974320823
      ],
      [
        0.004556675914772447,
        0.014069388145975498,
        0.9998906385309373,
        0.43755957843936244
      ],
      [
        0.0,
        0.0,
        0.0,
        1.0
      ]
    ],
    "location": [
      3.8277921920612243,
      -99.49514974320823,
      0.43755957843936244
    ],
    "rotation": [
      0.014069998434621677,
      -0.00455669168352112,
      -1.4254593824397699
    ]
  },
  {
    "label_id": "Dh9hqZe6xlb1umyJ5aRbsQ",
    "size": [
      0.42898716128938125,
      0.03500187320786129,
      0.5200000000000102
    ],
    "obj_class": "sign",
    "point_num_in_lidar": 115,
    "speed": 0.018161141749935193,
    "if_vehicle": false,
    "motion_state": false,
    "pose": [
      [
        -0.05236247617791126,
        -0.9985216891806302,
        -0.014581060468248998,
        -3.274085747647405
      ],
      [
        0.9986229176567639,
        -0.052403861278312085,
        0.002470557389669277,
        -33.08117819365293
      ],
      [
        -0.003231009008019056,
        -0.014431616644869794,
        0.9998906385309373,
        1.62107248688406
      ],
      [
        0.0,
        0.0,
        0.0,
        1.0
      ]
    ],
    "location": [
      -3.274085747647405,
      -33.08117819365293,
      1.62107248688406
    ],
    "rotation": [
      -0.014432192978325466,
      0.003231014629688383,
      1.6231830343972349
    ]
  },
  {
    "label_id": "H1tav3xjofg6y0L4ChXbOQ",
    "size": [
      1.934919227420469,
      4.302774069524423,
      1.7321937601380455
    ],
    "obj_class": "vehicle",
    "point_num_in_lidar": 357,
    "speed": 0.012734774888598806,
    "if_vehicle": true,
    "motion_state": false,
    "pose": [
      [
        0.10138779618336889,
        0.9947401205645126,
        -0.014581060468248998,
        0.8215686315702442
      ],
      [
        -0.9948391920946784,
        0.10143410776751505,
        0.002470557389669277,
        -62.02654295932257
      ],
      [
        0.003936579414562187,
        0.014255326047033383,
        0.9998906385309373,
        0.9881229624323851
      ],
      [
        0.0,
        0.0,
        0.0,
        1.0
      ]
    ],
    "location": [
      0.8215686315702442,
      -62.02654295932257,
      0.9881229624323851
    ],
    "rotation": [
      0.014255919373051517,
      -0.003936589581936899,
      -1.4692332300971265
    ]
  },
  {
    "label_id": "H4ZJVyQIKvT6bqNH6t4Dbg",
    "size": [
      2.010142973308688,
      4.442158084755917,
      1.773055149164719
    ],
    "obj_class": "vehicle",
    "point_num_in_lidar": 139,
    "speed": 0.006249896014178994,
    "if_vehicle": true,
    "motion_state": false,
    "pose": [
      [
        -0.08183189747309529,
        -0.9965394790130364,
        -0.014581060468248998,
        12.83842355002298
      ],
      [
        0.9966394409777363,
        -0.08187625439509036,
        0.002470557389669277,
        -67.4791846150531
      ],
      [
        -0.003655850590221379,
        -0.014329889554925437,
        0.9998906385309373,
        0.7913069457246991
      ],
      [
        0.0,
        0.0,
        0.0,
        1.0
      ]
    ],
    "location": [
      12.83842355002298,
      -67.4791846150531,
      0.7913069457246991
    ],
    "rotation": [
      -0.014330475802558067,
      0.0036558587338259376,
      1.6527203799476047
    ]
  },
  {
    "label_id": "HGJgCHriQZAfJVZ98nkXOg",
    "size": [
      2.044241693001588,
      4.5267537452415025,
      1.8546687057198596
    ],
    "obj_class": "vehicle",
    "point_num_in_lidar": 101,
    "speed": 1.0658141036401503e-13,
    "if_vehicle": true,
    "motion_state": false,
    "pose": [
      [
        0.9857664049315412,
        -0.16748727588675524,
        -0.014581060468248998,
        28.025903526246566
      ],
      [
        0.16754009008745388,
        0.9858621681349133,
        0.002470557389669277,
        -51.751952666763145
      ],
      [
        0.013961128959816632,
        -0.004878304660612386,
        0.9998906385309373,
        0.4385105740697952
      ],
      [
        0.0,
        0.0,
        0.0,
        1.0
      ]
    ],
    "location": [
      28.025903526246566,
      -51.751952666763145,
      0.4385105740697952
    ],
    "rotation": [
      -0.00487879950764992,
      -0.013961582534139485,
      0.1683505231111228
    ]
  },
  {
    "label_id": "LjhBYT85_Si4U-7ahKCHRw",
    "size": [
      0.7605374054823819,
      0.8583638543344657,
      1.7199999999999989
    ],
    "obj_class": "pedestrian",
    "point_num_in_lidar": 106,
    "speed": 3.7765864436546257e-13,
    "if_vehicle": false,
    "motion_state": false,
    "pose": [
      [
        0.12093311902799524,
        0.9925535619792929,
        -0.014581060468248998,
        -1.0936797521926565
      ],
      [
        -0.9926517034706734,
        0.1209813702309351,
        0.002470557389669277,
        -58.2747635765802
      ],
      [
        0.004216197212059389,
        0.014175142301345894,
        0.9998906385309373,
        1.2267673484955992
      ],
      [
        0.0,
        0.0,
        0.0,
        1.0
      ]
    ],
    "location": [
      -1.0936797521926565,
      -58.2747635765802,
      1.2267673484955992
    ],
    "rotation": [
      0.014175743062438056,
      -0.004216209703570366,
      -1.4495653971031461
    ]
  },
  {
    "label_id": "NsKk9oPmueJ9-2tNO3S59g",
    "size": [
      0.4721599565314526,
      0.06010182159104723,
      0.2181025854576717
    ],
    "obj_class": "sign",
    "point_num_in_lidar": 161,
    "speed": 0.002075394471025891,
    "if_vehicle": false,
    "motion_state": false,
    "pose": [
      [
        0.007956322768757197,
        -0.999862035284679,
        -0.014581060468248998,
        -2.7454269758441114
      ],
      [
        0.9999655755224964,
        0.007921118364654183,
        0.002470557389669277,
        -36.79241798772
      ],
      [
        -0.0023547182340711466,
        -0.014600215074871878,
        0.9998906385309373,
        2.419402576479598
      ],
      [
        0.0,
        0.0,
        0.0,
        1.0
      ]
    ],
    "location": [
      -2.7454269758441114,
      -36.79241798772,
      2.419402576479598
    ],
    "rotation": [
      -0.014600774318266509,
      0.002354720410110142,
      1.562839898021976
    ]
  },
  {
    "label_id": "T2aPKhW4G4-JDmrDwr2Oug",
    "size": [
      2.127259818799059,
      4.479459850471301,
      1.8430551491647122
    ],
    "obj_class": "vehicle",
    "point_num_in_lidar": 38,
    "speed": 0.007812555021054133,
    "if_vehicle": true,
    "motion_state": false,
    "pose": [
      [
        -0.06725591468701508,
        -0.9976292069778402,
        -0.014581060468248998,
        13.648497640877395
      ],
      [
        0.9977298066637013,
        -0.06729880564317353,
        0.002470557389669277,
        -82.09434769306768
      ],
      [
        -0.003445988163973054,
        -0.01438179904490884,
        0.9998906385309373,
        0.5143263323021472
      ],
      [
        0.0,
        0.0,
        0.0,
        1.0
      ]
    ],
    "location": [
      13.648497640877395,
      -82.09434769306768,
      0.5143263323021472
    ],
    "rotation": [
      -0.014382380270703118,
      0.003445994984099312,
      1.6381034489689181
    ]
  },
  {
    "label_id": "U274uuUDtmNBxMLLEvdXXw",
    "size": [
      2.083438273100146,
      5.033652962736186,
      1.740000000000009
    ],
    "obj_class": "vehicle",
    "point_num_in_lidar": 5741,
    "speed": 0.014750763235743368,
    "if_vehicle": true,
    "motion_state": false,
    "pose": [
      [
        -0.06952691657153405,
        -0.9974735086946802,
        -0.014581060468248998,
        9.941939868232566
      ],
      [
        0.9975740104754353,
        -0.0695700364391195,
        0.002470557389669277,
        -34.1638933267036
      ],
      [
        -0.0034787204560020714,
        -0.014373916730779259,
        0.9998906385309373,
        1.145360533193923
      ],
      [
        0.0,
        0.0,
        0.0,
        1.0
      ]
    ],
    "location": [
      9.941939868232566,
      -34.1638933267036,
      1.145360533193923
    ],
    "rotation": [
      -0.014374498724109626,
      0.0034787274723272338,
      1.6403798027104493
    ]
  },
  {
    "label_id": "ZSvYH6nbj5WT83yRrAyqOQ",
    "size": [
      1.783310479211468,
      4.237803260858649,
      1.3700000000000045
    ],
    "obj_class": "vehicle",
    "point_num_in_lidar": 132,
    "speed": 0.005617862292380333,
    "if_vehicle": true,
    "motion_state": false,
    "pose": [
      [
        0.09736023086743899,
        0.9951423908773359,
        -0.014581060468248998,
        -14.863170503106176
      ],
      [
        -0.9952416490663111,
        0.0974061410279366,
        0.002470557389669277,
        -54.320372973352505
      ],
      [
        0.0038788412198622877,
        0.014271144627726272,
        0.9998906385309373,
        2.6725262081182564
      ],
      [
        0.0,
        0.0,
        0.0,
        1.0
      ]
    ],
    "location": [
      -14.863170503106176,
      -54.320372973352505,
      2.6725262081182564
    ],
    "rotation": [
      0.014271736465345186,
      -0.0038788509463870426,
      -1.4732808870117555
    ]
  },
  {
    "label_id": "bHpaedxqOe2u_jKwEQsk3A",
    "size": [
      1.0814627133276504,
      0.08800643864016114,
      1.1074324324324039
    ],
    "obj_class": "sign",
    "point_num_in_lidar": 79,
    "speed": 0.00924827564452234,
    "if_vehicle": false,
    "motion_state": false,
    "pose": [
      [
        -0.9984295085620053,
        0.05409167318778386,
        -0.014581060468248998,
        28.200471115620076
      ],
      [
        -0.054133233537213804,
        -0.9985306652141385,
        0.002470557389669277,
        -53.40420748435167
      ],
      [
        -0.014425999425974594,
        0.0032559973519896857,
        0.9998906385309373,
        3.767965556346155
      ],
      [
        0.0,
        0.0,
        0.0,
        1.0
      ]
    ],
    "location": [
      28.200471115620076,
      -53.40420748435167,
      3.767965556346155
    ],
    "rotation": [
      0.0032563419617142016,
      0.014426499837329562,
      -3.0874273044212757
    ]
  },
  {
    "label_id": "dO3XeoHjmd8frfTyHWTKiA",
    "size": [
      0.7686596977191217,
      0.09465907462909492,
      0.3428215271210604
    ],
    "obj_class": "sign",
    "point_num_in_lidar": 28,
    "speed": 1.0048591735576161e-13,
    "if_vehicle": false,
    "motion_state": false,
    "pose": [
      [
        -0.9967960593065275,
        0.0786448270809911,
        -0.014581060468248998,
        -7.0577726288461236
      ],
      [
        -0.07868886412605026,
        -0.9968961626010686,
        0.002470557389669277,
        -56.29109050027705
      ],
      [
        -0.014341506668747363,
        0.003610008956312725,
        0.9998906385309373,
        3.1501448678583017
      ],
      [
        0.0,
        0.0,
        0.0,
        1.0
      ]
    ],
    "location": [
      -7.0577726288461236,
      -56.29109050027705,
      3.1501448678583017
    ],
    "rotation": [
      0.003610388108275162,
      0.014341998338268068,
      -3.062814237528308
    ]
  },
  {
    "label_id": "lOvlYgibjIeJQY-GUu_iZw",
    "size": [
      1.9792041285707798,
      4.374703024899077,
      1.6158927815274922
    ],
    "obj_class": "vehicle",
    "point_num_in_lidar": 494,
    "speed": 0.21849352628225083,
    "if_vehicle": true,
    "motion_state": false,
    "pose": [
      [
        -0.9989586938319518,
        0.04323101540771581,
        -0.014581060468248998,
        22.448110193423418
      ],
      [
        -0.04327147326787112,
        -0.9990602964523273,
        0.002470557389669277,
        -46.617714375926425
      ],
      [
        -0.014460553889419718,
        0.003098928751289946,
        0.9998906385309373,
        0.7243641664815925
      ],
      [
        0.0,
        0.0,
        0.0,
        1.0
      ]
    ],
    "location": [
      22.448110193423418,
      -46.617714375926425,
      0.7243641664815925
    ],
    "rotation": [
      0.0030992577685174123,
      0.014461057905513311,
      -3.0983031360498963
    ]
  },
  {
    "label_id": "n-P7bAYuQSI8-nxyURdrbA",
    "size": [
      2.039127068439987,
      4.482764801241222,
      1.8430551491647122
    ],
    "obj_class": "vehicle",
    "point_num_in_lidar": 107,
    "speed": 0.0017455652010133047,
    "if_vehicle": true,
    "motion_state": false,
    "pose": [
      [
        -0.06725591468706471,
        -0.9976292069778369,
        -0.014581060468248998,
        13.419789329809646
      ],
      [
        0.9977298066636979,
        -0.06729880564322316,
        0.002470557389669277,
        -76.23907256349253
      ],
      [
        -0.003445988163973769,
        -0.014381799044908668,
        0.9998906385309373,
        0.6189695439944956
      ],
      [
        0.0,
        0.0,
        0.0,
        1.0
      ]
    ],
    "location": [
      13.419789329809646,
      -76.23907256349253,
      0.6189695439944956
    ],
    "rotation": [
      -0.014382380270702946,
      0.003445994984100027,
      1.6381034489689679
    ]
  },
  {
    "label_id": "ok9rVj3OHGAFI-2PL5Wovg",
    "size": [
      2.195656154508664,
      4.543018653385836,
      1.7759030005318266
    ],
    "obj_class": "vehicle",
    "point_num_in_lidar": 170,
    "speed": 0.015507840532321598,
    "if_vehicle": true,
    "motion_state": false,
    "pose": [
      [
        -0.9984969215682729,
        0.052832663138477266,
        -0.014581060468248998,
        30.362645991468526
      ],
      [
        -0.05287409590165416,
        -0.9985981305453997,
        0.002470557389669277,
        -43.332889527648376
      ],
      [
        -0.014430093598630208,
        0.003237804337688537,
        0.9998906385309373,
        0.25951602811989005
      ],
      [
        0.0,
        0.0,
        0.0,
        1.0
      ]
    ],
    "location": [
      30.362645991468526,
      -43.332889527648376,
      0.25951602811989005
    ],
    "rotation": [
      0.0032381471494394884,
      0.014430594436190667,
      -3.0886883767257176
    ]
  },
  {
    "label_id": "oqQJJ1ZiQdF_EpbbOCdUiA",
    "size": [
      1.9349192274207268,
      4.354607322978385,
      2.023099572706599
    ],
    "obj_class": "vehicle",
    "point_num_in_lidar": 186,
    "speed": 0.007352802918123041,
    "if_vehicle": true,
    "motion_state": false,
    "pose": [
      [
        0.12007519111392975,
        0.9926577160101938,
        -0.014581060468248998,
        1.3307176371595233
      ],
      [
        -0.9927558991693399,
        0.12012335747330673,
        0.002470557389669277,
        -68.93145531493451
      ],
      [
        0.004203943794668587,
        0.01417878114527658,
        0.9998906385309373,
        0.959941108216924
      ],
      [
        0.0,
        0.0,
        0.0,
        1.0
      ]
    ],
    "location": [
      1.3307176371595233,
      -68.93145531493451,
      0.959941108216924
    ],
    "rotation": [
      0.014179381572911052,
      -0.004203956177584009,
      -1.4504296368453273
    ]
  },
  {
    "label_id": "p6iRJjcLly4-iM5zuK3Gog",
    "size": [
      2.127259818799059,
      4.479459850471301,
      1.8430551491647122
    ],
    "obj_class": "vehicle",
    "point_num_in_lidar": 23,
    "speed": 0.0068648044695602305,
    "if_vehicle": true,
    "motion_state": false,
    "pose": [
      [
        -0.06725591468701508,
        -0.9976292069778402,
        -0.014581060468248998,
        15.24778186687763
      ],
      [
        0.9977298066637013,
        -0.06729880564317353,
        0.002470557389669277,
        -96.5812100581561
      ],
      [
        -0.003445988163973054,
        -0.01438179904490884,
        0.9998906385309373,
        0.45026818693207815
      ],
      [
        0.0,
        0.0,
        0.0,
        1.0
      ]
    ],
    "location": [
      15.24778186687763,
      -96.5812100581561,
      0.45026818693207815
    ],
    "rotation": [
      -0.014382380270703118,
      0.003445994984099312,
      1.6381034489689181
    ]
  },
  {
    "label_id": "q_7E83MEyayUrGb4ZRKhVw",
    "size": [
      2.1856928474832724,
      4.602840353629162,
      1.8461367669710853
    ],
    "obj_class": "vehicle",
    "point_num_in_lidar": 490,
    "speed": 0.0055436153585498435,
    "if_vehicle": true,
    "motion_state": false,
    "pose": [
      [
        -0.9984969215682935,
        0.05283266313808573,
        -0.014581060468248998,
        24.238774445672334
      ],
      [
        -0.052874095901262574,
        -0.9985981305454203,
        0.002470557389669277,
        -43.74421022041997
      ],
      [
        -0.014430093598631476,
        0.003237804337682878,
        0.9998906385309373,
        0.6544424026036779
      ],
      [
        0.0,
        0.0,
        0.0,
        1.0
      ]
    ],
    "location": [
      24.238774445672334,
      -43.74421022041997,
      0.6544424026036779
    ],
    "rotation": [
      0.003238147149433829,
      0.014430594436191935,
      -3.0886883767261097
    ]
  },
  {
    "label_id": "thTxgts9V3NUocBGo149Iw",
    "size": [
      1.7833104792116894,
      4.237803260858649,
      1.8400000000000034
    ],
    "obj_class": "vehicle",
    "point_num_in_lidar": 660,
    "speed": 0.010066246265154842,
    "if_vehicle": true,
    "motion_state": false,
    "pose": [
      [
        0.11486285098415264,
        0.9932743418308024,
        -0.014581060468248998,
        -12.460235055185422
      ],
      [
        -0.9933727764734115,
        0.11491050129422457,
        0.002470557389669277,
        -53.67298739494163
      ],
      [
        0.00412945823298687,
        0.014200653255973831,
        0.9998906385309373,
        2.356272816652421
      ],
      [
        0.0,
        0.0,
        0.0,
        1.0
      ]
    ],
    "location": [
      -12.460235055185422,
      -53.67298739494163,
      2.356272816652421
    ],
    "rotation": [
      0.014201251671369694,
      -0.004129469969289937,
      -1.455678405150819
    ]
  },
  {
    "label_id": "uBir3bCA9zjgSvn3mrQnLw",
    "size": [
      1.934919227419779,
      4.386029500164433,
      1.8845223797346762
    ],
    "obj_class": "vehicle",
    "point_num_in_lidar": 108,
    "speed": 0.008196430051383001,
    "if_vehicle": true,
    "motion_state": false,
    "pose": [
      [
        0.14482432639285436,
        0.9893499417094426,
        -0.014581060468248998,
        2.598593211972002
      ],
      [
        -0.9894468915457079,
        0.14487492935881158,
        0.002470557389669277,
        -83.11085936236304
      ],
      [
        0.004556675914773265,
        0.014069388145975234,
        0.9998906385309373,
        0.7427366690981785
      ],
      [
        0.0,
        0.0,
        0.0,
        1.0
      ]
    ],
    "location": [
      2.598593211972002,
      -83.11085936236304,
      0.7427366690981785
    ],
    "rotation": [
      0.014069998434621414,
      -0.004556691683521939,
      -1.4254593824397117
    ]
  },
  {
    "label_id": "vI6mYZKIhXXxN2zXqh0BHQ",
    "size": [
      2.044241693002114,
      4.494323398328529,
      2.0376365776496073
    ],
    "obj_class": "vehicle",
    "point_num_in_lidar": 636,
    "speed": 0.010627148457818893,
    "if_vehicle": true,
    "motion_state": false,
    "pose": [
      [
        0.9963892048129095,
        -0.08364176712575622,
        -0.014581060468248998,
        22.288863460088578
      ],
      [
        0.0836863055344974,
        0.9964890860476954,
        0.002470557389669277,
        -52.3062536606235
      ],
      [
        0.014323225833754092,
        -0.003681871794300096,
        0.9998906385309373,
        0.8656259037031759
      ],
      [
        0.0,
        0.0,
        0.0,
        1.0
      ]
    ],
    "location": [
      22.288863460088578,
      -52.3062536606235,
      0.8656259037031759
    ],
    "rotation": [
      -0.00368225785055176,
      -0.014323715625390622,
      0.0837929119544522
    ]
  },
  {
    "label_id": "vyRXlUjkcqmSafqFWVeyfw",
    "size": [
      2.264083984207488,
      4.927576127500028,
      1.8239563287957026
    ],
    "obj_class": "vehicle",
    "point_num_in_lidar": 3892,
    "speed": 0.00768816370593473,
    "if_vehicle": true,
    "motion_state": false,
    "pose": [
      [
        -0.09611753226556803,
        -0.9952631876377217,
        -0.014581060468248998,
        9.701541610394543
      ],
      [
        0.995362503076796,
        -0.09616331844773048,
        0.002470557389669277,
        -28.167810848449335
      ],
      [
        -0.003861017983998016,
        -0.014275976965574968,
        0.9998906385309373,
        1.019449308418217
      ],
      [
        0.0,
        0.0,
        0.0,
        1.0
      ]
    ],
    "location": [
      9.701541610394543,
      -28.167810848449335,
      1.019449308418217
    ],
    "rotation": [
      -0.014276568347086696,
      0.0038610275770574807,
      1.6670631957743176
    ]
  },
  {
    "label_id": "yz49x2OdjntgcV90xPRffw",
    "size": [
      0.4289871612887478,
      0.03500187320786129,
      0.4900000000000091
    ],
    "obj_class": "sign",
    "point_num_in_lidar": 196,
    "speed": 0.01294274269807775,
    "if_vehicle": false,
    "motion_state": false,
    "pose": [
      [
        -0.05313722280189424,
        -0.998480760069278,
        -0.014581060468248998,
        -3.2704536024089066
      ],
      [
        0.9985819564038508,
        -0.05317868643396574,
        0.002470557389669277,
        -33.07625307596322
      ],
      [
        -0.003242205662747458,
        -0.014429105330367212,
        0.9998906385309373,
        2.1493225093094566
      ],
      [
        0.0,
        0.0,
        0.0,
        1.0
      ]
    ],
    "location": [
      -3.2704536024089066,
      -33.07625307596322,
      2.1493225093094566
    ],
    "rotation": [
      -0.014429681912158852,
      0.003242211343063294,
      1.6239588671691407
    ]
  }
]