[
  {
    "label_id": "-9n3l1ftnrh3erkNAgxskg",
    "size": [
      1.808887002408976,
      4.249731073787269,
      1.4199999999999875
    ],
    "obj_class": "vehicle",
    "point_num_in_lidar": 836,
    "speed": 0.005546066711543287,
    "if_vehicle": true,
    "motion_state": false,
    "pose": [
      [
        0.11486454944253702,
        0.9932890292151705,
        -0.013529217351602469,
        -10.050619958013613
      ],
      [
        -0.9933651973737518,
        0.11492926599296681,
        0.004104688164144639,
        -53.31642324942095
      ],
      [
        0.005632044741473212,
        0.012967970508210388,
        0.999900050911554,
        1.658525985834956
      ],
      [
        0.0,
        0.0,
        0.0,
        1.0
      ]
    ],
    "location": [
      -10.050619958013613,
      -53.31642324942095,
      1.658525985834956
    ],
    "rotation": [
      0.012968539696291005,
      -0.00563207451657381,
      -1.4556758473291276
    ]
  },
  {
    "label_id": "-Pvhejf9atK6w-QFnvLaRQ",
    "size": [
      0.6682886707069957,
      0.5999527252716165,
      1.6500000000000057
    ],
    "obj_class": "pedestrian",
    "point_num_in_lidar": 112,
    "speed": 0.651952143990545,
    "if_vehicle": false,
    "motion_state": false,
    "pose": [
      [
        0.9153573791075867,
        -0.4024149957334374,
        -0.013529217351602469,
        18.744589862273642
      ],
      [
        0.4024992808191493,
        0.9154110991653656,
        0.004104688164144639,
        -42.30643322270885
      ],
      [
        0.010733007656616196,
        -0.009202756854051319,
        0.999900050911554,
        0.9532639593913075
      ],
      [
        0.0,
        0.0,
        0.0,
        1.0
      ]
    ],
    "location": [
      18.744589862273642,
      -42.30643322270885,
      0.9532639593913075
    ],
    "rotation": [
      -0.0092034168923689,
      -0.010733213736490803,
      0.4142707408343535
    ]
  },
  {
    "label_id": "0PN740DVxEn0FbdlDATsZQ",
    "size": [
      0.6190203869991359,
      0.07382364213187018,
      0.46999999999999886
    ],
    "obj_class": "sign",
    "point_num_in_lidar": 98,
    "speed": 0.007323308562366456,
    "if_vehicle": false,
    "motion_state": false,
    "pose": [
      [
        0.9426425517988045,
        -0.3335295786224829,
        -0.013529217351602469,
        -6.472729997502029
      ],
      [
        0.333609654438223,
        0.9427023655431679,
        0.004104688164144639,
        -44.02668986279264
      ],
      [
        0.011384990287539467,
        -0.008382731250875363,
        0.999900050911554,
        2.649188880342109
      ],
      [
        0.0,
        0.0,
        0.0,
        1.0
      ]
    ],
    "location": [
      -6.472729997502029,
      -44.02668986279264,
      2.649188880342109
    ],
    "rotation": [
      -0.008383372778347569,
      -0.01138523625183885,
      0.3401529445724563
    ]
  },
  {
    "label_id": "0XEOOu0aPfh0jy49JW5Xmw",
    "size": [
      1.8428869658624456,
      4.670595546022981,
      1.6080087281538908
    ],
    "obj_class": "vehicle",
    "point_num_in_lidar": 872,
    "speed": 0.0016564033148118316,
    "if_vehicle": true,
    "motion_state": false,
    "pose": [
      [
        0.03368460617954106,
        0.999340936609915,
        -0.013529217351602469,
        -7.4865399575537595
      ],
      [
        -0.9994221167262177,
        0.03374291234558105,
        0.004104688164144639,
        -53.56528646251991
      ],
      [
        0.004558498109647372,
        0.013383134238888579,
        0.999900050911554,
        1.2292021539134907
      ],
      [
        0.0,
        0.0,
        0.0,
        1.0
      ]
    ],
    "location": [
      -7.4865399575537595,
      -53.56528646251991,
      1.2292021539134907
    ],
    "rotation": [
      0.013383672840872734,
      -0.004558513897321291,
      -1.5371049971201511
    ]
  },
  {
    "label_id": "0iA9NWHBXHI4nn_iiYVPiA",
    "size": [
      2.0080332958050358,
      4.764529851649029,
      1.6146687057198505
    ],
    "obj_class": "vehicle",
    "point_num_in_lidar": 168,
    "speed": 0.008897729535219886,
    "if_vehicle": true,
    "motion_state": false,
    "pose": [
      [
        0.9968809733295905,
        -0.07775143272828561,
        -0.013529217351602469,
        33.65704333407393
      ],
      [
        0.07781326447051128,
        0.9969595013878535,
        0.004104688164144639,
        -51.34248565049802
      ],
      [
        0.013168936399356412,
        -0.005144638100146232,
        0.999900050911554,
        0.2151574162213592
      ],
      [
        0.0,
        0.0,
        0.0,
        1.0
      ]
    ],
    "location": [
      33.65704333407393,
      -51.34248565049802,
      0.2151574162213592
    ],
    "rotation": [
      -0.005145106952314057,
      -0.013169317057166235,
      0.07789877313757311
    ]
  },
  {
    "label_id": "0u0RUSPwp0b7ThBZnPiGnA",
    "size": [
      1.934919227420745,
      4.354607322978385,
      1.623099572706593
    ],
    "obj_class": "vehicle",
    "point_num_in_lidar": 23,
    "speed": 1.1260321572987898e-28,
    "if_vehicle": true,
    "motion_state": false,
    "pose": [
      [
        0.1448264678865237,
        0.9893645710643608,
        -0.013529217351602469,
        1.7016169492044355
      ],
      [
        -0.9894387488911591,
        0.14489345646982485,
        0.004104688164144639,
        -74.8689301416382
      ],
      [
        0.006021328110277131,
        0.012791864401257421,
        0.999900050911554,
        0.8582935347459113
      ],
      [
        0.0,
        0.0,
        0.0,
        1.0
      ]
    ],
    "location": [
      1.7016169492044355,
      -74.8689301416382,
      0.8582935347459113
    ],
    "rotation": [
      0.01279244520494462,
      -0.00602136449614305,
      -1.4254560841969646
    ]
  },
  {
    "label_id": "1PJMXh_QRnuK0Be6MrKRjw",
    "size": [
      1.0968769281252004,
      1.1237519986293447,
      1.6599999999999966
    ],
    "obj_class": "pedestrian",
    "point_num_in_lidar": 291,
    "speed": 1.486562364375948,
    "if_vehicle": false,
    "motion_state": true,
    "pose": [
      [
        0.09160549770640598,
        -0.9957034664335636,
        -0.013529217351602469,
        -5.048034871707841
      ],
      [
        0.9957913032913065,
        0.09155780591777253,
        0.004104688164144639,
        -47.82930520217769
      ],
      [
        -0.002848346777170258,
        -0.013848288981269646,
        0.999900050911554,
        1.1616247844994234
      ],
      [
        0.0,
        0.0,
        0.0,
        1.0
      ]
    ],
    "location": [
      -5.048034871707841,
      -47.82930520217769,
      1.1616247844994234
    ],
    "rotation": [
      -0.013848787827520293,
      0.002848350628661562,
      1.479061850733447
    ]
  },
  {
    "label_id": "2Cz4S0_K-vtB5MmfFWn30w",
    "size": [
      2.0354224153175444,
      4.51469033328051,
      1.9641317074623146
    ],
    "obj_class": "vehicle",
    "point_num_in_lidar": 508,
    "speed": 1.2589396887331295e-28,
    "if_vehicle": true,
    "motion_state": false,
    "pose": [
      [
        -0.08183310750796181,
        -0.9965542146784806,
        -0.013529217351602469,
        12.079111073830063
      ],
      [
        0.9966324888711561,
        -0.08189526031193903,
        0.004104688164144639,
        -61.328122038929905
      ],
      [
        -0.0051985230667455015,
        -0.013147758173783292,
        0.999900050911554,
        0.9439264154131592
      ],
      [
        0.0,
        0.0,
        0.0,
        1.0
      ]
    ],
    "location": [
      12.079111073830063,
      -61.328122038929905,
      0.9439264154131592
    ],
    "rotation": [
      -0.013148314673621323,
      0.0051985464817344545,
      1.6527221548559947
    ]
  },
  {
    "label_id": "4USvvbsSF6Lj9J0BKmashw",
    "size": [
      2.0595813114844588,
      4.786206074628197,
      1.8546687057198596
    ],
    "obj_class": "vehicle",
    "point_num_in_lidar": 42,
    "speed": 0.0,
    "if_vehicle": true,
    "motion_state": false,
    "pose": [
      [
        0.9968809733295965,
        -0.07775143272820857,
        -0.013529217351602469,
        39.60058153284763
      ],
      [
        0.07781326447043423,
        0.9969595013878595,
        0.004104688164144639,
        -51.17561196333054
      ],
      [
        0.013168936399356809,
        -0.005144638100145213,
        0.999900050911554,
        -0.11434545271973207
      ],
      [
        0.0,
        0.0,
        0.0,
        1.0
      ]
    ],
    "location": [
      39.60058153284763,
      -51.17561196333054,
      -0.11434545271973207
    ],
    "rotation": [
      -0.0051451069523130374,
      -0.013169317057166632,
      0.07789877313749582
    ]
  },
  {
    "label_id": "8n9ATSafwSu4xC92lmLX-w",
    "size": [
      2.1304863058134518,
      4.600270226436806,
      1.6703842882664048
    ],
    "obj_class": "vehicle",
    "point_num_in_lidar": 54,
    "speed": 4.7210266457515254e-29,
    "if_vehicle": true,
    "motion_state": false,
    "pose": [
      [
        -0.9982818876482608,
        0.05701081538864524,
        -0.013529217351602469,
        36.57210207900562
      ],
      [
        -0.05707100127585669,
        -0.9983616841347861,
        0.004104688164144639,
        -42.766349719679965
      ],
      [
        -0.013273040601017404,
        0.004869761829444431,
        0.999900050911554,
        0.2861770437304756
      ],
      [
        0.0,
        0.0,
        0.0,
        1.0
      ]
    ],
    "location": [
      36.57210207900562,
      -42.766349719679965,
      0.2861770437304756
    ],
    "rotation": [
      0.004870210100570332,
      0.013273430358490074,
      -3.0844855897564116
    ]
  },
  {
    "label_id": "8urfTofpA8JqmNQ99FVdxw",
    "size": [
      0.8290984996345683,
      0.07241923128280195,
      0.8481025854576956
    ],
    "obj_class": "sign",
    "point_num_in_lidar": 57,
    "speed": 0.005821031887430482,
    "if_vehicle": false,
    "motion_state": false,
    "pose": [
      [
        0.007956440427813306,
        -0.9998768200801395,
        -0.013529217351602469,
        -2.7059843505521712
      ],
      [
        0.9999603576161736,
        0.007901565111371914,
        0.004104688164144639,
        -36.82894037304368
      ],
      [
        -0.003997280557175937,
        -0.013561339728028114,
        0.999900050911554,
        3.0045832573161135
      ],
      [
        0.0,
        0.0,
        0.0,
        1.0
      ]
    ],
    "location": [
      -2.7059843505521712,
      -36.82894037304368,
      3.0045832573161135
    ],
    "rotation": [
      -0.013561863794465069,
      0.003997291202178389,
      1.5628397388499105
    ]
  },
  {
    "label_id": "APG5BmGXRH0wLko7A9ofyA",
    "size": [
      0.7873702766803706,
      0.9066863818395781,
      1.7700000000000102
    ],
    "obj_class": "pedestrian",
    "point_num_in_lidar": 226,
    "speed": 1.2858490042820643,
    "if_vehicle": false,
    "motion_state": true,
    "pose": [
      [
        0.8815469139466588,
        -0.47190253102624385,
        -0.013529217351602469,
        18.347979551945173
      ],
      [
        0.47199071298463635,
        0.8815939645842239,
        0.004104688164144639,
        -40.22196532829253
      ],
      [
        0.009990263628987575,
        -0.010004140127722046,
        0.999900050911554,
        1.0414039241699697
      ],
      [
        0.0,
        0.0,
        0.0,
        1.0
      ]
    ],
    "location": [
      18.347979551945173,
      -40.22196532829253,
      1.0414039241699697
    ],
    "rotation": [
      -0.010004806304797246,
      -0.009990429816773524,
      0.4915741948931173
    ]
  },
  {
    "label_id": "CYV4SU0XklbwbVv2IWT0nA",
    "size": [
      1.93491922742068,
      4.195520774496485,
      1.7292390369619568
    ],
    "obj_class": "vehicle",
    "point_num_in_lidar": 36,
    "speed": 1.5736072445593539e-28,
    "if_vehicle": true,
    "motion_state": false,
    "pose": [
      [
        0.14482646788630005,
        0.9893645710643936,
        -0.013529217351602469,
        3.827792192061679
      ],
      [
        -0.9894387488911919,
        0.1448934564696012,
        0.004104688164144639,
        -99.49514974320823
      ],
      [
        0.00602132811027424,
        0.012791864401258783,
        0.999900050911554,
        0.43755957843939086
      ],
      [
        0.0,
        0.0,
        0.0,
        1.0
      ]
    ],
    "location": [
      3.827792192061679,
      -99.49514974320823,
      0.43755957843939086
    ],
    "rotation": [
      0.012792445204945982,
      -0.006021364496140158,
      -1.4254560841971906
    ]
  },
  {
    "label_id": "Cazsg4P9FoeJaboJA4hG6w",
    "size": [
      1.4096193194792885,
      3.3000209269787204,
      1.015916486272232
    ],
    "obj_class": "vehicle",
    "point_num_in_lidar": 27,
    "speed": 4.24899782172482e-28,
    "if_vehicle": true,
    "motion_state": false,
    "pose": [
      [
        0.00666172421405138,
        0.9998862843885543,
        -0.013529217351602469,
        -20.669122229005552
      ],
      [
        -0.9999690107687815,
        0.0067178149111028485,
        0.004104688164144639,
        -55.229281250500435
      ],
      [
        0.004195108175080406,
        0.013501453791023542,
        0.999900050911554,
        3.2462487890195746
      ],
      [
        0.0,
        0.0,
        0.0,
        1.0
      ]
    ],
    "location": [
      -20.669122229005552,
      -55.229281250500435,
      3.2462487890195746
    ],
    "rotation": [
      0.01350198283765254,
      -0.004195120480082194,
      -1.5641344946852038
    ]
  },
  {
    "label_id": "H1tav3xjofg6y0L4ChXbOQ",
    "size": [
      1.9349192274204687,
      4.302774069524423,
      1.7321937601380455
    ],
    "obj_class": "vehicle",
    "point_num_in_lidar": 375,
    "speed": 0.01273477488834435,
    "if_vehicle": true,
    "motion_state": false,
    "pose": [
      [
        0.10138929538804294,
        0.9947548296231434,
        -0.013529217351602469,
        0.8284117152775252
      ],
      [
        -0.9948318680595305,
        0.10145297348160931,
        0.004104688164144639,
        -61.97349591640682
      ],
      [
        0.005455737704578888,
        0.013043125130527834,
        0.999900050911554,
        0.9881229624323566
      ],
      [
        0.0,
        0.0,
        0.0,
        1.0
      ]
    ],
    "location": [
      0.8284117152775252,
      -61.97349591640682,
      0.9881229624323566
    ],
    "rotation": [
      0.013043689117324373,
      -0.005455764770014072,
      -1.4692309960112175
    ]
  },
  {
    "label_id": "H4ZJVyQIKvT6bqNH6t4Dbg",
    "size": [
      2.0101429733086893,
      4.442158084755917,
      1.773055149164719
    ],
    "obj_class": "vehicle",
    "point_num_in_lidar": 144,
    "speed": 0.006249896066219392,
    "if_vehicle": true,
    "motion_state": false,
    "pose": [
      [
        -0.0818331075079149,
        -0.9965542146784845,
        -0.013529217351602469,
        12.812295053553953
      ],
      [
        0.99663248887116,
        -0.0818952603118921,
        0.004104688164144639,
        -67.48170559738492
      ],
      [
        -0.005198523066744883,
        -0.013147758173783537,
        0.999900050911554,
        0.7650571137325528
      ],
      [
        0.0,
        0.0,
        0.0,
        1.0
      ]
    ],
    "location": [
      12.812295053553953,
      -67.48170559738492,
      0.7650571137325528
    ],
    "rotation": [
      -0.013148314673621568,
      0.005198546481733836,
      1.6527221548559476
    ]
  },
  {
    "label_id": "HGJgCHriQZAfJVZ98nkXOg",
    "size": [
      2.044241693001586,
      4.5267537452415025,
      1.8546687057198596
    ],
    "obj_class": "vehicle",
    "point_num_in_lidar": 210,
    "speed": 4.7210266457515254e-29,
    "if_vehicle": true,
    "motion_state": false,
    "pose": [
      [
        0.9857809812973142,
        -0.16748975249356998,
        -0.013529217351602469,
        28.025903526247475
      ],
      [
        0.1675584254835913,
        0.9858536025113136,
        0.004104688164144639,
        -51.751952666763145
      ],
      [
        0.012650334460559996,
        -0.006313257883829766,
        0.999900050911554,
        0.4385105740697952
      ],
      [
        0.0,
        0.0,
        0.0,
        1.0
      ]
    ],
    "location": [
      28.025903526247475,
      -51.751952666763145,
      0.4385105740697952
    ],
    "rotation": [
      -0.00631380505181313,
      -0.012650671892392502,
      0.16836615817781164
    ]
  },
  {
    "label_id": "LjhBYT85_Si4U-7ahKCHRw",
    "size": [
      0.7605374054823817,
      0.8583638543344657,
      1.7199999999999989
    ],
    "obj_class": "pedestrian",
    "point_num_in_lidar": 115,
    "speed": 7.868036222796769e-29,
    "if_vehicle": false,
    "motion_state": false,
    "pose": [
      [
        0.1209349072461428,
        0.9925682387056417,
        -0.013529217351602469,
        -1.0936797521926565
      ],
      [
        -0.9926440097940981,
        0.12100008824364482,
        0.004104688164144639,
        -58.27476357657997
      ],
      [
        0.005711219594932288,
        0.012933296478865392,
        0.999900050911554,
        1.2267673484955992
      ],
      [
        0.0,
        0.0,
        0.0,
        1.0
      ]
    ],
    "location": [
      -1.0936797521926565,
      -58.27476357657997,
      1.2267673484955992
    ],
    "rotation": [
      0.012933868017224183,
      -0.005711250643509335,
      -1.449562691536878
    ]
  },
  {
    "label_id": "NsKk9oPmueJ9-2tNO3S59g",
    "size": [
      0.4721599565314534,
      0.06010182159104723,
      0.2181025854576717
    ],
    "obj_class": "sign",
    "point_num_in_lidar": 74,
    "speed": 0.004931630210854734,
    "if_vehicle": false,
    "motion_state": false,
    "pose": [
      [
        0.007956440417586301,
        -0.9998768200802208,
        -0.013529217351602469,
        -2.7546416007021435
      ],
      [
        0.9999603576162545,
        0.007901565101144046,
        0.004104688164144639,
        -36.81096849962819
      ],
      [
        -0.0039972805573146464,
        -0.01356133972798723,
        0.999900050911554,
        2.4355561574174374
      ],
      [
        0.0,
        0.0,
        0.0,
        1.0
      ]
    ],
    "location": [
      -2.7546416007021435,
      -36.81096849962819,
      2.4355561574174374
    ],
    "rotation": [
      -0.013561863794424188,
      0.003997291202317099,
      1.5628397388601378
    ]
  },
  {
    "label_id": "T2aPKhW4G4-JDmrDwr2Oug",
    "size": [
      2.1272598187990583,
      4.479459850471301,
      1.8430551491647122
    ],
    "obj_class": "vehicle",
    "point_num_in_lidar": 40,
    "speed": 0.007812554890242811,
    "if_vehicle": true,
    "motion_state": false,
    "pose": [
      [
        -0.06725690918916488,
        -0.9976439587569171,
        -0.013529217351602469,
        13.647655837555703
      ],
      [
        0.9977231331250902,
        -0.06731791115393336,
        0.004104688164144639,
        -82.0615454266831
      ],
      [
        -0.0050057760011973495,
        -0.013222344485665435,
        0.999900050911554,
        0.5143263323021756
      ],
      [
        0.0,
        0.0,
        0.0,
        1.0
      ]
    ],
    "location": [
      13.647655837555703,
      -82.0615454266831,
      0.5143263323021756
    ],
    "rotation": [
      -0.01322289547291359,
      0.005005796907049871,
      1.6381048900749113
    ]
  },
  {
    "label_id": "U274uuUDtmNBxMLLEvdXXw",
    "size": [
      2.083438273100146,
      5.033652962736186,
      1.740000000000009
    ],
    "obj_class": "vehicle",
    "point_num_in_lidar": 5714,
    "speed": 0.012384665124635904,
    "if_vehicle": true,
    "motion_state": false,
    "pose": [
      [
        -0.06952794465461955,
        -0.9974882581714719,
        -0.013529217351602469,
        9.97271200764908
      ],
      [
        0.9975672934590191,
        -0.0695891267075727,
        0.004104688164144639,
        -34.15299608311852
      ],
      [
        -0.005035864667724648,
        -0.013210914204555753,
        0.999900050911554,
        1.093300987199342
      ],
      [
        0.0,
        0.0,
        0.0,
        1.0
      ]
    ],
    "location": [
      9.97271200764908,
      -34.15299608311852,
      1.093300987199342
    ],
    "rotation": [
      -0.01321146604612698,
      0.005035885952832608,
      1.6403812953408141
    ]
  },
  {
    "label_id": "ZSvYH6nbj5WT83yRrAyqOQ",
    "size": [
      1.7833104792114662,
      4.237803260858649,
      1.3700000000000045
    ],
    "obj_class": "vehicle",
    "point_num_in_lidar": 360,
    "speed": 0.005617862339629333,
    "if_vehicle": true,
    "motion_state": false,
    "pose": [
      [
        0.0973616705171646,
        0.9951571058842719,
        -0.013529217351602469,
        -14.863190130754447
      ],
      [
        -0.9952344014600865,
        0.09742503623534648,
        0.004104688164144639,
        -54.29677771833008
      ],
      [
        0.005402894084703353,
        0.013065103236532344,
        0.999900050911554,
        2.6725262081182564
      ],
      [
        0.0,
        0.0,
        0.0,
        1.0
      ]
    ],
    "location": [
      -14.863190130754447,
      -54.29677771833008,
      2.6725262081182564
    ],
    "rotation": [
      0.013065665674467661,
      -0.0054029203712670296,
      -1.4732787485364738
    ]
  },
  {
    "label_id": "bHpaedxqOe2u_jKwEQsk3A",
    "size": [
      1.0814627133276473,
      0.08800643864016114,
      1.1074324324324039
    ],
    "obj_class": "sign",
    "point_num_in_lidar": 82,
    "speed": 0.009248275721724604,
    "if_vehicle": false,
    "motion_state": false,
    "pose": [
      [
        -0.99844427217501,
        0.05409247303246116,
        -0.013529217351602469,
        28.19835951454297
      ],
      [
        -0.05415242540775028,
        -0.9985242442512516,
        0.004104688164144639,
        -53.36542176713988
      ],
      [
        -0.013287218797494121,
        0.004830942320012666,
        0.999900050911554,
        3.7557344290780748
      ],
      [
        0.0,
        0.0,
        0.0,
        1.0
      ]
    ],
    "location": [
      28.19835951454297,
      -53.36542176713988,
      3.7557344290780748
    ],
    "rotation": [
      0.004831387624297911,
      0.01328760980537875,
      -3.0874089383611736
    ]
  },
  {
    "label_id": "dO3XeoHjmd8frfTyHWTKiA",
    "size": [
      0.7686596977191238,
      0.09465907462909492,
      0.3428215271210604
    ],
    "obj_class": "sign",
    "point_num_in_lidar": 32,
    "speed": 3.9811183427607936e-28,
    "if_vehicle": false,
    "motion_state": false,
    "pose": [
      [
        -0.9968107987659887,
        0.07864598998909401,
        -0.013529217351602469,
        -7.057772628845214
      ],
      [
        -0.07870789217652426,
        -0.9968892713055969,
        0.004104688164144639,
        -56.29109050027705
      ],
      [
        -0.013164314362708351,
        0.005156453668129006,
        0.999900050911554,
        3.1501448678583017
      ],
      [
        0.0,
        0.0,
        0.0,
        1.0
      ]
    ],
    "location": [
      -7.057772628845214,
      -56.29109050027705,
      3.1501448678583017
    ],
    "rotation": [
      0.005156923387839465,
      0.01316469461982788,
      -3.0627964268989807
    ]
  },
  {
    "label_id": "lOvlYgibjIeJQY-GUu_iZw",
    "size": [
      1.9792041285703226,
      4.374703024899077,
      1.6158927815274922
    ],
    "obj_class": "vehicle",
    "point_num_in_lidar": 1434,
    "speed": 3.411760950506078,
    "if_vehicle": true,
    "motion_state": true,
    "pose": [
      [
        -0.9874273283263992,
        0.15749359209835256,
        -0.013529217351602469,
        14.424538038140327
      ],
      [
        -0.15756152579270058,
        -0.9875006415820455,
        0.004104688164144639,
        -47.370719103413876
      ],
      [
        -0.01271364873139565,
        0.006184765396233898,
        0.999900050911554,
        0.9975266256479074
      ],
      [
        0.0,
        0.0,
        0.0,
        1.0
      ]
    ],
    "location": [
      14.424538038140327,
      -47.370719103413876,
      0.9975266256479074
    ],
    "rotation": [
      0.006185304739362569,
      0.012713991255362222,
      -2.9833589112980334
    ]
  },
  {
    "label_id": "n-P7bAYuQSI8-nxyURdrbA",
    "size": [
      2.0391270684399854,
      4.482764801241222,
      1.8430551491647122
    ],
    "obj_class": "vehicle",
    "point_num_in_lidar": 135,
    "speed": 0.0017455652156170736,
    "if_vehicle": true,
    "motion_state": false,
    "pose": [
      [
        -0.06725690918921316,
        -0.9976439587569138,
        -0.013529217351602469,
        13.41960124500747
      ],
      [
        0.9977231331250869,
        -0.06731791115398165,
        0.004104688164144639,
        -76.23174352760202
      ],
      [
        -0.005005776001197989,
        -0.013222344485665193,
        0.999900050911554,
        0.6189695439944956
      ],
      [
        0.0,
        0.0,
        0.0,
        1.0
      ]
    ],
    "location": [
      13.41960124500747,
      -76.23174352760202,
      0.6189695439944956
    ],
    "rotation": [
      -0.013222895472913348,
      0.00500579690705051,
      1.6381048900749597
    ]
  },
  {
    "label_id": "ok9rVj3OHGAFI-2PL5Wovg",
    "size": [
      2.1956561545086646,
      4.543018653385836,
      1.7759030005318266
    ],
    "obj_class": "vehicle",
    "point_num_in_lidar": 85,
    "speed": 0.015507840662425101,
    "if_vehicle": true,
    "motion_state": false,
    "pose": [
      [
        -0.9985116861781025,
        0.052833444366381724,
        -0.013529217351602469,
        30.300222189051055
      ],
      [
        -0.05289329585343114,
        -0.9985917337875557,
        0.004104688164144639,
        -43.31429774570438
      ],
      [
        -0.013293299798163712,
        0.004814183996059047,
        0.999900050911554,
        0.25951602811989005
      ],
      [
        0.0,
        0.0,
        0.0,
        1.0
      ]
    ],
    "location": [
      30.300222189051055,
      -43.31429774570438,
      0.25951602811989005
    ],
    "rotation": [
      0.004814628015056146,
      0.013293691343166096,
      -3.088669982758085
    ]
  },
  {
    "label_id": "oqQJJ1ZiQdF_EpbbOCdUiA",
    "size": [
      1.9349192274207256,
      4.354607322978385,
      2.023099572706599
    ],
    "obj_class": "vehicle",
    "point_num_in_lidar": 192,
    "speed": 0.007352802917938036,
    "if_vehicle": true,
    "motion_state": false,
    "pose": [
      [
        0.12007696664603741,
        0.9926723942766512,
        -0.013529217351602469,
        1.3277034242710215
      ],
      [
        -0.9927482216739694,
        0.12014208212881357,
        0.004104688164144639,
        -68.90072067829419
      ],
      [
        0.005700038969855285,
        0.012938227962665581,
        0.999900050911554,
        0.9537646905861266
      ],
      [
        0.0,
        0.0,
        0.0,
        1.0
      ]
    ],
    "location": [
      1.3277034242710215,
      -68.90072067829419,
      0.9537646905861266
    ],
    "rotation": [
      0.012938799168656954,
      -0.005700069836439647,
      -1.4504269522312945
    ]
  },
  {
    "label_id": "p6iRJjcLly4-iM5zuK3Gog",
    "size": [
      2.1272598187990583,
      4.479459850471301,
      1.8430551491647122
    ],
    "obj_class": "vehicle",
    "point_num_in_lidar": 29,
    "speed": 0.006864804469474391,
    "if_vehicle": true,
    "motion_state": false,
    "pose": [
      [
        -0.06725690918916488,
        -0.9976439587569171,
        -0.013529217351602469,
        15.269851949517943
      ],
      [
        0.9977231331250902,
        -0.06731791115393336,
        0.004104688164144639,
        -96.59976330563882
      ],
      [
        -0.0050057760011973495,
        -0.013222344485665435,
        0.999900050911554,
        0.4502681869321066
      ],
      [
        0.0,
        0.0,
        0.0,
        1.0
      ]
    ],
    "location": [
      15.269851949517943,
      -96.59976330563882,
      0.4502681869321066
    ],
    "rotation": [
      -0.01322289547291359,
      0.005005796907049871,
      1.6381048900749113
    ]
  },
  {
    "label_id": "q_7E83MEyayUrGb4ZRKhVw",
    "size": [
      2.1856928474832706,
      4.602840353629162,
      1.8461367669710853
    ],
    "obj_class": "vehicle",
    "point_num_in_lidar": 443,
    "speed": 0.005543615358553332,
    "if_vehicle": true,
    "motion_state": false,
    "pose": [
      [
        -0.9985116861781229,
        0.052833444365992834,
        -0.013529217351602469,
        24.233271513013733
      ],
      [
        -0.05289329585304221,
        -0.9985917337875764,
        0.004104688164144639,
        -43.721586438603936
      ],
      [
        -0.013293299798165587,
        0.004814183996053869,
        0.999900050911554,
        0.6544424026037063
      ],
      [
        0.0,
        0.0,
        0.0,
        1.0
      ]
    ],
    "location": [
      24.233271513013733,
      -43.721586438603936,
      0.6544424026037063
    ],
    "rotation": [
      0.004814628015050968,
      0.013293691343167971,
      -3.0886699827584745
    ]
  },
  {
    "label_id": "thTxgts9V3NUocBGo149Iw",
    "size": [
      1.7833104792116883,
      4.237803260858649,
      1.8400000000000034
    ],
    "obj_class": "vehicle",
    "point_num_in_lidar": 723,
    "speed": 0.010066246096186683,
    "if_vehicle": true,
    "motion_state": false,
    "pose": [
      [
        0.11486454944224764,
        0.993289029215204,
        -0.013529217351602469,
        -12.434354083279686
      ],
      [
        -0.9933651973737855,
        0.11492926599267743,
        0.004104688164144639,
        -53.63955595915377
      ],
      [
        0.005632044741469434,
        0.01296797050821203,
        0.999900050911554,
        2.3852328856908684
      ],
      [
        0.0,
        0.0,
        0.0,
        1.0
      ]
    ],
    "location": [
      -12.434354083279686,
      -53.63955595915377,
      2.3852328856908684
    ],
    "rotation": [
      0.012968539696292648,
      -0.0056320745165700315,
      -1.455675847329419
    ]
  },
  {
    "label_id": "uBir3bCA9zjgSvn3mrQnLw",
    "size": [
      1.9349192274197795,
      4.386029500164433,
      1.8845223797346762
    ],
    "obj_class": "vehicle",
    "point_num_in_lidar": 116,
    "speed": 0.008196429914137012,
    "if_vehicle": true,
    "motion_state": false,
    "pose": [
      [
        0.14482646788636594,
        0.9893645710643839,
        -0.013529217351602469,
        2.59292705267535
      ],
      [
        -0.9894387488911822,
        0.14489345646966711,
        0.004104688164144639,
        -83.07690351018255
      ],
      [
        0.006021328110275091,
        0.01279186440125838,
        0.999900050911554,
        0.7220814544282348
      ],
      [
        0.0,
        0.0,
        0.0,
        1.0
      ]
    ],
    "location": [
      2.59292705267535,
      -83.07690351018255,
      0.7220814544282348
    ],
    "rotation": [
      0.012792445204945579,
      -0.00602136449614101,
      -1.4254560841971242
    ]
  },
  {
    "label_id": "vI6mYZKIhXXxN2zXqh0BHQ",
    "size": [
      2.0442416930021206,
      4.494323398328529,
      2.0376365776496073
    ],
    "obj_class": "vehicle",
    "point_num_in_lidar": 248,
    "speed": 0.010627148457927352,
    "if_vehicle": true,
    "motion_state": false,
    "pose": [
      [
        0.996403938256278,
        -0.08364300392281598,
        -0.013529217351602469,
        22.29356268748552
      ],
      [
        0.0837052987929036,
        0.9964820994323311,
        0.004104688164144639,
        -52.35064007831579
      ],
      [
        0.013138294461985663,
        -0.005222394632917671,
        0.999900050911554,
        0.8124612303406593
      ],
      [
        0.0,
        0.0,
        0.0,
        1.0
      ]
    ],
    "location": [
      22.29356268748552,
      -52.35064007831579,
      0.8124612303406593
    ],
    "rotation": [
      -0.0052228691677193365,
      -0.013138672468653046,
      0.08381060698697482
    ]
  }
]