[
  {
    "label_id": "-9n3l1ftnrh3erkNAgxskg",
    "size": [
      1.8088870024089767,
      4.249731073787269,
      1.4199999999999875
    ],
    "obj_class": "vehicle",
    "point_num_in_lidar": 807,
    "speed": 0.0024213937416194668,
    "if_vehicle": true,
    "motion_state": false,
    "pose": [
      [
        0.11486040507308345,
        0.9932531908583185,
        -0.01597454838848506,
        -10.038049850330026
      ],
      [
        -0.9933749640433652,
        0.11490374670027173,
        0.0018192872457782163,
        -53.335371976818806
      ],
      [
        0.003642548323638776,
        0.01565975236102596,
        0.9998707436452481,
        1.6492938345821813
      ],
      [
        0.0,
        0.0,
        0.0,
        1.0
      ]
    ],
    "location": [
      -10.038049850330026,
      -53.335371976818806,
      1.6492938345821813
    ],
    "rotation": [
      0.01566049636802828,
      -0.0036425563786714925,
      -1.4556810861634553
    ]
  },
  {
    "label_id": "-Pvhejf9atK6w-QFnvLaRQ",
    "size": [
      0.6682886707065039,
      0.5999527252716165,
      1.6500000000000057
    ],
    "obj_class": "pedestrian",
    "point_num_in_lidar": 56,
    "speed": 0.6555524540596139,
    "if_vehicle": false,
    "motion_state": false,
    "pose": [
      [
        0.09359207155502385,
        -0.9954824649112728,
        -0.01597454838848506,
        16.375025967557576
      ],
      [
        0.9956105785532178,
        0.09357492221126551,
        0.0018192872457782163,
        -43.815525037121006
      ],
      [
        -0.0003162514289963528,
        -0.016074700225272,
        0.9998707436452481,
        0.9632639593909289
      ],
      [
        0.0,
        0.0,
        0.0,
        1.0
      ]
    ],
    "location": [
      16.375025967557576,
      -43.815525037121006,
      0.9632639593909289
    ],
    "rotation": [
      -0.01607539338274584,
      0.00031625143426799903,
      1.4770670728774908
    ]
  },
  {
    "label_id": "0PN740DVxEn0FbdlDATsZQ",
    "size": [
      0.6190203869991346,
      0.07382364213187018,
      0.46999999999999886
    ],
    "obj_class": "sign",
    "point_num_in_lidar": 98,
    "speed": 0.007323308501044924,
    "if_vehicle": false,
    "motion_state": false,
    "pose": [
      [
        0.9426085407917835,
        -0.3335175447111723,
        -0.01597454838848506,
        -6.443360244512405
      ],
      [
        0.3335869566004456,
        0.9427175783764562,
        0.0018192872457782163,
        -44.02044792611309
      ],
      [
        0.014452723357113855,
        -0.007043776676005391,
        0.9998707436452481,
        2.6693939477162303
      ],
      [
        0.0,
        0.0,
        0.0,
        1.0
      ]
    ],
    "location": [
      -6.443360244512405,
      -44.02044792611309,
      2.6693939477162303
    ],
    "rotation": [
      -0.007044570713052391,
      -0.014453226554810444,
      0.340142893323855
    ]
  },
  {
    "label_id": "0XEOOu0aPfh0jy49JW5Xmw",
    "size": [
      1.842886965862445,
      4.670595546022981,
      1.6080087281538908
    ],
    "obj_class": "vehicle",
    "point_num_in_lidar": 959,
    "speed": 0.0016564033148585742,
    "if_vehicle": true,
    "motion_state": false,
    "pose": [
      [
        0.03368339082237932,
        0.9993048798972669,
        -0.01597454838848506,
        -7.486311174693583
      ],
      [
        -0.9994297751573685,
        0.033716683152545404,
        0.0018192872457782163,
        -53.572073897608334
      ],
      [
        0.0023566314091605853,
        0.01590415954082641,
        0.9998707436452481,
        1.260050644894676
      ],
      [
        0.0,
        0.0,
        0.0,
        1.0
      ]
    ],
    "location": [
      -7.486311174693583,
      -53.572073897608334,
      1.260050644894676
    ],
    "rotation": [
      0.015904874258906215,
      -0.002356633590507902,
      -1.5371064697656058
    ]
  },
  {
    "label_id": "0iA9NWHBXHI4nn_iiYVPiA",
    "size": [
      2.0080332958050415,
      4.764529851649029,
      1.6146687057198505
    ],
    "obj_class": "vehicle",
    "point_num_in_lidar": 29,
    "speed": 0.008897729460497047,
    "if_vehicle": true,
    "motion_state": false,
    "pose": [
      [
        0.9968450053736276,
        -0.07774862741834333,
        -0.01597454838848506,
        33.622019444125726
      ],
      [
        0.07778739878535056,
        0.9969683098193876,
        0.0018192872457782163,
        -51.332278685547635
      ],
      [
        0.015784671420757016,
        -0.0030561659702049247,
        0.9998707436452481,
        0.21515741622133078
      ],
      [
        0.0,
        0.0,
        0.0,
        1.0
      ]
    ],
    "location": [
      33.622019444125726,
      -51.332278685547635,
      0.21515741622133078
    ],
    "rotation": [
      -0.003056551531490476,
      -0.015785326968135432,
      0.0778757820544771
    ]
  },
  {
    "label_id": "0u0RUSPwp0b7ThBZnPiGnA",
    "size": [
      1.9349192274207447,
      4.354607322978385,
      1.623099572706593
    ],
    "obj_class": "vehicle",
    "point_num_in_lidar": 22,
    "speed": 1.0048591735576161e-13,
    "if_vehicle": true,
    "motion_state": false,
    "pose": [
      [
        0.14482124247631073,
        0.9893288743038898,
        -0.01597454838848506,
        1.7016169492044355
      ],
      [
        -0.9894492822213682,
        0.14486824395131181,
        0.0018192872457782163,
        -74.8689301416382
      ],
      [
        0.004114078175856275,
        0.015542533997442149,
        0.9998707436452481,
        0.8582935347459113
      ],
      [
        0.0,
        0.0,
        0.0,
        1.0
      ]
    ],
    "location": [
      1.7016169492044355,
      -74.8689301416382,
      0.8582935347459113
    ],
    "rotation": [
      0.015543291385962573,
      -0.004114089781511837,
      -1.4254627801033688
    ]
  },
  {
    "label_id": "1PJMXh_QRnuK0Be6MrKRjw",
    "size": [
      1.0968769281259465,
      1.1237519986293447,
      1.6599999999999966
    ],
    "obj_class": "pedestrian",
    "point_num_in_lidar": 209,
    "speed": 1.483735944391401,
    "if_vehicle": false,
    "motion_state": true,
    "pose": [
      [
        -0.01480096046866796,
        -0.9997628445651444,
        -0.01597454838848506,
        -4.87513385403463
      ],
      [
        0.9998883464181655,
        -0.014831887643321086,
        0.0018192872457782163,
        -53.68855204492729
      ],
      [
        -0.0020557884987711223,
        -0.01594583757433338,
        0.9998707436452481,
        1.1226213332098496
      ],
      [
        0.0,
        0.0,
        0.0,
        1.0
      ]
    ],
    "location": [
      -4.87513385403463,
      -53.68855204492729,
      1.1226213332098496
    ],
    "rotation": [
      -0.01594654710905435,
      0.0020557899468255027,
      1.5855978590006352
    ]
  },
  {
    "label_id": "2Cz4S0_K-vtB5MmfFWn30w",
    "size": [
      2.035422415317544,
      4.51469033328051,
      1.9641317074623146
    ],
    "obj_class": "vehicle",
    "point_num_in_lidar": 482,
    "speed": 1.2809491335957507e-13,
    "if_vehicle": true,
    "motion_state": false,
    "pose": [
      [
        -0.08183015492918362,
        -0.9965182585121308,
        -0.01597454838848506,
        12.079111073829154
      ],
      [
        0.9966414031513848,
        -0.08186943091506224,
        0.0018192872457782163,
        -61.32812203893013
      ],
      [
        -0.0031207801435866353,
        -0.015772023763426724,
        0.9998707436452481,
        0.9439264154131592
      ],
      [
        0.0,
        0.0,
        0.0,
        1.0
      ]
    ],
    "location": [
      12.079111073829154,
      -61.32812203893013,
      0.9439264154131592
    ],
    "rotation": [
      -0.01577275455025874,
      0.003120785209294901,
      1.652718482669304
    ]
  },
  {
    "label_id": "8urfTofpA8JqmNQ99FVdxw",
    "size": [
      0.8290984996345687,
      0.07241923128280195,
      0.8481025854576956
    ],
    "obj_class": "sign",
    "point_num_in_lidar": 95,
    "speed": 0.00452700577626035,
    "if_vehicle": false,
    "motion_state": false,
    "pose": [
      [
        0.007956153355525596,
        -0.9998407440325522,
        -0.01597454838848506,
        -2.7067477417231203
      ],
      [
        0.9999669172406516,
        0.007928090447592781,
        0.0018192872457782163,
        -36.80508622724733
      ],
      [
        -0.001692349848944467,
        -0.015988494434670188,
        0.9998707436452481,
        3.0096930123747256
      ],
      [
        0.0,
        0.0,
        0.0,
        1.0
      ]
    ],
    "location": [
      -2.7067477417231203,
      -36.80508622724733,
      3.0096930123747256
    ],
    "rotation": [
      -0.01598919860694009,
      0.0016923506567740445,
      1.5628400781052756
    ]
  },
  {
    "label_id": "APG5BmGXRH0wLko7A9ofyA",
    "size": [
      0.7873702766810199,
      0.9066863818395781,
      1.7700000000000102
    ],
    "obj_class": "pedestrian",
    "point_num_in_lidar": 152,
    "speed": 1.12898663935526,
    "if_vehicle": false,
    "motion_state": true,
    "pose": [
      [
        0.3201353092405989,
        -0.947237139042389,
        -0.01597454838848506,
        15.73378891536413
      ],
      [
        0.9473657611536063,
        0.3201480982104462,
        0.0018192872457782163,
        -43.15681377570286
      ],
      [
        0.0033909248405569743,
        -0.01571615827816695,
        0.9998707436452481,
        1.0106700588512467
      ],
      [
        0.0,
        0.0,
        0.0,
        1.0
      ]
    ],
    "location": [
      15.73378891536413,
      -43.15681377570286,
      1.0106700588512467
    ],
    "rotation": [
      -0.015716895692783724,
      -0.0033909313389427283,
      1.2449220742608413
    ]
  },
  {
    "label_id": "CYV4SU0XklbwbVv2IWT0nA",
    "size": [
      1.93491922742068,
      4.195520774496485,
      1.7292390369619568
    ],
    "obj_class": "vehicle",
    "point_num_in_lidar": 31,
    "speed": 1.0658141036401503e-13,
    "if_vehicle": true,
    "motion_state": false,
    "pose": [
      [
        0.14482124247608752,
        0.9893288743039225,
        -0.01597454838848506,
        3.8277921920612243
      ],
      [
        -0.9894492822214008,
        0.14486824395108858,
        0.0018192872457782163,
        -99.495149743208
      ],
      [
        0.004114078175852768,
        0.015542533997443077,
        0.9998707436452481,
        0.43755957843939086
      ],
      [
        0.0,
        0.0,
        0.0,
        1.0
      ]
    ],
    "location": [
      3.8277921920612243,
      -99.495149743208,
      0.43755957843939086
    ],
    "rotation": [
      0.0155432913859635,
      -0.004114089781508329,
      -1.4254627801035944
    ]
  },
  {
    "label_id": "Dh9hqZe6xlb1umyJ5aRbsQ",
    "size": [
      0.4289871612897051,
      0.03500187320786129,
      0.5200000000000102
    ],
    "obj_class": "sign",
    "point_num_in_lidar": 123,
    "speed": 0.018161141750357167,
    "if_vehicle": false,
    "motion_state": false,
    "pose": [
      [
        -0.05219818184471819,
        -0.9985089702230471,
        -0.01597454838848506,
        -3.273563733764149
      ],
      [
        0.9986332270091742,
        -0.05223378319785378,
        0.0018192872457782163,
        -33.082918068892695
      ],
      [
        -0.0026509857315296834,
        -0.01585775132072413,
        0.9998707436452481,
        1.6202324581065
      ],
      [
        0.0,
        0.0,
        0.0,
        1.0
      ]
    ],
    "location": [
      -3.273563733764149,
      -33.082918068892695,
      1.6202324581065
    ],
    "rotation": [
      -0.015858471745439487,
      0.0026509888366061073,
      1.6230184250492758
    ]
  },
  {
    "label_id": "H1tav3xjofg6y0L4ChXbOQ",
    "size": [
      1.9349192274204687,
      4.302774069524423,
      1.7321937601380455
    ],
    "obj_class": "vehicle",
    "point_num_in_lidar": 364,
    "speed": 0.012734774781946942,
    "if_vehicle": true,
    "motion_state": false,
    "pose": [
      [
        0.10138563721238124,
        0.9947189383794921,
        -0.01597454838848506,
        0.821731594884568
      ],
      [
        -0.9948412879006049,
        0.10142732413991523,
        0.0018192872457782163,
        -62.025279680613494
      ],
      [
        0.0034299351751154914,
        0.015707690695745426,
        0.9998707436452481,
        0.9881229624323566
      ],
      [
        0.0,
        0.0,
        0.0,
        1.0
      ]
    ],
    "location": [
      0.821731594884568,
      -62.025279680613494,
      0.9881229624323566
    ],
    "rotation": [
      0.015708429106372573,
      -0.00342994190037094,
      -1.4692355904473966
    ]
  },
  {
    "label_id": "H4ZJVyQIKvT6bqNH6t4Dbg",
    "size": [
      2.0101429733086884,
      4.442158084755917,
      1.773055149164719
    ],
    "obj_class": "vehicle",
    "point_num_in_lidar": 140,
    "speed": 0.006249896014013659,
    "if_vehicle": true,
    "motion_state": false,
    "pose": [
      [
        -0.08183015492913273,
        -0.996518258512135,
        -0.01597454838848506,
        12.837801317915364
      ],
      [
        0.996641403151389,
        -0.08186943091501134,
        0.0018192872457782163,
        -67.47924465050733
      ],
      [
        -0.00312078014358583,
        -0.015772023763426884,
        0.9998707436452481,
        0.7906818240959979
      ],
      [
        0.0,
        0.0,
        0.0,
        1.0
      ]
    ],
    "location": [
      12.837801317915364,
      -67.47924465050733,
      0.7906818240959979
    ],
    "rotation": [
      -0.0157727545502589,
      0.0031207852092940956,
      1.652718482669253
    ]
  },
  {
    "label_id": "HGJgCHriQZAfJVZ98nkXOg",
    "size": [
      2.044241693001591,
      4.5267537452415025,
      1.8546687057198596
    ],
    "obj_class": "vehicle",
    "point_num_in_lidar": 112,
    "speed": 1.0658141036401503e-13,
    "if_vehicle": true,
    "motion_state": false,
    "pose": [
      [
        0.985745413834525,
        -0.16748370938089852,
        -0.01597454838848506,
        28.025903526246566
      ],
      [
        0.16753346129506316,
        0.9858647115808604,
        0.0018192872457782163,
        -51.751952666763145
      ],
      [
        0.015444042563296026,
        -0.0044696254431218965,
        0.9998707436452481,
        0.4385105740697952
      ],
      [
        0.0,
        0.0,
        0.0,
        1.0
      ]
    ],
    "location": [
      28.025903526246566,
      -51.751952666763145,
      0.4385105740697952
    ],
    "rotation": [
      -0.004470173470053168,
      -0.015444656577386586,
      0.1683475048664619
    ]
  },
  {
    "label_id": "LjhBYT85_Si4U-7ahKCHRw",
    "size": [
      0.7605374054823802,
      0.8583638543344657,
      1.7199999999999989
    ],
    "obj_class": "pedestrian",
    "point_num_in_lidar": 110,
    "speed": 3.7765864436546257e-13,
    "if_vehicle": false,
    "motion_state": false,
    "pose": [
      [
        0.12093054385519143,
        0.9925324263552661,
        -0.01597454838848506,
        -1.0936797521931112
      ],
      [
        -0.9926539322942091,
        0.12097462913669597,
        0.0018192872457782163,
        -58.2747635765802
      ],
      [
        0.0037382166512126267,
        0.01563719087839304,
        0.9998707436452481,
        1.2267673484955992
      ],
      [
        0.0,
        0.0,
        0.0,
        1.0
      ]
    ],
    "location": [
      -1.0936797521931112,
      -58.2747635765802,
      1.2267673484955992
    ],
    "rotation": [
      0.01563793749432927,
      -0.0037382253577382717,
      -1.4495682229362594
    ]
  },
  {
    "label_id": "NsKk9oPmueJ9-2tNO3S59g",
    "size": [
      0.4721599565314525,
      0.06010182159104723,
      0.2181025854576717
    ],
    "obj_class": "sign",
    "point_num_in_lidar": 147,
    "speed": 0.0031353438618775854,
    "if_vehicle": false,
    "motion_state": false,
    "pose": [
      [
        0.007956153345307854,
        -0.9998407440326336,
        -0.01597454838848506,
        -2.745646415774445
      ],
      [
        0.9999669172407327,
        0.007928090437373752,
        0.0018192872457782163,
        -36.792859755355494
      ],
      [
        -0.0016923498491078594,
        -0.015988494434652892,
        0.9998707436452481,
        2.419787262858847
      ],
      [
        0.0,
        0.0,
        0.0,
        1.0
      ]
    ],
    "location": [
      -2.745646415774445,
      -36.792859755355494,
      2.419787262858847
    ],
    "rotation": [
      -0.0159891986069228,
      0.0016923506569374374,
      1.5628400781154936
    ]
  },
  {
    "label_id": "T2aPKhW4G4-JDmrDwr2Oug",
    "size": [
      2.1272598187990592,
      4.479459850471301,
      1.8430551491647122
    ],
    "obj_class": "vehicle",
    "point_num_in_lidar": 43,
    "speed": 0.00781255489034448,
    "if_vehicle": true,
    "motion_state": false,
    "pose": [
      [
        -0.06725448252679586,
        -0.9976079632720647,
        -0.01597454838848506,
        13.648477593912048
      ],
      [
        0.9977316688832681,
        -0.06729195420944442,
        0.0018192872457782163,
        -82.09356652973679
      ],
      [
        -0.002889894022542141,
        -0.015815957601017307,
        0.9998707436452481,
        0.5143263323021756
      ],
      [
        0.0,
        0.0,
        0.0,
        1.0
      ]
    ],
    "location": [
      13.648477593912048,
      -82.09356652973679,
      0.5143263323021756
    ],
    "rotation": [
      -0.015816683106486165,
      0.0028898980450428736,
      1.6381018947989816
    ]
  },
  {
    "label_id": "U274uuUDtmNBxMLLEvdXXw",
    "size": [
      2.083438273100146,
      5.033652962736186,
      1.740000000000009
    ],
    "obj_class": "vehicle",
    "point_num_in_lidar": 5696,
    "speed": 0.014750763112006954,
    "if_vehicle": true,
    "motion_state": false,
    "pose": [
      [
        -0.06952543605217054,
        -0.9974522683043735,
        -0.01597454838848506,
        9.943074740131124
      ],
      [
        0.9975758882879685,
        -0.0695631892626259,
        0.0018192872457782163,
        -34.16483610731257
      ],
      [
        -0.0029258927229318596,
        -0.015809337559575237,
        0.9998707436452481,
        1.1455003487954514
      ],
      [
        0.0,
        0.0,
        0.0,
        1.0
      ]
    ],
    "location": [
      9.943074740131124,
      -34.16483610731257,
      1.1455003487954514
    ],
    "rotation": [
      -0.015810063864753053,
      0.0029258968976351965,
      1.6403781952076875
    ]
  },
  {
    "label_id": "ZSvYH6nbj5WT83yRrAyqOQ",
    "size": [
      1.7833104792114662,
      4.237803260858649,
      1.3700000000000045
    ],
    "obj_class": "vehicle",
    "point_num_in_lidar": 176,
    "speed": 0.005617862292664787,
    "if_vehicle": true,
    "motion_state": false,
    "pose": [
      [
        0.0973581576601933,
        0.9951212001262948,
        -0.01597454838848506,
        -14.863170970525516
      ],
      [
        -0.9952437173947597,
        0.0973993489720399,
        0.0018192872457782163,
        -54.31981106864214
      ],
      [
        0.0033663219205540738,
        0.015721446467354683,
        0.9998707436452481,
        2.6725262081182564
      ],
      [
        0.0,
        0.0,
        0.0,
        1.0
      ]
    ],
    "location": [
      -14.863170970525516,
      -54.31981106864214,
      2.6725262081182564
    ],
    "rotation": [
      0.0157221832587983,
      -0.0033663282785156593,
      -1.4732831517567582
    ]
  },
  {
    "label_id": "bHpaedxqOe2u_jKwEQsk3A",
    "size": [
      1.0814627133276504,
      0.08800643864016114,
      1.1074324324324039
    ],
    "obj_class": "sign",
    "point_num_in_lidar": 82,
    "speed": 0.009248275644124396,
    "if_vehicle": false,
    "motion_state": false,
    "pose": [
      [
        -0.9984082478144547,
        0.0540905213494435,
        -0.01597454838848506,
        28.2004208292974
      ],
      [
        -0.05412635813744857,
        -0.998532436903626,
        0.0018192872457782163,
        -53.40328382926964
      ],
      [
        -0.015852698535180343,
        0.002681035518487758,
        0.9998707436452481,
        3.767674280493395
      ],
      [
        0.0,
        0.0,
        0.0,
        1.0
      ]
    ],
    "location": [
      28.2004208292974,
      -53.40328382926964,
      3.767674280493395
    ],
    "rotation": [
      0.0026813756779826823,
      0.015853362595409,
      -3.0874330194230595
    ]
  },
  {
    "label_id": "dO3XeoHjmd8frfTyHWTKiA",
    "size": [
      0.7686596977191208,
      0.09465907462909492,
      0.3428215271210604
    ],
    "obj_class": "sign",
    "point_num_in_lidar": 23,
    "speed": 1.0048591735576161e-13,
    "if_vehicle": false,
    "motion_state": false,
    "pose": [
      [
        -0.9967748333419594,
        0.07864315240307503,
        -0.01597454838848506,
        -7.0577726288461236
      ],
      [
        -0.07868203440634453,
        -0.9968981029451286,
        0.0018192872457782163,
        -56.29109050027705
      ],
      [
        -0.01578192249975121,
        0.0030703297071403308,
        0.9998707436452481,
        3.1501448678583017
      ],
      [
        0.0,
        0.0,
        0.0,
        1.0
      ]
    ],
    "location": [
      -7.0577726288461236,
      -56.29109050027705,
      3.1501448678583017
    ],
    "rotation": [
      0.00307071696645977,
      0.015782577704670397,
      -3.062819376287376
    ]
  },
  {
    "label_id": "lOvlYgibjIeJQY-GUu_iZw",
    "size": [
      1.979204128570496,
      4.374703024899077,
      1.6158927815274922
    ],
    "obj_class": "vehicle",
    "point_num_in_lidar": 475,
    "speed": 0.2739419807317832,
    "if_vehicle": true,
    "motion_state": false,
    "pose": [
      [
        -0.9988899290784325,
        0.04431391868779263,
        -0.01597454838848506,
        22.42878939482671
      ],
      [
        -0.044348537997852516,
        -0.9990144630441395,
        0.0018192872457782163,
        -46.61271454784924
      ],
      [
        -0.01587818513361587,
        0.0025257155741139625,
        0.9998707436452481,
        0.7268645538899534
      ],
      [
        0.0,
        0.0,
        0.0,
        1.0
      ]
    ],
    "location": [
      22.42878939482671,
      -46.61271454784924,
      0.7268645538899534
    ],
    "rotation": [
      0.0025260367083281836,
      0.015878852402095345,
      -3.097223968242947
    ]
  },
  {
    "label_id": "n-P7bAYuQSI8-nxyURdrbA",
    "size": [
      2.0391270684399867,
      4.482764801241222,
      1.8430551491647122
    ],
    "obj_class": "vehicle",
    "point_num_in_lidar": 106,
    "speed": 0.001745565200590765,
    "if_vehicle": true,
    "motion_state": false,
    "pose": [
      [
        -0.06725448252684062,
        -0.9976079632720616,
        -0.01597454838848506,
        13.419784850699216
      ],
      [
        0.9977316688832651,
        -0.06729195420948918,
        0.0018192872457782163,
        -76.23889802756185
      ],
      [
        -0.00288989402254285,
        -0.015815957601017176,
        0.9998707436452481,
        0.6189695439944671
      ],
      [
        0.0,
        0.0,
        0.0,
        1.0
      ]
    ],
    "location": [
      13.419784850699216,
      -76.23889802756185,
      0.6189695439944671
    ],
    "rotation": [
      -0.015816683106486033,
      0.0028898980450435827,
      1.6381018947990265
    ]
  },
  {
    "label_id": "ok9rVj3OHGAFI-2PL5Wovg",
    "size": [
      2.195656154508662,
      4.543018653385836,
      1.7759030005318266
    ],
    "obj_class": "vehicle",
    "point_num_in_lidar": 151,
    "speed": 0.015507840663081656,
    "if_vehicle": true,
    "motion_state": false,
    "pose": [
      [
        -0.998475659385218,
        0.05283153810971625,
        -0.01597454838848506,
        30.361159411705103
      ],
      [
        -0.05286721827332792,
        -0.9985998935639627,
        0.0018192872457782163,
        -43.332446777194946
      ],
      [
        -0.0158560665770157,
        0.0026610439688114,
        0.9998707436452481,
        0.25951602811989005
      ],
      [
        0.0,
        0.0,
        0.0,
        1.0
      ]
    ],
    "location": [
      30.361159411705103,
      -43.332446777194946,
      0.25951602811989005
    ],
    "rotation": [
      0.0026613816866211887,
      0.015856731060622107,
      -3.088694121117908
    ]
  },
  {
    "label_id": "oqQJJ1ZiQdF_EpbbOCdUiA",
    "size": [
      1.934919227420726,
      4.354607322978385,
      2.023099572706599
    ],
    "obj_class": "vehicle",
    "point_num_in_lidar": 186,
    "speed": 0.007352802856367792,
    "if_vehicle": true,
    "motion_state": false,
    "pose": [
      [
        0.12007263421000498,
        0.9926365781682914,
        -0.01597454838848506,
        1.3306458557599399
      ],
      [
        -0.9927581221655885,
        0.12011661445517052,
        0.0018192872457782163,
        -68.9307233907789
      ],
      [
        0.003724699736229629,
        0.0156404160486105,
        0.9998707436452481,
        0.9597940210946092
      ],
      [
        0.0,
        0.0,
        0.0,
        1.0
      ]
    ],
    "location": [
      1.3306458557599399,
      -68.9307233907789,
      0.9597940210946092
    ],
    "rotation": [
      0.015641162292574517,
      -0.0037247083486509113,
      -1.4504324421977313
    ]
  },
  {
    "label_id": "p6iRJjcLly4-iM5zuK3Gog",
    "size": [
      2.1272598187990592,
      4.479459850471301,
      1.8430551491647122
    ],
    "obj_class": "vehicle",
    "point_num_in_lidar": 24,
    "speed": 0.006864804412317966,
    "if_vehicle": true,
    "motion_state": false,
    "pose": [
      [
        -0.06725448252679586,
        -0.9976079632720647,
        -0.01597454838848506,
        15.248307450660377
      ],
      [
        0.9977316688832681,
        -0.06729195420944442,
        0.0018192872457782163,
        -96.58165189093756
      ],
      [
        -0.002889894022542141,
        -0.015815957601017307,
        0.9998707436452481,
        0.450268186932135
      ],
      [
        0.0,
        0.0,
        0.0,
        1.0
      ]
    ],
    "location": [
      15.248307450660377,
      -96.58165189093756,
      0.450268186932135
    ],
    "rotation": [
      -0.015816683106486165,
      0.0028898980450428736,
      1.6381018947989816
    ]
  },
  {
    "label_id": "q_7E83MEyayUrGb4ZRKhVw",
    "size": [
      2.1856928474832733,
      4.602840353629162,
      1.8461367669710853
    ],
    "obj_class": "vehicle",
    "point_num_in_lidar": 493,
    "speed": 0.005543615451297276,
    "if_vehicle": true,
    "motion_state": false,
    "pose": [
      [
        -0.9984756593852387,
        0.052831538109325164,
        -0.01597454838848506,
        24.23864339712918
      ],
      [
        -0.052867218272936785,
        -0.9985998935639835,
        0.0018192872457782163,
        -43.743671450673446
      ],
      [
        -0.015856066577016742,
        0.0026610439688051894,
        0.9998707436452481,
        0.6544424026037063
      ],
      [
        0.0,
        0.0,
        0.0,
        1.0
      ]
    ],
    "location": [
      24.23864339712918,
      -43.743671450673446,
      0.6544424026037063
    ],
    "rotation": [
      0.002661381686614977,
      0.015856731060623148,
      -3.0886941211182997
    ]
  },
  {
    "label_id": "thTxgts9V3NUocBGo149Iw",
    "size": [
      1.7833104792116894,
      4.237803260858649,
      1.8400000000000034
    ],
    "obj_class": "vehicle",
    "point_num_in_lidar": 681,
    "speed": 0.010066246096253988,
    "if_vehicle": true,
    "motion_state": false,
    "pose": [
      [
        0.11486040507279058,
        0.9932531908583525,
        -0.01597454838848506,
        -12.459618717705325
      ],
      [
        -0.9933749640433992,
        0.11490374669997883,
        0.0018192872457782163,
        -53.672191248376066
      ],
      [
        0.0036425483236341588,
        0.015659752361027037,
        0.9998707436452481,
        2.3569624807055334
      ],
      [
        0.0,
        0.0,
        0.0,
        1.0
      ]
    ],
    "location": [
      -12.459618717705325,
      -53.672191248376066,
      2.3569624807055334
    ],
    "rotation": [
      0.015660496368029356,
      -0.003642556378666875,
      -1.4556810861637501
    ]
  },
  {
    "label_id": "uBir3bCA9zjgSvn3mrQnLw",
    "size": [
      1.9349192274197795,
      4.386029500164433,
      1.8845223797346762
    ],
    "obj_class": "vehicle",
    "point_num_in_lidar": 110,
    "speed": 0.008196429914221792,
    "if_vehicle": true,
    "motion_state": false,
    "pose": [
      [
        0.14482124247615344,
        0.9893288743039129,
        -0.01597454838848506,
        2.598458276299425
      ],
      [
        -0.9894492822213912,
        0.1448682439511545,
        0.0018192872457782163,
        -83.11005072718308
      ],
      [
        0.004114078175853804,
        0.015542533997442803,
        0.9998707436452481,
        0.7422447794190532
      ],
      [
        0.0,
        0.0,
        0.0,
        1.0
      ]
    ],
    "location": [
      2.598458276299425,
      -83.11005072718308,
      0.7422447794190532
    ],
    "rotation": [
      0.015543291385963226,
      -0.004114089781509365,
      -1.4254627801035278
    ]
  },
  {
    "label_id": "vI6mYZKIhXXxN2zXqh0BHQ",
    "size": [
      2.044241693002116,
      4.494323398328529,
      2.0376365776496073
    ],
    "obj_class": "vehicle",
    "point_num_in_lidar": 682,
    "speed": 0.010627148369094926,
    "if_vehicle": true,
    "motion_state": false,
    "pose": [
      [
        0.9963679875119754,
        -0.0836399860420847,
        -0.01597454838848506,
        22.288975368944648
      ],
      [
        0.08367948562954877,
        0.9964910606115298,
        0.0018192872457782163,
        -52.30731069252147
      ],
      [
        0.01576632950658825,
        -0.003149421564095013,
        0.9998707436452481,
        0.8643598237064793
      ],
      [
        0.0,
        0.0,
        0.0,
        1.0
      ]
    ],
    "location": [
      22.288975368944648,
      -52.30731069252147,
      0.8643598237064793
    ],
    "rotation": [
      -0.0031498182826074465,
      -0.015766982771197112,
      0.08378789113325744
    ]
  },
  {
    "label_id": "yz49x2OdjntgcV90xPRffw",
    "size": [
      0.4289871612881883,
      0.03500187320786129,
      0.4900000000000091
    ],
    "obj_class": "sign",
    "point_num_in_lidar": 204,
    "speed": 0.011518687157767086,
    "if_vehicle": false,
    "motion_state": false,
    "pose": [
      [
        -0.052956431975698014,
        -0.9984690431436457,
        -0.01597454838848506,
        -3.2702758213185916
      ],
      [
        0.998593272858367,
        -0.05299212767885676,
        0.0018192872457782163,
        -33.07696725970277
      ],
      [
        -0.0026630273033102897,
        -0.01585573359641634,
        0.9998707436452481,
        2.14873252918332
      ],
      [
        0.0,
        0.0,
        0.0,
        1.0
      ]
    ],
    "location": [
      -3.2702758213185916,
      -33.07696725970277,
      2.14873252918332
    ],
    "rotation": [
      -0.015856454267692555,
      0.002663030450891855,
      1.623777729791926
    ]
  }
]