[
  {
    "label_id": "-9n3l1ftnrh3erkNAgxskg",
    "size": [
      1.8088870024089754,
      4.249731073787269,
      1.4199999999999875
    ],
    "obj_class": "vehicle",
    "point_num_in_lidar": 844,
    "speed": 0.005546066711602976,
    "if_vehicle": true,
    "motion_state": false,
    "pose": [
      [
        0.11486437985733249,
        0.9932875627303186,
        -0.013637887125711935,
        -10.044487952333384
      ],
      [
        -0.9933640923248688,
        0.11493210956345122,
        0.004288387912093324,
        -53.32566690165936
      ],
      [
        0.005827033514591642,
        0.013054804347751567,
        0.9998978036598849,
        1.6540223168655075
      ],
      [
        0.0,
        0.0,
        0.0,
        1.0
      ]
    ],
    "location": [
      -10.044487952333384,
      -53.32566690165936,
      1.6540223168655075
    ],
    "rotation": [
      0.01305539685141086,
      -0.005827066490588526,
      -1.4556758888595895
    ]
  },
  {
    "label_id": "-Pvhejf9atK6w-QFnvLaRQ",
    "size": [
      0.6682886707073024,
      0.5999527252716165,
      1.6500000000000057
    ],
    "obj_class": "pedestrian",
    "point_num_in_lidar": 199,
    "speed": 0.7271454954084771,
    "if_vehicle": false,
    "motion_state": false,
    "pose": [
      [
        0.9403612624931422,
        -0.3399039629616724,
        -0.013637887125711935,
        17.28075023945439
      ],
      [
        0.33998745756161364,
        0.9404201924830758,
        0.004288387912093324,
        -42.86221221648384
      ],
      [
        0.011367704389787025,
        -0.008669344441459472,
        0.9998978036598849,
        0.9632639593909289
      ],
      [
        0.0,
        0.0,
        0.0,
        1.0
      ]
    ],
    "location": [
      17.28075023945439,
      -42.86221221648384,
      0.9632639593909289
    ],
    "rotation": [
      -0.008670013261635337,
      -0.01136794923539611,
      0.34692692181696183
    ]
  },
  {
    "label_id": "0PN740DVxEn0FbdlDATsZQ",
    "size": [
      0.6190203869991343,
      0.07382364213187018,
      0.46999999999999886
    ],
    "obj_class": "sign",
    "point_num_in_lidar": 133,
    "speed": 0.007323308500613142,
    "if_vehicle": false,
    "motion_state": false,
    "pose": [
      [
        0.9426411600880626,
        -0.333529086201755,
        -0.013637887125711935,
        -6.458402714341446
      ],
      [
        0.33361217987913017,
        0.9427006540601371,
        0.004288387912093324,
        -44.02364489355841
      ],
      [
        0.011426143011807825,
        -0.008592176209317558,
        0.9998978036598849,
        2.6590454059195565
      ],
      [
        0.0,
        0.0,
        0.0,
        1.0
      ]
    ],
    "location": [
      -6.458402714341446,
      -44.02364489355841,
      2.6590454059195565
    ],
    "rotation": [
      -0.008592842892012568,
      -0.0114263916530875,
      0.34015578981878775
    ]
  },
  {
    "label_id": "0XEOOu0aPfh0jy49JW5Xmw",
    "size": [
      1.8428869658624465,
      4.670595546022981,
      1.6080087281538908
    ],
    "obj_class": "vehicle",
    "point_num_in_lidar": 900,
    "speed": 0.0016564033426086685,
    "if_vehicle": true,
    "motion_state": false,
    "pose": [
      [
        0.03368455644782733,
        0.99933946119007,
        -0.013637887125711935,
        -7.486428351683571
      ],
      [
        -0.9994212466502489,
        0.03374583638284909,
        0.004288387912093324,
        -53.56859753920753
      ],
      [
        0.004745777172997391,
        0.013485541708159311,
        0.9998978036598849,
        1.2442508015993212
      ],
      [
        0.0,
        0.0,
        0.0,
        1.0
      ]
    ],
    "location": [
      -7.486428351683571,
      -53.56859753920753,
      1.2442508015993212
    ],
    "rotation": [
      0.013486102367777524,
      -0.004745794987560683,
      -1.537105017515401
    ]
  },
  {
    "label_id": "0iA9NWHBXHI4nn_iiYVPiA",
    "size": [
      2.008033295805038,
      4.764529851649029,
      1.6146687057198505
    ],
    "obj_class": "vehicle",
    "point_num_in_lidar": 79,
    "speed": 0.008897729460363343,
    "if_vehicle": true,
    "motion_state": false,
    "pose": [
      [
        0.9968795015416178,
        -0.0777513179366242,
        -0.013637887125711935,
        33.63995782474558
      ],
      [
        0.0778161472639974,
        0.9969585031254327,
        0.004288387912093324,
        -51.3375064435877
      ],
      [
        0.013262979722654633,
        -0.005336253837168866,
        0.9998978036598849,
        0.2151574162213592
      ],
      [
        0.0,
        0.0,
        0.0,
        1.0
      ]
    ],
    "location": [
      33.63995782474558,
      -51.3375064435877,
      0.2151574162213592
    ],
    "rotation": [
      -0.005336748572833725,
      -0.01326336859445134,
      0.07790176198621977
    ]
  },
  {
    "label_id": "0u0RUSPwp0b7ThBZnPiGnA",
    "size": [
      1.934919227420745,
      4.354607322978385,
      1.623099572706593
    ],
    "obj_class": "vehicle",
    "point_num_in_lidar": 26,
    "speed": 1.0048591735576161e-13,
    "if_vehicle": true,
    "motion_state": false,
    "pose": [
      [
        0.14482625406575828,
        0.9893631103735507,
        -0.013637887125711935,
        1.7016169492048903
      ],
      [
        -0.9894375584222723,
        0.14489626535038064,
        0.004288387912093324,
        -74.86893014163843
      ],
      [
        0.006218851714982684,
        0.012872766582413602,
        0.9998978036598849,
        0.8582935347459113
      ],
      [
        0.0,
        0.0,
        0.0,
        1.0
      ]
    ],
    "location": [
      1.7016169492048903,
      -74.86893014163843,
      0.8582935347459113
    ],
    "rotation": [
      0.012873371078537,
      -0.006218891800446422,
      -1.4254561233495782
    ]
  },
  {
    "label_id": "1PJMXh_QRnuK0Be6MrKRjw",
    "size": [
      1.0968769281252768,
      1.1237519986293447,
      1.6599999999999966
    ],
    "obj_class": "pedestrian",
    "point_num_in_lidar": 272,
    "speed": 1.4244525821155956,
    "if_vehicle": false,
    "motion_state": true,
    "pose": [
      [
        -0.04072216250678673,
        -0.999077431191155,
        -0.013637887125711935,
        -5.1362511344832456
      ],
      [
        0.9991587830224892,
        -0.040784016944553914,
        0.004288387912093324,
        -50.65381282713065
      ],
      [
        -0.004840639398788349,
        -0.013451782274076004,
        0.9998978036598849,
        1.2061228479433623
      ],
      [
        0.0,
        0.0,
        0.0,
        1.0
      ]
    ],
    "location": [
      -5.1362511344832456,
      -50.65381282713065,
      1.2061228479433623
    ],
    "rotation": [
      -0.013452345608146125,
      0.004840658303128489,
      1.611530230099612
    ]
  },
  {
    "label_id": "2Cz4S0_K-vtB5MmfFWn30w",
    "size": [
      2.035422415317543,
      4.51469033328051,
      1.9641317074623146
    ],
    "obj_class": "vehicle",
    "point_num_in_lidar": 510,
    "speed": 1.2809491335957507e-13,
    "if_vehicle": true,
    "motion_state": false,
    "pose": [
      [
        -0.08183298669014347,
        -0.9965527433729322,
        -0.013637887125711935,
        12.079111073830063
      ],
      [
        0.9966314788117797,
        -0.08189813899326784,
        0.004288387912093324,
        -61.32812203893013
      ],
      [
        -0.005390522313839977,
        -0.013241016023033911,
        0.9998978036598849,
        0.9439264154131308
      ],
      [
        0.0,
        0.0,
        0.0,
        1.0
      ]
    ],
    "location": [
      12.079111073830063,
      -61.32812203893013,
      0.9439264154131308
    ],
    "rotation": [
      -0.013241595363992971,
      0.00539054842023907,
      1.6527221171002706
    ]
  },
  {
    "label_id": "4USvvbsSF6Lj9J0BKmashw",
    "size": [
      2.0595813114844583,
      4.786206074628197,
      1.8546687057198596
    ],
    "obj_class": "vehicle",
    "point_num_in_lidar": 44,
    "speed": 0.0,
    "if_vehicle": true,
    "motion_state": false,
    "pose": [
      [
        0.9968795015416235,
        -0.07775131793654981,
        -0.013637887125711935,
        39.60058153284763
      ],
      [
        0.07781614726392301,
        0.9969585031254384,
        0.004288387912093324,
        -51.17561196333054
      ],
      [
        0.013262979722655032,
        -0.005336253837167876,
        0.9998978036598849,
        -0.11434545271976049
      ],
      [
        0.0,
        0.0,
        0.0,
        1.0
      ]
    ],
    "location": [
      39.60058153284763,
      -51.17561196333054,
      -0.11434545271976049
    ],
    "rotation": [
      -0.005336748572832735,
      -0.013263368594451739,
      0.07790176198614515
    ]
  },
  {
    "label_id": "8n9ATSafwSu4xC92lmLX-w",
    "size": [
      2.13048630581345,
      4.600270226436806,
      1.6703842882664048
    ],
    "obj_class": "vehicle",
    "point_num_in_lidar": 57,
    "speed": 1.4210854715202004e-13,
    "if_vehicle": true,
    "motion_state": false,
    "pose": [
      [
        -0.9982804137919881,
        0.05701073121828296,
        -0.013637887125711935,
        36.57210207900562
      ],
      [
        -0.05707390419888214,
        -0.9983607460174966,
        0.004288387912093324,
        -42.766349719679965
      ],
      [
        -0.013371047034312092,
        0.005059381122673134,
        0.9998978036598849,
        0.286177043730504
      ],
      [
        0.0,
        0.0,
        0.0,
        1.0
      ]
    ],
    "location": [
      36.57210207900562,
      -42.766349719679965,
      0.286177043730504
    ],
    "rotation": [
      0.005059855044283561,
      0.013371445489918421,
      -3.084482607177135
    ]
  },
  {
    "label_id": "8urfTofpA8JqmNQ99FVdxw",
    "size": [
      0.8290984996345682,
      0.07241923128280195,
      0.8481025854576956
    ],
    "obj_class": "sign",
    "point_num_in_lidar": 54,
    "speed": 0.005821031887252765,
    "if_vehicle": false,
    "motion_state": false,
    "pose": [
      [
        0.007956428680981797,
        -0.9998753438691199,
        -0.013637887125711935,
        -2.7063567514187525
      ],
      [
        0.999959610049606,
        0.007898607380761096,
        0.004288387912093324,
        -36.817303737846714
      ],
      [
        -0.004180133022339354,
        -0.013671456544706402,
        0.9998978036598849,
        3.007075920690994
      ],
      [
        0.0,
        0.0,
        0.0,
        1.0
      ]
    ],
    "location": [
      -2.7063567514187525,
      -36.817303737846714,
      3.007075920690994
    ],
    "rotation": [
      -0.013672001923191285,
      0.00418014519603589,
      1.5628397446484044
    ]
  },
  {
    "label_id": "APG5BmGXRH0wLko7A9ofyA",
    "size": [
      0.7873702766809171,
      0.9066863818395781,
      1.7700000000000102
    ],
    "obj_class": "pedestrian",
    "point_num_in_lidar": 226,
    "speed": 0.8193635687067335,
    "if_vehicle": false,
    "motion_state": false,
    "pose": [
      [
        0.8294208830427573,
        -0.5584577036869659,
        -0.013637887125711935,
        16.628490492465517
      ],
      [
        0.558553026035902,
        0.8294577305898428,
        0.004288387912093324,
        -41.21388846684954
      ],
      [
        0.008917167639426874,
        -0.0111743616116808,
        0.9998978036598849,
        1.0579172295581145
      ],
      [
        0.0,
        0.0,
        0.0,
        1.0
      ]
    ],
    "location": [
      16.628490492465517,
      -41.21388846684954,
      1.0579172295581145
    ],
    "rotation": [
      -0.01117503849888434,
      -0.008917285819725743,
      0.5926670890547728
    ]
  },
  {
    "label_id": "CYV4SU0XklbwbVv2IWT0nA",
    "size": [
      1.9349192274206792,
      4.195520774496485,
      1.7292390369619568
    ],
    "obj_class": "vehicle",
    "point_num_in_lidar": 32,
    "speed": 1.0658141036401503e-13,
    "if_vehicle": true,
    "motion_state": false,
    "pose": [
      [
        0.14482625406552804,
        0.9893631103735844,
        -0.013637887125711935,
        3.827792192062134
      ],
      [
        -0.9894375584223061,
        0.1448962653501504,
        0.004288387912093324,
        -99.49514974320823
      ],
      [
        0.006218851714979689,
        0.01287276658241505,
        0.9998978036598849,
        0.43755957843939086
      ],
      [
        0.0,
        0.0,
        0.0,
        1.0
      ]
    ],
    "location": [
      3.827792192062134,
      -99.49514974320823,
      0.43755957843939086
    ],
    "rotation": [
      0.012873371078538446,
      -0.006218891800443427,
      -1.4254561233498109
    ]
  },
  {
    "label_id": "Cazsg4P9FoeJaboJA4hG6w",
    "size": [
      1.4096193194792939,
      3.3000209269787204,
      1.015916486272232
    ],
    "obj_class": "vehicle",
    "point_num_in_lidar": 27,
    "speed": 1.464821375527116e-13,
    "if_vehicle": true,
    "motion_state": false,
    "pose": [
      [
        0.006661714378727334,
        0.9998848081635617,
        -0.013637887125711935,
        -20.669122229005552
      ],
      [
        -0.999968220042698,
        0.006720761396872782,
        0.004288387912093324,
        -55.22928125050066
      ],
      [
        0.004379550910143764,
        0.013608885698825837,
        0.9998978036598849,
        3.246248789019603
      ],
      [
        0.0,
        0.0,
        0.0,
        1.0
      ]
    ],
    "location": [
      -20.669122229005552,
      -55.22928125050066,
      3.246248789019603
    ],
    "rotation": [
      0.01360943632514229,
      -0.0043795649105692865,
      -1.564134499252708
    ]
  },
  {
    "label_id": "H1tav3xjofg6y0L4ChXbOQ",
    "size": [
      1.9349192274204685,
      4.302774069524423,
      1.7321937601380455
    ],
    "obj_class": "vehicle",
    "point_num_in_lidar": 380,
    "speed": 0.012734774781753713,
    "if_vehicle": true,
    "motion_state": false,
    "pose": [
      [
        0.1013891456976089,
        0.9947533609741941,
        -0.013637887125711935,
        0.8251529893204861
      ],
      [
        -0.9948308016586898,
        0.10145583177050106,
        0.004288387912093324,
        -61.9987573019273
      ],
      [
        0.005649531470647253,
        0.013132594195375632,
        0.9998978036598849,
        0.9881229624323851
      ],
      [
        0.0,
        0.0,
        0.0,
        1.0
      ]
    ],
    "location": [
      0.8251529893204861,
      -61.9987573019273,
      0.9881229624323851
    ],
    "rotation": [
      0.013133181311166186,
      -0.005649561523955376,
      -1.46923103680766
    ]
  },
  {
    "label_id": "H4ZJVyQIKvT6bqNH6t4Dbg",
    "size": [
      2.0101429733086884,
      4.442158084755917,
      1.773055149164719
    ],
    "obj_class": "vehicle",
    "point_num_in_lidar": 150,
    "speed": 0.006249896065575859,
    "if_vehicle": true,
    "motion_state": false,
    "pose": [
      [
        -0.0818329866900948,
        -0.9965527433729362,
        -0.013637887125711935,
        12.824737632557117
      ],
      [
        0.9966314788117837,
        -0.08189813899321916,
        0.004288387912093324,
        -67.48050508736469
      ],
      [
        -0.0053905223138393295,
        -0.013241016023034173,
        0.9998978036598849,
        0.7775574735895532
      ],
      [
        0.0,
        0.0,
        0.0,
        1.0
      ]
    ],
    "location": [
      12.824737632557117,
      -67.48050508736469,
      0.7775574735895532
    ],
    "rotation": [
      -0.013241595363993233,
      0.005390548420238423,
      1.6527221171002218
    ]
  },
  {
    "label_id": "HGJgCHriQZAfJVZ98nkXOg",
    "size": [
      2.044241693001587,
      4.5267537452415025,
      1.8546687057198596
    ],
    "obj_class": "vehicle",
    "point_num_in_lidar": 26,
    "speed": 1.0658141036401503e-13,
    "if_vehicle": true,
    "motion_state": false,
    "pose": [
      [
        0.9857795258972905,
        -0.16748950521289294,
        -0.013637887125711935,
        28.02590352624702
      ],
      [
        0.16756120630877763,
        0.9858523479048283,
        0.004288387912093324,
        -51.7519526667636
      ],
      [
        0.012726683073786679,
        -0.006512585821134268,
        0.9998978036598849,
        0.4385105740697952
      ],
      [
        0.0,
        0.0,
        0.0,
        1.0
      ]
    ],
    "location": [
      28.02590352624702,
      -51.7519526667636,
      0.4385105740697952
    ],
    "rotation": [
      -0.006513159351256453,
      -0.012727026652376704,
      0.1683691438076146
    ]
  },
  {
    "label_id": "LjhBYT85_Si4U-7ahKCHRw",
    "size": [
      0.7605374054823806,
      0.8583638543344657,
      1.7199999999999989
    ],
    "obj_class": "pedestrian",
    "point_num_in_lidar": 113,
    "speed": 3.7765864436546257e-13,
    "if_vehicle": false,
    "motion_state": false,
    "pose": [
      [
        0.12093472869870567,
        0.9925667732849598,
        -0.013637887125711935,
        -1.0936797521926565
      ],
      [
        -0.9926428873816062,
        0.12100292500523774,
        0.004288387912093324,
        -58.274763576580426
      ],
      [
        0.005906735585603114,
        0.013018936625547314,
        0.9998978036598849,
        1.2267673484956276
      ],
      [
        0.0,
        0.0,
        0.0,
        1.0
      ]
    ],
    "location": [
      -1.0936797521926565,
      -58.274763576580426,
      1.2267673484956276
    ],
    "rotation": [
      0.013019531560196581,
      -0.005906769933342475,
      -1.449562733033472
    ]
  },
  {
    "label_id": "NsKk9oPmueJ9-2tNO3S59g",
    "size": [
      0.47215995653145276,
      0.06010182159104723,
      0.2181025854576717
    ],
    "obj_class": "sign",
    "point_num_in_lidar": 60,
    "speed": 0.004931630211099362,
    "if_vehicle": false,
    "motion_state": false,
    "pose": [
      [
        0.007956428670746826,
        -0.9998753438692013,
        -0.013637887125711935,
        -2.7502535296966926
      ],
      [
        0.9999596100496868,
        0.007898607370525257,
        0.004288387912093324,
        -36.80213461168387
      ],
      [
        -0.004180133022479299,
        -0.013671456544663611,
        0.9998978036598849,
        2.427863705337643
      ],
      [
        0.0,
        0.0,
        0.0,
        1.0
      ]
    ],
    "location": [
      -2.7502535296966926,
      -36.80213461168387,
      2.427863705337643
    ],
    "rotation": [
      -0.013672001923148498,
      0.0041801451961758366,
      1.5628397446586397
    ]
  },
  {
    "label_id": "T2aPKhW4G4-JDmrDwr2Oug",
    "size": [
      2.1272598187990606,
      4.479459850471301,
      1.8430551491647122
    ],
    "obj_class": "vehicle",
    "point_num_in_lidar": 45,
    "speed": 0.007812554824819367,
    "if_vehicle": true,
    "motion_state": false,
    "pose": [
      [
        -0.06725680989154108,
        -0.9976424858424783,
        -0.013637887125711935,
        13.6480567103863
      ],
      [
        0.9977221652536936,
        -0.06732080429255625,
        0.004288387912093324,
        -82.07716610319108
      ],
      [
        -0.005196391507031645,
        -0.01331839898200594,
        0.9998978036598849,
        0.5143263323021756
      ],
      [
        0.0,
        0.0,
        0.0,
        1.0
      ]
    ],
    "location": [
      13.6480567103863,
      -82.07716610319108,
      0.5143263323021756
    ],
    "rotation": [
      -0.013318972583678864,
      0.005196414893229503,
      1.6381048560985292
    ]
  },
  {
    "label_id": "U274uuUDtmNBxMLLEvdXXw",
    "size": [
      2.0834382731001457,
      5.033652962736186,
      1.740000000000009
    ],
    "obj_class": "vehicle",
    "point_num_in_lidar": 5704,
    "speed": 0.009331990607287398,
    "if_vehicle": true,
    "motion_state": false,
    "pose": [
      [
        -0.06952784200405648,
        -0.9974867854869083,
        -0.013637887125711935,
        9.964087900313643
      ],
      [
        0.9975663190036881,
        -0.06959201763526933,
        0.004288387912093324,
        -34.17621676841168
      ],
      [
        -0.005226698354715241,
        -0.01330653450178011,
        0.9998978036598849,
        1.1387823147115625
      ],
      [
        0.0,
        0.0,
        0.0,
        1.0
      ]
    ],
    "location": [
      9.964087900313643,
      -34.17621676841168,
      1.1387823147115625
    ],
    "rotation": [
      -0.013307108993739006,
      0.005226722152492674,
      1.6403812606909334
    ]
  },
  {
    "label_id": "ZSvYH6nbj5WT83yRrAyqOQ",
    "size": [
      1.7833104792114685,
      4.237803260858649,
      1.3700000000000045
    ],
    "obj_class": "vehicle",
    "point_num_in_lidar": 357,
    "speed": 0.0056178623393113684,
    "if_vehicle": true,
    "motion_state": false,
    "pose": [
      [
        0.09736152677308639,
        0.9951556366414049,
        -0.013637887125711935,
        -14.863180783925145
      ],
      [
        -0.9952333466384131,
        0.09742789881763768,
        0.004288387912093324,
        -54.30801394943387
      ],
      [
        0.0055963240897947625,
        0.01315535605068256,
        0.9998978036598849,
        2.672526208118285
      ],
      [
        0.0,
        0.0,
        0.0,
        1.0
      ]
    ],
    "location": [
      -14.863180783925145,
      -54.30801394943387,
      2.672526208118285
    ],
    "rotation": [
      0.013155941559930879,
      -0.005596353301939353,
      -1.4732787888975463
    ]
  },
  {
    "label_id": "bHpaedxqOe2u_jKwEQsk3A",
    "size": [
      1.0814627133276473,
      0.08800643864016114,
      1.1074324324324039
    ],
    "obj_class": "sign",
    "point_num_in_lidar": 85,
    "speed": 0.009248275721387677,
    "if_vehicle": false,
    "motion_state": false,
    "pose": [
      [
        -0.9984427980789937,
        0.05409239317072518,
        -0.013637887125711935,
        28.199365074249272
      ],
      [
        -0.054155331060610316,
        -0.9985233146235651,
        0.004288387912093324,
        -53.383891806209704
      ],
      [
        -0.013385779092218388,
        0.005020274318458757,
        0.9998978036598849,
        3.761558980349662
      ],
      [
        0.0,
        0.0,
        0.0,
        1.0
      ]
    ],
    "location": [
      28.199365074249272,
      -53.383891806209704,
      3.761558980349662
    ],
    "rotation": [
      0.005020745236680272,
      0.013386178866387976,
      -3.087405956872543
    ]
  },
  {
    "label_id": "dO3XeoHjmd8frfTyHWTKiA",
    "size": [
      0.7686596977191184,
      0.09465907462909492,
      0.3428215271210604
    ],
    "obj_class": "sign",
    "point_num_in_lidar": 34,
    "speed": 1.0048591735576161e-13,
    "if_vehicle": false,
    "motion_state": false,
    "pose": [
      [
        -0.9968093270816186,
        0.07864587387674671,
        -0.013637887125711935,
        -7.057772628845669
      ],
      [
        -0.07871077407305345,
        -0.9968882704565925,
        0.004288387912093324,
        -56.29109050027705
      ],
      [
        -0.013258185694564141,
        0.00534815372130441,
        0.9998978036598849,
        3.15014486785833
      ],
      [
        0.0,
        0.0,
        0.0,
        1.0
      ]
    ],
    "location": [
      -7.057772628845669,
      -56.29109050027705,
      3.15014486785833
    ],
    "rotation": [
      0.0053486493335111115,
      0.013258574144806978,
      -3.062793437838516
    ]
  },
  {
    "label_id": "lOvlYgibjIeJQY-GUu_iZw",
    "size": [
      1.979204128570864,
      4.374703024899077,
      1.6158927815274922
    ],
    "obj_class": "vehicle",
    "point_num_in_lidar": 772,
    "speed": 2.0231064487317383,
    "if_vehicle": true,
    "motion_state": true,
    "pose": [
      [
        -0.998703356569331,
        0.04904705507875376,
        -0.013637887125711935,
        20.10893218604042
      ],
      [
        -0.049109585354212566,
        -0.9987841900808467,
        0.004288387912093324,
        -46.7303255015097
      ],
      [
        -0.013410973249144696,
        0.004952578383930214,
        0.9998978036598849,
        0.8216926479703943
      ],
      [
        0.0,
        0.0,
        0.0,
        1.0
      ]
    ],
    "location": [
      20.10893218604042,
      -46.7303255015097,
      0.8216926479703943
    ],
    "rotation": [
      0.004953044066890059,
      0.013411375285002696,
      -3.0924588845480208
    ]
  },
  {
    "label_id": "n-P7bAYuQSI8-nxyURdrbA",
    "size": [
      2.039127068439986,
      4.482764801241222,
      1.8430551491647122
    ],
    "obj_class": "vehicle",
    "point_num_in_lidar": 131,
    "speed": 0.0017455652155200115,
    "if_vehicle": true,
    "motion_state": false,
    "pose": [
      [
        -0.06725680989159426,
        -0.9976424858424747,
        -0.013637887125711935,
        13.419690812351291
      ],
      [
        0.9977221652536901,
        -0.06732080429260943,
        0.004288387912093324,
        -76.23523366750328
      ],
      [
        -0.005196391507032354,
        -0.013318398982005663,
        0.9998978036598849,
        0.618969543994524
      ],
      [
        0.0,
        0.0,
        0.0,
        1.0
      ]
    ],
    "location": [
      13.419690812351291,
      -76.23523366750328,
      0.618969543994524
    ],
    "rotation": [
      -0.013318972583678586,
      0.005196414893230213,
      1.6381048560985825
    ]
  },
  {
    "label_id": "ok9rVj3OHGAFI-2PL5Wovg",
    "size": [
      2.1956561545086646,
      4.543018653385836,
      1.7759030005318266
    ],
    "obj_class": "vehicle",
    "point_num_in_lidar": 153,
    "speed": 0.015507840922064744,
    "if_vehicle": true,
    "motion_state": false,
    "pose": [
      [
        -0.998510211982557,
        0.052833366363460275,
        -0.013637887125711935,
        30.329948855267503
      ],
      [
        -0.05289620267618633,
        -0.9985908078244838,
        0.004288387912093324,
        -43.323151286738494
      ],
      [
        -0.013392098752215547,
        0.005003391564644351,
        0.9998978036598849,
        0.25951602811989005
      ],
      [
        0.0,
        0.0,
        0.0,
        1.0
      ]
    ],
    "location": [
      30.329948855267503,
      -43.323151286738494,
      0.25951602811989005
    ],
    "rotation": [
      0.005003861181522593,
      0.013392499092904084,
      -3.0886670017558253
    ]
  },
  {
    "label_id": "oqQJJ1ZiQdF_EpbbOCdUiA",
    "size": [
      1.9349192274207259,
      4.354607322978385,
      2.023099572706599
    ],
    "obj_class": "vehicle",
    "point_num_in_lidar": 200,
    "speed": 0.007352802856351195,
    "if_vehicle": true,
    "motion_state": false,
    "pose": [
      [
        0.12007678936525502,
        0.9926709287021951,
        -0.013637887125711935,
        1.3291388142502
      ],
      [
        -0.9927471017137637,
        0.12014491985946649,
        0.004288387912093324,
        -68.91535673456292
      ],
      [
        0.005895480867104058,
        0.013024037065513036,
        0.9998978036598849,
        0.9567059453353295
      ],
      [
        0.0,
        0.0,
        0.0,
        1.0
      ]
    ],
    "location": [
      1.3291388142502,
      -68.91535673456292,
      0.9567059453353295
    ],
    "rotation": [
      0.013024631656517243,
      -0.005895515018876268,
      -1.4504269937464476
    ]
  },
  {
    "label_id": "p6iRJjcLly4-iM5zuK3Gog",
    "size": [
      2.1272598187990606,
      4.479459850471301,
      1.8430551491647122
    ],
    "obj_class": "vehicle",
    "point_num_in_lidar": 31,
    "speed": 0.006864804411831602,
    "if_vehicle": true,
    "motion_state": false,
    "pose": [
      [
        -0.06725680989154108,
        -0.9976424858424783,
        -0.013637887125711935,
        15.259342016534447
      ],
      [
        0.9977221652536936,
        -0.06732080429255625,
        0.004288387912093324,
        -96.59092811499386
      ],
      [
        -0.005196391507031645,
        -0.01331839898200594,
        0.9998978036598849,
        0.450268186932135
      ],
      [
        0.0,
        0.0,
        0.0,
        1.0
      ]
    ],
    "location": [
      15.259342016534447,
      -96.59092811499386,
      0.450268186932135
    ],
    "rotation": [
      -0.013318972583678864,
      0.005196414893229503,
      1.6381048560985292
    ]
  },
  {
    "label_id": "q_7E83MEyayUrGb4ZRKhVw",
    "size": [
      2.1856928474832724,
      4.602840353629162,
      1.8461367669710853
    ],
    "obj_class": "vehicle",
    "point_num_in_lidar": 360,
    "speed": 0.005543615358718711,
    "if_vehicle": true,
    "motion_state": false,
    "pose": [
      [
        -0.9985102119825775,
        0.05283336636306984,
        -0.013637887125711935,
        24.235892049347967
      ],
      [
        -0.05289620267579586,
        -0.9985908078245045,
        0.004288387912093324,
        -43.732360047140446
      ],
      [
        -0.013392098752217503,
        0.0050033915646391135,
        0.9998978036598849,
        0.6544424026036779
      ],
      [
        0.0,
        0.0,
        0.0,
        1.0
      ]
    ],
    "location": [
      24.235892049347967,
      -43.732360047140446,
      0.6544424026036779
    ],
    "rotation": [
      0.005003861181517355,
      0.013392499092906041,
      -3.0886670017562166
    ]
  },
  {
    "label_id": "thTxgts9V3NUocBGo149Iw",
    "size": [
      1.7833104792116876,
      4.237803260858649,
      1.8400000000000034
    ],
    "obj_class": "vehicle",
    "point_num_in_lidar": 732,
    "speed": 0.010066246012247582,
    "if_vehicle": true,
    "motion_state": false,
    "pose": [
      [
        0.11486437985704313,
        0.9932875627303521,
        -0.013637887125711935,
        -12.44667878929613
      ],
      [
        -0.9933640923249022,
        0.11493210956316184,
        0.004288387912093324,
        -53.65547625068211
      ],
      [
        0.005827033514587839,
        0.013054804347753265,
        0.9998978036598849,
        2.3714418913495194
      ],
      [
        0.0,
        0.0,
        0.0,
        1.0
      ]
    ],
    "location": [
      -12.44667878929613,
      -53.65547625068211,
      2.3714418913495194
    ],
    "rotation": [
      0.013055396851412559,
      -0.005827066490584723,
      -1.4556758888598809
    ]
  },
  {
    "label_id": "uBir3bCA9zjgSvn3mrQnLw",
    "size": [
      1.9349192274197788,
      4.386029500164433,
      1.8845223797346762
    ],
    "obj_class": "vehicle",
    "point_num_in_lidar": 116,
    "speed": 0.008196429845535869,
    "if_vehicle": true,
    "motion_state": false,
    "pose": [
      [
        0.14482625406559396,
        0.9893631103735748,
        -0.013637887125711935,
        2.595625318715065
      ],
      [
        -0.9894375584222964,
        0.14489626535021632,
        0.004288387912093324,
        -83.09307353259032
      ],
      [
        0.006218851714980547,
        0.012872766582414635,
        0.9998978036598849,
        0.7319176170511241
      ],
      [
        0.0,
        0.0,
        0.0,
        1.0
      ]
    ],
    "location": [
      2.595625318715065,
      -83.09307353259032,
      0.7319176170511241
    ],
    "rotation": [
      0.012873371078538032,
      -0.0062188918004442845,
      -1.4254561233497443
    ]
  },
  {
    "label_id": "vI6mYZKIhXXxN2zXqh0BHQ",
    "size": [
      2.044241693002121,
      4.494323398328529,
      2.0376365776496073
    ],
    "obj_class": "vehicle",
    "point_num_in_lidar": 639,
    "speed": 0.01062714836901471,
    "if_vehicle": true,
    "motion_state": false,
    "pose": [
      [
        0.9964024671725967,
        -0.08364288043287813,
        -0.013637887125711935,
        22.291324881410674
      ],
      [
        0.08370817563492215,
        0.9964810841461009,
        0.004288387912093324,
        -52.32950294516877
      ],
      [
        0.013231203431110556,
        -0.005414562946611267,
        0.9998978036598849,
        0.8377786323306111
      ],
      [
        0.0,
        0.0,
        0.0,
        1.0
      ]
    ],
    "location": [
      22.291324881410674,
      -52.32950294516877,
      0.8377786323306111
    ],
    "rotation": [
      -0.005415063422587054,
      -0.013231589514400736,
      0.0838135971409986
    ]
  }
]