[
  {
    "label_id": "--3U76-QSEsoIV2yw85NbA",
    "size": [
      2.095077739877521,
      4.5879115876853405,
      1.4773743328262299
    ],
    "obj_class": "vehicle",
    "point_num_in_lidar": 3612,
    "speed": 0.08281418389576557,
    "if_vehicle": true,
    "motion_state": false,
    "pose": [
      [
        -0.12515963890131804,
        -0.9920240070908459,
        -0.014947713721933315,
        9.286680353298834
      ],
      [
        0.992099869952958,
        -0.1252704663527044,
        0.006719992492537042,
        -22.856082650504277
      ],
      [
        -0.008538900948920302,
        -0.013988553005838584,
        0.9998656947587448,
        0.7571400657110701
      ],
      [
        0.0,
        0.0,
        0.0,
        1.0
      ]
    ],
    "location": [
      9.286680353298834,
      -22.856082650504277,
      0.7571400657110701
    ],
    "rotation": [
      -0.013989519308746692,
      0.008539004718229803,
      1.6962896597716353
    ]
  },
  {
    "label_id": "-9n3l1ftnrh3erkNAgxskg",
    "size": [
      1.8088870024089772,
      4.249731073787269,
      1.4199999999999875
    ],
    "obj_class": "vehicle",
    "point_num_in_lidar": 304,
    "speed": 0.012496746832684594,
    "if_vehicle": true,
    "motion_state": false,
    "pose": [
      [
        0.11486222905075989,
        0.9932689636709574,
        -0.014947713721933315,
        -10.034149159736444
      ],
      [
        -0.9933459721102669,
        0.11497226358217508,
        0.006719992492537042,
        -53.30979053805413
      ],
      [
        0.008393332460927895,
        0.01407637790104265,
        0.9998656947587448,
        1.697860548351855
      ],
      [
        0.0,
        0.0,
        0.0,
        1.0
      ]
    ],
    "location": [
      -10.034149159736444,
      -53.30979053805413,
      1.697860548351855
    ],
    "rotation": [
      0.014077338703651913,
      -0.008393431013008075,
      -1.455675944029275
    ]
  },
  {
    "label_id": "0PN740DVxEn0FbdlDATsZQ",
    "size": [
      0.619020386999132,
      0.07382364213187018,
      0.46999999999999886
    ],
    "obj_class": "sign",
    "point_num_in_lidar": 27,
    "speed": 0.008123715128788114,
    "if_vehicle": false,
    "motion_state": false,
    "pose": [
      [
        0.9426235093698153,
        -0.33352284095369045,
        -0.014947713721933315,
        -6.442525977289279
      ],
      [
        0.3336472804232724,
        0.9426740337821204,
        0.006719992492537042,
        -44.01947091727425
      ],
      [
        0.011849550602776808,
        -0.011321686938122761,
        0.9998656947587448,
        2.6782639593903355
      ],
      [
        0.0,
        0.0,
        0.0,
        1.0
      ]
    ],
    "location": [
      -6.442525977289279,
      -44.01947091727425,
      2.6782639593903355
    ],
    "rotation": [
      -0.01132272380634177,
      -0.011849827923185704,
      0.3401947708123515
    ]
  },
  {
    "label_id": "0XEOOu0aPfh0jy49JW5Xmw",
    "size": [
      1.8428869658624467,
      4.670595546022981,
      1.6080087281538908
    ],
    "obj_class": "vehicle",
    "point_num_in_lidar": 369,
    "speed": 0.0016564033146854286,
    "if_vehicle": true,
    "motion_state": false,
    "pose": [
      [
        0.03368392571299546,
        0.999320748810435,
        -0.014947713721933315,
        -7.486127027001203
      ],
      [
        -0.999406452822361,
        0.03378733132294203,
        0.006719992492537042,
        -53.577537114997995
      ],
      [
        0.007220471285686066,
        0.014712485820731001,
        0.9998656947587448,
        1.2848806447668153
      ],
      [
        0.0,
        0.0,
        0.0,
        1.0
      ]
    ],
    "location": [
      -7.486127027001203,
      -53.577537114997995,
      1.2848806447668153
    ],
    "rotation": [
      0.01471340021886492,
      -0.007220534027283868,
      -1.5371051495665917
    ]
  },
  {
    "label_id": "1PJMXh_QRnuK0Be6MrKRjw",
    "size": [
      1.0968769281253266,
      1.1237519986293447,
      1.6599999999999966
    ],
    "obj_class": "pedestrian",
    "point_num_in_lidar": 75,
    "speed": 1.4461740300363528,
    "if_vehicle": false,
    "motion_state": true,
    "pose": [
      [
        -0.1338640271851205,
        -0.9908869703857592,
        -0.014947713721933315,
        -4.438915798884409
      ],
      [
        0.9909618573440301,
        -0.1339755163832949,
        0.006719992492537042,
        -58.50716795329049
      ],
      [
        -0.008661380666590755,
        -0.0139130488952291,
        0.9998656947587448,
        1.2536842946230422
      ],
      [
        0.0,
        0.0,
        0.0,
        1.0
      ]
    ],
    "location": [
      -4.438915798884409,
      -58.50716795329049,
      1.2536842946230422
    ],
    "rotation": [
      -0.013914019754250185,
      0.008661488965676388,
      1.70506847759046
    ]
  },
  {
    "label_id": "2Cz4S0_K-vtB5MmfFWn30w",
    "size": [
      2.0354224153175435,
      4.51469033328051,
      1.9641317074623146
    ],
    "obj_class": "vehicle",
    "point_num_in_lidar": 230,
    "speed": 1.2809491335957507e-13,
    "if_vehicle": true,
    "motion_state": false,
    "pose": [
      [
        -0.0818314543880886,
        -0.9965340831738859,
        -0.014947713721933315,
        12.079111073830518
      ],
      [
        0.9966147013288138,
        -0.08193887231454715,
        0.006719992492537042,
        -61.328122038929905
      ],
      [
        -0.007921500363541695,
        -0.014347204487391841,
        0.9998656947587448,
        0.9439264154131592
      ],
      [
        0.0,
        0.0,
        0.0,
        1.0
      ]
    ],
    "location": [
      12.079111073830518,
      -61.328122038929905,
      0.9439264154131592
    ],
    "rotation": [
      -0.014348146955468467,
      0.007921583211794267,
      1.6527219629042698
    ]
  },
  {
    "label_id": "8urfTofpA8JqmNQ99FVdxw",
    "size": [
      0.8290984996345692,
      0.07241923128280195,
      0.8481025854576956
    ],
    "obj_class": "sign",
    "point_num_in_lidar": 114,
    "speed": 0.02190666477546451,
    "if_vehicle": false,
    "motion_state": false,
    "pose": [
      [
        0.007956279698845835,
        -0.9998566214552168,
        -0.014947713721933315,
        -2.754830482543639
      ],
      [
        0.999946556871497,
        0.007856532424561571,
        0.006719992492537042,
        -36.83619731030012
      ],
      [
        -0.006601591792263075,
        -0.015000381009192819,
        0.9998656947587448,
        3.0062747421456493
      ],
      [
        0.0,
        0.0,
        0.0,
        1.0
      ]
    ],
    "location": [
      -2.754830482543639,
      -36.83619731030012,
      3.0062747421456493
    ],
    "rotation": [
      -0.015001270522400995,
      0.00660163974388108,
      1.5628397897692197
    ]
  },
  {
    "label_id": "APG5BmGXRH0wLko7A9ofyA",
    "size": [
      0.7873702766811221,
      0.9066863818395781,
      1.7700000000000102
    ],
    "obj_class": "pedestrian",
    "point_num_in_lidar": 69,
    "speed": 1.1199142858208386,
    "if_vehicle": false,
    "motion_state": true,
    "pose": [
      [
        -0.06707092186290513,
        -0.9976362349548792,
        -0.014947713721933315,
        15.572865279212238
      ],
      [
        0.9977184343704008,
        -0.06717713463952144,
        0.006719992492537042,
        -46.93906652890132
      ],
      [
        -0.007708252586431045,
        -0.014462893440678004,
        0.9998656947587448,
        1.1387165774925734
      ],
      [
        0.0,
        0.0,
        0.0,
        1.0
      ]
    ],
    "location": [
      15.572865279212238,
      -46.93906652890132,
      1.1387165774925734
    ],
    "rotation": [
      -0.01446382743756758,
      0.0077083289222156645,
      1.637919634414933
    ]
  },
  {
    "label_id": "Dh9hqZe6xlb1umyJ5aRbsQ",
    "size": [
      0.4289871612887927,
      0.03500187320786129,
      0.5200000000000102
    ],
    "obj_class": "sign",
    "point_num_in_lidar": 98,
    "speed": 0.01213478475119052,
    "if_vehicle": false,
    "motion_state": false,
    "pose": [
      [
        -0.04598001708420125,
        -0.9988305180977519,
        -0.014947713721933315,
        -3.2950519279488617
      ],
      [
        0.9989149430059271,
        -0.04608446962226636,
        0.006719992492537042,
        -33.05530667201788
      ],
      [
        -0.007400991041874547,
        -0.014622509231001377,
        0.9998656947587448,
        1.6479485119921833
      ],
      [
        0.0,
        0.0,
        0.0,
        1.0
      ]
    ],
    "location": [
      -3.2950519279488617,
      -33.05530667201788,
      1.6479485119921833
    ],
    "rotation": [
      -0.014623430904037383,
      0.007401058608011666,
      1.6167938215013329
    ]
  },
  {
    "label_id": "H1tav3xjofg6y0L4ChXbOQ",
    "size": [
      1.934919227420468,
      4.302774069524423,
      1.7321937601380455
    ],
    "obj_class": "vehicle",
    "point_num_in_lidar": 193,
    "speed": 0.012734774888386266,
    "if_vehicle": true,
    "motion_state": false,
    "pose": [
      [
        0.10138724721139743,
        0.9947347344681304,
        -0.014947713721933315,
        0.8163547552671844
      ],
      [
        -0.9948132274237131,
        0.10149622773145733,
        0.006719992492537042,
        -62.06696051548556
      ],
      [
        0.008201746503677639,
        0.014188861790222619,
        0.9998656947587448,
        0.9881229624324135
      ],
      [
        0.0,
        0.0,
        0.0,
        1.0
      ]
    ],
    "location": [
      0.8163547552671844,
      -62.06696051548556,
      0.9881229624324135
    ],
    "rotation": [
      0.01418981523083999,
      -0.008201838459857889,
      -1.4692311436488479
    ]
  },
  {
    "label_id": "H4ZJVyQIKvT6bqNH6t4Dbg",
    "size": [
      2.010142973308689,
      4.442158084755917,
      1.773055149164719
    ],
    "obj_class": "vehicle",
    "point_num_in_lidar": 44,
    "speed": 0.0062498961707845024,
    "if_vehicle": true,
    "motion_state": false,
    "pose": [
      [
        -0.08183145438803505,
        -0.9965340831738903,
        -0.014947713721933315,
        12.858331351013021
      ],
      [
        0.9966147013288182,
        -0.0819388723144936,
        0.006719992492537042,
        -67.477263830418
      ],
      [
        -0.007921500363540925,
        -0.014347204487392266,
        0.9998656947587448,
        0.811307194569963
      ],
      [
        0.0,
        0.0,
        0.0,
        1.0
      ]
    ],
    "location": [
      12.858331351013021,
      -67.477263830418,
      0.811307194569963
    ],
    "rotation": [
      -0.014348146955468892,
      0.007921583211793497,
      1.652721962904216
    ]
  },
  {
    "label_id": "LjhBYT85_Si4U-7ahKCHRw",
    "size": [
      0.76053740548238,
      0.8583638543344657,
      1.7199999999999989
    ],
    "obj_class": "pedestrian",
    "point_num_in_lidar": 51,
    "speed": 3.7765864436546257e-13,
    "if_vehicle": false,
    "motion_state": false,
    "pose": [
      [
        0.12093246422637555,
        0.9925481877222,
        -0.014947713721933315,
        -1.0936797521922017
      ],
      [
        -0.9926245220227495,
        0.12104296749505224,
        0.006719992492537042,
        -58.2747635765802
      ],
      [
        0.008479231996143751,
        0.014024801936861704,
        0.9998656947587448,
        1.2767673484955822
      ],
      [
        0.0,
        0.0,
        0.0,
        1.0
      ]
    ],
    "location": [
      -1.0936797521922017,
      -58.2747635765802,
      1.2767673484955822
    ],
    "rotation": [
      0.014025765995801413,
      -0.008479333605185328,
      -1.4495627598375644
    ]
  },
  {
    "label_id": "T2aPKhW4G4-JDmrDwr2Oug",
    "size": [
      2.127259818799059,
      4.479459850471301,
      1.8430551491647122
    ],
    "obj_class": "vehicle",
    "point_num_in_lidar": 21,
    "speed": 0.043430667391105085,
    "if_vehicle": true,
    "motion_state": false,
    "pose": [
      [
        -0.06725555052472416,
        -0.9976238052382789,
        -0.014947713721933315,
        13.650670918219475
      ],
      [
        0.9977059849958846,
        -0.06736177851194268,
        0.006719992492537042,
        -82.1790330588949
      ],
      [
        -0.007710929062574268,
        -0.014461466647770387,
        0.9998656947587448,
        0.5143263323021756
      ],
      [
        0.0,
        0.0,
        0.0,
        1.0
      ]
    ],
    "location": [
      13.650670918219475,
      -82.1790330588949,
      0.5143263323021756
    ],
    "rotation": [
      -0.014462400751486658,
      0.007711005477904348,
      1.6381046878255907
    ]
  },
  {
    "label_id": "U274uuUDtmNBxMLLEvdXXw",
    "size": [
      2.083438273100145,
      5.033652962736186,
      1.740000000000009
    ],
    "obj_class": "vehicle",
    "point_num_in_lidar": 1937,
    "speed": 0.014221360521379392,
    "if_vehicle": true,
    "motion_state": false,
    "pose": [
      [
        -0.0695265401127332,
        -0.9974681077981589,
        -0.014947713721933315,
        9.94679407905096
      ],
      [
        0.9975500455069882,
        -0.06963295491292763,
        0.006719992492537042,
        -34.139446673550765
      ],
      [
        -0.0077438316715994875,
        -0.01444387467595037,
        0.9998656947587448,
        1.1871368025316826
      ],
      [
        0.0,
        0.0,
        0.0,
        1.0
      ]
    ],
    "location": [
      9.94679407905096,
      -34.139446673550765,
      1.1871368025316826
    ],
    "rotation": [
      -0.014444810091974365,
      0.007743909069322045,
      1.6403810934218055
    ]
  },
  {
    "label_id": "bHpaedxqOe2u_jKwEQsk3A",
    "size": [
      1.0814627133276524,
      0.08800643864016114,
      1.1074324324324039
    ],
    "obj_class": "sign",
    "point_num_in_lidar": 30,
    "speed": 0.018853540454715656,
    "if_vehicle": false,
    "motion_state": false,
    "pose": [
      [
        -0.9984241024891528,
        0.054091380304229525,
        -0.014947713721933315,
        28.192282225940744
      ],
      [
        -0.05419651512780835,
        -0.9985076762093026,
        0.006719992492537042,
        -53.41705133041182
      ],
      [
        -0.014561913223574153,
        0.007519516465952047,
        0.9998656947587448,
        3.8284721016850654
      ],
      [
        0.0,
        0.0,
        0.0,
        1.0
      ]
    ],
    "location": [
      28.192282225940744,
      -53.41705133041182,
      3.8284721016850654
    ],
    "rotation": [
      0.007520384734111601,
      0.014562427913313383,
      -3.0873638162280694
    ]
  },
  {
    "label_id": "iogkkV5oEXjr0DfbLfwc_g",
    "size": [
      2.2028977633912055,
      4.770608925036843,
      2.0027315778669106
    ],
    "obj_class": "vehicle",
    "point_num_in_lidar": 1450,
    "speed": 0.005434678781251726,
    "if_vehicle": true,
    "motion_state": false,
    "pose": [
      [
        0.9984292234590243,
        -0.05399677395453107,
        -0.014947713721933315,
        16.15650159816323
      ],
      [
        0.054101900858573984,
        0.9985128071408945,
        0.006719992492537042,
        -13.420662389404242
      ],
      [
        0.014562625673230436,
        -0.007518136611820614,
        0.9998656947587448,
        1.1318678670209579
      ],
      [
        0.0,
        0.0,
        0.0,
        1.0
      ]
    ],
    "location": [
      16.15650159816323,
      -13.420662389404242,
      1.1318678670209579
    ],
    "rotation": [
      -0.0075190047726676115,
      -0.014563140438522608,
      0.054134074560647526
    ]
  },
  {
    "label_id": "lOvlYgibjIeJQY-GUu_iZw",
    "size": [
      1.9792041285706734,
      4.374703024899077,
      1.6158927815274922
    ],
    "obj_class": "vehicle",
    "point_num_in_lidar": 188,
    "speed": 0.012011131080491151,
    "if_vehicle": true,
    "motion_state": false,
    "pose": [
      [
        -0.9994635345837902,
        0.029141188921587104,
        -0.014947713721933315,
        22.511890436413978
      ],
      [
        -0.029244203897720374,
        -0.9995497077380837,
        0.006719992492537042,
        -46.59898032878641
      ],
      [
        -0.014745154311334321,
        0.007153521436856577,
        0.9998656947587448,
        0.7939886949942263
      ],
      [
        0.0,
        0.0,
        0.0,
        1.0
      ]
    ],
    "location": [
      22.511890436413978,
      -46.59898032878641,
      0.7939886949942263
    ],
    "rotation": [
      0.007154360253830224,
      0.014745688677816667,
      -3.112341098688459
    ]
  },
  {
    "label_id": "n-P7bAYuQSI8-nxyURdrbA",
    "size": [
      2.039127068439987,
      4.482764801241222,
      1.8430551491647122
    ],
    "obj_class": "vehicle",
    "point_num_in_lidar": 35,
    "speed": 0.03330187358121666,
    "if_vehicle": true,
    "motion_state": false,
    "pose": [
      [
        -0.06725555052477022,
        -0.9976238052382758,
        -0.014947713721933315,
        13.423427030994844
      ],
      [
        0.9977059849958814,
        -0.06736177851198875,
        0.006719992492537042,
        -76.38082161678653
      ],
      [
        -0.007710929062574936,
        -0.014461466647770031,
        0.9998656947587448,
        0.618969543994524
      ],
      [
        0.0,
        0.0,
        0.0,
        1.0
      ]
    ],
    "location": [
      13.423427030994844,
      -76.38082161678653,
      0.618969543994524
    ],
    "rotation": [
      -0.014462400751486302,
      0.007711005477905016,
      1.638104687825637
    ]
  },
  {
    "label_id": "oqQJJ1ZiQdF_EpbbOCdUiA",
    "size": [
      1.9349192274207259,
      4.354607322978385,
      2.023099572706599
    ],
    "obj_class": "vehicle",
    "point_num_in_lidar": 74,
    "speed": 0.007352802918202737,
    "if_vehicle": true,
    "motion_state": false,
    "pose": [
      [
        0.12007454095763334,
        0.99265234118915,
        -0.014947713721933315,
        1.3330142235859057
      ],
      [
        -0.9927287709712439,
        0.12018497820786041,
        0.006719992492537042,
        -68.95487262218307
      ],
      [
        0.008467106928418297,
        0.014032125458224732,
        0.9998656947587448,
        0.9646470388920534
      ],
      [
        0.0,
        0.0,
        0.0,
        1.0
      ]
    ],
    "location": [
      1.3330142235859057,
      -68.95487262218307,
      0.9646470388920534
    ],
    "rotation": [
      0.014033089059333894,
      -0.008467208102179163,
      -1.4504270247515392
    ]
  },
  {
    "label_id": "pxzIPoe5IyVfwLpzTCcemA",
    "size": [
      2.044739604225162,
      4.48285159952707,
      1.5777416500542643
    ],
    "obj_class": "vehicle",
    "point_num_in_lidar": 4265,
    "speed": 0.06615139954560566,
    "if_vehicle": true,
    "motion_state": false,
    "pose": [
      [
        0.09856514324048751,
        0.9950183306816358,
        -0.014947713721933315,
        -2.26335996856551
      ],
      [
        -0.995097132459018,
        0.09867390066648701,
        0.006719992492537042,
        -21.76263202266182
      ],
      [
        0.008161464931106465,
        0.014212070038912243,
        0.9998656947587448,
        0.8825158472100725
      ],
      [
        0.0,
        0.0,
        0.0,
        1.0
      ]
    ],
    "location": [
      -2.26335996856551,
      -21.76263202266182,
      0.8825158472100725
    ],
    "rotation": [
      0.01421302191597636,
      -0.008161555539018813,
      -1.4720675880303842
    ]
  },
  {
    "label_id": "q_7E83MEyayUrGb4ZRKhVw",
    "size": [
      2.1856928474832693,
      4.602840353629162,
      1.8461367669710853
    ],
    "obj_class": "vehicle",
    "point_num_in_lidar": 32,
    "speed": 0.005543615358369002,
    "if_vehicle": true,
    "motion_state": false,
    "pose": [
      [
        -0.9984915151304251,
        0.052832377071594695,
        -0.014947713721933315,
        24.242967235271863
      ],
      [
        -0.05293740642953063,
        -0.9985752213536119,
        0.006719992492537042,
        -43.761447712312474
      ],
      [
        -0.014571383361325982,
        0.007501148682028648,
        0.9998656947587448,
        0.6544424026037063
      ],
      [
        0.0,
        0.0,
        0.0,
        1.0
      ]
    ],
    "location": [
      24.242967235271863,
      -43.761447712312474,
      0.6544424026037063
    ],
    "rotation": [
      0.007502015519363385,
      0.014571899055946374,
      -3.0886248621423555
    ]
  },
  {
    "label_id": "thTxgts9V3NUocBGo149Iw",
    "size": [
      1.7833104792116903,
      4.237803260858649,
      1.8400000000000034
    ],
    "obj_class": "vehicle",
    "point_num_in_lidar": 23,
    "speed": 0.010066246012194111,
    "if_vehicle": true,
    "motion_state": false,
    "pose": [
      [
        0.11486222905046832,
        0.9932689636709912,
        -0.014947713721933315,
        -12.479954262477804
      ],
      [
        -0.9933459721103006,
        0.11497226358188349,
        0.006719992492537042,
        -53.6984594450189
      ],
      [
        0.00839333246092376,
        0.014076377901045113,
        0.9998656947587448,
        2.334207586386782
      ],
      [
        0.0,
        0.0,
        0.0,
        1.0
      ]
    ],
    "location": [
      -12.479954262477804,
      -53.6984594450189,
      2.334207586386782
    ],
    "rotation": [
      0.014077338703654376,
      -0.00839343101300394,
      -1.4556759440295686
    ]
  },
  {
    "label_id": "uBir3bCA9zjgSvn3mrQnLw",
    "size": [
      1.9349192274197797,
      4.386029500164433,
      1.8845223797346762
    ],
    "obj_class": "vehicle",
    "point_num_in_lidar": 53,
    "speed": 0.008196429845746209,
    "if_vehicle": true,
    "motion_state": false,
    "pose": [
      [
        0.14482354223047852,
        0.9893445847985948,
        -0.014947713721933315,
        2.6029103670680342
      ],
      [
        -0.9894182331418694,
        0.14493585349154137,
        0.006719992492537042,
        -83.13673097531546
      ],
      [
        0.008814847828414362,
        0.013816327383734301,
        0.9998656947587448,
        0.7584742720463566
      ],
      [
        0.0,
        0.0,
        0.0,
        1.0
      ]
    ],
    "location": [
      2.6029103670680342,
      -83.13673097531546,
      0.7584742720463566
    ],
    "rotation": [
      0.0138173038475327,
      -0.008814961986951184,
      -1.4254560077265588
    ]
  },
  {
    "label_id": "vI6mYZKIhXXxN2zXqh0BHQ",
    "size": [
      2.044241693002114,
      4.494323398328529,
      2.0376365776496073
    ],
    "obj_class": "vehicle",
    "point_num_in_lidar": 68,
    "speed": 0.005968061642084386,
    "if_vehicle": true,
    "motion_state": false,
    "pose": [
      [
        0.9963838097874345,
        -0.08364131424101712,
        -0.014947713721933315,
        22.293477410208197
      ],
      [
        0.08374887841623833,
        0.996464232707287,
        0.006719992492537042,
        -52.287203949565765
      ],
      [
        0.014332793080888901,
        -0.007947545980555946,
        0.9998656947587448,
        0.9061330847527245
      ],
      [
        0.0,
        0.0,
        0.0,
        1.0
      ]
    ],
    "location": [
      22.293477410208197,
      -52.287203949565765,
      0.9061330847527245
    ],
    "rotation": [
      -0.007948446128346708,
      -0.014333283854715653,
      0.08385572328278001
    ]
  },
  {
    "label_id": "vyRXlUjkcqmSafqFWVeyfw",
    "size": [
      2.264083984207488,
      4.927576127500028,
      1.8239563287957026
    ],
    "obj_class": "vehicle",
    "point_num_in_lidar": 4494,
    "speed": 0.0348256907485343,
    "if_vehicle": true,
    "motion_state": false,
    "pose": [
      [
        -0.09611701182984542,
        -0.9952577987091528,
        -0.014947713721933315,
        9.731430955108408
      ],
      [
        0.9953368678009717,
        -0.0962255750673964,
        0.006719992492537042,
        -28.17316964970405
      ],
      [
        -0.008126477284300293,
        -0.014232104958873056,
        0.9998656947587448,
        1.0570813964840795
      ],
      [
        0.0,
        0.0,
        0.0,
        1.0
      ]
    ],
    "location": [
      9.731430955108408,
      -28.17316964970405,
      1.0570813964840795
    ],
    "rotation": [
      -0.014233055473860895,
      0.00812656673188815,
      1.6670651418303297
    ]
  },
  {
    "label_id": "yz49x2OdjntgcV90xPRffw",
    "size": [
      0.4289871612898776,
      0.03500187320786129,
      0.4900000000000091
    ],
    "obj_class": "sign",
    "point_num_in_lidar": 167,
    "speed": 0.015032276615712993,
    "if_vehicle": false,
    "motion_state": false,
    "pose": [
      [
        -0.046110079032192594,
        -0.998824522359224,
        -0.014947713721933315,
        -3.2824801409315114
      ],
      [
        0.9989089336654358,
        -0.046214542562729645,
        0.006719992492537042,
        -33.03158632330246
      ],
      [
        -0.007402895043633667,
        -0.014621545389785988,
        0.9998656947587448,
        2.1681984348794856
      ],
      [
        0.0,
        0.0,
        0.0,
        1.0
      ]
    ],
    "location": [
      -3.2824801409315114,
      -33.03158632330246,
      2.1681984348794856
    ],
    "rotation": [
      -0.014622467139467455,
      0.007402962661931876,
      1.6169240257683748
    ]
  }
]