[
  {
    "label_id": "-9n3l1ftnrh3erkNAgxskg",
    "size": [
      1.8088870024089778,
      4.249731073787269,
      1.4199999999999875
    ],
    "obj_class": "vehicle",
    "point_num_in_lidar": 845,
    "speed": 0.005546066665055107,
    "if_vehicle": true,
    "motion_state": false,
    "pose": [
      [
        0.11486452984788559,
        0.9932888597707739,
        -0.013541818123870527,
        -10.045714214732925
      ],
      [
        -0.9933640953711024,
        0.11493179888022294,
        0.0042960020609165575,
        -53.323818380348484
      ],
      [
        0.005823556505745947,
        0.012958497653345918,
        0.9998990766713372,
        1.65492294876438
      ],
      [
        0.0,
        0.0,
        0.0,
        1.0
      ]
    ],
    "location": [
      -10.045714214732925,
      -53.323818380348484,
      1.65492294876438
    ],
    "rotation": [
      0.012959080111714049,
      -0.005823589422746811,
      -1.4556757402092193
    ]
  },
  {
    "label_id": "-Pvhejf9atK6w-QFnvLaRQ",
    "size": [
      0.6682886707069489,
      0.5999527252716165,
      1.6500000000000057
    ],
    "obj_class": "pedestrian",
    "point_num_in_lidar": 164,
    "speed": 0.7791975120786931,
    "if_vehicle": false,
    "motion_state": false,
    "pose": [
      [
        0.9401995998635821,
        -0.34035471434704684,
        -0.013541818123870527,
        17.57742450828664
      ],
      [
        0.3404374910784956,
        0.9402573366023111,
        0.0042960020609165575,
        -42.75990589206026
      ],
      [
        0.011270629287625828,
        -0.008649242005418655,
        0.9998990766713372,
        0.9632639593909289
      ],
      [
        0.0,
        0.0,
        0.0,
        1.0
      ]
    ],
    "location": [
      17.57742450828664,
      -42.75990589206026,
      0.9632639593909289
    ],
    "rotation": [
      -0.008649899266690205,
      -0.011270867913796362,
      0.3474051404598846
    ]
  },
  {
    "label_id": "0PN740DVxEn0FbdlDATsZQ",
    "size": [
      0.6190203869991348,
      0.07382364213187018,
      0.46999999999999886
    ],
    "obj_class": "sign",
    "point_num_in_lidar": 119,
    "speed": 0.007323308501067081,
    "if_vehicle": false,
    "motion_state": false,
    "pose": [
      [
        0.9426423909941607,
        -0.3335295217259062,
        -0.013541818123870527,
        -6.461267846820647
      ],
      [
        0.3336118777028433,
        0.9427007263293455,
        0.0042960020609165575,
        -44.02425381851344
      ],
      [
        0.011333038268481635,
        -0.008567305026233069,
        0.9998990766713372,
        2.6570743238069667
      ],
      [
        0.0,
        0.0,
        0.0,
        1.0
      ]
    ],
    "location": [
      -6.461267846820647,
      -44.02425381851344,
      2.6570743238069667
    ],
    "rotation": [
      -0.00856796009047629,
      -0.011333280880838884,
      0.34015509423963997
    ]
  },
  {
    "label_id": "0XEOOu0aPfh0jy49JW5Xmw",
    "size": [
      1.8428869658624438,
      4.670595546022981,
      1.6080087281538908
    ],
    "obj_class": "vehicle",
    "point_num_in_lidar": 881,
    "speed": 0.0016564033147472659,
    "if_vehicle": true,
    "motion_state": false,
    "pose": [
      [
        0.033684600433312936,
        0.9993407661331283,
        -0.013541818123870527,
        -7.486450670333397
      ],
      [
        -0.9994212244138022,
        0.03374552648143198,
        0.0042960020609165575,
        -53.567935398782765
      ],
      [
        0.00475014577297166,
        0.013389271337265037,
        0.9998990766713372,
        1.2412414125362545
      ],
      [
        0.0,
        0.0,
        0.0,
        1.0
      ]
    ],
    "location": [
      -7.486450670333397,
      -53.567935398782765,
      1.2412414125362545
    ],
    "rotation": [
      0.013389822497514161,
      -0.004750163636776763,
      -1.5371049728053394
    ]
  },
  {
    "label_id": "0iA9NWHBXHI4nn_iiYVPiA",
    "size": [
      2.0080332958050358,
      4.764529851649029,
      1.6146687057198505
    ],
    "obj_class": "vehicle",
    "point_num_in_lidar": 117,
    "speed": 0.008897729460713,
    "if_vehicle": true,
    "motion_state": false,
    "pose": [
      [
        0.9968808032724473,
        -0.077751419464729,
        -0.013541818123870527,
        33.64337454005272
      ],
      [
        0.07781583668319927,
        0.9969584945862021,
        0.0042960020609165575,
        -51.33850217231566
      ],
      [
        0.013166610352474446,
        -0.005336369892867285,
        0.9998990766713372,
        0.2151574162213592
      ],
      [
        0.0,
        0.0,
        0.0,
        1.0
      ]
    ],
    "location": [
      33.64337454005272,
      -51.33850217231566,
      0.2151574162213592
    ],
    "rotation": [
      -0.005336857842641558,
      -0.013166990808601108,
      0.07790135100714006
    ]
  },
  {
    "label_id": "0u0RUSPwp0b7ThBZnPiGnA",
    "size": [
      1.9349192274207458,
      4.354607322978385,
      1.623099572706593
    ],
    "obj_class": "vehicle",
    "point_num_in_lidar": 23,
    "speed": 1.0048591735576161e-13,
    "if_vehicle": true,
    "motion_state": false,
    "pose": [
      [
        0.14482644318069515,
        0.9893644022894339,
        -0.013541818123870527,
        1.7016169492044355
      ],
      [
        -0.9894375708550788,
        0.14489595490107293,
        0.0042960020609165575,
        -74.86893014163843
      ],
      [
        0.006212466179387762,
        0.012776608931064254,
        0.9998990766713372,
        0.8582935347459397
      ],
      [
        0.0,
        0.0,
        0.0,
        1.0
      ]
    ],
    "location": [
      1.7016169492044355,
      -74.86893014163843,
      0.8582935347459397
    ],
    "rotation": [
      0.012777203151427488,
      -0.006212506141497195,
      -1.4254559380255936
    ]
  },
  {
    "label_id": "1PJMXh_QRnuK0Be6MrKRjw",
    "size": [
      1.0968769281259643,
      1.1237519986293447,
      1.6599999999999966
    ],
    "obj_class": "pedestrian",
    "point_num_in_lidar": 255,
    "speed": 1.4196771369579864,
    "if_vehicle": false,
    "motion_state": true,
    "pose": [
      [
        -0.007322054411812271,
        -0.999881496318984,
        -0.013541818123870527,
        -5.159574122943468
      ],
      [
        0.9999635331353991,
        -0.007380837734454646,
        0.0042960020609165575,
        -50.08160668767482
      ],
      [
        -0.004395442931060473,
        -0.013509868735379266,
        0.9998990766713372,
        1.213529827071028
      ],
      [
        0.0,
        0.0,
        0.0,
        1.0
      ]
    ],
    "location": [
      -5.159574122943468,
      -50.08160668767482,
      1.213529827071028
    ],
    "rotation": [
      -0.013510410250166813,
      0.0043954570844501,
      1.5781185173675394
    ]
  },
  {
    "label_id": "2Cz4S0_K-vtB5MmfFWn30w",
    "size": [
      2.035422415317543,
      4.51469033328051,
      1.9641317074623146
    ],
    "obj_class": "vehicle",
    "point_num_in_lidar": 508,
    "speed": 1.2809491335957507e-13,
    "if_vehicle": true,
    "motion_state": false,
    "pose": [
      [
        -0.08183309354811773,
        -0.9965540446770786,
        -0.013541818123870527,
        12.079111073829608
      ],
      [
        0.9966314715444797,
        -0.08189782838010846,
        0.0042960020609165575,
        -61.32812203893013
      ],
      [
        -0.005390243726410853,
        -0.013144646985646897,
        0.9998990766713372,
        0.9439264154131877
      ],
      [
        0.0,
        0.0,
        0.0,
        1.0
      ]
    ],
    "location": [
      12.079111073829608,
      -61.32812203893013,
      0.9439264154131877
    ],
    "rotation": [
      -0.013145216518648825,
      0.005390269828762508,
      1.6527222241961081
    ]
  },
  {
    "label_id": "4USvvbsSF6Lj9J0BKmashw",
    "size": [
      2.0595813114844583,
      4.786206074628197,
      1.8546687057198596
    ],
    "obj_class": "vehicle",
    "point_num_in_lidar": 34,
    "speed": 0.0,
    "if_vehicle": true,
    "motion_state": false,
    "pose": [
      [
        0.9968808032724532,
        -0.07775141946465286,
        -0.013541818123870527,
        39.60058153284763
      ],
      [
        0.07781583668312313,
        0.9969584945862081,
        0.0042960020609165575,
        -51.175611963330766
      ],
      [
        0.013166610352474852,
        -0.005336369892866279,
        0.9998990766713372,
        -0.11434545271970364
      ],
      [
        0.0,
        0.0,
        0.0,
        1.0
      ]
    ],
    "location": [
      39.60058153284763,
      -51.175611963330766,
      -0.11434545271970364
    ],
    "rotation": [
      -0.0053368578426405515,
      -0.013166990808601514,
      0.07790135100706368
    ]
  },
  {
    "label_id": "8n9ATSafwSu4xC92lmLX-w",
    "size": [
      2.130486305813451,
      4.600270226436806,
      1.6703842882664048
    ],
    "obj_class": "vehicle",
    "point_num_in_lidar": 54,
    "speed": 1.4210854715202004e-13,
    "if_vehicle": true,
    "motion_state": false,
    "pose": [
      [
        -0.9982817173521364,
        0.05701080566321628,
        -0.013541818123870527,
        36.57210207900562
      ],
      [
        -0.05707359386272461,
        -0.9983607310235542,
        0.0042960020609165575,
        -42.76634971968042
      ],
      [
        -0.013274700902911704,
        0.005061500542884769,
        0.9998990766713372,
        0.28617704373053243
      ],
      [
        0.0,
        0.0,
        0.0,
        1.0
      ]
    ],
    "location": [
      36.57210207900562,
      -42.76634971968042,
      0.28617704373053243
    ],
    "rotation": [
      0.005061968182332833,
      0.013275090806672689,
      -3.084482991447118
    ]
  },
  {
    "label_id": "8urfTofpA8JqmNQ99FVdxw",
    "size": [
      0.8290984996345687,
      0.07241923128280195,
      0.8481025854576956
    ],
    "obj_class": "sign",
    "point_num_in_lidar": 55,
    "speed": 0.0058210319848316745,
    "if_vehicle": false,
    "motion_state": false,
    "pose": [
      [
        0.007956439070514198,
        -0.9998766495119371,
        -0.013541818123870527,
        -2.7062822796706314
      ],
      [
        0.9999595749283746,
        0.007898916087480745,
        0.0042960020609165575,
        -36.81963080160858
      ],
      [
        -0.004188506461933245,
        -0.013575451573547417,
        0.9998990766713372,
        3.006577444412301
      ],
      [
        0.0,
        0.0,
        0.0,
        1.0
      ]
    ],
    "location": [
      -2.7062822796706314,
      -36.81963080160858,
      3.006577444412301
    ],
    "rotation": [
      -0.013575987678250582,
      0.004188518708934085,
      1.5628397339796654
    ]
  },
  {
    "label_id": "APG5BmGXRH0wLko7A9ofyA",
    "size": [
      0.7873702766805606,
      0.9066863818395781,
      1.7700000000000102
    ],
    "obj_class": "pedestrian",
    "point_num_in_lidar": 223,
    "speed": 0.8224469974914094,
    "if_vehicle": false,
    "motion_state": false,
    "pose": [
      [
        0.884042337613635,
        -0.4672106210998629,
        -0.013541818123870527,
        16.86481381409976
      ],
      [
        0.4673005923859454,
        0.8840880616330238,
        0.0042960020609165575,
        -40.997556509111064
      ],
      [
        0.009965021944992528,
        -0.010125947335593096,
        0.9998990766713372,
        1.0613139375495848
      ],
      [
        0.0,
        0.0,
        0.0,
        1.0
      ]
    ],
    "location": [
      16.86481381409976,
      -40.997556509111064,
      1.0613139375495848
    ],
    "rotation": [
      -0.010126623212187108,
      -0.009965186876236815,
      0.486261262844085
    ]
  },
  {
    "label_id": "CYV4SU0XklbwbVv2IWT0nA",
    "size": [
      1.9349192274206777,
      4.195520774496485,
      1.7292390369619568
    ],
    "obj_class": "vehicle",
    "point_num_in_lidar": 36,
    "speed": 1.0658141036401503e-13,
    "if_vehicle": true,
    "motion_state": false,
    "pose": [
      [
        0.14482644318045745,
        0.9893644022894686,
        -0.013541818123870527,
        3.827792192062134
      ],
      [
        -0.9894375708551135,
        0.1448959549008352,
        0.0042960020609165575,
        -99.49514974320823
      ],
      [
        0.0062124661793846936,
        0.012776608931065745,
        0.9998990766713372,
        0.43755957843939086
      ],
      [
        0.0,
        0.0,
        0.0,
        1.0
      ]
    ],
    "location": [
      3.827792192062134,
      -99.49514974320823,
      0.43755957843939086
    ],
    "rotation": [
      0.01277720315142898,
      -0.006212506141494126,
      -1.4254559380258338
    ]
  },
  {
    "label_id": "Cazsg4P9FoeJaboJA4hG6w",
    "size": [
      1.409619319479289,
      3.3000209269787204,
      1.015916486272232
    ],
    "obj_class": "vehicle",
    "point_num_in_lidar": 27,
    "speed": 1.464821375527116e-13,
    "if_vehicle": true,
    "motion_state": false,
    "pose": [
      [
        0.006661723077631049,
        0.9998861138187373,
        -0.013541818123870527,
        -20.669122229006007
      ],
      [
        -0.9999681894382391,
        0.006720452209684878,
        0.0042960020609165575,
        -55.229281250500435
      ],
      [
        0.00438651994718086,
        0.013512768574957984,
        0.9998990766713372,
        3.246248789019603
      ],
      [
        0.0,
        0.0,
        0.0,
        1.0
      ]
    ],
    "location": [
      -20.669122229006007,
      -55.229281250500435,
      3.246248789019603
    ],
    "rotation": [
      0.013513309852990554,
      -0.004386534014548445,
      -1.5641344903500314
    ]
  },
  {
    "label_id": "H1tav3xjofg6y0L4ChXbOQ",
    "size": [
      1.934919227420468,
      4.302774069524423,
      1.7321937601380455
    ],
    "obj_class": "vehicle",
    "point_num_in_lidar": 377,
    "speed": 0.01273477478198556,
    "if_vehicle": true,
    "motion_state": false,
    "pose": [
      [
        0.10138927809212275,
        0.9947546599286973,
        -0.013541818123870527,
        0.8258046607829783
      ],
      [
        -0.994830800493124,
        0.10145552107452223,
        0.0042960020609165575,
        -61.993705596359405
      ],
      [
        0.0056473602832137265,
        0.01303624921666381,
        0.9998990766713372,
        0.9881229624323851
      ],
      [
        0.0,
        0.0,
        0.0,
        1.0
      ]
    ],
    "location": [
      0.8258046607829783,
      -61.993705596359405,
      0.9881229624323851
    ],
    "rotation": [
      0.013036826386268385,
      -0.005647390301885216,
      -1.469230904975138
    ]
  },
  {
    "label_id": "H4ZJVyQIKvT6bqNH6t4Dbg",
    "size": [
      2.010142973308689,
      4.442158084755917,
      1.773055149164719
    ],
    "obj_class": "vehicle",
    "point_num_in_lidar": 146,
    "speed": 0.006249896014044367,
    "if_vehicle": true,
    "motion_state": false,
    "pose": [
      [
        -0.08183309354806992,
        -0.9965540446770826,
        -0.013541818123870527,
        12.822249398268013
      ],
      [
        0.9966314715444836,
        -0.08189782838006067,
        0.0042960020609165575,
        -67.48074516220709
      ],
      [
        -0.005390243726410222,
        -0.013144646985647155,
        0.9998990766713372,
        0.7750576844375132
      ],
      [
        0.0,
        0.0,
        0.0,
        1.0
      ]
    ],
    "location": [
      12.822249398268013,
      -67.48074516220709,
      0.7750576844375132
    ],
    "rotation": [
      -0.013145216518649083,
      0.005390269828761877,
      1.6527222241960602
    ]
  },
  {
    "label_id": "LjhBYT85_Si4U-7ahKCHRw",
    "size": [
      0.7605374054823806,
      0.8583638543344657,
      1.7199999999999989
    ],
    "obj_class": "pedestrian",
    "point_num_in_lidar": 111,
    "speed": 3.7765864436546257e-13,
    "if_vehicle": false,
    "motion_state": false,
    "pose": [
      [
        0.12093488661594937,
        0.9925680693842047,
        -0.013541818123870527,
        -1.0936797521926565
      ],
      [
        -0.9926428923271555,
        0.12100261434643383,
        0.0042960020609165575,
        -58.2747635765802
      ],
      [
        0.005902669867666766,
        0.012922652987708306,
        0.9998990766713372,
        1.226767348495656
      ],
      [
        0.0,
        0.0,
        0.0,
        1.0
      ]
    ],
    "location": [
      -1.0936797521926565,
      -58.2747635765802,
      1.226767348495656
    ],
    "rotation": [
      0.012923237831457969,
      -0.0059027041445275956,
      -1.4495625768706872
    ]
  },
  {
    "label_id": "NsKk9oPmueJ9-2tNO3S59g",
    "size": [
      0.4721599565314523,
      0.06010182159104723,
      0.2181025854576717
    ],
    "obj_class": "sign",
    "point_num_in_lidar": 72,
    "speed": 0.004931630293369691,
    "if_vehicle": false,
    "motion_state": false,
    "pose": [
      [
        0.007956439060310289,
        -0.9998766495120183,
        -0.013541818123870527,
        -2.751131044617523
      ],
      [
        0.9999595749284552,
        0.007898916077276,
        0.0042960020609165575,
        -36.803901189406815
      ],
      [
        -0.004188506462071784,
        -0.013575451573504673,
        0.9998990766713372,
        2.4294020217127184
      ],
      [
        0.0,
        0.0,
        0.0,
        1.0
      ]
    ],
    "location": [
      -2.751131044617523,
      -36.803901189406815,
      2.4294020217127184
    ],
    "rotation": [
      -0.013575987678207842,
      0.004188518709072625,
      1.5628397339898696
    ]
  },
  {
    "label_id": "T2aPKhW4G4-JDmrDwr2Oug",
    "size": [
      2.12725981879906,
      4.479459850471301,
      1.8430551491647122
    ],
    "obj_class": "vehicle",
    "point_num_in_lidar": 41,
    "speed": 0.00781255489024887,
    "if_vehicle": true,
    "motion_state": false,
    "pose": [
      [
        -0.06725689771586567,
        -0.9976437885696163,
        -0.013541818123870527,
        13.647976544889843
      ],
      [
        0.9977221534466811,
        -0.06732049381882035,
        0.0042960020609165575,
        -82.07404232130602
      ],
      [
        -0.00519752165505929,
        -0.013222036168933185,
        0.9998990766713372,
        0.514326332302204
      ],
      [
        0.0,
        0.0,
        0.0,
        1.0
      ]
    ],
    "location": [
      13.647976544889843,
      -82.07404232130602,
      0.514326332302204
    ],
    "rotation": [
      -0.013222600061045727,
      0.005197545056519179,
      1.6381049445192946
    ]
  },
  {
    "label_id": "U274uuUDtmNBxMLLEvdXXw",
    "size": [
      2.083438273100145,
      5.033652962736186,
      1.740000000000009
    ],
    "obj_class": "vehicle",
    "point_num_in_lidar": 5700,
    "speed": 0.012113510211389966,
    "if_vehicle": true,
    "motion_state": false,
    "pose": [
      [
        -0.06952793279390176,
        -0.9974880880107323,
        -0.013541818123870527,
        9.965812526660557
      ],
      [
        0.9975663079035227,
        -0.06959170713545268,
        0.0042960020609165575,
        -34.17157315671852
      ],
      [
        -0.0052276091227917865,
        -0.013210169365556662,
        0.9998990766713372,
        1.1296870782194333
      ],
      [
        0.0,
        0.0,
        0.0,
        1.0
      ]
    ],
    "location": [
      9.965812526660557,
      -34.17157315671852,
      1.1296870782194333
    ],
    "rotation": [
      -0.013210734132896328,
      0.005227632933011995,
      1.6403813520340913
    ]
  },
  {
    "label_id": "ZSvYH6nbj5WT83yRrAyqOQ",
    "size": [
      1.7833104792114673,
      4.237803260858649,
      1.3700000000000045
    ],
    "obj_class": "vehicle",
    "point_num_in_lidar": 365,
    "speed": 0.005617862292664195,
    "if_vehicle": true,
    "motion_state": false,
    "pose": [
      [
        0.09736165390831468,
        0.9951569361212016,
        -0.013541818123870527,
        -14.863182653080457
      ],
      [
        -0.995233344215151,
        0.09742758812892449,
        0.0042960020609165575,
        -54.30576695743184
      ],
      [
        0.005594542927201352,
        0.013059003072328643,
        0.9998990766713372,
        2.672526208118313
      ],
      [
        0.0,
        0.0,
        0.0,
        1.0
      ]
    ],
    "location": [
      -14.863182653080457,
      -54.30576695743184,
      2.672526208118313
    ],
    "rotation": [
      0.013059578664416628,
      -0.005594572111462188,
      -1.473278662128426
    ]
  },
  {
    "label_id": "bHpaedxqOe2u_jKwEQsk3A",
    "size": [
      1.081462713327652,
      0.08800643864016114,
      1.1074324324324039
    ],
    "obj_class": "sign",
    "point_num_in_lidar": 85,
    "speed": 0.00924827564452163,
    "if_vehicle": false,
    "motion_state": false,
    "pose": [
      [
        -0.9984441018511861,
        0.054092463804840646,
        -0.013541818123870527,
        28.199163985058476
      ],
      [
        -0.05415502076957205,
        -0.9985232987225385,
        0.0042960020609165575,
        -53.38019821627836
      ],
      [
        -0.013289439567762205,
        0.005022675361018652,
        0.9998990766713372,
        3.760394201875158
      ],
      [
        0.0,
        0.0,
        0.0,
        1.0
      ]
    ],
    "location": [
      28.199163985058476,
      -53.38019821627836,
      3.760394201875158
    ],
    "rotation": [
      0.005023140069022356,
      0.013289830771744272,
      -3.0874063373542953
    ]
  },
  {
    "label_id": "dO3XeoHjmd8frfTyHWTKiA",
    "size": [
      0.7686596977191185,
      0.09465907462909492,
      0.3428215271210604
    ],
    "obj_class": "sign",
    "point_num_in_lidar": 33,
    "speed": 1.0048591735576161e-13,
    "if_vehicle": false,
    "motion_state": false,
    "pose": [
      [
        -0.9968106287208133,
        0.07864597657297409,
        -0.013541818123870527,
        -7.0577726288461236
      ],
      [
        -0.07871046348472381,
        -0.9968882621960762,
        0.0042960020609165575,
        -56.29109050027705
      ],
      [
        -0.013161816259040325,
        0.005348183296283826,
        0.9998990766713372,
        3.15014486785833
      ],
      [
        0.0,
        0.0,
        0.0,
        1.0
      ]
    ],
    "location": [
      -7.0577726288461236,
      -56.29109050027705,
      3.15014486785833
    ],
    "rotation": [
      0.005348672101180242,
      0.013162196299713151,
      -3.0627938499608067
    ]
  },
  {
    "label_id": "lOvlYgibjIeJQY-GUu_iZw",
    "size": [
      1.9792041285708428,
      4.374703024899077,
      1.6158927815274922
    ],
    "obj_class": "vehicle",
    "point_num_in_lidar": 884,
    "speed": 2.4005347962633734,
    "if_vehicle": true,
    "motion_state": true,
    "pose": [
      [
        -0.9987277103621156,
        0.04857550531642447,
        -0.013541818123870527,
        19.231177228542037
      ],
      [
        -0.04863762378520506,
        -0.9988072516350798,
        0.0042960020609165575,
        -46.75868657249907
      ],
      [
        -0.01331698567149581,
        0.00494917815728661,
        0.9998990766713372,
        0.8456911716733657
      ],
      [
        0.0,
        0.0,
        0.0,
        1.0
      ]
    ],
    "location": [
      19.231177228542037,
      -46.75868657249907,
      0.8456911716733657
    ],
    "rotation": [
      0.004949637274601345,
      0.013317379313294601,
      -3.0929315145842717
    ]
  },
  {
    "label_id": "n-P7bAYuQSI8-nxyURdrbA",
    "size": [
      2.039127068439986,
      4.482764801241222,
      1.8430551491647122
    ],
    "obj_class": "vehicle",
    "point_num_in_lidar": 127,
    "speed": 0.0017455652009031126,
    "if_vehicle": true,
    "motion_state": false,
    "pose": [
      [
        -0.06725689771591131,
        -0.9976437885696133,
        -0.013541818123870527,
        13.419672900908608
      ],
      [
        0.9977221534466781,
        -0.06732049381886598,
        0.0042960020609165575,
        -76.234535718487
      ],
      [
        -0.005197521655059895,
        -0.013222036168932949,
        0.9998990766713372,
        0.618969543994524
      ],
      [
        0.0,
        0.0,
        0.0,
        1.0
      ]
    ],
    "location": [
      13.419672900908608,
      -76.234535718487,
      0.618969543994524
    ],
    "rotation": [
      -0.01322260006104549,
      0.005197545056519784,
      1.6381049445193403
    ]
  },
  {
    "label_id": "ok9rVj3OHGAFI-2PL5Wovg",
    "size": [
      2.1956561545086624,
      4.543018653385836,
      1.7759030005318266
    ],
    "obj_class": "vehicle",
    "point_num_in_lidar": 157,
    "speed": 0.015507840662846939,
    "if_vehicle": true,
    "motion_state": false,
    "pose": [
      [
        -0.998511515842777,
        0.05283343535356697,
        -0.013541818123870527,
        30.324004194585996
      ],
      [
        -0.052895892405480587,
        -0.9985907915322074,
        0.0042960020609165575,
        -43.321380778841785
      ],
      [
        -0.013295762331936835,
        0.005005914084364329,
        0.9998990766713372,
        0.2595160281199185
      ],
      [
        0.0,
        0.0,
        0.0,
        1.0
      ]
    ],
    "location": [
      30.324004194585996,
      -43.321380778841785,
      0.2595160281199185
    ],
    "rotation": [
      0.005006377522142193,
      0.01329615409458779,
      -3.0886673806010063
    ]
  },
  {
    "label_id": "oqQJJ1ZiQdF_EpbbOCdUiA",
    "size": [
      1.934919227420726,
      4.354607322978385,
      2.023099572706599
    ],
    "obj_class": "vehicle",
    "point_num_in_lidar": 189,
    "speed": 0.007352802856536281,
    "if_vehicle": true,
    "motion_state": false,
    "pose": [
      [
        0.12007694616220028,
        0.9926722249374463,
        -0.013541818123870527,
        1.3288517687296917
      ],
      [
        -0.9927471063908024,
        0.12014460919650763,
        0.0042960020609165575,
        -68.91242985444865
      ],
      [
        0.005891498370448503,
        0.012927749949561612,
        0.9998990766713372,
        0.9561177609310789
      ],
      [
        0.0,
        0.0,
        0.0,
        1.0
      ]
    ],
    "location": [
      1.3288517687296917,
      -68.91242985444865,
      0.9561177609310789
    ],
    "rotation": [
      0.012928334456147288,
      -0.005891532453056443,
      -1.450426838642951
    ]
  },
  {
    "label_id": "p6iRJjcLly4-iM5zuK3Gog",
    "size": [
      2.12725981879906,
      4.479459850471301,
      1.8430551491647122
    ],
    "obj_class": "vehicle",
    "point_num_in_lidar": 29,
    "speed": 0.006864804412309299,
    "if_vehicle": true,
    "motion_state": false,
    "pose": [
      [
        -0.06725689771586567,
        -0.9976437885696163,
        -0.013541818123870527,
        15.261443765344666
      ],
      [
        0.9977221534466811,
        -0.06732049381882035,
        0.0042960020609165575,
        -96.59269495322769
      ],
      [
        -0.00519752165505929,
        -0.013222036168933185,
        0.9998990766713372,
        0.450268186932135
      ],
      [
        0.0,
        0.0,
        0.0,
        1.0
      ]
    ],
    "location": [
      15.261443765344666,
      -96.59269495322769,
      0.450268186932135
    ],
    "rotation": [
      -0.013222600061045727,
      0.005197545056519179,
      1.6381049445192946
    ]
  },
  {
    "label_id": "q_7E83MEyayUrGb4ZRKhVw",
    "size": [
      2.185692847483272,
      4.602840353629162,
      1.8461367669710853
    ],
    "obj_class": "vehicle",
    "point_num_in_lidar": 384,
    "speed": 0.005543615451058433,
    "if_vehicle": true,
    "motion_state": false,
    "pose": [
      [
        -0.9985115158427977,
        0.052833435353176326,
        -0.013541818123870527,
        24.235368001370716
      ],
      [
        -0.0528958924050899,
        -0.9985907915322281,
        0.0042960020609165575,
        -43.730205569185046
      ],
      [
        -0.013295762331938795,
        0.0050059140843591275,
        0.9998990766713372,
        0.6544424026037063
      ],
      [
        0.0,
        0.0,
        0.0,
        1.0
      ]
    ],
    "location": [
      24.235368001370716,
      -43.730205569185046,
      0.6544424026037063
    ],
    "rotation": [
      0.005006377522136992,
      0.013296154094589752,
      -3.0886673806013976
    ]
  },
  {
    "label_id": "thTxgts9V3NUocBGo149Iw",
    "size": [
      1.7833104792116878,
      4.237803260858649,
      1.8400000000000034
    ],
    "obj_class": "vehicle",
    "point_num_in_lidar": 730,
    "speed": 0.010066246096359099,
    "if_vehicle": true,
    "motion_state": false,
    "pose": [
      [
        0.11486452984759178,
        0.9932888597708078,
        -0.013541818123870527,
        -12.444214126938277
      ],
      [
        -0.9933640953711363,
        0.11493179887992913,
        0.0042960020609165575,
        -53.65229255257168
      ],
      [
        0.0058235565057421146,
        0.01295849765334764,
        0.9998990766713372,
        2.3741997781979762
      ],
      [
        0.0,
        0.0,
        0.0,
        1.0
      ]
    ],
    "location": [
      -12.444214126938277,
      -53.65229255257168,
      2.3741997781979762
    ],
    "rotation": [
      0.01295908011171577,
      -0.005823589422742978,
      -1.455675740209515
    ]
  },
  {
    "label_id": "uBir3bCA9zjgSvn3mrQnLw",
    "size": [
      1.9349192274197797,
      4.386029500164433,
      1.8845223797346762
    ],
    "obj_class": "vehicle",
    "point_num_in_lidar": 116,
    "speed": 0.008196429914046451,
    "if_vehicle": true,
    "motion_state": false,
    "pose": [
      [
        0.1448264431805304,
        0.989364402289458,
        -0.013541818123870527,
        2.5950857265543164
      ],
      [
        -0.9894375708551028,
        0.14489595490090815,
        0.0042960020609165575,
        -83.0898398939537
      ],
      [
        0.006212466179385635,
        0.012776608931065287,
        0.9998990766713372,
        0.72995060706873
      ],
      [
        0.0,
        0.0,
        0.0,
        1.0
      ]
    ],
    "location": [
      2.5950857265543164,
      -83.0898398939537,
      0.72995060706873
    ],
    "rotation": [
      0.012777203151428522,
      -0.006212506141495067,
      -1.42545593802576
    ]
  },
  {
    "label_id": "vI6mYZKIhXXxN2zXqh0BHQ",
    "size": [
      2.0442416930021166,
      4.494323398328529,
      2.0376365776496073
    ],
    "obj_class": "vehicle",
    "point_num_in_lidar": 592,
    "speed": 0.010627148369349715,
    "if_vehicle": true,
    "motion_state": false,
    "pose": [
      [
        0.9964037682805118,
        -0.08364298965421997,
        -0.013541818123870527,
        22.291772391995437
      ],
      [
        0.08370786500907383,
        0.9964810774429765,
        0.0042960020609165575,
        -52.33372989357258
      ],
      [
        0.01313483505867558,
        -0.005414109325528486,
        0.9998990766713372,
        0.8327157247362038
      ],
      [
        0.0,
        0.0,
        0.0,
        1.0
      ]
    ],
    "location": [
      22.291772391995437,
      -52.33372989357258,
      0.8327157247362038
    ],
    "rotation": [
      -0.005414602875021497,
      -0.01313521276681086,
      0.08381317864653513
    ]
  }
]