[
  {
    "label_id": "-9n3l1ftnrh3erkNAgxskg",
    "size": [
      1.8088870024089778,
      4.249731073787269,
      1.4199999999999875
    ],
    "obj_class": "vehicle",
    "point_num_in_lidar": 773,
    "speed": 0.010855130685069879,
    "if_vehicle": true,
    "motion_state": false,
    "pose": [
      [
        0.114855761177773,
        0.9932130328610532,
        -0.018330997769429785,
        -10.036516583753837
      ],
      [
        -0.993371572609791,
        0.11492025185921807,
        0.002500888515058637,
        -53.3376832895849
      ],
      [
        0.0045905179473824005,
        0.017922250627707227,
        0.9998288453917562,
        1.6481677225957299
      ],
      [
        0.0,
        0.0,
        0.0,
        1.0
      ]
    ],
    "location": [
      -10.036516583753837,
      -53.3376832895849,
      1.6481677225957299
    ],
    "rotation": [
      0.017923399095160098,
      -0.004590534070088489,
      -1.4556853098238807
    ]
  },
  {
    "label_id": "-Pvhejf9atK6w-QFnvLaRQ",
    "size": [
      0.6682886707069567,
      0.5999527252716165,
      1.6500000000000057
    ],
    "obj_class": "pedestrian",
    "point_num_in_lidar": 41,
    "speed": 0.8240728001952496,
    "if_vehicle": false,
    "motion_state": false,
    "pose": [
      [
        0.05674908167562265,
        -0.9982201742349984,
        -0.018330997769429785,
        16.397222457172575
      ],
      [
        0.9983874094523647,
        0.05671266352087074,
        0.002500888515058637,
        -44.14333204820787
      ],
      [
        -0.0014568376607446355,
        -0.01844336050230077,
        0.9998288453917562,
        0.9632639593909005
      ],
      [
        0.0,
        0.0,
        0.0,
        1.0
      ]
    ],
    "location": [
      16.397222457172575,
      -44.14333204820787,
      0.9632639593909005
    ],
    "rotation": [
      -0.018444425845661992,
      0.0014568381760713348,
      1.5140166808984654
    ]
  },
  {
    "label_id": "0PN740DVxEn0FbdlDATsZQ",
    "size": [
      0.6190203869991332,
      0.07382364213187018,
      0.46999999999999886
    ],
    "obj_class": "sign",
    "point_num_in_lidar": 114,
    "speed": 0.007323308501461936,
    "if_vehicle": false,
    "motion_state": false,
    "pose": [
      [
        0.9425704303970147,
        -0.33350406033804675,
        -0.018330997769429785,
        -6.439777804193
      ],
      [
        0.3336022894435659,
        0.9427105908149364,
        0.002500888515058637,
        -44.01968655213659
      ],
      [
        0.01644676926322159,
        -0.008472526387680446,
        0.9998288453917562,
        2.6718585053186246
      ],
      [
        0.0,
        0.0,
        0.0,
        1.0
      ]
    ],
    "location": [
      -6.439777804193,
      -44.01968655213659,
      2.6718585053186246
    ],
    "rotation": [
      -0.008473773922685862,
      -0.016447510818306955,
      0.3401700658363014
    ]
  },
  {
    "label_id": "0XEOOu0aPfh0jy49JW5Xmw",
    "size": [
      1.8428869658624438,
      4.670595546022981,
      1.6080087281538908
    ],
    "obj_class": "vehicle",
    "point_num_in_lidar": 892,
    "speed": 0.0016564033149507333,
    "if_vehicle": true,
    "motion_state": false,
    "pose": [
      [
        0.03368202897675015,
        0.9992644772255174,
        -0.018330997769429785,
        -7.486283268399802
      ],
      [
        -0.9994277375782675,
        0.03373340949001103,
        0.002500888515058637,
        -53.572901809955056
      ],
      [
        0.0031174161087160228,
        0.018236272628821652,
        0.9998288453917562,
        1.2638134575377933
      ],
      [
        0.0,
        0.0,
        0.0,
        1.0
      ]
    ],
    "location": [
      -7.486283268399802,
      -53.572901809955056,
      1.2638134575377933
    ],
    "rotation": [
      0.018237372188919916,
      -0.0031174211580602016,
      -1.5371077622119727
    ]
  },
  {
    "label_id": "0iA9NWHBXHI4nn_iiYVPiA",
    "size": [
      2.008033295805039,
      4.764529851649029,
      1.6146687057198505
    ],
    "obj_class": "vehicle",
    "point_num_in_lidar": 23,
    "speed": 0.008897729460880618,
    "if_vehicle": true,
    "motion_state": false,
    "pose": [
      [
        0.9968047021565143,
        -0.07774548398100155,
        -0.018330997769429785,
        33.61774732799586
      ],
      [
        0.07780401891314284,
        0.9969655361132593,
        0.002500888515058637,
        -51.33103366851333
      ],
      [
        0.018080940230704765,
        -0.003919122728529166,
        0.9998288453917562,
        0.21515741622133078
      ],
      [
        0.0,
        0.0,
        0.0,
        1.0
      ]
    ],
    "location": [
      33.61774732799586,
      -51.33103366851333,
      0.21515741622133078
    ],
    "rotation": [
      -0.003919773543864037,
      -0.018081925547033292,
      0.07789549050507878
    ]
  },
  {
    "label_id": "0u0RUSPwp0b7ThBZnPiGnA",
    "size": [
      1.9349192274207452,
      4.354607322978385,
      1.623099572706593
    ],
    "obj_class": "vehicle",
    "point_num_in_lidar": 21,
    "speed": 1.0048591735576161e-13,
    "if_vehicle": true,
    "motion_state": false,
    "pose": [
      [
        0.14481538724109944,
        0.9892888749697873,
        -0.018330997769429785,
        1.7016169492044355
      ],
      [
        -0.9894453935974877,
        0.14488463909382454,
        0.002500888515058637,
        -74.8689301416382
      ],
      [
        0.005129981181540758,
        0.01777535416425309,
        0.9998288453917562,
        0.8582935347459113
      ],
      [
        0.0,
        0.0,
        0.0,
        1.0
      ]
    ],
    "location": [
      1.7016169492044355,
      -74.8689301416382,
      0.8582935347459113
    ],
    "rotation": [
      0.017776524293017786,
      -0.005130003682509107,
      -1.4254680105193918
    ]
  },
  {
    "label_id": "1PJMXh_QRnuK0Be6MrKRjw",
    "size": [
      1.0968769281258004,
      1.1237519986293447,
      1.6599999999999966
    ],
    "obj_class": "pedestrian",
    "point_num_in_lidar": 146,
    "speed": 1.4990845194686875,
    "if_vehicle": false,
    "motion_state": true,
    "pose": [
      [
        -0.03551005597070715,
        -0.9992011861711005,
        -0.018330997769429785,
        -4.8364572575005695
      ],
      [
        0.9993643522536517,
        -0.03556173507120233,
        0.002500888515058637,
        -54.430309662985565
      ],
      [
        -0.0031507728569955353,
        -0.0182305390208631,
        0.9998288453917562,
        1.1125842044162084
      ],
      [
        0.0,
        0.0,
        0.0,
        1.0
      ]
    ],
    "location": [
      -4.8364572575005695,
      -54.430309662985565,
      1.1125842044162084
    ],
    "rotation": [
      -0.018231639505983607,
      0.003150778070166602,
      1.6063140261941935
    ]
  },
  {
    "label_id": "2Cz4S0_K-vtB5MmfFWn30w",
    "size": [
      2.0354224153175444,
      4.51469033328051,
      1.9641317074623146
    ],
    "obj_class": "vehicle",
    "point_num_in_lidar": 456,
    "speed": 1.2809491335957507e-13,
    "if_vehicle": true,
    "motion_state": false,
    "pose": [
      [
        -0.08182684647252043,
        -0.9964779685056463,
        -0.018330997769429785,
        12.079111073829154
      ],
      [
        0.9966385614074378,
        -0.08188603954489618,
        0.002500888515058637,
        -61.32812203893013
      ],
      [
        -0.003993133115189664,
        -0.018064739425520858,
        0.9998288453917562,
        0.9439264154131308
      ],
      [
        0.0,
        0.0,
        0.0,
        1.0
      ]
    ],
    "location": [
      12.079111073829154,
      -61.32812203893013,
      0.9439264154131308
    ],
    "rotation": [
      -0.018065866142761997,
      0.00399314372709165,
      1.652715417825401
    ]
  },
  {
    "label_id": "8urfTofpA8JqmNQ99FVdxw",
    "size": [
      0.8290984996345682,
      0.07241923128280195,
      0.8481025854576956
    ],
    "obj_class": "sign",
    "point_num_in_lidar": 121,
    "speed": 0.00785284721200957,
    "if_vehicle": false,
    "motion_state": false,
    "pose": [
      [
        0.00795583168207781,
        -0.9998003196953997,
        -0.018330997769429785,
        -2.7068408580430514
      ],
      [
        0.9999655779012926,
        0.00791129377341368,
        0.002500888515058637,
        -36.802176565266336
      ],
      [
        -0.0023553672283644286,
        -0.018350263426096608,
        0.9998288453917562,
        3.0103162860042403
      ],
      [
        0.0,
        0.0,
        0.0,
        1.0
      ]
    ],
    "location": [
      -2.7068408580430514,
      -36.802176565266336,
      3.0103162860042403
    ],
    "rotation": [
      -0.01835134434634325,
      0.0023553694062031657,
      1.5628403891134002
    ]
  },
  {
    "label_id": "APG5BmGXRH0wLko7A9ofyA",
    "size": [
      0.7873702766805554,
      0.9066863818395781,
      1.7700000000000102
    ],
    "obj_class": "pedestrian",
    "point_num_in_lidar": 141,
    "speed": 1.1211412716700544,
    "if_vehicle": false,
    "motion_state": true,
    "pose": [
      [
        0.22596774149274368,
        -0.9739622961518817,
        -0.018330997769429785,
        15.629606072679962
      ],
      [
        0.9741332908383534,
        0.22596034439050433,
        0.002500888515058637,
        -43.68720988085124
      ],
      [
        0.0017063074484555418,
        -0.018421955310958093,
        0.9998288453917562,
        1.0153584848679316
      ],
      [
        0.0,
        0.0,
        0.0,
        1.0
      ]
    ],
    "location": [
      15.629606072679962,
      -43.68720988085124,
      1.0153584848679316
    ],
    "rotation": [
      -0.018423024264048522,
      -0.001706308276438081,
      1.34285963025429
    ]
  },
  {
    "label_id": "CYV4SU0XklbwbVv2IWT0nA",
    "size": [
      1.9349192274206803,
      4.195520774496485,
      1.7292390369619568
    ],
    "obj_class": "vehicle",
    "point_num_in_lidar": 32,
    "speed": 1.0658141036401503e-13,
    "if_vehicle": true,
    "motion_state": false,
    "pose": [
      [
        0.1448153872408758,
        0.9892888749698201,
        -0.018330997769429785,
        3.827792192061679
      ],
      [
        -0.9894453935975206,
        0.1448846390936009,
        0.002500888515058637,
        -99.49514974320823
      ],
      [
        0.00512998118153674,
        0.01777535416425425,
        0.9998288453917562,
        0.43755957843936244
      ],
      [
        0.0,
        0.0,
        0.0,
        1.0
      ]
    ],
    "location": [
      3.827792192061679,
      -99.49514974320823,
      0.43755957843936244
    ],
    "rotation": [
      0.017776524293018944,
      -0.005130003682505089,
      -1.4254680105196178
    ]
  },
  {
    "label_id": "Dh9hqZe6xlb1umyJ5aRbsQ",
    "size": [
      0.42898716128978087,
      0.03500187320786129,
      0.5200000000000102
    ],
    "obj_class": "sign",
    "point_num_in_lidar": 88,
    "speed": 0.018161141749642548,
    "if_vehicle": false,
    "motion_state": false,
    "pose": [
      [
        -0.05301192681990278,
        -0.9984256157248863,
        -0.018330997769429785,
        -3.276173821847806
      ],
      [
        0.9985878512738313,
        -0.053066456871998714,
        0.002500888515058637,
        -33.07421863048398
      ],
      [
        -0.0034697122580588666,
        -0.01817253475533526,
        0.9998288453917562,
        1.6244326320297944
      ],
      [
        0.0,
        0.0,
        0.0,
        1.0
      ]
    ],
    "location": [
      -3.276173821847806,
      -33.07421863048398,
      1.6244326320297944
    ],
    "rotation": [
      -0.018173644531153853,
      0.003469719220018224,
      1.6238334342106588
    ]
  },
  {
    "label_id": "H1tav3xjofg6y0L4ChXbOQ",
    "size": [
      1.9349192274204692,
      4.302774069524423,
      1.7321937601380455
    ],
    "obj_class": "vehicle",
    "point_num_in_lidar": 344,
    "speed": 0.012734774781832147,
    "if_vehicle": true,
    "motion_state": false,
    "pose": [
      [
        0.10138153811239703,
        0.9946787211209164,
        -0.018330997769429785,
        0.8209167724844519
      ],
      [
        -0.9948381205171596,
        0.10144387375549452,
        0.002500888515058637,
        -62.03159611932665
      ],
      [
        0.004347148013358799,
        0.017982831443839498,
        0.9998288453917562,
        0.9881229624323566
      ],
      [
        0.0,
        0.0,
        0.0,
        1.0
      ]
    ],
    "location": [
      0.8209167724844519,
      -62.03159611932665,
      0.9881229624323566
    ],
    "rotation": [
      0.01798397075318486,
      -0.004347161705322063,
      -1.4692393473317122
    ]
  },
  {
    "label_id": "H4ZJVyQIKvT6bqNH6t4Dbg",
    "size": [
      2.0101429733086897,
      4.442158084755917,
      1.773055149164719
    ],
    "obj_class": "vehicle",
    "point_num_in_lidar": 122,
    "speed": 0.006249896013518578,
    "if_vehicle": true,
    "motion_state": false,
    "pose": [
      [
        -0.08182684647246909,
        -0.9964779685056505,
        -0.018330997769429785,
        12.840912500697868
      ],
      [
        0.996638561407442,
        -0.08188603954484483,
        0.002500888515058637,
        -67.4789444710907
      ],
      [
        -0.003993133115188733,
        -0.018064739425521063,
        0.9998288453917562,
        0.7938074545908478
      ],
      [
        0.0,
        0.0,
        0.0,
        1.0
      ]
    ],
    "location": [
      12.840912500697868,
      -67.4789444710907,
      0.7938074545908478
    ],
    "rotation": [
      -0.0180658661427622,
      0.0039931437270907194,
      1.6527154178253496
    ]
  },
  {
    "label_id": "HGJgCHriQZAfJVZ98nkXOg",
    "size": [
      2.0442416930015854,
      4.5267537452415025,
      1.8546687057198596
    ],
    "obj_class": "vehicle",
    "point_num_in_lidar": 46,
    "speed": 1.0658141036401503e-13,
    "if_vehicle": true,
    "motion_state": false,
    "pose": [
      [
        0.9857055593825105,
        -0.1674769378845617,
        -0.018330997769429785,
        28.02590352624702
      ],
      [
        0.16754976289481324,
        0.9858604477868697,
        0.002500888515058637,
        -51.75195266676337
      ],
      [
        0.017652964518857468,
        -0.00553649404258248,
        0.9998288453917562,
        0.4385105740697952
      ],
      [
        0.0,
        0.0,
        0.0,
        1.0
      ]
    ],
    "location": [
      28.02590352624702,
      -51.75195266676337,
      0.4385105740697952
    ],
    "rotation": [
      -0.005537385203630221,
      -0.017653881504643133,
      0.16837025730654237
    ]
  },
  {
    "label_id": "LjhBYT85_Si4U-7ahKCHRw",
    "size": [
      0.7605374054823799,
      0.8583638543344657,
      1.7199999999999989
    ],
    "obj_class": "pedestrian",
    "point_num_in_lidar": 95,
    "speed": 3.7765864436546257e-13,
    "if_vehicle": false,
    "motion_state": false,
    "pose": [
      [
        0.12092565453945608,
        0.9924922974990694,
        -0.018330997769429785,
        -1.0936797521926565
      ],
      [
        -0.9926504400191947,
        0.12099111325355542,
        0.002500888515058637,
        -58.2747635765802
      ],
      [
        0.004700000415271334,
        0.017893851421201677,
        0.9998288453917562,
        1.2267673484955708
      ],
      [
        0.0,
        0.0,
        0.0,
        1.0
      ]
    ],
    "location": [
      -1.0936797521926565,
      -58.2747635765802,
      1.2267673484955708
    ],
    "rotation": [
      0.017895004136501993,
      -0.0047000177192812655,
      -1.4495726540919367
    ]
  },
  {
    "label_id": "NsKk9oPmueJ9-2tNO3S59g",
    "size": [
      0.4721599565314528,
      0.06010182159104723,
      0.2181025854576717
    ],
    "obj_class": "sign",
    "point_num_in_lidar": 177,
    "speed": 0.00388201420902381,
    "if_vehicle": false,
    "motion_state": false,
    "pose": [
      [
        0.007955831671850702,
        -0.9998003196954812,
        -0.018330997769429785,
        -2.744549208277931
      ],
      [
        0.9999655779013735,
        0.007911293763184881,
        0.002500888515058637,
        -36.790650901381696
      ],
      [
        -0.0023553672285521366,
        -0.018350263426072516,
        0.9998288453917562,
        2.417863817207973
      ],
      [
        0.0,
        0.0,
        0.0,
        1.0
      ]
    ],
    "location": [
      -2.744549208277931,
      -36.790650901381696,
      2.417863817207973
    ],
    "rotation": [
      -0.018351344346319166,
      0.0023553694063908745,
      1.5628403891236275
    ]
  },
  {
    "label_id": "T2aPKhW4G4-JDmrDwr2Oug",
    "size": [
      2.1272598187990597,
      4.479459850471301,
      1.8430551491647122
    ],
    "obj_class": "vehicle",
    "point_num_in_lidar": 35,
    "speed": 0.007812554890256163,
    "if_vehicle": true,
    "motion_state": false,
    "pose": [
      [
        -0.06725176337587387,
        -0.9975676292079714,
        -0.018330997769429785,
        13.648577829454553
      ],
      [
        0.9977290702249892,
        -0.06730860260482098,
        0.002500888515058637,
        -82.09747237432089
      ],
      [
        -0.0037286392710928974,
        -0.01812118019814537,
        0.9998288453917562,
        0.5143263323021472
      ],
      [
        0.0,
        0.0,
        0.0,
        1.0
      ]
    ],
    "location": [
      13.648577829454553,
      -82.09747237432089,
      0.5143263323021472
    ],
    "rotation": [
      -0.018122298097504787,
      0.003728647910870727,
      1.6380993565591688
    ]
  },
  {
    "label_id": "U274uuUDtmNBxMLLEvdXXw",
    "size": [
      2.083438273100145,
      5.033652962736186,
      1.740000000000009
    ],
    "obj_class": "vehicle",
    "point_num_in_lidar": 5725,
    "speed": 0.014750763112185221,
    "if_vehicle": true,
    "motion_state": false,
    "pose": [
      [
        -0.06952262508483949,
        -0.9974119405351483,
        -0.018330997769429785,
        9.937400340053955
      ],
      [
        0.9975732517351286,
        -0.06957983169882763,
        0.002500888515058637,
        -34.16012217055959
      ],
      [
        -0.0037698838065352088,
        -0.018112644717788055,
        0.9998288453917562,
        1.1448012657888
      ],
      [
        0.0,
        0.0,
        0.0,
        1.0
      ]
    ],
    "location": [
      9.937400340053955,
      -34.16012217055959,
      1.1448012657888
    ],
    "rotation": [
      -0.01811376395806646,
      0.0037698927362054538,
      1.6403755743320987
    ]
  },
  {
    "label_id": "ZSvYH6nbj5WT83yRrAyqOQ",
    "size": [
      1.7833104792114658,
      4.237803260858649,
      1.3700000000000045
    ],
    "obj_class": "vehicle",
    "point_num_in_lidar": 81,
    "speed": 0.0056178622924868546,
    "if_vehicle": true,
    "motion_state": false,
    "pose": [
      [
        0.09735422139432871,
        0.995080966603965,
        -0.018330997769429785,
        -14.863168633414261
      ],
      [
        -0.9952406170305528,
        0.09741591127367226,
        0.002500888515058637,
        -54.32262061228607
      ],
      [
        0.004274317413197959,
        0.01800028147665543,
        0.9998288453917562,
        2.6725262081182564
      ],
      [
        0.0,
        0.0,
        0.0,
        1.0
      ]
    ],
    "location": [
      -14.863168633414261,
      -54.32262061228607,
      2.6725262081182564
    ],
    "rotation": [
      0.018001418123585588,
      -0.004274330428451422,
      -1.4732867675083992
    ]
  },
  {
    "label_id": "bHpaedxqOe2u_jKwEQsk3A",
    "size": [
      1.08146271332765,
      0.08800643864016114,
      1.1074324324324039
    ],
    "obj_class": "sign",
    "point_num_in_lidar": 80,
    "speed": 0.00924827564450618,
    "if_vehicle": false,
    "motion_state": false,
    "pose": [
      [
        -0.9983678813942377,
        0.05408833442766247,
        -0.018330997769429785,
        28.20067226270612
      ],
      [
        -0.05414303936002239,
        -0.9985300580580909,
        0.002500888515058637,
        -53.407902137703786
      ],
      [
        -0.018168783372602665,
        0.003489302702120992,
        0.9998288453917562,
        3.7691306701719043
      ],
      [
        0.0,
        0.0,
        0.0,
        1.0
      ]
    ],
    "location": [
      28.20067226270612,
      -53.407902137703786,
      3.7691306701719043
    ],
    "rotation": [
      0.0034898858463957992,
      0.018169783121217736,
      -3.087414174387153
    ]
  },
  {
    "label_id": "dO3XeoHjmd8frfTyHWTKiA",
    "size": [
      0.7686596977191197,
      0.09465907462909492,
      0.3428215271210604
    ],
    "obj_class": "sign",
    "point_num_in_lidar": 26,
    "speed": 1.0048591735576161e-13,
    "if_vehicle": false,
    "motion_state": false,
    "pose": [
      [
        -0.9967345329619536,
        0.0786399727994192,
        -0.018330997769429785,
        -7.057772628845214
      ],
      [
        -0.07869865203838058,
        -0.9968953143254196,
        0.002500888515058637,
        -56.29109050027705
      ],
      [
        -0.01807741597845568,
        0.00393534676101957,
        0.9998288453917562,
        3.1501448678583017
      ],
      [
        0.0,
        0.0,
        0.0,
        1.0
      ]
    ],
    "location": [
      -7.057772628845214,
      -56.29109050027705,
      3.1501448678583017
    ],
    "rotation": [
      0.003936000103296636,
      0.01807840071868028,
      -3.0627996356501286
    ]
  },
  {
    "label_id": "lOvlYgibjIeJQY-GUu_iZw",
    "size": [
      1.9792041285706266,
      4.374703024899077,
      1.6158927815274922
    ],
    "obj_class": "vehicle",
    "point_num_in_lidar": 547,
    "speed": 0.07303724997012999,
    "if_vehicle": true,
    "motion_state": false,
    "pose": [
      [
        -0.9990752389235064,
        0.03889269199625887,
        -0.018330997769429785,
        22.500646537050216
      ],
      [
        -0.038944923206526594,
        -0.9992382291090913,
        0.002500888515058637,
        -46.6046408478569
      ],
      [
        -0.018219767462194565,
        0.0032124750911327136,
        0.9998288453917562,
        0.7268652095564505
      ],
      [
        0.0,
        0.0,
        0.0,
        1.0
      ]
    ],
    "location": [
      22.500646537050216,
      -46.6046408478569,
      0.7268652095564505
    ],
    "rotation": [
      0.003213013958652506,
      0.0182207756515847,
      -3.1026314083883997
    ]
  },
  {
    "label_id": "n-P7bAYuQSI8-nxyURdrbA",
    "size": [
      2.0391270684399854,
      4.482764801241222,
      1.8430551491647122
    ],
    "obj_class": "vehicle",
    "point_num_in_lidar": 99,
    "speed": 0.004708053037108388,
    "if_vehicle": true,
    "motion_state": false,
    "pose": [
      [
        -0.06725176337592526,
        -0.9975676292079679,
        -0.018330997769429785,
        13.419807246408254
      ],
      [
        0.9977290702249858,
        -0.06730860260487237,
        0.002500888515058637,
        -76.23977071345485
      ],
      [
        -0.0037286392710938307,
        -0.018121180198145175,
        0.9998288453917562,
        0.6189695439944956
      ],
      [
        0.0,
        0.0,
        0.0,
        1.0
      ]
    ],
    "location": [
      13.419807246408254,
      -76.23977071345485,
      0.6189695439944956
    ],
    "rotation": [
      -0.018122298097504593,
      0.00372864791087166,
      1.6380993565592203
    ]
  },
  {
    "label_id": "ok9rVj3OHGAFI-2PL5Wovg",
    "size": [
      2.195656154508663,
      4.543018653385836,
      1.7759030005318266
    ],
    "obj_class": "vehicle",
    "point_num_in_lidar": 120,
    "speed": 0.01550784066285708,
    "if_vehicle": true,
    "motion_state": false,
    "pose": [
      [
        -0.9984352902394971,
        0.052829402089635824,
        -0.018330997769429785,
        30.36859236367536
      ],
      [
        -0.052883902482270505,
        -0.9985975357544604,
        0.002500888515058637,
        -43.33466054529163
      ],
      [
        -0.018173168755529708,
        0.0034663900488304373,
        0.9998288453917562,
        0.25951602811986163
      ],
      [
        0.0,
        0.0,
        0.0,
        1.0
      ]
    ],
    "location": [
      30.36859236367536,
      -43.33466054529163,
      0.25951602811986163
    ],
    "rotation": [
      0.0034669695481057876,
      0.01817416922831657,
      -3.088675322669598
    ]
  },
  {
    "label_id": "oqQJJ1ZiQdF_EpbbOCdUiA",
    "size": [
      1.9349192274207263,
      4.354607322978385,
      2.023099572706599
    ],
    "obj_class": "vehicle",
    "point_num_in_lidar": 173,
    "speed": 0.007352802856529346,
    "if_vehicle": true,
    "motion_state": false,
    "pose": [
      [
        0.12006777958023158,
        0.992596445101155,
        -0.018330997769429785,
        1.331004765322632
      ],
      [
        -0.9927546441394098,
        0.1201331015843211,
        0.002500888515058637,
        -68.934383037727
      ],
      [
        0.004684532666818381,
        0.01789790703632979,
        0.9998288453917562,
        0.9605294619652796
      ],
      [
        0.0,
        0.0,
        0.0,
        1.0
      ]
    ],
    "location": [
      1.331004765322632,
      -68.934383037727,
      0.9605294619652796
    ],
    "rotation": [
      0.017899059146773786,
      -0.004684549800545812,
      -1.4504368441339386
    ]
  },
  {
    "label_id": "q_7E83MEyayUrGb4ZRKhVw",
    "size": [
      2.185692847483271,
      4.602840353629162,
      1.8461367669710853
    ],
    "obj_class": "vehicle",
    "point_num_in_lidar": 459,
    "speed": 0.005543615451453086,
    "if_vehicle": true,
    "motion_state": false,
    "pose": [
      [
        -0.9984352902395178,
        0.05282940208924321,
        -0.018330997769429785,
        24.239298644527935
      ],
      [
        -0.05288390248187782,
        -0.9985975357544813,
        0.002500888515058637,
        -43.74636531867145
      ],
      [
        -0.01817316875553107,
        0.0034663900488232915,
        0.9998288453917562,
        0.6544424026036779
      ],
      [
        0.0,
        0.0,
        0.0,
        1.0
      ]
    ],
    "location": [
      24.239298644527935,
      -43.74636531867145,
      0.6544424026036779
    ],
    "rotation": [
      0.003466969548098641,
      0.018174169228317934,
      -3.0886753226699915
    ]
  },
  {
    "label_id": "thTxgts9V3NUocBGo149Iw",
    "size": [
      1.7833104792116903,
      4.237803260858649,
      1.8400000000000034
    ],
    "obj_class": "vehicle",
    "point_num_in_lidar": 395,
    "speed": 0.010066246096312887,
    "if_vehicle": true,
    "motion_state": false,
    "pose": [
      [
        0.11485576117748454,
        0.9932130328610865,
        -0.018330997769429785,
        -12.462700427143773
      ],
      [
        -0.9933715726098243,
        0.11492025185892957,
        0.002500888515058637,
        -53.67617200967061
      ],
      [
        0.004590517947377195,
        0.01792225062770856,
        0.9998288453917562,
        2.353514135780955
      ],
      [
        0.0,
        0.0,
        0.0,
        1.0
      ]
    ],
    "location": [
      -12.462700427143773,
      -53.67617200967061,
      2.353514135780955
    ],
    "rotation": [
      0.01792339909516143,
      -0.004590534070083282,
      -1.455685309824171
    ]
  },
  {
    "label_id": "uBir3bCA9zjgSvn3mrQnLw",
    "size": [
      1.9349192274197788,
      4.386029500164433,
      1.8845223797346762
    ],
    "obj_class": "vehicle",
    "point_num_in_lidar": 101,
    "speed": 0.008196429914023104,
    "if_vehicle": true,
    "motion_state": false,
    "pose": [
      [
        0.1448153872409338,
        0.9892888749698117,
        -0.018330997769429785,
        2.599132959486269
      ],
      [
        -0.989445393597512,
        0.1448846390936589,
        0.002500888515058637,
        -83.1140939319962
      ],
      [
        0.005129981181537782,
        0.017775354164253947,
        0.9998288453917562,
        0.7447042454022608
      ],
      [
        0.0,
        0.0,
        0.0,
        1.0
      ]
    ],
    "location": [
      2.599132959486269,
      -83.1140939319962,
      0.7447042454022608
    ],
    "rotation": [
      0.017776524293018642,
      -0.005130003682506131,
      -1.4254680105195592
    ]
  },
  {
    "label_id": "vI6mYZKIhXXxN2zXqh0BHQ",
    "size": [
      2.0442416930021152,
      4.494323398328529,
      2.0376365776496073
    ],
    "obj_class": "vehicle",
    "point_num_in_lidar": 600,
    "speed": 0.010627148369317716,
    "if_vehicle": true,
    "motion_state": false,
    "pose": [
      [
        0.9963277035810643,
        -0.08363660441254209,
        -0.018330997769429785,
        22.288415820661157
      ],
      [
        0.08369608907055347,
        0.9964881887061828,
        0.002500888515058637,
        -52.302025495239604
      ],
      [
        0.018057456941022336,
        -0.004025937333182942,
        0.9998288453917562,
        0.8706902689589526
      ],
      [
        0.0,
        0.0,
        0.0,
        1.0
      ]
    ],
    "location": [
      22.288415820661157,
      -52.302025495239604,
      0.8706902689589526
    ],
    "rotation": [
      -0.004026604746877664,
      -0.018058438422811986,
      0.08380781093243643
    ]
  },
  {
    "label_id": "vyRXlUjkcqmSafqFWVeyfw",
    "size": [
      2.2640839842074882,
      4.927576127500028,
      1.8239563287957026
    ],
    "obj_class": "vehicle",
    "point_num_in_lidar": 4247,
    "speed": 0.007688163769792841,
    "if_vehicle": true,
    "motion_state": false,
    "pose": [
      [
        -0.09611159949691933,
        -0.9952017559082786,
        -0.018330997769429785,
        9.701138637234635
      ],
      [
        0.995361483241834,
        -0.09617308997454281,
        0.002500888515058637,
        -28.16476141643261
      ],
      [
        -0.004251837339319717,
        -0.01800560473373662,
        0.9998288453917562,
        1.019449308418217
      ],
      [
        0.0,
        0.0,
        0.0,
        1.0
      ]
    ],
    "location": [
      9.701138637234635,
      -28.16476141643261,
      1.019449308418217
    ],
    "rotation": [
      -0.01800674056629666,
      0.004251850150295416,
      1.667057388447106
    ]
  },
  {
    "label_id": "yz49x2OdjntgcV90xPRffw",
    "size": [
      0.42898716128876024,
      0.03500187320786129,
      0.4900000000000091
    ],
    "obj_class": "sign",
    "point_num_in_lidar": 165,
    "speed": 0.019400525226937058,
    "if_vehicle": false,
    "motion_state": false,
    "pose": [
      [
        -0.05385254028957025,
        -0.9983806280297798,
        -0.018330997769429785,
        -3.271137465467291
      ],
      [
        0.9985428176092168,
        -0.05390720691782807,
        0.002500888515058637,
        -33.071289795053644
      ],
      [
        -0.003485011536063601,
        -0.018169606962757767,
        0.9998288453917562,
        2.1516824509086803
      ],
      [
        0.0,
        0.0,
        0.0,
        1.0
      ]
    ],
    "location": [
      -3.271137465467291,
      -33.071289795053644,
      2.1516824509086803
    ],
    "rotation": [
      -0.018170717204284006,
      0.003485018590523732,
      1.62467525820927
    ]
  }
]