[
  {
    "label_id": "-9n3l1ftnrh3erkNAgxskg",
    "size": [
      1.8088870024089774,
      4.249731073787269,
      1.4199999999999875
    ],
    "obj_class": "vehicle",
    "point_num_in_lidar": 830,
    "speed": 0.005546066711509766,
    "if_vehicle": true,
    "motion_state": false,
    "pose": [
      [
        0.11486453964751236,
        0.9932889445128789,
        -0.01353551772397062,
        -10.051539781999963
      ],
      [
        -0.9933646509887428,
        0.11493053236065898,
        0.004200344903527225,
        -53.31503666671097
      ],
      [
        0.005727800413607686,
        0.012963234156119588,
        0.9998995683880634,
        1.6592015531717834
      ],
      [
        0.0,
        0.0,
        0.0,
        1.0
      ]
    ],
    "location": [
      -10.051539781999963,
      -53.31503666671097,
      1.6592015531717834
    ],
    "rotation": [
      0.012963809922344117,
      -0.0057278317333940365,
      -1.4556757942971854
    ]
  },
  {
    "label_id": "-Pvhejf9atK6w-QFnvLaRQ",
    "size": [
      0.6682886707065298,
      0.5999527252716165,
      1.6500000000000057
    ],
    "obj_class": "pedestrian",
    "point_num_in_lidar": 122,
    "speed": 0.6005303323490282,
    "if_vehicle": false,
    "motion_state": false,
    "pose": [
      [
        0.9153573010501604,
        -0.4024149614193165,
        -0.01353551772397062,
        18.90177464033377
      ],
      [
        0.40250032999833607,
        0.9154102039271367,
        0.004200344903527225,
        -42.23733069157015
      ],
      [
        0.010700269407658588,
        -0.00929286672496898,
        0.9998995683880634,
        0.9592640642899255
      ],
      [
        0.0,
        0.0,
        0.0,
        1.0
      ]
    ],
    "location": [
      18.90177464033377,
      -42.23733069157015,
      0.9592640642899255
    ],
    "rotation": [
      -0.009293532547032813,
      -0.01070047360743573,
      0.4142717327402391
    ]
  },
  {
    "label_id": "0PN740DVxEn0FbdlDATsZQ",
    "size": [
      0.6190203869991351,
      0.07382364213187018,
      0.46999999999999886
    ],
    "obj_class": "sign",
    "point_num_in_lidar": 96,
    "speed": 0.007323308562388816,
    "if_vehicle": false,
    "motion_state": false,
    "pose": [
      [
        0.9426424714153798,
        -0.33352955018086294,
        -0.01353551772397062,
        -6.474879144029728
      ],
      [
        0.33361076702619175,
        0.9427015504532107,
        0.004200344903527225,
        -44.02714661966593
      ],
      [
        0.011359014398296102,
        -0.008475017950648351,
        0.9998995683880634,
        2.6477103643188116
      ],
      [
        0.0,
        0.0,
        0.0,
        1.0
      ]
    ],
    "location": [
      -6.474879144029728,
      -44.02714661966593,
      2.6477103643188116
    ],
    "rotation": [
      -0.008475666234775098,
      -0.011359258682799172,
      0.3401540203010208
    ]
  },
  {
    "label_id": "0XEOOu0aPfh0jy49JW5Xmw",
    "size": [
      1.8428869658624467,
      4.670595546022981,
      1.6080087281538908
    ],
    "obj_class": "vehicle",
    "point_num_in_lidar": 912,
    "speed": 0.0016564033147797466,
    "if_vehicle": true,
    "motion_state": false,
    "pose": [
      [
        0.033684603307102684,
        0.9993408513915495,
        -0.01353551772397062,
        -7.486556698854656
      ],
      [
        -0.99942167516485,
        0.03374421896230876,
        0.004200344903527225,
        -53.56478978852442
      ],
      [
        0.004654321725874929,
        0.013386202846085911,
        0.9998995683880634,
        1.2269447999850343
      ],
      [
        0.0,
        0.0,
        0.0,
        1.0
      ]
    ],
    "location": [
      -7.486556698854656,
      -53.56478978852442,
      1.2269447999850343
    ],
    "rotation": [
      0.013386747664294003,
      -0.00465433853024294,
      -1.5371049851168541
    ]
  },
  {
    "label_id": "0iA9NWHBXHI4nn_iiYVPiA",
    "size": [
      2.008033295805037,
      4.764529851649029,
      1.6146687057198505
    ],
    "obj_class": "vehicle",
    "point_num_in_lidar": 181,
    "speed": 0.008897729535186163,
    "if_vehicle": true,
    "motion_state": false,
    "pose": [
      [
        0.9968808883209974,
        -0.07775142609806547,
        -0.01353551772397062,
        33.65960622493321
      ],
      [
        0.07781455032886081,
        0.9969590025973026,
        0.004200344903527225,
        -51.343232550319954
      ],
      [
        0.013167773443374877,
        -0.005240503783841894,
        0.9998995683880634,
        0.2151574162213592
      ],
      [
        0.0,
        0.0,
        0.0,
        1.0
      ]
    ],
    "location": [
      33.65960622493321,
      -51.343232550319954,
      0.2151574162213592
    ],
    "rotation": [
      -0.005240982162173185,
      -0.013168154000340063,
      0.07790006182355762
    ]
  },
  {
    "label_id": "0u0RUSPwp0b7ThBZnPiGnA",
    "size": [
      1.9349192274207454,
      4.354607322978385,
      1.623099572706593
    ],
    "obj_class": "vehicle",
    "point_num_in_lidar": 21,
    "speed": 1.9705571142325161e-28,
    "if_vehicle": true,
    "motion_state": false,
    "pose": [
      [
        0.14482645553651383,
        0.9893644866967249,
        -0.01353551772397062,
        1.7016169492044355
      ],
      [
        -0.9894381644896206,
        0.14489470574904245,
        0.004200344903527225,
        -74.86893014163843
      ],
      [
        0.0061168969372030904,
        0.01278423674781351,
        0.9998995683880634,
        0.8582935347459397
      ],
      [
        0.0,
        0.0,
        0.0,
        1.0
      ]
    ],
    "location": [
      1.7016169492044355,
      -74.86893014163843,
      0.8582935347459397
    ],
    "rotation": [
      0.012784824205522445,
      -0.006116935083251156,
      -1.4254560117770647
    ]
  },
  {
    "label_id": "1PJMXh_QRnuK0Be6MrKRjw",
    "size": [
      1.096876928125915,
      1.1237519986293447,
      1.6599999999999966
    ],
    "obj_class": "pedestrian",
    "point_num_in_lidar": 311,
    "speed": 1.523143749280013,
    "if_vehicle": false,
    "motion_state": true,
    "pose": [
      [
        0.09042132908661976,
        -0.995811615219542,
        -0.01353551772397062,
        -5.006147138649794
      ],
      [
        0.9958992039861119,
        0.09037218932016765,
        0.004200344903527225,
        -47.35989978376824
      ],
      [
        -0.0029595178725634603,
        -0.01385981209564139,
        0.9998995683880634,
        1.138516173344783
      ],
      [
        0.0,
        0.0,
        0.0,
        1.0
      ]
    ],
    "location": [
      -5.006147138649794,
      -47.35989978376824,
      1.138516173344783
    ],
    "rotation": [
      -0.013860316569547716,
      0.002959522192858062,
      1.4802509301546873
    ]
  },
  {
    "label_id": "2Cz4S0_K-vtB5MmfFWn30w",
    "size": [
      2.0354224153175435,
      4.51469033328051,
      1.9641317074623146
    ],
    "obj_class": "vehicle",
    "point_num_in_lidar": 504,
    "speed": 2.2031446428796765e-28,
    "if_vehicle": true,
    "motion_state": false,
    "pose": [
      [
        -0.08183310052967996,
        -0.9965541296977516,
        -0.01353551772397062,
        12.079111073830063
      ],
      [
        0.9966319848190697,
        -0.08189654411691112,
        0.004200344903527225,
        -61.328122038929905
      ],
      [
        -0.005294383184191353,
        -0.013146202648044862,
        0.9998995683880634,
        0.9439264154131592
      ],
      [
        0.0,
        0.0,
        0.0,
        1.0
      ]
    ],
    "location": [
      12.079111073830063,
      -61.328122038929905,
      0.9439264154131592
    ],
    "rotation": [
      -0.013146765604816342,
      0.005294407918532076,
      1.652722189150305
    ]
  },
  {
    "label_id": "4USvvbsSF6Lj9J0BKmashw",
    "size": [
      2.0595813114844606,
      4.786206074628197,
      1.8546687057198596
    ],
    "obj_class": "vehicle",
    "point_num_in_lidar": 44,
    "speed": 0.0,
    "if_vehicle": true,
    "motion_state": false,
    "pose": [
      [
        0.9968808883210035,
        -0.07775142609798667,
        -0.01353551772397062,
        39.60058153284808
      ],
      [
        0.07781455032878201,
        0.9969590025973089,
        0.004200344903527225,
        -51.17561196333054
      ],
      [
        0.013167773443375292,
        -0.005240503783840854,
        0.9998995683880634,
        -0.11434545271973207
      ],
      [
        0.0,
        0.0,
        0.0,
        1.0
      ]
    ],
    "location": [
      39.60058153284808,
      -51.17561196333054,
      -0.11434545271973207
    ],
    "rotation": [
      -0.005240982162172145,
      -0.013168154000340477,
      0.07790006182347858
    ]
  },
  {
    "label_id": "8n9ATSafwSu4xC92lmLX-w",
    "size": [
      2.1304863058134487,
      4.600270226436806,
      1.6703842882664048
    ],
    "obj_class": "vehicle",
    "point_num_in_lidar": 54,
    "speed": 8.261795223089925e-29,
    "if_vehicle": true,
    "motion_state": false,
    "pose": [
      [
        -0.9982818025202052,
        0.057010810527073595,
        -0.01353551772397062,
        36.57210207900607
      ],
      [
        -0.0570722972255087,
        -0.9983612121832931,
        0.004200344903527225,
        -42.76634971967974
      ],
      [
        -0.013273870814988407,
        0.004965630972143308,
        0.9998995683880634,
        0.286177043730504
      ],
      [
        0.0,
        0.0,
        0.0,
        1.0
      ]
    ],
    "location": [
      36.57210207900607,
      -42.76634971967974,
      0.286177043730504
    ],
    "rotation": [
      0.004966088903528234,
      0.013274260645606214,
      -3.084484290946173
    ]
  },
  {
    "label_id": "8urfTofpA8JqmNQ99FVdxw",
    "size": [
      0.829098499634569,
      0.07241923128280195,
      0.8481025854576956
    ],
    "obj_class": "sign",
    "point_num_in_lidar": 58,
    "speed": 0.005821031887355321,
    "if_vehicle": false,
    "motion_state": false,
    "pose": [
      [
        0.007956439749327261,
        -0.9998767348160768,
        -0.01353551772397062,
        -2.7059284890178787
      ],
      [
        0.9999599708443415,
        0.007900241241563242,
        0.004200344903527225,
        -36.83068591222582
      ],
      [
        -0.004092893291891329,
        -0.013568395699776038,
        0.9998995683880634,
        3.0042093484055954
      ],
      [
        0.0,
        0.0,
        0.0,
        1.0
      ]
    ],
    "location": [
      -2.7059284890178787,
      -36.83068591222582,
      3.0042093484055954
    ],
    "rotation": [
      -0.013568925720208602,
      0.004092904719182399,
      1.5628397364510034
    ]
  },
  {
    "label_id": "APG5BmGXRH0wLko7A9ofyA",
    "size": [
      0.7873702766808917,
      0.9066863818395781,
      1.7700000000000102
    ],
    "obj_class": "pedestrian",
    "point_num_in_lidar": 217,
    "speed": 1.3688586671652316,
    "if_vehicle": false,
    "motion_state": true,
    "pose": [
      [
        0.8803181769551983,
        -0.4741905704273547,
        -0.01353551772397062,
        18.689744887719826
      ],
      [
        0.47427988910766317,
        0.8803640973430902,
        0.004200344903527225,
        -40.039775055459586
      ],
      [
        0.009924419897339587,
        -0.010117263813195741,
        0.9998995683880634,
        1.0294858837266645
      ],
      [
        0.0,
        0.0,
        0.0,
        1.0
      ]
    ],
    "location": [
      18.689744887719826,
      -40.039775055459586,
      1.0294858837266645
    ],
    "rotation": [
      -0.010117934727789211,
      -0.009924582820712173,
      0.4941724240253235
    ]
  },
  {
    "label_id": "CYV4SU0XklbwbVv2IWT0nA",
    "size": [
      1.9349192274206781,
      4.195520774496485,
      1.7292390369619568
    ],
    "obj_class": "vehicle",
    "point_num_in_lidar": 35,
    "speed": 2.7538129124647054e-28,
    "if_vehicle": true,
    "motion_state": false,
    "pose": [
      [
        0.14482645553627657,
        0.9893644866967597,
        -0.01353551772397062,
        3.827792192062134
      ],
      [
        -0.9894381644896555,
        0.14489470574880517,
        0.004200344903527225,
        -99.495149743208
      ],
      [
        0.006116896937200024,
        0.012784236747814978,
        0.9998995683880634,
        0.43755957843939086
      ],
      [
        0.0,
        0.0,
        0.0,
        1.0
      ]
    ],
    "location": [
      3.827792192062134,
      -99.495149743208,
      0.43755957843939086
    ],
    "rotation": [
      0.012784824205523912,
      -0.00611693508324809,
      -1.4254560117773045
    ]
  },
  {
    "label_id": "Cazsg4P9FoeJaboJA4hG6w",
    "size": [
      1.4096193194792885,
      3.3000209269787204,
      1.015916486272232
    ],
    "obj_class": "vehicle",
    "point_num_in_lidar": 27,
    "speed": 7.435751956712197e-28,
    "if_vehicle": true,
    "motion_state": false,
    "pose": [
      [
        0.006661723645974461,
        0.9998861991236846,
        -0.01353551772397062,
        -20.669122229005097
      ],
      [
        -0.9999686046844767,
        0.006719132985168944,
        0.004200344903527225,
        -55.22928125050021
      ],
      [
        0.004290813844206847,
        0.013507111235155828,
        0.9998995683880634,
        3.246248789019603
      ],
      [
        0.0,
        0.0,
        0.0,
        1.0
      ]
    ],
    "location": [
      -20.669122229005097,
      -55.22928125050021,
      3.246248789019603
    ],
    "rotation": [
      0.013507646333068364,
      -0.0042908270107378885,
      -1.564134492548003
    ]
  },
  {
    "label_id": "H1tav3xjofg6y0L4ChXbOQ",
    "size": [
      1.9349192274204678,
      4.302774069524423,
      1.7321937601380455
    ],
    "obj_class": "vehicle",
    "point_num_in_lidar": 378,
    "speed": 0.01273477488828854,
    "if_vehicle": true,
    "motion_state": false,
    "pose": [
      [
        0.10138928674211209,
        0.9947547447958565,
        -0.01353551772397062,
        0.8289005364654258
      ],
      [
        -0.9948313388911895,
        0.10145424713955781,
        0.004200344903527225,
        -61.96970661327259
      ],
      [
        0.005551548782892382,
        0.013039687246083627,
        0.9998995683880634,
        0.9881229624323851
      ],
      [
        0.0,
        0.0,
        0.0,
        1.0
      ]
    ],
    "location": [
      0.8289005364654258,
      -61.96970661327259,
      0.9881229624323851
    ],
    "rotation": [
      0.013040257766164035,
      -0.005551577299460226,
      -1.469230950959095
    ]
  },
  {
    "label_id": "H4ZJVyQIKvT6bqNH6t4Dbg",
    "size": [
      2.010142973308689,
      4.442158084755917,
      1.773055149164719
    ],
    "obj_class": "vehicle",
    "point_num_in_lidar": 147,
    "speed": 0.006249896066247973,
    "if_vehicle": true,
    "motion_state": false,
    "pose": [
      [
        -0.08183310052962951,
        -0.9965541296977557,
        -0.01353551772397062,
        12.810428619760387
      ],
      [
        0.9966319848190738,
        -0.08189654411686066,
        0.004200344903527225,
        -67.48188567841703
      ],
      [
        -0.005294383184190688,
        -0.013146202648045129,
        0.9998995683880634,
        0.7631820125925515
      ],
      [
        0.0,
        0.0,
        0.0,
        1.0
      ]
    ],
    "location": [
      12.810428619760387,
      -67.48188567841703,
      0.7631820125925515
    ],
    "rotation": [
      -0.01314676560481661,
      0.005294407918531411,
      1.6527221891502544
    ]
  },
  {
    "label_id": "HGJgCHriQZAfJVZ98nkXOg",
    "size": [
      2.0442416930015868,
      4.5267537452415025,
      1.8546687057198596
    ],
    "obj_class": "vehicle",
    "point_num_in_lidar": 204,
    "speed": 8.261795223089925e-29,
    "if_vehicle": true,
    "motion_state": false,
    "pose": [
      [
        0.9857808972352682,
        -0.16748973821095264,
        -0.01353551772397062,
        28.025903526247475
      ],
      [
        0.16755966102453518,
        0.9858529895983651,
        0.004200344903527225,
        -51.751952666763145
      ],
      [
        0.01264051594565061,
        -0.006408626529316759,
        0.9998995683880634,
        0.43851057406982363
      ],
      [
        0.0,
        0.0,
        0.0,
        1.0
      ]
    ],
    "location": [
      28.025903526247475,
      -51.751952666763145,
      0.43851057406982363
    ],
    "rotation": [
      -0.0064091824632276605,
      -0.012640852592365373,
      0.16836739043292578
    ]
  },
  {
    "label_id": "LjhBYT85_Si4U-7ahKCHRw",
    "size": [
      0.7605374054823811,
      0.8583638543344657,
      1.7199999999999989
    ],
    "obj_class": "pedestrian",
    "point_num_in_lidar": 112,
    "speed": 1.3769064562323527e-28,
    "if_vehicle": false,
    "motion_state": false,
    "pose": [
      [
        0.1209348969334666,
        0.9925681540648157,
        -0.01353551772397062,
        -1.0936797521926565
      ],
      [
        -0.9926434556773207,
        0.12100135124732463,
        0.004200344903527225,
        -58.27476357657997
      ],
      [
        0.005806944521762131,
        0.012927974809910743,
        0.9998995683880634,
        1.2267673484956276
      ],
      [
        0.0,
        0.0,
        0.0,
        1.0
      ]
    ],
    "location": [
      -1.0936797521926565,
      -58.27476357657997,
      1.2267673484956276
    ],
    "rotation": [
      0.0129285529444875,
      -0.0058069771578707985,
      -1.44956263475975
    ]
  },
  {
    "label_id": "NsKk9oPmueJ9-2tNO3S59g",
    "size": [
      0.4721599565314532,
      0.06010182159104723,
      0.2181025854576717
    ],
    "obj_class": "sign",
    "point_num_in_lidar": 72,
    "speed": 0.004931630210846366,
    "if_vehicle": false,
    "motion_state": false,
    "pose": [
      [
        0.007956439739107358,
        -0.9998767348161581,
        -0.01353551772397062,
        -2.7552998279079475
      ],
      [
        0.9999599708444223,
        0.007900241231342486,
        0.004200344903527225,
        -36.812293616148736
      ],
      [
        -0.004092893292030013,
        -0.013568395699734203,
        0.9998995683880634,
        2.4367100542515345
      ],
      [
        0.0,
        0.0,
        0.0,
        1.0
      ]
    ],
    "location": [
      -2.7552998279079475,
      -36.812293616148736,
      2.4367100542515345
    ],
    "rotation": [
      -0.01356892572016677,
      0.004092904719321085,
      1.5628397364612236
    ]
  },
  {
    "label_id": "RsPjLbY6rSq3G6GCfd_Hag",
    "size": [
      0.9641732418057295,
      0.07417798742342488,
      1.0101693366826225
    ],
    "obj_class": "sign",
    "point_num_in_lidar": 23,
    "speed": 0.00908384323710925,
    "if_vehicle": false,
    "motion_state": false,
    "pose": [
      [
        0.9426424714158939,
        -0.33352955017941033,
        -0.01353551772397062,
        -6.465189411462688
      ],
      [
        0.3336107670247391,
        0.9427015504537248,
        0.004200344903527225,
        -44.05587208096972
      ],
      [
        0.011359014398309162,
        -0.008475017950630848,
        0.9998995683880634,
        3.410372879491547
      ],
      [
        0.0,
        0.0,
        0.0,
        1.0
      ]
    ],
    "location": [
      -6.465189411462688,
      -44.05587208096972,
      3.410372879491547
    ],
    "rotation": [
      -0.008475666234757593,
      -0.011359258682812234,
      0.3401540202994798
    ]
  },
  {
    "label_id": "T2aPKhW4G4-JDmrDwr2Oug",
    "size": [
      2.1272598187990592,
      4.479459850471301,
      1.8430551491647122
    ],
    "obj_class": "vehicle",
    "point_num_in_lidar": 41,
    "speed": 0.007812554890261407,
    "if_vehicle": true,
    "motion_state": false,
    "pose": [
      [
        -0.06725690345386158,
        -0.9976438736832607,
        -0.01353551772397062,
        13.647595705118874
      ],
      [
        0.9977226478932958,
        -0.06731920218988048,
        0.004200344903527225,
        -82.05920226627313
      ],
      [
        -0.005101648614765333,
        -0.013222190392517152,
        0.9998995683880634,
        0.5143263323021472
      ],
      [
        0.0,
        0.0,
        0.0,
        1.0
      ]
    ],
    "location": [
      13.647595705118874,
      -82.05920226627313,
      0.5143263323021472
    ],
    "rotation": [
      -0.013222747771485957,
      0.005101670744971691,
      1.6381049169885447
    ]
  },
  {
    "label_id": "U274uuUDtmNBxMLLEvdXXw",
    "size": [
      2.0834382731001466,
      5.033652962736186,
      1.740000000000009
    ],
    "obj_class": "vehicle",
    "point_num_in_lidar": 5666,
    "speed": 0.012384665124638719,
    "if_vehicle": true,
    "motion_state": false,
    "pose": [
      [
        -0.06952793872565378,
        -0.9974881731110928,
        -0.01353551772397062,
        9.974005656287318
      ],
      [
        0.9975668052893438,
        -0.06959041663550751,
        0.004200344903527225,
        -34.149512892716984
      ],
      [
        -0.005131736682044274,
        -0.01321054185075961,
        0.9998995683880634,
        1.0864786164804343
      ],
      [
        0.0,
        0.0,
        0.0,
        1.0
      ]
    ],
    "location": [
      9.974005656287318,
      -34.149512892716984,
      1.0864786164804343
    ],
    "rotation": [
      -0.013211100094664828,
      0.0051317592061204806,
      1.6403813233684303
    ]
  },
  {
    "label_id": "ZSvYH6nbj5WT83yRrAyqOQ",
    "size": [
      1.7833104792114691,
      4.237803260858649,
      1.3700000000000045
    ],
    "obj_class": "vehicle",
    "point_num_in_lidar": 358,
    "speed": 0.005617862339733928,
    "if_vehicle": true,
    "motion_state": false,
    "pose": [
      [
        0.09736166221469039,
        0.9951570210226809,
        -0.01353551772397062,
        -14.863191532813744
      ],
      [
        -0.9952338774518824,
        0.09742631202494981,
        0.004200344903527225,
        -54.295092241272414
      ],
      [
        0.0054987182946567535,
        0.013062053226063545,
        0.9998995683880634,
        2.672526208118285
      ],
      [
        0.0,
        0.0,
        0.0,
        1.0
      ]
    ],
    "location": [
      -14.863191532813744,
      -54.295092241272414,
      2.672526208118285
    ],
    "rotation": [
      0.013062622182630794,
      -0.005498746004819174,
      -1.4732787057797971
    ]
  },
  {
    "label_id": "bHpaedxqOe2u_jKwEQsk3A",
    "size": [
      1.0814627133276464,
      0.08800643864016114,
      1.1074324324324039
    ],
    "obj_class": "sign",
    "point_num_in_lidar": 83,
    "speed": 0.00924827572170505,
    "if_vehicle": false,
    "motion_state": false,
    "pose": [
      [
        -0.9984441870331082,
        0.05409246841973127,
        -0.01353551772397062,
        28.198208676793456
      ],
      [
        -0.054153722731418295,
        -0.9985237760899938,
        0.004200344903527225,
        -53.36265119159589
      ],
      [
        -0.013288329245026157,
        0.004926808626311003,
        0.9998995683880634,
        3.754860724412424
      ],
      [
        0.0,
        0.0,
        0.0,
        1.0
      ]
    ],
    "location": [
      28.198208676793456,
      -53.36265119159589,
      3.754860724412424
    ],
    "rotation": [
      0.004927263608373586,
      0.013288720350956821,
      -3.0874076382155877
    ]
  },
  {
    "label_id": "dO3XeoHjmd8frfTyHWTKiA",
    "size": [
      0.7686596977191231,
      0.09465907462909492,
      0.3428215271210604
    ],
    "obj_class": "sign",
    "point_num_in_lidar": 33,
    "speed": 6.966955913365949e-28,
    "if_vehicle": false,
    "motion_state": false,
    "pose": [
      [
        -0.9968107137633802,
        0.07864598328258425,
        -0.01353551772397062,
        -7.057772628845214
      ],
      [
        -0.07870917758674098,
        -0.9968887713613341,
        0.004200344903527225,
        -56.29109050027682
      ],
      [
        -0.013163065378524743,
        0.005252318269601833,
        0.9998995683880634,
        3.15014486785833
      ],
      [
        0.0,
        0.0,
        0.0,
        1.0
      ]
    ],
    "location": [
      -7.057772628845214,
      -56.29109050027682,
      3.15014486785833
    ],
    "rotation": [
      0.005252797509319275,
      0.01316344552741651,
      -3.0627951386745926
    ]
  },
  {
    "label_id": "lOvlYgibjIeJQY-GUu_iZw",
    "size": [
      1.9792041285705608,
      4.374703024899077,
      1.6158927815274922
    ],
    "obj_class": "vehicle",
    "point_num_in_lidar": 1585,
    "speed": 3.531325732853602,
    "if_vehicle": true,
    "motion_state": true,
    "pose": [
      [
        -0.9780076531219587,
        0.20812933525772487,
        -0.01353551772397062,
        13.406306616622715
      ],
      [
        -0.20820218075806485,
        -0.9780767909680085,
        0.004200344903527225,
        -47.61927111188129
      ],
      [
        -0.012364560746927492,
        0.006926093769221563,
        0.9998995683880634,
        1.0150265561143783
      ],
      [
        0.0,
        0.0,
        0.0,
        1.0
      ]
    ],
    "location": [
      13.406306616622715,
      -47.61927111188129,
      1.0150265561143783
    ],
    "rotation": [
      0.006926678657636007,
      0.012364875822480552,
      -2.9318398806155095
    ]
  },
  {
    "label_id": "n-P7bAYuQSI8-nxyURdrbA",
    "size": [
      2.039127068439986,
      4.482764801241222,
      1.8430551491647122
    ],
    "obj_class": "vehicle",
    "point_num_in_lidar": 133,
    "speed": 0.001745565215682418,
    "if_vehicle": true,
    "motion_state": false,
    "pose": [
      [
        -0.06725690345391341,
        -0.9976438736832572,
        -0.01353551772397062,
        13.419587809568384
      ],
      [
        0.9977226478932922,
        -0.06731920218993231,
        0.004200344903527225,
        -76.23121999344926
      ],
      [
        -0.005101648614766019,
        -0.013222190392516887,
        0.9998995683880634,
        0.618969543994524
      ],
      [
        0.0,
        0.0,
        0.0,
        1.0
      ]
    ],
    "location": [
      13.419587809568384,
      -76.23121999344926,
      0.618969543994524
    ],
    "rotation": [
      -0.013222747771485691,
      0.005101670744972377,
      1.6381049169885966
    ]
  },
  {
    "label_id": "ok9rVj3OHGAFI-2PL5Wovg",
    "size": [
      2.1956561545086615,
      4.543018653385836,
      1.7759030005318266
    ],
    "obj_class": "vehicle",
    "point_num_in_lidar": 85,
    "speed": 0.015507840662357142,
    "if_vehicle": true,
    "motion_state": false,
    "pose": [
      [
        -0.998511601030451,
        0.052833439861033143,
        -0.01353551772397062,
        30.295763076966068
      ],
      [
        -0.052894593766412666,
        -0.998591267262526,
        0.004200344903527225,
        -43.31296968114634
      ],
      [
        -0.0132945311271781,
        0.00491004882592857,
        0.9998995683880634,
        0.2595160281199185
      ],
      [
        0.0,
        0.0,
        0.0,
        1.0
      ]
    ],
    "location": [
      30.295763076966068,
      -43.31296968114634,
      0.2595160281199185
    ],
    "rotation": [
      0.004910502530156425,
      0.01329492278100018,
      -3.088668682043193
    ]
  },
  {
    "label_id": "oqQJJ1ZiQdF_EpbbOCdUiA",
    "size": [
      1.9349192274207263,
      4.354607322978385,
      2.023099572706599
    ],
    "obj_class": "vehicle",
    "point_num_in_lidar": 194,
    "speed": 0.007352802917953279,
    "if_vehicle": true,
    "motion_state": false,
    "pose": [
      [
        0.12007695640652921,
        0.9926723096269425,
        -0.01353551772397062,
        1.3274881103593543
      ],
      [
        -0.992747668649036,
        0.12014334561096267,
        0.004200344903527225,
        -68.89852521463467
      ],
      [
        0.00579576846054844,
        0.012932989032556312,
        0.9998995683880634,
        0.9533234912769899
      ],
      [
        0.0,
        0.0,
        0.0,
        1.0
      ]
    ],
    "location": [
      1.3274881103593543,
      -68.89852521463467,
      0.9533234912769899
    ],
    "rotation": [
      0.012933566832292874,
      -0.005795800908583012,
      -1.4504268959891333
    ]
  },
  {
    "label_id": "p6iRJjcLly4-iM5zuK3Gog",
    "size": [
      2.1272598187990592,
      4.479459850471301,
      1.8430551491647122
    ],
    "obj_class": "vehicle",
    "point_num_in_lidar": 28,
    "speed": 0.00686480446950657,
    "if_vehicle": true,
    "motion_state": false,
    "pose": [
      [
        -0.06725690345386158,
        -0.9976438736832607,
        -0.01353551772397062,
        15.271428479118185
      ],
      [
        0.9977226478932958,
        -0.06731920218988048,
        0.004200344903527225,
        -96.60108861756885
      ],
      [
        -0.005101648614765333,
        -0.013222190392517152,
        0.9998995683880634,
        0.450268186932135
      ],
      [
        0.0,
        0.0,
        0.0,
        1.0
      ]
    ],
    "location": [
      15.271428479118185,
      -96.60108861756885,
      0.450268186932135
    ],
    "rotation": [
      -0.013222747771485957,
      0.005101670744971691,
      1.6381049169885447
    ]
  },
  {
    "label_id": "q_7E83MEyayUrGb4ZRKhVw",
    "size": [
      2.1856928474832737,
      4.602840353629162,
      1.8461367669710853
    ],
    "obj_class": "vehicle",
    "point_num_in_lidar": 420,
    "speed": 0.005543615358565033,
    "if_vehicle": true,
    "motion_state": false,
    "pose": [
      [
        -0.9985116010304717,
        0.05283343986064269,
        -0.01353551772397062,
        24.23287842267655
      ],
      [
        -0.052894593766022194,
        -0.9985912672625465,
        0.004200344903527225,
        -43.71997035667687
      ],
      [
        -0.01329453112718002,
        0.004910048825923371,
        0.9998995683880634,
        0.6544424026036779
      ],
      [
        0.0,
        0.0,
        0.0,
        1.0
      ]
    ],
    "location": [
      24.23287842267655,
      -43.71997035667687,
      0.6544424026036779
    ],
    "rotation": [
      0.004910502530151226,
      0.0132949227810021,
      -3.0886686820435836
    ]
  },
  {
    "label_id": "thTxgts9V3NUocBGo149Iw",
    "size": [
      1.7833104792116872,
      4.237803260858649,
      1.8400000000000034
    ],
    "obj_class": "vehicle",
    "point_num_in_lidar": 724,
    "speed": 0.010066246096101157,
    "if_vehicle": true,
    "motion_state": false,
    "pose": [
      [
        0.11486453964722124,
        0.9932889445129125,
        -0.01353551772397062,
        -12.43250533087894
      ],
      [
        -0.9933646509887765,
        0.11493053236036782,
        0.004200344903527225,
        -53.637167855360076
      ],
      [
        0.005727800413603887,
        0.012963234156121268,
        0.9998995683880634,
        2.387301586872752
      ],
      [
        0.0,
        0.0,
        0.0,
        1.0
      ]
    ],
    "location": [
      -12.43250533087894,
      -53.637167855360076,
      2.387301586872752
    ],
    "rotation": [
      0.012963809922345795,
      -0.005727831733390238,
      -1.4556757942974785
    ]
  },
  {
    "label_id": "uBir3bCA9zjgSvn3mrQnLw",
    "size": [
      1.9349192274197788,
      4.386029500164433,
      1.8845223797346762
    ],
    "obj_class": "vehicle",
    "point_num_in_lidar": 121,
    "speed": 0.008196429914108067,
    "if_vehicle": true,
    "motion_state": false,
    "pose": [
      [
        0.1448264555363495,
        0.989364486696749,
        -0.01353551772397062,
        2.592522302589259
      ],
      [
        -0.9894381644896447,
        0.1448947057488781,
        0.004200344903527225,
        -83.07447794581503
      ],
      [
        0.006116896937200966,
        0.012784236747814526,
        0.9998995683880634,
        0.7206059929249307
      ],
      [
        0.0,
        0.0,
        0.0,
        1.0
      ]
    ],
    "location": [
      2.592522302589259,
      -83.07447794581503,
      0.7206059929249307
    ],
    "rotation": [
      0.012784824205523461,
      -0.006116935083249032,
      -1.4254560117772308
    ]
  },
  {
    "label_id": "vI6mYZKIhXXxN2zXqh0BHQ",
    "size": [
      2.0442416930021143,
      4.494323398328529,
      2.0376365776496073
    ],
    "obj_class": "vehicle",
    "point_num_in_lidar": 433,
    "speed": 0.010627148457875168,
    "if_vehicle": true,
    "motion_state": false,
    "pose": [
      [
        0.9964038532883639,
        -0.08364299679019466,
        -0.01353551772397062,
        22.293898366839585
      ],
      [
        0.08370658168025207,
        0.996481593049314,
        0.004200344903527225,
        -52.35381072803398
      ],
      [
        0.01313656482904603,
        -0.005318251766960715,
        0.9998995683880634,
        0.8086635245246327
      ],
      [
        0.0,
        0.0,
        0.0,
        1.0
      ]
    ],
    "location": [
      22.293898366839585,
      -52.35381072803398,
      0.8086635245246327
    ],
    "rotation": [
      -0.005318735786821242,
      -0.013136942686433636,
      0.08381189259513155
    ]
  }
]