[
  {
    "label_id": "BGTIFancXgcYqs_LFRaPaA",
    "size": [
      1.3595662085829558,
      0.1769121714722368,
      1.3300000000000125
    ],
    "obj_class": "sign",
    "point_num_in_lidar": 38,
    "speed": 0.07227679849393738,
    "if_vehicle": false,
    "motion_state": false,
    "pose": [
      [
        0.9991044937805582,
        0.04224773286679297,
        -0.002310752066002579,
        -80.96892160496645
      ],
      [
        -0.04231053539197636,
        0.9973850838029222,
        -0.05859021421945982,
        11.665246772152386
      ],
      [
        -0.00017059407595415541,
        0.05863551547529855,
        0.9982794434538895,
        3.8144460822862243
      ],
      [
        0.0,
        0.0,
        0.0,
        1.0
      ]
    ],
    "location": [
      -80.96892160496645,
      11.665246772152386,
      3.8144460822862243
    ],
    "rotation": [
      0.05866916777904884,
      0.00017059407678160317,
      -0.04232317011092915
    ]
  },
  {
    "label_id": "VJ3F-NiHmRQh0umylCVJmA",
    "size": [
      2.0181655979292565,
      4.513134775681905,
      1.7700000000000102
    ],
    "obj_class": "vehicle",
    "point_num_in_lidar": 123,
    "speed": 17.73244837395357,
    "if_vehicle": true,
    "motion_state": true,
    "pose": [
      [
        0.9999073609241311,
        -0.013413798665127373,
        -0.002310752066002579,
        -96.3493366930943
      ],
      [
        0.013255415327925534,
        0.9981941097613239,
        -0.05859021421945982,
        2.997021371333176
      ],
      [
        0.003092496438689101,
        0.05855415649780485,
        0.9982794434538895,
        1.2375572250316225
      ],
      [
        0.0,
        0.0,
        0.0,
        1.0
      ]
    ],
    "location": [
      -96.3493366930943,
      2.997021371333176,
      1.2375572250316225
    ],
    "rotation": [
      0.05858794839463222,
      -0.0030925013679095684,
      0.013255866925033347
    ]
  },
  {
    "label_id": "jT38g8qP7TxoFXreShjseQ",
    "size": [
      1.9384529721739676,
      4.27370457474128,
      1.6899999999999977
    ],
    "obj_class": "vehicle",
    "point_num_in_lidar": 889,
    "speed": 17.790774099137593,
    "if_vehicle": true,
    "motion_state": true,
    "pose": [
      [
        0.9999119081219676,
        -0.013070440726124514,
        -0.002310752066002579,
        -129.10751700823675
      ],
      [
        0.012912645709794605,
        0.9981986026730809,
        -0.05859021421945982,
        2.2500917667475733
      ],
      [
        0.0030723894054940967,
        0.058555214974703444,
        0.9982794434538895,
        1.1251791813570833
      ],
      [
        0.0,
        0.0,
        0.0,
        1.0
      ]
    ],
    "location": [
      -129.10751700823675,
      2.2500917667475733,
      1.1251791813570833
    ],
    "rotation": [
      0.058589005060401426,
      -0.003072394239190516,
      0.012913065521906776
    ]
  },
  {
    "label_id": "jtZkCXXz-CJN7H96lJooeA",
    "size": [
      1.8789033336571441,
      4.251596265152163,
      1.5200000000000102
    ],
    "obj_class": "vehicle",
    "point_num_in_lidar": 63,
    "speed": 18.432545591119055,
    "if_vehicle": true,
    "motion_state": true,
    "pose": [
      [
        0.9998868711653821,
        -0.01486288316552145,
        -0.002310752066002579,
        -86.39469727435426
      ],
      [
        0.014702017094791743,
        0.9981738513360597,
        -0.05859021421945982,
        6.711018428222815
      ],
      [
        0.003177351797791256,
        0.05854961326042896,
        0.9982794434538895,
        1.2550567761983302
      ],
      [
        0.0,
        0.0,
        0.0,
        1.0
      ]
    ],
    "location": [
      -86.39469727435426,
      6.711018428222815,
      1.2550567761983302
    ],
    "rotation": [
      0.058583412929571546,
      -0.003177357144008851,
      0.01470262100594609
    ]
  },
  {
    "label_id": "mV--0dAvjt4OyGlzlXvfPw",
    "size": [
      2.0354414125032934,
      4.307956063242486,
      1.9099999999999966
    ],
    "obj_class": "vehicle",
    "point_num_in_lidar": 279,
    "speed": 17.307380871975838,
    "if_vehicle": true,
    "motion_state": true,
    "pose": [
      [
        0.999862642142674,
        -0.016412107492962468,
        -0.002310752066002579,
        -114.63083515908329
      ],
      [
        0.01624858743250908,
        0.9981498736182688,
        -0.05859021421945982,
        -0.866695184224227
      ],
      [
        0.0032680657764491004,
        0.058544619936195065,
        0.9982794434538895,
        1.0752562739103837
      ],
      [
        0.0,
        0.0,
        0.0,
        1.0
      ]
    ],
    "location": [
      -114.63083515908329,
      -0.866695184224227,
      1.0752562739103837
    ],
    "rotation": [
      0.05857842814485283,
      -0.0032680715937724453,
      0.016249389281923286
    ]
  },
  {
    "label_id": "vYEZJATafOSC7xU9nxERWw",
    "size": [
      1.32574396894755,
      0.13290627333578775,
      1.210000000000008
    ],
    "obj_class": "sign",
    "point_num_in_lidar": 29,
    "speed": 0.07585712457415718,
    "if_vehicle": false,
    "motion_state": false,
    "pose": [
      [
        0.999659833963904,
        0.025978390715155477,
        -0.002310752066002579,
        -86.27808827386434
      ],
      [
        -0.02606917402760593,
        0.9979416741289223,
        -0.05859021421945982,
        25.066789846057873
      ],
      [
        0.0007839163081656945,
        0.05863052321627804,
        0.9982794434538895,
        3.5559720864606845
      ],
      [
        0.0,
        0.0,
        0.0,
        1.0
      ]
    ],
    "location": [
      -86.27808827386434,
      25.066789846057873,
      3.5559720864606845
    ],
    "rotation": [
      0.058664184107888435,
      -0.0007839163884550492,
      -0.02607213572021095
    ]
  }
]