[
  {
    "label_id": "8EFRSwEXBf9P-SzIDRzx0A",
    "size": [
      1.9828961125853732,
      4.760235235989989,
      1.6800000000000068
    ],
    "obj_class": "vehicle",
    "point_num_in_lidar": 4149,
    "speed": 20.463654059532928,
    "if_vehicle": true,
    "motion_state": true,
    "pose": [
      [
        0.9999639866071368,
        -0.008426921363071577,
        0.001006223187142181,
        -67.04563407090427
      ],
      [
        0.00847048002984566,
        0.99834882670729,
        -0.056814357166488416,
        6.50980562899349
      ],
      [
        -0.0005257916181536062,
        0.056820834282135774,
        0.9983842528478984,
        0.8737757335184995
      ],
      [
        0.0,
        0.0,
        0.0,
        1.0
      ]
    ],
    "location": [
      -67.04563407090427,
      6.50980562899349,
      0.8737757335184995
    ],
    "rotation": [
      0.05685146201597327,
      0.0005257916423800561,
      0.008470582495476492
    ]
  },
  {
    "label_id": "D2bG-Pl_4STik9TWecTSVw",
    "size": [
      1.0025289289123422,
      1.1448972328790012,
      1.759999999999991
    ],
    "obj_class": "pedestrian",
    "point_num_in_lidar": 57,
    "speed": 1.4452391794819346,
    "if_vehicle": false,
    "motion_state": true,
    "pose": [
      [
        0.9981597430055765,
        0.06063097358561035,
        0.001006223187142181,
        -26.5402782834135
      ],
      [
        -0.06047600777389482,
        0.9965514443838263,
        -0.056814357166488416,
        -4.888726661274632
      ],
      [
        -0.004447462959163829,
        0.056648951787041234,
        0.9983842528478984,
        1.1605269688603528
      ],
      [
        0.0,
        0.0,
        0.0,
        1.0
      ]
    ],
    "location": [
      -26.5402782834135,
      -4.888726661274632,
      1.1605269688603528
    ],
    "rotation": [
      0.05667985551777738,
      0.004447477621042944,
      -0.060513531417323026
    ]
  },
  {
    "label_id": "SZuiBA9DtRCP4uerFvjuUg",
    "size": [
      1.9242544458100386,
      4.4930141243689015,
      1.6200000000000045
    ],
    "obj_class": "vehicle",
    "point_num_in_lidar": 29,
    "speed": 17.309161562137493,
    "if_vehicle": true,
    "motion_state": true,
    "pose": [
      [
        0.9999846949456009,
        -0.005440348283988541,
        0.001006223187142181,
        -13.034118422741813
      ],
      [
        0.005488730662585592,
        0.9983696723436025,
        -0.056814357166488416,
        0.2343558801931067
      ],
      [
        -0.0006954928231350573,
        0.05681901050772201,
        0.9983842528478984,
        1.0449580020740257
      ],
      [
        0.0,
        0.0,
        0.0,
        1.0
      ]
    ],
    "location": [
      -13.034118422741813,
      0.2343558801931067,
      1.0449580020740257
    ],
    "rotation": [
      0.056849641187625755,
      0.0006954928792045727,
      0.00548875954952432
    ]
  },
  {
    "label_id": "VJ3F-NiHmRQh0umylCVJmA",
    "size": [
      2.0181655979302398,
      4.513134775681905,
      1.7700000000000102
    ],
    "obj_class": "vehicle",
    "point_num_in_lidar": 145,
    "speed": 16.95472824721024,
    "if_vehicle": true,
    "motion_state": true,
    "pose": [
      [
        0.9999007231217071,
        -0.014054586994461103,
        0.001006223187142181,
        -14.689091125170307
      ],
      [
        0.01408905484859949,
        0.9982853436534224,
        -0.056814357166488416,
        4.298249383096845
      ],
      [
        -0.00020599553483747798,
        0.05682289354814029,
        0.9983842528478984,
        1.2535989186898178
      ],
      [
        0.0,
        0.0,
        0.0,
        1.0
      ]
    ],
    "location": [
      -14.689091125170307,
      4.298249383096845,
      1.2535989186898178
    ],
    "rotation": [
      0.05685351795505242,
      0.00020599553629435262,
      0.01408952130554042
    ]
  },
  {
    "label_id": "jT38g8qP7TxoFXreShjseQ",
    "size": [
      1.9384529721758466,
      4.27370457474128,
      1.6899999999999977
    ],
    "obj_class": "vehicle",
    "point_num_in_lidar": 1011,
    "speed": 17.615424632114706,
    "if_vehicle": true,
    "motion_state": true,
    "pose": [
      [
        0.999750550699795,
        -0.022311967424551948,
        0.001006223187142181,
        -45.859055837183405
      ],
      [
        0.022333093201697074,
        0.9981349416626005,
        -0.056814357166488416,
        3.7473531670548255
      ],
      [
        0.0002632935641478324,
        0.056822656941071796,
        0.9983842528478984,
        1.0571791212728954
      ],
      [
        0.0,
        0.0,
        0.0,
        1.0
      ]
    ],
    "location": [
      -45.859055837183405,
      3.7473531670548255,
      1.0571791212728954
    ],
    "rotation": [
      0.05685328173026792,
      -0.0002632935671899044,
      0.022334950894643844
    ]
  },
  {
    "label_id": "jtZkCXXz-CJN7H96lJooeA",
    "size": [
      1.8789033336571088,
      4.251596265152163,
      1.5200000000000102
    ],
    "obj_class": "vehicle",
    "point_num_in_lidar": 51,
    "speed": 18.210330196675464,
    "if_vehicle": true,
    "motion_state": true,
    "pose": [
      [
        0.9999327999377784,
        -0.011549161159689368,
        0.001006223187142181,
        -1.0094605558588228
      ],
      [
        0.011587676449641695,
        0.998317511904032,
        -0.056814357166488416,
        7.730344680945564
      ],
      [
        -0.0003483720615079998,
        0.05682219902688048,
        0.9983842528478984,
        1.2550567761981597
      ],
      [
        0.0,
        0.0,
        0.0,
        1.0
      ]
    ],
    "location": [
      -1.0094605558588228,
      7.730344680945564,
      1.2550567761981597
    ],
    "rotation": [
      0.05685282455590657,
      0.00034837206855458535,
      0.011587936489602817
    ]
  },
  {
    "label_id": "jwvPciu36TKGhEIDNBRO0g",
    "size": [
      0.7628165483213531,
      1.0154109277983654,
      1.0900000000000034
    ],
    "obj_class": "pedestrian",
    "point_num_in_lidar": 43,
    "speed": 1.628182466023743,
    "if_vehicle": false,
    "motion_state": true,
    "pose": [
      [
        0.999663734644947,
        0.0259114868468541,
        0.001006223187142181,
        -39.77317989324183
      ],
      [
        -0.025812497870592734,
        0.9980510226303259,
        -0.056814357166488416,
        -5.28437529389339
      ],
      [
        -0.0024764065493535353,
        0.05676927933262827,
        0.9983842528478984,
        0.6791241616648449
      ],
      [
        0.0,
        0.0,
        0.0,
        1.0
      ]
    ],
    "location": [
      -39.77317989324183,
      -5.28437529389339,
      0.6791241616648449
    ],
    "rotation": [
      0.05679999020126304,
      0.0024764090804912787,
      -0.02581544431939273
    ]
  },
  {
    "label_id": "mV--0dAvjt4OyGlzlXvfPw",
    "size": [
      2.0354414125051385,
      4.307956063242486,
      1.9099999999999966
    ],
    "obj_class": "vehicle",
    "point_num_in_lidar": 422,
    "speed": 15.912968602725643,
    "if_vehicle": true,
    "motion_state": true,
    "pose": [
      [
        0.9999285542788716,
        -0.011911081087092774,
        0.001006223187142181,
        -35.93715509346839
      ],
      [
        0.011949011729084191,
        0.998313252410513,
        -0.056814357166488416,
        0.5023033732195472
      ],
      [
        -0.00032780552748568894,
        0.056822321396435456,
        0.9983842528478984,
        0.96525627391037
      ],
      [
        0.0,
        0.0,
        0.0,
        1.0
      ]
    ],
    "location": [
      -35.93715509346839,
      0.5023033732195472,
      0.96525627391037
    ],
    "rotation": [
      0.05685294672775726,
      0.000327805533356493,
      0.0119492967338214
    ]
  },
  {
    "label_id": "uYKZwsjU7cszh0R3dzWqbA",
    "size": [
      0.6615181886357138,
      0.8818788582361259,
      1.0
    ],
    "obj_class": "pedestrian",
    "point_num_in_lidar": 24,
    "speed": 1.8360131548838354,
    "if_vehicle": false,
    "motion_state": true,
    "pose": [
      [
        0.9992141530603421,
        -0.03962403107712209,
        0.001006223187142181,
        -29.436642306043723
      ],
      [
        0.0396171717718564,
        0.9975984204681551,
        -0.056814357166488416,
        -4.693812715686363
      ],
      [
        0.0012474071918601789,
        0.05680957349462634,
        0.9983842528478984,
        0.6612766185448322
      ],
      [
        0.0,
        0.0,
        0.0,
        1.0
      ]
    ],
    "location": [
      -29.436642306043723,
      -4.693812715686363,
      0.6612766185448322
    ],
    "rotation": [
      0.05684021941274802,
      -0.0012474075153598061,
      0.03962757327093849
    ]
  }
]