[
  {
    "label_id": "8EFRSwEXBf9P-SzIDRzx0A",
    "size": [
      1.9828961125839648,
      4.760235235989989,
      1.6800000000000068
    ],
    "obj_class": "vehicle",
    "point_num_in_lidar": 3342,
    "speed": 20.564696550019914,
    "if_vehicle": true,
    "motion_state": true,
    "pose": [
      [
        0.9999628814217192,
        -0.008273980567499837,
        0.002403544120911827,
        -81.44063955233105
      ],
      [
        0.008388180182009937,
        0.9986015520051944,
        -0.05219749769913406,
        6.368860551541729
      ],
      [
        -0.001968301807820758,
        0.05221572156339128,
        0.9986338889751376,
        0.9047037423013933
      ],
      [
        0.0,
        0.0,
        0.0,
        1.0
      ]
    ],
    "location": [
      -81.44063955233105,
      6.368860551541729,
      0.9047037423013933
    ],
    "rotation": [
      0.05223957954210967,
      0.0019683030787593903,
      0.008388294802121051
    ]
  },
  {
    "label_id": "9oP479zg6gW1ggR_hMie7A",
    "size": [
      0.911707207957466,
      0.9558650965987667,
      1.6599999999999966
    ],
    "obj_class": "pedestrian",
    "point_num_in_lidar": 684,
    "speed": 1.317809943306539,
    "if_vehicle": false,
    "motion_state": true,
    "pose": [
      [
        0.9999843665843494,
        0.005048718902473967,
        0.002403544120911827,
        -69.04380992042752
      ],
      [
        -0.004916393166674315,
        0.9986246794027172,
        -0.05219749769913406,
        -5.535383872353123
      ],
      [
        -0.0026637689704713183,
        0.05218486490606477,
        0.9986338889751376,
        0.9328143818728449
      ],
      [
        0.0,
        0.0,
        0.0,
        1.0
      ]
    ],
    "location": [
      -69.04380992042752,
      -5.535383872353123,
      0.9328143818728449
    ],
    "rotation": [
      0.05220876486938142,
      0.0026637721206834762,
      -0.0049164304153589185
    ]
  },
  {
    "label_id": "BGTIFancXgcYqs_LFRaPaA",
    "size": [
      1.3595662085829578,
      0.1769121714722368,
      1.3300000000000125
    ],
    "obj_class": "sign",
    "point_num_in_lidar": 281,
    "speed": 0.0722767984910551,
    "if_vehicle": false,
    "motion_state": false,
    "pose": [
      [
        0.9991042752506211,
        0.04224772362613339,
        0.002403544120911827,
        -81.05521380316168
      ],
      [
        -0.04206490494309233,
        0.9977504522705452,
        -0.05219749769913406,
        11.389312854258606
      ],
      [
        -0.004603362690460735,
        0.05204963825361661,
        0.9986338889751376,
        3.5644561632049943
      ],
      [
        0.0,
        0.0,
        0.0,
        1.0
      ]
    ],
    "location": [
      -81.05521380316168,
      11.389312854258606,
      3.5644561632049943
    ],
    "rotation": [
      0.05207372104117395,
      0.004603378948885721,
      -0.04207776626554056
    ]
  },
  {
    "label_id": "D2bG-Pl_4STik9TWecTSVw",
    "size": [
      1.0025289289089305,
      1.1448972328790012,
      1.759999999999991
    ],
    "obj_class": "pedestrian",
    "point_num_in_lidar": 38,
    "speed": 1.126670298850176,
    "if_vehicle": false,
    "motion_state": true,
    "pose": [
      [
        0.9982328726055788,
        0.059374700212069004,
        0.002403544120911827,
        -27.244322885417205
      ],
      [
        -0.0591686923117819,
        0.996882383776573,
        -0.05219749769913406,
        -4.8402486678278365
      ],
      [
        -0.005495261570472996,
        0.05196304350848167,
        0.9986338889751376,
        1.3845079820267188
      ],
      [
        0.0,
        0.0,
        0.0,
        1.0
      ]
    ],
    "location": [
      -27.244322885417205,
      -4.8402486678278365,
      1.3845079820267188
    ],
    "rotation": [
      0.05198724237194678,
      0.0054952892284084905,
      -0.05920416607161198
    ]
  },
  {
    "label_id": "SZuiBA9DtRCP4uerFvjuUg",
    "size": [
      1.9242544458099284,
      4.4930141243689015,
      1.6200000000000045
    ],
    "obj_class": "vehicle",
    "point_num_in_lidar": 21,
    "speed": 17.294588814365234,
    "if_vehicle": true,
    "motion_state": true,
    "pose": [
      [
        0.9999854014330377,
        -0.00483941075600105,
        0.002403544120911827,
        -25.141452000141726
      ],
      [
        0.004958285384948413,
        0.9986244722817433,
        -0.05219749769913406,
        0.11908782895443437
      ],
      [
        -0.0021476328475499304,
        0.05220865314815543,
        0.9986338889751376,
        1.0696604202091464
      ],
      [
        0.0,
        0.0,
        0.0,
        1.0
      ]
    ],
    "location": [
      -25.141452000141726,
      0.11908782895443437,
      1.0696604202091464
    ],
    "rotation": [
      0.052232520753161406,
      0.002147634498484131,
      0.004958317136208513
    ]
  },
  {
    "label_id": "VJ3F-NiHmRQh0umylCVJmA",
    "size": [
      2.0181655979306865,
      4.513134775681905,
      1.7700000000000102
    ],
    "obj_class": "vehicle",
    "point_num_in_lidar": 147,
    "speed": 17.12395545305364,
    "if_vehicle": true,
    "motion_state": true,
    "pose": [
      [
        0.9998868539546415,
        -0.014849318649292413,
        0.002403544120911827,
        -26.612512847475955
      ],
      [
        0.014954564017786899,
        0.9985248030214305,
        -0.05219749769913406,
        4.048941377739538
      ],
      [
        -0.0016249011438566501,
        0.05222753571311755,
        0.9986338889751376,
        1.2675989120143356
      ],
      [
        0.0,
        0.0,
        0.0,
        1.0
      ]
    ],
    "location": [
      -26.612512847475955,
      4.048941377739538,
      1.2675989120143356
    ],
    "rotation": [
      0.052251377590825314,
      0.0016249018588962575,
      0.014955141222352314
    ]
  },
  {
    "label_id": "jT38g8qP7TxoFXreShjseQ",
    "size": [
      1.9384529721731163,
      4.27370457474128,
      1.6899999999999977
    ],
    "obj_class": "vehicle",
    "point_num_in_lidar": 1032,
    "speed": 17.69337958476996,
    "if_vehicle": true,
    "motion_state": true,
    "pose": [
      [
        0.9997209115016259,
        -0.023501533609895126,
        0.002403544120911827,
        -58.22176199050591
      ],
      [
        0.023594988189110867,
        0.99835800080247,
        -0.05219749769913406,
        3.4489487411010487
      ],
      [
        -0.0011728762568654389,
        0.05223964157302725,
        0.9986338889751376,
        1.0711798315699923
      ],
      [
        0.0,
        0.0,
        0.0,
        1.0
      ]
    ],
    "location": [
      -58.22176199050591,
      3.4489487411010487,
      1.0711798315699923
    ],
    "rotation": [
      0.05226346693706168,
      0.001172876525774603,
      0.023597194285338206
    ]
  },
  {
    "label_id": "jk9l1HHOLRgXU2AfZ5ytFg",
    "size": [
      1.1577014541257153,
      0.09553472330790877,
      0.4199999999999875
    ],
    "obj_class": "sign",
    "point_num_in_lidar": 23,
    "speed": 0.07173034303962712,
    "if_vehicle": false,
    "motion_state": false,
    "pose": [
      [
        0.9996596153130737,
        0.02597838501093853,
        0.002403544120911827,
        -86.34888337138909
      ],
      [
        -0.025817628517432887,
        0.9983029957341031,
        -0.05219749769913406,
        24.770174557270366
      ],
      [
        -0.0037554719881210514,
        0.052117676660982444,
        0.9986338889751376,
        2.42131283869179
      ],
      [
        0.0,
        0.0,
        0.0,
        1.0
      ]
    ],
    "location": [
      -86.34888337138909,
      24.770174557270366,
      2.42131283869179
    ],
    "rotation": [
      0.05214166769964636,
      0.0037554808157706635,
      -0.025820679624190605
    ]
  },
  {
    "label_id": "jtZkCXXz-CJN7H96lJooeA",
    "size": [
      1.8789033336559253,
      4.251596265152163,
      1.5200000000000102
    ],
    "obj_class": "vehicle",
    "point_num_in_lidar": 60,
    "speed": 18.104507511479394,
    "if_vehicle": true,
    "motion_state": true,
    "pose": [
      [
        0.9999307134726496,
        -0.011523507701069602,
        0.002403544120911827,
        -13.717855823007994
      ],
      [
        0.011633282812015469,
        0.9985690201307892,
        -0.05219749769913406,
        7.586652248211976
      ],
      [
        -0.0017986064309475078,
        0.05222184222429184,
        0.9986338889751376,
        1.2550567761982165
      ],
      [
        0.0,
        0.0,
        0.0,
        1.0
      ]
    ],
    "location": [
      -13.717855823007994,
      7.586652248211976,
      1.2550567761982165
    ],
    "rotation": [
      0.05224569186323478,
      0.0017986074006930853,
      0.011633564041095898
    ]
  },
  {
    "label_id": "jwvPciu36TKGhEIDNBRO0g",
    "size": [
      0.7628165483192367,
      1.0154109277983654,
      1.0900000000000034
    ],
    "obj_class": "pedestrian",
    "point_num_in_lidar": 26,
    "speed": 1.7653305387575287,
    "if_vehicle": false,
    "motion_state": true,
    "pose": [
      [
        0.9997745700000069,
        0.021095785289011782,
        0.002403544120911827,
        -40.91377398838449
      ],
      [
        -0.020941656378107742,
        0.9984171814738015,
        -0.05219749769913406,
        -5.24852731649662
      ],
      [
        -0.0035008869508333313,
        0.052135396622158346,
        0.9986338889751376,
        0.7408913015972587
      ],
      [
        0.0,
        0.0,
        0.0,
        1.0
      ]
    ],
    "location": [
      -40.91377398838449,
      -5.24852731649662,
      0.7408913015972587
    ],
    "rotation": [
      0.05215936368662002,
      0.0035008941021400573,
      -0.02094331571319581
    ]
  },
  {
    "label_id": "mHrjmjF-2GxcTIpdiESphg",
    "size": [
      1.2439333201552456,
      0.18629736907450403,
      0.37000000000000455
    ],
    "obj_class": "sign",
    "point_num_in_lidar": 185,
    "speed": 0.06392395011950858,
    "if_vehicle": false,
    "motion_state": false,
    "pose": [
      [
        0.9991042752506797,
        0.042247723624745534,
        0.002403544120911827,
        -81.05671099358551
      ],
      [
        -0.042064904941706345,
        0.9977504522706035,
        -0.05219749769913406,
        11.390123614251934
      ],
      [
        -0.004603362690388433,
        0.05204963825362301,
        0.9986338889751376,
        2.6341549546518195
      ],
      [
        0.0,
        0.0,
        0.0,
        1.0
      ]
    ],
    "location": [
      -81.05671099358551,
      11.390123614251934,
      2.6341549546518195
    ],
    "rotation": [
      0.05207372104118034,
      0.004603378948813418,
      -0.04207776626415333
    ]
  },
  {
    "label_id": "mV--0dAvjt4OyGlzlXvfPw",
    "size": [
      2.035441412504474,
      4.307956063242486,
      1.9099999999999966
    ],
    "obj_class": "vehicle",
    "point_num_in_lidar": 382,
    "speed": 16.15580829472103,
    "if_vehicle": true,
    "motion_state": true,
    "pose": [
      [
        0.9999916478569404,
        -0.0033056303513410816,
        0.002403544120911827,
        -47.15041877521435
      ],
      [
        0.003426592229650354,
        0.9986309026360243,
        -0.05219749769913406,
        0.3959634548500617
      ],
      [
        -0.0022277078023333736,
        0.052205297703774266,
        0.9986338889751376,
        0.965256273910228
      ],
      [
        0.0,
        0.0,
        0.0,
        1.0
      ]
    ],
    "location": [
      -47.15041877521435,
      0.3959634548500617,
      0.965256273910228
    ],
    "rotation": [
      0.052229169876647455,
      0.002227709644905077,
      0.0034266074378862654
    ]
  },
  {
    "label_id": "vYEZJATafOSC7xU9nxERWw",
    "size": [
      1.3257439689475494,
      0.13290627333578775,
      1.210000000000008
    ],
    "obj_class": "sign",
    "point_num_in_lidar": 98,
    "speed": 0.06942099499356164,
    "if_vehicle": false,
    "motion_state": false,
    "pose": [
      [
        0.9996596153124989,
        0.025978385033046655,
        0.002403544120911827,
        -86.3465983171227
      ],
      [
        -0.025817628539511,
        0.9983029957335321,
        -0.05219749769913406,
        24.77119137531372
      ],
      [
        -0.003755471989273667,
        0.052117676660899385,
        0.9986338889751376,
        3.280435640573188
      ],
      [
        0.0,
        0.0,
        0.0,
        1.0
      ]
    ],
    "location": [
      -86.3465983171227,
      24.77119137531372,
      3.280435640573188
    ],
    "rotation": [
      0.05214166769956341,
      0.0037554808169232875,
      -0.025820679646276355
    ]
  }
]