[
  {
    "label_id": "8EFRSwEXBf9P-SzIDRzx0A",
    "size": [
      1.982896112586001,
      4.760235235989989,
      1.6800000000000068
    ],
    "obj_class": "vehicle",
    "point_num_in_lidar": 3422,
    "speed": 20.03148668968678,
    "if_vehicle": true,
    "motion_state": true,
    "pose": [
      [
        0.9998121288745322,
        -0.019357031223855875,
        0.0010061299987479454,
        -18.5742153085248
      ],
      [
        0.019383145761625663,
        0.9983970125413543,
        -0.053176113141923526,
        7.1708912185858935
      ],
      [
        2.4814497473321367e-05,
        0.053185624850120426,
        0.9985846427286688,
        0.86251291171709
      ],
      [
        0.0,
        0.0,
        0.0,
        1.0
      ]
    ],
    "location": [
      -18.5742153085248,
      7.1708912185858935,
      0.86251291171709
    ],
    "rotation": [
      0.053210731295738486,
      -2.481449747586799e-05,
      0.01938435970130022
    ]
  },
  {
    "label_id": "D2bG-Pl_4STik9TWecTSVw",
    "size": [
      1.002528928909191,
      1.1448972328790012,
      1.759999999999991
    ],
    "obj_class": "pedestrian",
    "point_num_in_lidar": 1520,
    "speed": 2.311548726490523,
    "if_vehicle": false,
    "motion_state": true,
    "pose": [
      [
        -0.3631608376250584,
        -0.9317259219952462,
        0.0010061299987479454,
        -21.506757915150956
      ],
      [
        0.9303887089057462,
        -0.36269705172749345,
        -0.053176113141923526,
        -4.784674591808653
      ],
      [
        0.04991048342948269,
        -0.018375389799739385,
        0.9985846427286688,
        0.8935239297977091
      ],
      [
        0.0,
        0.0,
        0.0,
        1.0
      ]
    ],
    "location": [
      -21.506757915150956,
      -4.784674591808653,
      0.8935239297977091
    ],
    "rotation": [
      -0.018399357838597287,
      -0.04993122833026015,
      1.9429408660910672
    ]
  },
  {
    "label_id": "RCQ4nIz5SbitHZMGydQ3dw",
    "size": [
      0.9591429279964484,
      0.06676969972463198,
      0.3300000000000125
    ],
    "obj_class": "sign",
    "point_num_in_lidar": 23,
    "speed": 0.06755942589263,
    "if_vehicle": false,
    "motion_state": false,
    "pose": [
      [
        0.02784685340805549,
        0.9996116948383986,
        0.0010061299987479454,
        -1.3055215518525074
      ],
      [
        -0.9981964077647512,
        0.027860949672686534,
        -0.053176113141923526,
        9.782810738628541
      ],
      [
        -0.05318349631997592,
        0.0004764720769787649,
        0.9985846427286688,
        2.091798751011112
      ],
      [
        0.0,
        0.0,
        0.0,
        1.0
      ]
    ],
    "location": [
      -1.3055215518525074,
      9.782810738628541,
      2.091798751011112
    ],
    "rotation": [
      0.00047714737482581554,
      0.05320859973241704,
      -1.542906391902027
    ]
  },
  {
    "label_id": "SZuiBA9DtRCP4uerFvjuUg",
    "size": [
      1.9242544458073947,
      4.4930141243689015,
      1.6200000000000045
    ],
    "obj_class": "vehicle",
    "point_num_in_lidar": 36,
    "speed": 17.354054418852556,
    "if_vehicle": true,
    "motion_state": true,
    "pose": [
      [
        0.9998912979110819,
        -0.014709862817767523,
        0.0010061299987479454,
        28.452417343280104
      ],
      [
        0.014742554297180825,
        0.9984763182389015,
        -0.053176113141923526,
        0.7317979616545927
      ],
      [
        -0.00022238364731977915,
        0.053185165713481024,
        0.9985846427286688,
        0.934372235777488
      ],
      [
        0.0,
        0.0,
        0.0,
        1.0
      ]
    ],
    "location": [
      28.452417343280104,
      0.7317979616545927,
      0.934372235777488
    ],
    "rotation": [
      0.05321027280892999,
      0.00022238364915275736,
      0.014743088745602302
    ]
  },
  {
    "label_id": "VJ3F-NiHmRQh0umylCVJmA",
    "size": [
      2.0181655979308157,
      4.513134775681905,
      1.7700000000000102
    ],
    "obj_class": "vehicle",
    "point_num_in_lidar": 127,
    "speed": 16.83294340261472,
    "if_vehicle": true,
    "motion_state": true,
    "pose": [
      [
        0.9999692039217619,
        -0.00778324549936102,
        0.0010061299987479454,
        25.66766449276838
      ],
      [
        0.007825737783218899,
        0.9985544846523227,
        -0.053176113141923526,
        4.6782937960924755
      ],
      [
        -0.0005907928791076079,
        0.05318234923572884,
        0.9985846427286688,
        1.1502219637619646
      ],
      [
        0.0,
        0.0,
        0.0,
        1.0
      ]
    ],
    "location": [
      25.66766449276838,
      4.6782937960924755,
      1.1502219637619646
    ],
    "rotation": [
      0.053207460316939695,
      0.0005907929134756328,
      0.00782581902872519
    ]
  },
  {
    "label_id": "jT38g8qP7TxoFXreShjseQ",
    "size": [
      1.938452972174082,
      4.27370457474128,
      1.6899999999999977
    ],
    "obj_class": "vehicle",
    "point_num_in_lidar": 735,
    "speed": 17.195886631550508,
    "if_vehicle": true,
    "motion_state": true,
    "pose": [
      [
        0.9997620711722992,
        -0.02178964771858898,
        0.0010061299987479454,
        -4.131665319495369
      ],
      [
        0.02181231901576946,
        0.9983468954878719,
        -0.053176113141923526,
        4.439554588503597
      ],
      [
        0.00015422201169911572,
        0.05318540704016601,
        0.9985846427286688,
        1.0051791813570787
      ],
      [
        0.0,
        0.0,
        0.0,
        1.0
      ]
    ],
    "location": [
      -4.131665319495369,
      4.439554588503597,
      1.0051791813570787
    ],
    "rotation": [
      0.053210513794060325,
      -0.00015422201231046282,
      0.021814049279879497
    ]
  },
  {
    "label_id": "jtZkCXXz-CJN7H96lJooeA",
    "size": [
      1.8789033336559728,
      4.251596265152163,
      1.5200000000000102
    ],
    "obj_class": "vehicle",
    "point_num_in_lidar": 39,
    "speed": 18.3743677925133,
    "if_vehicle": true,
    "motion_state": true,
    "pose": [
      [
        0.9999401781786618,
        -0.010891637455023665,
        0.0010061299987479454,
        42.886426371978814
      ],
      [
        0.010929731842952902,
        0.9985253336560663,
        -0.053176113141923526,
        8.215230957033782
      ],
      [
        -0.0004254713470920192,
        0.05318392878106915,
        0.9985846427286688,
        1.2550567761982165
      ],
      [
        0.0,
        0.0,
        0.0,
        1.0
      ]
    ],
    "location": [
      42.886426371978814,
      8.215230957033782,
      1.2550567761982165
    ],
    "rotation": [
      0.05320903762707706,
      0.00042547135992890685,
      0.010929950453201862
    ]
  },
  {
    "label_id": "mV--0dAvjt4OyGlzlXvfPw",
    "size": [
      2.0354414125071014,
      4.307956063242486,
      1.9099999999999966
    ],
    "obj_class": "vehicle",
    "point_num_in_lidar": 437,
    "speed": 15.843393065539304,
    "if_vehicle": true,
    "motion_state": true,
    "pose": [
      [
        0.9999877350901442,
        -0.0048494712814097255,
        0.0010061299987479454,
        1.750021503872631
      ],
      [
        0.004896113929744409,
        0.9985731465744031,
        -0.053176113141923526,
        0.9808634388136852
      ],
      [
        -0.0007468183651738835,
        0.053180387068791364,
        0.9985846427286688,
        0.965256273910228
      ],
      [
        0.0,
        0.0,
        0.0,
        1.0
      ]
    ],
    "location": [
      1.750021503872631,
      0.9808634388136852,
      0.965256273910228
    ],
    "rotation": [
      0.053205500926281096,
      0.0007468184345953568,
      0.004896134856897338
    ]
  },
  {
    "label_id": "uYKZwsjU7cszh0R3dzWqbA",
    "size": [
      0.6615181886350262,
      0.8818788582361259,
      1.0
    ],
    "obj_class": "pedestrian",
    "point_num_in_lidar": 227,
    "speed": 1.539697196542717,
    "if_vehicle": false,
    "motion_state": true,
    "pose": [
      [
        0.9952377316435611,
        0.09747227921519318,
        0.0010061299987479454,
        -25.22596556374083
      ],
      [
        -0.09728117230217377,
        0.9938353357104145,
        -0.053176113141923526,
        -4.818594185222537
      ],
      [
        -0.006183124492822256,
        0.05282499671522275,
        0.9985846427286688,
        0.48827862718127335
      ],
      [
        0.0,
        0.0,
        0.0,
        1.0
      ]
    ],
    "location": [
      -25.22596556374083,
      -4.818594185222537,
      0.48827862718127335
    ],
    "rotation": [
      0.05285060668656609,
      0.006183163891368182,
      -0.09743713672151767
    ]
  }
]