[
  {
    "label_id": "8EFRSwEXBf9P-SzIDRzx0A",
    "size": [
      1.9828961125868012,
      4.760235235989989,
      1.6800000000000068
    ],
    "obj_class": "vehicle",
    "point_num_in_lidar": 3026,
    "speed": 20.01069458388703,
    "if_vehicle": true,
    "motion_state": true,
    "pose": [
      [
        0.9998548503376423,
        -0.01703601377173535,
        0.00022910927494516382,
        -14.584717540936253
      ],
      [
        0.01702535256014976,
        0.9985396077862769,
        -0.05127171785917266,
        7.253499102323985
      ],
      [
        0.0006446910060054526,
        0.05126817645281765,
        0.9986847142400396,
        0.8630300128507429
      ],
      [
        0.0,
        0.0,
        0.0,
        1.0
      ]
    ],
    "location": [
      -14.584717540936253,
      7.253499102323985,
      0.8630300128507429
    ],
    "rotation": [
      0.0512906728277452,
      -0.0006446910506639046,
      0.017026178708306146
    ]
  },
  {
    "label_id": "D2bG-Pl_4STik9TWecTSVw",
    "size": [
      1.0025289289106725,
      1.1448972328790012,
      1.759999999999991
    ],
    "obj_class": "pedestrian",
    "point_num_in_lidar": 1353,
    "speed": 2.2347284099498967,
    "if_vehicle": false,
    "motion_state": true,
    "pose": [
      [
        -0.6445039712743345,
        -0.7646009276220843,
        0.00022910927494516382,
        -20.98767152220171
      ],
      [
        0.7635877281153858,
        -0.6436652797994877,
        -0.05127171785917266,
        -4.799078861904491
      ],
      [
        0.03934987272146344,
        -0.032869880743548456,
        0.9986847142400396,
        0.9055269688604994
      ],
      [
        0.0,
        0.0,
        0.0,
        1.0
      ]
    ],
    "location": [
      -20.98767152220171,
      -4.799078861904491,
      0.9055269688604994
    ],
    "rotation": [
      -0.03290129399555037,
      -0.0393600347761863,
      2.2718242299865574
    ]
  },
  {
    "label_id": "IsF_2wEbilIooKWYzMpCqw",
    "size": [
      1.840011315638693,
      4.54972215173972,
      1.710000000000008
    ],
    "obj_class": "vehicle",
    "point_num_in_lidar": 24,
    "speed": 0.12564776914517956,
    "if_vehicle": true,
    "motion_state": false,
    "pose": [
      [
        0.9456895121607447,
        0.3250712138872233,
        0.00022910927494516382,
        1.7406856891302596
      ],
      [
        -0.32463256053868395,
        0.9444495283422333,
        -0.05127171785917266,
        -35.71542247044454
      ],
      [
        -0.016883341709225275,
        0.04841274951931572,
        0.9986847142400396,
        1.1801791813572606
      ],
      [
        0.0,
        0.0,
        0.0,
        1.0
      ]
    ],
    "location": [
      1.7406856891302596,
      -35.71542247044454,
      1.1801791813572606
    ],
    "rotation": [
      0.048438590619881004,
      0.016884143903751578,
      -0.33067215077059275
    ]
  },
  {
    "label_id": "RCQ4nIz5SbitHZMGydQ3dw",
    "size": [
      0.95914292799645,
      0.06676969972463198,
      0.3300000000000125
    ],
    "obj_class": "sign",
    "point_num_in_lidar": 34,
    "speed": 0.06403638245294918,
    "if_vehicle": false,
    "motion_state": false,
    "pose": [
      [
        0.027846866771837474,
        0.9996121745556782,
        0.00022910927494516382,
        -1.308080302147573
      ],
      [
        -0.9982971241863746,
        0.027821983915304237,
        -0.05127171785917266,
        9.770814464352952
      ],
      [
        -0.051258207656975155,
        0.0011990375660854387,
        0.9986847142400396,
        2.0914862378909618
      ],
      [
        0.0,
        0.0,
        0.0,
        1.0
      ]
    ],
    "location": [
      -1.308080302147573,
      9.770814464352952,
      2.0914862378909618
    ],
    "rotation": [
      0.001200616143272602,
      0.0512806802392171,
      -1.542909190833118
    ]
  },
  {
    "label_id": "SZuiBA9DtRCP4uerFvjuUg",
    "size": [
      1.9242544458073947,
      4.4930141243689015,
      1.6200000000000045
    ],
    "obj_class": "vehicle",
    "point_num_in_lidar": 35,
    "speed": 17.36322412638061,
    "if_vehicle": true,
    "motion_state": true,
    "pose": [
      [
        0.9998917777625432,
        -0.014709869877081592,
        0.00022910927494516382,
        31.91616638573396
      ],
      [
        0.014702268521275156,
        0.9985765139678068,
        -0.05127171785917266,
        0.7659632935155969
      ],
      [
        0.0005254171569904367,
        0.05126953754522865,
        0.9986847142400396,
        0.9343722357773458
      ],
      [
        0.0,
        0.0,
        0.0,
        1.0
      ]
    ],
    "location": [
      31.91616638573396,
      0.7659632935155969,
      0.9343722357773458
    ],
    "rotation": [
      0.051292032130400844,
      -0.0005254171811651623,
      0.014702800268040198
    ]
  },
  {
    "label_id": "VJ3F-NiHmRQh0umylCVJmA",
    "size": [
      2.018165597932465,
      4.513134775681905,
      1.7700000000000102
    ],
    "obj_class": "vehicle",
    "point_num_in_lidar": 130,
    "speed": 16.844515025543657,
    "if_vehicle": true,
    "motion_state": true,
    "pose": [
      [
        0.9999792438406652,
        -0.006438897171980014,
        0.00022910927494516382,
        29.034746698998788
      ],
      [
        0.00644217510266137,
        0.99866396216531,
        -0.05127171785917266,
        4.689918574122203
      ],
      [
        0.0001013301428404253,
        0.05127212961729425,
        0.9986847142400396,
        1.150221963761993
      ],
      [
        0.0,
        0.0,
        0.0,
        1.0
      ]
    ],
    "location": [
      29.034746698998788,
      4.689918574122203,
      1.150221963761993
    ],
    "rotation": [
      0.05129462079352158,
      -0.00010133014301383154,
      0.006442219696684985
    ]
  },
  {
    "label_id": "jT38g8qP7TxoFXreShjseQ",
    "size": [
      1.9384529721752972,
      4.27370457474128,
      1.6899999999999977
    ],
    "obj_class": "vehicle",
    "point_num_in_lidar": 689,
    "speed": 17.156777076714,
    "if_vehicle": true,
    "motion_state": true,
    "pose": [
      [
        0.9998800570128864,
        -0.015486093660021146,
        0.00022910927494516382,
        -0.7146154823876714
      ],
      [
        0.015477471251136073,
        0.9985647995155044,
        -0.05127171785917266,
        4.511045526654925
      ],
      [
        0.0005652181676745666,
        0.05126911420839452,
        0.9986847142400396,
        1.0051791813569935
      ],
      [
        0.0,
        0.0,
        0.0,
        1.0
      ]
    ],
    "location": [
      -0.7146154823876714,
      4.511045526654925,
      1.0051791813569935
    ],
    "rotation": [
      0.051291609350249734,
      -0.0005652181977697609,
      0.015478091733860711
    ]
  },
  {
    "label_id": "jtZkCXXz-CJN7H96lJooeA",
    "size": [
      1.878903333657265,
      4.251596265152163,
      1.5200000000000102
    ],
    "obj_class": "vehicle",
    "point_num_in_lidar": 37,
    "speed": 18.412538333315823,
    "if_vehicle": true,
    "motion_state": true,
    "pose": [
      [
        0.9999437850167737,
        -0.010600675226999859,
        0.00022910927494516382,
        46.5484541540136
      ],
      [
        0.010598479031909492,
        0.9986285010903602,
        -0.05127171785917266,
        8.26103300349314
      ],
      [
        0.0003147197775310697,
        0.05127126383025975,
        0.9986847142400396,
        1.2550567761981597
      ],
      [
        0.0,
        0.0,
        0.0,
        1.0
      ]
    ],
    "location": [
      46.5484541540136,
      8.26103300349314,
      1.2550567761981597
    ],
    "rotation": [
      0.05129375614519718,
      -0.00031471978272649227,
      0.010598677984082044
    ]
  },
  {
    "label_id": "mV--0dAvjt4OyGlzlXvfPw",
    "size": [
      2.035441412503898,
      4.307956063242486,
      1.9099999999999966
    ],
    "obj_class": "vehicle",
    "point_num_in_lidar": 433,
    "speed": 15.938973312653742,
    "if_vehicle": true,
    "motion_state": true,
    "pose": [
      [
        0.9999968901428211,
        -0.0024833875304642768,
        0.00022910927494516382,
        4.909331196718995
      ],
      [
        0.002491868086582746,
        0.9986816317231474,
        -0.05127171785917266,
        1.006070611629184
      ],
      [
        -0.00010147967974819146,
        0.05127212932154338,
        0.9986847142400396,
        0.9652562739102848
      ],
      [
        0.0,
        0.0,
        0.0,
        1.0
      ]
    ],
    "location": [
      4.909331196718995,
      1.006070611629184,
      0.9652562739102848
    ],
    "rotation": [
      0.05129462049815971,
      0.00010147967992236655,
      0.0024918706782577848
    ]
  }
]