[
  {
    "label_id": "8EFRSwEXBf9P-SzIDRzx0A",
    "size": [
      1.9828961125860485,
      4.760235235989989,
      1.6800000000000068
    ],
    "obj_class": "vehicle",
    "point_num_in_lidar": 3689,
    "speed": 20.533289629488173,
    "if_vehicle": true,
    "motion_state": true,
    "pose": [
      [
        0.9999443990667687,
        -0.008339373547643986,
        0.00645396187096192,
        -75.27087103189842
      ],
      [
        0.008697439662582436,
        0.9983018961184796,
        -0.057599294696760464,
        6.429270289008855
      ],
      [
        -0.00596266033870054,
        0.057652225066179154,
        0.9983189207996631,
        0.8914478491213913
      ],
      [
        0.0,
        0.0,
        0.0,
        1.0
      ]
    ],
    "location": [
      -75.27087103189842,
      6.429270289008855,
      0.8914478491213913
    ],
    "rotation": [
      0.05768523673792347,
      0.005962695671325999,
      0.008697703941339481
    ]
  },
  {
    "label_id": "9oP479zg6gW1ggR_hMie7A",
    "size": [
      0.9117072079626632,
      0.9558650965987667,
      1.6599999999999966
    ],
    "obj_class": "pedestrian",
    "point_num_in_lidar": 1086,
    "speed": 1.3836525433520204,
    "if_vehicle": false,
    "motion_state": true,
    "pose": [
      [
        0.99995050270911,
        0.007572219487475185,
        0.00645396187096192,
        -68.58065977655497
      ],
      [
        -0.007188064144250826,
        0.9983139050340298,
        -0.057599294696760464,
        -5.542185198268271
      ],
      [
        -0.006879234380108363,
        0.05755005219580277,
        0.9983189207996631,
        0.9035309180335673
      ],
      [
        0.0,
        0.0,
        0.0,
        1.0
      ]
    ],
    "location": [
      -68.58065977655497,
      -5.542185198268271,
      0.9035309180335673
    ],
    "rotation": [
      0.057583231401098126,
      0.006879288639924477,
      -0.007188296138747607
    ]
  },
  {
    "label_id": "D2bG-Pl_4STik9TWecTSVw",
    "size": [
      1.0025289289100485,
      1.1448972328790012,
      1.759999999999991
    ],
    "obj_class": "pedestrian",
    "point_num_in_lidar": 35,
    "speed": 1.2137047379344523,
    "if_vehicle": false,
    "motion_state": true,
    "pose": [
      [
        0.9981827970164169,
        0.05991201980113152,
        0.00645396187096192,
        -26.942566088686362
      ],
      [
        -0.059442710837016334,
        0.9965685552829684,
        -0.057599294696760464,
        -4.861026561689869
      ],
      [
        -0.009882705541999406,
        0.057110984097336503,
        0.9983189207996631,
        1.2885086762022695
      ],
      [
        0.0,
        0.0,
        0.0,
        1.0
      ]
    ],
    "location": [
      -26.942566088686362,
      -4.861026561689869,
      1.2885086762022695
    ],
    "rotation": [
      0.05714486961728482,
      0.00988286641953492,
      -0.05948068096040661
    ]
  },
  {
    "label_id": "SZuiBA9DtRCP4uerFvjuUg",
    "size": [
      1.9242544458088062,
      4.4930141243689015,
      1.6200000000000045
    ],
    "obj_class": "vehicle",
    "point_num_in_lidar": 35,
    "speed": 17.30111558449318,
    "if_vehicle": true,
    "motion_state": true,
    "pose": [
      [
        0.9999661835300286,
        -0.005096878707356847,
        0.00645396187096192,
        -19.95219065053061
      ],
      [
        0.005460268971274173,
        0.9983248502933287,
        -0.057599294696760464,
        0.1684922696040303
      ],
      [
        -0.00614957389992822,
        0.05763258725968677,
        0.9983189207996631,
        1.0590728450962388
      ],
      [
        0.0,
        0.0,
        0.0,
        1.0
      ]
    ],
    "location": [
      -19.95219065053061,
      0.1684922696040303,
      1.0590728450962388
    ],
    "rotation": [
      0.05766563122490395,
      0.006149612660592816,
      0.005460399354874678
    ]
  },
  {
    "label_id": "VJ3F-NiHmRQh0umylCVJmA",
    "size": [
      2.018165597931228,
      4.513134775681905,
      1.7700000000000102
    ],
    "obj_class": "vehicle",
    "point_num_in_lidar": 153,
    "speed": 17.05519050332096,
    "if_vehicle": true,
    "motion_state": true,
    "pose": [
      [
        0.9998739181237813,
        -0.014508419347609082,
        0.00645396187096192,
        -21.502077002693113
      ],
      [
        0.01485634514785646,
        0.998229237329424,
        -0.057599294696760464,
        4.155795986816884
      ],
      [
        -0.005606858714616383,
        0.05768791475474234,
        0.9983189207996631,
        1.2615984476028075
      ],
      [
        0.0,
        0.0,
        0.0,
        1.0
      ]
    ],
    "location": [
      -21.502077002693113,
      4.155795986816884,
      1.2615984476028075
    ],
    "rotation": [
      0.05772086762276091,
      0.005606888092041724,
      0.014857125244988726
    ]
  },
  {
    "label_id": "jT38g8qP7TxoFXreShjseQ",
    "size": [
      1.9384529721760932,
      4.27370457474128,
      1.6899999999999977
    ],
    "obj_class": "vehicle",
    "point_num_in_lidar": 1012,
    "speed": 17.66620218611019,
    "if_vehicle": true,
    "motion_state": true,
    "pose": [
      [
        0.9996982302500831,
        -0.0237022110998124,
        0.00645396187096192,
        -52.90562667926133
      ],
      [
        0.024034998421291913,
        0.9980504196188308,
        -0.057599294696760464,
        3.598319530556182
      ],
      [
        -0.0050761487114145565,
        0.057737033935384076,
        0.9983189207996631,
        1.0741793522527132
      ],
      [
        0.0,
        0.0,
        0.0,
        1.0
      ]
    ],
    "location": [
      -52.90562667926133,
      3.598319530556182,
      1.0741793522527132
    ],
    "rotation": [
      0.05776990563277843,
      0.0050761705114297185,
      0.024037622871117888
    ]
  },
  {
    "label_id": "jtZkCXXz-CJN7H96lJooeA",
    "size": [
      1.8789033336556986,
      4.251596265152163,
      1.5200000000000102
    ],
    "obj_class": "vehicle",
    "point_num_in_lidar": 58,
    "speed": 18.14410848227744,
    "if_vehicle": true,
    "motion_state": true,
    "pose": [
      [
        0.9999126495172046,
        -0.011534284184654428,
        0.00645396187096192,
        -8.300307490615523
      ],
      [
        0.011887100460011577,
        0.9982690108848864,
        -0.057599294696760464,
        7.6485373136292765
      ],
      [
        -0.005778423499345832,
        0.05767098226368523,
        0.9983189207996631,
        1.2550567761984723
      ],
      [
        0.0,
        0.0,
        0.0,
        1.0
      ]
    ],
    "location": [
      -8.300307490615523,
      7.6485373136292765,
      1.2550567761984723
    ],
    "rotation": [
      0.05770396304862473,
      0.005778455656927353,
      0.011887578900479317
    ]
  },
  {
    "label_id": "jwvPciu36TKGhEIDNBRO0g",
    "size": [
      0.7628165483212561,
      1.0154109277983654,
      1.0900000000000034
    ],
    "obj_class": "pedestrian",
    "point_num_in_lidar": 33,
    "speed": 1.6852880149452558,
    "if_vehicle": false,
    "motion_state": true,
    "pose": [
      [
        0.9997109515214493,
        0.023159442658378843,
        0.00645396187096192,
        -40.42490987840756
      ],
      [
        -0.022749821213699287,
        0.9980805412817046,
        -0.057599294696760464,
        -5.263891931868784
      ],
      [
        -0.007775541320273843,
        0.05743581922957835,
        0.9983189207996631,
        0.7144176086179641
      ],
      [
        0.0,
        0.0,
        0.0,
        1.0
      ]
    ],
    "location": [
      -40.42490987840756,
      -5.263891931868784,
      0.7144176086179641
    ],
    "rotation": [
      0.05746918432312466,
      0.007775619672703172,
      -0.022752471974530848
    ]
  },
  {
    "label_id": "mV--0dAvjt4OyGlzlXvfPw",
    "size": [
      2.0354414125058518,
      4.307956063242486,
      1.9099999999999966
    ],
    "obj_class": "vehicle",
    "point_num_in_lidar": 425,
    "speed": 16.041217905530527,
    "if_vehicle": true,
    "motion_state": true,
    "pose": [
      [
        0.9999790356281475,
        -0.0005240995787812,
        0.00645396187096192,
        -42.297498717534836
      ],
      [
        0.0008949916639215495,
        0.9983393812929335,
        -0.057599294696760464,
        0.44474904417802463
      ],
      [
        -0.00641305653505564,
        0.05760386340580177,
        0.9983189207996631,
        0.965256273910569
      ],
      [
        0.0,
        0.0,
        0.0,
        1.0
      ]
    ],
    "location": [
      -42.297498717534836,
      0.44474904417802463,
      0.965256273910569
    ],
    "rotation": [
      0.057636954526153715,
      0.006413100494479603,
      0.0008950101882722623
    ]
  }
]