[
  {
    "label_id": "8EFRSwEXBf9P-SzIDRzx0A",
    "size": [
      1.982896112584366,
      4.760235235989989,
      1.6800000000000068
    ],
    "obj_class": "vehicle",
    "point_num_in_lidar": 4455,
    "speed": 20.260223731349253,
    "if_vehicle": true,
    "motion_state": true,
    "pose": [
      [
        0.9998965735210014,
        -0.014205926816351832,
        0.0022436363897327693,
        -48.730924579644125
      ],
      [
        0.014302400252676394,
        0.9985789768789581,
        -0.05133681215643816,
        6.681655115298781
      ],
      [
        -0.0015111611340685868,
        0.051363591956381224,
        0.998678876222665,
        0.8586160937466047
      ],
      [
        0.0,
        0.0,
        0.0,
        1.0
      ]
    ],
    "location": [
      -48.730924579644125,
      6.681655115298781,
      0.8586160937466047
    ],
    "rotation": [
      0.05138626226631532,
      0.0015111617092191136,
      0.014302904243091837
    ]
  },
  {
    "label_id": "D2bG-Pl_4STik9TWecTSVw",
    "size": [
      1.0025289289084363,
      1.1448972328790012,
      1.759999999999991
    ],
    "obj_class": "pedestrian",
    "point_num_in_lidar": 114,
    "speed": 1.9800069702281669,
    "if_vehicle": false,
    "motion_state": true,
    "pose": [
      [
        0.9985218639074003,
        -0.054305187548167294,
        0.0022436363897327693,
        -24.853162418865395
      ],
      [
        0.05434872814644535,
        0.9972014578140559,
        -0.05133681215643816,
        -4.8312945667439635
      ],
      [
        0.000550497733634226,
        0.05138286814571577,
        0.998678876222665,
        0.9855269688606256
      ],
      [
        0.0,
        0.0,
        0.0,
        1.0
      ]
    ],
    "location": [
      -24.853162418865395,
      -4.8312945667439635,
      0.9855269688606256
    ],
    "rotation": [
      0.05140551301431653,
      -0.0005504977614387469,
      0.05437552775643497
    ]
  },
  {
    "label_id": "SZuiBA9DtRCP4uerFvjuUg",
    "size": [
      1.9242544458073947,
      4.4930141243689015,
      1.6200000000000045
    ],
    "obj_class": "vehicle",
    "point_num_in_lidar": 42,
    "speed": 17.22439104261514,
    "if_vehicle": true,
    "motion_state": true,
    "pose": [
      [
        0.9998892873222663,
        -0.014709833239059398,
        0.0022436363897327693,
        2.522148496169393
      ],
      [
        0.014805642646668718,
        0.9985716422287555,
        -0.05133681215643816,
        0.3760267947036482
      ],
      [
        -0.0014852757284135251,
        0.05136434699911345,
        0.998678876222665,
        0.9743661454443782
      ],
      [
        0.0,
        0.0,
        0.0,
        1.0
      ]
    ],
    "location": [
      2.522148496169393,
      0.3760267947036482,
      0.9743661454443782
    ],
    "rotation": [
      0.05138701631323534,
      0.001485276274511333,
      0.014806199949685146
    ]
  },
  {
    "label_id": "VJ3F-NiHmRQh0umylCVJmA",
    "size": [
      2.018165597930176,
      4.513134775681905,
      1.7700000000000102
    ],
    "obj_class": "vehicle",
    "point_num_in_lidar": 134,
    "speed": 16.804858070333026,
    "if_vehicle": true,
    "motion_state": true,
    "pose": [
      [
        0.9999232802056295,
        -0.012181945598495173,
        0.0022436363897327693,
        0.46957627668598434
      ],
      [
        0.012281085865534818,
        0.9986058815406496,
        -0.05133681215643816,
        4.4606685583457875
      ],
      [
        -0.0016151262419358773,
        0.051360427897919225,
        0.998678876222665,
        1.2202965912399293
      ],
      [
        0.0,
        0.0,
        0.0,
        1.0
      ]
    ],
    "location": [
      0.46957627668598434,
      4.4606685583457875,
      1.2202965912399293
    ],
    "rotation": [
      0.051383102380236724,
      0.0016151269441485776,
      0.012281410622089982
    ]
  },
  {
    "label_id": "jT38g8qP7TxoFXreShjseQ",
    "size": [
      1.9384529721728343,
      4.27370457474128,
      1.6899999999999977
    ],
    "obj_class": "vehicle",
    "point_num_in_lidar": 893,
    "speed": 17.469430311655316,
    "if_vehicle": true,
    "motion_state": true,
    "pose": [
      [
        0.9997976356538182,
        -0.019991344046502636,
        0.0022436363897327693,
        -30.06962778035995
      ],
      [
        0.020080191919636343,
        0.9984795028492498,
        -0.05133681215643816,
        4.027203010060475
      ],
      [
        -0.0012139330729248271,
        0.051371476065314774,
        0.998678876222665,
        1.0151791813570412
      ],
      [
        0.0,
        0.0,
        0.0,
        1.0
      ]
    ],
    "location": [
      -30.06962778035995,
      4.027203010060475,
      1.0151791813570412
    ],
    "rotation": [
      0.05139413597415689,
      0.0012139333710737665,
      0.02008155639907796
    ]
  },
  {
    "label_id": "jtZkCXXz-CJN7H96lJooeA",
    "size": [
      1.8789033336569443,
      4.251596265152163,
      1.5200000000000102
    ],
    "obj_class": "vehicle",
    "point_num_in_lidar": 49,
    "speed": 18.299178418491536,
    "if_vehicle": true,
    "motion_state": true,
    "pose": [
      [
        0.9999304083210001,
        -0.011582081451484538,
        0.0022436363897327693,
        15.435168249307026
      ],
      [
        0.011682012018656039,
        0.9986130693681164,
        -0.05133681215643816,
        7.908386003038686
      ],
      [
        -0.001645937481841612,
        0.051359449728756036,
        0.998678876222665,
        1.2550567761983018
      ],
      [
        0.0,
        0.0,
        0.0,
        1.0
      ]
    ],
    "location": [
      15.435168249307026,
      7.908386003038686,
      1.2550567761983018
    ],
    "rotation": [
      0.05138212550075868,
      0.00164593822501352,
      0.011682293566220156
    ]
  },
  {
    "label_id": "jwvPciu36TKGhEIDNBRO0g",
    "size": [
      0.7628165483208393,
      1.0154109277983654,
      1.0900000000000034
    ],
    "obj_class": "pedestrian",
    "point_num_in_lidar": 161,
    "speed": 1.5590868976282244,
    "if_vehicle": false,
    "motion_state": true,
    "pose": [
      [
        0.9995367115979096,
        0.030353389658945743,
        0.0022436363897327693,
        -38.319099843625736
      ],
      [
        -0.03019831331176149,
        0.9982247209875836,
        -0.05133681215643816,
        -5.328490260832041
      ],
      [
        -0.0037978995723710533,
        0.05124527437211097,
        0.998678876222665,
        0.60573082162216
      ],
      [
        0.0,
        0.0,
        0.0,
        1.0
      ]
    ],
    "location": [
      -38.319099843625736,
      -5.328490260832041,
      0.60573082162216
    ],
    "rotation": [
      0.05126810000683499,
      0.003797908702606943,
      -0.030203122921125484
    ]
  },
  {
    "label_id": "mV--0dAvjt4OyGlzlXvfPw",
    "size": [
      2.035441412503567,
      4.307956063242486,
      1.9099999999999966
    ],
    "obj_class": "vehicle",
    "point_num_in_lidar": 405,
    "speed": 15.69364347722633,
    "if_vehicle": true,
    "motion_state": true,
    "pose": [
      [
        0.9998965661413382,
        -0.014206446230893763,
        0.0022436363897327693,
        -21.737635437184508
      ],
      [
        0.01430291898276866,
        0.9985789694491802,
        -0.05133681215643816,
        0.6859292548815574
      ],
      [
        -0.0015111344523120963,
        0.05136359274137456,
        0.998678876222665,
        0.9652562739103416
      ],
      [
        0.0,
        0.0,
        0.0,
        1.0
      ]
    ],
    "location": [
      -21.737635437184508,
      0.6859292548815574,
      0.9652562739103416
    ],
    "rotation": [
      0.05138626305027337,
      0.0015111350274321584,
      0.01430342302626525
    ]
  },
  {
    "label_id": "uYKZwsjU7cszh0R3dzWqbA",
    "size": [
      0.6615181886344813,
      0.8818788582361259,
      1.0
    ],
    "obj_class": "pedestrian",
    "point_num_in_lidar": 57,
    "speed": 1.7859812219362667,
    "if_vehicle": false,
    "motion_state": true,
    "pose": [
      [
        0.9999923145408499,
        -0.003215113525919047,
        0.0022436363897327693,
        -27.81453195092581
      ],
      [
        0.00332606296074271,
        0.9986758578351616,
        -0.05133681215643816,
        -4.707715597744027
      ],
      [
        -0.0020756118170448287,
        0.051343880085358694,
        0.998678876222665,
        0.6132627582363739
      ],
      [
        0.0,
        0.0,
        0.0,
        1.0
      ]
    ],
    "location": [
      -27.81453195092581,
      -4.707715597744027,
      0.6132627582363739
    ],
    "rotation": [
      0.05136657637223054,
      0.00207561330739388,
      0.003326076257985645
    ]
  }
]