[
  {
    "label_id": "3IfcWHTK_NR40cByuNwT3Q",
    "size": [
      1.9621866747759522,
      4.641781934762327,
      1.8199999999999932
    ],
    "obj_class": "vehicle",
    "point_num_in_lidar": 88,
    "speed": 1.1705746919499786e-27,
    "if_vehicle": true,
    "motion_state": false,
    "pose": [
      [
        0.9388810118696319,
        0.34423299926472195,
        -0.0024673402420384953,
        -8.113765834370497
      ],
      [
        -0.3438950783993672,
        0.9375895322438035,
        -0.05159500052852735,
        -66.87826978868725
      ],
      [
        -0.0154473493955807,
        0.04929007246961169,
        0.9986650430212282,
        1.0975650116644715
      ],
      [
        0.0,
        0.0,
        0.0,
        1.0
      ]
    ],
    "location": [
      -8.113765834370497,
      -66.87826978868725,
      1.0975650116644715
    ],
    "rotation": [
      0.049315941810643096,
      0.015447963804196553,
      -0.3511055444351107
    ]
  },
  {
    "label_id": "8EFRSwEXBf9P-SzIDRzx0A",
    "size": [
      1.9828961125837974,
      4.760235235989989,
      1.6800000000000068
    ],
    "obj_class": "vehicle",
    "point_num_in_lidar": 1359,
    "speed": 19.76163152694549,
    "if_vehicle": true,
    "motion_state": true,
    "pose": [
      [
        0.9999189205058487,
        -0.012492583661844211,
        -0.0024673402420384953,
        13.364080729075795
      ],
      [
        0.012348689676582062,
        0.9985917412955772,
        -0.05159500052852735,
        7.609686960544423
      ],
      [
        0.0031084204493013958,
        0.051560348813008285,
        0.9986650430212282,
        0.9162685000441115
      ],
      [
        0.0,
        0.0,
        0.0,
        1.0
      ]
    ],
    "location": [
      13.364080729075795,
      7.609686960544423,
      0.9162685000441115
    ],
    "rotation": [
      0.05158347088489021,
      -0.003108425455060087,
      0.01234906320356551
    ]
  },
  {
    "label_id": "IsF_2wEbilIooKWYzMpCqw",
    "size": [
      1.840011315636963,
      4.54972215173972,
      1.710000000000008
    ],
    "obj_class": "vehicle",
    "point_num_in_lidar": 433,
    "speed": 0.026403628592426877,
    "if_vehicle": true,
    "motion_state": false,
    "pose": [
      [
        0.9458670702596386,
        0.3245449084958471,
        -0.0024673402420384953,
        1.8592519427111256
      ],
      [
        -0.32423404003497225,
        0.9445688133762734,
        -0.05159500052852735,
        -35.740678670490524
      ],
      [
        -0.014414322080756263,
        0.049602007684779674,
        0.9986650430212282,
        1.1601791813575915
      ],
      [
        0.0,
        0.0,
        0.0,
        1.0
      ]
    ],
    "location": [
      1.8592519427111256,
      -35.740678670490524,
      1.1601791813575915
    ],
    "rotation": [
      0.04962753015626899,
      0.014414821277822152,
      -0.33023752585965443
    ]
  },
  {
    "label_id": "RCQ4nIz5SbitHZMGydQ3dw",
    "size": [
      0.9591429279964505,
      0.06676969972463198,
      0.3300000000000125
    ],
    "obj_class": "sign",
    "point_num_in_lidar": 62,
    "speed": 0.06132848655917057,
    "if_vehicle": false,
    "motion_state": false,
    "pose": [
      [
        0.02784678273994477,
        0.99960915808288,
        -0.0024673402420384953,
        -1.3259988136105676
      ],
      [
        -0.9982843451474769,
        0.027682524341802264,
        -0.05159500052852735,
        9.686806510011593
      ],
      [
        -0.05150653283329723,
        0.003899861907964653,
        0.9986650430212282,
        2.0892977594250226
      ],
      [
        0.0,
        0.0,
        0.0,
        1.0
      ]
    ],
    "location": [
      -1.3259988136105676,
      9.686806510011593,
      2.0892977594250226
    ],
    "rotation": [
      0.0039050551649988524,
      0.051529333874317004,
      -1.5429089181457822
    ]
  },
  {
    "label_id": "VJ3F-NiHmRQh0umylCVJmA",
    "size": [
      2.018165597931203,
      4.513134775681905,
      1.7700000000000102
    ],
    "obj_class": "vehicle",
    "point_num_in_lidar": 109,
    "speed": 16.93356978372894,
    "if_vehicle": true,
    "motion_state": true,
    "pose": [
      [
        0.999919638290786,
        -0.012434998695352886,
        -0.0024673402420384953,
        52.69641417324601
      ],
      [
        0.012291181142069259,
        0.9985924507959161,
        -0.05159500052852735,
        4.807128890817694
      ],
      [
        0.003105451103503579,
        0.051560527740243965,
        0.9986650430212282,
        1.2177276094850242
      ],
      [
        0.0,
        0.0,
        0.0,
        1.0
      ]
    ],
    "location": [
      52.69641417324601,
      4.807128890817694,
      1.2177276094850242
    ],
    "rotation": [
      0.051583649574990634,
      -0.003105456094930544,
      0.01229154991290165
    ]
  },
  {
    "label_id": "fTMpIFEPnvmYYjp4JEKt1g",
    "size": [
      2.200777325643323,
      4.595161644641209,
      1.8899999999999864
    ],
    "obj_class": "vehicle",
    "point_num_in_lidar": 90,
    "speed": 0.09283272637148923,
    "if_vehicle": true,
    "motion_state": false,
    "pose": [
      [
        -0.22909635417517119,
        0.9734006229378397,
        -0.0024673402420384953,
        -22.725912317211623
      ],
      [
        -0.9720779282473367,
        -0.2289158302407826,
        -0.05159500052852735,
        -63.9446329487273
      ],
      [
        -0.05078741889493942,
        -0.009421779523989583,
        0.9986650430212282,
        0.9173017728237483
      ],
      [
        0.0,
        0.0,
        0.0,
        1.0
      ]
    ],
    "location": [
      -22.725912317211623,
      -63.9446329487273,
      0.9173017728237483
    ],
    "rotation": [
      -0.009434094112617647,
      0.05080927746501502,
      -1.8022497054244613
    ]
  },
  {
    "label_id": "jT38g8qP7TxoFXreShjseQ",
    "size": [
      1.9384529721736303,
      4.27370457474128,
      1.6899999999999977
    ],
    "obj_class": "vehicle",
    "point_num_in_lidar": 596,
    "speed": 16.767621841736318,
    "if_vehicle": true,
    "motion_state": true,
    "pose": [
      [
        0.9999903462066729,
        -0.0036358940562625725,
        -0.0024673402420384953,
        23.117643429650343
      ],
      [
        0.003503760432057502,
        0.9986619445955153,
        -0.05159500052852735,
        4.851845471339402
      ],
      [
        0.00265163275984747,
        0.05158585747194306,
        0.9986650430212282,
        1.0128881802044702
      ],
      [
        0.0,
        0.0,
        0.0,
        1.0
      ]
    ],
    "location": [
      23.117643429650343,
      4.851845471339402,
      1.0128881802044702
    ],
    "rotation": [
      0.051608945703496605,
      -0.002651635867198029,
      0.0035037799188720126
    ]
  },
  {
    "label_id": "jtZkCXXz-CJN7H96lJooeA",
    "size": [
      1.8789033336553058,
      4.251596265152163,
      1.5200000000000102
    ],
    "obj_class": "vehicle",
    "point_num_in_lidar": 31,
    "speed": 18.705488463412934,
    "if_vehicle": true,
    "motion_state": true,
    "pose": [
      [
        0.9999178544176652,
        -0.012577624930913713,
        -0.0024673402420384953,
        72.55872957420252
      ],
      [
        0.012433618071955898,
        0.9985906874501194,
        -0.05159500052852735,
        8.604537592547786
      ],
      [
        0.0031128055534286768,
        0.051560084260940296,
        0.9986650430212282,
        1.2280578585574915
      ],
      [
        0.0,
        0.0,
        0.0,
        1.0
      ]
    ],
    "location": [
      72.55872957420252,
      8.604537592547786,
      1.2280578585574915
    ],
    "rotation": [
      0.051583206683431464,
      -0.003112810580402469,
      0.012433998699711178
    ]
  },
  {
    "label_id": "mV--0dAvjt4OyGlzlXvfPw",
    "size": [
      2.035441412502501,
      4.307956063242486,
      1.9099999999999966
    ],
    "obj_class": "vehicle",
    "point_num_in_lidar": 404,
    "speed": 16.75432395788799,
    "if_vehicle": true,
    "motion_state": true,
    "pose": [
      [
        0.9999768045916366,
        -0.0063484258544659845,
        -0.0024673402420384953,
        27.7904933183072
      ],
      [
        0.006212689332217462,
        0.9986487662895912,
        -0.05159500052852735,
        1.019539190481737
      ],
      [
        0.0027915533240448942,
        0.05157847494301992,
        0.9986650430212282,
        0.9652562739104553
      ],
      [
        0.0,
        0.0,
        0.0,
        1.0
      ]
    ],
    "location": [
      27.7904933183072,
      1.019539190481737,
      0.9652562739104553
    ],
    "rotation": [
      0.05160157297528551,
      -0.0027915569497130896,
      0.0062127535062715036
    ]
  }
]