[
  {
    "label_id": "VJ3F-NiHmRQh0umylCVJmA",
    "size": [
      2.01816559793149,
      4.513134775681905,
      1.7700000000000102
    ],
    "obj_class": "vehicle",
    "point_num_in_lidar": 130,
    "speed": 17.857810814161795,
    "if_vehicle": true,
    "motion_state": true,
    "pose": [
      [
        0.9999353464154278,
        -0.010959671914510666,
        -0.0030312671583199893,
        -114.14471472788864
      ],
      [
        0.0107709773684621,
        0.9983447987819872,
        -0.056494679320108675,
        2.7086052107151772
      ],
      [
        0.003645412951491297,
        0.05645837702662134,
        0.9983982985902636,
        1.2383896909080647
      ],
      [
        0.0,
        0.0,
        0.0,
        1.0
      ]
    ],
    "location": [
      -114.14471472788864,
      2.7086052107151772,
      1.2383896909080647
    ],
    "rotation": [
      0.056488789841066506,
      -0.0036454210255433203,
      0.010771257216096038
    ]
  },
  {
    "label_id": "jT38g8qP7TxoFXreShjseQ",
    "size": [
      1.9384529721730943,
      4.27370457474128,
      1.6899999999999977
    ],
    "obj_class": "vehicle",
    "point_num_in_lidar": 931,
    "speed": 17.698673473506044,
    "if_vehicle": true,
    "motion_state": true,
    "pose": [
      [
        0.9999142922834285,
        -0.012736542181667967,
        -0.0030312671583199893,
        -146.86022656036948
      ],
      [
        0.012545021526485201,
        0.9983240824719288,
        -0.056494679320108675,
        1.9998721034771734
      ],
      [
        0.003745733870757463,
        0.05645180997839206,
        0.9983982985902636,
        1.1251791813571685
      ],
      [
        0.0,
        0.0,
        0.0,
        1.0
      ]
    ],
    "location": [
      -146.86022656036948,
      1.9998721034771734,
      1.1251791813571685
    ],
    "rotation": [
      0.05648223322172562,
      -0.0037457426299131557,
      0.012545438615068263
    ]
  },
  {
    "label_id": "jtZkCXXz-CJN7H96lJooeA",
    "size": [
      1.8789033336541796,
      4.251596265152163,
      1.5200000000000102
    ],
    "obj_class": "vehicle",
    "point_num_in_lidar": 65,
    "speed": 18.48323652723618,
    "if_vehicle": true,
    "motion_state": true,
    "pose": [
      [
        0.9999616337374294,
        -0.008218422755390163,
        -0.0030312671583199893,
        -104.86696895608839
      ],
      [
        0.008034089222150771,
        0.9983705747961971,
        -0.056494679320108675,
        6.420299905279535
      ],
      [
        0.0034906250932956132,
        0.056468158359601915,
        0.9983982985902636,
        1.255056776198387
      ],
      [
        0.0,
        0.0,
        0.0,
        1.0
      ]
    ],
    "location": [
      -104.86696895608839,
      6.420299905279535,
      1.255056776198387
    ],
    "rotation": [
      0.056498555631656844,
      -0.0034906321819001777,
      0.008034224601065251
    ]
  },
  {
    "label_id": "mV--0dAvjt4OyGlzlXvfPw",
    "size": [
      2.0354414125053877,
      4.307956063242486,
      1.9099999999999966
    ],
    "obj_class": "vehicle",
    "point_num_in_lidar": 285,
    "speed": 17.17400380889231,
    "if_vehicle": true,
    "motion_state": true,
    "pose": [
      [
        0.9998808198107708,
        -0.015137952105749463,
        -0.0030312671583199893,
        -131.89051990867665
      ],
      [
        0.014942612871543769,
        0.9982910745514504,
        -0.056494679320108675,
        -1.1254929551469104
      ],
      [
        0.003881300698509263,
        0.05644265122187986,
        0.9983982985902636,
        1.0752562739104121
      ],
      [
        0.0,
        0.0,
        0.0,
        1.0
      ]
    ],
    "location": [
      -131.89051990867665,
      -1.1254929551469104,
      1.0752562739104121
    ],
    "rotation": [
      0.05647308900178088,
      -0.003881310443547892,
      0.014943281561337961
    ]
  },
  {
    "label_id": "uPG2HACjwDhEznwpkcJ-SA",
    "size": [
      0.9429254809122658,
      0.0922711965520758,
      0.6399999999999864
    ],
    "obj_class": "sign",
    "point_num_in_lidar": 44,
    "speed": 0.0927297824659808,
    "if_vehicle": false,
    "motion_state": false,
    "pose": [
      [
        0.9948376071349239,
        -0.10143444606973577,
        -0.0030312671583199893,
        -143.5490100371153
      ],
      [
        0.10110254095945617,
        0.9932706717808897,
        -0.056494679320108675,
        24.216618487049345
      ],
      [
        0.008741375269414424,
        0.05589656277863867,
        0.9983982985902636,
        3.088369852639346
      ],
      [
        0.0,
        0.0,
        0.0,
        1.0
      ]
    ],
    "location": [
      -143.5490100371153,
      24.216618487049345,
      3.088369852639346
    ],
    "rotation": [
      0.055927850263731885,
      -0.00874148659704819,
      0.10127946127868971
    ]
  },
  {
    "label_id": "xf3Hk5yc_-qRwq793N2Kvw",
    "size": [
      0.8375734288811516,
      0.0972328046265952,
      0.4000000000000057
    ],
    "obj_class": "sign",
    "point_num_in_lidar": 20,
    "speed": 0.09777573352998076,
    "if_vehicle": false,
    "motion_state": false,
    "pose": [
      [
        0.9948376071374873,
        -0.10143444604459445,
        -0.0030312671583199893,
        -143.55138925631036
      ],
      [
        0.10110254093435446,
        0.9932706717834447,
        -0.056494679320108675,
        24.230626411193953
      ],
      [
        0.008741375268001818,
        0.055896562778859585,
        0.9983982985902636,
        3.6583698526392254
      ],
      [
        0.0,
        0.0,
        0.0,
        1.0
      ]
    ],
    "location": [
      -143.55138925631036,
      24.230626411193953,
      3.6583698526392254
    ],
    "rotation": [
      0.055927850263952465,
      -0.00874148659563553,
      0.1012794612534565
    ]
  }
]