[
  {
    "label_id": "8EFRSwEXBf9P-SzIDRzx0A",
    "size": [
      1.9828961125861693,
      4.760235235989989,
      1.6800000000000068
    ],
    "obj_class": "vehicle",
    "point_num_in_lidar": 4457,
    "speed": 20.30591810371848,
    "if_vehicle": true,
    "motion_state": true,
    "pose": [
      [
        0.9999115319878513,
        -0.01276673313279004,
        0.003733459899911529,
        -52.79526455186715
      ],
      [
        0.01293802483786417,
        0.9986571053297667,
        -0.050165660442836095,
        6.643728590917817
      ],
      [
        -0.0030879946572065584,
        0.050209525983494825,
        0.9987339324312106,
        0.8613014495324478
      ],
      [
        0.0,
        0.0,
        0.0,
        1.0
      ]
    ],
    "location": [
      -52.79526455186715,
      6.643728590917817,
      0.8613014495324478
    ],
    "rotation": [
      0.050230885987858596,
      0.003087999564931723,
      0.012938447511985876
    ]
  },
  {
    "label_id": "D2bG-Pl_4STik9TWecTSVw",
    "size": [
      1.002528928909203,
      1.1448972328790012,
      1.759999999999991
    ],
    "obj_class": "pedestrian",
    "point_num_in_lidar": 72,
    "speed": 1.8671191436068246,
    "if_vehicle": false,
    "motion_state": true,
    "pose": [
      [
        0.9981702526577837,
        -0.06035070824995999,
        0.003733459899911529,
        -25.22195083328006
      ],
      [
        0.06046209172535438,
        0.9969090941387427,
        -0.050165660442836095,
        -4.848268088415352
      ],
      [
        -0.0006943869892719635,
        0.050299602753891684,
        0.9987339324312106,
        1.028023016786051
      ],
      [
        0.0,
        0.0,
        0.0,
        1.0
      ]
    ],
    "location": [
      -25.22195083328006,
      -4.848268088415352,
      1.028023016786051
    ],
    "rotation": [
      0.050320849165720376,
      0.0006943870450744522,
      0.06049900524891314
    ]
  },
  {
    "label_id": "SZuiBA9DtRCP4uerFvjuUg",
    "size": [
      1.924254445807395,
      4.4930141243689015,
      1.6200000000000045
    ],
    "obj_class": "vehicle",
    "point_num_in_lidar": 40,
    "speed": 17.22834706840301,
    "if_vehicle": true,
    "motion_state": true,
    "pose": [
      [
        0.9998848353735954,
        -0.014709767744389868,
        0.003733459899911529,
        -0.8825371355324023
      ],
      [
        0.014878621485747564,
        0.9986300782246736,
        -0.050165660442836095,
        0.3292411236343469
      ],
      [
        -0.002990420138039288,
        0.05021543186997586,
        0.9987339324312106,
        0.9943670706790328
      ],
      [
        0.0,
        0.0,
        0.0,
        1.0
      ]
    ],
    "location": [
      -0.8825371355324023,
      0.3292411236343469,
      0.9943670706790328
    ],
    "rotation": [
      0.050236784451585186,
      0.0029904245950853592,
      0.014879237030240416
    ]
  },
  {
    "label_id": "VJ3F-NiHmRQh0umylCVJmA",
    "size": [
      2.0181655979306634,
      4.513134775681905,
      1.7700000000000102
    ],
    "obj_class": "vehicle",
    "point_num_in_lidar": 130,
    "speed": 16.826128603719727,
    "if_vehicle": true,
    "motion_state": true,
    "pose": [
      [
        0.9999129899774235,
        -0.01265202559215367,
        0.003733459899911529,
        -2.888008073074161
      ],
      [
        0.012823461200923142,
        0.9986585829777673,
        -0.050165660442836095,
        4.434615158257657
      ],
      [
        -0.003093754553479912,
        0.050209171405760124,
        0.9987339324312106,
        1.2286683237272769
      ],
      [
        0.0,
        0.0,
        0.0,
        1.0
      ]
    ],
    "location": [
      -2.888008073074161,
      4.434615158257657,
      1.2286683237272769
    ],
    "rotation": [
      0.05023053185566006,
      0.0030937594887188824,
      0.012823874051926941
    ]
  },
  {
    "label_id": "jT38g8qP7TxoFXreShjseQ",
    "size": [
      1.9384529721745767,
      4.27370457474128,
      1.6899999999999977
    ],
    "obj_class": "vehicle",
    "point_num_in_lidar": 942,
    "speed": 17.500397653298286,
    "if_vehicle": true,
    "motion_state": true,
    "pose": [
      [
        0.9998142146940281,
        -0.018910245184543262,
        0.003733459899911529,
        -33.55184180447941
      ],
      [
        0.01907382608678297,
        0.9985587592479198,
        -0.050165660442836095,
        3.9789212263858644
      ],
      [
        -0.002779434146538946,
        0.05022755176509434,
        0.9987339324312106,
        1.0151791813572117
      ],
      [
        0.0,
        0.0,
        0.0,
        1.0
      ]
    ],
    "location": [
      -33.55184180447941,
      3.9789212263858644,
      1.0151791813572117
    ],
    "rotation": [
      0.05024888910297717,
      0.002779437725190594,
      0.019075056509197483
    ]
  },
  {
    "label_id": "jtZkCXXz-CJN7H96lJooeA",
    "size": [
      1.8789033336552041,
      4.251596265152163,
      1.5200000000000102
    ],
    "obj_class": "vehicle",
    "point_num_in_lidar": 50,
    "speed": 18.288459866022365,
    "if_vehicle": true,
    "motion_state": true,
    "pose": [
      [
        0.9999260409516779,
        -0.011574709667158865,
        0.003733459899911529,
        11.773724263448457
      ],
      [
        0.011747496677447355,
        0.9986718193852009,
        -0.050165660442836095,
        7.869893040726311
      ],
      [
        -0.003147848235959233,
        0.0502058090461009,
        0.9987339324312106,
        1.255056776198245
      ],
      [
        0.0,
        0.0,
        0.0,
        1.0
      ]
    ],
    "location": [
      11.773724263448457,
      7.869893040726311,
      1.255056776198245
    ],
    "rotation": [
      0.05022717372026666,
      0.0031478534346267655,
      0.011747825100972734
    ]
  },
  {
    "label_id": "jwvPciu36TKGhEIDNBRO0g",
    "size": [
      0.7628165483218666,
      1.0154109277983654,
      1.0900000000000034
    ],
    "obj_class": "pedestrian",
    "point_num_in_lidar": 103,
    "speed": 1.5784496130009738,
    "if_vehicle": false,
    "motion_state": true,
    "pose": [
      [
        0.9995208773935897,
        0.030725834919889245,
        0.003733459899911529,
        -38.6327050557029
      ],
      [
        -0.030500157323979152,
        0.998275085793263,
        -0.050165660442836095,
        -5.320219523115156
      ],
      [
        -0.005268401803303689,
        0.05002775382654237,
        0.9987339324312106,
        0.6173634799469596
      ],
      [
        0.0,
        0.0,
        0.0,
        1.0
      ]
    ],
    "location": [
      -38.6327050557029,
      -5.320219523115156,
      0.6173634799469596
    ],
    "rotation": [
      0.050049340580659546,
      0.0052684261752853866,
      -0.030505311636556894
    ]
  },
  {
    "label_id": "mV--0dAvjt4OyGlzlXvfPw",
    "size": [
      2.035441412503499,
      4.307956063242486,
      1.9099999999999966
    ],
    "obj_class": "vehicle",
    "point_num_in_lidar": 428,
    "speed": 15.728644522604787,
    "if_vehicle": true,
    "motion_state": true,
    "pose": [
      [
        0.9998778839444785,
        -0.01517492918888442,
        0.003733459899911529,
        -24.863898812753177
      ],
      [
        0.015343199178099218,
        0.9986230483777725,
        -0.050165660442836095,
        0.643056948114463
      ],
      [
        -0.002967058761312167,
        0.050216817629127976,
        0.9987339324312106,
        0.9652562739103132
      ],
      [
        0.0,
        0.0,
        0.0,
        1.0
      ]
    ],
    "location": [
      -24.863898812753177,
      0.643056948114463,
      0.9652562739103132
    ],
    "rotation": [
      0.050238168468553,
      0.002967063114715569,
      0.01534386878676508
    ]
  },
  {
    "label_id": "uYKZwsjU7cszh0R3dzWqbA",
    "size": [
      0.661518188636522,
      0.8818788582361259,
      1.0
    ],
    "obj_class": "pedestrian",
    "point_num_in_lidar": 39,
    "speed": 1.8025321923748934,
    "if_vehicle": false,
    "motion_state": true,
    "pose": [
      [
        0.9999290994797747,
        -0.01130739982235256,
        0.003733459899911529,
        -28.174974847759586
      ],
      [
        0.01148052211651823,
        0.9986749241491277,
        -0.050165660442836095,
        -4.704626291848399
      ],
      [
        -0.003161269602378433,
        0.05020496574036533,
        0.9987339324312106,
        0.6339317540682146
      ],
      [
        0.0,
        0.0,
        0.0,
        1.0
      ]
    ],
    "location": [
      -28.174974847759586,
      -4.704626291848399,
      0.6339317540682146
    ],
    "rotation": [
      0.050226331473831695,
      0.003161274867826197,
      0.011480831695079302
    ]
  }
]