[
  {
    "label_id": "BGTIFancXgcYqs_LFRaPaA",
    "size": [
      1.359566208582957,
      0.1769121714722368,
      1.3300000000000125
    ],
    "obj_class": "sign",
    "point_num_in_lidar": 40,
    "speed": 0.07227679909677123,
    "if_vehicle": false,
    "motion_state": false,
    "pose": [
      [
        0.9991070318143178,
        0.04224784018908816,
        0.0005088993426491421,
        -80.97323871787376
      ],
      [
        -0.042138347525273845,
        0.9972517008030483,
        -0.06093771339053402,
        11.651442072490681
      ],
      [
        -0.0030819875118061487,
        0.06086185377381212,
        0.9981414409331937,
        3.8016931187531497
      ],
      [
        0.0,
        0.0,
        0.0,
        1.0
      ]
    ],
    "location": [
      -80.97323871787376,
      11.651442072490681,
      3.8016931187531497
    ],
    "rotation": [
      0.06089977986172259,
      0.003081992390945588,
      -0.04215102823305053
    ]
  },
  {
    "label_id": "VJ3F-NiHmRQh0umylCVJmA",
    "size": [
      2.0181655979297775,
      4.513134775681905,
      1.7700000000000102
    ],
    "obj_class": "vehicle",
    "point_num_in_lidar": 117,
    "speed": 17.705540748782457,
    "if_vehicle": true,
    "motion_state": true,
    "pose": [
      [
        0.9999071043712651,
        -0.013620706638465822,
        0.0005088993426491421,
        -92.79416647738071
      ],
      [
        0.013626403561078273,
        0.9980485540356862,
        -0.06093771339053402,
        3.057971728960183
      ],
      [
        0.000322108464230687,
        0.06093898701114983,
        0.9981414409331937,
        1.2358902558328282
      ],
      [
        0.0,
        0.0,
        0.0,
        1.0
      ]
    ],
    "location": [
      -92.79416647738071,
      3.057971728960183,
      1.2358902558328282
    ],
    "rotation": [
      0.06097677011210523,
      -0.00032210846980068684,
      0.013626825992489981
    ]
  },
  {
    "label_id": "jT38g8qP7TxoFXreShjseQ",
    "size": [
      1.9384529721749288,
      4.27370457474128,
      1.6899999999999977
    ],
    "obj_class": "vehicle",
    "point_num_in_lidar": 910,
    "speed": 17.79585532464933,
    "if_vehicle": true,
    "motion_state": true,
    "pose": [
      [
        0.999914609304069,
        -0.013058143886102035,
        0.0005088993426491421,
        -125.54822400309604
      ],
      [
        0.013064886452134343,
        0.9980560624677985,
        -0.06093771339053402,
        2.3038974687442533
      ],
      [
        0.0002878233554267862,
        0.06093915858890643,
        0.9981414409331937,
        1.1251791813568275
      ],
      [
        0.0,
        0.0,
        0.0,
        1.0
      ]
    ],
    "location": [
      -125.54822400309604,
      2.3038974687442533,
      1.1251791813568275
    ],
    "rotation": [
      0.06097694137099041,
      -0.00028782335940077703,
      0.013065258698878932
    ]
  },
  {
    "label_id": "jtZkCXXz-CJN7H96lJooeA",
    "size": [
      1.8789033336534873,
      4.251596265152163,
      1.5200000000000102
    ],
    "obj_class": "vehicle",
    "point_num_in_lidar": 60,
    "speed": 18.416216620895437,
    "if_vehicle": true,
    "motion_state": true,
    "pose": [
      [
        0.9999055954584152,
        -0.013731030274933644,
        0.0005088993426491421,
        -82.71727075464878
      ],
      [
        0.013736522136276458,
        0.9980470445055849,
        -0.06093771339053402,
        6.753191598330886
      ],
      [
        0.0003288321025688408,
        0.06093895110072159,
        0.9981414409331937,
        1.255056776198046
      ],
      [
        0.0,
        0.0,
        0.0,
        1.0
      ]
    ],
    "location": [
      -82.71727075464878,
      6.753191598330886,
      1.255056776198046
    ],
    "rotation": [
      0.060976734268414844,
      -0.00032883210849497384,
      0.013736954911099233
    ]
  },
  {
    "label_id": "mV--0dAvjt4OyGlzlXvfPw",
    "size": [
      2.03544141250497,
      4.307956063242486,
      1.9099999999999966
    ],
    "obj_class": "vehicle",
    "point_num_in_lidar": 314,
    "speed": 17.312596683791135,
    "if_vehicle": true,
    "motion_state": true,
    "pose": [
      [
        0.999857021413876,
        -0.01690200434359831,
        0.0005088993426491421,
        -111.16407034217264
      ],
      [
        0.016901602075685408,
        0.9979984623906034,
        -0.06093771339053402,
        -0.8131918599065102
      ],
      [
        0.0005220887349403223,
        0.06093760181661784,
        0.9981414409331937,
        1.0752562739100995
      ],
      [
        0.0,
        0.0,
        0.0,
        1.0
      ]
    ],
    "location": [
      -111.16407034217264,
      -0.8131918599065102,
      1.0752562739100995
    ],
    "rotation": [
      0.06097538749177893,
      -0.0005220887586585248,
      0.016902409179939227
    ]
  },
  {
    "label_id": "vYEZJATafOSC7xU9nxERWw",
    "size": [
      1.3257439689475505,
      0.13290627333578775,
      1.210000000000008
    ],
    "obj_class": "sign",
    "point_num_in_lidar": 38,
    "speed": 0.07585712520802695,
    "if_vehicle": false,
    "motion_state": false,
    "pose": [
      [
        0.9996623734083998,
        0.02597845670827789,
        0.0005088993426491421,
        -86.2815157748737
      ],
      [
        -0.025899180227259035,
        0.9978055058729076,
        -0.06093771339053402,
        25.052001298148753
      ],
      [
        -0.0020908503152478513,
        0.06090395912226926,
        0.9981414409331937,
        3.542187225125531
      ],
      [
        0.0,
        0.0,
        0.0,
        1.0
      ]
    ],
    "location": [
      -86.2815157748737,
      25.052001298148753,
      3.542187225125531
    ],
    "rotation": [
      0.06094180724638136,
      0.002090851838663568,
      -0.025902133120109853
    ]
  }
]