[
  {
    "label_id": "8EFRSwEXBf9P-SzIDRzx0A",
    "size": [
      1.982896112584738,
      4.760235235989989,
      1.6800000000000068
    ],
    "obj_class": "vehicle",
    "point_num_in_lidar": 4454,
    "speed": 20.107390822803932,
    "if_vehicle": true,
    "motion_state": true,
    "pose": [
      [
        0.9997999299525502,
        -0.01995997018922401,
        0.0013037089096537477,
        -32.601064653230424
      ],
      [
        0.020000691787881362,
        0.9984605205261853,
        -0.051735493412022264,
        6.916037155178856
      ],
      [
        -0.00026906297031874704,
        0.051751217769483576,
        0.9986599716943168,
        0.859414547028365
      ],
      [
        0.0,
        0.0,
        0.0,
        1.0
      ]
    ],
    "location": [
      -32.601064653230424,
      6.916037155178856,
      0.859414547028365
    ],
    "rotation": [
      0.0517743474491262,
      0.0002690629735652108,
      0.02000202622379449
    ]
  },
  {
    "label_id": "D2bG-Pl_4STik9TWecTSVw",
    "size": [
      1.0025289289115986,
      1.1448972328790012,
      1.759999999999991
    ],
    "obj_class": "pedestrian",
    "point_num_in_lidar": 294,
    "speed": 2.2707931057881003,
    "if_vehicle": false,
    "motion_state": true,
    "pose": [
      [
        0.9997072026835734,
        -0.02416214488955026,
        0.0013037089096537477,
        -23.21958024239757
      ],
      [
        0.024197236333578696,
        0.9983676339281196,
        -0.051735493412022264,
        -4.762227692970555
      ],
      [
        -5.154029170836579e-05,
        0.0517518915509843,
        0.9986599716943168,
        0.9155269688605472
      ],
      [
        0.0,
        0.0,
        0.0,
        1.0
      ]
    ],
    "location": [
      -23.21958024239757,
      -4.762227692970555,
      0.9155269688605472
    ],
    "rotation": [
      0.051775020327765896,
      5.154029173118441e-05,
      0.02419959826025558
    ]
  },
  {
    "label_id": "SZuiBA9DtRCP4uerFvjuUg",
    "size": [
      1.9242544458073947,
      4.4930141243689015,
      1.6200000000000045
    ],
    "obj_class": "vehicle",
    "point_num_in_lidar": 41,
    "speed": 17.319342275603855,
    "if_vehicle": true,
    "motion_state": true,
    "pose": [
      [
        0.9998909542683605,
        -0.014709857762277912,
        0.0013037089096537477,
        16.285490232137818
      ],
      [
        0.014757611888168563,
        0.9985517771316482,
        -0.051735493412022264,
        0.5676217686122982
      ],
      [
        -0.0005407990992449997,
        0.05174909150739523,
        0.9986599716943168,
        0.934372235777488
      ],
      [
        0.0,
        0.0,
        0.0,
        1.0
      ]
    ],
    "location": [
      16.285490232137818,
      0.5676217686122982,
      0.934372235777488
    ],
    "rotation": [
      0.05177222403590186,
      0.0005407991256056843,
      0.014758149768545312
    ]
  },
  {
    "label_id": "VJ3F-NiHmRQh0umylCVJmA",
    "size": [
      2.018165597930041,
      4.513134775681905,
      1.7700000000000102
    ],
    "obj_class": "vehicle",
    "point_num_in_lidar": 131,
    "speed": 16.808854342950802,
    "if_vehicle": true,
    "motion_state": true,
    "pose": [
      [
        0.9999460819345696,
        -0.010302114675251493,
        0.0013037089096537477,
        13.900751336586836
      ],
      [
        0.01035577153827666,
        0.9986071283128625,
        -0.051735493412022264,
        4.5722106692774105
      ],
      [
        -0.0007689080245138506,
        0.05174620484592419,
        0.9986599716943168,
        1.1787947983105198
      ],
      [
        0.0,
        0.0,
        0.0,
        1.0
      ]
    ],
    "location": [
      13.900751336586836,
      4.5722106692774105,
      1.1787947983105198
    ],
    "rotation": [
      0.05176934124136516,
      0.0007689081002794468,
      0.010355959704258275
    ]
  },
  {
    "label_id": "jT38g8qP7TxoFXreShjseQ",
    "size": [
      1.9384529721742711,
      4.27370457474128,
      1.6899999999999977
    ],
    "obj_class": "vehicle",
    "point_num_in_lidar": 779,
    "speed": 17.297325097313216,
    "if_vehicle": true,
    "motion_state": true,
    "pose": [
      [
        0.999649902411223,
        -0.02642674691125076,
        0.0013037089096537477,
        -16.155683414301166
      ],
      [
        0.026458803703567513,
        0.998310257599305,
        -0.051735493412022264,
        4.2212510429671966
      ],
      [
        6.569481329725146e-05,
        0.05175187551865164,
        0.9986599716943168,
        1.0126798075439467
      ],
      [
        0.0,
        0.0,
        0.0,
        1.0
      ]
    ],
    "location": [
      -16.155683414301166,
      4.2212510429671966,
      1.0126798075439467
    ],
    "rotation": [
      0.05177500431691696,
      -6.569481334450583e-05,
      0.02646189189523178
    ]
  },
  {
    "label_id": "jtZkCXXz-CJN7H96lJooeA",
    "size": [
      1.8789033336575862,
      4.251596265152163,
      1.5200000000000102
    ],
    "obj_class": "vehicle",
    "point_num_in_lidar": 46,
    "speed": 18.31082064372846,
    "if_vehicle": true,
    "motion_state": true,
    "pose": [
      [
        0.999931735878639,
        -0.011611370539715985,
        0.0013037089096537477,
        30.075312840690458
      ],
      [
        0.011663274217516246,
        0.9985927131498316,
        -0.051735493412022264,
        8.062298649576405
      ],
      [
        -0.0007011542331867187,
        0.051747167248534426,
        0.9986599716943168,
        1.2550567761981313
      ],
      [
        0.0,
        0.0,
        0.0,
        1.0
      ]
    ],
    "location": [
      30.075312840690458,
      8.062298649576405,
      1.2550567761981313
    ],
    "rotation": [
      0.05177030235484902,
      0.0007011542906366517,
      0.011663541530519924
    ]
  },
  {
    "label_id": "jwvPciu36TKGhEIDNBRO0g",
    "size": [
      0.7628165483204701,
      1.0154109277983654,
      1.0900000000000034
    ],
    "obj_class": "pedestrian",
    "point_num_in_lidar": 349,
    "speed": 1.5074968354817937,
    "if_vehicle": false,
    "motion_state": true,
    "pose": [
      [
        0.9997598876086911,
        0.021873899326283832,
        0.0013037089096537477,
        -37.11399729887489
      ],
      [
        -0.021777192867187205,
        0.9984233533888518,
        -0.051735493412022264,
        -5.3536858740553726
      ],
      [
        -0.002433310395909614,
        0.051694679958615354,
        0.9986599716943168,
        0.5832539881537855
      ],
      [
        0.0,
        0.0,
        0.0,
        1.0
      ]
    ],
    "location": [
      -37.11399729887489,
      -5.3536858740553726,
      0.5832539881537855
    ],
    "rotation": [
      0.051717885231294475,
      0.0024333127971876115,
      -0.021778979013156688
    ]
  },
  {
    "label_id": "mV--0dAvjt4OyGlzlXvfPw",
    "size": [
      2.03544141250441,
      4.307956063242486,
      1.9099999999999966
    ],
    "obj_class": "vehicle",
    "point_num_in_lidar": 433,
    "speed": 15.667545258518338,
    "if_vehicle": true,
    "motion_state": true,
    "pose": [
      [
        0.9999457567781217,
        -0.010333626880653164,
        0.0013037089096537477,
        -9.237390171712832
      ],
      [
        0.010387241547988178,
        0.9986068014661419,
        -0.051735493412022264,
        0.8573525437477656
      ],
      [
        -0.0007672772989059124,
        0.05174622905152696,
        0.9986599716943168,
        0.96525627391037
      ],
      [
        0.0,
        0.0,
        0.0,
        1.0
      ]
    ],
    "location": [
      -9.237390171712832,
      0.8573525437477656,
      0.96525627391037
    ],
    "rotation": [
      0.051769365414546,
      0.0007672773741904716,
      0.010387431402986097
    ]
  },
  {
    "label_id": "uYKZwsjU7cszh0R3dzWqbA",
    "size": [
      0.6615181886355765,
      0.8818788582361259,
      1.0
    ],
    "obj_class": "pedestrian",
    "point_num_in_lidar": 222,
    "speed": 1.7092667743839012,
    "if_vehicle": false,
    "motion_state": true,
    "pose": [
      [
        0.9992746680333505,
        0.03805835217026883,
        0.0013037089096537477,
        -26.410910991477067
      ],
      [
        -0.037940018284608766,
        0.9979398748090881,
        -0.051735493412022264,
        -4.709317440874656
      ],
      [
        -0.0032699907340647196,
        0.051648505264970064,
        0.9986599716943168,
        0.5372796139676268
      ],
      [
        0.0,
        0.0,
        0.0,
        1.0
      ]
    ],
    "location": [
      -26.410910991477067,
      -4.709317440874656,
      0.5372796139676268
    ],
    "rotation": [
      0.05167177202997055,
      0.003269996561673721,
      -0.037949329271445266
    ]
  }
]