[
  {
    "label_id": "VJ3F-NiHmRQh0umylCVJmA",
    "size": [
      2.0181655979306927,
      4.513134775681905,
      1.7700000000000102
    ],
    "obj_class": "vehicle",
    "point_num_in_lidar": 125,
    "speed": 17.834323157962086,
    "if_vehicle": true,
    "motion_state": true,
    "pose": [
      [
        0.9999142424948736,
        -0.01258640158590507,
        -0.003618031373754427,
        -110.56742540097002
      ],
      [
        0.012368158449815488,
        0.9984059588439782,
        -0.05506877519426911,
        2.753264381100962
      ],
      [
        0.004305381802279883,
        0.055019304248191084,
        0.9984760086489718,
        1.244223886402267
      ],
      [
        0.0,
        0.0,
        0.0,
        1.0
      ]
    ],
    "location": [
      -110.56742540097002,
      2.753264381100962,
      1.244223886402267
    ],
    "rotation": [
      0.05504761121185116,
      -0.004305395103374559,
      0.01236858844088
    ]
  },
  {
    "label_id": "jT38g8qP7TxoFXreShjseQ",
    "size": [
      1.9384529721760617,
      4.27370457474128,
      1.6899999999999977
    ],
    "obj_class": "vehicle",
    "point_num_in_lidar": 922,
    "speed": 17.71788828095813,
    "if_vehicle": true,
    "motion_state": true,
    "pose": [
      [
        0.9999099627522454,
        -0.012921928562781616,
        -0.003618031373754427,
        -143.32276691774132
      ],
      [
        0.012703179324653386,
        0.9984017524191596,
        -0.05506877519426911,
        2.0442749777412246
      ],
      [
        0.004323843642964145,
        0.055017856451970375,
        0.9984760086489718,
        1.125179181356856
      ],
      [
        0.0,
        0.0,
        0.0,
        1.0
      ]
    ],
    "location": [
      -143.32276691774132,
      2.0442749777412246,
      1.125179181356856
    ],
    "rotation": [
      0.05504616559514781,
      -0.004323857115903215,
      0.01270363976127183
    ]
  },
  {
    "label_id": "jtZkCXXz-CJN7H96lJooeA",
    "size": [
      1.8789033336548369,
      4.251596265152163,
      1.5200000000000102
    ],
    "obj_class": "vehicle",
    "point_num_in_lidar": 63,
    "speed": 18.470170132425825,
    "if_vehicle": true,
    "motion_state": true,
    "pose": [
      [
        0.999970695547033,
        -0.006746695202945275,
        -0.003618031373754427,
        -101.18823864913611
      ],
      [
        0.006537264153851424,
        0.9984611630784574,
        -0.05506877519426911,
        6.481131564516545
      ],
      [
        0.003983996054928441,
        0.05504350940712933,
        0.9984760086489718,
        1.2550567761982734
      ],
      [
        0.0,
        0.0,
        0.0,
        1.0
      ]
    ],
    "location": [
      -101.18823864913611,
      6.481131564516545,
      1.2550567761982734
    ],
    "rotation": [
      0.05507177989814347,
      -0.003984006594150393,
      0.006537362599495695
    ]
  },
  {
    "label_id": "mV--0dAvjt4OyGlzlXvfPw",
    "size": [
      2.035441412504236,
      4.307956063242486,
      1.9099999999999966
    ],
    "obj_class": "vehicle",
    "point_num_in_lidar": 285,
    "speed": 17.203476888762726,
    "if_vehicle": true,
    "motion_state": true,
    "pose": [
      [
        0.9998832678826455,
        -0.014844543014196446,
        -0.003618031373754427,
        -128.472305846175
      ],
      [
        0.014622894176330897,
        0.9983754809511854,
        -0.05506877519426911,
        -1.0777880987279786
      ],
      [
        0.004429624614978997,
        0.055009440809635504,
        0.9984760086489718,
        1.0752562739101563
      ],
      [
        0.0,
        0.0,
        0.0,
        1.0
      ]
    ],
    "location": [
      -128.472305846175,
      -1.0777880987279786,
      1.0752562739101563
    ],
    "rotation": [
      0.055037762617189685,
      -0.004429639101141604,
      0.014623558839259242
    ]
  },
  {
    "label_id": "uPG2HACjwDhEznwpkcJ-SA",
    "size": [
      0.9429254809122654,
      0.0922711965520758,
      0.6399999999999864
    ],
    "obj_class": "sign",
    "point_num_in_lidar": 44,
    "speed": 0.09272978246594261,
    "if_vehicle": false,
    "motion_state": false,
    "pose": [
      [
        0.994835666400704,
        -0.10143424819086463,
        -0.003618031373754427,
        -143.55237041413056
      ],
      [
        0.10108277485104468,
        0.9933527584030842,
        -0.05506877519426911,
        24.198381481473916
      ],
      [
        0.009179841255730284,
        0.054418661017504026,
        0.9984760086489718,
        3.081097053635574
      ],
      [
        0.0,
        0.0,
        0.0,
        1.0
      ]
    ],
    "location": [
      -143.55237041413056,
      24.198381481473916,
      3.081097053635574
    ],
    "rotation": [
      0.05444785249063708,
      -0.009179970190702956,
      0.10125999185967073
    ]
  },
  {
    "label_id": "xf3Hk5yc_-qRwq793N2Kvw",
    "size": [
      0.8375734288811503,
      0.0972328046265952,
      0.4000000000000057
    ],
    "obj_class": "sign",
    "point_num_in_lidar": 26,
    "speed": 0.09777573352999985,
    "if_vehicle": false,
    "motion_state": false,
    "pose": [
      [
        0.9948356664032616,
        -0.10143424816577948,
        -0.003618031373754427,
        -143.5544193113692
      ],
      [
        0.10108277482599691,
        0.9933527584056331,
        -0.05506877519426911,
        24.21130951485975
      ],
      [
        0.009179841254358095,
        0.0544186610177355,
        0.9984760086489718,
        3.651097053635681
      ],
      [
        0.0,
        0.0,
        0.0,
        1.0
      ]
    ],
    "location": [
      -143.5544193113692,
      24.21130951485975,
      3.651097053635681
    ],
    "rotation": [
      0.05444785249086822,
      -0.00917997018933071,
      0.10125999183449166
    ]
  }
]