[
  {
    "label_id": "8EFRSwEXBf9P-SzIDRzx0A",
    "size": [
      1.9828961125868336,
      4.760235235989989,
      1.6800000000000068
    ],
    "obj_class": "vehicle",
    "point_num_in_lidar": 4424,
    "speed": 20.330808866203608,
    "if_vehicle": true,
    "motion_state": true,
    "pose": [
      [
        0.9999263981547122,
        -0.01204696507223932,
        0.0014383691780767197,
        -54.82818078278797
      ],
      [
        0.01210493909904432,
        0.998607355597358,
        -0.05134997367341272,
        6.624758365116577
      ],
      [
        -0.0008177547019879267,
        0.05136360559189743,
        0.9986796840317957,
        0.8626446204778517
      ],
      [
        0.0,
        0.0,
        0.0,
        1.0
      ]
    ],
    "location": [
      -54.82818078278797,
      6.624758365116577,
      0.8626446204778517
    ],
    "rotation": [
      0.051386234391797604,
      0.0008177547931298167,
      0.012105238788142536
    ]
  },
  {
    "label_id": "D2bG-Pl_4STik9TWecTSVw",
    "size": [
      1.002528928909413,
      1.1448972328790012,
      1.759999999999991
    ],
    "obj_class": "pedestrian",
    "point_num_in_lidar": 71,
    "speed": 1.8169617958980548,
    "if_vehicle": false,
    "motion_state": true,
    "pose": [
      [
        0.9979887947112401,
        -0.0633742591665893,
        0.0014383691780767197,
        -25.40641275294729
      ],
      [
        0.06336442788663971,
        0.99666851534617,
        -0.05134997367341272,
        -4.8567579657210445
      ],
      [
        0.00182068926654298,
        0.051337839774841666,
        0.9986796840317957,
        1.0705357850264647
      ],
      [
        0.0,
        0.0,
        0.0,
        1.0
      ]
    ],
    "location": [
      -25.40641275294729,
      -4.8567579657210445,
      1.0705357850264647
    ],
    "rotation": [
      0.051360502542505564,
      -0.0018206902724478093,
      0.06340701181488743
    ]
  },
  {
    "label_id": "SZuiBA9DtRCP4uerFvjuUg",
    "size": [
      1.9242544458090862,
      4.4930141243689015,
      1.6200000000000045
    ],
    "obj_class": "vehicle",
    "point_num_in_lidar": 37,
    "speed": 17.23496391903655,
    "if_vehicle": true,
    "motion_state": true,
    "pose": [
      [
        0.9999213826609807,
        -0.01245630729631989,
        0.0014383691780767197,
        -2.6238274935203663
      ],
      [
        0.012513741337377869,
        0.9986023164811311,
        -0.05134997367341272,
        0.317865620017983
      ],
      [
        -0.0007967277414485075,
        0.051363936054965906,
        0.9986796840317957,
        1.0043711698500033
      ],
      [
        0.0,
        0.0,
        0.0,
        1.0
      ]
    ],
    "location": [
      -2.6238274935203663,
      0.317865620017983,
      1.0043711698500033
    ],
    "rotation": [
      0.05138656441876551,
      0.0007967278257390194,
      0.012514071927968745
    ]
  },
  {
    "label_id": "VJ3F-NiHmRQh0umylCVJmA",
    "size": [
      2.0181655979310773,
      4.513134775681905,
      1.7700000000000102
    ],
    "obj_class": "vehicle",
    "point_num_in_lidar": 145,
    "speed": 16.8405610533048,
    "if_vehicle": true,
    "motion_state": true,
    "pose": [
      [
        0.9999159213485512,
        -0.01288725447043508,
        0.0014383691780767197,
        -4.567416726869851
      ],
      [
        0.012944120012096863,
        0.9985968305381568,
        -0.05134997367341272,
        4.421583674604335
      ],
      [
        -0.0007745907245917741,
        0.051364274660137044,
        0.9986796840317957,
        1.2328557270867009
      ],
      [
        0.0,
        0.0,
        0.0,
        1.0
      ]
    ],
    "location": [
      -4.567416726869851,
      4.421583674604335,
      1.2328557270867009
    ],
    "rotation": [
      0.051386902577079605,
      0.0007745908020496785,
      0.012944485387932017
    ]
  },
  {
    "label_id": "jT38g8qP7TxoFXreShjseQ",
    "size": [
      1.9384529721746113,
      4.27370457474128,
      1.6899999999999977
    ],
    "obj_class": "vehicle",
    "point_num_in_lidar": 960,
    "speed": 17.513868659287333,
    "if_vehicle": true,
    "motion_state": true,
    "pose": [
      [
        0.9998108365886395,
        -0.019396446427958722,
        0.0014383691780767197,
        -35.31049312640425
      ],
      [
        0.019444723467092244,
        0.9984914035348668,
        -0.05134997367341272,
        3.9458310832724237
      ],
      [
        -0.00044019224598567595,
        0.05136822882813066,
        0.9986796840317957,
        1.0211808036298464
      ],
      [
        0.0,
        0.0,
        0.0,
        1.0
      ]
    ],
    "location": [
      -35.31049312640425,
      3.9458310832724237,
      1.0211808036298464
    ],
    "rotation": [
      0.051390851525889354,
      0.00044019226020162804,
      0.019445950892684936
    ]
  },
  {
    "label_id": "jtZkCXXz-CJN7H96lJooeA",
    "size": [
      1.8789033336574048,
      4.251596265152163,
      1.5200000000000102
    ],
    "obj_class": "vehicle",
    "point_num_in_lidar": 55,
    "speed": 18.282377699226373,
    "if_vehicle": true,
    "motion_state": true,
    "pose": [
      [
        0.9999320178632459,
        -0.011571116888399053,
        0.0014383691780767197,
        9.94233000058739
      ],
      [
        0.01162971861704607,
        0.9986130030440361,
        -0.05134997367341272,
        7.8506394919604645
      ],
      [
        -0.0008421976168139022,
        0.05136321062128859,
        0.9986796840317957,
        1.255056776198245
      ],
      [
        0.0,
        0.0,
        0.0,
        1.0
      ]
    ],
    "location": [
      9.94233000058739,
      7.8506394919604645,
      1.255056776198245
    ],
    "rotation": [
      0.051385839942402985,
      0.0008421977163752832,
      0.011629984911673929
    ]
  },
  {
    "label_id": "jwvPciu36TKGhEIDNBRO0g",
    "size": [
      0.7628165483224917,
      1.0154109277983654,
      1.0900000000000034
    ],
    "obj_class": "pedestrian",
    "point_num_in_lidar": 93,
    "speed": 1.5879181538451403,
    "if_vehicle": false,
    "motion_state": true,
    "pose": [
      [
        0.9995477202050066,
        0.030038077952520253,
        0.0014383691780767197,
        -38.7956746500422
      ],
      [
        -0.02992465329589492,
        0.9982322852567234,
        -0.05134997367341272,
        -5.315097516648166
      ],
      [
        -0.0029782810637361923,
        0.05128370641888133,
        0.9986796840317957,
        0.6261888506734579
      ],
      [
        0.0,
        0.0,
        0.0,
        1.0
      ]
    ],
    "location": [
      -38.7956746500422,
      -5.315097516648166,
      0.6261888506734579
    ],
    "rotation": [
      0.05130644033027712,
      0.0029782854667244145,
      -0.029929254054201593
    ]
  },
  {
    "label_id": "mV--0dAvjt4OyGlzlXvfPw",
    "size": [
      2.03544141250418,
      4.307956063242486,
      1.9099999999999966
    ],
    "obj_class": "vehicle",
    "point_num_in_lidar": 395,
    "speed": 15.747858579093794,
    "if_vehicle": true,
    "motion_state": true,
    "pose": [
      [
        0.9998763484547228,
        -0.015659466624299383,
        0.0014383691780767197,
        -26.427600779781642
      ],
      [
        0.01571267477500381,
        0.9985571050546658,
        -0.05134997367341272,
        0.6216129741496843
      ],
      [
        -0.0006321805635626897,
        0.05136622479691956,
        0.9986796840317957,
        0.9652562739102564
      ],
      [
        0.0,
        0.0,
        0.0,
        1.0
      ]
    ],
    "location": [
      -26.427600779781642,
      0.6216129741496843,
      0.9652562739102564
    ],
    "rotation": [
      0.05138885014003883,
      0.0006321806056714295,
      0.015713324532567748
    ]
  },
  {
    "label_id": "uYKZwsjU7cszh0R3dzWqbA",
    "size": [
      0.661518188633118,
      0.8818788582361259,
      1.0
    ],
    "obj_class": "pedestrian",
    "point_num_in_lidar": 31,
    "speed": 1.808277219190354,
    "if_vehicle": false,
    "motion_state": true,
    "pose": [
      [
        0.9998810722689576,
        -0.015354882363185576,
        0.0014383691780767197,
        -28.35526247633061
      ],
      [
        0.015408492380930824,
        0.9985618451384404,
        -0.05134997367341272,
        -4.703081071680572
      ],
      [
        -0.0006478277753426224,
        0.051366029838076005,
        0.9986796840317957,
        0.6442700469743841
      ],
      [
        0.0,
        0.0,
        0.0,
        1.0
      ]
    ],
    "location": [
      -28.35526247633061,
      -4.703081071680572,
      0.6442700469743841
    ],
    "rotation": [
      0.05138865543852278,
      0.0006478278206561136,
      0.015409105398040121
    ]
  }
]