[
  {
    "label_id": "8EFRSwEXBf9P-SzIDRzx0A",
    "size": [
      1.9828961125855957,
      4.760235235989989,
      1.6800000000000068
    ],
    "obj_class": "vehicle",
    "point_num_in_lidar": 1194,
    "speed": 19.726141673255555,
    "if_vehicle": true,
    "motion_state": true,
    "pose": [
      [
        0.9999289659282405,
        -0.011850030431231173,
        0.0012805766117684125,
        21.214001011137952
      ],
      [
        0.01190123851451792,
        0.9985245977823234,
        -0.052981016840657376,
        7.6728714138844225
      ],
      [
        -0.0006508605843561433,
        0.052992493830998,
        0.9985946985529572,
        0.9450597723732699
      ],
      [
        0.0,
        0.0,
        0.0,
        1.0
      ]
    ],
    "location": [
      21.214001011137952,
      7.6728714138844225,
      0.9450597723732699
    ],
    "rotation": [
      0.05301733875848266,
      0.0006508606303090246,
      0.011901522000939576
    ]
  },
  {
    "label_id": "IsF_2wEbilIooKWYzMpCqw",
    "size": [
      1.8400113156369742,
      4.54972215173972,
      1.710000000000008
    ],
    "obj_class": "vehicle",
    "point_num_in_lidar": 28,
    "speed": 0.022628672963750127,
    "if_vehicle": true,
    "motion_state": false,
    "pose": [
      [
        0.9458691738271153,
        0.32454563026969196,
        0.0012805766117684125,
        1.846387145042172
      ],
      [
        -0.32402590351088106,
        0.9445635106801911,
        -0.052981016840657376,
        -35.73530038810168
      ],
      [
        -0.01840434344298723,
        0.04969817063394992,
        0.9985946985529572,
        1.16907001743391
      ],
      [
        0.0,
        0.0,
        0.0,
        1.0
      ]
    ],
    "location": [
      1.846387145042172,
      -35.73530038810168,
      1.16907001743391
    ],
    "rotation": [
      0.049727081161213424,
      0.01840538258748379,
      -0.33003992033053386
    ]
  },
  {
    "label_id": "VJ3F-NiHmRQh0umylCVJmA",
    "size": [
      2.018165597928674,
      4.513134775681905,
      1.7700000000000102
    ],
    "obj_class": "vehicle",
    "point_num_in_lidar": 104,
    "speed": 16.942083931604472,
    "if_vehicle": true,
    "motion_state": true,
    "pose": [
      [
        0.9999084966920347,
        -0.013466936051548814,
        0.0012805766117684125,
        59.47364968386864
      ],
      [
        0.013515873154067994,
        0.9985040475768805,
        -0.052981016840657376,
        4.874886032221184
      ],
      [
        -0.0005651689643438835,
        0.05299347701340583,
        0.9985946985529572,
        1.2346165005638738
      ],
      [
        0.0,
        0.0,
        0.0,
        1.0
      ]
    ],
    "location": [
      59.47364968386864,
      4.874886032221184,
      1.2346165005638738
    ],
    "rotation": [
      0.053018320559587585,
      0.0005651689944312189,
      0.013516286857333137
    ]
  },
  {
    "label_id": "jT38g8qP7TxoFXreShjseQ",
    "size": [
      1.9384529721728285,
      4.27370457474128,
      1.6899999999999977
    ],
    "obj_class": "vehicle",
    "point_num_in_lidar": 628,
    "speed": 16.663314741772353,
    "if_vehicle": true,
    "motion_state": true,
    "pose": [
      [
        0.9999985604921906,
        0.001113165346252162,
        0.0012805766117684125,
        29.807864866592354
      ],
      [
        -0.0010437565716434614,
        0.9985949741645755,
        -0.052981016840657376,
        4.887667755143411
      ],
      [
        -0.0013377540005008594,
        0.05297960396381586,
        0.9985946985529572,
        1.0238244469564108
      ],
      [
        0.0,
        0.0,
        0.0,
        1.0
      ]
    ],
    "location": [
      29.807864866592354,
      4.887667755143411,
      1.0238244469564108
    ],
    "rotation": [
      0.05300446699120523,
      0.0013377543995054335,
      -0.0010437576951075026
    ]
  },
  {
    "label_id": "jtZkCXXz-CJN7H96lJooeA",
    "size": [
      1.8789033336566743,
      4.251596265152163,
      1.5200000000000102
    ],
    "obj_class": "vehicle",
    "point_num_in_lidar": 34,
    "speed": 18.733876372052897,
    "if_vehicle": true,
    "motion_state": true,
    "pose": [
      [
        0.9998864381754035,
        -0.01501568767810756,
        0.0012805766117684125,
        80.06972588481221
      ],
      [
        0.015062449357331077,
        0.9984819149458282,
        -0.052981016840657376,
        8.698182929416362
      ],
      [
        -0.0004830861858054966,
        0.052994288840078924,
        0.9985946985529572,
        1.240060006106802
      ],
      [
        0.0,
        0.0,
        0.0,
        1.0
      ]
    ],
    "location": [
      80.06972588481221,
      8.698182929416362,
      1.240060006106802
    ],
    "rotation": [
      0.053019131245623546,
      0.00048308620459531793,
      0.015063020728108903
    ]
  },
  {
    "label_id": "mV--0dAvjt4OyGlzlXvfPw",
    "size": [
      2.035441412503982,
      4.307956063242486,
      1.9099999999999966
    ],
    "obj_class": "vehicle",
    "point_num_in_lidar": 377,
    "speed": 16.984068313316477,
    "if_vehicle": true,
    "motion_state": true,
    "pose": [
      [
        0.9999716787852015,
        -0.007416316541730019,
        0.0012805766117684125,
        34.51300877246467
      ],
      [
        0.007473750966936071,
        0.9985675514961492,
        -0.052981016840657376,
        1.0631828887671873
      ],
      [
        -0.0008858182601237742,
        0.052989087064589636,
        0.9985946985529572,
        0.9652562739102564
      ],
      [
        0.0,
        0.0,
        0.0,
        1.0
      ]
    ],
    "location": [
      34.51300877246467,
      1.0631828887671873,
      0.9652562739102564
    ],
    "rotation": [
      0.053013936777552756,
      0.0008858183759702398,
      0.007473823477824328
    ]
  }
]