[
  {
    "label_id": "8EFRSwEXBf9P-SzIDRzx0A",
    "size": [
      1.9828961125845248,
      4.760235235989989,
      1.6800000000000068
    ],
    "obj_class": "vehicle",
    "point_num_in_lidar": 340,
    "speed": 18.96412475099045,
    "if_vehicle": true,
    "motion_state": true,
    "pose": [
      [
        0.9999921150682901,
        -0.003896443470091678,
        -0.0007665047502070305,
        117.16212461083342
      ],
      [
        0.0038507936277291824,
        0.9986115350591698,
        -0.05253735276167934,
        8.6794158761968
      ],
      [
        0.0009701493103385367,
        0.05253398685663287,
        0.9986186654750965,
        0.9987379389488353
      ],
      [
        0.0,
        0.0,
        0.0,
        1.0
      ]
    ],
    "location": [
      117.16212461083342,
      8.6794158761968,
      0.9987379389488353
    ],
    "rotation": [
      0.05255820572821286,
      -0.0009701494625210216,
      0.003850804956958176
    ]
  },
  {
    "label_id": "VJ3F-NiHmRQh0umylCVJmA",
    "size": [
      2.0181655979314104,
      4.513134775681905,
      1.7700000000000102
    ],
    "obj_class": "vehicle",
    "point_num_in_lidar": 94,
    "speed": 17.344805001636406,
    "if_vehicle": true,
    "motion_state": true,
    "pose": [
      [
        0.9999995813990308,
        0.0004996721236143754,
        -0.0007665047502070305,
        145.2767914829692
      ],
      [
        -0.0005392523396835851,
        0.9986188140485383,
        -0.05253735276167934,
        5.876848435293141
      ],
      [
        0.0007391946139908101,
        0.052537744108972474,
        0.9986186654750965,
        1.2376646494851684
      ],
      [
        0.0,
        0.0,
        0.0,
        1.0
      ]
    ],
    "location": [
      145.2767914829692,
      5.876848435293141,
      1.2376646494851684
    ],
    "rotation": [
      0.05256195779332089,
      -0.0007391946813078852,
      -0.0005392525131448912
    ]
  },
  {
    "label_id": "jT38g8qP7TxoFXreShjseQ",
    "size": [
      1.9384529721728754,
      4.27370457474128,
      1.6899999999999977
    ],
    "obj_class": "vehicle",
    "point_num_in_lidar": 544,
    "speed": 17.652511354214507,
    "if_vehicle": true,
    "motion_state": true,
    "pose": [
      [
        0.9999989268909714,
        0.0012484740179798805,
        -0.0007665047502070305,
        114.05738204181398
      ],
      [
        -0.0012870203011187242,
        0.9986181302898217,
        -0.05253735276167934,
        5.029032096974333
      ],
      [
        0.0006998540206136116,
        0.05253828289054616,
        0.9986186654750965,
        1.0466148509599122
      ],
      [
        0.0,
        0.0,
        0.0,
        1.0
      ]
    ],
    "location": [
      114.05738204181398,
      5.029032096974333,
      1.0466148509599122
    ],
    "rotation": [
      0.052562495830935745,
      -0.0006998540777445333,
      -0.0012870209716158024
    ]
  },
  {
    "label_id": "l4STcu9YzZm2k12QDyAALw",
    "size": [
      2.3393558238132357,
      6.4977996964848055,
      2.1200000000000045
    ],
    "obj_class": "vehicle",
    "point_num_in_lidar": 38,
    "speed": 6.355287432313019e-13,
    "if_vehicle": true,
    "motion_state": false,
    "pose": [
      [
        -0.04599022441799698,
        -0.9989415957544515,
        -0.0007665047502070305,
        161.51248478253547
      ],
      [
        0.9975641613706157,
        -0.04588649598449377,
        -0.05253735276167934,
        -8.791356942278071
      ],
      [
        0.05244657478732403,
        -0.003180842312163976,
        0.9986186654750965,
        1.7778357163255976
      ],
      [
        0.0,
        0.0,
        0.0,
        1.0
      ]
    ],
    "location": [
      161.51248478253547,
      -8.791356942278071,
      1.7778357163255976
    ],
    "rotation": [
      -0.0031852314250040655,
      -0.05247064823287874,
      1.6168662283539321
    ]
  },
  {
    "label_id": "mV--0dAvjt4OyGlzlXvfPw",
    "size": [
      2.0354414125020663,
      4.307956063242486,
      1.9099999999999966
    ],
    "obj_class": "vehicle",
    "point_num_in_lidar": 274,
    "speed": 18.07336007016004,
    "if_vehicle": true,
    "motion_state": true,
    "pose": [
      [
        0.9999464027245446,
        -0.010324928508747734,
        -0.0007665047502070305,
        124.06344023091151
      ],
      [
        0.010270404390611469,
        0.998566144708726,
        -0.05253735276167934,
        1.777063786277722
      ],
      [
        0.001307850104618359,
        0.05252666458895972,
        0.9986186654750965,
        0.9652562739103985
      ],
      [
        0.0,
        0.0,
        0.0,
        1.0
      ]
    ],
    "location": [
      124.06344023091151,
      1.777063786277722,
      0.9652562739103985
    ],
    "rotation": [
      0.0525508935653461,
      -0.0013078504774587875,
      0.010270593739050092
    ]
  },
  {
    "label_id": "tKlBc5fuDsTk5dAxf-L3Hg",
    "size": [
      0.49144637117533096,
      0.09510256729124839,
      0.4900000000000091
    ],
    "obj_class": "sign",
    "point_num_in_lidar": 99,
    "speed": 0.09407579914514494,
    "if_vehicle": false,
    "motion_state": false,
    "pose": [
      [
        -0.9999996305740296,
        0.00038900163493126684,
        -0.0007665047502070305,
        99.56915247573488
      ],
      [
        -0.0003481943825388752,
        -0.9986188989426681,
        -0.05253735276167934,
        -1.9052027572961379
      ],
      [
        -0.0007858832458053238,
        -0.0525370664603686,
        0.9986186654750965,
        2.4758386412459856
      ],
      [
        0.0,
        0.0,
        0.0,
        1.0
      ]
    ],
    "location": [
      99.56915247573488,
      -1.9052027572961379,
      2.4758386412459856
    ],
    "rotation": [
      -0.05256128108038257,
      0.0007858833267005626,
      -3.141244459092694
    ]
  }
]