[
  {
    "label_id": "-oh22MsWr26_sfMjVwsbTw",
    "size": [
      0.5771762910042065,
      0.09371839054968478,
      0.8100000000000023
    ],
    "obj_class": "sign",
    "point_num_in_lidar": 29,
    "speed": 0.034931495467572515,
    "if_vehicle": false,
    "motion_state": false,
    "pose": [
      [
        -0.18247830587863345,
        0.9831885336232006,
        -0.0064788297959345875,
        138.95622274847483
      ],
      [
        -0.9824268365350278,
        -0.18259195392235134,
        -0.03869998990433392,
        38.37187783930858
      ],
      [
        -0.03923236851684478,
        -0.0006969323343941748,
        0.9992298712237739,
        2.920751538024689
      ],
      [
        0.0,
        0.0,
        0.0,
        1.0
      ]
    ],
    "location": [
      138.95622274847483,
      38.37187783930858,
      2.920751538024689
    ],
    "rotation": [
      -0.0006974693626101363,
      0.039242439765311714,
      -1.7544458174229525
    ]
  },
  {
    "label_id": "8EFRSwEXBf9P-SzIDRzx0A",
    "size": [
      1.982896112585231,
      4.760235235989989,
      1.6800000000000068
    ],
    "obj_class": "vehicle",
    "point_num_in_lidar": 235,
    "speed": 19.23943514288257,
    "if_vehicle": true,
    "motion_state": true,
    "pose": [
      [
        0.9999776143493608,
        -0.001671994209447368,
        -0.0064788297959345875,
        159.27264910399026
      ],
      [
        0.001420041130228003,
        0.9992498657816237,
        -0.03869998990433392,
        8.75401836106721
      ],
      [
        0.006538675963035339,
        0.03868992337509421,
        0.9992298712237739,
        1.026527404362355
      ],
      [
        0.0,
        0.0,
        0.0,
        1.0
      ]
    ],
    "location": [
      159.27264910399026,
      8.75401836106721,
      1.026527404362355
    ],
    "rotation": [
      0.03870041016583899,
      -0.006538722556665921,
      0.00142007196490904
    ]
  },
  {
    "label_id": "9cfZY1oXM-MC6m5TMgdjBA",
    "size": [
      0.7445014442882314,
      0.08414281000989332,
      0.8000000000000114
    ],
    "obj_class": "sign",
    "point_num_in_lidar": 31,
    "speed": 0.06110480976683993,
    "if_vehicle": false,
    "motion_state": false,
    "pose": [
      [
        -0.14478739989248043,
        0.9894415766465701,
        -0.0064788297959345875,
        149.28179310722953
      ],
      [
        -0.9886847768538151,
        -0.14493006175023337,
        -0.03869998990433392,
        -9.178054830948895
      ],
      [
        -0.03923035622954455,
        0.000802249476953685,
        0.9992298712237739,
        2.584835616524657
      ],
      [
        0.0,
        0.0,
        0.0,
        1.0
      ]
    ],
    "location": [
      149.28179310722953,
      -9.178054830948895,
      2.584835616524657
    ],
    "rotation": [
      0.0008028676160325737,
      0.03924042592766617,
      -1.716207164736356
    ]
  },
  {
    "label_id": "HAGAuQicAsYBIhd3-7j75g",
    "size": [
      0.7329041527610389,
      0.09489345211544484,
      0.8199999999999932
    ],
    "obj_class": "sign",
    "point_num_in_lidar": 35,
    "speed": 0.06516105660557295,
    "if_vehicle": false,
    "motion_state": false,
    "pose": [
      [
        -0.025241713896373728,
        -0.999660382652053,
        -0.0064788297959345875,
        125.65337929799716
      ],
      [
        0.9989387749865484,
        -0.024972677264933792,
        -0.03869998990433392,
        36.05829301369886
      ],
      [
        0.03852505299084873,
        -0.007448808372654995,
        0.9992298712237739,
        2.8071564510556755
      ],
      [
        0.0,
        0.0,
        0.0,
        1.0
      ]
    ],
    "location": [
      125.65337929799716,
      36.05829301369886,
      2.8071564510556755
    ],
    "rotation": [
      -0.007454411256353928,
      -0.038534589044820065,
      1.596059480372756
    ]
  },
  {
    "label_id": "LFOp-3VIQw27e-HMKSrjmg",
    "size": [
      1.9190360159657784,
      4.780307950403228,
      1.5699999999999932
    ],
    "obj_class": "vehicle",
    "point_num_in_lidar": 90,
    "speed": 1.0247593068766006e-12,
    "if_vehicle": true,
    "motion_state": false,
    "pose": [
      [
        -0.03629806311894876,
        -0.9993200064935597,
        -0.0064788297959345875,
        180.68972339216452
      ],
      [
        0.9986014189665328,
        -0.03602106077604724,
        -0.03869998990433392,
        -21.5089871580858
      ],
      [
        0.03844029984066264,
        -0.007874503303713124,
        0.9992298712237739,
        1.3385350045849975
      ],
      [
        0.0,
        0.0,
        0.0,
        1.0
      ]
    ],
    "location": [
      180.68972339216452,
      -21.5089871580858,
      1.3385350045849975
    ],
    "rotation": [
      -0.007880409228505112,
      -0.038449773068655484,
      1.6071292309038503
    ]
  },
  {
    "label_id": "VJ3F-NiHmRQh0umylCVJmA",
    "size": [
      2.0181655979289426,
      4.513134775681905,
      1.7700000000000102
    ],
    "obj_class": "vehicle",
    "point_num_in_lidar": 76,
    "speed": 17.346979356918915,
    "if_vehicle": true,
    "motion_state": true,
    "pose": [
      [
        0.9999705387509754,
        -0.004116599878493371,
        -0.0064788297959345875,
        183.45803888644332
      ],
      [
        0.003862868450423225,
        0.9992434082988685,
        -0.03869998990433392,
        6.0565568876900215
      ],
      [
        0.006633240340815815,
        0.03867382288707972,
        0.9992298712237739,
        1.2424482575898708
      ],
      [
        0.0,
        0.0,
        0.0,
        1.0
      ]
    ],
    "location": [
      183.45803888644332,
      6.0565568876900215,
      1.2424482575898708
    ],
    "rotation": [
      0.038684321379388355,
      -0.006633288985405962,
      0.0038629630435901025
    ]
  },
  {
    "label_id": "bjq97QzH7fUsQjGXL2sb_w",
    "size": [
      1.8854921806205784,
      4.368656582305968,
      1.8000000000000114
    ],
    "obj_class": "vehicle",
    "point_num_in_lidar": 21,
    "speed": 2.1645329030274947e-12,
    "if_vehicle": true,
    "motion_state": false,
    "pose": [
      [
        -0.01928419382972971,
        -0.999793050902442,
        -0.0064788297959345875,
        194.5947893847533
      ],
      [
        0.9990698528344585,
        -0.019019462104323197,
        -0.03869998990433392,
        -9.499452816533449
      ],
      [
        0.03856875711856357,
        -0.007219101637287632,
        0.9992298712237739,
        1.4843512810905963
      ],
      [
        0.0,
        0.0,
        0.0,
        1.0
      ]
    ],
    "location": [
      194.5947893847533,
      -9.499452816533449,
      1.4843512810905963
    ],
    "rotation": [
      -0.0072245398650224845,
      -0.03857832567795947,
      1.590096077845887
    ]
  },
  {
    "label_id": "igVD6ApUcIRb5PEzAYDPAw",
    "size": [
      1.9983699301820046,
      5.004685356609125,
      1.6400000000000148
    ],
    "obj_class": "vehicle",
    "point_num_in_lidar": 210,
    "speed": 4.0194366942304643e-13,
    "if_vehicle": true,
    "motion_state": false,
    "pose": [
      [
        0.9999384514928839,
        0.009006552641767524,
        -0.0064788297959345875,
        154.31780269645606
      ],
      [
        -0.00925071995314982,
        0.9992080538915571,
        -0.03869998990433392,
        -12.83625354878859
      ],
      [
        0.006125145415581178,
        0.03875754181779621,
        0.9992298712237739,
        1.1362181785682424
      ],
      [
        0.0,
        0.0,
        0.0,
        1.0
      ]
    ],
    "location": [
      154.31780269645606,
      -12.83625354878859,
      1.1362181785682424
    ],
    "rotation": [
      0.03876797924562622,
      -0.006125183716156068,
      -0.009251025441706699
    ]
  },
  {
    "label_id": "jT38g8qP7TxoFXreShjseQ",
    "size": [
      1.9384529721744121,
      4.27370457474128,
      1.6899999999999977
    ],
    "obj_class": "vehicle",
    "point_num_in_lidar": 581,
    "speed": 16.34069515955786,
    "if_vehicle": true,
    "motion_state": true,
    "pose": [
      [
        0.9992485458555266,
        0.0382147663880224,
        -0.0064788297959345875,
        151.61646912815195
      ],
      [
        -0.038437491754629814,
        0.9985113269307551,
        -0.03869998990433392,
        4.240239742912308
      ],
      [
        0.004990273863084212,
        0.03891993860339012,
        0.9992298712237739,
        1.0484600873956538
      ],
      [
        0.0,
        0.0,
        0.0,
        1.0
      ]
    ],
    "location": [
      151.61646912815195,
      4.240239742912308,
      1.0484600873956538
    ],
    "rotation": [
      0.03893025603017569,
      -0.004990294575309282,
      -0.03844744186989722
    ]
  },
  {
    "label_id": "l4STcu9YzZm2k12QDyAALw",
    "size": [
      2.339355823813231,
      6.4977996964848055,
      2.1200000000000045
    ],
    "obj_class": "vehicle",
    "point_num_in_lidar": 441,
    "speed": 6.355287432313019e-13,
    "if_vehicle": true,
    "motion_state": false,
    "pose": [
      [
        -0.045989272692645064,
        -0.9989209235778762,
        -0.0064788297959345875,
        161.51248478253729
      ],
      [
        0.998205056641938,
        -0.04570531343147843,
        -0.03869998990433392,
        -8.791356942281709
      ],
      [
        0.038362112711199325,
        -0.008246985052337385,
        0.9992298712237739,
        1.484441686430273
      ],
      [
        0.0,
        0.0,
        0.0,
        1.0
      ]
    ],
    "location": [
      161.51248478253729,
      -8.791356942281709,
      1.484441686430273
    ],
    "rotation": [
      -0.008253153796168224,
      -0.03837152822590543,
      1.6168357396570863
    ]
  },
  {
    "label_id": "mV--0dAvjt4OyGlzlXvfPw",
    "size": [
      2.0354414125043663,
      4.307956063242486,
      1.9099999999999966
    ],
    "obj_class": "vehicle",
    "point_num_in_lidar": 211,
    "speed": 18.43411413415131,
    "if_vehicle": true,
    "motion_state": true,
    "pose": [
      [
        0.9999424935058715,
        -0.008546019291793704,
        -0.0064788297959345875,
        164.14864258877424
      ],
      [
        0.008289069463003854,
        0.9992164941136841,
        -0.03869998990433392,
        2.1713777886943717
      ],
      [
        0.006804484454967693,
        0.03864406093337423,
        0.9992298712237739,
        0.9852579244718811
      ],
      [
        0.0,
        0.0,
        0.0,
        1.0
      ]
    ],
    "location": [
      164.14864258877424,
      2.1713777886943717,
      0.9852579244718811
    ],
    "rotation": [
      0.0386545810034243,
      -0.006804536965144096,
      0.008289356297161281
    ]
  }
]