[
  {
    "label_id": "-oh22MsWr26_sfMjVwsbTw",
    "size": [
      0.5771762910042073,
      0.09371839054968478,
      0.8100000000000023
    ],
    "obj_class": "sign",
    "point_num_in_lidar": 27,
    "speed": 0.034062401183803936,
    "if_vehicle": false,
    "motion_state": false,
    "pose": [
      [
        -0.18248213124655688,
        0.9832091446095453,
        0.00022300645884690322,
        138.9615114970784
      ],
      [
        -0.9821482874928739,
        -0.18227469471431956,
        -0.046483083391880745,
        38.40398993468625
      ],
      [
        -0.04566194422633959,
        -0.008701357535918166,
        0.9989190523893829,
        2.939799281202852
      ],
      [
        0.0,
        0.0,
        0.0,
        1.0
      ]
    ],
    "location": [
      138.9615114970784,
      38.40398993468625,
      2.939799281202852
    ],
    "rotation": [
      -0.008710553118218202,
      0.045677826758435056,
      -1.7545005038234485
    ]
  },
  {
    "label_id": "8EFRSwEXBf9P-SzIDRzx0A",
    "size": [
      1.9828961125853337,
      4.760235235989989,
      1.6800000000000068
    ],
    "obj_class": "vehicle",
    "point_num_in_lidar": 316,
    "speed": 19.21132969397571,
    "if_vehicle": true,
    "motion_state": true,
    "pose": [
      [
        0.99998913187249,
        0.004656866438210046,
        0.00022300645884690322,
        140.109593367044
      ],
      [
        -0.0046414669252253776,
        0.9989082939605444,
        -0.046483083391880745,
        8.761395796234865
      ],
      [
        -0.00043922851234111057,
        0.046481543130700534,
        0.9989190523893829,
        1.0467717586615493
      ],
      [
        0.0,
        0.0,
        0.0,
        1.0
      ]
    ],
    "location": [
      140.109593367044,
      8.761395796234865,
      1.0467717586615493
    ],
    "rotation": [
      0.04649830140425843,
      0.000439228526463896,
      -0.004641484038465124
    ]
  },
  {
    "label_id": "HAGAuQicAsYBIhd3-7j75g",
    "size": [
      0.7329041527610392,
      0.09489345211544484,
      0.8199999999999932
    ],
    "obj_class": "sign",
    "point_num_in_lidar": 26,
    "speed": 0.05860487409704681,
    "if_vehicle": false,
    "motion_state": false,
    "pose": [
      [
        -0.02524224304880678,
        -0.9996813389445581,
        0.00022300645884690322,
        125.6311377357215
      ],
      [
        0.9986005237903357,
        -0.025225321485573375,
        -0.046483083391880745,
        36.115433405620934
      ],
      [
        0.04647389645308467,
        -0.000950642922022662,
        0.9989190523893829,
        2.868099784954552
      ],
      [
        0.0,
        0.0,
        0.0,
        1.0
      ]
    ],
    "location": [
      125.6311377357215,
      36.115433405620934,
      2.868099784954552
    ],
    "rotation": [
      -0.0009516713418935218,
      -0.046490641965642635,
      1.5960685635536465
    ]
  },
  {
    "label_id": "VJ3F-NiHmRQh0umylCVJmA",
    "size": [
      2.0181655979327826,
      4.513134775681905,
      1.7700000000000102
    ],
    "obj_class": "vehicle",
    "point_num_in_lidar": 101,
    "speed": 17.35219334095264,
    "if_vehicle": true,
    "motion_state": true,
    "pose": [
      [
        0.9999903568207067,
        -0.004385947299636306,
        0.00022300645884690322,
        166.11160468016715
      ],
      [
        0.004391572466645677,
        0.9989094238466536,
        -0.046483083391880745,
        5.932799626420092
      ],
      [
        -1.8890899239453984e-05,
        0.04648361449619805,
        0.9989190523893829,
        1.2402742342995907
      ],
      [
        0.0,
        0.0,
        0.0,
        1.0
      ]
    ],
    "location": [
      166.11160468016715,
      5.932799626420092,
      1.2402742342995907
    ],
    "rotation": [
      0.046500370530918315,
      1.889089924057757e-05,
      0.004391586583462756
    ]
  },
  {
    "label_id": "igVD6ApUcIRb5PEzAYDPAw",
    "size": [
      1.9983699301820053,
      5.004685356609125,
      1.6400000000000148
    ],
    "obj_class": "vehicle",
    "point_num_in_lidar": 32,
    "speed": 1.2589401389652083e-27,
    "if_vehicle": true,
    "motion_state": false,
    "pose": [
      [
        0.9999594136146601,
        0.009006741449839912,
        0.00022300645884690322,
        154.3178026964597
      ],
      [
        -0.008986640474008878,
        0.9988786529160457,
        -0.046483083391880745,
        -12.83625354878859
      ],
      [
        -0.0006414175051065897,
        0.04647919273267738,
        0.9989190523893829,
        1.1362181785681287
      ],
      [
        0.0,
        0.0,
        0.0,
        1.0
      ]
    ],
    "location": [
      154.3178026964597,
      -12.83625354878859,
      1.1362181785681287
    ],
    "rotation": [
      0.04649595354618295,
      0.0006414175490882131,
      -0.008986763286847868
    ]
  },
  {
    "label_id": "jT38g8qP7TxoFXreShjseQ",
    "size": [
      1.9384529721748456,
      4.27370457474128,
      1.6899999999999977
    ],
    "obj_class": "vehicle",
    "point_num_in_lidar": 565,
    "speed": 17.039613742228912,
    "if_vehicle": true,
    "motion_state": true,
    "pose": [
      [
        0.999782927276062,
        0.020833832950941,
        0.00022300645884690322,
        135.01045423380856
      ],
      [
        -0.020800949925821426,
        0.9987024799411317,
        -0.046483083391880745,
        4.702138698501585
      ],
      [
        -0.0011911378979243955,
        0.04646835443616822,
        0.9989190523893829,
        1.0698903062277907
      ],
      [
        0.0,
        0.0,
        0.0,
        1.0
      ]
    ],
    "location": [
      135.01045423380856,
      4.702138698501585,
      1.0698903062277907
    ],
    "rotation": [
      0.04648512695539674,
      0.001191138179590868,
      -0.020802465001625768
    ]
  },
  {
    "label_id": "l4STcu9YzZm2k12QDyAALw",
    "size": [
      2.3393558238132233,
      6.4977996964848055,
      2.1200000000000045
    ],
    "obj_class": "vehicle",
    "point_num_in_lidar": 133,
    "speed": 6.355287432313019e-13,
    "if_vehicle": true,
    "motion_state": false,
    "pose": [
      [
        -0.04599023678471892,
        -0.9989418643687955,
        0.00022300645884690322,
        161.5124847825391
      ],
      [
        0.9978616334368221,
        -0.04595088109253861,
        -0.046483083391880745,
        -8.791356942281709
      ],
      [
        0.04644414532836889,
        -0.0019152384223844986,
        0.9989190523893829,
        1.6177815086355452
      ],
      [
        0.0,
        0.0,
        0.0,
        1.0
      ]
    ],
    "location": [
      161.5124847825391,
      -8.791356942281709,
      1.6177815086355452
    ],
    "rotation": [
      -0.0019173085856668338,
      -0.04646085868083657,
      1.6168525262599465
    ]
  },
  {
    "label_id": "mV--0dAvjt4OyGlzlXvfPw",
    "size": [
      2.0354414125027134,
      4.307956063242486,
      1.9099999999999966
    ],
    "obj_class": "vehicle",
    "point_num_in_lidar": 268,
    "speed": 18.201063090257133,
    "if_vehicle": true,
    "motion_state": true,
    "pose": [
      [
        0.9999428560465561,
        -0.010688073239642286,
        0.00022300645884690322,
        145.79305301081695
      ],
      [
        0.010686885959358431,
        0.9988619090879755,
        -0.046483083391880745,
        2.0056432603814756
      ],
      [
        0.0002740619424740546,
        0.04648281040932137,
        0.9989190523893829,
        0.9652562739105122
      ],
      [
        0.0,
        0.0,
        0.0,
        1.0
      ]
    ],
    "location": [
      145.79305301081695,
      2.0056432603814756,
      0.9652562739105122
    ],
    "rotation": [
      0.04649956731318712,
      -0.0002740619459048511,
      0.010687089795222428
    ]
  }
]