[
  {
    "label_id": "-oh22MsWr26_sfMjVwsbTw",
    "size": [
      0.5771762910042045,
      0.09371839054968478,
      0.8100000000000023
    ],
    "obj_class": "sign",
    "point_num_in_lidar": 22,
    "speed": 0.03550408974865026,
    "if_vehicle": false,
    "motion_state": false,
    "pose": [
      [
        -0.18248207865965368,
        0.983208861272676,
        -0.0007912540297811165,
        138.96204070242493
      ],
      [
        -0.9821124867606423,
        -0.1823164751393662,
        -0.04707192625742361,
        38.40720315090948
      ],
      [
        -0.046425793659122354,
        -0.007812682487120881,
        0.9988911891069397,
        2.9417052458119883
      ],
      [
        0.0,
        0.0,
        0.0,
        1.0
      ]
    ],
    "location": [
      138.96204070242493,
      38.40720315090948,
      2.9417052458119883
    ],
    "rotation": [
      -0.00782119540968383,
      0.04644248719454352,
      -1.7545069989400741
    ]
  },
  {
    "label_id": "8EFRSwEXBf9P-SzIDRzx0A",
    "size": [
      1.9828961125859894,
      4.760235235989989,
      1.6800000000000068
    ],
    "obj_class": "vehicle",
    "point_num_in_lidar": 288,
    "speed": 19.21427349413809,
    "if_vehicle": true,
    "motion_state": true,
    "pose": [
      [
        0.999992463882616,
        0.0038008018937286513,
        -0.0007912540297811165,
        138.1927061272745
      ],
      [
        -0.003833835494137159,
        0.9988841451659045,
        -0.04707192625742361,
        8.759225379149939
      ],
      [
        0.0006114600386863165,
        0.04707460505564609,
        0.9988911891069397,
        1.0481458832757937
      ],
      [
        0.0,
        0.0,
        0.0,
        1.0
      ]
    ],
    "location": [
      138.1927061272745,
      8.759225379149939,
      1.0481458832757937
    ],
    "rotation": [
      0.0470920175918393,
      -0.0006114600767887804,
      -0.0038338456027156857
    ]
  },
  {
    "label_id": "VJ3F-NiHmRQh0umylCVJmA",
    "size": [
      2.018165597928501,
      4.513134775681905,
      1.7700000000000102
    ],
    "obj_class": "vehicle",
    "point_num_in_lidar": 95,
    "speed": 17.354114158029294,
    "if_vehicle": true,
    "motion_state": true,
    "pose": [
      [
        0.9999899501135961,
        -0.004412888948052557,
        -0.0007912540297811165,
        164.37587728290782
      ],
      [
        0.004370753148146896,
        0.9988819401087068,
        -0.04707192625742361,
        5.920416166716677
      ],
      [
        0.0009980925435315235,
        0.04706799481387026,
        0.9988911891069397,
        1.2400566961162554
      ],
      [
        0.0,
        0.0,
        0.0,
        1.0
      ]
    ],
    "location": [
      164.37587728290782,
      5.920416166716677,
      1.2400566961162554
    ],
    "rotation": [
      0.047085414675048266,
      -0.0009980927092463543,
      0.0043707692414379235
    ]
  },
  {
    "label_id": "igVD6ApUcIRb5PEzAYDPAw",
    "size": [
      1.9983699301820046,
      5.004685356609125,
      1.6400000000000148
    ],
    "obj_class": "vehicle",
    "point_num_in_lidar": 24,
    "speed": 1.510728526943913e-27,
    "if_vehicle": true,
    "motion_state": false,
    "pose": [
      [
        0.9999591254507708,
        0.009006738854322157,
        -0.0007912540297811165,
        154.31780269645424
      ],
      [
        -0.009034002069137473,
        0.9988506497795507,
        -0.04707192625742361,
        -12.83625354878859
      ],
      [
        0.0003663800546170315,
        0.04707715040419874,
        0.9988911891069397,
        1.136218178568214
      ],
      [
        0.0,
        0.0,
        0.0,
        1.0
      ]
    ],
    "location": [
      154.31780269645424,
      -12.83625354878859,
      1.136218178568214
    ],
    "rotation": [
      0.0470945601187277,
      -0.00036638006281382974,
      -0.009034125562305123
    ]
  },
  {
    "label_id": "jT38g8qP7TxoFXreShjseQ",
    "size": [
      1.9384529721755126,
      4.27370457474128,
      1.6899999999999977
    ],
    "obj_class": "vehicle",
    "point_num_in_lidar": 561,
    "speed": 17.11970436973587,
    "if_vehicle": true,
    "motion_state": true,
    "pose": [
      [
        0.9997742233524903,
        0.021233846495284838,
        -0.0007912540297811165,
        133.29245290639483
      ],
      [
        -0.021247552919816993,
        0.9986654971777765,
        -0.04707192625742361,
        4.738147622681936
      ],
      [
        -0.00020931995734222282,
        0.04707811072759217,
        0.9988911891069397,
        1.069890306227819
      ],
      [
        0.0,
        0.0,
        0.0,
        1.0
      ]
    ],
    "location": [
      133.29245290639483,
      4.738147622681936,
      1.069890306227819
    ],
    "rotation": [
      0.04709551937738949,
      0.00020931995887077642,
      -0.021249152441693904
    ]
  },
  {
    "label_id": "l4STcu9YzZm2k12QDyAALw",
    "size": [
      2.3393558238132286,
      6.4977996964848055,
      2.1200000000000045
    ],
    "obj_class": "vehicle",
    "point_num_in_lidar": 122,
    "speed": 6.355287432313019e-13,
    "if_vehicle": true,
    "motion_state": false,
    "pose": [
      [
        -0.04599022353145693,
        -0.9989415764981389,
        -0.0007912540297811165,
        161.51248478253547
      ],
      [
        0.9978362768698853,
        -0.0459020513796659,
        -0.04707192625742361,
        -8.79135694227989
      ],
      [
        0.046985784041265494,
        -0.0029543903857702507,
        0.9988911891069397,
        1.6311238232459004
      ],
      [
        0.0,
        0.0,
        0.0,
        1.0
      ]
    ],
    "location": [
      161.51248478253547,
      -8.79135694227989,
      1.6311238232459004
    ],
    "rotation": [
      -0.0029576612580199725,
      -0.0470030893753021,
      1.6168536817111547
    ]
  },
  {
    "label_id": "mV--0dAvjt4OyGlzlXvfPw",
    "size": [
      2.0354414125035007,
      4.307956063242486,
      1.9099999999999966
    ],
    "obj_class": "vehicle",
    "point_num_in_lidar": 250,
    "speed": 18.182990569383215,
    "if_vehicle": true,
    "motion_state": true,
    "pose": [
      [
        0.9999420582498868,
        -0.010735644370055392,
        -0.0007912540297811165,
        143.96680756425667
      ],
      [
        0.010686503568020485,
        0.9988343368146225,
        -0.04707192625742361,
        1.9874803165603225
      ],
      [
        0.001295679154201491,
        0.047060743088622584,
        0.9988911891069397,
        0.9652562739101995
      ],
      [
        0.0,
        0.0,
        0.0,
        1.0
      ]
    ],
    "location": [
      143.96680756425667,
      1.9874803165603225,
      0.9652562739101995
    ],
    "rotation": [
      0.04707817098090413,
      -0.0012956795167294389,
      0.010686715951370015
    ]
  }
]