[
  {
    "label_id": "-oh22MsWr26_sfMjVwsbTw",
    "size": [
      0.5771762910042085,
      0.09371839054968478,
      0.8100000000000023
    ],
    "obj_class": "sign",
    "point_num_in_lidar": 30,
    "speed": 0.04621350533859421,
    "if_vehicle": false,
    "motion_state": false,
    "pose": [
      [
        -0.18248128710088443,
        0.9832045963738942,
        0.0030498405289857483,
        138.95244197505417
      ],
      [
        -0.9825195000171066,
        -0.18223620352223996,
        -0.038018393074085506,
        38.35763089881948
      ],
      [
        -0.03682406745783968,
        -0.00993417309333746,
        0.9992723854189167,
        2.886001160822701
      ],
      [
        0.0,
        0.0,
        0.0,
        1.0
      ]
    ],
    "location": [
      138.95244197505417,
      38.35763089881948,
      2.886001160822701
    ],
    "rotation": [
      -0.009941079116901085,
      0.036832394852813054,
      -1.754431816913339
    ]
  },
  {
    "label_id": "8EFRSwEXBf9P-SzIDRzx0A",
    "size": [
      1.9828961125841515,
      4.760235235989989,
      1.6800000000000068
    ],
    "obj_class": "vehicle",
    "point_num_in_lidar": 247,
    "speed": 19.2981255000032,
    "if_vehicle": true,
    "motion_state": true,
    "pose": [
      [
        0.999943793350983,
        -0.010154241064406287,
        0.0030498405289857483,
        167.00691425911464
      ],
      [
        0.010262891669995822,
        0.9992243365944578,
        -0.038018393074085506,
        8.91307395820877
      ],
      [
        -0.002661426951139056,
        0.03804755637056955,
        0.9992723854189167,
        1.015828510974785
      ],
      [
        0.0,
        0.0,
        0.0,
        1.0
      ]
    ],
    "location": [
      167.00691425911464,
      8.91307395820877,
      1.015828510974785
    ],
    "rotation": [
      0.038056876915120746,
      0.0026614300930493805,
      0.010263108187504671
    ]
  },
  {
    "label_id": "9cfZY1oXM-MC6m5TMgdjBA",
    "size": [
      0.7445014442882326,
      0.08414281000989332,
      0.8000000000000114
    ],
    "obj_class": "sign",
    "point_num_in_lidar": 51,
    "speed": 0.04465891281695678,
    "if_vehicle": false,
    "motion_state": false,
    "pose": [
      [
        -0.14478976534310797,
        0.9894577415557652,
        0.0030498405289857483,
        149.26837594095923
      ],
      [
        -0.9887637830674282,
        -0.14457103126924226,
        -0.038018393074085506,
        -9.199202459287335
      ],
      [
        -0.037176674758181795,
        -0.008520246071111195,
        0.9992723854189167,
        2.5632236321991684
      ],
      [
        0.0,
        0.0,
        0.0,
        1.0
      ]
    ],
    "location": [
      149.26837594095923,
      -9.199202459287335,
      2.5632236321991684
    ],
    "rotation": [
      -0.008526243424196537,
      0.03718524376764098,
      -1.7161980510059318
    ]
  },
  {
    "label_id": "HAGAuQicAsYBIhd3-7j75g",
    "size": [
      0.732904152761038,
      0.09489345211544484,
      0.8199999999999932
    ],
    "obj_class": "sign",
    "point_num_in_lidar": 29,
    "speed": 0.06717220450488558,
    "if_vehicle": false,
    "motion_state": false,
    "pose": [
      [
        -0.025242126280519774,
        -0.999676714510039,
        0.0030498405289857483,
        125.66285183204127
      ],
      [
        0.9989557001444087,
        -0.025339907992305327,
        -0.038018393074085506,
        36.032983945484375
      ],
      [
        0.03808338495764872,
        0.002086990502003247,
        0.9992723854189167,
        2.784935928609997
      ],
      [
        0.0,
        0.0,
        0.0,
        1.0
      ]
    ],
    "location": [
      125.66285183204127,
      36.032983945484375,
      2.784935928609997
    ],
    "rotation": [
      0.002088507095829875,
      -0.03809259664044327,
      1.596059465076834
    ]
  },
  {
    "label_id": "LFOp-3VIQw27e-HMKSrjmg",
    "size": [
      1.9190360159657731,
      4.780307950403228,
      1.5699999999999932
    ],
    "obj_class": "vehicle",
    "point_num_in_lidar": 78,
    "speed": 1.0247593068766006e-12,
    "if_vehicle": true,
    "motion_state": false,
    "pose": [
      [
        -0.03629865613515973,
        -0.9993363327906822,
        0.0030498405289857483,
        180.68972339216634
      ],
      [
        0.9986142809109986,
        -0.036388456255707004,
        -0.038018393074085506,
        -21.5089871580858
      ],
      [
        0.03810414050192717,
        0.0016655977297387547,
        0.9992723854189167,
        1.3385350045851396
      ],
      [
        0.0,
        0.0,
        0.0,
        1.0
      ]
    ],
    "location": [
      180.68972339216634,
      -21.5089871580858,
      1.3385350045851396
    ],
    "rotation": [
      0.0016668089817739795,
      -0.03811336726067787,
      1.6071293564108495
    ]
  },
  {
    "label_id": "Mc65EVzaHQ_iOiMr44Ex1A",
    "size": [
      1.456824929146419,
      3.3889913271989522,
      1.4099999999999966
    ],
    "obj_class": "vehicle",
    "point_num_in_lidar": 34,
    "speed": 0.0,
    "if_vehicle": true,
    "motion_state": false,
    "pose": [
      [
        -0.010920469810767846,
        -0.9999357188398962,
        0.0030498405289857483,
        172.47566180805734
      ],
      [
        0.9992161790383743,
        -0.011028569082878553,
        -0.038018393074085506,
        -8.78774936857917
      ],
      [
        0.038049584584639105,
        0.0026322712862300577,
        0.9992723854189167,
        1.4074883003634397
      ],
      [
        0.0,
        0.0,
        0.0,
        1.0
      ]
    ],
    "location": [
      172.47566180805734,
      -8.78774936857917,
      1.4074883003634397
    ],
    "rotation": [
      0.00263418186699477,
      -0.03805877175144701,
      1.5817249279092003
    ]
  },
  {
    "label_id": "VJ3F-NiHmRQh0umylCVJmA",
    "size": [
      2.0181655979301865,
      4.513134775681905,
      1.7700000000000102
    ],
    "obj_class": "vehicle",
    "point_num_in_lidar": 80,
    "speed": 17.345749682270043,
    "if_vehicle": true,
    "motion_state": true,
    "pose": [
      [
        0.9999873131234405,
        -0.00400899799325994,
        0.0030498405289857483,
        190.3943643824059
      ],
      [
        0.004122067894391827,
        0.999268537653587,
        -0.038018393074085506,
        6.106043752626647
      ],
      [
        -0.0028951940239352546,
        0.03803048238915313,
        0.9992723854189167,
        1.2433175851414546
      ],
      [
        0.0,
        0.0,
        0.0,
        1.0
      ]
    ],
    "location": [
      190.3943643824059,
      6.106043752626647,
      1.2433175851414546
    ],
    "rotation": [
      0.038039815225048894,
      0.002895198068608188,
      0.004122096843943054
    ]
  },
  {
    "label_id": "bjq97QzH7fUsQjGXL2sb_w",
    "size": [
      1.885492180620569,
      4.368656582305968,
      1.8000000000000114
    ],
    "obj_class": "vehicle",
    "point_num_in_lidar": 26,
    "speed": 2.1645329030274947e-12,
    "if_vehicle": true,
    "motion_state": false,
    "pose": [
      [
        -0.019284508883444542,
        -0.9998093849278832,
        0.0030498405289857483,
        194.59478938475513
      ],
      [
        0.9990889660548509,
        -0.019386585452664605,
        -0.038018393074085506,
        -9.499452816533449
      ],
      [
        0.03807027218938011,
        0.0023138959817650623,
        0.9992723854189167,
        1.4843512810906532
      ],
      [
        0.0,
        0.0,
        0.0,
        1.0
      ]
    ],
    "location": [
      194.59478938475513,
      -9.499452816533449,
      1.4843512810906532
    ],
    "rotation": [
      0.0023155766935066377,
      -0.03807947435608573,
      1.5900960239443573
    ]
  },
  {
    "label_id": "igVD6ApUcIRb5PEzAYDPAw",
    "size": [
      1.9983699301820053,
      5.004685356609125,
      1.6400000000000148
    ],
    "obj_class": "vehicle",
    "point_num_in_lidar": 471,
    "speed": 4.0194366942304643e-13,
    "if_vehicle": true,
    "motion_state": false,
    "pose": [
      [
        0.9999547878937938,
        0.009006699785478425,
        0.0030498405289857483,
        154.31780269645787
      ],
      [
        -0.008884284223099979,
        0.999237544972119,
        -0.038018393074085506,
        -12.83625354878859
      ],
      [
        -0.0033899354154847882,
        0.03798957853236541,
        0.9992723854189167,
        1.136218178568214
      ],
      [
        0.0,
        0.0,
        0.0,
        1.0
      ]
    ],
    "location": [
      154.31780269645787,
      -12.83625354878859,
      1.136218178568214
    ],
    "rotation": [
      0.03799894072432632,
      0.003389941908183765,
      -0.008884452150810766
    ]
  },
  {
    "label_id": "jT38g8qP7TxoFXreShjseQ",
    "size": [
      1.938452972172845,
      4.27370457474128,
      1.6899999999999977
    ],
    "obj_class": "vehicle",
    "point_num_in_lidar": 566,
    "speed": 16.271077248714768,
    "if_vehicle": true,
    "motion_state": true,
    "pose": [
      [
        0.9991409228914901,
        0.04132934400990711,
        0.0030498405289857483,
        158.0878938851547
      ],
      [
        -0.041183804822839246,
        0.998428012431732,
        -0.038018393074085506,
        3.979271513511776
      ],
      [
        -0.004616321463651733,
        0.0378601283058067,
        0.9992723854189167,
        1.0313215775882156
      ],
      [
        0.0,
        0.0,
        0.0,
        1.0
      ]
    ],
    "location": [
      158.0878938851547,
      3.979271513511776,
      1.0313215775882156
    ],
    "rotation": [
      0.03786958256566894,
      0.004616337859770142,
      -0.04119589493426925
    ]
  },
  {
    "label_id": "l4STcu9YzZm2k12QDyAALw",
    "size": [
      2.339355823813226,
      6.4977996964848055,
      2.1200000000000045
    ],
    "obj_class": "vehicle",
    "point_num_in_lidar": 714,
    "speed": 6.355287432313019e-13,
    "if_vehicle": true,
    "motion_state": false,
    "pose": [
      [
        -0.04599002403808585,
        -0.9989372433550188,
        0.0030498405289857483,
        161.51248478253729
      ],
      [
        0.9982143544242429,
        -0.04607281638294151,
        -0.038018393074085506,
        -8.791356942281709
      ],
      [
        0.038118503516903726,
        0.0012959277833718109,
        0.9992723854189167,
        1.4311230390707976
      ],
      [
        0.0,
        0.0,
        0.0,
        1.0
      ]
    ],
    "location": [
      161.51248478253729,
      -8.791356942281709,
      1.4311230390707976
    ],
    "rotation": [
      0.0012968706788585558,
      -0.03812774071797608,
      1.6168360625278042
    ]
  },
  {
    "label_id": "mV--0dAvjt4OyGlzlXvfPw",
    "size": [
      2.035441412503228,
      4.307956063242486,
      1.9099999999999966
    ],
    "obj_class": "vehicle",
    "point_num_in_lidar": 233,
    "speed": 18.384750064442063,
    "if_vehicle": true,
    "motion_state": true,
    "pose": [
      [
        0.9999651398375202,
        -0.00777287478840561,
        0.0030498405289857483,
        171.60155056550138
      ],
      [
        0.007883238451537085,
        0.9992459438694663,
        -0.038018393074085506,
        2.2148423522994563
      ],
      [
        -0.0027520285690164625,
        0.03804111036685488,
        0.9992723854189167,
        0.9952562739102575
      ],
      [
        0.0,
        0.0,
        0.0,
        1.0
      ]
    ],
    "location": [
      171.60155056550138,
      2.2148423522994563,
      0.9952562739102575
    ],
    "rotation": [
      0.038050435554407284,
      0.0027520320428503216,
      0.007883349958638089
    ]
  }
]