[
  {
    "label_id": "-oh22MsWr26_sfMjVwsbTw",
    "size": [
      0.5771762910042068,
      0.09371839054968478,
      0.8100000000000023
    ],
    "obj_class": "sign",
    "point_num_in_lidar": 27,
    "speed": 0.10873063577972787,
    "if_vehicle": false,
    "motion_state": false,
    "pose": [
      [
        -0.18247803552560646,
        0.9831870769678028,
        0.006703598602476469,
        138.95817620324488
      ],
      [
        -0.9818256224335964,
        -0.18185520690937423,
        -0.05428748339009595,
        38.261955539433984
      ],
      [
        -0.05215566779935584,
        -0.016488038193075146,
        0.9985028447195065,
        2.841787148474907
      ],
      [
        0.0,
        0.0,
        0.0,
        1.0
      ]
    ],
    "location": [
      138.95817620324488,
      38.261955539433984,
      2.841787148474907
    ],
    "rotation": [
      -0.016511259753243274,
      0.05217934255119765,
      -1.754555493948647
    ]
  },
  {
    "label_id": "8EFRSwEXBf9P-SzIDRzx0A",
    "size": [
      1.9828961125850906,
      4.760235235989989,
      1.6800000000000068
    ],
    "obj_class": "vehicle",
    "point_num_in_lidar": 194,
    "speed": 19.458167724511846,
    "if_vehicle": true,
    "motion_state": true,
    "pose": [
      [
        0.9998369030345989,
        -0.016769886581571487,
        0.006703598602476469,
        190.33779200224853
      ],
      [
        0.01710941046731149,
        0.9983787543916544,
        -0.05428748339009595,
        9.294975362050536
      ],
      [
        -0.0057823354834312364,
        0.05439332388639364,
        0.9985028447195065,
        0.9747196367783317
      ],
      [
        0.0,
        0.0,
        0.0,
        1.0
      ]
    ],
    "location": [
      190.33779200224853,
      9.294975362050536,
      0.9747196367783317
    ],
    "rotation": [
      0.05442109201513866,
      0.0057823677063695445,
      0.01711053140147716
    ]
  },
  {
    "label_id": "CotFl7UQUyJ-oKe_cR-JQA",
    "size": [
      1.7981078885940023,
      4.55702788493168,
      1.670000000000016
    ],
    "obj_class": "vehicle",
    "point_num_in_lidar": 220,
    "speed": 1.249064021083146e-32,
    "if_vehicle": true,
    "motion_state": false,
    "pose": [
      [
        -0.9971400228310734,
        -0.07527839420592812,
        0.006703598602476469,
        153.97077041986813
      ],
      [
        0.0748061717271912,
        -0.9957192906731757,
        -0.05428748339009595,
        -21.369804430261865
      ],
      [
        0.010761577020502979,
        -0.053630751878794784,
        0.9985028447195065,
        1.0777571981667222
      ],
      [
        0.0,
        0.0,
        0.0,
        1.0
      ]
    ],
    "location": [
      153.97077041986813,
      -21.369804430261865,
      1.0777571981667222
    ],
    "rotation": [
      -0.05365960479719431,
      -0.010761784750463587,
      3.066712192560806
    ]
  },
  {
    "label_id": "LFOp-3VIQw27e-HMKSrjmg",
    "size": [
      1.919036015965769,
      4.780307950403228,
      1.5699999999999932
    ],
    "obj_class": "vehicle",
    "point_num_in_lidar": 94,
    "speed": 8.445219135295251e-29,
    "if_vehicle": true,
    "motion_state": false,
    "pose": [
      [
        -0.03629800934109542,
        -0.9993185259383769,
        0.006703598602476469,
        180.68972339216452
      ],
      [
        0.9978540231022579,
        -0.03660898422257127,
        -0.05428748339009595,
        -21.50898715808762
      ],
      [
        0.054495899813767325,
        0.004718685255545553,
        0.9985028447195065,
        1.3385350045849123
      ],
      [
        0.0,
        0.0,
        0.0,
        1.0
      ]
    ],
    "location": [
      180.68972339216452,
      -21.50898715808762,
      1.3385350045849123
    ],
    "rotation": [
      0.004725725273393453,
      -0.05452290960755808,
      1.6071563665734374
    ]
  },
  {
    "label_id": "LZoXBR5LXT3JPn7UIYPZ9g",
    "size": [
      1.7458290559301126,
      4.470162056175163,
      1.6200000000000045
    ],
    "obj_class": "vehicle",
    "point_num_in_lidar": 29,
    "speed": 2.821572621680526e-28,
    "if_vehicle": true,
    "motion_state": false,
    "pose": [
      [
        0.9855992750754113,
        0.1689648801869794,
        0.006703598602476469,
        164.9592589103031
      ],
      [
        -0.1683607985969888,
        0.9842293993998321,
        -0.05428748339009595,
        -52.69022188781855
      ],
      [
        -0.015770556952993165,
        0.052377081060760416,
        0.9985028447195065,
        1.2370201822644162
      ],
      [
        0.0,
        0.0,
        0.0,
        1.0
      ]
    ],
    "location": [
      164.9592589103031,
      -52.69022188781855,
      1.2370201822644162
    ],
    "rotation": [
      0.05240758239437746,
      0.015771210743264232,
      -0.16918773674115897
    ]
  },
  {
    "label_id": "Mc65EVzaHQ_iOiMr44Ex1A",
    "size": [
      1.4568249291464153,
      3.3889913271989522,
      1.4099999999999966
    ],
    "obj_class": "vehicle",
    "point_num_in_lidar": 166,
    "speed": 5.035771898694895e-28,
    "if_vehicle": true,
    "motion_state": false,
    "pose": [
      [
        -0.010920275222433306,
        -0.9999179013073238,
        0.006703598602476469,
        172.47566180805552
      ],
      [
        0.9984617639270167,
        -0.01126832387360374,
        -0.05428748339009595,
        -8.787749368575533
      ],
      [
        0.05435856477885229,
        0.006100452625534214,
        0.9985028447195065,
        1.4074883003634397
      ],
      [
        0.0,
        0.0,
        0.0,
        1.0
      ]
    ],
    "location": [
      172.47566180805552,
      -8.787749368575533,
      1.4074883003634397
    ],
    "rotation": [
      0.006109523628508215,
      -0.054385370704069846,
      1.5817329897898469
    ]
  },
  {
    "label_id": "MsghDZqq9YNCIR8uCbW_BA",
    "size": [
      1.6117373501483834,
      3.8503348932809445,
      1.5200000000000102
    ],
    "obj_class": "vehicle",
    "point_num_in_lidar": 33,
    "speed": 3.184901795389314e-28,
    "if_vehicle": true,
    "motion_state": false,
    "pose": [
      [
        -0.07617061658197648,
        0.9970722636475744,
        0.006703598602476469,
        186.80654754860188
      ],
      [
        -0.9956519546086358,
        -0.07569712300459862,
        -0.05428748339009595,
        -21.29266731602729
      ],
      [
        -0.05362110082350796,
        -0.010809562133974831,
        0.9985028447195065,
        1.434351281091665
      ],
      [
        0.0,
        0.0,
        0.0,
        1.0
      ]
    ],
    "location": [
      186.80654754860188,
      -21.29266731602729,
      1.434351281091665
    ],
    "rotation": [
      -0.010825347105431284,
      0.053646829558734205,
      -1.6471508535129529
    ]
  },
  {
    "label_id": "VJ3F-NiHmRQh0umylCVJmA",
    "size": [
      2.0181655979293995,
      4.513134775681905,
      1.7700000000000102
    ],
    "obj_class": "vehicle",
    "point_num_in_lidar": 60,
    "speed": 17.29154685447371,
    "if_vehicle": true,
    "motion_state": true,
    "pose": [
      [
        0.999969084560618,
        -0.004109949972496462,
        0.006703598602476469,
        211.17532832845245
      ],
      [
        0.00446790776607106,
        0.9985153513829239,
        -0.05428748339009595,
        6.215239394206947
      ],
      [
        -0.0064705272732158425,
        0.054315756128950635,
        0.9985028447195065,
        1.2203910319148008
      ],
      [
        0.0,
        0.0,
        0.0,
        1.0
      ]
    ],
    "location": [
      211.17532832845245,
      6.215239394206947,
      1.2203910319148008
    ],
    "rotation": [
      0.05434363747231054,
      0.0064705724251073295,
      0.004468016165515955
    ]
  },
  {
    "label_id": "bjq97QzH7fUsQjGXL2sb_w",
    "size": [
      1.8854921806205702,
      4.368656582305968,
      1.8000000000000114
    ],
    "obj_class": "vehicle",
    "point_num_in_lidar": 53,
    "speed": 5.035771898694895e-28,
    "if_vehicle": true,
    "motion_state": false,
    "pose": [
      [
        -0.019284165258991175,
        -0.999791569646414,
        0.006703598602476469,
        194.59478938475513
      ],
      [
        0.9983325717991647,
        -0.019620021203751437,
        -0.05428748339009595,
        -9.49945281653163
      ],
      [
        0.0544076929774597,
        0.00564553203193027,
        0.9985028447195065,
        1.484351281090568
      ],
      [
        0.0,
        0.0,
        0.0,
        1.0
      ]
    ],
    "location": [
      194.59478938475513,
      -9.49945281653163,
      1.484351281090568
    ],
    "rotation": [
      0.005653936696074376,
      -0.05443457171315679,
      1.5901102988015792
    ]
  },
  {
    "label_id": "g2g-fiamLPvMk0LFfofDQA",
    "size": [
      2.1093069613799282,
      5.277611790357903,
      1.6100000000000136
    ],
    "obj_class": "vehicle",
    "point_num_in_lidar": 82,
    "speed": 5.518159558340445e-28,
    "if_vehicle": true,
    "motion_state": false,
    "pose": [
      [
        -0.9999767990322906,
        -0.0012096127109370368,
        0.006703598602476469,
        153.82781010537838
      ],
      [
        0.0008439266029959661,
        -0.9985249906412252,
        -0.05428748339009595,
        -26.962381772991648
      ],
      [
        0.00675937756175379,
        -0.054280566522750366,
        0.9985028447195065,
        1.123524535064945
      ],
      [
        0.0,
        0.0,
        0.0,
        1.0
      ]
    ],
    "location": [
      153.82781010537838,
      -26.962381772991648,
      1.123524535064945
    ],
    "rotation": [
      -0.054308499012100254,
      -0.006759429034554094,
      3.1407487076067944
    ]
  },
  {
    "label_id": "igVD6ApUcIRb5PEzAYDPAw",
    "size": [
      1.9983699301820022,
      5.004685356609125,
      1.6400000000000148
    ],
    "obj_class": "vehicle",
    "point_num_in_lidar": 1502,
    "speed": 5.035771898694895e-28,
    "if_vehicle": true,
    "motion_state": false,
    "pose": [
      [
        0.999936970021436,
        0.009006539297996254,
        0.006703598602476469,
        154.31780269645606
      ],
      [
        -0.008629544346790776,
        0.9984880570700567,
        -0.05428748339009595,
        -12.83625354878859
      ],
      [
        -0.007182405496506495,
        0.05422621264975843,
        0.9985028447195065,
        1.1362181785680434
      ],
      [
        0.0,
        0.0,
        0.0,
        1.0
      ]
    ],
    "location": [
      154.31780269645606,
      -12.83625354878859,
      1.1362181785680434
    ],
    "rotation": [
      0.054254223875431676,
      0.007182467251004084,
      -0.008629874058853047
    ]
  },
  {
    "label_id": "jT38g8qP7TxoFXreShjseQ",
    "size": [
      1.938452972174839,
      4.27370457474128,
      1.6899999999999977
    ],
    "obj_class": "vehicle",
    "point_num_in_lidar": 511,
    "speed": 16.330138089134792,
    "if_vehicle": true,
    "motion_state": true,
    "pose": [
      [
        0.9995588175125846,
        0.028934963255900798,
        0.006703598602476469,
        177.64134776589708
      ],
      [
        -0.02852916423114156,
        0.9981177064532233,
        -0.05428748339009595,
        3.166707364935064
      ],
      [
        -0.008261786799234597,
        0.054072284637668694,
        0.9985028447195065,
        0.9180744725537693
      ],
      [
        0.0,
        0.0,
        0.0,
        1.0
      ]
    ],
    "location": [
      177.64134776589708,
      3.166707364935064,
      0.9180744725537693
    ],
    "rotation": [
      0.05410051710644513,
      0.008261880789751977,
      -0.02853400979889181
    ]
  },
  {
    "label_id": "l4STcu9YzZm2k12QDyAALw",
    "size": [
      2.339355823813227,
      6.4977996964848055,
      2.1200000000000045
    ],
    "obj_class": "vehicle",
    "point_num_in_lidar": 359,
    "speed": 0.0,
    "if_vehicle": true,
    "motion_state": false,
    "pose": [
      [
        -0.04598920455665684,
        -0.9989194436139597,
        0.006703598602476469,
        161.5124847825391
      ],
      [
        0.9974519933652655,
        -0.04628595984560129,
        -0.05428748339009595,
        -8.791356942278071
      ],
      [
        0.05453910519897199,
        0.004189879610267529,
        0.9985028447195065,
        1.3377849505282882
      ],
      [
        0.0,
        0.0,
        0.0,
        1.0
      ]
    ],
    "location": [
      161.5124847825391,
      -8.791356942278071,
      1.3377849505282882
    ],
    "rotation": [
      0.004196137288140365,
      -0.05456617934286309,
      1.6168703814972736
    ]
  },
  {
    "label_id": "mV--0dAvjt4OyGlzlXvfPw",
    "size": [
      2.035441412505429,
      4.307956063242486,
      1.9099999999999966
    ],
    "obj_class": "vehicle",
    "point_num_in_lidar": 199,
    "speed": 18.175776193815494,
    "if_vehicle": true,
    "motion_state": true,
    "pose": [
      [
        0.999938098194921,
        -0.008880402248846375,
        0.006703598602476469,
        193.44083301475257
      ],
      [
        0.009231420721861412,
        0.9984826738700207,
        -0.05428748339009595,
        2.3772892225042597
      ],
      [
        -0.00621133236757042,
        0.05434600663593085,
        0.9985028447195065,
        0.9734404402360894
      ],
      [
        0.0,
        0.0,
        0.0,
        1.0
      ]
    ],
    "location": [
      193.44083301475257,
      2.3772892225042597,
      0.9734404402360894
    ],
    "rotation": [
      0.054373843904618295,
      0.006211372307803629,
      0.0092317299323411
    ]
  },
  {
    "label_id": "ppG0uOwJ8SaZfb1Sdii0Fg",
    "size": [
      1.378482623820215,
      3.328976476087383,
      1.2800000000000011
    ],
    "obj_class": "vehicle",
    "point_num_in_lidar": 30,
    "speed": 8.445229202790584e-29,
    "if_vehicle": true,
    "motion_state": false,
    "pose": [
      [
        -0.025876289101632602,
        -0.9996426758737872,
        0.006703598602476469,
        186.29462419874108
      ],
      [
        0.998181495138935,
        -0.026202517233475796,
        -0.05428748339009595,
        -7.962412859624237
      ],
      [
        0.05444373632043699,
        0.005286649461029035,
        0.9985028447195065,
        1.4943512810909851
      ],
      [
        0.0,
        0.0,
        0.0,
        1.0
      ]
    ],
    "location": [
      186.29462419874108,
      -7.962412859624237,
      1.4943512810909851
    ],
    "rotation": [
      0.005294526791202749,
      -0.054470668558072206,
      1.596713953063864
    ]
  }
]