[
  {
    "label_id": "8EFRSwEXBf9P-SzIDRzx0A",
    "size": [
      1.9828961125874562,
      4.760235235989989,
      1.6800000000000068
    ],
    "obj_class": "vehicle",
    "point_num_in_lidar": 631,
    "speed": 19.2196309231414,
    "if_vehicle": true,
    "motion_state": true,
    "pose": [
      [
        0.9999575865332356,
        -0.008903333835833985,
        0.002357070477171229,
        56.398705808256636
      ],
      [
        0.009022855720436289,
        0.9983449778521826,
        -0.05679694773465838,
        8.094374500677077
      ],
      [
        -0.0018474872867894653,
        0.05681580628604173,
        0.9983829680772764,
        0.9719239735143503
      ],
      [
        0.0,
        0.0,
        0.0,
        1.0
      ]
    ],
    "location": [
      56.398705808256636,
      8.094374500677077,
      0.9719239735143503
    ],
    "rotation": [
      0.05684651513646201,
      0.00184748833776787,
      0.00902299355204478
    ]
  },
  {
    "label_id": "VJ3F-NiHmRQh0umylCVJmA",
    "size": [
      2.0181655979301336,
      4.513134775681905,
      1.7700000000000102
    ],
    "obj_class": "vehicle",
    "point_num_in_lidar": 108,
    "speed": 17.127407463895448,
    "if_vehicle": true,
    "motion_state": true,
    "pose": [
      [
        0.9999014213689487,
        -0.013841667642372954,
        0.002357070477171229,
        90.09234881373777
      ],
      [
        0.013953223956534184,
        0.9982882420770293,
        -0.05679694773465838,
        5.365314242106251
      ],
      [
        -0.001566871269462562,
        0.056824237501552105,
        0.9983829680772764,
        1.217556917403698
      ],
      [
        0.0,
        0.0,
        0.0,
        1.0
      ]
    ],
    "location": [
      90.09234881373777,
      5.365314242106251,
      1.217556917403698
    ],
    "rotation": [
      0.056854932743126356,
      0.0015668719105971123,
      0.013953693890664799
    ]
  },
  {
    "label_id": "jT38g8qP7TxoFXreShjseQ",
    "size": [
      1.9384529721753878,
      4.27370457474128,
      1.6899999999999977
    ],
    "obj_class": "vehicle",
    "point_num_in_lidar": 598,
    "speed": 16.44244591521719,
    "if_vehicle": true,
    "motion_state": true,
    "pose": [
      [
        0.9999652763227662,
        0.007993145031793717,
        0.002357070477171229,
        59.47800831862696
      ],
      [
        -0.007846393693874146,
        0.9983549172684167,
        -0.05679694773465838,
        4.738128952491024
      ],
      [
        -0.0028071791418384415,
        0.05677648103284928,
        0.9983829680772764,
        1.0264960503503175
      ],
      [
        0.0,
        0.0,
        0.0,
        1.0
      ]
    ],
    "location": [
      59.47800831862696,
      4.738128952491024,
      1.0264960503503175
    ],
    "rotation": [
      0.05680725325174781,
      0.0028071828287326364,
      -0.007846505124736829
    ]
  },
  {
    "label_id": "mV--0dAvjt4OyGlzlXvfPw",
    "size": [
      2.035441412506245,
      4.307956063242486,
      1.9099999999999966
    ],
    "obj_class": "vehicle",
    "point_num_in_lidar": 361,
    "speed": 18.046209299295246,
    "if_vehicle": true,
    "motion_state": true,
    "pose": [
      [
        0.9999629090180636,
        -0.008284009107767321,
        0.002357070477171229,
        66.06906292354142
      ],
      [
        0.008404529737486056,
        0.9983503746720979,
        -0.05679694773465838,
        1.329148044995236
      ],
      [
        -0.0018826757616851421,
        0.05681465114901464,
        0.9983829680772764,
        0.9652562739103132
      ],
      [
        0.0,
        0.0,
        0.0,
        1.0
      ]
    ],
    "location": [
      66.06906292354142,
      1.329148044995236,
      0.9652562739103132
    ],
    "rotation": [
      0.05684536186331632,
      0.001882676873867589,
      0.00840464357988571
    ]
  }
]