[
  {
    "label_id": "-oh22MsWr26_sfMjVwsbTw",
    "size": [
      0.5771762910042055,
      0.09371839054968478,
      0.8100000000000023
    ],
    "obj_class": "sign",
    "point_num_in_lidar": 37,
    "speed": 0.07359809855070208,
    "if_vehicle": false,
    "motion_state": false,
    "pose": [
      [
        -0.18247601041133943,
        0.9831761657030926,
        0.008193461888966481,
        138.9470196658549
      ],
      [
        -0.9827410001003682,
        -0.1821251302148598,
        -0.03241239987949959,
        38.33922918185999
      ],
      [
        -0.03037486372132327,
        -0.013966536348915235,
        0.9994409955151558,
        2.831234481223703
      ],
      [
        0.0,
        0.0,
        0.0,
        1.0
      ]
    ],
    "location": [
      138.9470196658549,
      38.33922918185999,
      2.831234481223703
    ],
    "rotation": [
      -0.013973438530632959,
      0.03037953646693139,
      -1.7543861608245972
    ]
  },
  {
    "label_id": "8EFRSwEXBf9P-SzIDRzx0A",
    "size": [
      1.9828961125867053,
      4.760235235989989,
      1.6800000000000068
    ],
    "obj_class": "vehicle",
    "point_num_in_lidar": 242,
    "speed": 19.429162923843908,
    "if_vehicle": true,
    "motion_state": true,
    "pose": [
      [
        0.9998480010047149,
        -0.015389674107977206,
        0.008193461888966481,
        176.6771104487816
      ],
      [
        0.01564765107884372,
        0.9993520837771673,
        -0.03241239987949959,
        9.04278677106231
      ],
      [
        -0.00768933694088452,
        0.03253568166004948,
        0.9994409955151558,
        0.998794302465484
      ],
      [
        0.0,
        0.0,
        0.0,
        1.0
      ]
    ],
    "location": [
      176.6771104487816,
      9.04278677106231,
      0.998794302465484
    ],
    "rotation": [
      0.03254238701836882,
      0.007689412716065154,
      0.0156487523690312
    ]
  },
  {
    "label_id": "9cfZY1oXM-MC6m5TMgdjBA",
    "size": [
      0.7445014442882334,
      0.08414281000989332,
      0.8000000000000114
    ],
    "obj_class": "sign",
    "point_num_in_lidar": 42,
    "speed": 0.04646298231942508,
    "if_vehicle": false,
    "motion_state": false,
    "pose": [
      [
        -0.14478557855412674,
        0.9894291300669397,
        0.008193461888966481,
        149.28952254477372
      ],
      [
        -0.98898087849065,
        -0.1444515777480951,
        -0.03241239987949959,
        -9.215504418803903
      ],
      [
        -0.03088621411907496,
        -0.012796025205710786,
        0.9994409955151558,
        2.5361983816512748
      ],
      [
        0.0,
        0.0,
        0.0,
        1.0
      ]
    ],
    "location": [
      149.28952254477372,
      -9.215504418803903,
      2.5361983816512748
    ],
    "rotation": [
      -0.012802482738626404,
      0.030891126921328307,
      -1.7161624364654984
    ]
  },
  {
    "label_id": "LFOp-3VIQw27e-HMKSrjmg",
    "size": [
      1.919036015965774,
      4.780307950403228,
      1.5699999999999932
    ],
    "obj_class": "vehicle",
    "point_num_in_lidar": 23,
    "speed": 1.0247593068766006e-12,
    "if_vehicle": true,
    "motion_state": false,
    "pose": [
      [
        -0.036297606511156114,
        -0.9993074356492276,
        0.008193461888966481,
        180.68972339216634
      ],
      [
        0.9988062314408765,
        -0.036545155204562405,
        -0.03241239987949959,
        -21.50898715808762
      ],
      [
        0.03268938354321502,
        0.007007188254864737,
        0.9994409955151558,
        1.3385350045849407
      ],
      [
        0.0,
        0.0,
        0.0,
        1.0
      ]
    ],
    "location": [
      180.68972339216634,
      -21.50898715808762,
      1.3385350045849407
    ],
    "rotation": [
      0.007010992620321725,
      -0.03269520830089722,
      1.6071213305802647
    ]
  },
  {
    "label_id": "Mc65EVzaHQ_iOiMr44Ex1A",
    "size": [
      1.456824929146414,
      3.3889913271989522,
      1.4099999999999966
    ],
    "obj_class": "vehicle",
    "point_num_in_lidar": 66,
    "speed": 0.0,
    "if_vehicle": true,
    "motion_state": false,
    "pose": [
      [
        -0.010920154030833436,
        -0.9999068043663955,
        0.008193461888966481,
        172.47566180805552
      ],
      [
        0.9994120452622766,
        -0.011180345197031516,
        -0.03241239987949959,
        -8.787749368577352
      ],
      [
        0.03250098491763354,
        0.007834696105037404,
        0.9994409955151558,
        1.4074883003634397
      ],
      [
        0.0,
        0.0,
        0.0,
        1.0
      ]
    ],
    "location": [
      172.47566180805552,
      -8.787749368577352,
      1.4074883003634397
    ],
    "rotation": [
      0.007838917617371925,
      -0.03250670951353019,
      1.5817224703485784
    ]
  },
  {
    "label_id": "VJ3F-NiHmRQh0umylCVJmA",
    "size": [
      2.018165597931923,
      4.513134775681905,
      1.7700000000000102
    ],
    "obj_class": "vehicle",
    "point_num_in_lidar": 68,
    "speed": 17.32595784413766,
    "if_vehicle": true,
    "motion_state": true,
    "pose": [
      [
        0.9999589278477006,
        -0.0038742483079056726,
        0.008193461888966481,
        199.06806743462403
      ],
      [
        0.004137919231524552,
        0.9994660144089368,
        -0.03241239987949959,
        6.167925850240863
      ],
      [
        -0.008063513012988533,
        0.03244497251599847,
        0.9994409955151558,
        1.2444046576902679
      ],
      [
        0.0,
        0.0,
        0.0,
        1.0
      ]
    ],
    "location": [
      199.06806743462403,
      6.167925850240863,
      1.2444046576902679
    ],
    "rotation": [
      0.03245172295321448,
      0.00806360039747341,
      0.004138065572084113
    ]
  },
  {
    "label_id": "bjq97QzH7fUsQjGXL2sb_w",
    "size": [
      1.8854921806205711,
      4.368656582305968,
      1.8000000000000114
    ],
    "obj_class": "vehicle",
    "point_num_in_lidar": 33,
    "speed": 2.1645329030274947e-12,
    "if_vehicle": true,
    "motion_state": false,
    "pose": [
      [
        -0.01928395124617714,
        -0.9997804741074959,
        0.008193461888966481,
        194.59478938475513
      ],
      [
        0.9992835558250549,
        -0.01953999466954887,
        -0.03241239987949959,
        -9.499452816533449
      ],
      [
        0.032565384720123394,
        0.0075625525918756285,
        0.9994409955151558,
        1.4843512810906532
      ],
      [
        0.0,
        0.0,
        0.0,
        1.0
      ]
    ],
    "location": [
      194.59478938475513,
      -9.499452816533449,
      1.4843512810906532
    ],
    "rotation": [
      0.007566638047104315,
      -0.032571143423745286,
      1.5900917088317401
    ]
  },
  {
    "label_id": "igVD6ApUcIRb5PEzAYDPAw",
    "size": [
      1.9983699301820022,
      5.004685356609125,
      1.6400000000000148
    ],
    "obj_class": "vehicle",
    "point_num_in_lidar": 1294,
    "speed": 4.0194366942304643e-13,
    "if_vehicle": true,
    "motion_state": false,
    "pose": [
      [
        0.9999258728688859,
        0.009006439344755469,
        0.008193461888966481,
        154.31780269645787
      ],
      [
        -0.008736441129461219,
        0.9994363966408484,
        -0.03241239987949959,
        -12.83625354879041
      ],
      [
        -0.008480764339855451,
        0.03233841554384456,
        0.9994409955151558,
        1.136218178568214
      ],
      [
        0.0,
        0.0,
        0.0,
        1.0
      ]
    ],
    "location": [
      154.31780269645787,
      -12.83625354879041,
      1.136218178568214
    ],
    "rotation": [
      0.03234521825411516,
      0.0084808660039957,
      -0.008736866474734633
    ]
  },
  {
    "label_id": "jT38g8qP7TxoFXreShjseQ",
    "size": [
      1.9384529721753532,
      4.27370457474128,
      1.6899999999999977
    ],
    "obj_class": "vehicle",
    "point_num_in_lidar": 555,
    "speed": 16.297549048808293,
    "if_vehicle": true,
    "motion_state": true,
    "pose": [
      [
        0.9989135301020028,
        0.04587620910046186,
        0.008193461888966481,
        166.2090834536848
      ],
      [
        -0.04558834333818165,
        0.9984343440035162,
        -0.03241239987949959,
        3.6342110295772727
      ],
      [
        -0.009667591780547767,
        0.03200365842898615,
        0.9994409955151558,
        1.0098903062280158
      ],
      [
        0.0,
        0.0,
        0.0,
        1.0
      ]
    ],
    "location": [
      166.2090834536848,
      3.6342110295772727,
      1.0098903062280158
    ],
    "rotation": [
      0.032010620594889905,
      0.00966774237949198,
      -0.04560628190794357
    ]
  },
  {
    "label_id": "l4STcu9YzZm2k12QDyAALw",
    "size": [
      2.339355823813225,
      6.4977996964848055,
      2.1200000000000045
    ],
    "obj_class": "vehicle",
    "point_num_in_lidar": 1312,
    "speed": 6.355287432313019e-13,
    "if_vehicle": true,
    "motion_state": false,
    "pose": [
      [
        -0.045988694175268637,
        -0.998908357753767,
        0.008193461888966481,
        161.5124847825391
      ],
      [
        0.9984047760210603,
        -0.04623136978706352,
        -0.03241239987949959,
        -8.791356942281709
      ],
      [
        0.03275581210091435,
        0.006689787536545852,
        0.9994409955151558,
        1.3644493925397114
      ],
      [
        0.0,
        0.0,
        0.0,
        1.0
      ]
    ],
    "location": [
      161.5124847825391,
      -8.791356942281709,
      1.3644493925397114
    ],
    "rotation": [
      0.006693429287961079,
      -0.03276167245199608,
      1.6168259647923973
    ]
  },
  {
    "label_id": "mV--0dAvjt4OyGlzlXvfPw",
    "size": [
      2.0354414125061995,
      4.307956063242486,
      1.9099999999999966
    ],
    "obj_class": "vehicle",
    "point_num_in_lidar": 228,
    "speed": 18.26247441797166,
    "if_vehicle": true,
    "motion_state": true,
    "pose": [
      [
        0.999927844477106,
        -0.008784817678396681,
        0.008193461888966481,
        180.71003252216178
      ],
      [
        0.009046064814553749,
        0.9994336421420996,
        -0.03241239987949959,
        2.287141341581446
      ],
      [
        -0.007904084433981566,
        0.032484179733141196,
        0.9994409955151558,
        0.9952562739103712
      ],
      [
        0.0,
        0.0,
        0.0,
        1.0
      ]
    ],
    "location": [
      180.71003252216178,
      2.287141341581446,
      0.9952562739103712
    ],
    "rotation": [
      0.03249091075147716,
      0.007904166736982753,
      0.009046470793509204
    ]
  }
]