[
  {
    "label_id": "8EFRSwEXBf9P-SzIDRzx0A",
    "size": [
      1.982896112583949,
      4.760235235989989,
      1.6800000000000068
    ],
    "obj_class": "vehicle",
    "point_num_in_lidar": 342,
    "speed": 18.85128878269414,
    "if_vehicle": true,
    "motion_state": true,
    "pose": [
      [
        0.9999866974270756,
        -0.005154603288322218,
        0.00018717326249173484,
        107.7445920266473
      ],
      [
        0.005156980066887474,
        0.9984086092983787,
        -0.05615740766334476,
        8.643472874076906
      ],
      [
        0.00010259376150291515,
        0.0561576258741178,
        0.9984219100814558,
        0.9816207147558487
      ],
      [
        0.0,
        0.0,
        0.0,
        1.0
      ]
    ],
    "location": [
      107.7445920266473,
      8.643472874076906,
      0.9816207147558487
    ],
    "rotation": [
      0.056187185325452985,
      -0.00010259376168288994,
      0.005157002952136996
    ]
  },
  {
    "label_id": "VJ3F-NiHmRQh0umylCVJmA",
    "size": [
      2.018165597930035,
      4.513134775681905,
      1.7700000000000102
    ],
    "obj_class": "vehicle",
    "point_num_in_lidar": 105,
    "speed": 17.32600977951718,
    "if_vehicle": true,
    "motion_state": true,
    "pose": [
      [
        0.9999987085696405,
        -0.0015961908472551358,
        0.00018717326249173484,
        136.6149752792935
      ],
      [
        0.0016041831224026808,
        0.9984206388897631,
        -0.05615740766334476,
        5.819480667365497
      ],
      [
        -9.723970820227266e-05,
        0.05615763540015225,
        0.9984219100814558,
        1.2365779465059177
      ],
      [
        0.0,
        0.0,
        0.0,
        1.0
      ]
    ],
    "location": [
      136.6149752792935,
      5.819480667365497,
      1.2365779465059177
    ],
    "rotation": [
      0.05618719483645459,
      9.723970835551534e-05,
      0.0016041838180227874
    ]
  },
  {
    "label_id": "jT38g8qP7TxoFXreShjseQ",
    "size": [
      1.9384529721744934,
      4.27370457474128,
      1.6899999999999977
    ],
    "obj_class": "vehicle",
    "point_num_in_lidar": 551,
    "speed": 17.618382953680758,
    "if_vehicle": true,
    "motion_state": true,
    "pose": [
      [
        0.9999999516937947,
        -0.0002481503131640461,
        0.00018717326249173484,
        105.19400362598208
      ],
      [
        0.0002582698834024181,
        0.9984218942216764,
        -0.05615740766334476,
        5.013663682169863
      ],
      [
        -0.00017294240498650864,
        0.056157453291810176,
        0.9984219100814558,
        1.0394557310908397
      ],
      [
        0.0,
        0.0,
        0.0,
        1.0
      ]
    ],
    "location": [
      105.19400362598208,
      5.013663682169863,
      1.0394557310908397
    ],
    "rotation": [
      0.056187013015492275,
      0.0001729424058485999,
      0.0002582698901359688
    ]
  },
  {
    "label_id": "mV--0dAvjt4OyGlzlXvfPw",
    "size": [
      2.0354414125061036,
      4.307956063242486,
      1.9099999999999966
    ],
    "obj_class": "vehicle",
    "point_num_in_lidar": 277,
    "speed": 18.05341502615001,
    "if_vehicle": true,
    "motion_state": true,
    "pose": [
      [
        0.9999536212018124,
        -0.009629143863910504,
        0.00018717326249173484,
        115.05708429151491
      ],
      [
        0.009624459223946544,
        0.9983755382365793,
        -0.05615740766334476,
        1.6930203106421686
      ],
      [
        0.0003538785507309348,
        0.05615660459170067,
        0.9984219100814558,
        0.9652562739102564
      ],
      [
        0.0,
        0.0,
        0.0,
        1.0
      ]
    ],
    "location": [
      115.05708429151491,
      1.6930203106421686,
      0.9652562739102564
    ],
    "rotation": [
      0.05618616565464213,
      -0.0003538785581169721,
      0.0096246084187592
    ]
  },
  {
    "label_id": "tKlBc5fuDsTk5dAxf-L3Hg",
    "size": [
      0.49144637117533074,
      0.09510256729124839,
      0.4900000000000091
    ],
    "obj_class": "sign",
    "point_num_in_lidar": 86,
    "speed": 0.08501054277187532,
    "if_vehicle": false,
    "motion_state": false,
    "pose": [
      [
        -0.9999999068219027,
        0.0003890017423902451,
        0.00018717326249173484,
        99.60300763075611
      ],
      [
        -0.00039889904086326533,
        -0.9984218479400819,
        -0.05615740766334476,
        -1.872566739355534
      ],
      [
        0.00016503254519281119,
        -0.05615747709393925,
        0.9984219100814558,
        2.4908346976961013
      ],
      [
        0.0,
        0.0,
        0.0,
        1.0
      ]
    ],
    "location": [
      99.60300763075611,
      -1.872566739355534,
      2.4908346976961013
    ],
    "rotation": [
      -0.05618703678006012,
      -0.00016503254594194182,
      -3.141193754532919
    ]
  }
]