[
  {
    "label_id": "8EFRSwEXBf9P-SzIDRzx0A",
    "size": [
      1.9828961125834283,
      4.760235235989989,
      1.6800000000000068
    ],
    "obj_class": "vehicle",
    "point_num_in_lidar": 724,
    "speed": 19.36426052066079,
    "if_vehicle": true,
    "motion_state": true,
    "pose": [
      [
        0.9999578712424406,
        -0.009074938422495885,
        0.0013788520277812476,
        48.693380259765036
      ],
      [
        0.009135421975836286,
        0.9985436231634466,
        -0.05317120183840541,
        7.978370197850381
      ],
      [
        -0.000894318517093323,
        0.05318155819685004,
        0.998584459153128,
        0.9735398281142977
      ],
      [
        0.0,
        0.0,
        0.0,
        1.0
      ]
    ],
    "location": [
      48.693380259765036,
      7.978370197850381,
      0.9735398281142977
    ],
    "rotation": [
      0.0532066801601939,
      0.0008943186363068603,
      0.009135552701574026
    ]
  },
  {
    "label_id": "VJ3F-NiHmRQh0umylCVJmA",
    "size": [
      2.0181655979320503,
      4.513134775681905,
      1.7700000000000102
    ],
    "obj_class": "vehicle",
    "point_num_in_lidar": 101,
    "speed": 17.07815171266043,
    "if_vehicle": true,
    "motion_state": true,
    "pose": [
      [
        0.9999017347192517,
        -0.013950615488818836,
        0.0013788520277812476,
        83.24154339109191
      ],
      [
        0.014004202463139897,
        0.9984872085352076,
        -0.05317120183840541,
        5.262057006100804
      ],
      [
        -0.0006349951202764372,
        0.05318528667829279,
        0.998584459153128,
        1.2195568501448406
      ],
      [
        0.0,
        0.0,
        0.0,
        1.0
      ]
    ],
    "location": [
      83.24154339109191,
      5.262057006100804,
      1.2195568501448406
    ],
    "rotation": [
      0.05321040336605844,
      0.0006349951629501069,
      0.014004663072496974
    ]
  },
  {
    "label_id": "jT38g8qP7TxoFXreShjseQ",
    "size": [
      1.9384529721745307,
      4.27370457474128,
      1.6899999999999977
    ],
    "obj_class": "vehicle",
    "point_num_in_lidar": 626,
    "speed": 16.419614464370405,
    "if_vehicle": true,
    "motion_state": true,
    "pose": [
      [
        0.9999732797395114,
        0.007179037128368083,
        0.0013788520277812476,
        52.901976177541655
      ],
      [
        -0.007095575137939979,
        0.9985602015444646,
        -0.05317120183840541,
        4.760983298272549
      ],
      [
        -0.0017585847909191018,
        0.05315999734187457,
        0.998584459153128,
        1.026496050350488
      ],
      [
        0.0,
        0.0,
        0.0,
        1.0
      ]
    ],
    "location": [
      52.901976177541655,
      4.760983298272549,
      1.026496050350488
    ],
    "rotation": [
      0.05318514978358497,
      0.0017585856973595826,
      -0.007095645651925268
    ]
  },
  {
    "label_id": "jtZkCXXz-CJN7H96lJooeA",
    "size": [
      1.8789033336566119,
      4.251596265152163,
      1.5200000000000102
    ],
    "obj_class": "vehicle",
    "point_num_in_lidar": 22,
    "speed": 19.03076066027094,
    "if_vehicle": true,
    "motion_state": true,
    "pose": [
      [
        0.9999400457783479,
        -0.010862946924342242,
        0.0013788520277812476,
        106.47529382268476
      ],
      [
        0.010920901566348479,
        0.998525691809699,
        -0.05317120183840541,
        8.990521392654045
      ],
      [
        -0.0007992232314693897,
        0.05318307230765484,
        0.998584459153128,
        1.255056776198387
      ],
      [
        0.0,
        0.0,
        0.0,
        1.0
      ]
    ],
    "location": [
      106.47529382268476,
      8.990521392654045,
      1.255056776198387
    ],
    "rotation": [
      0.05320819212880054,
      0.0007992233165544227,
      0.010921122148321829
    ]
  },
  {
    "label_id": "mV--0dAvjt4OyGlzlXvfPw",
    "size": [
      2.0354414125028164,
      4.307956063242486,
      1.9099999999999966
    ],
    "obj_class": "vehicle",
    "point_num_in_lidar": 349,
    "speed": 17.824663818940934,
    "if_vehicle": true,
    "motion_state": true,
    "pose": [
      [
        0.9999524018688454,
        -0.009658817930415075,
        0.0013788520277812476,
        58.878538909786585
      ],
      [
        0.009718475685994944,
        0.9985381187142535,
        -0.05317120183840541,
        1.30244125678837
      ],
      [
        -0.0008632653521075111,
        0.053182071328473225,
        0.998584459153128,
        0.9652562739104269
      ],
      [
        0.0,
        0.0,
        0.0,
        1.0
      ]
    ],
    "location": [
      58.878538909786585,
      1.30244125678837,
      0.9652562739104269
    ],
    "rotation": [
      0.053207192565854156,
      0.0008632654593289982,
      0.00971863229691792
    ]
  }
]