[
  {
    "label_id": "-oh22MsWr26_sfMjVwsbTw",
    "size": [
      0.5771762910042061,
      0.09371839054968478,
      0.8100000000000023
    ],
    "obj_class": "sign",
    "point_num_in_lidar": 36,
    "speed": 0.06760154729425191,
    "if_vehicle": false,
    "motion_state": false,
    "pose": [
      [
        -0.18247389899849717,
        0.983164789463547,
        0.009501207469867847,
        138.94810391000283
      ],
      [
        -0.9828290459470486,
        -0.1821253264800746,
        -0.029621476960827006,
        38.34290878646607
      ],
      [
        -0.02739238264738619,
        -0.014743209068091444,
        0.999516030466382,
        2.84218561838739
      ],
      [
        0.0,
        0.0,
        0.0,
        1.0
      ]
    ],
    "location": [
      138.94810391000283,
      38.34290878646607,
      2.84218561838739
    ],
    "rotation": [
      -0.014749278168700185,
      0.027395809416634997,
      -1.7543680044101115
    ]
  },
  {
    "label_id": "8EFRSwEXBf9P-SzIDRzx0A",
    "size": [
      1.9828961125858573,
      4.760235235989989,
      1.6800000000000068
    ],
    "obj_class": "vehicle",
    "point_num_in_lidar": 250,
    "speed": 19.412921659412756,
    "if_vehicle": true,
    "motion_state": true,
    "pose": [
      [
        0.9998481117234648,
        -0.014610973261101029,
        0.009501207469867847,
        174.74352183528026
      ],
      [
        0.01488664290702133,
        0.9994503269125575,
        -0.029621476960827006,
        9.020306893104134
      ],
      [
        -0.009063186303994488,
        0.029758418888532444,
        0.999516030466382,
        1.0023831568842638
      ],
      [
        0.0,
        0.0,
        0.0,
        1.0
      ]
    ],
    "location": [
      174.74352183528026,
      9.020306893104134,
      1.0023831568842638
    ],
    "rotation": [
      0.02976403561649241,
      0.009063310385634696,
      0.014887804315197024
    ]
  },
  {
    "label_id": "9cfZY1oXM-MC6m5TMgdjBA",
    "size": [
      0.7445014442882341,
      0.08414281000989332,
      0.8000000000000114
    ],
    "obj_class": "sign",
    "point_num_in_lidar": 49,
    "speed": 0.045385593392343125,
    "if_vehicle": false,
    "motion_state": false,
    "pose": [
      [
        -0.14478390325373847,
        0.9894176814749304,
        0.009501207469867847,
        149.2852940649318
      ],
      [
        -0.9890688675714701,
        -0.14444841052621207,
        -0.029621476960827006,
        -9.212244675165493
      ],
      [
        -0.02793557873934234,
        -0.013686061567313005,
        0.999516030466382,
        2.541602357068598
      ],
      [
        0.0,
        0.0,
        0.0,
        1.0
      ]
    ],
    "location": [
      149.2852940649318,
      -9.212244675165493,
      2.541602357068598
    ],
    "rotation": [
      -0.013691832761503826,
      0.027939213487521625,
      -1.7161480275803613
    ]
  },
  {
    "label_id": "HAGAuQicAsYBIhd3-7j75g",
    "size": [
      0.732904152761039,
      0.09489345211544484,
      0.8199999999999932
    ],
    "obj_class": "sign",
    "point_num_in_lidar": 22,
    "speed": 0.06758143250212466,
    "if_vehicle": false,
    "motion_state": false,
    "pose": [
      [
        -0.025241104304975878,
        -0.9996362406946238,
        0.009501207469867847,
        125.67232843824604
      ],
      [
        0.9992355472921156,
        -0.025512528892396965,
        -0.029621476960827006,
        36.0076639971212
      ],
      [
        0.02985310170303118,
        0.008746265456453661,
        0.999516030466382,
        2.762705853754113
      ],
      [
        0.0,
        0.0,
        0.0,
        1.0
      ]
    ],
    "location": [
      125.67232843824604,
      36.0076639971212,
      2.762705853754113
    ],
    "rotation": [
      0.008750277096719055,
      -0.029857537701214285,
      1.5960513707545427
    ]
  },
  {
    "label_id": "LFOp-3VIQw27e-HMKSrjmg",
    "size": [
      1.9190360159657687,
      4.780307950403228,
      1.5699999999999932
    ],
    "obj_class": "vehicle",
    "point_num_in_lidar": 30,
    "speed": 1.0247593068766006e-12,
    "if_vehicle": true,
    "motion_state": false,
    "pose": [
      [
        -0.0362971865149459,
        -0.9992958727562693,
        0.009501207469867847,
        180.68972339216634
      ],
      [
        0.9988922014650894,
        -0.036564162165797116,
        -0.029621476960827006,
        -21.5089871580858
      ],
      [
        0.029948023362598476,
        0.008415505772057534,
        0.999516030466382,
        1.3385350045850828
      ],
      [
        0.0,
        0.0,
        0.0,
        1.0
      ]
    ],
    "location": [
      180.68972339216634,
      -21.5089871580858,
      1.3385350045850828
    ],
    "rotation": [
      0.008419381648182253,
      -0.029952501821343666,
      1.6071177870969864
    ]
  },
  {
    "label_id": "Mc65EVzaHQ_iOiMr44Ex1A",
    "size": [
      1.4568249291464146,
      3.3889913271989522,
      1.4099999999999966
    ],
    "obj_class": "vehicle",
    "point_num_in_lidar": 70,
    "speed": 0.0,
    "if_vehicle": true,
    "motion_state": false,
    "pose": [
      [
        -0.010920027674751837,
        -0.9998952345381976,
        0.009501207469867847,
        172.47566180805552
      ],
      [
        0.999498470046287,
        -0.011197163827985617,
        -0.029621476960827006,
        -8.787749368575533
      ],
      [
        0.029724760229717727,
        0.009172974981546012,
        0.999516030466382,
        1.4074883003635534
      ],
      [
        0.0,
        0.0,
        0.0,
        1.0
      ]
    ],
    "location": [
      172.47566180805552,
      -8.787749368575533,
      1.4074883003635534
    ],
    "rotation": [
      0.009177158928690275,
      -0.02972913924603172,
      1.5817213992559378
    ]
  },
  {
    "label_id": "VJ3F-NiHmRQh0umylCVJmA",
    "size": [
      2.0181655979312523,
      4.513134775681905,
      1.7700000000000102
    ],
    "obj_class": "vehicle",
    "point_num_in_lidar": 74,
    "speed": 17.331277653395162,
    "if_vehicle": true,
    "motion_state": true,
    "pose": [
      [
        0.9999472527507081,
        -0.0039011245719801314,
        0.009501207469867847,
        197.33367174463274
      ],
      [
        0.004181038934224978,
        0.9995524433545695,
        -0.029621476960827006,
        6.1555518915374705
      ],
      [
        -0.009381398069694867,
        0.029659639427751024,
        0.999516030466382,
        1.2441872864093568
      ],
      [
        0.0,
        0.0,
        0.0,
        1.0
      ]
    ],
    "location": [
      197.33367174463274,
      6.1555518915374705,
      1.2441872864093568
    ],
    "rotation": [
      0.02966529556139197,
      0.009381535685603848,
      0.004181235117526767
    ]
  },
  {
    "label_id": "bjq97QzH7fUsQjGXL2sb_w",
    "size": [
      1.8854921806205756,
      4.368656582305968,
      1.8000000000000114
    ],
    "obj_class": "vehicle",
    "point_num_in_lidar": 37,
    "speed": 2.1645329030274947e-12,
    "if_vehicle": true,
    "motion_state": false,
    "pose": [
      [
        -0.019283728113379507,
        -0.9997689057410537,
        0.009501207469867847,
        194.5947893847533
      ],
      [
        0.9993698368981758,
        -0.01955753565183385,
        -0.029621476960827006,
        -9.49945281652981
      ],
      [
        0.029800451811387258,
        0.008924007651468236,
        0.999516030466382,
        1.4843512810907384
      ],
      [
        0.0,
        0.0,
        0.0,
        1.0
      ]
    ],
    "location": [
      194.5947893847533,
      -9.49945281652981,
      1.4843512810907384
    ],
    "rotation": [
      0.00892809146115473,
      -0.029804864374290838,
      1.5900898201787026
    ]
  },
  {
    "label_id": "igVD6ApUcIRb5PEzAYDPAw",
    "size": [
      1.998369930182005,
      5.004685356609125,
      1.6400000000000148
    ],
    "obj_class": "vehicle",
    "point_num_in_lidar": 1083,
    "speed": 4.0194366942304643e-13,
    "if_vehicle": true,
    "motion_state": false,
    "pose": [
      [
        0.9999143028200482,
        0.009006335132088029,
        0.009501207469867847,
        154.31780269645787
      ],
      [
        -0.00872134796245371,
        0.9995231393981718,
        -0.029621476960827006,
        -12.83625354878859
      ],
      [
        -0.009763457666972303,
        0.029536075147377275,
        0.999516030466382,
        1.136218178568157
      ],
      [
        0.0,
        0.0,
        0.0,
        1.0
      ]
    ],
    "location": [
      154.31780269645787,
      -12.83625354878859,
      1.136218178568157
    ],
    "rotation": [
      0.029541779759620333,
      0.009763612790732176,
      -0.008721874253876244
    ]
  },
  {
    "label_id": "jT38g8qP7TxoFXreShjseQ",
    "size": [
      1.9384529721736508,
      4.27370457474128,
      1.6899999999999977
    ],
    "obj_class": "vehicle",
    "point_num_in_lidar": 587,
    "speed": 16.287309727283688,
    "if_vehicle": true,
    "motion_state": true,
    "pose": [
      [
        0.9989433197174423,
        0.04496633238891581,
        0.009501207469867847,
        164.58517158704308
      ],
      [
        -0.04466745991079746,
        0.9985626600908811,
        -0.029621476960827006,
        3.70320927298053
      ],
      [
        -0.010819520184057746,
        0.02916578172641777,
        0.999516030466382,
        1.0141757000838254
      ],
      [
        0.0,
        0.0,
        0.0,
        1.0
      ]
    ],
    "location": [
      164.58517158704308,
      3.70320927298053,
      1.0141757000838254
    ],
    "rotation": [
      0.029171626233000198,
      0.010819731287654408,
      -0.04468494382101742
    ]
  },
  {
    "label_id": "l4STcu9YzZm2k12QDyAALw",
    "size": [
      2.3393558238132255,
      6.4977996964848055,
      2.1200000000000045
    ],
    "obj_class": "vehicle",
    "point_num_in_lidar": 1105,
    "speed": 6.355287432313019e-13,
    "if_vehicle": true,
    "motion_state": false,
    "pose": [
      [
        -0.04598816204438597,
        -0.9988967994785016,
        0.009501207469867847,
        161.5124847825391
      ],
      [
        0.9984905576428628,
        -0.04625120972152273,
        -0.029621476960827006,
        -8.791356942278071
      ],
      [
        0.030028240871292824,
        0.00812462866240032,
        0.999516030466382,
        1.3777814704866387
      ],
      [
        0.0,
        0.0,
        0.0,
        1.0
      ]
    ],
    "location": [
      161.5124847825391,
      -8.791356942278071,
      1.3777814704866387
    ],
    "rotation": [
      0.008128383618556098,
      -0.030032755423729587,
      1.616821484101723
    ]
  },
  {
    "label_id": "mV--0dAvjt4OyGlzlXvfPw",
    "size": [
      2.035441412502627,
      4.307956063242486,
      1.9099999999999966
    ],
    "obj_class": "vehicle",
    "point_num_in_lidar": 253,
    "speed": 18.288822458057087,
    "if_vehicle": true,
    "motion_state": true,
    "pose": [
      [
        0.9999180320110446,
        -0.008582325778843195,
        0.009501207469867847,
        178.88869834079924
      ],
      [
        0.00886038877712756,
        0.9995219165247842,
        -0.029621476960827006,
        2.272684418785502
      ],
      [
        -0.009242443934253589,
        0.029703233339965815,
        0.999516030466382,
        0.9952562739103712
      ],
      [
        0.0,
        0.0,
        0.0,
        1.0
      ]
    ],
    "location": [
      178.88869834079924,
      2.272684418785502,
      0.9952562739103712
    ],
    "rotation": [
      0.02970887215431355,
      0.009242575525172256,
      0.008860883192806628
    ]
  }
]