[
  {
    "label_id": "-oh22MsWr26_sfMjVwsbTw",
    "size": [
      0.577176291004211,
      0.09371839054968478,
      0.8100000000000023
    ],
    "obj_class": "sign",
    "point_num_in_lidar": 20,
    "speed": 0.032544940019581824,
    "if_vehicle": false,
    "motion_state": false,
    "pose": [
      [
        -0.18248210473680662,
        0.9832090017757197,
        0.0005833335390798738,
        138.96045371936088
      ],
      [
        -0.98210292690183,
        -0.1822486184431902,
        -0.04753190556255147,
        38.39756734564253
      ],
      [
        -0.04662748568906513,
        -0.009246615745295866,
        0.9988695498790494,
        2.9359896317488676
      ],
      [
        0.0,
        0.0,
        0.0,
        1.0
      ]
    ],
    "location": [
      138.96045371936088,
      38.39756734564253,
      2.9359896317488676
    ],
    "rotation": [
      -0.00925681600257317,
      0.04664439788411145,
      -1.7545087728938251
    ]
  },
  {
    "label_id": "8EFRSwEXBf9P-SzIDRzx0A",
    "size": [
      1.9828961125870523,
      4.760235235989989,
      1.6800000000000068
    ],
    "obj_class": "vehicle",
    "point_num_in_lidar": 285,
    "speed": 19.189344441164298,
    "if_vehicle": true,
    "motion_state": true,
    "pose": [
      [
        0.9999795542099608,
        0.006367957602738434,
        0.0005833335390798738,
        143.9410750175939
      ],
      [
        -0.00633303471149719,
        0.9988496436526049,
        -0.04753190556255147,
        8.765734034319394
      ],
      [
        -0.0008853436570402398,
        0.0475272394636388,
        0.9988695498790494,
        1.0440251530520754
      ],
      [
        0.0,
        0.0,
        0.0,
        1.0
      ]
    ],
    "location": [
      143.9410750175939,
      8.765734034319394,
      1.0440251530520754
    ],
    "rotation": [
      0.04754516904979584,
      0.0008853437727006008,
      -0.006333079527851956
    ]
  },
  {
    "label_id": "HAGAuQicAsYBIhd3-7j75g",
    "size": [
      0.7329041527610383,
      0.09489345211544484,
      0.8199999999999932
    ],
    "obj_class": "sign",
    "point_num_in_lidar": 30,
    "speed": 0.05988898184934027,
    "if_vehicle": false,
    "motion_state": false,
    "pose": [
      [
        -0.025242239381804598,
        -0.9996811937177642,
        0.0005833335390798738,
        125.63546210134518
      ],
      [
        0.9985507438858541,
        -0.02524143099351015,
        -0.04753190556255147,
        36.10453239607705
      ],
      [
        0.04753147626572437,
        -0.0006173235991014778,
        0.9988695498790494,
        2.855450174190935
      ],
      [
        0.0,
        0.0,
        0.0,
        1.0
      ]
    ],
    "location": [
      125.63546210134518,
      36.10453239607705,
      2.855450174190935
    ],
    "rotation": [
      -0.0006180221637353507,
      -0.04754939199775448,
      1.5960698192226666
    ]
  },
  {
    "label_id": "LFOp-3VIQw27e-HMKSrjmg",
    "size": [
      1.9190360159657605,
      4.780307950403228,
      1.5699999999999932
    ],
    "obj_class": "vehicle",
    "point_num_in_lidar": 22,
    "speed": 5.630151460658475e-28,
    "if_vehicle": true,
    "motion_state": false,
    "pose": [
      [
        -0.03629881877696043,
        -0.9993408104732737,
        0.0005833335390798738,
        180.6897233921627
      ],
      [
        0.9982104387465693,
        -0.03628550579741652,
        -0.04753190556255147,
        -21.5089871580858
      ],
      [
        0.047521739580733406,
        -0.0011430623981581434,
        0.9988695498790494,
        1.3385350045849123
      ],
      [
        0.0,
        0.0,
        0.0,
        1.0
      ]
    ],
    "location": [
      180.6897233921627,
      -21.5089871580858,
      1.3385350045849123
    ],
    "rotation": [
      -0.0011443555360466015,
      -0.047539644297592165,
      1.6071442053028295
    ]
  },
  {
    "label_id": "VJ3F-NiHmRQh0umylCVJmA",
    "size": [
      2.0181655979324895,
      4.513134775681905,
      1.7700000000000102
    ],
    "obj_class": "vehicle",
    "point_num_in_lidar": 104,
    "speed": 17.347914189517653,
    "if_vehicle": true,
    "motion_state": true,
    "pose": [
      [
        0.9999904463002807,
        -0.00433209304467399,
        0.0005833335390798738,
        169.58098333477756
      ],
      [
        0.004354924001248589,
        0.9988602267537415,
        -0.04753190556255147,
        5.957551733710716
      ],
      [
        -0.00037675603363075525,
        0.04753399183022871,
        0.9988695498790494,
        1.2407090504646874
      ],
      [
        0.0,
        0.0,
        0.0,
        1.0
      ]
    ],
    "location": [
      169.58098333477756,
      5.957551733710716,
      1.2407090504646874
    ],
    "rotation": [
      0.04755191378629424,
      0.00037675604254386856,
      0.004354938075901577
    ]
  },
  {
    "label_id": "igVD6ApUcIRb5PEzAYDPAw",
    "size": [
      1.998369930182002,
      5.004685356609125,
      1.6400000000000148
    ],
    "obj_class": "vehicle",
    "point_num_in_lidar": 48,
    "speed": 7.553645636266755e-28,
    "if_vehicle": true,
    "motion_state": false,
    "pose": [
      [
        0.99995926834747,
        0.009006740141404164,
        0.0005833335390798738,
        154.31780269645424
      ],
      [
        -0.008968835697493247,
        0.9988294538808035,
        -0.04753190556255147,
        -12.83625354878859
      ],
      [
        -0.001010758242097171,
        0.04752473768682116,
        0.9988695498790494,
        1.136218178568157
      ],
      [
        0.0,
        0.0,
        0.0,
        1.0
      ]
    ],
    "location": [
      154.31780269645424,
      -12.83625354878859,
      1.136218178568157
    ],
    "rotation": [
      0.047542670098856224,
      0.0010107584142011153,
      -0.008968960525670717
    ]
  },
  {
    "label_id": "jT38g8qP7TxoFXreShjseQ",
    "size": [
      1.938452972175807,
      4.27370457474128,
      1.6899999999999977
    ],
    "obj_class": "vehicle",
    "point_num_in_lidar": 580,
    "speed": 16.870888970907917,
    "if_vehicle": true,
    "motion_state": true,
    "pose": [
      [
        0.9997991238944353,
        0.020034260203504677,
        0.0005833335390798738,
        138.4443978577492
      ],
      [
        -0.0199838978867073,
        0.9986697961683063,
        -0.04753190556255147,
        4.630164006966879
      ],
      [
        -0.001534824150579602,
        0.04751070026059313,
        0.9988695498790494,
        1.069890306227819
      ],
      [
        0.0,
        0.0,
        0.0,
        1.0
      ]
    ],
    "location": [
      138.4443978577492,
      4.630164006966879,
      1.069890306227819
    ],
    "rotation": [
      0.047528648517560244,
      0.00153482475317399,
      -0.019985251783931308
    ]
  },
  {
    "label_id": "l4STcu9YzZm2k12QDyAALw",
    "size": [
      2.339355823813226,
      6.4977996964848055,
      2.1200000000000045
    ],
    "obj_class": "vehicle",
    "point_num_in_lidar": 169,
    "speed": 6.355287432313019e-13,
    "if_vehicle": true,
    "motion_state": false,
    "pose": [
      [
        -0.04599023010357478,
        -0.9989417192494277,
        0.0005833335390798738,
        161.51248478253729
      ],
      [
        0.9978115298263829,
        -0.04596595369538385,
        -0.04753190556255147,
        -8.791356942281709
      ],
      [
        0.04750841694430291,
        -0.0016039463430548011,
        0.9988695498790494,
        1.5911128384369988
      ],
      [
        0.0,
        0.0,
        0.0,
        1.0
      ]
    ],
    "location": [
      161.51248478253729,
      -8.791356942281709,
      1.5911128384369988
    ],
    "rotation": [
      -0.0016057601962890756,
      -0.04752630659650572,
      1.6168548289521663
    ]
  },
  {
    "label_id": "mV--0dAvjt4OyGlzlXvfPw",
    "size": [
      2.035441412503897,
      4.307956063242486,
      1.9099999999999966
    ],
    "obj_class": "vehicle",
    "point_num_in_lidar": 271,
    "speed": 18.248995108212135,
    "if_vehicle": true,
    "motion_state": true,
    "pose": [
      [
        0.9999437226686849,
        -0.010592979631535658,
        0.0005833335390798738,
        149.44337688883206
      ],
      [
        0.010608733800640868,
        0.998813382329622,
        -0.04753190556255147,
        2.0419475959479314
      ],
      [
        -7.913683772249348e-05,
        0.047535419023987176,
        0.9988695498790494,
        0.9652562739103985
      ],
      [
        0.0,
        0.0,
        0.0,
        1.0
      ]
    ],
    "location": [
      149.44337688883206,
      2.0419475959479314,
      0.9652562739103985
    ],
    "rotation": [
      0.04755333936678699,
      7.91368378050944e-05,
      0.010608932837676836
    ]
  }
]