[
  {
    "label_id": "-oh22MsWr26_sfMjVwsbTw",
    "size": [
      0.5771762910042048,
      0.09371839054968478,
      0.8100000000000023
    ],
    "obj_class": "sign",
    "point_num_in_lidar": 20,
    "speed": 0.03279795919098294,
    "if_vehicle": false,
    "motion_state": false,
    "pose": [
      [
        -0.18248183151569625,
        0.9832075296672613,
        0.0018261358871735885,
        138.9593959429094
      ],
      [
        -0.9819909968548599,
        -0.1821629869844738,
        -0.0501031762355721,
        38.39114476425857
      ],
      [
        -0.048929165767213206,
        -0.010936168364458931,
        0.998742377672455,
        2.93217998683636
      ],
      [
        0.0,
        0.0,
        0.0,
        1.0
      ]
    ],
    "location": [
      138.9593959429094,
      38.39114476425857,
      2.93217998683636
    ],
    "rotation": [
      -0.010949501647188133,
      0.048948710083230616,
      -1.7545289759388818
    ]
  },
  {
    "label_id": "8EFRSwEXBf9P-SzIDRzx0A",
    "size": [
      1.9828961125851112,
      4.760235235989989,
      1.6800000000000068
    ],
    "obj_class": "vehicle",
    "point_num_in_lidar": 285,
    "speed": 19.18678703750808,
    "if_vehicle": true,
    "motion_state": true,
    "pose": [
      [
        0.999965696753899,
        0.008079018703467302,
        0.0018261358871735885,
        147.77255666815108
      ],
      [
        -0.007977392882347287,
        0.9987121872360964,
        -0.0501031762355721,
        8.770072272411198
      ],
      [
        -0.00222856866397977,
        0.05008688973055872,
        0.998742377672455,
        1.0412785474428574
      ],
      [
        0.0,
        0.0,
        0.0,
        1.0
      ]
    ],
    "location": [
      147.77255666815108,
      8.770072272411198,
      1.0412785474428574
    ],
    "rotation": [
      0.050107980077630794,
      0.002228570508688398,
      -0.007977497307356413
    ]
  },
  {
    "label_id": "HAGAuQicAsYBIhd3-7j75g",
    "size": [
      0.7329041527610385,
      0.09489345211544484,
      0.8199999999999932
    ],
    "obj_class": "sign",
    "point_num_in_lidar": 44,
    "speed": 0.06104916027614171,
    "if_vehicle": false,
    "motion_state": false,
    "pose": [
      [
        -0.025242201587919618,
        -0.9996796969463351,
        0.0018261358871735885,
        125.63978646181204
      ],
      [
        0.9984234974135738,
        -0.025302006710027403,
        -0.0501031762355721,
        36.09363139952802
      ],
      [
        0.05013333293769623,
        0.0005585425044909192,
        0.998742377672455,
        2.8428005785066546
      ],
      [
        0.0,
        0.0,
        0.0,
        1.0
      ]
    ],
    "location": [
      125.63978646181204,
      36.09363139952802,
      2.8428005785066546
    ],
    "rotation": [
      0.0005592457662239652,
      -0.050154357169303124,
      1.5960730010623059
    ]
  },
  {
    "label_id": "LFOp-3VIQw27e-HMKSrjmg",
    "size": [
      1.919036015965769,
      4.780307950403228,
      1.5699999999999932
    ],
    "obj_class": "vehicle",
    "point_num_in_lidar": 47,
    "speed": 3.378093024127423e-28,
    "if_vehicle": true,
    "motion_state": false,
    "pose": [
      [
        -0.036298764428599015,
        -0.9993393142114838,
        0.0018261358871735885,
        180.6897233921627
      ],
      [
        0.9980825299920822,
        -0.03634467025179153,
        -0.0501031762355721,
        -21.508987158083983
      ],
      [
        0.05013644408572803,
        3.950935079938515e-06,
        0.998742377672455,
        1.3385350045851112
      ],
      [
        0.0,
        0.0,
        0.0,
        1.0
      ]
    ],
    "location": [
      180.6897233921627,
      -21.508987158083983,
      1.3385350045851112
    ],
    "rotation": [
      3.955910120811599e-06,
      -0.05015747223466741,
      1.6071488049632052
    ]
  },
  {
    "label_id": "VJ3F-NiHmRQh0umylCVJmA",
    "size": [
      2.0181655979324162,
      4.513134775681905,
      1.7700000000000102
    ],
    "obj_class": "vehicle",
    "point_num_in_lidar": 102,
    "speed": 17.346979066686078,
    "if_vehicle": true,
    "motion_state": true,
    "pose": [
      [
        0.9999891809162188,
        -0.004278233073552601,
        0.0018261358871735885,
        173.05035785365544
      ],
      [
        0.004364361444559256,
        0.9987345113093311,
        -0.0501031762355721,
        5.9823038114973315
      ],
      [
        -0.0016094718671996867,
        0.05011060408216921,
        0.998742377672455,
        1.2411438661112868
      ],
      [
        0.0,
        0.0,
        0.0,
        1.0
      ]
    ],
    "location": [
      173.05035785365544,
      5.9823038114973315,
      1.2411438661112868
    ],
    "rotation": [
      0.050131664695036805,
      0.0016094725620630682,
      0.004364380952601911
    ]
  },
  {
    "label_id": "igVD6ApUcIRb5PEzAYDPAw",
    "size": [
      1.9983699301820037,
      5.004685356609125,
      1.6400000000000148
    ],
    "obj_class": "vehicle",
    "point_num_in_lidar": 69,
    "speed": 2.517883879787046e-28,
    "if_vehicle": true,
    "motion_state": false,
    "pose": [
      [
        0.9999577711596948,
        0.009006726656072751,
        0.0018261358871735885,
        154.31780269645606
      ],
      [
        -0.008903937943688775,
        0.9987043564640148,
        -0.0501031762355721,
        -12.83625354878859
      ],
      [
        -0.0022750354789703798,
        0.05008480063592793,
        0.998742377672455,
        1.1362181785680718
      ],
      [
        0.0,
        0.0,
        0.0,
        1.0
      ]
    ],
    "location": [
      154.31780269645606,
      -12.83625354878859,
      1.1362181785680718
    ],
    "rotation": [
      0.0501058935997112,
      0.0022750374414912443,
      -0.008904078642194408
    ]
  },
  {
    "label_id": "jT38g8qP7TxoFXreShjseQ",
    "size": [
      1.9384529721748065,
      4.27370457474128,
      1.6899999999999977
    ],
    "obj_class": "vehicle",
    "point_num_in_lidar": 589,
    "speed": 16.707950281499322,
    "if_vehicle": true,
    "motion_state": true,
    "pose": [
      [
        0.999695989735828,
        0.024588479697308586,
        0.0018261358871735885,
        141.7649734150018
      ],
      [
        -0.0244661708726465,
        0.9984443290509178,
        -0.0501031762355721,
        4.566790669779948
      ],
      [
        -0.003055255952263875,
        0.050043265803076616,
        0.998742377672455,
        1.0698903062278475
      ],
      [
        0.0,
        0.0,
        0.0,
        1.0
      ]
    ],
    "location": [
      141.7649734150018,
      4.566790669779948,
      1.0698903062278475
    ],
    "rotation": [
      0.050064410701014854,
      0.0030552607055435756,
      -0.024468726638069233
    ]
  },
  {
    "label_id": "l4STcu9YzZm2k12QDyAALw",
    "size": [
      2.33935582381323,
      6.4977996964848055,
      2.1200000000000045
    ],
    "obj_class": "vehicle",
    "point_num_in_lidar": 218,
    "speed": 6.355287432313019e-13,
    "if_vehicle": true,
    "motion_state": false,
    "pose": [
      [
        -0.04599016124475888,
        -0.9989402235851766,
        0.0018261358871735885,
        161.51248478253547
      ],
      [
        0.997683053222524,
        -0.04602387471399307,
        -0.0501031762355721,
        -8.79135694227989
      ],
      [
        0.05013412392037191,
        -0.00048234832643396385,
        0.998742377672455,
        1.5644442000292145
      ],
      [
        0.0,
        0.0,
        0.0,
        1.0
      ]
    ],
    "location": [
      161.51248478253547,
      -8.79135694227989,
      1.5644442000292145
    ],
    "rotation": [
      -0.00048295566475921157,
      -0.05015514914788078,
      1.6168606828756813
    ]
  },
  {
    "label_id": "mV--0dAvjt4OyGlzlXvfPw",
    "size": [
      2.0354414125034284,
      4.307956063242486,
      1.9099999999999966
    ],
    "obj_class": "vehicle",
    "point_num_in_lidar": 278,
    "speed": 18.33050486590365,
    "if_vehicle": true,
    "motion_state": true,
    "pose": [
      [
        0.9999432283465883,
        -0.010497871761659738,
        0.0018261358871735885,
        153.093700766849
      ],
      [
        0.010576194686792335,
        0.9986880473085947,
        -0.0501031762355721,
        2.0782519315162062
      ],
      [
        -0.0012977633643086659,
        0.05011964536408332,
        0.998742377672455,
        0.9652562739103132
      ],
      [
        0.0,
        0.0,
        0.0,
        1.0
      ]
    ],
    "location": [
      153.093700766849,
      2.0782519315162062,
      0.9652562739103132
    ],
    "rotation": [
      0.05014069462573266,
      0.0012977637285889012,
      0.010576400771671624
    ]
  }
]