[
  {
    "label_id": "8EFRSwEXBf9P-SzIDRzx0A",
    "size": [
      1.9828961125857516,
      4.760235235989989,
      1.6800000000000068
    ],
    "obj_class": "vehicle",
    "point_num_in_lidar": 335,
    "speed": 18.941194297325108,
    "if_vehicle": true,
    "motion_state": true,
    "pose": [
      [
        0.9999919357610052,
        -0.003574315665040676,
        -0.0018310326278272665,
        115.28806074163913
      ],
      [
        0.0034721840666668054,
        0.9985866462199563,
        -0.05303445982554221,
        8.674292406500172
      ],
      [
        0.002018006631482749,
        0.05302767446066733,
        0.9985910040604856,
        0.9908971351136415
      ],
      [
        0.0,
        0.0,
        0.0,
        1.0
      ]
    ],
    "location": [
      115.28806074163913,
      8.674292406500172,
      0.9908971351136415
    ],
    "rotation": [
      0.053052665808553806,
      -0.0020180080011570675,
      0.003472198113555764
    ]
  },
  {
    "label_id": "VJ3F-NiHmRQh0umylCVJmA",
    "size": [
      2.0181655979304196,
      4.513134775681905,
      1.7700000000000102
    ],
    "obj_class": "vehicle",
    "point_num_in_lidar": 86,
    "speed": 17.341994008581537,
    "if_vehicle": true,
    "motion_state": true,
    "pose": [
      [
        0.9999983204253656,
        8.041121539750207e-05,
        -0.0018310326278272665,
        143.54406384626236
      ],
      [
        -0.00017740617434765623,
        0.9985926670059531,
        -0.05303445982554221,
        5.865372468289934
      ],
      [
        0.0018241911898244268,
        0.053034695586702346,
        0.9985910040604856,
        1.2374472631726405
      ],
      [
        0.0,
        0.0,
        0.0,
        1.0
      ]
    ],
    "location": [
      143.54406384626236,
      5.865372468289934,
      1.2374472631726405
    ],
    "rotation": [
      0.05305967706779255,
      -0.001824192201544721,
      -0.0001774064704538925
    ]
  },
  {
    "label_id": "jT38g8qP7TxoFXreShjseQ",
    "size": [
      1.9384529721740122,
      4.27370457474128,
      1.6899999999999977
    ],
    "obj_class": "vehicle",
    "point_num_in_lidar": 530,
    "speed": 17.659977166664888,
    "if_vehicle": true,
    "motion_state": true,
    "pose": [
      [
        0.9999981966639039,
        -0.00050397267350721,
        -0.0018310326278272665,
        112.29296187721047
      ],
      [
        0.00040615628854715955,
        0.998592600166896,
        -0.05303445982554221,
        5.044870199613797
      ],
      [
        0.0018551835513187435,
        0.05303362050117015,
        0.9985910040604856,
        1.0451827292221196
      ],
      [
        0.0,
        0.0,
        0.0,
        1.0
      ]
    ],
    "location": [
      112.29296187721047,
      5.044870199613797,
      1.0451827292221196
    ],
    "rotation": [
      0.05305860349341779,
      -0.0018551846154864545,
      0.00040615699865108036
    ]
  },
  {
    "label_id": "l4STcu9YzZm2k12QDyAALw",
    "size": [
      2.33935582381324,
      6.4977996964848055,
      2.1200000000000045
    ],
    "obj_class": "vehicle",
    "point_num_in_lidar": 38,
    "speed": 6.355287432313019e-13,
    "if_vehicle": true,
    "motion_state": false,
    "pose": [
      [
        -0.045990160832955165,
        -0.9989402146405333,
        -0.0018310326278272665,
        161.51248478253547
      ],
      [
        0.9975405223734802,
        -0.04582850961854662,
        -0.05303445982554221,
        -8.791356942278071
      ],
      [
        0.05289434118507562,
        -0.004265592581111283,
        0.9985910040604856,
        1.7911687162079488
      ],
      [
        0.0,
        0.0,
        0.0,
        1.0
      ]
    ],
    "location": [
      161.51248478253547,
      -8.791356942278071,
      1.7911687162079488
    ],
    "rotation": [
      -0.004271585283438494,
      -0.052919037021329704,
      1.6168672549345247
    ]
  },
  {
    "label_id": "mV--0dAvjt4OyGlzlXvfPw",
    "size": [
      2.03544141250496,
      4.307956063242486,
      1.9099999999999966
    ],
    "obj_class": "vehicle",
    "point_num_in_lidar": 278,
    "speed": 18.070333582683084,
    "if_vehicle": true,
    "motion_state": true,
    "pose": [
      [
        0.9999464476975405,
        -0.010185728083228191,
        -0.0018310326278272665,
        122.26179015253365
      ],
      [
        0.01007430758366028,
        0.9985418641187372,
        -0.05303445982554221,
        1.7602515555045102
      ],
      [
        0.0023685573202767312,
        0.053013173322220414,
        0.9985910040604856,
        0.96525627391037
      ],
      [
        0.0,
        0.0,
        0.0,
        1.0
      ]
    ],
    "location": [
      122.26179015253365,
      1.7602515555045102,
      0.96525627391037
    ],
    "rotation": [
      0.05303818503204713,
      -0.002368559534908594,
      0.010074506261472967
    ]
  },
  {
    "label_id": "tKlBc5fuDsTk5dAxf-L3Hg",
    "size": [
      0.4914463711753305,
      0.09510256729124839,
      0.4900000000000091
    ],
    "obj_class": "sign",
    "point_num_in_lidar": 110,
    "speed": 0.09407579757107212,
    "if_vehicle": false,
    "motion_state": false,
    "pose": [
      [
        -0.9999982479972963,
        0.0003890010971077011,
        -0.0018310326278272665,
        99.57592493100128
      ],
      [
        -0.00029134631672593053,
        -0.9985926402634543,
        -0.05303445982554221,
        -1.8986741807329963
      ],
      [
        -0.001849086169287211,
        -0.053033833444413286,
        0.9985910040604856,
        2.478838483408765
      ],
      [
        0.0,
        0.0,
        0.0,
        1.0
      ]
    ],
    "location": [
      99.57592493100128,
      -1.8986741807329963,
      2.478838483408765
    ],
    "rotation": [
      -0.05305881613735421,
      0.0018490872229966451,
      -3.1413013067708704
    ]
  }
]