[
  {
    "label_id": "8EFRSwEXBf9P-SzIDRzx0A",
    "size": [
      1.9828961125840068,
      4.760235235989989,
      1.6800000000000068
    ],
    "obj_class": "vehicle",
    "point_num_in_lidar": 737,
    "speed": 19.319424314915334,
    "if_vehicle": true,
    "motion_state": true,
    "pose": [
      [
        0.9999588048432544,
        -0.008939320935726481,
        0.0015738988717170195,
        50.625349715124685
      ],
      [
        0.009011517955966922,
        0.9984882437014075,
        -0.0542219488234052,
        8.00769972605849
      ],
      [
        -0.0010868121178913978,
        0.054233898359667715,
        0.998527667672826,
        0.9739575506114022
      ],
      [
        0.0,
        0.0,
        0.0,
        1.0
      ]
    ],
    "location": [
      50.625349715124685,
      8.00769972605849,
      0.9739575506114022
    ],
    "rotation": [
      0.054260552190863155,
      0.00108681233184145,
      0.009011645249744387
    ]
  },
  {
    "label_id": "VJ3F-NiHmRQh0umylCVJmA",
    "size": [
      2.0181655979302113,
      4.513134775681905,
      1.7700000000000102
    ],
    "obj_class": "vehicle",
    "point_num_in_lidar": 106,
    "speed": 17.091584091865922,
    "if_vehicle": true,
    "motion_state": true,
    "pose": [
      [
        0.9999018263602037,
        -0.013923379039243733,
        0.0015738988717170195,
        84.95435907247338
      ],
      [
        0.013988245335220197,
        0.9984309236287876,
        -0.0542219488234052,
        5.287873038247199
      ],
      [
        -0.000816476558471984,
        0.05423864174088276,
        0.998527667672826,
        1.2190568335846592
      ],
      [
        0.0,
        0.0,
        0.0,
        1.0
      ]
    ],
    "location": [
      84.95435907247338,
      5.287873038247199,
      1.2190568335846592
    ],
    "rotation": [
      0.05426528859262066,
      0.0008164766491871796,
      0.013988706220714065
    ]
  },
  {
    "label_id": "jT38g8qP7TxoFXreShjseQ",
    "size": [
      1.9384529721755397,
      4.27370457474128,
      1.6899999999999977
    ],
    "obj_class": "vehicle",
    "point_num_in_lidar": 618,
    "speed": 16.41805432678705,
    "if_vehicle": true,
    "motion_state": true,
    "pose": [
      [
        0.9999715097757287,
        0.007382579440218959,
        0.0015738988717170195,
        54.54609199336119
      ],
      [
        -0.007286390446665504,
        0.9985023228716351,
        -0.0542219488234052,
        4.755269337247228
      ],
      [
        -0.0019718395239667653,
        0.054208935986219904,
        0.998527667672826,
        1.0264960503503744
      ],
      [
        0.0,
        0.0,
        0.0,
        1.0
      ]
    ],
    "location": [
      54.54609199336119,
      4.755269337247228,
      1.0264960503503744
    ],
    "rotation": [
      0.0542356265071441,
      0.0019718408017706727,
      -0.007286469088132567
    ]
  },
  {
    "label_id": "jtZkCXXz-CJN7H96lJooeA",
    "size": [
      1.8789033336538181,
      4.251596265152163,
      1.5200000000000102
    ],
    "obj_class": "vehicle",
    "point_num_in_lidar": 21,
    "speed": 19.050233981622895,
    "if_vehicle": true,
    "motion_state": true,
    "pose": [
      [
        0.9999481305603081,
        -0.010062754656984316,
        0.0015738988717170195,
        108.38101396511593
      ],
      [
        0.010133299477327343,
        0.9984774892342315,
        -0.0542219488234052,
        9.005898348515984
      ],
      [
        -0.0010258804257071135,
        0.05423508514991486,
        0.998527667672826,
        1.2550567761982165
      ],
      [
        0.0,
        0.0,
        0.0,
        1.0
      ]
    ],
    "location": [
      108.38101396511593,
      9.005898348515984,
      1.2550567761982165
    ],
    "rotation": [
      0.05426173723508411,
      0.0010258806056518655,
      0.010133478238795726
    ]
  },
  {
    "label_id": "mV--0dAvjt4OyGlzlXvfPw",
    "size": [
      2.0354414125028657,
      4.307956063242486,
      1.9099999999999966
    ],
    "obj_class": "vehicle",
    "point_num_in_lidar": 357,
    "speed": 17.886719169221124,
    "if_vehicle": true,
    "motion_state": true,
    "pose": [
      [
        0.9999553749234434,
        -0.009315095493711942,
        0.0015738988717170195,
        60.669382461510395
      ],
      [
        0.00938673988569792,
        0.9984847867544654,
        -0.0542219488234052,
        1.3083975029549038
      ],
      [
        -0.0010664314481542807,
        0.05423430294410311,
        0.998527667672826,
        0.9652562739103416
      ],
      [
        0.0,
        0.0,
        0.0,
        1.0
      ]
    ],
    "location": [
      60.669382461510395,
      1.3083975029549038,
      0.9652562739103416
    ],
    "rotation": [
      0.05426095618008412,
      0.0010664316502922053,
      0.009386883074721481
    ]
  }
]