[
  {
    "label_id": "8EFRSwEXBf9P-SzIDRzx0A",
    "size": [
      1.9828961125855953,
      4.760235235989989,
      1.6800000000000068
    ],
    "obj_class": "vehicle",
    "point_num_in_lidar": 484,
    "speed": 19.11087493742449,
    "if_vehicle": true,
    "motion_state": true,
    "pose": [
      [
        0.9999491085485531,
        -0.01008414747842595,
        -0.00030047060987977716,
        77.43716880555803
      ],
      [
        0.010052100036167057,
        0.9984190675240484,
        -0.055302087567041,
        8.380675147855072
      ],
      [
        0.0008576699930254167,
        0.05529625280290822,
        0.9984696233877823,
        0.9583202789079621
      ],
      [
        0.0,
        0.0,
        0.0,
        1.0
      ]
    ],
    "location": [
      77.43716880555803,
      8.380675147855072,
      0.9583202789079621
    ],
    "rotation": [
      0.05532449168355079,
      -0.0008576700981754806,
      0.010052273026469319
    ]
  },
  {
    "label_id": "VJ3F-NiHmRQh0umylCVJmA",
    "size": [
      2.0181655979314046,
      4.513134775681905,
      1.7700000000000102
    ],
    "obj_class": "vehicle",
    "point_num_in_lidar": 102,
    "speed": 17.210280964981816,
    "if_vehicle": true,
    "motion_state": true,
    "pose": [
      [
        0.9999955407920511,
        -0.0029712141332675144,
        -0.00030047060987977716,
        108.97656216829455
      ],
      [
        0.002950050745104499,
        0.998465310519764,
        -0.055302087567041,
        5.528327773303317
      ],
      [
        0.00046432382497406437,
        0.055300954559985974,
        0.9984696233877823,
        1.2350567761982632
      ],
      [
        0.0,
        0.0,
        0.0,
        1.0
      ]
    ],
    "location": [
      108.97656216829455,
      5.528327773303317,
      1.2350567761982632
    ],
    "rotation": [
      0.05532918624740221,
      -0.00046432384165850677,
      0.0029500553420831435
    ]
  },
  {
    "label_id": "jT38g8qP7TxoFXreShjseQ",
    "size": [
      1.9384529721733996,
      4.27370457474128,
      1.6899999999999977
    ],
    "obj_class": "vehicle",
    "point_num_in_lidar": 541,
    "speed": 16.771797051781448,
    "if_vehicle": true,
    "motion_state": true,
    "pose": [
      [
        0.9999946509580346,
        -0.0032569575881591954,
        -0.00030047060987977716,
        77.68876057156012
      ],
      [
        0.0032353569454399646,
        0.9984644267955484,
        -0.055302087567041,
        4.8190155283373315
      ],
      [
        0.00048012576900503904,
        0.05530081962417925,
        0.9984696233877823,
        1.0272310504418272
      ],
      [
        0.0,
        0.0,
        0.0,
        1.0
      ]
    ],
    "location": [
      77.68876057156012,
      4.8190155283373315,
      1.0272310504418272
    ],
    "rotation": [
      0.05532905151806804,
      -0.0004801257874515333,
      0.0032353629627454718
    ]
  },
  {
    "label_id": "mV--0dAvjt4OyGlzlXvfPw",
    "size": [
      2.035441412504534,
      4.307956063242486,
      1.9099999999999966
    ],
    "obj_class": "vehicle",
    "point_num_in_lidar": 289,
    "speed": 18.172011498112276,
    "if_vehicle": true,
    "motion_state": true,
    "pose": [
      [
        0.9999798867290902,
        -0.006335286472494752,
        -0.00030047060987977716,
        86.11791434887527
      ],
      [
        0.006308975350072496,
        0.998449736311628,
        -0.055302087567041,
        1.42456464422321
      ],
      [
        0.0006503593684680525,
        0.05529907959950073,
        0.9984696233877823,
        0.9652562739102564
      ],
      [
        0.0,
        0.0,
        0.0,
        1.0
      ]
    ],
    "location": [
      86.11791434887527,
      1.42456464422321,
      0.9652562739102564
    ],
    "rotation": [
      0.055327314155714916,
      -0.0006503594143148531,
      0.006309018537963993
    ]
  }
]