[
  {
    "label_id": "8EFRSwEXBf9P-SzIDRzx0A",
    "size": [
      1.9828961125854416,
      4.760235235989989,
      1.6800000000000068
    ],
    "obj_class": "vehicle",
    "point_num_in_lidar": 606,
    "speed": 19.14864264666709,
    "if_vehicle": true,
    "motion_state": true,
    "pose": [
      [
        0.999949294571554,
        -0.009844610945134797,
        0.0021194152943805043,
        64.03855644812029
      ],
      [
        0.00995237761021631,
        0.9982139601899044,
        -0.0589053466324707,
        8.206469434184328
      ],
      [
        -0.0015357297141056349,
        0.058923453032954494,
        0.9982613226089241,
        0.9604447650485497
      ],
      [
        0.0,
        0.0,
        0.0,
        1.0
      ]
    ],
    "location": [
      64.03855644812029,
      8.206469434184328,
      0.9604447650485497
    ],
    "rotation": [
      0.058957672797355656,
      0.0015357303177672653,
      0.009952553651181414
    ]
  },
  {
    "label_id": "VJ3F-NiHmRQh0umylCVJmA",
    "size": [
      2.018165597930165,
      4.513134775681905,
      1.7700000000000102
    ],
    "obj_class": "vehicle",
    "point_num_in_lidar": 110,
    "speed": 17.156709832043866,
    "if_vehicle": true,
    "motion_state": true,
    "pose": [
      [
        0.9999034552618183,
        -0.013732743144994538,
        0.0021194152943805043,
        96.94373811416335
      ],
      [
        0.013833761314592647,
        0.9981677149587633,
        -0.0589053466324707,
        5.468580278484296
      ],
      [
        -0.0013065999262698539,
        0.05892897911651153,
        0.9982613226089241,
        1.215556814213528
      ],
      [
        0.0,
        0.0,
        0.0,
        1.0
      ]
    ],
    "location": [
      96.94373811416335,
      5.468580278484296,
      1.215556814213528
    ],
    "rotation": [
      0.05896318928405028,
      0.001306600298042105,
      0.013834214396885888
    ]
  },
  {
    "label_id": "jT38g8qP7TxoFXreShjseQ",
    "size": [
      1.9384529721736359,
      4.27370457474128,
      1.6899999999999977
    ],
    "obj_class": "vehicle",
    "point_num_in_lidar": 611,
    "speed": 16.525173302428446,
    "if_vehicle": true,
    "motion_state": true,
    "pose": [
      [
        0.9998793180355448,
        -0.015390173604732476,
        0.0021194152943805043,
        65.98286235236264
      ],
      [
        0.015488314456175854,
        0.9981434126684476,
        -0.0589053466324707,
        4.696725477073414
      ],
      [
        -0.0012089169038739915,
        0.05893106399006477,
        0.9982613226089241,
        1.0272310504418556
      ],
      [
        0.0,
        0.0,
        0.0,
        1.0
      ]
    ],
    "location": [
      65.98286235236264,
      4.696725477073414,
      1.0272310504418556
    ],
    "rotation": [
      0.058965270535978435,
      0.0012089171983421807,
      0.015488945085499512
    ]
  },
  {
    "label_id": "mV--0dAvjt4OyGlzlXvfPw",
    "size": [
      2.035441412506551,
      4.307956063242486,
      1.9099999999999966
    ],
    "obj_class": "vehicle",
    "point_num_in_lidar": 336,
    "speed": 18.17243979107519,
    "if_vehicle": true,
    "motion_state": true,
    "pose": [
      [
        0.9999738859445465,
        -0.00690908878021421,
        0.0021194152943805043,
        73.34311147839071
      ],
      [
        0.007021949278169071,
        0.998238875403299,
        -0.0589053466324707,
        1.3645102007303649
      ],
      [
        -0.0017087004704619143,
        0.05891869080167875,
        0.9982613226089241,
        0.9652562739101995
      ],
      [
        0.0,
        0.0,
        0.0,
        1.0
      ]
    ],
    "location": [
      73.34311147839071,
      1.3645102007303649,
      0.9652562739101995
    ],
    "rotation": [
      0.05895291883351774,
      0.0017087013019329732,
      0.00702201723667937
    ]
  }
]