[
  {
    "label_id": "-ItvfksmEcYtVEcOjjRESg",
    "size": [
      2.960818615692735,
      8.028851501939148,
      3.3508914890802544
    ],
    "obj_class": "vehicle",
    "point_num_in_lidar": 5178,
    "speed": 6.998905288521167,
    "if_vehicle": true,
    "motion_state": true,
    "pose": [
      [
        0.045363585800405185,
        0.9991009125809168,
        0.001137343360491991,
        17.84997745308283
      ],
      [
        -0.9991008810588804,
        0.04536475890073837,
        -0.0006976924044971912,
        11.39862608088697
      ],
      [
        -0.0007347111336167419,
        -0.0010989442323404844,
        0.999999973024907,
        2.017333462109036
      ],
      [
        0.0,
        0.0,
        0.0,
        1.0
      ]
    ],
    "location": [
      17.84997745308283,
      11.39862608088697,
      2.017333462109036
    ],
    "rotation": [
      -0.0010989438195944793,
      0.000734710577589755,
      -1.5254230798038162
    ]
  },
  {
    "label_id": "-r18nvGJT_LauvErk1VSrg",
    "size": [
      0.7208473821763753,
      2.0829883357271277,
      1.9099999999999682
    ],
    "obj_class": "vehicle",
    "point_num_in_lidar": 45,
    "speed": 5.684341886080801e-13,
    "if_vehicle": true,
    "motion_state": false,
    "pose": [
      [
        -0.0009791186698255548,
        1.000129756463291,
        0.001137343360491991,
        31.485288678177312
      ],
      [
        -1.0001297793314667,
        -0.0009779453688934714,
        -0.0006976924044971912,
        49.96603182844956
      ],
      [
        -0.0006830017156615586,
        -0.0011318071973875148,
        0.999999973024907,
        1.8258470886512441
      ],
      [
        0.0,
        0.0,
        0.0,
        1.0
      ]
    ],
    "location": [
      31.485288678177312,
      49.96603182844956,
      1.8258470886512441
    ],
    "rotation": [
      -0.001131806744641483,
      0.0006830011904230669,
      -1.5717753180990817
    ]
  },
  {
    "label_id": "0VCoeT-jjrIfzTCsOWz20A",
    "size": [
      0.7544329631618879,
      1.043993850799436,
      0.9800000000000182
    ],
    "obj_class": "sign",
    "point_num_in_lidar": 196,
    "speed": 5.687116766346677e-13,
    "if_vehicle": false,
    "motion_state": false,
    "pose": [
      [
        -0.10288254658798322,
        0.9948244418208989,
        0.001137343360491991,
        11.692034577414233
      ],
      [
        -0.9948245841239021,
        -0.10288138172409154,
        -0.0006976924044971912,
        11.077785658497305
      ],
      [
        -0.0005641209425871822,
        -0.001195510952601171,
        0.999999973024907,
        0.7167127426126854
      ],
      [
        0.0,
        0.0,
        0.0,
        1.0
      ]
    ],
    "location": [
      11.692034577414233,
      11.077785658497305,
      0.7167127426126854
    ],
    "rotation": [
      -0.00119551041529071,
      0.0005641204948304805,
      -1.673847758885618
    ]
  },
  {
    "label_id": "2SYmRAjI0pCOwp2XYemMBQ",
    "size": [
      0.9588610015812885,
      0.6083173834498694,
      1.67999999999995
    ],
    "obj_class": "pedestrian",
    "point_num_in_lidar": 352,
    "speed": 0.002489543101860231,
    "if_vehicle": false,
    "motion_state": false,
    "pose": [
      [
        0.9978332951215485,
        0.06774366083674706,
        0.001137343360491991,
        11.79847925829199
      ],
      [
        -0.067742491679859,
        0.9978333962660086,
        -0.0006976924044971912,
        7.226086516193391
      ],
      [
        -0.0011748782253647257,
        0.0006059208126633746,
        0.999999973024907,
        0.8878095760815086
      ],
      [
        0.0,
        0.0,
        0.0,
        1.0
      ]
    ],
    "location": [
      11.79847925829199,
      7.226086516193391,
      0.8878095760815086
    ],
    "rotation": [
      0.0006059207548555602,
      0.0011748775008088214,
      -0.06778557491777862
    ]
  },
  {
    "label_id": "4BPsEUa8pjB_nYeEbm-YSA",
    "size": [
      0.8876985042495583,
      1.0727947770953707,
      1.7511702127660556
    ],
    "obj_class": "pedestrian",
    "point_num_in_lidar": 181,
    "speed": 1.2762134242653735,
    "if_vehicle": false,
    "motion_state": true,
    "pose": [
      [
        0.09237273447762268,
        0.9958552938865256,
        0.001137343360491991,
        9.053696983186455
      ],
      [
        -0.9958552071442834,
        0.09237390479117638,
        -0.0006976924044971912,
        21.452112194449
      ],
      [
        -0.0007856579747300356,
        -0.0010631182541927832,
        0.999999973024907,
        1.3125762133850003
      ],
      [
        0.0,
        0.0,
        0.0,
        1.0
      ]
    ],
    "location": [
      9.053696983186455,
      21.452112194449,
      1.3125762133850003
    ],
    "rotation": [
      -0.0010631178823514162,
      0.0007856573902892082,
      -1.4783037924860494
    ]
  },
  {
    "label_id": "8k1Wkk08druqr8A5YTrqFQ",
    "size": [
      2.1684109006720282,
      4.238163060626746,
      1.7100000000000364
    ],
    "obj_class": "vehicle",
    "point_num_in_lidar": 36,
    "speed": 8.543149943144391e-13,
    "if_vehicle": true,
    "motion_state": false,
    "pose": [
      [
        1.0000420912850863,
        -0.01327795522070967,
        0.001137343360491991,
        38.78092836592805
      ],
      [
        0.013279128728411974,
        1.000042097425387,
        -0.0006976924044971912,
        2.434997890555678
      ],
      [
        -0.0011219559204451819,
        0.0006990663689756608,
        0.999999973024907,
        0.9699979189846317
      ],
      [
        0.0,
        0.0,
        0.0,
        1.0
      ]
    ],
    "location": [
      38.78092836592805,
      2.434997890555678,
      0.9699979189846317
    ],
    "rotation": [
      0.0006990662739566018,
      0.0011219552057972172,
      0.013277789471244169
    ]
  },
  {
    "label_id": "A4kzX4tBck4XcFuUOPA6Lg",
    "size": [
      0.7530091452433441,
      1.132073132049114,
      1.8246200607903802
    ],
    "obj_class": "pedestrian",
    "point_num_in_lidar": 162,
    "speed": 0.29762529091343937,
    "if_vehicle": false,
    "motion_state": false,
    "pose": [
      [
        0.4894734855916788,
        -0.8721675271067046,
        0.001137343360491991,
        14.800820604776163
      ],
      [
        0.872168120282886,
        0.48947247302066993,
        -0.0006976924044971912,
        -10.800079344709957
      ],
      [
        4.299035944562845e-05,
        0.0013212231850257357,
        0.999999973024907,
        0.7548456620078241
      ],
      [
        0.0,
        0.0,
        0.0,
        1.0
      ]
    ],
    "location": [
      14.800820604776163,
      -10.800079344709957,
      0.7548456620078241
    ],
    "rotation": [
      0.001321222451877345,
      -4.2990323056213345e-05,
      1.0593838466015923
    ]
  },
  {
    "label_id": "AhVLDKKFO3nP9YBAG8x0pw",
    "size": [
      1.9318567274618723,
      4.066022807258439,
      1.509999999999991
    ],
    "obj_class": "vehicle",
    "point_num_in_lidar": 120,
    "speed": 2.929642751054232e-13,
    "if_vehicle": true,
    "motion_state": false,
    "pose": [
      [
        0.028910243524949794,
        -0.9997123017428662,
        0.001137343360491991,
        27.15428985314975
      ],
      [
        0.9997123573699331,
        0.028909071320334438,
        -0.0006976924044971912,
        27.835712820115077
      ],
      [
        0.0006511263254984631,
        0.001150440517322684,
        0.999999973024907,
        1.2749332609113253
      ],
      [
        0.0,
        0.0,
        0.0,
        1.0
      ]
    ],
    "location": [
      27.15428985314975,
      27.835712820115077,
      1.2749332609113253
    ],
    "rotation": [
      0.0011504400408151462,
      -0.0006511258201576807,
      1.5418858223854934
    ]
  },
  {
    "label_id": "Aof9zDLMpOMBf2RZkTgB1g",
    "size": [
      0.6466332595231469,
      2.732983268659154,
      3.449999999999932
    ],
    "obj_class": "vehicle",
    "point_num_in_lidar": 82,
    "speed": 1.0658141036401503e-13,
    "if_vehicle": true,
    "motion_state": false,
    "pose": [
      [
        -0.04929534775390904,
        -0.9989146395596137,
        0.001137343360491991,
        31.202282628079047
      ],
      [
        0.9989146034209069,
        -0.0492965207210971,
        -0.0006976924044971912,
        58.68852079512544
      ],
      [
        0.0007390305053139153,
        0.0010960441541608954,
        0.999999973024907,
        2.6297984345876557
      ],
      [
        0.0,
        0.0,
        0.0,
        1.0
      ]
    ],
    "location": [
      31.202282628079047,
      58.68852079512544,
      2.6297984345876557
    ],
    "rotation": [
      0.0010960437448297839,
      -0.0007390299468021073,
      1.620105236073794
    ]
  },
  {
    "label_id": "CB379cbEIKwW6eAs4wK6mw",
    "size": [
      0.9628501388832853,
      0.8106594422164695,
      1.7300000000000182
    ],
    "obj_class": "pedestrian",
    "point_num_in_lidar": 26,
    "speed": 1.4678162496533813,
    "if_vehicle": false,
    "motion_state": true,
    "pose": [
      [
        0.987130515424327,
        0.16072907003648793,
        0.001137343360491991,
        66.0297313019073
      ],
      [
        -0.16072791545511453,
        0.9871307254240478,
        -0.0006976924044971912,
        -19.70491702614345
      ],
      [
        -0.00122637739162038,
        0.0004934342600359333,
        0.999999973024907,
        1.1804758237138913
      ],
      [
        0.0,
        0.0,
        0.0,
        1.0
      ]
    ],
    "location": [
      66.0297313019073,
      -19.70491702614345,
      1.1804758237138913
    ],
    "rotation": [
      0.0004934342332996795,
      0.0012263766605807179,
      -0.16140693741753095
    ]
  },
  {
    "label_id": "DMyvJcDBgX_UfZY7i4gQUg",
    "size": [
      2.2010175447229883,
      5.031357921109429,
      1.7300000000000182
    ],
    "obj_class": "vehicle",
    "point_num_in_lidar": 6748,
    "speed": 5.709267256288867e-13,
    "if_vehicle": true,
    "motion_state": false,
    "pose": [
      [
        0.9990195972456477,
        -0.04712040699989056,
        0.001137343360491991,
        2.300138491560574
      ],
      [
        0.047121580042979304,
        0.9990195636607955,
        -0.0006976924044971912,
        -3.525991749838795
      ],
      [
        -0.0010976505640288064,
        0.0007366424607243717,
        0.999999973024907,
        0.8516026039973212
      ],
      [
        0.0,
        0.0,
        0.0,
        1.0
      ]
    ],
    "location": [
      2.300138491560574,
      -3.525991749838795,
      0.8516026039973212
    ],
    "rotation": [
      0.0007366423473509961,
      0.0010976498549931438,
      0.04713289041267154
    ]
  },
  {
    "label_id": "FaLjVnzgLbkn0NFfVlonZw",
    "size": [
      3.134141242359212,
      4.451840989787582,
      3.0799999999999272
    ],
    "obj_class": "vehicle",
    "point_num_in_lidar": 21,
    "speed": 8.528363000094291e-13,
    "if_vehicle": true,
    "motion_state": false,
    "pose": [
      [
        -0.047785302172980465,
        -0.9989880146092487,
        0.001137343360491991,
        30.018072397411743
      ],
      [
        0.9989879802436756,
        -0.04778647519345685,
        -0.0006976924044971912,
        17.92153226969822
      ],
      [
        0.0007373728478207467,
        0.0010971600425423516,
        0.999999973024907,
        1.8374335618052555
      ],
      [
        0.0,
        0.0,
        0.0,
        1.0
      ]
    ],
    "location": [
      30.018072397411743,
      17.92153226969822,
      1.8374335618052555
    ],
    "rotation": [
      0.0010971596318994465,
      -0.0007373722902609195,
      1.618593605435179
    ]
  },
  {
    "label_id": "GZswbdmDQZSe88ajnioK_g",
    "size": [
      1.1505740821373591,
      4.713684939172988,
      4.259999999999991
    ],
    "obj_class": "vehicle",
    "point_num_in_lidar": 194,
    "speed": 5.709267256288867e-13,
    "if_vehicle": true,
    "motion_state": false,
    "pose": [
      [
        0.03896225420785267,
        0.9993710177825522,
        0.001137343360491991,
        30.942577984711534
      ],
      [
        -0.9993709937762315,
        0.03896342748604949,
        -0.0006976924044971912,
        40.37617580037113
      ],
      [
        -0.0007276560445235958,
        -0.0011036283597856153,
        0.999999973024907,
        2.8291327359688694
      ],
      [
        0.0,
        0.0,
        0.0,
        1.0
      ]
    ],
    "location": [
      30.942577984711534,
      40.37617580037113,
      2.8291327359688694
    ],
    "rotation": [
      -0.0011036279414849055,
      0.0007276554925846595,
      -1.531829284561685
    ]
  },
  {
    "label_id": "NeHt8l-Xg_tze4fm4Zzhag",
    "size": [
      0.8686749354366594,
      0.8296750162009441,
      1.82000000000005
    ],
    "obj_class": "pedestrian",
    "point_num_in_lidar": 518,
    "speed": 2.9777166713245524e-13,
    "if_vehicle": false,
    "motion_state": false,
    "pose": [
      [
        0.9580389111469757,
        0.28709220324663753,
        0.001137343360491991,
        1.440162976823558
      ],
      [
        -0.2870910855388491,
        0.9580392687603564,
        -0.0006976924044971912,
        10.619807502174808
      ],
      [
        -0.0012799100100804718,
        0.0003306194818074438,
        0.999999973024907,
        1.279870807067141
      ],
      [
        0.0,
        0.0,
        0.0,
        1.0
      ]
    ],
    "location": [
      1.440162976823558,
      10.619807502174808,
      1.279870807067141
    ],
    "rotation": [
      0.00033061947867934685,
      0.0012799092757506756,
      -0.29114976693391015
    ]
  },
  {
    "label_id": "Nx3jDnV5BFvG2rNbAk93sw",
    "size": [
      0.7698546864134831,
      0.8128752011552611,
      1.0900000000000318
    ],
    "obj_class": "sign",
    "point_num_in_lidar": 125,
    "speed": 0.011148010293465743,
    "if_vehicle": false,
    "motion_state": false,
    "pose": [
      [
        -0.003569525892040743,
        1.0001238657894318,
        0.001137343360491991,
        12.088361377718684
      ],
      [
        -1.0001238916964676,
        -0.0035683526542745663,
        -0.0006976924044971912,
        14.602528990510109
      ],
      [
        -0.0006800679598253065,
        -0.0011335724263027299,
        0.999999973024907,
        0.8375411612074686
      ],
      [
        0.0,
        0.0,
        0.0,
        1.0
      ]
    ],
    "location": [
      12.088361377718684,
      14.602528990510109,
      0.8375411612074686
    ],
    "rotation": [
      -0.0011335719713395532,
      0.0006800674363896623,
      -1.5743653953524612
    ]
  },
  {
    "label_id": "OkBzhxzagapiYam_4NK-9A",
    "size": [
      0.9161349937327314,
      0.864239601718528,
      1.8799999999999955
    ],
    "obj_class": "pedestrian",
    "point_num_in_lidar": 115,
    "speed": 0.037578988159334456,
    "if_vehicle": false,
    "motion_state": false,
    "pose": [
      [
        -0.9934524990989918,
        -0.1153803296522386,
        0.001137343360491991,
        29.943787935004366
      ],
      [
        0.11537916666927941,
        -0.9934526560342247,
        -0.0006976924044971912,
        -11.62767846389761
      ],
      [
        0.001202508035874577,
        -0.0005490476293654992,
        0.999999973024907,
        0.929778101461693
      ],
      [
        0.0,
        0.0,
        0.0,
        1.0
      ]
    ],
    "location": [
      29.943787935004366,
      -11.62767846389761,
      0.929778101461693
    ],
    "rotation": [
      -0.0005490475890053761,
      -0.0012025073074439557,
      3.025971056380768
    ]
  },
  {
    "label_id": "WrQ9WB5nz7yw3pLq2Sx4JA",
    "size": [
      1.9338659153476883,
      4.5722265271665545,
      1.5399999999999636
    ],
    "obj_class": "vehicle",
    "point_num_in_lidar": 1738,
    "speed": 8.881784197001252e-14,
    "if_vehicle": true,
    "motion_state": false,
    "pose": [
      [
        0.9997136148307884,
        -0.028864801379016855,
        0.001137343360491991,
        3.9391482354349137
      ],
      [
        0.028865974839855014,
        0.999713602677936,
        -0.0006976924044971912,
        -7.481352559141669
      ],
      [
        -0.0011109226969170894,
        0.0007164702625575389,
        0.999999973024907,
        0.6174325100625992
      ],
      [
        0.0,
        0.0,
        0.0,
        1.0
      ]
    ],
    "location": [
      3.9391482354349137,
      -7.481352559141669,
      0.6174325100625992
    ],
    "rotation": [
      0.0007164701592892793,
      0.0011109219847355008,
      0.028866223642945325
    ]
  },
  {
    "label_id": "YZp0XjCF9MO6a2x7szWEXA",
    "size": [
      1.947368066020453,
      3.8082084000475307,
      1.509999999999991
    ],
    "obj_class": "vehicle",
    "point_num_in_lidar": 40,
    "speed": 1.1390866590859189e-12,
    "if_vehicle": true,
    "motion_state": false,
    "pose": [
      [
        0.9982167928452879,
        -0.061836258929205086,
        0.001137343360491991,
        40.337914366735276
      ],
      [
        0.06183743135004747,
        0.9982167419788055,
        -0.0006976924044971912,
        -7.056325494018893
      ],
      [
        -0.001086676657764849,
        0.0007527368179674951,
        0.999999973024907,
        0.8435879912767632
      ],
      [
        0.0,
        0.0,
        0.0,
        1.0
      ]
    ],
    "location": [
      40.337914366735276,
      -7.056325494018893,
      0.8435879912767632
    ],
    "rotation": [
      0.0007527366961025936,
      0.001086675951476488,
      0.06186883669093845
    ]
  },
  {
    "label_id": "ZyK_iICxQsEYdJLxMFTw7w",
    "size": [
      0.9212612327090931,
      0.9766455606441014,
      1.740000000000009
    ],
    "obj_class": "pedestrian",
    "point_num_in_lidar": 79,
    "speed": 1.5203927702915756,
    "if_vehicle": false,
    "motion_state": true,
    "pose": [
      [
        0.6932991331601533,
        0.7208306322542567,
        0.001137343360491991,
        26.382231626252178
      ],
      [
        -0.7208298345505862,
        0.6932999938731629,
        -0.0006976924044971912,
        -16.250243575837885
      ],
      [
        -0.0012771776863727544,
        -0.0003410220419362247,
        0.999999973024907,
        0.7543523740458795
      ],
      [
        0.0,
        0.0,
        0.0,
        1.0
      ]
    ],
    "location": [
      26.382231626252178,
      -16.250243575837885,
      0.7543523740458795
    ],
    "rotation": [
      -0.00034102203791548923,
      0.0012771769521233618,
      -0.8048640145509609
    ]
  },
  {
    "label_id": "aANSRZ5XPxs8mHhsbxTcGg",
    "size": [
      0.8077633193168862,
      0.8146921552102152,
      1.07000000000005
    ],
    "obj_class": "sign",
    "point_num_in_lidar": 42,
    "speed": 8.533911106286719e-13,
    "if_vehicle": false,
    "motion_state": false,
    "pose": [
      [
        -0.010017585294582054,
        -1.0000800650055761,
        0.001137343360491991,
        32.09865388723665
      ],
      [
        1.0000800749716698,
        -0.010018758776029556,
        -0.0006976924044971912,
        -28.77070060394726
      ],
      [
        0.0006954048956849399,
        0.0011242290276950826,
        0.999999973024907,
        0.3645470060699836
      ],
      [
        0.0,
        0.0,
        0.0,
        1.0
      ]
    ],
    "location": [
      32.09865388723665,
      -28.77070060394726,
      0.3645470060699836
    ],
    "rotation": [
      0.0011242285843873052,
      -0.0006954043628897267,
      1.5808127750015428
    ]
  },
  {
    "label_id": "brLOJzgVMhP_-kdQzIa7ng",
    "size": [
      0.763913366919629,
      0.9683006691135629,
      1.740000000000009
    ],
    "obj_class": "pedestrian",
    "point_num_in_lidar": 51,
    "speed": 2.686592983246976,
    "if_vehicle": false,
    "motion_state": true,
    "pose": [
      [
        0.018463078964566483,
        0.9999598007679308,
        0.001137343360491991,
        33.4827998289893
      ],
      [
        -0.9999598008234132,
        0.018464252488331615,
        -0.0006976924044971912,
        -25.376839416605435
      ],
      [
        -0.0007048744073573611,
        -0.0011183161205613641,
        0.999999973024907,
        0.7636772325546417
      ],
      [
        0.0,
        0.0,
        0.0,
        1.0
      ]
    ],
    "location": [
      33.4827998289893,
      -25.376839416605435,
      0.7636772325546417
    ],
    "rotation": [
      -0.0011183156845281093,
      0.0007048738688646998,
      -1.5523346033545171
    ]
  },
  {
    "label_id": "dWu2dkV959ZVbiXuXYme9A",
    "size": [
      1.9876994670929105,
      4.6193943709231275,
      1.4600000000000364
    ],
    "obj_class": "vehicle",
    "point_num_in_lidar": 4007,
    "speed": 8.881784197001252e-14,
    "if_vehicle": true,
    "motion_state": false,
    "pose": [
      [
        0.9999290129358277,
        0.020061344069451214,
        0.001137343360491991,
        1.6189795424215845
      ],
      [
        -0.020060171418428124,
        0.9999290581863378,
        -0.0006976924044971912,
        3.2232138969848165
      ],
      [
        -0.0011446327885094216,
        0.0006612825834119304,
        0.999999973024907,
        0.756259913149961
      ],
      [
        0.0,
        0.0,
        0.0,
        1.0
      ]
    ],
    "location": [
      1.6189795424215845,
      3.2232138969848165,
      0.756259913149961
    ],
    "rotation": [
      0.0006612825048583279,
      0.0011446320692225678,
      -0.02005890480108933
    ]
  },
  {
    "label_id": "dv8sizFeYUT8pYvd3AJspA",
    "size": [
      0.7534326255224588,
      0.8617267602349281,
      0.7999999999999545
    ],
    "obj_class": "sign",
    "point_num_in_lidar": 50,
    "speed": 1.1370071466249427e-12,
    "if_vehicle": false,
    "motion_state": false,
    "pose": [
      [
        -0.0021551164937929313,
        1.0001279137738281,
        0.001137343360491991,
        11.993942160670485
      ],
      [
        -1.0001279380216093,
        -0.00215394322056123,
        -0.0006976924044971912,
        38.420553210629805
      ],
      [
        -0.0006816704126141914,
        -0.0011326095197468557,
        0.999999973024907,
        1.253988691544805
      ],
      [
        0.0,
        0.0,
        0.0,
        1.0
      ]
    ],
    "location": [
      11.993942160670485,
      38.420553210629805,
      1.253988691544805
    ],
    "rotation": [
      -0.001132609065993974,
      0.0006816698881930831,
      -1.5729511642674103
    ]
  },
  {
    "label_id": "eTLt3z7Tt1__uHa0Pj96uQ",
    "size": [
      0.5969024159007624,
      0.5832202862830158,
      0.9800000000000182
    ],
    "obj_class": "sign",
    "point_num_in_lidar": 100,
    "speed": 2.5585089000282873e-12,
    "if_vehicle": false,
    "motion_state": false,
    "pose": [
      [
        0.9986371604588138,
        -0.05462884025355881,
        0.001137343360491991,
        1.7322238762480993
      ],
      [
        0.054630013011042526,
        0.998637118056988,
        -0.0006976924044971912,
        5.19251733661622
      ],
      [
        -0.0010920821105570196,
        0.0007448728344195016,
        0.999999973024907,
        0.7174058294716588
      ],
      [
        0.0,
        0.0,
        0.0,
        1.0
      ]
    ],
    "location": [
      1.7322238762480993,
      5.19251733661622,
      0.7174058294716588
    ],
    "rotation": [
      0.0007448727167519106,
      0.0010920814028989746,
      0.0546500948918098
    ]
  },
  {
    "label_id": "ifMXmnBpfdQ88ZpSpy5LIA",
    "size": [
      0.24340906766558254,
      0.052982123451976726,
      0.37999999999999545
    ],
    "obj_class": "sign",
    "point_num_in_lidar": 82,
    "speed": 0.0011952194077472428,
    "if_vehicle": false,
    "motion_state": false,
    "pose": [
      [
        -0.6196821541907085,
        0.7850187999113488,
        0.001137343360491991,
        4.966119468610486
      ],
      [
        -0.7850195439518486,
        -0.6196812466876698,
        -0.0006976924044971912,
        4.898195689389468
      ],
      [
        0.0001638859361640747,
        -0.0013117241613931016,
        0.999999973024907,
        0.8075760178195424
      ],
      [
        0.0,
        0.0,
        0.0,
        1.0
      ]
    ],
    "location": [
      4.966119468610486,
      4.898195689389468,
      0.8075760178195424
    ],
    "rotation": [
      -0.0013117234444513036,
      -0.00016388579812510616,
      -2.2390307189242757
    ]
  },
  {
    "label_id": "iwVyTv3GqaEq5Lo6tx5S8A",
    "size": [
      0.8450336275353211,
      1.1945977308094293,
      1.810638297872515
    ],
    "obj_class": "pedestrian",
    "point_num_in_lidar": 103,
    "speed": 1.8387590471370243,
    "if_vehicle": false,
    "motion_state": true,
    "pose": [
      [
        -0.006308816763180248,
        1.0001103375466829,
        0.001137343360491991,
        9.455870364094153
      ],
      [
        -1.0001103666670785,
        -0.006307643600773273,
        -0.0006976924044971912,
        30.204975439110058
      ],
      [
        -0.0006769605937132824,
        -0.0011354308566417293,
        0.999999973024907,
        1.5157458923341665
      ],
      [
        0.0,
        0.0,
        0.0,
        1.0
      ]
    ],
    "location": [
      9.455870364094153,
      30.204975439110058,
      1.5157458923341665
    ],
    "rotation": [
      -0.0011354303993367117,
      0.0006769600721935547,
      -1.5771043636821125
    ]
  },
  {
    "label_id": "jYdxjpZOYqJdSiBQI133Fw",
    "size": [
      0.7741745473973022,
      0.9953737697401499,
      1.009999999999991
    ],
    "obj_class": "sign",
    "point_num_in_lidar": 153,
    "speed": 0.0021236934954794702,
    "if_vehicle": false,
    "motion_state": false,
    "pose": [
      [
        -0.04771415235267431,
        0.9989914154295608,
        0.001137343360491991,
        12.112194780613208
      ],
      [
        -0.9989914931011538,
        -0.04771298140213992,
        -0.0006976924044971912,
        12.647256787491642
      ],
      [
        -0.000629366178463292,
        -0.0011624874575931234,
        0.999999973024907,
        0.756760828619008
      ],
      [
        0.0,
        0.0,
        0.0,
        1.0
      ]
    ],
    "location": [
      12.112194780613208,
      12.647256787491642,
      0.756760828619008
    ],
    "rotation": [
      -0.0011624869652987417,
      0.0006293656870878755,
      -1.6185223783138034
    ]
  },
  {
    "label_id": "k7sk2VXkecnWsXdCfg3Wig",
    "size": [
      2.7717332013356,
      3.9612899707604745,
      3.0399999999999636
    ],
    "obj_class": "vehicle",
    "point_num_in_lidar": 461,
    "speed": 2.864289338439558e-13,
    "if_vehicle": true,
    "motion_state": false,
    "pose": [
      [
        -0.02876818209000902,
        -0.9997163998534424,
        0.001137343360491991,
        30.65387302856834
      ],
      [
        0.9997163878140013,
        -0.02876935555201622,
        -0.0006976924044971912,
        38.02036605204012
      ],
      [
        0.000716362892051686,
        0.0011109919363101422,
        0.999999973024907,
        2.043431136196318
      ],
      [
        0.0,
        0.0,
        0.0,
        1.0
      ]
    ],
    "location": [
      30.65387302856834,
      38.02036605204012,
      2.043431136196318
    ],
    "rotation": [
      0.0011109915091792983,
      -0.0007163623467317756,
      1.5995647311323036
    ]
  },
  {
    "label_id": "kWKrXcZMJ7I5K4Z4z9GdSQ",
    "size": [
      0.775913570802863,
      0.8012255748866434,
      1.75
    ],
    "obj_class": "pedestrian",
    "point_num_in_lidar": 45,
    "speed": 2.9777166713245524e-13,
    "if_vehicle": false,
    "motion_state": false,
    "pose": [
      [
        -0.0016029864485318766,
        -1.000128951121373,
        0.001137343360491991,
        38.10401028279375
      ],
      [
        1.000128970960283,
        -0.0016041598045938746,
        -0.0006976924044971912,
        -10.038530125351826
      ],
      [
        0.0006859215016845497,
        0.0011300400741485331,
        0.999999973024907,
        1.0257852311724491
      ],
      [
        0.0,
        0.0,
        0.0,
        1.0
      ]
    ],
    "location": [
      38.10401028279375,
      -10.038530125351826,
      1.0257852311724491
    ],
    "rotation": [
      0.0011300396236149607,
      -0.000685920974657632,
      1.572399105158927
    ]
  },
  {
    "label_id": "kXyEv2zRlXCiI09I_nYVDA",
    "size": [
      3.3185533712098185,
      9.387806686727028,
      3.2899999999999636
    ],
    "obj_class": "vehicle",
    "point_num_in_lidar": 11487,
    "speed": 6.978354949363429,
    "if_vehicle": true,
    "motion_state": true,
    "pose": [
      [
        0.06360605082101252,
        0.9981055849636582,
        0.001137343360491991,
        18.451427861891716
      ],
      [
        -0.9981055320184943,
        0.06360722314982316,
        -0.0006976924044971912,
        1.3641916303877224
      ],
      [
        -0.000754662367698066,
        -0.0010853403090437385,
        0.999999973024907,
        1.8693139063940407
      ],
      [
        0.0,
        0.0,
        0.0,
        1.0
      ]
    ],
    "location": [
      18.451427861891716,
      1.3641916303877224,
      1.8693139063940407
    ],
    "rotation": [
      -0.0010853399121573742,
      0.0007546618003094878,
      -1.5071556050271442
    ]
  },
  {
    "label_id": "l_YRt8u_3RBr9O-j81IHMg",
    "size": [
      0.857517727941225,
      0.89789620908237,
      1.67999999999995
    ],
    "obj_class": "pedestrian",
    "point_num_in_lidar": 22,
    "speed": 1.4860734207874018,
    "if_vehicle": false,
    "motion_state": true,
    "pose": [
      [
        -0.9973759711501815,
        0.07417317984908041,
        0.001137343360491991,
        67.04769675244643
      ],
      [
        -0.07417435155141312,
        -0.9973759057921344,
        -0.0006976924044971912,
        -15.606386630097404
      ],
      [
        0.001077286991476802,
        -0.0007661146217438179,
        0.999999973024907,
        1.4342332453458084
      ],
      [
        0.0,
        0.0,
        0.0,
        1.0
      ]
    ],
    "location": [
      67.04769675244643,
      -15.606386630097404,
      1.4342332453458084
    ],
    "rotation": [
      -0.0007661144925242419,
      -0.0010772862876430708,
      -3.0673598092886563
    ]
  },
  {
    "label_id": "mOkkhCfy9ezsL1Xpiin0cg",
    "size": [
      1.8978085880561202,
      2.7584207193939223,
      2.3999999999999773
    ],
    "obj_class": "vehicle",
    "point_num_in_lidar": 146,
    "speed": 5.728578676879116e-13,
    "if_vehicle": true,
    "motion_state": false,
    "pose": [
      [
        -6.969502235833758e-05,
        -1.0001302333092903,
        0.001137343360491991,
        30.916699880326632
      ],
      [
        1.0001302549470397,
        -7.086834662666822e-05,
        -0.0006976924044971912,
        47.86143347105099
      ],
      [
        0.000684188240373104,
        0.0011310903268041698,
        0.999999973024907,
        1.9030886220308503
      ],
      [
        0.0,
        0.0,
        0.0,
        1.0
      ]
    ],
    "location": [
      30.916699880326632,
      47.86143347105099,
      1.9030886220308503
    ],
    "rotation": [
      0.00113108987495652,
      -0.000684187714407139,
      1.570866012740203
    ]
  },
  {
    "label_id": "pATADVHYfotd4mWyfa9wVw",
    "size": [
      0.8193768358459239,
      0.8601713234706458,
      1.8600000000000136
    ],
    "obj_class": "pedestrian",
    "point_num_in_lidar": 441,
    "speed": 3.552713678800501e-14,
    "if_vehicle": false,
    "motion_state": false,
    "pose": [
      [
        0.9915601742861495,
        -0.1306480356006629,
        0.001137343360491991,
        9.835008573754749
      ],
      [
        0.13064920170652392,
        0.9915600425471979,
        -0.0006976924044971912,
        7.179779831922133
      ],
      [
        -0.001032079429592131,
        0.0008260090354636519,
        0.999999973024907,
        1.146313211304573
      ],
      [
        0.0,
        0.0,
        0.0,
        1.0
      ]
    ],
    "location": [
      9.835008573754749,
      7.179779831922133,
      1.146313211304573
    ],
    "rotation": [
      0.0008260088698858947,
      0.0010320787388912295,
      0.1310065857302608
    ]
  },
  {
    "label_id": "ra5n9KbC95TVzl8E7bqlfg",
    "size": [
      2.0401341279608145,
      4.496278772972799,
      1.5399999999999636
    ],
    "obj_class": "vehicle",
    "point_num_in_lidar": 46,
    "speed": 4.987514116168283,
    "if_vehicle": true,
    "motion_state": true,
    "pose": [
      [
        -0.021426840969353687,
        0.9999006845296015,
        0.001137343360491991,
        18.88013373648755
      ],
      [
        -0.9999007313814562,
        -0.02142566838121868,
        -0.0006976924044971912,
        64.93948402388014
      ],
      [
        -0.0006597188419018845,
        -0.0011455347769904003,
        0.999999973024907,
        1.8195328293211332
      ],
      [
        0.0,
        0.0,
        0.0,
        1.0
      ]
    ],
    "location": [
      18.88013373648755,
      64.93948402388014,
      1.8195328293211332
    ],
    "rotation": [
      -0.0011455343068156871,
      0.0006597183311308785,
      -1.592222015826175
    ]
  },
  {
    "label_id": "sJlmZW9yFdc8ca--Rhk7mw",
    "size": [
      0.709085298253903,
      0.7666984204106138,
      1.7999999999999545
    ],
    "obj_class": "pedestrian",
    "point_num_in_lidar": 78,
    "speed": 0.005885887344840464,
    "if_vehicle": false,
    "motion_state": false,
    "pose": [
      [
        -0.9666991196300099,
        -0.2564240638927153,
        0.001137343360491991,
        29.609417623085392
      ],
      [
        0.25642293535901983,
        -0.9666994414525215,
        -0.0006976924044971912,
        -13.782569000226431
      ],
      [
        0.001268726994479661,
        -0.00037122862111294225,
        0.999999973024907,
        0.8540406261793123
      ],
      [
        0.0,
        0.0,
        0.0,
        1.0
      ]
    ],
    "location": [
      29.609417623085392,
      -13.782569000226431,
      0.8540406261793123
    ],
    "rotation": [
      -0.00037122861407377846,
      -0.0012687262605392048,
      2.8823075490459624
    ]
  },
  {
    "label_id": "wUzIpjvQhaxEqmH80IfB8g",
    "size": [
      2.416050868377711,
      4.965684745914585,
      2.9600000000000364
    ],
    "obj_class": "vehicle",
    "point_num_in_lidar": 71,
    "speed": 2.5580155270496795e-12,
    "if_vehicle": true,
    "motion_state": false,
    "pose": [
      [
        -0.05673200093518104,
        -0.9985198888888404,
        0.001137343360491991,
        30.826496453606524
      ],
      [
        0.9985198440171029,
        -0.05673317360075899,
        -0.0006976924044971912,
        62.097345816473535
      ],
      [
        0.0007471712734672177,
        0.0010905108728298818,
        0.999999973024907,
        2.2366489461437595
      ],
      [
        0.0,
        0.0,
        0.0,
        1.0
      ]
    ],
    "location": [
      30.826496453606524,
      62.097345816473535,
      2.2366489461437595
    ],
    "rotation": [
      0.0010905104699632025,
      -0.0007471707103097856,
      1.6275514071273351
    ]
  },
  {
    "label_id": "wcj6Uo3otoyeYSL_80w-Rw",
    "size": [
      0.7546345703376928,
      0.6848223165034142,
      0.8700000000000045
    ],
    "obj_class": "sign",
    "point_num_in_lidar": 313,
    "speed": 2.8916994303251375e-13,
    "if_vehicle": false,
    "motion_state": false,
    "pose": [
      [
        0.9979175462193763,
        -0.06649104739880689,
        0.001137343360491991,
        3.686333950045082
      ],
      [
        0.06649221956966866,
        0.9979174898855375,
        -0.0006976924044971912,
        5.087483083036204
      ],
      [
        -0.001083154242649488,
        0.00075779664969253,
        0.999999973024907,
        0.808725045752567
      ],
      [
        0.0,
        0.0,
        0.0,
        1.0
      ]
    ],
    "location": [
      3.686333950045082,
      5.087483083036204,
      0.808725045752567
    ],
    "rotation": [
      0.0007577965250778396,
      0.0010831535372707657,
      0.06653263044702751
    ]
  },
  {
    "label_id": "zW21zQ-BE0degWh8LKLVXw",
    "size": [
      0.8204987048209199,
      1.957660745763718,
      1.1100000000000136
    ],
    "obj_class": "vehicle",
    "point_num_in_lidar": 60,
    "speed": 1.98959896019249e-12,
    "if_vehicle": true,
    "motion_state": false,
    "pose": [
      [
        0.17860627340077254,
        -0.9840529902086473,
        0.001137343360491991,
        38.0250284414833
      ],
      [
        0.9840532211145325,
        0.1786051228180928,
        -0.0006976924044971912,
        -7.109390615813027
      ],
      [
        0.00047111021933953976,
        0.0012351251098122237,
        0.999999973024907,
        0.61638710545094
      ],
      [
        0.0,
        0.0,
        0.0,
        1.0
      ]
    ],
    "location": [
      38.0250284414833,
      -7.109390615813027,
      0.61638710545094
    ],
    "rotation": [
      0.0012351245150552317,
      -0.00047110983784741443,
      1.391250240418286
    ]
  }
]