[
  {
    "label_id": "-ItvfksmEcYtVEcOjjRESg",
    "size": [
      2.9608186156918923,
      8.028851501939148,
      3.3508914890802544
    ],
    "obj_class": "vehicle",
    "point_num_in_lidar": 2463,
    "speed": 6.6179250388542545,
    "if_vehicle": true,
    "motion_state": true,
    "pose": [
      [
        0.018556000854300838,
        0.9999583246132626,
        0.0008976945712492079,
        17.72839531685895
      ],
      [
        -0.9999570235238859,
        0.018557798068171465,
        -0.001605581999147254,
        17.53946347926285
      ],
      [
        -0.0016081482984943822,
        -0.0008618309403000757,
        0.999999182317251,
        2.1091634711710867
      ],
      [
        0.0,
        0.0,
        0.0,
        1.0
      ]
    ],
    "location": [
      17.72839531685895,
      17.53946347926285,
      2.1091634711710867
    ],
    "rotation": [
      -0.0008618314316288008,
      0.0016081476299222115,
      -1.5522416580354572
    ]
  },
  {
    "label_id": "-r18nvGJT_LauvErk1VSrg",
    "size": [
      0.7208473821763779,
      2.0829883357271277,
      1.9099999999999682
    ],
    "obj_class": "vehicle",
    "point_num_in_lidar": 50,
    "speed": 3.3836271200372086e-28,
    "if_vehicle": true,
    "motion_state": false,
    "pose": [
      [
        -0.0009737106238736153,
        1.000130005558622,
        0.0008976945712492079,
        31.485288678175493
      ],
      [
        -1.0001287398114957,
        -0.0009718883463217864,
        -0.001605581999147254,
        49.96603182844956
      ],
      [
        -0.0015910127114492807,
        -0.0008930689064208283,
        0.999999182317251,
        1.8258470886512441
      ],
      [
        0.0,
        0.0,
        0.0,
        1.0
      ]
    ],
    "location": [
      31.485288678175493,
      49.96603182844956,
      1.8258470886512441
    ],
    "rotation": [
      -0.0008930693992390557,
      0.001591012035464648,
      -1.5717699117719741
    ]
  },
  {
    "label_id": "0VCoeT-jjrIfzTCsOWz20A",
    "size": [
      0.754432963161888,
      1.043993850799436,
      0.9800000000000182
    ],
    "obj_class": "sign",
    "point_num_in_lidar": 180,
    "speed": 5.687116766346677e-13,
    "if_vehicle": false,
    "motion_state": false,
    "pose": [
      [
        -0.10287719207186415,
        0.9948252406741984,
        0.0008976945712492079,
        11.692034577410595
      ],
      [
        -0.9948241671966462,
        -0.10287525030534685,
        -0.001605581999147254,
        11.077785658495486
      ],
      [
        -0.0014917321680383603,
        -0.001050537318922297,
        0.999999182317251,
        0.7167127426125717
      ],
      [
        0.0,
        0.0,
        0.0,
        1.0
      ]
    ],
    "location": [
      11.692034577410595,
      11.077785658495486,
      0.7167127426125717
    ],
    "rotation": [
      -0.0010505377914608528,
      0.0014917314581433634,
      -1.6738424763483188
    ]
  },
  {
    "label_id": "0_HBXNo3olLueqYvkPohlg",
    "size": [
      1.7479682991906937,
      3.9316593479287927,
      1.7000000000000455
    ],
    "obj_class": "vehicle",
    "point_num_in_lidar": 54,
    "speed": 1.7763568394002505e-14,
    "if_vehicle": true,
    "motion_state": false,
    "pose": [
      [
        0.999886398511237,
        -0.02209448354896797,
        0.0008976945712492079,
        56.57756348679504
      ],
      [
        0.02209627614736014,
        0.9998850910701229,
        -0.001605581999147254,
        -6.0365916970313265
      ],
      [
        -0.000856134715110061,
        0.0016111880303652647,
        0.999999182317251,
        1.0278955624406763
      ],
      [
        0.0,
        0.0,
        0.0,
        1.0
      ]
    ],
    "location": [
      56.57756348679504,
      -6.0365916970313265,
      1.0278955624406763
    ],
    "rotation": [
      0.0016111879536303182,
      0.000856134094752765,
      0.022095190295063304
    ]
  },
  {
    "label_id": "1nDCER_bA9py1ZPpNXecog",
    "size": [
      0.7354650318024742,
      0.47864826564817664,
      0.8600000000000136
    ],
    "obj_class": "sign",
    "point_num_in_lidar": 302,
    "speed": 0.003579672493689763,
    "if_vehicle": false,
    "motion_state": false,
    "pose": [
      [
        1.0001207503354335,
        0.004411448691506409,
        0.0008976945712492079,
        -0.7284304836266529
      ],
      [
        -0.004409622073971103,
        1.000119490859494,
        -0.001605581999147254,
        5.119788288233394
      ],
      [
        -0.0008985324137399457,
        0.0015879335694756092,
        0.999999182317251,
        0.839348508277908
      ],
      [
        0.0,
        0.0,
        0.0,
        1.0
      ]
    ],
    "location": [
      -0.7284304836266529,
      5.119788288233394,
      0.839348508277908
    ],
    "rotation": [
      0.0015879335332256589,
      0.0008985317738020342,
      -0.004409061104240589
    ]
  },
  {
    "label_id": "2-A6zakvKX2opVnyx9gplQ",
    "size": [
      0.7707275497543615,
      1.107612320671707,
      1.7999999999999545
    ],
    "obj_class": "pedestrian",
    "point_num_in_lidar": 83,
    "speed": 1.7324823466699795,
    "if_vehicle": false,
    "motion_state": true,
    "pose": [
      [
        -0.023872548154536804,
        -0.9998455268568627,
        0.0008976945712492079,
        31.62363153435217
      ],
      [
        0.9998442162300353,
        -0.02387433842507008,
        -0.001605581999147254,
        -2.2181825886364095
      ],
      [
        0.0016127079484860999,
        0.0008532681832218047,
        0.999999182317251,
        1.0088254527769323
      ],
      [
        0.0,
        0.0,
        0.0,
        1.0
      ]
    ],
    "location": [
      31.62363153435217,
      -2.2181825886364095,
      1.0088254527769323
    ],
    "rotation": [
      0.0008532686738459451,
      -0.0016127072819656632,
      1.5946680589386995
    ]
  },
  {
    "label_id": "2SYmRAjI0pCOwp2XYemMBQ",
    "size": [
      0.9588610015812895,
      0.6083173834498694,
      1.67999999999995
    ],
    "obj_class": "pedestrian",
    "point_num_in_lidar": 328,
    "speed": 0.002489543101186693,
    "if_vehicle": false,
    "motion_state": false,
    "pose": [
      [
        0.9978339046918737,
        0.06773828148422877,
        0.0008976945712492079,
        11.797275996394092
      ],
      [
        -0.06773637877300019,
        0.9978327634201078,
        -0.001605581999147254,
        7.224136919958255
      ],
      [
        -0.000997289569905119,
        0.0015278439165593272,
        0.999999182317251,
        0.8911426628854997
      ],
      [
        0.0,
        0.0,
        0.0,
        1.0
      ]
    ],
    "location": [
      11.797275996394092,
      7.224136919958255,
      0.8911426628854997
    ],
    "rotation": [
      0.0015278439770317778,
      0.0009972888907517174,
      -0.06777943556142307
    ]
  },
  {
    "label_id": "3mqY30kFisxCydiO2pKjPA",
    "size": [
      0.8321203191381641,
      1.0700067716390604,
      1.7200000000000273
    ],
    "obj_class": "pedestrian",
    "point_num_in_lidar": 64,
    "speed": 1.6282329244741998,
    "if_vehicle": false,
    "motion_state": true,
    "pose": [
      [
        0.13396340634297735,
        0.9911179454999562,
        0.0008976945712492079,
        32.92572795204978
      ],
      [
        -0.9911164454798923,
        0.13396504119803826,
        -0.001605581999147254,
        -1.372878440281056
      ],
      [
        -0.0016969518284202043,
        -0.0006702596598559492,
        0.999999182317251,
        0.9554117728637266
      ],
      [
        0.0,
        0.0,
        0.0,
        1.0
      ]
    ],
    "location": [
      32.92572795204978,
      -1.372878440281056,
      0.9554117728637266
    ],
    "rotation": [
      -0.0006702601075449995,
      0.0016969512059393304,
      -1.436446395949969
    ]
  },
  {
    "label_id": "4BPsEUa8pjB_nYeEbm-YSA",
    "size": [
      0.8876985042487272,
      1.0727947770953707,
      1.7511702127660556
    ],
    "obj_class": "pedestrian",
    "point_num_in_lidar": 176,
    "speed": 1.1935386549380351,
    "if_vehicle": false,
    "motion_state": true,
    "pose": [
      [
        0.12989251280819147,
        0.9916596751141199,
        0.0008976945712492079,
        8.911837175324763
      ],
      [
        -0.9916581818198026,
        0.12989415380890595,
        -0.001605581999147254,
        22.552548126161128
      ],
      [
        -0.0016941852777480604,
        -0.000677222093755519,
        0.999999182317251,
        1.3285582863659329
      ],
      [
        0.0,
        0.0,
        0.0,
        1.0
      ]
    ],
    "location": [
      8.911837175324763,
      22.552548126161128,
      1.3285582863659329
    ],
    "rotation": [
      -0.0006772225439771665,
      0.0016941846536329497,
      -1.4405526504190238
    ]
  },
  {
    "label_id": "8k1Wkk08druqr8A5YTrqFQ",
    "size": [
      2.1684109006720287,
      4.238163060626746,
      1.7100000000000364
    ],
    "obj_class": "vehicle",
    "point_num_in_lidar": 242,
    "speed": 8.543149943144391e-13,
    "if_vehicle": true,
    "motion_state": false,
    "pose": [
      [
        1.0000422632627368,
        -0.013283366268042487,
        0.0008976945712492079,
        38.78092836592805
      ],
      [
        0.013285170317050479,
        1.000040971667429,
        -0.001605581999147254,
        2.434997890553859
      ],
      [
        -0.0008702980775640974,
        0.0016035818581529048,
        0.999999182317251,
        0.9699979189847454
      ],
      [
        0.0,
        0.0,
        0.0,
        1.0
      ]
    ],
    "location": [
      38.78092836592805,
      2.434997890553859,
      0.9699979189847454
    ],
    "rotation": [
      0.0016035817948505148,
      0.0008702974504907562,
      0.013283827455931253
    ]
  },
  {
    "label_id": "A4kzX4tBck4XcFuUOPA6Lg",
    "size": [
      0.7530091452417097,
      1.132073132049114,
      1.8246200607903802
    ],
    "obj_class": "pedestrian",
    "point_num_in_lidar": 144,
    "speed": 2.864289338439558e-13,
    "if_vehicle": false,
    "motion_state": false,
    "pose": [
      [
        0.7607433667510559,
        -0.6492538071319539,
        0.0008976945712492079,
        14.800834179432059
      ],
      [
        0.6492543694633942,
        0.7607412204531702,
        -0.001605581999147254,
        -10.80002750976928
      ],
      [
        0.0003552711809043776,
        0.0017896021646242198,
        0.999999182317251,
        0.7514013680209928
      ],
      [
        0.0,
        0.0,
        0.0,
        1.0
      ]
    ],
    "location": [
      14.800834179432059,
      -10.80002750976928,
      0.7514013680209928
    ],
    "rotation": [
      0.001789601717445973,
      -0.0003552708875473523,
      0.7064919958998239
    ]
  },
  {
    "label_id": "AWjsPzPKZ7MTv8Ta3AXBbQ",
    "size": [
      2.1060783521372155,
      4.515543669845269,
      1.4600000000000364
    ],
    "obj_class": "vehicle",
    "point_num_in_lidar": 93,
    "speed": 2.847716647714797e-13,
    "if_vehicle": true,
    "motion_state": false,
    "pose": [
      [
        0.9962605837691136,
        -0.08789667433465755,
        0.0008976945712492079,
        44.89225538834762
      ],
      [
        0.08789837693638629,
        0.9962591611101187,
        -0.001605581999147254,
        -6.917366334489998
      ],
      [
        -0.0007481670322706182,
        0.0016640731989405577,
        0.999999182317251,
        0.8343099876821043
      ],
      [
        0.0,
        0.0,
        0.0,
        1.0
      ]
    ],
    "location": [
      44.89225538834762,
      -6.917366334489998,
      0.8343099876821043
    ],
    "rotation": [
      0.0016640730236073984,
      0.0007481664685483328,
      0.08800043271398995
    ]
  },
  {
    "label_id": "Aof9zDLMpOMBf2RZkTgB1g",
    "size": [
      0.6466332595231478,
      2.732983268659154,
      3.449999999999932
    ],
    "obj_class": "vehicle",
    "point_num_in_lidar": 109,
    "speed": 1.0658141036401503e-13,
    "if_vehicle": true,
    "motion_state": false,
    "pose": [
      [
        -0.049300761484363825,
        -0.9989146164953889,
        0.0008976945712492079,
        31.202282628079047
      ],
      [
        0.9989132607484921,
        -0.04930251783330825,
        -0.001605581999147254,
        58.68852079512362
      ],
      [
        0.0016338930333597715,
        0.000811964946994197,
        0.999999182317251,
        2.6297984345876557
      ],
      [
        0.0,
        0.0,
        0.0,
        1.0
      ]
    ],
    "location": [
      31.202282628079047,
      58.68852079512362,
      2.6297984345876557
    ],
    "rotation": [
      0.000811965432484771,
      -0.0016338923768134195,
      1.6201107086964275
    ]
  },
  {
    "label_id": "CB379cbEIKwW6eAs4wK6mw",
    "size": [
      0.9628501388820738,
      0.8106594422164695,
      1.7300000000000182
    ],
    "obj_class": "pedestrian",
    "point_num_in_lidar": 20,
    "speed": 1.5129742687781131,
    "if_vehicle": false,
    "motion_state": true,
    "pose": [
      [
        0.9865714258108563,
        0.16412738316503442,
        0.0008976945712492079,
        64.67172659556127
      ],
      [
        -0.164125378801365,
        0.9865704743185847,
        -0.001605581999147254,
        -19.559805564151247
      ],
      [
        -0.0011406701636047004,
        0.0014239961718596427,
        0.999999182317251,
        1.1772981603775179
      ],
      [
        0.0,
        0.0,
        0.0,
        1.0
      ]
    ],
    "location": [
      64.67172659556127,
      -19.559805564151247,
      1.1772981603775179
    ],
    "rotation": [
      0.001423996373726597,
      0.001140669445086348,
      -0.16484964941745933
    ]
  },
  {
    "label_id": "DMyvJcDBgX_UfZY7i4gQUg",
    "size": [
      2.201017544722988,
      5.031357921109429,
      1.7300000000000182
    ],
    "obj_class": "vehicle",
    "point_num_in_lidar": 6997,
    "speed": 5.709267256288867e-13,
    "if_vehicle": true,
    "motion_state": false,
    "pose": [
      [
        0.9990195859681807,
        -0.0471258207677385,
        0.0008976945712492079,
        2.300133143977291
      ],
      [
        0.04712758006423458,
        0.999018234048397,
        -0.001605581999147254,
        -3.5260121696246642
      ],
      [
        -0.0008155203131716916,
        0.0016321213614229892,
        0.999999182317251,
        0.8529594445207067
      ],
      [
        0.0,
        0.0,
        0.0,
        1.0
      ]
    ],
    "location": [
      2.300133143977291,
      -3.5260121696246642,
      0.8529594445207067
    ],
    "rotation": [
      0.0016321212467544062,
      0.0008155197130156509,
      0.04713888351947696
    ]
  },
  {
    "label_id": "NeHt8l-Xg_tze4fm4Zzhag",
    "size": [
      0.8686749354366597,
      0.8296750162009441,
      1.82000000000005
    ],
    "obj_class": "pedestrian",
    "point_num_in_lidar": 521,
    "speed": 2.9777166713245524e-13,
    "if_vehicle": false,
    "motion_state": false,
    "pose": [
      [
        0.9580406971621026,
        0.28708709255593573,
        0.0008976945712492079,
        1.440144940499522
      ],
      [
        -0.2870849843075714,
        0.9580400057142759,
        -0.001605581999147254,
        10.619738630326538
      ],
      [
        -0.0013109495232996983,
        0.0012689778827738398,
        0.999999182317251,
        1.284447158169769
      ],
      [
        0.0,
        0.0,
        0.0,
        1.0
      ]
    ],
    "location": [
      1.440144940499522,
      10.619738630326538,
      1.284447158169769
    ],
    "rotation": [
      0.001268978239247912,
      0.0013109487887322927,
      -0.29114341061932825
    ]
  },
  {
    "label_id": "Nx3jDnV5BFvG2rNbAk93sw",
    "size": [
      0.7698546864134815,
      0.8128752011552611,
      1.0900000000000318
    ],
    "obj_class": "sign",
    "point_num_in_lidar": 112,
    "speed": 0.01114801029111902,
    "if_vehicle": false,
    "motion_state": false,
    "pose": [
      [
        -0.0035641185094078365,
        1.0001241288911686,
        0.0008976945712492079,
        12.098057801853429
      ],
      [
        -1.0001228678681227,
        -0.003562292959589097,
        -0.001605581999147254,
        14.599939983772856
      ],
      [
        -0.0015886942598609024,
        -0.000897186752183681,
        0.999999182317251,
        0.8375405072495141
      ],
      [
        0.0,
        0.0,
        0.0,
        1.0
      ]
    ],
    "location": [
      12.098057801853429,
      14.599939983772856,
      0.8375405072495141
    ],
    "rotation": [
      -0.0008971872450695517,
      0.001588693582909352,
      -1.5743599923565417
    ]
  },
  {
    "label_id": "OkBzhxzagapiYam_4NK-9A",
    "size": [
      0.9161349937338942,
      0.864239601718528,
      1.8799999999999955
    ],
    "obj_class": "pedestrian",
    "point_num_in_lidar": 124,
    "speed": 0.23315352745154616,
    "if_vehicle": false,
    "motion_state": false,
    "pose": [
      [
        -0.9667008517086023,
        -0.25641848497511033,
        0.0008976945712492079,
        29.98518593436347
      ],
      [
        0.2564163998263001,
        -0.9667000934436738,
        -0.001605581999147254,
        -11.735249510489666
      ],
      [
        0.0012698547949321565,
        -0.0013101001180813243,
        0.999999182317251,
        0.9319866992369725
      ],
      [
        0.0,
        0.0,
        0.0,
        1.0
      ]
    ],
    "location": [
      29.98518593436347,
      -11.735249510489666,
      0.9319866992369725
    ],
    "rotation": [
      -0.001310100439791907,
      -0.0012698540609452187,
      2.8823143093273127
    ]
  },
  {
    "label_id": "WrQ9WB5nz7yw3pLq2Sx4JA",
    "size": [
      1.933865915347688,
      4.5722265271665545,
      1.5399999999999636
    ],
    "obj_class": "vehicle",
    "point_num_in_lidar": 1337,
    "speed": 8.881784197001252e-14,
    "if_vehicle": true,
    "motion_state": false,
    "pose": [
      [
        0.9997137024412031,
        -0.028870214449670716,
        0.0008976945712492079,
        3.9391482354330947
      ],
      [
        0.028871998146358165,
        0.9997123828816593,
        -0.001605581999147254,
        -7.481352559143488
      ],
      [
        -0.0008451960202451806,
        0.0016169530626986637,
        0.999999182317251,
        0.6174325100625992
      ],
      [
        0.0,
        0.0,
        0.0,
        1.0
      ]
    ],
    "location": [
      3.9391482354330947,
      -7.481352559143488,
      0.6174325100625992
    ],
    "rotation": [
      0.0016169529756584757,
      0.0008451954051925304,
      0.028872241126037014
    ]
  },
  {
    "label_id": "X8OBaKk4dxIT8dFfdO_PYQ",
    "size": [
      2.1633729765809924,
      5.267996842103457,
      2.6200000000000045
    ],
    "obj_class": "vehicle",
    "point_num_in_lidar": 28,
    "speed": 5.728578676879116e-13,
    "if_vehicle": true,
    "motion_state": false,
    "pose": [
      [
        0.9994503713794238,
        0.03687724610921399,
        0.0008976945712492079,
        79.206483001788
      ],
      [
        -0.036875379566608725,
        0.9994491718670374,
        -0.001605581999147254,
        2.1854113936060457
      ],
      [
        -0.0009496097934454105,
        0.001557926429521451,
        0.999999182317251,
        1.8009151940415222
      ],
      [
        0.0,
        0.0,
        0.0,
        1.0
      ]
    ],
    "location": [
      79.206483001788,
      2.1854113936060457,
      1.8009151940415222
    ],
    "rotation": [
      0.0015579264429783383,
      0.0009496091320702373,
      -0.03687893024530498
    ]
  },
  {
    "label_id": "YTw2k0_-8UqolJn4WQRc2g",
    "size": [
      0.7131402618205189,
      0.9424020280400371,
      1.5199999999999818
    ],
    "obj_class": "pedestrian",
    "point_num_in_lidar": 21,
    "speed": 1.4260283937742593,
    "if_vehicle": false,
    "motion_state": true,
    "pose": [
      [
        -0.030441817487522584,
        0.9996670805218728,
        0.0008976945712492079,
        32.76693650462403
      ],
      [
        -0.9996658690171666,
        -0.030439958706306364,
        -0.001605581999147254,
        5.807257492951976
      ],
      [
        -0.001564007921374267,
        -0.0009395598658347592,
        0.999999182317251,
        1.1002987816510768
      ],
      [
        0.0,
        0.0,
        0.0,
        1.0
      ]
    ],
    "location": [
      32.76693650462403,
      5.807257492951976,
      1.1002987816510768
    ],
    "rotation": [
      -0.0009395603576241367,
      0.001564007234654267,
      -1.601238911517537
    ]
  },
  {
    "label_id": "YZp0XjCF9MO6a2x7szWEXA",
    "size": [
      1.9473680660204538,
      3.8082084000475307,
      1.509999999999991
    ],
    "obj_class": "vehicle",
    "point_num_in_lidar": 113,
    "speed": 1.1390866590859189e-12,
    "if_vehicle": true,
    "motion_state": false,
    "pose": [
      [
        0.998216701794931,
        -0.061841671943096796,
        0.0008976945712492079,
        40.33791436672982
      ],
      [
        0.061843411127483996,
        0.9982153240979651,
        -0.001605581999147254,
        -7.056325494018893
      ],
      [
        -0.000791381785578737,
        0.001643961188429671,
        0.999999182317251,
        0.8435879912767632
      ],
      [
        0.0,
        0.0,
        0.0,
        1.0
      ]
    ],
    "location": [
      40.33791436672982,
      -7.056325494018893,
      0.8435879912767632
    ],
    "rotation": [
      0.0016439610516738093,
      0.0007913811980706296,
      0.06187480987703534
    ]
  },
  {
    "label_id": "Yyu039jUMIJ4gI_2-mTkSg",
    "size": [
      1.0952675293712126,
      1.1481994723012645,
      1.759999999999991
    ],
    "obj_class": "pedestrian",
    "point_num_in_lidar": 61,
    "speed": 1.5120265581268584,
    "if_vehicle": false,
    "motion_state": true,
    "pose": [
      [
        -0.0012086147920803425,
        -1.000129749273239,
        0.0008976945712492079,
        33.72902235721449
      ],
      [
        1.0001284795528451,
        -0.001210434303383833,
        -0.001605581999147254,
        3.44081234314217
      ],
      [
        0.0015929576353626673,
        0.0008895951278804642,
        0.999999182317251,
        0.932728378014076
      ],
      [
        0.0,
        0.0,
        0.0,
        1.0
      ]
    ],
    "location": [
      33.72902235721449,
      3.44081234314217,
      0.932728378014076
    ],
    "rotation": [
      0.0008895956206180711,
      -0.0015929569601957673,
      1.5720047857363697
    ]
  },
  {
    "label_id": "ZyK_iICxQsEYdJLxMFTw7w",
    "size": [
      0.9212612327118574,
      0.9766455606441014,
      1.740000000000009
    ],
    "obj_class": "pedestrian",
    "point_num_in_lidar": 95,
    "speed": 1.6483689421649037,
    "if_vehicle": false,
    "motion_state": true,
    "pose": [
      [
        0.7707120275372337,
        0.6373883798285895,
        0.0008976945712492079,
        25.330974268923455
      ],
      [
        -0.637386168713347,
        0.7707122113323555,
        -0.001605581999147254,
        -15.295388110253043
      ],
      [
        -0.001701529514592174,
        0.0006585520712750085,
        0.999999182317251,
        0.7635372319610951
      ],
      [
        0.0,
        0.0,
        0.0,
        1.0
      ]
    ],
    "location": [
      25.330974268923455,
      -15.295388110253043,
      0.7635372319610951
    ],
    "rotation": [
      0.0006585525145592432,
      0.0017015288948439339,
      -0.6909945521180516
    ]
  },
  {
    "label_id": "aANSRZ5XPxs8mHhsbxTcGg",
    "size": [
      0.8077633193168836,
      0.8146921552102152,
      1.07000000000005
    ],
    "obj_class": "sign",
    "point_num_in_lidar": 45,
    "speed": 8.533911106286719e-13,
    "if_vehicle": false,
    "motion_state": false,
    "pose": [
      [
        -0.010022995752472124,
        -1.0000802546232046,
        0.0008976945712492079,
        32.09864762779034
      ],
      [
        1.000078968916253,
        -0.010024804002702902,
        -0.001605581999147254,
        -28.770724505682665
      ],
      [
        0.0016007360233280016,
        0.0008755213893611861,
        0.999999182317251,
        0.3661352127688815
      ],
      [
        0.0,
        0.0,
        0.0,
        1.0
      ]
    ],
    "location": [
      32.09864762779034,
      -28.770724505682665,
      0.3661352127688815
    ],
    "rotation": [
      0.0008755218815533437,
      -0.0016007353514917943,
      1.5808181955662792
    ]
  },
  {
    "label_id": "brLOJzgVMhP_-kdQzIa7ng",
    "size": [
      0.7639133669193967,
      0.9683006691135629,
      1.740000000000009
    ],
    "obj_class": "pedestrian",
    "point_num_in_lidar": 42,
    "speed": 2.7260026542788993,
    "if_vehicle": false,
    "motion_state": true,
    "pose": [
      [
        0.017388327261737304,
        0.9999793108890337,
        0.0008976945712492079,
        33.446294012439466
      ],
      [
        -0.999978011899168,
        0.017390125993677077,
        -0.001605581999147254,
        -23.01822907499627
      ],
      [
        -0.0016071408338341165,
        -0.0008637082029434863,
        0.999999182317251,
        0.7989880841308832
      ],
      [
        0.0,
        0.0,
        0.0,
        1.0
      ]
    ],
    "location": [
      33.446294012439466,
      -23.01822907499627,
      0.7989880841308832
    ],
    "rotation": [
      -0.0008637086944098345,
      0.0016071401648131238,
      -1.55340936946251
    ]
  },
  {
    "label_id": "dWu2dkV959ZVbiXuXYme9A",
    "size": [
      1.9876994670929105,
      4.6193943709231275,
      1.4600000000000364
    ],
    "obj_class": "vehicle",
    "point_num_in_lidar": 4119,
    "speed": 8.881784197001252e-14,
    "if_vehicle": true,
    "motion_state": false,
    "pose": [
      [
        0.9999293651709402,
        0.020055941760693093,
        0.0008976945712492079,
        1.6189795424197655
      ],
      [
        -0.020054095664501996,
        0.9999281344231532,
        -0.001605581999147254,
        3.2232138969848165
      ],
      [
        -0.000923262741403165,
        0.001573683395713889,
        0.999999182317251,
        0.756259913149961
      ],
      [
        0.0,
        0.0,
        0.0,
        1.0
      ]
    ],
    "location": [
      1.6189795424197655,
      3.2232138969848165,
      0.756259913149961
    ],
    "rotation": [
      0.0015736833834225968,
      0.0009232620907849326,
      -0.02005282399765995
    ]
  },
  {
    "label_id": "dv8sizFeYUT8pYvd3AJspA",
    "size": [
      0.7534326255224592,
      0.8617267602349281,
      0.7999999999999545
    ],
    "obj_class": "sign",
    "point_num_in_lidar": 47,
    "speed": 1.276642266014528e-28,
    "if_vehicle": false,
    "motion_state": false,
    "pose": [
      [
        -0.0021497087444746123,
        1.0001281692280155,
        0.0008976945712492079,
        11.993942160668666
      ],
      [
        -1.0001269056244821,
        -0.002147884979859025,
        -0.001605581999147254,
        38.420553210631624
      ],
      [
        -0.0015899615001346106,
        -0.0008949390748529141,
        0.999999182317251,
        1.253988691544805
      ],
      [
        0.0,
        0.0,
        0.0,
        1.0
      ]
    ],
    "location": [
      11.993942160668666,
      38.420553210631624,
      1.253988691544805
    ],
    "rotation": [
      -0.000894939567705625,
      0.0015899608237105079,
      -1.5729457594536813
    ]
  },
  {
    "label_id": "eTLt3z7Tt1__uHa0Pj96uQ",
    "size": [
      0.5969024159007624,
      0.5832202862830158,
      0.9800000000000182
    ],
    "obj_class": "sign",
    "point_num_in_lidar": 73,
    "speed": 2.5585089000282873e-12,
    "if_vehicle": false,
    "motion_state": false,
    "pose": [
      [
        0.9986371084856448,
        -0.054634253783671184,
        0.0008976945712492079,
        1.7322238762462803
      ],
      [
        0.05463600286789731,
        0.9986357433791901,
        -0.001605581999147254,
        5.192517336619858
      ],
      [
        -0.0008032283957604842,
        0.001638205623190484,
        0.999999182317251,
        0.7174058294716588
      ],
      [
        0.0,
        0.0,
        0.0,
        1.0
      ]
    ],
    "location": [
      1.7322238762462803,
      5.192517336619858,
      0.7174058294716588
    ],
    "rotation": [
      0.0016382054972290323,
      0.0008032278019865817,
      0.05465607786383674
    ]
  },
  {
    "label_id": "hVOvDRfPPYheooNcglGZfw",
    "size": [
      1.9687754390427912,
      4.426137945390364,
      1.5
    ],
    "obj_class": "vehicle",
    "point_num_in_lidar": 51,
    "speed": 1.422084321207637e-12,
    "if_vehicle": true,
    "motion_state": false,
    "pose": [
      [
        0.9946344209306328,
        -0.10470599233593539,
        0.0008976945712492079,
        51.00903801028653
      ],
      [
        0.10470767067335743,
        0.9946329697260434,
        -0.001605581999147254,
        -6.6161286284077505
      ],
      [
        -0.0007199625152485006,
        0.001676468757909294,
        0.999999182317251,
        0.8471909505225312
      ],
      [
        0.0,
        0.0,
        0.0,
        1.0
      ]
    ],
    "location": [
      51.00903801028653,
      -6.6161286284077505,
      0.8471909505225312
    ],
    "rotation": [
      0.0016764685581304366,
      0.0007199619678088282,
      0.10488619693860161
    ]
  },
  {
    "label_id": "iYoNqzfcHozgqJVHl7Yxnw",
    "size": [
      1.9729673738194622,
      3.9732415768768115,
      1.57000000000005
    ],
    "obj_class": "vehicle",
    "point_num_in_lidar": 26,
    "speed": 1.7763568394002505e-14,
    "if_vehicle": true,
    "motion_state": false,
    "pose": [
      [
        0.9993663184549104,
        0.03908884327972055,
        0.0008976945712492079,
        50.24420807833667
      ],
      [
        -0.03908697408728008,
        0.99936512307594,
        -0.001605581999147254,
        2.4158450695213105
      ],
      [
        -0.0009530550095706263,
        0.001555821219916099,
        0.999999182317251,
        0.9645283534493956
      ],
      [
        0.0,
        0.0,
        0.0,
        1.0
      ]
    ],
    "location": [
      50.24420807833667,
      2.4158450695213105,
      0.9645283534493956
    ],
    "rotation": [
      0.0015558212367543175,
      0.0009530543468371871,
      -0.03909183329949221
    ]
  },
  {
    "label_id": "ifMXmnBpfdQ88ZpSpy5LIA",
    "size": [
      0.2434090676655823,
      0.052982123451976726,
      0.37999999999999545
    ],
    "obj_class": "sign",
    "point_num_in_lidar": 58,
    "speed": 0.001195219389271886,
    "if_vehicle": false,
    "motion_state": false,
    "pose": [
      [
        -0.6196780601957339,
        0.7850223422572892,
        0.0008976945712492079,
        4.965357283526828
      ],
      [
        -0.7850224756690871,
        -0.6196758454694405,
        -0.001605581999147254,
        4.898955161281265
      ],
      [
        -0.0006971164590292523,
        -0.0016860967238445717,
        0.999999182317251,
        0.8075844265354135
      ],
      [
        0.0,
        0.0,
        0.0,
        1.0
      ]
    ],
    "location": [
      4.965357283526828,
      4.898955161281265,
      0.8075844265354135
    ],
    "rotation": [
      -0.0016860965047227946,
      0.0006971159251996144,
      -2.239025689640115
    ]
  },
  {
    "label_id": "iwVyTv3GqaEq5Lo6tx5S8A",
    "size": [
      0.8450336275335577,
      1.1945977308094293,
      1.810638297872515
    ],
    "obj_class": "pedestrian",
    "point_num_in_lidar": 27,
    "speed": 1.8387590625201957,
    "if_vehicle": false,
    "motion_state": true,
    "pose": [
      [
        -0.006303410123553048,
        1.0001106154580515,
        0.0008976945712492079,
        9.466400980134495
      ],
      [
        -1.0001093594398527,
        -0.006301581126683858,
        -0.001605581999147254,
        31.860870236390838
      ],
      [
        -0.001586230937602521,
        -0.0009015347648324558,
        0.999999182317251,
        1.4906831754238965
      ],
      [
        0.0,
        0.0,
        0.0,
        1.0
      ]
    ],
    "location": [
      9.466400980134495,
      31.860870236390838,
      1.4906831754238965
    ],
    "rotation": [
      -0.0009015352577567226,
      0.0015862302596329906,
      -1.5770989642013782
    ]
  },
  {
    "label_id": "jYdxjpZOYqJdSiBQI133Fw",
    "size": [
      0.774174547397303,
      0.9953737697401499,
      1.009999999999991
    ],
    "obj_class": "sign",
    "point_num_in_lidar": 139,
    "speed": 0.0021236934956367247,
    "if_vehicle": false,
    "motion_state": false,
    "pose": [
      [
        -0.0477087618549492,
        0.9989919169709711,
        0.0008976945712492079,
        12.113460714121175
      ],
      [
        -0.9989907377617068,
        -0.04770688241972198,
        -0.001605581999147254,
        12.648767043545377
      ],
      [
        -0.0015475414719903489,
        -0.0009664413650495448,
        0.999999182317251,
        0.7525812220065973
      ],
      [
        0.0,
        0.0,
        0.0,
        1.0
      ]
    ],
    "location": [
      12.113460714121175,
      12.648767043545377,
      0.7525812220065973
    ],
    "rotation": [
      -0.0009664418544037709,
      0.0015475407792853771,
      -1.6185170306812295
    ]
  },
  {
    "label_id": "kWKrXcZMJ7I5K4Z4z9GdSQ",
    "size": [
      0.7759135708028604,
      0.8012255748866434,
      1.75
    ],
    "obj_class": "pedestrian",
    "point_num_in_lidar": 47,
    "speed": 2.9777166713245524e-13,
    "if_vehicle": false,
    "motion_state": false,
    "pose": [
      [
        -0.0016083951195599547,
        -1.0001291862535597,
        0.0008976945712492079,
        38.104010282790114
      ],
      [
        1.0001279158059564,
        -0.0016102141231744264,
        -0.001605581999147254,
        -10.038530125351826
      ],
      [
        0.0015933131046779998,
        0.0008889583061484044,
        0.999999182317251,
        1.0257852311725628
      ],
      [
        0.0,
        0.0,
        0.0,
        1.0
      ]
    ],
    "location": [
      38.104010282790114,
      -10.038530125351826,
      1.0257852311725628
    ],
    "rotation": [
      0.0008889587988689005,
      -0.0015933124296612059,
      1.5724045148152088
    ]
  },
  {
    "label_id": "kXyEv2zRlXCiI09I_nYVDA",
    "size": [
      3.3185533712103834,
      9.387806686727028,
      3.2899999999999636
    ],
    "obj_class": "vehicle",
    "point_num_in_lidar": 8244,
    "speed": 6.505224414076779,
    "if_vehicle": true,
    "motion_state": true,
    "pose": [
      [
        0.04559656946598595,
        0.9990905509432073,
        0.0008976945712492079,
        18.038943644434767
      ],
      [
        -0.999089201717957,
        0.045598330829800235,
        -0.001605581999147254,
        7.3477267536782165
      ],
      [
        -0.0016308711350233858,
        -0.0008180176407366849,
        0.999999182317251,
        1.9512016202045288
      ],
      [
        0.0,
        0.0,
        0.0,
        1.0
      ]
    ],
    "location": [
      18.038943644434767,
      7.3477267536782165,
      1.9512016202045288
    ],
    "rotation": [
      -0.0008180181271561559,
      0.0016308704770096845,
      -1.5251898362917187
    ]
  },
  {
    "label_id": "mOkkhCfy9ezsL1Xpiin0cg",
    "size": [
      1.8978085880561266,
      2.7584207193939223,
      2.3999999999999773
    ],
    "obj_class": "vehicle",
    "point_num_in_lidar": 139,
    "speed": 5.728578676879116e-13,
    "if_vehicle": true,
    "motion_state": false,
    "pose": [
      [
        -7.510332655185384e-05,
        -1.0001304767331902,
        0.0008976945712492079,
        30.916699880322994
      ],
      [
        1.0001292090757796,
        -7.692427574167179e-05,
        -0.001605581999147254,
        47.86143347104917
      ],
      [
        0.0015919483775059774,
        0.0008913999567898631,
        0.999999182317251,
        1.9030886220308503
      ],
      [
        0.0,
        0.0,
        0.0,
        1.0
      ]
    ],
    "location": [
      30.916699880322994,
      47.86143347104917,
      1.9030886220308503
    ],
    "rotation": [
      0.0008914004495720419,
      -0.0015919477019139888,
      1.5708714204185297
    ]
  },
  {
    "label_id": "pATADVHYfotd4mWyfa9wVw",
    "size": [
      0.8193768358459231,
      0.8601713234706458,
      1.8600000000000136
    ],
    "obj_class": "pedestrian",
    "point_num_in_lidar": 415,
    "speed": 0.017046504536384992,
    "if_vehicle": false,
    "motion_state": false,
    "pose": [
      [
        0.9915597095077247,
        -0.13065342939251437,
        0.0008976945712492079,
        9.83500370136062
      ],
      [
        0.13065506924685893,
        0.9915582149546173,
        -0.001605581999147254,
        7.179761226652772
      ],
      [
        -0.0006759218531390729,
        0.0016947044485862213,
        0.999999182317251,
        1.147549481833039
      ],
      [
        0.0,
        0.0,
        0.0,
        1.0
      ]
    ],
    "location": [
      9.83500370136062,
      7.179761226652772,
      1.147549481833039
    ],
    "rotation": [
      0.0016947042119066162,
      0.0006759213322612634,
      0.13101246293797583
    ]
  },
  {
    "label_id": "ra5n9KbC95TVzl8E7bqlfg",
    "size": [
      2.0401341279602545,
      4.496278772972799,
      1.5399999999999636
    ],
    "obj_class": "vehicle",
    "point_num_in_lidar": 46,
    "speed": 4.126394730353486,
    "if_vehicle": true,
    "motion_state": true,
    "pose": [
      [
        -0.05208409424529738,
        0.9987733593051603,
        0.0008976945712492079,
        19.02691594094722
      ],
      [
        -0.9987721883395211,
        -0.05208220966292073,
        -0.001605581999147254,
        68.93573750009455
      ],
      [
        -0.0015432934142425177,
        -0.0009732106437789043,
        0.999999182317251,
        1.938916769668026
      ],
      [
        0.0,
        0.0,
        0.0,
        1.0
      ]
    ],
    "location": [
      19.02691594094722,
      68.93573750009455,
      1.938916769668026
    ],
    "rotation": [
      -0.0009732111323012923,
      0.0015432927200617957,
      -1.622897255095295
    ]
  },
  {
    "label_id": "sJlmZW9yFdc8ca--Rhk7mw",
    "size": [
      0.7090852982553708,
      0.7666984204106138,
      1.7999999999999545
    ],
    "obj_class": "pedestrian",
    "point_num_in_lidar": 81,
    "speed": 0.005885887344799356,
    "if_vehicle": false,
    "motion_state": false,
    "pose": [
      [
        -0.9653903555929172,
        -0.2613090841498794,
        0.0008976945712492079,
        29.608854048652574
      ],
      [
        0.2613069951891027,
        -0.965389607893689,
        -0.001605581999147254,
        -13.787837145755475
      ],
      [
        0.0012764708528616145,
        -0.0013036547401070698,
        0.999999182317251,
        0.8539592107946419
      ],
      [
        0.0,
        0.0,
        0.0,
        1.0
      ]
    ],
    "location": [
      29.608854048652574,
      -13.787837145755475,
      0.8539592107946419
    ],
    "rotation": [
      -0.0013036550675556498,
      -0.001276470118634575,
      2.8772518280156363
    ]
  },
  {
    "label_id": "txvVqORJ6Gcf510DdJvW4Q",
    "size": [
      0.8957847038359936,
      0.8619049628064088,
      1.67999999999995
    ],
    "obj_class": "pedestrian",
    "point_num_in_lidar": 51,
    "speed": 1.3847852905268636,
    "if_vehicle": false,
    "motion_state": true,
    "pose": [
      [
        0.995792969967435,
        -0.09304481229226559,
        0.0008976945712492079,
