[
  {
    "label_id": "-ItvfksmEcYtVEcOjjRESg",
    "size": [
      2.960818615691483,
      8.028851501939148,
      3.3508914890802544
    ],
    "obj_class": "vehicle",
    "point_num_in_lidar": 2438,
    "speed": 6.582148309306588,
    "if_vehicle": true,
    "motion_state": true,
    "pose": [
      [
        0.018240507249358967,
        0.9999643040928974,
        0.0006755900420045504,
        17.72048851764157
      ],
      [
        -0.9999626926666183,
        0.018242000664060135,
        -0.0016915508101402964,
        18.19133845293254
      ],
      [
        -0.0016897690888915604,
        -0.0006387320536915965,
        0.9999992151149321,
        2.118931331460317
      ],
      [
        0.0,
        0.0,
        0.0,
        1.0
      ]
    ],
    "location": [
      17.72048851764157,
      18.19133845293254,
      2.118931331460317
    ],
    "rotation": [
      -0.0006387324681600472,
      0.0016897684621946113,
      -1.5525571618082448
    ]
  },
  {
    "label_id": "-r18nvGJT_LauvErk1VSrg",
    "size": [
      0.7208473821763782,
      2.0829883357271277,
      1.9099999999999682
    ],
    "obj_class": "vehicle",
    "point_num_in_lidar": 50,
    "speed": 5.0754447136575105e-28,
    "if_vehicle": true,
    "motion_state": false,
    "pose": [
      [
        -0.0009749981120055053,
        1.000130178998408,
        0.0006755900420045504,
        31.485288678175493
      ],
      [
        -1.000128596562286,
        -0.0009734740129137862,
        -0.0016915508101402964,
        49.96603182844956
      ],
      [
        -0.0016771853389485956,
        -0.0006710793909832009,
        0.9999992151149321,
        1.8258470886512441
      ],
      [
        0.0,
        0.0,
        0.0,
        1.0
      ]
    ],
    "location": [
      31.485288678175493,
      49.96603182844956,
      1.8258470886512441
    ],
    "rotation": [
      -0.0006710798169639447,
      0.0016771847050752534,
      -1.5717711992327863
    ]
  },
  {
    "label_id": "0VCoeT-jjrIfzTCsOWz20A",
    "size": [
      0.7544329631618892,
      1.043993850799436,
      0.9800000000000182
    ],
    "obj_class": "sign",
    "point_num_in_lidar": 175,
    "speed": 5.687116766346677e-13,
    "if_vehicle": false,
    "motion_state": false,
    "pose": [
      [
        -0.10287849053148097,
        0.9948252820222606,
        0.0006755900420045504,
        11.692034577414233
      ],
      [
        -0.9948238631210533,
        -0.10287681312232208,
        -0.0016915508101402964,
        11.077785658497305
      ],
      [
        -0.001600075966903168,
        -0.0008384838163765588,
        0.9999992151149321,
        0.7167127426129127
      ],
      [
        0.0,
        0.0,
        0.0,
        1.0
      ]
    ],
    "location": [
      11.692034577414233,
      11.077785658497305,
      0.7167127426129127
    ],
    "rotation": [
      -0.0008384842779900121,
      0.0016000752947805715,
      -1.6738437990276298
    ]
  },
  {
    "label_id": "0_HBXNo3olLueqYvkPohlg",
    "size": [
      1.7479682991906942,
      3.9316593479287927,
      1.7000000000000455
    ],
    "obj_class": "vehicle",
    "point_num_in_lidar": 57,
    "speed": 1.7763568394002505e-14,
    "if_vehicle": true,
    "motion_state": false,
    "pose": [
      [
        0.9998866016007152,
        -0.022093200403722944,
        0.0006755900420045504,
        56.57756348679686
      ],
      [
        0.022094687598568138,
        0.9998849844323211,
        -0.0016915508101402964,
        -6.0365916970276885
      ],
      [
        -0.0006322166895861637,
        0.0016922175591794388,
        0.9999992151149321,
        1.0278955624409036
      ],
      [
        0.0,
        0.0,
        0.0,
        1.0
      ]
    ],
    "location": [
      56.57756348679686,
      -6.0365916970276885,
      1.0278955624409036
    ],
    "rotation": [
      0.0016922172720975287,
      0.0006322161963641447,
      0.022093597855194033
    ]
  },
  {
    "label_id": "1nDCER_bA9py1ZPpNXecog",
    "size": [
      0.7354650318024746,
      0.47864826564817664,
      0.8600000000000136
    ],
    "obj_class": "sign",
    "point_num_in_lidar": 323,
    "speed": 0.0035796724965316998,
    "if_vehicle": false,
    "motion_state": false,
    "pose": [
      [
        1.000120919348716,
        0.0044127367681979085,
        0.0006755900420045504,
        -0.7286773563373572
      ],
      [
        -0.004411207238807022,
        1.0001193421607233,
        -0.0016915508101402964,
        5.120047619398974
      ],
      [
        -0.0006768404106202634,
        0.0016748687317930005,
        0.9999992151149321,
        0.839351432358967
      ],
      [
        0.0,
        0.0,
        0.0,
        1.0
      ]
    ],
    "location": [
      -0.7286773563373572,
      5.120047619398974,
      0.839351432358967
    ],
    "rotation": [
      0.001674868480266741,
      0.0006768398891747689,
      -0.004410645301509987
    ]
  },
  {
    "label_id": "2-A6zakvKX2opVnyx9gplQ",
    "size": [
      0.7707275497534479,
      1.107612320671707,
      1.7999999999999545
    ],
    "obj_class": "pedestrian",
    "point_num_in_lidar": 74,
    "speed": 1.726769156827592,
    "if_vehicle": false,
    "motion_state": true,
    "pose": [
      [
        -0.029061491595334495,
        -0.9997083351012738,
        0.0006755900420045504,
        31.627906992491262
      ],
      [
        0.9997067076069776,
        -0.029062967483012427,
        -0.0016915508101402964,
        -2.408706578284182
      ],
      [
        0.001696582767364193,
        0.0006204072240628446,
        0.9999992151149321,
        1.0097348799291694
      ],
      [
        0.0,
        0.0,
        0.0,
        1.0
      ]
    ],
    "location": [
      31.627906992491262,
      -2.408706578284182,
      1.0097348799291694
    ],
    "rotation": [
      0.0006204076314121175,
      -0.00169658214466456,
      1.5998581598609853
    ]
  },
  {
    "label_id": "2SYmRAjI0pCOwp2XYemMBQ",
    "size": [
      0.958861001581288,
      0.6083173834498694,
      1.67999999999995
    ],
    "obj_class": "pedestrian",
    "point_num_in_lidar": 326,
    "speed": 0.0024895431017737473,
    "if_vehicle": false,
    "motion_state": false,
    "pose": [
      [
        0.9978339917945341,
        0.06773957767872588,
        0.0006755900420045504,
        11.797142304450972
      ],
      [
        -0.06773795133923433,
        0.9978325146344275,
        -0.0016915508101402964,
        7.223920304348212
      ],
      [
        -0.0007815479882034045,
        0.0016286438997895505,
        0.9999992151149321,
        0.8915129952700909
      ],
      [
        0.0,
        0.0,
        0.0,
        1.0
      ]
    ],
    "location": [
      11.797142304450972,
      7.223920304348212,
      0.8915129952700909
    ],
    "rotation": [
      0.0016286437381054255,
      0.0007815474059809275,
      -0.06778099841354351
    ]
  },
  {
    "label_id": "3mqY30kFisxCydiO2pKjPA",
    "size": [
      0.8321203191364882,
      1.0700067716390604,
      1.7200000000000273
    ],
    "obj_class": "pedestrian",
    "point_num_in_lidar": 69,
    "speed": 1.6233842199549189,
    "if_vehicle": false,
    "motion_state": true,
    "pose": [
      [
        0.15408869236722106,
        0.9881892533564945,
        0.0006755900420045504,
        32.905854914288284
      ],
      [
        -0.9881874537691238,
        0.15408995271138703,
        -0.0016915508101402964,
        -1.2221873972866888
      ],
      [
        -0.001760945909784587,
        -0.000402948772177602,
        0.9999992151149321,
        0.9562238702881132
      ],
      [
        0.0,
        0.0,
        0.0,
        1.0
      ]
    ],
    "location": [
      32.905854914288284,
      -1.2221873972866888,
      0.9562238702881132
    ],
    "rotation": [
      -0.0004029490666376519,
      0.0017609453287743746,
      -1.4161113586104224
    ]
  },
  {
    "label_id": "4BPsEUa8pjB_nYeEbm-YSA",
    "size": [
      0.8876985042469773,
      1.0727947770953707,
      1.7511702127660556
    ],
    "obj_class": "pedestrian",
    "point_num_in_lidar": 167,
    "speed": 1.190928753729441,
    "if_vehicle": false,
    "motion_state": true,
    "pose": [
      [
        0.1270420871342033,
        0.9920290487991226,
        0.0006755900420045504,
        8.897548391340024
      ],
      [
        -0.992027284305196,
        0.127043396158002,
        -0.0016915508101402964,
        22.664294909951423
      ],
      [
        -0.0017492838026124033,
        -0.0004508928787465916,
        0.9999992151149321,
        1.3301816905437818
      ],
      [
        0.0,
        0.0,
        0.0,
        1.0
      ]
    ],
    "location": [
      8.897548391340024,
      22.664294909951423,
      1.3301816905437818
    ],
    "rotation": [
      -0.00045089320208972197,
      0.0017492832135150313,
      -1.4434265047432078
    ]
  },
  {
    "label_id": "8k1Wkk08druqr8A5YTrqFQ",
    "size": [
      2.1684109006720282,
      4.238163060626746,
      1.7100000000000364
    ],
    "obj_class": "vehicle",
    "point_num_in_lidar": 240,
    "speed": 8.543149943144391e-13,
    "if_vehicle": true,
    "motion_state": false,
    "pose": [
      [
        1.000042455038204,
        -0.013282081383133297,
        0.0006755900420045504,
        38.78092836592805
      ],
      [
        0.013283582769537854,
        1.0000408510366494,
        -0.0016915508101402964,
        2.434997890555678
      ],
      [
        -0.0006471027168081506,
        0.0016865812414722321,
        0.9999992151149321,
        0.9699979189848591
      ],
      [
        0.0,
        0.0,
        0.0,
        1.0
      ]
    ],
    "location": [
      38.78092836592805,
      2.434997890555678,
      0.9699979189848591
    ],
    "rotation": [
      0.0016865809660529109,
      0.0006471022140267384,
      0.013282237708787562
    ]
  },
  {
    "label_id": "A4kzX4tBck4XcFuUOPA6Lg",
    "size": [
      0.7530091452406963,
      1.132073132049114,
      1.8246200607903802
    ],
    "obj_class": "pedestrian",
    "point_num_in_lidar": 151,
    "speed": 2.864289338439558e-13,
    "if_vehicle": false,
    "motion_state": false,
    "pose": [
      [
        0.7856101165204726,
        -0.6189330096104066,
        0.0006755900420045504,
        14.80083568768896
      ],
      [
        0.6189332253762777,
        0.7856079301016629,
        -0.0016915508101402964,
        -10.800021750495944
      ],
      [
        0.000512480829196276,
        0.0017322417873648012,
        0.9999992151149321,
        0.7510186796365588
      ],
      [
        0.0,
        0.0,
        0.0,
        1.0
      ]
    ],
    "location": [
      14.80083568768896,
      -10.800021750495944,
      0.7510186796365588
    ],
    "rotation": [
      0.001732241414351811,
      -0.0005124804176789829,
      0.6672807504430629
    ]
  },
  {
    "label_id": "AWjsPzPKZ7MTv8Ta3AXBbQ",
    "size": [
      2.1060783521372146,
      4.515543669845269,
      1.4600000000000364
    ],
    "obj_class": "vehicle",
    "point_num_in_lidar": 97,
    "speed": 2.847716647714797e-13,
    "if_vehicle": true,
    "motion_state": false,
    "pose": [
      [
        0.9962608709226063,
        -0.08789540735007945,
        0.0006755900420045504,
        44.89225538834762
      ],
      [
        0.08789678481337622,
        0.9962591593218967,
        -0.0016915508101402964,
        -6.917366334488179
      ],
      [
        -0.000519398712813027,
        0.0017301801025658209,
        0.9999992151149321,
        0.834309987682218
      ],
      [
        0.0,
        0.0,
        0.0,
        1.0
      ]
    ],
    "location": [
      44.89225538834762,
      -6.917366334488179,
      0.834309987682218
    ],
    "rotation": [
      0.001730179734113698,
      0.0005193982963586849,
      0.08799882172541175
    ]
  },
  {
    "label_id": "Aof9zDLMpOMBf2RZkTgB1g",
    "size": [
      0.6466332595231521,
      2.732983268659154,
      3.449999999999932
    ],
    "obj_class": "vehicle",
    "point_num_in_lidar": 103,
    "speed": 1.0658141036401503e-13,
    "if_vehicle": true,
    "motion_state": false,
    "pose": [
      [
        -0.04929948434208565,
        -0.9989148544337054,
        0.0006755900420045504,
        31.202282628079047
      ],
      [
        0.99891319738661,
        -0.04930092697060547,
        -0.0016915508101402964,
        58.68852079512544
      ],
      [
        0.0017087980422570426,
        0.0005859244498781446,
        0.9999992151149321,
        2.6297984345877694
      ],
      [
        0.0,
        0.0,
        0.0,
        1.0
      ]
    ],
    "location": [
      31.202282628079047,
      58.68852079512544,
      2.6297984345877694
    ],
    "rotation": [
      0.0005859248427109681,
      -0.001708797426921018,
      1.6201094363942927
    ]
  },
  {
    "label_id": "CB379cbEIKwW6eAs4wK6mw",
    "size": [
      0.962850138884874,
      0.8106594422164695,
      1.7300000000000182
    ],
    "obj_class": "pedestrian",
    "point_num_in_lidar": 21,
    "speed": 1.5092449519231506,
    "if_vehicle": false,
    "motion_state": true,
    "pose": [
      [
        0.9865084192662316,
        0.1645067302013728,
        0.0006755900420045504,
        64.52084150003975
      ],
      [
        -0.16450496785192503,
        0.9865071073567278,
        -0.0016915508101402964,
        -19.543682529594662
      ],
      [
        -0.0009363056104799034,
        0.0015448721675175448,
        0.9999992151149321,
        1.1769450967735793
      ],
      [
        0.0,
        0.0,
        0.0,
        1.0
      ]
    ],
    "location": [
      64.52084150003975,
      -19.543682529594662,
      1.1769450967735793
    ],
    "rotation": [
      0.0015448721510516977,
      0.0009363049544553015,
      -0.16523438187568756
    ]
  },
  {
    "label_id": "DMyvJcDBgX_UfZY7i4gQUg",
    "size": [
      2.2010175447229887,
      5.031357921109429,
      1.7300000000000182
    ],
    "obj_class": "vehicle",
    "point_num_in_lidar": 6995,
    "speed": 5.709267256288867e-13,
    "if_vehicle": true,
    "motion_state": false,
    "pose": [
      [
        0.9990198211253558,
        -0.047124543110447836,
        0.0006755900420045504,
        2.3001325498189544
      ],
      [
        0.0471259893432498,
        0.9990181672230597,
        -0.0016915508101402964,
        -3.5260144384265004
      ],
      [
        -0.0005896434339965049,
        0.0017075183252109806,
        0.9999992151149321,
        0.853110200266201
      ],
      [
        0.0,
        0.0,
        0.0,
        1.0
      ]
    ],
    "location": [
      2.3001325498189544,
      -3.5260144384265004,
      0.853110200266201
    ],
    "rotation": [
      0.0017075180059258038,
      0.0005896429688758319,
      0.04713728369370629
    ]
  },
  {
    "label_id": "NeHt8l-Xg_tze4fm4Zzhag",
    "size": [
      0.8686749354366587,
      0.8296750162009441,
      1.82000000000005
    ],
    "obj_class": "pedestrian",
    "point_num_in_lidar": 512,
    "speed": 2.9777166713245524e-13,
    "if_vehicle": false,
    "motion_state": false,
    "pose": [
      [
        0.9580404949790883,
        0.2870883758443203,
        0.0006755900420045504,
        1.440142936522534
      ],
      [
        -0.2870864626989114,
        0.9580394147676429,
        -0.0016915508101402964,
        10.61973097812006
      ],
      [
        -0.0011228957856644823,
        0.001415062989666342,
        0.9999992151149321,
        1.284955627080194
      ],
      [
        0.0,
        0.0,
        0.0,
        1.0
      ]
    ],
    "location": [
      1.440142936522534,
      10.61973097812006,
      1.284955627080194
    ],
    "rotation": [
      0.0014150631558190185,
      0.0011228950708127132,
      -0.29114488463886606
    ]
  },
  {
    "label_id": "Nx3jDnV5BFvG2rNbAk93sw",
    "size": [
      0.7698546864134801,
      0.8128752011552611,
      1.0900000000000318
    ],
    "obj_class": "sign",
    "point_num_in_lidar": 110,
    "speed": 0.01114801029294802,
    "if_vehicle": false,
    "motion_state": false,
    "pose": [
      [
        -0.00356540644244349,
        1.0001242989956831,
        0.0006755900420045504,
        12.09913515149674
      ],
      [
        -1.0001227205123988,
        -0.003563878249836638,
        -0.0016915508101402964,
        14.599652324588533
      ],
      [
        -0.0016754415676829388,
        -0.0006754211748728681,
        0.9999992151149321,
        0.837540434589755
      ],
      [
        0.0,
        0.0,
        0.0,
        1.0
      ]
    ],
    "location": [
      12.09913515149674,
      14.599652324588533,
      0.837540434589755
    ],
    "rotation": [
      -0.0006754216022934227,
      0.001675440932836137,
      -1.5743612806402383
    ]
  },
  {
    "label_id": "OkBzhxzagapiYam_4NK-9A",
    "size": [
      0.916134993734232,
      0.864239601718528,
      1.8799999999999955
    ],
    "obj_class": "pedestrian",
    "point_num_in_lidar": 124,
    "speed": 0.25446784008126266,
    "if_vehicle": false,
    "motion_state": false,
    "pose": [
      [
        -0.9568706559756467,
        -0.2909636975594068,
        0.0006755900420045504,
        29.995974036166444
      ],
      [
        0.29096178005750806,
        -0.9568695835165144,
        -0.0016915508101402964,
        -11.762526296790384
      ],
      [
        0.0011286140617786644,
        -0.0014105064727756374,
        0.9999992151149321,
        0.9324316532563444
      ],
      [
        0.0,
        0.0,
        0.0,
        1.0
      ]
    ],
    "location": [
      29.995974036166444,
      -11.762526296790384,
      0.9324316532563444
    ],
    "rotation": [
      -0.0014105066444466089,
      -0.001128613345708326,
      2.846400255232451
    ]
  },
  {
    "label_id": "WrQ9WB5nz7yw3pLq2Sx4JA",
    "size": [
      1.9338659153476883,
      4.5722265271665545,
      1.5399999999999636
    ],
    "obj_class": "vehicle",
    "point_num_in_lidar": 1263,
    "speed": 8.881784197001252e-14,
    "if_vehicle": true,
    "motion_state": false,
    "pose": [
      [
        0.999713914221903,
        -0.028868932710233212,
        0.0006755900420045504,
        3.9391482354330947
      ],
      [
        0.02887040891136277,
        0.9997122870119144,
        -0.0016915508101402964,
        -7.481352559141669
      ],
      [
        -0.000620733999037873,
        0.0016964632364495713,
        0.9999992151149321,
        0.6174325100627129
      ],
      [
        0.0,
        0.0,
        0.0,
        1.0
      ]
    ],
    "location": [
      3.9391482354330947,
      -7.481352559141669,
      0.6174325100627129
    ],
    "rotation": [
      0.0016964629405115872,
      0.0006207335132856031,
      0.02887064664805308
    ]
  },
  {
    "label_id": "YTw2k0_-8UqolJn4WQRc2g",
    "size": [
      0.7131402618200805,
      0.9424020280400371,
      1.5199999999999818
    ],
    "obj_class": "pedestrian",
    "point_num_in_lidar": 70,
    "speed": 1.4282499127543338,
    "if_vehicle": false,
    "motion_state": true,
    "pose": [
      [
        -0.033446670698040665,
        0.9995712309705214,
        0.0006755900420045504,
        32.759667451526184
      ],
      [
        -0.9995696988530842,
        -0.033445096024016685,
        -0.0016915508101402964,
        5.952721151839796
      ],
      [
        -0.0016545125091252833,
        -0.0007251803688286566,
        0.9999992151149321,
        1.103033114110417
      ],
      [
        0.0,
        0.0,
        0.0,
        1.0
      ]
    ],
    "location": [
      32.759667451526184,
      5.952721151839796,
      1.103033114110417
    ],
    "rotation": [
      -0.0007251808108912156,
      0.0016545118629908413,
      -1.6042449160598364
    ]
  },
  {
    "label_id": "YZp0XjCF9MO6a2x7szWEXA",
    "size": [
      1.9473680660204546,
      3.8082084000475307,
      1.509999999999991
    ],
    "obj_class": "vehicle",
    "point_num_in_lidar": 109,
    "speed": 1.1390866590859189e-12,
    "if_vehicle": true,
    "motion_state": false,
    "pose": [
      [
        0.9982169557533848,
        -0.06184039788966133,
        0.0006755900420045504,
        40.33791436673164
      ],
      [
        0.061841819594506735,
        0.9982152807198164,
        -0.0016915508101402964,
        -7.056325494018893
      ],
      [
        -0.0005644184248180704,
        0.0017160215767618977,
        0.9999992151149321,
        0.8435879912768769
      ],
      [
        0.0,
        0.0,
        0.0,
        1.0
      ]
    ],
    "location": [
      40.33791436673164,
      -7.056325494018893,
      0.8435879912768769
    ],
    "rotation": [
      0.0017160212392349076,
      0.0005644179768568307,
      0.061873205895773525
    ]
  },
  {
    "label_id": "Yyu039jUMIJ4gI_2-mTkSg",
    "size": [
      1.0952675293726573,
      1.1481994723012645,
      1.759999999999991
    ],
    "obj_class": "pedestrian",
    "point_num_in_lidar": 64,
    "speed": 1.50093462079193,
    "if_vehicle": false,
    "motion_state": true,
    "pose": [
      [
        0.0004454086972553746,
        -1.000130555065587,
        0.0006755900420045504,
        33.73235347143964
      ],
      [
        1.000128971822645,
        0.0004438854363095359,
        -0.0016915508101402964,
        3.2871446915742126
      ],
      [
        0.0016775404540051331,
        0.0006701911931402485,
        0.9999992151149321,
        0.9265420966817146
      ],
      [
        0.0,
        0.0,
        0.0,
        1.0
      ]
    ],
    "location": [
      33.73235347143964,
      3.2871446915742126,
      0.9265420966817146
    ],
    "rotation": [
      0.0006701916188233279,
      -0.0016775398203306587,
      1.5703509755648482
    ]
  },
  {
    "label_id": "ZyK_iICxQsEYdJLxMFTw7w",
    "size": [
      0.9212612327092966,
      0.9766455606441014,
      1.740000000000009
    ],
    "obj_class": "pedestrian",
    "point_num_in_lidar": 97,
    "speed": 1.6611722877471042,
    "if_vehicle": false,
    "motion_state": true,
    "pose": [
      [
        0.7815902287297298,
        0.624001634548272,
        0.0006755900420045504,
        25.210098182826187
      ],
      [
        -0.6239994564487955,
        0.7815899408672744,
        -0.0016915508101402964,
        -15.188037199461178
      ],
      [
        -0.0015699999151320852,
        0.0008935314637279153,
        0.9999992151149321,
        0.7573089912505111
      ],
      [
        0.0,
        0.0,
        0.0,
        1.0
      ]
    ],
    "location": [
      25.210098182826187,
      -15.188037199461178,
      0.7573089912505111
    ],
    "rotation": [
      0.0008935319272494702,
      0.0015699992306949626,
      -0.6737472380871331
    ]
  },
  {
    "label_id": "aANSRZ5XPxs8mHhsbxTcGg",
    "size": [
      0.8077633193168843,
      0.8146921552102152,
      1.07000000000005
    ],
    "obj_class": "sign",
    "point_num_in_lidar": 45,
    "speed": 8.533911106286719e-13,
    "if_vehicle": false,
    "motion_state": false,
    "pose": [
      [
        -0.01002171024917749,
        -1.0000804422087195,
        0.0006755900420045504,
        32.09864693231793
      ],
      [
        1.0000788431104524,
        -0.010023216856908292,
        -0.0016915508101402964,
        -28.770727161352625
      ],
      [
        0.0016844626186247082,
        0.00065259780618885,
        0.9999992151149321,
        0.36631167513189666
      ],
      [
        0.0,
        0.0,
        0.0,
        1.0
      ]
    ],
    "location": [
      32.09864693231793,
      -28.770727161352625,
      0.36631167513189666
    ],
    "rotation": [
      0.0006525982257596988,
      -0.001684461988869018,
      1.5808169115540374
    ]
  },
  {
    "label_id": "brLOJzgVMhP_-kdQzIa7ng",
    "size": [
      0.7639133669213233,
      0.9683006691135629,
      1.740000000000009
    ],
    "obj_class": "pedestrian",
    "point_num_in_lidar": 43,
    "speed": 2.737610004060877,
    "if_vehicle": false,
    "motion_state": true,
    "pose": [
      [
        0.01219973232442949,
        1.0000562444662393,
        0.0006755900420045504,
        33.44567089683915
      ],
      [
        -1.0000546420905678,
        0.012201235445958029,
        -0.0016915508101402964,
        -22.75013921793834
      ],
      [
        -0.0016858798974234437,
        -0.0006489277168144514,
        0.9999992151149321,
        0.8030155838678183
      ],
      [
        0.0,
        0.0,
        0.0,
        1.0
      ]
    ],
    "location": [
      33.44567089683915,
      -22.75013921793834,
      0.8030155838678183
    ],
    "rotation": [
      -0.0006489281350589609,
      0.001685879268480049,
      -1.5585978661425168
    ]
  },
  {
    "label_id": "dWu2dkV959ZVbiXuXYme9A",
    "size": [
      1.9876994670929102,
      4.6193943709231275,
      1.4600000000000364
    ],
    "obj_class": "vehicle",
    "point_num_in_lidar": 4124,
    "speed": 8.881784197001252e-14,
    "if_vehicle": true,
    "motion_state": false,
    "pose": [
      [
        0.9999295140139732,
        0.02005723232367132,
        0.0006755900420045504,
        1.6189795424215845
      ],
      [
        -0.020055678309257103,
        0.9999279609456158,
        -0.0016915508101402964,
        3.2232138969866355
      ],
      [
        -0.0007029578040992543,
        0.0016640758804340793,
        0.9999992151149321,
        0.7562599131501884
      ],
      [
        0.0,
        0.0,
        0.0,
        1.0
      ]
    ],
    "location": [
      1.6189795424215845,
      3.2232138969866355,
      0.7562599131501884
    ],
    "rotation": [
      0.0016640756505179209,
      0.0007029572667546665,
      -0.02005440313342783
    ]
  },
  {
    "label_id": "dv8sizFeYUT8pYvd3AJspA",
    "size": [
      0.7534326255224603,
      0.8617267602349281,
      0.7999999999999545
    ],
    "obj_class": "sign",
    "point_num_in_lidar": 46,
    "speed": 1.7021893498246111e-28,
    "if_vehicle": false,
    "motion_state": false,
    "pose": [
      [
        -0.002150996435668933,
        1.000128341153794,
        0.0006755900420045504,
        11.993942160672304
      ],
      [
        -1.0001267605108715,
        -0.0021494704769296756,
        -0.0016915508101402964,
        38.420553210631624
      ],
      [
        -0.001676395093529784,
        -0.0006730510386113105,
        0.9999992151149321,
        1.2539886915449188
      ],
      [
        0.0,
        0.0,
        0.0,
        1.0
      ]
    ],
    "location": [
      11.993942160672304,
      38.420553210631624,
      1.2539886915449188
    ],
    "rotation": [
      -0.0006730514652490326,
      0.001676394459214656,
      -1.5729470472875875
    ]
  },
  {
    "label_id": "eTLt3z7Tt1__uHa0Pj96uQ",
    "size": [
      0.5969024159007613,
      0.5832202862830158,
      0.9800000000000182
    ],
    "obj_class": "sign",
    "point_num_in_lidar": 62,
    "speed": 2.5585089000282873e-12,
    "if_vehicle": false,
    "motion_state": false,
    "pose": [
      [
        0.9986373532404973,
        -0.05463297793018901,
        0.0006755900420045504,
        1.7322238762444613
      ],
      [
        0.054634411689523155,
        0.9986356885134043,
        -0.0016915508101402964,
        5.192517336621677
      ],
      [
        -0.000576791129411539,
        0.0017119025098464762,
        0.9999992151149321,
        0.7174058294718861
      ],
      [
        0.0,
        0.0,
        0.0,
        1.0
      ]
    ],
    "location": [
      1.7322238762444613,
      5.192517336621677,
      0.7174058294718861
    ],
    "rotation": [
      0.0017119021811869306,
      0.000576790672987835,
      0.05465447590027198
    ]
  },
  {
    "label_id": "hVOvDRfPPYheooNcglGZfw",
    "size": [
      1.9687754390427907,
      4.426137945390364,
      1.5
    ],
    "obj_class": "vehicle",
    "point_num_in_lidar": 52,
    "speed": 1.422084321207637e-12,
    "if_vehicle": true,
    "motion_state": false,
    "pose": [
      [
        0.9946347294362089,
        -0.10470473038056109,
        0.0006755900420045504,
        51.00903801028653
      ],
      [
        0.10470607874712565,
        0.9946329948210556,
        -0.0016915508101402964,
        -6.6161286284059315
      ],
      [
        -0.0004901105950446663,
        0.0017387034867427703,
        0.9999992151149321,
        0.8471909505225312
      ],
      [
        0.0,
        0.0,
        0.0,
        1.0
      ]
    ],
    "location": [
      51.00903801028653,
      -6.6161286284059315,
      0.8471909505225312
    ],
    "rotation": [
      0.0017387030993396976,
      0.0004901101996584152,
      0.10488458167341541
    ]
  },
  {
    "label_id": "iYoNqzfcHozgqJVHl7Yxnw",
    "size": [
      1.9729673738194617,
      3.9732415768768115,
      1.57000000000005
    ],
    "obj_class": "vehicle",
    "point_num_in_lidar": 28,
    "speed": 1.7763568394002505e-14,
    "if_vehicle": true,
    "motion_state": false,
    "pose": [
      [
        0.9993664427013831,
        0.039090136442452385,
        0.0006755900420045504,
        50.24420807833485
      ],
      [
        -0.039088553142551934,
        0.9993649194996407,
        -0.0016915508101402964,
        2.4158450695213105
      ],
      [
        -0.000734510881026132,
        0.001650391461393544,
        0.9999992151149321,
        0.9645283534493956
      ],
      [
        0.0,
        0.0,
        0.0,
        1.0
      ]
    ],
    "location": [
      50.24420807833485,
      2.4158450695213105,
      0.9645283534493956
    ],
    "rotation": [
      0.001650391258320089,
      0.0007345103251146782,
      -0.03909340608720463
    ]
  },
  {
    "label_id": "ifMXmnBpfdQ88ZpSpy5LIA",
    "size": [
      0.24340906766558285,
      0.052982123451976726,
      0.37999999999999545
    ],
    "obj_class": "sign",
    "point_num_in_lidar": 55,
    "speed": 0.0011952194083165015,
    "if_vehicle": false,
    "motion_state": false,
    "pose": [
      [
        -0.6196791788772023,
        0.7850216817583974,
        0.0006755900420045504,
        4.965272598716183
      ],
      [
        -0.785021381881181,
        -0.6196770023993647,
        -0.0016915508101402964,
        4.899039544634434
      ],
      [
        -0.0009021814006211165,
        -0.0015650453445698702,
        0.9999992151149321,
        0.8075853608106627
      ],
      [
        0.0,
        0.0,
        0.0,
        1.0
      ]
    ],
    "location": [
      4.965272598716183,
      4.899039544634434,
      0.8075853608106627
    ],
    "rotation": [
      -0.001565045295160321,
      0.0009021807590723881,
      -2.239027245220541
    ]
  },
  {
    "label_id": "jDO7AFvKzSj9IBX0gjUdVw",
    "size": [
      0.7212059063468462,
      0.985521898342995,
      1.6299999999999955
    ],
    "obj_class": "pedestrian",
    "point_num_in_lidar": 23,
    "speed": 1.330008785597171,
    "if_vehicle": false,
    "motion_state": true,
    "pose": [
      [
        -1.0000335271093965,
        -0.01393808530058544,
        0.0006755900420045504,
        50.626916336186696
      ],
      [
        0.013936540818806454,
        -1.000031964560787,
        -0.0016915508101402964,
        5.463218168986714
      ],
      [
        0.0006927618251543052,
        -0.0016683462661556117,
        0.9999992151149321,
        1.102987193197464
      ],
      [
        0.0,
        0.0,
        0.0,
        1.0
      ]
    ],
    "location": [
      50.626916336186696,
      5.463218168986714,
      1.102987193197464
    ],
    "rotation": [
      -0.0016683460277355181,
      -0.0006927612939604958,
      3.1276574820963474
    ]
  },
  {
    "label_id": "jYdxjpZOYqJdSiBQI133Fw",
    "size": [
      0.7741745473973046,
      0.9953737697401499,
      1.009999999999991
    ],
    "obj_class": "sign",
    "point_num_in_lidar": 144,
    "speed": 0.0021236934954348375,
    "if_vehicle": false,
    "motion_state": false,
    "pose": [
      [
        -0.04771005604142317,
        0.9989920300569122,
        0.0006755900420045504,
        12.113601369375829
      ],
      [
        -0.9989905205707257,
        -0.04770845966002305,
        -0.0016915508101402964,
        12.648934844975884
      ],
      [
        -0.0016439935395209332,
        -0.0007487212112662046,
        0.9999992151149321,
        0.752116834556432
      ],
      [
        0.0,
        0.0,
        0.0,
        1.0
      ]
    ],
    "location": [
      12.113601369375829,
      12.648934844975884,
      0.752116834556432
    ],
    "rotation": [
      -0.0007487216590195751,
      0.0016439928879875415,
      -1.6185183335866875
    ]
  },
  {
    "label_id": "kWKrXcZMJ7I5K4Z4z9GdSQ",
    "size": [
      0.7759135708028678,
      0.8012255748866434,
      1.75
    ],
    "obj_class": "pedestrian",
    "point_num_in_lidar": 47,
    "speed": 2.9777166713245524e-13,
    "if_vehicle": false,
    "motion_state": false,
    "pose": [
      [
        -0.0016071080835075662,
        -1.000129363016762,
        0.0006755900420045504,
        38.104010282790114
      ],
      [
        1.0001277766510452,
        -0.0016086280920387362,
        -0.0016915508101402964,
        -10.03853012534637
      ],
      [
        0.0016789123198112078,
        0.0006667470529163613,
        0.9999992151149321,
        1.0257852311726765
      ],
      [
        0.0,
        0.0,
        0.0,
        1.0
      ]
    ],
    "location": [
      38.104010282790114,
      -10.03853012534637,
      1.0257852311726765
    ],
    "rotation": [
      0.000666747477435208,
      -0.0016789116869069783,
      1.5724032281706726
    ]
  },
  {
    "label_id": "kXyEv2zRlXCiI09I_nYVDA",
    "size": [
      3.318553371210991,
      9.387806686727028,
      3.2899999999999636
    ],
    "obj_class": "vehicle",
    "point_num_in_lidar": 7805,
    "speed": 6.477367530858315,
    "if_vehicle": true,
    "motion_state": true,
    "pose": [
      [
        0.04441438286374596,
        0.9991439776926742,
        0.0006755900420045504,
        17.995504129836263
      ],
      [
        -0.9991423277195803,
        0.04441583357767797,
        -0.0016915508101402964,
        7.98897295181996
      ],
      [
        -0.0017059125491069933,
        -0.000594273156878039,
        0.9999992151149321,
        1.9628123193988358
      ],
      [
        0.0,
        0.0,
        0.0,
        1.0
      ]
    ],
    "location": [
      17.995504129836263,
      7.98897295181996,
      1.9628123193988358
    ],
    "rotation": [
      -0.0005942735533564303,
      0.001705911932008603,
      -1.5263730633448773
    ]
  },
  {
    "label_id": "mOkkhCfy9ezsL1Xpiin0cg",
    "size": [
      1.8978085880561266,
      2.7584207193939223,
      2.3999999999999773
    ],
    "obj_class": "vehicle",
    "point_num_in_lidar": 142,
    "speed": 5.728578676879116e-13,
    "if_vehicle": true,
    "motion_state": false,
    "pose": [
      [
        -7.381602100975169e-05,
        -1.0001306515230401,
        0.0006755900420045504,
        30.916699880324813
      ],
      [
        1.0001290674895005,
        -7.533845979895667e-05,
        -0.0016915508101402964,
        47.86143347105099
      ],
      [
        0.0016778881623051463,
        0.0006693201961563437,
        0.9999992151149321,
        1.903088622030964
      ],
      [
        0.0,
        0.0,
        0.0,
        1.0
      ]
    ],
    "location": [
      30.916699880324813,
      47.86143347105099,
      1.903088622030964
    ],
    "rotation": [
      0.0006693206215464963,
      -0.0016778875288255965,
      1.5708701332897534
    ]
  },
  {
    "label_id": "oktALDz6ntRSXy5D7zFjEA",
    "size": [
      0.8960930957422524,
      0.8484989187230266,
      1.7799999999999727
    ],
    "obj_class": "pedestrian",
    "point_num_in_lidar": 63,
    "speed": 0.7840710864019542,
    "if_vehicle": false,
    "motion_state": false,
    "pose": [
      [
        -0.9969667637813469,
        0.07948960611334446,
        0.0006755900420045504,
        40.05656000671843
      ],
      [
        -0.07949099796364907,
        -0.9969650638593334,
        -0.0016915508101402964,
        7.694920714546242
      ],
      [
        0.0005339729434942178,
        -0.00172573784388088,
        0.9999992151149321,
        1.3166222027070944
      ],
      [
        0.0,
        0.0,
        0.0,
        1.0
      ]
    ],
    "location": [
      40.05656000671843,
      7.694920714546242,
      1.3166222027070944
    ],
    "rotation": [
      -0.0017257374852059745,
      -0.0005339725167205076,
      -3.062028128077953
    ]
  },
  {
    "label_id": "pATADVHYfotd4mWyfa9wVw",
    "size": [
      0.8193768358459241,
      0.8601713234706458,
      1.8600000000000136
    ],
    "obj_class": "pedestrian",
    "point_num_in_lidar": 415,
    "speed": 0.020875207998742026,
    "if_vehicle": false,
    "motion_state": false,
    "pose": [
      [
        0.9915600508745017,
        -0.13065217592700817,
        0.0006755900420045504,
        9.83500315999845
      ],
      [
        0.13065347851947584,
        0.9915582816274907,
        -0.0016915508101402964,
        7.1797591594640835
      ],
      [
        -0.00044452259629376207,
        0.0017509134391998818,
        0.9999992151149321,
        1.1476868412960357
      ],
      [
        0.0,
        0.0,
        0.0,
        1.0
      ]
    ],
    "location": [
      9.83500315999845,
      7.1797591594640835,
      1.1476868412960357
    ],
    "rotation": [
      0.001750913024208651,
      0.00044452223452795504,
      0.13101084145956787
    ]
  },
  {
    "label_id": "ra5n9KbC95TVzl8E7bqlfg",
    "size": [
      2.040134127961508,
      4.496278772972799,
      1.5399999999999636
    ],
    "obj_class": "vehicle",
    "point_num_in_lidar": 31,
    "speed": 4.037188380077058,
    "if_vehicle": true,
    "motion_state": true,
    "pose": [
      [
        -0.05267663715019688,
        0.9987424580257178,
        0.0006755900420045504,
        19.050495961486376
      ],
      [
        -0.9987409564956905,
        -0.052675033283089145,
        -0.0016915508101402964,
        69.37341754627778
      ],
      [
        -0.0016402504388575959,
        -0.0007568861922468726,
        0.9999992151149321,
        1.9455890804390492
      ],
      [
        0.0,
        0.0,
        0.0,
        1.0
      ]
    ],
    "location": [
      19.050495961486376,
      69.37341754627778,
      1.9455890804390492
    ],
    "rotation": [
      -0.0007568866417815619,
      0.0016402497854469682,
      -1.6234905438319498
    ]
  },
  {
    "label_id": "sJlmZW9yFdc8ca--Rhk7mw",
    "size": [
      0.709085298254813,
      0.7666984204106138,
      1.7999999999999545
    ],
    "obj_class": "pedestrian",
    "point_num_in_lidar": 83,
    "speed": 0.005885887344274812,
    "if_vehicle": false,
    "motion_state": false,
    "pose": [
      [
        -0.9652430652566224,
        -0.2618532996521259,
        0.0006755900420045504,
        29.608791431064674
      ],
      [
        0.26185141550698504,
        -0.9652419352215742,
        -0.0016915508101402964,
        -13.788422478513894
      ],
      [
        0.0010853820158065464,
        -0.0014440374267830525,
        0.9999992151149321,
        0.8539501648996293
      ],
      [
        0.0,
        0.0,
        0.0,
        1.0
      ]
    ],
    "location": [
      29.608791431064674,
      -13.788422478513894,
      0.8539501648996293
    ],
    "rotation": [
      -0.001444037556462745,
      -0.001085381309850953,
      2.8766879085482753
    ]
  },
  {
    "label_id": "txvVqORJ6Gcf510DdJvW4Q",
    "size": [
      0.8957847038348511,
      0.8619049628064088,
      1.67999999999995
    ],
    "obj_class": "pedestrian",
    "point_num_in_lidar": 60,
    "speed": 1.3900833523204132,
    "if_vehicle": false,
    "motion_state": true,
    "pose": [
      [
        0.995844638987372,
