[
  {
    "label_id": "-ItvfksmEcYtVEcOjjRESg",
    "size": [
      2.960818615690306,
      8.028851501939148,
      3.3508914890802544
    ],
    "obj_class": "vehicle",
    "point_num_in_lidar": 5293,
    "speed": 8.994953534701294,
    "if_vehicle": true,
    "motion_state": true,
    "pose": [
      [
        0.03716380384856935,
        0.9994399332522702,
        -0.0006734172659292152,
        19.11434234180706
      ],
      [
        -0.9994397608543534,
        0.037164101957916626,
        -0.00011227866843655583,
        -14.03710533229605
      ],
      [
        -7.345693838447946e-05,
        0.0006825879243616441,
        1.0000006111030604,
        1.5899638961851679
      ],
      [
        0.0,
        0.0,
        0.0,
        1.0
      ]
    ],
    "location": [
      19.11434234180706,
      -14.03710533229605,
      1.5899638961851679
    ],
    "rotation": [
      0.0006825874012186706,
      7.345687624990328e-05,
      -1.533628814816926
    ]
  },
  {
    "label_id": "-r18nvGJT_LauvErk1VSrg",
    "size": [
      0.7208473821763771,
      2.0829883357271277,
      1.9099999999999682
    ],
    "obj_class": "vehicle",
    "point_num_in_lidar": 47,
    "speed": 5.684341886080801e-13,
    "if_vehicle": true,
    "motion_state": false,
    "pose": [
      [
        -0.0010014244432163713,
        1.000130154352363,
        -0.0006734172659292152,
        31.48528867817913
      ],
      [
        -1.000129993455724,
        -0.0010011199723702797,
        -0.00011227866843655583,
        49.96603182844592
      ],
      [
        -9.945067268085159e-05,
        0.0006792876857300489,
        1.0000006111030604,
        1.8258470886511304
      ],
      [
        0.0,
        0.0,
        0.0,
        1.0
      ]
    ],
    "location": [
      31.48528867817913,
      49.96603182844592,
      1.8258470886511304
    ],
    "rotation": [
      0.000679287166134102,
      9.94505886336095e-05,
      -1.57179762074178
    ]
  },
  {
    "label_id": "0VCoeT-jjrIfzTCsOWz20A",
    "size": [
      0.7544329631618895,
      1.043993850799436,
      0.9800000000000182
    ],
    "obj_class": "sign",
    "point_num_in_lidar": 197,
    "speed": 5.687116766346677e-13,
    "if_vehicle": false,
    "motion_state": false,
    "pose": [
      [
        -0.10290477680571085,
        0.9948225647854817,
        -0.0006734172659292152,
        11.692034577412414
      ],
      [
        -0.9948224357504378,
        -0.1029044575249847,
        -0.00011227866843655583,
        11.077785658499124
      ],
      [
        -0.00016814926893382481,
        0.0006656185241098539,
        1.0000006111030604,
        0.716712742612799
      ],
      [
        0.0,
        0.0,
        0.0,
        1.0
      ]
    ],
    "location": [
      11.692034577412414,
      11.077785658499124,
      0.716712742612799
    ],
    "rotation": [
      0.0006656180190484687,
      0.0001681491273435784,
      -1.6738700892563811
    ]
  },
  {
    "label_id": "0_HBXNo3olLueqYvkPohlg",
    "size": [
      1.747968299190693,
      3.9316593479287927,
      1.7000000000000455
    ],
    "obj_class": "vehicle",
    "point_num_in_lidar": 55,
    "speed": 1.7763568394002505e-14,
    "if_vehicle": true,
    "motion_state": false,
    "pose": [
      [
        0.9998871864828796,
        -0.022066780534282175,
        -0.0006734172659292152,
        56.57756348679686
      ],
      [
        0.02206708121305879,
        0.9998870186064432,
        -0.00011227866843655583,
        -6.0365916970295075
      ],
      [
        0.0006814007975803066,
        8.375648833422149e-05,
        1.0000006111030604,
        1.0278955624406763
      ],
      [
        0.0,
        0.0,
        0.0,
        1.0
      ]
    ],
    "location": [
      56.57756348679686,
      -6.0365916970295075,
      1.0278955624406763
    ],
    "rotation": [
      8.375643695455202e-05,
      -0.0006814002733248817,
      0.02206598889347074
    ]
  },
  {
    "label_id": "2-A6zakvKX2opVnyx9gplQ",
    "size": [
      0.770727549751856,
      1.107612320671707,
      1.7999999999999545
    ],
    "obj_class": "pedestrian",
    "point_num_in_lidar": 79,
    "speed": 1.38741358422571,
    "if_vehicle": false,
    "motion_state": true,
    "pose": [
      [
        -0.019462901134818855,
        -0.9999412602624285,
        -0.0006734172659292152,
        31.89174843339424
      ],
      [
        0.9999410931695581,
        -0.019463202249742777,
        -0.00011227866843655583,
        4.192466812834027
      ],
      [
        8.553063904023203e-05,
        -0.0006811803770415942,
        1.0000006111030604,
        0.8826611299115257
      ],
      [
        0.0,
        0.0,
        0.0,
        1.0
      ]
    ],
    "location": [
      31.89174843339424,
      4.192466812834027,
      0.8826611299115257
    ],
    "rotation": [
      -0.0006811798554132371,
      -8.553056672031127e-05,
      1.5902579170743163
    ]
  },
  {
    "label_id": "2OYKagQRfCdaOXgU5RkMBA",
    "size": [
      0.862775999627125,
      0.6348824674672757,
      1.1499999999999773
    ],
    "obj_class": "sign",
    "point_num_in_lidar": 44,
    "speed": 0.0024609175501216565,
    "if_vehicle": false,
    "motion_state": false,
    "pose": [
      [
        0.01535596264580959,
        1.0000127613720826,
        -0.0006734172659292152,
        30.413744154135202
      ],
      [
        -1.0000125955173051,
        0.015356264444446908,
        -0.00011227866843655583,
        12.41826077992664
      ],
      [
        -8.832753611617052e-05,
        0.0006808233564183909,
        1.0000006111030604,
        0.6845107684052891
      ],
      [
        0.0,
        0.0,
        0.0,
        1.0
      ]
    ],
    "location": [
      30.413744154135202,
      12.41826077992664,
      0.6845107684052891
    ],
    "rotation": [
      0.0006808228351737828,
      8.832746143850855e-05,
      -1.5554417643538756
    ]
  },
  {
    "label_id": "2SYmRAjI0pCOwp2XYemMBQ",
    "size": [
      0.9588610015812886,
      0.6083173834498694,
      1.67999999999995
    ],
    "obj_class": "pedestrian",
    "point_num_in_lidar": 341,
    "speed": 0.0024895431224540706,
    "if_vehicle": false,
    "motion_state": false,
    "pose": [
      [
        0.9978322030327569,
        0.06776594341254315,
        -0.0006734172659292152,
        11.80275688922302
      ],
      [
        -0.06776562887976477,
        0.9978320628209315,
        -0.00011227866843655583,
        7.233017387348809
      ],
      [
        0.0006711331910715536,
        0.00014457674821102012,
        1.0000006111030604,
        0.8759603558369236
      ],
      [
        0.0,
        0.0,
        0.0,
        1.0
      ]
    ],
    "location": [
      11.80275688922302,
      7.233017387348809,
      0.8759603558369236
    ],
    "rotation": [
      0.00014457665885244728,
      -0.0006711326731624423,
      -0.06780872992800768
    ]
  },
  {
    "label_id": "3083QteOhZ_vSpxmP0XK-Q",
    "size": [
      0.8198295781744132,
      0.7789331854908985,
      1.2000000000000455
    ],
    "obj_class": "sign",
    "point_num_in_lidar": 44,
    "speed": 1.9915012144332625e-12,
    "if_vehicle": false,
    "motion_state": false,
    "pose": [
      [
        -0.03627980975695714,
        0.9994724127757584,
        -0.0006734172659292152,
        28.956059697720775
      ],
      [
        -0.9994722627192828,
        -0.036279499800059054,
        -0.00011227866843655583,
        14.902581722368268
      ],
      [
        -0.00012335025832845839,
        0.000675356876067357,
        1.0000006111030604,
        0.7363255909369855
      ],
      [
        0.0,
        0.0,
        0.0,
        1.0
      ]
    ],
    "location": [
      28.956059697720775,
      14.902581722368268,
      0.7363255909369855
    ],
    "rotation": [
      0.0006753563606768592,
      0.00012335015419279112,
      -1.6070793627748003
    ]
  },
  {
    "label_id": "3mqY30kFisxCydiO2pKjPA",
    "size": [
      0.8321203191380229,
      1.0700067716390604,
      1.7200000000000273
    ],
    "obj_class": "pedestrian",
    "point_num_in_lidar": 69,
    "speed": 1.5165939633993517,
    "if_vehicle": false,
    "motion_state": true,
    "pose": [
      [
        -0.017317993768102485,
        0.9999807076077245,
        -0.0006734172659292152,
        33.12574398923425
      ],
      [
        -0.999980551699813,
        -0.017317686712817994,
        -0.00011227866843655583,
        -7.612577447549484
      ],
      [
        -0.00011051972937471367,
        0.0006775747823673049,
        1.0000006111030604,
        0.8999169270315406
      ],
      [
        0.0,
        0.0,
        0.0,
        1.0
      ]
    ],
    "location": [
      33.12574398923425,
      -7.612577447549484,
      0.8999169270315406
    ],
    "rotation": [
      0.0006775742646065126,
      0.00011051963601565825,
      -1.5881129262889564
    ]
  },
  {
    "label_id": "45vGTk6HpmeCTR2Etiwq8w",
    "size": [
      0.7077057722273478,
      0.7957618448156345,
      1.07000000000005
    ],
    "obj_class": "sign",
    "point_num_in_lidar": 33,
    "speed": 2.2743611691451335e-12,
    "if_vehicle": false,
    "motion_state": false,
    "pose": [
      [
        -1.0000518853211182,
        0.012552097891352334,
        -0.0006734172659292152,
        41.394086939104454
      ],
      [
        -0.012552400153821912,
        -1.0000517203131667,
        -0.00011227866843655583,
        4.351726368611708
      ],
      [
        -0.0006805730304228371,
        -9.023606009924372e-05,
        1.0000006111030604,
        0.6758744546191338
      ],
      [
        0.0,
        0.0,
        0.0,
        1.0
      ]
    ],
    "location": [
      41.394086939104454,
      4.351726368611708,
      0.6758744546191338
    ],
    "rotation": [
      -9.023600471082828e-05,
      0.0006805725066763996,
      -3.129041563786145
    ]
  },
  {
    "label_id": "4BPsEUa8pjB_nYeEbm-YSA",
    "size": [
      0.8876985042475904,
      1.0727947770953707,
      1.7511702127660556
    ],
    "obj_class": "pedestrian",
    "point_num_in_lidar": 228,
    "speed": 1.2092848428818819,
    "if_vehicle": false,
    "motion_state": true,
    "pose": [
      [
        0.09151684210143729,
        0.9959347348634737,
        -0.0006734172659292152,
        9.479099963580666
      ],
      [
        -0.9959345464925362,
        0.09151713038361585,
        -0.00011227866843655583,
        17.53656846825652
      ],
      [
        -3.618885413042381e-05,
        0.0006855746225742933,
        1.0000006111030604,
        1.2553960304123848
      ],
      [
        0.0,
        0.0,
        0.0,
        1.0
      ]
    ],
    "location": [
      9.479099963580666,
      17.53656846825652,
      1.2553960304123848
    ],
    "rotation": [
      0.0006855740962084647,
      3.618882349493036e-05,
      -1.4791632422617682
    ]
  },
  {
    "label_id": "8IZ7fkXm0FDeUdEuJAqSlA",
    "size": [
      0.7446914889100794,
      1.0496260774128139,
      1.7300000000000182
    ],
    "obj_class": "pedestrian",
    "point_num_in_lidar": 112,
    "speed": 0.0021959251015307444,
    "if_vehicle": false,
    "motion_state": false,
    "pose": [
      [
        -0.9976655757156495,
        -0.0701764029269012,
        -0.0006734172659292152,
        28.418390873768658
      ],
      [
        0.07017608805630393,
        -0.9976654362641111,
        -0.00011227866843655583,
        8.268224748388093
      ],
      [
        -0.0006707819503562742,
        -0.00014619771324268438,
        1.0000006111030604,
        1.0689446694707385
      ],
      [
        0.0,
        0.0,
        0.0,
        1.0
      ]
    ],
    "location": [
      28.418390873768658,
      8.268224748388093,
      1.0689446694707385
    ],
    "rotation": [
      -0.0001461976228592721,
      0.0006707814326655194,
      3.0713680271534316
    ]
  },
  {
    "label_id": "8k1Wkk08druqr8A5YTrqFQ",
    "size": [
      2.1684109006720282,
      4.238163060626746,
      1.7100000000000364
    ],
    "obj_class": "vehicle",
    "point_num_in_lidar": 232,
    "speed": 8.543149943144391e-13,
    "if_vehicle": true,
    "motion_state": false,
    "pose": [
      [
        1.00004280710531,
        -0.013255657385760419,
        -0.0006734172659292152,
        38.78092836592987
      ],
      [
        0.013255959532067683,
        1.0000426418847497,
        -0.00011227866843655583,
        2.434997890557497
      ],
      [
        0.0006806363454216202,
        8.975723687958485e-05,
        1.0000006111030604,
        0.9699979189847454
      ],
      [
        0.0,
        0.0,
        0.0,
        1.0
      ]
    ],
    "location": [
      38.78092836592987,
      2.434997890557497,
      0.9699979189847454
    ],
    "rotation": [
      8.975718178765775e-05,
      -0.0006806358216362345,
      0.013254615840857934
    ]
  },
  {
    "label_id": "A4kzX4tBck4XcFuUOPA6Lg",
    "size": [
      0.7530091452425091,
      1.132073132049114,
      1.8246200607903802
    ],
    "obj_class": "pedestrian",
    "point_num_in_lidar": 274,
    "speed": 1.569530813271715,
    "if_vehicle": false,
    "motion_state": true,
    "pose": [
      [
        -0.2003048057616113,
        -0.9798669875470856,
        -0.0006734172659292152,
        13.771708985344958
      ],
      [
        0.9798667686650576,
        -0.20030507162037553,
        -0.00011227866843655583,
        -6.8724465364703065
      ],
      [
        -3.929742194923323e-05,
        -0.0006854034643254312,
        1.0000006111030604,
        0.8706743045601115
      ],
      [
        0.0,
        0.0,
        0.0,
        1.0
      ]
    ],
    "location": [
      13.771708985344958,
      -6.8724465364703065,
      0.8706743045601115
    ],
    "rotation": [
      -0.0006854029381446242,
      3.9297388683734124e-05,
      1.772438683611154
    ]
  },
  {
    "label_id": "AWjsPzPKZ7MTv8Ta3AXBbQ",
    "size": [
      2.1060783521372137,
      4.515543669845269,
      1.4600000000000364
    ],
    "obj_class": "vehicle",
    "point_num_in_lidar": 100,
    "speed": 2.847716647714797e-13,
    "if_vehicle": true,
    "motion_state": false,
    "pose": [
      [
        0.9962631944852275,
        -0.08786908335636266,
        -0.0006734172659292152,
        44.89225538834944
      ],
      [
        0.08786937232642868,
        0.9962630071712514,
        -0.00011227866843655583,
        -6.917366334489998
      ],
      [
        0.0006854375008661886,
        3.869920784036532e-05,
        1.0000006111030604,
        0.834309987682218
      ],
      [
        0.0,
        0.0,
        0.0,
        1.0
      ]
    ],
    "location": [
      44.89225538834944,
      -6.917366334489998,
      0.834309987682218
    ],
    "rotation": [
      3.8699184171856446e-05,
      -0.0006854369741353271,
      0.08797131469596318
    ]
  },
  {
    "label_id": "AhVLDKKFO3nP9YBAG8x0pw",
    "size": [
      1.9318567274618756,
      4.066022807258439,
      1.509999999999991
    ],
    "obj_class": "vehicle",
    "point_num_in_lidar": 202,
    "speed": 2.929642751054232e-13,
    "if_vehicle": true,
    "motion_state": false,
    "pose": [
      [
        0.028932551709958634,
        -0.9997120765237097,
        -0.0006734172659292152,
        27.154289853151568
      ],
      [
        0.999711924193056,
        0.028932242864371755,
        -0.00011227866843655583,
        27.835712820116896
      ],
      [
        0.0001183829479854155,
        -0.0006762452764400227,
        1.0000006111030604,
        1.2749332609115527
      ],
      [
        0.0,
        0.0,
        0.0,
        1.0
      ]
    ],
    "location": [
      27.154289853151568,
      27.835712820116896,
      1.2749332609115527
    ],
    "rotation": [
      -0.0006762447601008831,
      -0.00011838284801959609,
      1.5418635139123316
    ]
  },
  {
    "label_id": "Aof9zDLMpOMBf2RZkTgB1g",
    "size": [
      0.6466332595231492,
      2.732983268659154,
      3.449999999999932
    ],
    "obj_class": "vehicle",
    "point_num_in_lidar": 105,
    "speed": 1.0658141036401503e-13,
    "if_vehicle": true,
    "motion_state": false,
    "pose": [
      [
        -0.049273090179382556,
        -0.998916158183444,
        -0.0006734172659292152,
        31.202282628079047
      ],
      [
        0.998915982185459,
        -0.04927338617758158,
        -0.00011227866843655583,
        58.68852079512544
      ],
      [
        6.517939559157963e-05,
        -0.0006834280084043042,
        1.0000006111030604,
        2.6297984345876557
      ],
      [
        0.0,
        0.0,
        0.0,
        1.0
      ]
    ],
    "location": [
      31.202282628079047,
      58.68852079512544,
      2.6297984345876557
    ],
    "rotation": [
      -0.0006834274843560548,
      -6.517934044621223e-05,
      1.6200829405032615
    ]
  },
  {
    "label_id": "AvH5yelBYncUXgWqCPLaoA",
    "size": [
      2.157587995305029,
      4.5323268143472895,
      1.75
    ],
    "obj_class": "vehicle",
    "point_num_in_lidar": 85,
    "speed": 2.683518410235985,
    "if_vehicle": true,
    "motion_state": true,
    "pose": [
      [
        0.9889962099534515,
        0.14882145407670802,
        -0.0006734172659292152,
        20.852343575379564
      ],
      [
        -0.1488211291678991,
        0.9889960958285614,
        -0.00011227866843655583,
        70.8421030801419
      ],
      [
        0.0006571260732359983,
        0.00019876498724523086,
        1.0000006111030604,
        2.011561630014853
      ],
      [
        0.0,
        0.0,
        0.0,
        1.0
      ]
    ],
    "location": [
      20.852343575379564,
      70.8421030801419,
      2.011561630014853
    ],
    "rotation": [
      0.00019876486316184737,
      -0.0006571255640984454,
      -0.14935636568702804
    ]
  },
  {
    "label_id": "CB379cbEIKwW6eAs4wK6mw",
    "size": [
      0.9628501388839612,
      0.8106594422164695,
      1.7300000000000182
    ],
    "obj_class": "pedestrian",
    "point_num_in_lidar": 25,
    "speed": 1.4253054111273797,
    "if_vehicle": false,
    "motion_state": true,
    "pose": [
      [
        0.9946139396831649,
        0.1049020470902777,
        -0.0006734172659292152,
        70.37186470774577
      ],
      [
        -0.10490172755110913,
        0.9946138112894565,
        -0.00011227866843655583,
        -20.641425830683147
      ],
      [
        0.000665279559933251,
        0.00016948540767918027,
        1.0000006111030604,
        1.1835331599378378
      ],
      [
        0.0,
        0.0,
        0.0,
        1.0
      ]
    ],
    "location": [
      70.37186470774577,
      -20.641425830683147,
      1.1835331599378378
    ],
    "rotation": [
      0.00016948530248335532,
      -0.0006652790456739517,
      -0.1050813061528151
    ]
  },
  {
    "label_id": "DMyvJcDBgX_UfZY7i4gQUg",
    "size": [
      2.2010175447229887,
      5.031357921109429,
      1.7300000000000182
    ],
    "obj_class": "vehicle",
    "point_num_in_lidar": 6730,
    "speed": 5.709267256288867e-13,
    "if_vehicle": true,
    "motion_state": false,
    "pose": [
      [
        0.9990210674069782,
        -0.04709814617178904,
        -0.0006734172659292152,
        2.3001575023699843
      ],
      [
        0.04709844255246715,
        0.9990208920538535,
        -0.00011227866843655583,
        -3.5259191569039103
      ],
      [
        0.0006832844808994478,
        6.66671916547589e-05,
        1.0000006111030604,
        0.8467789965901602
      ],
      [
        0.0,
        0.0,
        0.0,
        1.0
      ]
    ],
    "location": [
      2.3001575023699843,
      -3.5259191569039103,
      0.8467789965901602
    ],
    "rotation": [
      6.666715081549137e-05,
      -0.0006832839554875018,
      0.04710971237884189
    ]
  },
  {
    "label_id": "FaLjVnzgLbkn0NFfVlonZw",
    "size": [
      3.134141242359211,
      4.451840989787582,
      3.0799999999999272
    ],
    "obj_class": "vehicle",
    "point_num_in_lidar": 949,
    "speed": 8.528363000094291e-13,
    "if_vehicle": true,
    "motion_state": false,
    "pose": [
      [
        -0.0477630423282882,
        -0.9989894995861285,
        -0.0006734172659292152,
        30.018110419026925
      ],
      [
        0.9989893240357843,
        -0.04776333859219299,
        -0.00011227866843655583,
        17.92167745556617
      ],
      [
        6.621241135143522e-05,
        -0.0006833287004540249,
        1.0000006111030604,
        1.8277863469908198
      ],
      [
        0.0,
        0.0,
        0.0,
        1.0
      ]
    ],
    "location": [
      30.018110419026925,
      17.92167745556617,
      1.8277863469908198
    ],
    "rotation": [
      -0.0006833281765128402,
      -6.62123553335773e-05,
      1.6185713097168417
    ]
  },
  {
    "label_id": "GZswbdmDQZSe88ajnioK_g",
    "size": [
      1.1505740821373585,
      4.713684939172988,
      4.259999999999991
    ],
    "obj_class": "vehicle",
    "point_num_in_lidar": 188,
    "speed": 5.709267256288867e-13,
    "if_vehicle": true,
    "motion_state": false,
    "pose": [
      [
        0.03893998211846801,
        0.9993723061444171,
        -0.0006734172659292152,
        30.942577984707896
      ],
      [
        -0.999372133216963,
        0.03894027992095336,
        -0.00011227866843655583,
        40.37617580037295
      ],
      [
        -7.224370504783437e-05,
        0.0006827173964109311,
        1.0000006111030604,
        2.829132735968983
      ],
      [
        0.0,
        0.0,
        0.0,
        1.0
      ]
    ],
    "location": [
      30.942577984707896,
      40.37617580037295,
      2.829132735968983
    ],
    "rotation": [
      0.0006827168731285011,
      7.224364393736015e-05,
      -1.5318515812239684
    ]
  },
  {
    "label_id": "L5HBM5tSKtNA4qHegDQk8Q",
    "size": [
      0.9577723394226063,
      0.9858486719012957,
      1.6399999999999864
    ],
    "obj_class": "pedestrian",
    "point_num_in_lidar": 36,
    "speed": 1.6080956842416276,
    "if_vehicle": false,
    "motion_state": true,
    "pose": [
      [
        0.06720492458695429,
        -0.9978701451627155,
        -0.0006734172659292152,
        34.15471273144249
      ],
      [
        0.9978700047740734,
        0.06720461013305656,
        -0.00011227866843655583,
        16.571938148941626
      ],
      [
        0.00014419939622118468,
        -0.0006712143699375074,
        1.0000006111030604,
        1.3376350195956093
      ],
      [
        0.0,
        0.0,
        0.0,
        1.0
      ]
    ],
    "location": [
      34.15471273144249,
      16.571938148941626,
      1.3376350195956093
    ],
    "rotation": [
      -0.0006712138589563619,
      -0.00014419927461816539,
      1.5035495006042188
    ]
  },
  {
    "label_id": "NeHt8l-Xg_tze4fm4Zzhag",
    "size": [
      0.8686749354366602,
      0.8296750162009441,
      1.82000000000005
    ],
    "obj_class": "pedestrian",
    "point_num_in_lidar": 528,
    "speed": 2.9777166713245524e-13,
    "if_vehicle": false,
    "motion_state": false,
    "pose": [
      [
        0.9580329103436432,
        0.2871136903637407,
        -0.0006734172659292152,
        1.4402270964656054
      ],
      [
        -0.2871133525861369,
        0.9580328432875848,
        -0.00011227866843655583,
        10.620052343590942
      ],
      [
        0.000622435357586021,
        0.00028964879062050373,
        1.0000006111030604,
        1.2636017461884421
      ],
      [
        0.0,
        0.0,
        0.0,
        1.0
      ]
    ],
    "location": [
      1.4402270964656054,
      10.620052343590942,
      1.2636017461884421
    ],
    "rotation": [
      0.00028964860551519906,
      -0.0006224348707217774,
      -0.2911728164046226
    ]
  },
  {
    "label_id": "Nx3jDnV5BFvG2rNbAk93sw",
    "size": [
      0.7698546864134799,
      0.8128752011552611,
      1.0900000000000318
    ],
    "obj_class": "sign",
    "point_num_in_lidar": 119,
    "speed": 0.002172958612153045,
    "if_vehicle": false,
    "motion_state": false,
    "pose": [
      [
        -0.003591832621169761,
        1.0001242059035562,
        -0.0006734172659292152,
        12.058380304117236
      ],
      [
        -1.0001240457960587,
        -0.0035915277346105176,
        -0.00011227866843655583,
        14.610893601295174
      ],
      [
        -0.00010120974476233233,
        0.0006790278225863088,
        1.0000006111030604,
        0.8375485868832584
      ],
      [
        0.0,
        0.0,
        0.0,
        1.0
      ]
    ],
    "location": [
      12.058380304117236,
      14.610893601295174,
      0.8375485868832584
    ],
    "rotation": [
      0.0006790273032690279,
      0.00010120965923442635,
      -1.574387698479067
    ]
  },
  {
    "label_id": "OkBzhxzagapiYam_4NK-9A",
    "size": [
      0.9161349937327318,
      0.864239601718528,
      1.8799999999999955
    ],
    "obj_class": "pedestrian",
    "point_num_in_lidar": 125,
    "speed": 0.004686873705091746,
    "if_vehicle": false,
    "motion_state": false,
    "pose": [
      [
        -0.9934503427563962,
        -0.11540253451721162,
        -0.0006734172659292152,
        29.955039374837725
      ],
      [
        0.11540221363961817,
        -0.9934502177452181,
        -0.00011227866843655583,
        -11.6375700927656
      ],
      [
        -0.0006634521282245704,
        -0.00017650345559066312,
        1.0000006111030604,
        0.927035178786241
      ],
      [
        0.0,
        0.0,
        0.0,
        1.0
      ]
    ],
    "location": [
      29.955039374837725,
      -11.6375700927656,
      0.927035178786241
    ],
    "rotation": [
      -0.0001765033458960322,
      0.0006634516151093761,
      3.02594791754663
    ]
  },
  {
    "label_id": "WrQ9WB5nz7yw3pLq2Sx4JA",
    "size": [
      1.9338659153476876,
      4.5722265271665545,
      1.5399999999999636
    ],
    "obj_class": "vehicle",
    "point_num_in_lidar": 1753,
    "speed": 8.881784197001252e-14,
    "if_vehicle": true,
    "motion_state": false,
    "pose": [
      [
        0.999714678138307,
        -0.0288425174112539,
        -0.0006734172659292152,
        3.9391482354349137
      ],
      [
        0.028842816945425773,
        0.9997145082280231,
        -0.00011227866843655583,
        -7.48135255913985
      ],
      [
        0.0006819527681723191,
        7.913670616894982e-05,
        1.0000006111030604,
        0.6174325100627129
      ],
      [
        0.0,
        0.0,
        0.0,
        1.0
      ]
    ],
    "location": [
      3.9391482354349137,
      -7.48135255913985,
      0.6174325100627129
    ],
    "rotation": [
      7.913665764309536e-05,
      -0.0006819522435777513,
      0.0288430477349593
    ]
  },
  {
    "label_id": "X8OBaKk4dxIT8dFfdO_PYQ",
    "size": [
      2.1633729765809924,
      5.267996842103457,
      2.6200000000000045
    ],
    "obj_class": "vehicle",
    "point_num_in_lidar": 80,
    "speed": 5.728578676879116e-13,
    "if_vehicle": true,
    "motion_state": false,
    "pose": [
      [
        0.9994495251651071,
        0.03690494740599453,
        -0.0006734172659292152,
        79.20648300178982
      ],
      [
        -0.036904637355300425,
        0.999449375302531,
        -0.00011227866843655583,
        2.1854113936060457
      ],
      [
        0.0006752795914907094,
        0.00012377265286523542,
        1.0000006111030604,
        1.8009151940415222
      ],
      [
        0.0,
        0.0,
        0.0,
        1.0
      ]
    ],
    "location": [
      79.20648300178982,
      2.1854113936060457,
      1.8009151940415222
    ],
    "rotation": [
      0.0001237725765953838,
      -0.000675279071010168,
      -0.036908195517212715
    ]
  },
  {
    "label_id": "YTw2k0_-8UqolJn4WQRc2g",
    "size": [
      0.7131402618187922,
      0.9424020280400371,
      1.5199999999999818
    ],
    "obj_class": "pedestrian",
    "point_num_in_lidar": 58,
    "speed": 1.557653508310333,
    "if_vehicle": false,
    "motion_state": true,
    "pose": [
      [
        0.1495545827009277,
        0.9888856128435425,
        -0.0006734172659292152,
        33.251258644171685
      ],
      [
        -0.9888854079496513,
        0.1495548594837269,
        -0.00011227866843655583,
        -0.1980620525773702
      ],
      [
        3.932230912367917e-06,
        0.0006865178321363614,
        1.0000006111030604,
        1.0229183161490027
      ],
      [
        0.0,
        0.0,
        0.0,
        1.0
      ]
    ],
    "location": [
      33.251258644171685,
      -0.1980620525773702,
      1.0229183161490027
    ],
    "rotation": [
      0.0006865173047502054,
      -3.932227582709346e-06,
      -1.4206982822318768
    ]
  },
  {
    "label_id": "YZp0XjCF9MO6a2x7szWEXA",
    "size": [
      1.9473680660204526,
      3.8082084000475307,
      1.509999999999991
    ],
    "obj_class": "vehicle",
    "point_num_in_lidar": 116,
    "speed": 1.1390866590859189e-12,
    "if_vehicle": true,
    "motion_state": false,
    "pose": [
      [
        0.9982185908695295,
        -0.061814022181445924,
        -0.0006734172659292152,
        40.33791436673346
      ],
      [
        0.0618143159460444,
        0.9982184111681511,
        -0.00011227866843655583,
        -7.056325494018893
      ],
      [
        0.0006841926639631846,
        5.6591473387076426e-05,
        1.0000006111030604,
        0.8435879912767632
      ],
      [
        0.0,
        0.0,
        0.0,
        1.0
      ]
    ],
    "location": [
      40.33791436673346,
      -7.056325494018893,
      0.8435879912767632
    ],
    "rotation": [
      5.6591438743461904e-05,
      -0.0006841921379945092,
      0.061845657371068674
    ]
  },
  {
    "label_id": "Yyu039jUMIJ4gI_2-mTkSg",
    "size": [
      1.0952675293722713,
      1.1481994723012645,
      1.759999999999991
    ],
    "obj_class": "pedestrian",
    "point_num_in_lidar": 23,
    "speed": 1.4637702723835726,
    "if_vehicle": false,
    "motion_state": true,
    "pose": [
      [
        0.007147913096655285,
        -1.0001051123927722,
        -0.0006734172659292152,
        33.62145779501043
      ],
      [
        1.0001049533703605,
        0.007147607642735499,
        -0.00011227866843655583,
        9.714232033276858
      ],
      [
        0.00010362349809451773,
        -0.0006786636625927551,
        1.0000006111030604,
        1.1136192629955985
      ],
      [
        0.0,
        0.0,
        0.0,
        1.0
      ]
    ],
    "location": [
      33.62145779501043,
      9.714232033276858,
      1.1136192629955985
    ],
    "rotation": [
      -0.0006786631436658294,
      -0.00010362341053539377,
      1.5636492855103348
    ]
  },
  {
    "label_id": "dWu2dkV959ZVbiXuXYme9A",
    "size": [
      1.9876994670929098,
      4.6193943709231275,
      1.4600000000000364
    ],
    "obj_class": "vehicle",
    "point_num_in_lidar": 4078,
    "speed": 8.881784197001252e-14,
    "if_vehicle": true,
    "motion_state": false,
    "pose": [
      [
        0.9999289851599208,
        0.020083653374025384,
        -0.0006734172659292152,
        1.6189795424234035
      ],
      [
        -0.020083345888708314,
        0.9999288301018527,
        -0.00011227866843655583,
        3.2232138969848165
      ],
      [
        0.0006772665176275809,
        0.00011239332890242443,
        1.0000006111030604,
        0.7562599131500747
      ],
      [
        0.0,
        0.0,
        0.0,
        1.0
      ]
    ],
    "location": [
      1.6189795424234035,
      3.2232138969848165,
      0.7562599131500747
    ],
    "rotation": [
      0.00011239325974529941,
      -0.0006772659959189384,
      -0.020082072139606742
    ]
  },
  {
    "label_id": "dv8sizFeYUT8pYvd3AJspA",
    "size": [
      0.753432625522458,
      0.8617267602349281,
      0.7999999999999545
    ],
    "obj_class": "sign",
    "point_num_in_lidar": 52,
    "speed": 1.1370071466249427e-12,
    "if_vehicle": false,
    "motion_state": false,
    "pose": [
      [
        -0.002177422719618983,
        1.0001282854344722,
        -0.0006734172659292152,
        11.993942160672304
      ],
      [
        -1.000128124895955,
        -0.002177118059793655,
        -0.00011227866843655583,
        38.420553210631624
      ],
      [
        -0.00010024934158858311,
        0.0006791702774652429,
        1.0000006111030604,
        1.2539886915446914
      ],
      [
        0.0,
        0.0,
        0.0,
        1.0
      ]
    ],
    "location": [
      11.993942160672304,
      38.420553210631624,
      1.2539886915446914
    ],
    "rotation": [
      0.000679169757995211,
      0.00010024925686903889,
      -1.5729734671283515
    ]
  },
  {
    "label_id": "eTLt3z7Tt1__uHa0Pj96uQ",
    "size": [
      0.5969024159007624,
      0.5832202862830158,
      0.9800000000000182
    ],
    "obj_class": "sign",
    "point_num_in_lidar": 100,
    "speed": 2.5585089000282873e-12,
    "if_vehicle": false,
    "motion_state": false,
    "pose": [
      [
        0.9986387979162432,
        -0.05460659110581548,
        -0.0006734172659292152,
        1.7322238762480993
      ],
      [
        0.05460688615996652,
        0.9986386203401397,
        -0.00011227866843655583,
        5.192517336618039
      ],
      [
        0.0006837663215835576,
        6.152896674938833e-05,
        1.0000006111030604,
        0.7174058294717724
      ],
      [
        0.0,
        0.0,
        0.0,
        1.0
      ]
    ],
    "location": [
      1.7322238762480993,
      5.192517336618039,
      0.7174058294717724
    ],
    "rotation": [
      6.152892907122583e-05,
      -0.0006837657958761661,
      0.05462691615398554
    ]
  },
  {
    "label_id": "hVOvDRfPPYheooNcglGZfw",
    "size": [
      1.9687754390427916,
      4.426137945390364,
      1.5
    ],
    "obj_class": "vehicle",
    "point_num_in_lidar": 61,
    "speed": 1.422084321207637e-12,
    "if_vehicle": true,
    "motion_state": false,
    "pose": [
      [
        0.9946374971479149,
        -0.10467844937296782,
        -0.0006734172659292152,
        51.00903801028653
      ],
      [
        0.10467873513904354,
        0.9946373049813864,
        -0.00011227866843655583,
        -6.6161286284059315
      ],
      [
        0.000685993219497448,
        2.7120086369422564e-05,
        1.0000006111030604,
        0.8471909505225312
      ],
      [
        0.0,
        0.0,
        0.0,
        1.0
      ]
    ],
    "location": [
      51.00903801028653,
      -6.6161286284059315,
      0.8471909505225312
    ],
    "rotation": [
      2.7120069789615992e-05,
      -0.000685992692426675,
      0.10485710216078659
    ]
  },
  {
    "label_id": "iYoNqzfcHozgqJVHl7Yxnw",
    "size": [
      1.9729673738194622,
      3.9732415768768115,
      1.57000000000005
    ],
    "obj_class": "vehicle",
    "point_num_in_lidar": 26,
    "speed": 1.7763568394002505e-14,
    "if_vehicle": true,
    "motion_state": false,
    "pose": [
      [
        0.9993654109423624,
        0.03911654263608159,
        -0.0006734172659292152,
        50.24420807833667
      ],
      [
        -0.03911623225451528,
        0.9993652617662655,
        -0.00011227866843655583,
        2.4158450695213105
      ],
      [
        0.0006750040411195891,
        0.00012526667854375175,
        1.0000006111030604,
        0.9645283534493956
      ],
      [
        0.0,
        0.0,
        0.0,
        1.0
      ]
    ],
    "location": [
      50.24420807833667,
      2.4158450695213105,
      0.9645283534493956
    ],
    "rotation": [
      0.0001252666013377317,
      -0.0006750035208095736,
      -0.03912110075751974
    ]
  },
  {
    "label_id": "ifMXmnBpfdQ88ZpSpy5LIA",
    "size": [
      0.24340906766558268,
      0.052982123451976726,
      0.37999999999999545
    ],
    "obj_class": "sign",
    "point_num_in_lidar": 76,
    "speed": 0.0005016547712703691,
    "if_vehicle": false,
    "motion_state": false,
    "pose": [
      [
        -0.6196999221106836,
        0.7850053089195065,
        -0.0006734172659292152,
        4.96807697825534
      ],
      [
        -0.7850053709480574,
        -0.6196995833737894,
        -0.00011227866843655583,
        4.896458369141328
      ],
      [
        -0.0004984862267815228,
        0.0004720526220563545,
        1.0000006111030604,
        0.8075576269936846
      ],
      [
        0.0,
        0.0,
        0.0,
        1.0
      ]
    ],
    "location": [
      4.96807697825534,
      4.896458369141328,
      0.8075576269936846
    ],
    "rotation": [
      0.00047205229852072375,
      0.0004984858253263294,
      -2.239053443902715
    ]
  },
  {
    "label_id": "iwVyTv3GqaEq5Lo6tx5S8A",
    "size": [
      0.845033627534802,
      1.1945977308094293,
      1.810638297872515
    ],
    "obj_class": "pedestrian",
    "point_num_in_lidar": 148,
    "speed": 1.9803366130967082,
    "if_vehicle": false,
    "motion_state": true,
    "pose": [
      [
        -0.03366291400047479,
        0.9995639732987548,
        -0.0006734172659292152,
        9.356303842138004
      ],
      [
        -0.999563822431279,
        -0.0336626044375097,
        -0.00011227866843655583,
        24.218808713379985
      ],
      [
        -0.00012158164812231408,
        0.000675677511184901,
        1.0000006111030604,
        1.4216836435016376
      ],
      [
        0.0,
        0.0,
        0.0,
        1.0
      ]
    ],
    "location": [
      9.356303842138004,
      24.218808713379985,
      1.4216836435016376
    ],
    "rotation": [
      0.0006756769954521492,
      0.00012158154547097802,
      -1.6044612067022277
    ]
  },
  {
    "label_id": "jYdxjpZOYqJdSiBQI133Fw",
    "size": [
      0.7741745473973025,
      0.9953737697401499,
      1.009999999999991
    ],
    "obj_class": "sign",
    "point_num_in_lidar": 157,
    "speed": 0.0021236935131360925,
    "if_vehicle": false,
    "motion_state": false,
    "pose": [
      [
        -0.04773645235160262,
        0.998990770534283,
        -0.0006734172659292152,
        12.107712173878099
      ],
      [
        -0.9989906240413492,
        -0.047736140694667924,
        -0.00011227866843655583,
        12.641955842955213
      ],
      [
        -0.0001310851688720211,
        0.0006738982673838483,
        1.0000006111030604,
        0.7670970755217468
      ],
      [
        0.0,
        0.0,
        0.0,
        1.0
      ]
    ],
    "location": [
      12.107712173878099,
      12.641955842955213,
      0.7670970755217468
    ],
    "rotation": [
      0.0006738977535485542,
      0.00013108505824932704,
      -1.6185446914693256
    ]
  },
  {
    "label_id": "k7sk2VXkecnWsXdCfg3Wig",
    "size": [
      2.7717332013355995,
      3.9612899707604745,
      3.0399999999999636
    ],
    "obj_class": "vehicle",
    "point_num_in_lidar": 468,
    "speed": 2.864289338439558e-13,
    "if_vehicle": true,
    "motion_state": false,
    "pose": [
      [
        -0.028745898019585738,
        -0.9997174610072812,
        -0.0006734172659292152,
        30.65387302856834
      ],
      [
        0.9997172911259471,
        -0.028746197570177424,
        -0.00011227866843655583,
        38.020366052041936
      ],
      [
        7.92026143742609e-05,
        -0.0006819451166754122,
        1.0000006111030604,
        2.043431136196432
      ],
      [
        0.0,
        0.0,
        0.0,
        1.0
      ]
    ],
    "location": [
      30.65387302856834,
      38.020366052041936,
      2.043431136196432
    ],
    "rotation": [
      -0.0006819445942244785,
      -7.920254739120302e-05,
      1.5995424332089314
    ]
  },
  {
    "label_id": "kWKrXcZMJ7I5K4Z4z9GdSQ",
    "size": [
      0.7759135708028617,
      0.8012255748866434,
      1.75
    ],
    "obj_class": "pedestrian",
    "point_num_in_lidar": 50,
    "speed": 2.9777166713245524e-13,
