[
  {
    "label_id": "-ItvfksmEcYtVEcOjjRESg",
    "size": [
      2.960818615691826,
      8.028851501939148,
      3.3508914890802544
    ],
    "obj_class": "vehicle",
    "point_num_in_lidar": 446,
    "speed": 9.515961624762092,
    "if_vehicle": true,
    "motion_state": true,
    "pose": [
      [
        0.03325982624840601,
        0.9995775780672456,
        -0.0004810091023719431,
        19.418662881298587
      ],
      [
        -0.9995772997617492,
        0.033260188582632653,
        -1.771729663095797e-05,
        -23.253850953167785
      ],
      [
        1.1976485372728888e-05,
        0.0004868747962544588,
        1.0000007281688283,
        1.4526175954059681
      ],
      [
        0.0,
        0.0,
        0.0,
        1.0
      ]
    ],
    "location": [
      19.418662881298587,
      -23.253850953167785,
      1.4526175954059681
    ],
    "rotation": [
      0.000486874403257009,
      -1.1976475231767284e-05,
      -1.5375347072637284
    ]
  },
  {
    "label_id": "-r18nvGJT_LauvErk1VSrg",
    "size": [
      0.7208473821763755,
      2.0829883357271277,
      1.9099999999999682
    ],
    "obj_class": "vehicle",
    "point_num_in_lidar": 51,
    "speed": 5.684341886080801e-13,
    "if_vehicle": true,
    "motion_state": false,
    "pose": [
      [
        -0.0010005949981641794,
        1.0001302662286071,
        -0.0004810091023719431,
        31.485288678177312
      ],
      [
        -1.000130000498338,
        -0.0010002233431286036,
        -1.771729663095797e-05,
        49.96603182844774
      ],
      [
        -4.708620589473239e-06,
        0.0004869993144983355,
        1.0000007281688283,
        1.8258470886512441
      ],
      [
        0.0,
        0.0,
        0.0,
        1.0
      ]
    ],
    "location": [
      31.485288678177312,
      49.96603182844774,
      1.8258470886512441
    ],
    "rotation": [
      0.00048699892138069135,
      4.708616602403672e-06,
      -1.5717967913983222
    ]
  },
  {
    "label_id": "013Doq8QGPt4_5ps9n1EBQ",
    "size": [
      0.6441504486109297,
      0.9234385820636817,
      1.669999999999959
    ],
    "obj_class": "pedestrian",
    "point_num_in_lidar": 68,
    "speed": 1.4964633508483522,
    "if_vehicle": false,
    "motion_state": true,
    "pose": [
      [
        -0.022902981302644294,
        0.9998684933851577,
        -0.0004810091023719431,
        9.443104292362477
      ],
      [
        -0.9998682358577798,
        -0.022902603917309642,
        -1.771729663095797e-05,
        33.555906804687766
      ],
      [
        -1.537266599668714e-05,
        0.0004867794003137966,
        1.0000007281688283,
        1.522114209416145
      ],
      [
        0.0,
        0.0,
        0.0,
        1.0
      ]
    ],
    "location": [
      9.443104292362477,
      33.555906804687766,
      1.522114209416145
    ],
    "rotation": [
      0.00048677900740841997,
      1.5372652980283693e-05,
      -1.5936983214042695
    ]
  },
  {
    "label_id": "0VCoeT-jjrIfzTCsOWz20A",
    "size": [
      0.754432963161888,
      1.043993850799436,
      0.9800000000000182
    ],
    "obj_class": "sign",
    "point_num_in_lidar": 202,
    "speed": 5.687116766346677e-13,
    "if_vehicle": false,
    "motion_state": false,
    "pose": [
      [
        -0.10290396307748294,
        0.994822760595978,
        -0.0004810091023719431,
        11.692034577414233
      ],
      [
        -0.9948225341187035,
        -0.10290356628019813,
        -1.771729663095797e-05,
        11.077785658495486
      ],
      [
        -5.430705530675189e-05,
        0.00048398475923691376,
        1.0000007281688283,
        0.7167127426126854
      ],
      [
        0.0,
        0.0,
        0.0,
        1.0
      ]
    ],
    "location": [
      11.692034577414233,
      11.077785658495486,
      0.7167127426126854
    ],
    "rotation": [
      0.00048398436902491194,
      5.4307009348226336e-05,
      -1.673869269832659
    ]
  },
  {
    "label_id": "0_HBXNo3olLueqYvkPohlg",
    "size": [
      1.7479682991906935,
      3.9316593479287927,
      1.7000000000000455
    ],
    "obj_class": "vehicle",
    "point_num_in_lidar": 60,
    "speed": 1.7763568394002505e-14,
    "if_vehicle": true,
    "motion_state": false,
    "pose": [
      [
        0.9998872791982635,
        -0.022067612339089885,
        -0.0004810091023719431,
        56.57756348679868
      ],
      [
        0.022067977766201827,
        0.9998870049664875,
        -1.771729663095797e-05,
        -6.0365916970295075
      ],
      [
        0.0004869783616015499,
        -6.5252403461496566e-06,
        1.0000007281688283,
        1.0278955624405626
      ],
      [
        0.0,
        0.0,
        0.0,
        1.0
      ]
    ],
    "location": [
      56.57756348679868,
      -6.0365916970295075,
      1.0278955624405626
    ],
    "rotation": [
      -6.525235594583887e-06,
      -0.0004869779684937646,
      0.022066883065727416
    ]
  },
  {
    "label_id": "2-A6zakvKX2opVnyx9gplQ",
    "size": [
      0.7707275497551637,
      1.107612320671707,
      1.7999999999999545
    ],
    "obj_class": "pedestrian",
    "point_num_in_lidar": 74,
    "speed": 1.0919157778768684,
    "if_vehicle": false,
    "motion_state": true,
    "pose": [
      [
        -0.08154367297664011,
        -0.9968009731206795,
        -0.0004810091023719431,
        31.81977105851911
      ],
      [
        0.9968006776242017,
        -0.08154402143305464,
        -1.771729663095797e-05,
        5.411842761306616
      ],
      [
        -3.549954642441998e-05,
        -0.00048572655438359986,
        1.0000007281688283,
        0.9765263085336073
      ],
      [
        0.0,
        0.0,
        0.0,
        1.0
      ]
    ],
    "location": [
      31.81977105851911,
      5.411842761306616,
      0.9765263085336073
    ],
    "rotation": [
      -0.0004857261624938087,
      3.549951637216415e-05,
      1.652419966929086
    ]
  },
  {
    "label_id": "2OYKagQRfCdaOXgU5RkMBA",
    "size": [
      0.8627759996271263,
      0.6348824674672757,
      1.1499999999999773
    ],
    "obj_class": "sign",
    "point_num_in_lidar": 53,
    "speed": 0.002460917550845269,
    "if_vehicle": false,
    "motion_state": false,
    "pose": [
      [
        0.015356793809659831,
        1.0000128596676856,
        -0.0004810091023719431,
        30.413909534177947
      ],
      [
        -1.000012587894495,
        0.0153571610689333,
        -1.771729663095797e-05,
        12.42071612359723
      ],
      [
        3.2569436049022916e-06,
        0.0004870111864711737,
        1.0000007281688283,
        0.6845483300514843
      ],
      [
        0.0,
        0.0,
        0.0,
        1.0
      ]
    ],
    "location": [
      30.413909534177947,
      12.42071612359723,
      0.6845483300514843
    ],
    "rotation": [
      0.00048701079334206903,
      -3.2569408470478342e-06,
      -1.555440933279413
    ]
  },
  {
    "label_id": "2SYmRAjI0pCOwp2XYemMBQ",
    "size": [
      0.9588610015812892,
      0.6083173834498694,
      1.67999999999995
    ],
    "obj_class": "pedestrian",
    "point_num_in_lidar": 342,
    "speed": 0.0012131379348354714,
    "if_vehicle": false,
    "motion_state": false,
    "pose": [
      [
        0.997832370031572,
        0.06776512328647105,
        -0.0004810091023719431,
        11.804093610089694
      ],
      [
        -0.06776473472088819,
        0.9978321297050671,
        -1.771729663095797e-05,
        7.235183221713669
      ],
      [
        0.0004855985742274399,
        3.720924801688106e-05,
        1.0000007281688283,
        0.8722575819945177
      ],
      [
        0.0,
        0.0,
        0.0,
        1.0
      ]
    ],
    "location": [
      11.804093610089694,
      7.235183221713669,
      0.8722575819945177
    ],
    "rotation": [
      3.720922090511388e-05,
      -0.00048559818212486457,
      -0.0678078266268219
    ]
  },
  {
    "label_id": "3083QteOhZ_vSpxmP0XK-Q",
    "size": [
      0.8198295781744194,
      0.7789331854908985,
      1.2000000000000455
    ],
    "obj_class": "sign",
    "point_num_in_lidar": 44,
    "speed": 1.9915012144332625e-12,
    "if_vehicle": false,
    "motion_state": false,
    "pose": [
      [
        -0.03627898477446544,
        0.9994725538405688,
        -0.0004810091023719431,
        28.956059697720775
      ],
      [
        -0.9994723013855884,
        -0.03627860397724375,
        -1.771729663095797e-05,
        14.902581722366449
      ],
      [
        -2.1884307347272696e-05,
        0.0004865301434871588,
        1.0000007281688283,
        0.7363255909367581
      ],
      [
        0.0,
        0.0,
        0.0,
        1.0
      ]
    ],
    "location": [
      28.956059697720775,
      14.902581722366449,
      0.7363255909367581
    ],
    "rotation": [
      0.0004865297508223151,
      2.1884288818191865e-05,
      -1.607078537040424
    ]
  },
  {
    "label_id": "3mqY30kFisxCydiO2pKjPA",
    "size": [
      0.8321203191373758,
      1.0700067716390604,
      1.7200000000000273
    ],
    "obj_class": "pedestrian",
    "point_num_in_lidar": 69,
    "speed": 1.6071543124597962,
    "if_vehicle": false,
    "motion_state": true,
    "pose": [
      [
        -0.03612676959733817,
        0.9994780673608179,
        -0.0004810091023719431,
        33.150943370148525
      ],
      [
        -0.9994778148478468,
        -0.03612638883856855,
        -1.771729663095797e-05,
        -9.2725742956045
      ],
      [
        -2.1810210944478756e-05,
        0.0004865334707173404,
        1.0000007281688283,
        0.9210615938259252
      ],
      [
        0.0,
        0.0,
        0.0,
        1.0
      ]
    ],
    "location": [
      33.150943370148525,
      -9.2725742956045,
      0.9210615938259252
    ],
    "rotation": [
      0.00048653307804928637,
      2.181019247812235e-05,
      -1.6069262419196515
    ]
  },
  {
    "label_id": "45vGTk6HpmeCTR2Etiwq8w",
    "size": [
      0.707705772227347,
      0.7957618448156345,
      1.07000000000005
    ],
    "obj_class": "sign",
    "point_num_in_lidar": 36,
    "speed": 2.2743611691451335e-12,
    "if_vehicle": false,
    "motion_state": false,
    "pose": [
      [
        -1.0000519859467258,
        0.012552928776344768,
        -0.0004810091023719431,
        41.394086939104454
      ],
      [
        -0.012553296796163889,
        -1.0000517152043136,
        -1.771729663095797e-05,
        4.351726368611708
      ],
      [
        -0.00048701840395736455,
        1.8914641225702477e-06,
        1.0000007281688283,
        0.6758744546190201
      ],
      [
        0.0,
        0.0,
        0.0,
        1.0
      ]
    ],
    "location": [
      41.394086939104454,
      4.351726368611708,
      0.6758744546190201
    ],
    "rotation": [
      1.891462745263781e-06,
      0.00048701801082042125,
      -3.129040668594419
    ]
  },
  {
    "label_id": "4BPsEUa8pjB_nYeEbm-YSA",
    "size": [
      0.8876985042485913,
      1.0727947770953707,
      1.7511702127660556
    ],
    "obj_class": "pedestrian",
    "point_num_in_lidar": 250,
    "speed": 1.1902884896139057,
    "if_vehicle": false,
    "motion_state": true,
    "pose": [
      [
        0.07212394608400864,
        0.9975267851131244,
        -0.0004810091023719431,
        9.56804075481159
      ],
      [
        -0.9975264929214575,
        0.07212429731622667,
        -1.771729663095797e-05,
        16.38466160414464
      ],
      [
        3.090964007587656e-05,
        0.00048604022218339725,
        1.0000007281688283,
        1.2384314097364495
      ],
      [
        0.0,
        0.0,
        0.0,
        1.0
      ]
    ],
    "location": [
      9.56804075481159,
      16.38466160414464,
      1.2384314097364495
    ],
    "rotation": [
      0.0004860398299911518,
      -3.090961390765053e-05,
      -1.4986191377953195
    ]
  },
  {
    "label_id": "8IZ7fkXm0FDeUdEuJAqSlA",
    "size": [
      0.7446914889100827,
      1.0496260774128139,
      1.7300000000000182
    ],
    "obj_class": "pedestrian",
    "point_num_in_lidar": 42,
    "speed": 0.0021959251021913947,
    "if_vehicle": false,
    "motion_state": false,
    "pose": [
      [
        -0.9976657446953152,
        -0.07017558320667391,
        -0.0004810091023719431,
        28.417270694573745
      ],
      [
        0.07017519406162166,
        -0.997665505308245,
        -1.771729663095797e-05,
        8.26644427823885
      ],
      [
        -0.00048550726350066816,
        -3.8382294326895124e-05,
        1.0000007281688283,
        1.0626979165533612
      ],
      [
        0.0,
        0.0,
        0.0,
        1.0
      ]
    ],
    "location": [
      28.417270694573745,
      8.26644427823885,
      1.0626979165533612
    ],
    "rotation": [
      -3.838226635927695e-05,
      0.00048550687146464765,
      3.0713689306833087
    ]
  },
  {
    "label_id": "8k1Wkk08druqr8A5YTrqFQ",
    "size": [
      2.1684109006720287,
      4.238163060626746,
      1.7100000000000364
    ],
    "obj_class": "vehicle",
    "point_num_in_lidar": 235,
    "speed": 8.543149943144391e-13,
    "if_vehicle": true,
    "motion_state": false,
    "pose": [
      [
        1.0000429071463437,
        -0.013256488341338517,
        -0.0004810091023719431,
        38.78092836592987
      ],
      [
        0.013256856170592309,
        1.0000426361450867,
        -1.771729663095797e-05,
        2.434997890553859
      ],
      [
        0.0004870169527383458,
        -2.234093811896398e-06,
        1.0000007281688283,
        0.9699979189846317
      ],
      [
        0.0,
        0.0,
        0.0,
        1.0
      ]
    ],
    "location": [
      38.78092836592987,
      2.434997890553859,
      0.9699979189846317
    ],
    "rotation": [
      -2.234092185096392e-06,
      -0.00048701655960245926,
      0.013255510957598292
    ]
  },
  {
    "label_id": "A4kzX4tBck4XcFuUOPA6Lg",
    "size": [
      0.7530091452423618,
      1.132073132049114,
      1.8246200607903802
    ],
    "obj_class": "pedestrian",
    "point_num_in_lidar": 323,
    "speed": 1.5237837842419326,
    "if_vehicle": false,
    "motion_state": true,
    "pose": [
      [
        -0.1859430764109925,
        -0.9826936058363617,
        -0.0004810091023719431,
        13.473546838828042
      ],
      [
        0.9826932753256712,
        -0.1859433918515172,
        -1.771729663095797e-05,
        -5.421460239536827
      ],
      [
        -8.639534795216211e-05,
        -0.0004792977647370462,
        1.0000007281688283,
        0.9178822023010298
      ],
      [
        0.0,
        0.0,
        0.0,
        1.0
      ]
    ],
    "location": [
      13.473546838828042,
      -5.421460239536827,
      0.9178822023010298
    ],
    "rotation": [
      -0.0004792973790252522,
      8.639527490323257e-05,
      1.757803235197701
    ]
  },
  {
    "label_id": "AWjsPzPKZ7MTv8Ta3AXBbQ",
    "size": [
      2.106078352137215,
      4.515543669845269,
      1.4600000000000364
    ],
    "obj_class": "vehicle",
    "point_num_in_lidar": 99,
    "speed": 2.847716647714797e-13,
    "if_vehicle": true,
    "motion_state": false,
    "pose": [
      [
        0.9962632322186282,
        -0.08786991946136222,
        -0.0004810091023719431,
        44.89225538835126
      ],
      [
        0.08787026603488524,
        0.9962629345160345,
        -1.771729663095797e-05,
        -6.917366334491817
      ],
      [
        0.00048549140885180035,
        -3.858231927707548e-05,
        1.0000007281688283,
        0.8343099876819906
      ],
      [
        0.0,
        0.0,
        0.0,
        1.0
      ]
    ],
    "location": [
      44.89225538835126,
      -6.917366334491817,
      0.8343099876819906
    ],
    "rotation": [
      -3.858229116350927e-05,
      -0.00048549101682733635,
      0.08797220151729512
    ]
  },
  {
    "label_id": "AhVLDKKFO3nP9YBAG8x0pw",
    "size": [
      1.9318567274618754,
      4.066022807258439,
      1.509999999999991
    ],
    "obj_class": "vehicle",
    "point_num_in_lidar": 195,
    "speed": 2.929642751054232e-13,
    "if_vehicle": true,
    "motion_state": false,
    "pose": [
      [
        0.028931725712911156,
        -0.9997122115209595,
        -0.0004810091023719431,
        27.15428985314975
      ],
      [
        0.9997119562738797,
        0.0289313467815593,
        -1.771729663095797e-05,
        27.835712820115077
      ],
      [
        1.830764379797777e-05,
        -0.00048667785403516423,
        1.0000007281688283,
        1.2749332609112116
      ],
      [
        0.0,
        0.0,
        0.0,
        1.0
      ]
    ],
    "location": [
      27.15428985314975,
      27.835712820115077,
      1.2749332609112116
    ],
    "rotation": [
      -0.0004866774612277871,
      -1.8307628296760142e-05,
      1.5418643403838739
    ]
  },
  {
    "label_id": "Aof9zDLMpOMBf2RZkTgB1g",
    "size": [
      0.6466332595231489,
      2.732983268659154,
      3.449999999999932
    ],
    "obj_class": "vehicle",
    "point_num_in_lidar": 65,
    "speed": 1.0658141036401503e-13,
    "if_vehicle": true,
    "motion_state": false,
    "pose": [
      [
        -0.049273924199518565,
        -0.998916228224787,
        -0.0004810091023719431,
        31.202282628080866
      ],
      [
        0.9989159441485719,
        -0.049274282027333596,
        -1.771729663095797e-05,
        58.6885207951218
      ],
      [
        -1.9777183379009667e-05,
        -0.0004866203514520306,
        1.0000007281688283,
        2.6297984345876557
      ],
      [
        0.0,
        0.0,
        0.0,
        1.0
      ]
    ],
    "location": [
      31.202282628080866,
      58.6885207951218,
      2.6297984345876557
    ],
    "rotation": [
      -0.0004866199587001432,
      1.9777166633706468e-05,
      1.6200837752756407
    ]
  },
  {
    "label_id": "DMyvJcDBgX_UfZY7i4gQUg",
    "size": [
      2.201017544722988,
      5.031357921109429,
      1.7300000000000182
    ],
    "obj_class": "vehicle",
    "point_num_in_lidar": 6747,
    "speed": 5.709267256288867e-13,
    "if_vehicle": true,
    "motion_state": false,
    "pose": [
      [
        0.9990211392639727,
        -0.047098980037456155,
        -0.0004810091023719431,
        2.300163443076599
      ],
      [
        0.047099338482910064,
        0.9990208559674889,
        -1.771729663095797e-05,
        -3.52589647226705
      ],
      [
        0.0004866622567512505,
        -1.8717673025382648e-05,
        1.0000007281688283,
        0.8452716626707115
      ],
      [
        0.0,
        0.0,
        0.0,
        1.0
      ]
    ],
    "location": [
      2.300163443076599,
      -3.52589647226705,
      0.8452716626707115
    ],
    "rotation": [
      -1.871765939358062e-05,
      -0.0004866618638736738,
      0.047110603814792644
    ]
  },
  {
    "label_id": "FaLjVnzgLbkn0NFfVlonZw",
    "size": [
      3.134141242359214,
      4.451840989787582,
      3.0799999999999272
    ],
    "obj_class": "vehicle",
    "point_num_in_lidar": 1146,
    "speed": 8.528363000094291e-13,
    "if_vehicle": true,
    "motion_state": false,
    "pose": [
      [
        -0.047763876241594644,
        -0.9989895708881211,
        -0.0004810091023719431,
        30.018122300443792
      ],
      [
        0.9989892873531339,
        -0.04776423449841893,
        -1.771729663095797e-05,
        17.921722824843528
      ],
      [
        -1.9041570898599302e-05,
        -0.00048664969126407297,
        1.0000007281688283,
        1.8247716791519224
      ],
      [
        0.0,
        0.0,
        0.0,
        1.0
      ]
    ],
    "location": [
      30.018122300443792,
      17.921722824843528,
      1.8247716791519224
    ],
    "rotation": [
      -0.00048664929848387317,
      1.9041554776047153e-05,
      1.6185721443215912
    ]
  },
  {
    "label_id": "GZswbdmDQZSe88ajnioK_g",
    "size": [
      1.1505740821373587,
      4.713684939172988,
      4.259999999999991
    ],
    "obj_class": "vehicle",
    "point_num_in_lidar": 191,
    "speed": 5.709267256288867e-13,
    "if_vehicle": true,
    "motion_state": false,
    "pose": [
      [
        0.03894081536966138,
        0.9993723848071853,
        -0.0004810091023719431,
        30.942577984709715
      ],
      [
        -0.9993721044467031,
        0.03894117611616683,
        -1.771729663095797e-05,
        40.37617580036931
      ],
      [
        1.4743652905723336e-05,
        0.00048679885797801474,
        1.0000007281688283,
        2.829132735968983
      ],
      [
        0.0,
        0.0,
        0.0,
        1.0
      ]
    ],
    "location": [
      30.942577984709715,
      40.37617580036931,
      2.829132735968983
    ],
    "rotation": [
      0.0004867984650538589,
      -1.4743640421873743e-05,
      -1.5318507475931988
    ]
  },
  {
    "label_id": "L5HBM5tSKtNA4qHegDQk8Q",
    "size": [
      0.9577723394245755,
      0.9858486719012957,
      1.6399999999999864
    ],
    "obj_class": "pedestrian",
    "point_num_in_lidar": 38,
    "speed": 1.6200855771311575,
    "if_vehicle": false,
    "motion_state": true,
    "pose": [
      [
        0.01866015467838683,
        -0.9999566736835318,
        -0.0004810091023719431,
        34.26263413721972
      ],
      [
        0.999956414557159,
        0.018659778389184162,
        -1.771729663095797e-05,
        18.17637405381538
      ],
      [
        1.330703574554539e-05,
        -0.00048684024713387326,
        1.0000007281688283,
        1.3639429979348279
      ],
      [
        0.0,
        0.0,
        0.0,
        1.0
      ]
    ],
    "location": [
      34.26263413721972,
      18.17637405381538,
      1.3639429979348279
    ],
    "rotation": [
      -0.0004868398541697702,
      -1.330702447802902e-05,
      1.552137524431193
    ]
  },
  {
    "label_id": "NeHt8l-Xg_tze4fm4Zzhag",
    "size": [
      0.8686749354366593,
      0.8296750162009441,
      1.82000000000005
    ],
    "obj_class": "pedestrian",
    "point_num_in_lidar": 519,
    "speed": 2.9777166713245524e-13,
    "if_vehicle": false,
    "motion_state": false,
    "pose": [
      [
        0.958033254861107,
        0.2871129276035614,
        -0.0004810091023719431,
        1.4402471332814457
      ],
      [
        -0.2871124954557497,
        0.9580331065765495,
        -1.771729663095797e-05,
        10.620128854328868
      ],
      [
        0.00046529295667904134,
        0.00014385050536783008,
        1.0000007281688283,
        1.2585178110281277
      ],
      [
        0.0,
        0.0,
        0.0,
        1.0
      ]
    ],
    "location": [
      1.4402471332814457,
      10.620128854328868,
      1.2585178110281277
    ],
    "rotation": [
      0.00014385039962822328,
      -0.00046529257947514475,
      -0.2911718965702169
    ]
  },
  {
    "label_id": "Nx3jDnV5BFvG2rNbAk93sw",
    "size": [
      0.7698546864134811,
      0.8128752011552611,
      1.0900000000000318
    ],
    "obj_class": "sign",
    "point_num_in_lidar": 127,
    "speed": 0.0009001895990177059,
    "if_vehicle": false,
    "motion_state": false,
    "pose": [
      [
        -0.0035910034686735853,
        1.000124319927749,
        -0.0004810091023719431,
        12.058833756314925
      ],
      [
        -1.0001240551609858,
        -0.0035906311266235653,
        -1.771729663095797e-05,
        14.611671240698342
      ],
      [
        -5.96996926629372e-06,
        0.00048698548530388887,
        1.0000007281688283,
        0.8375620658771368
      ],
      [
        0.0,
        0.0,
        0.0,
        1.0
      ]
    ],
    "location": [
      12.058833756314925,
      14.611671240698342,
      0.8375620658771368
    ],
    "rotation": [
      0.0004869850921995944,
      5.969964211178486e-06,
      -1.5743868694064809
    ]
  },
  {
    "label_id": "OkBzhxzagapiYam_4NK-9A",
    "size": [
      0.9161349937327296,
      0.864239601718528,
      1.8799999999999955
    ],
    "obj_class": "pedestrian",
    "point_num_in_lidar": 125,
    "speed": 0.004686873701980323,
    "if_vehicle": false,
    "motion_state": false,
    "pose": [
      [
        -0.993450548780776,
        -0.11540172331481736,
        -0.0004810091023719431,
        29.958555348563095
      ],
      [
        0.11540132370184654,
        -0.9934503273095256,
        -1.771729663095797e-05,
        -11.640661137798816
      ],
      [
        -0.0004832638232123246,
        -6.0386924113692837e-05,
        1.0000007281688283,
        0.9261780401265014
      ],
      [
        0.0,
        0.0,
        0.0,
        1.0
      ]
    ],
    "location": [
      29.958555348563095,
      -11.640661137798816,
      0.9261780401265014
    ],
    "rotation": [
      -6.038688006844731e-05,
      0.0004832634328127785,
      3.0259488251940647
    ]
  },
  {
    "label_id": "WrQ9WB5nz7yw3pLq2Sx4JA",
    "size": [
      1.9338659153476887,
      4.5722265271665545,
      1.5399999999999636
    ],
    "obj_class": "vehicle",
    "point_num_in_lidar": 1747,
    "speed": 8.881784197001252e-14,
    "if_vehicle": true,
    "motion_state": false,
    "pose": [
      [
        0.9997147652144138,
        -0.02884334982529154,
        -0.0004810091023719431,
        3.9391482354349137
      ],
      [
        0.028843713385540662,
        0.9997144885124328,
        -1.771729663095797e-05,
        -7.481352559141669
      ],
      [
        0.0004869229569340252,
        -9.825346829986387e-06,
        1.0000007281688283,
        0.6174325100624856
      ],
      [
        0.0,
        0.0,
        0.0,
        1.0
      ]
    ],
    "location": [
      3.9391482354349137,
      -7.481352559141669,
      0.6174325100624856
    ],
    "rotation": [
      -9.825339675164137e-06,
      -0.0004869225638665858,
      0.028843941174182573
    ]
  },
  {
    "label_id": "X8OBaKk4dxIT8dFfdO_PYQ",
    "size": [
      2.163372976580992,
      5.267996842103457,
      2.6200000000000045
    ],
    "obj_class": "vehicle",
    "point_num_in_lidar": 75,
    "speed": 5.728578676879116e-13,
    "if_vehicle": true,
    "motion_state": false,
    "pose": [
      [
        0.9994496667458956,
        0.03690412251189446,
        -0.0004810091023719431,
        79.20648300179164
      ],
      [
        -0.03690374155684313,
        0.9994494145291435,
        -1.771729663095797e-05,
        2.1854113936042268
      ],
      [
        0.00048651636023590706,
        2.218861538061411e-05,
        1.0000007281688283,
        1.8009151940414085
      ],
      [
        0.0,
        0.0,
        0.0,
        1.0
      ]
    ],
    "location": [
      79.20648300179164,
      2.1854113936042268,
      1.8009151940414085
    ],
    "rotation": [
      2.218859921992641e-05,
      -0.00048651596746459837,
      -0.03690729522223203
    ]
  },
  {
    "label_id": "YTw2k0_-8UqolJn4WQRc2g",
    "size": [
      0.7131402618191727,
      0.9424020280400371,
      1.5199999999999818
    ],
    "obj_class": "pedestrian",
    "point_num_in_lidar": 63,
    "speed": 1.5214294493249745,
    "if_vehicle": false,
    "motion_state": true,
    "pose": [
      [
        0.034280189236209374,
        0.9995431052449836,
        -0.0004810091023719431,
        33.43888698764022
      ],
      [
        -0.9995428265697572,
        0.03428055128614984,
        -1.771729663095797e-05,
        -1.7471102866256842
      ],
      [
        1.2473486538467005e-05,
        0.00048686231684458726,
        1.0000007281688283,
        1.030788061499834
      ],
      [
        0.0,
        0.0,
        0.0,
        1.0
      ]
    ],
    "location": [
      33.43888698764022,
      -1.7471102866256842,
      1.030788061499834
    ],
    "rotation": [
      0.0004868619238591827,
      -1.2473475976700214e-05,
      -1.536513895259577
    ]
  },
  {
    "label_id": "YZp0XjCF9MO6a2x7szWEXA",
    "size": [
      1.947368066020453,
      3.8082084000475307,
      1.509999999999991
    ],
    "obj_class": "vehicle",
    "point_num_in_lidar": 112,
    "speed": 1.1390866590859189e-12,
    "if_vehicle": true,
    "motion_state": false,
    "pose": [
      [
        0.9982186504313658,
        -0.06181485701542455,
        -0.0004810091023719431,
        40.33791436673346
      ],
      [
        0.06181521124747016,
        0.9982183618837979,
        -1.771729663095797e-05,
        -7.056325494018893
      ],
      [
        0.0004863336061297881,
        -2.5886810898613766e-05,
        1.0000007281688283,
        0.8435879912767632
      ],
      [
        0.0,
        0.0,
        0.0,
        1.0
      ]
    ],
    "location": [
      40.33791436673346,
      -7.056325494018893,
      0.8435879912767632
    ],
    "rotation": [
      -2.5886792042876258e-05,
      -0.0004863332134916082,
      0.06184654716315964
    ]
  },
  {
    "label_id": "Yyu039jUMIJ4gI_2-mTkSg",
    "size": [
      1.0952675293717538,
      1.1481994723012645,
      1.759999999999991
    ],
    "obj_class": "pedestrian",
    "point_num_in_lidar": 54,
    "speed": 1.50103037812529,
    "if_vehicle": false,
    "motion_state": true,
    "pose": [
      [
        0.015172021943846653,
        -1.0000156800605629,
        -0.0004810091023719431,
        33.658333063531245
      ],
      [
        1.0000154196232056,
        0.015171646560810197,
        -1.771729663095797e-05,
        11.214317445175766
      ],
      [
        1.1608773078578414e-05,
        -0.0004868837025587456,
        1.0000007281688283,
        1.1685814970674073
      ],
      [
        0.0,
        0.0,
        0.0,
        1.0
      ]
    ],
    "location": [
      33.658333063531245,
      11.214317445175766,
      1.1685814970674073
    ],
    "rotation": [
      -0.00048688330955269925,
      -1.1608763248956504e-05,
      1.5556257027302143
    ]
  },
  {
    "label_id": "ZyK_iICxQsEYdJLxMFTw7w",
    "size": [
      0.9212612327108668,
      0.9766455606441014,
      1.740000000000009
    ],
    "obj_class": "pedestrian",
    "point_num_in_lidar": 54,
    "speed": 1.4667935375218248,
    "if_vehicle": false,
    "motion_state": true,
    "pose": [
      [
        0.6529930141618394,
        0.7575365826629697,
        -0.0004810091023719431,
        30.352621830521457
      ],
      [
        -0.7575361386246435,
        0.6529931217258012,
        -1.771729663095797e-05,
        -21.417549839274216
      ],
      [
        0.0003147710461248913,
        0.0003716311234963313,
        1.0000007281688283,
        0.6640866191927444
      ],
      [
        0.0,
        0.0,
        0.0,
        1.0
      ]
    ],
    "location": [
      30.352621830521457,
      -21.417549839274216,
      0.6640866191927444
    ],
    "rotation": [
      0.0003716308357777474,
      -0.00031477078478627993,
      -0.859379141860815
    ]
  },
  {
    "label_id": "aANSRZ5XPxs8mHhsbxTcGg",
    "size": [
      0.8077633193168839,
      0.8146921552102152,
      1.07000000000005
    ],
    "obj_class": "sign",
    "point_num_in_lidar": 35,
    "speed": 8.533911106286719e-13,
    "if_vehicle": false,
    "motion_state": false,
    "pose": [
      [
        -0.00999611586944623,
        -1.000080810876991,
        -0.0004810091023719431,
        32.09868309343983
      ],
      [
        1.000080541076357,
        -0.009996484580253207,
        -1.771729663095797e-05,
        -28.77058907980063
      ],
      [
        -6.463277092193067e-07,
        -0.0004870216480714169,
        1.0000007281688283,
        0.35713652322237976
      ],
      [
        0.0,
        0.0,
        0.0,
        1.0
      ]
    ],
    "location": [
      32.09868309343983,
      -28.77058907980063,
      0.35713652322237976
    ],
    "rotation": [
      -0.00048702125493221306,
      6.463271619327873e-07,
      1.5807913047865645
    ]
  },
  {
    "label_id": "dNW3S4yA8s8GmltmAPV8LQ",
    "size": [
      0.905318501242884,
      1.1352859720932158,
      1.8100000000000591
    ],
    "obj_class": "pedestrian",
    "point_num_in_lidar": 52,
    "speed": 1.8150057825042754,
    "if_vehicle": false,
    "motion_state": true,
    "pose": [
      [
        0.0035922603902360894,
        -1.0001243154139106,
        -0.0004810091023719431,
        33.69017887622431
      ],
      [
        1.0001240506476152,
        0.003591888047853418,
        -1.771729663095797e-05,
        23.214523814098357
      ],
      [
        5.970581292760877e-06,
        -0.0004869854778006536,
        1.0000007281688283,
        1.5344400196235028
      ],
      [
        0.0,
        0.0,
        0.0,
        1.0
      ]
    ],
    "location": [
      33.69017887622431,
      23.214523814098357,
      1.5344400196235028
    ],
    "rotation": [
      -0.00048698508469636635,
      -5.970576237127413e-06,
      1.567204527417657
    ]
  },
  {
    "label_id": "dWu2dkV959ZVbiXuXYme9A",
    "size": [
      1.9876994670929105,
      4.6193943709231275,
      1.4600000000000364
    ],
    "obj_class": "vehicle",
    "point_num_in_lidar": 4060,
    "speed": 8.881784197001252e-14,
    "if_vehicle": true,
    "motion_state": false,
    "pose": [
      [
        0.9999291128415505,
        0.020082826214561162,
        -0.0004810091023719431,
        1.6189795424215845
      ],
      [
        -0.020082449557066853,
        0.9999288542508061,
        -1.771729663095797e-05,
        3.2232138969866355
      ],
      [
        0.00048682082178431996,
        1.3999675244242371e-05,
        1.0000007281688283,
        0.7562599131500747
      ],
      [
        0.0,
        0.0,
        0.0,
        1.0
      ]
    ],
    "location": [
      1.6189795424215845,
      3.2232138969866355,
      0.7562599131500747
    ],
    "rotation": [
      1.3999665049208074e-05,
      -0.0004868204287912596,
      -0.02008117354226034
    ]
  },
  {
    "label_id": "dv8sizFeYUT8pYvd3AJspA",
    "size": [
      0.753432625522458,
      0.8617267602349281,
      0.7999999999999545
    ],
    "obj_class": "sign",
    "point_num_in_lidar": 52,
    "speed": 1.1370071466249427e-12,
    "if_vehicle": false,
    "motion_state": false,
    "pose": [
      [
        -0.00217659340669524,
        1.0001283982859381,
        -0.0004810091023719431,
        11.993942160672304
      ],
      [
        -1.0001281329928624,
        -0.0021762214394588464,
        -1.771729663095797e-05,
        38.420553210629805
      ],
      [
        -5.281253494888391e-06,
        0.0004869934412199267,
        1.0000007281688283,
        1.2539886915446914
      ],
      [
        0.0,
        0.0,
        0.0,
        1.0
      ]
    ],
    "location": [
      11.993942160672304,
      38.420553210629805,
      1.2539886915446914
    ],
    "rotation": [
      0.0004869930481079522,
      5.281249022941465e-06,
      -1.5729726379079796
    ]
  },
  {
    "label_id": "eTLt3z7Tt1__uHa0Pj96uQ",
    "size": [
      0.5969024159007618,
      0.5832202862830158,
      0.9800000000000182
    ],
    "obj_class": "sign",
    "point_num_in_lidar": 102,
    "speed": 2.5585089000282873e-12,
    "if_vehicle": false,
    "motion_state": false,
    "pose": [
      [
        0.9986388635029274,
        -0.054607425488083325,
        -0.0004810091023719431,
        1.7322238762480993
      ],
      [
        0.054607781793832,
        0.9986385775199651,
        -1.771729663095797e-05,
        5.19251733661622
      ],
      [
        0.00048650780330546323,
        -2.237544977417879e-05,
        1.0000007281688283,
        0.7174058294715451
      ],
      [
        0.0,
        0.0,
        0.0,
        1.0
      ]
    ],
    "location": [
      1.7322238762480993,
      5.19251733661622,
      0.7174058294715451
    ],
    "rotation": [
      -2.2375433477351448e-05,
      -0.0004865074105403875,
      0.0546278067543579
    ]
  },
  {
    "label_id": "hVOvDRfPPYheooNcglGZfw",
    "size": [
      1.9687754390427925,
      4.426137945390364,
      1.5
    ],
    "obj_class": "vehicle",
    "point_num_in_lidar": 57,
    "speed": 1.422084321207637e-12,
    "if_vehicle": true,
    "motion_state": false,
    "pose": [
      [
        0.9946375207583129,
        -0.10467928599590029,
        -0.0004810091023719431,
        51.00903801029017
      ],
      [
        0.10467962749331039,
        0.9946372172462701,
        -1.771729663095797e-05,
        -6.6161286284059315
      ],
      [
        0.00048477073440313155,
        -4.6774335868645026e-05,
        1.0000007281688283,
        0.8471909505224176
      ],
      [
        0.0,
        0.0,
        0.0,
        1.0
      ]
    ],
    "location": [
      51.00903801029017,
      -6.6161286284059315,
      0.8471909505224176
    ],
    "rotation": [
      -4.677430177494499e-05,
      -0.0004847703429041023,
      0.10485798702689743
    ]
  },
  {
    "label_id": "iYoNqzfcHozgqJVHl7Yxnw",
    "size": [
      1.972967373819462,
      3.9732415768768115,
      1.57000000000005
    ],
    "obj_class": "vehicle",
    "point_num_in_lidar": 30,
    "speed": 1.7763568394002505e-14,
    "if_vehicle": true,
    "motion_state": false,
    "pose": [
      [
        0.9993655543482151,
        0.03911571805731665,
        -0.0004810091023719431,
        50.24420807833667
      ],
      [
        -0.03911533654506663,
        0.9993653029750974,
        -1.771729663095797e-05,
        2.4158450695194915
      ],
      [
        0.0004864660677430846,
        2.326517492488057e-05,
        1.0000007281688283,
        0.9645283534493956
      ],
      [
        0.0,
        0.0,
        0.0,
        1.0
      ]
    ],
    "location": [
      50.24420807833667,
      2.4158450695194915,
      0.9645283534493956
    ],
    "rotation": [
      2.326515797972018e-05,
      -0.0004864656750084103,
      -0.03912020024238778
    ]
  },
  {
    "label_id": "ifMXmnBpfdQ88ZpSpy5LIA",
    "size": [
      0.2434090676655831,
      0.052982123451976726,
      0.37999999999999545
    ],
    "obj_class": "sign",
    "point_num_in_lidar": 76,
    "speed": 0.0005781769150338164,
    "if_vehicle": false,
    "motion_state": false,
    "pose": [
      [
        -0.6196993397953834,
        0.7850059100885934,
        -0.0004810091023719431,
        4.967849291155289
      ],
      [
        -0.7850059313437157,
        -0.6196988834092957,
        -1.771729663095797e-05,
        4.896989849905367
      ],
      [
        -0.0003050698472770693,
        0.00037963520873603276,
        1.0000007281688283,
        0.8075647177705605
      ],
      [
        0.0,
        0.0,
        0.0,
        1.0
      ]
    ],
    "location": [
      4.967849291155289,
      4.896989849905367,
      0.8075647177705605
    ],
    "rotation": [
      0.00037963491405970895,
      0.00030506959368713644,
      -2.23905263971523
    ]
  },
  {
    "label_id": "iwVyTv3GqaEq5Lo6tx5S8A",
    "size": [
      0.8450336275344478,
      1.1945977308094293,
      1.810638297872515
    ],
    "obj_class": "pedestrian",
    "point_num_in_lidar": 176,
    "speed": 1.9188947721199558,
    "if_vehicle": false,
    "motion_state": true,
    "pose": [
      [
        -0.03952353796692657,
        0.9993495087122581,
        -0.0004810091023719431,
        9.255065857641966
      ],
      [
        -0.9993492574948497,
        -0.03952315635212738,
        -1.771729663095797e-05,
        22.23424231338504
      ],
      [
        -2.346369106881854e-05,
        0.00048645653313644885,
        1.0000007281688283,
        1.3861881885862886
      ],
      [
        0.0,
        0.0,
        0.0,
        1.0
      ]
    ],
    "location": [
      9.255065857641966,
      22.23424231338504,
      1.3861881885862886
    ],
    "rotation": [
      0.00048645614054262763,
      2.3463671202779736e-05,
      -1.6103250002180252
    ]
  },
  {
    "label_id": "jYdxjpZOYqJdSiBQI133Fw",
    "size": [
      0.7741745473973027,
      0.9953737697401499,
      1.009999999999991
    ],
    "obj_class": "sign",
    "point_num_in_lidar": 156,
