[
  {
    "label_id": "0VCoeT-jjrIfzTCsOWz20A",
    "size": [
      0.7544329631618875,
      1.043993850799436,
      0.9800000000000182
    ],
    "obj_class": "sign",
    "point_num_in_lidar": 100,
    "speed": 8.44522920448678e-29,
    "if_vehicle": false,
    "motion_state": false,
    "pose": [
      [
        -0.10290457221914634,
        0.9948222168696432,
        -0.0010898741094286383,
        11.692034577414233
      ],
      [
        -0.9948222834859702,
        -0.10290475064747893,
        -0.0005052043004510631,
        11.077785658495486
      ],
      [
        -0.0006017829792629954,
        0.0010393877634745864,
        1.0000001255294988,
        0.7167127426126854
      ],
      [
        0.0,
        0.0,
        0.0,
        1.0
      ]
    ],
    "location": [
      11.692034577414233,
      11.077785658495486,
      0.7167127426126854
    ],
    "rotation": [
      0.0010393872587083,
      0.0006017825060170768,
      -1.6738699014468172
    ]
  },
  {
    "label_id": "0_HBXNo3olLueqYvkPohlg",
    "size": [
      1.7479682991906929,
      3.9316593479287927,
      1.7000000000000455
    ],
    "obj_class": "vehicle",
    "point_num_in_lidar": 39,
    "speed": 1.3538732345863595e-27,
    "if_vehicle": true,
    "motion_state": false,
    "pose": [
      [
        0.9998868157525684,
        -0.02206694009658636,
        -0.0010898741094286383,
        56.57756348679868
      ],
      [
        0.022066771378103582,
        0.9998869041181638,
        -0.0005052043004510631,
        -6.0365916970295075
      ],
      [
        0.0011063704233615626,
        0.0004673480109106137,
        1.0000001255294988,
        1.0278955624406763
      ],
      [
        0.0,
        0.0,
        0.0,
        1.0
      ]
    ],
    "location": [
      56.57756348679868,
      -6.0365916970295075,
      1.0278955624406763
    ],
    "rotation": [
      0.00046734791821953514,
      -0.0011063697122370793,
      0.02206568735309624
    ]
  },
  {
    "label_id": "1nDCER_bA9py1ZPpNXecog",
    "size": [
      0.7354650318024749,
      0.47864826564817664,
      0.8600000000000136
    ],
    "obj_class": "sign",
    "point_num_in_lidar": 376,
    "speed": 0.02253123936318556,
    "if_vehicle": false,
    "motion_state": false,
    "pose": [
      [
        1.0001204374961545,
        0.004438993527522669,
        -0.0010898741094286383,
        -0.7904475821615051
      ],
      [
        -0.0044391645285412435,
        1.000120521359475,
        -0.0005052043004510631,
        5.124270538683049
      ],
      [
        0.0010935965710449432,
        0.0004965039947372991,
        1.0000001255294988,
        0.8391711523931917
      ],
      [
        0.0,
        0.0,
        0.0,
        1.0
      ]
    ],
    "location": [
      -0.7904475821615051,
      5.124270538683049,
      0.8391711523931917
    ],
    "rotation": [
      0.0004965038916126686,
      -0.0010935958630088657,
      -0.004438600802280407
    ]
  },
  {
    "label_id": "2-A6zakvKX2opVnyx9gplQ",
    "size": [
      0.7707275497538332,
      1.107612320671707,
      1.7999999999999545
    ],
    "obj_class": "pedestrian",
    "point_num_in_lidar": 61,
    "speed": 1.6182133651141526,
    "if_vehicle": false,
    "motion_state": true,
    "pose": [
      [
        -0.08358005282318857,
        -0.9966318121207602,
        -0.0010898741094286383,
        32.05384299348589
      ],
      [
        0.9966319107053859,
        -0.0835798898646771,
        -0.0005052043004510631,
        -8.830713091831058
      ],
      [
        0.00039835127082716584,
        -0.0011330427803140232,
        1.0000001255294988,
        0.9945202622399165
      ],
      [
        0.0,
        0.0,
        0.0,
        1.0
      ]
    ],
    "location": [
      32.05384299348589,
      -8.830713091831058,
      0.9945202622399165
    ],
    "rotation": [
      -0.0011330421532228404,
      -0.00039835094405322655,
      1.6544630620415621
    ]
  },
  {
    "label_id": "2OYKagQRfCdaOXgU5RkMBA",
    "size": [
      0.8627759996271229,
      0.6348824674672757,
      1.1499999999999773
    ],
    "obj_class": "sign",
    "point_num_in_lidar": 31,
    "speed": 0.0024609175523241994,
    "if_vehicle": false,
    "motion_state": false,
    "pose": [
      [
        0.01535612469251129,
        1.0000123917209551,
        -0.0010898741094286383,
        30.41240455782281
      ],
      [
        -1.0000124789522777,
        0.015355955384799709,
        -0.0005052043004510631,
        12.398372229125016
      ],
      [
        -0.0004747624247184075,
        0.0011032090994307715,
        1.0000001255294988,
        0.6842065149861583
      ],
      [
        0.0,
        0.0,
        0.0,
        1.0
      ]
    ],
    "location": [
      30.41240455782281,
      12.398372229125016,
      0.6842065149861583
    ],
    "rotation": [
      0.0011032085133849828,
      0.0004747620405421721,
      -1.5554416005578962
    ]
  },
  {
    "label_id": "2SYmRAjI0pCOwp2XYemMBQ",
    "size": [
      0.9588610015812893,
      0.6083173834498694,
      1.67999999999995
    ],
    "obj_class": "pedestrian",
    "point_num_in_lidar": 172,
    "speed": 0.002489543122359718,
    "if_vehicle": false,
    "motion_state": false,
    "pose": [
      [
        0.9978318481200398,
        0.06776575121979422,
        -0.0010898741094286383,
        11.791929302249628
      ],
      [
        -0.06776592718847332,
        0.9978319209858674,
        -0.0005052043004510631,
        7.215473889227724
      ],
      [
        0.0010599588406787852,
        0.0005647627227944822,
        1.0000001255294988,
        0.905953233856053
      ],
      [
        0.0,
        0.0,
        0.0,
        1.0
      ]
    ],
    "location": [
      11.791929302249628,
      7.215473889227724,
      0.905953233856053
    ],
    "rotation": [
      0.0005647625918551483,
      -0.001059958141623712,
      -0.06780905155699729
    ]
  },
  {
    "label_id": "3083QteOhZ_vSpxmP0XK-Q",
    "size": [
      0.8198295781744179,
      0.7789331854908985,
      1.2000000000000455
    ],
    "obj_class": "sign",
    "point_num_in_lidar": 24,
    "speed": 8.44522920448678e-29,
    "if_vehicle": false,
    "motion_state": false,
    "pose": [
      [
        -0.03627962884682821,
        0.9994720519813316,
        -0.0010898741094286383,
        28.956059697720775
      ],
      [
        -0.999472130357624,
        -0.03627980243127943,
        -0.0005052043004510631,
        14.902581722366449
      ],
      [
        -0.0005310713488798071,
        0.0010772339111772954,
        1.0000001255294988,
        0.7363255909369855
      ],
      [
        0.0,
        0.0,
        0.0,
        1.0
      ]
    ],
    "location": [
      28.956059697720775,
      14.902581722366449,
      0.7363255909369855
    ],
    "rotation": [
      0.0010772333592672361,
      0.0005310709241516438,
      -1.6070791868081082
    ]
  },
  {
    "label_id": "3mqY30kFisxCydiO2pKjPA",
    "size": [
      0.8321203191390063,
      1.0700067716390604,
      1.7200000000000273
    ],
    "obj_class": "pedestrian",
    "point_num_in_lidar": 61,
    "speed": 1.7428038282306975,
    "if_vehicle": false,
    "motion_state": true,
    "pose": [
      [
        -0.05304061607154777,
        0.9987228280197603,
        -0.0010898741094286383,
        32.80563517552764
      ],
      [
        -0.9987229034731542,
        -0.05304079094633232,
        -0.0005052043004510631,
        5.341834556962567
      ],
      [
        -0.0005490671654610418,
        0.0010681736398188873,
        1.0000001255294988,
        0.9755460847195536
      ],
      [
        0.0,
        0.0,
        0.0,
        1.0
      ]
    ],
    "location": [
      32.80563517552764,
      5.341834556962567,
      0.9755460847195536
    ],
    "rotation": [
      0.0010681730994717997,
      0.0005490667281193817,
      -1.6238549208997737
    ]
  },
  {
    "label_id": "63vjcxiQGxy6SmQ94yX-FQ",
    "size": [
      2.1481877568324883,
      4.771924252461758,
      1.490000000000009
    ],
    "obj_class": "vehicle",
    "point_num_in_lidar": 3715,
    "speed": 2.792340556162278,
    "if_vehicle": true,
    "motion_state": true,
    "pose": [
      [
        0.9986832293793457,
        0.053781051658350815,
        -0.0010898741094286383,
        -8.795138951867557
      ],
      [
        -0.05378122658902808,
        0.9986833047030672,
        -0.0005052043004510631,
        -2.85003575486553
      ],
      [
        0.0010677662694676734,
        0.0005498589553498582,
        1.0000001255294988,
        0.6828042199954325
      ],
      [
        0.0,
        0.0,
        0.0,
        1.0
      ]
    ],
    "location": [
      -8.795138951867557,
      -2.85003575486553,
      0.6828042199954325
    ],
    "rotation": [
      0.0005498588309107005,
      -0.0010677655682198063,
      -0.053800169884425125
    ]
  },
  {
    "label_id": "8IZ7fkXm0FDeUdEuJAqSlA",
    "size": [
      0.7446914889100816,
      1.0496260774128139,
      1.7300000000000182
    ],
    "obj_class": "pedestrian",
    "point_num_in_lidar": 76,
    "speed": 0.004006739633064715,
    "if_vehicle": false,
    "motion_state": false,
    "pose": [
      [
        -0.9976652212682859,
        -0.07017620987727138,
        -0.0010898741094286383,
        28.41764410653923
      ],
      [
        0.07017638602147308,
        -0.9976652937087794,
        -0.0005052043004510631,
        8.24453099954917
      ],
      [
        -0.0010585913403015244,
        -0.0005673218233330832,
        1.0000001255294988,
        1.1189323337408723
      ],
      [
        0.0,
        0.0,
        0.0,
        1.0
      ]
    ],
    "location": [
      28.41764410653923,
      8.24453099954917,
      1.1189323337408723
    ],
    "rotation": [
      -0.0005673216912525603,
      0.0010585906416371903,
      3.071367705094152
    ]
  },
  {
    "label_id": "8k1Wkk08druqr8A5YTrqFQ",
    "size": [
      2.168410900672029,
      4.238163060626746,
      1.7100000000000364
    ],
    "obj_class": "vehicle",
    "point_num_in_lidar": 174,
    "speed": 6.808761485012342e-28,
    "if_vehicle": true,
    "motion_state": false,
    "pose": [
      [
        1.0000424377953356,
        -0.01325582020847,
        -0.0010898741094286383,
        38.78092836592805
      ],
      [
        0.013255650717924524,
        1.0000425246708782,
        -0.0005052043004510631,
        2.434997890555678
      ],
      [
        0.0011022095490711853,
        0.00047707838656518934,
        1.0000001255294988,
        0.9699979189847454
      ],
      [
        0.0,
        0.0,
        0.0,
        1.0
      ]
    ],
    "location": [
      38.78092836592805,
      2.434997890555678,
      0.9699979189847454
    ],
    "rotation": [
      0.0004770782904828555,
      -0.0011022088389329762,
      0.0132543119883477
    ]
  },
  {
    "label_id": "A4kzX4tBck4XcFuUOPA6Lg",
    "size": [
      0.7530091452412592,
      1.132073132049114,
      1.8246200607903802
    ],
    "obj_class": "pedestrian",
    "point_num_in_lidar": 83,
    "speed": 0.7200432729757268,
    "if_vehicle": false,
    "motion_state": false,
    "pose": [
      [
        0.9804924640760313,
        0.19721846275425003,
        -0.0010898741094286383,
        14.087308657513859
      ],
      [
        -0.19721864671779699,
        0.9804925133895008,
        -0.0005052043004510631,
        -10.647771264206312
      ],
      [
        0.0009773244790623281,
        0.0006980734485832404,
        1.0000001255294988,
        0.7557017094875391
      ],
      [
        0.0,
        0.0,
        0.0,
        1.0
      ]
    ],
    "location": [
      14.087308657513859,
      -10.647771264206312,
      0.7557017094875391
    ],
    "rotation": [
      0.0006980732475625983,
      -0.000977323807083581,
      -0.19849381821099374
    ]
  },
  {
    "label_id": "AWjsPzPKZ7MTv8Ta3AXBbQ",
    "size": [
      2.1060783521372137,
      4.515543669845269,
      1.4600000000000364
    ],
    "obj_class": "vehicle",
    "point_num_in_lidar": 61,
    "speed": 4.22261460224339e-29,
    "if_vehicle": true,
    "motion_state": false,
    "pose": [
      [
        0.996262814051365,
        -0.0878692181568291,
        -0.0010898741094286383,
        44.89225538834944
      ],
      [
        0.08786905562417878,
        0.9962629133365223,
        -0.0005052043004510631,
        -6.917366334489998
      ],
      [
        0.0011347469619146203,
        0.00039347046829068806,
        1.0000001255294988,
        0.8343099876821043
      ],
      [
        0.0,
        0.0,
        0.0,
        1.0
      ]
    ],
    "location": [
      44.89225538834944,
      -6.917366334489998,
      0.8343099876821043
    ],
    "rotation": [
      0.00039347039859298375,
      -0.0011347462445783756,
      0.08797103267925131
    ]
  },
  {
    "label_id": "AhVLDKKFO3nP9YBAG8x0pw",
    "size": [
      1.9318567274618723,
      4.066022807258439,
      1.509999999999991
    ],
    "obj_class": "vehicle",
    "point_num_in_lidar": 69,
    "speed": 1.689045840897356e-28,
    "if_vehicle": true,
    "motion_state": false,
    "pose": [
      [
        0.028932373456618716,
        -0.999711714409311,
        -0.0010898741094286383,
        27.15428985314975
      ],
      [
        0.999711794059359,
        0.028932546460302928,
        -0.0005052043004510631,
        27.835712820116896
      ],
      [
        0.0005231391660129219,
        -0.0010811082693119394,
        1.0000001255294988,
        1.2749332609113253
      ],
      [
        0.0,
        0.0,
        0.0,
        1.0
      ]
    ],
    "location": [
      27.15428985314975,
      27.835712820116896,
      1.2749332609113253
    ],
    "rotation": [
      -0.001081107712403419,
      -0.0005231387468994826,
      1.5418636883037244
    ]
  },
  {
    "label_id": "CB379cbEIKwW6eAs4wK6mw",
    "size": [
      0.9628501388814034,
      0.8106594422164695,
      1.7300000000000182
    ],
    "obj_class": "pedestrian",
    "point_num_in_lidar": 22,
    "speed": 1.4693356662755672,
    "if_vehicle": false,
    "motion_state": true,
    "pose": [
      [
        0.9065919501288576,
        0.42231697825518644,
        -0.0010898741094286383,
        59.10726118874118
      ],
      [
        -0.42231716865663016,
        0.9065919547866653,
        -0.0005052043004510631,
        -17.946287545339146
      ],
      [
        0.0007857014187487248,
        0.0009083737983713497,
        1.0000001255294988,
        1.1795941066651494
      ],
      [
        0.0,
        0.0,
        0.0,
        1.0
      ]
    ],
    "location": [
      59.10726118874118,
      -17.946287545339146,
      1.1795941066651494
    ],
    "rotation": [
      0.0009083734344977933,
      -0.0007857008342845196,
      -0.4359393886948215
    ]
  },
  {
    "label_id": "DMyvJcDBgX_UfZY7i4gQUg",
    "size": [
      2.2010175447229883,
      5.031357921109429,
      1.7300000000000182
    ],
    "obj_class": "vehicle",
    "point_num_in_lidar": 5265,
    "speed": 8.445231301420787e-29,
    "if_vehicle": true,
    "motion_state": false,
    "pose": [
      [
        0.9990206927973027,
        -0.04709829640055506,
        -0.0010898741094286383,
        2.3001093820003007
      ],
      [
        0.047098129947751234,
        0.9990207853600866,
        -0.0005052043004510631,
        -3.526102904947038
      ],
      [
        0.0011177264032678903,
        0.00043949671719954237,
        1.0000001255294988,
        0.8589885652869498
      ],
      [
        0.0,
        0.0,
        0.0,
        1.0
      ]
    ],
    "location": [
      2.3001093820003007,
      -3.526102904947038,
      0.8589885652869498
    ],
    "rotation": [
      0.0004394966337324181,
      -0.0011177256895493258,
      0.04710941780055254
    ]
  },
  {
    "label_id": "FaLjVnzgLbkn0NFfVlonZw",
    "size": [
      3.134141242359213,
      4.451840989787582,
      3.0799999999999272
    ],
    "obj_class": "vehicle",
    "point_num_in_lidar": 658,
    "speed": 6.9641144085300005e-28,
    "if_vehicle": true,
    "motion_state": false,
    "pose": [
      [
        -0.04776319230769596,
        -0.99898912487655,
        -0.0010898741094286383,
        30.018014178293015
      ],
      [
        0.9989892175500976,
        -0.047763025916534786,
        -0.0005052043004510631,
        17.921309959479913
      ],
      [
        0.0004387527079694433,
        -0.0011180186663203929,
        1.0000001255294988,
        1.852205484384399
      ],
      [
        0.0,
        0.0,
        0.0,
        1.0
      ]
    ],
    "location": [
      30.018014178293015,
      17.921309959479913,
      1.852205484384399
    ],
    "rotation": [
      -0.00111801806014827,
      -0.00043875235052666855,
      1.6185714645903462
    ]
  },
  {
    "label_id": "GZswbdmDQZSe88ajnioK_g",
    "size": [
      1.1505740821373527,
      4.713684939172988,
      4.259999999999991
    ],
    "obj_class": "vehicle",
    "point_num_in_lidar": 197,
    "speed": 4.22261460224339e-29,
    "if_vehicle": true,
    "motion_state": false,
    "pose": [
      [
        0.038940135400758205,
        0.9993719327737833,
        -0.0010898741094286383,
        30.942577984709715
      ],
      [
        -0.999372023974464,
        0.038939968197765525,
        -0.0005052043004510631,
        40.37617580037113
      ],
      [
        -0.000448607842679538,
        0.0011141008394565356,
        1.0000001255294988,
        2.829132735968983
      ],
      [
        0.0,
        0.0,
        0.0,
        1.0
      ]
    ],
    "location": [
      30.942577984709715,
      40.37617580037113,
      2.829132735968983
    ],
    "rotation": [
      0.001114100238656216,
      0.00044860747786183713,
      -1.5318514238250802
    ]
  },
  {
    "label_id": "JyfDMV88pTVkjurlKpSYsw",
    "size": [
      0.8322754391570862,
      0.6549350166367978,
      1.0499999999999545
    ],
    "obj_class": "sign",
    "point_num_in_lidar": 275,
    "speed": 1.5700737829706689e-27,
    "if_vehicle": false,
    "motion_state": false,
    "pose": [
      [
        0.9998972778411168,
        0.021587679980979747,
        -0.0010898741094286383,
        -6.8048130031857
      ],
      [
        -0.02158785239488412,
        0.999897358759906,
        -0.0005052043004510631,
        4.876787023291399
      ],
      [
        0.0010849220946686953,
        0.0005151831960487837,
        1.0000001255294988,
        0.7112562396831663
      ],
      [
        0.0,
        0.0,
        0.0,
        1.0
      ]
    ],
    "location": [
      -6.8048130031857,
      4.876787023291399,
      0.7112562396831663
    ],
    "rotation": [
      0.0005151830857992307,
      -0.0010849213888317552,
      -0.02158671651013135
    ]
  },
  {
    "label_id": "L5HBM5tSKtNA4qHegDQk8Q",
    "size": [
      0.9577723394241016,
      0.9858486719012957,
      1.6399999999999864
    ],
    "obj_class": "pedestrian",
    "point_num_in_lidar": 53,
    "speed": 1.6588393205756604,
    "if_vehicle": false,
    "motion_state": true,
    "pose": [
      [
        -0.005105210514886653,
        -1.000117258618526,
        -0.0010898741094286383,
        33.87920292680246
      ],
      [
        1.0001173441098654,
        -0.005105040321949797,
        -0.0005052043004510631,
        3.674744979087336
      ],
      [
        0.00048604535601622995,
        -0.0010982848395959988,
        1.0000001255294988,
        1.0497634329217362
      ],
      [
        0.0,
        0.0,
        0.0,
        1.0
      ]
    ],
    "location": [
      33.87920292680246,
      3.674744979087336,
      1.0497634329217362
    ],
    "rotation": [
      -0.0010982842601347997,
      -0.00048604496358806154,
      1.5759008939773274
    ]
  },
  {
    "label_id": "MGw5mrKnm4f98o1li921HQ",
    "size": [
      2.075684710102897,
      5.188342363266595,
      1.9800000000000182
    ],
    "obj_class": "vehicle",
    "point_num_in_lidar": 6815,
    "speed": 6.756183363589424e-28,
    "if_vehicle": true,
    "motion_state": false,
    "pose": [
      [
        1.0000828895457559,
        -0.009736950182089626,
        -0.0010898741094286383,
        -3.971664427393989
      ],
      [
        0.009736780386909769,
        1.0000829758243848,
        -0.0005052043004510631,
        2.74788305894981
      ],
      [
        0.0011005240594750625,
        0.0004809537103587846,
        1.0000001255294988,
        1.0065122377080797
      ],
      [
        0.0,
        0.0,
        0.0,
        1.0
      ]
    ],
    "location": [
      -3.971664427393989,
      2.74788305894981,
      1.0065122377080797
    ],
    "rotation": [
      0.00048095361290076134,
      -0.0011005233497418088,
      0.009735665772356978
    ]
  },
  {
    "label_id": "NeHt8l-Xg_tze4fm4Zzhag",
    "size": [
      0.8686749354366603,
      0.8296750162009441,
      1.82000000000005
    ],
    "obj_class": "pedestrian",
    "point_num_in_lidar": 23,
    "speed": 1.351896630593864e-27,
    "if_vehicle": false,
    "motion_state": false,
    "pose": [
      [
        0.9580326068206292,
        0.287113424328272,
        -0.0010898741094286383,
        1.4401667956844904
      ],
      [
        -0.28711361206611025,
        0.9580326388972408,
        -0.0005052043004510631,
        10.619822084530824
      ],
      [
        0.0009085257346958394,
        0.000785525726113877,
        1.0000001255294988,
        1.2789018482508254
      ],
      [
        0.0,
        0.0,
        0.0,
        1.0
      ]
    ],
    "location": [
      1.4401667956844904,
      10.619822084530824,
      1.2789018482508254
    ],
    "rotation": [
      0.0007855254659376351,
      -0.0009085250903750822,
      -0.29117315205291006
    ]
  },
  {
    "label_id": "Nx3jDnV5BFvG2rNbAk93sw",
    "size": [
      0.7698546864134812,
      0.8128752011552611,
      1.0900000000000318
    ],
    "obj_class": "sign",
    "point_num_in_lidar": 81,
    "speed": 0.011148010385911318,
    "if_vehicle": false,
    "motion_state": false,
    "pose": [
      [
        -0.003591663600580959,
        1.0001238393887115,
        -0.0010898741094286383,
        12.141143861805176
      ],
      [
        -1.0001239233968784,
        -0.003591834530486987,
        -0.0005052043004510631,
        14.588435732521248
      ],
      [
        -0.0004955772927716749,
        0.0010940168297976264,
        1.0000001255294988,
        0.8375376013873392
      ],
      [
        0.0,
        0.0,
        0.0,
        1.0
      ]
    ],
    "location": [
      12.141143861805176,
      14.588435732521248,
      0.8375376013873392
    ],
    "rotation": [
      0.0010940162560003997,
      0.0004955768934203474,
      -1.5743875299211236
    ]
  },
  {
    "label_id": "OkBzhxzagapiYam_4NK-9A",
    "size": [
      0.9161349937315794,
      0.864239601718528,
      1.8799999999999955
    ],
    "obj_class": "pedestrian",
    "point_num_in_lidar": 73,
    "speed": 1.2389555138251946,
    "if_vehicle": false,
    "motion_state": true,
    "pose": [
      [
        -0.9276308887196913,
        -0.3738469318506606,
        -0.0010898741094286383,
        33.040264580618896
      ],
      [
        0.37384712174037776,
        -0.9276309034268398,
        -0.0005052043004510631,
        -13.004820745787583
      ],
      [
        -0.0008325796278280495,
        -0.0008656100971667656,
        1.0000001255294988,
        1.1062243546272157
      ],
      [
        0.0,
        0.0,
        0.0,
        1.0
      ]
    ],
    "location": [
      33.040264580618896,
      -13.004820745787583,
      1.1062243546272157
    ],
    "rotation": [
      -0.0008656097723123359,
      0.0008325790190191378,
      2.7584917364673416
    ]
  },
  {
    "label_id": "PrS_b18HNPEbxJ9IAYW2BQ",
    "size": [
      0.4898753199565479,
      0.06346714012757415,
      0.4700000000000273
    ],
    "obj_class": "sign",
    "point_num_in_lidar": 40,
    "speed": 0.0011948161049145371,
    "if_vehicle": false,
    "motion_state": false,
    "pose": [
      [
        -0.26700001359990566,
        0.9638317212556802,
        -0.0010898741094286383,
        11.365770236810931
      ],
      [
        -0.9638317572544034,
        -0.26700020062529656,
        -0.0005052043004510631,
        10.2738109111815
      ],
      [
        -0.0007663392689754971,
        0.0009247668905283383,
        1.0000001255294988,
        2.949306734042011
      ],
      [
        0.0,
        0.0,
        0.0,
        1.0
      ]
    ],
    "location": [
      11.365770236810931,
      10.2738109111815,
      2.949306734042011
    ],
    "rotation": [
      0.0009247665108247588,
      0.0007663386950761422,
      -1.841038908281358
    ]
  },
  {
    "label_id": "WrQ9WB5nz7yw3pLq2Sx4JA",
    "size": [
      1.9338659153476878,
      4.5722265271665545,
      1.5399999999999636
    ],
    "obj_class": "vehicle",
    "point_num_in_lidar": 1546,
    "speed": 8.44522920448678e-29,
    "if_vehicle": true,
    "motion_state": false,
    "pose": [
      [
        0.9997143063351543,
        -0.02884267445744673,
        -0.0010898741094286383,
        3.9391482354330947
      ],
      [
        0.02884250634169277,
        0.9997143958421272,
        -0.0005052043004510631,
        -7.481352559141669
      ],
      [
        0.0011095122377519856,
        0.00045983939725727495,
        1.0000001255294988,
        0.6174325100627129
      ],
      [
        0.0,
        0.0,
        0.0,
        1.0
      ]
    ],
    "location": [
      3.9391482354330947,
      -7.481352559141669,
      0.6174325100627129
    ],
    "rotation": [
      0.0004598393071225278,
      -0.0011095115258954694,
      0.028842748021913254
    ]
  },
  {
    "label_id": "YTw2k0_-8UqolJn4WQRc2g",
    "size": [
      0.7131402618212995,
      0.9424020280400371,
      1.5199999999999818
    ],
    "obj_class": "pedestrian",
    "point_num_in_lidar": 47,
    "speed": 1.37889312060984,
    "if_vehicle": false,
    "motion_state": true,
    "pose": [
      [
        -0.07279795802179313,
        0.9974773438373897,
        -0.0010898741094286383,
        33.46990965063014
      ],
      [
        -0.9974774158147036,
        -0.07279813435576947,
        -0.0005052043004510631,
        11.613461967557669
      ],
      [
        -0.0005701019761237022,
        0.001057096690852449,
        1.0000001255294988,
        1.267760569962661
      ],
      [
        0.0,
        0.0,
        0.0,
        1.0
      ]
    ],
    "location": [
      33.46990965063014,
      11.613461967557669,
      1.267760569962661
    ],
    "rotation": [
      0.001057096164403958,
      0.0005701015242642839,
      -1.6436492239846767
    ]
  },
  {
    "label_id": "YZp0XjCF9MO6a2x7szWEXA",
    "size": [
      1.9473680660204535,
      3.8082084000475307,
      1.509999999999991
    ],
    "obj_class": "vehicle",
    "point_num_in_lidar": 82,
    "speed": 4.22261460224339e-29,
    "if_vehicle": true,
    "motion_state": false,
    "pose": [
      [
        0.9982182140868425,
        -0.06181416687387636,
        -0.0010898741094286383,
        40.33791436673346
      ],
      [
        0.06181400180309564,
        0.998218309092328,
        -0.0005052043004510631,
        -7.056325494018893
      ],
      [
        0.0011240812156622878,
        0.00042297883822543916,
        1.0000001255294988,
        0.8435879912767632
      ],
      [
        0.0,
        0.0,
        0.0,
        1.0
      ]
    ],
    "location": [
      40.33791436673346,
      -7.056325494018893,
      0.8435879912767632
    ],
    "rotation": [
      0.00042297875990393374,
      -0.0011240805005548796,
      0.061845367154038815
    ]
  },
  {
    "label_id": "Yyu039jUMIJ4gI_2-mTkSg",
    "size": [
      1.095267529371963,
      1.1481994723012645,
      1.759999999999991
    ],
    "obj_class": "pedestrian",
    "point_num_in_lidar": 62,
    "speed": 1.6285059254068588,
    "if_vehicle": false,
    "motion_state": true,
    "pose": [
      [
        0.051646781547694386,
        -0.9987958771024246,
        -0.0010898741094286383,
        33.683286504630814
      ],
      [
        0.9987959527997943,
        0.05164695631700851,
        -0.0005052043004510631,
        -2.3637014730156807
      ],
      [
        0.0005475759247662074,
        -0.0010689388586854651,
        1.0000001255294988,
        0.964609546458064
      ],
      [
        0.0,
        0.0,
        0.0,
        1.0
      ]
    ],
    "location": [
      33.683286504630814,
      -2.3637014730156807,
      0.964609546458064
    ],
    "rotation": [
      -0.001068938317368585,
      -0.0005475754884631,
      1.5191332983001231
    ]
  },
  {
    "label_id": "ZyK_iICxQsEYdJLxMFTw7w",
    "size": [
      0.9212612327093443,
      0.9766455606441014,
      1.740000000000009
    ],
    "obj_class": "pedestrian",
    "point_num_in_lidar": 97,
    "speed": 2.5940614520288787,
    "if_vehicle": false,
    "motion_state": true,
    "pose": [
      [
        0.8535793761759708,
        0.5212128574086384,
        -0.0010898741094286383,
        19.387635212950045
      ],
      [
        -0.5212130471335021,
        0.8535793594762406,
        -0.0005052043004510631,
        -10.979875563783935
      ],
      [
        0.0006790030078808394,
        0.0009906687601212228,
        1.0000001255294988,
        0.8858961208169376
      ],
      [
        0.0,
        0.0,
        0.0,
        1.0
      ]
    ],
    "location": [
      19.387635212950045,
      -10.979875563783935,
      0.8858961208169376
    ],
    "rotation": [
      0.0009906683116745038,
      -0.0006790024851010772,
      -0.5481920998354292
    ]
  },
  {
    "label_id": "brLOJzgVMhP_-kdQzIa7ng",
    "size": [
      0.7639133669201273,
      0.9683006691135629,
      1.740000000000009
    ],
    "obj_class": "pedestrian",
    "point_num_in_lidar": 54,
    "speed": 2.796664855816989,
    "if_vehicle": false,
    "motion_state": true,
    "pose": [
      [
        -0.02436825321264777,
        0.9998333773166415,
        -0.0010898741094286383,
        33.74258390999057
      ],
      [
        -0.9998334577556445,
        -0.024368425850916114,
        -0.0005052043004510631,
        -11.940378771467294
      ],
      [
        -0.0005181983097474116,
        0.001083485204682682,
        1.0000001255294988,
        0.9716821726856324
      ],
      [
        0.0,
        0.0,
        0.0,
        1.0
      ]
    ],
    "location": [
      33.74258390999057,
      -11.940378771467294,
      0.9716821726856324
    ],
    "rotation": [
      0.0010834846446915274,
      0.0005181978941479815,
      -1.5951638149504934
    ]
  },
  {
    "label_id": "dNW3S4yA8s8GmltmAPV8LQ",
    "size": [
      0.905318501242088,
      1.1352859720932158,
      1.8100000000000591
    ],
    "obj_class": "pedestrian",
    "point_num_in_lidar": 57,
    "speed": 1.7262133075754695,
    "if_vehicle": false,
    "motion_state": true,
    "pose": [
      [
        -0.014741950107247227,
        -1.0000216343000148,
        -0.0010898741094286383,
        34.118920883551255
      ],
      [
        1.0000217214273384,
        -0.014741780745993142,
        -0.0005052043004510631,
        6.465312570835522
      ],
      [
        0.00047543988657881424,
        -0.001102917309339769,
        1.0000001255294988,
        1.1709613954816405
      ],
      [
        0.0,
        0.0,
        0.0,
        1.0
      ]
    ],
    "location": [
      34.118920883551255,
      6.465312570835522,
      1.1709613954816405
    ],
    "rotation": [
      -0.001102916723685643,
      -0.0004754395019053875,
      1.585536888969813
    ]
  },
  {
    "label_id": "dWu2dkV959ZVbiXuXYme9A",
    "size": [
      1.9876994670929105,
      4.6193943709231275,
      1.4600000000000364
    ],
    "obj_class": "vehicle",
    "point_num_in_lidar": 4507,
    "speed": 6.808761485012342e-28,
    "if_vehicle": true,
    "motion_state": false,
    "pose": [
      [
        0.9999286214821063,
        0.0200834783324935,
        -0.0010898741094286383,
        1.6189795424215845
      ],
      [
        -0.020083650624474092,
        0.9999287026601715,
        -0.0005052043004510631,
        3.2232138969848165
      ],
      [
        0.0010856958735099666,
        0.0005135505303617005,
        1.0000001255294988,
        0.7562599131500747
      ],
      [
        0.0,
        0.0,
        0.0,
        1.0
      ]
    ],
    "location": [
      1.6189795424215845,
      3.2232138969848165,
      0.7562599131500747
    ],
    "rotation": [
      0.000513550420749055,
      -0.0010856951674735338,
      -0.02008238407619656
    ]
  },
  {
    "label_id": "eTLt3z7Tt1__uHa0Pj96uQ",
    "size": [
      0.5969024159007612,
      0.5832202862830158,
      0.9800000000000182
    ],
    "obj_class": "sign",
    "point_num_in_lidar": 105,
    "speed": 8.445231301420787e-29,
    "if_vehicle": false,
    "motion_state": false,
    "pose": [
      [
        0.9986384221878621,
        -0.05460673851434604,
        -0.0010898741094286383,
        1.7322238762480993
      ],
      [
        0.054606572762052136,
        0.9986385159992791,
        -0.0005052043004510631,
        5.192517336618039
      ],
      [
        0.0011209985788640233,
        0.00043108220002244024,
        1.0000001255294988,
        0.7174058294717724
      ],
      [
        0.0,
        0.0,
        0.0,
        1.0
      ]
    ],
    "location": [
      1.7322238762480993,
      5.192517336618039,
      0.7174058294717724
    ],
    "rotation": [
      0.00043108211920599144,
      -0.0011209978644246717,
      0.05462662377632731
    ]
  },
  {
    "label_id": "hVOvDRfPPYheooNcglGZfw",
    "size": [
      1.968775439042793,
      4.426137945390364,
      1.5
    ],
    "obj_class": "vehicle",
    "point_num_in_lidar": 32,
    "speed": 6.808761459003073e-28,
    "if_vehicle": true,
    "motion_state": false,
    "pose": [
      [
        0.9946371144921828,
        -0.10467857773059987,
        -0.0010898741094286383,
        51.00903801028471
      ],
      [
        0.10467841689754923,
        0.9946372165075478,
        -0.0005052043004510631,
        -6.6161286284059315
      ],
      [
        0.0011412289349982912,
        0.0003742541848984686,
        1.0000001255294988,
        0.8471909505225312
      ],
      [
        0.0,
        0.0,
        0.0,
        1.0
      ]
    ],
    "location": [
      51.00903801028471,
      -6.6161286284059315,
      0.8471909505225312
    ],
    "rotation": [
      0.0003742541204450891,
      -0.0011412282163704858,
      0.10485682575391633
    ]
  },
  {
    "label_id": "iYoNqzfcHozgqJVHl7Yxnw",
    "size": [
      1.9729673738194615,
      3.9732415768768115,
      1.57000000000005
    ],
    "obj_class": "vehicle",
    "point_num_in_lidar": 22,
    "speed": 6.756183363589424e-28,
    "if_vehicle": true,
    "motion_state": false,
    "pose": [
      [
        0.9993650506628796,
        0.039116360702615316,
        -0.0010898741094286383,
        50.24420807833485
      ],
      [
        -0.039116534508828626,
        0.9993651285461581,
        -0.0005052043004510631,
        2.4158450695194915
      ],
      [
        0.0010757221914218513,
        0.0005341268050509363,
        1.0000001255294988,
        0.9645283534495093
      ],
      [
        0.0,
        0.0,
        0.0,
        1.0
      ]
    ],
    "location": [
      50.24420807833485,
      2.4158450695194915,
      0.9645283534495093
    ],
    "rotation": [
      0.0005341266872083666,
      -0.001075721488006443,
      -0.039121416830320645
    ]
  },
  {
    "label_id": "jYdxjpZOYqJdSiBQI133Fw",
    "size": [
      0.7741745473973054,
      0.9953737697401499,
      1.009999999999991
    ],
    "obj_class": "sign",
    "point_num_in_lidar": 70,
    "speed": 0.00212369351305565,
    "if_vehicle": false,
    "motion_state": false,
    "pose": [
      [
        -0.04773626731683623,
        0.9989904118377176,
        -0.0010898741094286383,
        12.118833137934416
      ],
      [
        -0.9989904882186996,
        -0.047736441788468476,
        -0.0005052043004510631,
        12.654512731929572
      ],
      [
        -0.0005433870122203519,
        0.0010710743353948824,
        1.0000001255294988,
        0.7981397472163962
      ],
      [
        0.0,
        0.0,
        0.0,
        1.0
      ]
    ],
    "location": [
      12.118833137934416,
      12.654512731929572,
      0.7981397472163962
    ],
    "rotation": [
      0.0010710737913650023,
      0.0005433865788410547,
      -1.618544513151542
    ]
  },
  {
    "label_id": "k7sk2VXkecnWsXdCfg3Wig",
    "size": [
      2.771733201335593,
      3.9612899707604745,
      3.0399999999999636
    ],
    "obj_class": "vehicle",
    "point_num_in_lidar": 343,
    "speed": 6.808761459003073e-28,
    "if_vehicle": true,
    "motion_state": false,
    "pose": [
      [
        -0.028746055101714036,
        -0.9997170892193081,
        -0.0010898741094286383,
        30.65387302856834
      ],
      [
        0.9997171787100327,
        -0.028745886977310366,
        -0.0005052043004510631,
        38.020366052041936
      ],
      [
        0.00045994662595298967,
        -0.0011094677905490586,
        1.0000001255294988,
        2.043431136196432
      ],
      [
        0.0,
        0.0,
        0.0,
        1.0
      ]
    ],
    "location": [
      30.65387302856834,
      38.020366052041936,
      2.043431136196432
    ],
    "rotation": [
      -0.0011094671960570688,
      -0.0004599462527040615,
      1.5995425934363474
    ]
  },
  {
    "label_id": "kWKrXcZMJ7I5K4Z4z9GdSQ",
    "size": [
      0.775913570802867,
      0.8012255748866434,
      1.75
    ],
    "obj_class": "pedestrian",
    "point_num_in_lidar": 27,
    "speed": 1.351896630593864e-27,
    "if_vehicle": false,
    "motion_state": false,
    "pose": [
      [
        -0.001580848899530367,
        -1.0001290392133375,
        -0.0010898741094286383,
        38.10401028279193
      ],
      [
        1.0001291241044004,
        -0.001580678406385787,
        -0.0005052043004510631,
        -10.038530125350007
      ],
      [
        0.0004899126024496989,
        -0.001096565236979685,
        1.0000001255294988,
        1.0257852311725628
      ],
      [
        0.0,
        0.0,
        0.0,
        1.0
      ]
    ],
    "location": [
      38.10401028279193,
      -10.038530125350007,
      1.0257852311725628
    ],
    "rotation": [
      -0.0010965646598053332,
      -0.0004899122072073306,
      1.5723769702787038
    ]
  },
  {
    "label_id": "kXyEv2zRlXCiI09I_nYVDA",
    "size": [
      3.3185533712103323,
      9.387806686727028,
      3.2899999999999636
    ],
    "obj_class": "vehicle",
    "point_num_in_lidar": 84,
    "speed": 7.877899277455584,
    "if_vehicle": true,
    "motion_state": true,
    "pose": [
      [
        -0.054550390972115656,
        0.9986415017441577,
        -0.0010898741094286383,
        18.076322460268784
      ],
      [
        -0.9986415769330954,
        -0.05455056596076817,
        -0.0005052043004510631,
        35.22259872180257
      ],
      [
        -0.0005506813669390411,
        0.0010673423579608838,
        1.0000001255294988,
        2.28845360224625
      ],
      [
        0.0,
        0.0,
        0.0,
        1.0
      ]
    ],
    "location": [
      18.076322460268784,
      35.22259872180257,
      2.28845360224625
    ],
    "rotation": [
      0.0010673418186658956,
      0.0005506809284745706,
      -1.6253666876728095
    ]
  },
  {
    "label_id": "l9f--u5kPKABASTzvy9Nug",
    "size": [
      0.736828259009064,
      0.9500971590338381,
      1.7100000000000364
    ],
    "obj_class": "pedestrian",
    "point_num_in_lidar": 21,
    "speed": 1.2604050676794714,
    "if_vehicle": false,
    "motion_state": true,
    "pose": [
      [
