[
  {
    "label_id": "-ItvfksmEcYtVEcOjjRESg",
    "size": [
      2.9608186156912826,
      8.028851501939148,
      3.3508914890802544
    ],
    "obj_class": "vehicle",
    "point_num_in_lidar": 204,
    "speed": 9.621235854737774,
    "if_vehicle": true,
    "motion_state": true,
    "pose": [
      [
        0.033303523395171036,
        0.9995760724041237,
        -0.00057688233163351,
        19.483823677283
      ],
      [
        -0.9995758448151152,
        0.033303886089905185,
        -1.705590203797192e-05,
        -25.20034435915477
      ],
      [
        1.5850831872400058e-05,
        0.0005826598520176708,
        1.00000067689224,
        1.4236148138197677
      ],
      [
        0.0,
        0.0,
        0.0,
        1.0
      ]
    ],
    "location": [
      19.483823677283,
      -25.20034435915477,
      1.4236148138197677
    ],
    "rotation": [
      0.0005826593916839355,
      -1.5850818451161586e-05,
      -1.5374909916060058
    ]
  },
  {
    "label_id": "-r18nvGJT_LauvErk1VSrg",
    "size": [
      0.7208473821763753,
      2.0829883357271277,
      1.9099999999999682
    ],
    "obj_class": "vehicle",
    "point_num_in_lidar": 50,
    "speed": 5.684341886080801e-13,
    "if_vehicle": true,
    "motion_state": false,
    "pose": [
      [
        -0.0010014793958836874,
        1.0001302146382771,
        -0.00057688233163351,
        31.485288678177312
      ],
      [
        -1.000129999623596,
        -0.0010011091082741408,
        -1.705590203797192e-05,
        49.96603182844956
      ],
      [
        -4.1436971455809316e-06,
        0.0005828606881564987,
        1.00000067689224,
        1.8258470886511304
      ],
      [
        0.0,
        0.0,
        0.0,
        1.0
      ]
    ],
    "location": [
      31.485288678177312,
      49.96603182844956,
      1.8258470886511304
    ],
    "rotation": [
      0.0005828602276186133,
      4.143693636862247e-06,
      -1.5717976756810743
    ]
  },
  {
    "label_id": "013Doq8QGPt4_5ps9n1EBQ",
    "size": [
      0.6441504486107783,
      0.9234385820636817,
      1.669999999999959
    ],
    "obj_class": "pedestrian",
    "point_num_in_lidar": 74,
    "speed": 1.5090623170439668,
    "if_vehicle": false,
    "motion_state": true,
    "pose": [
      [
        -0.021495898303429135,
        0.9998996827429816,
        -0.00057688233163351,
        9.442451839993737
      ],
      [
        -0.9998994753613689,
        -0.021495523687500902,
        -1.705590203797192e-05,
        33.259305843674156
      ],
      [
        -1.608678544369609e-05,
        0.0005826533852629603,
        1.00000067689224,
        1.5158393115933677
      ],
      [
        0.0,
        0.0,
        0.0,
        1.0
      ]
    ],
    "location": [
      9.442451839993737,
      33.259305843674156,
      1.5158393115933677
    ],
    "rotation": [
      0.0005826529249357977,
      1.6086771822690888e-05,
      -1.5922910752063624
    ]
  },
  {
    "label_id": "0VCoeT-jjrIfzTCsOWz20A",
    "size": [
      0.7544329631618879,
      1.043993850799436,
      0.9800000000000182
    ],
    "obj_class": "sign",
    "point_num_in_lidar": 194,
    "speed": 5.687116766346677e-13,
    "if_vehicle": false,
    "motion_state": false,
    "pose": [
      [
        -0.10290483761521027,
        0.9948226191581964,
        -0.00057688233163351,
        11.692034577414233
      ],
      [
        -0.9948224429932071,
        -0.10290444734591424,
        -1.705590203797192e-05,
        11.077785658495486
      ],
      [
        -6.351289588684377e-05,
        0.0005794047497909966,
        1.00000067689224,
        0.7167127426126854
      ],
      [
        0.0,
        0.0,
        0.0,
        1.0
      ]
    ],
    "location": [
      11.692034577414233,
      11.077785658495486,
      0.7167127426126854
    ],
    "rotation": [
      0.0005794042927595312,
      6.351284214915693e-05,
      -1.6738701489901244
    ]
  },
  {
    "label_id": "0_HBXNo3olLueqYvkPohlg",
    "size": [
      1.7479682991906935,
      3.9316593479287927,
      1.7000000000000455
    ],
    "obj_class": "vehicle",
    "point_num_in_lidar": 59,
    "speed": 1.7763568394002505e-14,
    "if_vehicle": true,
    "motion_state": false,
    "pose": [
      [
        0.9998872480202357,
        -0.022066726986720672,
        -0.00057688233163351,
        56.57756348679868
      ],
      [
        0.022067092216522352,
        0.9998870245220949,
        -1.705590203797192e-05,
        -6.0365916970276885
      ],
      [
        0.000582801203235804,
        -9.301050005393375e-06,
        1.00000067689224,
        1.0278955624405626
      ],
      [
        0.0,
        0.0,
        0.0,
        1.0
      ]
    ],
    "location": [
      56.57756348679868,
      -6.0365916970276885,
      1.0278955624405626
    ],
    "rotation": [
      -9.301043709320854e-06,
      -0.0005828007427331811,
      0.022065998535222738
    ]
  },
  {
    "label_id": "2-A6zakvKX2opVnyx9gplQ",
    "size": [
      0.7707275497530943,
      1.107612320671707,
      1.7999999999999545
    ],
    "obj_class": "pedestrian",
    "point_num_in_lidar": 36,
    "speed": 1.0605718241025168,
    "if_vehicle": false,
    "motion_state": true,
    "pose": [
      [
        -0.09073369197818647,
        -0.9960064489416693,
        -0.00057688233163351,
        31.796046913997998
      ],
      [
        0.9960062008708787,
        -0.09073404098407435,
        -1.705590203797192e-05,
        5.618110802921365
      ],
      [
        -4.933317231856731e-05,
        -0.0005807839444520543,
        1.00000067689224,
        0.9983961019478329
      ],
      [
        0.0,
        0.0,
        0.0,
        1.0
      ]
    ],
    "location": [
      31.796046913997998,
      5.618110802921365,
      0.9983961019478329
    ],
    "rotation": [
      -0.0005807834860229122,
      4.9333130565059825e-05,
      1.6616430925948542
    ]
  },
  {
    "label_id": "2OYKagQRfCdaOXgU5RkMBA",
    "size": [
      0.8627759996271295,
      0.6348824674672757,
      1.1499999999999773
    ],
    "obj_class": "sign",
    "point_num_in_lidar": 44,
    "speed": 0.0024609175524563202,
    "if_vehicle": false,
    "motion_state": false,
    "pose": [
      [
        0.015355908686475319,
        1.0000128225486908,
        -0.00057688233163351,
        30.41394261658752
      ],
      [
        -1.0000126015066688,
        0.015356275407965561,
        -1.705590203797192e-05,
        12.421207287401558
      ],
      [
        5.389616184530942e-06,
        0.0005828504988945999,
        1.00000067689224,
        0.6845558438349144
      ],
      [
        0.0,
        0.0,
        0.0,
        1.0
      ]
    ],
    "location": [
      30.41394261658752,
      12.421207287401558,
      0.6845558438349144
    ],
    "rotation": [
      0.0005828500383670731,
      -5.389611620828013e-06,
      -1.555441818391758
    ]
  },
  {
    "label_id": "2SYmRAjI0pCOwp2XYemMBQ",
    "size": [
      0.9588610015812883,
      0.6083173834498694,
      1.67999999999995
    ],
    "obj_class": "pedestrian",
    "point_num_in_lidar": 343,
    "speed": 0.0016567692264760838,
    "if_vehicle": false,
    "motion_state": false,
    "pose": [
      [
        0.9978322595156507,
        0.06776600226719705,
        -0.00057688233163351,
        11.80427515914198
      ],
      [
        -0.06776561845166401,
        0.9978320697003099,
        -1.705590203797192e-05,
        7.234568120009499
      ],
      [
        0.0005812838127797533,
        4.3045104536219645e-05,
        1.00000067689224,
        0.8725265123922554
      ],
      [
        0.0,
        0.0,
        0.0,
        1.0
      ]
    ],
    "location": [
      11.80427515914198,
      7.234568120009499,
      0.8725265123922554
    ],
    "rotation": [
      4.304507537275637e-05,
      -0.0005812833533049755,
      -0.06780871569863284
    ]
  },
  {
    "label_id": "3083QteOhZ_vSpxmP0XK-Q",
    "size": [
      0.8198295781744148,
      0.7789331854908985,
      1.2000000000000455
    ],
    "obj_class": "sign",
    "point_num_in_lidar": 42,
    "speed": 1.9915012144332625e-12,
    "if_vehicle": false,
    "motion_state": false,
    "pose": [
      [
        -0.03627986680197729,
        0.9994724710857311,
        -0.00057688233163351,
        28.956059697718956
      ],
      [
        -0.9994722692665411,
        -0.03627948916029336,
        -1.705590203797192e-05,
        14.902581722370087
      ],
      [
        -2.4701189584132484e-05,
        0.0005823517865151872,
        1.00000067689224,
        0.7363255909369855
      ],
      [
        0.0,
        0.0,
        0.0,
        1.0
      ]
    ],
    "location": [
      28.956059697718956,
      14.902581722370087,
      0.7363255909369855
    ],
    "rotation": [
      0.0005823513264945093,
      2.470116867058432e-05,
      -1.6070794195373654
    ]
  },
  {
    "label_id": "3mqY30kFisxCydiO2pKjPA",
    "size": [
      0.8321203191364338,
      1.0700067716390604,
      1.7200000000000273
    ],
    "obj_class": "pedestrian",
    "point_num_in_lidar": 68,
    "speed": 1.5774006060379815,
    "if_vehicle": false,
    "motion_state": true,
    "pose": [
      [
        -0.03324735392307323,
        0.999577942258882,
        -0.00057688233163351,
        33.12447959402198
      ],
      [
        -0.999577739294876,
        -0.033246976895436015,
        -1.705590203797192e-05,
        -9.582882894692375
      ],
      [
        -2.293425179369741e-05,
        0.0005824240483693677,
        1.00000067689224,
        0.9332259948471346
      ],
      [
        0.0,
        0.0,
        0.0,
        1.0
      ]
    ],
    "location": [
      33.12447959402198,
      -9.582882894692375,
      0.9332259948471346
    ],
    "rotation": [
      0.0005824235882752668,
      2.2934232375825865e-05,
      -1.6040454679110927
    ]
  },
  {
    "label_id": "45vGTk6HpmeCTR2Etiwq8w",
    "size": [
      0.7077057722273461,
      0.7957618448156345,
      1.07000000000005
    ],
    "obj_class": "sign",
    "point_num_in_lidar": 30,
    "speed": 2.2743611691451335e-12,
    "if_vehicle": false,
    "motion_state": false,
    "pose": [
      [
        -1.0000519463461965,
        0.01255204376069249,
        -0.00057688233163351,
        41.39408693910627
      ],
      [
        -0.0125524111004919,
        -1.0000517263332458,
        -1.705590203797192e-05,
        4.351726368613527
      ],
      [
        -0.0005828633191984041,
        3.755417063139741e-06,
        1.00000067689224,
        0.6758744546191338
      ],
      [
        0.0,
        0.0,
        0.0,
        1.0
      ]
    ],
    "location": [
      41.39408693910627,
      4.351726368613527,
      0.6758744546191338
    ],
    "rotation": [
      3.7554145211111393e-06,
      0.0005828628586537339,
      -3.129041553607579
    ]
  },
  {
    "label_id": "4BPsEUa8pjB_nYeEbm-YSA",
    "size": [
      0.8876985042499493,
      1.0727947770953707,
      1.7511702127660556
    ],
    "obj_class": "pedestrian",
    "point_num_in_lidar": 264,
    "speed": 1.19565533293274,
    "if_vehicle": false,
    "motion_state": true,
    "pose": [
      [
        0.07162800888432047,
        0.9975624679871705,
        -0.00057688233163351,
        9.582666263133433
      ],
      [
        -0.9975622266508363,
        0.07162836258051888,
        -1.705590203797192e-05,
        16.125775469317887
      ],
      [
        3.8193063718791025e-05,
        0.0005816227659815877,
        1.00000067689224,
        1.2345975180829782
      ],
      [
        0.0,
        0.0,
        0.0,
        1.0
      ]
    ],
    "location": [
      9.582666263133433,
      16.125775469317887,
      1.2345975180829782
    ],
    "rotation": [
      0.0005816223067013032,
      -3.819303138759293e-05,
      -1.4991162958267084
    ]
  },
  {
    "label_id": "8IZ7fkXm0FDeUdEuJAqSlA",
    "size": [
      0.7446914889100801,
      1.0496260774128139,
      1.7300000000000182
    ],
    "obj_class": "pedestrian",
    "point_num_in_lidar": 110,
    "speed": 0.0021959251019219904,
    "if_vehicle": false,
    "motion_state": false,
    "pose": [
      [
        -0.9976656320561917,
        -0.07017646191784058,
        -0.00057688233163351,
        28.41704661536096
      ],
      [
        0.07017607764485385,
        -0.9976654431686627,
        -1.705590203797192e-05,
        8.266088115271486
      ],
      [
        -0.000581178124003593,
        -4.444929925166359e-05,
        1.00000067689224,
        1.0614483240964319
      ],
      [
        0.0,
        0.0,
        0.0,
        1.0
      ]
    ],
    "location": [
      28.41704661536096,
      8.266088115271486,
      1.0614483240964319
    ],
    "rotation": [
      -4.4449269135024855e-05,
      0.0005811776646004563,
      3.071368041490589
    ]
  },
  {
    "label_id": "8k1Wkk08druqr8A5YTrqFQ",
    "size": [
      2.1684109006720287,
      4.238163060626746,
      1.7100000000000364
    ],
    "obj_class": "vehicle",
    "point_num_in_lidar": 232,
    "speed": 8.543149943144391e-13,
    "if_vehicle": true,
    "motion_state": false,
    "pose": [
      [
        1.0000428681684557,
        -0.0132556032980564,
        -0.00057688233163351,
        38.78092836592623
      ],
      [
        0.013255970482980016,
        1.000042647897126,
        -1.705590203797192e-05,
        2.434997890555678
      ],
      [
        0.0005828605329206725,
        -4.1654756904306585e-06,
        1.00000067689224,
        0.9699979189847454
      ],
      [
        0.0,
        0.0,
        0.0,
        1.0
      ]
    ],
    "location": [
      38.78092836592623,
      2.434997890555678,
      0.9699979189847454
    ],
    "rotation": [
      -4.165472870830304e-06,
      -0.0005828600723778883,
      0.013254625980138072
    ]
  },
  {
    "label_id": "A4kzX4tBck4XcFuUOPA6Lg",
    "size": [
      0.753009145243258,
      1.132073132049114,
      1.8246200607903802
    ],
    "obj_class": "pedestrian",
    "point_num_in_lidar": 307,
    "speed": 1.525307075684144,
    "if_vehicle": false,
    "motion_state": true,
    "pose": [
      [
        -0.14494013905201591,
        -0.9895725366464901,
        -0.00057688233163351,
        13.421488514379234
      ],
      [
        0.9895722699036158,
        -0.144940474003454,
        -1.705590203797192e-05,
        -5.0807823710074445
      ],
      [
        -8.094696104990358e-05,
        -0.000577227287574907,
        1.00000067689224,
        0.9185300144235953
      ],
      [
        0.0,
        0.0,
        0.0,
        1.0
      ]
    ],
    "location": [
      13.421488514379234,
      -5.0807823710074445,
      0.9185300144235953
    ],
    "rotation": [
      -0.000577226832745598,
      8.094689259538958e-05,
      1.7162296922124245
    ]
  },
  {
    "label_id": "AWjsPzPKZ7MTv8Ta3AXBbQ",
    "size": [
      2.106078352137215,
      4.515543669845269,
      1.4600000000000364
    ],
    "obj_class": "vehicle",
    "point_num_in_lidar": 95,
    "speed": 2.847716647714797e-13,
    "if_vehicle": true,
    "motion_state": false,
    "pose": [
      [
        0.9962632594155033,
        -0.08786903397775632,
        -0.00057688233163351,
        44.89225538834762
      ],
      [
        0.0878693836955948,
        0.9962630123493982,
        -1.705590203797192e-05,
        -6.917366334488179
      ],
      [
        0.0005809234136201311,
        -4.766276882676107e-05,
        1.00000067689224,
        0.8343099876819906
      ],
      [
        0.0,
        0.0,
        0.0,
        1.0
      ]
    ],
    "location": [
      44.89225538834762,
      -6.917366334488179,
      0.8343099876819906
    ],
    "rotation": [
      -4.7662736528132156e-05,
      -0.0005809229543896762,
      0.08797132031579309
    ]
  },
  {
    "label_id": "AhVLDKKFO3nP9YBAG8x0pw",
    "size": [
      1.931856727461873,
      4.066022807258439,
      1.509999999999991
    ],
    "obj_class": "vehicle",
    "point_num_in_lidar": 193,
    "speed": 2.929642751054232e-13,
    "if_vehicle": true,
    "motion_state": false,
    "pose": [
      [
        0.028932608324852272,
        -0.999712135251397,
        -0.00057688233163351,
        27.15428985314793
      ],
      [
        0.9997119306619332,
        0.028932232176772023,
        -1.705590203797192e-05,
        27.835712820118715
      ],
      [
        2.042014593037439e-05,
        -0.000582517613179621,
        1.00000067689224,
        1.2749332609113253
      ],
      [
        0.0,
        0.0,
        0.0,
        1.0
      ]
    ],
    "location": [
      27.15428985314793,
      27.835712820118715,
      1.2749332609113253
    ],
    "rotation": [
      -0.0005825171529904431,
      -2.0420128640763997e-05,
      1.5418634575156298
    ]
  },
  {
    "label_id": "Aof9zDLMpOMBf2RZkTgB1g",
    "size": [
      0.6466332595231518,
      2.732983268659154,
      3.449999999999932
    ],
    "obj_class": "vehicle",
    "point_num_in_lidar": 67,
    "speed": 1.0658141036401503e-13,
    "if_vehicle": true,
    "motion_state": false,
    "pose": [
      [
        -0.049273038326563885,
        -0.9989162211554359,
        -0.00057688233163351,
        31.202282628079047
      ],
      [
        0.9989159877994312,
        -0.04927339733798711,
        -1.705590203797192e-05,
        58.68852079512544
      ],
      [
        -2.5160028171316293e-05,
        -0.0005823321432024144,
        1.00000067689224,
        2.6297984345876557
      ],
      [
        0.0,
        0.0,
        0.0,
        1.0
      ]
    ],
    "location": [
      31.202282628079047,
      58.68852079512544,
      2.6297984345876557
    ],
    "rotation": [
      -0.0005823316832016944,
      2.5160006869383063e-05,
      1.620082888443621
    ]
  },
  {
    "label_id": "DMyvJcDBgX_UfZY7i4gQUg",
    "size": [
      2.2010175447229883,
      5.031357921109429,
      1.7300000000000182
    ],
    "obj_class": "vehicle",
    "point_num_in_lidar": 6717,
    "speed": 5.709267256288867e-13,
    "if_vehicle": true,
    "motion_state": false,
    "pose": [
      [
        0.9990211302659279,
        -0.047098094181983026,
        -0.00057688233163351,
        2.300164631446023
      ],
      [
        0.04709845370061516,
        0.9990208976921112,
        -1.705590203797192e-05,
        -3.5258919344614696
      ],
      [
        0.0005823855411170273,
        -2.3892122595700133e-05,
        1.00000067689224,
        0.8449701375230916
      ],
      [
        0.0,
        0.0,
        0.0,
        1.0
      ]
    ],
    "location": [
      2.300164631446023,
      -3.5258919344614696,
      0.8449701375230916
    ],
    "rotation": [
      -2.3892106418772565e-05,
      -0.000582385080895831,
      0.047109720553380995
    ]
  },
  {
    "label_id": "FaLjVnzgLbkn0NFfVlonZw",
    "size": [
      3.134141242359212,
      4.451840989787582,
      3.0799999999999272
    ],
    "obj_class": "vehicle",
    "point_num_in_lidar": 1142,
    "speed": 8.528363000094291e-13,
    "if_vehicle": true,
    "motion_state": false,
    "pose": [
      [
        -0.04776299038033048,
        -0.9989895624796663,
        -0.00057688233163351,
        30.01812467718446
      ],
      [
        0.9989893296666208,
        -0.047763349744091424,
        -1.705590203797192e-05,
        17.921731900456507
      ],
      [
        -2.427972873247383e-05,
        -0.0005823695105317384,
        1.00000067689224,
        1.8241686288566825
      ],
      [
        0.0,
        0.0,
        0.0,
        1.0
      ]
    ],
    "location": [
      30.01812467718446,
      17.921731900456507,
      1.8241686288566825
    ],
    "rotation": [
      -0.0005823690504930522,
      2.427970817567684e-05,
      1.6185712575660511
    ]
  },
  {
    "label_id": "GZswbdmDQZSe88ajnioK_g",
    "size": [
      1.1505740821373611,
      4.713684939172988,
      4.259999999999991
    ],
    "obj_class": "vehicle",
    "point_num_in_lidar": 193,
    "speed": 5.709267256288867e-13,
    "if_vehicle": true,
    "motion_state": false,
    "pose": [
      [
        0.038939929617179715,
        0.9993723685767962,
        -0.00057688233163351,
        30.942577984709715
      ],
      [
        -0.9993721389460527,
        0.03894029102269794,
        -1.705590203797192e-05,
        40.37617580037113
      ],
      [
        1.913638894211859e-05,
        0.0005825611990534192,
        1.00000067689224,
        2.8291327359688694
      ],
      [
        0.0,
        0.0,
        0.0,
        1.0
      ]
    ],
    "location": [
      30.942577984709715,
      40.37617580037113,
      2.8291327359688694
    ],
    "rotation": [
      0.0005825607388199475,
      -1.913637273929528e-05,
      -1.5318516339016353
    ]
  },
  {
    "label_id": "NeHt8l-Xg_tze4fm4Zzhag",
    "size": [
      0.8686749354366597,
      0.8296750162009441,
      1.82000000000005
    ],
    "obj_class": "pedestrian",
    "point_num_in_lidar": 533,
    "speed": 2.9777166713245524e-13,
    "if_vehicle": false,
    "motion_state": false,
    "pose": [
      [
        0.9580329523864001,
        0.2871137602679199,
        -0.00057688233163351,
        1.4402511414191395
      ],
      [
        -0.2871133439409547,
        0.9580328523060071,
        -1.705590203797192e-05,
        10.620144159442134
      ],
      [
        0.0005573084530612328,
        0.0001707367569411965,
        1.00000067689224,
        1.2575008271464867
      ],
      [
        0.0,
        0.0,
        0.0,
        1.0
      ]
    ],
    "location": [
      1.4402511414191395,
      10.620144159442134,
      1.2575008271464867
    ],
    "rotation": [
      0.0001707366397118409,
      -0.0005573080100021596,
      -0.29117279605653107
    ]
  },
  {
    "label_id": "Nx3jDnV5BFvG2rNbAk93sw",
    "size": [
      0.7698546864134825,
      0.8128752011552611,
      1.0900000000000318
    ],
    "obj_class": "sign",
    "point_num_in_lidar": 123,
    "speed": 0.0009001895989711154,
    "if_vehicle": false,
    "motion_state": false,
    "pose": [
      [
        -0.003591887729803352,
        1.0001242660469363,
        -0.00057688233163351,
        12.05892446431426
      ],
      [
        -1.000124051992049,
        -0.003591516886531689,
        -1.705590203797192e-05,
        14.611826798685797
      ],
      [
        -5.65333580979556e-06,
        0.000582848000612958,
        1.00000067689224,
        0.8375647621979851
      ],
      [
        0.0,
        0.0,
        0.0,
        1.0
      ]
    ],
    "location": [
      12.05892446431426,
      14.611826798685797,
      0.8375647621979851
    ],
    "rotation": [
      0.0005828475400879709,
      5.6533310227885595e-06,
      -1.5743877535579054
    ]
  },
  {
    "label_id": "OkBzhxzagapiYam_4NK-9A",
    "size": [
      0.9161349937327304,
      0.864239601718528,
      1.8799999999999955
    ],
    "obj_class": "pedestrian",
    "point_num_in_lidar": 126,
    "speed": 0.004686873701961615,
    "if_vehicle": false,
    "motion_state": false,
    "pose": [
      [
        -0.9934503963603789,
        -0.1154025960054302,
        -0.00057688233163351,
        29.959258679446066
      ],
      [
        0.11540220355240688,
        -0.9934502251153751,
        -1.705590203797192e-05,
        -11.641279466488413
      ],
      [
        -0.000578560547500152,
        -7.079155952953514e-05,
        1.00000067689224,
        0.926006579206387
      ],
      [
        0.0,
        0.0,
        0.0,
        1.0
      ]
    ],
    "location": [
      29.959258679446066,
      -11.641279466488413,
      0.926006579206387
    ],
    "rotation": [
      -7.07915114930545e-05,
      0.0005785600898734051,
      3.025947933749558
    ]
  },
  {
    "label_id": "WrQ9WB5nz7yw3pLq2Sx4JA",
    "size": [
      1.9338659153476871,
      4.5722265271665545,
      1.5399999999999636
    ],
    "obj_class": "vehicle",
    "point_num_in_lidar": 1746,
    "speed": 8.881784197001252e-14,
    "if_vehicle": true,
    "motion_state": false,
    "pose": [
      [
        0.999714740037142,
        -0.028842464281962174,
        -0.00057688233163351,
        3.9391482354367326
      ],
      [
        0.02884282798872786,
        0.9997145140689684,
        -1.705590203797192e-05,
        -7.481352559141669
      ],
      [
        0.0005827247863902465,
        -1.3250484924764006e-05,
        1.00000067689224,
        0.6174325100625992
      ],
      [
        0.0,
        0.0,
        0.0,
        1.0
      ]
    ],
    "location": [
      3.9391482354367326,
      -7.481352559141669,
      0.6174325100625992
    ],
    "rotation": [
      -1.3250475954844171e-05,
      -0.0005827243259393546,
      0.02884305698735507
    ]
  },
  {
    "label_id": "X8OBaKk4dxIT8dFfdO_PYQ",
    "size": [
      2.163372976580992,
      5.267996842103457,
      2.6200000000000045
    ],
    "obj_class": "vehicle",
    "point_num_in_lidar": 76,
    "speed": 5.728578676879116e-13,
    "if_vehicle": true,
    "motion_state": false,
    "pose": [
      [
        0.9994495834393883,
        0.03690500448746647,
        -0.00057688233163351,
        79.206483001788
      ],
      [
        -0.036904626719623725,
        0.9994493818564429,
        -1.705590203797192e-05,
        2.1854113936096837
      ],
      [
        0.0005823362226316462,
        2.506543108354713e-05,
        1.00000067689224,
        1.8009151940414085
      ],
      [
        0.0,
        0.0,
        0.0,
        1.0
      ]
    ],
    "location": [
      79.206483001788,
      2.1854113936096837,
      1.8009151940414085
    ],
    "rotation": [
      2.5065414111713495e-05,
      -0.0005823357624438481,
      -0.03690818274013893
    ]
  },
  {
    "label_id": "YTw2k0_-8UqolJn4WQRc2g",
    "size": [
      0.7131402618188684,
      0.9424020280400371,
      1.5199999999999818
    ],
    "obj_class": "pedestrian",
    "point_num_in_lidar": 66,
    "speed": 1.4977709918859,
    "if_vehicle": false,
    "motion_state": true,
    "pose": [
      [
        0.004972254534455335,
        1.000118355935052,
        -0.00057688233163351,
        33.445656277466696
      ],
      [
        -1.000118138712501,
        0.004972623531190203,
        -1.705590203797192e-05,
        -2.0752225990127044
      ],
      [
        -6.62232300767998e-07,
        0.0005828750410445464,
        1.00000067689224,
        1.0290077694035062
      ],
      [
        0.0,
        0.0,
        0.0,
        1.0
      ]
    ],
    "location": [
      33.445656277466696,
      -2.0752225990127044,
      1.0290077694035062
    ],
    "rotation": [
      0.0005828745804920695,
      6.622317400140582e-07,
      -1.5658247005685468
    ]
  },
  {
    "label_id": "YZp0XjCF9MO6a2x7szWEXA",
    "size": [
      1.9473680660204526,
      3.8082084000475307,
      1.509999999999991
    ],
    "obj_class": "vehicle",
    "point_num_in_lidar": 110,
    "speed": 1.1390866590859189e-12,
    "if_vehicle": true,
    "motion_state": false,
    "pose": [
      [
        0.9982186544877456,
        -0.061813971123538605,
        -0.00057688233163351,
        40.33791436673164
      ],
      [
        0.06181432717606529,
        0.998218416641524,
        -1.705590203797192e-05,
        -7.056325494017074
      ],
      [
        0.0005819702499567616,
        -3.247122094354497e-05,
        1.00000067689224,
        0.8435879912767632
      ],
      [
        0.0,
        0.0,
        0.0,
        1.0
      ]
    ],
    "location": [
      40.33791436673164,
      -7.056325494017074,
      0.8435879912767632
    ],
    "rotation": [
      -3.2471198952630054e-05,
      -0.0005819697900168412,
      0.06184566464666574
    ]
  },
  {
    "label_id": "Yyu039jUMIJ4gI_2-mTkSg",
    "size": [
      1.0952675293731817,
      1.1481994723012645,
      1.759999999999991
    ],
    "obj_class": "pedestrian",
    "point_num_in_lidar": 95,
    "speed": 1.5010303781244516,
    "if_vehicle": false,
    "motion_state": true,
    "pose": [
      [
        0.016778102940148962,
        -0.9999899721772796,
        -0.00057688233163351,
        33.665709545037316
      ],
      [
        0.9999897630305261,
        0.01677772930682279,
        -1.705590203797192e-05,
        11.514392610686627
      ],
      [
        1.3337630588243758e-05,
        -0.0005827227982794152,
        1.00000067689224,
        1.1795760720128783
      ],
      [
        0.0,
        0.0,
        0.0,
        1.0
      ]
    ],
    "location": [
      33.665709545037316,
      11.514392610686627,
      1.1795760720128783
    ],
    "rotation": [
      -0.0005827223378817,
      -1.3337619294823515e-05,
      1.5540196262503627
    ]
  },
  {
    "label_id": "ZyK_iICxQsEYdJLxMFTw7w",
    "size": [
      0.9212612327092498,
      0.9766455606441014,
      1.740000000000009
    ],
    "obj_class": "pedestrian",
    "point_num_in_lidar": 57,
    "speed": 1.451116511374402,
    "if_vehicle": false,
    "motion_state": true,
    "pose": [
      [
        0.6397911208191207,
        0.76871891541343,
        -0.00057688233163351,
        30.571797734955908
      ],
      [
        -0.7687185131263587,
        0.6397912674797469,
        -1.705590203797192e-05,
        -21.605011083471254
      ],
      [
        0.0003701265026618525,
        0.0004502778298468703,
        1.00000067689224,
        0.6769669450768561
      ],
      [
        0.0,
        0.0,
        0.0,
        1.0
      ]
    ],
    "location": [
      30.571797734955908,
      -21.605011083471254,
      0.6769669450768561
    ],
    "rotation": [
      0.00045027749462627794,
      -0.00037012619770313275,
      -0.8766784160641505
    ]
  },
  {
    "label_id": "aANSRZ5XPxs8mHhsbxTcGg",
    "size": [
      0.8077633193168797,
      0.8146921552102152,
      1.07000000000005
    ],
    "obj_class": "sign",
    "point_num_in_lidar": 33,
    "speed": 8.533911106286719e-13,
    "if_vehicle": false,
    "motion_state": false,
    "pose": [
      [
        -0.00999523095794298,
        -1.0000807690139253,
        -0.00057688233163351,
        32.09868448445013
      ],
      [
        1.0000805499408485,
        -0.00999559885903571,
        -1.705590203797192e-05,
        -28.770583768213328
      ],
      [
        -2.265233712436403e-06,
        -0.0005828710155261875,
        1.00000067689224,
        0.3567835825114116
      ],
      [
        0.0,
        0.0,
        0.0,
        1.0
      ]
    ],
    "location": [
      32.09868448445013,
      -28.770583768213328,
      0.3567835825114116
    ],
    "rotation": [
      -0.0005828705549778031,
      2.2652317943216356e-06,
      1.580790419946132
    ]
  },
  {
    "label_id": "dNW3S4yA8s8GmltmAPV8LQ",
    "size": [
      0.9053185012419686,
      1.1352859720932158,
      1.8100000000000591
    ],
    "obj_class": "pedestrian",
    "point_num_in_lidar": 56,
    "speed": 1.7840358456945877,
    "if_vehicle": false,
    "motion_state": true,
    "pose": [
      [
        0.021171034454716724,
        -0.9999066138862689,
        -0.00057688233163351,
        33.69108635060002
      ],
      [
        0.9999064063829561,
        0.02117065990618555,
        -1.705590203797192e-05,
        23.59266649815254
      ],
      [
        1.589748324429982e-05,
        -0.0005826585810324926,
        1.00000067689224,
        1.5417417991149023
      ],
      [
        0.0,
        0.0,
        0.0,
        1.0
      ]
    ],
    "location": [
      33.69108635060002,
      23.59266649815254,
      1.5417417991149023
    ],
    "rotation": [
      -0.0005826581207000491,
      -1.5897469783564562e-05,
      1.5496264737607215
    ]
  },
  {
    "label_id": "dWu2dkV959ZVbiXuXYme9A",
    "size": [
      1.9876994670929098,
      4.6193943709231275,
      1.4600000000000364
    ],
    "obj_class": "vehicle",
    "point_num_in_lidar": 4052,
    "speed": 8.881784197001252e-14,
    "if_vehicle": true,
    "motion_state": false,
    "pose": [
      [
        0.9999290443863674,
        0.020083709466944075,
        -0.00057688233163351,
        1.6189795424234035
      ],
      [
        -0.020083335144276404,
        0.9999288364758881,
        -1.705590203797192e-05,
        3.2232138969866355
      ],
      [
        0.0005826755236906281,
        1.5263882735214114e-05,
        1.00000067689224,
        0.7562599131500747
      ],
      [
        0.0,
        0.0,
        0.0,
        1.0
      ]
    ],
    "location": [
      1.6189795424234035,
      3.2232138969866355,
      0.7562599131500747
    ],
    "rotation": [
      1.526387240203191e-05,
      -0.0005826750632730868,
      -0.020082060209590843
    ]
  },
  {
    "label_id": "dv8sizFeYUT8pYvd3AJspA",
    "size": [
      0.7534326255224594,
      0.8617267602349281,
      0.7999999999999545
    ],
    "obj_class": "sign",
    "point_num_in_lidar": 52,
    "speed": 1.1370071466249427e-12,
    "if_vehicle": false,
    "motion_state": false,
    "pose": [
      [
        -0.0021774777431287713,
        1.0001283456557288,
        -0.00057688233163351,
        11.993942160672304
      ],
      [
        -1.0001281310765975,
        -0.0021771072029510884,
        -1.705590203797192e-05,
        38.42055321063344
      ],
      [
        -4.829048647320632e-06,
        0.0005828554128713769,
        1.00000067689224,
        1.253988691544805
      ],
      [
        0.0,
        0.0,
        0.0,
        1.0
      ]
    ],
    "location": [
      11.993942160672304,
      38.42055321063344,
      1.253988691544805
    ],
    "rotation": [
      0.0005828549523388544,
      4.82904455827838e-06,
      -1.5729735221310968
    ]
  },
  {
    "label_id": "eTLt3z7Tt1__uHa0Pj96uQ",
    "size": [
      0.5969024159007622,
      0.5832202862830158,
      0.9800000000000182
    ],
    "obj_class": "sign",
    "point_num_in_lidar": 104,
    "speed": 2.5585089000282873e-12,
    "if_vehicle": false,
    "motion_state": false,
    "pose": [
      [
        0.9986388611642313,
        -0.05460653958999844,
        -0.00057688233163351,
        1.7322238762480993
      ],
      [
        0.054606897350184085,
        0.998638625894436,
        -1.705590203797192e-05,
        5.192517336618039
      ],
      [
        0.0005821894860674446,
        -2.8269317940586117e-05,
        1.00000067689224,
        0.7174058294716588
      ],
      [
        0.0,
        0.0,
        0.0,
        1.0
      ]
    ],
    "location": [
      1.7322238762480993,
      5.192517336618039,
      0.7174058294716588
    ],
    "rotation": [
      -2.8269298797786623e-05,
      -0.0005821890259790236,
      0.05462692387317729
    ]
  },
  {
    "label_id": "hVOvDRfPPYheooNcglGZfw",
    "size": [
      1.968775439042792,
      4.426137945390364,
      1.5
    ],
    "obj_class": "vehicle",
    "point_num_in_lidar": 54,
    "speed": 1.422084321207637e-12,
    "if_vehicle": true,
    "motion_state": false,
    "pose": [
      [
        0.994637562902692,
        -0.1046784010977441,
        -0.00057688233163351,
        51.00903801028653
      ],
      [
        0.10467874659401785,
        0.9946373099668271,
        -1.705590203797192e-05,
        -6.6161286284041125
      ],
      [
        0.0005800358109457944,
        -5.746485921634807e-05,
        1.00000067689224,
        0.8471909505225312
      ],
      [
        0.0,
        0.0,
        0.0,
        1.0
      ]
    ],
    "location": [
      51.00903801028653,
      -6.6161286284041125,
      0.8471909505225312
    ],
    "rotation": [
      -5.746482025560357e-05,
      -0.0005800353523173873,
      0.1048571066700277
    ]
  },
  {
    "label_id": "iYoNqzfcHozgqJVHl7Yxnw",
    "size": [
      1.9729673738194615,
      3.9732415768768115,
      1.57000000000005
    ],
    "obj_class": "vehicle",
    "point_num_in_lidar": 33,
    "speed": 1.7763568394002505e-14,
    "if_vehicle": true,
    "motion_state": false,
    "pose": [
      [
        0.999365469090185,
        0.039116599846375055,
        -0.00057688233163351,
        50.24420807833485
      ],
      [
        -0.039116221633373575,
        0.999365268343697,
        -1.705590203797192e-05,
        2.4158450695213105
      ],
      [
        0.0005822793294101119,
        2.6354023715742083e-05,
        1.00000067689224,
        0.9645283534492819
      ],
      [
        0.0,
        0.0,
        0.0,
        1.0
      ]
    ],
    "location": [
      50.24420807833485,
      2.4158450695213105,
      0.9645283534492819
    ],
    "rotation": [
      2.6354005870818763e-05,
      -0.000582278869260843,
      -0.03912108787196216
    ]
  },
  {
    "label_id": "ifMXmnBpfdQ88ZpSpy5LIA",
    "size": [
      0.24340906766558282,
      0.052982123451976726,
      0.37999999999999545
    ],
    "obj_class": "sign",
    "point_num_in_lidar": 80,
    "speed": 0.0005781769243828932,
    "if_vehicle": false,
    "motion_state": false,
    "pose": [
      [
        -0.619700002584184,
        0.7850053222689316,
        -0.00057688233163351,
        4.967803744917546
      ],
      [
        -0.7850053825160954,
        -0.6196995786567066,
        -1.705590203797192e-05,
        4.897096166641859
      ],
      [
        -0.0003639482432377672,
        0.0004552860949649604,
        1.00000067689224,
        0.8075661362007622
      ],
      [
        0.0,
        0.0,
        0.0,
        1.0
      ]
    ],
    "location": [
      4.967803744917546,
      4.897096166641859,
      0.8075661362007622
    ],
    "rotation": [
      0.0004552857553275544,
      0.0003639479430944052,
      -2.239053499891493
    ]
  },
  {
    "label_id": "iwVyTv3GqaEq5Lo6tx5S8A",
    "size": [
      0.8450336275332957,
      1.1945977308094293,
      1.810638297872515
    ],
    "obj_class": "pedestrian",
    "point_num_in_lidar": 170,
    "speed": 1.8878561842038641,
    "if_vehicle": false,
    "motion_state": true,
    "pose": [
      [
        -0.04069677972848611,
        0.9993023673108744,
        -0.00057688233163351,
        9.234814340819867
      ],
      [
        -0.9993021671626802,
        -0.040696401198530505,
        -1.705590203797192e-05,
        21.837252191220614
      ],
      [
        -2.7274709550295713e-05,
        0.0005822369296456963,
        1.00000067689224,
        1.3790877232233925
      ],
      [
        0.0,
        0.0,
        0.0,
        1.0
      ]
    ],
    "location": [
      9.234814340819867,
      21.837252191220614,
      1.3790877232233925
    ],
    "rotation": [
      0.0005822364697417081,
      2.7274686458455122e-05,
      -1.611499033467588
    ]
  },
  {
    "label_id": "jYdxjpZOYqJdSiBQI133Fw",
    "size": [
      0.774174547397302,
      0.9953737697401499,
      1.009999999999991
    ],
    "obj_class": "sign",
    "point_num_in_lidar": 158,
    "speed": 0.002123693513384039,
    "if_vehicle": false,
    "motion_state": false,
    "pose": [
      [
        -0.04773651006140414,
        0.9989908281863974,
        -0.00057688233163351,
        12.106048271287364
      ],
      [
        -0.9989906307101627,
        -0.04773613013066897,
        -1.705590203797192e-05,
        12.640033204936117
      ],
      [
        -3.137627353468053e-05,
        0.0005820303097634812,
        1.00000067689224,
        0.7666392807379907
      ],
      [
        0.0,
        0.0,
        0.0,
        1.0
      ]
    ],
    "location": [
      12.106048271287364,
      12.640033204936117,
      0.7666392807379907
    ],
    "rotation": [
      0.0005820298500693714,
      3.137624697155272e-05,
      -1.6185447487875682
    ]
  },
  {
    "label_id": "k7sk2VXkecnWsXdCfg3Wig",
    "size": [
      2.771733201335599,
      3.9612899707604745,
      3.0399999999999636
    ],
    "obj_class": "vehicle",
    "point_num_in_lidar": 462,
    "speed": 2.864289338439558e-13,
    "if_vehicle": true,
    "motion_state": false,
    "pose": [
      [
        -0.02874584488431099,
        -0.9997175229009813,
        -0.00057688233163351,
