[
  {
    "label_id": "-ItvfksmEcYtVEcOjjRESg",
    "size": [
      2.960818615690892,
      8.028851501939148,
      3.3508914890802544
    ],
    "obj_class": "vehicle",
    "point_num_in_lidar": 912,
    "speed": 6.7192670677196285,
    "if_vehicle": true,
    "motion_state": true,
    "pose": [
      [
        0.0038767682424413375,
        1.000122105745779,
        0.0015894191500379566,
        17.754953581252266
      ],
      [
        -1.0001228100151016,
        0.003876199173541621,
        0.0005988529944389897,
        29.91164585624756
      ],
      [
        0.0006061276077704532,
        -0.0015855164088821457,
        0.9999994061376889,
        2.295248396646457
      ],
      [
        0.0,
        0.0,
        0.0,
        1.0
      ]
    ],
    "location": [
      17.754953581252266,
      29.91164585624756,
      2.295248396646457
    ],
    "rotation": [
      -0.0015855160218708143,
      -0.0006061271316380422,
      -1.566920054014375
    ]
  },
  {
    "label_id": "0VCoeT-jjrIfzTCsOWz20A",
    "size": [
      0.7544329631618893,
      1.043993850799436,
      0.9800000000000182
    ],
    "obj_class": "sign",
    "point_num_in_lidar": 121,
    "speed": 5.687116766346677e-13,
    "if_vehicle": false,
    "motion_state": false,
    "pose": [
      [
        -0.10288930837082699,
        0.9948231229501803,
        0.0015894191500379566,
        11.692034577414233
      ],
      [
        -0.9948237624594409,
        -0.10288994935647165,
        0.0005988529944389897,
        11.077785658497305
      ],
      [
        0.0007718889657888582,
        -0.0015117673049214531,
        0.9999994061376889,
        0.7167127426129127
      ],
      [
        0.0,
        0.0,
        0.0,
        1.0
      ]
    ],
    "location": [
      11.692034577414233,
      11.077785658497305,
      0.7167127426129127
    ],
    "rotation": [
      -0.001511767051018456,
      -0.0007718883888316518,
      -1.673854568433448
    ]
  },
  {
    "label_id": "0_HBXNo3olLueqYvkPohlg",
    "size": [
      1.7479682991906946,
      3.9316593479287927,
      1.7000000000000455
    ],
    "obj_class": "vehicle",
    "point_num_in_lidar": 44,
    "speed": 1.7763568394002505e-14,
    "if_vehicle": true,
    "motion_state": false,
    "pose": [
      [
        0.9998858096198551,
        -0.022082197676488204,
        0.0015894191500379566,
        56.5775634868005
      ],
      [
        0.022081641522297777,
        0.9998865241317219,
        0.0005988529944389897,
        -6.0365916970295075
      ],
      [
        -0.0015962875382737301,
        -0.0005771646687801196,
        0.9999994061376889,
        1.0278955624406763
      ],
      [
        0.0,
        0.0,
        0.0,
        1.0
      ]
    ],
    "location": [
      56.5775634868005,
      -6.0365916970295075,
      1.0278955624406763
    ],
    "rotation": [
      -0.0005771649474483829,
      0.0015962868645208632,
      0.02208057414711457
    ]
  },
  {
    "label_id": "1nDCER_bA9py1ZPpNXecog",
    "size": [
      0.7354650318024754,
      0.47864826564817664,
      0.8600000000000136
    ],
    "obj_class": "sign",
    "point_num_in_lidar": 342,
    "speed": 0.019711293392307355,
    "if_vehicle": false,
    "motion_state": false,
    "pose": [
      [
        1.0001198360607277,
        0.004423714642648154,
        0.0015894191500379566,
        -0.7431549366247054
      ],
      [
        -0.0044242895369167356,
        1.0001205355829013,
        0.0005988529944389897,
        5.12358407596912
      ],
      [
        -0.001580431346908297,
        -0.0006192654660528833,
        0.9999994061376889,
        0.8393474609637224
      ],
      [
        0.0,
        0.0,
        0.0,
        1.0
      ]
    ],
    "location": [
      -0.7431549366247054,
      5.12358407596912,
      0.8393474609637224
    ],
    "rotation": [
      -0.0006192657546507535,
      0.001580430666580038,
      -0.004423730554216965
    ]
  },
  {
    "label_id": "2-A6zakvKX2opVnyx9gplQ",
    "size": [
      0.77072754975344,
      1.107612320671707,
      1.7999999999999545
    ],
    "obj_class": "pedestrian",
    "point_num_in_lidar": 72,
    "speed": 1.6669395313570927,
    "if_vehicle": false,
    "motion_state": true,
    "pose": [
      [
        -0.07033007403054446,
        -0.9976537156850741,
        0.0015894191500379566,
        31.81836651168669
      ],
      [
        0.997654456214382,
        -0.07032955302091357,
        0.0005988529944389897,
        -5.382456729365003
      ],
      [
        -0.0004994242376786615,
        0.0016222910930394586,
        0.9999994061376889,
        0.9919309502683973
      ],
      [
        0.0,
        0.0,
        0.0,
        1.0
      ]
    ],
    "location": [
      31.81836651168669,
      -5.382456729365003,
      0.9919309502683973
    ],
    "rotation": [
      0.0016222906332600282,
      0.0004994238355459566,
      1.641175319769588
    ]
  },
  {
    "label_id": "2OYKagQRfCdaOXgU5RkMBA",
    "size": [
      0.862775999627126,
      0.6348824674672757,
      1.1499999999999773
    ],
    "obj_class": "sign",
    "point_num_in_lidar": 34,
    "speed": 0.0024609175512743642,
    "if_vehicle": false,
    "motion_state": false,
    "pose": [
      [
        0.015371388681055653,
        1.000011488005709,
        0.0015894191500379566,
        30.41275168723405
      ],
      [
        -1.0000121987690913,
        0.015370827744244602,
        0.0005988529944389897,
        12.403525946565424
      ],
      [
        0.0005878644815662266,
        -0.001592378193473191,
        0.9999994061376889,
        0.6842853561329321
      ],
      [
        0.0,
        0.0,
        0.0,
        1.0
      ]
    ],
    "location": [
      30.41275168723405,
      12.403525946565424,
      0.6842853561329321
    ],
    "rotation": [
      -0.0015923777932124884,
      -0.0005878640176435854,
      -1.5554263360561507
    ]
  },
  {
    "label_id": "2SYmRAjI0pCOwp2XYemMBQ",
    "size": [
      0.9588610015812884,
      0.6083173834498694,
      1.67999999999995
    ],
    "obj_class": "pedestrian",
    "point_num_in_lidar": 270,
    "speed": 0.002489543122044437,
    "if_vehicle": false,
    "motion_state": false,
    "pose": [
      [
        0.997832215473679,
        0.06775046491549938,
        0.0015894191500379566,
        11.794735053379554
      ],
      [
        -0.06775108295518878,
        0.9978328771848194,
        0.0005988529944389897,
        7.220019933489311
      ],
      [
        -0.0015380421813507791,
        -0.0007181080755163551,
        0.9999994061376889,
        0.8981811834873952
      ],
      [
        0.0,
        0.0,
        0.0,
        1.0
      ]
    ],
    "location": [
      11.794735053379554,
      7.220019933489311,
      0.8981811834873952
    ],
    "rotation": [
      -0.0007181083785359467,
      0.0015380414853842935,
      -0.06779421847049175
    ]
  },
  {
    "label_id": "3083QteOhZ_vSpxmP0XK-Q",
    "size": [
      0.8198295781744129,
      0.7789331854908985,
      1.2000000000000455
    ],
    "obj_class": "sign",
    "point_num_in_lidar": 48,
    "speed": 1.9915012144332625e-12,
    "if_vehicle": false,
    "motion_state": false,
    "pose": [
      [
        -0.03626433855908429,
        0.9994719373160251,
        0.0015894191500379566,
        28.956059697720775
      ],
      [
        -0.999472618179459,
        -0.03626493543400891,
        0.0005988529944389897,
        14.902581722368268
      ],
      [
        0.0006692709385917647,
        -0.0015599132573616283,
        0.9999994061376889,
        0.7363255909368718
      ],
      [
        0.0,
        0.0,
        0.0,
        1.0
      ]
    ],
    "location": [
      28.956059697720775,
      14.902581722368268,
      0.7363255909368718
    ],
    "rotation": [
      -0.001559912918474549,
      -0.0006692704218413064,
      -1.6070638908810475
    ]
  },
  {
    "label_id": "3mqY30kFisxCydiO2pKjPA",
    "size": [
      0.8321203191350615,
      1.0700067716390604,
      1.7200000000000273
    ],
    "obj_class": "pedestrian",
    "point_num_in_lidar": 66,
    "speed": 1.619888914872157,
    "if_vehicle": false,
    "motion_state": true,
    "pose": [
      [
        0.022021869349098225,
        0.999887140133199,
        0.0015894191500379566,
        32.652934538922636
      ],
      [
        -0.999887854611509,
        0.022021313151798724,
        0.0005988529944389897,
        1.6011593108451052
      ],
      [
        0.0005772609800205767,
        -0.001596252712035834,
        0.9999994061376889,
        0.9466439449220161
      ],
      [
        0.0,
        0.0,
        0.0,
        1.0
      ]
    ],
    "location": [
      32.652934538922636,
      1.6011593108451052,
      0.9466439449220161
    ],
    "rotation": [
      -0.0015962523042276529,
      -0.000577260523277241,
      -1.5487755476082132
    ]
  },
  {
    "label_id": "45vGTk6HpmeCTR2Etiwq8w",
    "size": [
      0.7077057722273468,
      0.7957618448156345,
      1.07000000000005
    ],
    "obj_class": "sign",
    "point_num_in_lidar": 25,
    "speed": 2.2743611691451335e-12,
    "if_vehicle": false,
    "motion_state": false,
    "pose": [
      [
        -1.0000506552107835,
        0.01256752743619416,
        0.0015894191500379566,
        41.394086939104454
      ],
      [
        -0.012566964508771974,
        -1.0000513643986346,
        0.0005988529944389897,
        4.351726368611708
      ],
      [
        0.0015907236985396932,
        0.0005923268309305876,
        0.9999994061376889,
        0.6758744546191338
      ],
      [
        0.0,
        0.0,
        0.0,
        1.0
      ]
    ],
    "location": [
      41.394086939104454,
      4.351726368611708,
      0.6758744546191338
    ],
    "rotation": [
      0.0005923271134184333,
      -0.0015907230224340605,
      -3.129026987028848
    ]
  },
  {
    "label_id": "63vjcxiQGxy6SmQ94yX-FQ",
    "size": [
      2.1481877568327534,
      4.771924252461758,
      1.490000000000009
    ],
    "obj_class": "vehicle",
    "point_num_in_lidar": 3768,
    "speed": 1.0274103894589626,
    "if_vehicle": true,
    "motion_state": true,
    "pose": [
      [
        0.9998143635370509,
        0.02510964353348038,
        0.0015894191500379566,
        -4.779968477818329
      ],
      [
        -0.025110232773947166,
        0.999815051018224,
        0.0005988529944389897,
        -3.0463876197463833
      ],
      [
        -0.001567284089004635,
        -0.0006518232460483275,
        0.9999994061376889,
        0.6856961951317544
      ],
      [
        0.0,
        0.0,
        0.0,
        1.0
      ]
    ],
    "location": [
      -4.779968477818329,
      -3.0463876197463833,
      0.6856961951317544
    ],
    "rotation": [
      -0.0006518235408275249,
      0.0015672834035258439,
      -0.025109616538500905
    ]
  },
  {
    "label_id": "8IZ7fkXm0FDeUdEuJAqSlA",
    "size": [
      0.7446914889100804,
      1.0496260774128139,
      1.7300000000000182
    ],
    "obj_class": "pedestrian",
    "point_num_in_lidar": 94,
    "speed": 0.004006739631138881,
    "if_vehicle": false,
    "motion_state": false,
    "pose": [
      [
        -0.9976656255509502,
        -0.07016092450508268,
        0.0015894191500379566,
        28.418464046742884
      ],
      [
        0.07016154414159283,
        -0.9976662857670409,
        0.0005988529944389897,
        8.253102126203885
      ],
      [
        0.0015363028196083133,
        0.0007218217274366402,
        0.9999994061376889,
        1.106018057815504
      ],
      [
        0.0,
        0.0,
        0.0,
        1.0
      ]
    ],
    "location": [
      28.418464046742884,
      8.253102126203885,
      1.106018057815504
    ],
    "rotation": [
      0.0007218220307366549,
      -0.0015363021230596883,
      3.0713825368366554
    ]
  },
  {
    "label_id": "8k1Wkk08druqr8A5YTrqFQ",
    "size": [
      2.168410900672029,
      4.238163060626746,
      1.7100000000000364
    ],
    "obj_class": "vehicle",
    "point_num_in_lidar": 178,
    "speed": 8.543149943144391e-13,
    "if_vehicle": true,
    "motion_state": false,
    "pose": [
      [
        1.000041566140192,
        -0.013271086061370159,
        0.0015894191500379566,
        38.780928365931686
      ],
      [
        0.013270523633019416,
        1.000042275723902,
        0.0005988529944389897,
        2.434997890555678
      ],
      [
        -0.0015911400222602548,
        -0.0005912075687080718,
        0.9999994061376889,
        0.9699979189847454
      ],
      [
        0.0,
        0.0,
        0.0,
        1.0
      ]
    ],
    "location": [
      38.780928365931686,
      2.434997890555678,
      0.9699979189847454
    ],
    "rotation": [
      -0.0005912078509231829,
      0.0015911393463289652,
      0.013269193221113865
    ]
  },
  {
    "label_id": "A4kzX4tBck4XcFuUOPA6Lg",
    "size": [
      0.7530091452420247,
      1.132073132049114,
      1.8246200607903802
    ],
    "obj_class": "pedestrian",
    "point_num_in_lidar": 148,
    "speed": 0.07228308483318537,
    "if_vehicle": false,
    "motion_state": false,
    "pose": [
      [
        0.9993792806506682,
        0.03873382423063249,
        0.0015894191500379566,
        14.800862845204392
      ],
      [
        -0.03873442278608125,
        0.9993799600372046,
        0.0005988529944389897,
        -10.799918049282496
      ],
      [
        -0.001558254793101814,
        -0.0006731232870071374,
        0.9999994061376889,
        0.7441280098362313
      ],
      [
        0.0,
        0.0,
        0.0,
        1.0
      ]
    ],
    "location": [
      14.800862845204392,
      -10.799918049282496,
      0.7441280098362313
    ],
    "rotation": [
      -0.0006731235850868494,
      0.0015582541042427846,
      -0.038739090479653
    ]
  },
  {
    "label_id": "AWjsPzPKZ7MTv8Ta3AXBbQ",
    "size": [
      2.106078352137215,
      4.515543669845269,
      1.4600000000000364
    ],
    "obj_class": "vehicle",
    "point_num_in_lidar": 82,
    "speed": 2.847716647714797e-13,
    "if_vehicle": true,
    "motion_state": false,
    "pose": [
      [
        0.9962608052747498,
        -0.08788437635145203,
        0.0015894191500379566,
        44.89225538835126
      ],
      [
        0.08788386846072063,
        0.9962615548624341,
        0.0005988529944389897,
        -6.917366334489998
      ],
      [
        -0.0016308327468382404,
        -0.00047078393300548267,
        0.9999994061376889,
        0.8343099876819906
      ],
      [
        0.0,
        0.0,
        0.0,
        1.0
      ]
    ],
    "location": [
      44.89225538835126,
      -6.917366334489998,
      0.8343099876819906
    ],
    "rotation": [
      -0.00047078417780529937,
      0.0016308320888059947,
      0.08798596278694545
    ]
  },
  {
    "label_id": "CB379cbEIKwW6eAs4wK6mw",
    "size": [
      0.9628501388829276,
      0.8106594422164695,
      1.7300000000000182
    ],
    "obj_class": "pedestrian",
    "point_num_in_lidar": 28,
    "speed": 1.4380538347258431,
    "if_vehicle": false,
    "motion_state": true,
    "pose": [
      [
        0.9627402722582259,
        0.2709066701015933,
        0.0015894191500379566,
        61.934585945557046
      ],
      [
        -0.27090741068748964,
        0.9627407931874163,
        0.0005988529944389897,
        -19.049996742742223
      ],
      [
        -0.0013581232836677047,
        -0.001018211228623866,
        0.9999994061376889,
        1.1741602864144625
      ],
      [
        0.0,
        0.0,
        0.0,
        1.0
      ]
    ],
    "location": [
      61.934585945557046,
      -19.049996742742223,
      1.1741602864144625
    ],
    "rotation": [
      -0.0010182114814228664,
      0.0013581225511675517,
      -0.27429903719547605
    ]
  },
  {
    "label_id": "DMyvJcDBgX_UfZY7i4gQUg",
    "size": [
      2.2010175447229887,
      5.031357921109429,
      1.7300000000000182
    ],
    "obj_class": "vehicle",
    "point_num_in_lidar": 7475,
    "speed": 5.709267256288867e-13,
    "if_vehicle": true,
    "motion_state": false,
    "pose": [
      [
        0.9990193049133493,
        -0.047113524001342,
        0.0015894191500379566,
        2.3001218514273205
      ],
      [
        0.047112985913719665,
        0.9990200331278793,
        0.0005988529944389897,
        -3.526055290345539
      ],
      [
        -0.0016102398221037161,
        -0.0005370108705114505,
        0.9999994061376889,
        0.8558247014245808
      ],
      [
        0.0,
        0.0,
        0.0,
        1.0
      ]
    ],
    "location": [
      2.3001218514273205,
      -3.526055290345539,
      0.8558247014245808
    ],
    "rotation": [
      -0.0005370111378008877,
      0.0016102391544685248,
      0.04712432071156212
    ]
  },
  {
    "label_id": "FaLjVnzgLbkn0NFfVlonZw",
    "size": [
      3.1341412423592145,
      4.451840989787582,
      3.0799999999999272
    ],
    "obj_class": "vehicle",
    "point_num_in_lidar": 941,
    "speed": 8.528363000094291e-13,
    "if_vehicle": true,
    "motion_state": false,
    "pose": [
      [
        -0.04777841898139322,
        -0.9989877268580506,
        0.0015894191500379566,
        30.018039117143417
      ],
      [
        0.998988455430548,
        -0.047777881378559095,
        0.0005988529944389897,
        17.921405188688368
      ],
      [
        -0.0005359390433762007,
        0.0016105968774094521,
        0.9999994061376889,
        1.845877756660002
      ],
      [
        0.0,
        0.0,
        0.0,
        1.0
      ]
    ],
    "location": [
      30.018039117143417,
      17.921405188688368,
      1.845877756660002
    ],
    "rotation": [
      0.0016105964412410842,
      0.0005359386152189962,
      1.6185867082997256
    ]
  },
  {
    "label_id": "L5HBM5tSKtNA4qHegDQk8Q",
    "size": [
      0.9577723394233025,
      0.9858486719012957,
      1.6399999999999864
    ],
    "obj_class": "pedestrian",
    "point_num_in_lidar": 52,
    "speed": 1.5680015277513384,
    "if_vehicle": false,
    "motion_state": true,
    "pose": [
      [
        -0.14701331627451428,
        -0.989265556143216,
        0.0015894191500379566,
        33.79482357758934
      ],
      [
        0.9892663346256891,
        -0.1470128538896851,
        0.0005988529944389897,
        7.0792144959395955
      ],
      [
        -0.0003729033704497473,
        0.0016559577398120074,
        0.9999994061376889,
        1.193221215517724
      ],
      [
        0.0,
        0.0,
        0.0,
        1.0
      ]
    ],
    "location": [
      33.79482357758934,
      7.0792144959395955,
      1.193221215517724
    ],
    "rotation": [
      0.0016559572095696923,
      0.00037290306333131464,
      1.7183250481461358
    ]
  },
  {
    "label_id": "MGw5mrKnm4f98o1li921HQ",
    "size": [
      2.075684710102896,
      5.188342363266595,
      1.9800000000000182
    ],
    "obj_class": "vehicle",
    "point_num_in_lidar": 6419,
    "speed": 0.04464113243049675,
    "if_vehicle": true,
    "motion_state": false,
    "pose": [
      [
        1.0000820716110284,
        -0.009752219007531988,
        0.0015894191500379566,
        -3.9515047459881316
      ],
      [
        0.009751654085894353,
        1.0000827792113633,
        0.0005988529944389897,
        2.758208083720092
      ],
      [
        -0.0015890499266244995,
        -0.0005968025556503077,
        0.9999994061376889,
        0.977248168221422
      ],
      [
        0.0,
        0.0,
        0.0,
        1.0
      ]
    ],
    "location": [
      -3.9515047459881316,
      2.758208083720092,
      0.977248168221422
    ],
    "rotation": [
      -0.0005968028392139087,
      0.0015890492498207263,
      0.009750544800942928
    ]
  },
  {
    "label_id": "NeHt8l-Xg_tze4fm4Zzhag",
    "size": [
      0.8686749354366577,
      0.8296750162009441,
      1.82000000000005
    ],
    "obj_class": "pedestrian",
    "point_num_in_lidar": 461,
    "speed": 2.9777166713245524e-13,
    "if_vehicle": false,
    "motion_state": false,
    "pose": [
      [
        0.9580363511389763,
        0.28709859914268565,
        0.0015894191500379566,
        1.4401068529805343
      ],
      [
        -0.28709934840545703,
        0.9580368595089115,
        0.0005988529944389897,
        10.619593192792308
      ],
      [
        -0.0013407646823246626,
        -0.0010409625480135773,
        0.9999994061376889,
        1.2941110953577208
      ],
      [
        0.0,
        0.0,
        0.0,
        1.0
      ]
    ],
    "location": [
      1.4401068529805343,
      10.619593192792308,
      1.2941110953577208
    ],
    "rotation": [
      -0.001040962790205221,
      0.001340763948717938,
      -0.2911584157904322
    ]
  },
  {
    "label_id": "Nx3jDnV5BFvG2rNbAk93sw",
    "size": [
      0.769854686413481,
      0.8128752011552611,
      1.0900000000000318
    ],
    "obj_class": "sign",
    "point_num_in_lidar": 84,
    "speed": 0.011148010383925969,
    "if_vehicle": false,
    "motion_state": false,
    "pose": [
      [
        -0.0035763852307409884,
        1.0001232250088277,
        0.0015894191500379566,
        12.118533860559182
      ],
      [
        -1.0001239250178153,
        -0.0035769595321498513,
        0.0005988529944389897,
        14.594472746241081
      ],
      [
        0.000617926260804711,
        -0.001580955437684433,
        0.9999994061376889,
        0.837539126278557
      ],
      [
        0.0,
        0.0,
        0.0,
        1.0
      ]
    ],
    "location": [
      12.118533860559182,
      14.594472746241081,
      0.837539126278557
    ],
    "rotation": [
      -0.0015809550593972052,
      -0.0006179257768914492,
      -1.57437225363478
    ]
  },
  {
    "label_id": "OkBzhxzagapiYam_4NK-9A",
    "size": [
      0.9161349937310149,
      0.864239601718528,
      1.8799999999999955
    ],
    "obj_class": "pedestrian",
    "point_num_in_lidar": 94,
    "speed": 0.8209966103749621,
    "if_vehicle": false,
    "motion_state": false,
    "pose": [
      [
        -0.9305962858596686,
        -0.36640115785511196,
        0.0015894191500379566,
        30.894885543142664
      ],
      [
        0.36640194709763024,
        -0.9305967296286835,
        0.0005988529944389897,
        -12.209393074586842
      ],
      [
        0.0012487802358138987,
        0.0011496959956339113,
        0.9999994061376889,
        1.05346247476416
      ],
      [
        0.0,
        0.0,
        0.0,
        1.0
      ]
    ],
    "location": [
      30.894885543142664,
      -12.209393074586842,
      1.05346247476416
    ],
    "rotation": [
      0.0011496961718385431,
      -0.0012487795029608886,
      2.7665047157356097
    ]
  },
  {
    "label_id": "PrS_b18HNPEbxJ9IAYW2BQ",
    "size": [
      0.48987531995654493,
      0.06346714012757415,
      0.4700000000000273
    ],
    "obj_class": "sign",
    "point_num_in_lidar": 30,
    "speed": 0.0011948161044228402,
    "if_vehicle": false,
    "motion_state": false,
    "pose": [
      [
        -0.26698511329722974,
        0.9638351544797699,
        0.0015894191500379566,
        11.36501115439205
      ],
      [
        -0.9638356784195659,
        -0.26698585175628853,
        0.0005988529944389897,
        10.276201236987617
      ],
      [
        0.0010126738765404758,
        -0.0013622571635005466,
        0.9999994061376889,
        2.949339670192103
      ],
      [
        0.0,
        0.0,
        0.0,
        1.0
      ]
    ],
    "location": [
      11.36501115439205,
      10.276201236987617,
      2.949339670192103
    ],
    "rotation": [
      -0.0013622571298265358,
      -0.001012673192129331,
      -1.8410235039575757
    ]
  },
  {
    "label_id": "WrQ9WB5nz7yw3pLq2Sx4JA",
    "size": [
      1.9338659153476871,
      4.5722265271665545,
      1.5399999999999636
    ],
    "obj_class": "vehicle",
    "point_num_in_lidar": 421,
    "speed": 8.881784197001252e-14,
    "if_vehicle": true,
    "motion_state": false,
    "pose": [
      [
        0.9997131968248023,
        -0.028857924868404706,
        0.0015894191500379566,
        3.9391482354349137
      ],
      [
        0.028857373569238693,
        0.9997139150893224,
        0.0005988529944389897,
        -7.481352559141669
      ],
      [
        -0.0016001623305041993,
        -0.0005663333609910716,
        0.9999994061376889,
        0.6174325100624856
      ],
      [
        0.0,
        0.0,
        0.0,
        1.0
      ]
    ],
    "location": [
      3.9391482354349137,
      -7.481352559141669,
      0.6174325100624856
    ],
    "rotation": [
      -0.000566333636767858,
      0.0016001616584190353,
      0.028857639132784274
    ]
  },
  {
    "label_id": "YTw2k0_-8UqolJn4WQRc2g",
    "size": [
      0.7131402618216193,
      0.9424020280400371,
      1.5199999999999818
    ],
    "obj_class": "pedestrian",
    "point_num_in_lidar": 44,
    "speed": 1.4347929260605858,
    "if_vehicle": false,
    "motion_state": true,
    "pose": [
      [
        -0.12842786116681748,
        0.9918495552297704,
        0.0015894191500379566,
        33.00656819709184
      ],
      [
        -0.9918501780507712,
        -0.12842851837963848,
        0.0005988529944389897,
        8.554865262671228
      ],
      [
        0.0008104948257537628,
        -0.001491425860431033,
        0.9999994061376889,
        1.257103426810886
      ],
      [
        0.0,
        0.0,
        0.0,
        1.0
      ]
    ],
    "location": [
      33.00656819709184,
      8.554865262671228,
      1.257103426810886
    ],
    "rotation": [
      -0.0014914256403144234,
      -0.0008104942281922416,
      -1.699563012890968
    ]
  },
  {
    "label_id": "YZp0XjCF9MO6a2x7szWEXA",
    "size": [
      1.9473680660204542,
      3.8082084000475307,
      1.509999999999991
    ],
    "obj_class": "vehicle",
    "point_num_in_lidar": 69,
    "speed": 1.1390866590859189e-12,
    "if_vehicle": true,
    "motion_state": false,
    "pose": [
      [
        0.998216601968565,
        -0.0618293723703225,
        0.0015894191500379566,
        40.33791436673346
      ],
      [
        0.061828845071664404,
        0.9982173380329755,
        0.0005988529944389897,
        -7.056325494020712
      ],
      [
        -0.001617978072746564,
        -0.0005132250148301285,
        0.9999994061376889,
        0.8435879912767632
      ],
      [
        0.0,
        0.0,
        0.0,
        1.0
      ]
    ],
    "location": [
      40.33791436673346,
      -7.056325494020712,
      0.8435879912767632
    ],
    "rotation": [
      -0.0005132252745540879,
      0.0016179774086393362,
      0.06186027975104577
    ]
  },
  {
    "label_id": "Yyu039jUMIJ4gI_2-mTkSg",
    "size": [
      1.0952675293736067,
      1.1481994723012645,
      1.759999999999991
    ],
    "obj_class": "pedestrian",
    "point_num_in_lidar": 69,
    "speed": 1.41691683690421,
    "if_vehicle": false,
    "motion_state": true,
    "pose": [
      [
        -0.006800861865908616,
        -1.000106496334894,
        0.0015894191500379566,
        33.69890113700603
      ],
      [
        1.0001072022650233,
        -0.00680029485855097,
        0.0005988529944389897,
        0.769987821317045
      ],
      [
        -0.0006014893584221482,
        0.0015872817996313649,
        0.9999994061376889,
        0.9570209194087056
      ],
      [
        0.0,
        0.0,
        0.0,
        1.0
      ]
    ],
    "location": [
      33.69890113700603,
      0.769987821317045,
      0.9570209194087056
    ],
    "rotation": [
      0.001587281409225544,
      0.0006014888853717167,
      1.5775963548572556
    ]
  },
  {
    "label_id": "ZyK_iICxQsEYdJLxMFTw7w",
    "size": [
      0.9212612327095963,
      0.9766455606441014,
      1.740000000000009
    ],
    "obj_class": "pedestrian",
    "point_num_in_lidar": 96,
    "speed": 1.6282074055522942,
    "if_vehicle": false,
    "motion_state": true,
    "pose": [
      [
        0.8081373555272087,
        0.5892141124708966,
        0.0015894191500379566,
        22.80615098476119
      ],
      [
        -0.5892149881085212,
        0.80813758594735,
        0.0005988529944389897,
        -13.450356432826084
      ],
      [
        -0.0009185301256722198,
        -0.0014274296367837718,
        0.9999994061376889,
        0.8575276480506773
      ],
      [
        0.0,
        0.0,
        0.0,
        1.0
      ]
    ],
    "location": [
      22.80615098476119,
      -13.450356432826084,
      0.8575276480506773
    ],
    "rotation": [
      -0.0014274295149914232,
      0.0009185294770546442,
      -0.6299920330321034
    ]
  },
  {
    "label_id": "brLOJzgVMhP_-kdQzIa7ng",
    "size": [
      0.7639133669183775,
      0.9683006691135629,
      1.740000000000009
    ],
    "obj_class": "pedestrian",
    "point_num_in_lidar": 42,
    "speed": 2.7478370973214146,
    "if_vehicle": false,
    "motion_state": true,
    "pose": [
      [
        -0.03754289591755805,
        0.9994247278807444,
        0.0015894191500379566,
        33.43824947236499
      ],
      [
        -0.9994254079800613,
        -0.03754349366299728,
        0.0005988529944389897,
        -17.783430448094805
      ],
      [
        0.0006712659295877553,
        -0.0015590558076960406,
        0.9999994061376889,
        0.8776464555975281
      ],
      [
        0.0,
        0.0,
        0.0,
        1.0
      ]
    ],
    "location": [
      33.43824947236499,
      -17.783430448094805,
      0.8776464555975281
    ],
    "rotation": [
      -0.0015590554703850633,
      -0.0006712654115961458,
      -1.608343152951186
    ]
  },
  {
    "label_id": "dNW3S4yA8s8GmltmAPV8LQ",
    "size": [
      0.905318501242827,
      1.1352859720932158,
      1.8100000000000591
    ],
    "obj_class": "pedestrian",
    "point_num_in_lidar": 44,
    "speed": 1.8619769082959816,
    "if_vehicle": false,
    "motion_state": true,
    "pose": [
      [
        0.0027023306469076305,
        -1.0001259686371768,
        0.0015894191500379566,
        34.1489551665054
      ],
      [
        1.0001266691478057,
        0.0027029043363274276,
        0.0005988529944389897,
        10.417263857541911
      ],
      [
        -0.0006165443558928363,
        0.0015814948678237184,
        0.9999994061376889,
        1.3094259253083465
      ],
      [
        0.0,
        0.0,
        0.0,
        1.0
      ]
    ],
    "location": [
      34.1489551665054,
      10.417263857541911,
      1.3094259253083465
    ],
    "rotation": [
      0.0015814944885081165,
      0.0006165438728864826,
      1.5680943449820328
    ]
  },
  {
    "label_id": "dWu2dkV959ZVbiXuXYme9A",
    "size": [
      1.9876994670929105,
      4.6193943709231275,
      1.4600000000000364
    ],
    "obj_class": "vehicle",
    "point_num_in_lidar": 5765,
    "speed": 8.881784197001252e-14,
    "if_vehicle": true,
    "motion_state": false,
    "pose": [
      [
        0.9999282591300673,
        0.020068191908823415,
        0.0015894191500379566,
        1.6189795424215845
      ],
      [
        -0.020068777675473173,
        0.9999289495734924,
        0.0005988529944389897,
        3.2232138969829975
      ],
      [
        -0.0015705507041914256,
        -0.0006439126068806913,
        0.9999994061376889,
        0.756259913149961
      ],
      [
        0.0,
        0.0,
        0.0,
        1.0
      ]
    ],
    "location": [
      1.6189795424215845,
      3.2232138969829975,
      0.756259913149961
    ],
    "rotation": [
      -0.0006439129002824563,
      0.0015705500199669727,
      -0.02006752332906093
    ]
  },
  {
    "label_id": "eTLt3z7Tt1__uHa0Pj96uQ",
    "size": [
      0.5969024159007611,
      0.5832202862830158,
      0.9800000000000182
    ],
    "obj_class": "sign",
    "point_num_in_lidar": 39,
    "speed": 2.5585089000282873e-12,
    "if_vehicle": false,
    "motion_state": false,
    "pose": [
      [
        0.9986369198752003,
        -0.05462195525198131,
        0.0015894191500379566,
        1.7322238762499182
      ],
      [
        0.05462142265364852,
        0.9986376521140324,
        0.0005988529944389897,
        5.192517336618039
      ],
      [
        -0.0016142311091969473,
        -0.0005248913085933735,
        0.9999994061376889,
        0.7174058294717724
      ],
      [
        0.0,
        0.0,
        0.0,
        1.0
      ]
    ],
    "location": [
      1.7322238762499182,
      5.192517336618039,
      0.7174058294717724
    ],
    "rotation": [
      -0.0005248915721022232,
      0.0016142304433693628,
      0.054641531610437645
    ]
  },
  {
    "label_id": "hVOvDRfPPYheooNcglGZfw",
    "size": [
      1.968775439042791,
      4.426137945390364,
      1.5
    ],
    "obj_class": "vehicle",
    "point_num_in_lidar": 46,
    "speed": 1.422084321207637e-12,
    "if_vehicle": true,
    "motion_state": false,
    "pose": [
      [
        0.994634850055998,
        -0.10469369984606869,
        0.0015894191500379566,
        51.00903801028653
      ],
      [
        0.1046932046845225,
        0.9946356081125491,
        0.0005988529944389897,
        -6.6161286284059315
      ],
      [
        -0.0016385494341242639,
        -0.00044318022481505947,
        0.9999994061376889,
        0.8471909505225312
      ],
      [
        0.0,
        0.0,
        0.0,
        1.0
      ]
    ],
    "location": [
      51.00903801028653,
      -6.6161286284059315,
      0.8471909505225312
    ],
    "rotation": [
      -0.00044318045898838104,
      0.001638548779868148,
      0.10487176739059872
    ]
  },
  {
    "label_id": "ifMXmnBpfdQ88ZpSpy5LIA",
    "size": [
      0.24340906766558298,
      0.052982123451976726,
      0.37999999999999545
    ],
    "obj_class": "sign",
    "point_num_in_lidar": 28,
    "speed": 0.0011952193730728332,
    "if_vehicle": false,
    "motion_state": false,
    "pose": [
      [
        -0.6196871581027855,
        0.7850140647248747,
        0.0015894191500379566,
        4.963747767862515
      ],
      [
        -0.7850142614911615,
        -0.6196880419114299,
        0.0005988529944389897,
        4.900558947461832
      ],
      [
        0.0014615111005982554,
        -0.0008632718358455485,
        0.9999994061376889,
        0.8076021833247751
      ],
      [
        0.0,
        0.0,
        0.0,
        1.0
      ]
    ],
    "location": [
      4.963747767862515,
      4.900558947461832,
      0.8076021833247751
    ],
    "rotation": [
      -0.00086327213406244,
      -0.0014615103833450474,
      -2.239037918663342
    ]
  },
  {
    "label_id": "jDO7AFvKzSj9IBX0gjUdVw",
    "size": [
      0.7212059063467052,
      0.985521898342995,
      1.6299999999999955
    ],
    "obj_class": "pedestrian",
    "point_num_in_lidar": 24,
    "speed": 1.389868375018142,
    "if_vehicle": false,
    "motion_state": true,
    "pose": [
      [
        -1.0001238649478,
        0.0033927120790874505,
        0.0015894191500379566,
        52.87595104456159
      ],
      [
        -0.0033921426693904865,
        -1.0001245689416125,
        0.0005988529944389897,
        5.514794558033827
      ],
      [
        0.0015852228594686695,
        0.0006068949213447423,
        0.9999994061376889,
        1.186949622944212
      ],
      [
        0.0,
        0.0,
        0.0,
        1.0
      ]
    ],
    "location": [
      52.87595104456159,
      5.514794558033827,
      1.186949622944212
    ],
    "rotation": [
      0.0006068952072460558,
      -0.0015852221810853221,
      -3.1382009440417287
    ]
  },
  {
    "label_id": "jYdxjpZOYqJdSiBQI133Fw",
    "size": [
      0.7741745473973037,
      0.9953737697401499,
      1.009999999999991
    ],
    "obj_class": "sign",
    "point_num_in_lidar": 105,
    "speed": 0.0021236935131453047,
    "if_vehicle": false,
    "motion_state": false,
    "pose": [
      [
        -0.04772097671940828,
        0.9989904724842587,
        0.0015894191500379566,
        12.115929888528626
      ],
      [
        -0.9989911464597256,
        -0.04772158136125352,
        0.0005988529944389897,
        12.65117686256599
      ],
      [
        0.0006871114739718008,
        -0.0015521374881344633,
        0.9999994061376889,
        0.7955446412377114
      ],
      [
        0.0,
        0.0,
        0.0,
        1.0
      ]
    ],
    "location": [
      12.115929888528626,
      12.65117686256599,
      0.7955446412377114
    ],
    "rotation": [
      -0.0015521371634564806,
      -0.0006871109462176776,
      -1.618529210557179
    ]
  },
  {
    "label_id": "kWKrXcZMJ7I5K4Z4z9GdSQ",
    "size": [
      0.7759135708028653,
      0.8012255748866434,
      1.75
    ],
    "obj_class": "pedestrian",
    "point_num_in_lidar": 48,
    "speed": 2.9777166713245524e-13,
    "if_vehicle": false,
    "motion_state": false,
    "pose": [
      [
        -0.0015961238875687928,
        -1.0001283458246308,
        0.0015894191500379566,
        38.10401028279375
      ],
      [
        1.0001290487944428,
        -0.0015955532141640205,
        0.0005988529944389897,
        -10.038530125351826
      ],
      [
        -0.0006097415734173548,
        0.001584130099891608,
        0.9999994061376889,
        1.0257852311725628
      ],
      [
        0.0,
        0.0,
        0.0,
        1.0
      ]
    ],
    "location": [
      38.10401028279375,
      -10.038530125351826,
      1.0257852311725628
    ],
    "rotation": [
      0.0015841297155389405,
      0.0006097410948926037,
      1.5723922433762718
    ]
  },
  {
    "label_id": "kXyEv2zRlXCiI09I_nYVDA",
    "size": [
      3.3185533712107635,
      9.387806686727028,
      3.2899999999999636
    ],
    "obj_class": "vehicle",
    "point_num_in_lidar": 2436,
    "speed": 6.834314597060484,
    "if_vehicle": true,
    "motion_state": true,
    "pose": [
      [
        0.002164795846671248,
        1.0001272765964935,
        0.0015894191500379566,
        17.782418955206595
      ],
      [
        -1.0001279798906761,
        0.00216422557306689,
        0.0005988529944389897,
        19.70255637167429
      ],
      [
        0.0006088407396805514,
        -0.0015844765424080282,
        0.9999994061376889,
        2.054828392183481
      ],
      [
        0.0,
        0.0,
        0.0,
        1.0
      ]
    ],
    "location": [
      17.782418955206595,
      19.70255637167429,
      2.054828392183481
    ],
    "rotation": [
      -0.001584476157391524,
      -0.0006088402617513826,
      -1.5686318113434585
    ]
  },
  {
    "label_id": "l9f--u5kPKABASTzvy9Nug",
    "size": [
      0.7368282590095419,
      0.9500971590338381,
      1.7100000000000364
    ],
    "obj_class": "pedestrian",
    "point_num_in_lidar": 42,
    "speed": 1.0044604646122595,
    "if_vehicle": false,
    "motion_state": true,
    "pose": [
      [
        -0.9999671939194297,
        -0.018024062202464438,
        0.0015894191500379566,
        34.73742662217228
      ],
      [
        0.018024646556462163,
        -0.9999678855588564,
        0.0005988529944389897,
        6.986390354515606
      ],
      [
        0.0015718637309261499,
        0.0006407006876342508,
        0.9999994061376889,
        1.1263796628937826
      ],
      [
        0.0,
        0.0,
        0.0,
        1.0
      ]
    ],
    "location": [
      34.73742662217228,
      6.986390354515606,
      1.1263796628937826
    ],
    "rotation": [
      0.0006407009804536839,
      -0.0015718630472106028,
      3.1235693675039906
    ]
  },
  {
    "label_id": "oktALDz6ntRSXy5D7zFjEA",
    "size": [
      0.8960930957413348,
      0.8484989187230266,
      1.7799999999999727
    ],
    "obj_class": "pedestrian",
    "point_num_in_lidar": 59,
    "speed": 0.13885065163756447,
    "if_vehicle": false,
    "motion_state": false,
    "pose": [
      [
        -0.9918114398998727,
