[
  {
    "label_id": "-ItvfksmEcYtVEcOjjRESg",
    "size": [
      2.9608186156907097,
      8.028851501939148,
      3.3508914890802544
    ],
    "obj_class": "vehicle",
    "point_num_in_lidar": 7296,
    "speed": 8.721319682257512,
    "if_vehicle": true,
    "motion_state": true,
    "pose": [
      [
        0.058553107620682755,
        0.9984152348862687,
        -0.0005782054730533038,
        18.969664987791475
      ],
      [
        -0.9984149838407812,
        0.05855335252557831,
        -0.00020882450190076358,
        -9.61777802144934
      ],
      [
        -0.00016076730055482086,
        0.0005946196233090323,
        1.0000006570548186,
        1.6558248213779052
      ],
      [
        0.0,
        0.0,
        0.0,
        1.0
      ]
    ],
    "location": [
      18.969664987791475,
      -9.61777802144934,
      1.6558248213779052
    ],
    "rotation": [
      0.0005946191625313718,
      0.00016076716511550935,
      -1.512217360796832
    ]
  },
  {
    "label_id": "-r18nvGJT_LauvErk1VSrg",
    "size": [
      0.7208473821763746,
      2.0829883357271277,
      1.9099999999999682
    ],
    "obj_class": "vehicle",
    "point_num_in_lidar": 51,
    "speed": 5.684341886080801e-13,
    "if_vehicle": true,
    "motion_state": false,
    "pose": [
      [
        -0.000999623550924953,
        1.0001302157308312,
        -0.0005782054730533038,
        31.485288678177312
      ],
      [
        -1.0001299797131886,
        -0.0009993641325042322,
        -0.00020882450190076358,
        49.96603182844774
      ],
      [
        -0.00019588761345746544,
        0.000583992007005061,
        1.0000006570548186,
        1.8258470886512441
      ],
      [
        0.0,
        0.0,
        0.0,
        1.0
      ]
    ],
    "location": [
      31.485288678177312,
      49.96603182844774,
      1.8258470886512441
    ],
    "rotation": [
      0.0005839915569011867,
      0.00019588744883979143,
      -1.5717958200990982
    ]
  },
  {
    "label_id": "0VCoeT-jjrIfzTCsOWz20A",
    "size": [
      0.754432963161889,
      1.043993850799436,
      0.9800000000000182
    ],
    "obj_class": "sign",
    "point_num_in_lidar": 198,
    "speed": 5.687116766346677e-13,
    "if_vehicle": false,
    "motion_state": false,
    "pose": [
      [
        -0.1029029915410021,
        0.9948228093469482,
        -0.0005782054730533038,
        11.692034577412414
      ],
      [
        -0.9948226009912657,
        -0.10290270942373192,
        -0.00020882450190076358,
        11.077785658495486
      ],
      [
        -0.00025437408579454484,
        0.0005609923759090214,
        1.0000006570548186,
        0.7167127426126854
      ],
      [
        0.0,
        0.0,
        0.0,
        1.0
      ]
    ],
    "location": [
      11.692034577412414,
      11.077785658495486,
      0.7167127426126854
    ],
    "rotation": [
      0.0005609919484562194,
      0.00025437387314316775,
      -1.673868296698876
    ]
  },
  {
    "label_id": "0_HBXNo3olLueqYvkPohlg",
    "size": [
      1.7479682991906942,
      3.9316593479287927,
      1.7000000000000455
    ],
    "obj_class": "vehicle",
    "point_num_in_lidar": 62,
    "speed": 1.7763568394002505e-14,
    "if_vehicle": true,
    "motion_state": false,
    "pose": [
      [
        0.9998872063075523,
        -0.02206858236318205,
        -0.0005782054730533038,
        56.57756348679686
      ],
      [
        0.02206883626885747,
        0.9998869643692283,
        -0.00020882450190076358,
        -6.0365916970295075
      ],
      [
        0.0005883547823850215,
        0.00018236576267637185,
        1.0000006570548186,
        1.0278955624406763
      ],
      [
        0.0,
        0.0,
        0.0,
        1.0
      ]
    ],
    "location": [
      56.57756348679686,
      -6.0365916970295075,
      1.0278955624406763
    ],
    "rotation": [
      0.00018236564083048894,
      -0.0005883543181320022,
      0.02206774285531655
    ]
  },
  {
    "label_id": "2-A6zakvKX2opVnyx9gplQ",
    "size": [
      0.7707275497526648,
      1.107612320671707,
      1.7999999999999545
    ],
    "obj_class": "pedestrian",
    "point_num_in_lidar": 83,
    "speed": 1.4446041700918497,
    "if_vehicle": false,
    "motion_state": true,
    "pose": [
      [
        0.01779594262732051,
        -0.9999723756639717,
        -0.0005782054730533038,
        31.89584274607114
      ],
      [
        0.9999721440363594,
        0.017795679281741826,
        -0.00020882450190076358,
        3.47274376511632
      ],
      [
        0.00020566770799225711,
        -0.0005806198543290359,
        1.0000006570548186,
        0.860412775036707
      ],
      [
        0.0,
        0.0,
        0.0,
        1.0
      ]
    ],
    "location": [
      31.89584274607114,
      3.47274376511632,
      0.860412775036707
    ],
    "rotation": [
      -0.0005806194075842801,
      -0.0002056675352903227,
      1.553001766862785
    ]
  },
  {
    "label_id": "2OYKagQRfCdaOXgU5RkMBA",
    "size": [
      0.8627759996271253,
      0.6348824674672757,
      1.1499999999999773
    ],
    "obj_class": "sign",
    "point_num_in_lidar": 47,
    "speed": 0.0024609175531132917,
    "if_vehicle": false,
    "motion_state": false,
    "pose": [
      [
        0.015357764301078778,
        1.0000127932885232,
        -0.0005782054730533038,
        30.413661462460368
      ],
      [
        -1.0000125530596284,
        0.015358019824703204,
        -0.00020882450190076358,
        12.417033083500428
      ],
      [
        -0.00018631015075234563,
        0.000587117662039303,
        1.0000006570548186,
        0.6844919872061155
      ],
      [
        0.0,
        0.0,
        0.0,
        1.0
      ]
    ],
    "location": [
      30.413661462460368,
      12.417033083500428,
      0.6844919872061155
    ],
    "rotation": [
      0.000587117208809996,
      0.00018630999406960046,
      -1.5554399624941881
    ]
  },
  {
    "label_id": "2SYmRAjI0pCOwp2XYemMBQ",
    "size": [
      0.9588610015812888,
      0.6083173834498694,
      1.67999999999995
    ],
    "obj_class": "pedestrian",
    "point_num_in_lidar": 348,
    "speed": 0.002489543121646613,
    "if_vehicle": false,
    "motion_state": false,
    "pose": [
      [
        0.9978323844983846,
        0.06776415063520025,
        -0.0005782054730533038,
        11.802088515245487
      ],
      [
        -0.06776387603941131,
        0.9978321663255236,
        -0.00020882450190076358,
        7.231934448218453
      ],
      [
        0.0005696121552170333,
        0.00023443680167769203,
        1.0000006570548186,
        0.8778117802783072
      ],
      [
        0.0,
        0.0,
        0.0,
        1.0
      ]
    ],
    "location": [
      11.802088515245487,
      7.231934448218453,
      0.8778117802783072
    ],
    "rotation": [
      0.00023443664334504147,
      -0.0005696117036928461,
      -0.06780696905052593
    ]
  },
  {
    "label_id": "3083QteOhZ_vSpxmP0XK-Q",
    "size": [
      0.8198295781744163,
      0.7789331854908985,
      1.2000000000000455
    ],
    "obj_class": "sign",
    "point_num_in_lidar": 46,
    "speed": 1.9915012144332625e-12,
    "if_vehicle": false,
    "motion_state": false,
    "pose": [
      [
        -0.03627801215050774,
        0.9994725376414552,
        -0.0005782054730533038,
        28.956059697717137
      ],
      [
        -0.9994723109215284,
        -0.03627774456814749,
        -0.00020882450190076358,
        14.902581722366449
      ],
      [
        -0.00021636568338407767,
        0.0005767187463622123,
        1.0000006570548186,
        0.7363255909368718
      ],
      [
        0.0,
        0.0,
        0.0,
        1.0
      ]
    ],
    "location": [
      28.956059697717137,
      14.902581722366449,
      0.7363255909368718
    ],
    "rotation": [
      0.0005767183034870164,
      0.00021636550186172106,
      -1.607077564837529
    ]
  },
  {
    "label_id": "3mqY30kFisxCydiO2pKjPA",
    "size": [
      0.8321203191385862,
      1.0700067716390604,
      1.7200000000000273
    ],
    "obj_class": "pedestrian",
    "point_num_in_lidar": 64,
    "speed": 1.4547893995951955,
    "if_vehicle": false,
    "motion_state": true,
    "pose": [
      [
        0.02447047310707854,
        0.9998313075769122,
        -0.0005782054730533038,
        33.10736440796791
      ],
      [
        -0.9998310650293477,
        0.024470726430830987,
        -0.00020882450190076358,
        -6.905797757446635
      ],
      [
        -0.0001809518756998448,
        0.0005887911684396845,
        1.0000006570548186,
        0.8895660608948219
      ],
      [
        0.0,
        0.0,
        0.0,
        1.0
      ]
    ],
    "location": [
      33.10736440796791,
      -6.905797757446635,
      0.8895660608948219
    ],
    "rotation": [
      0.0005887907135322787,
      0.00018095172346394248,
      -1.5463266041308357
    ]
  },
  {
    "label_id": "45vGTk6HpmeCTR2Etiwq8w",
    "size": [
      0.7077057722273477,
      0.7957618448156345,
      1.07000000000005
    ],
    "obj_class": "sign",
    "point_num_in_lidar": 24,
    "speed": 2.2743611691451335e-12,
    "if_vehicle": false,
    "motion_state": false,
    "pose": [
      [
        -1.000051922288858,
        0.012553899450050724,
        -0.0005782054730533038,
        41.39408693910627
      ],
      [
        -0.0125541556462172,
        -1.0000516827773365,
        -0.00020882450190076358,
        4.351726368611708
      ],
      [
        -0.0005865929837803375,
        -0.0001879555605230707,
        1.0000006570548186,
        0.6758744546191338
      ],
      [
        0.0,
        0.0,
        0.0,
        1.0
      ]
    ],
    "location": [
      41.39408693910627,
      4.351726368611708,
      0.6758744546191338
    ],
    "rotation": [
      -0.00018795543481272918,
      0.0005865925207151243,
      -3.129039809125359
    ]
  },
  {
    "label_id": "4BPsEUa8pjB_nYeEbm-YSA",
    "size": [
      0.8876985042481612,
      1.0727947770953707,
      1.7511702127660556
    ],
    "obj_class": "pedestrian",
    "point_num_in_lidar": 247,
    "speed": 1.2660534094110616,
    "if_vehicle": false,
    "motion_state": true,
    "pose": [
      [
        0.08940655206149123,
        0.9961264558847527,
        -0.0005782054730533038,
        9.420186864883362
      ],
      [
        -0.9961261973843555,
        0.08940678908425251,
        -0.00020882450190076358,
        18.1887017448571
      ],
      [
        -0.00014229851074162064,
        0.0005993077299623113,
        1.0000006570548186,
        1.2649664910570664
      ],
      [
        0.0,
        0.0,
        0.0,
        1.0
      ]
    ],
    "location": [
      9.420186864883362,
      18.1887017448571,
      1.2649664910570664
    ],
    "rotation": [
      0.0005993072644336249,
      0.00014229839072869778,
      -1.4812819410260258
    ]
  },
  {
    "label_id": "8IZ7fkXm0FDeUdEuJAqSlA",
    "size": [
      0.7446914889100806,
      1.0496260774128139,
      1.7300000000000182
    ],
    "obj_class": "pedestrian",
    "point_num_in_lidar": 110,
    "speed": 0.002195925102309945,
    "if_vehicle": false,
    "motion_state": false,
    "pose": [
      [
        -0.9976657615119087,
        -0.07017461059318754,
        -0.0005782054730533038,
        28.418950974581094
      ],
      [
        0.07017433547111734,
        -0.9976655440030788,
        -0.00020882450190076358,
        8.26911500128881
      ],
      [
        -0.0005690441183644836,
        -0.00023581224036645678,
        1.0000006570548186,
        1.0720681084829948
      ],
      [
        0.0,
        0.0,
        0.0,
        1.0
      ]
    ],
    "location": [
      28.418950974581094,
      8.26911500128881,
      1.0720681084829948
    ],
    "rotation": [
      -0.00023581208105402903,
      0.0005690436672292292,
      3.071369788225545
    ]
  },
  {
    "label_id": "8k1Wkk08druqr8A5YTrqFQ",
    "size": [
      2.168410900672029,
      4.238163060626746,
      1.7100000000000364
    ],
    "obj_class": "vehicle",
    "point_num_in_lidar": 234,
    "speed": 8.543149943144391e-13,
    "if_vehicle": true,
    "motion_state": false,
    "pose": [
      [
        1.0000428428055972,
        -0.013257458970026134,
        -0.0005782054730533038,
        38.78092836592623
      ],
      [
        0.013257714997626367,
        1.0000426031138943,
        -0.00020882450190076358,
        2.434997890555678
      ],
      [
        0.0005867250702556245,
        0.00018754283053582776,
        1.0000006570548186,
        0.9699979189848591
      ],
      [
        0.0,
        0.0,
        0.0,
        1.0
      ]
    ],
    "location": [
      38.78092836592623,
      2.434997890555678,
      0.9699979189848591
    ],
    "rotation": [
      0.0001875427051112209,
      -0.0005867246071012953,
      0.013256370449674643
    ]
  },
  {
    "label_id": "A4kzX4tBck4XcFuUOPA6Lg",
    "size": [
      0.753009145241197,
      1.132073132049114,
      1.8246200607903802
    ],
    "obj_class": "pedestrian",
    "point_num_in_lidar": 256,
    "speed": 1.5976322050228404,
    "if_vehicle": false,
    "motion_state": true,
    "pose": [
      [
        -0.20257033462748147,
        -0.9794011982808436,
        -0.0005782054730533038,
        13.925178123714431
      ],
      [
        0.9794009144054939,
        -0.20257054058143395,
        -0.00020882450190076358,
        -7.678764774616866
      ],
      [
        7.293220364884171e-05,
        -0.0006116367508765193,
        1.0000006570548186,
        0.8458724240103948
      ],
      [
        0.0,
        0.0,
        0.0,
        1.0
      ]
    ],
    "location": [
      13.925178123714431,
      -7.678764774616866,
      0.8458724240103948
    ],
    "rotation": [
      -0.0006116362727270725,
      -7.293214195718602e-05,
      1.774751311614784
    ]
  },
  {
    "label_id": "AWjsPzPKZ7MTv8Ta3AXBbQ",
    "size": [
      2.1060783521372137,
      4.515543669845269,
      1.4600000000000364
    ],
    "obj_class": "vehicle",
    "point_num_in_lidar": 97,
    "speed": 2.847716647714797e-13,
    "if_vehicle": true,
    "motion_state": false,
    "pose": [
      [
        0.9962630956026651,
        -0.08787088257913918,
        -0.0005782054730533038,
        44.89225538834762
      ],
      [
        0.0878711200001061,
        0.9962628374679541,
        -0.00020882450190076358,
        -6.917366334488179
      ],
      [
        0.0005990876598287678,
        0.00014322219518200481,
        1.0000006570548186,
        0.8343099876819906
      ],
      [
        0.0,
        0.0,
        0.0,
        1.0
      ]
    ],
    "location": [
      44.89225538834762,
      -6.917366334488179,
      0.8343099876819906
    ],
    "rotation": [
      0.00014322210009794873,
      -0.0005990871883792853,
      0.08797306407032615
    ]
  },
  {
    "label_id": "AhVLDKKFO3nP9YBAG8x0pw",
    "size": [
      1.9318567274618768,
      4.066022807258439,
      1.509999999999991
    ],
    "obj_class": "vehicle",
    "point_num_in_lidar": 88,
    "speed": 2.929642751054232e-13,
    "if_vehicle": true,
    "motion_state": false,
    "pose": [
      [
        0.028930753234287315,
        -0.9997121881733458,
        -0.0005782054730533038,
        27.15428985314793
      ],
      [
        0.9997119594927713,
        0.028930487325582035,
        -0.00020882450190076358,
        27.835712820115077
      ],
      [
        0.0002121208660664296,
        -0.0005782934890962272,
        1.0000006570548186,
        1.2749332609113253
      ],
      [
        0.0,
        0.0,
        0.0,
        1.0
      ]
    ],
    "location": [
      27.15428985314793,
      27.835712820115077,
      1.2749332609113253
    ],
    "rotation": [
      -0.0005782930446611429,
      -0.0002121206880410065,
      1.5418653124217927
    ]
  },
  {
    "label_id": "Aof9zDLMpOMBf2RZkTgB1g",
    "size": [
      0.6466332595231497,
      2.732983268659154,
      3.449999999999932
    ],
    "obj_class": "vehicle",
    "point_num_in_lidar": 107,
    "speed": 1.0658141036401503e-13,
    "if_vehicle": true,
    "motion_state": false,
    "pose": [
      [
        -0.049274891880338095,
        -0.9989161289593954,
        -0.0005782054730533038,
        31.202282628079047
      ],
      [
        0.9989158802000095,
        -0.049275139106980476,
        -0.00020882450190076358,
        58.6885207951218
      ],
      [
        0.0001662846235731888,
        -0.0005931003669826759,
        1.0000006570548186,
        2.6297984345876557
      ],
      [
        0.0,
        0.0,
        0.0,
        1.0
      ]
    ],
    "location": [
      31.202282628079047,
      58.6885207951218,
      2.6297984345876557
    ],
    "rotation": [
      -0.000593099907739044,
      -0.00016628448353578625,
      1.6200847448054219
    ]
  },
  {
    "label_id": "AvH5yelBYncUXgWqCPLaoA",
    "size": [
      2.157587995304815,
      4.5323268143472895,
      1.75
    ],
    "obj_class": "vehicle",
    "point_num_in_lidar": 129,
    "speed": 2.6558536153572145,
    "if_vehicle": true,
    "motion_state": true,
    "pose": [
      [
        0.9681493683451292,
        0.2508948948025239,
        -0.0005782054730533038,
        19.50333972975386
      ],
      [
        -0.25089458463515146,
        0.968149204642821,
        -0.00020882450190076358,
        70.90050051337676
      ],
      [
        0.0005165125151973989,
        0.00033560906274461024,
        1.0000006570548186,
        2.0071159905081686
      ],
      [
        0.0,
        0.0,
        0.0,
        1.0
      ]
    ],
    "location": [
      19.50333972975386,
      70.90050051337676,
      2.0071159905081686
    ],
    "rotation": [
      0.0003356088296309609,
      -0.000516512100799831,
      -0.25357043386906386
    ]
  },
  {
    "label_id": "CB379cbEIKwW6eAs4wK6mw",
    "size": [
      0.9628501388863571,
      0.8106594422164695,
      1.7300000000000182
    ],
    "obj_class": "pedestrian",
    "point_num_in_lidar": 24,
    "speed": 1.3853797935406904,
    "if_vehicle": false,
    "motion_state": true,
    "pose": [
      [
        0.9935997493675156,
        0.1141095338779914,
        -0.0005782054730533038,
        69.69847226785532
      ],
      [
        -0.11410924943017534,
        0.9935995442049348,
        -0.00020882450190076358,
        -20.49071472011019
      ],
      [
        0.000558089578468337,
        0.00026068111507528374,
        1.0000006570548186,
        1.183141307249798
      ],
      [
        0.0,
        0.0,
        0.0,
        1.0
      ]
    ],
    "location": [
      69.69847226785532,
      -20.49071472011019,
      1.183141307249798
    ],
    "rotation": [
      0.0002606809378887946,
      -0.0005580891348693114,
      -0.11434333816448106
    ]
  },
  {
    "label_id": "DMyvJcDBgX_UfZY7i4gQUg",
    "size": [
      2.2010175447229874,
      5.031357921109429,
      1.7300000000000182
    ],
    "obj_class": "vehicle",
    "point_num_in_lidar": 6737,
    "speed": 5.709267256288867e-13,
    "if_vehicle": true,
    "motion_state": false,
    "pose": [
      [
        0.9990210421056384,
        -0.047099947932100684,
        -0.0005782054730533038,
        2.3001545319566503
      ],
      [
        0.04710019569975265,
        0.9990207938851009,
        -0.00020882450190076358,
        -3.5259304994524427
      ],
      [
        0.0005927369285778015,
        0.00016757551984706602,
        1.0000006570548186,
        0.8475326786438018
      ],
      [
        0.0,
        0.0,
        0.0,
        1.0
      ]
    ],
    "location": [
      2.3001545319566503,
      -3.5259304994524427,
      0.8475326786438018
    ],
    "rotation": [
      0.000167575408172245,
      -0.0005927364613782681,
      0.0471114645435282
    ]
  },
  {
    "label_id": "FaLjVnzgLbkn0NFfVlonZw",
    "size": [
      3.1341412423592114,
      4.451840989787582,
      3.0799999999999272
    ],
    "obj_class": "vehicle",
    "point_num_in_lidar": 1147,
    "speed": 8.528363000094291e-13,
    "if_vehicle": true,
    "motion_state": false,
    "pose": [
      [
        -0.04776484407136208,
        -0.9989894730856181,
        -0.0005782054730533038,
        30.018104478203895
      ],
      [
        0.9989892247002317,
        -0.04776509167375417,
        -0.00020882450190076358,
        17.921654770472742
      ],
      [
        0.00016718098185328063,
        -0.0005928483285448602,
        1.0000006570548186,
        1.8292937110979892
      ],
      [
        0.0,
        0.0,
        0.0,
        1.0
      ]
    ],
    "location": [
      30.018104478203895,
      17.921654770472742,
      1.8292937110979892
    ],
    "rotation": [
      -0.0005928478695554526,
      -0.00016718084106933411,
      1.6185731139126742
    ]
  },
  {
    "label_id": "GZswbdmDQZSe88ajnioK_g",
    "size": [
      1.1505740821373585,
      4.713684939172988,
      4.259999999999991
    ],
    "obj_class": "vehicle",
    "point_num_in_lidar": 190,
    "speed": 5.709267256288867e-13,
    "if_vehicle": true,
    "motion_state": false,
    "pose": [
      [
        0.038941784025306465,
        0.9993722955545488,
        -0.0005782054730533038,
        30.942577984707896
      ],
      [
        -0.9993720493652052,
        0.03894203381131838,
        -0.00020882450190076358,
        40.37617580036931
      ],
      [
        -0.00017240938653359736,
        0.0005913489873052713,
        1.0000006570548186,
        2.829132735968983
      ],
      [
        0.0,
        0.0,
        0.0,
        1.0
      ]
    ],
    "location": [
      30.942577984707896,
      40.37617580036931,
      2.829132735968983
    ],
    "rotation": [
      0.0005913485298266517,
      0.00017240924139780409,
      -1.5318497776539777
    ]
  },
  {
    "label_id": "L5HBM5tSKtNA4qHegDQk8Q",
    "size": [
      0.9577723394234848,
      0.9858486719012957,
      1.6399999999999864
    ],
    "obj_class": "pedestrian",
    "point_num_in_lidar": 37,
    "speed": 1.6071826335598423,
    "if_vehicle": false,
    "motion_state": true,
    "pose": [
      [
        0.04191270615613908,
        -0.9992521066916554,
        -0.0005782054730533038,
        34.10077777351398
      ],
      [
        0.9992518814840271,
        0.04191243729972983,
        -0.00020882450190076358,
        15.769806137657724
      ],
      [
        0.00021961392560728286,
        -0.0005754896567543326,
        1.0000006570548186,
        1.3176644963807576
      ],
      [
        0.0,
        0.0,
        0.0,
        1.0
      ]
    ],
    "location": [
      34.10077777351398,
      15.769806137657724,
      1.3176644963807576
    ],
    "rotation": [
      -0.0005754892150946446,
      -0.00021961374141161278,
      1.5288768130574986
    ]
  },
  {
    "label_id": "NeHt8l-Xg_tze4fm4Zzhag",
    "size": [
      0.8686749354366582,
      0.8296750162009441,
      1.82000000000005
    ],
    "obj_class": "pedestrian",
    "point_num_in_lidar": 523,
    "speed": 2.9777166713245524e-13,
    "if_vehicle": false,
    "motion_state": false,
    "pose": [
      [
        0.9580334844218715,
        0.28711198231966906,
        -0.0005782054730533038,
        1.4402170778612344
      ],
      [
        -0.28711166621767353,
        0.9580333324950041,
        -0.00020882450190076358,
        10.620014087453455
      ],
      [
        0.0005035313035323457,
        0.00035478845487822193,
        1.0000006570548186,
        1.2661437646778495
      ],
      [
        0.0,
        0.0,
        0.0,
        1.0
      ]
    ],
    "location": [
      1.4402170778612344,
      10.620014087453455,
      1.2661437646778495
    ],
    "rotation": [
      0.00035478820687662746,
      -0.0005035308984383523,
      -0.2911710364475364
    ]
  },
  {
    "label_id": "Nx3jDnV5BFvG2rNbAk93sw",
    "size": [
      0.7698546864134802,
      0.8128752011552611,
      1.0900000000000318
    ],
    "obj_class": "sign",
    "point_num_in_lidar": 121,
    "speed": 0.0063644354556500506,
    "if_vehicle": false,
    "motion_state": false,
    "pose": [
      [
        -0.003590031893889299,
        1.000124271946263,
        -0.0005782054730533038,
        12.059276366060658
      ],
      [
        -1.0001240366013253,
        -0.0035897718650355257,
        -0.00020882450190076358,
        14.610294873076782
      ],
      [
        -0.00019739953916496884,
        0.0005834826846525234,
        1.0000006570548186,
        0.8375431227940453
      ],
      [
        0.0,
        0.0,
        0.0,
        1.0
      ]
    ],
    "location": [
      12.059276366060658,
      14.610294873076782,
      0.8375431227940453
    ],
    "rotation": [
      0.0005834822350568525,
      0.00019739937329628387,
      -1.5743858980313434
    ]
  },
  {
    "label_id": "WrQ9WB5nz7yw3pLq2Sx4JA",
    "size": [
      1.9338659153476874,
      4.5722265271665545,
      1.5399999999999636
    ],
    "obj_class": "vehicle",
    "point_num_in_lidar": 1756,
    "speed": 8.881784197001252e-14,
    "if_vehicle": true,
    "motion_state": false,
    "pose": [
      [
        0.9997146857515155,
        -0.028844319333121666,
        -0.0005782054730533038,
        3.9391482354349137
      ],
      [
        0.028844571593348297,
        0.9997144420980264,
        -0.00020882450190076358,
        -7.481352559141669
      ],
      [
        0.0005895771655597342,
        0.0001783742896339312,
        1.0000006570548186,
        0.6174325100625992
      ],
      [
        0.0,
        0.0,
        0.0,
        1.0
      ]
    ],
    "location": [
      3.9391482354349137,
      -7.481352559141669,
      0.6174325100625992
    ],
    "rotation": [
      0.0001783741705405242,
      -0.0005895767004836561,
      0.028844801204292142
    ]
  },
  {
    "label_id": "X8OBaKk4dxIT8dFfdO_PYQ",
    "size": [
      2.1633729765809924,
      5.267996842103457,
      2.6200000000000045
    ],
    "obj_class": "vehicle",
    "point_num_in_lidar": 75,
    "speed": 5.728578676879116e-13,
    "if_vehicle": true,
    "motion_state": false,
    "pose": [
      [
        0.9994496511551367,
        0.036903149877997456,
        -0.0005782054730533038,
        79.206483001788
      ],
      [
        -0.03690288215388204,
        0.9994494246026202,
        -0.00020882450190076358,
        2.1854113936078647
      ],
      [
        0.000576583302281467,
        0.00021672636406781882,
        1.0000006570548186,
        1.8009151940414085
      ],
      [
        0.0,
        0.0,
        0.0,
        1.0
      ]
    ],
    "location": [
      79.206483001788,
      2.1854113936078647,
      1.8009151940414085
    ],
    "rotation": [
      0.00021672621827358203,
      -0.0005765828459991853,
      -0.03690643709196609
    ]
  },
  {
    "label_id": "YTw2k0_-8UqolJn4WQRc2g",
    "size": [
      0.7131402618189692,
      0.9424020280400371,
      1.5199999999999818
    ],
    "obj_class": "pedestrian",
    "point_num_in_lidar": 57,
    "speed": 1.502987691238554,
    "if_vehicle": false,
    "motion_state": true,
    "pose": [
      [
        0.16486977901855215,
        0.9864478717253213,
        -0.0005782054730533038,
        33.11664050312538
      ],
      [
        -0.9864475959552668,
        0.1648699957052423,
        -0.00020882450190076358,
        0.5704938826511352
      ],
      [
        -9.632958095903491e-05,
        0.0006083906912372324,
        1.0000006570548186,
        1.0195168926945826
      ],
      [
        0.0,
        0.0,
        0.0,
        1.0
      ]
    ],
    "location": [
      33.11664050312538,
      0.5704938826511352,
      1.0195168926945826
    ],
    "rotation": [
      0.0006083902164285364,
      9.632949953966352e-05,
      -1.4051921463392345
    ]
  },
  {
    "label_id": "YZp0XjCF9MO6a2x7szWEXA",
    "size": [
      1.9473680660204533,
      3.8082084000475307,
      1.509999999999991
    ],
    "obj_class": "vehicle",
    "point_num_in_lidar": 110,
    "speed": 1.1390866590859189e-12,
    "if_vehicle": true,
    "motion_state": false,
    "pose": [
      [
        0.9982185390212513,
        -0.061815823373315294,
        -0.0005782054730533038,
        40.33791436673346
      ],
      [
        0.061816067456434094,
        0.9982182871767045,
        -0.00020882450190076358,
        -7.056325494020712
      ],
      [
        0.0005951418686264728,
        0.0001588231014671663,
        1.0000006570548186,
        0.8435879912767632
      ],
      [
        0.0,
        0.0,
        0.0,
        1.0
      ]
    ],
    "location": [
      40.33791436673346,
      -7.056325494020712,
      0.8435879912767632
    ],
    "rotation": [
      0.00015882299577632758,
      -0.0005951413998147122,
      0.06184740850848295
    ]
  },
  {
    "label_id": "Yyu039jUMIJ4gI_2-mTkSg",
    "size": [
      1.0952675293736627,
      1.1481994723012645,
      1.759999999999991
    ],
    "obj_class": "pedestrian",
    "point_num_in_lidar": 28,
    "speed": 1.4873397925965552,
    "if_vehicle": false,
    "motion_state": true,
    "pose": [
      [
        -0.01618941073136095,
        -0.9999996753225542,
        -0.0005782054730533038,
        33.62038931876123
      ],
      [
        0.9999994348812383,
        -0.016189666055112857,
        -0.00020882450190076358,
        8.996000536106294
      ],
      [
        0.00018582181514444242,
        -0.0005872724021851223,
        1.0000006570548186,
        1.111365080153405
      ],
      [
        0.0,
        0.0,
        0.0,
        1.0
      ]
    ],
    "location": [
      33.62038931876123,
      8.996000536106294,
      1.111365080153405
    ],
    "rotation": [
      -0.0005872719488007887,
      -0.00018582165886674867,
      1.5869843324964208
    ]
  },
  {
    "label_id": "dWu2dkV959ZVbiXuXYme9A",
    "size": [
      1.9876994670929107,
      4.6193943709231275,
      1.4600000000000364
    ],
    "obj_class": "vehicle",
    "point_num_in_lidar": 4065,
    "speed": 8.881784197001252e-14,
    "if_vehicle": true,
    "motion_state": false,
    "pose": [
      [
        0.9999290808881107,
        0.02008185398065794,
        -0.0005782054730533038,
        1.6189795424234035
      ],
      [
        -0.02008159010626179,
        0.999928849863117,
        -0.00020882450190076358,
        3.2232138969848165
      ],
      [
        0.0005801481764986027,
        0.00020699447977471955,
        1.0000006570548186,
        0.7562599131500747
      ],
      [
        0.0,
        0.0,
        0.0,
        1.0
      ]
    ],
    "location": [
      1.6189795424234035,
      3.2232138969848165,
      0.7562599131500747
    ],
    "rotation": [
      0.00020699434081175,
      -0.0005801477177939545,
      -0.02008031501857481
    ]
  },
  {
    "label_id": "dv8sizFeYUT8pYvd3AJspA",
    "size": [
      0.7534326255224603,
      0.8617267602349281,
      0.7999999999999545
    ],
    "obj_class": "sign",
    "point_num_in_lidar": 53,
    "speed": 1.1370071466249427e-12,
    "if_vehicle": false,
    "motion_state": false,
    "pose": [
      [
        -0.0021756219007403738,
        1.0001283489304698,
        -0.0005782054730533038,
        11.993942160670485
      ],
      [
        -1.0001281132180264,
        -0.0021753622049785846,
        -0.00020882450190076358,
        38.420553210629805
      ],
      [
        -0.00019657416266194566,
        0.0005837612696347848,
        1.0000006570548186,
        1.253988691544805
      ],
      [
        0.0,
        0.0,
        0.0,
        1.0
      ]
    ],
    "location": [
      11.993942160670485,
      38.420553210629805,
      1.253988691544805
    ],
    "rotation": [
      0.0005837608197611784,
      0.0001965739974761453,
      -1.5729716665741007
    ]
  },
  {
    "label_id": "eTLt3z7Tt1__uHa0Pj96uQ",
    "size": [
      0.5969024159007612,
      0.5832202862830158,
      0.9800000000000182
    ],
    "obj_class": "sign",
    "point_num_in_lidar": 104,
    "speed": 2.5585089000282873e-12,
    "if_vehicle": false,
    "motion_state": false,
    "pose": [
      [
        0.998638759071544,
        -0.05460839262502776,
        -0.0005782054730533038,
        1.7322238762480993
      ],
      [
        0.05460863851977221,
        0.9986385089955168,
        -0.00020882450190076358,
        5.192517336618039
      ],
      [
        0.000593979869064015,
        0.00016311510199413203,
        1.0000006570548186,
        0.7174058294716588
      ],
      [
        0.0,
        0.0,
        0.0,
        1.0
      ]
    ],
    "location": [
      1.7322238762480993,
      5.192517336618039,
      0.7174058294716588
    ],
    "rotation": [
      0.00016311499337199893,
      -0.0005939794010308085,
      0.05462866779175451
    ]
  },
  {
    "label_id": "hVOvDRfPPYheooNcglGZfw",
    "size": [
      1.9687754390427916,
      4.426137945390364,
      1.5
    ],
    "obj_class": "vehicle",
    "point_num_in_lidar": 62,
    "speed": 1.422084321207637e-12,
    "if_vehicle": true,
    "motion_state": false,
    "pose": [
      [
        0.994637367899593,
        -0.10468024666961608,
        -0.0005782054730533038,
        51.00903801028653
      ],
      [
        0.10468047969813415,
        0.9946371057928317,
        -0.00020882450190076358,
        -6.6161286284095695
      ],
      [
        0.0006014205580893208,
        0.0001330861888378725,
        1.0000006570548186,
        0.8471909505225312
      ],
      [
        0.0,
        0.0,
        0.0,
        1.0
      ]
    ],
    "location": [
      51.00903801028653,
      -6.6161286284095695,
      0.8471909505225312
    ],
    "rotation": [
      0.00013308610060727195,
      -0.0006014200850847028,
      0.10485885043715142
    ]
  },
  {
    "label_id": "iYoNqzfcHozgqJVHl7Yxnw",
    "size": [
      1.9729673738194622,
      3.9732415768768115,
      1.57000000000005
    ],
    "obj_class": "vehicle",
    "point_num_in_lidar": 29,
    "speed": 1.7763568394002505e-14,
    "if_vehicle": true,
    "motion_state": false,
    "pose": [
      [
        0.9993655409098396,
        0.03911474539129352,
        -0.0005782054730533038,
        50.24420807833485
      ],
      [
        -0.03911447716649475,
        0.9993653149503258,
        -0.00020882450190076358,
        2.4158450695213105
      ],
      [
        0.0005761022959506429,
        0.00021800175676415763,
        1.0000006570548186,
        0.9645283534492819
      ],
      [
        0.0,
        0.0,
        0.0,
        1.0
      ]
    ],
    "location": [
      50.24420807833485,
      2.4158450695213105,
      0.9645283534492819
    ],
    "rotation": [
      0.00021800161007165978,
      -0.0005761018399957717,
      -0.03911934215905771
    ]
  },
  {
    "label_id": "ifMXmnBpfdQ88ZpSpy5LIA",
    "size": [
      0.24340906766558304,
      0.052982123451976726,
      0.37999999999999545
    ],
    "obj_class": "sign",
    "point_num_in_lidar": 68,
    "speed": 0.00015337368783590867,
    "if_vehicle": false,
    "motion_state": false,
    "pose": [
      [
        -0.6196985454517675,
        0.7850064715847926,
        -0.0005782054730533038,
        4.968190824085468
      ],
      [
        -0.7850064467241681,
        -0.6196981956172437,
        -0.00020882450190076358,
        4.896192623431489
      ],
      [
        -0.0005152675553214774,
        0.00033751735923488073,
        1.0000006570548186,
        0.8075540815340219
      ],
      [
        0.0,
        0.0,
        0.0,
        1.0
      ]
    ],
    "location": [
      4.968190824085468,
      4.896192623431489,
      0.8075540815340219
    ],
    "rotation": [
      0.0003375171246512148,
      0.0005152671418124279,
      -2.2390516970163663
    ]
  },
  {
    "label_id": "iwVyTv3GqaEq5Lo6tx5S8A",
    "size": [
      0.8450336275339231,
      1.1945977308094293,
      1.810638297872515
    ],
    "obj_class": "pedestrian",
    "point_num_in_lidar": 135,
    "speed": 1.9356723410242784,
    "if_vehicle": false,
    "motion_state": true,
    "pose": [
      [
        -0.03072988600547731,
        0.9996585025753206,
        -0.0005782054730533038,
        9.406923848160659
      ],
      [
        -0.9996582743736718,
        -0.030729619685646845,
        -0.00020882450190076358,
        25.211111786349647
      ],
      [
        -0.0002131612759488088,
        0.0005779107991617162,
        1.0000006570548186,
        1.4394317264022902
      ],
      [
        0.0,
        0.0,
        0.0,
        1.0
      ]
    ],
    "location": [
      9.406923848160659,
      25.211111786349647,
      1.4394317264022902
    ],
    "rotation": [
      0.0005779103551059755,
      0.0002131610970659265,
      -1.6015270401336728
    ]
  },
  {
    "label_id": "jYdxjpZOYqJdSiBQI133Fw",
    "size": [
      0.774174547397303,
      0.9953737697401499,
      1.009999999999991
    ],
    "obj_class": "sign",
    "point_num_in_lidar": 155,
    "speed": 0.002123693512999371,
    "if_vehicle": false,
    "motion_state": false,
    "pose": [
      [
        -0.04773465629490063,
        0.9989909160014668,
        -0.0005782054730533038,
        12.108405458144262
      ],
      [
        -0.9989906923642937,
        -0.04773438613076647,
        -0.00020882450190076358,
        12.642756932325938
      ],
      [
        -0.0002229635867334368,
        0.0005742001918693688,
        1.0000006570548186,
        0.7672878210136105
      ],
      [
        0.0,
        0.0,
        0.0,
        1.0
      ]
    ],
    "location": [
      12.108405458144262,
      12.642756932325938,
      0.7672878210136105
    ],
    "rotation": [
      0.0005741997514830279,
      0.00022296339978341236,
      -1.6185428944330844
    ]
  },
  {
    "label_id": "k7sk2VXkecnWsXdCfg3Wig",
    "size": [
      2.7717332013356,
      3.9612899707604745,
      3.0399999999999636
    ],
    "obj_class": "vehicle",
    "point_num_in_lidar": 456,
    "speed": 2.864289338439558e-13,
    "if_vehicle": true,
    "motion_state": false,
    "pose": [
      [
        -0.02874769994071279,
        -0.9997174687946396,
        -0.0005782054730533038,
        30.653873028566522
      ],
      [
        0.9997172251655319,
        -0.02874795222448668,
        -0.00020882450190076358,
        38.020366052041936
      ],
      [
        0.00017843126956638535,
        -0.0005895599234961525,
        1.0000006570548186,
        2.043431136196318
      ],
      [
        0.0,
        0.0,
        0.0,
        1.0
      ]
    ],
    "location": [
      30.653873028566522,
      38.020366052041936,
      2.043431136196318
    ],
    "rotation": [
      -0.0005895594678167771,
      -0.00017843111942414516,
      1.5995442360462357
    ]
  },
  {
    "label_id": "kWKrXcZMJ7I5K4Z4z9GdSQ",
    "size": [
      0.7759135708028725,
      0.8012255748866434,
      1.75
    ],
    "obj_class": "pedestrian",
    "point_num_in_lidar": 47,
    "speed": 2.9777166713245524e-13,
    "if_vehicle": false,
    "motion_state": false,
    "pose": [
      [
        -0.0015824828214981075,
        -1.0001294633262046,
        -0.0005782054730533038,
        38.10401028279375
      ],
      [
        1.0001292266395907,
        -0.0015827416297117458,
        -0.00020882450190076358,
        -10.038530125351826
      ],
      [
        0.00019437922940312974,
        -0.0005844957968441754,
        1.0000006570548186,
        1.0257852311725628
      ],
      [
        0.0,
        0.0,
        0.0,
        1.0
      ]
    ],
    "location": [
      38.10401028279375,
      -10.038530125351826,
      1.0257852311725628
    ],
    "rotation": [
      -0.00058449534623732,
      -0.00019437906603398246,
      1.5723786038234162
    ]
  },
  {
    "label_id": "kXyEv2zRlXCiI09I_nYVDA",
    "size": [
      3.31855337121169,
      9.387806686727028,
      3.2899999999999636
    ],
    "obj_class": "vehicle",
    "point_num_in_lidar": 1303,
