[
  {
    "label_id": "-ItvfksmEcYtVEcOjjRESg",
    "size": [
      2.960818615691414,
      8.028851501939148,
      3.3508914890802544
    ],
    "obj_class": "vehicle",
    "point_num_in_lidar": 21,
    "speed": 9.779147891389018,
    "if_vehicle": true,
    "motion_state": true,
    "pose": [
      [
        0.03336945825586046,
        0.999573873814216,
        -0.0005762207593932728,
        19.581557532013903
      ],
      [
        -0.999573641017139,
        0.03336987604734528,
        7.882746714731834e-05,
        -28.119865228978597
      ],
      [
        0.00011168477182915552,
        0.000578798941113798,
        1.0000006730232673,
        1.3801139081070914
      ],
      [
        0.0,
        0.0,
        0.0,
        1.0
      ]
    ],
    "location": [
      19.581557532013903,
      -28.119865228978597,
      1.3801139081070914
    ],
    "rotation": [
      0.0005787984869349159,
      -0.00011168467749077547,
      -1.5374250285333058
    ]
  },
  {
    "label_id": "-r18nvGJT_LauvErk1VSrg",
    "size": [
      0.7208473821763764,
      2.0829883357271277,
      1.9099999999999682
    ],
    "obj_class": "vehicle",
    "point_num_in_lidar": 28,
    "speed": 5.684341886080801e-13,
    "if_vehicle": true,
    "motion_state": false,
    "pose": [
      [
        -0.001002414111121265,
        1.000130214083245,
        -0.0005762207593932728,
        31.485288678175493
      ],
      [
        -1.0001299957818428,
        -0.0010019885659396373,
        7.882746714731834e-05,
        49.96603182844956
      ],
      [
        9.172732771809898e-05,
        0.0005822952857809176,
        1.0000006730232673,
        1.8258470886512441
      ],
      [
        0.0,
        0.0,
        0.0,
        1.0
      ]
    ],
    "location": [
      31.485288678175493,
      49.96603182844956,
      1.8258470886512441
    ],
    "rotation": [
      0.0005822948280705247,
      -9.172725017539753e-05,
      -1.571798610277727
    ]
  },
  {
    "label_id": "013Doq8QGPt4_5ps9n1EBQ",
    "size": [
      0.6441504486103804,
      0.9234385820636817,
      1.669999999999959
    ],
    "obj_class": "pedestrian",
    "point_num_in_lidar": 81,
    "speed": 1.5313925579891163,
    "if_vehicle": false,
    "motion_state": true,
    "pose": [
      [
        -0.01938496080202582,
        0.9999428349915567,
        -0.0005762207593932728,
        9.44147323375546
      ],
      [
        -0.9999426245486903,
        -0.019384531316282354,
        7.882746714731834e-05,
        32.814437278941114
      ],
      [
        8.100905676782018e-05,
        0.000583882895120736,
        1.0000006730232673,
        1.506427660401414
      ],
      [
        0.0,
        0.0,
        0.0,
        1.0
      ]
    ],
    "location": [
      9.44147323375546,
      32.814437278941114,
      1.506427660401414
    ],
    "rotation": [
      0.0005838824358020708,
      -8.10089882609294e-05,
      -1.5901799718721923
    ]
  },
  {
    "label_id": "0VCoeT-jjrIfzTCsOWz20A",
    "size": [
      0.7544329631618893,
      1.043993850799436,
      0.9800000000000182
    ],
    "obj_class": "sign",
    "point_num_in_lidar": 201,
    "speed": 5.687116766346677e-13,
    "if_vehicle": false,
    "motion_state": false,
    "pose": [
      [
        -0.10290576740881047,
        0.9948225233629622,
        -0.0005762207593932728,
        11.692034577412414
      ],
      [
        -0.9948223495588457,
        -0.10290532183464945,
        7.882746714731834e-05,
        11.077785658499124
      ],
      [
        3.191674444036665e-05,
        0.0005886110973446846,
        1.0000006730232673,
        0.716712742612799
      ],
      [
        0.0,
        0.0,
        0.0,
        1.0
      ]
    ],
    "location": [
      11.692034577412414,
      11.077785658499124,
      0.716712742612799
    ],
    "rotation": [
      0.0005886106332188117,
      -3.191671741985858e-05,
      -1.6738710833405528
    ]
  },
  {
    "label_id": "0_HBXNo3olLueqYvkPohlg",
    "size": [
      1.747968299190694,
      3.9316593479287927,
      1.7000000000000455
    ],
    "obj_class": "vehicle",
    "point_num_in_lidar": 57,
    "speed": 1.7763568394002505e-14,
    "if_vehicle": true,
    "motion_state": false,
    "pose": [
      [
        0.9998872690244985,
        -0.02206579250735733,
        -0.0005762207593932728,
        56.57756348679686
      ],
      [
        0.022066212904222608,
        0.9998870409659987,
        7.882746714731834e-05,
        -6.0365916970258695
      ],
      [
        0.0005800246921678364,
        -0.0001051335292311212,
        1.0000006730232673,
        1.02789556244079
      ],
      [
        0.0,
        0.0,
        0.0,
        1.0
      ]
    ],
    "location": [
      56.57756348679686,
      -6.0365916970258695,
      1.02789556244079
    ],
    "rotation": [
      -0.00010513345808650923,
      -0.0005800242335469741,
      0.022065119088510405
    ]
  },
  {
    "label_id": "2-A6zakvKX2opVnyx9gplQ",
    "size": [
      0.7707275497546165,
      1.107612320671707,
      1.7999999999999545
    ],
    "obj_class": "pedestrian",
    "point_num_in_lidar": 78,
    "speed": 1.050833472829513,
    "if_vehicle": false,
    "motion_state": true,
    "pose": [
      [
        -0.10450336174554853,
        -0.9946559693382062,
        -0.0005762207593932728,
        31.760463383478054
      ],
      [
        0.9946557073655149,
        -0.10450376188866387,
        7.882746714731834e-05,
        5.927489509831503
      ],
      [
        -0.00015263981814809976,
        -0.0005693705194411624,
        1.0000006730232673,
        1.0311983157751001
      ],
      [
        0.0,
        0.0,
        0.0,
        1.0
      ]
    ],
    "location": [
      31.760463383478054,
      5.927489509831503,
      1.0311983157751001
    ],
    "rotation": [
      -0.0005693700747152416,
      0.00015263968949103045,
      1.6754771358195153
    ]
  },
  {
    "label_id": "2OYKagQRfCdaOXgU5RkMBA",
    "size": [
      0.8627759996271269,
      0.6348824674672757,
      1.1499999999999773
    ],
    "obj_class": "sign",
    "point_num_in_lidar": 41,
    "speed": 0.0024609175521071946,
    "if_vehicle": false,
    "motion_state": false,
    "pose": [
      [
        0.015354974087183936,
        1.0000128372811168,
        -0.0005762207593932728,
        30.413992236459308
      ],
      [
        -1.0000126120490689,
        0.015355396005100528,
        7.882746714731834e-05,
        12.421943977495175
      ],
      [
        0.00010123857068960367,
        0.0005807171896006776,
        1.0000006730232673,
        0.684567113659682
      ],
      [
        0.0,
        0.0,
        0.0,
        1.0
      ]
    ],
    "location": [
      30.413992236459308,
      12.421943977495175,
      0.684567113659682
    ],
    "rotation": [
      0.000580716733486011,
      -0.00010123848513743663,
      -1.5554427529207997
    ]
  },
  {
    "label_id": "2SYmRAjI0pCOwp2XYemMBQ",
    "size": [
      0.9588610015812891,
      0.6083173834498694,
      1.67999999999995
    ],
    "obj_class": "pedestrian",
    "point_num_in_lidar": 338,
    "speed": 0.0025234459056390907,
    "if_vehicle": false,
    "motion_state": false,
    "pose": [
      [
        0.9978321965620776,
        0.06776693486020377,
        -0.0005762207593932728,
        11.804547461848415
      ],
      [
        -0.06776649569095268,
        0.9978320071562363,
        7.882746714731834e-05,
        7.233645538197379
      ],
      [
        0.0005871198357316032,
        -5.264979566418281e-05,
        1.0000006730232673,
        0.8729298770575724
      ],
      [
        0.0,
        0.0,
        0.0,
        1.0
      ]
    ],
    "location": [
      11.804547461848415,
      7.233645538197379,
      0.8729298770575724
    ],
    "rotation": [
      -5.264976018102083e-05,
      -0.0005871193723109948,
      -0.06780959507251932
    ]
  },
  {
    "label_id": "3083QteOhZ_vSpxmP0XK-Q",
    "size": [
      0.8198295781744155,
      0.7789331854908985,
      1.2000000000000455
    ],
    "obj_class": "sign",
    "point_num_in_lidar": 44,
    "speed": 1.9915012144332625e-12,
    "if_vehicle": false,
    "motion_state": false,
    "pose": [
      [
        -0.036280800915923804,
        0.9994724375595091,
        -0.0005762207593932728,
        28.956059697717137
      ],
      [
        -0.9994722344048221,
        -0.03628036793511935,
        7.882746714731834e-05,
        14.902581722368268
      ],
      [
        7.113011553716122e-05,
        0.000585168530559064,
        1.0000006730232673,
        0.7363255909369855
      ],
      [
        0.0,
        0.0,
        0.0,
        1.0
      ]
    ],
    "location": [
      28.956059697717137,
      14.902581722368268,
      0.7363255909369855
    ],
    "rotation": [
      0.0005851680699358742,
      -7.113005536677226e-05,
      -1.6070803541791463
    ]
  },
  {
    "label_id": "3mqY30kFisxCydiO2pKjPA",
    "size": [
      0.8321203191371895,
      1.0700067716390604,
      1.7200000000000273
    ],
    "obj_class": "pedestrian",
    "point_num_in_lidar": 77,
    "speed": 1.535536281672027,
    "if_vehicle": false,
    "motion_state": true,
    "pose": [
      [
        -0.028927662847096042,
        0.9997122787474667,
        -0.0005762207593932728,
        33.08478697360442
      ],
      [
        -0.9997120724132531,
        -0.028927231372419926,
        7.882746714731834e-05,
        -10.04831010266389
      ],
      [
        7.543271253338912e-05,
        0.0005846294624570665,
        1.0000006730232673,
        0.9514711972703935
      ],
      [
        0.0,
        0.0,
        0.0,
        1.0
      ]
    ],
    "location": [
      33.08478697360442,
      -10.04831010266389,
      0.9514711972703935
    ],
    "rotation": [
      0.0005846290023811003,
      -7.54326487312752e-05,
      -1.5997242492111352
    ]
  },
  {
    "label_id": "45vGTk6HpmeCTR2Etiwq8w",
    "size": [
      0.7077057722273474,
      0.7957618448156345,
      1.07000000000005
    ],
    "obj_class": "sign",
    "point_num_in_lidar": 28,
    "speed": 2.2743611691451335e-12,
    "if_vehicle": false,
    "motion_state": false,
    "pose": [
      [
        -1.0000519584581649,
        0.01255110912378349,
        -0.0005762207593932728,
        41.39408693910809
      ],
      [
        -0.01255153167154044,
        -1.0000517344099622,
        7.882746714731834e-05,
        4.351726368611708
      ],
      [
        -0.000580998756580203,
        9.96099761331362e-05,
        1.0000006730232673,
        0.6758744546192474
      ],
      [
        0.0,
        0.0,
        0.0,
        1.0
      ]
    ],
    "location": [
      41.39408693910809,
      4.351726368611708,
      0.6758744546192474
    ],
    "rotation": [
      9.96099087639021e-05,
      0.0005809982972986652,
      -3.129042433004321
    ]
  },
  {
    "label_id": "4BPsEUa8pjB_nYeEbm-YSA",
    "size": [
      0.8876985042484551,
      1.0727947770953707,
      1.7511702127660556
    ],
    "obj_class": "pedestrian",
    "point_num_in_lidar": 287,
    "speed": 1.1785051840778862,
    "if_vehicle": false,
    "motion_state": true,
    "pose": [
      [
        0.08205413025446186,
        0.9967590328983387,
        -0.0005762207593932728,
        9.606462634210402
      ],
      [
        -0.9967587800127066,
        0.08205453620157767,
        7.882746714731834e-05,
        15.773576400104503
      ],
      [
        0.000139765625528681,
        0.0005726668075011507,
        1.0000006730232673,
        1.229397125590026
      ],
      [
        0.0,
        0.0,
        0.0,
        1.0
      ]
    ],
    "location": [
      9.606462634210402,
      15.773576400104503,
      1.229397125590026
    ],
    "rotation": [
      0.0005726663594819571,
      -0.00013976550763532213,
      -1.4886605796289658
    ]
  },
  {
    "label_id": "8IZ7fkXm0FDeUdEuJAqSlA",
    "size": [
      0.7446914889100826,
      1.0496260774128139,
      1.7300000000000182
    ],
    "obj_class": "pedestrian",
    "point_num_in_lidar": 110,
    "speed": 0.002195925102192492,
    "if_vehicle": false,
    "motion_state": false,
    "pose": [
      [
        -0.9976655668497564,
        -0.07017739435603214,
        -0.0005762207593932728,
        28.416710521913046
      ],
      [
        0.07017695473047808,
        -0.9976653785054544,
        7.882746714731834e-05,
        8.265553911147435
      ],
      [
        -0.0005872453187019116,
        5.123122246907375e-05,
        1.0000006730232673,
        1.0595740769008444
      ],
      [
        0.0,
        0.0,
        0.0,
        1.0
      ]
    ],
    "location": [
      28.416710521913046,
      8.265553911147435,
      1.0595740769008444
    ],
    "rotation": [
      5.1231187944471175e-05,
      0.000587244855196681,
      3.071367162106337
    ]
  },
  {
    "label_id": "8k1Wkk08druqr8A5YTrqFQ",
    "size": [
      2.168410900672029,
      4.238163060626746,
      1.7100000000000364
    ],
    "obj_class": "vehicle",
    "point_num_in_lidar": 129,
    "speed": 8.543149943144391e-13,
    "if_vehicle": true,
    "motion_state": false,
    "pose": [
      [
        1.000042880937962,
        -0.013254668669890566,
        -0.0005762207593932728,
        38.78092836592623
      ],
      [
        0.013255091059919007,
        1.0000426565925418,
        7.882746714731834e-05,
        2.434997890559316
      ],
      [
        0.0005809285345799779,
        -0.00010001869927039838,
        1.0000006730232673,
        0.9699979189847454
      ],
      [
        0.0,
        0.0,
        0.0,
        1.0
      ]
    ],
    "location": [
      38.78092836592623,
      2.434997890559316,
      0.9699979189847454
    ],
    "rotation": [
      -0.00010001863162201222,
      -0.0005809280753460509,
      0.013253746580033594
    ]
  },
  {
    "label_id": "A4kzX4tBck4XcFuUOPA6Lg",
    "size": [
      0.7530091452403849,
      1.132073132049114,
      1.8246200607903802
    ],
    "obj_class": "pedestrian",
    "point_num_in_lidar": 334,
    "speed": 1.5338172091442057,
    "if_vehicle": false,
    "motion_state": true,
    "pose": [
      [
        -0.10012693324097506,
        -0.9951060482159704,
        -0.0005762207593932728,
        13.36286667265449
      ],
      [
        0.9951057880060132,
        -0.1001273345326172,
        7.882746714731834e-05,
        -4.592659381176418
      ],
      [
        -0.0001501337228729363,
        -0.0005700364617717869,
        1.0000006730232673,
        0.9250169562687915
      ],
      [
        0.0,
        0.0,
        0.0,
        1.0
      ]
    ],
    "location": [
      13.36286667265449,
      -4.592659381176418,
      0.9250169562687915
    ],
    "rotation": [
      -0.0005700360163815326,
      0.00015013359630921855,
      1.6710781949164204
    ]
  },
  {
    "label_id": "AWjsPzPKZ7MTv8Ta3AXBbQ",
    "size": [
      2.106078352137215,
      4.515543669845269,
      1.4600000000000364
    ],
    "obj_class": "vehicle",
    "point_num_in_lidar": 93,
    "speed": 2.847716647714797e-13,
    "if_vehicle": true,
    "motion_state": false,
    "pose": [
      [
        0.9962633419167713,
        -0.08786810291040727,
        -0.0005762207593932728,
        44.89225538834762
      ],
      [
        0.08786850737520896,
        0.996263086667035,
        7.882746714731834e-05,
        -6.917366334488179
      ],
      [
        0.0005718416294754461,
        -0.00014310434407051328,
        1.0000006730232673,
        0.8343099876821043
      ],
      [
        0.0,
        0.0,
        0.0,
        1.0
      ]
    ],
    "location": [
      44.89225538834762,
      -6.917366334488179,
      0.8343099876821043
    ],
    "rotation": [
      -0.0001431042467811559,
      -0.000571841176426524,
      0.08797044025080457
    ]
  },
  {
    "label_id": "AhVLDKKFO3nP9YBAG8x0pw",
    "size": [
      1.9318567274618736,
      4.066022807258439,
      1.509999999999991
    ],
    "obj_class": "vehicle",
    "point_num_in_lidar": 194,
    "speed": 2.929642751054232e-13,
    "if_vehicle": true,
    "motion_state": false,
    "pose": [
      [
        0.028933542659986645,
        -0.9997121085919638,
        -0.0005762207593932728,
        27.15428985314793
      ],
      [
        0.9997119022602883,
        0.028933111184096864,
        7.882746714731834e-05,
        27.835712820118715
      ],
      [
        -7.54292740306122e-05,
        -0.0005846299061048794,
        1.0000006730232673,
        1.274933260911439
      ],
      [
        0.0,
        0.0,
        0.0,
        1.0
      ]
    ],
    "location": [
      27.15428985314793,
      27.835712820118715,
      1.274933260911439
    ],
    "rotation": [
      -0.0005846294460284631,
      7.542921023140009e-05,
      1.5418625228718934
    ]
  },
  {
    "label_id": "Aof9zDLMpOMBf2RZkTgB1g",
    "size": [
      0.6466332595231502,
      2.732983268659154,
      3.449999999999932
    ],
    "obj_class": "vehicle",
    "point_num_in_lidar": 101,
    "speed": 1.0658141036401503e-13,
    "if_vehicle": true,
    "motion_state": false,
    "pose": [
      [
        -0.04927210476507614,
        -0.9989162675861611,
        -0.0005762207593932728,
        31.202282628079047
      ],
      [
        0.9989160281699744,
        -0.04927251879900393,
        7.882746714731834e-05,
        58.68852079512726
      ],
      [
        -0.00012088143485214555,
        -0.0005769483349495616,
        1.0000006730232673,
        2.6297984345877694
      ],
      [
        0.0,
        0.0,
        0.0,
        1.0
      ]
    ],
    "location": [
      31.202282628079047,
      58.68852079512726,
      2.6297984345877694
    ],
    "rotation": [
      -0.0005769478826341663,
      0.00012088133278857886,
      1.6200819541487756
    ]
  },
  {
    "label_id": "AvH5yelBYncUXgWqCPLaoA",
    "size": [
      2.157587995305375,
      4.5323268143472895,
      1.75
    ],
    "obj_class": "vehicle",
    "point_num_in_lidar": 24,
    "speed": 2.398685044121941,
    "if_vehicle": true,
    "motion_state": true,
    "pose": [
      [
        0.9959896047644788,
        -0.09091840934235959,
        -0.0005762207593932728,
        24.78040236576817
      ],
      [
        0.09091881302364924,
        0.9959893482774029,
        7.882746714731834e-05,
        70.90337227904274
      ],
      [
        0.0005714007399487667,
        -0.00014485474406793677,
        1.0000006730232673,
        2.027983651319687
      ],
      [
        0.0,
        0.0,
        0.0,
        1.0
      ]
    ],
    "location": [
      24.78040236576817,
      70.90337227904274,
      2.027983651319687
    ],
    "rotation": [
      -0.0001448546455642339,
      -0.0005714002872011433,
      0.09103260478779832
    ]
  },
  {
    "label_id": "DMyvJcDBgX_UfZY7i4gQUg",
    "size": [
      2.2010175447229887,
      5.031357921109429,
      1.7300000000000182
    ],
    "obj_class": "vehicle",
    "point_num_in_lidar": 6734,
    "speed": 5.709267256288867e-13,
    "if_vehicle": true,
    "motion_state": false,
    "pose": [
      [
        0.9990211746640052,
        -0.04709716052161819,
        -0.0005762207593932728,
        2.3001664138701017
      ],
      [
        0.047097575075818396,
        0.999020936149815,
        7.882746714731834e-05,
        -3.525885128263326
      ],
      [
        0.0005772101490219445,
        -0.00011962502396676621,
        1.0000006730232673,
        0.8445178839432401
      ],
      [
        0.0,
        0.0,
        0.0,
        1.0
      ]
    ],
    "location": [
      2.3001664138701017,
      -3.525885128263326,
      0.8445178839432401
    ],
    "rotation": [
      -0.00011962494288577988,
      -0.0005772096923131821,
      0.047108840927572525
    ]
  },
  {
    "label_id": "FaLjVnzgLbkn0NFfVlonZw",
    "size": [
      3.134141242359212,
      4.451840989787582,
      3.0799999999999272
    ],
    "obj_class": "vehicle",
    "point_num_in_lidar": 1148,
    "speed": 8.528363000094291e-13,
    "if_vehicle": true,
    "motion_state": false,
    "pose": [
      [
        -0.04776205674972049,
        -0.9989896074991393,
        -0.0005762207593932728,
        30.01812824202898
      ],
      [
        0.9989893687090919,
        -0.047762471145083925,
        7.882746714731834e-05,
        17.921745512849157
      ],
      [
        -0.00012000916437599118,
        -0.000577130403772632,
        1.0000006730232673,
        1.8232641216967522
      ],
      [
        0.0,
        0.0,
        0.0,
        1.0
      ]
    ],
    "location": [
      30.01812824202898,
      17.921745512849157,
      1.8232641216967522
    ],
    "rotation": [
      -0.0005771299512740762,
      0.00012000906304470404,
      1.618570323258083
    ]
  },
  {
    "label_id": "GZswbdmDQZSe88ajnioK_g",
    "size": [
      1.1505740821373545,
      4.713684939172988,
      4.259999999999991
    ],
    "obj_class": "vehicle",
    "point_num_in_lidar": 196,
    "speed": 5.709267256288867e-13,
    "if_vehicle": true,
    "motion_state": false,
    "pose": [
      [
        0.03893899562543568,
        0.999372405350443,
        -0.0005762207593932728,
        30.942577984709715
      ],
      [
        -0.9993721702288666,
        0.03893941211318837,
        7.882746714731834e-05,
        40.37617580037113
      ],
      [
        0.00011490835439758802,
        0.0005781675990425462,
        1.0000006730232673,
        2.829132735968983
      ],
      [
        0.0,
        0.0,
        0.0,
        1.0
      ]
    ],
    "location": [
      30.942577984709715,
      40.37617580037113,
      2.829132735968983
    ],
    "rotation": [
      0.0005781671454998454,
      -0.00011490825735028715,
      -1.5318525682812536
    ]
  },
  {
    "label_id": "NeHt8l-Xg_tze4fm4Zzhag",
    "size": [
      0.8686749354366581,
      0.8296750162009441,
      1.82000000000005
    ],
    "obj_class": "pedestrian",
    "point_num_in_lidar": 532,
    "speed": 2.9777166713245524e-13,
    "if_vehicle": false,
    "motion_state": false,
    "pose": [
      [
        0.9580326844167548,
        0.28711465574831674,
        -0.0005762207593932728,
        1.4402571531700232
      ],
      [
        -0.28711418553345136,
        0.9580325969971679,
        7.882746714731834e-05,
        10.620167115377626
      ],
      [
        0.0005841970070977053,
        7.871187579437243e-05,
        1.0000006730232673,
        1.2559754664765705
      ],
      [
        0.0,
        0.0,
        0.0,
        1.0
      ]
    ],
    "location": [
      1.4402571531700232,
      10.620167115377626,
      1.2559754664765705
    ],
    "rotation": [
      7.87118226569299e-05,
      -0.0005841965456507821,
      -0.29117367903690616
    ]
  },
  {
    "label_id": "Nx3jDnV5BFvG2rNbAk93sw",
    "size": [
      0.7698546864134811,
      0.8128752011552611,
      1.0900000000000318
    ],
    "obj_class": "sign",
    "point_num_in_lidar": 124,
    "speed": 0.0009001895993141808,
    "if_vehicle": false,
    "motion_state": false,
    "pose": [
      [
        -0.0035928224404585558,
        1.0001242630709242,
        -0.0005762207593932728,
        12.059060516039608
      ],
      [
        -1.0001240458724479,
        -0.0035923963312875177,
        7.882746714731834e-05,
        14.6120601180628
      ],
      [
        9.021883191289393e-05,
        0.0005825309132237169,
        1.0000006730232673,
        0.8375688063737243
      ],
      [
        0.0,
        0.0,
        0.0,
        1.0
      ]
    ],
    "location": [
      12.059060516039608,
      14.6120601180628,
      0.8375688063737243
    ],
    "rotation": [
      0.0005825304552748155,
      -9.021875564128896e-05,
      -1.5743886881625453
    ]
  },
  {
    "label_id": "OkBzhxzagapiYam_4NK-9A",
    "size": [
      0.916134993732732,
      0.864239601718528,
      1.8799999999999955
    ],
    "obj_class": "pedestrian",
    "point_num_in_lidar": 66,
    "speed": 0.004686873701682691,
    "if_vehicle": false,
    "motion_state": false,
    "pose": [
      [
        -0.9934502888843028,
        -0.11540352452132137,
        -0.0005762207593932728,
        29.960313596131527
      ],
      [
        0.1154030767974815,
        -0.9934501206952213,
        7.882746714731834e-05,
        -11.642206889509907
      ],
      [
        -0.0005889658111565841,
        2.451480739576356e-05,
        1.0000006730232673,
        0.9257494072405734
      ],
      [
        0.0,
        0.0,
        0.0,
        1.0
      ]
    ],
    "location": [
      29.960313596131527,
      -11.642206889509907,
      0.9257494072405734
    ],
    "rotation": [
      2.451479089182797e-05,
      0.0005889653464920351,
      3.025947054050828
    ]
  },
  {
    "label_id": "Qk60fGhJPpHJTNmg9RXYjQ",
    "size": [
      0.8607130812099133,
      0.8401418131687414,
      2.2000000000000455
    ],
    "obj_class": "pedestrian",
    "point_num_in_lidar": 24,
    "speed": 1.4513544255472115,
    "if_vehicle": false,
    "motion_state": true,
    "pose": [
      [
        -0.997936024146639,
        0.06622040219333157,
        -0.0005762207593932728,
        63.27705289661753
      ],
      [
        -0.06622081210381117,
        -0.9979357777372184,
        7.882746714731834e-05,
        -15.880360263248804
      ],
      [
        -0.0005748134005969378,
        0.00013065702042817657,
        1.0000006730232673,
        1.1053848140415994
      ],
      [
        0.0,
        0.0,
        0.0,
        1.0
      ]
    ],
    "location": [
      63.27705289661753,
      -15.880360263248804,
      1.1053848140415994
    ],
    "rotation": [
      0.00013065693174952927,
      0.0005748129455200462,
      -3.0753320230446928
    ]
  },
  {
    "label_id": "WrQ9WB5nz7yw3pLq2Sx4JA",
    "size": [
      1.9338659153476887,
      4.5722265271665545,
      1.5399999999999636
    ],
    "obj_class": "vehicle",
    "point_num_in_lidar": 1757,
    "speed": 8.881784197001252e-14,
    "if_vehicle": true,
    "motion_state": false,
    "pose": [
      [
        0.999714767373897,
        -0.028841529966400447,
        -0.0005762207593932728,
        3.9391482354349137
      ],
      [
        0.02884194880805746,
        0.9997145364716012,
        7.882746714731834e-05,
        -7.48135255913985
      ],
      [
        0.0005792988815888183,
        -0.0001090619469976917,
        1.0000006730232673,
        0.6174325100625992
      ],
      [
        0.0,
        0.0,
        0.0,
        1.0
      ]
    ],
    "location": [
      3.9391482354349137,
      -7.48135255913985,
      0.6174325100625992
    ],
    "rotation": [
      -0.00010906187316410132,
      -0.000579298423460607,
      0.02884217749897211
    ]
  },
  {
    "label_id": "X8OBaKk4dxIT8dFfdO_PYQ",
    "size": [
      2.1633729765809924,
      5.267996842103457,
      2.6200000000000045
    ],
    "obj_class": "vehicle",
    "point_num_in_lidar": 79,
    "speed": 5.728578676879116e-13,
    "if_vehicle": true,
    "motion_state": false,
    "pose": [
      [
        0.9994495493289083,
        0.0369059385802593,
        -0.0005762207593932728,
        79.206483001788
      ],
      [
        -0.036905505472471525,
        0.9994493464450795,
        7.882746714731834e-05,
        2.1854113936078647
      ],
      [
        0.0005852129061850231,
        -7.076409349000338e-05,
        1.0000006730232673,
        1.8009151940415222
      ],
      [
        0.0,
        0.0,
        0.0,
        1.0
      ]
    ],
    "location": [
      79.206483001788,
      2.1854113936078647,
      1.8009151940415222
    ],
    "rotation": [
      -7.076404574603585e-05,
      -0.0005852124440515312,
      -0.036909062038275334
    ]
  },
  {
    "label_id": "YTw2k0_-8UqolJn4WQRc2g",
    "size": [
      0.7131402618202626,
      0.9424020280400371,
      1.5199999999999818
    ],
    "obj_class": "pedestrian",
    "point_num_in_lidar": 61,
    "speed": 1.4675840817647983,
    "if_vehicle": false,
    "motion_state": true,
    "pose": [
      [
        -0.0117059781000448,
        1.0000622080815615,
        -0.0005762207593932728,
        33.44081021589591
      ],
      [
        -1.000061994346943,
        -0.011705550242923026,
        7.882746714731834e-05,
        -2.5116461750803865
      ],
      [
        8.549021764488509e-05,
        0.0005832436242086264,
        1.0000006730232673,
        1.0219721794125007
      ],
      [
        0.0,
        0.0,
        0.0,
        1.0
      ]
    ],
    "location": [
      33.44081021589591,
      -2.5116461750803865,
      1.0219721794125007
    ],
    "rotation": [
      0.0005832431655379059,
      -8.549014535904393e-05,
      -1.5825010446890744
    ]
  },
  {
    "label_id": "YZp0XjCF9MO6a2x7szWEXA",
    "size": [
      1.9473680660204538,
      3.8082084000475307,
      1.509999999999991
    ],
    "obj_class": "vehicle",
    "point_num_in_lidar": 114,
    "speed": 1.1390866590859189e-12,
    "if_vehicle": true,
    "motion_state": false,
    "pose": [
      [
        0.9982187126388748,
        -0.06181303821876902,
        -0.0005762207593932728,
        40.33791436673346
      ],
      [
        0.06181344921335478,
        0.9982184680419527,
        7.882746714731834e-05,
        -7.056325494018893
      ],
      [
        0.0005753847557788376,
        -0.0001281174668431767,
        1.0000006730232673,
        0.8435879912767632
      ],
      [
        0.0,
        0.0,
        0.0,
        1.0
      ]
    ],
    "location": [
      40.33791436673346,
      -7.056325494018893,
      0.8435879912767632
    ],
    "rotation": [
      -0.000128117379916223,
      -0.000575384300312628,
      0.06184478488339268
    ]
  },
  {
    "label_id": "Yyu039jUMIJ4gI_2-mTkSg",
    "size": [
      1.095267529370711,
      1.1481994723012645,
      1.759999999999991
    ],
    "obj_class": "pedestrian",
    "point_num_in_lidar": 77,
    "speed": 1.5010303781238183,
    "if_vehicle": false,
    "motion_state": true,
    "pose": [
      [
        0.01918656951921462,
        -0.9999466613306592,
        -0.0005762207593932728,
        33.67677343207288
      ],
      [
        0.9999464508025862,
        0.019186140075231922,
        7.882746714731834e-05,
        11.96447138174517
      ],
      [
        -8.112489884943124e-05,
        -0.0005838668112503531,
        1.0000006730232673,
        1.1960666895270151
      ],
      [
        0.0,
        0.0,
        0.0,
        1.0
      ]
    ],
    "location": [
      33.67677343207288,
      11.96447138174517,
      1.1960666895270151
    ],
    "rotation": [
      -0.0005838663519479959,
      8.112483024483029e-05,
      1.5516110840019548
    ]
  },
  {
    "label_id": "ZyK_iICxQsEYdJLxMFTw7w",
    "size": [
      0.9212612327115797,
      0.9766455606441014,
      1.740000000000009
    ],
    "obj_class": "pedestrian",
    "point_num_in_lidar": 52,
    "speed": 1.4201821983638185,
    "if_vehicle": false,
    "motion_state": true,
    "pose": [
      [
        0.6196324359996485,
        0.7850586565431842,
        -0.0005762207593932728,
        30.90053677454671
      ],
      [
        -0.7850582213400227,
        0.6196326343488657,
        7.882746714731834e-05,
        -21.886181723726622
      ],
      [
        0.00043316475256232874,
        0.0003998124555721125,
        1.0000006730232673,
        0.6962859754773945
      ],
      [
        0.0,
        0.0,
        0.0,
        1.0
      ]
    ],
    "location": [
      30.90053677454671,
      -21.886181723726622,
      0.6962859754773945
    ],
    "rotation": [
      0.0003998121651859132,
      -0.0004331643993202,
      -0.9026249156530873
    ]
  },
  {
    "label_id": "aANSRZ5XPxs8mHhsbxTcGg",
    "size": [
      0.8077633193168839,
      0.8146921552102152,
      1.07000000000005
    ],
    "obj_class": "sign",
    "point_num_in_lidar": 35,
    "speed": 8.533911106286719e-13,
    "if_vehicle": false,
    "motion_state": false,
    "pose": [
      [
        -0.0099942962931143,
        -1.0000807787363246,
        -0.0005762207593932728,
        32.09868657080733
      ],
      [
        1.0000805557691563,
        -0.009994719412300495,
        7.882746714731834e-05,
        -28.77057580143628
      ],
      [
        -9.812424652336712e-05,
        -0.0005812515245031244,
        1.0000006730232673,
        0.35625421140753133
      ],
      [
        0.0,
        0.0,
        0.0,
        1.0
      ]
    ],
    "location": [
      32.09868657080733,
      -28.77057580143628,
      0.35625421140753133
    ],
    "rotation": [
      -0.0005812510678484777,
      9.812416359282163e-05,
      1.5807894853916866
    ]
  },
  {
    "label_id": "dNW3S4yA8s8GmltmAPV8LQ",
    "size": [
      0.9053185012421152,
      1.1352859720932158,
      1.8100000000000591
    ],
    "obj_class": "pedestrian",
    "point_num_in_lidar": 53,
    "speed": 1.7516593000157292,
    "if_vehicle": false,
    "motion_state": true,
    "pose": [
      [
        0.03202798486020875,
        -0.9996177560157894,
        -0.0005762207593932728,
        33.691866562137875
      ],
      [
        0.9996175510207236,
        0.03202755274769221,
        7.882746714731834e-05,
        24.125598392840402
      ],
      [
        -7.36192071569811e-05,
        -0.0005848605943560937,
        1.0000006730232673,
        1.5508950345973744
      ],
      [
        0.0,
        0.0,
        0.0,
        1.0
      ]
    ],
    "location": [
      33.691866562137875,
      24.125598392840402,
      1.5508950345973744
    ],
    "rotation": [
      -0.0005848601340455406,
      7.361914488544045e-05,
      1.5387670453527398
    ]
  },
  {
    "label_id": "dWu2dkV959ZVbiXuXYme9A",
    "size": [
      1.98769946709291,
      4.6193943709231275,
      1.4600000000000364
    ],
    "obj_class": "vehicle",
    "point_num_in_lidar": 4070,
    "speed": 8.881784197001252e-14,
    "if_vehicle": true,
    "motion_state": false,
    "pose": [
      [
        0.9999290259971373,
        0.0200846440014284,
        -0.0005762207593932728,
        1.6189795424215845
      ],
      [
        -0.02008421436853735,
        0.9999288158548456,
        7.882746714731834e-05,
        3.2232138969866355
      ],
      [
        0.0005839394364813979,
        -8.060047775770806e-05,
        1.0000006730232673,
        0.7562599131500747
      ],
      [
        0.0,
        0.0,
        0.0,
        1.0
      ]
    ],
    "location": [
      1.6189795424215845,
      3.2232138969866355,
      0.7562599131500747
    ],
    "rotation": [
      -8.06004233372094e-05,
      -0.0005839389752086429,
      -0.020082939510904205
    ]
  },
  {
    "label_id": "dv8sizFeYUT8pYvd3AJspA",
    "size": [
      0.7534326255224576,
      0.8617267602349281,
      0.7999999999999545
    ],
    "obj_class": "sign",
    "point_num_in_lidar": 53,
    "speed": 1.1370071466249427e-12,
    "if_vehicle": false,
    "motion_state": false,
    "pose": [
      [
        -0.0021784124570670693,
        1.000128344001616,
        -0.0005762207593932728,
        11.993942160672304
      ],
      [
        -1.0001281262007402,
        -0.0021779866554908107,
        7.882746714731834e-05,
        38.420553210631624
      ],
      [
        9.10425747661242e-05,
        0.0005824027404407872,
        1.0000006730232673,
        1.253988691544805
      ],
      [
        0.0,
        0.0,
        0.0,
        1.0
      ]
    ],
    "location": [
      11.993942160672304,
      38.420553210631624,
      1.253988691544805
    ],
    "rotation": [
      0.0005824022826216339,
      -9.104249780038712e-05,
      -1.5729744567314714
    ]
  },
  {
    "label_id": "eTLt3z7Tt1__uHa0Pj96uQ",
    "size": [
      0.5969024159007622,
      0.5832202862830158,
      0.9800000000000182
    ],
    "obj_class": "sign",
    "point_num_in_lidar": 103,
    "speed": 2.5585089000282873e-12,
    "if_vehicle": false,
    "motion_state": false,
    "pose": [
      [
        0.9986389125795047,
        -0.05460560628976085,
        -0.0005762207593932728,
        1.7322238762462803
      ],
      [
        0.05460601903930508,
        0.9986386709557938,
        7.882746714731834e-05,
        5.192517336619858
      ],
      [
        0.0005762946031105782,
        -0.00012396061035105008,
        1.0000006730232673,
        0.7174058294717724
      ],
      [
        0.0,
        0.0,
        0.0,
        1.0
      ]
    ],
    "location": [
      1.7322238762462803,
      5.192517336619858,
      0.7174058294717724
    ],
    "rotation": [
      -0.00012396052628779665,
      -0.0005762941470247916,
      0.05462604418020514
    ]
  },
  {
    "label_id": "hVOvDRfPPYheooNcglGZfw",
    "size": [
      1.968775439042792,
      4.426137945390364,
      1.5
    ],
    "obj_class": "vehicle",
    "point_num_in_lidar": 53,
    "speed": 1.422084321207637e-12,
    "if_vehicle": true,
    "motion_state": false,
    "pose": [
      [
        0.99463766111326,
        -0.10467747155616315,
        -0.0005762207593932728,
        51.00903801028471
      ],
      [
        0.10467787165341504,
        0.9946373990705288,
        7.882746714731834e-05,
        -6.6161286284041125
      ],
      [
        0.0005693437915959841,
        -0.00015273948233542845,
        1.0000006730232673,
        0.8471909505225312
      ],
      [
        0.0,
        0.0,
        0.0,
        1.0
      ]
    ],
    "location": [
      51.00903801028471,
      -6.6161286284041125,
      0.8471909505225312
    ],
    "rotation": [
      -0.00015273937835050367,
      -0.0005693433402555216,
      0.10485622637090221
    ]
  },
  {
    "label_id": "ifMXmnBpfdQ88ZpSpy5LIA",
    "size": [
      0.24340906766558218,
      0.052982123451976726,
      0.37999999999999545
    ],
    "obj_class": "sign",
    "point_num_in_lidar": 81,
    "speed": 0.0005781769177029702,
    "if_vehicle": false,
    "motion_state": false,
    "pose": [
      [
        -0.6197007364808084,
        0.7850047434005679,
        -0.0005762207593932728,
        4.967735430718676
      ],
      [
        -0.7850048352611319,
        -0.6197002671133185,
        7.882746714731834e-05,
        4.897255629703068
      ],
      [
        -0.00028828947938838284,
        0.0005141700871958244,
        1.0000006730232673,
        0.8075682636850843
      ],
      [
        0.0,
        0.0,
        0.0,
        1.0
      ]
    ],
    "location": [
      4.967735430718676,
      4.897255629703068,
      0.8075682636850843
    ],
    "rotation": [
      0.0005141696958371914,
      0.0002882892392687601,
      -2.239054414898858
    ]
  },
  {
    "label_id": "iwVyTv3GqaEq5Lo6tx5S8A",
    "size": [
      0.845033627534988,
      1.1945977308094293,
      1.810638297872515
    ],
    "obj_class": "pedestrian",
    "point_num_in_lidar": 191,
    "speed": 1.8421921810998552,
    "if_vehicle": false,
    "motion_state": true,
    "pose": [
      [
        -0.0406013725690782,
        0.9993062486053785,
        -0.0005762207593932728,
        9.219201542626251
      ],
      [
        -0.9993060473244488,
        -0.04060093871404341,
        7.882746714731834e-05,
        21.3008954777506
      ],
      [
        6.859965523440673e-05,
        0.0005854705712456473,
        1.0000006730232673,
        1.3694630727197818
      ],
      [
        0.0,
        0.0,
        0.0,
        1.0
      ]
    ],
    "location": [
      9.219201542626251,
      21.3008954777506,
      1.3694630727197818
    ],
    "rotation": [
      0.0005854701103156987,
      -6.859959720054223e-05,
      -1.6114035598994196
    ]
  },
  {
    "label_id": "jDO7AFvKzSj9IBX0gjUdVw",
    "size": [
      0.7212059063463266,
      0.985521898342995,
      1.6299999999999955
    ],
    "obj_class": "pedestrian",
    "point_num_in_lidar": 20,
    "speed": 1.3236068776290955,
    "if_vehicle": false,
    "motion_state": true,
    "pose": [
      [
