[
  {
    "label_id": "-ItvfksmEcYtVEcOjjRESg",
    "size": [
      2.960818615691062,
      8.028851501939148,
      3.3508914890802544
    ],
    "obj_class": "vehicle",
    "point_num_in_lidar": 9518,
    "speed": 8.245536933972941,
    "if_vehicle": true,
    "motion_state": true,
    "pose": [
      [
        0.08199553467876974,
        0.9967639053003461,
        -0.0004810091023719431,
        18.68436180431854
      ],
      [
        -0.9967636096459364,
        0.08199588300119404,
        -1.771729663095797e-05,
        -3.637688758328295
      ],
      [
        3.5719732466925086e-05,
        0.00048571041181160254,
        1.0000007281688283,
        1.774596019288424
      ],
      [
        0.0,
        0.0,
        0.0,
        1.0
      ]
    ],
    "location": [
      18.68436180431854,
      -3.637688758328295,
      1.774596019288424
    ],
    "rotation": [
      0.00048571001993737427,
      -3.571970222836341e-05,
      -1.488719366234323
    ]
  },
  {
    "label_id": "-r18nvGJT_LauvErk1VSrg",
    "size": [
      0.7208473821763755,
      2.0829883357271277,
      1.9099999999999682
    ],
    "obj_class": "vehicle",
    "point_num_in_lidar": 47,
    "speed": 5.684341886080801e-13,
    "if_vehicle": true,
    "motion_state": false,
    "pose": [
      [
        -0.0010005949981641794,
        1.0001302662286071,
        -0.0004810091023719431,
        31.485288678177312
      ],
      [
        -1.000130000498338,
        -0.0010002233431286036,
        -1.771729663095797e-05,
        49.96603182844774
      ],
      [
        -4.708620589473239e-06,
        0.0004869993144983355,
        1.0000007281688283,
        1.8258470886512441
      ],
      [
        0.0,
        0.0,
        0.0,
        1.0
      ]
    ],
    "location": [
      31.485288678177312,
      49.96603182844774,
      1.8258470886512441
    ],
    "rotation": [
      0.00048699892138069135,
      4.708616602403672e-06,
      -1.5717967913983222
    ]
  },
  {
    "label_id": "0VCoeT-jjrIfzTCsOWz20A",
    "size": [
      0.754432963161888,
      1.043993850799436,
      0.9800000000000182
    ],
    "obj_class": "sign",
    "point_num_in_lidar": 201,
    "speed": 5.687116766346677e-13,
    "if_vehicle": false,
    "motion_state": false,
    "pose": [
      [
        -0.10290396307748294,
        0.994822760595978,
        -0.0004810091023719431,
        11.692034577414233
      ],
      [
        -0.9948225341187035,
        -0.10290356628019813,
        -1.771729663095797e-05,
        11.077785658495486
      ],
      [
        -5.430705530675189e-05,
        0.00048398475923691376,
        1.0000007281688283,
        0.7167127426126854
      ],
      [
        0.0,
        0.0,
        0.0,
        1.0
      ]
    ],
    "location": [
      11.692034577414233,
      11.077785658495486,
      0.7167127426126854
    ],
    "rotation": [
      0.00048398436902491194,
      5.4307009348226336e-05,
      -1.673869269832659
    ]
  },
  {
    "label_id": "2-A6zakvKX2opVnyx9gplQ",
    "size": [
      0.7707275497552804,
      1.107612320671707,
      1.7999999999999545
    ],
    "obj_class": "pedestrian",
    "point_num_in_lidar": 78,
    "speed": 1.3598680051236756,
    "if_vehicle": false,
    "motion_state": true,
    "pose": [
      [
        0.06261885469695755,
        -0.998168537699569,
        -0.0004810091023719431,
        31.851439005677094
      ],
      [
        0.9981682953726032,
        0.06261846737579507,
        -1.771729663095797e-05,
        2.453991834754561
      ],
      [
        3.4704742354652575e-05,
        -0.00048578398932838765,
        1.0000007281688283,
        0.9208280087597132
      ],
      [
        0.0,
        0.0,
        0.0,
        1.0
      ]
    ],
    "location": [
      31.851439005677094,
      2.453991834754561,
      0.9208280087597132
    ],
    "rotation": [
      -0.000485783597383222,
      -3.470471297491796e-05,
      1.5081446653575847
    ]
  },
  {
    "label_id": "2OYKagQRfCdaOXgU5RkMBA",
    "size": [
      0.8627759996271263,
      0.6348824674672757,
      1.1499999999999773
    ],
    "obj_class": "sign",
    "point_num_in_lidar": 45,
    "speed": 0.0024609175315595012,
    "if_vehicle": false,
    "motion_state": false,
    "pose": [
      [
        0.015356793809659831,
        1.0000128596676856,
        -0.0004810091023719431,
        30.41354568620409
      ],
      [
        -1.000012587894495,
        0.0153571610689333,
        -1.771729663095797e-05,
        12.415314191075595
      ],
      [
        3.2569436049022916e-06,
        0.0004870111864711737,
        1.0000007281688283,
        0.6844656917306793
      ],
      [
        0.0,
        0.0,
        0.0,
        1.0
      ]
    ],
    "location": [
      30.41354568620409,
      12.415314191075595,
      0.6844656917306793
    ],
    "rotation": [
      0.00048701079334206903,
      -3.2569408470478342e-06,
      -1.555440933279413
    ]
  },
  {
    "label_id": "2SYmRAjI0pCOwp2XYemMBQ",
    "size": [
      0.9588610015812892,
      0.6083173834498694,
      1.67999999999995
    ],
    "obj_class": "pedestrian",
    "point_num_in_lidar": 345,
    "speed": 0.0024895431003189557,
    "if_vehicle": false,
    "motion_state": false,
    "pose": [
      [
        0.997832370031572,
        0.06776512328647105,
        -0.0004810091023719431,
        11.80115272774674
      ],
      [
        -0.06776473472088819,
        0.9978321297050671,
        -1.771729663095797e-05,
        7.230418229850329
      ],
      [
        0.0004855985742274399,
        3.720924801688106e-05,
        1.0000007281688283,
        0.8804039515908926
      ],
      [
        0.0,
        0.0,
        0.0,
        1.0
      ]
    ],
    "location": [
      11.80115272774674,
      7.230418229850329,
      0.8804039515908926
    ],
    "rotation": [
      3.720922090511388e-05,
      -0.00048559818212486457,
      -0.0678078266268219
    ]
  },
  {
    "label_id": "3083QteOhZ_vSpxmP0XK-Q",
    "size": [
      0.8198295781744194,
      0.7789331854908985,
      1.2000000000000455
    ],
    "obj_class": "sign",
    "point_num_in_lidar": 46,
    "speed": 1.9915012144332625e-12,
    "if_vehicle": false,
    "motion_state": false,
    "pose": [
      [
        -0.03627898477446544,
        0.9994725538405688,
        -0.0004810091023719431,
        28.956059697720775
      ],
      [
        -0.9994723013855884,
        -0.03627860397724375,
        -1.771729663095797e-05,
        14.902581722366449
      ],
      [
        -2.1884307347272696e-05,
        0.0004865301434871588,
        1.0000007281688283,
        0.7363255909368718
      ],
      [
        0.0,
        0.0,
        0.0,
        1.0
      ]
    ],
    "location": [
      28.956059697720775,
      14.902581722366449,
      0.7363255909368718
    ],
    "rotation": [
      0.0004865297508223151,
      2.1884288818191865e-05,
      -1.607078537040424
    ]
  },
  {
    "label_id": "45vGTk6HpmeCTR2Etiwq8w",
    "size": [
      0.707705772227347,
      0.7957618448156345,
      1.07000000000005
    ],
    "obj_class": "sign",
    "point_num_in_lidar": 32,
    "speed": 2.2743611691451335e-12,
    "if_vehicle": false,
    "motion_state": false,
    "pose": [
      [
        -1.0000519859467258,
        0.012552928776344768,
        -0.0004810091023719431,
        41.394086939104454
      ],
      [
        -0.012553296796163889,
        -1.0000517152043136,
        -1.771729663095797e-05,
        4.351726368611708
      ],
      [
        -0.00048701840395736455,
        1.8914641225702477e-06,
        1.0000007281688283,
        0.6758744546190201
      ],
      [
        0.0,
        0.0,
        0.0,
        1.0
      ]
    ],
    "location": [
      41.394086939104454,
      4.351726368611708,
      0.6758744546190201
    ],
    "rotation": [
      1.891462745263781e-06,
      0.00048701801082042125,
      -3.129040668594419
    ]
  },
  {
    "label_id": "4BPsEUa8pjB_nYeEbm-YSA",
    "size": [
      0.8876985042486254,
      1.0727947770953707,
      1.7511702127660556
    ],
    "obj_class": "pedestrian",
    "point_num_in_lidar": 218,
    "speed": 1.2036020581964513,
    "if_vehicle": false,
    "motion_state": true,
    "pose": [
      [
        0.09288139748288414,
        0.9958085140319304,
        -0.0004810091023719431,
        9.340220746786144
      ],
      [
        -0.9958082145893579,
        0.09288174255416215,
        -1.771729663095797e-05,
        19.08203242905256
      ],
      [
        4.102452820921982e-05,
        0.00048529114098128193,
        1.0000007281688283,
        1.2780795798746567
      ],
      [
        0.0,
        0.0,
        0.0,
        1.0
      ]
    ],
    "location": [
      9.340220746786144,
      19.08203242905256,
      1.2780795798746567
    ],
    "rotation": [
      0.0004852907495111799,
      -4.1024493482663606e-05,
      -1.4777930300531106
    ]
  },
  {
    "label_id": "8IZ7fkXm0FDeUdEuJAqSlA",
    "size": [
      0.7446914889100827,
      1.0496260774128139,
      1.7300000000000182
    ],
    "obj_class": "pedestrian",
    "point_num_in_lidar": 109,
    "speed": 0.0010877948734375775,
    "if_vehicle": false,
    "motion_state": false,
    "pose": [
      [
        -0.9976657446953152,
        -0.07017558320667391,
        -0.0004810091023719431,
        28.419735169298292
      ],
      [
        0.07017519406162166,
        -0.997665505308245,
        -1.771729663095797e-05,
        8.270361440510897
      ],
      [
        -0.00048550726350066816,
        -3.8382294326895124e-05,
        1.0000007281688283,
        1.0764412218674124
      ],
      [
        0.0,
        0.0,
        0.0,
        1.0
      ]
    ],
    "location": [
      28.419735169298292,
      8.270361440510897,
      1.0764412218674124
    ],
    "rotation": [
      -3.838226635927695e-05,
      0.00048550687146464765,
      3.0713689306833087
    ]
  },
  {
    "label_id": "8k1Wkk08druqr8A5YTrqFQ",
    "size": [
      2.1684109006720287,
      4.238163060626746,
      1.7100000000000364
    ],
    "obj_class": "vehicle",
    "point_num_in_lidar": 155,
    "speed": 8.543149943144391e-13,
    "if_vehicle": true,
    "motion_state": false,
    "pose": [
      [
        1.0000429071463437,
        -0.013256488341338517,
        -0.0004810091023719431,
        38.78092836592987
      ],
      [
        0.013256856170592309,
        1.0000426361450867,
        -1.771729663095797e-05,
        2.434997890553859
      ],
      [
        0.0004870169527383458,
        -2.234093811896398e-06,
        1.0000007281688283,
        0.9699979189847454
      ],
      [
        0.0,
        0.0,
        0.0,
        1.0
      ]
    ],
    "location": [
      38.78092836592987,
      2.434997890553859,
      0.9699979189847454
    ],
    "rotation": [
      -2.234092185096392e-06,
      -0.00048701655960245926,
      0.013255510957598292
    ]
  },
  {
    "label_id": "A4kzX4tBck4XcFuUOPA6Lg",
    "size": [
      0.7530091452421519,
      1.132073132049114,
      1.8246200607903802
    ],
    "obj_class": "pedestrian",
    "point_num_in_lidar": 249,
    "speed": 1.5616043385425045,
    "if_vehicle": false,
    "motion_state": true,
    "pose": [
      [
        -0.25371061139317946,
        -0.9674153587179366,
        -0.0004810091023719431,
        14.208331398895098
      ],
      [
        0.9674150071074599,
        -0.25371090312955696,
        -1.771729663095797e-05,
        -8.729720337943945
      ],
      [
        -0.00011945856567036746,
        -0.00047214420945054916,
        1.0000007281688283,
        0.7959789764754532
      ],
      [
        0.0,
        0.0,
        0.0,
        1.0
      ]
    ],
    "location": [
      14.208331398895098,
      -8.729720337943945,
      0.7959789764754532
    ],
    "rotation": [
      -0.0004721438305666983,
      0.00011945846480136032,
      1.827276586855227
    ]
  },
  {
    "label_id": "AhVLDKKFO3nP9YBAG8x0pw",
    "size": [
      1.9318567274618754,
      4.066022807258439,
      1.509999999999991
    ],
    "obj_class": "vehicle",
    "point_num_in_lidar": 166,
    "speed": 2.929642751054232e-13,
    "if_vehicle": true,
    "motion_state": false,
    "pose": [
      [
        0.028931725712911156,
        -0.9997122115209595,
        -0.0004810091023719431,
        27.15428985314975
      ],
      [
        0.9997119562738797,
        0.0289313467815593,
        -1.771729663095797e-05,
        27.835712820115077
      ],
      [
        1.830764379797777e-05,
        -0.00048667785403516423,
        1.0000007281688283,
        1.2749332609113253
      ],
      [
        0.0,
        0.0,
        0.0,
        1.0
      ]
    ],
    "location": [
      27.15428985314975,
      27.835712820115077,
      1.2749332609113253
    ],
    "rotation": [
      -0.0004866774612277871,
      -1.8307628296760142e-05,
      1.5418643403838739
    ]
  },
  {
    "label_id": "Aof9zDLMpOMBf2RZkTgB1g",
    "size": [
      0.6466332595231489,
      2.732983268659154,
      3.449999999999932
    ],
    "obj_class": "vehicle",
    "point_num_in_lidar": 112,
    "speed": 1.0658141036401503e-13,
    "if_vehicle": true,
    "motion_state": false,
    "pose": [
      [
        -0.049273924199518565,
        -0.998916228224787,
        -0.0004810091023719431,
        31.202282628080866
      ],
      [
        0.9989159441485719,
        -0.049274282027333596,
        -1.771729663095797e-05,
        58.6885207951218
      ],
      [
        -1.9777183379009667e-05,
        -0.0004866203514520306,
        1.0000007281688283,
        2.6297984345876557
      ],
      [
        0.0,
        0.0,
        0.0,
        1.0
      ]
    ],
    "location": [
      31.202282628080866,
      58.6885207951218,
      2.6297984345876557
    ],
    "rotation": [
      -0.0004866199587001432,
      1.9777166633706468e-05,
      1.6200837752756407
    ]
  },
  {
    "label_id": "AvH5yelBYncUXgWqCPLaoA",
    "size": [
      2.157587995304238,
      4.5323268143472895,
      1.75
    ],
    "obj_class": "vehicle",
    "point_num_in_lidar": 61,
    "speed": 2.412017411903669,
    "if_vehicle": true,
    "motion_state": true,
    "pose": [
      [
        0.8544336345438358,
        0.5198121918318822,
        -0.0004810091023719431,
        17.677324985965242
      ],
      [
        -0.519811736241164,
        0.8544336002343825,
        -1.771729663095797e-05,
        71.13343853892002
      ],
      [
        0.00041386396000327435,
        0.0002567238322402351,
        1.0000007281688283,
        2.003411672253378
      ],
      [
        0.0,
        0.0,
        0.0,
        1.0
      ]
    ],
    "location": [
      17.677324985965242,
      71.13343853892002,
      2.003411672253378
    ],
    "rotation": [
      0.000256723639662115,
      -0.00041386362137311474,
      -0.5465511465957708
    ]
  },
  {
    "label_id": "DMyvJcDBgX_UfZY7i4gQUg",
    "size": [
      2.201017544722988,
      5.031357921109429,
      1.7300000000000182
    ],
    "obj_class": "vehicle",
    "point_num_in_lidar": 6702,
    "speed": 5.709267256288867e-13,
    "if_vehicle": true,
    "motion_state": false,
    "pose": [
      [
        0.9990211392639727,
        -0.047098980037456155,
        -0.0004810091023719431,
        2.3001503730938566
      ],
      [
        0.047099338482910064,
        0.9990208559674889,
        -1.771729663095797e-05,
        -3.5259463801030506
      ],
      [
        0.0004866622567512505,
        -1.8717673025382648e-05,
        1.0000007281688283,
        0.8485879056112253
      ],
      [
        0.0,
        0.0,
        0.0,
        1.0
      ]
    ],
    "location": [
      2.3001503730938566,
      -3.5259463801030506,
      0.8485879056112253
    ],
    "rotation": [
      -1.871765939358062e-05,
      -0.0004866618638736738,
      0.047110603814792644
    ]
  },
  {
    "label_id": "FaLjVnzgLbkn0NFfVlonZw",
    "size": [
      3.134141242359214,
      4.451840989787582,
      3.0799999999999272
    ],
    "obj_class": "vehicle",
    "point_num_in_lidar": 1141,
    "speed": 8.528363000094291e-13,
    "if_vehicle": true,
    "motion_state": false,
    "pose": [
      [
        -0.047763876241594644,
        -0.9989895708881211,
        -0.0004810091023719431,
        30.018096160480127
      ],
      [
        0.9989892873531339,
        -0.04776423449841893,
        -1.771729663095797e-05,
        17.921623009171526
      ],
      [
        -1.9041570898599302e-05,
        -0.00048664969126407297,
        1.0000007281688283,
        1.83140416503295
      ],
      [
        0.0,
        0.0,
        0.0,
        1.0
      ]
    ],
    "location": [
      30.018096160480127,
      17.921623009171526,
      1.83140416503295
    ],
    "rotation": [
      -0.00048664929848387317,
      1.9041554776047153e-05,
      1.6185721443215912
    ]
  },
  {
    "label_id": "GZswbdmDQZSe88ajnioK_g",
    "size": [
      1.1505740821373587,
      4.713684939172988,
      4.259999999999991
    ],
    "obj_class": "vehicle",
    "point_num_in_lidar": 191,
    "speed": 5.709267256288867e-13,
    "if_vehicle": true,
    "motion_state": false,
    "pose": [
      [
        0.03894081536966138,
        0.9993723848071853,
        -0.0004810091023719431,
        30.942577984709715
      ],
      [
        -0.9993721044467031,
        0.03894117611616683,
        -1.771729663095797e-05,
        40.37617580036749
      ],
      [
        1.4743652905723336e-05,
        0.00048679885797801474,
        1.0000007281688283,
        2.829132735968983
      ],
      [
        0.0,
        0.0,
        0.0,
        1.0
      ]
    ],
    "location": [
      30.942577984709715,
      40.37617580036749,
      2.829132735968983
    ],
    "rotation": [
      0.0004867984650538589,
      -1.4743640421873743e-05,
      -1.5318507475931988
    ]
  },
  {
    "label_id": "NeHt8l-Xg_tze4fm4Zzhag",
    "size": [
      0.8686749354366593,
      0.8296750162009441,
      1.82000000000005
    ],
    "obj_class": "pedestrian",
    "point_num_in_lidar": 526,
    "speed": 2.9777166713245524e-13,
    "if_vehicle": false,
    "motion_state": false,
    "pose": [
      [
        0.958033254861107,
        0.2871129276035614,
        -0.0004810091023719431,
        1.4402030508535972
      ],
      [
        -0.2871124954557497,
        0.9580331065765495,
        -1.771729663095797e-05,
        10.619960525204078
      ],
      [
        0.00046529295667904134,
        0.00014385050536783008,
        1.0000007281688283,
        1.269702833715769
      ],
      [
        0.0,
        0.0,
        0.0,
        1.0
      ]
    ],
    "location": [
      1.4402030508535972,
      10.619960525204078,
      1.269702833715769
    ],
    "rotation": [
      0.00014385039962822328,
      -0.00046529257947514475,
      -0.2911718965702169
    ]
  },
  {
    "label_id": "Nx3jDnV5BFvG2rNbAk93sw",
    "size": [
      0.7698546864134811,
      0.8128752011552611,
      1.0900000000000318
    ],
    "obj_class": "sign",
    "point_num_in_lidar": 120,
    "speed": 0.010968173015826895,
    "if_vehicle": false,
    "motion_state": false,
    "pose": [
      [
        -0.0035910034686735853,
        1.000124319927749,
        -0.0004810091023719431,
        12.066817361528592
      ],
      [
        -1.0001240551609858,
        -0.0035906311266235653,
        -1.771729663095797e-05,
        14.608281379465552
      ],
      [
        -5.96996926629372e-06,
        0.00048698548530388887,
        1.0000007281688283,
        0.8375426142051765
      ],
      [
        0.0,
        0.0,
        0.0,
        1.0
      ]
    ],
    "location": [
      12.066817361528592,
      14.608281379465552,
      0.8375426142051765
    ],
    "rotation": [
      0.0004869850921995944,
      5.969964211178486e-06,
      -1.5743868694064809
    ]
  },
  {
    "label_id": "WrQ9WB5nz7yw3pLq2Sx4JA",
    "size": [
      1.9338659153476887,
      4.5722265271665545,
      1.5399999999999636
    ],
    "obj_class": "vehicle",
    "point_num_in_lidar": 1759,
    "speed": 8.881784197001252e-14,
    "if_vehicle": true,
    "motion_state": false,
    "pose": [
      [
        0.9997147652144138,
        -0.02884334982529154,
        -0.0004810091023719431,
        3.9391482354349137
      ],
      [
        0.028843713385540662,
        0.9997144885124328,
        -1.771729663095797e-05,
        -7.481352559141669
      ],
      [
        0.0004869229569340252,
        -9.825346829986387e-06,
        1.0000007281688283,
        0.6174325100625992
      ],
      [
        0.0,
        0.0,
        0.0,
        1.0
      ]
    ],
    "location": [
      3.9391482354349137,
      -7.481352559141669,
      0.6174325100625992
    ],
    "rotation": [
      -9.825339675164137e-06,
      -0.0004869225638665858,
      0.028843941174182573
    ]
  },
  {
    "label_id": "X8OBaKk4dxIT8dFfdO_PYQ",
    "size": [
      2.163372976580992,
      5.267996842103457,
      2.6200000000000045
    ],
    "obj_class": "vehicle",
    "point_num_in_lidar": 80,
    "speed": 5.728578676879116e-13,
    "if_vehicle": true,
    "motion_state": false,
    "pose": [
      [
        0.9994496667458956,
        0.03690412251189446,
        -0.0004810091023719431,
        79.20648300178982
      ],
      [
        -0.03690374155684313,
        0.9994494145291435,
        -1.771729663095797e-05,
        2.1854113936060457
      ],
      [
        0.00048651636023590706,
        2.218861538061411e-05,
        1.0000007281688283,
        1.8009151940415222
      ],
      [
        0.0,
        0.0,
        0.0,
        1.0
      ]
    ],
    "location": [
      79.20648300178982,
      2.1854113936060457,
      1.8009151940415222
    ],
    "rotation": [
      2.218859921992641e-05,
      -0.00048651596746459837,
      -0.03690729522223203
    ]
  },
  {
    "label_id": "YTw2k0_-8UqolJn4WQRc2g",
    "size": [
      0.7131402618211411,
      0.9424020280400371,
      1.5199999999999818
    ],
    "obj_class": "pedestrian",
    "point_num_in_lidar": 59,
    "speed": 1.469900777549146,
    "if_vehicle": false,
    "motion_state": true,
    "pose": [
      [
        0.05663654017789149,
        0.9985258398927556,
        -0.0004810091023719431,
        32.97772086684745
      ],
      [
        -0.998525553186373,
        0.05663689590178905,
        -1.771729663095797e-05,
        1.5891751440503867
      ],
      [
        2.3363984150997373e-05,
        0.00048646133214706456,
        1.0000007281688283,
        1.021009978042457
      ],
      [
        0.0,
        0.0,
        0.0,
        1.0
      ]
    ],
    "location": [
      32.97772086684745,
      1.5891751440503867,
      1.021009978042457
    ],
    "rotation": [
      0.00048646093954861325,
      -2.3363964369359396e-05,
      -1.5141368648890605
    ]
  },
  {
    "label_id": "Yyu039jUMIJ4gI_2-mTkSg",
    "size": [
      1.0952675293738097,
      1.1481994723012645,
      1.759999999999991
    ],
    "obj_class": "pedestrian",
    "point_num_in_lidar": 47,
    "speed": 1.5618191268400652,
    "if_vehicle": false,
    "motion_state": true,
    "pose": [
      [
        -0.04908723842758486,
        -0.998925419458534,
        -0.0004810091023719431,
        33.632428374749
      ],
      [
        0.9989251354491974,
        -0.04908759630848386,
        -1.771729663095797e-05,
        7.896789964283016
      ],
      [
        -1.9686239794698435e-05,
        -0.0004866240390614191,
        1.0000007281688283,
        1.1121150667158872
      ],
      [
        0.0,
        0.0,
        0.0,
        1.0
      ]
    ],
    "location": [
      33.632428374749,
      7.896789964283016,
      1.1121150667158872
    ],
    "rotation": [
      -0.00048662364630597325,
      1.9686223126385218e-05,
      1.6198968877634627
    ]
  },
  {
    "label_id": "dWu2dkV959ZVbiXuXYme9A",
    "size": [
      1.9876994670929105,
      4.6193943709231275,
      1.4600000000000364
    ],
    "obj_class": "vehicle",
    "point_num_in_lidar": 4082,
    "speed": 8.881784197001252e-14,
    "if_vehicle": true,
    "motion_state": false,
    "pose": [
      [
        0.9999291128415505,
        0.020082826214561162,
        -0.0004810091023719431,
        1.6189795424215845
      ],
      [
        -0.020082449557066853,
        0.9999288542508061,
        -1.771729663095797e-05,
        3.2232138969848165
      ],
      [
        0.00048682082178431996,
        1.3999675244242371e-05,
        1.0000007281688283,
        0.7562599131500747
      ],
      [
        0.0,
        0.0,
        0.0,
        1.0
      ]
    ],
    "location": [
      1.6189795424215845,
      3.2232138969848165,
      0.7562599131500747
    ],
    "rotation": [
      1.3999665049208074e-05,
      -0.0004868204287912596,
      -0.02008117354226034
    ]
  },
  {
    "label_id": "dv8sizFeYUT8pYvd3AJspA",
    "size": [
      0.753432625522458,
      0.8617267602349281,
      0.7999999999999545
    ],
    "obj_class": "sign",
    "point_num_in_lidar": 45,
    "speed": 1.1370071466249427e-12,
    "if_vehicle": false,
    "motion_state": false,
    "pose": [
      [
        -0.00217659340669524,
        1.0001283982859381,
        -0.0004810091023719431,
        11.993942160672304
      ],
      [
        -1.0001281329928624,
        -0.0021762214394588464,
        -1.771729663095797e-05,
        38.420553210627986
      ],
      [
        -5.281253494888391e-06,
        0.0004869934412199267,
        1.0000007281688283,
        1.2539886915446914
      ],
      [
        0.0,
        0.0,
        0.0,
        1.0
      ]
    ],
    "location": [
      11.993942160672304,
      38.420553210627986,
      1.2539886915446914
    ],
    "rotation": [
      0.0004869930481079522,
      5.281249022941465e-06,
      -1.5729726379079796
    ]
  },
  {
    "label_id": "eTLt3z7Tt1__uHa0Pj96uQ",
    "size": [
      0.5969024159007618,
      0.5832202862830158,
      0.9800000000000182
    ],
    "obj_class": "sign",
    "point_num_in_lidar": 102,
    "speed": 2.5585089000282873e-12,
    "if_vehicle": false,
    "motion_state": false,
    "pose": [
      [
        0.9986388635029274,
        -0.054607425488083325,
        -0.0004810091023719431,
        1.7322238762480993
      ],
      [
        0.054607781793832,
        0.9986385775199651,
        -1.771729663095797e-05,
        5.19251733661622
      ],
      [
        0.00048650780330546323,
        -2.237544977417879e-05,
        1.0000007281688283,
        0.7174058294716588
      ],
      [
        0.0,
        0.0,
        0.0,
        1.0
      ]
    ],
    "location": [
      1.7322238762480993,
      5.19251733661622,
      0.7174058294716588
    ],
    "rotation": [
      -2.2375433477351448e-05,
      -0.0004865074105403875,
      0.0546278067543579
    ]
  },
  {
    "label_id": "iYoNqzfcHozgqJVHl7Yxnw",
    "size": [
      1.972967373819462,
      3.9732415768768115,
      1.57000000000005
    ],
    "obj_class": "vehicle",
    "point_num_in_lidar": 25,
    "speed": 1.7763568394002505e-14,
    "if_vehicle": true,
    "motion_state": false,
    "pose": [
      [
        0.9993655543482151,
        0.03911571805731665,
        -0.0004810091023719431,
        50.24420807833485
      ],
      [
        -0.03911533654506663,
        0.9993653029750974,
        -1.771729663095797e-05,
        2.4158450695194915
      ],
      [
        0.0004864660677430846,
        2.326517492488057e-05,
        1.0000007281688283,
        0.9645283534493956
      ],
      [
        0.0,
        0.0,
        0.0,
        1.0
      ]
    ],
    "location": [
      50.24420807833485,
      2.4158450695194915,
      0.9645283534493956
    ],
    "rotation": [
      2.326515797972018e-05,
      -0.0004864656750084103,
      -0.03912020024238778
    ]
  },
  {
    "label_id": "ifMXmnBpfdQ88ZpSpy5LIA",
    "size": [
      0.2434090676655831,
      0.052982123451976726,
      0.37999999999999545
    ],
    "obj_class": "sign",
    "point_num_in_lidar": 80,
    "speed": 0.0009526265736106372,
    "if_vehicle": false,
    "motion_state": false,
    "pose": [
      [
        -0.6196993397953834,
        0.7850059100885934,
        -0.0004810091023719431,
        4.967812930817672
      ],
      [
        -0.7850059313437157,
        -0.6196988834092957,
        -1.771729663095797e-05,
        4.896508255493245
      ],
      [
        -0.0003050698472770693,
        0.00037963520873603276,
        1.0000007281688283,
        0.8075573348997978
      ],
      [
        0.0,
        0.0,
        0.0,
        1.0
      ]
    ],
    "location": [
      4.967812930817672,
      4.896508255493245,
      0.8075573348997978
    ],
    "rotation": [
      0.00037963491405970895,
      0.00030506959368713644,
      -2.23905263971523
    ]
  },
  {
    "label_id": "iwVyTv3GqaEq5Lo6tx5S8A",
    "size": [
      0.8450336275347753,
      1.1945977308094293,
      1.810638297872515
    ],
    "obj_class": "pedestrian",
    "point_num_in_lidar": 133,
    "speed": 1.8593058236229139,
    "if_vehicle": false,
    "motion_state": true,
    "pose": [
      [
        -0.02491311928695042,
        0.9998204274289704,
        -0.0004810091023719431,
        9.4329106112109
      ],
      [
        -0.9998201706608266,
        -0.024912741384632994,
        -1.771729663095797e-05,
        26.52749698622938
      ],
      [
        -1.6351279921082593e-05,
        0.0004867475105993322,
        1.0000007281688283,
        1.460374993380583
      ],
      [
        0.0,
        0.0,
        0.0,
        1.0
      ]
    ],
    "location": [
      9.4329106112109,
      26.52749698622938,
      1.460374993380583
    ],
    "rotation": [
      0.0004867471177247325,
      1.6351266076147968e-05,
      -1.595708771914706
    ]
  },
  {
    "label_id": "jYdxjpZOYqJdSiBQI133Fw",
    "size": [
      0.7741745473973027,
      0.9953737697401499,
      1.009999999999991
    ],
    "obj_class": "sign",
    "point_num_in_lidar": 154,
    "speed": 0.002123693495210277,
    "if_vehicle": false,
    "motion_state": false,
    "pose": [
      [
        -0.04773562904065884,
        0.9989909210483083,
        -0.0004810091023719431,
        12.10938206413448
      ],
      [
        -0.9989906729757898,
        -0.047735245374049995,
        -1.771729663095797e-05,
        12.6439012225419
      ],
      [
        -2.7460974025252125e-05,
        0.00048624726049129464,
        1.0000007281688283,
        0.7660472945618721
      ],
      [
        0.0,
        0.0,
        0.0,
        1.0
      ]
    ],
    "location": [
      12.10938206413448,
      12.6439012225419,
      0.7660472945618721
    ],
    "rotation": [
      0.00048624686809936,
      2.7460950775759377e-05,
      -1.6185438668687138
    ]
  },
  {
    "label_id": "k7sk2VXkecnWsXdCfg3Wig",
    "size": [
      2.7717332013355964,
      3.9612899707604745,
      3.0399999999999636
    ],
    "obj_class": "vehicle",
    "point_num_in_lidar": 312,
    "speed": 2.864289338439558e-13,
    "if_vehicle": true,
    "motion_state": false,
    "pose": [
      [
        -0.028746730425203725,
        -0.9997175481638377,
        -0.0004810091023719431,
        30.65387302856834
      ],
      [
        0.9997172714969949,
        -0.028747094012193733,
        -1.771729663095797e-05,
        38.02036605204012
      ],
      [
        -9.77828722268117e-06,
        -0.00048692390424859663,
        1.0000007281688283,
        2.043431136196318
      ],
      [
        0.0,
        0.0,
        0.0,
        1.0
      ]
    ],
    "location": [
      30.65387302856834,
      38.02036605204012,
      2.043431136196318
    ],
    "rotation": [
      -0.0004869235112037459,
      9.778278942942534e-06,
      1.5995432657261914
    ]
  },
  {
    "label_id": "kXyEv2zRlXCiI09I_nYVDA",
    "size": [
      3.318553371210351,
      9.387806686727028,
      3.2899999999999636
    ],
    "obj_class": "vehicle",
    "point_num_in_lidar": 4712,
    "speed": 8.263326281304929,
    "if_vehicle": true,
    "motion_state": true,
    "pose": [
      [
        0.0362912324885343,
        0.9994721091963085,
        -0.0004810091023719431,
        19.316851399717052
      ],
      [
        -0.9994718297931902,
        0.036291593977038475,
        -1.771729663095797e-05,
        -13.878074412188653
      ],
      [
        1.3453043815950356e-05,
        0.0004868362343147744,
        1.0000007281688283,
        1.5735969773110128
      ],
      [
        0.0,
        0.0,
        0.0,
        1.0
      ]
    ],
    "location": [
      19.316851399717052,
      -13.878074412188653,
      1.5735969773110128
    ],
    "rotation": [
      0.00048683584135454443,
      -1.3453032424812784e-05,
      -1.5345018613883388
    ]
  },
  {
    "label_id": "l9f--u5kPKABASTzvy9Nug",
    "size": [
      0.7368282590077757,
      0.9500971590338381,
      1.7100000000000364
    ],
    "obj_class": "pedestrian",
    "point_num_in_lidar": 88,
    "speed": 0.2735544644157163,
    "if_vehicle": false,
    "motion_state": false,
    "pose": [
      [
        -0.9984824519765175,
        0.057396373681758574,
        -0.0004810091023719431,
        30.632352768987403
      ],
      [
        -0.057396729187377704,
        -0.9984821649995222,
        -1.771729663095797e-05,
        7.0673340040921175
      ],
      [
        -0.00048644341196687915,
        2.3734160691404786e-05,
        1.0000007281688283,
        0.9714515573856488
      ],
      [
        0.0,
        0.0,
        0.0,
        1.0
      ]
    ],
    "location": [
      30.632352768987403,
      7.0673340040921175,
      0.9714515573856488
    ],
    "rotation": [
      2.373414340448483e-05,
      0.00048644301924870834,
      -3.08417188127456
    ]
  },
  {
    "label_id": "lj4Xv1RNPQtZmME1XO-7OA",
    "size": [
      2.0814917121102554,
      4.6989742700198445,
      1.5399999999999636
    ],
    "obj_class": "vehicle",
    "point_num_in_lidar": 123,
    "speed": 6.85917765304174,
    "if_vehicle": true,
    "motion_state": true,
    "pose": [
      [
        0.0020883372685115997,
        1.0001285864649143,
        -0.0004810091023719431,
        17.598342925475663
      ],
      [
        -1.000128319588047,
        0.0020887081010598986,
        -1.771729663095797e-05,
        19.87012667916133
      ],
      [
        -3.2044884940951035e-06,
        0.000487011534445743,
        1.0000007281688283,
        1.1728863696924918
      ],
      [
        0.0,
        0.0,
        0.0,
        1.0
      ]
    ],
    "location": [
      17.598342925475663,
      19.87012667916133,
      1.1728863696924918
    ],
    "rotation": [
      0.0004870111413163024,
      3.2044857806574327e-06,
      -1.5687082605012572
    ]
  },
  {
    "label_id": "mOkkhCfy9ezsL1Xpiin0cg",
    "size": [
      1.8978085880561257,
      2.7584207193939223,
      2.3999999999999773
    ],
    "obj_class": "vehicle",
    "point_num_in_lidar": 147,
    "speed": 5.728578676879116e-13,
    "if_vehicle": true,
    "motion_state": false,
    "pose": [
      [
        -4.821924039865423e-05,
        -1.0001307655960592,
        -0.0004810091023719431,
        30.916699880324813
      ],
      [
        1.0001304994761904,
        -4.859061656460622e-05,
        -1.771729663095797e-05,
        47.86143347104917
      ],
      [
        4.197912980721129e-06,
        -0.00048700398453843403,
        1.0000007281688283,
        1.9030886220308503
      ],
      [
        0.0,
        0.0,
        0.0,
        1.0
      ]
    ],
    "location": [
      30.916699880324813,
      47.86143347104917,
      1.9030886220308503
    ],
    "rotation": [
      -0.0004870035914162817,
      -4.197909426094938e-06,
      1.5708445397434934
    ]
  },
  {
    "label_id": "oktALDz6ntRSXy5D7zFjEA",
    "size": [
      0.8960930957449368,
      0.8484989187230266,
      1.7799999999999727
    ],
    "obj_class": "pedestrian",
    "point_num_in_lidar": 84,
    "speed": 0.9034034868972266,
    "if_vehicle": false,
    "motion_state": false,
    "pose": [
      [
        -0.9960027492738985,
        0.09077485365281616,
        -0.0004810091023719431,
        37.6429822750124
      ],
      [
        -0.0907751993567038,
        -0.9960024505618914,
        -1.771729663095797e-05,
        7.514542121103659
      ],
      [
        -0.00048537683052419606,
        3.999794769725552e-05,
        1.0000007281688283,
        1.2418876368656129
      ],
      [
        0.0,
        0.0,
        0.0,
        1.0
      ]
    ],
    "location": [
      37.6429822750124,
      7.514542121103659,
      1.2418876368656129
    ],
    "rotation": [
      3.9997918550688016e-05,
      0.0004853764385832529,
      -3.050704243888195
    ]
  },
  {
    "label_id": "pATADVHYfotd4mWyfa9wVw",
    "size": [
      0.8193768358459232,
      0.8601713234706458,
      1.8600000000000136
    ],
    "obj_class": "pedestrian",
    "point_num_in_lidar": 448,
    "speed": 3.552713678800501e-14,
    "if_vehicle": false,
    "motion_state": false,
    "pose": [
      [
        0.9915635059362448,
        -0.13062681314445906,
        -0.0004810091023719431,
        9.835019399484736
      ],
      [
        0.13062714659657812,
        0.9915631936067303,
        -1.771729663095797e-05,
        7.179821170064315
      ],
      [
        0.0004833833936842444,
        -5.942220241634585e-05,
        1.0000007281688283,
        1.1435664015629072
      ],
      [
        0.0,
        0.0,
        0.0,
        1.0
      ]
    ],
    "location": [
      9.835019399484736,
      7.179821170064315,
      1.1435664015629072
    ],
    "rotation": [
      -5.942215907704211e-05,
      -0.0004833830031974164,
      0.13098428730886374
    ]
  },
  {
    "label_id": "ra5n9KbC95TVzl8E7bqlfg",
    "size": [
      2.0401341279589933,
      4.496278772972799,
      1.5399999999999636
    ],
    "obj_class": "vehicle",
    "point_num_in_lidar": 32,
    "speed": 7.5725847225529135,
    "if_vehicle": true,
    "motion_state": true,
    "pose": [
      [
        0.005418869317735251,
        1.0001160864980485,
        -0.0004810091023719431,
        18.917197009139272
      ],
      [
        -1.0001158183877459,
        0.0054192392594965815,
        -1.771729663095797e-05,
        51.631809165637605
      ],
      [
        -1.5826661046394946e-06,
        0.0004870195053565171,
        1.0000007281688283,
        1.750440420527525
      ],
      [
        0.0,
        0.0,
        0.0,
        1.0
      ]
    ],
    "location": [
      18.917197009139272,
      51.631809165637605,
      1.750440420527525
    ],
    "rotation": [
      0.00048701911221938173,
      1.58266476449663e-06,
      -1.565378138029985
    ]
  },
  {
    "label_id": "txvVqORJ6Gcf510DdJvW4Q",
    "size": [
      0.8957847038384421,
      0.8619049628064088,
      1.67999999999995
    ],
    "obj_class": "pedestrian",
    "point_num_in_lidar": 49,
    "speed": 1.37600464425499,
    "if_vehicle": false,
    "motion_state": true,
    "pose": [
      [
        0.9941736457998723,
        -0.10899684680689088,
        -0.0004810091023719431,
        44.69644119525219
      ],
      [
        0.10899718698328427,
        0.9941733408079666,
        -1.771729663095797e-05,
        7.305077941175114
      ],
      [
        0.0004845630788190534,
        -4.8878687330014974e-05,
        1.0000007281688283,
        1.1902226960401094
      ],
      [
        0.0,
        0.0,
        0.0,
        1.0
      ]
    ],
    "location": [
      44.69644119525219,
      7.305077941175114,
      1.1902226960401094
    ],
    "rotation": [
      -4.887865169917871e-05,
      -0.00048456268747146996,
      0.10919982966909882
    ]
  },
  {
    "label_id": "uTQJwYsr8nw8M5kF2ELaiA",
    "size": [
      1.4279158649095158,
      6.768869357620847,
      4.759999999999991
    ],
    "obj_class": "vehicle",
    "point_num_in_lidar": 528,
    "speed": 2.8422264536495415e-12,
