[
  {
    "label_id": "-ItvfksmEcYtVEcOjjRESg",
    "size": [
      2.960818615690955,
      8.028851501939148,
      3.3508914890802544
    ],
    "obj_class": "vehicle",
    "point_num_in_lidar": 2620,
    "speed": 6.681157097716377,
    "if_vehicle": true,
    "motion_state": true,
    "pose": [
      [
        0.01918050583525809,
        0.9999462989689265,
        0.0011355002690662827,
        17.744213269374086
      ],
      [
        -0.9999461704318335,
        0.01918185447391792,
        -0.0008551930169945027,
        16.235354560521955
      ],
      [
        -0.0008630925612287851,
        -0.0011129473060433786,
        0.9999998549740969,
        2.089622371674409
      ],
      [
        0.0,
        0.0,
        0.0,
        1.0
      ]
    ],
    "location": [
      17.744213269374086,
      16.235354560521955,
      2.089622371674409
    ],
    "rotation": [
      -0.0011129470079317052,
      0.0008630919375505497,
      -1.5516171404033596
    ]
  },
  {
    "label_id": "-r18nvGJT_LauvErk1VSrg",
    "size": [
      0.7208473821763776,
      2.0829883357271277,
      1.9099999999999682
    ],
    "obj_class": "vehicle",
    "point_num_in_lidar": 48,
    "speed": 5.684341886080801e-13,
    "if_vehicle": true,
    "motion_state": false,
    "pose": [
      [
        -0.0009777883913516551,
        1.0001297598589953,
        0.0011355002690662827,
        31.485288678175493
      ],
      [
        -1.0001296585304738,
        -0.0009764374359306502,
        -0.0008551930169945027,
        49.96603182844956
      ],
      [
        -0.0008404852431818075,
        -0.0011301172643895404,
        0.9999998549740969,
        1.8258470886512441
      ],
      [
        0.0,
        0.0,
        0.0,
        1.0
      ]
    ],
    "location": [
      31.485288678175493,
      49.96603182844956,
      1.8258470886512441
    ],
    "rotation": [
      -0.0011301169471705833,
      0.0008404846304448478,
      -1.571773988112588
    ]
  },
  {
    "label_id": "0VCoeT-jjrIfzTCsOWz20A",
    "size": [
      0.7544329631618882,
      1.043993850799436,
      0.9800000000000182
    ],
    "obj_class": "sign",
    "point_num_in_lidar": 178,
    "speed": 5.687116766346677e-13,
    "if_vehicle": false,
    "motion_state": false,
    "pose": [
      [
        -0.10288122357944901,
        0.9948245807480561,
        0.0011355002690662827,
        11.692034577412414
      ],
      [
        -0.9948246176029477,
        -0.10287986933067716,
        -0.0008551930169945027,
        11.077785658495486
      ],
      [
        -0.0007209569847884935,
        -0.001209876647167951,
        0.9999998549740969,
        0.7167127426125717
      ],
      [
        0.0,
        0.0,
        0.0,
        1.0
      ]
    ],
    "location": [
      11.692034577412414,
      11.077785658495486,
      0.7167127426125717
    ],
    "rotation": [
      -0.0012098762322919406,
      0.000720956436764836,
      -1.673846439623684
    ]
  },
  {
    "label_id": "0_HBXNo3olLueqYvkPohlg",
    "size": [
      1.7479682991906946,
      3.9316593479287927,
      1.7000000000000455
    ],
    "obj_class": "vehicle",
    "point_num_in_lidar": 50,
    "speed": 1.7763568394002505e-14,
    "if_vehicle": true,
    "motion_state": false,
    "pose": [
      [
        0.9998862469304226,
        -0.022090401199254903,
        0.0011355002690662827,
        56.57756348679504
      ],
      [
        0.022091749458144145,
        0.9998861144691564,
        -0.0008551930169945027,
        -6.0365916970295075
      ],
      [
        -0.001110430879304955,
        0.0008663277310369909,
        0.9999998549740969,
        1.0278955624405626
      ],
      [
        0.0,
        0.0,
        0.0,
        1.0
      ]
    ],
    "location": [
      56.57756348679504,
      -6.0365916970295075,
      1.0278955624405626
    ],
    "rotation": [
      0.0008663276399437984,
      0.0011104301672364661,
      0.022090668648719877
    ]
  },
  {
    "label_id": "1nDCER_bA9py1ZPpNXecog",
    "size": [
      0.7354650318024749,
      0.47864826564817664,
      0.8600000000000136
    ],
    "obj_class": "sign",
    "point_num_in_lidar": 318,
    "speed": 0.0035796725829537776,
    "if_vehicle": false,
    "motion_state": false,
    "pose": [
      [
        1.0001204906207606,
        0.004415525590356,
        0.0011355002690662827,
        -0.7279366022539762
      ],
      [
        -0.0044141742946194745,
        1.0001203939364725,
        -0.0008551930169945027,
        5.119269483098833
      ],
      [
        -0.0011329995855609502,
        0.0008365957293677725,
        0.9999998549740969,
        0.8393426585057568
      ],
      [
        0.0,
        0.0,
        0.0,
        1.0
      ]
    ],
    "location": [
      -0.7279366022539762,
      5.119269483098833,
      0.8393426585057568
    ],
    "rotation": [
      0.00083659565552017,
      0.0011329988685810479,
      -0.004413613832825682
    ]
  },
  {
    "label_id": "2-A6zakvKX2opVnyx9gplQ",
    "size": [
      0.7707275497538805,
      1.107612320671707,
      1.7999999999999545
    ],
    "obj_class": "pedestrian",
    "point_num_in_lidar": 74,
    "speed": 1.7379056398010035,
    "if_vehicle": false,
    "motion_state": true,
    "pose": [
      [
        -0.012298290994059205,
        -1.0000546208404695,
        0.0011355002690662827,
        31.61692479753765
      ],
      [
        1.0000545015879276,
        -0.012299640485389464,
        -0.0008551930169945027,
        -1.8584698917948117
      ],
      [
        0.000855412673104005,
        0.0011188608644379064,
        0.9999998549740969,
        1.005918032154682
      ],
      [
        0.0,
        0.0,
        0.0,
        1.0
      ]
    ],
    "location": [
      31.61692479753765,
      -1.8584698917948117,
      1.005918032154682
    ],
    "rotation": [
      0.0011188605598200301,
      -0.0008554120530937149,
      1.5830933276762291
    ]
  },
  {
    "label_id": "2SYmRAjI0pCOwp2XYemMBQ",
    "size": [
      0.9588610015812896,
      0.6083173834498694,
      1.67999999999995
    ],
    "obj_class": "pedestrian",
    "point_num_in_lidar": 328,
    "speed": 0.002489543163146667,
    "if_vehicle": false,
    "motion_state": false,
    "pose": [
      [
        0.997833387316493,
        0.06774233375256336,
        0.0011355002690662827,
        11.797543453894832
      ],
      [
        -0.06774097904636822,
        0.9978333764011844,
        -0.0008551930169945027,
        7.224570270456752
      ],
      [
        -0.001183705357707727,
        0.0007631658413554015,
        0.9999998549740969,
        0.8904017941840721
      ],
      [
        0.0,
        0.0,
        0.0,
        1.0
      ]
    ],
    "location": [
      11.797543453894832,
      7.224570270456752,
      0.8904017941840721
    ],
    "rotation": [
      0.0007631658038726692,
      0.001183704631815426,
      -0.06778405971064098
    ]
  },
  {
    "label_id": "3mqY30kFisxCydiO2pKjPA",
    "size": [
      0.8321203191369863,
      1.0700067716390604,
      1.7200000000000273
    ],
    "obj_class": "pedestrian",
    "point_num_in_lidar": 60,
    "speed": 1.6255931800013665,
    "if_vehicle": false,
    "motion_state": true,
    "pose": [
      [
        0.09353715891930732,
        0.9957466005601295,
        0.0011355002690662827,
        32.96548506594809
      ],
      [
        -0.9957463720220471,
        0.09353849425385878,
        -0.0008551930169945027,
        -1.6743442267506907
      ],
      [
        -0.00094351826141081,
        -0.0010456355797609403,
        0.9999998549740969,
        0.9537871269405969
      ],
      [
        0.0,
        0.0,
        0.0,
        1.0
      ]
    ],
    "location": [
      32.96548506594809,
      -1.6743442267506907,
      0.9537871269405969
    ],
    "rotation": [
      -0.001045635350322091,
      0.000943517602464762,
      -1.4771344449149197
    ]
  },
  {
    "label_id": "4BPsEUa8pjB_nYeEbm-YSA",
    "size": [
      0.8876985042486273,
      1.0727947770953707,
      1.7511702127660556
    ],
    "obj_class": "pedestrian",
    "point_num_in_lidar": 186,
    "speed": 1.206847614819686,
    "if_vehicle": false,
    "motion_state": true,
    "pose": [
      [
        0.1355851100617539,
        0.9908971543784411,
        0.0011355002690662827,
        8.940422611771282
      ],
      [
        -0.9908968695447674,
        0.13558643453062777,
        -0.0008551930169945027,
        22.32899302239457
      ],
      [
        -0.0009869159069737878,
        -0.0010047773225146858,
        0.9999998549740969,
        1.3253105840420858
      ],
      [
        0.0,
        0.0,
        0.0,
        1.0
      ]
    ],
    "location": [
      8.940422611771282,
      22.32899302239457,
      1.3253105840420858
    ],
    "rotation": [
      -0.0010047771300999882,
      0.0009869152314991544,
      -1.4348101065964007
    ]
  },
  {
    "label_id": "8IZ7fkXm0FDeUdEuJAqSlA",
    "size": [
      0.7446914889100804,
      1.0496260774128139,
      1.7300000000000182
    ],
    "obj_class": "pedestrian",
    "point_num_in_lidar": 21,
    "speed": 0.004006739700966238,
    "if_vehicle": false,
    "motion_state": false,
    "pose": [
      [
        -0.9976668170343762,
        -0.07015279619692012,
        0.0011355002690662827,
        28.419284761190283
      ],
      [
        0.07015144146830823,
        -0.9976668093919266,
        -0.0008551930169945027,
        8.261681346340993
      ],
      [
        0.0011855456314424,
        -0.0007603039070302883,
        0.9999998549740969,
        1.093091587292065
      ],
      [
        0.0,
        0.0,
        0.0,
        1.0
      ]
    ],
    "location": [
      28.419284761190283,
      8.261681346340993,
      1.093091587292065
    ],
    "rotation": [
      -0.0007603038707931118,
      -0.0011855449052830837,
      3.071392696883025
    ]
  },
  {
    "label_id": "8k1Wkk08druqr8A5YTrqFQ",
    "size": [
      2.1684109006720287,
      4.238163060626746,
      1.7100000000000364
    ],
    "obj_class": "vehicle",
    "point_num_in_lidar": 238,
    "speed": 8.543149943144391e-13,
    "if_vehicle": true,
    "motion_state": false,
    "pose": [
      [
        1.00004207571716,
        -0.013279285412418233,
        0.0011355002690662827,
        38.78092836592623
      ],
      [
        0.013280634786118706,
        1.000041955140896,
        -0.0008551930169945027,
        2.434997890553859
      ],
      [
        -0.0011180212118360815,
        0.0008565098044752672,
        0.9999998549740969,
        0.9699979189846317
      ],
      [
        0.0,
        0.0,
        0.0,
        1.0
      ]
    ],
    "location": [
      38.78092836592623,
      2.434997890553859,
      0.9699979189846317
    ],
    "rotation": [
      0.0008565097192436142,
      0.0011180204980520863,
      0.013279295406738915
    ]
  },
  {
    "label_id": "A4kzX4tBck4XcFuUOPA6Lg",
    "size": [
      0.7530091452426775,
      1.132073132049114,
      1.8246200607903802
    ],
    "obj_class": "pedestrian",
    "point_num_in_lidar": 145,
    "speed": 2.3784955636031534e-06,
    "if_vehicle": false,
    "motion_state": false,
    "pose": [
      [
        0.7075309528562885,
        -0.706866637617042,
        0.0011355002690662827,
        14.800831162096074
      ],
      [
        0.7068675207149273,
        0.7075299254877352,
        -0.0008551930169945027,
        -10.80003903148463
      ],
      [
        -0.00020409290632888877,
        0.0013935302511477478,
        0.9999998549740969,
        0.7521669555268318
      ],
      [
        0.0,
        0.0,
        0.0,
        1.0
      ]
    ],
    "location": [
      14.800831162096074,
      -10.80003903148463,
      0.7521669555268318
    ],
    "rotation": [
      0.0013935295512019494,
      0.00020409273492738662,
      0.7849291073958313
    ]
  },
  {
    "label_id": "AWjsPzPKZ7MTv8Ta3AXBbQ",
    "size": [
      2.106078352137214,
      4.515543669845269,
      1.4600000000000364
    ],
    "obj_class": "vehicle",
    "point_num_in_lidar": 97,
    "speed": 2.847716647714797e-13,
    "if_vehicle": true,
    "motion_state": false,
    "pose": [
      [
        0.9962607013712895,
        -0.08789259086485131,
        0.0011355002690662827,
        44.89225538834944
      ],
      [
        0.08789392747312344,
        0.996260480404446,
        -0.0008551930169945027,
        -6.917366334489998
      ],
      [
        -0.0010509658674486837,
        0.0009375773145375894,
        0.9999998549740969,
        0.8343099876821043
      ],
      [
        0.0,
        0.0,
        0.0,
        1.0
      ]
    ],
    "location": [
      44.89225538834944,
      -6.917366334489998,
      0.8343099876821043
    ],
    "rotation": [
      0.0009375771757844703,
      0.0010509651709994187,
      0.08799599071145123
    ]
  },
  {
    "label_id": "Aof9zDLMpOMBf2RZkTgB1g",
    "size": [
      0.6466332595231519,
      2.732983268659154,
      3.449999999999932
    ],
    "obj_class": "vehicle",
    "point_num_in_lidar": 109,
    "speed": 1.0658141036401503e-13,
    "if_vehicle": true,
    "motion_state": false,
    "pose": [
      [
        -0.049296676521379236,
        -0.9989145760823078,
        0.0011355002690662827,
        31.202282628077228
      ],
      [
        0.9989144069738032,
        -0.04929802067551211,
        -0.0008551930169945027,
        58.68852079512362
      ],
      [
        0.0008962299995270914,
        0.0010864401793128544,
        0.9999998549740969,
        2.6297984345876557
      ],
      [
        0.0,
        0.0,
        0.0,
        1.0
      ]
    ],
    "location": [
      31.202282628077228,
      58.68852079512362,
      2.6297984345876557
    ],
    "rotation": [
      0.001086439909414254,
      -0.0008962293606117221,
      1.6201065727350392
    ]
  },
  {
    "label_id": "CB379cbEIKwW6eAs4wK6mw",
    "size": [
      0.962850138884656,
      0.8106594422164695,
      1.7300000000000182
    ],
    "obj_class": "pedestrian",
    "point_num_in_lidar": 28,
    "speed": 1.5170484584302133,
    "if_vehicle": false,
    "motion_state": true,
    "pose": [
      [
        0.9866960552571732,
        0.1633749894129562,
        0.0011355002690662827,
        64.9735798752863
      ],
      [
        -0.16337363993438836,
        0.9866961746540508,
        -0.0008551930169945027,
        -19.592060511811724
      ],
      [
        -0.0012516026405873784,
        0.0006458105800870555,
        0.9999998549740969,
        1.1780044820092144
      ],
      [
        0.0,
        0.0,
        0.0,
        1.0
      ]
    ],
    "location": [
      64.9735798752863,
      -19.592060511811724,
      1.1780044820092144
    ],
    "rotation": [
      0.0006458105839632945,
      0.0012516019075501368,
      -0.1640877486379181
    ]
  },
  {
    "label_id": "DMyvJcDBgX_UfZY7i4gQUg",
    "size": [
      2.201017544722988,
      5.031357921109429,
      1.7300000000000182
    ],
    "obj_class": "vehicle",
    "point_num_in_lidar": 6898,
    "speed": 5.709267256288867e-13,
    "if_vehicle": true,
    "motion_state": false,
    "pose": [
      [
        0.9990195366614678,
        -0.047121735902406335,
        0.0011355002690662827,
        2.3001343326232018
      ],
      [
        0.04712308042153429,
        0.9990193704798391,
        -0.0008551930169945027,
        -3.526007630774984
      ],
      [
        -0.00108838886463072,
        0.000893862492011792,
        0.9999998549740969,
        0.852657850012065
      ],
      [
        0.0,
        0.0,
        0.0,
        1.0
      ]
    ],
    "location": [
      2.3001343326232018,
      -3.526007630774984,
      0.852657850012065
    ],
    "rotation": [
      0.0008938623835825929,
      0.0010883881579050606,
      0.047134391783802465
    ]
  },
  {
    "label_id": "GZswbdmDQZSe88ajnioK_g",
    "size": [
      1.1505740821373556,
      4.713684939172988,
      4.259999999999991
    ],
    "obj_class": "vehicle",
    "point_num_in_lidar": 131,
    "speed": 5.709267256288867e-13,
    "if_vehicle": true,
    "motion_state": false,
    "pose": [
      [
        0.038963583560721854,
        0.9993709680503317,
        0.0011355002690662827,
        30.942577984707896
      ],
      [
        -0.9993708128516847,
        0.038964929391840195,
        -0.0008551930169945027,
        40.37617580037113
      ],
      [
        -0.0008849464534912667,
        -0.0010956506056818073,
        0.9999998549740969,
        2.8291327359688694
      ],
      [
        0.0,
        0.0,
        0.0,
        1.0
      ]
    ],
    "location": [
      30.942577984707896,
      40.37617580037113,
      2.8291327359688694
    ],
    "rotation": [
      -0.0010956503261549929,
      0.0008849458196555811,
      -1.5318279493433316
    ]
  },
  {
    "label_id": "NeHt8l-Xg_tze4fm4Zzhag",
    "size": [
      0.8686749354366606,
      0.8296750162009441,
      1.82000000000005
    ],
    "obj_class": "pedestrian",
    "point_num_in_lidar": 514,
    "speed": 2.9777166713245524e-13,
    "if_vehicle": false,
    "motion_state": false,
    "pose": [
      [
        0.9580392950158619,
        0.2870909295523983,
        0.0011355002690662827,
        1.4401489495612623
      ],
      [
        -0.28708960608224304,
        0.9580395844545729,
        -0.0008551930169945027,
        10.61975393895591
      ],
      [
        -0.0013233494225411376,
        0.00048200288498899835,
        0.9999998549740969,
        1.2834299403476734
      ],
      [
        0.0,
        0.0,
        0.0,
        1.0
      ]
    ],
    "location": [
      1.4401489495612623,
      10.61975393895591,
      1.2834299403476734
    ],
    "rotation": [
      0.0004820029175645082,
      0.0013233486882302044,
      -0.29114823974832604
    ]
  },
  {
    "label_id": "Nx3jDnV5BFvG2rNbAk93sw",
    "size": [
      0.769854686413481,
      0.8128752011552611,
      1.0900000000000318
    ],
    "obj_class": "sign",
    "point_num_in_lidar": 107,
    "speed": 0.011148010572280783,
    "if_vehicle": false,
    "motion_state": false,
    "pose": [
      [
        -0.0035681956268301712,
        1.0001238726306452,
        0.0011355002690662827,
        12.095902509305233
      ],
      [
        -1.0001237748015384,
        -0.003566844413491983,
        -0.0008551930169945027,
        14.600515460551833
      ],
      [
        -0.000837555336158923,
        -0.0011322903930306022,
        0.9999998549740969,
        0.8375406526092775
      ],
      [
        0.0,
        0.0,
        0.0,
        1.0
      ]
    ],
    "location": [
      12.095902509305233,
      14.600515460551833,
      0.8375406526092775
    ],
    "rotation": [
      -0.001132290073346023,
      0.0008375547248716405,
      -1.5743640656859712
    ]
  },
  {
    "label_id": "OkBzhxzagapiYam_4NK-9A",
    "size": [
      0.9161349937321885,
      0.864239601718528,
      1.8799999999999955
    ],
    "obj_class": "pedestrian",
    "point_num_in_lidar": 120,
    "speed": 0.1908961494431807,
    "if_vehicle": false,
    "motion_state": false,
    "pose": [
      [
        -0.9826125474906623,
        -0.18636811460027408,
        0.0011355002690662827,
        29.96360379001635
      ],
      [
        0.186366768277298,
        -0.9826126983630041,
        -0.0008551930169945027,
        -11.680680917232166
      ],
      [
        0.0012663400138918724,
        -0.0006164117491531203,
        0.9999998549740969,
        0.9310965461729666
      ],
      [
        0.0,
        0.0,
        0.0,
        1.0
      ]
    ],
    "location": [
      29.96360379001635,
      -11.680680917232166,
      0.9310965461729666
    ],
    "rotation": [
      -0.0006164117604774772,
      -0.0012663392800551152,
      2.954154487563084
    ]
  },
  {
    "label_id": "WrQ9WB5nz7yw3pLq2Sx4JA",
    "size": [
      1.9338659153476874,
      4.5722265271665545,
      1.5399999999999636
    ],
    "obj_class": "vehicle",
    "point_num_in_lidar": 1477,
    "speed": 8.881784197001252e-14,
    "if_vehicle": true,
    "motion_state": false,
    "pose": [
      [
        0.9997135785299868,
        -0.02886613116643929,
        0.0011355002690662827,
        3.9391482354330947
      ],
      [
        0.028867478496675602,
        0.9997134369346008,
        -0.0008551930169945027,
        -7.48135255913985
      ],
      [
        -0.0011045342690634292,
        0.0008738332356589543,
        0.9999998549740969,
        0.6174325100624856
      ],
      [
        0.0,
        0.0,
        0.0,
        1.0
      ]
    ],
    "location": [
      3.9391482354330947,
      -7.48135255913985,
      0.6174325100624856
    ],
    "rotation": [
      0.0008738331399722536,
      0.0011045335583718225,
      0.028867727525142422
    ]
  },
  {
    "label_id": "X8OBaKk4dxIT8dFfdO_PYQ",
    "size": [
      2.163372976580992,
      5.267996842103457,
      2.6200000000000045
    ],
    "obj_class": "vehicle",
    "point_num_in_lidar": 68,
    "speed": 5.728578676879116e-13,
    "if_vehicle": true,
    "motion_state": false,
    "pose": [
      [
        0.9994499794483771,
        0.03688131242769123,
        0.0011355002690662827,
        79.20648300178618
      ],
      [
        -0.036879958705445845,
        0.9994499266837898,
        -0.0008551930169945027,
        2.1854113936060457
      ],
      [
        -0.0011595617934640227,
        0.0007993728306717551,
        0.9999998549740969,
        1.8009151940415222
      ],
      [
        0.0,
        0.0,
        0.0,
        1.0
      ]
    ],
    "location": [
      79.20648300178618,
      2.1854113936060457,
      1.8009151940415222
    ],
    "rotation": [
      0.000799372776335937,
      0.001159561071443804,
      -0.036883520123728454
    ]
  },
  {
    "label_id": "YZp0XjCF9MO6a2x7szWEXA",
    "size": [
      1.9473680660204533,
      3.8082084000475307,
      1.509999999999991
    ],
    "obj_class": "vehicle",
    "point_num_in_lidar": 115,
    "speed": 1.1390866590859189e-12,
    "if_vehicle": true,
    "motion_state": false,
    "pose": [
      [
        0.9982167126857556,
        -0.06183758679471189,
        0.0011355002690662827,
        40.33791436673164
      ],
      [
        0.061838928719107324,
        0.9982165267101228,
        -0.0008551930169945027,
        -7.056325494018893
      ],
      [
        -0.0010750992615952092,
        0.0009098033045637475,
        0.9999998549740969,
        0.8435879912766495
      ],
      [
        0.0,
        0.0,
        0.0,
        1.0
      ]
    ],
    "location": [
      40.33791436673164,
      -7.056325494018893,
      0.8435879912766495
    ],
    "rotation": [
      0.0009098031854813429,
      0.0010750985583470641,
      0.061870335955961205
    ]
  },
  {
    "label_id": "ZyK_iICxQsEYdJLxMFTw7w",
    "size": [
      0.9212612327095075,
      0.9766455606441014,
      1.740000000000009
    ],
    "obj_class": "pedestrian",
    "point_num_in_lidar": 90,
    "speed": 1.61991420339662,
    "if_vehicle": false,
    "motion_state": true,
    "pose": [
      [
        0.7482604757615873,
        0.6636013509922905,
        0.0011355002690662827,
        25.572793581051883
      ],
      [
        -0.6636002722226696,
        0.7482612952761536,
        -0.0008551930169945027,
        -15.510149559293495
      ],
      [
        -0.001403304132238833,
        -0.000119657794226252,
        0.9999998549740969,
        0.7759971728235087
      ],
      [
        0.0,
        0.0,
        0.0,
        1.0
      ]
    ],
    "location": [
      25.572793581051883,
      -15.510149559293495,
      0.7759971728235087
    ],
    "rotation": [
      -0.00011965781100864766,
      0.001403303404550707,
      -0.7255063127965719
    ]
  },
  {
    "label_id": "aANSRZ5XPxs8mHhsbxTcGg",
    "size": [
      0.8077633193168796,
      0.8146921552102152,
      1.07000000000005
    ],
    "obj_class": "sign",
    "point_num_in_lidar": 41,
    "speed": 8.533911106286719e-13,
    "if_vehicle": false,
    "motion_state": false,
    "pose": [
      [
        -0.010018915529970092,
        -1.0000800537743733,
        0.0011355002690662827,
        32.098649019120785
      ],
      [
        1.0000799375979272,
        -0.010020265289597796,
        -0.0008551930169945027,
        -28.770719192873003
      ],
      [
        0.0008528603222641991,
        0.0011208076311236832,
        0.9999998549740969,
        0.3657821908693677
      ],
      [
        0.0,
        0.0,
        0.0,
        1.0
      ]
    ],
    "location": [
      32.098649019120785,
      -28.770719192873003,
      0.3657821908693677
    ],
    "rotation": [
      0.0011208073243468386,
      -0.0008528597034841145,
      1.5808141063729344
    ]
  },
  {
    "label_id": "brLOJzgVMhP_-kdQzIa7ng",
    "size": [
      0.7639133669209824,
      0.9683006691135629,
      1.740000000000009
    ],
    "obj_class": "pedestrian",
    "point_num_in_lidar": 53,
    "speed": 2.6990310230633967,
    "if_vehicle": false,
    "motion_state": true,
    "pose": [
      [
        0.027760201109184177,
        0.9997448993919038,
        0.0011355002690662827,
        33.44754058973558
      ],
      [
        -0.9997447592870605,
        0.027761548595233193,
        -0.0008551930169945027,
        -23.55455769808941
      ],
      [
        -0.0008726108328770832,
        -0.001105500253108629,
        0.9999998549740969,
        0.790930847605182
      ],
      [
        0.0,
        0.0,
        0.0,
        1.0
      ]
    ],
    "location": [
      33.44754058973558,
      -23.55455769808941,
      0.790930847605182
    ],
    "rotation": [
      -0.0011054999630796527,
      0.0008726102047235759,
      -1.543036171443244
    ]
  },
  {
    "label_id": "dWu2dkV959ZVbiXuXYme9A",
    "size": [
      1.987699467092911,
      4.6193943709231275,
      1.4600000000000364
    ],
    "obj_class": "vehicle",
    "point_num_in_lidar": 4131,
    "speed": 8.881784197001252e-14,
    "if_vehicle": true,
    "motion_state": false,
    "pose": [
      [
        0.999929041712531,
        0.020060014097932524,
        0.0011355002690662827,
        1.6189795424215845
      ],
      [
        -0.020058661455096168,
        0.9999289661785872,
        -0.0008551930169945027,
        3.2232138969848165
      ],
      [
        -0.0011459479374935357,
        0.0008187696866836182,
        0.9999998549740969,
        0.756259913149961
      ],
      [
        0.0,
        0.0,
        0.0,
        1.0
      ]
    ],
    "location": [
      1.6189795424215845,
      3.2232138969848165,
      0.756259913149961
    ],
    "rotation": [
      0.0008187696224631314,
      0.0011459472179555946,
      -0.0200573947609543
    ]
  },
  {
    "label_id": "dv8sizFeYUT8pYvd3AJspA",
    "size": [
      0.7534326255224584,
      0.8617267602349281,
      0.7999999999999545
    ],
    "obj_class": "sign",
    "point_num_in_lidar": 54,
    "speed": 4.255470838100832e-29,
    "if_vehicle": false,
    "motion_state": false,
    "pose": [
      [
        -0.0021537862202440474,
        1.0001279187337324,
        0.0011355002690662827,
        11.993942160670485
      ],
      [
        -1.0001278189937963,
        -0.002152435146610173,
        -0.0008551930169945027,
        38.420553210629805
      ],
      [
        -0.000839155818365783,
        -0.0011311047642815978,
        0.9999998549740969,
        1.253988691544805
      ],
      [
        0.0,
        0.0,
        0.0,
        1.0
      ]
    ],
    "location": [
      11.993942160670485,
      38.420553210629805,
      1.253988691544805
    ],
    "rotation": [
      -0.0011311044459435522,
      0.0008391552062857115,
      -1.5729498344264983
    ]
  },
  {
    "label_id": "eTLt3z7Tt1__uHa0Pj96uQ",
    "size": [
      0.5969024159007622,
      0.5832202862830158,
      0.9800000000000182
    ],
    "obj_class": "sign",
    "point_num_in_lidar": 85,
    "speed": 2.5585089000282873e-12,
    "if_vehicle": false,
    "motion_state": false,
    "pose": [
      [
        0.9986370898868068,
        -0.054630168663108256,
        0.0011355002690662827,
        1.7322238762480993
      ],
      [
        0.054631511895038516,
        0.9986369136029424,
        -0.0008551930169945027,
        5.192517336618039
      ],
      [
        -0.0010816388287314966,
        0.0009020188021643653,
        0.9999998549740969,
        0.7174058294716588
      ],
      [
        0.0,
        0.0,
        0.0,
        1.0
      ]
    ],
    "location": [
      1.7322238762480993,
      5.192517336618039,
      0.7174058294716588
    ],
    "rotation": [
      0.0009020186883415881,
      0.0010816381237482569,
      0.054651595197395465
    ]
  },
  {
    "label_id": "hVOvDRfPPYheooNcglGZfw",
    "size": [
      1.9687754390427916,
      4.426137945390364,
      1.5
    ],
    "obj_class": "vehicle",
    "point_num_in_lidar": 55,
    "speed": 1.422084321207637e-12,
    "if_vehicle": true,
    "motion_state": false,
    "pose": [
      [
        0.9946346074653847,
        -0.10470191143398744,
        0.0011355002690662827,
        51.00903801028471
      ],
      [
        0.10470324412068802,
        0.9946343639614268,
        -0.0008551930169945027,
        -6.6161286284059315
      ],
      [
        -0.0010349850577374457,
        0.0009551891988176455,
        0.9999998549740969,
        0.8471909505224176
      ],
      [
        0.0,
        0.0,
        0.0,
        1.0
      ]
    ],
    "location": [
      51.00903801028471,
      -6.6161286284059315,
      0.8471909505224176
    ],
    "rotation": [
      0.0009551890468443277,
      0.0010349843661280433,
      0.10488177575947842
    ]
  },
  {
    "label_id": "iYoNqzfcHozgqJVHl7Yxnw",
    "size": [
      1.972967373819462,
      3.9732415768768115,
      1.57000000000005
    ],
    "obj_class": "vehicle",
    "point_num_in_lidar": 23,
    "speed": 1.7763568394002505e-14,
    "if_vehicle": true,
    "motion_state": false,
    "pose": [
      [
        0.9993659175264517,
        0.039092908720940685,
        0.0011355002690662827,
        50.24420807833485
      ],
      [
        -0.0390915548852469,
        0.9993658677576506,
        -0.0008551930169945027,
        2.4158450695213105
      ],
      [
        -0.0011613278894322067,
        0.0007968048747997287,
        0.9999998549740969,
        0.9645283534493956
      ],
      [
        0.0,
        0.0,
        0.0,
        1.0
      ]
    ],
    "location": [
      50.24420807833485,
      2.4158450695213105,
      0.9645283534493956
    ],
    "rotation": [
      0.0007968048217271401,
      0.0011613271671056615,
      -0.03909642566896217
    ]
  },
  {
    "label_id": "ifMXmnBpfdQ88ZpSpy5LIA",
    "size": [
      0.24340906766558248,
      0.052982123451976726,
      0.37999999999999545
    ],
    "obj_class": "sign",
    "point_num_in_lidar": 72,
    "speed": 0.001195219376767592,
    "if_vehicle": false,
    "motion_state": false,
    "pose": [
      [
        -0.6196811113280206,
        0.785019625798629,
        0.0011355002690662827,
        4.965526699777911
      ],
      [
        -0.7850203822182069,
        -0.6196799874163508,
        -0.0008551930169945027,
        4.8987863481106615
      ],
      [
        3.91332513399739e-05,
        -0.0014078526428278066,
        0.9999998549740969,
        0.8075825574707096
      ],
      [
        0.0,
        0.0,
        0.0,
        1.0
      ]
    ],
    "location": [
      4.965526699777911,
      4.8987863481106615,
      0.8075825574707096
    ],
    "rotation": [
      -0.001407851916859301,
      -3.913321821336221e-05,
      -2.2390293811480353
    ]
  },
  {
    "label_id": "iwVyTv3GqaEq5Lo6tx5S8A",
    "size": [
      0.8450336275335554,
      1.1945977308094293,
      1.810638297872515
    ],
    "obj_class": "pedestrian",
    "point_num_in_lidar": 94,
    "speed": 1.8387590625202839,
    "if_vehicle": false,
    "motion_state": true,
    "pose": [
      [
        -0.006307486523796382,
        1.0001103480314073,
        0.0011355002690662827,
        9.464060267106106
      ],
      [
        -1.0001102539035933,
        -0.00630613504757625,
        -0.0008551930169945027,
        31.49280302106854
      ],
      [
        -0.0008344508907580878,
        -0.0011345801805913555,
        0.9999998549740969,
        1.4962540392474466
      ],
      [
        0.0,
        0.0,
        0.0,
        1.0
      ]
    ],
    "location": [
      9.464060267106106,
      31.49280302106854,
      1.4962540392474466
    ],
    "rotation": [
      -0.0011345798582972223,
      0.0008344502810146862,
      -1.57710303435351
    ]
  },
  {
    "label_id": "jYdxjpZOYqJdSiBQI133Fw",
    "size": [
      0.7741745473973015,
      0.9953737697401499,
      1.009999999999991
    ],
    "obj_class": "sign",
    "point_num_in_lidar": 148,
    "speed": 0.0021236935491952868,
    "if_vehicle": false,
    "motion_state": false,
    "pose": [
      [
        -0.04771282368614336,
        0.9989914809855212,
        0.0011355002690662827,
        12.11317932615384
      ],
      [
        -0.9989914428978959,
        -0.04771146947148091,
        -0.0008551930169945027,
        12.648431348285158
      ],
      [
        -0.0007867566345232175,
        -0.0011681585822615771,
        0.9999998549740969,
        0.7535102526335322
      ],
      [
        0.0,
        0.0,
        0.0,
        1.0
      ]
    ],
    "location": [
      12.11317932615384,
      12.648431348285158,
      0.7535102526335322
    ],
    "rotation": [
      -0.0011681582203208105,
      0.0007867560494916377,
      -1.6185210537277421
    ]
  },
  {
    "label_id": "k7sk2VXkecnWsXdCfg3Wig",
    "size": [
      2.7717332013355986,
      3.9612899707604745,
      3.0399999999999636
    ],
    "obj_class": "vehicle",
    "point_num_in_lidar": 96,
    "speed": 2.864289338439558e-13,
    "if_vehicle": true,
    "motion_state": false,
    "pose": [
      [
        -0.028769511880933508,
        -0.9997163636811608,
        0.0011355002690662827,
        30.653873028566522
      ],
      [
        0.9997162222159908,
        -0.02877085922484832,
        -0.0008551930169945027,
        38.020366052043755
      ],
      [
        0.0008737264818394808,
        0.001104618717119208,
        0.9999998549740969,
        2.043431136196432
      ],
      [
        0.0,
        0.0,
        0.0,
        1.0
      ]
    ],
    "location": [
      30.653873028566522,
      38.020366052043755,
      2.043431136196432
    ],
    "rotation": [
      0.0011046184280388786,
      -0.0008737258531665806,
      1.5995660649627912
    ]
  },
  {
    "label_id": "kWKrXcZMJ7I5K4Z4z9GdSQ",
    "size": [
      0.7759135708028722,
      0.8012255748866434,
      1.75
    ],
    "obj_class": "pedestrian",
    "point_num_in_lidar": 48,
    "speed": 2.9777166713245524e-13,
    "if_vehicle": false,
    "motion_state": false,
    "pose": [
      [
        -0.0016043167313373264,
        -1.000128951082597,
        0.0011355002690662827,
        38.104010282790114
      ],
      [
        1.000128846266561,
        -0.0016056674206495003,
        -0.0008551930169945027,
        -10.038530125348188
      ],
      [
        0.0008434001413361161,
        0.0011279435610312683,
        0.9999998549740969,
        1.0257852311724491
      ],
      [
        0.0,
        0.0,
        0.0,
        1.0
      ]
    ],
    "location": [
      38.104010282790114,
      -10.038530125348188,
      1.0257852311724491
    ],
    "rotation": [
      0.001127943246267907,
      -0.0008433995271640649,
      1.5724004354667631
    ]
  },
  {
    "label_id": "kXyEv2zRlXCiI09I_nYVDA",
    "size": [
      3.3185533712113404,
      9.387806686727028,
      3.2899999999999636
    ],
    "obj_class": "vehicle",
    "point_num_in_lidar": 9292,
    "speed": 6.585949593572484,
    "if_vehicle": true,
    "motion_state": true,
    "pose": [
      [
        0.04795475864516825,
        0.998979896569012,
        0.0011355002690662827,
        18.12584659469576
      ],
      [
        -0.9989797292663046,
        0.04795610302525704,
        -0.0008551930169945027,
        6.064881239006354
      ],
      [
        -0.0008947697415899814,
        -0.0010876431330232722,
        0.9999998549740969,
        1.9279738280915808
      ],
      [
        0.0,
        0.0,
        0.0,
        1.0
      ]
    ],
    "location": [
      18.12584659469576,
      6.064881239006354,
      1.9279738280915808
    ],
    "rotation": [
      -0.0010876428618776504,
      0.0008947691033256006,
      -1.5228294130536257
    ]
  },
  {
    "label_id": "mOkkhCfy9ezsL1Xpiin0cg",
    "size": [
      1.8978085880561224,
      2.7584207193939223,
      2.3999999999999773
    ],
    "obj_class": "vehicle",
    "point_num_in_lidar": 147,
    "speed": 5.728578676879116e-13,
    "if_vehicle": true,
    "motion_state": false,
    "pose": [
      [
        -7.102530365553102e-05,
        -1.0001302353099601,
        0.0011355002690662827,
        30.916699880322994
      ],
      [
        1.0001301325647782,
        -7.237615207296422e-05,
        -0.0008551930169945027,
        47.861433471052806
      ],
      [
        0.0008416699091051396,
        0.0011292352453694584,
        0.9999998549740969,
        1.9030886220308503
      ],
      [
        0.0,
        0.0,
        0.0,
        1.0
      ]
    ],
    "location": [
      30.916699880322994,
      47.861433471052806,
      1.9030886220308503
    ],
    "rotation": [
      0.0011292349291481896,
      -0.0008416692957840706,
      1.5708673428569304
    ]
  },
  {
    "label_id": "pATADVHYfotd4mWyfa9wVw",
    "size": [
      0.8193768358459228,
      0.8601713234706458,
      1.8600000000000136
    ],
    "obj_class": "pedestrian",
    "point_num_in_lidar": 423,
    "speed": 0.009999076130056917,
    "if_vehicle": false,
    "motion_state": false,
    "pose": [
      [
        0.9915600025855955,
        -0.13064935475617176,
        0.0011355002690662827,
        9.835004784379635
      ],
      [
        0.13065068062692672,
        0.9915597243505149,
        -0.0008551930169945027,
        7.179765362177932
      ],
      [
        -0.0010096791161832916,
        0.0009819004825444425,
        0.9999998549740969,
        1.1472746872672133
      ],
      [
        0.0,
        0.0,
        0.0,
        1.0
      ]
    ],
    "location": [
      9.835004784379635,
      7.179765362177932,
      1.1472746872672133
    ],
    "rotation": [
      0.0009819003093860807,
      0.0010096784327769633,
      0.13100807421315316
    ]
  },
  {
    "label_id": "ra5n9KbC95TVzl8E7bqlfg",
    "size": [
      2.040134127960878,
      4.496278772972799,
      1.5399999999999636
    ],
    "obj_class": "vehicle",
    "point_num_in_lidar": 39,
    "speed": 4.30513629469667,
    "if_vehicle": true,
    "motion_state": true,
    "pose": [
      [
        -0.05090527533844236,
        0.9988338928813275,
        0.0011355002690662827,
        18.97974280251583
      ],
      [
        -0.9988338591218564,
        -0.05090392100897081,
        -0.0008551930169945027,
        68.0601343014223
      ],
      [
        -0.0007830192770058667,
        -0.0011706670265771088,
        0.9999998549740969,
        1.9255684420379566
      ],
      [
        0.0,
        0.0,
        0.0,
        1.0
      ]
    ],
    "location": [
      18.97974280251583,
      68.0601343014223,
      1.9255684420379566
    ],
    "rotation": [
      -0.0011706666615697698,
      0.0007830186939877464,
      -1.6217169775338653
    ]
  },
  {
    "label_id": "sJlmZW9yFdc8ca--Rhk7mw",
    "size": [
      0.7090852982533419,
      0.7666984204106138,
      1.7999999999999545
    ],
    "obj_class": "pedestrian",
    "point_num_in_lidar": 77,
    "speed": 0.005885887492384055,
    "if_vehicle": false,
    "motion_state": false,
    "pose": [
      [
