[
  {
    "label_id": "-ItvfksmEcYtVEcOjjRESg",
    "size": [
      2.9608186156914615,
      8.028851501939148,
      3.3508914890802544
    ],
    "obj_class": "vehicle",
    "point_num_in_lidar": 9057,
    "speed": 8.376983387271588,
    "if_vehicle": true,
    "motion_state": true,
    "pose": [
      [
        0.07668367469356861,
        0.9971865138589,
        -0.0006727555546391146,
        18.78322001176639
      ],
      [
        -0.99718633055433,
        0.07668403056868985,
        -1.6394368937792242e-05,
        -5.31680288390271
      ],
      [
        4.915031808275263e-05,
        0.0006769495433554001,
        1.000000616425936,
        1.7347448991233705
      ],
      [
        0.0,
        0.0,
        0.0,
        1.0
      ]
    ],
    "location": [
      18.78322001176639,
      -5.31680288390271,
      1.7347448991233705
    ],
    "rotation": [
      0.0006769490226601674,
      -4.915027648385772e-05,
      -1.4940473310091376
    ]
  },
  {
    "label_id": "-r18nvGJT_LauvErk1VSrg",
    "size": [
      0.7208473821763792,
      2.0829883357271277,
      1.9099999999999682
    ],
    "obj_class": "vehicle",
    "point_num_in_lidar": 53,
    "speed": 5.684341886080801e-13,
    "if_vehicle": true,
    "motion_state": false,
    "pose": [
      [
        -0.0010023592521325774,
        1.0001301538612384,
        -0.0006727555546391146,
        31.48528867817913
      ],
      [
        -1.000129998752302,
        -0.001001990214349839,
        -1.6394368937792242e-05,
        49.96603182844774
      ],
      [
        -3.5788017608808287e-06,
        0.0006787220566584518,
        1.000000616425936,
        1.8258470886511304
      ],
      [
        0.0,
        0.0,
        0.0,
        1.0
      ]
    ],
    "location": [
      31.48528867817913,
      49.96603182844774,
      1.8258470886511304
    ],
    "rotation": [
      0.0006787215340561966,
      3.5787987304905886e-06,
      -1.5717985554229474
    ]
  },
  {
    "label_id": "0VCoeT-jjrIfzTCsOWz20A",
    "size": [
      0.7544329631618888,
      1.043993850799436,
      0.9800000000000182
    ],
    "obj_class": "sign",
    "point_num_in_lidar": 196,
    "speed": 5.687116766346677e-13,
    "if_vehicle": false,
    "motion_state": false,
    "pose": [
      [
        -0.10290570669901802,
        0.9948224690442766,
        -0.0006727555546391146,
        11.692034577414233
      ],
      [
        -0.9948223523458787,
        -0.10290532377715757,
        -1.6394368937792242e-05,
        11.077785658495486
      ],
      [
        -7.27187638546837e-05,
        0.0006748247323566083,
        1.000000616425936,
        0.7167127426126854
      ],
      [
        0.0,
        0.0,
        0.0,
        1.0
      ]
    ],
    "location": [
      11.692034577414233,
      11.077785658495486,
      0.7167127426126854
    ],
    "rotation": [
      0.0006748242139418254,
      7.2718702343195e-05,
      -1.6738710226741327
    ]
  },
  {
    "label_id": "2-A6zakvKX2opVnyx9gplQ",
    "size": [
      0.7707275497524655,
      1.107612320671707,
      1.7999999999999545
    ],
    "obj_class": "pedestrian",
    "point_num_in_lidar": 84,
    "speed": 1.366892270686388,
    "if_vehicle": false,
    "motion_state": true,
    "pose": [
      [
        0.04765333099879178,
        -0.9989947394412516,
        -0.0006727555546391146,
        31.865607210806047
      ],
      [
        0.9989946017152872,
        0.04765295512750262,
        -1.6394368937792242e-05,
        2.689368700615887
      ],
      [
        3.5234569580267474e-05,
        -0.0006778163196052559,
        1.000000616425936,
        0.9059646177262266
      ],
      [
        0.0,
        0.0,
        0.0,
        1.0
      ]
    ],
    "location": [
      31.865607210806047,
      2.689368700615887,
      0.9059646177262266
    ],
    "rotation": [
      -0.0006778157979780028,
      -3.523453975221859e-05,
      1.523131167732312
    ]
  },
  {
    "label_id": "2OYKagQRfCdaOXgU5RkMBA",
    "size": [
      0.8627759996271258,
      0.6348824674672757,
      1.1499999999999773
    ],
    "obj_class": "sign",
    "point_num_in_lidar": 51,
    "speed": 0.002460917552013897,
    "if_vehicle": false,
    "motion_state": false,
    "pose": [
      [
        0.01535502795389521,
        1.0000127761699398,
        -0.0006727555546391146,
        30.413578764317208
      ],
      [
        -1.0000126150460908,
        0.015355394405491657,
        -1.6394368937792242e-05,
        12.415805291073411
      ],
      [
        7.522260624383577e-06,
        0.0006786898066214176,
        1.000000616425936,
        0.6844732045382216
      ],
      [
        0.0,
        0.0,
        0.0,
        1.0
      ]
    ],
    "location": [
      30.413578764317208,
      12.415805291073411,
      0.6844732045382216
    ],
    "rotation": [
      0.0006786892840538978,
      -7.5222542548805156e-06,
      -1.5554426991134722
    ]
  },
  {
    "label_id": "2SYmRAjI0pCOwp2XYemMBQ",
    "size": [
      0.958861001581289,
      0.6083173834498694,
      1.67999999999995
    ],
    "obj_class": "pedestrian",
    "point_num_in_lidar": 350,
    "speed": 0.0024895431220790304,
    "if_vehicle": false,
    "motion_state": false,
    "pose": [
      [
        0.9978321401366947,
        0.06776687610329107,
        -0.0006727555546391146,
        11.801420089001113
      ],
      [
        -0.06776649753398846,
        0.9978320100100244,
        -1.6394368937792242e-05,
        7.230851424401408
      ],
      [
        0.0006769690443141812,
        4.888098870793137e-05,
        1.000000616425936,
        0.8796633495029482
      ],
      [
        0.0,
        0.0,
        0.0,
        1.0
      ]
    ],
    "location": [
      11.801420089001113,
      7.230851424401408,
      0.8796633495029482
    ],
    "rotation": [
      4.888095853750952e-05,
      -0.0006769685227892343,
      -0.06780960073383073
    ]
  },
  {
    "label_id": "3083QteOhZ_vSpxmP0XK-Q",
    "size": [
      0.8198295781744173,
      0.7789331854908985,
      1.2000000000000455
    ],
    "obj_class": "sign",
    "point_num_in_lidar": 42,
    "speed": 1.9915012144332625e-12,
    "if_vehicle": false,
    "motion_state": false,
    "pose": [
      [
        -0.036280743966771854,
        0.9994723793101,
        -0.0006727555546391146,
        28.956059697720775
      ],
      [
        -0.9994722373152861,
        -0.03628036968727719,
        -1.6394368937792242e-05,
        14.902581722366449
      ],
      [
        -2.7518099680829922e-05,
        0.0006781734234004429,
        1.000000616425936,
        0.7363255909368718
      ],
      [
        0.0,
        0.0,
        0.0,
        1.0
      ]
    ],
    "location": [
      28.956059697720775,
      14.902581722366449,
      0.7363255909368718
    ],
    "rotation": [
      0.0006781729013889098,
      2.751807638298685e-05,
      -1.6070802971693383
    ]
  },
  {
    "label_id": "45vGTk6HpmeCTR2Etiwq8w",
    "size": [
      0.7077057722273471,
      0.7957618448156345,
      1.07000000000005
    ],
    "obj_class": "sign",
    "point_num_in_lidar": 33,
    "speed": 2.2743611691451335e-12,
    "if_vehicle": false,
    "motion_state": false,
    "pose": [
      [
        -1.0000518974982573,
        0.012551163161634283,
        -0.0006727555546391146,
        41.394086939104454
      ],
      [
        -0.012551530063544303,
        -1.000051737402487,
        -1.6394368937792242e-05,
        4.351726368611708
      ],
      [
        -0.0006787082296639585,
        5.6193418772413204e-06,
        1.000000616425936,
        0.6758744546189064
      ],
      [
        0.0,
        0.0,
        0.0,
        1.0
      ]
    ],
    "location": [
      41.394086939104454,
      4.351726368611708,
      0.6758744546189064
    ],
    "rotation": [
      5.619338413276232e-06,
      0.0006787077070658803,
      -3.12904243384704
    ]
  },
  {
    "label_id": "4BPsEUa8pjB_nYeEbm-YSA",
    "size": [
      0.8876985042476502,
      1.0727947770953707,
      1.7511702127660556
    ],
    "obj_class": "pedestrian",
    "point_num_in_lidar": 215,
    "speed": 1.230528297872735,
    "if_vehicle": false,
    "motion_state": true,
    "pose": [
      [
        0.08729116545270064,
        0.9963139976034082,
        -0.0006727555546391146,
        9.361269159113363
      ],
      [
        -0.9963138105220756,
        0.08729151935698454,
        -1.6394368937792242e-05,
        18.84088601903204
      ],
      [
        5.6351478627195674e-05,
        0.000676388164350359,
        1.000000616425936,
        1.274537700122778
      ],
      [
        0.0,
        0.0,
        0.0,
        1.0
      ]
    ],
    "location": [
      9.361269159113363,
      18.84088601903204,
      1.274537700122778
    ],
    "rotation": [
      0.0006763876442582188,
      -5.635143094065723e-05,
      -1.4834053543911978
    ]
  },
  {
    "label_id": "8IZ7fkXm0FDeUdEuJAqSlA",
    "size": [
      0.7446914889100802,
      1.0496260774128139,
      1.7300000000000182
    ],
    "obj_class": "pedestrian",
    "point_num_in_lidar": 113,
    "speed": 0.001695205342349652,
    "if_vehicle": false,
    "motion_state": false,
    "pose": [
      [
        -0.9976655105664884,
        -0.07017733546297365,
        -0.0006727555546391146,
        28.419511119198432
      ],
      [
        0.07017695658040336,
        -0.9976653813547813,
        -1.6394368937792242e-05,
        8.270005323813166
      ],
      [
        -0.0006768489774218498,
        -5.05163318117685e-05,
        1.000000616425936,
        1.0751917917516494
      ],
      [
        0.0,
        0.0,
        0.0,
        1.0
      ]
    ],
    "location": [
      28.419511119198432,
      8.270005323813166,
      1.0751917917516494
    ],
    "rotation": [
      -5.051630062923978e-05,
      0.0006768484559710636,
      3.0713671563124563
    ]
  },
  {
    "label_id": "8k1Wkk08druqr8A5YTrqFQ",
    "size": [
      2.1684109006720287,
      4.238163060626746,
      1.7100000000000364
    ],
    "obj_class": "vehicle",
    "point_num_in_lidar": 194,
    "speed": 8.543149943144391e-13,
    "if_vehicle": true,
    "motion_state": false,
    "pose": [
      [
        1.0000428199400528,
        -0.013254722664834375,
        -0.0006727555546391146,
        38.78092836592987
      ],
      [
        0.013255089454022049,
        1.0000426595861975,
        -1.6394368937792242e-05,
        2.434997890557497
      ],
      [
        0.0006787041083473029,
        -6.096829439124452e-06,
        1.000000616425936,
        0.9699979189846317
      ],
      [
        0.0,
        0.0,
        0.0,
        1.0
      ]
    ],
    "location": [
      38.78092836592987,
      2.434997890557497,
      0.9699979189846317
    ],
    "rotation": [
      -6.096825680807433e-06,
      -0.0006787035857517654,
      0.01325374578280901
    ]
  },
  {
    "label_id": "A4kzX4tBck4XcFuUOPA6Lg",
    "size": [
      0.753009145241763,
      1.132073132049114,
      1.8246200607903802
    ],
    "obj_class": "pedestrian",
    "point_num_in_lidar": 243,
    "speed": 1.567360012631299,
    "if_vehicle": false,
    "motion_state": true,
    "pose": [
      [
        -0.255715595393614,
        -0.9668872031726682,
        -0.0006727555546391146,
        14.133138101526129
      ],
      [
        0.9668869585453298,
        -0.2557159122613034,
        -1.6394368937792242e-05,
        -8.433632378368202
      ],
      [
        -0.0001707357512790325,
        -0.0006569061890802243,
        1.000000616425936,
        0.8065157161902334
      ],
      [
        0.0,
        0.0,
        0.0,
        1.0
      ]
    ],
    "location": [
      14.133138101526129,
      -8.433632378368202,
      0.8065157161902334
    ],
    "rotation": [
      -0.0006569056896560172,
      0.00017073560753577845,
      1.8293496706835624
    ]
  },
  {
    "label_id": "AhVLDKKFO3nP9YBAG8x0pw",
    "size": [
      1.9318567274618785,
      4.066022807258439,
      1.509999999999991
    ],
    "obj_class": "vehicle",
    "point_num_in_lidar": 96,
    "speed": 2.929642751054232e-13,
    "if_vehicle": true,
    "motion_state": false,
    "pose": [
      [
        0.0289334861405234,
        -0.9997120499255429,
        -0.0006727555546391146,
        27.154289853151568
      ],
      [
        0.9997119051835519,
        0.02893311291482307,
        -1.6394368937792242e-05,
        27.835712820116896
      ],
      [
        2.2532675967011492e-05,
        -0.0006783573663862465,
        1.000000616425936,
        1.2749332609113253
      ],
      [
        0.0,
        0.0,
        0.0,
        1.0
      ]
    ],
    "location": [
      27.154289853151568,
      27.835712820116896,
      1.2749332609113253
    ],
    "rotation": [
      -0.0006783568441767046,
      -2.2532656889075836e-05,
      1.5418625794448861
    ]
  },
  {
    "label_id": "Aof9zDLMpOMBf2RZkTgB1g",
    "size": [
      0.6466332595231472,
      2.732983268659154,
      3.449999999999932
    ],
    "obj_class": "vehicle",
    "point_num_in_lidar": 110,
    "speed": 1.0658141036401503e-13,
    "if_vehicle": true,
    "motion_state": false,
    "pose": [
      [
        -0.0492721565275471,
        -0.9989162046827051,
        -0.0006727555546391146,
        31.202282628079047
      ],
      [
        0.9989160312195386,
        -0.04927251730198799,
        -1.6394368937792242e-05,
        58.68852079512544
      ],
      [
        -3.0542844680717807e-05,
        -0.0006780439312135537,
        1.000000616425936,
        2.6297984345876557
      ],
      [
        0.0,
        0.0,
        0.0,
        1.0
      ]
    ],
    "location": [
      31.202282628079047,
      58.68852079512544,
      2.6297984345876557
    ],
    "rotation": [
      -0.0006780434093413873,
      3.05428188229075e-05,
      1.6200820056914276
    ]
  },
  {
    "label_id": "AvH5yelBYncUXgWqCPLaoA",
    "size": [
      2.1575879953041373,
      4.5323268143472895,
      1.75
    ],
    "obj_class": "vehicle",
    "point_num_in_lidar": 81,
    "speed": 2.5021599010398368,
    "if_vehicle": true,
    "motion_state": true,
    "pose": [
      [
        0.914426034696806,
        0.4050757416277245,
        -0.0006727555546391146,
        18.2310716278771
      ],
      [
        -0.4050753413839263,
        0.9144260419472778,
        -1.6394368937792242e-05,
        71.06070262776666
      ],
      [
        0.0006193890215058309,
        0.00027754941551869257,
        1.000000616425936,
        2.004503507842742
      ],
      [
        0.0,
        0.0,
        0.0,
        1.0
      ]
    ],
    "location": [
      18.2310716278771,
      71.06070262776666,
      2.004503507842742
    ],
    "rotation": [
      0.0002775492373032692,
      -0.0006193885366338831,
      -0.41700342656328243
    ]
  },
  {
    "label_id": "DMyvJcDBgX_UfZY7i4gQUg",
    "size": [
      2.201017544722988,
      5.031357921109429,
      1.7300000000000182
    ],
    "obj_class": "vehicle",
    "point_num_in_lidar": 6732,
    "speed": 5.709267256288867e-13,
    "if_vehicle": true,
    "motion_state": false,
    "pose": [
      [
        0.9990211118733945,
        -0.047097212420924024,
        -0.0006727555546391146,
        2.3001515613141237
      ],
      [
        0.047097573572171605,
        0.9990209391961127,
        -1.6394368937792242e-05,
        -3.525941842885004
      ],
      [
        0.0006781088216819877,
        -2.9066543891325538e-05,
        1.000000616425936,
        0.8482864196364517
      ],
      [
        0.0,
        0.0,
        0.0,
        1.0
      ]
    ],
    "location": [
      2.3001515613141237,
      -3.525941842885004,
      0.8482864196364517
    ],
    "rotation": [
      -2.906652596577931e-05,
      -0.0006781082994535314,
      0.047108842382302736
    ]
  },
  {
    "label_id": "FaLjVnzgLbkn0NFfVlonZw",
    "size": [
      3.134141242359212,
      4.451840989787582,
      3.0799999999999272
    ],
    "obj_class": "vehicle",
    "point_num_in_lidar": 1147,
    "speed": 8.528363000094291e-13,
    "if_vehicle": true,
    "motion_state": false,
    "pose": [
      [
        -0.04776210860722531,
        -0.9989895446740004,
        -0.0006727555546391146,
        30.018098536911566
      ],
      [
        0.9989893717563897,
        -0.047762469643466025,
        -1.6394368937792242e-05,
        17.9216320836058
      ],
      [
        -2.951785828913344e-05,
        -0.0006780893260174071,
        1.000000616425936,
        1.830801193083289
      ],
      [
        0.0,
        0.0,
        0.0,
        1.0
      ]
    ],
    "location": [
      30.018098536911566,
      17.9216320836058,
      1.830801193083289
    ],
    "rotation": [
      -0.0006780888040963869,
      2.9517833298781735e-05,
      1.6185703749041553
    ]
  },
  {
    "label_id": "GZswbdmDQZSe88ajnioK_g",
    "size": [
      1.150574082137361,
      4.713684939172988,
      4.259999999999991
    ],
    "obj_class": "vehicle",
    "point_num_in_lidar": 190,
    "speed": 5.709267256288867e-13,
    "if_vehicle": true,
    "motion_state": false,
    "pose": [
      [
        0.038939048035674724,
        0.9993723429856615,
        -0.0006727555546391146,
        30.942577984709715
      ],
      [
        -0.9993721732627858,
        0.03893941058472345,
        -1.6394368937792242e-05,
        40.37617580037113
      ],
      [
        2.352909673579824e-05,
        0.0006783235360972797,
        1.000000616425936,
        2.829132735968983
      ],
      [
        0.0,
        0.0,
        0.0,
        1.0
      ]
    ],
    "location": [
      30.942577984709715,
      40.37617580037113,
      2.829132735968983
    ],
    "rotation": [
      0.0006783230139241586,
      -2.3529076814394378e-05,
      -1.5318525160356924
    ]
  },
  {
    "label_id": "NeHt8l-Xg_tze4fm4Zzhag",
    "size": [
      0.8686749354366576,
      0.8296750162009441,
      1.82000000000005
    ],
    "obj_class": "pedestrian",
    "point_num_in_lidar": 521,
    "speed": 2.9777166713245524e-13,
    "if_vehicle": false,
    "motion_state": false,
    "pose": [
      [
        0.9580326424084297,
        0.28711458595218914,
        -0.0006727555546391146,
        1.440207058469241
      ],
      [
        -0.28711418796284693,
        0.9580325993718085,
        -1.6394368937792242e-05,
        10.61997582832737
      ],
      [
        0.0006493239364745619,
        0.0001976230339254497,
        1.000000616425936,
        1.2686859819559686
      ],
      [
        0.0,
        0.0,
        0.0,
        1.0
      ]
    ],
    "location": [
      1.440207058469241,
      10.61997582832737,
      1.2686859819559686
    ],
    "rotation": [
      0.0001976229095328524,
      -0.0006493234322789587,
      -0.2911736934217761
    ]
  },
  {
    "label_id": "Nx3jDnV5BFvG2rNbAk93sw",
    "size": [
      0.7698546864134815,
      0.8128752011552611,
      1.0900000000000318
    ],
    "obj_class": "sign",
    "point_num_in_lidar": 123,
    "speed": 0.01014943725995983,
    "if_vehicle": false,
    "motion_state": false,
    "pose": [
      [
        -0.003592767425672486,
        1.0001242029912085,
        -0.0006727555546391146,
        12.06466284459384
      ],
      [
        -1.0001240488386276,
        -0.0035923979873839513,
        -1.6394368937792242e-05,
        14.608856649150766
      ],
      [
        -5.336730399031586e-06,
        0.0006787105106931589,
        1.000000616425936,
        0.8375427595126439
      ],
      [
        0.0,
        0.0,
        0.0,
        1.0
      ]
    ],
    "location": [
      12.06466284459384,
      14.608856649150766,
      0.8375427595126439
    ],
    "rotation": [
      0.0006787099881033396,
      5.336725880109637e-06,
      -1.5743886331446386
    ]
  },
  {
    "label_id": "WrQ9WB5nz7yw3pLq2Sx4JA",
    "size": [
      1.9338659153476878,
      4.5722265271665545,
      1.5399999999999636
    ],
    "obj_class": "vehicle",
    "point_num_in_lidar": 1750,
    "speed": 8.881784197001252e-14,
    "if_vehicle": true,
    "motion_state": false,
    "pose": [
      [
        0.9997147055417364,
        -0.02884158300395924,
        -0.0006727555546391146,
        3.9391482354349137
      ],
      [
        0.028841947249018927,
        0.9997145394899256,
        -1.6394368937792242e-05,
        -7.481352559138031
      ],
      [
        0.0006785266115298302,
        -1.6675594818991847e-05,
        1.000000616425936,
        0.6174325100624856
      ],
      [
        0.0,
        0.0,
        0.0,
        1.0
      ]
    ],
    "location": [
      3.9391482354349137,
      -7.481352559138031,
      0.6174325100624856
    ],
    "rotation": [
      -1.667558453818335e-05,
      -0.0006785260890437201,
      0.028842177723679533
    ]
  },
  {
    "label_id": "X8OBaKk4dxIT8dFfdO_PYQ",
    "size": [
      2.1633729765809924,
      5.267996842103457,
      2.6200000000000045
    ],
    "obj_class": "vehicle",
    "point_num_in_lidar": 77,
    "speed": 5.728578676879116e-13,
    "if_vehicle": true,
    "motion_state": false,
    "pose": [
      [
        0.9994494911151303,
        0.03690588159470052,
        -0.0006727555546391146,
        79.20648300178982
      ],
      [
        -0.036905507226464976,
        0.9994493493544464,
        -1.6394368937792242e-05,
        2.1854113936096837
      ],
      [
        0.0006781560788671906,
        2.7942274642481904e-05,
        1.000000616425936,
        1.8009151940414085
      ],
      [
        0.0,
        0.0,
        0.0,
        1.0
      ]
    ],
    "location": [
      79.20648300178982,
      2.1854113936096837,
      1.8009151940414085
    ],
    "rotation": [
      2.7942257410877564e-05,
      -0.0006781555566095845,
      -0.03690906593869279
    ]
  },
  {
    "label_id": "YTw2k0_-8UqolJn4WQRc2g",
    "size": [
      0.7131402618199658,
      0.9424020280400371,
      1.5199999999999818
    ],
    "obj_class": "pedestrian",
    "point_num_in_lidar": 58,
    "speed": 1.4760009798986904,
    "if_vehicle": false,
    "motion_state": true,
    "pose": [
      [
        0.11955385342853535,
        0.9929593171509915,
        -0.0006727555546391146,
        33.00351277775371
      ],
      [
        -0.9929591186915974,
        0.11955420107999315,
        -1.6394368937792242e-05,
        1.2479566370348039
      ],
      [
        7.825584310592744e-05,
        0.0006742050585960484,
        1.000000616425936,
        1.0148298376076355
      ],
      [
        0.0,
        0.0,
        0.0,
        1.0
      ]
    ],
    "location": [
      33.00351277775371,
      1.2479566370348039,
      1.0148298376076355
    ],
    "rotation": [
      0.0006742045408451808,
      -7.82557769216265e-05,
      -1.4509715336512345
    ]
  },
  {
    "label_id": "Yyu039jUMIJ4gI_2-mTkSg",
    "size": [
      1.0952675293722816,
      1.1481994723012645,
      1.759999999999991
    ],
    "obj_class": "pedestrian",
    "point_num_in_lidar": 63,
    "speed": 1.541020976233598,
    "if_vehicle": false,
    "motion_state": true,
    "pose": [
      [
        -0.05238640726395738,
        -0.9987577252369815,
        -0.0006727555546391146,
        33.630902779726966
      ],
      [
        0.9987575506498108,
        -0.05238676749580917,
        -1.6394368937792242e-05,
        8.29893532247661
      ],
      [
        -3.265674862252422e-05,
        -0.0006779454069363726,
        1.000000616425936,
        1.1259324374441348
      ],
      [
        0.0,
        0.0,
        0.0,
        1.0
      ]
    ],
    "location": [
      33.630902779726966,
      8.29893532247661,
      1.1259324374441348
    ],
    "rotation": [
      -0.0006779448851702284,
      3.265672097579351e-05,
      1.6231998807011228
    ]
  },
  {
    "label_id": "dWu2dkV959ZVbiXuXYme9A",
    "size": [
      1.9876994670929098,
      4.6193943709231275,
      1.4600000000000364
    ],
    "obj_class": "vehicle",
    "point_num_in_lidar": 4060,
    "speed": 8.881784197001252e-14,
    "if_vehicle": true,
    "motion_state": false,
    "pose": [
      [
        0.9999289668327991,
        0.02008458800339435,
        -0.0006727555546391146,
        1.6189795424234035
      ],
      [
        -0.02008421607332347,
        0.9999288187933124,
        -1.6394368937792242e-05,
        3.2232138969848165
      ],
      [
        0.0006785302199062963,
        1.652811818188261e-05,
        1.000000616425936,
        0.7562599131500747
      ],
      [
        0.0,
        0.0,
        0.0,
        1.0
      ]
    ],
    "location": [
      1.6189795424234035,
      3.2232138969848165,
      0.7562599131500747
    ],
    "rotation": [
      1.652810799202313e-05,
      -0.0006785296974179615,
      -0.020082942403082647
    ]
  },
  {
    "label_id": "dv8sizFeYUT8pYvd3AJspA",
    "size": [
      0.7534326255224598,
      0.8617267602349281,
      0.7999999999999545
    ],
    "obj_class": "sign",
    "point_num_in_lidar": 53,
    "speed": 1.1370071466249427e-12,
    "if_vehicle": false,
    "motion_state": false,
    "pose": [
      [
        -0.0021783575273069157,
        1.0001282838441568,
        -0.0006727555546391146,
        11.993942160672304
      ],
      [
        -1.000128129169259,
        -0.0021779883073951667,
        -1.6394368937792242e-05,
        38.420553210631624
      ],
      [
        -4.3768718528686386e-06,
        0.0006787173793336243,
        1.000000616425936,
        1.2539886915446914
      ],
      [
        0.0,
        0.0,
        0.0,
        1.0
      ]
    ],
    "location": [
      11.993942160672304,
      38.420553210631624,
      1.2539886915446914
    ],
    "rotation": [
      0.000678716856736407,
      4.376868146708293e-06,
      -1.572974401802544
    ]
  },
  {
    "label_id": "eTLt3z7Tt1__uHa0Pj96uQ",
    "size": [
      0.596902415900761,
      0.5832202862830158,
      0.9800000000000182
    ],
    "obj_class": "sign",
    "point_num_in_lidar": 101,
    "speed": 2.5585089000282873e-12,
    "if_vehicle": false,
    "motion_state": false,
    "pose": [
      [
        0.998638849400534,
        -0.054605657715592656,
        -0.0006727555546391146,
        1.7322238762480993
      ],
      [
        0.05460601755859792,
        0.9986386740133086,
        -1.6394368937792242e-05,
        5.192517336619858
      ],
      [
        0.0006778711652412617,
        -3.4163157804528394e-05,
        1.000000616425936,
        0.7174058294717724
      ],
      [
        0.0,
        0.0,
        0.0,
        1.0
      ]
    ],
    "location": [
      1.7322238762480993,
      5.192517336619858,
      0.7174058294717724
    ],
    "rotation": [
      -3.416313673219402e-05,
      -0.0006778706431594223,
      0.05462604615095021
    ]
  },
  {
    "label_id": "iYoNqzfcHozgqJVHl7Yxnw",
    "size": [
      1.972967373819462,
      3.9732415768768115,
      1.57000000000005
    ],
    "obj_class": "vehicle",
    "point_num_in_lidar": 20,
    "speed": 1.7763568394002505e-14,
    "if_vehicle": true,
    "motion_state": false,
    "pose": [
      [
        0.9993653748251993,
        0.039117476747148335,
        -0.0006727555546391146,
        50.24420807833667
      ],
      [
        -0.03911710206612664,
        0.9993652338933035,
        -1.6394368937792242e-05,
        2.4158450695213105
      ],
      [
        0.0006780925848553165,
        2.94429003489014e-05,
        1.000000616425936,
        0.9645283534492819
      ],
      [
        0.0,
        0.0,
        0.0,
        1.0
      ]
    ],
    "location": [
      50.24420807833667,
      2.4158450695213105,
      0.9645283534492819
    ],
    "rotation": [
      2.9442882191037334e-05,
      -0.0006780920626368758,
      -0.03912197120247638
    ]
  },
  {
    "label_id": "ifMXmnBpfdQ88ZpSpy5LIA",
    "size": [
      0.24340906766558223,
      0.052982123451976726,
      0.37999999999999545
    ],
    "obj_class": "sign",
    "point_num_in_lidar": 77,
    "speed": 0.0007296622719858151,
    "if_vehicle": false,
    "motion_state": false,
    "pose": [
      [
        -0.61970065612045,
        0.7850047300433665,
        -0.0006727555546391146,
        4.967982286103506
      ],
      [
        -0.7850048365744238,
        -0.619700270246376,
        -1.6394368937792242e-05,
        4.896339503075069
      ],
      [
        -0.00042282665804872804,
        0.0005309369597796561,
        1.000000616425936,
        0.8075554665078926
      ],
      [
        0.0,
        0.0,
        0.0,
        1.0
      ]
    ],
    "location": [
      4.967982286103506,
      4.896339503075069,
      0.8075554665078926
    ],
    "rotation": [
      0.000530936582607322,
      0.00042282631261360656,
      -2.2390543510184475
    ]
  },
  {
    "label_id": "iwVyTv3GqaEq5Lo6tx5S8A",
    "size": [
      0.8450336275367332,
      1.1945977308094293,
      1.810638297872515
    ],
    "obj_class": "pedestrian",
    "point_num_in_lidar": 125,
    "speed": 1.878418468055172,
    "if_vehicle": false,
    "motion_state": true,
    "pose": [
      [
        -0.026772895029477998,
        0.9997722448029429,
        -0.0006727555546391146,
        9.430614512479224
      ],
      [
        -0.9997720992546948,
        -0.026772522117457825,
        -1.6394368937792242e-05,
        26.15972936941216
      ],
      [
        -2.1066594142872845e-05,
        0.0006784044786319877,
        1.000000616425936,
        1.454837605789976
      ],
      [
        0.0,
        0.0,
        0.0,
        1.0
      ]
    ],
    "location": [
      9.430614512479224,
      26.15972936941216,
      1.454837605789976
    ],
    "rotation": [
      0.0006784039563717236,
      2.106657630601294e-05,
      -1.5975689263261397
    ]
  },
  {
    "label_id": "jYdxjpZOYqJdSiBQI133Fw",
    "size": [
      0.774174547397303,
      0.9953737697401499,
      1.009999999999991
    ],
    "obj_class": "sign",
    "point_num_in_lidar": 159,
    "speed": 0.0021236935133975,
    "if_vehicle": false,
    "motion_state": false,
    "pose": [
      [
        -0.04773738611633658,
        0.9989907263600372,
        -0.0006727555546391146,
        12.109100777433923
      ],
      [
        -0.998990588665699,
        -0.04773701023346062,
        -1.6394368937792242e-05,
        12.643565648088043
      ],
      [
        -3.529160083169072e-05,
        0.0006778133525738897,
        1.000000616425936,
        0.7669759908625338
      ],
      [
        0.0,
        0.0,
        0.0,
        1.0
      ]
    ],
    "location": [
      12.109100777433923,
      12.643565648088043,
      0.7669759908625338
    ],
    "rotation": [
      0.0006778128309498287,
      3.529157095538533e-05,
      -1.6185456257363622
    ]
  },
  {
    "label_id": "k7sk2VXkecnWsXdCfg3Wig",
    "size": [
      2.771733201335597,
      3.9612899707604745,
      3.0399999999999636
    ],
    "obj_class": "vehicle",
    "point_num_in_lidar": 390,
    "speed": 2.864289338439558e-13,
    "if_vehicle": true,
    "motion_state": false,
    "pose": [
      [
        -0.02874496360964922,
        -0.999717488320403,
        -0.0006727555546391146,
        30.653873028566522
      ],
      [
        0.9997173223037961,
        -0.02874532787075536,
        -1.6394368937792242e-05,
        38.020366052045574
      ],
      [
        -1.661001729339808e-05,
        -0.0006785282200043216,
        1.000000616425936,
        2.043431136196318
      ],
      [
        0.0,
        0.0,
        0.0,
        1.0
      ]
    ],
    "location": [
      30.653873028566522,
      38.020366052045574,
      2.043431136196318
    ],
    "rotation": [
      -0.0006785276976108201,
      1.6610003229409292e-05,
      1.5995414984109015
    ]
  },
  {
    "label_id": "kXyEv2zRlXCiI09I_nYVDA",
    "size": [
      3.318553371211132,
      9.387806686727028,
      3.2899999999999636
    ],
    "obj_class": "vehicle",
    "point_num_in_lidar": 3732,
    "speed": 8.389620881900704,
    "if_vehicle": true,
    "motion_state": true,
    "pose": [
      [
        0.033452528397588395,
        0.9995710368605042,
        -0.0006727555546391146,
        19.3530967250681
      ],
      [
        -0.9995708691303546,
        0.03345289187284775,
        -1.6394368937792242e-05,
        -15.509681490117146
      ],
      [
        1.9805167661491303e-05,
        0.0006784424760807807,
        1.000000616425936,
        1.5492134975104364
      ],
      [
        0.0,
        0.0,
        0.0,
        1.0
      ]
    ],
    "location": [
      19.3530967250681,
      -15.509681490117146,
      1.5492134975104364
    ],
    "rotation": [
      0.0006784419537796054,
      -1.980515089249752e-05,
      -1.5373419230024785
    ]
  },
  {
    "label_id": "l9f--u5kPKABASTzvy9Nug",
    "size": [
      0.7368282590077748,
      0.9500971590338381,
      1.7100000000000364
    ],
    "obj_class": "pedestrian",
    "point_num_in_lidar": 88,
    "speed": 0.1755172820970697,
    "if_vehicle": false,
    "motion_state": false,
    "pose": [
      [
        -0.9984824428115019,
        0.05739460587677629,
        -0.0006727555546391146,
        30.632356353191426
      ],
      [
        -0.05739496522852788,
        -0.9984822664199327,
        -1.6394368937792242e-05,
        7.0673476904030395
      ],
      [
        -0.0006777731048929254,
        3.605629349396136e-05,
        1.000000616425936,
        0.9705421384556985
      ],
      [
        0.0,
        0.0,
        0.0,
        1.0
      ]
    ],
    "location": [
      30.632356353191426,
      7.0673476904030395,
      0.9705421384556985
    ],
    "rotation": [
      3.605627125231555e-05,
      0.0006777725828715934,
      -3.0841736415701915
    ]
  },
  {
    "label_id": "lj4Xv1RNPQtZmME1XO-7OA",
    "size": [
      2.081491712109029,
      4.6989742700198445,
      1.5399999999999636
    ],
    "obj_class": "vehicle",
    "point_num_in_lidar": 143,
    "speed": 6.887868780698967,
    "if_vehicle": true,
    "motion_state": true,
    "pose": [
      [
        0.003021879790714843,
        1.0001260908650995,
        -0.0006727555546391146,
        17.603794397591628
      ],
      [
        -1.0001259342725186,
        0.0030222482013972005,
        -1.6394368937792242e-05,
        18.512750839383443
      ],
      [
        -8.477939450778405e-07,
        0.0006787309623570642,
        1.000000616425936,
        1.162603331224659
      ],
      [
        0.0,
        0.0,
        0.0,
        1.0
      ]
    ],
    "location": [
      17.603794397591628,
      18.512750839383443,
      1.162603331224659
    ],
    "rotation": [
      0.0006787304397452167,
      8.477932271971692e-07,
      -1.5677748367093287
    ]
  },
  {
    "label_id": "mOkkhCfy9ezsL1Xpiin0cg",
    "size": [
      1.8978085880561246,
      2.7584207193939223,
      2.3999999999999773
    ],
    "obj_class": "vehicle",
    "point_num_in_lidar": 149,
    "speed": 5.728578676879116e-13,
    "if_vehicle": true,
    "motion_state": false,
    "pose": [
      [
        -4.645486958276937e-05,
        -1.000130655078885,
        -0.0006727555546391146,
        30.916699880326632
      ],
      [
        1.0001304995830325,
        -4.68237445033768e-05,
        -1.6394368937792242e-05,
        47.861433471052806
      ],
      [
        2.867039527720629e-06,
        -0.0006787254364623932,
        1.000000616425936,
        1.9030886220307366
      ],
      [
        0.0,
        0.0,
        0.0,
        1.0
      ]
    ],
    "location": [
      30.916699880326632,
      47.861433471052806,
      1.9030886220307366
    ],
    "rotation": [
      -0.0006787249138564977,
      -2.867037100020793e-06,
      1.570842775602896
    ]
  },
  {
    "label_id": "oktALDz6ntRSXy5D7zFjEA",
    "size": [
      0.8960930957444726,
      0.8484989187230266,
      1.7799999999999727
    ],
    "obj_class": "pedestrian",
    "point_num_in_lidar": 81,
    "speed": 0.9070964192351777,
    "if_vehicle": false,
    "motion_state": false,
    "pose": [
      [
        -0.9938361380948452,
        0.11203151343840258,
        -0.0006727555546391146,
        37.44055957174169
      ],
      [
        -0.11203186258267277,
        -0.9938359422736363,
        -1.6394368937792242e-05,
        7.5093115967429185
      ],
      [
        -0.0006747783002636729,
        7.314836642050396e-05,
        1.000000616425936,
        1.2443439853293512
      ],
      [
        0.0,
        0.0,
        0.0,
        1.0
      ]
    ],
    "location": [
      37.44055957174169,
      7.5093115967429185,
      1.2443439853293512
    ],
    "rotation": [
      7.314832119951718e-05,
      0.0006747777800933968,
      -3.0293398356877423
    ]
  },
  {
    "label_id": "pATADVHYfotd4mWyfa9wVw",
    "size": [
      0.8193768358459225,
      0.8601713234706458,
      1.8600000000000136
    ],
    "obj_class": "pedestrian",
    "point_num_in_lidar": 450,
    "speed": 3.552713678800501e-14,
    "if_vehicle": false,
    "motion_state": false,
    "pose": [
      [
        0.9915636267247471,
        -0.13062504944703957,
        -0.0006727555546391146,
        9.835020482116306
      ],
      [
        0.13062539486260893,
        0.9915634243988917,
        -1.6394368937792242e-05,
        7.179825304101541
      ],
      [
        0.0006732899783369883,
        -8.577320728349342e-05,
        1.000000616425936,
        1.1432917058863268
      ],
      [
        0.0,
        0.0,
        0.0,
        1.0
      ]
    ],
    "location": [
      9.835020482116306,
      7.179825304101541,
      1.1432917058863268
    ],
    "rotation": [
      -8.577315420035109e-05,
      -0.0006732894590888804,
      0.13098253503340068
    ]
  },
  {
    "label_id": "ra5n9KbC95TVzl8E7bqlfg",
    "size": [
      2.0401341279587895,
      4.496278772972799,
      1.5399999999999636
    ],
    "obj_class": "vehicle",
    "point_num_in_lidar": 52,
    "speed": 7.662933367426579,
    "if_vehicle": true,
    "motion_state": true,
    "pose": [
      [
        0.006253839288636269,
        1.0001111032683951,
        -0.0006727555546391146,
        18.932128295804432
      ],
      [
        -1.000110945486088,
        0.006254207191355446,
        -1.6394368937792242e-05,
        50.149341022124645
      ],
      [
        1.34557560830033e-06,
        0.0006787301580473648,
        1.000000616425936,
        1.7453607842405745
      ],
      [
        0.0,
        0.0,
        0.0,
        1.0
      ]
    ],
    "location": [
      18.932128295804432,
      50.149341022124645,
      1.7453607842405745
    ],
    "rotation": [
      0.0006787296354363837,
      -1.3455744689167347e-06,
      -1.5645432627657612
    ]
  },
  {
    "label_id": "txvVqORJ6Gcf510DdJvW4Q",
    "size": [
      0.8957847038371609,
      0.8619049628064088,
      1.67999999999995
    ],
    "obj_class": "pedestrian",
    "point_num_in_lidar": 47,
    "speed": 1.3760046557643184,
    "if_vehicle": false,
    "motion_state": true,
    "pose": [
      [
        0.9940524045043405,
        -0.11009607843022348,
        -0.0006727555546391146,
        44.96716040595493
      ],
      [
        0.11009642795513969,
        0.9940522093633652,
        -1.6394368937792242e-05,
        7.3546697772762855
      ],
      [
        0.0006749194573196964,
        -7.183428253979041e-05,
        1.000000616425936,
        1.195002399894861
      ],
      [
        0.0,
        0.0,
        0.0,
        1.0
      ]
    ],
    "location": [
      44.96716040595493,
      7.3546697772762855,
      1.195002399894861
    ],
    "rotation": [
      -7.183423813574419e-05,
      -0.0006749189370620365,
      0.11030559208517798
    ]
  },
  {
    "label_id": "uTQJwYsr8nw8M5kF2ELaiA",
    "size": [
      1.427915864909517,
      6.768869357620847,
      4.759999999999991
    ],
    "obj_class": "vehicle",
    "point_num_in_lidar": 526,
    "speed": 2.8422264536495415e-12,
    "if_vehicle": true,
    "motion_state": false,
