[
  {
    "label_id": "-r18nvGJT_LauvErk1VSrg",
    "size": [
      0.7208473821763789,
      2.0829883357271277,
      1.9099999999999682
    ],
    "obj_class": "vehicle",
    "point_num_in_lidar": 49,
    "speed": 5.0754487472592085e-28,
    "if_vehicle": true,
    "motion_state": false,
    "pose": [
      [
        -0.0009979234344780227,
        1.0001303845675957,
        -3.216406582402588e-07,
        31.485288678175493
      ],
      [
        -1.00012998875708,
        -0.0009975430744216258,
        0.00017074549041831913,
        49.96603182844956
      ],
      [
        0.00018421032522763242,
        6.562625917206146e-06,
        1.0000008297757448,
        1.8258470886512441
      ],
      [
        0.0,
        0.0,
        0.0,
        1.0
      ]
    ],
    "location": [
      31.485288678175493,
      49.96603182844956,
      1.8258470886512441
    ],
    "rotation": [
      6.562620471608644e-06,
      -0.00018421017028690768,
      -1.5717941201962757
    ]
  },
  {
    "label_id": "013Doq8QGPt4_5ps9n1EBQ",
    "size": [
      0.6441504486117263,
      0.9234385820636817,
      1.669999999999959
    ],
    "obj_class": "pedestrian",
    "point_num_in_lidar": 185,
    "speed": 1.5084586325616947,
    "if_vehicle": false,
    "motion_state": true,
    "pose": [
      [
        -0.001773220763024969,
        1.0001293104767168,
        -3.216406582402588e-07,
        9.581891110587094
      ],
      [
        -1.000128914961174,
        -0.0017728400962518562,
        0.00017074549041831913,
        18.472989745698214
      ],
      [
        0.00018420518255389502,
        6.705423154827741e-06,
        1.0000008297757448,
        1.23418563787925
      ],
      [
        0.0,
        0.0,
        0.0,
        1.0
      ]
    ],
    "location": [
      9.581891110587094,
      18.472989745698214,
      1.23418563787925
    ],
    "rotation": [
      6.705417590734368e-06,
      -0.0001842050276174376,
      -1.5725693171349036
    ]
  },
  {
    "label_id": "0VCoeT-jjrIfzTCsOWz20A",
    "size": [
      0.7544329631618908,
      1.043993850799436,
      0.9800000000000182
    ],
    "obj_class": "sign",
    "point_num_in_lidar": 194,
    "speed": 5.630149447159408e-29,
    "if_vehicle": false,
    "motion_state": false,
    "pose": [
      [
        -0.10290131747711938,
        0.9948231505388184,
        -3.216406582402588e-07,
        11.692034577416052
      ],
      [
        -0.9948227955453489,
        -0.10290089876555608,
        0.00017074549041831913,
        11.077785658499124
      ],
      [
        0.00018258283336879995,
        2.5298635109823925e-05,
        1.0000008297757448,
        0.7167127426126854
      ],
      [
        0.0,
        0.0,
        0.0,
        1.0
      ]
    ],
    "location": [
      11.692034577416052,
      11.077785658499124,
      0.7167127426126854
    ],
    "rotation": [
      2.5298614112250348e-05,
      -0.0001825826797788056,
      -1.6738666117219636
    ]
  },
  {
    "label_id": "0_HBXNo3olLueqYvkPohlg",
    "size": [
      1.7479682991906937,
      3.9316593479287927,
      1.7000000000000455
    ],
    "obj_class": "vehicle",
    "point_num_in_lidar": 53,
    "speed": 9.025816184101464e-28,
    "if_vehicle": true,
    "motion_state": false,
    "pose": [
      [
        0.9998873358863231,
        -0.022070285921550362,
        -3.216406582402588e-07,
        56.57756348679868
      ],
      [
        0.02207065705107468,
        0.9998869314081248,
        0.00017074549041831913,
        -6.0365916970276885
      ],
      [
        2.3120805889249034e-06,
        -0.00018431268611452024,
        1.0000008297757448,
        1.0278955624406763
      ],
      [
        0.0,
        0.0,
        0.0,
        1.0
      ]
    ],
    "location": [
      56.57756348679868,
      -6.0365916970276885,
      1.0278955624406763
    ],
    "rotation": [
      -0.00018431253108935035,
      -2.3120786311420444e-06,
      0.02206956009706589
    ]
  },
  {
    "label_id": "2-A6zakvKX2opVnyx9gplQ",
    "size": [
      0.7707275497521511,
      1.107612320671707,
      1.7999999999999545
    ],
    "obj_class": "pedestrian",
    "point_num_in_lidar": 22,
    "speed": 0.3355099989855055,
    "if_vehicle": false,
    "motion_state": false,
    "pose": [
      [
        -1.00000676791817,
        -0.015755827631815555,
        -3.216406582402588e-07,
        28.798411257501357
      ],
      [
        0.015755441472556687,
        -1.0000063777633756,
        0.00017074549041831913,
        8.97145402904971
      ],
      [
        -9.280135330178762e-06,
        0.00018409343026749424,
        1.0000008297757448,
        0.9878288446248007
      ],
      [
        0.0,
        0.0,
        0.0,
        1.0
      ]
    ],
    "location": [
      28.798411257501357,
      8.97145402904971,
      0.9878288446248007
    ],
    "rotation": [
      0.0001840932754316969,
      9.28012747223423e-06,
      3.1258386222058716
    ]
  },
  {
    "label_id": "2OYKagQRfCdaOXgU5RkMBA",
    "size": [
      0.8627759996271266,
      0.6348824674672757,
      1.1499999999999773
    ],
    "obj_class": "sign",
    "point_num_in_lidar": 47,
    "speed": 0.002460917552125732,
    "if_vehicle": false,
    "motion_state": false,
    "pose": [
      [
        0.015359466951468287,
        1.0000129342970894,
        -3.216406582402588e-07,
        30.415546825430283
      ],
      [
        -1.0000125323186788,
        0.015359840787119829,
        0.00017074549041831913,
        12.44502445434955
      ],
      [
        0.0001842930189246974,
        3.548965345001841e-06,
        1.0000008297757448,
        0.684920196901885
      ],
      [
        0.0,
        0.0,
        0.0,
        1.0
      ]
    ],
    "location": [
      30.415546825430283,
      12.44502445434955,
      0.684920196901885
    ],
    "rotation": [
      3.548962400144022e-06,
      -0.00018429286391535428,
      -1.5554382599482084
    ]
  },
  {
    "label_id": "2SYmRAjI0pCOwp2XYemMBQ",
    "size": [
      0.9588610015812886,
      0.6083173834498694,
      1.67999999999995
    ],
    "obj_class": "pedestrian",
    "point_num_in_lidar": 345,
    "speed": 0.008529050932248096,
    "if_vehicle": false,
    "motion_state": false,
    "pose": [
      [
        0.9978326664549891,
        0.06776246558260697,
        -3.216406582402588e-07,
        11.795383479166048
      ],
      [
        -0.06776205964751696,
        0.9978322969195518,
        0.00017074549041831913,
        7.198510914371582
      ],
      [
        1.884551065987087e-05,
        -0.0001833612791932037,
        1.0000008297757448,
        0.8952781889635162
      ],
      [
        0.0,
        0.0,
        0.0,
        1.0
      ]
    ],
    "location": [
      11.795383479166048,
      7.198510914371582,
      0.8952781889635162
    ],
    "rotation": [
      -0.00018336112498964133,
      -1.884549470330015e-05,
      -0.0678051379683522
    ]
  },
  {
    "label_id": "3083QteOhZ_vSpxmP0XK-Q",
    "size": [
      0.8198295781744195,
      0.7789331854908985,
      1.2000000000000455
    ],
    "obj_class": "sign",
    "point_num_in_lidar": 45,
    "speed": 5.630149447159408e-29,
    "if_vehicle": false,
    "motion_state": false,
    "pose": [
      [
        -0.03627631904772966,
        0.9994727663437635,
        -3.216406582402588e-07,
        28.956059697722594
      ],
      [
        -0.9994723841965543,
        -0.036275924962399855,
        0.00017074549041831913,
        14.902581722368268
      ],
      [
        0.00018386419172073111,
        1.3056453664048329e-05,
        1.0000008297757448,
        0.7363255909370992
      ],
      [
        0.0,
        0.0,
        0.0,
        1.0
      ]
    ],
    "location": [
      28.956059697722594,
      14.902581722368268,
      0.7363255909370992
    ],
    "rotation": [
      1.3056442829386841e-05,
      -0.0001838640370672378,
      -1.6070758704121662
    ]
  },
  {
    "label_id": "3mqY30kFisxCydiO2pKjPA",
    "size": [
      0.8321203191371358,
      1.0700067716390604,
      1.7200000000000273
    ],
    "obj_class": "pedestrian",
    "point_num_in_lidar": 44,
    "speed": 1.543982960750008,
    "if_vehicle": false,
    "motion_state": true,
    "pose": [
      [
        0.03773007580771104,
        0.9994189428693315,
        -3.216406582402588e-07,
        33.536418323335965
      ],
      [
        -0.9994185326272892,
        0.03773044055584799,
        0.00017074549041831913,
        -24.744618666221868
      ],
      [
        0.00018432628944373608,
        -5.753253890543482e-07,
        1.0000008297757448,
        0.755010805783968
      ],
      [
        0.0,
        0.0,
        0.0,
        1.0
      ]
    ],
    "location": [
      33.536418323335965,
      -24.744618666221868,
      0.755010805783968
    ],
    "rotation": [
      -5.753249116636276e-07,
      -0.00018432613440678581,
      -1.5330622190196814
    ]
  },
  {
    "label_id": "45vGTk6HpmeCTR2Etiwq8w",
    "size": [
      0.7077057722273473,
      0.7957618448156345,
      1.07000000000005
    ],
    "obj_class": "sign",
    "point_num_in_lidar": 32,
    "speed": 9.012633241683166e-28,
    "if_vehicle": false,
    "motion_state": false,
    "pose": [
      [
        -1.0000520680707075,
        0.012555601698404887,
        -3.216406582402588e-07,
        41.394086939104454
      ],
      [
        -0.012555976659641449,
        -1.0000516671420256,
        0.00017074549041831913,
        4.351726368615346
      ],
      [
        -4.0656663783228175e-06,
        0.00018428234407099343,
        1.0000008297757448,
        0.6758744546191338
      ],
      [
        0.0,
        0.0,
        0.0,
        1.0
      ]
    ],
    "location": [
      41.394086939104454,
      4.351726368615346,
      0.6758744546191338
    ],
    "rotation": [
      0.0001842821890720312,
      4.065662935677063e-06,
      -3.1290379903233916
    ]
  },
  {
    "label_id": "4BPsEUa8pjB_nYeEbm-YSA",
    "size": [
      0.8876985042464974,
      1.0727947770953707,
      1.7511702127660556
    ],
    "obj_class": "pedestrian",
    "point_num_in_lidar": 264,
    "speed": 0.017222661934199864,
    "if_vehicle": false,
    "motion_state": false,
    "pose": [
      [
        0.8977741830761599,
        0.44075310343597307,
        -3.216406582402588e-07,
        10.979745882630596
      ],
      [
        -0.4407525877588603,
        0.897773994882504,
        0.00017074549041831913,
        8.658499878409202
      ],
      [
        8.69094822347463e-05,
        -0.00016255231120192762,
        1.0000008297757448,
        1.082300701773761
      ],
      [
        0.0,
        0.0,
        0.0,
        1.0
      ]
    ],
    "location": [
      10.979745882630596,
      8.658499878409202,
      1.082300701773761
    ],
    "rotation": [
      -0.0001625521748883577,
      -8.690940875239699e-05,
      -0.45637277395403336
    ]
  },
  {
    "label_id": "6cJfOa0GEVIor5deOQECIw",
    "size": [
      0.8707727370738991,
      1.1612597197178984,
      1.8100000000000591
    ],
    "obj_class": "pedestrian",
    "point_num_in_lidar": 245,
    "speed": 1.7924941367178777,
    "if_vehicle": false,
    "motion_state": true,
    "pose": [
      [
        0.0867529043781196,
        0.9963612374879245,
        -3.216406582402588e-07,
        7.882511187786804
      ],
      [
        -0.9963608098326375,
        0.08675324854478297,
        0.00017074549041831913,
        17.941014149697367
      ],
      [
        0.00018407574933611704,
        -9.624473271093095e-06,
        1.0000008297757448,
        1.2611759337673902
      ],
      [
        0.0,
        0.0,
        0.0,
        1.0
      ]
    ],
    "location": [
      7.882511187786804,
      17.941014149697367,
      1.2611759337673902
    ],
    "rotation": [
      -9.624465284648073e-06,
      -0.00018407559450706455,
      -1.483945593012757
    ]
  },
  {
    "label_id": "8IZ7fkXm0FDeUdEuJAqSlA",
    "size": [
      0.7446914889103955,
      1.0496260774128139,
      1.7300000000000182
    ],
    "obj_class": "pedestrian",
    "point_num_in_lidar": 148,
    "speed": 1.6459424714291049,
    "if_vehicle": false,
    "motion_state": true,
    "pose": [
      [
        -0.9965846433036829,
        -0.08414767208769917,
        -3.216406582402588e-07,
        24.16892073535928
      ],
      [
        0.08414726013594928,
        -0.9965842804876239,
        0.00017074549041831913,
        8.511369818967069
      ],
      [
        -2.1855585789617775e-05,
        0.00018302689788441504,
        1.0000008297757448,
        1.2099326100528742
      ],
      [
        0.0,
        0.0,
        0.0,
        1.0
      ]
    ],
    "location": [
      24.16892073535928,
      8.511369818967069,
      1.2099326100528742
    ],
    "rotation": [
      0.00018302674396953578,
      2.185556728485044e-05,
      3.057356819470612
    ]
  },
  {
    "label_id": "8k1Wkk08druqr8A5YTrqFQ",
    "size": [
      2.1684109006720282,
      4.238163060626746,
      1.7100000000000364
    ],
    "obj_class": "vehicle",
    "point_num_in_lidar": 230,
    "speed": 4.539171574425185e-28,
    "if_vehicle": true,
    "motion_state": false,
    "pose": [
      [
        1.0000429873898347,
        -0.013259161320510086,
        -3.216406582402588e-07,
        38.78092836592987
      ],
      [
        0.01325953599958994,
        1.000042586197457,
        0.00017074549041831913,
        2.434997890557497
      ],
      [
        3.93601793371117e-06,
        -0.0001842851587682134,
        1.0000008297757448,
        0.9699979189848591
      ],
      [
        0.0,
        0.0,
        0.0,
        1.0
      ]
    ],
    "location": [
      38.78092836592987,
      2.434997890557497,
      0.9699979189848591
    ],
    "rotation": [
      -0.00018428500376682001,
      -3.936014600845919e-06,
      0.013258189136987663
    ]
  },
  {
    "label_id": "A4kzX4tBck4XcFuUOPA6Lg",
    "size": [
      0.7530091452429792,
      1.132073132049114,
      1.8246200607903802
    ],
    "obj_class": "pedestrian",
    "point_num_in_lidar": 330,
    "speed": 1.5384428301302133,
    "if_vehicle": false,
    "motion_state": true,
    "pose": [
      [
        0.9813819913032159,
        -0.19274638552315954,
        -3.216406582402588e-07,
        16.412315571034924
      ],
      [
        0.19274668201093476,
        0.9813815293132422,
        0.00017074549041831913,
        4.918828755024151
      ],
      [
        -2.9243233393411586e-05,
        -0.00018199270666732247,
        1.0000008297757448,
        1.1219872443558643
      ],
      [
        0.0,
        0.0,
        0.0,
        1.0
      ]
    ],
    "location": [
      16.412315571034924,
      4.918828755024151,
      1.1219872443558643
    ],
    "rotation": [
      -0.000181992553645038,
      2.9243208635483626e-05,
      0.19393483454175456
    ]
  },
  {
    "label_id": "AWjsPzPKZ7MTv8Ta3AXBbQ",
    "size": [
      2.1060783521372155,
      4.515543669845269,
      1.4600000000000364
    ],
    "obj_class": "vehicle",
    "point_num_in_lidar": 95,
    "speed": 2.815074723579704e-29,
    "if_vehicle": true,
    "motion_state": false,
    "pose": [
      [
        0.996263112707792,
        -0.08787259097289092,
        -3.216406582402588e-07,
        44.89225538835126
      ],
      [
        0.08787293465872487,
        0.99626268466599,
        0.00017074549041831913,
        -6.917366334489998
      ],
      [
        -9.831337177412504e-06,
        -0.0001840648168138161,
        1.0000008297757448,
        0.8343099876821043
      ],
      [
        0.0,
        0.0,
        0.0,
        1.0
      ]
    ],
    "location": [
      44.89225538835126,
      -6.917366334489998,
      0.8343099876821043
    ],
    "rotation": [
      -0.00018406466200273104,
      9.831328852755666e-06,
      0.08797486997214958
    ]
  },
  {
    "label_id": "AhVLDKKFO3nP9YBAG8x0pw",
    "size": [
      1.9318567274618736,
      4.066022807258439,
      1.509999999999991
    ],
    "obj_class": "vehicle",
    "point_num_in_lidar": 195,
    "speed": 1.1260298894318815e-28,
    "if_vehicle": true,
    "motion_state": false,
    "pose": [
      [
        0.028929058496246527,
        -0.9997124044249068,
        -3.216406582402588e-07,
        27.15428985314975
      ],
      [
        0.9997120193914321,
        0.028928667230403386,
        0.00017074549041831913,
        27.835712820116896
      ],
      [
        -0.0001839551920109823,
        -1.1704670503751664e-05,
        1.0000008297757448,
        1.274933260911439
      ],
      [
        0.0,
        0.0,
        0.0,
        1.0
      ]
    ],
    "location": [
      27.15428985314975,
      27.835712820116896,
      1.274933260911439
    ],
    "rotation": [
      -1.1704660790973529e-05,
      0.00018395503728197218,
      1.5418670079620553
    ]
  },
  {
    "label_id": "Aof9zDLMpOMBf2RZkTgB1g",
    "size": [
      0.6466332595231525,
      2.732983268659154,
      3.449999999999932
    ],
    "obj_class": "vehicle",
    "point_num_in_lidar": 110,
    "speed": 3.3846885583914085e-28,
    "if_vehicle": true,
    "motion_state": false,
    "pose": [
      [
        -0.04927659833442224,
        -0.9989162121234673,
        -3.216406582402588e-07,
        31.202282628079047
      ],
      [
        0.9989157976938762,
        -0.049276958317547956,
        0.00017074549041831913,
        58.68852079512544
      ],
      [
        -0.0001843073336608651,
        2.705316658359326e-06,
        1.0000008297757448,
        2.6297984345876557
      ],
      [
        0.0,
        0.0,
        0.0,
        1.0
      ]
    ],
    "location": [
      31.202282628079047,
      58.68852079512544,
      2.6297984345876557
    ],
    "rotation": [
      2.705314413548444e-06,
      0.00018430717863964389,
      1.620086453029221
    ]
  },
  {
    "label_id": "Bii0LlYiSm3-IvhedQ-6-A",
    "size": [
      0.9534934801983741,
      0.861946449469542,
      2.090000000000032
    ],
    "obj_class": "pedestrian",
    "point_num_in_lidar": 34,
    "speed": 1.945964920125044,
    "if_vehicle": false,
    "motion_state": true,
    "pose": [
      [
        -0.9988177864303878,
        -0.05123291419398112,
        -3.216406582402588e-07,
        50.60354614426251
      ],
      [
        0.05123251443261251,
        -0.9988174102248791,
        0.00017074549041831913,
        7.9954012182588485
      ],
      [
        -1.580717146774774e-05,
        0.00018364815629237692,
        1.0000008297757448,
        1.399273733219161
      ],
      [
        0.0,
        0.0,
        0.0,
        1.0
      ]
    ],
    "location": [
      50.60354614426251,
      7.9954012182588485,
      1.399273733219161
    ],
    "rotation": [
      0.0001836480018411108,
      1.5807158083473825e-05,
      3.090344412701147
    ]
  },
  {
    "label_id": "Ci0SMk2Xx8Zw2IqmYtHZZg",
    "size": [
      0.784627747594469,
      0.8616288832576037,
      1.6000000000000227
    ],
    "obj_class": "pedestrian",
    "point_num_in_lidar": 27,
    "speed": 1.4548688307402031,
    "if_vehicle": false,
    "motion_state": true,
    "pose": [
      [
        -0.9979402692214094,
        0.06615890758475997,
        -3.216406582402588e-07,
        52.22061339741231
      ],
      [
        -0.06615926050938602,
        -0.9979398487645803,
        0.00017074549041831913,
        5.528733476472553
      ],
      [
        5.821138892266504e-06,
        0.00018423524722863667,
        1.0000008297757448,
        1.237050122057667
      ],
      [
        0.0,
        0.0,
        0.0,
        1.0
      ]
    ],
    "location": [
      52.22061339741231,
      5.528733476472553,
      1.237050122057667
    ],
    "rotation": [
      0.0001842350922703532,
      -5.8211339631727775e-06,
      -3.0753937125683715
    ]
  },
  {
    "label_id": "DMyvJcDBgX_UfZY7i4gQUg",
    "size": [
      2.201017544722988,
      5.031357921109429,
      1.7300000000000182
    ],
    "obj_class": "vehicle",
    "point_num_in_lidar": 6759,
    "speed": 5.630147349457311e-29,
    "if_vehicle": true,
    "motion_state": false,
    "pose": [
      [
        0.9990211289847832,
        -0.04710165420106812,
        -3.216406582402588e-07,
        2.300222257108544
      ],
      [
        0.04710201508563139,
        0.999020715339925,
        0.00017074549041831913,
        -3.525671890378362
      ],
      [
        -2.3040387243734794e-06,
        -0.0001843127868189172,
        1.0000008297757448,
        0.8303487938732133
      ],
      [
        0.0,
        0.0,
        0.0,
        1.0
      ]
    ],
    "location": [
      2.300222257108544,
      -3.525671890378362,
      0.8303487938732133
    ],
    "rotation": [
      -0.00018431263179366034,
      2.3040367734001546e-06,
      0.04711327758191035
    ]
  },
  {
    "label_id": "FaLjVnzgLbkn0NFfVlonZw",
    "size": [
      3.1341412423592105,
      4.451840989787582,
      3.0799999999999272
    ],
    "obj_class": "vehicle",
    "point_num_in_lidar": 1157,
    "speed": 4.6427401717302225e-28,
    "if_vehicle": true,
    "motion_state": false,
    "pose": [
      [
        -0.047766550397773486,
        -0.9989895588291225,
        -3.216406582402588e-07,
        30.018239928502226
      ],
      [
        0.9989891449441661,
        -0.04776691100695203,
        0.00017074549041831913,
        17.922171988611808
      ],
      [
        -0.00018431121252492267,
        2.426709086785213e-06,
        1.0000008297757448,
        1.7949259415570396
      ],
      [
        0.0,
        0.0,
        0.0,
        1.0
      ]
    ],
    "location": [
      30.018239928502226,
      17.922171988611808,
      1.7949259415570396
    ],
    "rotation": [
      2.4267070731577803e-06,
      0.00018431105750048288,
      1.6185748218782101
    ]
  },
  {
    "label_id": "GZswbdmDQZSe88ajnioK_g",
    "size": [
      1.1505740821373602,
      4.713684939172988,
      4.259999999999991
    ],
    "obj_class": "vehicle",
    "point_num_in_lidar": 195,
    "speed": 2.815074723579704e-29,
    "if_vehicle": true,
    "motion_state": false,
    "pose": [
      [
        0.03894348952806787,
        0.9993723963617792,
        -3.216406582402588e-07,
        30.942577984707896
      ],
      [
        -0.9993719856771813,
        0.03894385377784185,
        0.00017074549041831913,
        40.37617580037295
      ],
      [
        0.00018432545505150382,
        -7.991241798663029e-07,
        1.0000008297757448,
        2.8291327359690968
      ],
      [
        0.0,
        0.0,
        0.0,
        1.0
      ]
    ],
    "location": [
      30.942577984707896,
      40.37617580037295,
      2.8291327359690968
    ],
    "rotation": [
      -7.991235167728215e-07,
      -0.00018432530001524593,
      -1.5318480711873792
    ]
  },
  {
    "label_id": "NeHt8l-Xg_tze4fm4Zzhag",
    "size": [
      0.8686749354366592,
      0.8296750162009441,
      1.82000000000005
    ],
    "obj_class": "pedestrian",
    "point_num_in_lidar": 548,
    "speed": 9.012633241683166e-28,
    "if_vehicle": false,
    "motion_state": false,
    "pose": [
      [
        0.9580341326324004,
        0.28711040158411527,
        -3.216406582402588e-07,
        1.4403172654947412
      ],
      [
        -0.2871099238770427,
        0.9580338621962905,
        0.00017074549041831913,
        10.62039665480188
      ],
      [
        5.899395912954221e-05,
        -0.00017463168316665992,
        1.0000008297757448,
        1.2407231822055564
      ],
      [
        0.0,
        0.0,
        0.0,
        1.0
      ]
    ],
    "location": [
      1.4403172654947412,
      10.62039665480188,
      1.2407231822055564
    ],
    "rotation": [
      -0.0001746315364864473,
      -5.899390920984373e-05,
      -0.29116918160289784
    ]
  },
  {
    "label_id": "Nx3jDnV5BFvG2rNbAk93sw",
    "size": [
      0.7698546864134806,
      0.8128752011552611,
      1.0900000000000318
    ],
    "obj_class": "sign",
    "point_num_in_lidar": 120,
    "speed": 0.0009001895986495095,
    "if_vehicle": false,
    "motion_state": false,
    "pose": [
      [
        -0.003588332220450967,
        1.0001244451858895,
        -3.216406582402588e-07,
        12.063323012198452
      ],
      [
        -1.0001240503618625,
        -0.003587950836491732,
        0.00017074549041831913,
        14.619370006479585
      ],
      [
        0.00018419270965087757,
        7.0397223571858875e-06,
        1.0000008297757448,
        0.8376955102695547
      ],
      [
        0.0,
        0.0,
        0.0,
        1.0
      ]
    ],
    "location": [
      12.063323012198452,
      14.619370006479585,
      0.8376955102695547
    ],
    "rotation": [
      7.039716515683582e-06,
      -0.00018419255472477018,
      -1.5743841985412232
    ]
  },
  {
    "label_id": "OkBzhxzagapiYam_4NK-9A",
    "size": [
      0.9161349937327302,
      0.864239601718528,
      1.8799999999999955
    ],
    "obj_class": "pedestrian",
    "point_num_in_lidar": 74,
    "speed": 0.00039577192424951064,
    "if_vehicle": false,
    "motion_state": false,
    "pose": [
      [
        -0.9934509719505783,
        -0.11539908282546843,
        -3.216406582402588e-07,
        29.978769654750067
      ],
      [
        0.11539865968437703,
        -0.9934506222487717,
        0.00017074549041831913,
        -11.658549899115314
      ],
      [
        -2.7591880196152252e-05,
        0.0001822503775761263,
        1.0000008297757448,
        0.9133270669153717
      ],
      [
        0.0,
        0.0,
        0.0,
        1.0
      ]
    ],
    "location": [
      29.978769654750067,
      -11.658549899115314,
      0.9133270669153717
    ],
    "rotation": [
      0.00018225022433148648,
      2.759185683586256e-05,
      3.025951519893181
    ]
  },
  {
    "label_id": "Qk60fGhJPpHJTNmg9RXYjQ",
    "size": [
      0.8607130812119049,
      0.8401418131687414,
      2.2000000000000455
    ],
    "obj_class": "pedestrian",
    "point_num_in_lidar": 36,
    "speed": 1.4145367595895848,
    "if_vehicle": false,
    "motion_state": true,
    "pose": [
      [
        -0.9999371569794706,
        0.019684107252332137,
        -3.216406582402588e-07,
        49.89568384865561
      ],
      [
        -0.019684479346040232,
        -0.999936753388082,
        0.00017074549041831913,
        -15.669186538008944
      ],
      [
        -2.7519149769948804e-06,
        0.00018430664378518287,
        1.0000008297757448,
        1.0557532700598813
      ],
      [
        0.0,
        0.0,
        0.0,
        1.0
      ]
    ],
    "location": [
      49.89568384865561,
      -15.669186538008944,
      1.0557532700598813
    ],
    "rotation": [
      0.00018430648876523203,
      2.7519126467778306e-06,
      -3.1219094794611473
    ]
  },
  {
    "label_id": "VdReY6X9Jg2ltRKug7oWkQ",
    "size": [
      0.9147451012877523,
      0.9551121727890859,
      1.67999999999995
    ],
    "obj_class": "pedestrian",
    "point_num_in_lidar": 202,
    "speed": 1.4264593349778956,
    "if_vehicle": false,
    "motion_state": true,
    "pose": [
      [
        0.050090569824561504,
        0.998875726405021,
        -3.216406582402588e-07,
        7.688613885948143
      ],
      [
        -0.9988753116822278,
        0.050090929469860976,
        0.00017074549041831913,
        20.865856385118605
      ],
      [
        0.00018430506798537656,
        -2.855502461028918e-06,
        1.0000008297757448,
        1.3491845281129144
      ],
      [
        0.0,
        0.0,
        0.0,
        1.0
      ]
    ],
    "location": [
      7.688613885948143,
      20.865856385118605,
      1.3491845281129144
    ],
    "rotation": [
      -2.8555000915964417e-06,
      -0.0001843049129660354,
      -1.5206913291208186
    ]
  },
  {
    "label_id": "WrQ9WB5nz7yw3pLq2Sx4JA",
    "size": [
      1.9338659153476878,
      4.5722265271665545,
      1.5399999999999636
    ],
    "obj_class": "vehicle",
    "point_num_in_lidar": 1758,
    "speed": 5.630149447159408e-29,
    "if_vehicle": true,
    "motion_state": false,
    "pose": [
      [
        0.9997148037822815,
        -0.028846023730526364,
        -3.216406582402588e-07,
        3.9391482354367326
      ],
      [
        0.028846392110375995,
        0.9997143967982239,
        0.00017074549041831913,
        -7.48135255913985
      ],
      [
        1.06293891596545e-06,
        -0.00018432412251319713,
        1.0000008297757448,
        0.6174325100625992
      ],
      [
        0.0,
        0.0,
        0.0,
        1.0
      ]
    ],
    "location": [
      3.9391482354367326,
      -7.48135255913985,
      0.6174325100625992
    ],
    "rotation": [
      -0.00018432396747814907,
      -1.0629380159080182e-06,
      0.028846617322197628
    ]
  },
  {
    "label_id": "X8OBaKk4dxIT8dFfdO_PYQ",
    "size": [
      2.1633729765809924,
      5.267996842103457,
      2.6200000000000045
    ],
    "obj_class": "vehicle",
    "point_num_in_lidar": 79,
    "speed": 4.539171574425185e-28,
    "if_vehicle": true,
    "motion_state": false,
    "pose": [
      [
        0.9994498809163932,
        0.036901456918598065,
        -3.216406582402588e-07,
        79.206483001788
      ],
      [
        -0.036901062594321646,
        0.9994494990157492,
        0.00017074549041831913,
        2.1854113936096837
      ],
      [
        1.3171453517262549e-05,
        -0.00018385598927323976,
        1.0000008297757448,
        1.8009151940415222
      ],
      [
        0.0,
        0.0,
        0.0,
        1.0
      ]
    ],
    "location": [
      79.206483001788,
      2.1854113936096837,
      1.8009151940415222
    ],
    "rotation": [
      -0.0001838558346425016,
      -1.317144236454035e-05,
      -0.03690461053275597
    ]
  },
  {
    "label_id": "YTw2k0_-8UqolJn4WQRc2g",
    "size": [
      0.7131402618200019,
      0.9424020280400371,
      1.5199999999999818
    ],
    "obj_class": "pedestrian",
    "point_num_in_lidar": 20,
    "speed": 1.5378376520266366,
    "if_vehicle": false,
    "motion_state": true,
    "pose": [
      [
        0.03718509736123265,
        0.9994393681063116,
        -3.216406582402588e-07,
        33.46914070067396
      ],
      [
        -0.9994389580632236,
        0.03718546233301609,
        0.00017074549041831913,
        -16.257708663233643
      ],
      [
        0.00018432657575886635,
        -4.748140798407162e-07,
        1.0000008297757448,
        1.0043496424385694
      ],
      [
        0.0,
        0.0,
        0.0,
        1.0
      ]
    ],
    "location": [
      33.46914070067396,
      -16.257708663233643,
      1.0043496424385694
    ],
    "rotation": [
      -4.7481368585180066e-07,
      -0.0001843264207216785,
      -1.5336075089592047
    ]
  },
  {
    "label_id": "YZp0XjCF9MO6a2x7szWEXA",
    "size": [
      1.9473680660204535,
      3.8082084000475307,
      1.509999999999991
    ],
    "obj_class": "vehicle",
    "point_num_in_lidar": 110,
    "speed": 2.815074723579704e-29,
    "if_vehicle": true,
    "motion_state": false,
    "pose": [
      [
        0.9982186007483832,
        -0.06181753073722625,
        -3.216406582402588e-07,
        40.33791436673164
      ],
      [
        0.06181788548737897,
        0.9982181818306515,
        0.00017074549041831913,
        -7.056325494017074
      ],
      [
        -5.019713887441457e-06,
        -0.00018425882462418835,
        1.0000008297757448,
        0.8435879912767632
      ],
      [
        0.0,
        0.0,
        0.0,
        1.0
      ]
    ],
    "location": [
      40.33791436673164,
      -7.056325494017074,
      0.8435879912767632
    ],
    "rotation": [
      -0.0001842586696455406,
      5.019709636953195e-06,
      0.06184921901122671
    ]
  },
  {
    "label_id": "_42Q0-0TvA-QU1Ls8X0ApA",
    "size": [
      0.6946825789128181,
      0.9723594347349624,
      1.6100000000000136
    ],
    "obj_class": "pedestrian",
    "point_num_in_lidar": 66,
    "speed": 1.6344933963163362,
    "if_vehicle": false,
    "motion_state": true,
    "pose": [
      [
        0.058341770145373506,
        0.9984277739740678,
        -3.216406582402588e-07,
        9.32335415248781
      ],
      [
        -0.998427356293969,
        0.05834212635187527,
        0.00017074549041831913,
        25.66336873747605
      ],
      [
        0.00018427518445404405,
        -4.37817014603182e-06,
        1.0000008297757448,
        1.2901062916587307
      ],
      [
        0.0,
        0.0,
        0.0,
        1.0
      ]
    ],
    "location": [
      9.32335415248781,
      25.66336873747605,
      1.2901062916587307
    ],
    "rotation": [
      -4.378166513107467e-06,
      -0.00018427502945949967,
      -1.5124290325108605
    ]
  },
  {
    "label_id": "aANSRZ5XPxs8mHhsbxTcGg",
    "size": [
      0.8077633193168802,
      0.8146921552102152,
      1.07000000000005
    ],
    "obj_class": "sign",
    "point_num_in_lidar": 35,
    "speed": 2.5348045458401387e-28,
    "if_vehicle": false,
    "motion_state": false,
    "pose": [
      [
        -0.009998788572805787,
        -1.0000808998344004,
        -3.216406582402588e-07,
        32.098751936340705
      ],
      [
        1.0000804998656696,
        -0.009999164557846763,
        0.00017074549041831913,
        -28.770326202586148
      ],
      [
        -0.00018427134735707988,
        -4.53679651359519e-06,
        1.0000008297757448,
        0.33966903180942154
      ],
      [
        0.0,
        0.0,
        0.0,
        1.0
      ]
    ],
    "location": [
      32.098751936340705,
      -28.770326202586148,
      0.33966903180942154
    ],
    "rotation": [
      -4.536792749043481e-06,
      0.00018427119236571948,
      1.5807939774195854
    ]
  },
  {
    "label_id": "dWu2dkV959ZVbiXuXYme9A",
    "size": [
      1.9876994670929105,
      4.6193943709231275,
      1.4600000000000364
    ],
    "obj_class": "vehicle",
    "point_num_in_lidar": 4060,
    "speed": 4.539171574425185e-28,
    "if_vehicle": true,
    "motion_state": false,
    "pose": [
      [
        0.9999292821322396,
        0.02008015739509408,
        -3.216406582402588e-07,
        1.6189795424234035
      ],
      [
        -0.020079769552241597,
        0.9999288936510192,
        0.00017074549041831913,
        3.2232138969866355
      ],
      [
        1.0076150989791242e-05,
        -0.00018405157744673048,
        1.0000008297757448,
        0.756259913149961
      ],
      [
        0.0,
        0.0,
        0.0,
        1.0
      ]
    ],
    "location": [
      1.6189795424234035,
      3.2232138969866355,
      0.756259913149961
    ],
    "rotation": [
      -0.00018405142264707962,
      -1.0076142457847188e-05,
      -0.02007849102952329
    ]
  },
  {
    "label_id": "eTLt3z7Tt1__uHa0Pj96uQ",
    "size": [
      0.596902415900762,
      0.5832202862830158,
      0.9800000000000182
    ],
    "obj_class": "sign",
    "point_num_in_lidar": 101,
    "speed": 5.630147349457311e-29,
    "if_vehicle": false,
    "motion_state": false,
    "pose": [
      [
        0.9986388331219809,
        -0.05461009949886879,
        -3.216406582402588e-07,
        1.7322238762480993
      ],
      [
        0.054610457263811675,
        0.9986384167759919,
        0.00017074549041831913,
        5.192517336621677
      ],
      [
        -3.689477618948336e-06,
        -0.00018429025946668418,
        1.0000008297757448,
        0.7174058294717724
      ],
      [
        0.0,
        0.0,
        0.0,
        1.0
      ]
    ],
    "location": [
      1.7322238762480993,
      5.192517336621677,
      0.7174058294717724
    ],
    "rotation": [
      -0.00018429010446088513,
      3.689474494842575e-06,
      0.0546304795422111
    ]
  },
  {
    "label_id": "hVOvDRfPPYheooNcglGZfw",
    "size": [
      1.968775439042792,
      4.426137945390364,
      1.5
    ],
    "obj_class": "vehicle",
    "point_num_in_lidar": 59,
    "speed": 4.539171600443973e-28,
    "if_vehicle": true,
    "motion_state": false,
    "pose": [
      [
        0.9946373561560725,
        -0.1046819551086337,
        -3.216406582402588e-07,
        51.00903801028835
      ],
      [
        0.10468229151799019,
        0.9946369223721613,
        0.00017074549041831913,
        -6.6161286284041125
      ],
      [
        -1.2937867956751263e-05,
        -0.00018387257422501307,
        1.0000008297757448,
        0.8471909505225312
      ],
      [
        0.0,
        0.0,
        0.0,
        1.0
      ]
    ],
    "location": [
      51.00903801028835,
      -6.6161286284041125,
      0.8471909505225312
    ],
    "rotation": [
      -0.00018387241957995245,
      1.2937857001800832e-05,
      0.10486065329843877
    ]
  },
  {
    "label_id": "hZi4PVr1d8UDd4LN2La8hQ",
    "size": [
      0.6102209059398617,
      0.8683952988068919,
      1.8400000000000318
    ],
    "obj_class": "pedestrian",
    "point_num_in_lidar": 209,
    "speed": 1.5831535762986215,
    "if_vehicle": false,
    "motion_state": true,
    "pose": [
      [
        -0.04546943432276115,
        0.9990967483326507,
        -3.216406582402588e-07,
        5.772766401671106
      ],
      [
        -0.9990963698270008,
        -0.045469036738543925,
        0.00017074549041831913,
        16.34155422587901
      ],
      [
        0.00018373629841433468,
        1.4747359912820319e-05,
        1.0000008297757448,
        1.33131993372956
      ],
      [
        0.0,
        0.0,
        0.0,
        1.0
      ]
    ],
    "location": [
      5.772766401671106,
      16.34155422587901,
      1.33131993372956
    ],
    "rotation": [
      1.4747347674759812e-05,
      -0.0001837361438669764,
      -1.6162755041650176
    ]
  },
  {
    "label_id": "iYoNqzfcHozgqJVHl7Yxnw",
    "size": [
      1.972967373819462,
      3.9732415768768115,
      1.57000000000005
    ],
    "obj_class": "vehicle",
    "point_num_in_lidar": 29,
    "speed": 4.504119557727526e-28,
    "if_vehicle": true,
    "motion_state": false,
    "pose": [
      [
        0.9993657744168902,
        0.039113052944475826,
        -3.216406582402588e-07,
        50.24420807833849
      ],
      [
        -0.039112657776055604,
        0.9993653933897829,
        0.00017074549041831913,
        2.4158450695213105
      ],
      [
        1.3578276873345752e-05,
        -0.00018382639194780998,
        1.0000008297757448,
        0.9645283534493956
      ],
      [
        0.0,
        0.0,
        0.0,
        1.0
      ]
    ],
    "location": [
      50.24420807833849,
      2.4158450695213105,
      0.9645283534493956
    ],
    "rotation": [
      -0.00018382623734263125,
      -1.3578265376176869e-05,
      -0.03911751526733573
    ]
  },
  {
    "label_id": "ifMXmnBpfdQ88ZpSpy5LIA",
    "size": [
      0.24340906766558196,
      0.052982123451976726,
      0.37999999999999545
    ],
    "obj_class": "sign",
    "point_num_in_lidar": 78,
    "speed": 0.0005781769211416672,
    "if_vehicle": false,
    "motion_state": false,
    "pose": [
      [
        -0.6196973144532872,
        0.7850076562976258,
        -3.216406582402588e-07,
        4.965595149114961
      ],
      [
        -0.7850075807587024,
        -0.6196967707312923,
        0.00017074549041831913,
        4.902251602245087
      ],
      [
        0.00014064023974735994,
        0.00011915047185472944,
        1.0000008297757448,
        0.8076349177009661
      ],
      [
        0.0,
        0.0,
        0.0,
        1.0
      ]
    ],
    "location": [
      4.965595149114961,
      4.902251602245087,
      0.8076349177009661
    ],
    "rotation": [
      0.00011915037242278816,
      -0.00014064012112200593,
      -2.239050028351488
    ]
  },
  {
    "label_id": "iwVyTv3GqaEq5Lo6tx5S8A",
    "size": [
      0.8450336275348765,
      1.1945977308094293,
      1.810638297872515
    ],
    "obj_class": "pedestrian",
