[
  {
    "label_id": "-r18nvGJT_LauvErk1VSrg",
    "size": [
      0.720847382176379,
      2.0829883357271277,
      1.9099999999999682
    ],
    "obj_class": "vehicle",
    "point_num_in_lidar": 48,
    "speed": 5.684341886080801e-13,
    "if_vehicle": true,
    "motion_state": false,
    "pose": [
      [
        -0.0009988397778788471,
        1.000130379026808,
        -9.619460948673152e-05,
        31.48528867817913
      ],
      [
        -1.0001299877460714,
        -0.0009984429906910583,
        0.0001714061904653152,
        49.96603182844774
      ],
      [
        0.000184775233733097,
        0.00010242390857485879,
        1.0000008244477332,
        1.8258470886512441
      ],
      [
        0.0,
        0.0,
        0.0,
        1.0
      ]
    ],
    "location": [
      31.48528867817913,
      49.96603182844774,
      1.8258470886512441
    ],
    "rotation": [
      0.00010242382377360535,
      -0.0001847750783236425,
      -1.5717950364206743
    ]
  },
  {
    "label_id": "013Doq8QGPt4_5ps9n1EBQ",
    "size": [
      0.6441504486103403,
      0.9234385820636817,
      1.669999999999959
    ],
    "obj_class": "pedestrian",
    "point_num_in_lidar": 152,
    "speed": 1.473455052084979,
    "if_vehicle": false,
    "motion_state": true,
    "pose": [
      [
        0.011233382759500863,
        1.0000677896247767,
        -9.619460948673152e-05,
        9.568124356113913
      ],
      [
        -1.0000673935203797,
        0.011233774731430793,
        0.0001714061904653152,
        18.904004120293393
      ],
      [
        0.00018601411434714346,
        0.00010015634434482802,
        1.0000008244477332,
        1.2381937697739431
      ],
      [
        0.0,
        0.0,
        0.0,
        1.0
      ]
    ],
    "location": [
      9.568124356113913,
      18.904004120293393,
      1.2381937697739431
    ],
    "rotation": [
      0.00010015626143632664,
      -0.00018601395790994126,
      -1.5595641734196695
    ]
  },
  {
    "label_id": "0VCoeT-jjrIfzTCsOWz20A",
    "size": [
      0.7544329631618908,
      1.043993850799436,
      0.9800000000000182
    ],
    "obj_class": "sign",
    "point_num_in_lidar": 198,
    "speed": 1.4075365228319075e-29,
    "if_vehicle": false,
    "motion_state": false,
    "pose": [
      [
        -0.1029022284864912,
        0.9948230516557818,
        -9.619460948673152e-05,
        11.692034577414233
      ],
      [
        -0.9948227028423619,
        -0.10290179389486064,
        0.0001714061904653152,
        11.077785658497305
      ],
      [
        0.00017337698720056065,
        0.00012071853361488701,
        1.0000008244477332,
        0.7167127426126854
      ],
      [
        0.0,
        0.0,
        0.0,
        1.0
      ]
    ],
    "location": [
      11.692034577414233,
      11.077785658497305,
      0.7167127426126854
    ],
    "rotation": [
      0.00012071843350244017,
      -0.0001733768412599005,
      -1.6738675273150727
    ]
  },
  {
    "label_id": "0_HBXNo3olLueqYvkPohlg",
    "size": [
      1.7479682991906942,
      3.9316593479287927,
      1.7000000000000455
    ],
    "obj_class": "vehicle",
    "point_num_in_lidar": 61,
    "speed": 2.256452701073467e-28,
    "if_vehicle": true,
    "motion_state": false,
    "pose": [
      [
        0.9998873514824119,
        -0.0220693696941278,
        -9.619460948673152e-05,
        56.57756348679686
      ],
      [
        0.022069757350892484,
        0.9998869511538969,
        0.0001714061904653152,
        -6.0365916970295075
      ],
      [
        9.813483159143e-05,
        -0.00018708847874039338,
        1.0000008244477332,
        1.0278955624406763
      ],
      [
        0.0,
        0.0,
        0.0,
        1.0
      ]
    ],
    "location": [
      56.57756348679686,
      -6.0365916970295075,
      1.0278955624406763
    ],
    "rotation": [
      -0.00018708832231302398,
      -9.813474865197243e-05,
      0.022068660389569807
    ]
  },
  {
    "label_id": "2-A6zakvKX2opVnyx9gplQ",
    "size": [
      0.7707275497534986,
      1.107612320671707,
      1.7999999999999545
    ],
    "obj_class": "pedestrian",
    "point_num_in_lidar": 38,
    "speed": 0.35158400986840666,
    "if_vehicle": false,
    "motion_state": false,
    "pose": [
      [
        -1.0001230271076698,
        -0.0039627493233402086,
        -9.619460948673152e-05,
        28.901408456498757
      ],
      [
        0.003962351378323431,
        -1.0001226370045413,
        0.0001714061904653152,
        8.967293432238876
      ],
      [
        -0.0001029710453007981,
        0.00018447088626266517,
        1.0000008244477332,
        0.9953748510273499
      ],
      [
        0.0,
        0.0,
        0.0,
        1.0
      ]
    ],
    "location": [
      28.901408456498757,
      8.967293432238876,
      0.9953748510273499
    ],
    "rotation": [
      0.00018447073208370727,
      0.00010297095829066626,
      3.1376308103568946
    ]
  },
  {
    "label_id": "2OYKagQRfCdaOXgU5RkMBA",
    "size": [
      0.8627759996271234,
      0.6348824674672757,
      1.1499999999999773
    ],
    "obj_class": "sign",
    "point_num_in_lidar": 49,
    "speed": 0.0024609175522706337,
    "if_vehicle": false,
    "motion_state": false,
    "pose": [
      [
        0.015358550640009601,
        1.000012943743953,
        -9.619460948673152e-05,
        30.415497212025002
      ],
      [
        -1.000012546026048,
        0.015358940974680506,
        0.0001714061904653152,
        12.444287860258555
      ],
      [
        0.00018642567507957136,
        9.938818702440983e-05,
        1.0000008244477332,
        0.6849089285459513
      ],
      [
        0.0,
        0.0,
        0.0,
        1.0
      ]
    ],
    "location": [
      30.415497212025002,
      12.444287860258555,
      0.6849089285459513
    ],
    "rotation": [
      9.938810475686013e-05,
      -0.00018642551830101066,
      -1.5554391762425561
    ]
  },
  {
    "label_id": "2SYmRAjI0pCOwp2XYemMBQ",
    "size": [
      0.9588610015812886,
      0.6083173834498694,
      1.67999999999995
    ],
    "obj_class": "pedestrian",
    "point_num_in_lidar": 348,
    "speed": 0.008529050932260423,
    "if_vehicle": false,
    "motion_state": false,
    "pose": [
      [
        0.9978325997532503,
        0.06776337951193001,
        -9.619460948673152e-05,
        11.797323102946393
      ],
      [
        -0.06776295748875372,
        0.9978322358341304,
        0.0001714061904653152,
        7.200212142688542
      ],
      [
        0.0001145306574174164,
        -0.00017752541384378375,
        1.0000008244477332,
        0.8936610192706667
      ],
      [
        0.0,
        0.0,
        0.0,
        1.0
      ]
    ],
    "location": [
      11.797323102946393,
      7.200212142688542,
      0.8936610192706667
    ],
    "rotation": [
      -0.00017752526561856343,
      -0.00011453056068745011,
      -0.06780603814791862
    ]
  },
  {
    "label_id": "3083QteOhZ_vSpxmP0XK-Q",
    "size": [
      0.8198295781744149,
      0.7789331854908985,
      1.2000000000000455
    ],
    "obj_class": "sign",
    "point_num_in_lidar": 45,
    "speed": 1.4075365228319075e-29,
    "if_vehicle": false,
    "motion_state": false,
    "pose": [
      [
        -0.03627723462541031,
        0.9994727284829442,
        -9.619460948673152e-05,
        28.956059697720775
      ],
      [
        -0.9994723514421526,
        -0.03627682428295731,
        0.0001714061904653152,
        14.902581722366449
      ],
      [
        0.00018104729776473544,
        0.0001088780052212574,
        1.0000008244477332,
        0.7363255909368718
      ],
      [
        0.0,
        0.0,
        0.0,
        1.0
      ]
    ],
    "location": [
      28.956059697720775,
      14.902581722366449,
      0.7363255909368718
    ],
    "rotation": [
      0.00010887791502687933,
      -0.00018104714544959626,
      -1.6070767864558781
    ]
  },
  {
    "label_id": "3mqY30kFisxCydiO2pKjPA",
    "size": [
      0.8321203191371429,
      1.0700067716390604,
      1.7200000000000273
    ],
    "obj_class": "pedestrian",
    "point_num_in_lidar": 42,
    "speed": 1.5439829607499476,
    "if_vehicle": false,
    "motion_state": true,
    "pose": [
      [
        0.03772915993700771,
        0.9994189728155335,
        -9.619460948673152e-05,
        33.518902137500845
      ],
      [
        -0.9994185664637781,
        0.0377295412753591,
        0.0001714061904653152,
        -24.281765635421834
      ],
      [
        0.00018860273423043015,
        9.519218817570293e-05,
        1.0000008244477332,
        0.7622743920400126
      ],
      [
        0.0,
        0.0,
        0.0,
        1.0
      ]
    ],
    "location": [
      33.518902137500845,
      -24.281765635421834,
      0.7622743920400126
    ],
    "rotation": [
      9.519210940725491e-05,
      -0.00018860257564669048,
      -1.5330631353953506
    ]
  },
  {
    "label_id": "45vGTk6HpmeCTR2Etiwq8w",
    "size": [
      0.7077057722273477,
      0.7957618448156345,
      1.07000000000005
    ],
    "obj_class": "sign",
    "point_num_in_lidar": 36,
    "speed": 2.2531544517870158e-28,
    "if_vehicle": false,
    "motion_state": false,
    "pose": [
      [
        -1.0000520749484088,
        0.012554685364058146,
        -9.619460948673152e-05,
        41.39408693910627
      ],
      [
        -0.01255507681230388,
        -1.0000516783264752,
        0.0001714061904653152,
        4.351726368613527
      ],
      [
        -9.991049082965377e-05,
        0.0001861462808413044,
        1.0000008244477332,
        0.6758744546191338
      ],
      [
        0.0,
        0.0,
        0.0,
        1.0
      ]
    ],
    "location": [
      41.39408693910627,
      4.351726368613527,
      0.6758744546191338
    ],
    "rotation": [
      0.0001861461252235403,
      9.991040639533901e-05,
      -3.129038890068397
    ]
  },
  {
    "label_id": "4BPsEUa8pjB_nYeEbm-YSA",
    "size": [
      0.8876985042475346,
      1.0727947770953707,
      1.7511702127660556
    ],
    "obj_class": "pedestrian",
    "point_num_in_lidar": 249,
    "speed": 0.017222662223129955,
    "if_vehicle": false,
    "motion_state": false,
    "pose": [
      [
        0.8978355756748337,
        0.44062801974664295,
        -9.619460948673152e-05,
        10.98363175916711
      ],
      [
        -0.4406274913333972,
        0.897835398699895,
        0.0001714061904653152,
        8.655070603146669
      ],
      [
        0.0001732336043254296,
        -0.00012092420097438099,
        1.0000008244477332,
        1.0844869183603123
      ],
      [
        0.0,
        0.0,
        0.0,
        1.0
      ]
    ],
    "location": [
      10.98363175916711,
      8.655070603146669,
      1.0844869183603123
    ],
    "rotation": [
      -0.00012092410068937,
      -0.00017323345850402756,
      -0.4562334430752325
    ]
  },
  {
    "label_id": "6cJfOa0GEVIor5deOQECIw",
    "size": [
      0.8707727370746527,
      1.1612597197178984,
      1.8100000000000591
    ],
    "obj_class": "pedestrian",
    "point_num_in_lidar": 263,
    "speed": 1.7529803305779845,
    "if_vehicle": false,
    "motion_state": true,
    "pose": [
      [
        0.0754603136429383,
        0.9972800578564267,
        -9.619460948673152e-05,
        7.834595465617895
      ],
      [
        -0.997279637387796,
        0.07546067935705861,
        0.0001714061904653152,
        18.473365892565198
      ],
      [
        0.00019206445158849344,
        8.799880956515746e-05,
        1.0000008244477332,
        1.2689892222713297
      ],
      [
        0.0,
        0.0,
        0.0,
        1.0
      ]
    ],
    "location": [
      7.834595465617895,
      18.473365892565198,
      1.2689892222713297
    ],
    "rotation": [
      8.799873678765065e-05,
      -0.0001920642901362038,
      -1.4952740852245792
    ]
  },
  {
    "label_id": "8IZ7fkXm0FDeUdEuJAqSlA",
    "size": [
      0.7446914889116046,
      1.0496260774128139,
      1.7300000000000182
    ],
    "obj_class": "pedestrian",
    "point_num_in_lidar": 119,
    "speed": 1.6754924861527698,
    "if_vehicle": false,
    "motion_state": true,
    "pose": [
      [
        -0.9972772754385999,
        -0.07549707694322609,
        -9.619460948673152e-05,
        24.696286745445832
      ],
      [
        0.07549665211143566,
        -0.9972769148021664,
        0.0001714061904653152,
        8.494936949127805
      ],
      [
        -0.00011590348789441824,
        0.00017663217584228762,
        1.0000008244477332,
        1.1913713401164614
      ],
      [
        0.0,
        0.0,
        0.0,
        1.0
      ]
    ],
    "location": [
      24.696286745445832,
      8.494936949127805,
      1.1913713401164614
    ],
    "rotation": [
      0.0001766320283815039,
      0.00011590339001110177,
      3.066034003685629
    ]
  },
  {
    "label_id": "8k1Wkk08druqr8A5YTrqFQ",
    "size": [
      2.1684109006720287,
      4.238163060626746,
      1.7100000000000364
    ],
    "obj_class": "vehicle",
    "point_num_in_lidar": 230,
    "speed": 1.1347921977055593e-28,
    "if_vehicle": true,
    "motion_state": false,
    "pose": [
      [
        1.0000429949121992,
        -0.013258244991233214,
        -9.619460948673152e-05,
        38.78092836592987
      ],
      [
        0.013258636160348128,
        1.0000425980149696,
        0.0001714061904653152,
        2.434997890553859
      ],
      [
        9.977950733772643e-05,
        -0.00018621652441261143,
        1.0000008244477332,
        0.9699979189848591
      ],
      [
        0.0,
        0.0,
        0.0,
        1.0
      ]
    ],
    "location": [
      38.78092836592987,
      2.434997890553859,
      0.9699979189848591
    ],
    "rotation": [
      -0.00018621636873450035,
      -9.977942301367077e-05,
      0.013257289394862301
    ]
  },
  {
    "label_id": "A4kzX4tBck4XcFuUOPA6Lg",
    "size": [
      0.7530091452421247,
      1.132073132049114,
      1.8246200607903802
    ],
    "obj_class": "pedestrian",
    "point_num_in_lidar": 336,
    "speed": 1.502094710415986,
    "if_vehicle": false,
    "motion_state": true,
    "pose": [
      [
        0.9827788766000551,
        -0.18549245925897376,
        -9.619460948673152e-05,
        15.958996653549548
      ],
      [
        0.18549277613423215,
        0.9827784181998392,
        0.0001714061904653152,
        4.830747273315865
      ],
      [
        6.617661402508551e-05,
        -0.00020063200094961846,
        1.0000008244477332,
        1.109741033481214
      ],
      [
        0.0,
        0.0,
        0.0,
        1.0
      ]
    ],
    "location": [
      15.958996653549548,
      4.830747273315865,
      1.109741033481214
    ],
    "rotation": [
      -0.0002006318328471365,
      -6.617655803746102e-05,
      0.18654860416734215
    ]
  },
  {
    "label_id": "AWjsPzPKZ7MTv8Ta3AXBbQ",
    "size": [
      2.1060783521372146,
      4.515543669845269,
      1.4600000000000364
    ],
    "obj_class": "vehicle",
    "point_num_in_lidar": 98,
    "speed": 7.037682614159538e-30,
    "if_vehicle": true,
    "motion_state": false,
    "pose": [
      [
        0.996263188610597,
        -0.08787167776169116,
        -9.619460948673152e-05,
        44.89225538834944
      ],
      [
        0.08787203821217361,
        0.9962627636210243,
        0.0001714061904653152,
        -6.917366334489998
      ],
      [
        8.560057827770921e-05,
        -0.0001931452433983148,
        1.0000008244477332,
        0.834309987682218
      ],
      [
        0.0,
        0.0,
        0.0,
        1.0
      ]
    ],
    "location": [
      44.89225538834944,
      -6.917366334489998,
      0.834309987682218
    ],
    "rotation": [
      -0.00019314508175852742,
      -8.560050589882254e-05,
      0.0879739704412483
    ]
  },
  {
    "label_id": "AhVLDKKFO3nP9YBAG8x0pw",
    "size": [
      1.9318567274618768,
      4.066022807258439,
      1.509999999999991
    ],
    "obj_class": "vehicle",
    "point_num_in_lidar": 194,
    "speed": 2.815073045663815e-29,
    "if_vehicle": true,
    "motion_state": false,
    "pose": [
      [
        0.028929974327475298,
        -0.9997123732947493,
        -9.619460948673152e-05,
        27.15428985314793
      ],
      [
        0.9997119932480616,
        0.02892956676741539,
        0.0001714061904653152,
        27.835712820116896
      ],
      [
        -0.00018184267748744173,
        -0.00010754433826599585,
        1.0000008244477332,
        1.2749332609113253
      ],
      [
        0.0,
        0.0,
        0.0,
        1.0
      ]
    ],
    "location": [
      27.15428985314793,
      27.835712820116896,
      1.2749332609113253
    ],
    "rotation": [
      -0.00010754424918677252,
      0.0001818425245118971,
      1.5418660918773748
    ]
  },
  {
    "label_id": "Aof9zDLMpOMBf2RZkTgB1g",
    "size": [
      0.6466332595231475,
      2.732983268659154,
      3.449999999999932
    ],
    "obj_class": "vehicle",
    "point_num_in_lidar": 109,
    "speed": 1.0658141036401503e-13,
    "if_vehicle": true,
    "motion_state": false,
    "pose": [
      [
        -0.04927568287091471,
        -0.9989162526512487,
        -9.619460948673152e-05,
        31.202282628079047
      ],
      [
        0.9989158419199725,
        -0.049276059488102444,
        0.0001714061904653152,
        58.68852079512544
      ],
      [
        -0.00018969015895933068,
        -9.30063849574632e-05,
        1.0000008244477332,
        2.6297984345876557
      ],
      [
        0.0,
        0.0,
        0.0,
        1.0
      ]
    ],
    "location": [
      31.202282628079047,
      58.68852079512544,
      2.6297984345876557
    ],
    "rotation": [
      -9.300630801044961e-05,
      0.00018968999947425175,
      1.62008553661809
    ]
  },
  {
    "label_id": "Bii0LlYiSm3-IvhedQ-6-A",
    "size": [
      0.9534934801989968,
      0.861946449469542,
      2.090000000000032
    ],
    "obj_class": "pedestrian",
    "point_num_in_lidar": 25,
    "speed": 1.9557824429755672,
    "if_vehicle": false,
    "motion_state": true,
    "pose": [
      [
        -0.997690799990969,
        -0.06982005690765807,
        -9.619460948673152e-05,
        51.18672942777084
      ],
      [
        0.06981963413523576,
        -0.9976904369425341,
        0.0001714061904653152,
        7.905412614916713
      ],
      [
        -0.00011489634528359518,
        0.00017728895591475837,
        1.0000008244477332,
        1.400222387980648
      ],
      [
        0.0,
        0.0,
        0.0,
        1.0
      ]
    ],
    "location": [
      51.18672942777084,
      7.905412614916713,
      1.400222387980648
    ],
    "rotation": [
      0.00017728880789192719,
      0.0001148962482463839,
      3.071725325675174
    ]
  },
  {
    "label_id": "Ci0SMk2Xx8Zw2IqmYtHZZg",
    "size": [
      0.7846277475943193,
      0.8616288832576037,
      1.6000000000000227
    ],
    "obj_class": "pedestrian",
    "point_num_in_lidar": 26,
    "speed": 1.4188810150848603,
    "if_vehicle": false,
    "motion_state": true,
    "pose": [
      [
        -0.9981731809961341,
        0.06254657043569618,
        -9.619460948673152e-05,
        52.633472573566905
      ],
      [
        -0.06254694156115263,
        -0.9981727652960225,
        0.0001714061904653152,
        5.545075467742208
      ],
      [
        -9.04772571926317e-05,
        0.0001909094287345979,
        1.0000008244477332,
        1.238513021683957
      ],
      [
        0.0,
        0.0,
        0.0,
        1.0
      ]
    ],
    "location": [
      52.633472573566905,
      5.545075467742208,
      1.238513021683957
    ],
    "rotation": [
      0.0001909092690205666,
      9.047718070325642e-05,
      -3.079013060655069
    ]
  },
  {
    "label_id": "DMyvJcDBgX_UfZY7i4gQUg",
    "size": [
      2.2010175447229887,
      5.031357921109429,
      1.7300000000000182
    ],
    "obj_class": "vehicle",
    "point_num_in_lidar": 6768,
    "speed": 1.4075344253602372e-29,
    "if_vehicle": true,
    "motion_state": false,
    "pose": [
      [
        0.9990211675193332,
        -0.047100738651497415,
        -9.619460948673152e-05,
        2.300220474915477
      ],
      [
        0.04710111616203123,
        0.9990207576089964,
        0.0001714061904653152,
        -3.525678695690658
      ],
      [
        9.341915546461208e-05,
        -0.00018948721709168662,
        1.0000008244477332,
        0.8308009885145111
      ],
      [
        0.0,
        0.0,
        0.0,
        1.0
      ]
    ],
    "location": [
      2.300220474915477,
      -3.525678695690658,
      0.8308009885145111
    ],
    "rotation": [
      -0.0001894870586016427,
      -9.341907649658254e-05,
      0.04711237795871776
    ]
  },
  {
    "label_id": "FaLjVnzgLbkn0NFfVlonZw",
    "size": [
      3.1341412423592128,
      4.451840989787582,
      3.0799999999999272
    ],
    "obj_class": "vehicle",
    "point_num_in_lidar": 1155,
    "speed": 1.1606843511101117e-28,
    "if_vehicle": true,
    "motion_state": false,
    "pose": [
      [
        -0.04776563487405337,
        -0.9989895979730153,
        -9.619460948673152e-05,
        30.01823636412155
      ],
      [
        0.9989891878115144,
        -0.04776601211168437,
        0.0001714061904653152,
        17.922158377994492
      ],
      [
        -0.00018954935100123463,
        -9.329302001695171e-05,
        1.0000008244477332,
        1.7958303308396353
      ],
      [
        0.0,
        0.0,
        0.0,
        1.0
      ]
    ],
    "location": [
      30.01823636412155,
      17.922158377994492,
      1.7958303308396353
    ],
    "rotation": [
      -9.329294283113559e-05,
      0.0001895491916328553,
      1.6185739054714665
    ]
  },
  {
    "label_id": "GZswbdmDQZSe88ajnioK_g",
    "size": [
      1.1505740821373558,
      4.713684939172988,
      4.259999999999991
    ],
    "obj_class": "vehicle",
    "point_num_in_lidar": 192,
    "speed": 7.037682614159538e-30,
    "if_vehicle": true,
    "motion_state": false,
    "pose": [
      [
        0.03894257369438652,
        0.9993724274199612,
        -9.619460948673152e-05,
        30.942577984711534
      ],
      [
        -0.9993720206055048,
        0.038942954539086035,
        0.0001714061904653152,
        40.37617580037295
      ],
      [
        0.00018871817252724845,
        9.496312656419432e-05,
        1.0000008244477332,
        2.829132735968983
      ],
      [
        0.0,
        0.0,
        0.0,
        1.0
      ]
    ],
    "location": [
      30.942577984711534,
      40.37617580037295,
      2.829132735968983
    ],
    "rotation": [
      9.496304798666613e-05,
      -0.00018871801384781422,
      -1.531848987566996
    ]
  },
  {
    "label_id": "NeHt8l-Xg_tze4fm4Zzhag",
    "size": [
      0.8686749354366591,
      0.8296750162009441,
      1.82000000000005
    ],
    "obj_class": "pedestrian",
    "point_num_in_lidar": 543,
    "speed": 2.2531544517870158e-28,
    "if_vehicle": false,
    "motion_state": false,
    "pose": [
      [
        0.9580338651419219,
        0.28711127803421094,
        -9.619460948673152e-05,
        1.4403172654947412
      ],
      [
        -0.28711078588279415,
        0.9580336037463023,
        0.0001714061904653152,
        10.62039665480006
      ],
      [
        0.00015100936404138665,
        -0.00014774544331615615,
        1.0000008244477332,
        1.2407231822056701
      ],
      [
        0.0,
        0.0,
        0.0,
        1.0
      ]
    ],
    "location": [
      1.4403172654947412,
      10.62039665480006,
      1.2407231822056701
    ],
    "rotation": [
      -0.0001477453204328323,
      -0.0001510092367461343,
      -0.29117008399702615
    ]
  },
  {
    "label_id": "Nx3jDnV5BFvG2rNbAk93sw",
    "size": [
      0.7698546864134804,
      0.8128752011552611,
      1.0900000000000318
    ],
    "obj_class": "sign",
    "point_num_in_lidar": 118,
    "speed": 0.0009001895984765046,
    "if_vehicle": false,
    "motion_state": false,
    "pose": [
      [
        -0.0035892485464267326,
        1.0001244372717228,
        -9.619460948673152e-05,
        12.063186978200974
      ],
      [
        -1.0001240470200072,
        -0.0035888507471235347,
        0.0001714061904653152,
        14.619136717512447
      ],
      [
        0.0001845093284047009,
        0.00010290214662735968,
        1.0000008244477332,
        0.837691466620754
      ],
      [
        0.0,
        0.0,
        0.0,
        1.0
      ]
    ],
    "location": [
      12.063186978200974,
      14.619136717512447,
      0.837691466620754
    ],
    "rotation": [
      0.00010290206142678381,
      -0.00018450917321587254,
      -1.574385114753737
    ]
  },
  {
    "label_id": "OkBzhxzagapiYam_4NK-9A",
    "size": [
      0.9161349937327288,
      0.864239601718528,
      1.8799999999999955
    ],
    "obj_class": "pedestrian",
    "point_num_in_lidar": 124,
    "speed": 0.00039577192427071384,
    "if_vehicle": false,
    "motion_state": false,
    "pose": [
      [
        -0.9934508616230799,
        -0.11539999251979328,
        -9.619460948673152e-05,
        29.978687805849404
      ],
      [
        0.11539955357757863,
        -0.9934505183004628,
        0.0001714061904653152,
        -11.658470109940026
      ],
      [
        -0.00012288851237198873,
        0.00017184573772972175,
        1.0000008244477332,
        0.9138752056070416
      ],
      [
        0.0,
        0.0,
        0.0,
        1.0
      ]
    ],
    "location": [
      29.978687805849404,
      -11.658470109940026,
      0.9138752056070416
    ],
    "rotation": [
      0.0001718455943604241,
      0.0001228884086238113,
      3.025950619358116
    ]
  },
  {
    "label_id": "Qk60fGhJPpHJTNmg9RXYjQ",
    "size": [
      0.860713081209469,
      0.8401418131687414,
      2.2000000000000455
    ],
    "obj_class": "pedestrian",
    "point_num_in_lidar": 38,
    "speed": 1.4145367595896319,
    "if_vehicle": false,
    "motion_state": true,
    "pose": [
      [
        -0.9999371714499858,
        0.019683137092693773,
        -9.619460948673152e-05,
        50.31974562285177
      ],
      [
        -0.019683525703714084,
        -0.9999367720477299,
        0.0001714061904653152,
        -15.652263303285508
      ],
      [
        -9.858102731250032e-05,
        0.00018685375324805438,
        1.0000008244477332,
        1.0576811065693619
      ],
      [
        0.0,
        0.0,
        0.0,
        1.0
      ]
    ],
    "location": [
      50.31974562285177,
      -15.652263303285508,
      1.0576811065693619
    ],
    "rotation": [
      0.00018685359702240927,
      9.858094399737892e-05,
      -3.1219104330787384
    ]
  },
  {
    "label_id": "VdReY6X9Jg2ltRKug7oWkQ",
    "size": [
      0.9147451012871815,
      0.9551121727890859,
      1.67999999999995
    ],
    "obj_class": "pedestrian",
    "point_num_in_lidar": 205,
    "speed": 1.418017389496186,
    "if_vehicle": false,
    "motion_state": true,
    "pose": [
      [
        0.04461302159608597,
        0.9991353517103052,
        -9.619460948673152e-05,
        7.66941695141395
      ],
      [
        -0.9991349427412437,
        0.044613400126129535,
        0.0001714061904653152,
        21.2658689341024
      ],
      [
        0.00018925401519071268,
        9.389069060916503e-05,
        1.0000008244477332,
        1.3553704748935615
      ],
      [
        0.0,
        0.0,
        0.0,
        1.0
      ]
    ],
    "location": [
      7.66941695141395,
      21.2658689341024,
      1.3553704748935615
    ],
    "rotation": [
      9.38906129253659e-05,
      -0.00018925385606711556,
      -1.5261743185515864
    ]
  },
  {
    "label_id": "WrQ9WB5nz7yw3pLq2Sx4JA",
    "size": [
      1.933865915347689,
      4.5722265271665545,
      1.5399999999999636
    ],
    "obj_class": "vehicle",
    "point_num_in_lidar": 1744,
    "speed": 1.4075365228319075e-29,
    "if_vehicle": true,
    "motion_state": false,
    "pose": [
      [
        0.9997148255872929,
        -0.028845107629839006,
        -9.619460948673152e-05,
        3.9391482354367326
      ],
      [
        0.02884549256467203,
        0.9997144226408179,
        0.0001714061904653152,
        -7.481352559141669
      ],
      [
        9.686467785795804e-05,
        -0.00018774924296078175,
        1.0000008244477332,
        0.6174325100627129
      ],
      [
        0.0,
        0.0,
        0.0,
        1.0
      ]
    ],
    "location": [
      3.9391482354367326,
      -7.481352559141669,
      0.6174325100627129
    ],
    "rotation": [
      -0.00018774908596543737,
      -9.686459598798276e-05,
      0.02884571763958088
    ]
  },
  {
    "label_id": "X8OBaKk4dxIT8dFfdO_PYQ",
    "size": [
      2.1633729765809924,
      5.267996842103457,
      2.6200000000000045
    ],
    "obj_class": "vehicle",
    "point_num_in_lidar": 77,
    "speed": 1.1347921977055593e-28,
    "if_vehicle": true,
    "motion_state": false,
    "pose": [
      [
        0.9994498424829107,
        0.03690237247241647,
        -9.619460948673152e-05,
        79.206483001788
      ],
      [
        -0.036901961894214276,
        0.9994494656988517,
        0.0001714061904653152,
        2.1854113936078647
      ],
      [
        0.00010899122443487166,
        -0.000180979161908383,
        1.0000008244477332,
        1.8009151940415222
      ],
      [
        0.0,
        0.0,
        0.0,
        1.0
      ]
    ],
    "location": [
      79.206483001788,
      2.1854113936078647,
      1.8009151940415222
    ],
    "rotation": [
      -0.00018097901072475342,
      -0.0001089911323608916,
      -0.0369055105205932
    ]
  },
  {
    "label_id": "YTw2k0_-8UqolJn4WQRc2g",
    "size": [
      0.7131402618209837,
      0.9424020280400371,
      1.5199999999999818
    ],
    "obj_class": "pedestrian",
    "point_num_in_lidar": 38,
    "speed": 1.508383518607949,
    "if_vehicle": false,
    "motion_state": true,
    "pose": [
      [
        0.046187172581268365,
        0.9990638206952328,
        -9.619460948673152e-05,
        33.46022663048461
      ],
      [
        -0.9990634111302787,
        0.046187550466483256,
        0.0001714061904653152,
        -15.783812446654338
      ],
      [
        0.00018940171151762857,
        9.359239137379601e-05,
        1.0000008244477332,
        1.0189507457942
      ],
      [
        0.0,
        0.0,
        0.0,
        1.0
      ]
    ],
    "location": [
      33.46022663048461,
      -15.783812446654338,
      1.0189507457942
    ],
    "rotation": [
      9.359231393855009e-05,
      -0.0001894015522716147,
      -1.5245987485565617
    ]
  },
  {
    "label_id": "YZp0XjCF9MO6a2x7szWEXA",
    "size": [
      1.9473680660204529,
      3.8082084000475307,
      1.509999999999991
    ],
    "obj_class": "vehicle",
    "point_num_in_lidar": 108,
    "speed": 7.037682614159538e-30,
    "if_vehicle": true,
    "motion_state": false,
    "pose": [
      [
        0.9982186527697517,
        -0.061816615854881594,
        -9.619460948673152e-05,
        40.33791436673164
      ],
      [
        0.06181698728422948,
        0.9982182373411458,
        0.0001714061904653152,
        -7.056325494017074
      ],
      [
        9.061684005688743e-05,
        -0.00019084321404487091,
        1.0000008244477332,
        0.8435879912768769
      ],
      [
        0.0,
        0.0,
        0.0,
        1.0
      ]
    ],
    "location": [
      40.33791436673164,
      -7.056325494017074,
      0.8435879912768769
    ],
    "rotation": [
      -0.00019084305438784254,
      -9.061676344989071e-05,
      0.06184831942781559
    ]
  },
  {
    "label_id": "Yyu039jUMIJ4gI_2-mTkSg",
    "size": [
      1.095267529373971,
      1.1481994723012645,
      1.759999999999991
    ],
    "obj_class": "pedestrian",
    "point_num_in_lidar": 34,
    "speed": 1.5236497339486914,
    "if_vehicle": false,
    "motion_state": true,
    "pose": [
      [
        0.06990744561412351,
        -0.9976846805383537,
        -9.619460948673152e-05,
        34.3450696138043
      ],
      [
        0.9976843175269511,
        0.06990702280990299,
        0.0001714061904653152,
        25.66414247215471
      ],
      [
        -0.0001772788913213038,
        -0.00011491187380232604,
        1.0000008244477332,
        1.4111880628706786
      ],
      [
        0.0,
        0.0,
        0.0,
        1.0
      ]
    ],
    "location": [
      34.3450696138043,
      25.66414247215471,
      1.4111880628706786
    ],
    "rotation": [
      -0.00011491177855777778,
      0.00017727874213662893,
      1.5008409605838195
    ]
  },
  {
    "label_id": "_42Q0-0TvA-QU1Ls8X0ApA",
    "size": [
      0.6946825789117469,
      0.9723594347349624,
      1.6100000000000136
    ],
    "obj_class": "pedestrian",
    "point_num_in_lidar": 80,
    "speed": 1.6119145888200503,
    "if_vehicle": false,
    "motion_state": true,
    "pose": [
      [
        0.0494816937157823,
        0.9989060690176157,
        -9.619460948673152e-05,
        9.309061851652586
      ],
      [
        -0.9989056582086766,
        0.04948207024825454,
        0.0001714061904653152,
        26.115435116533263
      ],
      [
        0.00018970933613427155,
        9.296726215375918e-05,
        1.0000008244477332,
        1.2851736276958263
      ],
      [
        0.0,
        0.0,
        0.0,
        1.0
      ]
    ],
    "location": [
      9.309061851652586,
      26.115435116533263,
      1.2851736276958263
    ],
    "rotation": [
      9.296718523933855e-05,
      -0.00018970917663329917,
      -1.5213008814819489
    ]
  },
  {
    "label_id": "aANSRZ5XPxs8mHhsbxTcGg",
    "size": [
      0.8077633193168796,
      0.8146921552102152,
      1.07000000000005
    ],
    "obj_class": "sign",
    "point_num_in_lidar": 34,
    "speed": 8.533911106286719e-13,
    "if_vehicle": false,
    "motion_state": false,
    "pose": [
      [
        -0.009997872223885975,
        -1.000080904369343,
        -9.619460948673152e-05,
        32.098749850254535
      ],
      [
        1.0000805087494975,
        -0.009998264684871345,
        0.0001714061904653152,
        -28.77033416832819
      ],
      [
        -0.00018589023742220375,
        -0.00010038607313760864,
        1.0000008244477332,
        0.34019833392426335
      ],
      [
        0.0,
        0.0,
        0.0,
        1.0
      ]
    ],
    "location": [
      32.098749850254535,
      -28.77033416832819,
      0.34019833392426335
    ],
    "rotation": [
      -0.00010038599003739828,
      0.00018589008108775427,
      1.5807930611472025
    ]
  },
  {
    "label_id": "dWu2dkV959ZVbiXuXYme9A",
    "size": [
      1.9876994670929098,
      4.6193943709231275,
      1.4600000000000364
    ],
    "obj_class": "vehicle",
    "point_num_in_lidar": 4049,
    "speed": 1.1347921977055593e-28,
    "if_vehicle": true,
    "motion_state": false,
    "pose": [
      [
        0.9999292591086945,
        0.020081073465967082,
        -9.619460948673152e-05,
        1.6189795424215845
      ],
      [
        -0.020080669285401514,
        0.9999288754698572,
        0.0001714061904653152,
        3.2232138969848165
      ],
      [
        0.00010593076162712717,
        -0.0001827873567563362,
        1.0000008244477332,
        0.7562599131500747
      ],
      [
        0.0,
        0.0,
        0.0,
        1.0
      ]
    ],
    "location": [
      1.6189795424215845,
      3.2232138969848165,
      0.7562599131500747
    ],
    "rotation": [
      -0.00018278720402212752,
      -0.00010593067212696255,
      -0.020079390925805317
    ]
  },
  {
    "label_id": "eTLt3z7Tt1__uHa0Pj96uQ",
    "size": [
      0.5969024159007617,
      0.5832202862830158,
      0.9800000000000182
    ],
    "obj_class": "sign",
    "point_num_in_lidar": 102,
    "speed": 1.4075344253602372e-29,
    "if_vehicle": false,
    "motion_state": false,
    "pose": [
      [
        0.9986388785377514,
        -0.05460918426483378,
        -9.619460948673152e-05,
        1.7322238762462803
      ],
      [
        0.054609558683350226,
        0.9986384658011987,
        0.0001714061904653152,
        5.192517336619858
      ],
      [
        9.199211511384846e-05,
        -0.00019018410765821904,
        1.0000008244477332,
        0.7174058294718861
      ],
      [
        0.0,
        0.0,
        0.0,
        1.0
      ]
    ],
    "location": [
      1.7322238762462803,
      5.192517336619858,
      0.7174058294718861
    ],
    "rotation": [
      -0.00019018394856851152,
      -9.199203734805192e-05,
      0.05462957994022302
    ]
  },
  {
    "label_id": "hVOvDRfPPYheooNcglGZfw",
    "size": [
      1.968775439042792,
      4.426137945390364,
      1.5
    ],
    "obj_class": "vehicle",
    "point_num_in_lidar": 54,
    "speed": 1.1347922237214744e-28,
    "if_vehicle": true,
    "motion_state": false,
    "pose": [
      [
        0.9946374474676173,
        -0.10468104330923989,
        -9.619460948673152e-05,
        51.00903801028835
      ],
      [
        0.10468139653239172,
        0.9946370164524295,
        0.0001714061904653152,
        -6.6161286284059315
      ],
      [
        8.232711967319971e-05,
        -0.00019456307310275389,
        1.0000008244477332,
        0.8471909505226449
      ],
      [
        0.0,
        0.0,
        0.0,
        1.0
      ]
    ],
    "location": [
      51.00903801028835,
      -6.6161286284059315,
      0.8471909505226449
    ],
    "rotation": [
      -0.00019456291024075962,
      -8.232705005461727e-05,
      0.10485975378916368
    ]
  },
  {
    "label_id": "hZi4PVr1d8UDd4LN2La8hQ",
    "size": [
      0.6102209059380747,
      0.8683952988068919,
      1.8400000000000318
    ],
    "obj_class": "pedestrian",
    "point_num_in_lidar": 168,
    "speed": 1.6188387203124175,
    "if_vehicle": false,
    "motion_state": true,
    "pose": [
      [
        -0.03736085425011803,
        0.9994328087985253,
        -9.619460948673152e-05,
        5.793209291550738
      ],
      [
        -0.9994324322028538,
        -0.03736044349911389,
        0.0001714061904653152,
        16.80873941023674
      ],
      [
        0.0001809291444451609,
        0.0001090742349925707,
        1.0000008244477332,
        1.3387004680666905
      ],
      [
        0.0,
        0.0,
        0.0,
        1.0
      ]
    ],
    "location": [
      5.793209291550738,
      16.80873941023674,
      1.3387004680666905
    ],
    "rotation": [
      0.0001090741446340812,
      -0.0001809289922281345,
      -1.6081609996815338
    ]
  },
  {
    "label_id": "iYoNqzfcHozgqJVHl7Yxnw",
    "size": [
      1.972967373819462,
      3.9732415768768115,
      1.57000000000005
    ],
    "obj_class": "vehicle",
    "point_num_in_lidar": 31,
    "speed": 1.126029218265526e-28,
    "if_vehicle": true,
    "motion_state": false,
    "pose": [
      [
        0.9993657339574694,
        0.03911396841100389,
        -9.619460948673152e-05,
        50.24420807833667
      ],
      [
        -0.039113557000020116,
        0.999365358082903,
        0.0001714061904653152,
        2.4158450695213105
      ],
      [
        0.00010939144703665719,
        -0.00018073753169748336,
        1.0000008244477332,
        0.9645283534493956
      ],
      [
        0.0,
        0.0,
        0.0,
        1.0
      ]
    ],
    "location": [
      50.24420807833667,
      2.4158450695213105,
      0.9645283534493956
    ],
    "rotation": [
      -0.00018073738072096874,
      -0.0001093913546261692,
      -0.0391184152678935
    ]
  },
  {
    "label_id": "ifMXmnBpfdQ88ZpSpy5LIA",
    "size": [
      0.2434090676655822,
      0.052982123451976726,
      0.37999999999999545
    ],
    "obj_class": "sign",
    "point_num_in_lidar": 78,
