[
  {
    "label_id": "-r18nvGJT_LauvErk1VSrg",
    "size": [
      0.7208473821763789,
      2.0829883357271277,
      1.9099999999999682
    ],
    "obj_class": "vehicle",
    "point_num_in_lidar": 49,
    "speed": 1.015089346091672e-27,
    "if_vehicle": true,
    "motion_state": false,
    "pose": [
      [
        -0.0009979234344780227,
        1.0001303845675957,
        -3.216406582402588e-07,
        31.485288678175493
      ],
      [
        -1.00012998875708,
        -0.0009975430744216258,
        0.00017074549041831913,
        49.96603182844592
      ],
      [
        0.00018421032522763242,
        6.562625917206146e-06,
        1.0000008297757448,
        1.8258470886511304
      ],
      [
        0.0,
        0.0,
        0.0,
        1.0
      ]
    ],
    "location": [
      31.485288678175493,
      49.96603182844592,
      1.8258470886511304
    ],
    "rotation": [
      6.562620471608644e-06,
      -0.00018421017028690768,
      -1.5717941201962757
    ]
  },
  {
    "label_id": "013Doq8QGPt4_5ps9n1EBQ",
    "size": [
      0.6441504486091278,
      0.9234385820636817,
      1.669999999999959
    ],
    "obj_class": "pedestrian",
    "point_num_in_lidar": 186,
    "speed": 1.543717114326039,
    "if_vehicle": false,
    "motion_state": true,
    "pose": [
      [
        -0.01947026121779813,
        0.9999413437370306,
        -3.216406582402588e-07,
        9.58327078934417
      ],
      [
        -0.9999409550193233,
        -0.019469873611966455,
        0.00017074549041831913,
        18.017458290934883
      ],
      [
        0.00018405768901411822,
        9.963889510703257e-06,
        1.0000008297757448,
        1.2222888518970194
      ],
      [
        0.0,
        0.0,
        0.0,
        1.0
      ]
    ],
    "location": [
      9.58327078934417,
      18.017458290934883,
      1.2222888518970194
    ],
    "rotation": [
      9.963881242586542e-06,
      -0.00018405753420005263,
      -1.590265277491476
    ]
  },
  {
    "label_id": "0VCoeT-jjrIfzTCsOWz20A",
    "size": [
      0.7544329631618908,
      1.043993850799436,
      0.9800000000000182
    ],
    "obj_class": "sign",
    "point_num_in_lidar": 204,
    "speed": 9.852762371486909e-29,
    "if_vehicle": false,
    "motion_state": false,
    "pose": [
      [
        -0.10290131747711938,
        0.9948231505388184,
        -3.216406582402588e-07,
        11.692034577414233
      ],
      [
        -0.9948227955453489,
        -0.10290089876555608,
        0.00017074549041831913,
        11.077785658497305
      ],
      [
        0.00018258283336879995,
        2.5298635109823925e-05,
        1.0000008297757448,
        0.7167127426126854
      ],
      [
        0.0,
        0.0,
        0.0,
        1.0
      ]
    ],
    "location": [
      11.692034577414233,
      11.077785658497305,
      0.7167127426126854
    ],
    "rotation": [
      2.5298614112250348e-05,
      -0.0001825826797788056,
      -1.6738666117219636
    ]
  },
  {
    "label_id": "0_HBXNo3olLueqYvkPohlg",
    "size": [
      1.7479682991906937,
      3.9316593479287927,
      1.7000000000000455
    ],
    "obj_class": "vehicle",
    "point_num_in_lidar": 61,
    "speed": 1.5795179667129462e-27,
    "if_vehicle": true,
    "motion_state": false,
    "pose": [
      [
        0.9998873358863231,
        -0.022070285921550362,
        -3.216406582402588e-07,
        56.57756348679686
      ],
      [
        0.02207065705107468,
        0.9998869314081248,
        0.00017074549041831913,
        -6.0365916970295075
      ],
      [
        2.3120805889249034e-06,
        -0.00018431268611452024,
        1.0000008297757448,
        1.0278955624406763
      ],
      [
        0.0,
        0.0,
        0.0,
        1.0
      ]
    ],
    "location": [
      56.57756348679686,
      -6.0365916970295075,
      1.0278955624406763
    ],
    "rotation": [
      -0.00018431253108935035,
      -2.3120786311420444e-06,
      0.02206956009706589
    ]
  },
  {
    "label_id": "2OYKagQRfCdaOXgU5RkMBA",
    "size": [
      0.8627759996271266,
      0.6348824674672757,
      1.1499999999999773
    ],
    "obj_class": "sign",
    "point_num_in_lidar": 47,
    "speed": 0.0024609175519808304,
    "if_vehicle": false,
    "motion_state": false,
    "pose": [
      [
        0.015359466951468287,
        1.0000129342970894,
        -3.216406582402588e-07,
        30.415596439030196
      ],
      [
        -1.0000125323186788,
        0.015359840787119829,
        0.00017074549041831913,
        12.445761051358204
      ],
      [
        0.0001842930189246974,
        3.548965345001841e-06,
        1.0000008297757448,
        0.6849314653023839
      ],
      [
        0.0,
        0.0,
        0.0,
        1.0
      ]
    ],
    "location": [
      30.415596439030196,
      12.445761051358204,
      0.6849314653023839
    ],
    "rotation": [
      3.548962400144022e-06,
      -0.00018429286391535428,
      -1.5554382599482084
    ]
  },
  {
    "label_id": "2SYmRAjI0pCOwp2XYemMBQ",
    "size": [
      0.9588610015812886,
      0.6083173834498694,
      1.67999999999995
    ],
    "obj_class": "pedestrian",
    "point_num_in_lidar": 345,
    "speed": 0.00852905093223577,
    "if_vehicle": false,
    "motion_state": false,
    "pose": [
      [
        0.9978326664549891,
        0.06776246558260697,
        -3.216406582402588e-07,
        11.793443847680464
      ],
      [
        -0.06776205964751696,
        0.9978322969195518,
        0.00017074549041831913,
        7.1968096792934375
      ],
      [
        1.884551065987087e-05,
        -0.0001833612791932037,
        1.0000008297757448,
        0.896895365082969
      ],
      [
        0.0,
        0.0,
        0.0,
        1.0
      ]
    ],
    "location": [
      11.793443847680464,
      7.1968096792934375,
      0.896895365082969
    ],
    "rotation": [
      -0.00018336112498964133,
      -1.884549470330015e-05,
      -0.0678051379683522
    ]
  },
  {
    "label_id": "3083QteOhZ_vSpxmP0XK-Q",
    "size": [
      0.8198295781744195,
      0.7789331854908985,
      1.2000000000000455
    ],
    "obj_class": "sign",
    "point_num_in_lidar": 48,
    "speed": 9.852762371486909e-29,
    "if_vehicle": false,
    "motion_state": false,
    "pose": [
      [
        -0.03627631904772966,
        0.9994727663437635,
        -3.216406582402588e-07,
        28.956059697720775
      ],
      [
        -0.9994723841965543,
        -0.036275924962399855,
        0.00017074549041831913,
        14.902581722366449
      ],
      [
        0.00018386419172073111,
        1.3056453664048329e-05,
        1.0000008297757448,
        0.7363255909369855
      ],
      [
        0.0,
        0.0,
        0.0,
        1.0
      ]
    ],
    "location": [
      28.956059697720775,
      14.902581722366449,
      0.7363255909369855
    ],
    "rotation": [
      1.3056442829386841e-05,
      -0.0001838640370672378,
      -1.6070758704121662
    ]
  },
  {
    "label_id": "3mqY30kFisxCydiO2pKjPA",
    "size": [
      0.8321203191349696,
      1.0700067716390604,
      1.7200000000000273
    ],
    "obj_class": "pedestrian",
    "point_num_in_lidar": 40,
    "speed": 1.5439829607500688,
    "if_vehicle": false,
    "motion_state": true,
    "pose": [
      [
        0.03773007580530717,
        0.9994189428694223,
        -3.216406582402588e-07,
        33.553924235911836
      ],
      [
        -0.9994185326273798,
        0.03773044055344427,
        0.00017074549041831913,
        -25.207513030611153
      ],
      [
        0.00018432628944373825,
        -5.753253886093982e-07,
        1.0000008297757448,
        0.750371483099002
      ],
      [
        0.0,
        0.0,
        0.0,
        1.0
      ]
    ],
    "location": [
      33.553924235911836,
      -25.207513030611153,
      0.750371483099002
    ],
    "rotation": [
      -5.75324911218678e-07,
      -0.00018432613440678798,
      -1.5330622190220866
    ]
  },
  {
    "label_id": "45vGTk6HpmeCTR2Etiwq8w",
    "size": [
      0.7077057722273473,
      0.7957618448156345,
      1.07000000000005
    ],
    "obj_class": "sign",
    "point_num_in_lidar": 35,
    "speed": 1.5772112031579319e-27,
    "if_vehicle": false,
    "motion_state": false,
    "pose": [
      [
        -1.0000520680707075,
        0.012555601698404887,
        -3.216406582402588e-07,
        41.394086939104454
      ],
      [
        -0.012555976659641449,
        -1.0000516671420256,
        0.00017074549041831913,
        4.351726368611708
      ],
      [
        -4.0656663783228175e-06,
        0.00018428234407099343,
        1.0000008297757448,
        0.6758744546191338
      ],
      [
        0.0,
        0.0,
        0.0,
        1.0
      ]
    ],
    "location": [
      41.394086939104454,
      4.351726368611708,
      0.6758744546191338
    ],
    "rotation": [
      0.0001842821890720312,
      4.065662935677063e-06,
      -3.1290379903233916
    ]
  },
  {
    "label_id": "4BPsEUa8pjB_nYeEbm-YSA",
    "size": [
      0.8876985042483309,
      1.0727947770953707,
      1.7511702127660556
    ],
    "obj_class": "pedestrian",
    "point_num_in_lidar": 253,
    "speed": 0.01722266193439879,
    "if_vehicle": false,
    "motion_state": false,
    "pose": [
      [
        0.8977123647092452,
        0.44087899953915116,
        -3.216406582402588e-07,
        10.975859990649042
      ],
      [
        -0.4408784838356518,
        0.8977121765879078,
        0.00017074549041831913,
        8.661929167299604
      ],
      [
        8.693227709808344e-05,
        -0.00016254012174826815,
        1.0000008297757448,
        1.0801144765000572
      ],
      [
        0.0,
        0.0,
        0.0,
        1.0
      ]
    ],
    "location": [
      10.975859990649042,
      8.661929167299604,
      1.0801144765000572
    ],
    "rotation": [
      -0.0001625399854451348,
      -8.693220359651839e-05,
      -0.45651301015962154
    ]
  },
  {
    "label_id": "6cJfOa0GEVIor5deOQECIw",
    "size": [
      0.8707727370746631,
      1.1612597197178984,
      1.8100000000000591
    ],
    "obj_class": "pedestrian",
    "point_num_in_lidar": 274,
    "speed": 1.8321855392529371,
    "if_vehicle": false,
    "motion_state": true,
    "pose": [
      [
        0.08842893761228052,
        0.9962138851568328,
        -3.216406582402588e-07,
        7.92375913867545
      ],
      [
        -0.996213456923167,
        0.08842928105902194,
        0.00017074549041831913,
        17.40184279922687
      ],
      [
        0.00018405929782960837,
        -9.934126125181346e-06,
        1.0000008297757448,
        1.2532338195635475
      ],
      [
        0.0,
        0.0,
        0.0,
        1.0
      ]
    ],
    "location": [
      7.92375913867545,
      17.40184279922687,
      1.2532338195635475
    ],
    "rotation": [
      -9.934117881764493e-06,
      -0.00018405914301420772,
      -1.4822633140515276
    ]
  },
  {
    "label_id": "8IZ7fkXm0FDeUdEuJAqSlA",
    "size": [
      0.7446914889123377,
      1.0496260774128139,
      1.7300000000000182
    ],
    "obj_class": "pedestrian",
    "point_num_in_lidar": 146,
    "speed": 1.6169138534584924,
    "if_vehicle": false,
    "motion_state": true,
    "pose": [
      [
        -0.9954646745534663,
        -0.09649799843866878,
        -3.216406582402588e-07,
        23.722604124670397
      ],
      [
        0.09649758201997864,
        -0.9954643168731463,
        0.00017074549041831913,
        8.576720216058675
      ],
      [
        -2.412328228310182e-05,
        0.00018274183765982339,
        1.0000008297757448,
        1.2143521245467355
      ],
      [
        0.0,
        0.0,
        0.0,
        1.0
      ]
    ],
    "location": [
      23.722604124670397,
      8.576720216058675,
      1.2143521245467355
    ],
    "rotation": [
      0.00018274168399101426,
      2.4123261858732122e-05,
      3.0449573632559943
    ]
  },
  {
    "label_id": "8k1Wkk08druqr8A5YTrqFQ",
    "size": [
      2.1684109006720282,
      4.238163060626746,
      1.7100000000000364
    ],
    "obj_class": "vehicle",
    "point_num_in_lidar": 235,
    "speed": 7.943550951144825e-28,
    "if_vehicle": true,
    "motion_state": false,
    "pose": [
      [
        1.0000429873898347,
        -0.013259161320510086,
        -3.216406582402588e-07,
        38.78092836592805
      ],
      [
        0.01325953599958994,
        1.000042586197457,
        0.00017074549041831913,
        2.434997890555678
      ],
      [
        3.93601793371117e-06,
        -0.0001842851587682134,
        1.0000008297757448,
        0.9699979189847454
      ],
      [
        0.0,
        0.0,
        0.0,
        1.0
      ]
    ],
    "location": [
      38.78092836592805,
      2.434997890555678,
      0.9699979189847454
    ],
    "rotation": [
      -0.00018428500376682001,
      -3.936014600845919e-06,
      0.013258189136987663
    ]
  },
  {
    "label_id": "A4kzX4tBck4XcFuUOPA6Lg",
    "size": [
      0.753009145241273,
      1.132073132049114,
      1.8246200607903802
    ],
    "obj_class": "pedestrian",
    "point_num_in_lidar": 306,
    "speed": 1.5749271285886943,
    "if_vehicle": false,
    "motion_state": true,
    "pose": [
      [
        0.979931738107468,
        -0.19998892628389314,
        -3.216406582402588e-07,
        16.865636289901886
      ],
      [
        0.19998921935164965,
        0.9799312739404432,
        0.00017074549041831913,
        5.006910586744198
      ],
      [
        -3.05865060351857e-05,
        -0.00018177177346320508,
        1.0000008297757448,
        1.1342335038939382
      ],
      [
        0.0,
        0.0,
        0.0,
        1.0
      ]
    ],
    "location": [
      16.865636289901886,
      5.006910586744198,
      1.1342335038939382
    ],
    "rotation": [
      -0.00018177162063155418,
      3.058648014042495e-05,
      0.20132019469635423
    ]
  },
  {
    "label_id": "AWjsPzPKZ7MTv8Ta3AXBbQ",
    "size": [
      2.1060783521372155,
      4.515543669845269,
      1.4600000000000364
    ],
    "obj_class": "vehicle",
    "point_num_in_lidar": 94,
    "speed": 4.9263811857434543e-29,
    "if_vehicle": true,
    "motion_state": false,
    "pose": [
      [
        0.996263112707792,
        -0.08787259097289092,
        -3.216406582402588e-07,
        44.89225538835126
      ],
      [
        0.08787293465872487,
        0.99626268466599,
        0.00017074549041831913,
        -6.917366334491817
      ],
      [
        -9.831337177412504e-06,
        -0.0001840648168138161,
        1.0000008297757448,
        0.8343099876821043
      ],
      [
        0.0,
        0.0,
        0.0,
        1.0
      ]
    ],
    "location": [
      44.89225538835126,
      -6.917366334491817,
      0.8343099876821043
    ],
    "rotation": [
      -0.00018406466200273104,
      9.831328852755666e-06,
      0.08797486997214958
    ]
  },
  {
    "label_id": "AhVLDKKFO3nP9YBAG8x0pw",
    "size": [
      1.9318567274618736,
      4.066022807258439,
      1.509999999999991
    ],
    "obj_class": "vehicle",
    "point_num_in_lidar": 192,
    "speed": 1.9705524742973817e-28,
    "if_vehicle": true,
    "motion_state": false,
    "pose": [
      [
        0.028929058496246527,
        -0.9997124044249068,
        -3.216406582402588e-07,
        27.15428985314793
      ],
      [
        0.9997120193914321,
        0.028928667230403386,
        0.00017074549041831913,
        27.835712820115077
      ],
      [
        -0.0001839551920109823,
        -1.1704670503751664e-05,
        1.0000008297757448,
        1.2749332609112116
      ],
      [
        0.0,
        0.0,
        0.0,
        1.0
      ]
    ],
    "location": [
      27.15428985314793,
      27.835712820115077,
      1.2749332609112116
    ],
    "rotation": [
      -1.1704660790973529e-05,
      0.00018395503728197218,
      1.5418670079620553
    ]
  },
  {
    "label_id": "Aof9zDLMpOMBf2RZkTgB1g",
    "size": [
      0.6466332595231525,
      2.732983268659154,
      3.449999999999932
    ],
    "obj_class": "vehicle",
    "point_num_in_lidar": 102,
    "speed": 6.769379806692034e-28,
    "if_vehicle": true,
    "motion_state": false,
    "pose": [
      [
        -0.04927659833442224,
        -0.9989162121234673,
        -3.216406582402588e-07,
        31.202282628079047
      ],
      [
        0.9989157976938762,
        -0.049276958317547956,
        0.00017074549041831913,
        58.6885207951218
      ],
      [
        -0.0001843073336608651,
        2.705316658359326e-06,
        1.0000008297757448,
        2.6297984345876557
      ],
      [
        0.0,
        0.0,
        0.0,
        1.0
      ]
    ],
    "location": [
      31.202282628079047,
      58.6885207951218,
      2.6297984345876557
    ],
    "rotation": [
      2.705314413548444e-06,
      0.00018430717863964389,
      1.620086453029221
    ]
  },
  {
    "label_id": "Bii0LlYiSm3-IvhedQ-6-A",
    "size": [
      0.9534934802013223,
      0.861946449469542,
      2.090000000000032
    ],
    "obj_class": "pedestrian",
    "point_num_in_lidar": 37,
    "speed": 1.9385880078904585,
    "if_vehicle": false,
    "motion_state": true,
    "pose": [
      [
        -1.0000833714880168,
        -0.009748438832391048,
        -3.216406582402588e-07,
        50.022068511774705
      ],
      [
        0.009748055023784048,
        -1.000082979020579,
        0.00017074549041831913,
        8.040425881536066
      ],
      [
        -8.17410689929716e-06,
        0.00018414585511435688,
        1.0000008297757448,
        1.3976559060374711
      ],
      [
        0.0,
        0.0,
        0.0,
        1.0
      ]
    ],
    "location": [
      50.022068511774705,
      8.040425881536066,
      1.3976559060374711
    ],
    "rotation": [
      0.0001841457002332815,
      8.174099977854703e-06,
      3.131845719881568
    ]
  },
  {
    "label_id": "Ci0SMk2Xx8Zw2IqmYtHZZg",
    "size": [
      0.784627747595319,
      0.8616288832576037,
      1.6000000000000227
    ],
    "obj_class": "pedestrian",
    "point_num_in_lidar": 25,
    "speed": 1.4908579162701403,
    "if_vehicle": false,
    "motion_state": true,
    "pose": [
      [
        -0.9981272047505396,
        0.06327610230870696,
        -3.216406582402588e-07,
        51.77392681936362
      ],
      [
        -0.06327645644634139,
        -0.99812678531488,
        0.00017074549041831913,
        5.5096453860533074
      ],
      [
        5.2889550077614865e-06,
        0.00018425129289729745,
        1.0000008297757448,
        1.239089074454455
      ],
      [
        0.0,
        0.0,
        0.0,
        1.0
      ]
    ],
    "location": [
      51.77392681936362,
      5.5096453860533074,
      1.239089074454455
    ],
    "rotation": [
      0.00018425113792515502,
      -5.288950529293311e-06,
      -3.078282194080571
    ]
  },
  {
    "label_id": "DMyvJcDBgX_UfZY7i4gQUg",
    "size": [
      2.201017544722988,
      5.031357921109429,
      1.7300000000000182
    ],
    "obj_class": "vehicle",
    "point_num_in_lidar": 6747,
    "speed": 9.852760273554385e-29,
    "if_vehicle": true,
    "motion_state": false,
    "pose": [
      [
        0.9990211289847832,
        -0.04710165420106812,
        -3.216406582402588e-07,
        2.30022403930343
      ],
      [
        0.04710201508563139,
        0.999020715339925,
        0.00017074549041831913,
        -3.5256650850478763
      ],
      [
        -2.3040387243734794e-06,
        -0.0001843127868189172,
        1.0000008297757448,
        0.8298965974349812
      ],
      [
        0.0,
        0.0,
        0.0,
        1.0
      ]
    ],
    "location": [
      2.30022403930343,
      -3.5256650850478763,
      0.8298965974349812
    ],
    "rotation": [
      -0.00018431263179366034,
      2.3040367734001546e-06,
      0.04711327758191035
    ]
  },
  {
    "label_id": "FaLjVnzgLbkn0NFfVlonZw",
    "size": [
      3.1341412423592105,
      4.451840989787582,
      3.0799999999999272
    ],
    "obj_class": "vehicle",
    "point_num_in_lidar": 1151,
    "speed": 8.124795992350336e-28,
    "if_vehicle": true,
    "motion_state": false,
    "pose": [
      [
        -0.047766550397773486,
        -0.9989895588291225,
        -3.216406582402588e-07,
        30.018243492895635
      ],
      [
        0.9989891449441661,
        -0.04776691100695203,
        0.00017074549041831913,
        17.922185599281875
      ],
      [
        -0.00018431121252492267,
        2.426709086785213e-06,
        1.0000008297757448,
        1.7940215486804618
      ],
      [
        0.0,
        0.0,
        0.0,
        1.0
      ]
    ],
    "location": [
      30.018243492895635,
      17.922185599281875,
      1.7940215486804618
    ],
    "rotation": [
      2.4267070731577803e-06,
      0.00018431105750048288,
      1.6185748218782101
    ]
  },
  {
    "label_id": "GZswbdmDQZSe88ajnioK_g",
    "size": [
      1.1505740821373602,
      4.713684939172988,
      4.259999999999991
    ],
    "obj_class": "vehicle",
    "point_num_in_lidar": 192,
    "speed": 4.9263811857434543e-29,
    "if_vehicle": true,
    "motion_state": false,
    "pose": [
      [
        0.03894348952806787,
        0.9993723963617792,
        -3.216406582402588e-07,
        30.942577984707896
      ],
      [
        -0.9993719856771813,
        0.03894385377784185,
        0.00017074549041831913,
        40.37617580037113
      ],
      [
        0.00018432545505150382,
        -7.991241798663029e-07,
        1.0000008297757448,
        2.829132735968983
      ],
      [
        0.0,
        0.0,
        0.0,
        1.0
      ]
    ],
    "location": [
      30.942577984707896,
      40.37617580037113,
      2.829132735968983
    ],
    "rotation": [
      -7.991235167728215e-07,
      -0.00018432530001524593,
      -1.5318480711873792
    ]
  },
  {
    "label_id": "NeHt8l-Xg_tze4fm4Zzhag",
    "size": [
      0.8686749354366592,
      0.8296750162009441,
      1.82000000000005
    ],
    "obj_class": "pedestrian",
    "point_num_in_lidar": 538,
    "speed": 1.5772112031579319e-27,
    "if_vehicle": false,
    "motion_state": false,
    "pose": [
      [
        0.9580341326324004,
        0.28711040158411527,
        -3.216406582402588e-07,
        1.4403172654929222
      ],
      [
        -0.2871099238770427,
        0.9580338621962905,
        0.00017074549041831913,
        10.62039665480006
      ],
      [
        5.899395912954221e-05,
        -0.00017463168316665992,
        1.0000008297757448,
        1.2407231822054428
      ],
      [
        0.0,
        0.0,
        0.0,
        1.0
      ]
    ],
    "location": [
      1.4403172654929222,
      10.62039665480006,
      1.2407231822054428
    ],
    "rotation": [
      -0.0001746315364864473,
      -5.899390920984373e-05,
      -0.29116918160289784
    ]
  },
  {
    "label_id": "Nx3jDnV5BFvG2rNbAk93sw",
    "size": [
      0.7698546864134806,
      0.8128752011552611,
      1.0900000000000318
    ],
    "obj_class": "sign",
    "point_num_in_lidar": 111,
    "speed": 0.0009001895988225144,
    "if_vehicle": false,
    "motion_state": false,
    "pose": [
      [
        -0.003588332220450967,
        1.0001244451858895,
        -3.216406582402588e-07,
        12.063459046730713
      ],
      [
        -1.0001240503618625,
        -0.003587950836491732,
        0.00017074549041831913,
        14.619603296372588
      ],
      [
        0.00018419270965087757,
        7.0397223571858875e-06,
        1.0000008297757448,
        0.8376995539341578
      ],
      [
        0.0,
        0.0,
        0.0,
        1.0
      ]
    ],
    "location": [
      12.063459046730713,
      14.619603296372588,
      0.8376995539341578
    ],
    "rotation": [
      7.039716515683582e-06,
      -0.00018419255472477018,
      -1.5743841985412232
    ]
  },
  {
    "label_id": "OkBzhxzagapiYam_4NK-9A",
    "size": [
      0.9161349937327302,
      0.864239601718528,
      1.8799999999999955
    ],
    "obj_class": "pedestrian",
    "point_num_in_lidar": 122,
    "speed": 0.00039577192422830744,
    "if_vehicle": false,
    "motion_state": false,
    "pose": [
      [
        -0.9934509719505783,
        -0.11539908282546843,
        -3.216406582402588e-07,
        29.97885150397633
      ],
      [
        0.11539865968437703,
        -0.9934506222487717,
        0.00017074549041831913,
        -11.658629688610745
      ],
      [
        -2.7591880196152252e-05,
        0.0001822503775761263,
        1.0000008297757448,
        0.9127789260460304
      ],
      [
        0.0,
        0.0,
        0.0,
        1.0
      ]
    ],
    "location": [
      29.97885150397633,
      -11.658629688610745,
      0.9127789260460304
    ],
    "rotation": [
      0.00018225022433148648,
      2.759185683586256e-05,
      3.025951519893181
    ]
  },
  {
    "label_id": "Qk60fGhJPpHJTNmg9RXYjQ",
    "size": [
      0.8607130812118372,
      0.8401418131687414,
      2.2000000000000455
    ],
    "obj_class": "pedestrian",
    "point_num_in_lidar": 36,
    "speed": 1.4145367595895373,
    "if_vehicle": false,
    "motion_state": true,
    "pose": [
      [
        -0.9999371559184164,
        0.01968416115298003,
        -3.216406582402588e-07,
        49.47162038933129
      ],
      [
        -0.019684533246666528,
        -0.9999367523270076,
        0.00017074549041831913,
        -15.686109839980418
      ],
      [
        -2.7519050421244195e-06,
        0.00018430664393352084,
        1.0000008297757448,
        1.0538254258897268
      ],
      [
        0.0,
        0.0,
        0.0,
        1.0
      ]
    ],
    "location": [
      49.47162038933129,
      -15.686109839980418,
      1.0538254258897268
    ],
    "rotation": [
      0.00018430648891356986,
      2.7519027119157824e-06,
      -3.1219094255571336
    ]
  },
  {
    "label_id": "VdReY6X9Jg2ltRKug7oWkQ",
    "size": [
      0.9147451012853314,
      0.9551121727890859,
      1.67999999999995
    ],
    "obj_class": "pedestrian",
    "point_num_in_lidar": 222,
    "speed": 1.4350114469637476,
    "if_vehicle": false,
    "motion_state": true,
    "pose": [
      [
        0.0519316031547396,
        0.998781703166556,
        -3.216406582402588e-07,
        7.713343648911177
      ],
      [
        -0.9987812877815725,
        0.051931962035015045,
        0.00017074549041831913,
        20.407354806984586
      ],
      [
        0.0001842994916750374,
        -3.1952069919158294e-06,
        1.0000008297757448,
        1.342141253498653
      ],
      [
        0.0,
        0.0,
        0.0,
        1.0
      ]
    ],
    "location": [
      7.713343648911177,
      20.407354806984586,
      1.342141253498653
    ],
    "rotation": [
      -3.1952043406018944e-06,
      -0.0001842993366603233,
      -1.518848136610963
    ]
  },
  {
    "label_id": "WrQ9WB5nz7yw3pLq2Sx4JA",
    "size": [
      1.9338659153476878,
      4.5722265271665545,
      1.5399999999999636
    ],
    "obj_class": "vehicle",
    "point_num_in_lidar": 1757,
    "speed": 9.852762371486909e-29,
    "if_vehicle": true,
    "motion_state": false,
    "pose": [
      [
        0.9997148037822815,
        -0.028846023730526364,
        -3.216406582402588e-07,
        3.9391482354349137
      ],
      [
        0.028846392110375995,
        0.9997143967982239,
        0.00017074549041831913,
        -7.481352559141669
      ],
      [
        1.06293891596545e-06,
        -0.00018432412251319713,
        1.0000008297757448,
        0.6174325100624856
      ],
      [
        0.0,
        0.0,
        0.0,
        1.0
      ]
    ],
    "location": [
      3.9391482354349137,
      -7.481352559141669,
      0.6174325100624856
    ],
    "rotation": [
      -0.00018432396747814907,
      -1.0629380159080182e-06,
      0.028846617322197628
    ]
  },
  {
    "label_id": "X8OBaKk4dxIT8dFfdO_PYQ",
    "size": [
      2.1633729765809924,
      5.267996842103457,
      2.6200000000000045
    ],
    "obj_class": "vehicle",
    "point_num_in_lidar": 77,
    "speed": 7.943550951144825e-28,
    "if_vehicle": true,
    "motion_state": false,
    "pose": [
      [
        0.9994498809163932,
        0.036901456918598065,
        -3.216406582402588e-07,
        79.206483001788
      ],
      [
        -0.036901062594321646,
        0.9994494990157492,
        0.00017074549041831913,
        2.1854113936060457
      ],
      [
        1.3171453517262549e-05,
        -0.00018385598927323976,
        1.0000008297757448,
        1.8009151940415222
      ],
      [
        0.0,
        0.0,
        0.0,
        1.0
      ]
    ],
    "location": [
      79.206483001788,
      2.1854113936060457,
      1.8009151940415222
    ],
    "rotation": [
      -0.0001838558346425016,
      -1.317144236454035e-05,
      -0.03690461053275597
    ]
  },
  {
    "label_id": "YTw2k0_-8UqolJn4WQRc2g",
    "size": [
      0.7131402618208909,
      0.9424020280400371,
      1.5199999999999818
    ],
    "obj_class": "pedestrian",
    "point_num_in_lidar": 47,
    "speed": 1.5676620562834196,
    "if_vehicle": false,
    "motion_state": true,
    "pose": [
      [
        0.028179045153510555,
        0.9997338262761465,
        -3.216406582402588e-07,
        33.478054813367635
      ],
      [
        -0.9997334195379487,
        0.02817941380480272,
        0.00017074549041831913,
        -16.73160713959078
      ],
      [
        0.00018432337233842535,
        1.1859128087881528e-06,
        1.0000008297757448,
        0.9897484694571403
      ],
      [
        0.0,
        0.0,
        0.0,
        1.0
      ]
    ],
    "location": [
      33.478054813367635,
      -16.73160713959078,
      0.9897484694571403
    ],
    "rotation": [
      1.1859118247467293e-06,
      -0.00018432321730389565,
      -1.5426172286715474
    ]
  },
  {
    "label_id": "YZp0XjCF9MO6a2x7szWEXA",
    "size": [
      1.9473680660204535,
      3.8082084000475307,
      1.509999999999991
    ],
    "obj_class": "vehicle",
    "point_num_in_lidar": 112,
    "speed": 4.9263811857434543e-29,
    "if_vehicle": true,
    "motion_state": false,
    "pose": [
      [
        0.9982186007483832,
        -0.06181753073722625,
        -3.216406582402588e-07,
        40.33791436673164
      ],
      [
        0.06181788548737897,
        0.9982181818306515,
        0.00017074549041831913,
        -7.056325494018893
      ],
      [
        -5.019713887441457e-06,
        -0.00018425882462418835,
        1.0000008297757448,
        0.8435879912767632
      ],
      [
        0.0,
        0.0,
        0.0,
        1.0
      ]
    ],
    "location": [
      40.33791436673164,
      -7.056325494018893,
      0.8435879912767632
    ],
    "rotation": [
      -0.0001842586696455406,
      5.019709636953195e-06,
      0.06184921901122671
    ]
  },
  {
    "label_id": "_42Q0-0TvA-QU1Ls8X0ApA",
    "size": [
      0.694682578911863,
      0.9723594347349624,
      1.6100000000000136
    ],
    "obj_class": "pedestrian",
    "point_num_in_lidar": 59,
    "speed": 1.6570723511796637,
    "if_vehicle": false,
    "motion_state": true,
    "pose": [
      [
        0.07822287899044564,
        0.997067180880483,
        -3.216406582402588e-07,
        9.35914034437701
      ],
      [
        -0.9970667561862312,
        0.07822322680437477,
        0.00017074549041831913,
        25.032692649436285
      ],
      [
        0.00018415137457070577,
        -8.048802589160396e-06,
        1.0000008297757448,
        1.2680962406212757
      ],
      [
        0.0,
        0.0,
        0.0,
        1.0
      ]
    ],
    "location": [
      9.35914034437701,
      25.032692649436285,
      1.2680962406212757
    ],
    "rotation": [
      -8.048795910290967e-06,
      -0.00018415121967889836,
      -1.4925036903214055
    ]
  },
  {
    "label_id": "aANSRZ5XPxs8mHhsbxTcGg",
    "size": [
      0.8077633193168802,
      0.8146921552102152,
      1.07000000000005
    ],
    "obj_class": "sign",
    "point_num_in_lidar": 34,
    "speed": 5.069609091680277e-28,
    "if_vehicle": false,
    "motion_state": false,
    "pose": [
      [
        -0.009998788572805787,
        -1.0000808998344004,
        -3.216406582402588e-07,
        32.09875402243597
      ],
      [
        1.0000804998656696,
        -0.009999164557846763,
        0.00017074549041831913,
        -28.770318236820458
      ],
      [
        -0.00018427134735707988,
        -4.53679651359519e-06,
        1.0000008297757448,
        0.33913972759114586
      ],
      [
        0.0,
        0.0,
        0.0,
        1.0
      ]
    ],
    "location": [
      32.09875402243597,
      -28.770318236820458,
      0.33913972759114586
    ],
    "rotation": [
      -4.536792749043481e-06,
      0.00018427119236571948,
      1.5807939774195854
    ]
  },
  {
    "label_id": "dWu2dkV959ZVbiXuXYme9A",
    "size": [
      1.9876994670929105,
      4.6193943709231275,
      1.4600000000000364
    ],
    "obj_class": "vehicle",
    "point_num_in_lidar": 4034,
    "speed": 7.943550951144825e-28,
    "if_vehicle": true,
    "motion_state": false,
    "pose": [
      [
        0.9999292821322396,
        0.02008015739509408,
        -3.216406582402588e-07,
        1.6189795424215845
      ],
      [
        -0.020079769552241597,
        0.9999288936510192,
        0.00017074549041831913,
        3.2232138969848165
      ],
      [
        1.0076150989791242e-05,
        -0.00018405157744673048,
        1.0000008297757448,
        0.756259913149961
      ],
      [
        0.0,
        0.0,
        0.0,
        1.0
      ]
    ],
    "location": [
      1.6189795424215845,
      3.2232138969848165,
      0.756259913149961
    ],
    "rotation": [
      -0.00018405142264707962,
      -1.0076142457847188e-05,
      -0.02007849102952329
    ]
  },
  {
    "label_id": "dv8sizFeYUT8pYvd3AJspA",
    "size": [
      0.7534326255224577,
      0.8617267602349281,
      0.7999999999999545
    ],
    "obj_class": "sign",
    "point_num_in_lidar": 30,
    "speed": 6.80877517210691e-28,
    "if_vehicle": false,
    "motion_state": false,
    "pose": [
      [
        -0.0021739219839888883,
        1.0001285197661924,
        -3.216406582402588e-07,
        11.993942160672304
      ],
      [
        -1.0001281244031952,
        -0.002173541158783313,
        0.00017074549041831913,
        38.420553210629805
      ],
      [
        0.000184202481244779,
        6.779224341087591e-06,
        1.0000008297757448,
        1.253988691544805
      ],
      [
        0.0,
        0.0,
        0.0,
        1.0
      ]
    ],
    "location": [
      11.993942160672304,
      38.420553210629805,
      1.253988691544805
    ],
    "rotation": [
      6.779218715752479e-06,
      -0.00018420232631056313,
      -1.5729699668588306
    ]
  },
  {
    "label_id": "eTLt3z7Tt1__uHa0Pj96uQ",
    "size": [
      0.596902415900762,
      0.5832202862830158,
      0.9800000000000182
    ],
    "obj_class": "sign",
    "point_num_in_lidar": 101,
    "speed": 9.852760273554385e-29,
    "if_vehicle": false,
    "motion_state": false,
    "pose": [
      [
        0.9986388331219809,
        -0.05461009949886879,
        -3.216406582402588e-07,
        1.7322238762462803
      ],
      [
        0.054610457263811675,
        0.9986384167759919,
        0.00017074549041831913,
        5.192517336619858
      ],
      [
        -3.689477618948336e-06,
        -0.00018429025946668418,
        1.0000008297757448,
        0.7174058294716588
      ],
      [
        0.0,
        0.0,
        0.0,
        1.0
      ]
    ],
    "location": [
      1.7322238762462803,
      5.192517336619858,
      0.7174058294716588
    ],
    "rotation": [
      -0.00018429010446088513,
      3.689474494842575e-06,
      0.0546304795422111
    ]
  },
  {
    "label_id": "hVOvDRfPPYheooNcglGZfw",
    "size": [
      1.968775439042792,
      4.426137945390364,
      1.5
    ],
    "obj_class": "vehicle",
    "point_num_in_lidar": 55,
    "speed": 7.943550977166472e-28,
    "if_vehicle": true,
    "motion_state": false,
    "pose": [
      [
        0.9946373561560725,
        -0.1046819551086337,
        -3.216406582402588e-07,
        51.00903801028653
      ],
      [
        0.10468229151799019,
        0.9946369223721613,
        0.00017074549041831913,
        -6.6161286284059315
      ],
      [
        -1.2937867956751263e-05,
        -0.00018387257422501307,
        1.0000008297757448,
        0.8471909505225312
      ],
      [
        0.0,
        0.0,
        0.0,
        1.0
      ]
    ],
    "location": [
      51.00903801028653,
      -6.6161286284059315,
      0.8471909505225312
    ],
    "rotation": [
      -0.00018387241957995245,
      1.2937857001800832e-05,
      0.10486065329843877
    ]
  },
  {
    "label_id": "hZi4PVr1d8UDd4LN2La8hQ",
    "size": [
      0.6102209059370025,
      0.8683952988068919,
      1.8400000000000318
    ],
    "obj_class": "pedestrian",
    "point_num_in_lidar": 260,
    "speed": 1.547500534025444,
    "if_vehicle": false,
    "motion_state": true,
    "pose": [
      [
        -0.0529031758298109,
        0.9987307124413607,
        -3.216406582402588e-07,
        5.75616859548245
      ],
      [
        -0.998730336904903,
        -0.05290277543986879,
        0.00017074549041831913,
        15.893769620182866
      ],
      [
        0.00018362146499926744,
        1.6114266068352926e-05,
        1.0000008297757448,
        1.3207728158005239
      ],
      [
        0.0,
        0.0,
        0.0,
        1.0
      ]
    ],
    "location": [
      5.75616859548245,
      15.893769620182866,
      1.3207728158005239
    ],
    "rotation": [
      1.61142526957421e-05,
      -0.00018362131054720874,
      -1.6237172978125212
    ]
  },
  {
    "label_id": "iYoNqzfcHozgqJVHl7Yxnw",
    "size": [
      1.972967373819462,
      3.9732415768768115,
      1.57000000000005
    ],
    "obj_class": "vehicle",
    "point_num_in_lidar": 29,
    "speed": 7.882209897189527e-28,
    "if_vehicle": true,
    "motion_state": false,
    "pose": [
      [
        0.9993657744168902,
        0.039113052944475826,
        -3.216406582402588e-07,
        50.24420807833667
      ],
      [
        -0.039112657776055604,
        0.9993653933897829,
        0.00017074549041831913,
        2.4158450695194915
      ],
      [
        1.3578276873345752e-05,
        -0.00018382639194780998,
        1.0000008297757448,
        0.9645283534493956
      ],
      [
        0.0,
        0.0,
        0.0,
        1.0
      ]
    ],
    "location": [
      50.24420807833667,
      2.4158450695194915,
      0.9645283534493956
    ],
    "rotation": [
      -0.00018382623734263125,
      -1.3578265376176869e-05,
      -0.03911751526733573
    ]
  },
  {
    "label_id": "ifMXmnBpfdQ88ZpSpy5LIA",
    "size": [
      0.24340906766558196,
      0.052982123451976726,
      0.37999999999999545
    ],
    "obj_class": "sign",
    "point_num_in_lidar": 87,
    "speed": 0.0005781769215153649,
    "if_vehicle": false,
    "motion_state": false,
    "pose": [
      [
        -0.6196973144532872,
        0.7850076562976258,
        -3.216406582402588e-07,
        4.965526843550833
      ],
      [
        -0.7850075807587024,
        -0.6196967707312923,
        0.00017074549041831913,
        4.902411045155532
      ],
      [
        0.00014064023974735994,
        0.00011915047185472944,
        1.0000008297757448,
        0.8076370449161914
      ],
      [
        0.0,
        0.0,
        0.0,
        1.0
      ]
    ],
    "location": [
      4.965526843550833,
      4.902411045155532,
      0.8076370449161914
    ],
    "rotation": [
      0.00011915037242278816,
      -0.00014064012112200593,
      -2.239050028351488
    ]
  },
  {
    "label_id": "iwVyTv3GqaEq5Lo6tx5S8A",
    "size": [
      0.8450336275339628,
      1.1945977308094293,
      1.810638297872515
    ],
