[
  {
    "label_id": "-r18nvGJT_LauvErk1VSrg",
    "size": [
      0.720847382176379,
      2.0829883357271277,
      1.9099999999999682
    ],
    "obj_class": "vehicle",
    "point_num_in_lidar": 47,
    "speed": 5.684341886080801e-13,
    "if_vehicle": true,
    "motion_state": false,
    "pose": [
      [
        -0.0009988397778788471,
        1.000130379026808,
        -9.619460948673152e-05,
        31.485288678177312
      ],
      [
        -1.0001299877460714,
        -0.0009984429906910583,
        0.0001714061904653152,
        49.96603182844956
      ],
      [
        0.000184775233733097,
        0.00010242390857485879,
        1.0000008244477332,
        1.8258470886511304
      ],
      [
        0.0,
        0.0,
        0.0,
        1.0
      ]
    ],
    "location": [
      31.485288678177312,
      49.96603182844956,
      1.8258470886511304
    ],
    "rotation": [
      0.00010242382377360535,
      -0.0001847750783236425,
      -1.5717950364206743
    ]
  },
  {
    "label_id": "013Doq8QGPt4_5ps9n1EBQ",
    "size": [
      0.6441504486109001,
      0.9234385820636817,
      1.669999999999959
    ],
    "obj_class": "pedestrian",
    "point_num_in_lidar": 167,
    "speed": 1.4777159896130367,
    "if_vehicle": false,
    "motion_state": true,
    "pose": [
      [
        0.037241493058522465,
        0.999437263627878,
        -9.619460948673152e-05,
        9.540589818703666
      ],
      [
        -0.9994368574622435,
        0.03724187459510608,
        0.0001714061904653152,
        19.766065069174147
      ],
      [
        0.00018855626314047291,
        9.528420477378948e-05,
        1.0000008244477332,
        1.2462103329976344
      ],
      [
        0.0,
        0.0,
        0.0,
        1.0
      ]
    ],
    "location": [
      9.540589818703666,
      19.766065069174147,
      1.2462103329976344
    ],
    "rotation": [
      9.528412592864404e-05,
      -0.00018855610459525695,
      -1.5335510815165805
    ]
  },
  {
    "label_id": "0VCoeT-jjrIfzTCsOWz20A",
    "size": [
      0.7544329631618908,
      1.043993850799436,
      0.9800000000000182
    ],
    "obj_class": "sign",
    "point_num_in_lidar": 200,
    "speed": 5.687116766346677e-13,
    "if_vehicle": false,
    "motion_state": false,
    "pose": [
      [
        -0.1029022284864912,
        0.9948230516557818,
        -9.619460948673152e-05,
        11.692034577412414
      ],
      [
        -0.9948227028423619,
        -0.10290179389486064,
        0.0001714061904653152,
        11.077785658499124
      ],
      [
        0.00017337698720056065,
        0.00012071853361488701,
        1.0000008244477332,
        0.716712742612799
      ],
      [
        0.0,
        0.0,
        0.0,
        1.0
      ]
    ],
    "location": [
      11.692034577412414,
      11.077785658499124,
      0.716712742612799
    ],
    "rotation": [
      0.00012071843350244017,
      -0.0001733768412599005,
      -1.6738675273150727
    ]
  },
  {
    "label_id": "0_HBXNo3olLueqYvkPohlg",
    "size": [
      1.7479682991906942,
      3.9316593479287927,
      1.7000000000000455
    ],
    "obj_class": "vehicle",
    "point_num_in_lidar": 56,
    "speed": 1.7763568394002505e-14,
    "if_vehicle": true,
    "motion_state": false,
    "pose": [
      [
        0.9998873514824119,
        -0.0220693696941278,
        -9.619460948673152e-05,
        56.57756348679868
      ],
      [
        0.022069757350892484,
        0.9998869511538969,
        0.0001714061904653152,
        -6.0365916970295075
      ],
      [
        9.813483159143e-05,
        -0.00018708847874039338,
        1.0000008244477332,
        1.0278955624406763
      ],
      [
        0.0,
        0.0,
        0.0,
        1.0
      ]
    ],
    "location": [
      56.57756348679868,
      -6.0365916970295075,
      1.0278955624406763
    ],
    "rotation": [
      -0.00018708832231302398,
      -9.813474865197243e-05,
      0.022068660389569807
    ]
  },
  {
    "label_id": "2-A6zakvKX2opVnyx9gplQ",
    "size": [
      0.770727549754652,
      1.107612320671707,
      1.7999999999999545
    ],
    "obj_class": "pedestrian",
    "point_num_in_lidar": 88,
    "speed": 0.4078324291285427,
    "if_vehicle": false,
    "motion_state": false,
    "pose": [
      [
        -0.9999382919023768,
        0.019626133612231825,
        -9.619460948673152e-05,
        29.107410549086126
      ],
      [
        -0.019626522246020198,
        -0.9999378925222752,
        0.0001714061904653152,
        8.958971927795574
      ],
      [
        -9.85916791298608e-05,
        0.00018684813313283815,
        1.0000008244477332,
        1.01046742757012
      ],
      [
        0.0,
        0.0,
        0.0,
        1.0
      ]
    ],
    "location": [
      29.107410549086126,
      8.958971927795574,
      1.01046742757012
    ],
    "rotation": [
      0.00018684797691202276,
      9.859159580577159e-05,
      -3.121967440085721
    ]
  },
  {
    "label_id": "2OYKagQRfCdaOXgU5RkMBA",
    "size": [
      0.8627759996271234,
      0.6348824674672757,
      1.1499999999999773
    ],
    "obj_class": "sign",
    "point_num_in_lidar": 45,
    "speed": 0.0024609175523483988,
    "if_vehicle": false,
    "motion_state": false,
    "pose": [
      [
        0.015358550640009601,
        1.000012943743953,
        -9.619460948673152e-05,
        30.41539798150916
      ],
      [
        -1.000012546026048,
        0.015358940974680506,
        0.0001714061904653152,
        12.44281461706123
      ],
      [
        0.00018642567507957136,
        9.938818702440983e-05,
        1.0000008244477332,
        0.6848863909922329
      ],
      [
        0.0,
        0.0,
        0.0,
        1.0
      ]
    ],
    "location": [
      30.41539798150916,
      12.44281461706123,
      0.6848863909922329
    ],
    "rotation": [
      9.938810475686013e-05,
      -0.00018642551830101066,
      -1.5554391762425561
    ]
  },
  {
    "label_id": "2SYmRAjI0pCOwp2XYemMBQ",
    "size": [
      0.9588610015812886,
      0.6083173834498694,
      1.67999999999995
    ],
    "obj_class": "pedestrian",
    "point_num_in_lidar": 343,
    "speed": 0.008529050932348063,
    "if_vehicle": false,
    "motion_state": false,
    "pose": [
      [
        0.9978325997532503,
        0.06776337951193001,
        -9.619460948673152e-05,
        11.80120249540596
      ],
      [
        -0.06776295748875372,
        0.9978322358341304,
        0.0001714061904653152,
        7.203614726415253
      ],
      [
        0.0001145306574174164,
        -0.00017752541384378375,
        1.0000008244477332,
        0.890426559070761
      ],
      [
        0.0,
        0.0,
        0.0,
        1.0
      ]
    ],
    "location": [
      11.80120249540596,
      7.203614726415253,
      0.890426559070761
    ],
    "rotation": [
      -0.00017752526561856343,
      -0.00011453056068745011,
      -0.06780603814791862
    ]
  },
  {
    "label_id": "3083QteOhZ_vSpxmP0XK-Q",
    "size": [
      0.8198295781744149,
      0.7789331854908985,
      1.2000000000000455
    ],
    "obj_class": "sign",
    "point_num_in_lidar": 48,
    "speed": 1.9915012144332625e-12,
    "if_vehicle": false,
    "motion_state": false,
    "pose": [
      [
        -0.03627723462541031,
        0.9994727284829442,
        -9.619460948673152e-05,
        28.956059697720775
      ],
      [
        -0.9994723514421526,
        -0.03627682428295731,
        0.0001714061904653152,
        14.902581722368268
      ],
      [
        0.00018104729776473544,
        0.0001088780052212574,
        1.0000008244477332,
        0.7363255909369855
      ],
      [
        0.0,
        0.0,
        0.0,
        1.0
      ]
    ],
    "location": [
      28.956059697720775,
      14.902581722368268,
      0.7363255909369855
    ],
    "rotation": [
      0.00010887791502687933,
      -0.00018104714544959626,
      -1.6070767864558781
    ]
  },
  {
    "label_id": "3mqY30kFisxCydiO2pKjPA",
    "size": [
      0.8321203191371429,
      1.0700067716390604,
      1.7200000000000273
    ],
    "obj_class": "pedestrian",
    "point_num_in_lidar": 49,
    "speed": 1.5439829607495978,
    "if_vehicle": false,
    "motion_state": true,
    "pose": [
      [
        0.03772915993700771,
        0.9994189728155335,
        -9.619460948673152e-05,
        33.48386845725145
      ],
      [
        -0.9994185664637781,
        0.0377295412753591,
        0.0001714061904653152,
        -23.356024995569896
      ],
      [
        0.00018860273423043015,
        9.519218817570293e-05,
        1.0000008244477332,
        0.7768021071905196
      ],
      [
        0.0,
        0.0,
        0.0,
        1.0
      ]
    ],
    "location": [
      33.48386845725145,
      -23.356024995569896,
      0.7768021071905196
    ],
    "rotation": [
      9.519210940725491e-05,
      -0.00018860257564669048,
      -1.5330631353953506
    ]
  },
  {
    "label_id": "45vGTk6HpmeCTR2Etiwq8w",
    "size": [
      0.7077057722273477,
      0.7957618448156345,
      1.07000000000005
    ],
    "obj_class": "sign",
    "point_num_in_lidar": 32,
    "speed": 2.2743611691451335e-12,
    "if_vehicle": false,
    "motion_state": false,
    "pose": [
      [
        -1.0000520749484088,
        0.012554685364058146,
        -9.619460948673152e-05,
        41.39408693910627
      ],
      [
        -0.01255507681230388,
        -1.0000516783264752,
        0.0001714061904653152,
        4.351726368613527
      ],
      [
        -9.991049082965377e-05,
        0.0001861462808413044,
        1.0000008244477332,
        0.6758744546190201
      ],
      [
        0.0,
        0.0,
        0.0,
        1.0
      ]
    ],
    "location": [
      41.39408693910627,
      4.351726368613527,
      0.6758744546190201
    ],
    "rotation": [
      0.0001861461252235403,
      9.991040639533901e-05,
      -3.129038890068397
    ]
  },
  {
    "label_id": "4BPsEUa8pjB_nYeEbm-YSA",
    "size": [
      0.8876985042481245,
      1.0727947770953707,
      1.7511702127660556
    ],
    "obj_class": "pedestrian",
    "point_num_in_lidar": 237,
    "speed": 0.017222661935586074,
    "if_vehicle": false,
    "motion_state": false,
    "pose": [
      [
        0.8979591284811653,
        0.4403761759116339,
        -9.619460948673152e-05,
        10.991403802541754
      ],
      [
        -0.4403756475480473,
        0.8979589513580233,
        0.0001714061904653152,
        8.64821179642422
      ],
      [
        0.0001731996804785079,
        -0.00012097278508414658,
        1.0000008244477332,
        1.0888595148579725
      ],
      [
        0.0,
        0.0,
        0.0,
        1.0
      ]
    ],
    "location": [
      10.991403802541754,
      8.64821179642422,
      1.0888595148579725
    ],
    "rotation": [
      -0.00012097268475836987,
      -0.00017319953468532238,
      -0.45595296129036894
    ]
  },
  {
    "label_id": "6cJfOa0GEVIor5deOQECIw",
    "size": [
      0.8707727370739093,
      1.1612597197178984,
      1.8100000000000591
    ],
    "obj_class": "pedestrian",
    "point_num_in_lidar": 219,
    "speed": 1.6796441081744895,
    "if_vehicle": false,
    "motion_state": true,
    "pose": [
      [
        0.0432147377229028,
        0.9991968070289001,
        -9.619460948673152e-05,
        7.732093591819648
      ],
      [
        -0.9991963985899731,
        0.04321511682490745,
        0.0001714061904653152,
        19.53129325520058
      ],
      [
        0.00018912243451979242,
        9.415545024149577e-05,
        1.0000008244477332,
        1.2844876167534949
      ],
      [
        0.0,
        0.0,
        0.0,
        1.0
      ]
    ],
    "location": [
      7.732093591819648,
      19.53129325520058,
      1.2844876167534949
    ],
    "rotation": [
      9.415537233707579e-05,
      -0.00018912227550525824,
      -1.5275737698219611
    ]
  },
  {
    "label_id": "8IZ7fkXm0FDeUdEuJAqSlA",
    "size": [
      0.7446914889125794,
      1.0496260774128139,
      1.7300000000000182
    ],
    "obj_class": "pedestrian",
    "point_num_in_lidar": 31,
    "speed": 1.6602354873814364,
    "if_vehicle": false,
    "motion_state": true,
    "pose": [
      [
        -0.9984373824831294,
        -0.058177022899469154,
        -9.619460948673152e-05,
        25.75105732514203
      ],
      [
        0.05817660439085285,
        -0.9984370145276629,
        0.0001714061904653152,
        8.462070007930379
      ],
      [
        -0.00011282041282107502,
        0.00017861718422300534,
        1.0000008244477332,
        1.1542474430960965
      ],
      [
        0.0,
        0.0,
        0.0,
        1.0
      ]
    ],
    "location": [
      25.75105732514203,
      8.462070007930379,
      1.1542474430960965
    ],
    "rotation": [
      0.00017861703506305877,
      0.00011282031752823086,
      3.083390807022329
    ]
  },
  {
    "label_id": "8k1Wkk08druqr8A5YTrqFQ",
    "size": [
      2.1684109006720287,
      4.238163060626746,
      1.7100000000000364
    ],
    "obj_class": "vehicle",
    "point_num_in_lidar": 229,
    "speed": 8.543149943144391e-13,
    "if_vehicle": true,
    "motion_state": false,
    "pose": [
      [
        1.0000429949121992,
        -0.013258244991233214,
        -9.619460948673152e-05,
        38.78092836592805
      ],
      [
        0.013258636160348128,
        1.0000425980149696,
        0.0001714061904653152,
        2.434997890555678
      ],
      [
        9.977950733772643e-05,
        -0.00018621652441261143,
        1.0000008244477332,
        0.9699979189847454
      ],
      [
        0.0,
        0.0,
        0.0,
        1.0
      ]
    ],
    "location": [
      38.78092836592805,
      2.434997890555678,
      0.9699979189847454
    ],
    "rotation": [
      -0.00018621636873450035,
      -9.977942301367077e-05,
      0.013257289394862301
    ]
  },
  {
    "label_id": "A4kzX4tBck4XcFuUOPA6Lg",
    "size": [
      0.7530091452420035,
      1.132073132049114,
      1.8246200607903802
    ],
    "obj_class": "pedestrian",
    "point_num_in_lidar": 372,
    "speed": 1.3941673104247256,
    "if_vehicle": false,
    "motion_state": true,
    "pose": [
      [
        0.9860397814838279,
        -0.16729411843975062,
        -9.619460948673152e-05,
        15.094293229041796
      ],
      [
        0.16729444373438576,
        0.9860393290193679,
        0.0001714061904653152,
        4.664641680348723
      ],
      [
        6.987398536217354e-05,
        -0.00019937444725560657,
        1.0000008244477332,
        1.0961470798839628
      ],
      [
        0.0,
        0.0,
        0.0,
        1.0
      ]
    ],
    "location": [
      15.094293229041796,
      4.664641680348723,
      1.0961470798839628
    ],
    "rotation": [
      -0.00019937428024021484,
      -6.987392625230759e-05,
      0.16806258128659635
    ]
  },
  {
    "label_id": "AWjsPzPKZ7MTv8Ta3AXBbQ",
    "size": [
      2.1060783521372146,
      4.515543669845269,
      1.4600000000000364
    ],
    "obj_class": "vehicle",
    "point_num_in_lidar": 96,
    "speed": 2.847716647714797e-13,
    "if_vehicle": true,
    "motion_state": false,
    "pose": [
      [
        0.996263188610597,
        -0.08787167776169116,
        -9.619460948673152e-05,
        44.89225538834944
      ],
      [
        0.08787203821217361,
        0.9962627636210243,
        0.0001714061904653152,
        -6.917366334488179
      ],
      [
        8.560057827770921e-05,
        -0.0001931452433983148,
        1.0000008244477332,
        0.8343099876821043
      ],
      [
        0.0,
        0.0,
        0.0,
        1.0
      ]
    ],
    "location": [
      44.89225538834944,
      -6.917366334488179,
      0.8343099876821043
    ],
    "rotation": [
      -0.00019314508175852742,
      -8.560050589882254e-05,
      0.0879739704412483
    ]
  },
  {
    "label_id": "AhVLDKKFO3nP9YBAG8x0pw",
    "size": [
      1.9318567274618768,
      4.066022807258439,
      1.509999999999991
    ],
    "obj_class": "vehicle",
    "point_num_in_lidar": 200,
    "speed": 2.929642751054232e-13,
    "if_vehicle": true,
    "motion_state": false,
    "pose": [
      [
        0.028929974327475298,
        -0.9997123732947493,
        -9.619460948673152e-05,
        27.15428985314975
      ],
      [
        0.9997119932480616,
        0.02892956676741539,
        0.0001714061904653152,
        27.835712820116896
      ],
      [
        -0.00018184267748744173,
        -0.00010754433826599585,
        1.0000008244477332,
        1.2749332609112116
      ],
      [
        0.0,
        0.0,
        0.0,
        1.0
      ]
    ],
    "location": [
      27.15428985314975,
      27.835712820116896,
      1.2749332609112116
    ],
    "rotation": [
      -0.00010754424918677252,
      0.0001818425245118971,
      1.5418660918773748
    ]
  },
  {
    "label_id": "Aof9zDLMpOMBf2RZkTgB1g",
    "size": [
      0.6466332595231475,
      2.732983268659154,
      3.449999999999932
    ],
    "obj_class": "vehicle",
    "point_num_in_lidar": 102,
    "speed": 1.0658141036401503e-13,
    "if_vehicle": true,
    "motion_state": false,
    "pose": [
      [
        -0.04927568287091471,
        -0.9989162526512487,
        -9.619460948673152e-05,
        31.202282628079047
      ],
      [
        0.9989158419199725,
        -0.049276059488102444,
        0.0001714061904653152,
        58.68852079512726
      ],
      [
        -0.00018969015895933068,
        -9.30063849574632e-05,
        1.0000008244477332,
        2.6297984345876557
      ],
      [
        0.0,
        0.0,
        0.0,
        1.0
      ]
    ],
    "location": [
      31.202282628079047,
      58.68852079512726,
      2.6297984345876557
    ],
    "rotation": [
      -9.300630801044961e-05,
      0.00018968999947425175,
      1.62008553661809
    ]
  },
  {
    "label_id": "AvEn3EBiVIK82_EmK8zkWA",
    "size": [
      0.7621753856631218,
      0.7571877012466143,
      1.3500000000000227
    ],
    "obj_class": "pedestrian",
    "point_num_in_lidar": 21,
    "speed": 1.474314072597467,
    "if_vehicle": false,
    "motion_state": true,
    "pose": [
      [
        -0.037875859085240625,
        0.9994134239801682,
        -9.619460948673152e-05,
        33.60513431097388
      ],
      [
        -0.9994130475962075,
        -0.03787544814023053,
        0.0001714061904653152,
        35.67487423910461
      ],
      [
        0.0001808729142444338,
        0.00010916745367369168,
        1.0000008244477332,
        1.790412119670009
      ],
      [
        0.0,
        0.0,
        0.0,
        1.0
      ]
    ],
    "location": [
      33.60513431097388,
      35.67487423910461,
      1.790412119670009
    ],
    "rotation": [
      0.00010916736323723832,
      -0.00018087276207410098,
      -1.6086763019604737
    ]
  },
  {
    "label_id": "Ci0SMk2Xx8Zw2IqmYtHZZg",
    "size": [
      0.784627747595786,
      0.8616288832576037,
      1.6000000000000227
    ],
    "obj_class": "pedestrian",
    "point_num_in_lidar": 29,
    "speed": 1.3771443991788097,
    "if_vehicle": false,
    "motion_state": true,
    "pose": [
      [
        -0.9985996968774133,
        0.05532104599107021,
        -9.619460948673152e-05,
        53.45922176924432
      ],
      [
        -0.055321420115273925,
        -0.9985992838740632,
        0.0001714061904653152,
        5.577760671147189
      ],
      [
        -9.185651978513682e-05,
        0.00019024963553666805,
        1.0000008244477332,
        1.24143893022449
      ],
      [
        0.0,
        0.0,
        0.0,
        1.0
      ]
    ],
    "location": [
      53.45922176924432,
      5.577760671147189,
      1.24143893022449
    ],
    "rotation": [
      0.00019024947639056532,
      9.185644213358455e-05,
      -3.0862502280268287
    ]
  },
  {
    "label_id": "DMyvJcDBgX_UfZY7i4gQUg",
    "size": [
      2.2010175447229887,
      5.031357921109429,
      1.7300000000000182
    ],
    "obj_class": "vehicle",
    "point_num_in_lidar": 6747,
    "speed": 5.709267256288867e-13,
    "if_vehicle": true,
    "motion_state": false,
    "pose": [
      [
        0.9990211675193332,
        -0.047100738651497415,
        -9.619460948673152e-05,
        2.300216910402014
      ],
      [
        0.04710111616203123,
        0.9990207576089964,
        0.0001714061904653152,
        -3.525692306815472
      ],
      [
        9.341915546461208e-05,
        -0.00018948721709168662,
        1.0000008244477332,
        0.831705411579037
      ],
      [
        0.0,
        0.0,
        0.0,
        1.0
      ]
    ],
    "location": [
      2.300216910402014,
      -3.525692306815472,
      0.831705411579037
    ],
    "rotation": [
      -0.0001894870586016427,
      -9.341907649658254e-05,
      0.04711237795871776
    ]
  },
  {
    "label_id": "FaLjVnzgLbkn0NFfVlonZw",
    "size": [
      3.1341412423592128,
      4.451840989787582,
      3.0799999999999272
    ],
    "obj_class": "vehicle",
    "point_num_in_lidar": 1152,
    "speed": 8.528363000094291e-13,
    "if_vehicle": true,
    "motion_state": false,
    "pose": [
      [
        -0.04776563487405337,
        -0.9989895979730153,
        -9.619460948673152e-05,
        30.018229235094623
      ],
      [
        0.9989891878115144,
        -0.04776601211168437,
        0.0001714061904653152,
        17.922131155744864
      ],
      [
        -0.00018954935100123463,
        -9.329302001695171e-05,
        1.0000008244477332,
        1.797639176968687
      ],
      [
        0.0,
        0.0,
        0.0,
        1.0
      ]
    ],
    "location": [
      30.018229235094623,
      17.922131155744864,
      1.797639176968687
    ],
    "rotation": [
      -9.329294283113559e-05,
      0.0001895491916328553,
      1.6185739054714665
    ]
  },
  {
    "label_id": "GZswbdmDQZSe88ajnioK_g",
    "size": [
      1.1505740821373558,
      4.713684939172988,
      4.259999999999991
    ],
    "obj_class": "vehicle",
    "point_num_in_lidar": 194,
    "speed": 5.709267256288867e-13,
    "if_vehicle": true,
    "motion_state": false,
    "pose": [
      [
        0.03894257369438652,
        0.9993724274199612,
        -9.619460948673152e-05,
        30.942577984711534
      ],
      [
        -0.9993720206055048,
        0.038942954539086035,
        0.0001714061904653152,
        40.37617580037295
      ],
      [
        0.00018871817252724845,
        9.496312656419432e-05,
        1.0000008244477332,
        2.829132735968983
      ],
      [
        0.0,
        0.0,
        0.0,
        1.0
      ]
    ],
    "location": [
      30.942577984711534,
      40.37617580037295,
      2.829132735968983
    ],
    "rotation": [
      9.496304798666613e-05,
      -0.00018871801384781422,
      -1.531848987566996
    ]
  },
  {
    "label_id": "NeHt8l-Xg_tze4fm4Zzhag",
    "size": [
      0.8686749354366591,
      0.8296750162009441,
      1.82000000000005
    ],
    "obj_class": "pedestrian",
    "point_num_in_lidar": 551,
    "speed": 2.9777166713245524e-13,
    "if_vehicle": false,
    "motion_state": false,
    "pose": [
      [
        0.9580338651419219,
        0.28711127803421094,
        -9.619460948673152e-05,
        1.4403172654947412
      ],
      [
        -0.28711078588279415,
        0.9580336037463023,
        0.0001714061904653152,
        10.62039665480006
      ],
      [
        0.00015100936404138665,
        -0.00014774544331615615,
        1.0000008244477332,
        1.2407231822055564
      ],
      [
        0.0,
        0.0,
        0.0,
        1.0
      ]
    ],
    "location": [
      1.4403172654947412,
      10.62039665480006,
      1.2407231822055564
    ],
    "rotation": [
      -0.0001477453204328323,
      -0.0001510092367461343,
      -0.29117008399702615
    ]
  },
  {
    "label_id": "Nx3jDnV5BFvG2rNbAk93sw",
    "size": [
      0.7698546864134804,
      0.8128752011552611,
      1.0900000000000318
    ],
    "obj_class": "sign",
    "point_num_in_lidar": 118,
    "speed": 0.0009001895986573682,
    "if_vehicle": false,
    "motion_state": false,
    "pose": [
      [
        -0.0035892485464267326,
        1.0001244372717228,
        -9.619460948673152e-05,
        12.062914900048781
      ],
      [
        -1.0001240470200072,
        -0.0035888507471235347,
        0.0001714061904653152,
        14.618670122154072
      ],
      [
        0.0001845093284047009,
        0.00010290214662735968,
        1.0000008244477332,
        0.8376833790212004
      ],
      [
        0.0,
        0.0,
        0.0,
        1.0
      ]
    ],
    "location": [
      12.062914900048781,
      14.618670122154072,
      0.8376833790212004
    ],
    "rotation": [
      0.00010290206142678381,
      -0.00018450917321587254,
      -1.574385114753737
    ]
  },
  {
    "label_id": "OkBzhxzagapiYam_4NK-9A",
    "size": [
      0.9161349937327288,
      0.864239601718528,
      1.8799999999999955
    ],
    "obj_class": "pedestrian",
    "point_num_in_lidar": 126,
    "speed": 0.0003957719268762591,
    "if_vehicle": false,
    "motion_state": false,
    "pose": [
      [
        -0.9934508616230799,
        -0.11539999251979328,
        -9.619460948673152e-05,
        29.978524101930816
      ],
      [
        0.11539955357757863,
        -0.9934505183004628,
        0.0001714061904653152,
        -11.658310525624984
      ],
      [
        -0.00012288851237198873,
        0.00017184573772972175,
        1.0000008244477332,
        0.9149715239390162
      ],
      [
        0.0,
        0.0,
        0.0,
        1.0
      ]
    ],
    "location": [
      29.978524101930816,
      -11.658310525624984,
      0.9149715239390162
    ],
    "rotation": [
      0.0001718455943604241,
      0.0001228884086238113,
      3.025950619358116
    ]
  },
  {
    "label_id": "Qk60fGhJPpHJTNmg9RXYjQ",
    "size": [
      0.8607130812121293,
      0.8401418131687414,
      2.2000000000000455
    ],
    "obj_class": "pedestrian",
    "point_num_in_lidar": 26,
    "speed": 1.4145367595891984,
    "if_vehicle": false,
    "motion_state": true,
    "pose": [
      [
        -0.9999371735720418,
        0.019683029288311175,
        -9.619460948673152e-05,
        51.16790085153116
      ],
      [
        -0.01968341789937457,
        -0.9999367741698278,
        0.0001714061904653152,
        -15.618415569560966
      ],
      [
        -9.858104745741655e-05,
        0.000186853742619916,
        1.0000008244477332,
        1.061536923610447
      ],
      [
        0.0,
        0.0,
        0.0,
        1.0
      ]
    ],
    "location": [
      51.16790085153116,
      -15.618415569560966,
      1.061536923610447
    ],
    "rotation": [
      0.00018685358639428004,
      9.858096414227819e-05,
      -3.1219105408898504
    ]
  },
  {
    "label_id": "VdReY6X9Jg2ltRKug7oWkQ",
    "size": [
      0.9147451012880776,
      0.9551121727890859,
      1.67999999999995
    ],
    "obj_class": "pedestrian",
    "point_num_in_lidar": 189,
    "speed": 1.4540976385521978,
    "if_vehicle": false,
    "motion_state": true,
    "pose": [
      [
        0.030018587178063837,
        0.9996802774672717,
        -9.619460948673152e-05,
        7.64325998222921
      ],
      [
        -0.9996798740692248,
        0.030018971639639205,
        0.0001714061904653152,
        22.09660166359754
      ],
      [
        0.0001878628166807269,
        9.664422464719248e-05,
        1.0000008244477332,
        1.3712524592594946
      ],
      [
        0.0,
        0.0,
        0.0,
        1.0
      ]
    ],
    "location": [
      7.64325998222921,
      22.09660166359754,
      1.3712524592594946
    ],
    "rotation": [
      9.664414466825787e-05,
      -0.00018786265871041403,
      -1.540777147335471
    ]
  },
  {
    "label_id": "WrQ9WB5nz7yw3pLq2Sx4JA",
    "size": [
      1.933865915347689,
      4.5722265271665545,
      1.5399999999999636
    ],
    "obj_class": "vehicle",
    "point_num_in_lidar": 1751,
    "speed": 8.881784197001252e-14,
    "if_vehicle": true,
    "motion_state": false,
    "pose": [
      [
        0.9997148255872929,
        -0.028845107629839006,
        -9.619460948673152e-05,
        3.9391482354349137
      ],
      [
        0.02884549256467203,
        0.9997144226408179,
        0.0001714061904653152,
        -7.48135255913985
      ],
      [
        9.686467785795804e-05,
        -0.00018774924296078175,
        1.0000008244477332,
        0.6174325100625992
      ],
      [
        0.0,
        0.0,
        0.0,
        1.0
      ]
    ],
    "location": [
      3.9391482354349137,
      -7.48135255913985,
      0.6174325100625992
    ],
    "rotation": [
      -0.00018774908596543737,
      -9.686459598798276e-05,
      0.02884571763958088
    ]
  },
  {
    "label_id": "X8OBaKk4dxIT8dFfdO_PYQ",
    "size": [
      2.1633729765809924,
      5.267996842103457,
      2.6200000000000045
    ],
    "obj_class": "vehicle",
    "point_num_in_lidar": 78,
    "speed": 5.728578676879116e-13,
    "if_vehicle": true,
    "motion_state": false,
    "pose": [
      [
        0.9994498424829107,
        0.03690237247241647,
        -9.619460948673152e-05,
        79.206483001788
      ],
      [
        -0.036901961894214276,
        0.9994494656988517,
        0.0001714061904653152,
        2.1854113936096837
      ],
      [
        0.00010899122443487166,
        -0.000180979161908383,
        1.0000008244477332,
        1.8009151940414085
      ],
      [
        0.0,
        0.0,
        0.0,
        1.0
      ]
    ],
    "location": [
      79.206483001788,
      2.1854113936096837,
      1.8009151940414085
    ],
    "rotation": [
      -0.00018097901072475342,
      -0.0001089911323608916,
      -0.0369055105205932
    ]
  },
  {
    "label_id": "YTw2k0_-8UqolJn4WQRc2g",
    "size": [
      0.7131402618197693,
      0.9424020280400371,
      1.5199999999999818
    ],
    "obj_class": "pedestrian",
    "point_num_in_lidar": 39,
    "speed": 1.4432211103882788,
    "if_vehicle": false,
    "motion_state": true,
    "pose": [
      [
        0.06298546372223984,
        0.9981455826145316,
        -9.619460948673152e-05,
        33.39486936011235
      ],
      [
        -0.9981451667512755,
        0.0629858346648761,
        0.0001714061904653152,
        -14.936344548328634
      ],
      [
        0.0001909491933638541,
        9.039330507601262e-05,
        1.0000008244477332,
        1.0343806940575178
      ],
      [
        0.0,
        0.0,
        0.0,
        1.0
      ]
    ],
    "location": [
      33.39486936011235,
      -14.936344548328634,
      1.0343806940575178
    ],
    "rotation": [
      9.039323030531949e-05,
      -0.0001909490328354732,
      -1.507777375420112
    ]
  },
  {
    "label_id": "YZp0XjCF9MO6a2x7szWEXA",
    "size": [
      1.9473680660204529,
      3.8082084000475307,
      1.509999999999991
    ],
    "obj_class": "vehicle",
    "point_num_in_lidar": 114,
    "speed": 1.1390866590859189e-12,
    "if_vehicle": true,
    "motion_state": false,
    "pose": [
      [
        0.9982186527697517,
        -0.061816615854881594,
        -9.619460948673152e-05,
        40.33791436673346
      ],
      [
        0.06181698728422948,
        0.9982182373411458,
        0.0001714061904653152,
        -7.056325494017074
      ],
      [
        9.061684005688743e-05,
        -0.00019084321404487091,
        1.0000008244477332,
        0.8435879912767632
      ],
      [
        0.0,
        0.0,
        0.0,
        1.0
      ]
    ],
    "location": [
      40.33791436673346,
      -7.056325494017074,
      0.8435879912767632
    ],
    "rotation": [
      -0.00019084305438784254,
      -9.061676344989071e-05,
      0.06184831942781559
    ]
  },
  {
    "label_id": "Yyu039jUMIJ4gI_2-mTkSg",
    "size": [
      1.0952675293713046,
      1.1481994723012645,
      1.759999999999991
    ],
    "obj_class": "pedestrian",
    "point_num_in_lidar": 44,
    "speed": 1.5721141597970525,
    "if_vehicle": false,
    "motion_state": true,
    "pose": [
      [
        0.04435568789124056,
        -0.9991468088749036,
        -9.619460948673152e-05,
        34.28522336189417
      ],
      [
        0.9991464351635996,
        0.04435527451423514,
        0.0001714061904653152,
        24.800681658751273
      ],
      [
        -0.00018016122297671036,
        -0.00011033801604347045,
        1.0000008244477332,
        1.3858035622045008
      ],
      [
        0.0,
        0.0,
        0.0,
        1.0
      ]
    ],
    "location": [
      34.28522336189417,
      24.800681658751273,
      1.3858035622045008
    ],
    "rotation": [
      -0.00011033792462785011,
      0.00018016107139741584,
      1.526431875142696
    ]
  },
  {
    "label_id": "_42Q0-0TvA-QU1Ls8X0ApA",
    "size": [
      0.6946825789123448,
      0.9723594347349624,
      1.6100000000000136
    ],
    "obj_class": "pedestrian",
    "point_num_in_lidar": 53,
    "speed": 1.5906297761097279,
    "if_vehicle": false,
    "motion_state": true,
    "pose": [
      [
        0.04915601927020558,
        0.9989221483692889,
        -9.619460948673152e-05,
        9.264148121885228
      ],
      [
        -0.9989217376831317,
        0.04915639593659329,
        0.0001714061904653152,
        27.06045439146874
      ],
      [
        0.00018967901607764708,
        9.302910785710398e-05,
        1.0000008244477332,
        1.3014218745117887
      ],
      [
        0.0,
        0.0,
        0.0,
        1.0
      ]
    ],
    "location": [
      9.264148121885228,
      27.06045439146874,
      1.3014218745117887
    ],
    "rotation": [
      9.302903089115994e-05,
      -0.00018967885660180306,
      -1.5216269100959154
    ]
  },
  {
    "label_id": "aANSRZ5XPxs8mHhsbxTcGg",
    "size": [
      0.8077633193168796,
      0.8146921552102152,
      1.07000000000005
    ],
    "obj_class": "sign",
    "point_num_in_lidar": 33,
    "speed": 8.533911106286719e-13,
    "if_vehicle": false,
    "motion_state": false,
    "pose": [
      [
        -0.009997872223885975,
        -1.000080904369343,
        -9.619460948673152e-05,
        32.09874567792758
      ],
      [
        1.0000805087494975,
        -0.009998264684871345,
        0.0001714061904653152,
        -28.770350100396172
      ],
      [
        -0.00018589023742220375,
        -0.00010038607313760864,
        1.0000008244477332,
        0.3412569776962755
      ],
      [
        0.0,
        0.0,
        0.0,
        1.0
      ]
    ],
    "location": [
      32.09874567792758,
      -28.770350100396172,
      0.3412569776962755
    ],
    "rotation": [
      -0.00010038599003739828,
      0.00018589008108775427,
      1.5807930611472025
    ]
  },
  {
    "label_id": "dWu2dkV959ZVbiXuXYme9A",
    "size": [
      1.9876994670929098,
      4.6193943709231275,
      1.4600000000000364
    ],
    "obj_class": "vehicle",
    "point_num_in_lidar": 4073,
    "speed": 8.881784197001252e-14,
    "if_vehicle": true,
    "motion_state": false,
    "pose": [
      [
        0.9999292591086945,
        0.020081073465967082,
        -9.619460948673152e-05,
        1.6189795424215845
      ],
      [
        -0.020080669285401514,
        0.9999288754698572,
        0.0001714061904653152,
        3.2232138969848165
      ],
      [
        0.00010593076162712717,
        -0.0001827873567563362,
        1.0000008244477332,
        0.756259913149961
      ],
      [
        0.0,
        0.0,
        0.0,
        1.0
      ]
    ],
    "location": [
      1.6189795424215845,
      3.2232138969848165,
      0.756259913149961
    ],
    "rotation": [
      -0.00018278720402212752,
      -0.00010593067212696255,
      -0.020079390925805317
    ]
  },
  {
    "label_id": "eTLt3z7Tt1__uHa0Pj96uQ",
    "size": [
      0.5969024159007617,
      0.5832202862830158,
      0.9800000000000182
    ],
    "obj_class": "sign",
    "point_num_in_lidar": 102,
    "speed": 2.5585089000282873e-12,
    "if_vehicle": false,
    "motion_state": false,
    "pose": [
      [
        0.9986388785377514,
        -0.05460918426483378,
        -9.619460948673152e-05,
        1.7322238762480993
      ],
      [
        0.054609558683350226,
        0.9986384658011987,
        0.0001714061904653152,
        5.192517336619858
      ],
      [
        9.199211511384846e-05,
        -0.00019018410765821904,
        1.0000008244477332,
        0.7174058294717724
      ],
      [
        0.0,
        0.0,
        0.0,
        1.0
      ]
    ],
    "location": [
      1.7322238762480993,
      5.192517336619858,
      0.7174058294717724
    ],
    "rotation": [
      -0.00019018394856851152,
      -9.199203734805192e-05,
      0.05462957994022302
    ]
  },
  {
    "label_id": "hVOvDRfPPYheooNcglGZfw",
    "size": [
      1.968775439042792,
      4.426137945390364,
      1.5
    ],
    "obj_class": "vehicle",
    "point_num_in_lidar": 55,
    "speed": 1.422084321207637e-12,
    "if_vehicle": true,
    "motion_state": false,
    "pose": [
      [
        0.9946374474676173,
        -0.10468104330923989,
        -9.619460948673152e-05,
        51.00903801028653
      ],
      [
        0.10468139653239172,
        0.9946370164524295,
        0.0001714061904653152,
        -6.6161286284041125
      ],
      [
        8.232711967319971e-05,
        -0.00019456307310275389,
        1.0000008244477332,
        0.8471909505225312
      ],
      [
        0.0,
        0.0,
        0.0,
        1.0
      ]
    ],
    "location": [
      51.00903801028653,
      -6.6161286284041125,
      0.8471909505225312
    ],
    "rotation": [
      -0.00019456291024075962,
      -8.232705005461727e-05,
      0.10485975378916368
    ]
  },
  {
    "label_id": "hZi4PVr1d8UDd4LN2La8hQ",
    "size": [
      0.6102209059377864,
      0.8683952988068919,
      1.8400000000000318
    ],
    "obj_class": "pedestrian",
    "point_num_in_lidar": 69,
    "speed": 1.6628804881536436,
    "if_vehicle": false,
    "motion_state": true,
    "pose": [
      [
        -0.01844088493026073,
        0.9999608524818344,
        -9.619460948673152e-05,
        5.849471923836973
      ],
      [
        -0.9999604681805448,
        -0.018440481379513023,
        0.0001714061904653152,
        17.8207275043751
      ],
      [
        0.00018296086671133315,
        0.00010563079712427516,
        1.0000008244477332,
        1.3408002640363748
      ],
      [
        0.0,
        0.0,
        0.0,
        1.0
      ]
    ],
    "location": [
      5.849471923836973,
      17.8207275043751,
      1.3408002640363748
    ],
    "rotation": [
      0.00010563070964440528,
      -0.00018296071280754825,
      -1.5892358505601674
    ]
  },
  {
    "label_id": "iYoNqzfcHozgqJVHl7Yxnw",
    "size": [
      1.972967373819462,
      3.9732415768768115,
      1.57000000000005
    ],
    "obj_class": "vehicle",
    "point_num_in_lidar": 29,
    "speed": 1.7763568394002505e-14,
    "if_vehicle": true,
    "motion_state": false,
    "pose": [
      [
        0.9993657339574694,
        0.03911396841100389,
        -9.619460948673152e-05,
        50.24420807833485
      ],
      [
        -0.039113557000020116,
        0.999365358082903,
        0.0001714061904653152,
        2.4158450695231295
      ],
      [
        0.00010939144703665719,
        -0.00018073753169748336,
        1.0000008244477332,
        0.9645283534492819
      ],
      [
        0.0,
        0.0,
        0.0,
        1.0
      ]
    ],
    "location": [
      50.24420807833485,
      2.4158450695231295,
      0.9645283534492819
    ],
    "rotation": [
      -0.00018073738072096874,
      -0.0001093913546261692,
      -0.0391184152678935
    ]
  },
  {
    "label_id": "ifMXmnBpfdQ88ZpSpy5LIA",
    "size": [
      0.2434090676655822,
      0.052982123451976726,
      0.37999999999999545
    ],
    "obj_class": "sign",
    "point_num_in_lidar": 83,
    "speed": 0.000578176915999575,
