[
  {
    "label_id": "-r18nvGJT_LauvErk1VSrg",
    "size": [
      0.7208473821763789,
      2.0829883357271277,
      1.9099999999999682
    ],
    "obj_class": "vehicle",
    "point_num_in_lidar": 51,
    "speed": 5.684341886080801e-13,
    "if_vehicle": true,
    "motion_state": false,
    "pose": [
      [
        -0.000997914558218175,
        1.0001303658791694,
        -0.00019338961869314045,
        31.48528867817913
      ],
      [
        -1.0001300031431302,
        -0.0009975380954750403,
        -1.9700647700976824e-05,
        49.96603182844592
      ],
      [
        -6.403571066784114e-06,
        0.000199415404274841,
        1.0000008268602487,
        1.8258470886511304
      ],
      [
        0.0,
        0.0,
        0.0,
        1.0
      ]
    ],
    "location": [
      31.48528867817913,
      49.96603182844592,
      1.8258470886511304
    ],
    "rotation": [
      0.00019941523674296205,
      6.4035656445191044e-06,
      -1.5717941113068261
    ]
  },
  {
    "label_id": "013Doq8QGPt4_5ps9n1EBQ",
    "size": [
      0.6441504486102388,
      0.9234385820636817,
      1.669999999999959
    ],
    "obj_class": "pedestrian",
    "point_num_in_lidar": 105,
    "speed": 1.589712915495757,
    "if_vehicle": false,
    "motion_state": true,
    "pose": [
      [
        -0.006455127701650483,
        1.000110031903201,
        -0.00019338961869314045,
        9.51031219341894
      ],
      [
        -1.000109671226737,
        -0.006454749265236496,
        -1.9700647700976824e-05,
        24.845080150538706
      ],
      [
        -7.491589212303234e-06,
        0.0001993774944059114,
        1.0000008268602487,
        1.3366418745924875
      ],
      [
        0.0,
        0.0,
        0.0,
        1.0
      ]
    ],
    "location": [
      9.51031219341894,
      24.845080150538706,
      1.3366418745924875
    ],
    "rotation": [
      0.00019937732690688585,
      7.4915828687707344e-06,
      -1.5772506570052687
    ]
  },
  {
    "label_id": "0VCoeT-jjrIfzTCsOWz20A",
    "size": [
      0.7544329631618897,
      1.043993850799436,
      0.9800000000000182
    ],
    "obj_class": "sign",
    "point_num_in_lidar": 54,
    "speed": 5.687116766346677e-13,
    "if_vehicle": false,
    "motion_state": false,
    "pose": [
      [
        -0.10290130674280235,
        0.9948231328521117,
        -0.00019338961869314045,
        11.692034577414233
      ],
      [
        -0.994822810363852,
        -0.10290089527840103,
        -1.9700647700976824e-05,
        11.077785658497305
      ],
      [
        -2.6689734249012985e-05,
        0.00019772497887273185,
        1.0000008268602487,
        0.716712742612799
      ],
      [
        0.0,
        0.0,
        0.0,
        1.0
      ]
    ],
    "location": [
      11.692034577414233,
      11.077785658497305,
      0.716712742612799
    ],
    "rotation": [
      0.00019772481280525123,
      2.6689711652295038e-05,
      -1.6738665995215622
    ]
  },
  {
    "label_id": "0_HBXNo3olLueqYvkPohlg",
    "size": [
      1.747968299190694,
      3.9316593479287927,
      1.7000000000000455
    ],
    "obj_class": "vehicle",
    "point_num_in_lidar": 58,
    "speed": 1.7763568394002505e-14,
    "if_vehicle": true,
    "motion_state": false,
    "pose": [
      [
        0.9998873169981384,
        -0.022070294364395417,
        -0.00019338961869314045,
        56.57756348679868
      ],
      [
        0.022070662360504065,
        0.9998869456755087,
        -1.9700647700976824e-05,
        -6.0365916970295075
      ],
      [
        0.00019951005154876506,
        1.802363868331691e-06,
        1.0000008268602487,
        1.0278955624405626
      ],
      [
        0.0,
        0.0,
        0.0,
        1.0
      ]
    ],
    "location": [
      56.57756348679868,
      -6.0365916970295075,
      1.0278955624405626
    ],
    "rotation": [
      1.8023623780279351e-06,
      -0.0001995098839345365,
      0.022069565821273257
    ]
  },
  {
    "label_id": "2-A6zakvKX2opVnyx9gplQ",
    "size": [
      0.7707275497534791,
      1.107612320671707,
      1.7999999999999545
    ],
    "obj_class": "pedestrian",
    "point_num_in_lidar": 26,
    "speed": 0.33469078704977273,
    "if_vehicle": false,
    "motion_state": false,
    "pose": [
      [
        -0.9815262552501772,
        -0.19201029879053527,
        -0.00019338961869314045,
        30.5422779501514
      ],
      [
        0.1920098599741787,
        -0.9815259710990971,
        -1.9700647700976824e-05,
        8.892090760225983
      ],
      [
        -0.0001945208271670234,
        -4.437518431243299e-05,
        1.0000008268602487,
        1.1471792123496698
      ],
      [
        0.0,
        0.0,
        0.0,
        1.0
      ]
    ],
    "location": [
      30.5422779501514,
      8.892090760225983,
      1.1471792123496698
    ],
    "rotation": [
      -4.437514759126023e-05,
      0.00019452066368065327,
      2.9484085329043745
    ]
  },
  {
    "label_id": "2OYKagQRfCdaOXgU5RkMBA",
    "size": [
      0.8627759996271298,
      0.6348824674672757,
      1.1499999999999773
    ],
    "obj_class": "sign",
    "point_num_in_lidar": 47,
    "speed": 0.0024609175557983778,
    "if_vehicle": false,
    "motion_state": false,
    "pose": [
      [
        0.015359475520890564,
        1.00001291546599,
        -0.00019338961869314045,
        30.4148522126834
      ],
      [
        -1.0000125466213734,
        0.015359846000687304,
        -1.9700647700976824e-05,
        12.43471176481944
      ],
      [
        -3.1412508086506756e-06,
        0.00019949346286999631,
        1.0000008268602487,
        0.6847624342231029
      ],
      [
        0.0,
        0.0,
        0.0,
        1.0
      ]
    ],
    "location": [
      30.4148522126834,
      12.43471176481944,
      0.6847624342231029
    ],
    "rotation": [
      0.00019949329527046855,
      3.141248148760036e-06,
      -1.5554382516005392
    ]
  },
  {
    "label_id": "2SYmRAjI0pCOwp2XYemMBQ",
    "size": [
      0.9588610015812882,
      0.6083173834498694,
      1.67999999999995
    ],
    "obj_class": "pedestrian",
    "point_num_in_lidar": 344,
    "speed": 0.0031875234438806465,
    "if_vehicle": false,
    "motion_state": false,
    "pose": [
      [
        0.9978326484008149,
        0.0677624554785495,
        -0.00019338961869314045,
        11.80926681812889
      ],
      [
        -0.06776205564006654,
        0.9978323116058938,
        -1.9700647700976824e-05,
        7.21765600820072
      ],
      [
        0.00019854305682517475,
        1.9701872271965717e-05,
        1.0000008268602487,
        0.8799207057725198
      ],
      [
        0.0,
        0.0,
        0.0,
        1.0
      ]
    ],
    "location": [
      11.80926681812889,
      7.21765600820072,
      0.8799207057725198
    ],
    "rotation": [
      1.9701855978735002e-05,
      -0.00019854289001060974,
      -0.06780513519370146
    ]
  },
  {
    "label_id": "3083QteOhZ_vSpxmP0XK-Q",
    "size": [
      0.8198295781744138,
      0.7789331854908985,
      1.2000000000000455
    ],
    "obj_class": "sign",
    "point_num_in_lidar": 43,
    "speed": 1.9915012144332625e-12,
    "if_vehicle": false,
    "motion_state": false,
    "pose": [
      [
        -0.03627630951777197,
        0.9994727479800725,
        -0.00019338961869314045,
        28.956059697718956
      ],
      [
        -0.9994723987492807,
        -0.0362759204940127,
        -1.9700647700976824e-05,
        14.902581722366449
      ],
      [
        -1.3433848104346388e-05,
        0.000199065418668373,
        1.0000008268602487,
        0.7363255909367581
      ],
      [
        0.0,
        0.0,
        0.0,
        1.0
      ]
    ],
    "location": [
      28.956059697718956,
      14.902581722366449,
      0.7363255909367581
    ],
    "rotation": [
      0.00019906525143977626,
      1.3433836729461305e-05,
      -1.6070758603619406
    ]
  },
  {
    "label_id": "3mqY30kFisxCydiO2pKjPA",
    "size": [
      0.8321203191369895,
      1.0700067716390604,
      1.7200000000000273
    ],
    "obj_class": "pedestrian",
    "point_num_in_lidar": 47,
    "speed": 1.6157486919053219,
    "if_vehicle": false,
    "motion_state": true,
    "pose": [
      [
        0.05659281406181661,
        0.9985284162123936,
        -0.00019338961869314045,
        33.270394677214426
      ],
      [
        -0.9985280324008897,
        0.05659316901302553,
        -1.9700647700976824e-05,
        -18.22926992214707
      ],
      [
        5.0897050106481334e-06,
        0.00019945326291492485,
        1.0000008268602487,
        0.843754963231163
      ],
      [
        0.0,
        0.0,
        0.0,
        1.0
      ]
    ],
    "location": [
      33.270394677214426,
      -18.22926992214707,
      0.843754963231163
    ],
    "rotation": [
      0.00019945309535023635,
      -5.089700700894852e-06,
      -1.5141806555190551
    ]
  },
  {
    "label_id": "45vGTk6HpmeCTR2Etiwq8w",
    "size": [
      0.7077057722273463,
      0.7957618448156345,
      1.07000000000005
    ],
    "obj_class": "sign",
    "point_num_in_lidar": 37,
    "speed": 2.2743611691451335e-12,
    "if_vehicle": false,
    "motion_state": false,
    "pose": [
      [
        -1.0000520492637093,
        0.012555610320570402,
        -0.00019338961869314045,
        41.394086939104454
      ],
      [
        -0.012555981833065907,
        -1.0000516814592817,
        -1.9700647700976824e-05,
        4.351726368611708
      ],
      [
        -0.00019948387140714702,
        -3.7005719722252093e-06,
        1.0000008268602487,
        0.6758744546191338
      ],
      [
        0.0,
        0.0,
        0.0,
        1.0
      ]
    ],
    "location": [
      41.394086939104454,
      4.351726368611708,
      0.6758744546191338
    ],
    "rotation": [
      -3.700568912354986e-06,
      0.0001994837038145659,
      -3.129037984914973
    ]
  },
  {
    "label_id": "4BPsEUa8pjB_nYeEbm-YSA",
    "size": [
      0.8876985042482762,
      1.0727947770953707,
      1.7511702127660556
    ],
    "obj_class": "pedestrian",
    "point_num_in_lidar": 367,
    "speed": 0.9339704077794241,
    "if_vehicle": false,
    "motion_state": false,
    "pose": [
      [
        0.30722110619454535,
        0.9517756755116545,
        -0.00019338961869314045,
        10.202224826643942
      ],
      [
        -0.9517752144252635,
        0.3072213525702159,
        -1.9700647700976824e-05,
        9.665639056556756
      ],
      [
        5.535392771822884e-05,
        0.00019168581551765897,
        1.0000008268602487,
        1.117430614765226
      ],
      [
        0.0,
        0.0,
        0.0,
        1.0
      ]
    ],
    "location": [
      10.202224826643942,
      9.665639056556756,
      1.117430614765226
    ],
    "rotation": [
      0.00019168565467268196,
      -5.535388087482388e-05,
      -1.2585668920284379
    ]
  },
  {
    "label_id": "6cJfOa0GEVIor5deOQECIw",
    "size": [
      0.8707727370721008,
      1.1612597197178984,
      1.8100000000000591
    ],
    "obj_class": "pedestrian",
    "point_num_in_lidar": 143,
    "speed": 1.858919464493317,
    "if_vehicle": false,
    "motion_state": true,
    "pose": [
      [
        -0.13991243730029537,
        0.990296043855451,
        -0.00019338961869314045,
        8.201688639268468
      ],
      [
        -0.9902957369289023,
        -0.13991201410090418,
        -1.9700647700976824e-05,
        25.437842879346135
      ],
      [
        -3.40415057848403e-05,
        0.00019659268823739537,
        1.0000008268602487,
        1.415133576729545
      ],
      [
        0.0,
        0.0,
        0.0,
        1.0
      ]
    ],
    "location": [
      8.201688639268468,
      25.437842879346135,
      1.415133576729545
    ],
    "rotation": [
      0.00019659252315017405,
      3.404147696631823e-05,
      -1.7111508624480944
    ]
  },
  {
    "label_id": "8IZ7fkXm0FDeUdEuJAqSlA",
    "size": [
      0.7446914889132413,
      1.0496260774128139,
      1.7300000000000182
    ],
    "obj_class": "pedestrian",
    "point_num_in_lidar": 113,
    "speed": 0.04982224990892883,
    "if_vehicle": false,
    "motion_state": false,
    "pose": [
      [
        -0.990177081443902,
        -0.14075188087660745,
        -0.00019338961869314045,
        28.275600023262086
      ],
      [
        0.14075145741718037,
        -0.9901767748762181,
        -1.9700647700976824e-05,
        8.317563177948614
      ],
      [
        -0.00019656375993048434,
        -3.420814912409458e-05,
        1.0000008268602487,
        1.037396519081085
      ],
      [
        0.0,
        0.0,
        0.0,
        1.0
      ]
    ],
    "location": [
      28.275600023262086,
      8.317563177948614,
      1.037396519081085
    ],
    "rotation": [
      -3.420812082541588e-05,
      0.00019656359475329164,
      3.000390859869339
    ]
  },
  {
    "label_id": "8k1Wkk08druqr8A5YTrqFQ",
    "size": [
      2.1684109006720282,
      4.238163060626746,
      1.7100000000000364
    ],
    "obj_class": "vehicle",
    "point_num_in_lidar": 229,
    "speed": 8.543149943144391e-13,
    "if_vehicle": true,
    "motion_state": false,
    "pose": [
      [
        1.000042968576775,
        -0.013259169929460468,
        -0.00019338961869314045,
        38.78092836592805
      ],
      [
        0.013259541183103903,
        1.0000426005110696,
        -1.9700647700976824e-05,
        2.434997890555678
      ],
      [
        0.00019948642548893198,
        3.560228946747716e-06,
        1.0000008268602487,
        0.9699979189847454
      ],
      [
        0.0,
        0.0,
        0.0,
        1.0
      ]
    ],
    "location": [
      38.78092836592805,
      2.434997890555678,
      0.9699979189847454
    ],
    "rotation": [
      3.560226002923316e-06,
      -0.00019948625789423894,
      0.013258194568755
    ]
  },
  {
    "label_id": "A4kzX4tBck4XcFuUOPA6Lg",
    "size": [
      0.7530091452405137,
      1.132073132049114,
      1.8246200607903802
    ],
    "obj_class": "pedestrian",
    "point_num_in_lidar": 416,
    "speed": 1.116468400403761,
    "if_vehicle": false,
    "motion_state": true,
    "pose": [
      [
        0.0519364137559962,
        -0.9987814343054404,
        -0.00019338961869314045,
        13.185939781733396
      ],
      [
        0.998781091214644,
        0.05193601930658661,
        -1.9700647700976824e-05,
        2.6077758140509104
      ],
      [
        1.6552115236830003e-05,
        -0.0001988304218817937,
        1.0000008268602487,
        1.0272954313426226
      ],
      [
        0.0,
        0.0,
        0.0,
        1.0
      ]
    ],
    "location": [
      13.185939781733396,
      2.6077758140509104,
      1.0272954313426226
    ],
    "rotation": [
      -0.00019883025485680752,
      -1.6552101221862587e-05,
      1.5188433229208098
    ]
  },
  {
    "label_id": "AWjsPzPKZ7MTv8Ta3AXBbQ",
    "size": [
      2.106078352137215,
      4.515543669845269,
      1.4600000000000364
    ],
    "obj_class": "vehicle",
    "point_num_in_lidar": 52,
    "speed": 2.847716647714797e-13,
    "if_vehicle": true,
    "motion_state": false,
    "pose": [
      [
        0.9962630933045872,
        -0.08787259815347419,
        -0.00019338961869314045,
        44.89225538834944
      ],
      [
        0.08787294089624245,
        0.9962626985527336,
        -1.9700647700976824e-05,
        -6.917366334491817
      ],
      [
        0.00019919562047102492,
        -1.134080992120987e-05,
        1.0000008268602487,
        0.8343099876819906
      ],
      [
        0.0,
        0.0,
        0.0,
        1.0
      ]
    ],
    "location": [
      44.89225538834944,
      -6.917366334491817,
      0.8343099876819906
    ],
    "rotation": [
      -1.1340800543466517e-05,
      -0.00019919545311679706,
      0.08797487788930192
    ]
  },
  {
    "label_id": "AhVLDKKFO3nP9YBAG8x0pw",
    "size": [
      1.9318567274618785,
      4.066022807258439,
      1.509999999999991
    ],
    "obj_class": "vehicle",
    "point_num_in_lidar": 126,
    "speed": 2.929642751054232e-13,
    "if_vehicle": true,
    "motion_state": false,
    "pose": [
      [
        0.028929049101524246,
        -0.9997123859916652,
        -0.00019338961869314045,
        27.15428985314975
      ],
      [
        0.999712033910922,
        0.028928662655174273,
        -1.9700647700976824e-05,
        27.835712820115077
      ],
      [
        1.1970323361987132e-05,
        -0.00019915878223948397,
        1.0000008268602487,
        1.2749332609113253
      ],
      [
        0.0,
        0.0,
        0.0,
        1.0
      ]
    ],
    "location": [
      27.15428985314975,
      27.835712820115077,
      1.2749332609113253
    ],
    "rotation": [
      -0.00019915861492998723,
      -1.1970313226242851e-05,
      1.5418670177715468
    ]
  },
  {
    "label_id": "Aof9zDLMpOMBf2RZkTgB1g",
    "size": [
      0.6466332595231514,
      2.732983268659154,
      3.449999999999932
    ],
    "obj_class": "vehicle",
    "point_num_in_lidar": 111,
    "speed": 1.0658141036401503e-13,
    "if_vehicle": true,
    "motion_state": false,
    "pose": [
      [
        -0.04927660626005193,
        -0.998916193012486,
        -0.00019338961869314045,
        31.202282628080866
      ],
      [
        0.9989158118114647,
        -0.04927696401333611,
        -1.9700647700976824e-05,
        58.68852079512362
      ],
      [
        -3.6284796779589153e-06,
        -0.00019948519574076567,
        1.0000008268602487,
        2.6297984345876557
      ],
      [
        0.0,
        0.0,
        0.0,
        1.0
      ]
    ],
    "location": [
      31.202282628080866,
      58.68852079512362,
      2.6297984345876557
    ],
    "rotation": [
      -0.00019948502814840267,
      3.6284766055035613e-06,
      1.6200864602487068
    ]
  },
  {
    "label_id": "DMyvJcDBgX_UfZY7i4gQUg",
    "size": [
      2.2010175447229874,
      5.031357921109429,
      1.7300000000000182
    ],
    "obj_class": "vehicle",
    "point_num_in_lidar": 6739,
    "speed": 5.709267256288867e-13,
    "if_vehicle": true,
    "motion_state": false,
    "pose": [
      [
        0.999021109891103,
        -0.04710166216828628,
        -0.00019338961869314045,
        2.3001973055452254
      ],
      [
        0.047102020750668626,
        0.9990207294698809,
        -1.9700647700976824e-05,
        -3.525767168141101
      ],
      [
        0.0001994926228246401,
        -3.1941545127114327e-06,
        1.0000008268602487,
        0.8366797474188843
      ],
      [
        0.0,
        0.0,
        0.0,
        1.0
      ]
    ],
    "location": [
      2.3001973055452254,
      -3.525767168141101,
      0.8366797474188843
    ],
    "rotation": [
      -3.1941518715833586e-06,
      -0.00019949245522482272,
      0.04711328413903642
    ]
  },
  {
    "label_id": "FaLjVnzgLbkn0NFfVlonZw",
    "size": [
      3.134141242359212,
      4.451840989787582,
      3.0799999999999272
    ],
    "obj_class": "vehicle",
    "point_num_in_lidar": 981,
    "speed": 8.528363000094291e-13,
    "if_vehicle": true,
    "motion_state": false,
    "pose": [
      [
        -0.04776655835228374,
        -0.9989895397301438,
        -0.00019338961869314045,
        30.01819002537559
      ],
      [
        0.9989891590703485,
        -0.04776691668139421,
        -1.9700647700976824e-05,
        17.921981433097244
      ],
      [
        -3.326927741161072e-06,
        -0.00019949045274476426,
        1.0000008268602487,
        1.807587848648268
      ],
      [
        0.0,
        0.0,
        0.0,
        1.0
      ]
    ],
    "location": [
      30.01819002537559,
      17.921981433097244,
      1.807587848648268
    ],
    "rotation": [
      -0.00019949028514784525,
      3.326924924046997e-06,
      1.6185748291480233
    ]
  },
  {
    "label_id": "GZswbdmDQZSe88ajnioK_g",
    "size": [
      1.1505740821373565,
      4.713684939172988,
      4.259999999999991
    ],
    "obj_class": "vehicle",
    "point_num_in_lidar": 192,
    "speed": 5.709267256288867e-13,
    "if_vehicle": true,
    "motion_state": false,
    "pose": [
      [
        0.03894349765091432,
        0.9993723773337843,
        -0.00019338961869314045,
        30.942577984707896
      ],
      [
        -0.9993719998529188,
        0.0389438593273269,
        -1.9700647700976824e-05,
        40.37617580036931
      ],
      [
        1.5652732110351004e-06,
        0.0001995120525288641,
        1.0000008268602487,
        2.8291327359688694
      ],
      [
        0.0,
        0.0,
        0.0,
        1.0
      ]
    ],
    "location": [
      30.942577984707896,
      40.37617580036931,
      2.8291327359688694
    ],
    "rotation": [
      0.00019951188491322541,
      -1.5652718856198778e-06,
      -1.5318480636236607
    ]
  },
  {
    "label_id": "NeHt8l-Xg_tze4fm4Zzhag",
    "size": [
      0.8686749354366591,
      0.8296750162009441,
      1.82000000000005
    ],
    "obj_class": "pedestrian",
    "point_num_in_lidar": 562,
    "speed": 2.9777166713245524e-13,
    "if_vehicle": false,
    "motion_state": false,
    "pose": [
      [
        0.9580341172648962,
        0.28711038773185793,
        -0.00019338961869314045,
        1.4403172654947412
      ],
      [
        -0.28710992322233675,
        0.9580338774054878,
        -1.9700647700976824e-05,
        10.620396654798242
      ],
      [
        0.00018924661793024794,
        6.319198356174558e-05,
        1.0000008268602487,
        1.240723182205329
      ],
      [
        0.0,
        0.0,
        0.0,
        1.0
      ]
    ],
    "location": [
      1.4403172654947412,
      10.620396654798242,
      1.240723182205329
    ],
    "rotation": [
      6.319193122673644e-05,
      -0.00018924645881278208,
      -0.2911691853868407
    ]
  },
  {
    "label_id": "Nx3jDnV5BFvG2rNbAk93sw",
    "size": [
      0.7698546864134821,
      0.8128752011552611,
      1.0900000000000318
    ],
    "obj_class": "sign",
    "point_num_in_lidar": 123,
    "speed": 0.0009001895986206638,
    "if_vehicle": false,
    "motion_state": false,
    "pose": [
      [
        -0.0035883232958196427,
        1.0001244265205163,
        -0.00019338961869314045,
        12.06141846751234
      ],
      [
        -1.00012406476076,
        -0.003587945894825943,
        -1.9700647700976824e-05,
        14.616103843036399
      ],
      [
        -6.92005032668324e-06,
        0.00019939814966037504,
        1.0000008268602487,
        0.8376388971436199
      ],
      [
        0.0,
        0.0,
        0.0,
        1.0
      ]
    ],
    "location": [
      12.06141846751234,
      14.616103843036399,
      0.8376388971436199
    ],
    "rotation": [
      0.00019939798214344933,
      6.9200444670940286e-06,
      -1.5743841895661594
    ]
  },
  {
    "label_id": "OkBzhxzagapiYam_4NK-9A",
    "size": [
      0.9161349937327301,
      0.864239601718528,
      1.8799999999999955
    ],
    "obj_class": "pedestrian",
    "point_num_in_lidar": 127,
    "speed": 0.0015534263968412611,
    "if_vehicle": false,
    "motion_state": false,
    "pose": [
      [
        -0.9934509544002106,
        -0.1153990718696537,
        -0.00019338961869314045,
        29.97762372876059
      ],
      [
        0.11539865638377367,
        -0.9934506371099417,
        -1.9700647700976824e-05,
        -11.657432810316095
      ],
      [
        -0.00019737383910900725,
        -2.9173220937640697e-05,
        1.0000008268602487,
        0.9210012856570984
      ],
      [
        0.0,
        0.0,
        0.0,
        1.0
      ]
    ],
    "location": [
      29.97762372876059,
      -11.657432810316095,
      0.9210012856570984
    ],
    "rotation": [
      -2.9173196807207724e-05,
      0.00019737367326158343,
      3.0259515211465517
    ]
  },
  {
    "label_id": "Qk60fGhJPpHJTNmg9RXYjQ",
    "size": [
      0.8607130812136875,
      0.8401418131687414,
      2.2000000000000455
    ],
    "obj_class": "pedestrian",
    "point_num_in_lidar": 33,
    "speed": 1.4819281491378984,
    "if_vehicle": false,
    "motion_state": true,
    "pose": [
      [
        -0.9965198923064528,
        -0.08491082866514979,
        -0.00019338961869314045,
        55.90138618362107
      ],
      [
        0.08491042309437412,
        -0.9965195624368163,
        -1.9700647700976824e-05,
        -15.567953551593746
      ],
      [
        -0.00019817491425708504,
        -2.311303839184149e-05,
        1.0000008268602487,
        1.0809748868164206
      ],
      [
        0.0,
        0.0,
        0.0,
        1.0
      ]
    ],
    "location": [
      55.90138618362107,
      -15.567953551593746,
      1.0809748868164206
    ],
    "rotation": [
      -2.3113019276488873e-05,
      0.00019817474774700715,
      3.056591014698684
    ]
  },
  {
    "label_id": "WrQ9WB5nz7yw3pLq2Sx4JA",
    "size": [
      1.9338659153476874,
      4.5722265271665545,
      1.5399999999999636
    ],
    "obj_class": "vehicle",
    "point_num_in_lidar": 1748,
    "speed": 8.881784197001252e-14,
    "if_vehicle": true,
    "motion_state": false,
    "pose": [
      [
        0.9997147848373131,
        -0.02884603204517394,
        -0.00019338961869314045,
        3.9391482354367326
      ],
      [
        0.028846397516375345,
        0.999714411029298,
        -1.9700647700976824e-05,
        -7.481352559141669
      ],
      [
        0.00019951768459798095,
        4.5024123103082094e-07,
        1.0000008268602487,
        0.6174325100627129
      ],
      [
        0.0,
        0.0,
        0.0,
        1.0
      ]
    ],
    "location": [
      3.9391482354367326,
      -7.481352559141669,
      0.6174325100627129
    ],
    "rotation": [
      4.502408587445221e-07,
      -0.00019951751697744094,
      0.028846623271591734
    ]
  },
  {
    "label_id": "X8OBaKk4dxIT8dFfdO_PYQ",
    "size": [
      2.1633729765809924,
      5.267996842103457,
      2.6200000000000045
    ],
    "obj_class": "vehicle",
    "point_num_in_lidar": 76,
    "speed": 5.728578676879116e-13,
    "if_vehicle": true,
    "motion_state": false,
    "pose": [
      [
        0.9994498625586665,
        0.03690144737715982,
        -0.00019338961869314045,
        79.206483001788
      ],
      [
        -0.03690105813504159,
        0.9994495135712677,
        -1.9700647700976824e-05,
        2.1854113936060457
      ],
      [
        0.0001990569771966914,
        1.3558355867182076e-05,
        1.0000008268602487,
        1.8009151940415222
      ],
      [
        0.0,
        0.0,
        0.0,
        1.0
      ]
    ],
    "location": [
      79.206483001788,
      2.1854113936060457,
      1.8009151940415222
    ],
    "rotation": [
      1.3558344655495038e-05,
      -0.00019905680995711288,
      -0.03690460675433761
    ]
  },
  {
    "label_id": "YTw2k0_-8UqolJn4WQRc2g",
    "size": [
      0.7131402618202082,
      0.9424020280400371,
      1.5199999999999818
    ],
    "obj_class": "pedestrian",
    "point_num_in_lidar": 64,
    "speed": 1.4040005535881435,
    "if_vehicle": false,
    "motion_state": true,
    "pose": [
      [
        0.013151729647572954,
        1.000044387312055,
        -0.00019338961869314045,
        33.17748926448439
      ],
      [
        -1.0000440192862379,
        0.013152100940757595,
        -1.9700647700976824e-05,
        -10.059923153412456
      ],
      [
        -3.581660867825721e-06,
        0.00019948604184236304,
        1.0000008268602487,
        0.9998704042398003
      ],
      [
        0.0,
        0.0,
        0.0,
        1.0
      ]
    ],
    "location": [
      33.17748926448439,
      -10.059923153412456,
      0.9998704042398003
    ],
    "rotation": [
      0.00019948587424926676,
      3.5816578350145118e-06,
      -1.5576459341488902
    ]
  },
  {
    "label_id": "YZp0XjCF9MO6a2x7szWEXA",
    "size": [
      1.947368066020452,
      3.8082084000475307,
      1.509999999999991
    ],
    "obj_class": "vehicle",
    "point_num_in_lidar": 46,
    "speed": 1.1390866590859189e-12,
    "if_vehicle": true,
    "motion_state": false,
    "pose": [
      [
        0.9982185815393756,
        -0.06181753842222647,
        -0.00019338961869314045,
        40.33791436673346
      ],
      [
        0.06181789136001234,
        0.9982181958755965,
        -1.9700647700976824e-05,
        -7.056325494020712
      ],
      [
        0.0001994238962978923,
        -6.133414210108356e-06,
        1.0000008268602487,
        0.8435879912767632
      ],
      [
        0.0,
        0.0,
        0.0,
        1.0
      ]
    ],
    "location": [
      40.33791436673346,
      -7.056325494020712,
      0.8435879912767632
    ],
    "rotation": [
      -6.1334091385592394e-06,
      -0.0001994237287549029,
      0.06184922605901365
    ]
  },
  {
    "label_id": "ZyK_iICxQsEYdJLxMFTw7w",
    "size": [
      0.9212612327098921,
      0.9766455606441014,
      1.740000000000009
    ],
    "obj_class": "pedestrian",
    "point_num_in_lidar": 44,
    "speed": 1.5177493902847128,
    "if_vehicle": false,
    "motion_state": true,
    "pose": [
      [
        0.1265996441073393,
        0.992085820228755,
        -0.00019338961869314045,
        33.22724083239336
      ],
      [
        -0.9920854124301584,
        0.12659997121884262,
        -1.9700647700976824e-05,
        -29.107369099814605
      ],
      [
        1.908872740769089e-05,
        0.00019860294476784532,
        1.0000008268602487,
        0.761321038844244
      ],
      [
        0.0,
        0.0,
        0.0,
        1.0
      ]
    ],
    "location": [
      33.22724083239336,
      -29.107369099814605,
      0.761321038844244
    ],
    "rotation": [
      0.00019860277793993343,
      -1.9088711245216908e-05,
      -1.443872689299348
    ]
  },
  {
    "label_id": "_42Q0-0TvA-QU1Ls8X0ApA",
    "size": [
      0.694682578912352,
      0.9723594347349624,
      1.6100000000000136
    ],
    "obj_class": "pedestrian",
    "point_num_in_lidar": 51,
    "speed": 1.4859997336624595,
    "if_vehicle": false,
    "motion_state": true,
    "pose": [
      [
        0.004456559031288663,
        1.0001209345217543,
        -0.00019338961869314045,
        9.162904828672254
      ],
      [
        -1.000120569737977,
        0.00445693351016232,
        -1.9700647700976824e-05,
        32.37688998231715
      ],
      [
        -5.315914518610831e-06,
        0.00019944736207164158,
        1.0000008268602487,
        1.3692763594744974
      ],
      [
        0.0,
        0.0,
        0.0,
        1.0
      ]
    ],
    "location": [
      9.162904828672254,
      32.37688998231715,
      1.3692763594744974
    ],
    "rotation": [
      0.000199447194512067,
      5.315910017314709e-06,
      -1.5663403345177496
    ]
  },
  {
    "label_id": "aANSRZ5XPxs8mHhsbxTcGg",
    "size": [
      0.807763319316882,
      0.8146921552102152,
      1.07000000000005
    ],
    "obj_class": "sign",
    "point_num_in_lidar": 33,
    "speed": 8.533911106286719e-13,
    "if_vehicle": false,
    "motion_state": false,
    "pose": [
      [
        -0.00999879724304672,
        -1.0000808810495072,
        -0.00019338961869314045,
        32.09872273007932
      ],
      [
        1.0000805141961053,
        -0.009999169694671229,
        -1.9700647700976824e-05,
        -28.77043772695106
      ],
      [
        4.2105681179201745e-06,
        -0.00019947375842608992,
        1.0000008268602487,
        0.34707952895951166
      ],
      [
        0.0,
        0.0,
        0.0,
        1.0
      ]
    ],
    "location": [
      32.09872273007932,
      -28.77043772695106,
      0.34707952895951166
    ],
    "rotation": [
      -0.00019947359084363908,
      -4.210564552578189e-06,
      1.5807939859450122
    ]
  },
  {
    "label_id": "dWu2dkV959ZVbiXuXYme9A",
    "size": [
      1.9876994670929102,
      4.6193943709231275,
      1.4600000000000364
    ],
    "obj_class": "vehicle",
    "point_num_in_lidar": 4063,
    "speed": 8.881784197001252e-14,
    "if_vehicle": true,
    "motion_state": false,
    "pose": [
      [
        0.9999292636165737,
        0.020080148163880544,
        -0.00019338961869314045,
        1.6189795424215845
      ],
      [
        -0.020079764848690517,
        0.9999289081294482,
        -1.9700647700976824e-05,
        3.2232138969848165
      ],
      [
        0.0001992569233408592,
        1.0207236905284561e-05,
        1.0000008268602487,
        0.7562599131500747
      ],
      [
        0.0,
        0.0,
        0.0,
        1.0
      ]
    ],
    "location": [
      1.6189795424215845,
      3.2232138969848165,
      0.7562599131500747
    ],
    "rotation": [
      1.0207228464978605e-05,
      -0.0001992567559359389,
      -0.020078486699228584
    ]
  },
  {
    "label_id": "dv8sizFeYUT8pYvd3AJspA",
    "size": [
      0.7534326255224603,
      0.8617267602349281,
      0.7999999999999545
    ],
    "obj_class": "sign",
    "point_num_in_lidar": 50,
    "speed": 1.1370071466249427e-12,
    "if_vehicle": false,
    "motion_state": false,
    "pose": [
      [
        -0.0021739130857716385,
        1.0001285010882162,
        -0.00019338961869314045,
        11.993942160672304
      ],
      [
        -1.0001281387950898,
        -0.002173536196767081,
        -1.9700647700976824e-05,
        38.420553210629805
      ],
      [
        -6.638048430896158e-06,
        0.00019940773680460506,
        1.0000008268602487,
        1.2539886915446914
      ],
      [
        0.0,
        0.0,
        0.0,
        1.0
      ]
    ],
    "location": [
      11.993942160672304,
      38.420553210629805,
      1.2539886915446914
    ],
    "rotation": [
      0.00019940756927937095,
      6.638042810089314e-06,
      -1.5729699579305167
    ]
  },
  {
    "label_id": "eTLt3z7Tt1__uHa0Pj96uQ",
    "size": [
      0.5969024159007627,
      0.5832202862830158,
      0.9800000000000182
    ],
    "obj_class": "sign",
    "point_num_in_lidar": 102,
    "speed": 2.5585089000282873e-12,
    "if_vehicle": false,
    "motion_state": false,
    "pose": [
      [
        0.9986388139689494,
        -0.05461010732233226,
        -0.00019338961869314045,
        1.7322238762480993
      ],
      [
        0.054610463034905646,
        0.9986384308629638,
        -1.9700647700976824e-05,
        5.19251733661622
      ],
      [
        0.0001994629754604734,
        -4.693677125569197e-06,
        1.0000008268602487,
        0.7174058294715451
      ],
      [
        0.0,
        0.0,
        0.0,
        1.0
      ]
    ],
    "location": [
      1.7322238762480993,
      5.19251733661622,
      0.7174058294715451
    ],
    "rotation": [
      -4.693673244522903e-06,
      -0.00019946280788517046,
      0.05463048634962326
    ]
  },
  {
    "label_id": "hVOvDRfPPYheooNcglGZfw",
    "size": [
      1.9687754390427927,
      4.426137945390364,
      1.5
    ],
    "obj_class": "vehicle",
    "point_num_in_lidar": 58,
    "speed": 1.422084321207637e-12,
    "if_vehicle": true,
    "motion_state": false,
    "pose": [
      [
        0.9946373366343897,
        -0.10468196196057088,
        -0.00019338961869314045,
        51.00903801028653
      ],
      [
        0.10468229798909653,
        0.9946369361516048,
        -1.9700647700976824e-05,
        -6.6161286284059315
      ],
      [
        0.00019897573338068485,
        -1.4702608956365548e-05,
        1.0000008268602487,
        0.8471909505225312
      ],
      [
        0.0,
        0.0,
        0.0,
        1.0
      ]
    ],
    "location": [
      51.00903801028653,
      -6.6161286284059315,
      0.8471909505225312
    ],
    "rotation": [
      -1.47025967983133e-05,
      -0.00019897556620829168,
      0.10486066177619761
    ]
  },
  {
    "label_id": "iYoNqzfcHozgqJVHl7Yxnw",
    "size": [
      1.9729673738194624,
      3.9732415768768115,
      1.57000000000005
    ],
    "obj_class": "vehicle",
    "point_num_in_lidar": 29,
    "speed": 1.7763568394002505e-14,
    "if_vehicle": true,
    "motion_state": false,
    "pose": [
      [
        0.9993657560803226,
        0.03911304336243664,
        -0.00019338961869314045,
        50.24420807833485
      ],
      [
        -0.03911265334899588,
        0.9993654079551335,
        -1.9700647700976824e-05,
        2.4158450695176725
      ],
      [
        0.0001990264864743758,
        1.399881659895377e-05,
        1.0000008268602487,
        0.9645283534491682
      ],
      [
        0.0,
        0.0,
        0.0,
        1.0
      ]
    ],
    "location": [
      50.24420807833485,
      2.4158450695176725,
      0.9645283534491682
    ],
    "rotation": [
      1.3998805022983933e-05,
      -0.00019902631926001173,
      -0.039117511561245655
    ]
  },
  {
    "label_id": "ifMXmnBpfdQ88ZpSpy5LIA",
    "size": [
      0.2434090676655826,
      0.052982123451976726,
      0.37999999999999545
    ],
    "obj_class": "sign",
    "point_num_in_lidar": 80,
    "speed": 0.0005781769203595658,
    "if_vehicle": false,
    "motion_state": false,
    "pose": [
      [
        -0.6196972959157707,
        0.7850076471103631,
        -0.00019338961869314045,
        4.966551457768219
      ],
      [
        -0.7850075951404092,
        -0.6196967757227728,
        -1.9700647700976824e-05,
        4.9000193297451915
      ],
      [
        -0.00012843493132313455,
        0.00015268260411889525,
        1.0000008268602487,
        0.807605135726476
      ],
      [
        0.0,
        0.0,
        0.0,
        1.0
      ]
    ],
    "location": [
      4.966551457768219,
      4.9000193297451915,
      0.807605135726476
    ],
    "rotation": [
      0.0001526824766853821,
      0.0001284348229222517,
      -2.23905000489323
    ]
  },
  {
    "label_id": "iwVyTv3GqaEq5Lo6tx5S8A",
    "size": [
      0.845033627534084,
      1.1945977308094293,
      1.810638297872515
    ],
    "obj_class": "pedestrian",
    "point_num_in_lidar": 545,
    "speed": 3.092975957070281,
    "if_vehicle": false,
    "motion_state": true,
    "pose": [
      [
        0.09778140772839149,
        0.9953394098947961,
        -0.00019338961869314045,
        8.930118088459494
      ],
      [
        -0.9953390117520766,
        0.0977817465262755,
        -1.9700647700976824e-05,
        7.42032336772354
      ],
      [
        1.3322313289991257e-05,
        0.00019907291416239534,
        1.0000008268602487,
        1.1404783621926526
      ],
      [
        0.0,
        0.0,
        0.0,
        1.0
      ]
    ],
    "location": [
      8.930118088459494,
      7.42032336772354,
      1.1404783621926526
    ],
    "rotation": [
      0.00019907274692730384,
      -1.3322302009539776e-05,
      -1.472871243863296
    ]
  },
  {
    "label_id": "jDO7AFvKzSj9IBX0gjUdVw",
    "size": [
      0.7212059063458331,
      0.985521898342995,
      1.6299999999999955
    ],
    "obj_class": "pedestrian",
    "point_num_in_lidar": 64,
    "speed": 0.9231534229644608,
    "if_vehicle": false,
    "motion_state": false,
    "pose": [
      [
        -0.9750737515954817,
        0.2224700508755717,
        -0.00019338961869314045,
        36.65293764319904
      ],
      [
        -0.2224703367825718,
        -0.9750733139211526,
        -1.9700647700976824e-05,
        5.484317937605738
      ],
      [
        -0.00019580557227782028,
        3.831040393236356e-05,
        1.0000008268602487,
        1.0324411704610839
      ],
      [
        0.0,
        0.0,
        0.0,
        1.0
      ]
    ],
    "location": [
      36.65293764319904,
      5.484317937605738,
      1.0324411704610839
    ],
    "rotation": [
      3.8310372236297115e-05,
      0.00019580540772804231,
      -2.917274948547009
    ]
  },
  {
    "label_id": "jYdxjpZOYqJdSiBQI133Fw",
    "size": [
      0.7741745473973037,
      0.9953737697401499,
