[
  {
    "label_id": "-r18nvGJT_LauvErk1VSrg",
    "size": [
      0.7208473821763739,
      2.0829883357271277,
      1.9099999999999682
    ],
    "obj_class": "vehicle",
    "point_num_in_lidar": 48,
    "speed": 5.684341886080801e-13,
    "if_vehicle": true,
    "motion_state": false,
    "pose": [
      [
        -0.000997896248094568,
        1.0001303425722825,
        -0.00028992402102205427,
        31.485288678177312
      ],
      [
        -1.0001299967230781,
        -0.0009975493076719365,
        -0.00011492397197005468,
        49.96603182844774
      ],
      [
        -0.00010171077387979072,
        0.0002958422075550217,
        1.0000007978301804,
        1.8258470886511304
      ],
      [
        0.0,
        0.0,
        0.0,
        1.0
      ]
    ],
    "location": [
      31.485288678177312,
      49.96603182844774,
      1.8258470886511304
    ],
    "rotation": [
      0.0002958419628924284,
      0.0001017106879302105,
      -1.5717940930055057
    ]
  },
  {
    "label_id": "013Doq8QGPt4_5ps9n1EBQ",
    "size": [
      0.6441504486095204,
      0.9234385820636817,
      1.669999999999959
    ],
    "obj_class": "pedestrian",
    "point_num_in_lidar": 92,
    "speed": 1.5177507133219608,
    "if_vehicle": false,
    "motion_state": true,
    "pose": [
      [
        0.015807499375933225,
        1.0000059104296102,
        -0.00028992402102205427,
        9.492092687691184
      ],
      [
        -1.0000055587995709,
        0.015807840456047804,
        -0.00011492397197005468,
        30.19505976743858
      ],
      [
        -9.672535848416959e-05,
        0.0002975094928239485,
        1.0000007978301804,
        1.4274101927219363
      ],
      [
        0.0,
        0.0,
        0.0,
        1.0
      ]
    ],
    "location": [
      9.492092687691184,
      30.19505976743858,
      1.4274101927219363
    ],
    "rotation": [
      0.00029750924668439703,
      9.672527673151216e-05,
      -1.55499023171358
    ]
  },
  {
    "label_id": "0VCoeT-jjrIfzTCsOWz20A",
    "size": [
      0.754432963161891,
      1.043993850799436,
      0.9800000000000182
    ],
    "obj_class": "sign",
    "point_num_in_lidar": 194,
    "speed": 5.687116766346677e-13,
    "if_vehicle": false,
    "motion_state": false,
    "pose": [
      [
        -0.10290128615311116,
        0.9948231115322507,
        -0.00028992402102205427,
        11.692034577412414
      ],
      [
        -0.9948228028347463,
        -0.10290090577805956,
        -0.00011492397197005468,
        11.077785658495486
      ],
      [
        -0.0001313263135931979,
        0.00028393853675095745,
        1.0000007978301804,
        0.7167127426125717
      ],
      [
        0.0,
        0.0,
        0.0,
        1.0
      ]
    ],
    "location": [
      11.692034577412414,
      11.077785658495486,
      0.7167127426125717
    ],
    "rotation": [
      0.0002839383025859445,
      0.00013132620276838698,
      -1.673866579818367
    ]
  },
  {
    "label_id": "0_HBXNo3olLueqYvkPohlg",
    "size": [
      1.7479682991906942,
      3.9316593479287927,
      1.7000000000000455
    ],
    "obj_class": "vehicle",
    "point_num_in_lidar": 58,
    "speed": 1.7763568394002505e-14,
    "if_vehicle": true,
    "motion_state": false,
    "pose": [
      [
        0.9998872932751298,
        -0.022070312132083433,
        -0.00028992402102205427,
        56.57756348679504
      ],
      [
        0.022070651003219317,
        0.9998869395157732,
        -0.00011492397197005468,
        -6.0365916970295075
      ],
      [
        0.0002981094568937391,
        9.486013390658276e-05,
        1.0000007978301804,
        1.0278955624406763
      ],
      [
        0.0,
        0.0,
        0.0,
        1.0
      ]
    ],
    "location": [
      56.57756348679504,
      -6.0365916970295075,
      1.0278955624406763
    ],
    "rotation": [
      9.486005793983485e-05,
      -0.0002981092088810501,
      0.022069554991685295
    ]
  },
  {
    "label_id": "2-A6zakvKX2opVnyx9gplQ",
    "size": [
      0.7707275497538248,
      1.107612320671707,
      1.7999999999999545
    ],
    "obj_class": "pedestrian",
    "point_num_in_lidar": 74,
    "speed": 0.7905831103749938,
    "if_vehicle": false,
    "motion_state": false,
    "pose": [
      [
        -0.19790724102709778,
        -0.98035423285653,
        -0.00028992402102205427,
        31.555712512301398
      ],
      [
        0.9803538249222825,
        -0.19790751226311815,
        -0.00011492397197005468,
        7.672600484571376
      ],
      [
        4.0848441037409724e-05,
        -0.00031015979455607703,
        1.0000007978301804,
        1.0919117959920186
      ],
      [
        0.0,
        0.0,
        0.0,
        1.0
      ]
    ],
    "location": [
      31.555712512301398,
      7.672600484571376,
      1.0919117959920186
    ],
    "rotation": [
      -0.0003101595371557565,
      -4.084840645981011e-05,
      1.7699924656681294
    ]
  },
  {
    "label_id": "2OYKagQRfCdaOXgU5RkMBA",
    "size": [
      0.8627759996271265,
      0.6348824674672757,
      1.1499999999999773
    ],
    "obj_class": "sign",
    "point_num_in_lidar": 46,
    "speed": 0.0024609175525242576,
    "if_vehicle": false,
    "motion_state": false,
    "pose": [
      [
        0.015359493447377644,
        1.0000128918627567,
        -0.00028992402102205427,
        30.41427335438857
      ],
      [
        -1.000012540385557,
        0.01535983468498884,
        -0.00011492397197005468,
        12.426117643988619
      ],
      [
        -9.685863353437793e-05,
        0.00029746612984356236,
        1.0000007978301804,
        0.6846309620674447
      ],
      [
        0.0,
        0.0,
        0.0,
        1.0
      ]
    ],
    "location": [
      30.41427335438857,
      12.426117643988619,
      0.6846309620674447
    ],
    "rotation": [
      0.00029746588374244474,
      9.685855166949237e-05,
      -1.555438233582751
    ]
  },
  {
    "label_id": "2SYmRAjI0pCOwp2XYemMBQ",
    "size": [
      0.9588610015812887,
      0.6083173834498694,
      1.67999999999995
    ],
    "obj_class": "pedestrian",
    "point_num_in_lidar": 348,
    "speed": 0.003187523445376267,
    "if_vehicle": false,
    "motion_state": false,
    "pose": [
      [
        0.99783262636827,
        0.06776243565334325,
        -0.00028992402102205427,
        11.806090173882694
      ],
      [
        -0.06776206639865448,
        0.9978323044516598,
        -0.00011492397197005468,
        7.228418715109001
      ],
      [
        0.00028839222608441735,
        0.00012123372974684087,
        1.0000007978301804,
        0.8752151115166953
      ],
      [
        0.0,
        0.0,
        0.0,
        1.0
      ]
    ],
    "location": [
      11.806090173882694,
      7.228418715109001,
      0.8752151115166953
    ],
    "rotation": [
      0.00012123363242904202,
      -0.0002883919858820636,
      -0.06780514741874337
    ]
  },
  {
    "label_id": "3083QteOhZ_vSpxmP0XK-Q",
    "size": [
      0.8198295781744135,
      0.7789331854908985,
      1.2000000000000455
    ],
    "obj_class": "sign",
    "point_num_in_lidar": 44,
    "speed": 1.9915012144332625e-12,
    "if_vehicle": false,
    "motion_state": false,
    "pose": [
      [
        -0.036276290396901716,
        0.9994727253335695,
        -0.00028992402102205427,
        28.956059697717137
      ],
      [
        -0.9994723919377209,
        -0.03627593147276323,
        -0.00011492397197005468,
        14.902581722368268
      ],
      [
        -0.00011208313713137619,
        0.00029207030603100437,
        1.0000007978301804,
        0.7363255909368718
      ],
      [
        0.0,
        0.0,
        0.0,
        1.0
      ]
    ],
    "location": [
      28.956059697717137,
      14.902581722368268,
      0.7363255909368718
    ],
    "rotation": [
      0.0002920700647036803,
      0.0001120830424581684,
      -1.6070758415031798
    ]
  },
  {
    "label_id": "3mqY30kFisxCydiO2pKjPA",
    "size": [
      0.8321203191382588,
      1.0700067716390604,
      1.7200000000000273
    ],
    "obj_class": "pedestrian",
    "point_num_in_lidar": 37,
    "speed": 1.5610829847297796,
    "if_vehicle": false,
    "motion_state": true,
    "pose": [
      [
        -0.012269649693056982,
        1.0000555752692362,
        -0.00028992402102205427,
        32.9987463443631
      ],
      [
        -1.0000552333521369,
        -0.01226929887682847,
        -0.00011492397197005468,
        -12.688027630196302
      ],
      [
        -0.00010503855856404681,
        0.00029467710211185643,
        1.0000007978301804,
        0.9420411570356464
      ],
      [
        0.0,
        0.0,
        0.0,
        1.0
      ]
    ],
    "location": [
      32.9987463443631,
      -12.688027630196302,
      0.9420411570356464
    ],
    "rotation": [
      0.00029467685848039046,
      0.00010503846981440317,
      -1.583064683280483
    ]
  },
  {
    "label_id": "45vGTk6HpmeCTR2Etiwq8w",
    "size": [
      0.7077057722273472,
      0.7957618448156345,
      1.07000000000005
    ],
    "obj_class": "sign",
    "point_num_in_lidar": 33,
    "speed": 2.2743611691451335e-12,
    "if_vehicle": false,
    "motion_state": false,
    "pose": [
      [
        -1.0000520257108299,
        0.01255562831317953,
        -0.00028992402102205427,
        41.394086939104454
      ],
      [
        -0.012555970534910286,
        -1.0000516751917634,
        -0.00011492397197005468,
        4.351726368611708
      ],
      [
        -0.00029719339143604575,
        -9.769227902447862e-05,
        1.0000007978301804,
        0.6758744546189064
      ],
      [
        0.0,
        0.0,
        0.0,
        1.0
      ]
    ],
    "location": [
      41.394086939104454,
      4.351726368611708,
      0.6758744546189064
    ],
    "rotation": [
      -9.769220077190837e-05,
      0.0002971931441584674,
      -3.1290379959151084
    ]
  },
  {
    "label_id": "4BPsEUa8pjB_nYeEbm-YSA",
    "size": [
      0.8876985042485793,
      1.0727947770953707,
      1.7511702127660556
    ],
    "obj_class": "pedestrian",
    "point_num_in_lidar": 298,
    "speed": 1.2255888675617983,
    "if_vehicle": false,
    "motion_state": true,
    "pose": [
      [
        0.12055193908551659,
        0.9928388227267277,
        -0.00028992402102205427,
        9.812566724967837
      ],
      [
        -0.9928384372784076,
        0.12055224142460012,
        -0.00011492397197005468,
        13.765342780439823
      ],
      [
        -6.500421412466323e-05,
        0.00030601004140434665,
        1.0000007978301804,
        1.2000224521206064
      ],
      [
        0.0,
        0.0,
        0.0,
        1.0
      ]
    ],
    "location": [
      9.812566724967837,
      13.765342780439823,
      1.2000224521206064
    ],
    "rotation": [
      0.00030600978770870603,
      6.500415912726196e-05,
      -1.4499663095966207
    ]
  },
  {
    "label_id": "6cJfOa0GEVIor5deOQECIw",
    "size": [
      0.8707727370737742,
      1.1612597197178984,
      1.8100000000000591
    ],
    "obj_class": "pedestrian",
    "point_num_in_lidar": 65,
    "speed": 1.7315713283462344,
    "if_vehicle": false,
    "motion_state": true,
    "pose": [
      [
        -0.04562444011637474,
        0.9990896398195412,
        -0.00028992402102205427,
        8.923928177051494
      ],
      [
        -0.9990893097958973,
        -0.04562407808913354,
        -0.00011492397197005468,
        31.750898677180885
      ],
      [
        -0.00011481045401917112,
        0.00029100902553385764,
        1.0000007978301804,
        1.4903765312387804
      ],
      [
        0.0,
        0.0,
        0.0,
        1.0
      ]
    ],
    "location": [
      8.923928177051494,
      31.750898677180885,
      1.4903765312387804
    ],
    "rotation": [
      0.0002910087851434583,
      0.0001148103570541229,
      -1.6164306504088168
    ]
  },
  {
    "label_id": "8IZ7fkXm0FDeUdEuJAqSlA",
    "size": [
      0.7446914889100796,
      1.0496260774128139,
      1.7300000000000182
    ],
    "obj_class": "pedestrian",
    "point_num_in_lidar": 110,
    "speed": 0.007538899665843985,
    "if_vehicle": false,
    "motion_state": false,
    "pose": [
      [
        -0.9976660075243037,
        -0.0701728962006638,
        -0.00028992402102205427,
        28.4148064078654
      ],
      [
        0.07017252616933621,
        -0.9976656865007132,
        -0.00011492397197005468,
        8.262527414824945
      ],
      [
        -0.00028809849658197186,
        -0.0001219301011295499,
        1.0000007978301804,
        1.048955659754938
      ],
      [
        0.0,
        0.0,
        0.0,
        1.0
      ]
    ],
    "location": [
      28.4148064078654,
      8.262527414824945,
      1.048955659754938
    ],
    "rotation": [
      -0.0001219300032458715,
      0.0002880982566161351,
      3.0713716100912727
    ]
  },
  {
    "label_id": "8k1Wkk08druqr8A5YTrqFQ",
    "size": [
      2.1684109006720296,
      4.238163060626746,
      1.7100000000000364
    ],
    "obj_class": "vehicle",
    "point_num_in_lidar": 232,
    "speed": 8.543149943144391e-13,
    "if_vehicle": true,
    "motion_state": false,
    "pose": [
      [
        1.0000429450112431,
        -0.013259187905490183,
        -0.00028992402102205427,
        38.78092836592987
      ],
      [
        0.01325952988053688,
        1.0000425942515012,
        -0.00011492397197005468,
        2.434997890555678
      ],
      [
        0.00029726204695612585,
        9.74831715410808e-05,
        1.0000007978301804,
        0.9699979189846317
      ],
      [
        0.0,
        0.0,
        0.0,
        1.0
      ]
    ],
    "location": [
      38.78092836592987,
      2.434997890555678,
      0.9699979189846317
    ],
    "rotation": [
      9.748309345733408e-05,
      -0.0002972617996234452,
      0.013258183581046286
    ]
  },
  {
    "label_id": "A4kzX4tBck4XcFuUOPA6Lg",
    "size": [
      0.7530091452416454,
      1.132073132049114,
      1.8246200607903802
    ],
    "obj_class": "pedestrian",
    "point_num_in_lidar": 319,
    "speed": 1.46192714846349,
    "if_vehicle": false,
    "motion_state": true,
    "pose": [
      [
        -0.059175849600801717,
        -0.998378643979676,
        -0.00028992402102205427,
        13.193982797860372
      ],
      [
        0.9983782778836205,
        -0.05917617510503705,
        -0.00011492397197005468,
        -2.0717860158056283
      ],
      [
        8.372744577228571e-05,
        -0.0003014256261811586,
        1.0000007978301804,
        1.0099370966742072
      ],
      [
        0.0,
        0.0,
        0.0,
        1.0
      ]
    ],
    "location": [
      13.193982797860372,
      -2.0717860158056283,
      1.0099370966742072
    ],
    "rotation": [
      -0.00030142537656599407,
      -8.372737497278525e-05,
      1.629999034235818
    ]
  },
  {
    "label_id": "AWjsPzPKZ7MTv8Ta3AXBbQ",
    "size": [
      2.106078352137214,
      4.515543669845269,
      1.4600000000000364
    ],
    "obj_class": "vehicle",
    "point_num_in_lidar": 87,
    "speed": 2.847716647714797e-13,
    "if_vehicle": true,
    "motion_state": false,
    "pose": [
      [
        0.9962630684629424,
        -0.08787261432025081,
        -0.00028992402102205427,
        44.89225538834762
      ],
      [
        0.08787292915795147,
        0.9962626931543342,
        -0.00011492397197005468,
        -6.917366334489998
      ],
      [
        0.0003037095343869841,
        7.50214103886036e-05,
        1.0000007978301804,
        0.8343099876821043
      ],
      [
        0.0,
        0.0,
        0.0,
        1.0
      ]
    ],
    "location": [
      44.89225538834762,
      -6.917366334489998,
      0.8343099876821043
    ],
    "rotation": [
      7.502135039356084e-05,
      -0.00030370928188589564,
      0.08797486838027348
    ]
  },
  {
    "label_id": "Aof9zDLMpOMBf2RZkTgB1g",
    "size": [
      0.6466332595231471,
      2.732983268659154,
      3.449999999999932
    ],
    "obj_class": "vehicle",
    "point_num_in_lidar": 114,
    "speed": 1.0658141036401503e-13,
    "if_vehicle": true,
    "motion_state": false,
    "pose": [
      [
        -0.04927662337547038,
        -0.9989161688146735,
        -0.00028992402102205427,
        31.202282628079047
      ],
      [
        0.998915805963129,
        -0.049276952492601105,
        -0.00011492397197005468,
        58.68852079512544
      ],
      [
        8.671118084183786e-05,
        -0.000300580878319411,
        1.0000007978301804,
        2.6297984345876557
      ],
      [
        0.0,
        0.0,
        0.0,
        1.0
      ]
    ],
    "location": [
      31.202282628079047,
      58.68852079512544,
      2.6297984345876557
    ],
    "rotation": [
      -0.0003005806294547478,
      -8.671110752665566e-05,
      1.6200864776292192
    ]
  },
  {
    "label_id": "AvH5yelBYncUXgWqCPLaoA",
    "size": [
      2.1575879953062884,
      4.5323268143472895,
      1.75
    ],
    "obj_class": "vehicle",
    "point_num_in_lidar": 40,
    "speed": 2.202386364745954,
    "if_vehicle": true,
    "motion_state": true,
    "pose": [
      [
        0.9880386862116549,
        -0.1550524184907151,
        -0.00028992402102205427,
        28.395538110580674
      ],
      [
        0.15505270722397438,
        0.9880382904687662,
        -0.00011492397197005468,
        71.51427664554467
      ],
      [
        0.00030808808492087847,
        5.4308610956643975e-05,
        1.0000007978301804,
        2.051432988321949
      ],
      [
        0.0,
        0.0,
        0.0,
        1.0
      ]
    ],
    "location": [
      28.395538110580674,
      71.51427664554467,
      2.051432988321949
    ],
    "rotation": [
      5.430856757423674e-05,
      -0.0003080878289170567,
      0.15566026576318717
    ]
  },
  {
    "label_id": "DMyvJcDBgX_UfZY7i4gQUg",
    "size": [
      2.2010175447229874,
      5.031357921109429,
      1.7300000000000182
    ],
    "obj_class": "vehicle",
    "point_num_in_lidar": 6735,
    "speed": 5.709267256288867e-13,
    "if_vehicle": true,
    "motion_state": false,
    "pose": [
      [
        0.9990210857306109,
        -0.0471016793363523,
        -0.00028992402102205427,
        2.300176512057078
      ],
      [
        0.04710200924269861,
        0.9990207235964759,
        -0.00011492397197005468,
        -3.525846568236375
      ],
      [
        0.0003003913794687827,
        8.736539609648557e-05,
        1.0000007978301804,
        0.8419556727357076
      ],
      [
        0.0,
        0.0,
        0.0,
        1.0
      ]
    ],
    "location": [
      2.300176512057078,
      -3.525846568236375,
      0.8419556727357076
    ],
    "rotation": [
      8.736532617151367e-05,
      -0.0003003911296260197,
      0.047113273783050164
    ]
  },
  {
    "label_id": "FaLjVnzgLbkn0NFfVlonZw",
    "size": [
      3.134141242359213,
      4.451840989787582,
      3.0799999999999272
    ],
    "obj_class": "vehicle",
    "point_num_in_lidar": 1146,
    "speed": 8.528363000094291e-13,
    "if_vehicle": true,
    "motion_state": false,
    "pose": [
      [
        -0.047766575504263394,
        -0.9989895155582309,
        -0.00028992402102205427,
        30.01814843840839
      ],
      [
        0.9989891532046042,
        -0.047766905169515414,
        -0.00011492397197005468,
        17.92182263290124
      ],
      [
        8.716544882332216e-05,
        -0.00030044945968612407,
        1.0000007978301804,
        1.818139699282142
      ],
      [
        0.0,
        0.0,
        0.0,
        1.0
      ]
    ],
    "location": [
      30.01814843840839,
      17.92182263290124,
      1.818139699282142
    ],
    "rotation": [
      -0.0003004492109381788,
      -8.716537512519926e-05,
      1.6185748465583076
    ]
  },
  {
    "label_id": "GZswbdmDQZSe88ajnioK_g",
    "size": [
      1.1505740821373553,
      4.713684939172988,
      4.259999999999991
    ],
    "obj_class": "vehicle",
    "point_num_in_lidar": 198,
    "speed": 5.709267256288867e-13,
    "if_vehicle": true,
    "motion_state": false,
    "pose": [
      [
        0.03894351501566426,
        0.9993723533142679,
        -0.00028992402102205427,
        30.942577984707896
      ],
      [
        -0.9993719938857522,
        0.03894384786769016,
        -0.00011492397197005468,
        40.37617580037113
      ],
      [
        -8.981505563453309e-05,
        0.0002996680648244312,
        1.0000007978301804,
        2.829132735968983
      ],
      [
        0.0,
        0.0,
        0.0,
        1.0
      ]
    ],
    "location": [
      30.942577984707896,
      40.37617580037113,
      2.829132735968983
    ],
    "rotation": [
      0.00029966781677025884,
      8.981497970319511e-05,
      -1.531848046042022
    ]
  },
  {
    "label_id": "NeHt8l-Xg_tze4fm4Zzhag",
    "size": [
      0.8686749354366577,
      0.8296750162009441,
      1.82000000000005
    ],
    "obj_class": "pedestrian",
    "point_num_in_lidar": 533,
    "speed": 2.9777166713245524e-13,
    "if_vehicle": false,
    "motion_state": false,
    "pose": [
      [
        0.9580341001711973,
        0.2871103635186961,
        -0.00028992402102205427,
        1.4402912123423448
      ],
      [
        -0.28710993212891517,
        0.9580338680458304,
        -0.00011492397197005468,
        10.620297170615231
      ],
      [
        0.00025437327125615834,
        0.00018210417942676405,
        1.0000007978301804,
        1.2473336416775282
      ],
      [
        0.0,
        0.0,
        0.0,
        1.0
      ]
    ],
    "location": [
      1.4402912123423448,
      10.620297170615231,
      1.2473336416775282
    ],
    "rotation": [
      0.000182104032125699,
      -0.00025437305860544457,
      -0.29116919882390396
    ]
  },
  {
    "label_id": "Nx3jDnV5BFvG2rNbAk93sw",
    "size": [
      0.7698546864134799,
      0.8128752011552611,
      1.0900000000000318
    ],
    "obj_class": "sign",
    "point_num_in_lidar": 125,
    "speed": 0.0009001895991916818,
    "if_vehicle": false,
    "motion_state": false,
    "pose": [
      [
        -0.0035883049253837727,
        1.000124403261132,
        -0.00028992402102205427,
        12.059831307624336
      ],
      [
        -1.0001240583116895,
        -0.003587957090349558,
        -0.00011492397197005468,
        14.61338197274381
      ],
      [
        -0.00010247668605295982,
        0.00029557777675234397,
        1.0000007978301804,
        0.8375917183700494
      ],
      [
        0.0,
        0.0,
        0.0,
        1.0
      ]
    ],
    "location": [
      12.059831307624336,
      14.61338197274381,
      0.8375917183700494
    ],
    "rotation": [
      0.00029557753232384434,
      0.00010247659945882495,
      -1.574384171221374
    ]
  },
  {
    "label_id": "OkBzhxzagapiYam_4NK-9A",
    "size": [
      0.9161349937327292,
      0.864239601718528,
      1.8799999999999955
    ],
    "obj_class": "pedestrian",
    "point_num_in_lidar": 123,
    "speed": 0.004686873701690876,
    "if_vehicle": false,
    "motion_state": false,
    "pose": [
      [
        -0.9934509333408664,
        -0.11539905101357824,
        -0.00028992402102205427,
        29.96629015325925
      ],
      [
        0.11539866678795455,
        -0.9934506294494398,
        -0.00011492397197005468,
        -11.647461140160885
      ],
      [
        -0.0002822652008165432,
        -0.00013488532055880534,
        1.0000007978301804,
        0.9242924173514666
      ],
      [
        0.0,
        0.0,
        0.0,
        1.0
      ]
    ],
    "location": [
      29.96629015325925,
      -11.647461140160885,
      0.9242924173514666
    ],
    "rotation": [
      -0.0001348852121252768,
      0.00028226496555291226,
      3.0259515083836273
    ]
  },
  {
    "label_id": "Qk60fGhJPpHJTNmg9RXYjQ",
    "size": [
      0.860713081210651,
      0.8401418131687414,
      2.2000000000000455
    ],
    "obj_class": "pedestrian",
    "point_num_in_lidar": 31,
    "speed": 1.3667414515821525,
    "if_vehicle": false,
    "motion_state": true,
    "pose": [
      [
        -1.000128876071231,
        0.001982215722175767,
        -0.00028992402102205427,
        60.95601182291102
      ],
      [
        -0.001982561630524696,
        -1.000128529189777,
        -0.00011492397197005468,
        -16.029076599208565
      ],
      [
        -0.0002961439637424174,
        -0.00010082879565473218,
        1.0000007978301804,
        1.0939899351825488
      ],
      [
        0.0,
        0.0,
        0.0,
        1.0
      ]
    ],
    "location": [
      60.95601182291102,
      -16.029076599208565,
      1.0939899351825488
    ],
    "rotation": [
      -0.00010082871486885079,
      0.0002961437173072747,
      -3.1396103500276076
    ]
  },
  {
    "label_id": "WrQ9WB5nz7yw3pLq2Sx4JA",
    "size": [
      1.9338659153476878,
      4.5722265271665545,
      1.5399999999999636
    ],
    "obj_class": "vehicle",
    "point_num_in_lidar": 1745,
    "speed": 8.881784197001252e-14,
    "if_vehicle": true,
    "motion_state": false,
    "pose": [
      [
        0.9997147609944378,
        -0.0288460496516829,
        -0.00028992402102205427,
        3.9391482354312757
      ],
      [
        0.028846386117606784,
        0.9997144049466725,
        -0.00011492397197005468,
        -7.481352559141669
      ],
      [
        0.00029874547895508203,
        9.283766529891468e-05,
        1.0000007978301804,
        0.6174325100624856
      ],
      [
        0.0,
        0.0,
        0.0,
        1.0
      ]
    ],
    "location": [
      3.9391482354312757,
      -7.481352559141669,
      0.6174325100624856
    ],
    "rotation": [
      9.283759096356574e-05,
      -0.00029874523043215464,
      0.02884661256665726
    ]
  },
  {
    "label_id": "X8OBaKk4dxIT8dFfdO_PYQ",
    "size": [
      2.163372976580992,
      5.267996842103457,
      2.6200000000000045
    ],
    "obj_class": "vehicle",
    "point_num_in_lidar": 75,
    "speed": 5.728578676879116e-13,
    "if_vehicle": true,
    "motion_state": false,
    "pose": [
      [
        0.999449839924128,
        0.03690142824211667,
        -0.00028992402102205427,
        79.20648300178618
      ],
      [
        -0.036901069109517765,
        0.9994495067528425,
        -0.00011492397197005468,
        2.1854113936078647
      ],
      [
        0.00029200014372847074,
        0.0001122657978050602,
        1.0000007978301804,
        1.8009151940415222
      ],
      [
        0.0,
        0.0,
        0.0,
        1.0
      ]
    ],
    "location": [
      79.20648300178618,
      2.1854113936078647,
      1.8009151940415222
    ],
    "rotation": [
      0.00011226570776443966,
      -0.0002919999006229847,
      -0.036904618554926605
    ]
  },
  {
    "label_id": "YTw2k0_-8UqolJn4WQRc2g",
    "size": [
      0.7131402618196108,
      0.9424020280400371,
      1.5199999999999818
    ],
    "obj_class": "pedestrian",
    "point_num_in_lidar": 60,
    "speed": 1.4409811974564473,
    "if_vehicle": false,
    "motion_state": true,
    "pose": [
      [
        -0.03839813607362371,
        0.9993934565909189,
        -0.00028992402102205427,
        33.34368899631045
      ],
      [
        -0.9993931239578343,
        -0.03839777644247916,
        -0.00011492397197005468,
        -4.9672313702049
      ],
      [
        -0.00011270296347953951,
        0.00029183169004956175,
        1.0000007978301804,
        1.0212041016420699
      ],
      [
        0.0,
        0.0,
        0.0,
        1.0
      ]
    ],
    "location": [
      33.34368899631045,
      -4.9672313702049,
      1.0212041016420699
    ],
    "rotation": [
      0.000291831448932951,
      0.00011270286828540041,
      -1.609198890636218
    ]
  },
  {
    "label_id": "YZp0XjCF9MO6a2x7szWEXA",
    "size": [
      1.9473680660204538,
      3.8082084000475307,
      1.509999999999991
    ],
    "obj_class": "vehicle",
    "point_num_in_lidar": 88,
    "speed": 1.1390866590859189e-12,
    "if_vehicle": true,
    "motion_state": false,
    "pose": [
      [
        0.998218557128528,
        -0.06181755523241766,
        -0.00028992402102205427,
        40.33791436673164
      ],
      [
        0.061817879766748775,
        0.9982181901724039,
        -0.00011492397197005468,
        -7.056325494018893
      ],
      [
        0.0003016461306687663,
        8.292951915220692e-05,
        1.0000007978301804,
        0.8435879912766495
      ],
      [
        0.0,
        0.0,
        0.0,
        1.0
      ]
    ],
    "location": [
      40.33791436673164,
      -7.056325494018893,
      0.8435879912766495
    ],
    "rotation": [
      8.29294527984764e-05,
      -0.00030164587982037407,
      0.06184921599806325
    ]
  },
  {
    "label_id": "ZyK_iICxQsEYdJLxMFTw7w",
    "size": [
      0.9212612327097236,
      0.9766455606441014,
      1.740000000000009
    ],
    "obj_class": "pedestrian",
    "point_num_in_lidar": 38,
    "speed": 1.4428346943196733,
    "if_vehicle": false,
    "motion_state": true,
    "pose": [
      [
        0.31092461602209925,
        0.9505722387499981,
        -0.00028992402102205427,
        32.083769922694046
      ],
      [
        -0.9505718019586329,
        0.31092483781622093,
        -0.00011492397197005468,
        -23.936743425721943
      ],
      [
        -4.3860922416892014e-06,
        0.0003128073776129701,
        1.0000007978301804,
        0.7963884960186078
      ],
      [
        0.0,
        0.0,
        0.0,
        1.0
      ]
    ],
    "location": [
      32.083769922694046,
      -23.936743425721943,
      0.7963884960186078
    ],
    "rotation": [
      0.0003128071178434548,
      4.386088527721456e-06,
      -1.2546732753353018
    ]
  },
  {
    "label_id": "aANSRZ5XPxs8mHhsbxTcGg",
    "size": [
      0.807763319316881,
      0.8146921552102152,
      1.07000000000005
    ],
    "obj_class": "sign",
    "point_num_in_lidar": 32,
    "speed": 8.533911106286719e-13,
    "if_vehicle": false,
    "motion_state": false,
    "pose": [
      [
        -0.00999881529580613,
        -1.0000808575427056,
        -0.00028992402102205427,
        32.098698390924255
      ],
      [
        1.000080507899722,
        -0.009999158412569088,
        -0.00011492397197005468,
        -28.77053066622102
      ],
      [
        9.845177595268432e-05,
        -0.0002969426562587748,
        1.0000007978301804,
        0.3532550962328287
      ],
      [
        0.0,
        0.0,
        0.0,
        1.0
      ]
    ],
    "location": [
      32.098698390924255,
      -28.77053066622102,
      0.3532550962328287
    ],
    "rotation": [
      -0.00029694241062153847,
      -9.845169274638098e-05,
      1.580794004057454
    ]
  },
  {
    "label_id": "dWu2dkV959ZVbiXuXYme9A",
    "size": [
      1.9876994670929102,
      4.6193943709231275,
      1.4600000000000364
    ],
    "obj_class": "vehicle",
    "point_num_in_lidar": 4055,
    "speed": 8.881784197001252e-14,
    "if_vehicle": true,
    "motion_state": false,
    "pose": [
      [
        0.9999292406632855,
        0.02008012941238906,
        -0.00028992402102205427,
        1.6189795424197655
      ],
      [
        -0.0200797759363449,
        0.9999289014966373,
        -0.00011492397197005468,
        3.2232138969866355
      ],
      [
        0.00029384771868336897,
        0.00010733690660175346,
        1.0000007978301804,
        0.756259913149961
      ],
      [
        0.0,
        0.0,
        0.0,
        1.0
      ]
    ],
    "location": [
      1.6189795424197655,
      3.2232138969866355,
      0.756259913149961
    ],
    "rotation": [
      0.00010733682055298215,
      -0.00029384747409268944,
      -0.020078498243973963
    ]
  },
  {
    "label_id": "dv8sizFeYUT8pYvd3AJspA",
    "size": [
      0.7534326255224596,
      0.8617267602349281,
      0.7999999999999545
    ],
    "obj_class": "sign",
    "point_num_in_lidar": 47,
    "speed": 1.1370071466249427e-12,
    "if_vehicle": false,
    "motion_state": false,
    "pose": [
      [
        -0.0021738947482513623,
        1.0001284778028754,
        -0.00028992402102205427,
        11.993942160672304
      ],
      [
        -1.0001281323618587,
        -0.0021735474014031794,
        -0.00011492397197005468,
        38.420553210631624
      ],
      [
        -0.00010205856842127057,
        0.0002957224068379915,
        1.0000007978301804,
        1.2539886915446914
      ],
      [
        0.0,
        0.0,
        0.0,
        1.0
      ]
    ],
    "location": [
      11.993942160672304,
      38.420553210631624,
      1.2539886915446914
    ],
    "rotation": [
      0.0002957221622814598,
      0.00010205848217899586,
      -1.5729699396094141
    ]
  },
  {
    "label_id": "eTLt3z7Tt1__uHa0Pj96uQ",
    "size": [
      0.5969024159007618,
      0.5832202862830158,
      0.9800000000000182
    ],
    "obj_class": "sign",
    "point_num_in_lidar": 102,
    "speed": 2.5585089000282873e-12,
    "if_vehicle": false,
    "motion_state": false,
    "pose": [
      [
        0.9986387896800852,
        -0.05461012430829416,
        -0.00028992402102205427,
        1.7322238762462803
      ],
      [
        0.054610451483108266,
        0.9986384250762318,
        -0.00011492397197005468,
        5.192517336619858
      ],
      [
        0.0003010396296202288,
        8.51048452931454e-05,
        1.0000007978301804,
        0.7174058294717724
      ],
      [
        0.0,
        0.0,
        0.0,
        1.0
      ]
    ],
    "location": [
      1.7322238762462803,
      5.192517336619858,
      0.7174058294717724
    ],
    "rotation": [
      8.510477718851922e-05,
      -0.00030103937925786195,
      0.054630476142647905
    ]
  },
  {
    "label_id": "hVOvDRfPPYheooNcglGZfw",
    "size": [
      1.9687754390427914,
      4.426137945390364,
      1.5
    ],
    "obj_class": "vehicle",
    "point_num_in_lidar": 56,
    "speed": 1.422084321207637e-12,
    "if_vehicle": true,
    "motion_state": false,
    "pose": [
      [
        0.9946373115233108,
        -0.10468197770558967,
        -0.00028992402102205427,
        51.00903801028653
      ],
      [
        0.10468228616132481,
        0.9946369309521762,
        -0.00011492397197005468,
        -6.6161286284059315
      ],
      [
        0.0003049329727408576,
        6.988258316403694e-05,
        1.0000007978301804,
        0.8471909505224176
      ],
      [
        0.0,
        0.0,
        0.0,
        1.0
      ]
    ],
    "location": [
      51.00903801028653,
      -6.6161286284059315,
      0.8471909505224176
    ],
    "rotation": [
      6.98825272958888e-05,
      -0.00030493271926045865,
      0.10486065264293068
    ]
  },
  {
    "label_id": "iYoNqzfcHozgqJVHl7Yxnw",
    "size": [
      1.9729673738194622,
      3.9732415768768115,
      1.57000000000005
    ],
    "obj_class": "vehicle",
    "point_num_in_lidar": 28,
    "speed": 1.7763568394002505e-14,
    "if_vehicle": true,
    "motion_state": false,
    "pose": [
      [
        0.9993657334881831,
        0.03911302417736164,
        -0.00028992402102205427,
        50.24420807833485
      ],
      [
        -0.03911266430836613,
        0.9993654011124391,
        -0.00011492397197005468,
        2.4158450695194915
      ],
      [
        0.0002917509953698765,
        0.0001129116911348898,
        1.0000007978301804,
        0.9645283534492819
      ],
      [
        0.0,
        0.0,
        0.0,
        1.0
      ]
    ],
    "location": [
      50.24420807833485,
      2.4158450695194915,
      0.9645283534492819
    ],
    "rotation": [
      0.000112911600570769,
      -0.00029175075246474743,
      -0.039117523394206925
    ]
  },
  {
    "label_id": "ifMXmnBpfdQ88ZpSpy5LIA",
    "size": [
      0.24340906766558135,
      0.052982123451976726,
      0.37999999999999545
    ],
    "obj_class": "sign",
    "point_num_in_lidar": 80,
    "speed": 0.0005781769190903114,
    "if_vehicle": false,
    "motion_state": false,
    "pose": [
      [
        -0.6196972671096859,
        0.7850076401331773,
        -0.00028992402102205427,
        4.96734840138015
      ],
      [
        -0.7850075831588388,
        -0.6196967805572694,
        -0.00011492397197005468,
        4.89815905658179
      ],
      [
        -0.000262972973163648,
        0.00016944883794150285,
        1.0000007978301804,
        0.8075803167996582
      ],
      [
        0.0,
        0.0,
        0.0,
        1.0
      ]
    ],
    "location": [
      4.96734840138015,
      4.89815905658179,
      0.8075803167996582
    ],
    "rotation": [
      0.00016944870112842802,
      0.000262972753518759,
      -2.2390499897091543
    ]
  },
  {
    "label_id": "iwVyTv3GqaEq5Lo6tx5S8A",
    "size": [
      0.8450336275356338,
      1.1945977308094293,
      1.810638297872515
    ],
    "obj_class": "pedestrian",
    "point_num_in_lidar": 226,
    "speed": 1.983704059541678,
    "if_vehicle": false,
    "motion_state": true,
    "pose": [
      [
        -0.04005104210344197,
        0.9993285805765296,
        -0.00028992402102205427,
        9.130748307801696
      ],
      [
        -0.9993282485387163,
        -0.04005068192262698,
        -0.00011492397197005468,
        18.262203390986542
      ],
      [
        -0.00011318548777776017,
        0.00029164488449270903,
        1.0000007978301804,
        1.3149352769652296
      ],
      [
        0.0,
        0.0,
        0.0,
        1.0
      ]
    ],
    "location": [
      9.130748307801696,
      18.262203390986542,
      1.3149352769652296
    ],
    "rotation": [
      0.0002916446435410365,
      0.00011318539217811487,
      -1.610852853666366
    ]
  },
  {
    "label_id": "jDO7AFvKzSj9IBX0gjUdVw",
    "size": [
      0.7212059063453997,
      0.985521898342995,
      1.6299999999999955
    ],
    "obj_class": "pedestrian",
    "point_num_in_lidar": 35,
    "speed": 1.309096266278888,
    "if_vehicle": false,
    "motion_state": true,
    "pose": [
      [
        -0.9995904240060173,
        -0.0328737306392779,
        -0.00028992402102205427,
        40.5131261459228
      ],
      [
        0.03287337285214674,
        -0.9995900893902707,
        -0.00011492397197005468,
        5.632130574165785
      ],
      [
        -0.0002924501609350164,
        -0.00011108823818630585,
        1.0000007978301804,
        1.0759021938447404
      ],
      [
        0.0,
        0.0,
        0.0,
        1.0
      ]
    ],
    "location": [
      40.5131261459228,
      5.632130574165785,
      1.0759021938447404
    ],
    "rotation": [
      -0.0001110881490998635,
      0.00029244991746768696,
      3.1087176595821404
    ]
  },
  {
    "label_id": "jYdxjpZOYqJdSiBQI133Fw",
    "size": [
      0.7741745473973024,
      0.9953737697401499,
      1.009999999999991
    ],
    "obj_class": "sign",
    "point_num_in_lidar": 151,
    "speed": 0.0018700496234302277,
    "if_vehicle": false,
    "motion_state": false,
    "pose": [
      [
        -0.047732936806359046,
        0.9989911234212812,
        -0.00028992402102205427,
        12.103245207797954
      ],
      [
        -0.9989907941624377,
        -0.04773257408340272,
        -0.00011492397197005468,
        12.636713927800884
      ],
      [
        -0.00011542437858166166,
        0.00029076606769582185,
        1.0000007978301804,
        0.7735310755717819
      ],
      [
        0.0,
        0.0,
        0.0,
        1.0
      ]
    ],
    "location": [
      12.103245207797954,
      12.636713927800884,
      0.7735310755717819
    ],
    "rotation": [
      0.00029076582751981945,
      0.00011542428110083254,
      -1.618541172270256
    ]
  },
  {
    "label_id": "k7sk2VXkecnWsXdCfg3Wig",
    "size": [
      2.7717332013356004,
      3.9612899707604745,
      3.0399999999999636
    ],
