[
  {
    "label_id": "-r18nvGJT_LauvErk1VSrg",
    "size": [
      0.7208473821763789,
      2.0829883357271277,
      1.9099999999999682
    ],
    "obj_class": "vehicle",
    "point_num_in_lidar": 47,
    "speed": 5.684341886080801e-13,
    "if_vehicle": true,
    "motion_state": false,
    "pose": [
      [
        -0.000997914558218175,
        1.0001303658791694,
        -0.00019338961869314045,
        31.48528867817913
      ],
      [
        -1.0001300031431302,
        -0.0009975380954750403,
        -1.9700647700976824e-05,
        49.96603182844774
      ],
      [
        -6.403571066784114e-06,
        0.000199415404274841,
        1.0000008268602487,
        1.8258470886511304
      ],
      [
        0.0,
        0.0,
        0.0,
        1.0
      ]
    ],
    "location": [
      31.48528867817913,
      49.96603182844774,
      1.8258470886511304
    ],
    "rotation": [
      0.00019941523674296205,
      6.4035656445191044e-06,
      -1.5717941113068261
    ]
  },
  {
    "label_id": "013Doq8QGPt4_5ps9n1EBQ",
    "size": [
      0.6441504486100648,
      0.9234385820636817,
      1.669999999999959
    ],
    "obj_class": "pedestrian",
    "point_num_in_lidar": 110,
    "speed": 1.592124986387572,
    "if_vehicle": false,
    "motion_state": true,
    "pose": [
      [
        -0.008943793493024786,
        1.0000908724436097,
        -0.00019338961869314045,
        9.511187598931429
      ],
      [
        -1.0000905127099682,
        -0.008943414160270901,
        -1.9700647700976824e-05,
        25.005164003574464
      ],
      [
        -7.987699361688129e-06,
        0.00019935823495259203,
        1.0000008268602487,
        1.3399035996104658
      ],
      [
        0.0,
        0.0,
        0.0,
        1.0
      ]
    ],
    "location": [
      9.511187598931429,
      25.005164003574464,
      1.3399035996104658
    ],
    "rotation": [
      0.00019935806747025685,
      7.98769259808264e-06,
      -1.5797390724347378
    ]
  },
  {
    "label_id": "0VCoeT-jjrIfzTCsOWz20A",
    "size": [
      0.7544329631618897,
      1.043993850799436,
      0.9800000000000182
    ],
    "obj_class": "sign",
    "point_num_in_lidar": 33,
    "speed": 5.687116766346677e-13,
    "if_vehicle": false,
    "motion_state": false,
    "pose": [
      [
        -0.10290130674280235,
        0.9948231328521117,
        -0.00019338961869314045,
        11.692034577414233
      ],
      [
        -0.994822810363852,
        -0.10290089527840103,
        -1.9700647700976824e-05,
        11.077785658497305
      ],
      [
        -2.6689734249012985e-05,
        0.00019772497887273185,
        1.0000008268602487,
        0.7167127426126854
      ],
      [
        0.0,
        0.0,
        0.0,
        1.0
      ]
    ],
    "location": [
      11.692034577414233,
      11.077785658497305,
      0.7167127426126854
    ],
    "rotation": [
      0.00019772481280525123,
      2.6689711652295038e-05,
      -1.6738665995215622
    ]
  },
  {
    "label_id": "0_HBXNo3olLueqYvkPohlg",
    "size": [
      1.747968299190694,
      3.9316593479287927,
      1.7000000000000455
    ],
    "obj_class": "vehicle",
    "point_num_in_lidar": 46,
    "speed": 1.7763568394002505e-14,
    "if_vehicle": true,
    "motion_state": false,
    "pose": [
      [
        0.9998873169981384,
        -0.022070294364395417,
        -0.00019338961869314045,
        56.57756348679868
      ],
      [
        0.022070662360504065,
        0.9998869456755087,
        -1.9700647700976824e-05,
        -6.0365916970276885
      ],
      [
        0.00019951005154876506,
        1.802363868331691e-06,
        1.0000008268602487,
        1.0278955624405626
      ],
      [
        0.0,
        0.0,
        0.0,
        1.0
      ]
    ],
    "location": [
      56.57756348679868,
      -6.0365916970276885,
      1.0278955624405626
    ],
    "rotation": [
      1.8023623780279351e-06,
      -0.0001995098839345365,
      0.022069565821273257
    ]
  },
  {
    "label_id": "2-A6zakvKX2opVnyx9gplQ",
    "size": [
      0.7707275497541413,
      1.107612320671707,
      1.7999999999999545
    ],
    "obj_class": "pedestrian",
    "point_num_in_lidar": 21,
    "speed": 0.3380684682526383,
    "if_vehicle": false,
    "motion_state": false,
    "pose": [
      [
        -0.9872993643330965,
        -0.1596925476486931,
        -0.00019338961869314045,
        30.56094456304163
      ],
      [
        0.15969211839476188,
        -0.9872990659328726,
        -1.9700647700976824e-05,
        8.862686850723549
      ],
      [
        -0.00019587245202075122,
        -3.7966982022327e-05,
        1.0000008268602487,
        1.1472948623204502
      ],
      [
        0.0,
        0.0,
        0.0,
        1.0
      ]
    ],
    "location": [
      30.56094456304163,
      8.862686850723549,
      1.1472948623204502
    ],
    "rotation": [
      -3.7966950610721774e-05,
      0.0001958722874156245,
      2.981235048252803
    ]
  },
  {
    "label_id": "2OYKagQRfCdaOXgU5RkMBA",
    "size": [
      0.8627759996271298,
      0.6348824674672757,
      1.1499999999999773
    ],
    "obj_class": "sign",
    "point_num_in_lidar": 42,
    "speed": 0.0024609175928788155,
    "if_vehicle": false,
    "motion_state": false,
    "pose": [
      [
        0.015359475520890564,
        1.00001291546599,
        -0.00019338961869314045,
        30.41483567755131
      ],
      [
        -1.0000125466213734,
        0.015359846000687304,
        -1.9700647700976824e-05,
        12.434466273070939
      ],
      [
        -3.1412508086506756e-06,
        0.00019949346286999631,
        1.0000008268602487,
        0.6847586787105229
      ],
      [
        0.0,
        0.0,
        0.0,
        1.0
      ]
    ],
    "location": [
      30.41483567755131,
      12.434466273070939,
      0.6847586787105229
    ],
    "rotation": [
      0.00019949329527046855,
      3.141248148760036e-06,
      -1.5554382516005392
    ]
  },
  {
    "label_id": "2SYmRAjI0pCOwp2XYemMBQ",
    "size": [
      0.9588610015812882,
      0.6083173834498694,
      1.67999999999995
    ],
    "obj_class": "pedestrian",
    "point_num_in_lidar": 345,
    "speed": 0.003187523503120551,
    "if_vehicle": false,
    "motion_state": false,
    "pose": [
      [
        0.9978326484008149,
        0.0677624554785495,
        -0.00019338961869314045,
        11.809176077034863
      ],
      [
        -0.06776205564006654,
        0.9978323116058938,
        -1.9700647700976824e-05,
        7.217963445780697
      ],
      [
        0.00019854305682517475,
        1.9701872271965717e-05,
        1.0000008268602487,
        0.8797862900960354
      ],
      [
        0.0,
        0.0,
        0.0,
        1.0
      ]
    ],
    "location": [
      11.809176077034863,
      7.217963445780697,
      0.8797862900960354
    ],
    "rotation": [
      1.9701855978735002e-05,
      -0.00019854289001060974,
      -0.06780513519370146
    ]
  },
  {
    "label_id": "3083QteOhZ_vSpxmP0XK-Q",
    "size": [
      0.8198295781744138,
      0.7789331854908985,
      1.2000000000000455
    ],
    "obj_class": "sign",
    "point_num_in_lidar": 45,
    "speed": 1.9915012144332625e-12,
    "if_vehicle": false,
    "motion_state": false,
    "pose": [
      [
        -0.03627630951777197,
        0.9994727479800725,
        -0.00019338961869314045,
        28.956059697720775
      ],
      [
        -0.9994723987492807,
        -0.0362759204940127,
        -1.9700647700976824e-05,
        14.902581722366449
      ],
      [
        -1.3433848104346388e-05,
        0.000199065418668373,
        1.0000008268602487,
        0.7363255909367581
      ],
      [
        0.0,
        0.0,
        0.0,
        1.0
      ]
    ],
    "location": [
      28.956059697720775,
      14.902581722366449,
      0.7363255909367581
    ],
    "rotation": [
      0.00019906525143977626,
      1.3433836729461305e-05,
      -1.6070758603619406
    ]
  },
  {
    "label_id": "3mqY30kFisxCydiO2pKjPA",
    "size": [
      0.8321203191370091,
      1.0700067716390604,
      1.7200000000000273
    ],
    "obj_class": "pedestrian",
    "point_num_in_lidar": 33,
    "speed": 1.6219669748228525,
    "if_vehicle": false,
    "motion_state": true,
    "pose": [
      [
        0.0576080821696748,
        0.9984703568237759,
        -0.00019338961869314045,
        33.25934655287165
      ],
      [
        -0.9984699726515585,
        0.05760843673044305,
        -1.9700647700976824e-05,
        -18.066276304300118
      ],
      [
        5.292505192741436e-06,
        0.00019944798463080522,
        1.0000008268602487,
        0.8466877922023741
      ],
      [
        0.0,
        0.0,
        0.0,
        1.0
      ]
    ],
    "location": [
      33.25934655287165,
      -18.066276304300118,
      0.8466877922023741
    ],
    "rotation": [
      0.00019944781707069108,
      -5.292500711267143e-06,
      -1.513163861273787
    ]
  },
  {
    "label_id": "45vGTk6HpmeCTR2Etiwq8w",
    "size": [
      0.7077057722273463,
      0.7957618448156345,
      1.07000000000005
    ],
    "obj_class": "sign",
    "point_num_in_lidar": 34,
    "speed": 2.2743611691451335e-12,
    "if_vehicle": false,
    "motion_state": false,
    "pose": [
      [
        -1.0000520492637093,
        0.012555610320570402,
        -0.00019338961869314045,
        41.39408693910627
      ],
      [
        -0.012555981833065907,
        -1.0000516814592817,
        -1.9700647700976824e-05,
        4.351726368611708
      ],
      [
        -0.00019948387140714702,
        -3.7005719722252093e-06,
        1.0000008268602487,
        0.6758744546190201
      ],
      [
        0.0,
        0.0,
        0.0,
        1.0
      ]
    ],
    "location": [
      41.39408693910627,
      4.351726368611708,
      0.6758744546190201
    ],
    "rotation": [
      -3.700568912354986e-06,
      0.0001994837038145659,
      -3.129037984914973
    ]
  },
  {
    "label_id": "4BPsEUa8pjB_nYeEbm-YSA",
    "size": [
      0.8876985042474117,
      1.0727947770953707,
      1.7511702127660556
    ],
    "obj_class": "pedestrian",
    "point_num_in_lidar": 303,
    "speed": 0.9672785299230681,
    "if_vehicle": false,
    "motion_state": false,
    "pose": [
      [
        0.23899720275434763,
        0.9711550245262924,
        -0.00019338961869314045,
        10.173386738049885
      ],
      [
        -0.9711545820596532,
        0.23899748118729147,
        -1.9700647700976824e-05,
        9.757559756337287
      ],
      [
        4.1630156240244984e-05,
        0.00019512672619587118,
        1.0000008268602487,
        1.1211984215437951
      ],
      [
        0.0,
        0.0,
        0.0,
        1.0
      ]
    ],
    "location": [
      10.173386738049885,
      9.757559756337287,
      1.1211984215437951
    ],
    "rotation": [
      0.00019512656237703053,
      -4.1630121001382396e-05,
      -1.3294954320125618
    ]
  },
  {
    "label_id": "6cJfOa0GEVIor5deOQECIw",
    "size": [
      0.8707727370743394,
      1.1612597197178984,
      1.8100000000000591
    ],
    "obj_class": "pedestrian",
    "point_num_in_lidar": 145,
    "speed": 1.8590873800428263,
    "if_vehicle": false,
    "motion_state": true,
    "pose": [
      [
        -0.13910864964588135,
        0.990409273068849,
        -0.00019338961869314045,
        8.228662414452629
      ],
      [
        -0.9904089657989253,
        -0.13910822669573633,
        -1.9700647700976824e-05,
        25.60796312095954
      ],
      [
        -3.388193651203798e-05,
        0.00019662025216823312,
        1.0000008268602487,
        1.4177972891490072
      ],
      [
        0.0,
        0.0,
        0.0,
        1.0
      ]
    ],
    "location": [
      8.228662414452629,
      25.60796312095954,
      1.4177972891490072
    ],
    "rotation": [
      0.00019662008705715486,
      3.388190782854129e-05,
      -1.7103392446870982
    ]
  },
  {
    "label_id": "8IZ7fkXm0FDeUdEuJAqSlA",
    "size": [
      0.7446914889134941,
      1.0496260774128139,
      1.7300000000000182
    ],
    "obj_class": "pedestrian",
    "point_num_in_lidar": 110,
    "speed": 0.04982225074223452,
    "if_vehicle": false,
    "motion_state": false,
    "pose": [
      [
        -0.9905072745871312,
        -0.13840911666880898,
        -0.00019338961869314045,
        28.28022074715045
      ],
      [
        0.1384086939357856,
        -0.9905069670185663,
        -1.9700647700976824e-05,
        8.315699296348612
      ],
      [
        -0.0001966441329903079,
        -3.3743060693947845e-05,
        1.0000008268602487,
        1.0376776277926183
      ],
      [
        0.0,
        0.0,
        0.0,
        1.0
      ]
    ],
    "location": [
      28.28022074715045,
      8.315699296348612,
      1.0376776277926183
    ],
    "rotation": [
      -3.374303278036884e-05,
      0.00019664396774661156,
      3.0027564690429545
    ]
  },
  {
    "label_id": "8k1Wkk08druqr8A5YTrqFQ",
    "size": [
      2.1684109006720282,
      4.238163060626746,
      1.7100000000000364
    ],
    "obj_class": "vehicle",
    "point_num_in_lidar": 235,
    "speed": 8.543149943144391e-13,
    "if_vehicle": true,
    "motion_state": false,
    "pose": [
      [
        1.000042968576775,
        -0.013259169929460468,
        -0.00019338961869314045,
        38.78092836592805
      ],
      [
        0.013259541183103903,
        1.0000426005110696,
        -1.9700647700976824e-05,
        2.434997890555678
      ],
      [
        0.00019948642548893198,
        3.560228946747716e-06,
        1.0000008268602487,
        0.9699979189846317
      ],
      [
        0.0,
        0.0,
        0.0,
        1.0
      ]
    ],
    "location": [
      38.78092836592805,
      2.434997890555678,
      0.9699979189846317
    ],
    "rotation": [
      3.560226002923316e-06,
      -0.00019948625789423894,
      0.013258194568755
    ]
  },
  {
    "label_id": "A4kzX4tBck4XcFuUOPA6Lg",
    "size": [
      0.7530091452411853,
      1.132073132049114,
      1.8246200607903802
    ],
    "obj_class": "pedestrian",
    "point_num_in_lidar": 425,
    "speed": 1.1224911768660362,
    "if_vehicle": false,
    "motion_state": true,
    "pose": [
      [
        0.0456700494985376,
        -0.9990875793271918,
        -0.00019338961869314045,
        13.184151974573979
      ],
      [
        0.9990872337687701,
        0.045669657209092926,
        -1.9700647700976824e-05,
        2.49640357005228
      ],
      [
        1.5304529028416487e-05,
        -0.00019893034101344062,
        1.0000008268602487,
        1.0259315017916606
      ],
      [
        0.0,
        0.0,
        0.0,
        1.0
      ]
    ],
    "location": [
      13.184151974573979,
      2.49640357005228,
      1.0259315017916606
    ],
    "rotation": [
      -0.00019893017390188323,
      -1.5304516069700904e-05,
      1.525116352534172
    ]
  },
  {
    "label_id": "AWjsPzPKZ7MTv8Ta3AXBbQ",
    "size": [
      2.106078352137215,
      4.515543669845269,
      1.4600000000000364
    ],
    "obj_class": "vehicle",
    "point_num_in_lidar": 39,
    "speed": 2.847716647714797e-13,
    "if_vehicle": true,
    "motion_state": false,
    "pose": [
      [
        0.9962630933045872,
        -0.08787259815347419,
        -0.00019338961869314045,
        44.89225538835126
      ],
      [
        0.08787294089624245,
        0.9962626985527336,
        -1.9700647700976824e-05,
        -6.917366334491817
      ],
      [
        0.00019919562047102492,
        -1.134080992120987e-05,
        1.0000008268602487,
        0.8343099876819906
      ],
      [
        0.0,
        0.0,
        0.0,
        1.0
      ]
    ],
    "location": [
      44.89225538835126,
      -6.917366334491817,
      0.8343099876819906
    ],
    "rotation": [
      -1.1340800543466517e-05,
      -0.00019919545311679706,
      0.08797487788930192
    ]
  },
  {
    "label_id": "AhVLDKKFO3nP9YBAG8x0pw",
    "size": [
      1.9318567274618785,
      4.066022807258439,
      1.509999999999991
    ],
    "obj_class": "vehicle",
    "point_num_in_lidar": 123,
    "speed": 2.929642751054232e-13,
    "if_vehicle": true,
    "motion_state": false,
    "pose": [
      [
        0.028929049101524246,
        -0.9997123859916652,
        -0.00019338961869314045,
        27.15428985314975
      ],
      [
        0.999712033910922,
        0.028928662655174273,
        -1.9700647700976824e-05,
        27.835712820115077
      ],
      [
        1.1970323361987132e-05,
        -0.00019915878223948397,
        1.0000008268602487,
        1.2749332609112116
      ],
      [
        0.0,
        0.0,
        0.0,
        1.0
      ]
    ],
    "location": [
      27.15428985314975,
      27.835712820115077,
      1.2749332609112116
    ],
    "rotation": [
      -0.00019915861492998723,
      -1.1970313226242851e-05,
      1.5418670177715468
    ]
  },
  {
    "label_id": "Aof9zDLMpOMBf2RZkTgB1g",
    "size": [
      0.6466332595231514,
      2.732983268659154,
      3.449999999999932
    ],
    "obj_class": "vehicle",
    "point_num_in_lidar": 108,
    "speed": 1.0658141036401503e-13,
    "if_vehicle": true,
    "motion_state": false,
    "pose": [
      [
        -0.04927660626005193,
        -0.998916193012486,
        -0.00019338961869314045,
        31.202282628080866
      ],
      [
        0.9989158118114647,
        -0.04927696401333611,
        -1.9700647700976824e-05,
        58.68852079512362
      ],
      [
        -3.6284796779589153e-06,
        -0.00019948519574076567,
        1.0000008268602487,
        2.629798434587542
      ],
      [
        0.0,
        0.0,
        0.0,
        1.0
      ]
    ],
    "location": [
      31.202282628080866,
      58.68852079512362,
      2.629798434587542
    ],
    "rotation": [
      -0.00019948502814840267,
      3.6284766055035613e-06,
      1.6200864602487068
    ]
  },
  {
    "label_id": "D4oNfIFt1uglPBdg5a6p8A",
    "size": [
      0.7866540548412684,
      0.5817703374645078,
      1.6200000000000045
    ],
    "obj_class": "pedestrian",
    "point_num_in_lidar": 20,
    "speed": 1.2135306881237573,
    "if_vehicle": false,
    "motion_state": true,
    "pose": [
      [
        -0.9986625153301766,
        -0.054174948652225184,
        -0.00019338961869314045,
        74.37064085516067
      ],
      [
        0.05417455343480394,
        -0.9986621731243598,
        -1.9700647700976824e-05,
        -14.501134095162342
      ],
      [
        -0.0001987928225775944,
        -1.6997731499772254e-05,
        1.0000008268602487,
        1.5483611456933204
      ],
      [
        0.0,
        0.0,
        0.0,
        1.0
      ]
    ],
    "location": [
      74.37064085516067,
      -14.501134095162342,
      1.5483611456933204
    ],
    "rotation": [
      -1.6997717443398375e-05,
      0.0001987926555564659,
      3.087398663592698
    ]
  },
  {
    "label_id": "DMyvJcDBgX_UfZY7i4gQUg",
    "size": [
      2.2010175447229874,
      5.031357921109429,
      1.7300000000000182
    ],
    "obj_class": "vehicle",
    "point_num_in_lidar": 6725,
    "speed": 5.709267256288867e-13,
    "if_vehicle": true,
    "motion_state": false,
    "pose": [
      [
        0.999021109891103,
        -0.04710166216828628,
        -0.00019338961869314045,
        2.3001967115778825
      ],
      [
        0.047102020750668626,
        0.9990207294698809,
        -1.9700647700976824e-05,
        -3.5257694362098846
      ],
      [
        0.0001994926228246401,
        -3.1941545127114327e-06,
        1.0000008268602487,
        0.8368304546476111
      ],
      [
        0.0,
        0.0,
        0.0,
        1.0
      ]
    ],
    "location": [
      2.3001967115778825,
      -3.5257694362098846,
      0.8368304546476111
    ],
    "rotation": [
      -3.1941518715833586e-06,
      -0.00019949245522482272,
      0.04711328413903642
    ]
  },
  {
    "label_id": "FaLjVnzgLbkn0NFfVlonZw",
    "size": [
      3.134141242359212,
      4.451840989787582,
      3.0799999999999272
    ],
    "obj_class": "vehicle",
    "point_num_in_lidar": 990,
    "speed": 8.528363000094291e-13,
    "if_vehicle": true,
    "motion_state": false,
    "pose": [
      [
        -0.04776655835228374,
        -0.9989895397301438,
        -0.00019338961869314045,
        30.01818883744272
      ],
      [
        0.9989891590703485,
        -0.04776691668139421,
        -1.9700647700976824e-05,
        17.92197689695604
      ],
      [
        -3.326927741161072e-06,
        -0.00019949045274476426,
        1.0000008268602487,
        1.8078892631058352
      ],
      [
        0.0,
        0.0,
        0.0,
        1.0
      ]
    ],
    "location": [
      30.01818883744272,
      17.92197689695604,
      1.8078892631058352
    ],
    "rotation": [
      -0.00019949028514784525,
      3.326924924046997e-06,
      1.6185748291480233
    ]
  },
  {
    "label_id": "GZswbdmDQZSe88ajnioK_g",
    "size": [
      1.1505740821373565,
      4.713684939172988,
      4.259999999999991
    ],
    "obj_class": "vehicle",
    "point_num_in_lidar": 192,
    "speed": 5.709267256288867e-13,
    "if_vehicle": true,
    "motion_state": false,
    "pose": [
      [
        0.03894349765091432,
        0.9993723773337843,
        -0.00019338961869314045,
        30.942577984709715
      ],
      [
        -0.9993719998529188,
        0.0389438593273269,
        -1.9700647700976824e-05,
        40.37617580037113
      ],
      [
        1.5652732110351004e-06,
        0.0001995120525288641,
        1.0000008268602487,
        2.8291327359688694
      ],
      [
        0.0,
        0.0,
        0.0,
        1.0
      ]
    ],
    "location": [
      30.942577984709715,
      40.37617580037113,
      2.8291327359688694
    ],
    "rotation": [
      0.00019951188491322541,
      -1.5652718856198778e-06,
      -1.5318480636236607
    ]
  },
  {
    "label_id": "NeHt8l-Xg_tze4fm4Zzhag",
    "size": [
      0.8686749354366591,
      0.8296750162009441,
      1.82000000000005
    ],
    "obj_class": "pedestrian",
    "point_num_in_lidar": 565,
    "speed": 2.9777166713245524e-13,
    "if_vehicle": false,
    "motion_state": false,
    "pose": [
      [
        0.9580341172648962,
        0.28711038773185793,
        -0.00019338961869314045,
        1.4403172654965601
      ],
      [
        -0.28710992322233675,
        0.9580338774054878,
        -1.9700647700976824e-05,
        10.62039665480006
      ],
      [
        0.00018924661793024794,
        6.319198356174558e-05,
        1.0000008268602487,
        1.240723182205329
      ],
      [
        0.0,
        0.0,
        0.0,
        1.0
      ]
    ],
    "location": [
      1.4403172654965601,
      10.62039665480006,
      1.240723182205329
    ],
    "rotation": [
      6.319193122673644e-05,
      -0.00018924645881278208,
      -0.2911691853868407
    ]
  },
  {
    "label_id": "Nx3jDnV5BFvG2rNbAk93sw",
    "size": [
      0.7698546864134821,
      0.8128752011552611,
      1.0900000000000318
    ],
    "obj_class": "sign",
    "point_num_in_lidar": 120,
    "speed": 0.000900189613470304,
    "if_vehicle": false,
    "motion_state": false,
    "pose": [
      [
        -0.0035883232958196427,
        1.0001244265205163,
        -0.00019338961869314045,
        12.06137313016552
      ],
      [
        -1.00012406476076,
        -0.003587945894825943,
        -1.9700647700976824e-05,
        14.616026092593529
      ],
      [
        -6.92005032668324e-06,
        0.00019939814966037504,
        1.0000008268602487,
        0.8376375494780177
      ],
      [
        0.0,
        0.0,
        0.0,
        1.0
      ]
    ],
    "location": [
      12.06137313016552,
      14.616026092593529,
      0.8376375494780177
    ],
    "rotation": [
      0.00019939798214344933,
      6.9200444670940286e-06,
      -1.5743841895661594
    ]
  },
  {
    "label_id": "OkBzhxzagapiYam_4NK-9A",
    "size": [
      0.9161349937327301,
      0.864239601718528,
      1.8799999999999955
    ],
    "obj_class": "pedestrian",
    "point_num_in_lidar": 123,
    "speed": 0.001869666448935446,
    "if_vehicle": false,
    "motion_state": false,
    "pose": [
      [
        -0.9934509544002106,
        -0.1153990718696537,
        -0.00019338961869314045,
        29.977596450193232
      ],
      [
        0.11539865638377367,
        -0.9934506371099417,
        -1.9700647700976824e-05,
        -11.657406218215328
      ],
      [
        -0.00019737383910900725,
        -2.9173220937640697e-05,
        1.0000008268602487,
        0.9211839690765373
      ],
      [
        0.0,
        0.0,
        0.0,
        1.0
      ]
    ],
    "location": [
      29.977596450193232,
      -11.657406218215328,
      0.9211839690765373
    ],
    "rotation": [
      -2.9173196807207724e-05,
      0.00019737367326158343,
      3.0259515211465517
    ]
  },
  {
    "label_id": "Qk60fGhJPpHJTNmg9RXYjQ",
    "size": [
      0.8607130812120712,
      0.8401418131687414,
      2.2000000000000455
    ],
    "obj_class": "pedestrian",
    "point_num_in_lidar": 33,
    "speed": 1.4803673948030627,
    "if_vehicle": false,
    "motion_state": true,
    "pose": [
      [
        -0.996696953962684,
        -0.08280656102371316,
        -0.00019338961869314045,
        56.04759406796438
      ],
      [
        0.08280615615033704,
        -0.9966966232374499,
        -1.9700647700976824e-05,
        -15.585636687668739
      ],
      [
        -0.0001982232739912327,
        -2.2694555133375924e-05,
        1.0000008268602487,
        1.0812860414470151
      ],
      [
        0.0,
        0.0,
        0.0,
        1.0
      ]
    ],
    "location": [
      56.04759406796438,
      -15.585636687668739,
      1.0812860414470151
    ],
    "rotation": [
      -2.2694536364269724e-05,
      0.0001982231074411554,
      3.05870244200536
    ]
  },
  {
    "label_id": "WrQ9WB5nz7yw3pLq2Sx4JA",
    "size": [
      1.9338659153476874,
      4.5722265271665545,
      1.5399999999999636
    ],
    "obj_class": "vehicle",
    "point_num_in_lidar": 1754,
    "speed": 8.881784197001252e-14,
    "if_vehicle": true,
    "motion_state": false,
    "pose": [
      [
        0.9997147848373131,
        -0.02884603204517394,
        -0.00019338961869314045,
        3.9391482354367326
      ],
      [
        0.028846397516375345,
        0.999714411029298,
        -1.9700647700976824e-05,
        -7.481352559141669
      ],
      [
        0.00019951768459798095,
        4.5024123103082094e-07,
        1.0000008268602487,
        0.6174325100625992
      ],
      [
        0.0,
        0.0,
        0.0,
        1.0
      ]
    ],
    "location": [
      3.9391482354367326,
      -7.481352559141669,
      0.6174325100625992
    ],
    "rotation": [
      4.502408587445221e-07,
      -0.00019951751697744094,
      0.028846623271591734
    ]
  },
  {
    "label_id": "X8OBaKk4dxIT8dFfdO_PYQ",
    "size": [
      2.1633729765809924,
      5.267996842103457,
      2.6200000000000045
    ],
    "obj_class": "vehicle",
    "point_num_in_lidar": 79,
    "speed": 5.728578676879116e-13,
    "if_vehicle": true,
    "motion_state": false,
    "pose": [
      [
        0.9994498625586665,
        0.03690144737715982,
        -0.00019338961869314045,
        79.206483001788
      ],
      [
        -0.03690105813504159,
        0.9994495135712677,
        -1.9700647700976824e-05,
        2.1854113936078647
      ],
      [
        0.0001990569771966914,
        1.3558355867182076e-05,
        1.0000008268602487,
        1.8009151940415222
      ],
      [
        0.0,
        0.0,
        0.0,
        1.0
      ]
    ],
    "location": [
      79.206483001788,
      2.1854113936078647,
      1.8009151940415222
    ],
    "rotation": [
      1.3558344655495038e-05,
      -0.00019905680995711288,
      -0.03690460675433761
    ]
  },
  {
    "label_id": "YTw2k0_-8UqolJn4WQRc2g",
    "size": [
      0.7131402618206801,
      0.9424020280400371,
      1.5199999999999818
    ],
    "obj_class": "pedestrian",
    "point_num_in_lidar": 67,
    "speed": 1.397017512932825,
    "if_vehicle": false,
    "motion_state": true,
    "pose": [
      [
        0.009360653705738187,
        1.0000870575851224,
        -0.00019338961869314045,
        33.18038967940629
      ],
      [
        -1.0000866909694526,
        0.009361026391372339,
        -1.9700647700976824e-05,
        -9.94343568889235
      ],
      [
        -4.337849449780949e-06,
        0.00019947103109638935,
        1.0000008268602487,
        0.997397754439362
      ],
      [
        0.0,
        0.0,
        0.0,
        1.0
      ]
    ],
    "location": [
      33.18038967940629,
      -9.94343568889235,
      0.997397754439362
    ],
    "rotation": [
      0.00019947086351630215,
      4.3378457766629695e-06,
      -1.5614367578167299
    ]
  },
  {
    "label_id": "YZp0XjCF9MO6a2x7szWEXA",
    "size": [
      1.947368066020452,
      3.8082084000475307,
      1.509999999999991
    ],
    "obj_class": "vehicle",
    "point_num_in_lidar": 58,
    "speed": 1.1390866590859189e-12,
    "if_vehicle": true,
    "motion_state": false,
    "pose": [
      [
        0.9982185815393756,
        -0.06181753842222647,
        -0.00019338961869314045,
        40.337914366735276
      ],
      [
        0.06181789136001234,
        0.9982181958755965,
        -1.9700647700976824e-05,
        -7.056325494020712
      ],
      [
        0.0001994238962978923,
        -6.133414210108356e-06,
        1.0000008268602487,
        0.8435879912766495
      ],
      [
        0.0,
        0.0,
        0.0,
        1.0
      ]
    ],
    "location": [
      40.337914366735276,
      -7.056325494020712,
      0.8435879912766495
    ],
    "rotation": [
      -6.1334091385592394e-06,
      -0.0001994237287549029,
      0.06184922605901365
    ]
  },
  {
    "label_id": "ZyK_iICxQsEYdJLxMFTw7w",
    "size": [
      0.9212612327099893,
      0.9766455606441014,
      1.740000000000009
    ],
    "obj_class": "pedestrian",
    "point_num_in_lidar": 44,
    "speed": 1.5173145572080822,
    "if_vehicle": false,
    "motion_state": true,
    "pose": [
      [
        0.13296291497430526,
        0.991253049341389,
        -0.00019338961869314045,
        33.21194090865902
      ],
      [
        -0.9912526394522245,
        0.13296323946236965,
        -1.9700647700976824e-05,
        -28.95714372292423
      ],
      [
        2.0362701954346428e-05,
        0.000198476370265138,
        1.0000008268602487,
        0.7624878334086134
      ],
      [
        0.0,
        0.0,
        0.0,
        1.0
      ]
    ],
    "location": [
      33.21194090865902,
      -28.95714372292423,
      0.7624878334086134
    ],
    "rotation": [
      0.00019847620354687475,
      -2.0362684713365538e-05,
      -1.4374559826242406
    ]
  },
  {
    "label_id": "_42Q0-0TvA-QU1Ls8X0ApA",
    "size": [
      0.6946825789132786,
      0.9723594347349624,
      1.6100000000000136
    ],
    "obj_class": "pedestrian",
    "point_num_in_lidar": 48,
    "speed": 1.4915617485733106,
    "if_vehicle": false,
    "motion_state": true,
    "pose": [
      [
        0.0063218061769956795,
        1.000110883529285,
        -0.00019338961869314045,
        9.159090066938006
      ],
      [
        -1.0001105180477279,
        0.006322179974885587,
        -1.9700647700976824e-05,
        32.52895658516172
      ],
      [
        -4.9439300892994765e-06,
        0.00019945692953562041,
        1.0000008268602487,
        1.372256675108929
      ],
      [
        0.0,
        0.0,
        0.0,
        1.0
      ]
    ],
    "location": [
      9.159090066938006,
      32.52895658516172,
      1.372256675108929
    ],
    "rotation": [
      0.00019945676196775426,
      4.94392590298121e-06,
      -1.5644753034019219
    ]
  },
  {
    "label_id": "aANSRZ5XPxs8mHhsbxTcGg",
    "size": [
      0.807763319316882,
      0.8146921552102152,
      1.07000000000005
    ],
    "obj_class": "sign",
    "point_num_in_lidar": 33,
    "speed": 8.533911106286719e-13,
    "if_vehicle": false,
    "motion_state": false,
    "pose": [
      [
        -0.00999879724304672,
        -1.0000808810495072,
        -0.00019338961869314045,
        32.098722034830644
      ],
      [
        1.0000805141961053,
        -0.009999169694671229,
        -1.9700647700976824e-05,
        -28.77044038176973
      ],
      [
        4.2105681179201745e-06,
        -0.00019947375842608992,
        1.0000008268602487,
        0.34725593453265446
      ],
      [
        0.0,
        0.0,
        0.0,
        1.0
      ]
    ],
    "location": [
      32.098722034830644,
      -28.77044038176973,
      0.34725593453265446
    ],
    "rotation": [
      -0.00019947359084363908,
      -4.210564552578189e-06,
      1.5807939859450122
    ]
  },
  {
    "label_id": "dWu2dkV959ZVbiXuXYme9A",
    "size": [
      1.9876994670929102,
      4.6193943709231275,
      1.4600000000000364
    ],
    "obj_class": "vehicle",
    "point_num_in_lidar": 4065,
    "speed": 8.881784197001252e-14,
    "if_vehicle": true,
    "motion_state": false,
    "pose": [
      [
        0.9999292636165737,
        0.020080148163880544,
        -0.00019338961869314045,
        1.6189795424215845
      ],
      [
        -0.020079764848690517,
        0.9999289081294482,
        -1.9700647700976824e-05,
        3.2232138969866355
      ],
      [
        0.0001992569233408592,
        1.0207236905284561e-05,
        1.0000008268602487,
        0.756259913149961
      ],
      [
        0.0,
        0.0,
        0.0,
        1.0
      ]
    ],
    "location": [
      1.6189795424215845,
      3.2232138969866355,
      0.756259913149961
    ],
    "rotation": [
      1.0207228464978605e-05,
      -0.0001992567559359389,
      -0.020078486699228584
    ]
  },
  {
    "label_id": "dv8sizFeYUT8pYvd3AJspA",
    "size": [
      0.7534326255224603,
      0.8617267602349281,
      0.7999999999999545
    ],
    "obj_class": "sign",
    "point_num_in_lidar": 52,
    "speed": 1.1370071466249427e-12,
    "if_vehicle": false,
    "motion_state": false,
    "pose": [
      [
        -0.0021739130857716385,
        1.0001285010882162,
        -0.00019338961869314045,
        11.993942160672304
      ],
      [
        -1.0001281387950898,
        -0.002173536196767081,
        -1.9700647700976824e-05,
        38.420553210629805
      ],
      [
        -6.638048430896158e-06,
        0.00019940773680460506,
        1.0000008268602487,
        1.2539886915446914
      ],
      [
        0.0,
        0.0,
        0.0,
        1.0
      ]
    ],
    "location": [
      11.993942160672304,
      38.420553210629805,
      1.2539886915446914
    ],
    "rotation": [
      0.00019940756927937095,
      6.638042810089314e-06,
      -1.5729699579305167
    ]
  },
  {
    "label_id": "eTLt3z7Tt1__uHa0Pj96uQ",
    "size": [
      0.5969024159007627,
      0.5832202862830158,
      0.9800000000000182
    ],
    "obj_class": "sign",
    "point_num_in_lidar": 100,
    "speed": 2.5585089000282873e-12,
    "if_vehicle": false,
    "motion_state": false,
    "pose": [
      [
        0.9986388139689494,
        -0.05461010732233226,
        -0.00019338961869314045,
        1.7322238762499182
      ],
      [
        0.054610463034905646,
        0.9986384308629638,
        -1.9700647700976824e-05,
        5.192517336618039
      ],
      [
        0.0001994629754604734,
        -4.693677125569197e-06,
        1.0000008268602487,
        0.7174058294714314
      ],
      [
        0.0,
        0.0,
        0.0,
        1.0
      ]
    ],
    "location": [
      1.7322238762499182,
      5.192517336618039,
      0.7174058294714314
    ],
    "rotation": [
      -4.693673244522903e-06,
      -0.00019946280788517046,
      0.05463048634962326
    ]
  },
  {
    "label_id": "hVOvDRfPPYheooNcglGZfw",
    "size": [
      1.9687754390427927,
      4.426137945390364,
      1.5
    ],
    "obj_class": "vehicle",
    "point_num_in_lidar": 29,
    "speed": 1.422084321207637e-12,
    "if_vehicle": true,
    "motion_state": false,
    "pose": [
      [
        0.9946373366343897,
        -0.10468196196057088,
        -0.00019338961869314045,
        51.00903801028653
      ],
      [
        0.10468229798909653,
        0.9946369361516048,
        -1.9700647700976824e-05,
        -6.6161286284059315
      ],
      [
        0.00019897573338068485,
        -1.4702608956365548e-05,
        1.0000008268602487,
        0.8471909505224176
      ],
      [
        0.0,
        0.0,
        0.0,
        1.0
      ]
    ],
    "location": [
      51.00903801028653,
      -6.6161286284059315,
      0.8471909505224176
    ],
    "rotation": [
      -1.47025967983133e-05,
      -0.00019897556620829168,
      0.10486066177619761
    ]
  },
  {
    "label_id": "iYoNqzfcHozgqJVHl7Yxnw",
    "size": [
      1.9729673738194624,
      3.9732415768768115,
      1.57000000000005
    ],
    "obj_class": "vehicle",
    "point_num_in_lidar": 27,
    "speed": 1.7763568394002505e-14,
    "if_vehicle": true,
    "motion_state": false,
    "pose": [
      [
        0.9993657560803226,
        0.03911304336243664,
        -0.00019338961869314045,
        50.24420807833485
      ],
      [
        -0.03911265334899588,
        0.9993654079551335,
        -1.9700647700976824e-05,
        2.4158450695194915
      ],
      [
        0.0001990264864743758,
        1.399881659895377e-05,
        1.0000008268602487,
        0.9645283534491682
      ],
      [
        0.0,
        0.0,
        0.0,
        1.0
      ]
    ],
    "location": [
      50.24420807833485,
      2.4158450695194915,
      0.9645283534491682
    ],
    "rotation": [
      1.3998805022983933e-05,
      -0.00019902631926001173,
      -0.039117511561245655
    ]
  },
  {
    "label_id": "ifMXmnBpfdQ88ZpSpy5LIA",
    "size": [
      0.2434090676655826,
      0.052982123451976726,
      0.37999999999999545
    ],
    "obj_class": "sign",
    "point_num_in_lidar": 78,
    "speed": 0.0005781769150142197,
    "if_vehicle": false,
    "motion_state": false,
    "pose": [
      [
        -0.6196972959157707,
        0.7850076471103631,
        -0.00019338961869314045,
        4.966574222526106
      ],
      [
        -0.7850075951404092,
        -0.6196967757227728,
        -1.9700647700976824e-05,
        4.899966190896521
      ],
      [
        -0.00012843493132313455,
        0.00015268260411889525,
        1.0000008268602487,
        0.807604426771718
      ],
      [
        0.0,
        0.0,
        0.0,
        1.0
      ]
    ],
    "location": [
      4.966574222526106,
      4.899966190896521,
      0.807604426771718
    ],
    "rotation": [
      0.0001526824766853821,
      0.0001284348229222517,
      -2.23905000489323
    ]
  },
  {
    "label_id": "iwVyTv3GqaEq5Lo6tx5S8A",
    "size": [
      0.845033627535223,
      1.1945977308094293,
      1.810638297872515
    ],
    "obj_class": "pedestrian",
    "point_num_in_lidar": 524,
    "speed": 3.133838393761489,
    "if_vehicle": false,
    "motion_state": true,
    "pose": [
      [
        0.09079783094232072,
        0.9960007522503366,
        -0.00019338961869314045,
        8.892973205887756
      ],
      [
        -0.9960003564936917,
        0.09079817252438849,
        -1.9700647700976824e-05,
        7.703594476601211
      ],
      [
        1.1925715977288472e-05,
        0.0001991614583269916,
        1.0000008268602487,
        1.143152485468022
      ],
      [
        0.0,
        0.0,
        0.0,
        1.0
      ]
    ],
    "location": [
      8.892973205887756,
      7.703594476601211,
      1.143152485468022
    ],
    "rotation": [
      0.00019916129101517596,
      -1.1925705879312902e-05,
      -1.479885164711553
    ]
  },
  {
    "label_id": "jDO7AFvKzSj9IBX0gjUdVw",
    "size": [
      0.7212059063460335,
      0.985521898342995,
