[
  {
    "label_id": "-r18nvGJT_LauvErk1VSrg",
    "size": [
      0.7208473821763779,
      2.0829883357271277,
      1.9099999999999682
    ],
    "obj_class": "vehicle",
    "point_num_in_lidar": 32,
    "speed": 5.684341886080801e-13,
    "if_vehicle": true,
    "motion_state": false,
    "pose": [
      [
        -0.000996077187315206,
        1.0001303440014315,
        -0.0002912463321950693,
        31.48528867817913
      ],
      [
        -1.000129958058924,
        -0.000995786204159711,
        -0.00030669257452833426,
        49.96603182844956
      ],
      [
        -0.00029345520789121415,
        0.00029697355352596694,
        1.0000007596094314,
        1.8258470886513578
      ],
      [
        0.0,
        0.0,
        0.0,
        1.0
      ]
    ],
    "location": [
      31.48528867817913,
      49.96603182844956,
      1.8258470886513578
    ],
    "rotation": [
      0.00029697331921188817,
      0.00029345496361597506,
      -1.5717922742214774
    ]
  },
  {
    "label_id": "013Doq8QGPt4_5ps9n1EBQ",
    "size": [
      0.6441504486105029,
      0.9234385820636817,
      1.669999999999959
    ],
    "obj_class": "pedestrian",
    "point_num_in_lidar": 95,
    "speed": 1.5444594601407342,
    "if_vehicle": false,
    "motion_state": true,
    "pose": [
      [
        0.014362785849768385,
        1.0000277033886706,
        -0.0002912463321950693,
        9.505089682210382
      ],
      [
        -1.00002731302312,
        0.014363070871790383,
        -0.00030669257452833426,
        29.596897250472466
      ],
      [
        -0.0002888600563290618,
        0.00030144505036554454,
        1.0000007596094314,
        1.4111850621778785
      ],
      [
        0.0,
        0.0,
        0.0,
        1.0
      ]
    ],
    "location": [
      9.505089682210382,
      29.596897250472466,
      1.4111850621778785
    ],
    "rotation": [
      0.0003014448122545545,
      0.00028885981575005283,
      -1.5564349206535857
    ]
  },
  {
    "label_id": "0VCoeT-jjrIfzTCsOWz20A",
    "size": [
      0.7544329631618905,
      1.043993850799436,
      0.9800000000000182
    ],
    "obj_class": "sign",
    "point_num_in_lidar": 201,
    "speed": 5.687116766346677e-13,
    "if_vehicle": false,
    "motion_state": false,
    "pose": [
      [
        -0.1028994767059405,
        0.9948232983077088,
        -0.0002912463321950693,
        11.692034577412414
      ],
      [
        -0.9948229440237991,
        -0.10289914791158652,
        -0.00030669257452833426,
        11.077785658499124
      ],
      [
        -0.0003221880212695288,
        0.00026552613709904466,
        1.0000007596094314,
        0.716712742612799
      ],
      [
        0.0,
        0.0,
        0.0,
        1.0
      ]
    ],
    "location": [
      11.692034577412414,
      11.077785658499124,
      0.716712742612799
    ],
    "rotation": [
      0.0002655259291628246,
      0.0003221877540266603,
      -1.673864765684084
    ]
  },
  {
    "label_id": "0_HBXNo3olLueqYvkPohlg",
    "size": [
      1.7479682991906926,
      3.9316593479287927,
      1.7000000000000455
    ],
    "obj_class": "vehicle",
    "point_num_in_lidar": 58,
    "speed": 1.7763568394002505e-14,
    "if_vehicle": true,
    "motion_state": false,
    "pose": [
      [
        0.9998872527473777,
        -0.02207213074188655,
        -0.0002912463321950693,
        56.57756348679686
      ],
      [
        0.02207241274589212,
        0.9998868601960347,
        -0.00030669257452833426,
        -6.0365916970276885
      ],
      [
        0.00030366307509882974,
        0.0002865274635245959,
        1.0000007596094314,
        1.0278955624406763
      ],
      [
        0.0,
        0.0,
        0.0,
        1.0
      ]
    ],
    "location": [
      56.57756348679686,
      -6.0365916970276885,
      1.0278955624406763
    ],
    "rotation": [
      0.0002865272380347065,
      -0.00030366282263493907,
      0.022071316969142402
    ]
  },
  {
    "label_id": "2-A6zakvKX2opVnyx9gplQ",
    "size": [
      0.7707275497529034,
      1.107612320671707,
      1.7999999999999545
    ],
    "obj_class": "pedestrian",
    "point_num_in_lidar": 94,
    "speed": 0.6950337272647285,
    "if_vehicle": false,
    "motion_state": false,
    "pose": [
      [
        -0.3285821914065271,
        -0.9446139108930534,
        -0.0002912463321950693,
        31.51727211873913
      ],
      [
        0.9446134506275057,
        -0.32858233898173317,
        -0.00030669257452833426,
        7.87870110998665
      ],
      [
        0.00017922269032311414,
        -0.0003770788747804098,
        1.0000007596094314,
        1.099241600268897
      ],
      [
        0.0,
        0.0,
        0.0,
        1.0
      ]
    ],
    "location": [
      31.51727211873913,
      7.87870110998665,
      1.099241600268897
    ],
    "rotation": [
      -0.0003770785704759096,
      -0.00017922253952338234,
      1.9055529876366943
    ]
  },
  {
    "label_id": "2OYKagQRfCdaOXgU5RkMBA",
    "size": [
      0.8627759996271258,
      0.6348824674672757,
      1.1499999999999773
    ],
    "obj_class": "sign",
    "point_num_in_lidar": 47,
    "speed": 0.0024609175940474436,
    "if_vehicle": false,
    "motion_state": false,
    "pose": [
      [
        0.015361312288220779,
        1.0000128635407493,
        -0.0002912463321950693,
        30.414339522643786
      ],
      [
        -1.000012472890797,
        0.015361596920318358,
        -0.00030669257452833426,
        12.427100022528975
      ],
      [
        -0.0002885589176579608,
        0.00030173332857405945,
        1.0000007596094314,
        0.6846459904138555
      ],
      [
        0.0,
        0.0,
        0.0,
        1.0
      ]
    ],
    "location": [
      30.414339522643786,
      12.427100022528975,
      0.6846459904138555
    ],
    "rotation": [
      0.0003017330902178701,
      0.0002885586773213946,
      -1.5554364141572026
    ]
  },
  {
    "label_id": "2SYmRAjI0pCOwp2XYemMBQ",
    "size": [
      0.9588610015812893,
      0.6083173834498694,
      1.67999999999995
    ],
    "obj_class": "pedestrian",
    "point_num_in_lidar": 342,
    "speed": 0.003187523496786931,
    "if_vehicle": false,
    "motion_state": false,
    "pose": [
      [
        0.9978327492312069,
        0.06776062074595131,
        -0.0002912463321950693,
        11.806453290389982
      ],
      [
        -0.06776030464714856,
        0.9978323835751349,
        -0.00030669257452833426,
        7.2271884493857215
      ],
      [
        0.0002767205610229555,
        0.0003126259452436044,
        1.0000007596094314,
        0.8757529995575624
      ],
      [
        0.0,
        0.0,
        0.0,
        1.0
      ]
    ],
    "location": [
      11.806453290389982,
      7.2271884493857215,
      0.8757529995575624
    ],
    "rotation": [
      0.00031262569758536173,
      -0.00027672033023775207,
      -0.06780338162218735
    ]
  },
  {
    "label_id": "3083QteOhZ_vSpxmP0XK-Q",
    "size": [
      0.819829578174419,
      0.7789331854908985,
      1.2000000000000455
    ],
    "obj_class": "sign",
    "point_num_in_lidar": 43,
    "speed": 1.9915012144332625e-12,
    "if_vehicle": false,
    "motion_state": false,
    "pose": [
      [
        -0.036274472518611524,
        0.9994727909281381,
        -0.0002912463321950693,
        28.956059697718956
      ],
      [
        -0.9994724154900776,
        -0.03627416810264815,
        -0.00030669257452833426,
        14.902581722370087
      ],
      [
        -0.00030374814926540777,
        0.0002864372747219788,
        1.0000007596094314,
        0.7363255909369855
      ],
      [
        0.0,
        0.0,
        0.0,
        1.0
      ]
    ],
    "location": [
      28.956059697718956,
      14.902581722370087,
      0.7363255909369855
    ],
    "rotation": [
      0.0002864370493079996,
      0.00030374789673340286,
      -1.6070740242039199
    ]
  },
  {
    "label_id": "3mqY30kFisxCydiO2pKjPA",
    "size": [
      0.8321203191362756,
      1.0700067716390604,
      1.7200000000000273
    ],
    "obj_class": "pedestrian",
    "point_num_in_lidar": 47,
    "speed": 1.5347100104161737,
    "if_vehicle": false,
    "motion_state": true,
    "pose": [
      [
        0.01907864761227041,
        0.9999488498755684,
        -0.0002912463321950693,
        32.98954025712919
      ],
      [
        -0.9999484581702259,
        0.01907893079020167,
        -0.00030669257452833426,
        -13.306742085049336
      ],
      [
        -0.0002874352622929646,
        0.00030280393082470094,
        1.0000007596094314,
        0.9297612125806154
      ],
      [
        0.0,
        0.0,
        0.0,
        1.0
      ]
    ],
    "location": [
      32.98954025712919,
      -13.306742085049336,
      0.9297612125806154
    ],
    "rotation": [
      0.0003028036915574558,
      0.00028743502286126925,
      -1.5517190104787568
    ]
  },
  {
    "label_id": "45vGTk6HpmeCTR2Etiwq8w",
    "size": [
      0.707705772227347,
      0.7957618448156345,
      1.07000000000005
    ],
    "obj_class": "sign",
    "point_num_in_lidar": 33,
    "speed": 2.2743611691451335e-12,
    "if_vehicle": false,
    "motion_state": false,
    "pose": [
      [
        -1.0000520024885429,
        0.012557447226273085,
        -0.0002912463321950693,
        41.394086939104454
      ],
      [
        -0.012557732952543912,
        -1.0000516126381689,
        -0.00030669257452833426,
        4.351726368615346
      ],
      [
        -0.0003009230901535561,
        -0.00028940377389513995,
        1.0000007596094314,
        0.6758744546190201
      ],
      [
        0.0,
        0.0,
        0.0,
        1.0
      ]
    ],
    "location": [
      41.394086939104454,
      4.351726368615346,
      0.6758744546190201
    ],
    "rotation": [
      -0.00028940354598186257,
      0.000300922839884592,
      -3.129036233575419
    ]
  },
  {
    "label_id": "4BPsEUa8pjB_nYeEbm-YSA",
    "size": [
      0.8876985042465266,
      1.0727947770953707,
      1.7511702127660556
    ],
    "obj_class": "pedestrian",
    "point_num_in_lidar": 305,
    "speed": 1.2104370019447257,
    "if_vehicle": false,
    "motion_state": true,
    "pose": [
      [
        0.1037820082635956,
        0.9947316180372272,
        -0.0002912463321950693,
        9.8671937322124
      ],
      [
        -0.9947312037352232,
        0.10378225721472621,
        -0.00030669257452833426,
        13.284136425900215
      ],
      [
        -0.0002607298750041198,
        0.00032608155852892416,
        1.0000007596094314,
        1.193004471452582
      ],
      [
        0.0,
        0.0,
        0.0,
        1.0
      ]
    ],
    "location": [
      9.8671937322124,
      13.284136425900215,
      1.193004471452582
    ],
    "rotation": [
      0.0003260812992771836,
      0.00026072965718170333,
      -1.4668407166111397
    ]
  },
  {
    "label_id": "6cJfOa0GEVIor5deOQECIw",
    "size": [
      0.8707727370738995,
      1.1612597197178984,
      1.8100000000000591
    ],
    "obj_class": "pedestrian",
    "point_num_in_lidar": 83,
    "speed": 1.7609943431025745,
    "if_vehicle": false,
    "motion_state": true,
    "pose": [
      [
        -0.07501539718037835,
        0.9973135852619553,
        -0.0002912463321950693,
        8.854945078488527
      ],
      [
        -0.9973132219143271,
        -0.07501507843076327,
        -0.00030669257452833426,
        31.052916905462553
      ],
      [
        -0.0003146300812727684,
        0.0002744397246948868,
        1.0000007596094314,
        1.489614267293632
      ],
      [
        0.0,
        0.0,
        0.0,
        1.0
      ]
    ],
    "location": [
      8.854945078488527,
      31.052916905462553,
      1.489614267293632
    ],
    "rotation": [
      0.0002744395093380508,
      0.0003146298200465405,
      -1.6458724443405712
    ]
  },
  {
    "label_id": "8IZ7fkXm0FDeUdEuJAqSlA",
    "size": [
      0.7446914889100793,
      1.0496260774128139,
      1.7300000000000182
    ],
    "obj_class": "pedestrian",
    "point_num_in_lidar": 108,
    "speed": 0.02122629790185521,
    "if_vehicle": false,
    "motion_state": false,
    "pose": [
      [
        -0.997666134771506,
        -0.07017108159539974,
        -0.0002912463321950693,
        28.414358226207696
      ],
      [
        0.07017076461413306,
        -0.9976657698801624,
        -0.00030669257452833426,
        8.261815051953818
      ],
      [
        -0.00027596448219184615,
        -0.0003132935605800102,
        1.0000007596094314,
        1.0464563452659377
      ],
      [
        0.0,
        0.0,
        0.0,
        1.0
      ]
    ],
    "location": [
      28.414358226207696,
      8.261815051953818,
      1.0464563452659377
    ],
    "rotation": [
      -0.0003132933123492524,
      0.00027596425201799346,
      3.0713733760022275
    ]
  },
  {
    "label_id": "8k1Wkk08druqr8A5YTrqFQ",
    "size": [
      2.1684109006720287,
      4.238163060626746,
      1.7100000000000364
    ],
    "obj_class": "vehicle",
    "point_num_in_lidar": 234,
    "speed": 8.543149943144391e-13,
    "if_vehicle": true,
    "motion_state": false,
    "pose": [
      [
        1.0000429205093089,
        -0.013261006801795249,
        -0.0002912463321950693,
        38.78092836592987
      ],
      [
        0.01326129225372553,
        1.0000425304580154,
        -0.00030669257452833426,
        2.434997890555678
      ],
      [
        0.00030112661879057377,
        0.0002891919950276487,
        1.0000007596094314,
        0.9699979189847454
      ],
      [
        0.0,
        0.0,
        0.0,
        1.0
      ]
    ],
    "location": [
      38.78092836592987,
      2.434997890555678,
      0.9699979189847454
    ],
    "rotation": [
      0.00028919176729296485,
      -0.00030112636835849055,
      0.01325994589359667
    ]
  },
  {
    "label_id": "A4kzX4tBck4XcFuUOPA6Lg",
    "size": [
      0.7530091452424621,
      1.132073132049114,
      1.8246200607903802
    ],
    "obj_class": "pedestrian",
    "point_num_in_lidar": 347,
    "speed": 1.4400471002743078,
    "if_vehicle": false,
    "motion_state": true,
    "pose": [
      [
        -0.05061255677686712,
        -0.9988493711559784,
        -0.0002912463321950693,
        13.150382100389834
      ],
      [
        0.9988489707127224,
        -0.050612827457517995,
        -0.00030669257452833426,
        -1.4872902978841012
      ],
      [
        0.0002777402596839852,
        -0.0003117203854145402,
        1.0000007596094314,
        1.021371273998625
      ],
      [
        0.0,
        0.0,
        0.0,
        1.0
      ]
    ],
    "location": [
      13.150382100389834,
      -1.4872902978841012,
      1.021371273998625
    ],
    "rotation": [
      -0.0003117201385324174,
      -0.00027774002807452367,
      1.6214239074514771
    ]
  },
  {
    "label_id": "AWjsPzPKZ7MTv8Ta3AXBbQ",
    "size": [
      2.106078352137215,
      4.515543669845269,
      1.4600000000000364
    ],
    "obj_class": "vehicle",
    "point_num_in_lidar": 80,
    "speed": 2.847716647714797e-13,
    "if_vehicle": true,
    "motion_state": false,
    "pose": [
      [
        0.9962629082538272,
        -0.08787442631284309,
        -0.0002912463321950693,
        44.89225538834944
      ],
      [
        0.08787468185212154,
        0.9962624979825839,
        -0.00030669257452833426,
        -6.917366334488179
      ],
      [
        0.0003218738536109015,
        0.0002659068876392322,
        1.0000007596094314,
        0.8343099876819906
      ],
      [
        0.0,
        0.0,
        0.0,
        1.0
      ]
    ],
    "location": [
      44.89225538834944,
      -6.917366334488179,
      0.8343099876819906
    ],
    "rotation": [
      0.00026590667938690773,
      -0.0003218735866177685,
      0.08797662814217608
    ]
  },
  {
    "label_id": "AhVLDKKFO3nP9YBAG8x0pw",
    "size": [
      1.9318567274618754,
      4.066022807258439,
      1.509999999999991
    ],
    "obj_class": "vehicle",
    "point_num_in_lidar": 122,
    "speed": 2.929642751054232e-13,
    "if_vehicle": true,
    "motion_state": false,
    "pose": [
      [
        0.028927211836305745,
        -0.9997124154363406,
        -0.0002912463321950693,
        27.15428985314793
      ],
      [
        0.9997120377709171,
        0.02892691018809387,
        -0.00030669257452833426,
        27.835712820118715
      ],
      [
        0.0003016345855710441,
        -0.0002886621335050726,
        1.0000007596094314,
        1.274933260911439
      ],
      [
        0.0,
        0.0,
        0.0,
        1.0
      ]
    ],
    "location": [
      27.15428985314793,
      27.835712820118715,
      1.274933260911439
    ],
    "rotation": [
      -0.00028866190621710836,
      -0.0003016343347319026,
      1.541868854140085
    ]
  },
  {
    "label_id": "Aof9zDLMpOMBf2RZkTgB1g",
    "size": [
      0.6466332595231469,
      2.732983268659154,
      3.449999999999932
    ],
    "obj_class": "vehicle",
    "point_num_in_lidar": 105,
    "speed": 1.0658141036401503e-13,
    "if_vehicle": true,
    "motion_state": false,
    "pose": [
      [
        -0.04927844020847629,
        -0.9989160788038225,
        -0.0002912463321950693,
        31.202282628079047
      ],
      [
        0.998915678722447,
        -0.04927871142372097,
        -0.00030669257452833426,
        58.68852079512544
      ],
      [
        0.0002781563482680688,
        -0.00031134915521081267,
        1.0000007596094314,
        2.6297984345877694
      ],
      [
        0.0,
        0.0,
        0.0,
        1.0
      ]
    ],
    "location": [
      31.202282628079047,
      58.68852079512544,
      2.6297984345877694
    ],
    "rotation": [
      -0.00031134890864670885,
      -0.0002781561163223512,
      1.6200882982873426
    ]
  },
  {
    "label_id": "DMyvJcDBgX_UfZY7i4gQUg",
    "size": [
      2.201017544722988,
      5.031357921109429,
      1.7300000000000182
    ],
    "obj_class": "vehicle",
    "point_num_in_lidar": 6757,
    "speed": 5.709267256288867e-13,
    "if_vehicle": true,
    "motion_state": false,
    "pose": [
      [
        0.9990209996755586,
        -0.047103496361024476,
        -0.0002912463321950693,
        2.3001788889250747
      ],
      [
        0.04710376844667826,
        0.9990206001856174,
        -0.00030669257452833426,
        -3.5258374921540963
      ],
      [
        0.00031074281891784123,
        0.0002788335543353934,
        1.0000007596094314,
        0.8413525911743136
      ],
      [
        0.0,
        0.0,
        0.0,
        1.0
      ]
    ],
    "location": [
      2.3001788889250747,
      -3.5258374921540963,
      0.8413525911743136
    ],
    "rotation": [
      0.000278833335304709,
      -0.00031074256079316806,
      0.04711503485736704
    ]
  },
  {
    "label_id": "FaLjVnzgLbkn0NFfVlonZw",
    "size": [
      3.1341412423592137,
      4.451840989787582,
      3.0799999999999272
    ],
    "obj_class": "vehicle",
    "point_num_in_lidar": 1150,
    "speed": 8.528363000094291e-13,
    "if_vehicle": true,
    "motion_state": false,
    "pose": [
      [
        -0.0477683924712602,
        -0.9989894282938618,
        -0.0002912463321950693,
        30.018153192140744
      ],
      [
        0.9989890286229205,
        -0.047768664290970035,
        -0.00030669257452833426,
        17.921840785065797
      ],
      [
        0.0002786266751705049,
        -0.00031092833003080583,
        1.0000007596094314,
        1.8169335361590129
      ],
      [
        0.0,
        0.0,
        0.0,
        1.0
      ]
    ],
    "location": [
      30.018153192140744,
      17.921840785065797,
      1.8169335361590129
    ],
    "rotation": [
      -0.0003109280838271034,
      -0.0002786264428447573,
      1.6185766671644073
    ]
  },
  {
    "label_id": "GZswbdmDQZSe88ajnioK_g",
    "size": [
      1.150574082137355,
      4.713684939172988,
      4.259999999999991
    ],
    "obj_class": "vehicle",
    "point_num_in_lidar": 195,
    "speed": 5.709267256288867e-13,
    "if_vehicle": true,
    "motion_state": false,
    "pose": [
      [
        0.038945332682376384,
        0.9993722820973394,
        -0.0002912463321950693,
        30.942577984707896
      ],
      [
        -0.9993718848421806,
        0.03894560802063156,
        -0.00030669257452833426,
        40.37617580037113
      ],
      [
        -0.0002813613473136636,
        0.0003084559008515699,
        1.0000007596094314,
        2.829132735968983
      ],
      [
        0.0,
        0.0,
        0.0,
        1.0
      ]
    ],
    "location": [
      30.942577984707896,
      40.37617580037113,
      2.829132735968983
    ],
    "rotation": [
      0.000308455656763076,
      0.00028136111277949125,
      -1.5318462257452663
    ]
  },
  {
    "label_id": "NeHt8l-Xg_tze4fm4Zzhag",
    "size": [
      0.8686749354366606,
      0.8296750162009441,
      1.82000000000005
    ],
    "obj_class": "pedestrian",
    "point_num_in_lidar": 535,
    "speed": 2.9777166713245524e-13,
    "if_vehicle": false,
    "motion_state": false,
    "pose": [
      [
        0.9580346220046143,
        0.28710862091316747,
        -0.0002912463321950693,
        1.4402992290360999
      ],
      [
        -0.28710823166997324,
        0.9580343354517364,
        -0.00030669257452833426,
        10.620327782424283
      ],
      [
        0.0002005959995932104,
        0.00036615638118093097,
        1.0000007596094314,
        1.2452995684594725
      ],
      [
        0.0,
        0.0,
        0.0,
        1.0
      ]
    ],
    "location": [
      1.4402992290360999,
      10.620327782424283,
      1.2452995684594725
    ],
    "rotation": [
      0.0003661560866817512,
      -0.0002005958310811714,
      -0.29116742036769333
    ]
  },
  {
    "label_id": "Nx3jDnV5BFvG2rNbAk93sw",
    "size": [
      0.7698546864134799,
      0.8128752011552611,
      1.0900000000000318
    ],
    "obj_class": "sign",
    "point_num_in_lidar": 119,
    "speed": 0.0009001896147888156,
    "if_vehicle": false,
    "motion_state": false,
    "pose": [
      [
        -0.0035864858744179273,
        1.0001244094017792,
        -0.0002912463321950693,
        12.060012733027179
      ],
      [
        -1.0001240242142342,
        -0.0035861938926186844,
        -0.00030669257452833426,
        14.613693104854974
      ],
      [
        -0.0002942234071761907,
        0.00029621248657331784,
        1.0000007596094314,
        0.8375971112911884
      ],
      [
        0.0,
        0.0,
        0.0,
        1.0
      ]
    ],
    "location": [
      12.060012733027179,
      14.613693104854974,
      0.8375971112911884
    ],
    "rotation": [
      0.0002962122529043012,
      0.00029422316228363237,
      -1.5743823525417078
    ]
  },
  {
    "label_id": "OkBzhxzagapiYam_4NK-9A",
    "size": [
      0.9161349937327304,
      0.864239601718528,
      1.8799999999999955
    ],
    "obj_class": "pedestrian",
    "point_num_in_lidar": 126,
    "speed": 0.004686873781155728,
    "if_vehicle": false,
    "motion_state": false,
    "pose": [
      [
        -0.9934511428480797,
        -0.1153972440573404,
        -0.0002912463321950693,
        29.96769688795939
      ],
      [
        0.1153969108352729,
        -0.9934507927254302,
        -0.00030669257452833426,
        -11.648697861659457
      ],
      [
        -0.0002614549384257624,
        -0.00032550048495370485,
        1.0000007596094314,
        0.9239494777317532
      ],
      [
        0.0,
        0.0,
        0.0,
        1.0
      ]
    ],
    "location": [
      29.96769688795939,
      -11.648697861659457,
      0.9239494777317532
    ],
    "rotation": [
      -0.0003255002262050278,
      0.0002614547200141023,
      3.0259532765507324
    ]
  },
  {
    "label_id": "Qk60fGhJPpHJTNmg9RXYjQ",
    "size": [
      0.8607130812116407,
      0.8401418131687414,
      2.2000000000000455
    ],
    "obj_class": "pedestrian",
    "point_num_in_lidar": 24,
    "speed": 1.3924882827836937,
    "if_vehicle": false,
    "motion_state": true,
    "pose": [
      [
        -1.0000156572663221,
        -0.015178352492641125,
        -0.0002912463321950693,
        60.413438159637735
      ],
      [
        0.015178056065875413,
        -1.0000152754889151,
        -0.00030669257452833426,
        -16.06358851566074
      ],
      [
        -0.00029278234368048316,
        -0.000297636942870467,
        1.0000007596094314,
        1.0913300285831156
      ],
      [
        0.0,
        0.0,
        0.0,
        1.0
      ]
    ],
    "location": [
      60.413438159637735,
      -16.06358851566074,
      1.0913300285831156
    ],
    "rotation": [
      -0.00029763670799383467,
      0.000292782099946095,
      3.126416000491307
    ]
  },
  {
    "label_id": "WrQ9WB5nz7yw3pLq2Sx4JA",
    "size": [
      1.9338659153476891,
      4.5722265271665545,
      1.5399999999999636
    ],
    "obj_class": "vehicle",
    "point_num_in_lidar": 1761,
    "speed": 8.881784197001252e-14,
    "if_vehicle": true,
    "motion_state": false,
    "pose": [
      [
        0.9997147081428827,
        -0.028847867945071576,
        -0.0002912463321950693,
        3.9391482354330947
      ],
      [
        0.028848147282277494,
        0.9997143136894107,
        -0.00030669257452833426,
        -7.48135255913985
      ],
      [
        0.00030559790068282645,
        0.0002844629565173039,
        1.0000007596094314,
        0.6174325100625992
      ],
      [
        0.0,
        0.0,
        0.0,
        1.0
      ]
    ],
    "location": [
      3.9391482354330947,
      -7.48135255913985,
      0.6174325100625992
    ],
    "rotation": [
      0.00028446273276390546,
      -0.00030559764667037226,
      0.02884837429248086
    ]
  },
  {
    "label_id": "X8OBaKk4dxIT8dFfdO_PYQ",
    "size": [
      2.163372976580992,
      5.267996842103457,
      2.6200000000000045
    ],
    "obj_class": "vehicle",
    "point_num_in_lidar": 78,
    "speed": 5.728578676879116e-13,
    "if_vehicle": true,
    "motion_state": false,
    "pose": [
      [
        0.9994499066557205,
        0.036899610405214105,
        -0.0002912463321950693,
        79.206483001788
      ],
      [
        -0.03689930575448326,
        0.999449531408138,
        -0.00030669257452833426,
        2.1854113936078647
      ],
      [
        0.0002862472318980361,
        0.0003039272491288439,
        1.0000007596094314,
        1.8009151940415222
      ],
      [
        0.0,
        0.0,
        0.0,
        1.0
      ]
    ],
    "location": [
      79.206483001788,
      2.1854113936078647,
      1.8009151940415222
    ],
    "rotation": [
      0.00030392700890493664,
      -0.000286246993423447,
      -0.036902854169244714
    ]
  },
  {
    "label_id": "YTw2k0_-8UqolJn4WQRc2g",
    "size": [
      0.7131402618195659,
      0.9424020280400371,
      1.5199999999999818
    ],
    "obj_class": "pedestrian",
    "point_num_in_lidar": 60,
    "speed": 1.4357909006462584,
    "if_vehicle": false,
    "motion_state": true,
    "pose": [
      [
        -0.04126137040001874,
        0.9992793385609939,
        -0.0002912463321950693,
        33.31731533549282
      ],
      [
        -0.9992789646466373,
        -0.041261064114416934,
        -0.00030669257452833426,
        -5.544361283657054
      ],
      [
        -0.000305173683939446,
        0.0002849180112999911,
        1.0000007596094314,
        1.02299495299701
      ],
      [
        0.0,
        0.0,
        0.0,
        1.0
      ]
    ],
    "location": [
      33.31731533549282,
      -5.544361283657054,
      1.02299495299701
    ],
    "rotation": [
      0.0002849177871640475,
      0.0003051734302664216,
      -1.612064026983923
    ]
  },
  {
    "label_id": "YZp0XjCF9MO6a2x7szWEXA",
    "size": [
      1.947368066020453,
      3.8082084000475307,
      1.509999999999991
    ],
    "obj_class": "vehicle",
    "point_num_in_lidar": 92,
    "speed": 1.1390866590859189e-12,
    "if_vehicle": true,
    "motion_state": false,
    "pose": [
      [
        0.998218444308207,
        -0.06181937079175112,
        -0.0002912463321950693,
        40.33791436673346
      ],
      [
        0.06181963696121416,
        0.9982180408523446,
        -0.00030669257452833426,
        -7.056325494018893
      ],
      [
        0.00031481780892158684,
        0.00027422435653699355,
        1.0000007596094314,
        0.8435879912767632
      ],
      [
        0.0,
        0.0,
        0.0,
        1.0
      ]
    ],
    "location": [
      40.33791436673346,
      -7.056325494018893,
      0.8435879912767632
    ],
    "rotation": [
      0.00027422414135996133,
      -0.0003148175475456954,
      0.06185097657569698
    ]
  },
  {
    "label_id": "Yyu039jUMIJ4gI_2-mTkSg",
    "size": [
      1.0952675293739855,
      1.1481994723012645,
      1.759999999999991
    ],
    "obj_class": "pedestrian",
    "point_num_in_lidar": 34,
    "speed": 1.4996645330551812,
    "if_vehicle": false,
    "motion_state": true,
    "pose": [
      [
        0.036026503308959144,
        -0.9994817598243174,
        -0.0002912463321950693,
        33.754208842567095
      ],
      [
        0.9994813843107433,
        0.03602619898615091,
        -0.00030669257452833426,
        15.114542806548343
      ],
      [
        0.0003036770751462526,
        -0.00028651262548608876,
        1.0000007596094314,
        1.3114834262141812
      ],
      [
        0.0,
        0.0,
        0.0,
        1.0
      ]
    ],
    "location": [
      33.754208842567095,
      15.114542806548343,
      1.3114834262141812
    ],
    "rotation": [
      -0.00028651240000868855,
      -0.0003036768226711527,
      1.5347667283720086
    ]
  },
  {
    "label_id": "ZyK_iICxQsEYdJLxMFTw7w",
    "size": [
      0.9212612327100278,
      0.9766455606441014,
      1.740000000000009
    ],
    "obj_class": "pedestrian",
    "point_num_in_lidar": 47,
    "speed": 1.4594348542658153,
    "if_vehicle": false,
    "motion_state": true,
    "pose": [
      [
        0.2964582651076117,
        0.9551828066980531,
        -0.0002912463321950693,
        32.23080910363933
      ],
      [
        -0.95518235168494,
        0.2964584281593916,
        -0.00030669257452833426,
        -24.507008995677097
      ],
      [
        -0.00019186874626899486,
        0.0003708040381892814,
        1.0000007596094314,
        0.7898229118867448
      ],
      [
        0.0,
        0.0,
        0.0,
        1.0
      ]
    ],
    "location": [
      32.23080910363933,
      -24.507008995677097,
      0.7898229118867448
    ],
    "rotation": [
      0.00037080373952864536,
      0.00019186858497881535,
      -1.2698547372531834
    ]
  },
  {
    "label_id": "aANSRZ5XPxs8mHhsbxTcGg",
    "size": [
      0.8077633193168814,
      0.8146921552102152,
      1.07000000000005
    ],
    "obj_class": "sign",
    "point_num_in_lidar": 32,
    "speed": 8.533911106286719e-13,
    "if_vehicle": false,
    "motion_state": false,
    "pose": [
      [
        -0.010000634262325643,
        -1.0000808389707987,
        -0.0002912463321950693,
        32.098701173090376
      ],
      [
        1.0000804498521978,
        -0.010000920984369327,
        -0.00030669257452833426,
        -28.7705200424989
      ],
      [
        0.00029017217976363865,
        -0.0003001822057076892,
        1.0000007596094314,
        0.35254917821259824
      ],
      [
        0.0,
        0.0,
        0.0,
        1.0
      ]
    ],
    "location": [
      32.098701173090376,
      -28.7705200424989,
      0.35254917821259824
    ],
    "rotation": [
      -0.0003001819686702404,
      -0.00029017193812856256,
      1.5807958232760801
    ]
  },
  {
    "label_id": "dNW3S4yA8s8GmltmAPV8LQ",
    "size": [
      0.9053185012419505,
      1.1352859720932158,
      1.8100000000000591
    ],
    "obj_class": "pedestrian",
    "point_num_in_lidar": 25,
    "speed": 1.8418689983511465,
    "if_vehicle": false,
    "motion_state": true,
    "pose": [
      [
        0.013522241365419671,
        -1.0000394222982614,
        -0.0002912463321950693,
        33.722783912462546
      ],
      [
        1.0000390400304762,
        0.013521945571308378,
        -0.00030669257452833426,
        27.877665768950465
      ],
      [
        0.00029715166831654783,
        -0.0002932748481356836,
        1.0000007596094314,
        1.5974451539597112
      ],
      [
        0.0,
        0.0,
        0.0,
        1.0
      ]
    ],
    "location": [
      33.722783912462546,
      27.877665768950465,
      1.5974451539597112
    ],
    "rotation": [
      -0.00029327461695332854,
      -0.00029715142107245685,
      1.5572754373158404
    ]
  },
  {
    "label_id": "dWu2dkV959ZVbiXuXYme9A",
    "size": [
      1.98769946709291,
      4.6193943709231275,
      1.4600000000000364
    ],
    "obj_class": "vehicle",
    "point_num_in_lidar": 4050,
    "speed": 8.881784197001252e-14,
    "if_vehicle": true,
    "motion_state": false,
    "pose": [
      [
        0.9999292767997229,
        0.020078310710024937,
        -0.0002912463321950693,
        1.6189795424215845
      ],
      [
        -0.02007801241608438,
        0.9999288964794092,
        -0.00030669257452833426,
        3.2232138969866355
      ],
      [
        0.00029132038873111747,
        0.0002990680217640541,
        1.0000007596094314,
        0.7562599131500747
      ],
      [
        0.0,
        0.0,
        0.0,
        1.0
      ]
    ],
    "location": [
      1.6189795424215845,
      3.2232138969866355,
      0.7562599131500747
    ],
    "rotation": [
      0.0002990677856729752,
      -0.00029132014617231115,
      -0.0200767345844097
    ]
  },
  {
    "label_id": "dv8sizFeYUT8pYvd3AJspA",
    "size": [
      0.7534326255224579,
      0.8617267602349281,
      0.7999999999999545
    ],
    "obj_class": "sign",
    "point_num_in_lidar": 30,
    "speed": 1.1370071466249427e-12,
    "if_vehicle": false,
    "motion_state": false,
    "pose": [
      [
        -0.0021720756904168373,
        1.0001284813709586,
        -0.0002912463321950693,
        11.993942160674123
      ],
      [
        -1.0001280957708694,
        -0.0021717842536536107,
        -0.00030669257452833426,
        38.42055321063344
      ],
      [
        -0.000293804200166965,
        0.00029662829011502863,
        1.0000007596094314,
        1.253988691544805
      ],
      [
        0.0,
        0.0,
        0.0,
        1.0
      ]
    ],
    "location": [
      11.993942160674123,
      38.42055321063344,
      1.253988691544805
    ],
    "rotation": [
      0.0002966280560936294,
      0.0002938039556112568,
      -1.5729681208726736
    ]
  },
  {
    "label_id": "eTLt3z7Tt1__uHa0Pj96uQ",
    "size": [
      0.5969024159007612,
      0.5832202862830158,
      0.9800000000000182
    ],
    "obj_class": "sign",
    "point_num_in_lidar": 101,
    "speed": 2.5585089000282873e-12,
    "if_vehicle": false,
    "motion_state": false,
    "pose": [
      [
        0.9986386899686456,
        -0.054611940634740105,
        -0.0002912463321950693,
        1.7322238762480993
      ],
      [
        0.054612209709686804,
        0.9986382884446875,
        -0.00030669257452833426,
        5.192517336619858
      ],
      [
        0.0003128300684809212,
        0.00027648978061862566,
        1.0000007596094314,
        0.7174058294717724
      ],
      [
        0.0,
        0.0,
        0.0,
        1.0
      ]
    ],
    "location": [
      1.7322238762480993,
      5.192517336619858,
      0.7174058294717724
    ],
    "rotation": [
      0.00027648956354898877,
      -0.0003128298086902935,
      0.05463223696033801
    ]
  },
  {
    "label_id": "hVOvDRfPPYheooNcglGZfw",
    "size": [
      1.968775439042793,
      4.426137945390364,
      1.5
    ],
    "obj_class": "vehicle",
    "point_num_in_lidar": 47,
    "speed": 1.422084321207637e-12,
    "if_vehicle": true,
    "motion_state": false,
    "pose": [
      [
        0.9946371207415601,
        -0.10468378673473887,
        -0.0002912463321950693,
        51.00903801028835
      ],
      [
        0.10468403531016197,
        0.9946367062140278,
        -0.00030669257452833426,
        -6.6161286284041125
      ],
      [
        0.00032631780155534116,
        0.0002604341431540863,
        1.0000007596094314,
        0.8471909505225312
      ],
      [
        0.0,
        0.0,
        0.0,
        1.0
      ]
    ],
    "location": [
      51.00903801028835,
      -6.6161286284041125,
      0.8471909505225312
    ],
    "rotation": [
      0.000260433939437955,
      -0.0003263175310326313,
      0.1048624119225956
    ]
  },
  {
    "label_id": "iYoNqzfcHozgqJVHl7Yxnw",
    "size": [
      1.9729673738194622,
      3.9732415768768115,
      1.57000000000005
    ],
    "obj_class": "vehicle",
    "point_num_in_lidar": 25,
    "speed": 1.7763568394002505e-14,
    "if_vehicle": true,
    "motion_state": false,
    "pose": [
      [
        0.9993658042423108,
        0.03911120649257297,
        -0.0002912463321950693,
        50.24420807833485
      ],
      [
        -0.03911090101220127,
        0.9993654296698097,
        -0.00030669257452833426,
        2.4158450695213105
      ],
      [
        0.0002855739692830958,
        0.0003045599425404013,
        1.0000007596094314,
        0.9645283534493956
      ],
      [
        0.0,
        0.0,
        0.0,
        1.0
      ]
    ],
    "location": [
      50.24420807833485,
      2.4158450695213105,
      0.9645283534493956
    ],
    "rotation": [
      0.00030455970177732986,
      -0.00028557373135108295,
      -0.039115758910774394
    ]
  },
  {
    "label_id": "ifMXmnBpfdQ88ZpSpy5LIA",
    "size": [
      0.24340906766558298,
      0.052982123451976726,
      0.37999999999999545
    ],
    "obj_class": "sign",
    "point_num_in_lidar": 79,
    "speed": 0.0005781769168708693,
    "if_vehicle": false,
    "motion_state": false,
    "pose": [
      [
        -0.6196958390804244,
        0.7850087669501494,
        -0.0002912463321950693,
        4.967257304186205
      ],
      [
        -0.7850086438534187,
        -0.6196953716726677,
        -0.00030669257452833426,
        4.898371701072392
      ],
      [
        -0.0004142927086963742,
        5.167980314722788e-05,
        1.0000007596094314,
        0.8075831538064904
      ],
      [
        0.0,
        0.0,
        0.0,
        1.0
      ]
    ],
    "location": [
      4.967257304186205,
      4.898371701072392,
      0.8075831538064904
    ],
    "rotation": [
      5.1679763844783084e-05,
      0.0004142923697399227,
      -2.2390482118508324
    ]
  },
  {
    "label_id": "iwVyTv3GqaEq5Lo6tx5S8A",
    "size": [
      0.8450336275342092,
      1.1945977308094293,
      1.810638297872515
    ],
    "obj_class": "pedestrian",
    "point_num_in_lidar": 206,
    "speed": 2.2957599150807795,
    "if_vehicle": false,
    "motion_state": true,
    "pose": [
      [
        -0.042676174313394176,
        0.9992199163888587,
        -0.0002912463321950693,
        9.09151253255368
      ],
      [
        -0.9992195429085362,
        -0.04267586749868676,
        -0.00030669257452833426,
        17.47514937415872
      ],
      [
        -0.0003055767836720402,
        0.00028448564078520036,
        1.0000007596094314,
        1.294949025761298
      ],
      [
        0.0,
        0.0,
        0.0,
        1.0
      ]
    ],
    "location": [
      9.09151253255368,
      17.47514937415872,
      1.294949025761298
    ],
    "rotation": [
      0.000284485417012735,
      0.0003055765296764811,
      -1.6134798935983294
    ]
  },
  {
    "label_id": "jDO7AFvKzSj9IBX0gjUdVw",
    "size": [
      0.7212059063459314,
      0.985521898342995,
      1.6299999999999955
    ],
    "obj_class": "pedestrian",
