[
  {
    "label_id": "-r18nvGJT_LauvErk1VSrg",
    "size": [
      0.7208473821763767,
      2.0829883357271277,
      1.9099999999999682
    ],
    "obj_class": "vehicle",
    "point_num_in_lidar": 45,
    "speed": 5.684341886080801e-13,
    "if_vehicle": true,
    "motion_state": false,
    "pose": [
      [
        -0.0009969844503975621,
        1.000130343289749,
        -0.00029058517794406844,
        31.485288678177312
      ],
      [
        -1.0001299819900098,
        -0.0009966654297871333,
        -0.0002108082742180518,
        49.96603182844774
      ],
      [
        -0.00019758299161882082,
        0.00029640779648320236,
        1.000000783315728,
        1.8258470886511304
      ],
      [
        0.0,
        0.0,
        0.0,
        1.0
      ]
    ],
    "location": [
      31.485288678177312,
      49.96603182844774,
      1.8258470886511304
    ],
    "rotation": [
      0.00029640755562195876,
      0.0001975828255983726,
      -1.5717931813419157
    ]
  },
  {
    "label_id": "013Doq8QGPt4_5ps9n1EBQ",
    "size": [
      0.6441504486105771,
      0.9234385820636817,
      1.669999999999959
    ],
    "obj_class": "pedestrian",
    "point_num_in_lidar": 102,
    "speed": 1.4684378301158412,
    "if_vehicle": false,
    "motion_state": true,
    "pose": [
      [
        0.008532310408318948,
        1.0000944441531316,
        -0.00029058517794406844,
        9.52059375188037
      ],
      [
        -1.000094079830162,
        0.00853262597198145,
        -0.0002108082742180518,
        28.179133549640028
      ],
      [
        -0.00019474984706912478,
        0.00029827691405743,
        1.000000783315728,
        1.3821627710967732
      ],
      [
        0.0,
        0.0,
        0.0,
        1.0
      ]
    ],
    "location": [
      9.52059375188037,
      28.179133549640028,
      1.3821627710967732
    ],
    "rotation": [
      0.0002982766715668249,
      0.00019474968339316704,
      -1.562265026013558
    ]
  },
  {
    "label_id": "0VCoeT-jjrIfzTCsOWz20A",
    "size": [
      0.7544329631618903,
      1.043993850799436,
      0.9800000000000182
    ],
    "obj_class": "sign",
    "point_num_in_lidar": 201,
    "speed": 5.687116766346677e-13,
    "if_vehicle": false,
    "motion_state": false,
    "pose": [
      [
        -0.10290037917431054,
        0.994823205153885,
        -0.00029058517794406844,
        11.692034577410595
      ],
      [
        -0.9948228782413662,
        -0.10290002499941538,
        -0.0002108082742180518,
        11.077785658495486
      ],
      [
        -0.00022675715959582094,
        0.00027473225323049357,
        1.000000783315728,
        0.7167127426126854
      ],
      [
        0.0,
        0.0,
        0.0,
        1.0
      ]
    ],
    "location": [
      11.692034577410595,
      11.077785658495486,
      0.7167127426126854
    ],
    "rotation": [
      0.0002747320311165207,
      0.0002267569695294461,
      -1.6738656700132548
    ]
  },
  {
    "label_id": "0_HBXNo3olLueqYvkPohlg",
    "size": [
      1.7479682991906933,
      3.9316593479287927,
      1.7000000000000455
    ],
    "obj_class": "vehicle",
    "point_num_in_lidar": 58,
    "speed": 1.7763568394002505e-14,
    "if_vehicle": true,
    "motion_state": false,
    "pose": [
      [
        0.9998872729618495,
        -0.022071223703760832,
        -0.00029058517794406844,
        56.57756348679504
      ],
      [
        0.02207153430614628,
        0.9998869044000369,
        -0.0002108082742180518,
        -6.0365916970276885
      ],
      [
        0.0003008861819782683,
        0.0001906938013874848,
        1.000000783315728,
        1.0278955624406763
      ],
      [
        0.0,
        0.0,
        0.0,
        1.0
      ]
    ],
    "location": [
      56.57756348679504,
      -6.0365916970276885,
      1.0278955624406763
    ],
    "rotation": [
      0.00019069364970268228,
      -0.00030088593173888584,
      0.022070438412183587
    ]
  },
  {
    "label_id": "2-A6zakvKX2opVnyx9gplQ",
    "size": [
      0.770727549755162,
      1.107612320671707,
      1.7999999999999545
    ],
    "obj_class": "pedestrian",
    "point_num_in_lidar": 79,
    "speed": 0.5326688998336182,
    "if_vehicle": false,
    "motion_state": false,
    "pose": [
      [
        -0.8200753955864036,
        -0.572484098557042,
        -0.00029058517794406844,
        31.094454429738107
      ],
      [
        0.5724836302725376,
        -0.8200752814756049,
        -0.0002108082742180518,
        8.386728028150173
      ],
      [
        -0.0001302771881509401,
        -0.0003315486007217563,
        1.000000783315728,
        1.1524107330301376
      ],
      [
        0.0,
        0.0,
        0.0,
        1.0
      ]
    ],
    "location": [
      31.094454429738107,
      8.386728028150173,
      1.1524107330301376
    ],
    "rotation": [
      -0.0003315483288663203,
      0.0001302770782055153,
      2.5321520167403206
    ]
  },
  {
    "label_id": "2OYKagQRfCdaOXgU5RkMBA",
    "size": [
      0.8627759996271291,
      0.6348824674672757,
      1.1499999999999773
    ],
    "obj_class": "sign",
    "point_num_in_lidar": 43,
    "speed": 0.002460917553423729,
    "if_vehicle": false,
    "motion_state": false,
    "pose": [
      [
        0.015360405134856231,
        1.000012877667562,
        -0.00029058517794406844,
        30.414488392190833
      ],
      [
        -1.0000125111985263,
        0.015360718203694147,
        -0.0002108082742180518,
        12.429310240333507
      ],
      [
        -0.000192708777704157,
        0.00029959964517475553,
        1.000000783315728,
        0.6846798021445011
      ],
      [
        0.0,
        0.0,
        0.0,
        1.0
      ]
    ],
    "location": [
      30.414488392190833,
      12.429310240333507,
      0.6846798021445011
    ],
    "rotation": [
      0.0002995994015298306,
      0.0001927086157181998,
      -1.5554373216735313
    ]
  },
  {
    "label_id": "2SYmRAjI0pCOwp2XYemMBQ",
    "size": [
      0.9588610015812894,
      0.6083173834498694,
      1.67999999999995
    ],
    "obj_class": "pedestrian",
    "point_num_in_lidar": 348,
    "speed": 0.003187523449963601,
    "if_vehicle": false,
    "motion_state": false,
    "pose": [
      [
        0.9978326879539854,
        0.06776152593758306,
        -0.00029058517794406844,
        11.807270253031675
      ],
      [
        -0.06776118350897528,
        0.9978323487574348,
        -0.0002108082742180518,
        7.224420519205523
      ],
      [
        0.00028255630963495445,
        0.00021692983261540027,
        1.000000783315728,
        0.8769631743272157
      ],
      [
        0.0,
        0.0,
        0.0,
        1.0
      ]
    ],
    "location": [
      11.807270253031675,
      7.224420519205523,
      0.8769631743272157
    ],
    "rotation": [
      0.0002169296592881904,
      -0.0002825560741364321,
      -0.06780426250097896
    ]
  },
  {
    "label_id": "3mqY30kFisxCydiO2pKjPA",
    "size": [
      0.8321203191386731,
      1.0700067716390604,
      1.7200000000000273
    ],
    "obj_class": "pedestrian",
    "point_num_in_lidar": 62,
    "speed": 1.5512429282002396,
    "if_vehicle": false,
    "motion_state": true,
    "pose": [
      [
        0.05182676301997267,
        0.9987871065355907,
        -0.00029058517794406844,
        33.054762424746514
      ],
      [
        -0.9987867288908974,
        0.05182706251310616,
        -0.0002108082742180518,
        -14.673535947231358
      ],
      [
        -0.0001816523052326322,
        0.0003064295357773786,
        1.000000783315728,
        0.904249711702505
      ],
      [
        0.0,
        0.0,
        0.0,
        1.0
      ]
    ],
    "location": [
      33.054762424746514,
      -14.673535947231358,
      0.904249711702505
    ],
    "rotation": [
      0.0003064292861553663,
      0.00018165215241514358,
      -1.5189531041504614
    ]
  },
  {
    "label_id": "45vGTk6HpmeCTR2Etiwq8w",
    "size": [
      0.7077057722273473,
      0.7957618448156345,
      1.07000000000005
    ],
    "obj_class": "sign",
    "point_num_in_lidar": 32,
    "speed": 2.2743611691451335e-12,
    "if_vehicle": false,
    "motion_state": false,
    "pose": [
      [
        -1.000052014071852,
        0.012556540036876465,
        -0.00029058517794406844,
        41.394086939102635
      ],
      [
        -0.012556854131978235,
        -1.0000516484820294,
        -0.0002108082742180518,
        4.351726368613527
      ],
      [
        -0.0002990581567551698,
        -0.0001935480283321742,
        1.000000783315728,
        0.6758744546191338
      ],
      [
        0.0,
        0.0,
        0.0,
        1.0
      ]
    ],
    "location": [
      41.394086939102635,
      4.351726368613527,
      0.6758744546191338
    ],
    "rotation": [
      -0.00019354787430626012,
      0.00029905790798144603,
      -3.1290371123571643
    ]
  },
  {
    "label_id": "4BPsEUa8pjB_nYeEbm-YSA",
    "size": [
      0.8876985042478834,
      1.0727947770953707,
      1.7511702127660556
    ],
    "obj_class": "pedestrian",
    "point_num_in_lidar": 346,
    "speed": 1.2077379053567596,
    "if_vehicle": false,
    "motion_state": true,
    "pose": [
      [
        0.06594622360375232,
        0.9979543041338462,
        -0.00029058517794406844,
        9.99009701948853
      ],
      [
        -0.9979539222915468,
        0.0659465177263624,
        -0.0002108082742180518,
        12.201488010408866
      ],
      [
        -0.00017730067605658303,
        0.0003089677825647015,
        1.000000783315728,
        1.1772149757848638
      ],
      [
        0.0,
        0.0,
        0.0,
        1.0
      ]
    ],
    "location": [
      9.99009701948853,
      12.201488010408866,
      1.1772149757848638
    ],
    "rotation": [
      0.00030896753071412407,
      0.00017730052685380402,
      -1.504810831368234
    ]
  },
  {
    "label_id": "6cJfOa0GEVIor5deOQECIw",
    "size": [
      0.8707727370731234,
      1.1612597197178984,
      1.8100000000000591
    ],
    "obj_class": "pedestrian",
    "point_num_in_lidar": 115,
    "speed": 1.835548716460391,
    "if_vehicle": false,
    "motion_state": true,
    "pose": [
      [
        -0.11082564376381113,
        0.993971515804755,
        -0.00029058517794406844,
        8.675580635990627
      ],
      [
        -0.9939711917253183,
        -0.11082528699474,
        -0.0002108082742180518,
        29.434771872654892
      ],
      [
        -0.00022893951648057995,
        0.000272916320850746,
        1.000000783315728,
        1.4770859757177277
      ],
      [
        0.0,
        0.0,
        0.0,
        1.0
      ]
    ],
    "location": [
      8.675580635990627,
      29.434771872654892,
      1.4770859757177277
    ],
    "rotation": [
      0.0002729161002953787,
      0.00022893932462291413,
      -1.6818355472651738
    ]
  },
  {
    "label_id": "8IZ7fkXm0FDeUdEuJAqSlA",
    "size": [
      0.7446914889109373,
      1.0496260774128139,
      1.7300000000000182
    ],
    "obj_class": "pedestrian",
    "point_num_in_lidar": 111,
    "speed": 0.0490416466488482,
    "if_vehicle": false,
    "motion_state": false,
    "pose": [
      [
        -0.9961589957512262,
        -0.08904466705409181,
        -0.00029058517794406844,
        28.37726923752598
      ],
      [
        0.08904431746340245,
        -0.9961586639410376,
        -0.0002108082742180518,
        8.276552422443274
      ],
      [
        -0.0002778616031064116,
        -0.00022291152933889377,
        1.000000783315728,
        1.0435817191691967
      ],
      [
        0.0,
        0.0,
        0.0,
        1.0
      ]
    ],
    "location": [
      28.37726923752598,
      8.276552422443274,
      1.0435817191691967
    ],
    "rotation": [
      -0.00022291135103680792,
      0.00027786137139888323,
      3.0524419365697737
    ]
  },
  {
    "label_id": "8k1Wkk08druqr8A5YTrqFQ",
    "size": [
      2.1684109006720296,
      4.238163060626746,
      1.7100000000000364
    ],
    "obj_class": "vehicle",
    "point_num_in_lidar": 230,
    "speed": 8.543149943144391e-13,
    "if_vehicle": true,
    "motion_state": false,
    "pose": [
      [
        1.0000429327308467,
        -0.013260099620767343,
        -0.00029058517794406844,
        38.78092836592805
      ],
      [
        0.013260413458589252,
        1.0000425669201403,
        -0.0002108082742180518,
        2.434997890555678
      ],
      [
        0.0002991942488350539,
        0.00019333758521585282,
        1.000000783315728,
        0.9699979189847454
      ],
      [
        0.0,
        0.0,
        0.0,
        1.0
      ]
    ],
    "location": [
      38.78092836592805,
      2.434997890555678,
      0.9699979189847454
    ],
    "rotation": [
      0.0001933374313626568,
      -0.00029919399995218085,
      0.01325906712864612
    ]
  },
  {
    "label_id": "A4kzX4tBck4XcFuUOPA6Lg",
    "size": [
      0.7530091452410472,
      1.132073132049114,
      1.8246200607903802
    ],
    "obj_class": "pedestrian",
    "point_num_in_lidar": 382,
    "speed": 1.3988674909982572,
    "if_vehicle": false,
    "motion_state": true,
    "pose": [
      [
        -0.0034257833115763645,
        -1.0001249729686623,
        -0.00029058517794406844,
        13.126781974495316
      ],
      [
        1.000124610261689,
        -0.003426100731334209,
        -0.0002108082742180518,
        -0.20308717536681797
      ],
      [
        0.0001962702905662675,
        -0.0002972786461118661,
        1.000000783315728,
        1.0129894526630778
      ],
      [
        0.0,
        0.0,
        0.0,
        1.0
      ]
    ],
    "location": [
      13.126781974495316,
      -0.20308717536681797,
      1.0129894526630778
    ],
    "rotation": [
      -0.00029727840449173725,
      -0.00019627012563191293,
      1.5742216698753546
    ]
  },
  {
    "label_id": "AWjsPzPKZ7MTv8Ta3AXBbQ",
    "size": [
      2.1060783521372137,
      4.515543669845269,
      1.4600000000000364
    ],
    "obj_class": "vehicle",
    "point_num_in_lidar": 100,
    "speed": 2.847716647714797e-13,
    "if_vehicle": true,
    "motion_state": false,
    "pose": [
      [
        0.9962629881598031,
        -0.08787352257515112,
        -0.00029058517794406844,
        44.89225538834762
      ],
      [
        0.08787380823061705,
        0.9962625999425879,
        -0.0002108082742180518,
        -6.917366334488179
      ],
      [
        0.00031279161033929455,
        0.00017046415721324256,
        1.000000783315728,
        0.834309987682218
      ],
      [
        0.0,
        0.0,
        0.0,
        1.0
      ]
    ],
    "location": [
      44.89225538834762,
      -6.917366334488179,
      0.834309987682218
    ],
    "rotation": [
      0.00017046402203497817,
      -0.0003127913505793503,
      0.08797575099335235
    ]
  },
  {
    "label_id": "AhVLDKKFO3nP9YBAG8x0pw",
    "size": [
      1.9318567274618776,
      4.066022807258439,
      1.509999999999991
    ],
    "obj_class": "vehicle",
    "point_num_in_lidar": 198,
    "speed": 2.929642751054232e-13,
    "if_vehicle": true,
    "motion_state": false,
    "pose": [
      [
        0.02892811872561724,
        -0.9997123893869988,
        -0.00029058517794406844,
        27.15428985314611
      ],
      [
        0.999712037137758,
        0.028927789739106976,
        -0.0002108082742180518,
        27.835712820116896
      ],
      [
        0.00020578396476096468,
        -0.0002907741051750114,
        1.000000783315728,
        1.2749332609113253
      ],
      [
        0.0,
        0.0,
        0.0,
        1.0
      ]
    ],
    "location": [
      27.15428985314611,
      27.835712820116896,
      1.2749332609113253
    ],
    "rotation": [
      -0.00029077386921233674,
      -0.0002057837919630485,
      1.5418679477301513
    ]
  },
  {
    "label_id": "Aof9zDLMpOMBf2RZkTgB1g",
    "size": [
      0.6466332595231499,
      2.732983268659154,
      3.449999999999932
    ],
    "obj_class": "vehicle",
    "point_num_in_lidar": 109,
    "speed": 1.0658141036401503e-13,
    "if_vehicle": true,
    "motion_state": false,
    "pose": [
      [
        -0.049277534056566014,
        -0.9989161236981658,
        -0.00029058517794406844,
        31.202282628079047
      ],
      [
        0.9989157468190556,
        -0.04927783451253223,
        -0.0002108082742180518,
        58.68852079512544
      ],
      [
        0.00018243376951262552,
        -0.00030596493285094464,
        1.000000783315728,
        2.629798434587542
      ],
      [
        0.0,
        0.0,
        0.0,
        1.0
      ]
    ],
    "location": [
      31.202282628079047,
      58.68852079512544,
      2.629798434587542
    ],
    "rotation": [
      -0.00030596468363642236,
      -0.00018243361604637038,
      1.6200873899992891
    ]
  },
  {
    "label_id": "DMyvJcDBgX_UfZY7i4gQUg",
    "size": [
      2.2010175447229883,
      5.031357921109429,
      1.7300000000000182
    ],
    "obj_class": "vehicle",
    "point_num_in_lidar": 6742,
    "speed": 5.709267256288867e-13,
    "if_vehicle": true,
    "motion_state": false,
    "pose": [
      [
        0.9990210425969334,
        -0.047102590113517126,
        -0.00029058517794406844,
        2.3001842365483753
      ],
      [
        0.04710289138930749,
        0.9990206663728651,
        -0.0002108082742180518,
        -3.525817072206337
      ],
      [
        0.00030556701526854936,
        0.00018309947999090598,
        1.000000783315728,
        0.8399957398695506
      ],
      [
        0.0,
        0.0,
        0.0,
        1.0
      ]
    ],
    "location": [
      2.3001842365483753,
      -3.525817072206337,
      0.8399957398695506
    ],
    "rotation": [
      0.0001830993345201584,
      -0.00030556676128080576,
      0.047114156866668776
    ]
  },
  {
    "label_id": "FaLjVnzgLbkn0NFfVlonZw",
    "size": [
      3.13414124235921,
      4.451840989787582,
      3.0799999999999272
    ],
    "obj_class": "vehicle",
    "point_num_in_lidar": 686,
    "speed": 8.528363000094291e-13,
    "if_vehicle": true,
    "motion_state": false,
    "pose": [
      [
        -0.04776748625251904,
        -0.9989894718183876,
        -0.00029058517794406844,
        30.018163887387345
      ],
      [
        0.9989890953938861,
        -0.047767787277843636,
        -0.0002108082742180518,
        17.921881624964954
      ],
      [
        0.0001828960668277345,
        -0.0003056888109368981,
        1.000000783315728,
        1.814219833549373
      ],
      [
        0.0,
        0.0,
        0.0,
        1.0
      ]
    ],
    "location": [
      30.018163887387345,
      17.921881624964954,
      1.814219833549373
    ],
    "rotation": [
      -0.00030568856196449195,
      -0.00018289591297773554,
      1.6185757589092695
    ]
  },
  {
    "label_id": "GZswbdmDQZSe88ajnioK_g",
    "size": [
      1.1505740821373598,
      4.713684939172988,
      4.259999999999991
    ],
    "obj_class": "vehicle",
    "point_num_in_lidar": 190,
    "speed": 5.709267256288867e-13,
    "if_vehicle": true,
    "motion_state": false,
    "pose": [
      [
        0.038944426114634674,
        0.9993723176181475,
        -0.00029058517794406844,
        30.942577984706077
      ],
      [
        -0.9993719438664113,
        0.03894473045209734,
        -0.0002108082742180518,
        40.37617580037113
      ],
      [
        -0.00018558820556369485,
        0.0003040618988770502,
        1.000000783315728,
        2.8291327359690968
      ],
      [
        0.0,
        0.0,
        0.0,
        1.0
      ]
    ],
    "location": [
      30.942577984706077,
      40.37617580037113,
      2.8291327359690968
    ],
    "rotation": [
      0.0003040616513302487,
      0.000185588049479785,
      -1.5318471338053603
    ]
  },
  {
    "label_id": "L5HBM5tSKtNA4qHegDQk8Q",
    "size": [
      0.9577723394238701,
      0.9858486719012957,
      1.6399999999999864
    ],
    "obj_class": "pedestrian",
    "point_num_in_lidar": 52,
    "speed": 1.4817578355483318,
    "if_vehicle": false,
    "motion_state": true,
    "pose": [
      [
        0.08127683676997279,
        -0.9968228395013492,
        -0.00029058517794406844,
        34.18376149407413
      ],
      [
        0.9968225049761593,
        0.08127648977638699,
        -0.0002108082742180518,
        23.787872661212532
      ],
      [
        0.00022073880736110744,
        -0.0002795907711600372,
        1.000000783315728,
        1.4389474566590934
      ],
      [
        0.0,
        0.0,
        0.0,
        1.0
      ]
    ],
    "location": [
      34.18376149407413,
      23.787872661212532,
      1.4389474566590934
    ],
    "rotation": [
      -0.0002795905448670811,
      -0.00022073862224019462,
      1.4894403791912778
    ]
  },
  {
    "label_id": "NeHt8l-Xg_tze4fm4Zzhag",
    "size": [
      0.8686749354366577,
      0.8296750162009441,
      1.82000000000005
    ],
    "obj_class": "pedestrian",
    "point_num_in_lidar": 561,
    "speed": 2.9777166713245524e-13,
    "if_vehicle": false,
    "motion_state": false,
    "pose": [
      [
        0.9580343617393934,
        0.2871094900442312,
        -0.00029058517794406844,
        1.4403172654929222
      ],
      [
        -0.28710908098640814,
        0.9580341068210757,
        -0.0002108082742180518,
        10.62039665480006
      ],
      [
        0.00022748455467161668,
        0.0002741302569562976,
        1.000000783315728,
        1.2407231822054428
      ],
      [
        0.0,
        0.0,
        0.0,
        1.0
      ]
    ],
    "location": [
      1.4403172654929222,
      10.62039665480006,
      1.2407231822054428
    ],
    "rotation": [
      0.00027413003535921526,
      -0.00022748436400807124,
      -0.29116830853430303
    ]
  },
  {
    "label_id": "Nx3jDnV5BFvG2rNbAk93sw",
    "size": [
      0.7698546864134806,
      0.8128752011552611,
      1.0900000000000318
    ],
    "obj_class": "sign",
    "point_num_in_lidar": 90,
    "speed": 0.0009001895984736195,
    "if_vehicle": false,
    "motion_state": false,
    "pose": [
      [
        -0.0035873931326026167,
        1.0001244063402202,
        -0.00029058517794406844,
        12.06042091544623
      ],
      [
        -1.0001240458679799,
        -0.0035870731772690155,
        -0.0002108082742180518,
        14.614393109693992
      ],
      [
        -0.00019835004713017508,
        0.00029589504760392467,
        1.000000783315728,
        0.8376092446281973
      ],
      [
        0.0,
        0.0,
        0.0,
        1.0
      ]
    ],
    "location": [
      12.06042091544623,
      14.614393109693992,
      0.8376092446281973
    ],
    "rotation": [
      0.0002958948071892959,
      0.00019834988047524315,
      -1.5743832595980558
    ]
  },
  {
    "label_id": "OkBzhxzagapiYam_4NK-9A",
    "size": [
      0.9161349937327298,
      0.864239601718528,
      1.8799999999999955
    ],
    "obj_class": "pedestrian",
    "point_num_in_lidar": 126,
    "speed": 0.004686873701414291,
    "if_vehicle": false,
    "motion_state": false,
    "pose": [
      [
        -0.9934510383567099,
        -0.11539814528336449,
        -0.00029058517794406844,
        29.970861849271387
      ],
      [
        0.11539778702684639,
        -0.9934507159223465,
        -0.0002108082742180518,
        -11.651480316450034
      ],
      [
        -0.0002718599860317605,
        -0.0002301928938692105,
        1.000000783315728,
        0.9231779103346298
      ],
      [
        0.0,
        0.0,
        0.0,
        1.0
      ]
    ],
    "location": [
      29.970861849271387,
      -11.651480316450034,
      0.9231779103346298
    ],
    "rotation": [
      -0.00023019270948976785,
      0.00027185975917946604,
      3.025952394270051
    ]
  },
  {
    "label_id": "WrQ9WB5nz7yw3pLq2Sx4JA",
    "size": [
      1.933865915347688,
      4.5722265271665545,
      1.5399999999999636
    ],
    "obj_class": "vehicle",
    "point_num_in_lidar": 1752,
    "speed": 8.881784197001252e-14,
    "if_vehicle": true,
    "motion_state": false,
    "pose": [
      [
        0.9997147345038949,
        -0.028846961064766623,
        -0.00029058517794406844,
        3.9391482354312757
      ],
      [
        0.02884726916227285,
        0.9997143638455913,
        -0.0002108082742180518,
        -7.481352559141669
      ],
      [
        0.00030217160582097477,
        0.00018865031414933586,
        1.000000783315728,
        0.6174325100625992
      ],
      [
        0.0,
        0.0,
        0.0,
        1.0
      ]
    ],
    "location": [
      3.9391482354312757,
      -7.481352559141669,
      0.6174325100625992
    ],
    "rotation": [
      0.00018865016413874378,
      -0.0003021713545515777,
      0.028847495892420194
    ]
  },
  {
    "label_id": "X8OBaKk4dxIT8dFfdO_PYQ",
    "size": [
      2.163372976580992,
      5.267996842103457,
      2.6200000000000045
    ],
    "obj_class": "vehicle",
    "point_num_in_lidar": 78,
    "speed": 5.728578676879116e-13,
    "if_vehicle": true,
    "motion_state": false,
    "pose": [
      [
        0.9994498733742097,
        0.03690051705791556,
        -0.00029058517794406844,
        79.20648300178618
      ],
      [
        -0.03690018527246558,
        0.9994495237600416,
        -0.0002108082742180518,
        2.1854113936078647
      ],
      [
        0.00028912360378381897,
        0.00020809652118218425,
        1.000000783315728,
        1.8009151940414085
      ],
      [
        0.0,
        0.0,
        0.0,
        1.0
      ]
    ],
    "location": [
      79.20648300178618,
      2.1854113936078647,
      1.8009151940414085
    ],
    "rotation": [
      0.0002080963551732259,
      -0.00028912336299265304,
      -0.036903734201193326
    ]
  },
  {
    "label_id": "YTw2k0_-8UqolJn4WQRc2g",
    "size": [
      0.7131402618196812,
      0.9424020280400371,
      1.5199999999999818
    ],
    "obj_class": "pedestrian",
    "point_num_in_lidar": 63,
    "speed": 1.4255535985435148,
    "if_vehicle": false,
    "motion_state": true,
    "pose": [
      [
        -0.045133485473184,
        0.9991119386915098,
        -0.00029058517794406844,
        33.25047055237155
      ],
      [
        -0.9991115918227056,
        -0.045133150818609746,
        -0.0002108082742180518,
        -6.827115307251006
      ],
      [
        -0.00021047147657243524,
        0.00028739933532019195,
        1.000000783315728,
        0.9917425496083752
      ],
      [
        0.0,
        0.0,
        0.0,
        1.0
      ]
    ],
    "location": [
      33.25047055237155,
      -6.827115307251006,
      0.9917425496083752
    ],
    "rotation": [
      0.0002873991022830614,
      0.00021047129990683512,
      -1.6159392545133027
    ]
  },
  {
    "label_id": "YZp0XjCF9MO6a2x7szWEXA",
    "size": [
      1.9473680660204546,
      3.8082084000475307,
      1.509999999999991
    ],
    "obj_class": "vehicle",
    "point_num_in_lidar": 108,
    "speed": 1.1390866590859189e-12,
    "if_vehicle": true,
    "motion_state": false,
    "pose": [
      [
        0.9982185005788543,
        -0.0618184652751048,
        -0.00029058517794406844,
        40.33791436673164
      ],
      [
        0.061818760974367476,
        0.9982181199562099,
        -0.0002108082742180518,
        -7.056325494020712
      ],
      [
        0.00030823188594988817,
        0.0001785769438557126,
        1.000000783315728,
        0.8435879912767632
      ],
      [
        0.0,
        0.0,
        0.0,
        1.0
      ]
    ],
    "location": [
      40.33791436673164,
      -7.056325494020712,
      0.8435879912767632
    ],
    "rotation": [
      0.00017857680207544133,
      -0.0003082316298311289,
      0.06185009890055441
    ]
  },
  {
    "label_id": "Yyu039jUMIJ4gI_2-mTkSg",
    "size": [
      1.0952675293723326,
      1.1481994723012645,
      1.759999999999991
    ],
    "obj_class": "pedestrian",
    "point_num_in_lidar": 36,
    "speed": 1.49008349190126,
    "if_vehicle": false,
    "motion_state": true,
    "pose": [
      [
        0.04070281972673278,
        -0.999302245575961,
        -0.00029058517794406844,
        33.80281330406069
      ],
      [
        0.999301897226655,
        0.040702486613520335,
        -0.0002108082742180518,
        16.460015272601595
      ],
      [
        0.00020919503284802518,
        -0.0002883297740865181,
        1.000000783315728,
        1.3461614047878356
      ],
      [
        0.0,
        0.0,
        0.0,
        1.0
      ]
    ],
    "location": [
      33.80281330406069,
      16.460015272601595,
      1.3461614047878356
    ],
    "rotation": [
      -0.00028832954024345916,
      -0.0002091948572351698,
      1.530087574931288
    ]
  },
  {
    "label_id": "ZyK_iICxQsEYdJLxMFTw7w",
    "size": [
      0.9212612327098777,
      0.9766455606441014,
      1.740000000000009
    ],
    "obj_class": "pedestrian",
    "point_num_in_lidar": 48,
    "speed": 1.4966927639001093,
    "if_vehicle": false,
    "motion_state": true,
    "pose": [
      [
        0.26366141957827643,
        0.964750928153393,
        -0.00029058517794406844,
        32.56162741430853
      ],
      [
        -0.9647504953207082,
        0.2636616316337368,
        -0.0002108082742180518,
        -25.79002955710166
      ],
      [
        -0.00011211535788297894,
        0.0003381224141044807,
        1.000000783315728,
        0.775051233772615
      ],
      [
        0.0,
        0.0,
        0.0,
        1.0
      ]
    ],
    "location": [
      32.56162741430853,
      -25.79002955710166,
      0.775051233772615
    ],
    "rotation": [
      0.00033812213636263353,
      0.00011211526318269029,
      -1.3040159954195196
    ]
  },
  {
    "label_id": "aANSRZ5XPxs8mHhsbxTcGg",
    "size": [
      0.8077633193168802,
      0.8146921552102152,
      1.07000000000005
    ],
    "obj_class": "sign",
    "point_num_in_lidar": 33,
    "speed": 8.533911106286719e-13,
    "if_vehicle": false,
    "motion_state": false,
    "pose": [
      [
        -0.009999727046274658,
        -1.000080848234714,
        -0.00029058517794406844,
        32.09870743258216
      ],
      [
        1.000080483449114,
        -0.010000042075031013,
        -0.0002108082742180518,
        -28.770496140572504
      ],
      [
        0.00019431197951566123,
        -0.00029856234693908433,
        1.000000783315728,
        0.3509609588938929
      ],
      [
        0.0,
        0.0,
        0.0,
        1.0
      ]
    ],
    "location": [
      32.09870743258216,
      -28.770496140572504,
      0.3509609588938929
    ],
    "rotation": [
      -0.0002985621041994764,
      -0.0001943118162021887,
      1.5807949158878303
    ]
  },
  {
    "label_id": "dWu2dkV959ZVbiXuXYme9A",
    "size": [
      1.98769946709291,
      4.6193943709231275,
      1.4600000000000364
    ],
    "obj_class": "vehicle",
    "point_num_in_lidar": 4071,
    "speed": 8.881784197001252e-14,
    "if_vehicle": true,
    "motion_state": false,
    "pose": [
      [
        0.9999292587776557,
        0.020079217794361774,
        -0.00029058517794406844,
        1.6189795424215845
      ],
      [
        -0.020078891938252446,
        0.9999289036305772,
        -0.0002108082742180518,
        3.2232138969848165
      ],
      [
        0.00029258396965126197,
        0.0002032024633122808,
        1.000000783315728,
        0.7562599131500747
      ],
      [
        0.0,
        0.0,
        0.0,
        1.0
      ]
    ],
    "location": [
      1.6189795424215845,
      3.2232138969848165,
      0.7562599131500747
    ],
    "rotation": [
      0.00020320230134389933,
      -0.0002925837260763531,
      -0.02007761417604665
    ]
  },
  {
    "label_id": "dv8sizFeYUT8pYvd3AJspA",
    "size": [
      0.7534326255224598,
      0.8617267602349281,
      0.7999999999999545
    ],
    "obj_class": "sign",
    "point_num_in_lidar": 22,
    "speed": 1.1370071466249427e-12,
    "if_vehicle": false,
    "motion_state": false,
    "pose": [
      [
        -0.002172982952022728,
        1.000128479592475,
        -0.00029058517794406844,
        11.993942160670485
      ],
      [
        -1.0001281186681046,
        -0.0021726635068000195,
        -0.0002108082742180518,
        38.420553210631624
      ],
      [
        -0.00019793138492859278,
        0.00029617526441841715,
        1.000000783315728,
        1.253988691544805
      ],
      [
        0.0,
        0.0,
        0.0,
        1.0
      ]
    ],
    "location": [
      11.993942160670485,
      38.420553210631624,
      1.253988691544805
    ],
    "rotation": [
      0.0002961750237597331,
      0.00019793121861995036,
      -1.5729690279640551
    ]
  },
  {
    "label_id": "eTLt3z7Tt1__uHa0Pj96uQ",
    "size": [
      0.5969024159007628,
      0.5832202862830158,
      0.9800000000000182
    ],
    "obj_class": "sign",
    "point_num_in_lidar": 103,
    "speed": 2.5585089000282873e-12,
    "if_vehicle": false,
    "motion_state": false,
    "pose": [
      [
        0.9986387397011921,
        -0.0546110347354833,
        -0.00029058517794406844,
        1.7322238762462803
      ],
      [
        0.05461133317463449,
        0.9986383612230232,
        -0.0002108082742180518,
        5.19251733661622
      ],
      [
        0.00030693476516407807,
        0.0001807973183615899,
        1.000000783315728,
        0.7174058294716588
      ],
      [
        0.0,
        0.0,
        0.0,
        1.0
      ]
    ],
    "location": [
      1.7322238762462803,
      5.19251733661622,
      0.7174058294716588
    ],
    "rotation": [
      0.00018079717477037472,
      -0.00030693451008231436,
      0.054631359132269894
    ]
  },
  {
    "label_id": "hVOvDRfPPYheooNcglGZfw",
    "size": [
      1.9687754390427927,
      4.426137945390364,
      1.5
    ],
    "obj_class": "vehicle",
    "point_num_in_lidar": 58,
    "speed": 1.422084321207637e-12,
    "if_vehicle": true,
    "motion_state": false,
    "pose": [
      [
        0.9946372158957455,
        -0.10468288447509269,
        -0.00029058517794406844,
        51.00903801028653
      ],
      [
        0.10468316353479187,
        0.9946368229105859,
        -0.0002108082742180518,
        -6.6161286284077505
      ],
      [
        0.00031562530363882094,
        0.00016515837276980926,
        1.000000783315728,
        0.8471909505225312
      ],
      [
        0.0,
        0.0,
        0.0,
        1.0
      ]
    ],
    "location": [
      51.00903801028653,
      -6.6161286284077505,
      0.8471909505225312
    ],
    "rotation": [
      0.0001651582418970723,
      -0.0003156250416192908,
      0.10486153509084042
    ]
  },
  {
    "label_id": "iYoNqzfcHozgqJVHl7Yxnw",
    "size": [
      1.9729673738194622,
      3.9732415768768115,
      1.57000000000005
    ],
    "obj_class": "vehicle",
    "point_num_in_lidar": 27,
    "speed": 1.7763568394002505e-14,
    "if_vehicle": true,
    "motion_state": false,
    "pose": [
      [
        0.9993657689545461,
        0.03911211306940882,
        -0.00029058517794406844,
        50.24420807833303
      ],
      [
        -0.039111780511108765,
        0.9993654200754432,
        -0.0002108082742180518,
        2.4158450695213105
      ],
      [
        0.0002886623983023142,
        0.00020873581436693333,
        1.000000783315728,
        0.9645283534493956
      ],
      [
        0.0,
        0.0,
        0.0,
        1.0
      ]
    ],
    "location": [
      50.24420807833303,
      2.4158450695213105,
      0.9645283534493956
    ],
    "rotation": [
      0.00020873564782943784,
      -0.00028866215788243425,
      -0.039116639001748166
    ]
  },
  {
    "label_id": "ifMXmnBpfdQ88ZpSpy5LIA",
    "size": [
      0.24340906766558282,
      0.052982123451976726,
      0.37999999999999545
    ],
    "obj_class": "sign",
    "point_num_in_lidar": 76,
    "speed": 0.0005781769144268246,
    "if_vehicle": false,
    "motion_state": false,
    "pose": [
      [
        -0.6196965513158048,
        0.7850082049470334,
        -0.00029058517794406844,
        4.967052347912613
      ],
      [
        -0.7850081185582537,
        -0.6196960771337404,
        -0.0002108082742180518,
        4.89885012218474
      ],
      [
        -0.0003386327894886442,
        0.00011056425406165325,
        1.000000783315728,
        0.8075895366856685
      ],
      [
        0.0,
        0.0,
        0.0,
        1.0
      ]
    ],
    "location": [
      4.967052347912613,
      4.89885012218474,
      0.8075895366856685
    ],
    "rotation": [
      0.00011056416700447376,
      0.0003386325092187794,
      -2.23904909625369
    ]
  },
  {
    "label_id": "iwVyTv3GqaEq5Lo6tx5S8A",
    "size": [
      0.8450336275358532,
      1.1945977308094293,
      1.810638297872515
    ],
    "obj_class": "pedestrian",
    "point_num_in_lidar": 272,
    "speed": 3.2056319393118184,
    "if_vehicle": false,
    "motion_state": true,
    "pose": [
      [
        -0.09813686310012514,
        0.9953044025059533,
        -0.00029058517794406844,
        8.942954524623929
      ],
      [
        -0.995304073901703,
        -0.09813651049425715,
        -0.0002108082742180518,
        14.998224946599294
      ],
      [
        -0.00022543938536657214,
        0.00027581461875435996,
        1.000000783315728,
        1.2651296867790052
      ],
      [
        0.0,
        0.0,
        0.0,
        1.0
      ]
    ],
    "location": [
      8.942954524623929,
      14.998224946599294,
      1.2651296867790052
    ],
    "rotation": [
      0.0002758143957105372,
      0.00022543919638235747,
      -1.6690785313967649
    ]
  },
  {
    "label_id": "jDO7AFvKzSj9IBX0gjUdVw",
    "size": [
      0.721205906345736,
      0.985521898342995,
      1.6299999999999955
    ],
    "obj_class": "pedestrian",
    "point_num_in_lidar": 53,
    "speed": 1.0869918426603933,
    "if_vehicle": false,
    "motion_state": true,
    "pose": [
      [
        -0.9958945994685546,
        0.09195457735334608,
        -0.00029058517794406844,
        38.95155745557531
      ],
      [
        -0.09195486141584848,
        -0.995894210084238,
        -0.0002108082742180518,
        5.687175615676097
      ],
      [
        -0.00031348739427894764,
        -0.0001691811869602109,
        1.000000783315728,
        1.1134744427405394
      ],
      [
        0.0,
        0.0,
        0.0,
        1.0
      ]
    ],
    "location": [
      38.95155745557531,
      5.687175615676097,
      1.1134744427405394
    ],
    "rotation": [
      -0.00016918105282391713,
      0.00031348713396395206,
      -3.0495197895867863
    ]
  },
  {
    "label_id": "jYdxjpZOYqJdSiBQI133Fw",
    "size": [
      0.7741745473973017,
      0.9953737697401499,
      1.009999999999991
    ],
    "obj_class": "sign",
    "point_num_in_lidar": 156,
    "speed": 0.002949267214681422,
    "if_vehicle": false,
    "motion_state": false,
    "pose": [
      [
        -0.04773202603827831,
        0.9989911667463065,
        -0.00029058517794406844,
        12.103696283871614
      ],
      [
        -0.9989908207491133,
        -0.0477316904826292,
        -0.0002108082742180518,
        12.637435973669199
      ],
      [
        -0.00021121829118626604,
        0.00028685092619934894,
        1.000000783315728,
        0.7544996911732369
      ],
      [
        0.0,
        0.0,
        0.0,
        1.0
      ]
    ],
    "location": [
      12.103696283871614,
      12.637435973669199,
      0.7544996911732369
    ],
    "rotation": [
      0.0002868506936370067,
      0.00021121811390489072,
      -1.6185402613900286
    ]
  },
  {
    "label_id": "k7sk2VXkecnWsXdCfg3Wig",
    "size": [
      2.771733201335597,
      3.9612899707604745,
      3.0399999999999636
    ],
    "obj_class": "vehicle",
