[
  {
    "label_id": "-r18nvGJT_LauvErk1VSrg",
    "size": [
      0.7208473821763781,
      2.0829883357271277,
      1.9099999999999682
    ],
    "obj_class": "vehicle",
    "point_num_in_lidar": 54,
    "speed": 5.684341886080801e-13,
    "if_vehicle": true,
    "motion_state": false,
    "pose": [
      [
        -0.0009997780145314375,
        1.000130378011399,
        -9.700159268725571e-05,
        31.485288678177312
      ],
      [
        -1.000129965690592,
        -0.0009993717321845038,
        0.0002676589635443282,
        49.96603182844774
      ],
      [
        0.0002810145785925888,
        0.00010332716394091092,
        1.0000008019411755,
        1.8258470886512441
      ],
      [
        0.0,
        0.0,
        0.0,
        1.0
      ]
    ],
    "location": [
      31.485288678177312,
      49.96603182844774,
      1.8258470886512441
    ],
    "rotation": [
      0.0001033270807109467,
      -0.00028101434433833855,
      -1.5717959745564918
    ]
  },
  {
    "label_id": "013Doq8QGPt4_5ps9n1EBQ",
    "size": [
      0.6441504486114665,
      0.9234385820636817,
      1.669999999999959
    ],
    "obj_class": "pedestrian",
    "point_num_in_lidar": 152,
    "speed": 1.5184414136817905,
    "if_vehicle": false,
    "motion_state": true,
    "pose": [
      [
        0.017859320518888788,
        0.9999714082152078,
        -9.700159268725571e-05,
        9.515511325422267
      ],
      [
        -0.9999709883066632,
        0.017859718954087313,
        0.0002676589635443282,
        20.523134593326176
      ],
      [
        0.0002829129992840299,
        9.800985167704241e-05,
        1.0000008019411755,
        1.2165355682886911
      ],
      [
        0.0,
        0.0,
        0.0,
        1.0
      ]
    ],
    "location": [
      9.515511325422267,
      20.523134593326176,
      1.2165355682886911
    ],
    "rotation": [
      9.800977276514525e-05,
      -0.0002829127634977325,
      -1.5529383867089235
    ]
  },
  {
    "label_id": "0VCoeT-jjrIfzTCsOWz20A",
    "size": [
      0.7544329631618892,
      1.043993850799436,
      0.9800000000000182
    ],
    "obj_class": "sign",
    "point_num_in_lidar": 198,
    "speed": 5.687116766346677e-13,
    "if_vehicle": false,
    "motion_state": false,
    "pose": [
      [
        -0.1029031617362822,
        0.9948229550437497,
        -9.700159268725571e-05,
        11.692034577412414
      ],
      [
        -0.9948225862672823,
        -0.10290271555502932,
        0.0002676589635443282,
        11.077785658495486
      ],
      [
        0.0002690233811403588,
        0.00013142342481251652,
        1.0000008019411755,
        0.716712742612799
      ],
      [
        0.0,
        0.0,
        0.0,
        1.0
      ]
    ],
    "location": [
      11.692034577412414,
      11.077785658495486,
      0.716712742612799
    ],
    "rotation": [
      0.00013142331866209352,
      -0.0002690231565862638,
      -1.6738684674835485
    ]
  },
  {
    "label_id": "0_HBXNo3olLueqYvkPohlg",
    "size": [
      1.747968299190694,
      3.9316593479287927,
      1.7000000000000455
    ],
    "obj_class": "vehicle",
    "point_num_in_lidar": 60,
    "speed": 1.7763568394002505e-14,
    "if_vehicle": true,
    "motion_state": false,
    "pose": [
      [
        0.999887372107642,
        -0.022068431683648273,
        -9.700159268725571e-05,
        56.57756348679868
      ],
      [
        0.022068828347758345,
        0.9998869505256487,
        0.0002676589635443282,
        -6.0365916970295075
      ],
      [
        9.681809227922027e-05,
        -0.00028332305447501736,
        1.0000008019411755,
        1.0278955624406763
      ],
      [
        0.0,
        0.0,
        0.0,
        1.0
      ]
    ],
    "location": [
      56.57756348679868,
      -6.0365916970295075,
      1.0278955624406763
    ],
    "rotation": [
      -0.00028332281968582987,
      -9.681801044847349e-05,
      0.02206773127912446
    ]
  },
  {
    "label_id": "2-A6zakvKX2opVnyx9gplQ",
    "size": [
      0.7707275497535252,
      1.107612320671707,
      1.7999999999999545
    ],
    "obj_class": "pedestrian",
    "point_num_in_lidar": 70,
    "speed": 0.46584472328846593,
    "if_vehicle": false,
    "motion_state": false,
    "pose": [
      [
        -0.9993180363755606,
        0.04031420037401038,
        -9.700159268725571e-05,
        29.34023638607323
      ],
      [
        -0.040314589277543146,
        -0.9993176076240761,
        0.0002676589635443282,
        8.966556864583254
      ],
      [
        -9.163089422981784e-05,
        0.00028504293608557554,
        1.0000008019411755,
        1.0460078169681992
      ],
      [
        0.0,
        0.0,
        0.0,
        1.0
      ]
    ],
    "location": [
      29.34023638607323,
      8.966556864583254,
      1.0460078169681992
    ],
    "rotation": [
      0.00028504269977824755,
      9.163081676836746e-05,
      -3.101272416510478
    ]
  },
  {
    "label_id": "2OYKagQRfCdaOXgU5RkMBA",
    "size": [
      0.8627759996271271,
      0.6348824674672757,
      1.1499999999999773
    ],
    "obj_class": "sign",
    "point_num_in_lidar": 48,
    "speed": 0.002460917552777494,
    "if_vehicle": false,
    "motion_state": false,
    "pose": [
      [
        0.015357612512241967,
        1.000012958073657,
        -9.700159268725571e-05,
        30.415315284704775
      ],
      [
        -1.0000125391632013,
        0.015358011996688958,
        0.0002676589635443282,
        12.441586844535777
      ],
      [
        0.00028266692039632523,
        9.87173151139136e-05,
        1.0000008019411755,
        0.6848676086287924
      ],
      [
        0.0,
        0.0,
        0.0,
        1.0
      ]
    ],
    "location": [
      30.415315284704775,
      12.441586844535777,
      0.6848676086287924
    ],
    "rotation": [
      9.871723562782782e-05,
      -0.000282666684808559,
      -1.5554401140319685
    ]
  },
  {
    "label_id": "2SYmRAjI0pCOwp2XYemMBQ",
    "size": [
      0.9588610015812894,
      0.6083173834498694,
      1.67999999999995
    ],
    "obj_class": "pedestrian",
    "point_num_in_lidar": 349,
    "speed": 0.008529050932043227,
    "if_vehicle": false,
    "motion_state": false,
    "pose": [
      [
        0.9978325361052439,
        0.06776431558777056,
        -9.700159268725571e-05,
        11.804435506413938
      ],
      [
        -0.06776388268602264,
        0.9978321518268684,
        0.0002676589635443282,
        7.206450374194901
      ],
      [
        0.00012185665014762488,
        -0.000273489767641206,
        1.0000008019411755,
        0.8877310221977268
      ],
      [
        0.0,
        0.0,
        0.0,
        1.0
      ]
    ],
    "location": [
      11.804435506413938,
      7.206450374194901,
      0.8877310221977268
    ],
    "rotation": [
      -0.0002734895414999864,
      -0.0001218565472654644,
      -0.06780696541021371
    ]
  },
  {
    "label_id": "3083QteOhZ_vSpxmP0XK-Q",
    "size": [
      0.8198295781744188,
      0.7789331854908985,
      1.2000000000000455
    ],
    "obj_class": "sign",
    "point_num_in_lidar": 44,
    "speed": 1.9915012144332625e-12,
    "if_vehicle": false,
    "motion_state": false,
    "pose": [
      [
        -0.03627817224234179,
        0.9994726943724161,
        -9.700159268725571e-05,
        28.956059697718956
      ],
      [
        -0.9994722966395844,
        -0.03627775166846275,
        0.0002676589635443282,
        14.902581722368268
      ],
      [
        0.00027719488761685163,
        0.00011317548528158384,
        1.0000008019411755,
        0.7363255909369855
      ],
      [
        0.0,
        0.0,
        0.0,
        1.0
      ]
    ],
    "location": [
      28.956059697718956,
      14.902581722368268,
      0.7363255909369855
    ],
    "rotation": [
      0.00011317539403836617,
      -0.00027719465644819753,
      -1.6070777253211208
    ]
  },
  {
    "label_id": "3mqY30kFisxCydiO2pKjPA",
    "size": [
      0.8321203191371398,
      1.0700067716390604,
      1.7200000000000273
    ],
    "obj_class": "pedestrian",
    "point_num_in_lidar": 55,
    "speed": 1.5439829607505597,
    "if_vehicle": false,
    "motion_state": true,
    "pose": [
      [
        0.03772822236468269,
        0.999419008131476,
        -9.700159268725571e-05,
        33.45467206246758
      ],
      [
        -0.9994185803877565,
        0.037728612376353984,
        0.0002676589635443282,
        -22.584530565151
      ],
      [
        0.0002848048769938318,
        9.236816675765545e-05,
        1.0000008019411755,
        0.7889092253648187
      ],
      [
        0.0,
        0.0,
        0.0,
        1.0
      ]
    ],
    "location": [
      33.45467206246758,
      -22.584530565151,
      0.7889092253648187
    ],
    "rotation": [
      9.236809242118794e-05,
      -0.0002848046396817819,
      -1.5330640727032994
    ]
  },
  {
    "label_id": "45vGTk6HpmeCTR2Etiwq8w",
    "size": [
      0.7077057722273464,
      0.7957618448156345,
      1.07000000000005
    ],
    "obj_class": "sign",
    "point_num_in_lidar": 35,
    "speed": 2.2743611691451335e-12,
    "if_vehicle": false,
    "motion_state": false,
    "pose": [
      [
        -1.0000520866477633,
        0.01255374719979498,
        -9.700159268725571e-05,
        41.394086939104454
      ],
      [
        -0.012554147857199804,
        -1.0000516688590162,
        0.0002676589635443282,
        4.351726368613527
      ],
      [
        -9.950945973933379e-05,
        0.00028238902884500854,
        1.0000008019411755,
        0.6758744546192474
      ],
      [
        0.0,
        0.0,
        0.0,
        1.0
      ]
    ],
    "location": [
      41.394086939104454,
      4.351726368613527,
      0.6758744546192474
    ],
    "rotation": [
      0.000282388794879583,
      9.950937564260387e-05,
      -3.129039818975591
    ]
  },
  {
    "label_id": "4BPsEUa8pjB_nYeEbm-YSA",
    "size": [
      0.887698504249986,
      1.0727947770953707,
      1.7511702127660556
    ],
    "obj_class": "pedestrian",
    "point_num_in_lidar": 237,
    "speed": 0.005601989653057682,
    "if_vehicle": false,
    "motion_state": false,
    "pose": [
      [
        0.8980616280461745,
        0.440167110093833,
        -9.700159268725571e-05,
        10.997880873894246
      ],
      [
        -0.44016656400032333,
        0.8980614360678634,
        0.0002676589635443282,
        8.642495798923846
      ],
      [
        0.00021625231104827414,
        -0.00020707639690684704,
        1.0000008019411755,
        1.0925035526148577
      ],
      [
        0.0,
        0.0,
        0.0,
        1.0
      ]
    ],
    "location": [
      10.997880873894246,
      8.642495798923846,
      1.0925035526148577
    ],
    "rotation": [
      -0.00020707622788404252,
      -0.00021625212961926473,
      -0.45572013533298716
    ]
  },
  {
    "label_id": "6cJfOa0GEVIor5deOQECIw",
    "size": [
      0.8707727370730796,
      1.1612597197178984,
      1.8100000000000591
    ],
    "obj_class": "pedestrian",
    "point_num_in_lidar": 195,
    "speed": 1.717295904889751,
    "if_vehicle": false,
    "motion_state": true,
    "pose": [
      [
        -0.0003409959611652746,
        1.0001308195926453,
        -9.700159268725571e-05,
        7.7403685071112704
      ],
      [
        -1.0001304070043113,
        -0.00034058995050034355,
        0.0002676589635443282,
        20.295171805066275
      ],
      [
        0.00028108257881436405,
        0.0001031420383583183,
        1.0000008019411755,
        1.3022541970718748
      ],
      [
        0.0,
        0.0,
        0.0,
        1.0
      ]
    ],
    "location": [
      7.7403685071112704,
      20.295171805066275,
      1.3022541970718748
    ],
    "rotation": [
      0.00010314195527878673,
      -0.00028108234450521937,
      -1.5711372782803867
    ]
  },
  {
    "label_id": "8IZ7fkXm0FDeUdEuJAqSlA",
    "size": [
      0.7446914889119522,
      1.0496260774128139,
      1.7300000000000182
    ],
    "obj_class": "pedestrian",
    "point_num_in_lidar": 105,
    "speed": 1.4924321990198801,
    "if_vehicle": false,
    "motion_state": true,
    "pose": [
      [
        -0.9987785156794345,
        -0.05199278021502109,
        -9.700159268725571e-05,
        26.541497357564367
      ],
      [
        0.05199235343786119,
        -0.9987781246103241,
        0.0002676589635443282,
        8.424554295306734
      ],
      [
        -0.00011752103897485594,
        0.00027538064853564433,
        1.0000008019411755,
        1.104477685816505
      ],
      [
        0.0,
        0.0,
        0.0,
        1.0
      ]
    ],
    "location": [
      26.541497357564367,
      8.424554295306734,
      1.104477685816505
    ],
    "rotation": [
      0.00027538042073563945,
      0.00011752093973287371,
      3.0895836590907173
    ]
  },
  {
    "label_id": "8k1Wkk08druqr8A5YTrqFQ",
    "size": [
      2.1684109006720282,
      4.238163060626746,
      1.7100000000000364
    ],
    "obj_class": "vehicle",
    "point_num_in_lidar": 232,
    "speed": 8.543149943144391e-13,
    "if_vehicle": true,
    "motion_state": false,
    "pose": [
      [
        1.0000430072715738,
        -0.013257306835437497,
        -9.700159268725571e-05,
        38.78092836592987
      ],
      [
        0.013257707198817687,
        1.000042589201057,
        0.0002676589635443282,
        2.434997890557497
      ],
      [
        9.931076706168027e-05,
        -0.00028245896646285324,
        1.0000008019411755,
        0.9699979189847454
      ],
      [
        0.0,
        0.0,
        0.0,
        1.0
      ]
    ],
    "location": [
      38.78092836592987,
      2.434997890557497,
      0.9699979189847454
    ],
    "rotation": [
      -0.00028245873243576343,
      -9.931068313221424e-05,
      0.01325636047269896
    ]
  },
  {
    "label_id": "A4kzX4tBck4XcFuUOPA6Lg",
    "size": [
      0.7530091452414935,
      1.132073132049114,
      1.8246200607903802
    ],
    "obj_class": "pedestrian",
    "point_num_in_lidar": 363,
    "speed": 1.1848468817284359,
    "if_vehicle": false,
    "motion_state": true,
    "pose": [
      [
        0.988294867722566,
        -0.15341130013964968,
        -9.700159268725571e-05,
        14.399605798898847
      ],
      [
        0.15341163789770587,
        0.9882943976233332,
        0.0002676589635443282,
        4.582613897044212
      ],
      [
        5.8705707965513844e-05,
        -0.0002935972343907715,
        1.0000008019411755,
        1.0879381413277542
      ],
      [
        0.0,
        0.0,
        0.0,
        1.0
      ]
    ],
    "location": [
      14.399605798898847,
      4.582613897044212,
      1.0879381413277542
    ],
    "rotation": [
      -0.00029359699050730755,
      -5.870565828939671e-05,
      0.15399953821303394
    ]
  },
  {
    "label_id": "AWjsPzPKZ7MTv8Ta3AXBbQ",
    "size": [
      2.1060783521372137,
      4.515543669845269,
      1.4600000000000364
    ],
    "obj_class": "vehicle",
    "point_num_in_lidar": 99,
    "speed": 2.847716647714797e-13,
    "if_vehicle": true,
    "motion_state": false,
    "pose": [
      [
        0.9962632709662056,
        -0.08787074314593586,
        -9.700159268725571e-05,
        44.89225538834762
      ],
      [
        0.08787111118450495,
        0.9962628241760926,
        0.0002676589635443282,
        -6.917366334489998
      ],
      [
        7.794891564020494e-05,
        -0.00028908417933217725,
        1.0000008019411755,
        0.834309987682218
      ],
      [
        0.0,
        0.0,
        0.0,
        1.0
      ]
    ],
    "location": [
      44.89225538834762,
      -6.917366334489998,
      0.834309987682218
    ],
    "rotation": [
      -0.00028908393945098726,
      -7.794884971486278e-05,
      0.08797303988460586
    ]
  },
  {
    "label_id": "AhVLDKKFO3nP9YBAG8x0pw",
    "size": [
      1.931856727461879,
      4.066022807258439,
      1.509999999999991
    ],
    "obj_class": "vehicle",
    "point_num_in_lidar": 193,
    "speed": 2.929642751054232e-13,
    "if_vehicle": true,
    "motion_state": false,
    "pose": [
      [
        0.02893091216980384,
        -0.9997123460767728,
        -9.700159268725571e-05,
        27.15428985314793
      ],
      [
        0.9997119452634012,
        0.028930494530683828,
        0.0002676589635443282,
        27.835712820116896
      ],
      [
        -0.0002780192572760592,
        -0.00011113500246686521,
        1.0000008019411755,
        1.2749332609113253
      ],
      [
        0.0,
        0.0,
        0.0,
        1.0
      ]
    ],
    "location": [
      27.15428985314793,
      27.835712820116896,
      1.2749332609113253
    ],
    "rotation": [
      -0.00011113491288566089,
      0.0002780190254411245,
      1.5418651531619534
    ]
  },
  {
    "label_id": "Aof9zDLMpOMBf2RZkTgB1g",
    "size": [
      0.6466332595231503,
      2.732983268659154,
      3.449999999999932
    ],
    "obj_class": "vehicle",
    "point_num_in_lidar": 109,
    "speed": 1.0658141036401503e-13,
    "if_vehicle": true,
    "motion_state": false,
    "pose": [
      [
        -0.04927474576930227,
        -0.99891629879919,
        -9.700159268725571e-05,
        31.202282628079047
      ],
      [
        0.9989158665771513,
        -0.04927513081203043,
        0.0002676589635443282,
        58.68852079512362
      ],
      [
        -0.0002858532446041318,
        -8.907086358024819e-05,
        1.0000008019411755,
        2.6297984345877694
      ],
      [
        0.0,
        0.0,
        0.0,
        1.0
      ]
    ],
    "location": [
      31.202282628079047,
      58.68852079512362,
      2.6297984345877694
    ],
    "rotation": [
      -8.907079191516158e-05,
      0.0002858530064470378,
      1.620084599561951
    ]
  },
  {
    "label_id": "AvEn3EBiVIK82_EmK8zkWA",
    "size": [
      0.7621753856611194,
      0.7571877012466143,
      1.3500000000000227
    ],
    "obj_class": "pedestrian",
    "point_num_in_lidar": 21,
    "speed": 1.4428115384369093,
    "if_vehicle": false,
    "motion_state": true,
    "pose": [
      [
        0.0795521082474728,
        0.9969620026112752,
        -9.700159268725571e-05,
        33.56188665220543
      ],
      [
        -0.9969615589086571,
        0.07955248000247278,
        0.0002676589635443282,
        36.406984227560315
      ],
      [
        0.00028842348796559203,
        8.035911758726677e-05,
        1.0000008019411755,
        1.80124661917921
      ],
      [
        0.0,
        0.0,
        0.0,
        1.0
      ]
    ],
    "location": [
      33.56188665220543,
      36.406984227560315,
      1.80124661917921
    ],
    "rotation": [
      8.035905297105829e-05,
      -0.0002884232477380671,
      -1.4911704786391347
    ]
  },
  {
    "label_id": "Bii0LlYiSm3-IvhedQ-6-A",
    "size": [
      0.9534934801992521,
      0.861946449469542,
      2.090000000000032
    ],
    "obj_class": "pedestrian",
    "point_num_in_lidar": 20,
    "speed": 1.9667560164360876,
    "if_vehicle": false,
    "motion_state": true,
    "pose": [
      [
        -0.9906035039725687,
        -0.1377188095162426,
        -9.700159268725571e-05,
        53.32520331752676
      ],
      [
        0.1377183506798457,
        -0.9906031510661304,
        0.0002676589635443282,
        7.575433543048348
      ],
      [
        -0.00014077469838713017,
        0.0002642502232423905,
        1.0000008019411755,
        1.4037010086739201
      ],
      [
        0.0,
        0.0,
        0.0,
        1.0
      ]
    ],
    "location": [
      53.32520331752676,
      7.575433543048348,
      1.4037010086739201
    ],
    "rotation": [
      0.0002642500051787368,
      0.00014077457964925256,
      3.003453395758181
    ]
  },
  {
    "label_id": "Ci0SMk2Xx8Zw2IqmYtHZZg",
    "size": [
      0.7846277475953574,
      0.8616288832576037,
      1.6000000000000227
    ],
    "obj_class": "pedestrian",
    "point_num_in_lidar": 27,
    "speed": 1.381111992716548,
    "if_vehicle": false,
    "motion_state": true,
    "pose": [
      [
        -0.9989152369991908,
        0.04929626626989273,
        -9.700159268725571e-05,
        54.14738525474422
      ],
      [
        -0.04929665130330909,
        -0.998914804768857,
        0.0002676589635443282,
        5.604999890529143
      ],
      [
        -8.906470517754396e-05,
        0.0002858551634679331,
        1.0000008019411755,
        1.2438773260839753
      ],
      [
        0.0,
        0.0,
        0.0,
        1.0
      ]
    ],
    "location": [
      54.14738525474422,
      5.604999890529143,
      1.2438773260839753
    ],
    "rotation": [
      0.00028585492644306597,
      8.906462987857398e-05,
      -3.0922824737405885
    ]
  },
  {
    "label_id": "DMyvJcDBgX_UfZY7i4gQUg",
    "size": [
      2.2010175447229887,
      5.031357921109429,
      1.7300000000000182
    ],
    "obj_class": "vehicle",
    "point_num_in_lidar": 6734,
    "speed": 5.709267256288867e-13,
    "if_vehicle": true,
    "motion_state": false,
    "pose": [
      [
        0.9990212116269196,
        -0.04709980145163984,
        -9.700159268725571e-05,
        2.300213939804962
      ],
      [
        0.0471001874344838,
        0.999020780244215,
        0.0002676589635443282,
        -3.5257036500643153
      ],
      [
        8.969300843029952e-05,
        -0.0002856586431886223,
        1.0000008019411755,
        0.8324591403527393
      ],
      [
        0.0,
        0.0,
        0.0,
        1.0
      ]
    ],
    "location": [
      2.300213939804962,
      -3.5257036500643153,
      0.8324591403527393
    ],
    "rotation": [
      -0.0002856584063374,
      -8.969293260181506e-05,
      0.04711144830611353
    ]
  },
  {
    "label_id": "FaLjVnzgLbkn0NFfVlonZw",
    "size": [
      3.1341412423592105,
      4.451840989787582,
      3.0799999999999272
    ],
    "obj_class": "vehicle",
    "point_num_in_lidar": 1155,
    "speed": 8.528363000094291e-13,
    "if_vehicle": true,
    "motion_state": false,
    "pose": [
      [
        -0.04776469770375913,
        -0.9989896427043528,
        -9.700159268725571e-05,
        30.018223293902338
      ],
      [
        0.9989892110648501,
        -0.04776508339940719,
        0.0002676589635443282,
        17.92210846924536
      ],
      [
        -0.0002857182758303225,
        -8.950286613393406e-05,
        1.0000008019411755,
        1.7991466345157505
      ],
      [
        0.0,
        0.0,
        0.0,
        1.0
      ]
    ],
    "location": [
      30.018223293902338,
      17.92210846924536,
      1.7991466345157505
    ],
    "rotation": [
      -8.95027941189631e-05,
      0.00028571803778200346,
      1.6185729683822814
    ]
  },
  {
    "label_id": "GZswbdmDQZSe88ajnioK_g",
    "size": [
      1.1505740821373582,
      4.713684939172988,
      4.259999999999991
    ],
    "obj_class": "vehicle",
    "point_num_in_lidar": 190,
    "speed": 5.709267256288867e-13,
    "if_vehicle": true,
    "motion_state": false,
    "pose": [
      [
        0.03894163616564976,
        0.9993724638742275,
        -9.700159268725571e-05,
        30.942577984706077
      ],
      [
        -0.9993720356572919,
        0.038942025657689845,
        0.0002676589635443282,
        40.37617580037113
      ],
      [
        0.00028491681560510507,
        9.202230368279787e-05,
        1.0000008019411755,
        2.829132735968983
      ],
      [
        0.0,
        0.0,
        0.0,
        1.0
      ]
    ],
    "location": [
      30.942577984706077,
      40.37617580037113,
      2.829132735968983
    ],
    "rotation": [
      9.20222296266318e-05,
      -0.00028491657820281117,
      -1.5318499248485669
    ]
  },
  {
    "label_id": "NeHt8l-Xg_tze4fm4Zzhag",
    "size": [
      0.8686749354366581,
      0.8296750162009441,
      1.82000000000005
    ],
    "obj_class": "pedestrian",
    "point_num_in_lidar": 544,
    "speed": 2.9777166713245524e-13,
    "if_vehicle": false,
    "motion_state": false,
    "pose": [
      [
        0.9580335957236069,
        0.2871121767570972,
        -9.700159268725571e-05,
        1.4403172654947412
      ],
      [
        -0.28711166948754924,
        0.9580333168842282,
        0.0002676589635443282,
        10.62039665480006
      ],
      [
        0.0001794105607459363,
        -0.00023970303895126495,
        1.0000008019411755,
        1.2407231822055564
      ],
      [
        0.0,
        0.0,
        0.0,
        1.0
      ]
    ],
    "location": [
      1.4403172654947412,
      10.62039665480006,
      1.2407231822055564
    ],
    "rotation": [
      -0.00023970284213277728,
      -0.00017941040979014316,
      -0.2911710076316918
    ]
  },
  {
    "label_id": "Nx3jDnV5BFvG2rNbAk93sw",
    "size": [
      0.7698546864134811,
      0.8128752011552611,
      1.0900000000000318
    ],
    "obj_class": "sign",
    "point_num_in_lidar": 121,
    "speed": 0.0009001895990838417,
    "if_vehicle": false,
    "motion_state": false,
    "pose": [
      [
        -0.0035901867773054865,
        1.0001244338262145,
        -9.700159268725571e-05,
        12.062688155354408
      ],
      [
        -1.0001240225590922,
        -0.003589779428379702,
        0.0002676589635443282,
        14.618281270561056
      ],
      [
        0.0002807460109548951,
        0.00010405466602971218,
        1.0000008019411755,
        0.8376766389715158
      ],
      [
        0.0,
        0.0,
        0.0,
        1.0
      ]
    ],
    "location": [
      12.062688155354408,
      14.618281270561056,
      0.8376766389715158
    ],
    "rotation": [
      0.00010405458220851256,
      -0.00028074577691746395,
      -1.5743860529439564
    ]
  },
  {
    "label_id": "OkBzhxzagapiYam_4NK-9A",
    "size": [
      0.9161349937327317,
      0.864239601718528,
      1.8799999999999955
    ],
    "obj_class": "pedestrian",
    "point_num_in_lidar": 125,
    "speed": 0.00039577192545098587,
    "if_vehicle": false,
    "motion_state": false,
    "pose": [
      [
        -0.9934507532868229,
        -0.11540092448133131,
        -9.700159268725571e-05,
        29.97838767423673
      ],
      [
        0.11540047369945532,
        -0.9934503901484285,
        0.0002676589635443282,
        -11.658177531127876
      ],
      [
        -0.0001347949260648264,
        0.0002673500029863856,
        1.0000008019411755,
        0.9158851745352194
      ],
      [
        0.0,
        0.0,
        0.0,
        1.0
      ]
    ],
    "location": [
      29.97838767423673,
      -11.658177531127876,
      0.9158851745352194
    ],
    "rotation": [
      0.00026734978221789235,
      0.00013479481233362965,
      3.025949693002688
    ]
  },
  {
    "label_id": "Qk60fGhJPpHJTNmg9RXYjQ",
    "size": [
      0.8607130812120473,
      0.8401418131687414,
      2.2000000000000455
    ],
    "obj_class": "pedestrian",
    "point_num_in_lidar": 30,
    "speed": 1.4142792503121826,
    "if_vehicle": false,
    "motion_state": true,
    "pose": [
      [
        -0.9999371937269999,
        0.019682001388950442,
        -9.700159268725571e-05,
        51.87473709365622
      ],
      [
        -0.019682399058093582,
        -0.9999367730929001,
        0.0002676589635443282,
        -15.590207519784599
      ],
      [
        -9.749400561022412e-05,
        0.0002830911779969722,
        1.0000008019411755,
        1.064750287315178
      ],
      [
        0.0,
        0.0,
        0.0,
        1.0
      ]
    ],
    "location": [
      51.87473709365622,
      -15.590207519784599,
      1.064750287315178
    ],
    "rotation": [
      0.0002830909434123337,
      9.749392321032883e-05,
      -3.121911559797102
    ]
  },
  {
    "label_id": "VdReY6X9Jg2ltRKug7oWkQ",
    "size": [
      0.9147451012866019,
      0.9551121727890859,
      1.67999999999995
    ],
    "obj_class": "pedestrian",
    "point_num_in_lidar": 185,
    "speed": 1.4990094732390884,
    "if_vehicle": false,
    "motion_state": true,
    "pose": [
      [
        0.01784990611848346,
        0.9999715763104786,
        -9.700159268725571e-05,
        7.627050411867458
      ],
      [
        -0.9999711564056851,
        0.017850304557635418,
        0.0002676589635443282,
        22.863219046521408
      ],
      [
        0.0002829120765411994,
        9.801251520488689e-05,
        1.0000008019411755,
        1.3881274217674218
      ],
      [
        0.0,
        0.0,
        0.0,
        1.0
      ]
    ],
    "location": [
      7.627050411867458,
      22.863219046521408,
      1.3881274217674218
    ],
    "rotation": [
      9.801243629082814e-05,
      -0.0002829118407556464,
      -1.5529478013817388
    ]
  },
  {
    "label_id": "WrQ9WB5nz7yw3pLq2Sx4JA",
    "size": [
      1.9338659153476891,
      4.5722265271665545,
      1.5399999999999636
    ],
    "obj_class": "vehicle",
    "point_num_in_lidar": 1742,
    "speed": 8.881784197001252e-14,
    "if_vehicle": true,
    "motion_state": false,
    "pose": [
      [
        0.9997148525689539,
        -0.028844169780681567,
        -9.700159268725571e-05,
        3.9391482354349137
      ],
      [
        0.028844563578617814,
        0.9997144283084458,
        0.0002676589635443282,
        -7.48135255913985
      ],
      [
        9.489578627849363e-05,
        -0.00028397268519388927,
        1.0000008019411755,
        0.6174325100625992
      ],
      [
        0.0,
        0.0,
        0.0,
        1.0
      ]
    ],
    "location": [
      3.9391482354349137,
      -7.48135255913985,
      0.6174325100625992
    ],
    "rotation": [
      -0.0002839724498314699,
      -9.48957060666531e-05,
      0.028844788383425135
    ]
  },
  {
    "label_id": "X8OBaKk4dxIT8dFfdO_PYQ",
    "size": [
      2.1633729765809924,
      5.267996842103457,
      2.6200000000000045
    ],
    "obj_class": "vehicle",
    "point_num_in_lidar": 75,
    "speed": 5.728578676879116e-13,
    "if_vehicle": true,
    "motion_state": false,
    "pose": [
      [
        0.9994498077859332,
        0.036903310067836606,
        -9.700159268725571e-05,
        79.20648300178618
      ],
      [
        -0.03690288924526797,
        0.9994494103162378,
        0.0002676589635443282,
        2.1854113936060457
      ],
      [
        0.00011334884154316179,
        -0.0002771240449879164,
        1.0000008019411755,
        1.8009151940415222
      ],
      [
        0.0,
        0.0,
        0.0,
        1.0
      ]
    ],
    "location": [
      79.20648300178618,
      2.1854113936060457,
      1.8009151940415222
    ],
    "rotation": [
      -0.00027712381565676316,
      -0.0001133487458062424,
      -0.036906438398979564
    ]
  },
  {
    "label_id": "YTw2k0_-8UqolJn4WQRc2g",
    "size": [
      0.7131402618210486,
      0.9424020280400371,
      1.5199999999999818
    ],
    "obj_class": "pedestrian",
    "point_num_in_lidar": 54,
    "speed": 1.4449546800715654,
    "if_vehicle": false,
    "motion_state": true,
    "pose": [
      [
        0.0768556692184706,
        0.9971734947772545,
        -9.700159268725571e-05,
        33.34112288509277
      ],
      [
        -0.9971730520816197,
        0.07685604217204459,
        0.0002676589635443282,
        -14.138637356276377
      ],
      [
        0.0002882051129563326,
        8.113882582013232e-05,
        1.0000008019411755,
        1.0486171537286282
      ],
      [
        0.0,
        0.0,
        0.0,
        1.0
      ]
    ],
    "location": [
      33.34112288509277,
      -14.138637356276377,
      1.0486171537286282
    ],
    "rotation": [
      8.113876057356018e-05,
      -0.0002882048729046434,
      -1.493874847182682
    ]
  },
  {
    "label_id": "YZp0XjCF9MO6a2x7szWEXA",
    "size": [
      1.9473680660204524,
      3.8082084000475307,
      1.509999999999991
    ],
    "obj_class": "vehicle",
    "point_num_in_lidar": 113,
    "speed": 1.1390866590859189e-12,
    "if_vehicle": true,
    "motion_state": false,
    "pose": [
      [
        0.9982187106825776,
        -0.061815679406719226,
        -9.700159268725571e-05,
        40.33791436673346
      ],
      [
        0.06181605899105301,
        0.9982182736590922,
        0.0002676589635443282,
        -7.056325494018893
      ],
      [
        8.547397174851457e-05,
        -0.0002869492922855451,
        1.0000008019411755,
        0.8435879912767632
      ],
      [
        0.0,
        0.0,
        0.0,
        1.0
      ]
    ],
    "location": [
      40.33791436673346,
      -7.056325494018893,
      0.8435879912767632
    ],
    "rotation": [
      -0.0002869490542935046,
      -8.547389947637049e-05,
      0.06184738945174066
    ]
  },
  {
    "label_id": "Yyu039jUMIJ4gI_2-mTkSg",
    "size": [
      1.0952675293727612,
      1.1481994723012645,
      1.759999999999991
    ],
    "obj_class": "pedestrian",
    "point_num_in_lidar": 48,
    "speed": 1.608154847338831,
    "if_vehicle": false,
    "motion_state": true,
    "pose": [
      [
        0.038413958681551424,
        -0.9993928858840821,
        -9.700159268725571e-05,
        34.242635236139904
      ],
      [
        0.9993924890509233,
        0.03841353725867908,
        0.0002676589635443282,
        23.96074235706874
      ],
      [
        -0.0002769523991023002,
        -0.00011376759126009017,
        1.0000008019411755,
        1.3755828710067135
      ],
      [
        0.0,
        0.0,
        0.0,
        1.0
      ]
    ],
    "location": [
      34.242635236139904,
      23.96074235706874,
      1.3755828710067135
    ],
    "rotation": [
      -0.00011376749953441489,
      0.0002769521681296687,
      1.532377929701344
    ]
  },
  {
    "label_id": "ZyK_iICxQsEYdJLxMFTw7w",
    "size": [
      0.9212612327089034,
      0.9766455606441014,
      1.740000000000009
    ],
    "obj_class": "pedestrian",
    "point_num_in_lidar": 32,
    "speed": 1.5570102148095228,
    "if_vehicle": false,
    "motion_state": true,
    "pose": [
      [
        0.08883224270456355,
        0.9961779987699886,
        -9.700159268725571e-05,
        33.62019150418382
      ],
      [
        -0.9961775516248726,
        0.08883261031174326,
        0.0002676589635443282,
        -33.42642698332929
      ],
      [
        0.0002891592768502663,
        7.766987061320863e-05,
        1.0000008019411755,
        0.7434737007135936
      ],
      [
        0.0,
        0.0,
        0.0,
        1.0
      ]
    ],
    "location": [
      33.62019150418382,
      -33.42642698332929,
      0.7434737007135936
    ],
    "rotation": [
      7.766980817040763e-05,
      -0.0002891590360303848,
      -1.4818584666397132
    ]
  },
  {
    "label_id": "_42Q0-0TvA-QU1Ls8X0ApA",
    "size": [
      0.6946825789129747,
      0.9723594347349624,
      1.6100000000000136
    ],
    "obj_class": "pedestrian",
    "point_num_in_lidar": 61,
    "speed": 1.6400825476089786,
    "if_vehicle": false,
    "motion_state": true,
    "pose": [
      [
        0.05737734622886164,
        0.9984836567100311,
        -9.700159268725571e-05,
        9.21994006627574
      ],
      [
        -0.9984832213783601,
        0.05737772775229413,
        0.0002676589635443282,
        27.865140164258264
      ],
      [
        0.00028656647005949223,
        8.674880072533747e-05,
        1.0000008019411755,
        1.3191480174762091
      ],
      [
        0.0,
        0.0,
        0.0,
        1.0
      ]
    ],
    "location": [
      9.21994006627574,
      27.865140164258264,
      1.3191480174762091
    ],
    "rotation": [
      8.67487309403534e-05,
      -0.00028656623132767737,
      -1.5133949471184842
    ]
  },
  {
    "label_id": "aANSRZ5XPxs8mHhsbxTcGg",
    "size": [
      0.8077633193168862,
      0.8146921552102152,
      1.07000000000005
    ],
    "obj_class": "sign",
    "point_num_in_lidar": 34,
    "speed": 8.533911106286719e-13,
    "if_vehicle": false,
    "motion_state": false,
    "pose": [
      [
        -0.009996934032771706,
        -1.000080913670112,
        -9.700159268725571e-05,
        32.09874220078564
      ],
      [
        1.0000804969070667,
        -0.009997335757002061,
        0.0002676589635443282,
        -28.77036337788013
      ],
      [
        -0.00028213369617642413,
        -0.000100231101318266,
        1.0000008019411755,
        0.3421392310392548
      ],
      [
        0.0,
        0.0,
        0.0,
        1.0
      ]
    ],
    "location": [
      32.09874220078564,
      -28.77036337788013,
      0.3421392310392548
    ],
    "rotation": [
      -0.00010023102060323437,
      0.0002821334610189103,
      1.5807921232437103
    ]
  },
  {
    "label_id": "dWu2dkV959ZVbiXuXYme9A",
    "size": [
      1.9876994670929096,
      4.6193943709231275,
      1.4600000000000364
    ],
    "obj_class": "vehicle",
    "point_num_in_lidar": 4080,
    "speed": 8.881784197001252e-14,
    "if_vehicle": true,
    "motion_state": false,
    "pose": [
      [
        0.9999292401919827,
        0.02008201151245321,
        -9.700159268725571e-05,
        1.6189795424215845
      ],
      [
        -0.020081597437014025,
        0.9999288356980719,
        0.0002676589635443282,
        3.2232138969848165
      ],
      [
        0.00010867009232639971,
        -0.0002789919483128714,
        1.0000008019411755,
        0.7562599131500747
      ],
      [
        0.0,
        0.0,
        0.0,
        1.0
      ]
    ],
    "location": [
      1.6189795424215845,
      3.2232138969848165,
      0.7562599131500747
    ],
    "rotation": [
      -0.00027899171733935136,
      -0.00010867000052244078,
      -0.02008031914865168
    ]
  },
  {
    "label_id": "eTLt3z7Tt1__uHa0Pj96uQ",
    "size": [
      0.5969024159007617,
      0.5832202862830158,
      0.9800000000000182
    ],
    "obj_class": "sign",
    "point_num_in_lidar": 103,
    "speed": 2.5585089000282873e-12,
    "if_vehicle": false,
    "motion_state": false,
    "pose": [
      [
        0.9986389296891486,
        -0.05460824742301902,
        -9.700159268725571e-05,
        1.7322238762480993
      ],
      [
        0.054608630152195525,
        0.9986384954171478,
        0.0002676589635443282,
        5.192517336619858
      ],
      [
        8.754313982139811e-05,
        -0.0002863248065743739,
        1.0000008019411755,
        0.7174058294717724
      ],
      [
        0.0,
        0.0,
        0.0,
        1.0
      ]
    ],
    "location": [
      1.7322238762480993,
      5.192517336619858,
      0.7174058294717724
    ],
    "rotation": [
      -0.0002863245691344419,
      -8.754306580490139e-05,
      0.05462865012299595
    ]
  },
  {
    "label_id": "hVOvDRfPPYheooNcglGZfw",
    "size": [
      1.9687754390427907,
      4.426137945390364,
      1.5
    ],
    "obj_class": "vehicle",
    "point_num_in_lidar": 56,
    "speed": 1.422084321207637e-12,
    "if_vehicle": true,
    "motion_state": false,
    "pose": [
      [
        0.9946375455924618,
        -0.1046801102172975,
        -9.700159268725571e-05,
        51.00903801028471
      ],
      [
        0.10468047065935246,
        0.994637092651717,
        0.0002676589635443282,
        -6.6161286284059315
      ],
      [
        7.305662002055615e-05,
        -0.00029035913359289024,
        1.0000008019411755,
        0.8471909505225312
      ],
      [
        0.0,
        0.0,
        0.0,
        1.0
      ]
    ],
    "location": [
      51.00903801028471,
      -6.6161286284059315,
      0.8471909505225312
    ],
    "rotation": [
      -0.0002903588925822449,
      -7.30565582238807e-05,
      0.10485882285308462
    ]
  },
  {
    "label_id": "iYoNqzfcHozgqJVHl7Yxnw",
    "size": [
      1.9729673738194617,
      3.9732415768768115,
      1.57000000000005
    ],
    "obj_class": "vehicle",
    "point_num_in_lidar": 30,
    "speed": 1.7763568394002505e-14,
