[
  {
    "label_id": "-r18nvGJT_LauvErk1VSrg",
    "size": [
      0.7208473821763789,
      2.0829883357271277,
      1.9099999999999682
    ],
    "obj_class": "vehicle",
    "point_num_in_lidar": 52,
    "speed": 1.1842707020935322e-27,
    "if_vehicle": true,
    "motion_state": false,
    "pose": [
      [
        -0.0009979234344780227,
        1.0001303845675957,
        -3.216406582402588e-07,
        31.485288678177312
      ],
      [
        -1.00012998875708,
        -0.0009975430744216258,
        0.00017074549041831913,
        49.96603182844774
      ],
      [
        0.00018421032522763242,
        6.562625917206146e-06,
        1.0000008297757448,
        1.8258470886511304
      ],
      [
        0.0,
        0.0,
        0.0,
        1.0
      ]
    ],
    "location": [
      31.485288678177312,
      49.96603182844774,
      1.8258470886511304
    ],
    "rotation": [
      6.562620471608644e-06,
      -0.00018421017028690768,
      -1.5717941201962757
    ]
  },
  {
    "label_id": "013Doq8QGPt4_5ps9n1EBQ",
    "size": [
      0.6441504486109256,
      0.9234385820636817,
      1.669999999999959
    ],
    "obj_class": "pedestrian",
    "point_num_in_lidar": 187,
    "speed": 1.555523607780554,
    "if_vehicle": false,
    "motion_state": true,
    "pose": [
      [
        -0.028496449120062717,
        0.9997248293275782,
        -3.216406582402588e-07,
        9.575469485962458
      ],
      [
        -0.9997244441248264,
        -0.02849605802087214,
        0.00017074549041831913,
        17.849233540568093
      ],
      [
        0.00018396023976277487,
        1.1625066271749759e-05,
        1.0000008297757448,
        1.2130613144972813
      ],
      [
        0.0,
        0.0,
        0.0,
        1.0
      ]
    ],
    "location": [
      9.575469485962458,
      17.849233540568093,
      1.2130613144972813
    ],
    "rotation": [
      1.1625056625036062e-05,
      -0.0001839600850295759,
      -1.5992929143333638
    ]
  },
  {
    "label_id": "0VCoeT-jjrIfzTCsOWz20A",
    "size": [
      0.7544329631618908,
      1.043993850799436,
      0.9800000000000182
    ],
    "obj_class": "sign",
    "point_num_in_lidar": 198,
    "speed": 1.1260302250150595e-28,
    "if_vehicle": false,
    "motion_state": false,
    "pose": [
      [
        -0.10290131747711938,
        0.9948231505388184,
        -3.216406582402588e-07,
        11.692034577416052
      ],
      [
        -0.9948227955453489,
        -0.10290089876555608,
        0.00017074549041831913,
        11.077785658499124
      ],
      [
        0.00018258283336879995,
        2.5298635109823925e-05,
        1.0000008297757448,
        0.7167127426125717
      ],
      [
        0.0,
        0.0,
        0.0,
        1.0
      ]
    ],
    "location": [
      11.692034577416052,
      11.077785658499124,
      0.7167127426125717
    ],
    "rotation": [
      2.5298614112250348e-05,
      -0.0001825826797788056,
      -1.6738666117219636
    ]
  },
  {
    "label_id": "0_HBXNo3olLueqYvkPohlg",
    "size": [
      1.7479682991906937,
      3.9316593479287927,
      1.7000000000000455
    ],
    "obj_class": "vehicle",
    "point_num_in_lidar": 56,
    "speed": 1.805163774801053e-27,
    "if_vehicle": true,
    "motion_state": false,
    "pose": [
      [
        0.9998873358863231,
        -0.022070285921550362,
        -3.216406582402588e-07,
        56.57756348679868
      ],
      [
        0.02207065705107468,
        0.9998869314081248,
        0.00017074549041831913,
        -6.0365916970276885
      ],
      [
        2.3120805889249034e-06,
        -0.00018431268611452024,
        1.0000008297757448,
        1.0278955624405626
      ],
      [
        0.0,
        0.0,
        0.0,
        1.0
      ]
    ],
    "location": [
      56.57756348679868,
      -6.0365916970276885,
      1.0278955624405626
    ],
    "rotation": [
      -0.00018431253108935035,
      -2.3120786311420444e-06,
      0.02206956009706589
    ]
  },
  {
    "label_id": "2OYKagQRfCdaOXgU5RkMBA",
    "size": [
      0.8627759996271266,
      0.6348824674672757,
      1.1499999999999773
    ],
    "obj_class": "sign",
    "point_num_in_lidar": 49,
    "speed": 0.00246091755193253,
    "if_vehicle": false,
    "motion_state": false,
    "pose": [
      [
        0.015359466951468287,
        1.0000129342970894,
        -3.216406582402588e-07,
        30.415612980279548
      ],
      [
        -1.0000125323186788,
        0.015359840787119829,
        0.00017074549041831913,
        12.44600663384881
      ],
      [
        0.0001842930189246974,
        3.548965345001841e-06,
        1.0000008297757448,
        0.6849352222031939
      ],
      [
        0.0,
        0.0,
        0.0,
        1.0
      ]
    ],
    "location": [
      30.415612980279548,
      12.44600663384881,
      0.6849352222031939
    ],
    "rotation": [
      3.548962400144022e-06,
      -0.00018429286391535428,
      -1.5554382599482084
    ]
  },
  {
    "label_id": "2SYmRAjI0pCOwp2XYemMBQ",
    "size": [
      0.9588610015812886,
      0.6083173834498694,
      1.67999999999995
    ],
    "obj_class": "pedestrian",
    "point_num_in_lidar": 345,
    "speed": 0.008529050932231658,
    "if_vehicle": false,
    "motion_state": false,
    "pose": [
      [
        0.9978326664549891,
        0.06776246558260697,
        -3.216406582402588e-07,
        11.792797171794518
      ],
      [
        -0.06776205964751696,
        0.9978322969195518,
        0.00017074549041831913,
        7.196242485111725
      ],
      [
        1.884551065987087e-05,
        -0.0001833612791932037,
        1.0000008297757448,
        0.897434533892465
      ],
      [
        0.0,
        0.0,
        0.0,
        1.0
      ]
    ],
    "location": [
      11.792797171794518,
      7.196242485111725,
      0.897434533892465
    ],
    "rotation": [
      -0.00018336112498964133,
      -1.884549470330015e-05,
      -0.0678051379683522
    ]
  },
  {
    "label_id": "3083QteOhZ_vSpxmP0XK-Q",
    "size": [
      0.8198295781744195,
      0.7789331854908985,
      1.2000000000000455
    ],
    "obj_class": "sign",
    "point_num_in_lidar": 44,
    "speed": 1.1260302250150595e-28,
    "if_vehicle": false,
    "motion_state": false,
    "pose": [
      [
        -0.03627631904772966,
        0.9994727663437635,
        -3.216406582402588e-07,
        28.956059697722594
      ],
      [
        -0.9994723841965543,
        -0.036275924962399855,
        0.00017074549041831913,
        14.902581722368268
      ],
      [
        0.00018386419172073111,
        1.3056453664048329e-05,
        1.0000008297757448,
        0.7363255909369855
      ],
      [
        0.0,
        0.0,
        0.0,
        1.0
      ]
    ],
    "location": [
      28.956059697722594,
      14.902581722368268,
      0.7363255909369855
    ],
    "rotation": [
      1.3056442829386841e-05,
      -0.0001838640370672378,
      -1.6070758704121662
    ]
  },
  {
    "label_id": "3mqY30kFisxCydiO2pKjPA",
    "size": [
      0.8321203191349696,
      1.0700067716390604,
      1.7200000000000273
    ],
    "obj_class": "pedestrian",
    "point_num_in_lidar": 41,
    "speed": 1.5439829607500888,
    "if_vehicle": false,
    "motion_state": true,
    "pose": [
      [
        0.03773007580530717,
        0.9994189428694223,
        -3.216406582402588e-07,
        33.55975383404984
      ],
      [
        -0.9994185326273798,
        0.03773044055344427,
        0.00017074549041831913,
        -25.36186900732173
      ],
      [
        0.00018432628944373825,
        -5.753253886093982e-07,
        1.0000008297757448,
        0.7505749332705136
      ],
      [
        0.0,
        0.0,
        0.0,
        1.0
      ]
    ],
    "location": [
      33.55975383404984,
      -25.36186900732173,
      0.7505749332705136
    ],
    "rotation": [
      -5.75324911218678e-07,
      -0.00018432613440678798,
      -1.5330622190220866
    ]
  },
  {
    "label_id": "45vGTk6HpmeCTR2Etiwq8w",
    "size": [
      0.7077057722273473,
      0.7957618448156345,
      1.07000000000005
    ],
    "obj_class": "sign",
    "point_num_in_lidar": 32,
    "speed": 1.802527520951267e-27,
    "if_vehicle": false,
    "motion_state": false,
    "pose": [
      [
        -1.0000520680707075,
        0.012555601698404887,
        -3.216406582402588e-07,
        41.39408693910627
      ],
      [
        -0.012555976659641449,
        -1.0000516671420256,
        0.00017074549041831913,
        4.351726368613527
      ],
      [
        -4.0656663783228175e-06,
        0.00018428234407099343,
        1.0000008297757448,
        0.6758744546190201
      ],
      [
        0.0,
        0.0,
        0.0,
        1.0
      ]
    ],
    "location": [
      41.39408693910627,
      4.351726368613527,
      0.6758744546190201
    ],
    "rotation": [
      0.0001842821890720312,
      4.065662935677063e-06,
      -3.1290379903233916
    ]
  },
  {
    "label_id": "4BPsEUa8pjB_nYeEbm-YSA",
    "size": [
      0.8876985042482234,
      1.0727947770953707,
      1.7511702127660556
    ],
    "obj_class": "pedestrian",
    "point_num_in_lidar": 252,
    "speed": 0.0172226619344651,
    "if_vehicle": false,
    "motion_state": false,
    "pose": [
      [
        0.8976917504522085,
        0.44092097155449256,
        -3.216406582402588e-07,
        10.974564428763188
      ],
      [
        -0.44092045584219813,
        0.897691562354983,
        0.00017074549041831913,
        8.663072497076428
      ],
      [
        8.693987655842112e-05,
        -0.0001625360570562926,
        1.0000008297757448,
        1.0793855858960342
      ],
      [
        0.0,
        0.0,
        0.0,
        1.0
      ]
    ],
    "location": [
      10.974564428763188,
      8.663072497076428,
      1.0793855858960342
    ],
    "rotation": [
      -0.00016253592075663942,
      -8.693980305044983e-05,
      -0.45655976511293195
    ]
  },
  {
    "label_id": "6cJfOa0GEVIor5deOQECIw",
    "size": [
      0.8707727370724707,
      1.1612597197178984,
      1.8100000000000591
    ],
    "obj_class": "pedestrian",
    "point_num_in_lidar": 259,
    "speed": 1.8454535146344653,
    "if_vehicle": false,
    "motion_state": true,
    "pose": [
      [
        0.08898767274193295,
        0.9961641310981251,
        -3.216406582402588e-07,
        7.937511231164535
      ],
      [
        -0.9961637026718968,
        0.08898801594843607,
        0.00017074549041831913,
        17.222082735546792
      ],
      [
        0.00018405369710028526,
        -1.0037358373411678e-05,
        1.0000008297757448,
        1.2505859137470452
      ],
      [
        0.0,
        0.0,
        0.0,
        1.0
      ]
    ],
    "location": [
      7.937511231164535,
      17.222082735546792,
      1.2505859137470452
    ],
    "rotation": [
      -1.0037350044324987e-05,
      -0.00018405354228953226,
      -1.4817024411992799
    ]
  },
  {
    "label_id": "8IZ7fkXm0FDeUdEuJAqSlA",
    "size": [
      0.7446914889138243,
      1.0496260774128139,
      1.7300000000000182
    ],
    "obj_class": "pedestrian",
    "point_num_in_lidar": 132,
    "speed": 1.6073583954430037,
    "if_vehicle": false,
    "motion_state": true,
    "pose": [
      [
        -0.9950572476552696,
        -0.10061240418172765,
        -3.216406582402588e-07,
        23.57380177074083
      ],
      [
        0.1006119862879529,
        -0.9950568916994722,
        0.00017074549041831913,
        8.598508096423757
      ],
      [
        -2.4878527116890424e-05,
        0.00018264055099537392,
        1.0000008297757448,
        1.2158255945995506
      ],
      [
        0.0,
        0.0,
        0.0,
        1.0
      ]
    ],
    "location": [
      23.57380177074083,
      8.598508096423757,
      1.2158255945995506
    ],
    "rotation": [
      0.0001826403974139905,
      2.4878506053233844e-05,
      3.040823373526016
    ]
  },
  {
    "label_id": "8k1Wkk08druqr8A5YTrqFQ",
    "size": [
      2.1684109006720282,
      4.238163060626746,
      1.7100000000000364
    ],
    "obj_class": "vehicle",
    "point_num_in_lidar": 230,
    "speed": 9.078345880423422e-28,
    "if_vehicle": true,
    "motion_state": false,
    "pose": [
      [
        1.0000429873898347,
        -0.013259161320510086,
        -3.216406582402588e-07,
        38.780928365931686
      ],
      [
        0.01325953599958994,
        1.000042586197457,
        0.00017074549041831913,
        2.434997890555678
      ],
      [
        3.93601793371117e-06,
        -0.0001842851587682134,
        1.0000008297757448,
        0.9699979189847454
      ],
      [
        0.0,
        0.0,
        0.0,
        1.0
      ]
    ],
    "location": [
      38.780928365931686,
      2.434997890555678,
      0.9699979189847454
    ],
    "rotation": [
      -0.00018428500376682001,
      -3.936014600845919e-06,
      0.013258189136987663
    ]
  },
  {
    "label_id": "A4kzX4tBck4XcFuUOPA6Lg",
    "size": [
      0.7530091452404696,
      1.132073132049114,
      1.8246200607903802
    ],
    "obj_class": "pedestrian",
    "point_num_in_lidar": 300,
    "speed": 1.5871172205539554,
    "if_vehicle": false,
    "motion_state": true,
    "pose": [
      [
        0.9794363371107424,
        -0.20240119449647462,
        -3.216406582402588e-07,
        17.016774059875388
      ],
      [
        0.20240148642042968,
        0.9794358722235075,
        0.00017074549041831913,
        5.036277194240029
      ],
      [
        -3.103398782757177e-05,
        -0.00018169590963727764,
        1.0000008297757448,
        1.1383164241752866
      ],
      [
        0.0,
        0.0,
        0.0,
        1.0
      ]
    ],
    "location": [
      17.016774059875388,
      5.036277194240029,
      1.1383164241752866
    ],
    "rotation": [
      -0.00018169575687108222,
      3.103396155411227e-05,
      0.20378248423233736
    ]
  },
  {
    "label_id": "AWjsPzPKZ7MTv8Ta3AXBbQ",
    "size": [
      2.1060783521372155,
      4.515543669845269,
      1.4600000000000364
    ],
    "obj_class": "vehicle",
    "point_num_in_lidar": 100,
    "speed": 5.630151125075297e-29,
    "if_vehicle": true,
    "motion_state": false,
    "pose": [
      [
        0.996263112707792,
        -0.08787259097289092,
        -3.216406582402588e-07,
        44.89225538835126
      ],
      [
        0.08787293465872487,
        0.99626268466599,
        0.00017074549041831913,
        -6.917366334489998
      ],
      [
        -9.831337177412504e-06,
        -0.0001840648168138161,
        1.0000008297757448,
        0.8343099876819906
      ],
      [
        0.0,
        0.0,
        0.0,
        1.0
      ]
    ],
    "location": [
      44.89225538835126,
      -6.917366334489998,
      0.8343099876819906
    ],
    "rotation": [
      -0.00018406466200273104,
      9.831328852755666e-06,
      0.08797486997214958
    ]
  },
  {
    "label_id": "AhVLDKKFO3nP9YBAG8x0pw",
    "size": [
      1.9318567274618736,
      4.066022807258439,
      1.509999999999991
    ],
    "obj_class": "vehicle",
    "point_num_in_lidar": 194,
    "speed": 2.252060450030119e-28,
    "if_vehicle": true,
    "motion_state": false,
    "pose": [
      [
        0.028929058496246527,
        -0.9997124044249068,
        -3.216406582402588e-07,
        27.15428985314975
      ],
      [
        0.9997120193914321,
        0.028928667230403386,
        0.00017074549041831913,
        27.835712820116896
      ],
      [
        -0.0001839551920109823,
        -1.1704670503751664e-05,
        1.0000008297757448,
        1.2749332609113253
      ],
      [
        0.0,
        0.0,
        0.0,
        1.0
      ]
    ],
    "location": [
      27.15428985314975,
      27.835712820116896,
      1.2749332609113253
    ],
    "rotation": [
      -1.1704660790973529e-05,
      0.00018395503728197218,
      1.5418670079620553
    ]
  },
  {
    "label_id": "Aof9zDLMpOMBf2RZkTgB1g",
    "size": [
      0.6466332595231525,
      2.732983268659154,
      3.449999999999932
    ],
    "obj_class": "vehicle",
    "point_num_in_lidar": 107,
    "speed": 7.897608429519431e-28,
    "if_vehicle": true,
    "motion_state": false,
    "pose": [
      [
        -0.04927659833442224,
        -0.9989162121234673,
        -3.216406582402588e-07,
        31.202282628080866
      ],
      [
        0.9989157976938762,
        -0.049276958317547956,
        0.00017074549041831913,
        58.68852079512362
      ],
      [
        -0.0001843073336608651,
        2.705316658359326e-06,
        1.0000008297757448,
        2.629798434587542
      ],
      [
        0.0,
        0.0,
        0.0,
        1.0
      ]
    ],
    "location": [
      31.202282628080866,
      58.68852079512362,
      2.629798434587542
    ],
    "rotation": [
      2.705314413548444e-06,
      0.00018430717863964389,
      1.620086453029221
    ]
  },
  {
    "label_id": "Bii0LlYiSm3-IvhedQ-6-A",
    "size": [
      0.9534934801989899,
      0.861946449469542,
      2.090000000000032
    ],
    "obj_class": "pedestrian",
    "point_num_in_lidar": 39,
    "speed": 1.9366764817660684,
    "if_vehicle": false,
    "motion_state": true,
    "pose": [
      [
        -0.9999436414858247,
        0.019351894960857544,
        -3.216406582402588e-07,
        49.82934213253429
      ],
      [
        -0.0193522671886312,
        -0.9999432380180797,
        0.00017074549041831913,
        8.025449341928834
      ],
      [
        -2.813147405404517e-06,
        0.000184305719339022,
        1.0000008297757448,
        1.39667023468337
      ],
      [
        0.0,
        0.0,
        0.0,
        1.0
      ]
    ],
    "location": [
      49.82934213253429,
      8.025449341928834,
      1.39667023468337
    ],
    "rotation": [
      0.00018430556431986962,
      2.8131450233383327e-06,
      -3.1222417114144183
    ]
  },
  {
    "label_id": "Ci0SMk2Xx8Zw2IqmYtHZZg",
    "size": [
      0.7846277475963535,
      0.8616288832576037,
      1.6000000000000227
    ],
    "obj_class": "pedestrian",
    "point_num_in_lidar": 24,
    "speed": 1.5028545636080468,
    "if_vehicle": false,
    "motion_state": true,
    "pose": [
      [
        -0.9984487027792266,
        0.057982496539798124,
        -3.216406582402588e-07,
        51.6024416265318
      ],
      [
        -0.05798285289657299,
        -0.9984482852273304,
        0.00017074549041831913,
        5.5014499900735245
      ],
      [
        4.311861096303807e-06,
        0.00018427674794527338,
        1.0000008297757448,
        1.2421043415381519
      ],
      [
        0.0,
        0.0,
        0.0,
        1.0
      ]
    ],
    "location": [
      51.6024416265318,
      5.5014499900735245,
      1.2421043415381519
    ],
    "rotation": [
      0.0001842765929511447,
      -4.311857445191568e-06,
      -3.0835848635358496
    ]
  },
  {
    "label_id": "DMyvJcDBgX_UfZY7i4gQUg",
    "size": [
      2.201017544722988,
      5.031357921109429,
      1.7300000000000182
    ],
    "obj_class": "vehicle",
    "point_num_in_lidar": 6754,
    "speed": 1.1260300152141262e-28,
    "if_vehicle": true,
    "motion_state": false,
    "pose": [
      [
        0.9990211289847832,
        -0.04710165420106812,
        -3.216406582402588e-07,
        2.3002246334945085
      ],
      [
        0.04710201508563139,
        0.999020715339925,
        0.00017074549041831913,
        -3.525662816136901
      ],
      [
        -2.3040387243734794e-06,
        -0.0001843127868189172,
        1.0000008297757448,
        0.8297458345016366
      ],
      [
        0.0,
        0.0,
        0.0,
        1.0
      ]
    ],
    "location": [
      2.3002246334945085,
      -3.525662816136901,
      0.8297458345016366
    ],
    "rotation": [
      -0.00018431263179366034,
      2.3040367734001546e-06,
      0.04711327758191035
    ]
  },
  {
    "label_id": "FaLjVnzgLbkn0NFfVlonZw",
    "size": [
      3.1341412423592105,
      4.451840989787582,
      3.0799999999999272
    ],
    "obj_class": "vehicle",
    "point_num_in_lidar": 1157,
    "speed": 9.285483110750223e-28,
    "if_vehicle": true,
    "motion_state": false,
    "pose": [
      [
        -0.047766550397773486,
        -0.9989895588291225,
        -3.216406582402588e-07,
        30.018244681270517
      ],
      [
        0.9989891449441661,
        -0.04776691100695203,
        0.00017074549041831913,
        17.922190137100188
      ],
      [
        -0.00018431121252492267,
        2.426709086785213e-06,
        1.0000008297757448,
        1.793720022814
      ],
      [
        0.0,
        0.0,
        0.0,
        1.0
      ]
    ],
    "location": [
      30.018244681270517,
      17.922190137100188,
      1.793720022814
    ],
    "rotation": [
      2.4267070731577803e-06,
      0.00018431105750048288,
      1.6185748218782101
    ]
  },
  {
    "label_id": "GZswbdmDQZSe88ajnioK_g",
    "size": [
      1.1505740821373602,
      4.713684939172988,
      4.259999999999991
    ],
    "obj_class": "vehicle",
    "point_num_in_lidar": 195,
    "speed": 5.630151125075297e-29,
    "if_vehicle": true,
    "motion_state": false,
    "pose": [
      [
        0.03894348952806787,
        0.9993723963617792,
        -3.216406582402588e-07,
        30.942577984709715
      ],
      [
        -0.9993719856771813,
        0.03894385377784185,
        0.00017074549041831913,
        40.37617580037113
      ],
      [
        0.00018432545505150382,
        -7.991241798663029e-07,
        1.0000008297757448,
        2.829132735968983
      ],
      [
        0.0,
        0.0,
        0.0,
        1.0
      ]
    ],
    "location": [
      30.942577984709715,
      40.37617580037113,
      2.829132735968983
    ],
    "rotation": [
      -7.991235167728215e-07,
      -0.00018432530001524593,
      -1.5318480711873792
    ]
  },
  {
    "label_id": "NeHt8l-Xg_tze4fm4Zzhag",
    "size": [
      0.8686749354366592,
      0.8296750162009441,
      1.82000000000005
    ],
    "obj_class": "pedestrian",
    "point_num_in_lidar": 548,
    "speed": 1.802527520951267e-27,
    "if_vehicle": false,
    "motion_state": false,
    "pose": [
      [
        0.9580341326324004,
        0.28711040158411527,
        -3.216406582402588e-07,
        1.4403172654947412
      ],
      [
        -0.2871099238770427,
        0.9580338621962905,
        0.00017074549041831913,
        10.62039665480188
      ],
      [
        5.899395912954221e-05,
        -0.00017463168316665992,
        1.0000008297757448,
        1.2407231822054428
      ],
      [
        0.0,
        0.0,
        0.0,
        1.0
      ]
    ],
    "location": [
      1.4403172654947412,
      10.62039665480188,
      1.2407231822054428
    ],
    "rotation": [
      -0.0001746315364864473,
      -5.899390920984373e-05,
      -0.29116918160289784
    ]
  },
  {
    "label_id": "Nx3jDnV5BFvG2rNbAk93sw",
    "size": [
      0.7698546864134806,
      0.8128752011552611,
      1.0900000000000318
    ],
    "obj_class": "sign",
    "point_num_in_lidar": 118,
    "speed": 0.0009001895988801828,
    "if_vehicle": false,
    "motion_state": false,
    "pose": [
      [
        -0.003588332220450967,
        1.0001244451858895,
        -3.216406582402588e-07,
        12.06350440083952
      ],
      [
        -1.0001240503618625,
        -0.003587950836491732,
        0.00017074549041831913,
        14.619681075553672
      ],
      [
        0.00018419270965087757,
        7.0397223571858875e-06,
        1.0000008297757448,
        0.8377009020977084
      ],
      [
        0.0,
        0.0,
        0.0,
        1.0
      ]
    ],
    "location": [
      12.06350440083952,
      14.619681075553672,
      0.8377009020977084
    ],
    "rotation": [
      7.039716515683582e-06,
      -0.00018419255472477018,
      -1.5743841985412232
    ]
  },
  {
    "label_id": "OkBzhxzagapiYam_4NK-9A",
    "size": [
      0.9161349937327302,
      0.864239601718528,
      1.8799999999999955
    ],
    "obj_class": "pedestrian",
    "point_num_in_lidar": 124,
    "speed": 0.0003957719242212397,
    "if_vehicle": false,
    "motion_state": false,
    "pose": [
      [
        -0.9934509719505783,
        -0.11539908282546843,
        -3.216406582402588e-07,
        29.978878792626347
      ],
      [
        0.11539865968437703,
        -0.9934506222487717,
        0.00017074549041831913,
        -11.658656290537692
      ],
      [
        -2.7591880196152252e-05,
        0.0001822503775761263,
        1.0000008297757448,
        0.9125961751035447
      ],
      [
        0.0,
        0.0,
        0.0,
        1.0
      ]
    ],
    "location": [
      29.978878792626347,
      -11.658656290537692,
      0.9125961751035447
    ],
    "rotation": [
      0.00018225022433148648,
      2.759185683586256e-05,
      3.025951519893181
    ]
  },
  {
    "label_id": "Qk60fGhJPpHJTNmg9RXYjQ",
    "size": [
      0.8607130812118439,
      0.8401418131687414,
      2.2000000000000455
    ],
    "obj_class": "pedestrian",
    "point_num_in_lidar": 38,
    "speed": 1.4145367595895215,
    "if_vehicle": false,
    "motion_state": true,
    "pose": [
      [
        -0.9999371555646513,
        0.019684179123913677,
        -3.216406582402588e-07,
        49.33023703115032
      ],
      [
        -0.019684551217592803,
        -0.9999367519732356,
        0.00017074549041831913,
        -15.691752092834577
      ],
      [
        -2.7519017297542596e-06,
        0.00018430664398298046,
        1.0000008297757448,
        1.05318267991197
      ],
      [
        0.0,
        0.0,
        0.0,
        1.0
      ]
    ],
    "location": [
      49.33023703115032,
      -15.691752092834577,
      1.05318267991197
    ],
    "rotation": [
      0.00018430648896302943,
      2.751899399548427e-06,
      -3.121909407585078
    ]
  },
  {
    "label_id": "VdReY6X9Jg2ltRKug7oWkQ",
    "size": [
      0.9147451012860557,
      0.9551121727890859,
      1.67999999999995
    ],
    "obj_class": "pedestrian",
    "point_num_in_lidar": 218,
    "speed": 1.4378862929083704,
    "if_vehicle": false,
    "motion_state": true,
    "pose": [
      [
        0.05254536590554006,
        0.9987496015059834,
        -3.216406582402588e-07,
        7.7215885672685545
      ],
      [
        -0.9987491859005386,
        0.0525457245304848,
        0.00017074549041831913,
        20.25449009559088
      ],
      [
        0.0001842974933534279,
        -3.308462338122754e-06,
        1.0000008297757448,
        1.3397930213603786
      ],
      [
        0.0,
        0.0,
        0.0,
        1.0
      ]
    ],
    "location": [
      7.7215885672685545,
      20.25449009559088,
      1.3397930213603786
    ],
    "rotation": [
      -3.3084595928311597e-06,
      -0.000184297338340372,
      -1.5182336150801279
    ]
  },
  {
    "label_id": "WrQ9WB5nz7yw3pLq2Sx4JA",
    "size": [
      1.9338659153476878,
      4.5722265271665545,
      1.5399999999999636
    ],
    "obj_class": "vehicle",
    "point_num_in_lidar": 1751,
    "speed": 1.1260302250150595e-28,
    "if_vehicle": true,
    "motion_state": false,
    "pose": [
      [
        0.9997148037822815,
        -0.028846023730526364,
        -3.216406582402588e-07,
        3.9391482354367326
      ],
      [
        0.028846392110375995,
        0.9997143967982239,
        0.00017074549041831913,
        -7.48135255913985
      ],
      [
        1.06293891596545e-06,
        -0.00018432412251319713,
        1.0000008297757448,
        0.6174325100624856
      ],
      [
        0.0,
        0.0,
        0.0,
        1.0
      ]
    ],
    "location": [
      3.9391482354367326,
      -7.48135255913985,
      0.6174325100624856
    ],
    "rotation": [
      -0.00018432396747814907,
      -1.0629380159080182e-06,
      0.028846617322197628
    ]
  },
  {
    "label_id": "X8OBaKk4dxIT8dFfdO_PYQ",
    "size": [
      2.1633729765809924,
      5.267996842103457,
      2.6200000000000045
    ],
    "obj_class": "vehicle",
    "point_num_in_lidar": 77,
    "speed": 9.078345880423422e-28,
    "if_vehicle": true,
    "motion_state": false,
    "pose": [
      [
        0.9994498809163932,
        0.036901456918598065,
        -3.216406582402588e-07,
        79.20648300178982
      ],
      [
        -0.036901062594321646,
        0.9994494990157492,
        0.00017074549041831913,
        2.1854113936078647
      ],
      [
        1.3171453517262549e-05,
        -0.00018385598927323976,
        1.0000008297757448,
        1.8009151940414085
      ],
      [
        0.0,
        0.0,
        0.0,
        1.0
      ]
    ],
    "location": [
      79.20648300178982,
      2.1854113936078647,
      1.8009151940414085
    ],
    "rotation": [
      -0.0001838558346425016,
      -1.317144236454035e-05,
      -0.03690461053275597
    ]
  },
  {
    "label_id": "YTw2k0_-8UqolJn4WQRc2g",
    "size": [
      0.7131402618203032,
      0.9424020280400371,
      1.5199999999999818
    ],
    "obj_class": "pedestrian",
    "point_num_in_lidar": 50,
    "speed": 1.5776822008384999,
    "if_vehicle": false,
    "motion_state": true,
    "pose": [
      [
        0.025175877187978656,
        0.9998139612919614,
        -3.216406582402588e-07,
        33.48102678408941
      ],
      [
        -0.9998135556629681,
        0.02517624705938432,
        0.00017074549041831913,
        -16.8896051864358
      ],
      [
        0.00018431897846362218,
        1.739585446947675e-06,
        1.0000008297757448,
        0.9848804293012563
      ],
      [
        0.0,
        0.0,
        0.0,
        1.0
      ]
    ],
    "location": [
      33.48102678408941,
      -16.8896051864358,
      0.9848804293012563
    ],
    "rotation": [
      1.7395840034813082e-06,
      -0.00018431882343273838,
      -1.5456210748160302
    ]
  },
  {
    "label_id": "YZp0XjCF9MO6a2x7szWEXA",
    "size": [
      1.9473680660204535,
      3.8082084000475307,
      1.509999999999991
    ],
    "obj_class": "vehicle",
    "point_num_in_lidar": 103,
    "speed": 5.630151125075297e-29,
    "if_vehicle": true,
    "motion_state": false,
    "pose": [
      [
        0.9982186007483832,
        -0.06181753073722625,
        -3.216406582402588e-07,
        40.33791436673346
      ],
      [
        0.06181788548737897,
        0.9982181818306515,
        0.00017074549041831913,
        -7.056325494018893
      ],
      [
        -5.019713887441457e-06,
        -0.00018425882462418835,
        1.0000008297757448,
        0.8435879912766495
      ],
      [
        0.0,
        0.0,
        0.0,
        1.0
      ]
    ],
    "location": [
      40.33791436673346,
      -7.056325494018893,
      0.8435879912766495
    ],
    "rotation": [
      -0.0001842586696455406,
      5.019709636953195e-06,
      0.06184921901122671
    ]
  },
  {
    "label_id": "_42Q0-0TvA-QU1Ls8X0ApA",
    "size": [
      0.6946825789134405,
      0.9723594347349624,
      1.6100000000000136
    ],
    "obj_class": "pedestrian",
    "point_num_in_lidar": 56,
    "speed": 1.6645987131420226,
    "if_vehicle": false,
    "motion_state": true,
    "pose": [
      [
        0.08722987355992735,
        0.9963195928743079,
        -3.216406582402588e-07,
        9.369823265531522
      ],
      [
        -0.9963191650543102,
        0.0872302175218237,
        0.00017074549041831913,
        24.931238332306748
      ],
      [
        0.0001840711208052503,
        -9.71259310883206e-06,
        1.0000008297757448,
        1.277424908563944
      ],
      [
        0.0,
        0.0,
        0.0,
        1.0
      ]
    ],
    "location": [
      9.369823265531522,
      24.931238332306748,
      1.277424908563944
    ],
    "rotation": [
      -9.712585049259157e-06,
      -0.00018407096598003868,
      -1.4834668717013244
    ]
  },
  {
    "label_id": "aANSRZ5XPxs8mHhsbxTcGg",
    "size": [
      0.8077633193168802,
      0.8146921552102152,
      1.07000000000005
    ],
    "obj_class": "sign",
    "point_num_in_lidar": 34,
    "speed": 5.914543268799663e-28,
    "if_vehicle": false,
    "motion_state": false,
    "pose": [
      [
        -0.009998788572805787,
        -1.0000808998344004,
        -3.216406582402588e-07,
        32.09875471794294
      ],
      [
        1.0000804998656696,
        -0.009999164557846763,
        0.00017074549041831913,
        -28.77031558101953
      ],
      [
        -0.00018427134735707988,
        -4.53679651359519e-06,
        1.0000008297757448,
        0.33896325681484996
      ],
      [
        0.0,
        0.0,
        0.0,
        1.0
      ]
    ],
    "location": [
      32.09875471794294,
      -28.77031558101953,
      0.33896325681484996
    ],
    "rotation": [
      -4.536792749043481e-06,
      0.00018427119236571948,
      1.5807939774195854
    ]
  },
  {
    "label_id": "dWu2dkV959ZVbiXuXYme9A",
    "size": [
      1.9876994670929105,
      4.6193943709231275,
      1.4600000000000364
    ],
    "obj_class": "vehicle",
    "point_num_in_lidar": 4063,
    "speed": 9.078345880423422e-28,
    "if_vehicle": true,
    "motion_state": false,
    "pose": [
      [
        0.9999292821322396,
        0.02008015739509408,
        -3.216406582402588e-07,
        1.6189795424234035
      ],
      [
        -0.020079769552241597,
        0.9999288936510192,
        0.00017074549041831913,
        3.2232138969866355
      ],
      [
        1.0076150989791242e-05,
        -0.00018405157744673048,
        1.0000008297757448,
        0.7562599131498473
      ],
      [
        0.0,
        0.0,
        0.0,
        1.0
      ]
    ],
    "location": [
      1.6189795424234035,
      3.2232138969866355,
      0.7562599131498473
    ],
    "rotation": [
      -0.00018405142264707962,
      -1.0076142457847188e-05,
      -0.02007849102952329
    ]
  },
  {
    "label_id": "dv8sizFeYUT8pYvd3AJspA",
    "size": [
      0.7534326255224577,
      0.8617267602349281,
      0.7999999999999545
    ],
    "obj_class": "sign",
    "point_num_in_lidar": 38,
    "speed": 7.943569681342966e-28,
    "if_vehicle": false,
    "motion_state": false,
    "pose": [
      [
        -0.0021739219839888883,
        1.0001285197661924,
        -3.216406582402588e-07,
        11.993942160672304
      ],
      [
        -1.0001281244031952,
        -0.002173541158783313,
        0.00017074549041831913,
        38.420553210631624
      ],
      [
        0.000184202481244779,
        6.779224341087591e-06,
        1.0000008297757448,
        1.2539886915446914
      ],
      [
        0.0,
        0.0,
        0.0,
        1.0
      ]
    ],
    "location": [
      11.993942160672304,
      38.420553210631624,
      1.2539886915446914
    ],
    "rotation": [
      6.779218715752479e-06,
      -0.00018420232631056313,
      -1.5729699668588306
    ]
  },
  {
    "label_id": "eTLt3z7Tt1__uHa0Pj96uQ",
    "size": [
      0.596902415900762,
      0.5832202862830158,
      0.9800000000000182
    ],
    "obj_class": "sign",
    "point_num_in_lidar": 101,
    "speed": 1.1260300152141262e-28,
    "if_vehicle": false,
    "motion_state": false,
    "pose": [
      [
        0.9986388331219809,
        -0.05461009949886879,
        -3.216406582402588e-07,
        1.7322238762480993
      ],
      [
        0.054610457263811675,
        0.9986384167759919,
        0.00017074549041831913,
        5.192517336621677
      ],
      [
        -3.689477618948336e-06,
        -0.00018429025946668418,
        1.0000008297757448,
        0.7174058294716588
      ],
      [
        0.0,
        0.0,
        0.0,
        1.0
      ]
    ],
    "location": [
      1.7322238762480993,
      5.192517336621677,
      0.7174058294716588
    ],
    "rotation": [
      -0.00018429010446088513,
      3.689474494842575e-06,
      0.0546304795422111
    ]
  },
  {
    "label_id": "hVOvDRfPPYheooNcglGZfw",
    "size": [
      1.968775439042792,
      4.426137945390364,
      1.5
    ],
    "obj_class": "vehicle",
    "point_num_in_lidar": 57,
    "speed": 9.078345906446023e-28,
    "if_vehicle": true,
    "motion_state": false,
    "pose": [
      [
        0.9946373561560725,
        -0.1046819551086337,
        -3.216406582402588e-07,
        51.00903801028835
      ],
      [
        0.10468229151799019,
        0.9946369223721613,
        0.00017074549041831913,
        -6.6161286284041125
      ],
      [
        -1.2937867956751263e-05,
        -0.00018387257422501307,
        1.0000008297757448,
        0.8471909505224176
      ],
      [
        0.0,
        0.0,
        0.0,
        1.0
      ]
    ],
    "location": [
      51.00903801028835,
      -6.6161286284041125,
      0.8471909505224176
    ],
    "rotation": [
      -0.00018387241957995245,
      1.2937857001800832e-05,
      0.10486065329843877
    ]
  },
  {
    "label_id": "hZi4PVr1d8UDd4LN2La8hQ",
    "size": [
      0.6102209059369001,
      0.8683952988068919,
      1.8400000000000318
    ],
    "obj_class": "pedestrian",
    "point_num_in_lidar": 277,
    "speed": 1.5356237127399368,
    "if_vehicle": false,
    "motion_state": true,
    "pose": [
      [
        -0.05538095897660205,
        0.9985963806109753,
        -3.216406582402588e-07,
        5.7506348765746225
      ],
      [
        -0.9985960060690791,
        -0.055380557656150534,
        0.00017074549041831913,
        15.744477954067406
      ],
      [
        0.0001835809187986005,
        1.656979880568022e-05,
        1.0000008297757448,
        1.3172564001212095
      ],
      [
        0.0,
        0.0,
        0.0,
        1.0
      ]
    ],
    "location": [
      5.7506348765746225,
      15.744477954067406,
      1.3172564001212095
    ],
    "rotation": [
      1.656978505495803e-05,
      -0.00018358076438019147,
      -1.626198396435134
    ]
  },
  {
    "label_id": "iYoNqzfcHozgqJVHl7Yxnw",
    "size": [
      1.972967373819462,
      3.9732415768768115,
      1.57000000000005
    ],
    "obj_class": "vehicle",
    "point_num_in_lidar": 32,
    "speed": 9.008241800120476e-28,
    "if_vehicle": true,
    "motion_state": false,
    "pose": [
      [
        0.9993657744168902,
        0.039113052944475826,
        -3.216406582402588e-07,
        50.24420807833849
      ],
      [
        -0.039112657776055604,
        0.9993653933897829,
        0.00017074549041831913,
        2.4158450695213105
      ],
      [
        1.3578276873345752e-05,
        -0.00018382639194780998,
        1.0000008297757448,
        0.9645283534492819
      ],
      [
        0.0,
        0.0,
        0.0,
        1.0
      ]
    ],
    "location": [
      50.24420807833849,
      2.4158450695213105,
      0.9645283534492819
    ],
    "rotation": [
      -0.00018382623734263125,
      -1.3578265376176869e-05,
      -0.03911751526733573
    ]
  },
  {
    "label_id": "ifMXmnBpfdQ88ZpSpy5LIA",
    "size": [
      0.24340906766558196,
      0.052982123451976726,
      0.37999999999999545
    ],
    "obj_class": "sign",
    "point_num_in_lidar": 87,
    "speed": 0.0005781769216399305,
    "if_vehicle": false,
    "motion_state": false,
    "pose": [
      [
        -0.6196973144532872,
        0.7850076562976258,
        -3.216406582402588e-07,
        4.9655040703783015
      ],
      [
        -0.7850075807587024,
        -0.6196967707312923,
        0.00017074549041831913,
        4.902464203651107
      ],
      [
        0.00014064023974735994,
        0.00011915047185472944,
        1.0000008297757448,
        0.8076377541329975
      ],
      [
        0.0,
        0.0,
        0.0,
        1.0
      ]
    ],
    "location": [
      4.9655040703783015,
      4.902464203651107,
      0.8076377541329975
    ],
    "rotation": [
      0.00011915037242278816,
      -0.00014064012112200593,
      -2.239050028351488
    ]
  },
  {
    "label_id": "iwVyTv3GqaEq5Lo6tx5S8A",
    "size": [
      0.8450336275342808,
      1.1945977308094293,
      1.810638297872515
    ],
