[
  {
    "label_id": "-r18nvGJT_LauvErk1VSrg",
    "size": [
      0.7208473821763739,
      2.0829883357271277,
      1.9099999999999682
    ],
    "obj_class": "vehicle",
    "point_num_in_lidar": 48,
    "speed": 5.684341886080801e-13,
    "if_vehicle": true,
    "motion_state": false,
    "pose": [
      [
        -0.0009970028450198099,
        1.0001303666604104,
        -0.00019405064035419987,
        31.48528867817913
      ],
      [
        -1.0001299975484792,
        -0.0009966449932578452,
        -0.00011558495195624461,
        49.96603182844592
      ],
      [
        -0.00010227587623398722,
        0.00019998077246587934,
        1.0000008215376757,
        1.8258470886513578
      ],
      [
        0.0,
        0.0,
        0.0,
        1.0
      ]
    ],
    "location": [
      31.48528867817913,
      49.96603182844592,
      1.8258470886513578
    ],
    "rotation": [
      0.0001999806055083843,
      0.00010227578980883839,
      -1.5717931997186212
    ]
  },
  {
    "label_id": "013Doq8QGPt4_5ps9n1EBQ",
    "size": [
      0.6441504486107359,
      0.9234385820636817,
      1.669999999999959
    ],
    "obj_class": "pedestrian",
    "point_num_in_lidar": 100,
    "speed": 1.5507984019615322,
    "if_vehicle": false,
    "motion_state": true,
    "pose": [
      [
        -0.010955594745272999,
        1.0000708571270025,
        -0.00019405064035419987,
        9.519767409243286
      ],
      [
        -1.0000704915966232,
        -0.010955233235877453,
        -0.00011558495195624461,
        26.433912182179483
      ],
      [
        -0.00010426208303821001,
        0.0001989524623019633,
        1.0000008215376757,
        1.3690823003811374
      ],
      [
        0.0,
        0.0,
        0.0,
        1.0
      ]
    ],
    "location": [
      9.519767409243286,
      26.433912182179483,
      1.3690823003811374
    ],
    "rotation": [
      0.00019895229623017642,
      0.00010426199494180543,
      -1.5817507111261786
    ]
  },
  {
    "label_id": "0VCoeT-jjrIfzTCsOWz20A",
    "size": [
      0.7544329631618892,
      1.043993850799436,
      0.9800000000000182
    ],
    "obj_class": "sign",
    "point_num_in_lidar": 198,
    "speed": 5.687116766346677e-13,
    "if_vehicle": false,
    "motion_state": false,
    "pose": [
      [
        -0.1029003998545518,
        0.9948232265285795,
        -0.00019405064035419987,
        11.692034577414233
      ],
      [
        -0.994822895801242,
        -0.10290000625459046,
        -0.00011558495195624461,
        11.077785658495486
      ],
      [
        -0.00012212064473267732,
        0.00018851846685551715,
        1.0000008215376757,
        0.7167127426126854
      ],
      [
        0.0,
        0.0,
        0.0,
        1.0
      ]
    ],
    "location": [
      11.692034577414233,
      11.077785658495486,
      0.7167127426126854
    ],
    "rotation": [
      0.0001885183097473609,
      0.0001221205416289402,
      -1.6738656887746162
    ]
  },
  {
    "label_id": "0_HBXNo3olLueqYvkPohlg",
    "size": [
      1.7479682991906935,
      3.9316593479287927,
      1.7000000000000455
    ],
    "obj_class": "vehicle",
    "point_num_in_lidar": 59,
    "speed": 1.7763568394002505e-14,
    "if_vehicle": true,
    "motion_state": false,
    "pose": [
      [
        0.9998872967505645,
        -0.02207120585307645,
        -0.00019405064035419987,
        56.57756348679686
      ],
      [
        0.022071555096095572,
        0.9998869194830005,
        -0.00011558495195624461,
        -6.0365916970295075
      ],
      [
        0.00020228655797140563,
        9.763612384543719e-05,
        1.0000008215376757,
        1.0278955624406763
      ],
      [
        0.0,
        0.0,
        0.0,
        1.0
      ]
    ],
    "location": [
      56.57756348679686,
      -6.0365916970295075,
      1.0278955624406763
    ],
    "rotation": [
      9.763604332350064e-05,
      -0.0002022863880621642,
      0.02207045866943381
    ]
  },
  {
    "label_id": "2-A6zakvKX2opVnyx9gplQ",
    "size": [
      0.7707275497538422,
      1.107612320671707,
      1.7999999999999545
    ],
    "obj_class": "pedestrian",
    "point_num_in_lidar": 39,
    "speed": 0.3408072785890621,
    "if_vehicle": false,
    "motion_state": false,
    "pose": [
      [
        -0.9704156466895021,
        -0.2419818526070823,
        -0.00019405064035419987,
        30.776113503439774
      ],
      [
        0.24198141635180012,
        -0.9704153746916525,
        -0.00011558495195624461,
        8.645220939168212
      ],
      [
        -0.00016944048697058902,
        -0.00014745367269298283,
        1.0000008215376757,
        1.1492314141802353
      ],
      [
        0.0,
        0.0,
        0.0,
        1.0
      ]
    ],
    "location": [
      30.776113503439774,
      8.645220939168212,
      1.1492314141802353
    ],
    "rotation": [
      -0.00014745355048566278,
      0.00016944034430538114,
      2.897217820710593
    ]
  },
  {
    "label_id": "2OYKagQRfCdaOXgU5RkMBA",
    "size": [
      0.8627759996271249,
      0.6348824674672757,
      1.1499999999999773
    ],
    "obj_class": "sign",
    "point_num_in_lidar": 47,
    "speed": 0.002460917551624786,
    "if_vehicle": false,
    "motion_state": false,
    "pose": [
      [
        0.015360387124928754,
        1.000012901335944,
        -0.00019405064035419987,
        30.414686844038442
      ],
      [
        -1.000012526420673,
        0.015360738891955064,
        -0.00011558495195624461,
        12.432256590333054
      ],
      [
        -9.899148600508697e-05,
        0.0002016267589234718,
        1.0000008215376757,
        0.6847248751653296
      ],
      [
        0.0,
        0.0,
        0.0,
        1.0
      ]
    ],
    "location": [
      30.414686844038442,
      12.432256590333054,
      0.6847248751653296
    ],
    "rotation": [
      0.00020162659054736808,
      9.899140234440697e-05,
      -1.5554373399127424
    ]
  },
  {
    "label_id": "2SYmRAjI0pCOwp2XYemMBQ",
    "size": [
      0.9588610015812891,
      0.6083173834498694,
      1.67999999999995
    ],
    "obj_class": "pedestrian",
    "point_num_in_lidar": 345,
    "speed": 0.003187523450055701,
    "if_vehicle": false,
    "motion_state": false,
    "pose": [
      [
        0.9978327100445219,
        0.06776154585135438,
        -0.00019405064035419987,
        11.808359312164612
      ],
      [
        -0.06776116415669292,
        0.9978323656454994,
        -0.00011558495195624461,
        7.220730705885217
      ],
      [
        0.00019270691429445865,
        0.00011539804763767809,
        1.0000008215376757,
        0.8785764082939522
      ],
      [
        0.0,
        0.0,
        0.0,
        1.0
      ]
    ],
    "location": [
      11.808359312164612,
      7.220730705885217,
      0.8785764082939522
    ],
    "rotation": [
      0.00011539795232167264,
      -0.00019270675231004467,
      -0.06780424169920136
    ]
  },
  {
    "label_id": "3083QteOhZ_vSpxmP0XK-Q",
    "size": [
      0.819829578174413,
      0.7789331854908985,
      1.2000000000000455
    ],
    "obj_class": "sign",
    "point_num_in_lidar": 47,
    "speed": 1.9915012144332625e-12,
    "if_vehicle": false,
    "motion_state": false,
    "pose": [
      [
        -0.0362753983995189,
        0.9994727809209796,
        -0.00019405064035419987,
        28.956059697718956
      ],
      [
        -0.9994724246617723,
        -0.036275027750252535,
        -0.00011558495195624461,
        14.902581722366449
      ],
      [
        -0.0001092664315265377,
        0.00019624859529926788,
        1.0000008215376757,
        0.7363255909369855
      ],
      [
        0.0,
        0.0,
        0.0,
        1.0
      ]
    ],
    "location": [
      28.956059697718956,
      14.902581722366449,
      0.7363255909369855
    ],
    "rotation": [
      0.0001962484315543843,
      0.0001092663392211611,
      -1.6070749490222807
    ]
  },
  {
    "label_id": "3mqY30kFisxCydiO2pKjPA",
    "size": [
      0.8321203191365439,
      1.0700067716390604,
      1.7200000000000273
    ],
    "obj_class": "pedestrian",
    "point_num_in_lidar": 59,
    "speed": 1.6408480268153995,
    "if_vehicle": false,
    "motion_state": true,
    "pose": [
      [
        0.06412331624489655,
        0.9980731158811549,
        -0.00019405064035419987,
        33.16021508455924
      ],
      [
        -0.9980727242528118,
        0.06412364930456414,
        -0.00011558495195624461,
        -16.594952827243105
      ],
      [
        -8.903816701948278e-05,
        0.0002062155887155245,
        1.0000008215376757,
        0.8731508487317114
      ],
      [
        0.0,
        0.0,
        0.0,
        1.0
      ]
    ],
    "location": [
      33.16021508455924,
      -16.594952827243105,
      0.8731508487317114
    ],
    "rotation": [
      0.00020621541637869857,
      8.903809174287909e-05,
      -1.5066373678406977
    ]
  },
  {
    "label_id": "45vGTk6HpmeCTR2Etiwq8w",
    "size": [
      0.7077057722273472,
      0.7957618448156345,
      1.07000000000005
    ],
    "obj_class": "sign",
    "point_num_in_lidar": 26,
    "speed": 2.2743611691451335e-12,
    "if_vehicle": false,
    "motion_state": false,
    "pose": [
      [
        -1.0000520376896456,
        0.012556521960656692,
        -0.00019405064035419987,
        41.39408693910627
      ],
      [
        -0.012556874777476124,
        -1.0000516637621213,
        -0.00011558495195624461,
        4.351726368609889
      ],
      [
        -0.00020134841719419888,
        -9.955641169141876e-05,
        1.0000008215376757,
        0.6758744546190201
      ],
      [
        0.0,
        0.0,
        0.0,
        1.0
      ]
    ],
    "location": [
      41.39408693910627,
      4.351726368609889,
      0.6758744546190201
    ],
    "rotation": [
      -9.95563295732266e-05,
      0.00020134824806023523,
      -3.1290370920124824
    ]
  },
  {
    "label_id": "4BPsEUa8pjB_nYeEbm-YSA",
    "size": [
      0.8876985042483436,
      1.0727947770953707,
      1.7511702127660556
    ],
    "obj_class": "pedestrian",
    "point_num_in_lidar": 374,
    "speed": 1.1694132235597368,
    "if_vehicle": false,
    "motion_state": true,
    "pose": [
      [
        0.08600141376008186,
        0.9964263651480864,
        -0.00019405064035419987,
        10.017614508844417
      ],
      [
        -0.9964259663080477,
        0.08600173814893027,
        -0.00011558495195624461,
        10.752530781843234
      ],
      [
        -8.449324001254752e-05,
        0.00020811909236699425,
        1.0000008215376757,
        1.1555426682652978
      ],
      [
        0.0,
        0.0,
        0.0,
        1.0
      ]
    ],
    "location": [
      10.017614508844417,
      10.752530781843234,
      1.1555426682652978
    ],
    "rotation": [
      0.0002081189183846741,
      8.449316856730946e-05,
      -1.4846998045948274
    ]
  },
  {
    "label_id": "6cJfOa0GEVIor5deOQECIw",
    "size": [
      0.8707727370742557,
      1.1612597197178984,
      1.8100000000000591
    ],
    "obj_class": "pedestrian",
    "point_num_in_lidar": 135,
    "speed": 1.8455096185979663,
    "if_vehicle": false,
    "motion_state": true,
    "pose": [
      [
        -0.10827788341547702,
        0.9942523041431811,
        -0.00019405064035419987,
        8.44936620547196
      ],
      [
        -0.9942519755488647,
        -0.10827748803303361,
        -0.00011558495195624461,
        27.250355297815986
      ],
      [
        -0.00012313817488200833,
        0.00018785540743403633,
        1.0000008215376757,
        1.4433568716282252
      ],
      [
        0.0,
        0.0,
        0.0,
        1.0
      ]
    ],
    "location": [
      8.44936620547196,
      27.250355297815986,
      1.4433568716282252
    ],
    "rotation": [
      0.00018785525089408972,
      0.00012313807092431483,
      -1.6792726951104298
    ]
  },
  {
    "label_id": "8IZ7fkXm0FDeUdEuJAqSlA",
    "size": [
      0.744691488913394,
      1.0496260774128139,
      1.7300000000000182
    ],
    "obj_class": "pedestrian",
    "point_num_in_lidar": 110,
    "speed": 0.04982224990631884,
    "if_vehicle": false,
    "motion_state": false,
    "pose": [
      [
        -0.9932297643298494,
        -0.1172875934625307,
        -0.00019405064035419987,
        28.32181209942246
      ],
      [
        0.11728719511721236,
        -0.9932294393336822,
        -0.00011558495195624461,
        8.298922410725936
      ],
      [
        -0.0001867312826885729,
        -0.00012483626188315692,
        1.0000008215376757,
        1.0402079004772986
      ],
      [
        0.0,
        0.0,
        0.0,
        1.0
      ]
    ],
    "location": [
      28.32181209942246,
      8.298922410725936,
      1.0402079004772986
    ],
    "rotation": [
      -0.00012483615867706375,
      0.00018673112565655418,
      3.024050321805249
    ]
  },
  {
    "label_id": "8k1Wkk08druqr8A5YTrqFQ",
    "size": [
      2.1684109006720282,
      4.238163060626746,
      1.7100000000000364
    ],
    "obj_class": "vehicle",
    "point_num_in_lidar": 224,
    "speed": 8.543149943144391e-13,
    "if_vehicle": true,
    "motion_state": false,
    "pose": [
      [
        1.0000429563613513,
        -0.013260081561158914,
        -0.00019405064035419987,
        38.78092836592805
      ],
      [
        0.013260434114823229,
        1.000042582185704,
        -0.00011558495195624461,
        2.434997890555678
      ],
      [
        0.00020141840789944857,
        9.94147331874471e-05,
        1.0000008215376757,
        0.9699979189847454
      ],
      [
        0.0,
        0.0,
        0.0,
        1.0
      ]
    ],
    "location": [
      38.78092836592805,
      2.434997890555678,
      0.9699979189847454
    ],
    "rotation": [
      9.941465118705132e-05,
      -0.00020141823870763865,
      0.013259087467093485
    ]
  },
  {
    "label_id": "A4kzX4tBck4XcFuUOPA6Lg",
    "size": [
      0.7530091452413504,
      1.132073132049114,
      1.8246200607903802
    ],
    "obj_class": "pedestrian",
    "point_num_in_lidar": 419,
    "speed": 1.2899056602669392,
    "if_vehicle": false,
    "motion_state": true,
    "pose": [
      [
        0.024090824909281314,
        -0.9998406755509353,
        -0.00019405064035419987,
        13.162388721240859
      ],
      [
        0.9998403148006048,
        0.024090458629742698,
        -0.00011558495195624461,
        1.4607361787075206
      ],
      [
        0.0001068663774930981,
        -0.00019756579050276605,
        1.0000008215376757,
        1.0187770034743835
      ],
      [
        0.0,
        0.0,
        0.0,
        1.0
      ]
    ],
    "location": [
      13.162388721240859,
      1.4607361787075206,
      1.0187770034743835
    ],
    "rotation": [
      -0.00019756562562468693,
      -0.0001068662872059842,
      1.5467063154462626
    ]
  },
  {
    "label_id": "AWjsPzPKZ7MTv8Ta3AXBbQ",
    "size": [
      2.106078352137215,
      4.515543669845269,
      1.4600000000000364
    ],
    "obj_class": "vehicle",
    "point_num_in_lidar": 96,
    "speed": 2.847716647714797e-13,
    "if_vehicle": true,
    "motion_state": false,
    "pose": [
      [
        0.9962630130724779,
        -0.08787350632988246,
        -0.00019405064035419987,
        44.89225538834944
      ],
      [
        0.0878738299687542,
        0.9962626136236299,
        -0.00011558495195624461,
        -6.917366334493636
      ],
      [
        0.00020827748432773236,
        8.410204359937726e-05,
        1.0000008215376757,
        0.834309987682218
      ],
      [
        0.0,
        0.0,
        0.0,
        1.0
      ]
    ],
    "location": [
      44.89225538834944,
      -6.917366334493636,
      0.834309987682218
    ],
    "rotation": [
      8.41019743081482e-05,
      -0.0002082773094718341,
      0.0879757704559874
    ]
  },
  {
    "label_id": "AhVLDKKFO3nP9YBAG8x0pw",
    "size": [
      1.9318567274618792,
      4.066022807258439,
      1.509999999999991
    ],
    "obj_class": "vehicle",
    "point_num_in_lidar": 195,
    "speed": 2.929642751054232e-13,
    "if_vehicle": true,
    "motion_state": false,
    "pose": [
      [
        0.028928137765760923,
        -0.9997124122348213,
        -0.00019405064035419987,
        27.15428985314975
      ],
      [
        0.9997120532609077,
        0.02892776974506758,
        -0.00011558495195624461,
        27.835712820115077
      ],
      [
        0.000107821022172392,
        -0.000197046419386855,
        1.0000008215376757,
        1.274933260911439
      ],
      [
        0.0,
        0.0,
        0.0,
        1.0
      ]
    ],
    "location": [
      27.15428985314975,
      27.835712820115077,
      1.274933260911439
    ],
    "rotation": [
      -0.00019704625495567738,
      -0.00010782093108242012,
      1.5418679291667483
    ]
  },
  {
    "label_id": "Aof9zDLMpOMBf2RZkTgB1g",
    "size": [
      0.6466332595231463,
      2.732983268659154,
      3.449999999999932
    ],
    "obj_class": "vehicle",
    "point_num_in_lidar": 108,
    "speed": 1.0658141036401503e-13,
    "if_vehicle": true,
    "motion_state": false,
    "pose": [
      [
        -0.04927751685995343,
        -0.9989161479639205,
        -0.00019405064035419987,
        31.202282628079047
      ],
      [
        0.9989157613305801,
        -0.04927785570528904,
        -0.00011558495195624461,
        58.68852079512362
      ],
      [
        9.209420740621083e-05,
        -0.00020486903420893662,
        1.0000008215376757,
        2.6297984345876557
      ],
      [
        0.0,
        0.0,
        0.0,
        1.0
      ]
    ],
    "location": [
      31.202282628079047,
      58.68852079512362,
      2.6297984345876557
    ],
    "rotation": [
      -0.00020486886303524383,
      -9.209412955439873e-05,
      1.620087372110898
    ]
  },
  {
    "label_id": "D4oNfIFt1uglPBdg5a6p8A",
    "size": [
      0.7866540548383759,
      0.5817703374645078,
      1.6200000000000045
    ],
    "obj_class": "pedestrian",
    "point_num_in_lidar": 20,
    "speed": 1.2073412908222005,
    "if_vehicle": false,
    "motion_state": true,
    "pose": [
      [
        -0.9984016499534109,
        -0.05878681570953569,
        -0.00019405064035419987,
        75.46177289706611
      ],
      [
        0.05878643712696023,
        -0.9984013021363112,
        -0.00011558495195624461,
        -14.551428355953249
      ],
      [
        -0.0001937367232957299,
        -0.0001136606627735091,
        1.0000008215376757,
        1.53398968912893
      ],
      [
        0.0,
        0.0,
        0.0,
        1.0
      ]
    ],
    "location": [
      75.46177289706611,
      -14.551428355953249,
      1.53398968912893
    ],
    "rotation": [
      -0.00011366056890761922,
      0.00019373656045853526,
      3.082780008239631
    ]
  },
  {
    "label_id": "DMyvJcDBgX_UfZY7i4gQUg",
    "size": [
      2.201017544722988,
      5.031357921109429,
      1.7300000000000182
    ],
    "obj_class": "vehicle",
    "point_num_in_lidar": 6770,
    "speed": 5.709267256288867e-13,
    "if_vehicle": true,
    "motion_state": false,
    "pose": [
      [
        0.9990210668251898,
        -0.04710257286412216,
        -0.00019405064035419987,
        2.3001913652460644
      ],
      [
        0.047102912550427714,
        0.9990206809304953,
        -0.00011558495195624461,
        -3.5257898512136308
      ],
      [
        0.00020466804234728909,
        9.254002732444051e-05,
        1.0000008215376757,
        0.8381869774766528
      ],
      [
        0.0,
        0.0,
        0.0,
        1.0
      ]
    ],
    "location": [
      2.3001913652460644,
      -3.5257898512136308,
      0.8381869774766528
    ],
    "rotation": [
      9.253995103522433e-05,
      -0.0002046678704707949,
      0.0471141768606188
    ]
  },
  {
    "label_id": "FaLjVnzgLbkn0NFfVlonZw",
    "size": [
      3.1341412423592154,
      4.451840989787582,
      3.0799999999999272
    ],
    "obj_class": "vehicle",
    "point_num_in_lidar": 1149,
    "speed": 8.528363000094291e-13,
    "if_vehicle": true,
    "motion_state": false,
    "pose": [
      [
        -0.04776746901925404,
        -0.998989496058119,
        -0.00019405064035419987,
        30.018178144780904
      ],
      [
        0.9989891099374291,
        -0.04776780844864906,
        -0.00011558495195624461,
        17.92193606694491
      ],
      [
        9.24037883499065e-05,
        -0.00020472958778365577,
        1.0000008215376757,
        1.8106023087635776
      ],
      [
        0.0,
        0.0,
        0.0,
        1.0
      ]
    ],
    "location": [
      30.018178144780904,
      17.92193606694491,
      1.8106023087635776
    ],
    "rotation": [
      -0.00020472941673037215,
      -9.240371023726988e-05,
      1.6185757410033899
    ]
  },
  {
    "label_id": "GZswbdmDQZSe88ajnioK_g",
    "size": [
      1.150574082137358,
      4.713684939172988,
      4.259999999999991
    ],
    "obj_class": "vehicle",
    "point_num_in_lidar": 195,
    "speed": 5.709267256288867e-13,
    "if_vehicle": true,
    "motion_state": false,
    "pose": [
      [
        0.03894440866800948,
        0.9993723417047619,
        -0.00019405064035419987,
        30.942577984707896
      ],
      [
        -0.999371958596328,
        0.038944751493663735,
        -0.00011558495195624461,
        40.37617580036931
      ],
      [
        -9.420797289178034e-05,
        0.0002039056695119109,
        1.0000008215376757,
        2.8291327359690968
      ],
      [
        0.0,
        0.0,
        0.0,
        1.0
      ]
    ],
    "location": [
      30.942577984707896,
      40.37617580036931,
      2.8291327359690968
    ],
    "rotation": [
      0.00020390549916990161,
      9.420789325928033e-05,
      -1.5318471518099777
    ]
  },
  {
    "label_id": "L5HBM5tSKtNA4qHegDQk8Q",
    "size": [
      0.9577723394247167,
      0.9858486719012957,
      1.6399999999999864
    ],
    "obj_class": "pedestrian",
    "point_num_in_lidar": 29,
    "speed": 1.6939627041159266,
    "if_vehicle": false,
    "motion_state": true,
    "pose": [
      [
        0.004002975395096692,
        -1.0001228527130785,
        -0.00019405064035419987,
        34.41278355754184
      ],
      [
        1.0001224846783687,
        0.004002616435553656,
        -0.00011558495195624461,
        25.696159762055686
      ],
      [
        0.00010287647353125346,
        -0.00019967247033392818,
        1.0000008215376757,
        1.5757015118688287
      ],
      [
        0.0,
        0.0,
        0.0,
        1.0
      ]
    ],
    "location": [
      34.41278355754184,
      25.696159762055686,
      1.5757015118688287
    ],
    "rotation": [
      -0.00019967230364202545,
      -0.0001028763866007006,
      1.5667938630158216
    ]
  },
  {
    "label_id": "NeHt8l-Xg_tze4fm4Zzhag",
    "size": [
      0.8686749354366607,
      0.8296750162009441,
      1.82000000000005
    ],
    "obj_class": "pedestrian",
    "point_num_in_lidar": 551,
    "speed": 2.9777166713245524e-13,
    "if_vehicle": false,
    "motion_state": false,
    "pose": [
      [
        0.9580343788700247,
        0.28710951435660553,
        -0.00019405064035419987,
        1.4403172654947412
      ],
      [
        -0.2871090658557777,
        0.9580341275763543,
        -0.00011558495195624461,
        10.620396654798242
      ],
      [
        0.00016235766482186758,
        0.00015521808170786814,
        1.0000008215376757,
        1.2407231822055564
      ],
      [
        0.0,
        0.0,
        0.0,
        1.0
      ]
    ],
    "location": [
      1.4403172654947412,
      10.620396654798242,
      1.2407231822055564
    ],
    "rotation": [
      0.00015521795294393546,
      -0.00016235752805665026,
      -0.2911682891253543
    ]
  },
  {
    "label_id": "Nx3jDnV5BFvG2rNbAk93sw",
    "size": [
      0.7698546864134828,
      0.8128752011552611,
      1.0900000000000318
    ],
    "obj_class": "sign",
    "point_num_in_lidar": 106,
    "speed": 0.0009001895981647587,
    "if_vehicle": false,
    "motion_state": false,
    "pose": [
      [
        -0.003587411587697029,
        1.0001244296631597,
        -0.00019405064035419987,
        12.060965046559431
      ],
      [
        -1.0001240614793294,
        -0.003587052781108013,
        -0.00011558495195624461,
        14.615326257215202
      ],
      [
        -0.00010279349826005057,
        0.00019971519954910933,
        1.0000008215376757,
        0.8376254190784493
      ],
      [
        0.0,
        0.0,
        0.0,
        1.0
      ]
    ],
    "location": [
      12.060965046559431,
      14.615326257215202,
      0.8376254190784493
    ],
    "rotation": [
      0.00019971503282039904,
      0.00010279341139931937,
      -1.574383277994634
    ]
  },
  {
    "label_id": "OkBzhxzagapiYam_4NK-9A",
    "size": [
      0.9161349937327291,
      0.864239601718528,
      1.8799999999999955
    ],
    "obj_class": "pedestrian",
    "point_num_in_lidar": 123,
    "speed": 0.00449088194418064,
    "if_vehicle": false,
    "motion_state": false,
    "pose": [
      [
        -0.9934510594697445,
        -0.1153981662306731,
        -0.00019405064035419987,
        29.975080928377793
      ],
      [
        0.11539776850424814,
        -0.9934507337164755,
        -0.00011558495195624461,
        -11.655189491926649
      ],
      [
        -0.00018696839503494126,
        -0.00012448085585156253,
        1.0000008215376757,
        0.9221493657283872
      ],
      [
        0.0,
        0.0,
        0.0,
        1.0
      ]
    ],
    "location": [
      29.975080928377793,
      -11.655189491926649,
      0.9221493657283872
    ],
    "rotation": [
      -0.00012448075294297148,
      0.00018696823780628365,
      3.0259524151022927
    ]
  },
  {
    "label_id": "Qk60fGhJPpHJTNmg9RXYjQ",
    "size": [
      0.8607130812111669,
      0.8401418131687414,
      2.2000000000000455
    ],
    "obj_class": "pedestrian",
    "point_num_in_lidar": 24,
    "speed": 1.4728158665789464,
    "if_vehicle": false,
    "motion_state": true,
    "pose": [
      [
        -0.9980906581774698,
        -0.06384968590232433,
        -0.00019405064035419987,
        57.36360867129042
      ],
      [
        0.06384930556058258,
        -0.9980903122849131,
        -0.00011558495195624461,
        -15.744802285413243
      ],
      [
        -0.00019315777508894217,
        -0.0001146417818169671,
        1.0000008215376757,
        1.0840867388211564
      ],
      [
        0.0,
        0.0,
        0.0,
        1.0
      ]
    ],
    "location": [
      57.36360867129042,
      -15.744802285413243,
      1.0840867388211564
    ],
    "rotation": [
      -0.0001146416871322671,
      0.00019315761273114697,
      3.0777082554611814
    ]
  },
  {
    "label_id": "WrQ9WB5nz7yw3pLq2Sx4JA",
    "size": [
      1.933865915347689,
      4.5722265271665545,
      1.5399999999999636
    ],
    "obj_class": "vehicle",
    "point_num_in_lidar": 1747,
    "speed": 8.881784197001252e-14,
    "if_vehicle": true,
    "motion_state": false,
    "pose": [
      [
        0.9997147584130381,
        -0.0288469433757045,
        -0.00019405064035419987,
        3.9391482354349137
      ],
      [
        0.028847290053958155,
        0.9997143787873147,
        -0.00011558495195624461,
        -7.481352559141669
      ],
      [
        0.0002029435934338496,
        9.626298405740225e-05,
        1.0000008215376757,
        0.6174325100627129
      ],
      [
        0.0,
        0.0,
        0.0,
        1.0
      ]
    ],
    "location": [
      3.9391482354349137,
      -7.481352559141669,
      0.6174325100627129
    ],
    "rotation": [
      9.626290467645747e-05,
      -0.00020294342298174126,
      0.028847516083147614
    ]
  },
  {
    "label_id": "X8OBaKk4dxIT8dFfdO_PYQ",
    "size": [
      2.163372976580992,
      5.267996842103457,
      2.6200000000000045
    ],
    "obj_class": "vehicle",
    "point_num_in_lidar": 77,
    "speed": 5.728578676879116e-13,
    "if_vehicle": true,
    "motion_state": false,
    "pose": [
      [
        0.9994498960694488,
        0.03690053627967819,
        -0.00019405064035419987,
        79.206483001788
      ],
      [
        -0.036900165407653236,
        0.9994495400421433,
        -0.00011558495195624461,
        2.1854113936060457
      ],
      [
        0.00019618021351855934,
        0.00010938915869176629,
        1.0000008215376757,
        1.800915194041636
      ],
      [
        0.0,
        0.0,
        0.0,
        1.0
      ]
    ],
    "location": [
      79.206483001788,
      2.1854113936060457,
      1.800915194041636
    ],
    "rotation": [
      0.00010938906838820957,
      -0.00019618004865874452,
      -0.03690371351526402
    ]
  },
  {
    "label_id": "YTw2k0_-8UqolJn4WQRc2g",
    "size": [
      0.7131402618202719,
      0.9424020280400371,
      1.5199999999999818
    ],
    "obj_class": "pedestrian",
    "point_num_in_lidar": 59,
    "speed": 1.496669956774662,
    "if_vehicle": false,
    "motion_state": true,
    "pose": [
      [
        -0.024761511178175363,
        0.9998242905106542,
        -0.00019405064035419987,
        33.19904216392206
      ],
      [
        -0.9998239300061047,
        -0.02476114465672837,
        -0.00011558495195624461,
        -8.549805165228463
      ],
      [
        -0.00010699888029820715,
        0.0001974940602408325,
        1.0000008215376757,
        0.9802999084014345
      ],
      [
        0.0,
        0.0,
        0.0,
        1.0
      ]
    ],
    "location": [
      33.19904216392206,
      -8.549805165228463,
      0.9802999084014345
    ],
    "rotation": [
      0.0001974938954244812,
      0.0001069987898996523,
      -1.595557136993229
    ]
  },
  {
    "label_id": "YZp0XjCF9MO6a2x7szWEXA",
    "size": [
      1.9473680660204522,
      3.8082084000475307,
      1.509999999999991
    ],
    "obj_class": "vehicle",
    "point_num_in_lidar": 116,
    "speed": 1.1390866590859189e-12,
    "if_vehicle": true,
    "motion_state": false,
    "pose": [
      [
        0.9982185250586576,
        -0.061818448384591225,
        -0.00019405064035419987,
        40.33791436673346
      ],
      [
        0.06181878234769789,
        0.9982181342004421,
        -0.00011558495195624461,
        -7.056325494018893
      ],
      [
        0.00020600943676860227,
        8.951411161242901e-05,
        1.0000008215376757,
        0.8435879912767632
      ],
      [
        0.0,
        0.0,
        0.0,
        1.0
      ]
    ],
    "location": [
      40.33791436673346,
      -7.056325494018893,
      0.8435879912767632
    ],
    "rotation": [
      8.951403783418931e-05,
      -0.0002060092637845439,
      0.06185011871730991
    ]
  },
  {
    "label_id": "Yyu039jUMIJ4gI_2-mTkSg",
    "size": [
      1.095267529373377,
      1.1481994723012645,
      1.759999999999991
    ],
    "obj_class": "pedestrian",
    "point_num_in_lidar": 27,
    "speed": 1.4862740912458785,
    "if_vehicle": false,
    "motion_state": true,
    "pose": [
      [
        0.04015286767596402,
        -0.9993245176359663,
        -0.00019405064035419987,
        33.90870021543196
      ],
      [
        0.999324162817481,
        0.04015249564727717,
        -0.00011558495195624461,
        18.240665252422332
      ],
      [
        0.00011002701204852339,
        -0.00019582318768510032,
        1.0000008215376757,
        1.3529306051973435
      ],
      [
        0.0,
        0.0,
        0.0,
        1.0
      ]
    ],
    "location": [
      33.90870021543196,
      18.240665252422332,
      1.3529306051973435
    ],
    "rotation": [
      -0.0001958230243060532,
      -0.00011002691910368714,
      1.5306379057127413
    ]
  },
  {
    "label_id": "ZyK_iICxQsEYdJLxMFTw7w",
    "size": [
      0.9212612327106051,
      0.9766455606441014,
      1.740000000000009
    ],
    "obj_class": "pedestrian",
    "point_num_in_lidar": 47,
    "speed": 1.5599729528290858,
    "if_vehicle": false,
    "motion_state": true,
    "pose": [
      [
        0.191760702395998,
        0.981575049269058,
        -0.00019405064035419987,
        33.02559276856118
      ],
      [
        -0.9815746181131275,
        0.19176098240682798,
        -0.00011558495195624461,
        -27.59639334338135
      ],
      [
        -6.181964073837334e-05,
        0.000215942113156417,
        1.0000008215376757,
        0.7702227288905306
      ],
      [
        0.0,
        0.0,
        0.0,
        1.0
      ]
    ],
    "location": [
      33.02559276856118,
      -27.59639334338135,
      0.7702227288905306
    ],
    "rotation": [
      0.00021594193239545743,
      6.181958843114781e-05,
      -1.3778659806681226
    ]
  },
  {
    "label_id": "aANSRZ5XPxs8mHhsbxTcGg",
    "size": [
      0.807763319316885,
      0.8146921552102152,
      1.07000000000005
    ],
    "obj_class": "sign",
    "point_num_in_lidar": 33,
    "speed": 8.533911106286719e-13,
    "if_vehicle": false,
    "motion_state": false,
    "pose": [
      [
        -0.009999708909725598,
        -1.0000808718062162,
        -0.00019405064035419987,
        32.09871577685226
      ],
      [
        1.000080498781939,
        -0.010000062681389643,
        -0.00011558495195624461,
        -28.770464277906285
      ],
      [
        0.000100070861530835,
        -0.00020109322934389547,
        1.0000008215376757,
        0.348843769364521
      ],
      [
        0.0,
        0.0,
        0.0,
        1.0
      ]
    ],
    "location": [
      32.09871577685226,
      -28.770464277906285,
      0.348843769364521
    ],
    "rotation": [
      -0.00020109306142773842,
      -0.0001000707769615259,
      1.58079489760127
    ]
  },
  {
    "label_id": "dWu2dkV959ZVbiXuXYme9A",
    "size": [
      1.98769946709291,
      4.6193943709231275,
      1.4600000000000364
    ],
    "obj_class": "vehicle",
    "point_num_in_lidar": 4043,
    "speed": 8.881784197001252e-14,
    "if_vehicle": true,
    "motion_state": false,
    "pose": [
      [
        0.9999292817930947,
        0.020079236631548928,
        -0.00019405064035419987,
        1.6189795424215845
      ],
      [
        -0.020078871802300658,
        0.9999289195761419,
        -0.00011558495195624461,
        3.2232138969829975
      ],
      [
        0.0001979929519436694,
        0.00010607287681641994,
        1.0000008215376757,
        0.756259913149961
      ],
      [
        0.0,
        0.0,
        0.0,
        1.0
      ]
    ],
    "location": [
      1.6189795424215845,
      3.2232138969829975,
      0.756259913149961
    ],
    "rotation": [
      0.0001060727892758031,
      -0.00019799278558410062,
      -0.02007759358478367
    ]
  },
  {
    "label_id": "dv8sizFeYUT8pYvd3AJspA",
    "size": [
      0.7534326255224592,
      0.8617267602349281,
      0.7999999999999545
    ],
    "obj_class": "sign",
    "point_num_in_lidar": 52,
    "speed": 1.1370071466249427e-12,
    "if_vehicle": false,
    "motion_state": false,
    "pose": [
      [
        -0.0021730013741092205,
        1.000128502941491,
        -0.00019405064035419987,
        11.993942160672304
      ],
      [
        -1.0001281342505937,
        -0.002172643088575893,
        -0.00011558495195624461,
        38.420553210627986
      ],
      [
        -0.00010251095210677826,
        0.00019986037354523684,
        1.0000008215376757,
        1.253988691544805
      ],
      [
        0.0,
        0.0,
        0.0,
        1.0
      ]
    ],
    "location": [
      11.993942160672304,
      38.420553210627986,
      1.253988691544805
    ],
    "rotation": [
      0.0001998602066914661,
      0.00010251086548380814,
      -1.572969046349843
    ]
  },
  {
    "label_id": "eTLt3z7Tt1__uHa0Pj96uQ",
    "size": [
      0.5969024159007614,
      0.5832202862830158,
      0.9800000000000182
    ],
    "obj_class": "sign",
    "point_num_in_lidar": 99,
    "speed": 2.5585089000282873e-12,
    "if_vehicle": false,
    "motion_state": false,
    "pose": [
      [
        0.9986387640584301,
        -0.05461101766870364,
        -0.00019405064035419987,
        1.7322238762480993
      ],
      [
        0.05461135444458934,
        0.9986383756211712,
        -0.00011558495195624461,
        5.19251733661622
      ],
      [
        0.0002053578954695667,
        9.099889550862628e-05,
        1.0000008215376757,
        0.7174058294717724
      ],
      [
        0.0,
        0.0,
        0.0,
        1.0
      ]
    ],
    "location": [
      1.7322238762480993,
      5.19251733661622,
      0.7174058294717724
    ],
    "rotation": [
      9.099882049848602e-05,
      -0.00020535772302342762,
      0.054631379037879145
    ]
  },
  {
    "label_id": "hVOvDRfPPYheooNcglGZfw",
    "size": [
      1.9687754390427916,
      4.426137945390364,
      1.5
    ],
    "obj_class": "vehicle",
    "point_num_in_lidar": 60,
    "speed": 1.422084321207637e-12,
    "if_vehicle": true,
    "motion_state": false,
    "pose": [
      [
        0.9946372410791705,
        -0.10468286865278534,
        -0.00019405064035419987,
        51.00903801028653
      ],
      [
        0.10468318550082922,
        0.99463683622263,
        -0.00011558495195624461,
        -6.6161286284077505
      ],
      [
        0.00020966785401484216,
        8.057329091138347e-05,
        1.0000008215376757,
        0.8471909505225312
      ],
      [
        0.0,
        0.0,
        0.0,
        1.0
      ]
    ],
    "location": [
      51.00903801028653,
      -6.6161286284077505,
      0.8471909505225312
    ],
    "rotation": [
      8.057322454308206e-05,
      -0.0002096676780119884,
      0.10486155429777
    ]
  },
  {
    "label_id": "iYoNqzfcHozgqJVHl7Yxnw",
    "size": [
      1.9729673738194622,
      3.9732415768768115,
      1.57000000000005
    ],
    "obj_class": "vehicle",
    "point_num_in_lidar": 30,
    "speed": 1.7763568394002505e-14,
    "if_vehicle": true,
    "motion_state": false,
    "pose": [
      [
        0.9993657916071937,
        0.03911213234134643,
        -0.00019405064035419987,
        50.24420807833485
      ],
      [
        -0.039111760682375325,
        0.9993654364014639,
        -0.00011558495195624461,
        2.4158450695194915
      ],
      [
        0.0001959376654980663,
        0.0001098230187831639,
        1.0000008215376757,
        0.9645283534493956
      ],
      [
        0.0,
        0.0,
        0.0,
        1.0
      ]
    ],
    "location": [
      50.24420807833485,
      2.4158450695194915,
      0.9645283534493956
    ],
    "rotation": [
      0.00010982292811796289,
      -0.00019593750083897056,
      -0.03911661830502154
    ]
  },
  {
    "label_id": "ifMXmnBpfdQ88ZpSpy5LIA",
    "size": [
      0.24340906766558248,
      0.052982123451976726,
      0.37999999999999545
    ],
    "obj_class": "sign",
    "point_num_in_lidar": 80,
    "speed": 0.0005781769228297395,
    "if_vehicle": false,
    "motion_state": false,
    "pose": [
      [
        -0.6196965802277444,
        0.785008211922015,
        -0.00019405064035419987,
        4.966779129181305
      ],
      [
        -0.7850081434265683,
        -0.6196960707084855,
        -0.00011558495195624461,
        4.899487885599228
      ],
      [
        -0.00020409467972558502,
        9.379779274157202e-05,
        1.0000008215376757,
        0.8075980454379987
      ],
      [
        0.0,
        0.0,
        0.0,
        1.0
      ]
    ],
    "location": [
      4.966779129181305,
      4.899487885599228,
      0.8075980454379987
    ],
    "rotation": [
      9.37977154081369e-05,
      0.00020409450832261812,
      -2.239049103537083
    ]
  },
  {
    "label_id": "iwVyTv3GqaEq5Lo6tx5S8A",
    "size": [
      0.8450336275347522,
      1.1945977308094293,
