[
  {
    "label_id": "-r18nvGJT_LauvErk1VSrg",
    "size": [
      0.7208473821763789,
      2.0829883357271277,
      1.9099999999999682
    ],
    "obj_class": "vehicle",
    "point_num_in_lidar": 48,
    "speed": 5.684341886080801e-13,
    "if_vehicle": true,
    "motion_state": false,
    "pose": [
      [
        -0.000997914558218175,
        1.0001303658791694,
        -0.00019338961869314045,
        31.485288678177312
      ],
      [
        -1.0001300031431302,
        -0.0009975380954750403,
        -1.9700647700976824e-05,
        49.96603182844774
      ],
      [
        -6.403571066784114e-06,
        0.000199415404274841,
        1.0000008268602487,
        1.8258470886511304
      ],
      [
        0.0,
        0.0,
        0.0,
        1.0
      ]
    ],
    "location": [
      31.485288678177312,
      49.96603182844774,
      1.8258470886511304
    ],
    "rotation": [
      0.00019941523674296205,
      6.4035656445191044e-06,
      -1.5717941113068261
    ]
  },
  {
    "label_id": "013Doq8QGPt4_5ps9n1EBQ",
    "size": [
      0.6441504486090437,
      0.9234385820636817,
      1.669999999999959
    ],
    "obj_class": "pedestrian",
    "point_num_in_lidar": 100,
    "speed": 1.5633687165365342,
    "if_vehicle": false,
    "motion_state": true,
    "pose": [
      [
        -0.012545146644058322,
        1.0000521805799663,
        -0.00019338961869314045,
        9.518751911351501
      ],
      [
        -1.0000518222146664,
        -0.012544766018332938,
        -1.9700647700976824e-05,
        26.276254705762767
      ],
      [
        -8.705553300797471e-06,
        0.00019932817795342408,
        1.0000008268602487,
        1.365856451417926
      ],
      [
        0.0,
        0.0,
        0.0,
        1.0
      ]
    ],
    "location": [
      9.518751911351501,
      26.276254705762767,
      1.365856451417926
    ],
    "rotation": [
      0.00019932801049713623,
      8.705545929364654e-06,
      -1.5833401653984507
    ]
  },
  {
    "label_id": "0VCoeT-jjrIfzTCsOWz20A",
    "size": [
      0.7544329631618897,
      1.043993850799436,
      0.9800000000000182
    ],
    "obj_class": "sign",
    "point_num_in_lidar": 198,
    "speed": 5.687116766346677e-13,
    "if_vehicle": false,
    "motion_state": false,
    "pose": [
      [
        -0.10290130674280235,
        0.9948231328521117,
        -0.00019338961869314045,
        11.692034577412414
      ],
      [
        -0.994822810363852,
        -0.10290089527840103,
        -1.9700647700976824e-05,
        11.077785658497305
      ],
      [
        -2.6689734249012985e-05,
        0.00019772497887273185,
        1.0000008268602487,
        0.7167127426126854
      ],
      [
        0.0,
        0.0,
        0.0,
        1.0
      ]
    ],
    "location": [
      11.692034577412414,
      11.077785658497305,
      0.7167127426126854
    ],
    "rotation": [
      0.00019772481280525123,
      2.6689711652295038e-05,
      -1.6738665995215622
    ]
  },
  {
    "label_id": "0_HBXNo3olLueqYvkPohlg",
    "size": [
      1.747968299190694,
      3.9316593479287927,
      1.7000000000000455
    ],
    "obj_class": "vehicle",
    "point_num_in_lidar": 55,
    "speed": 1.7763568394002505e-14,
    "if_vehicle": true,
    "motion_state": false,
    "pose": [
      [
        0.9998873169981384,
        -0.022070294364395417,
        -0.00019338961869314045,
        56.57756348679686
      ],
      [
        0.022070662360504065,
        0.9998869456755087,
        -1.9700647700976824e-05,
        -6.0365916970276885
      ],
      [
        0.00019951005154876506,
        1.802363868331691e-06,
        1.0000008268602487,
        1.0278955624405626
      ],
      [
        0.0,
        0.0,
        0.0,
        1.0
      ]
    ],
    "location": [
      56.57756348679686,
      -6.0365916970276885,
      1.0278955624405626
    ],
    "rotation": [
      1.8023623780279351e-06,
      -0.0001995098839345365,
      0.022069565821273257
    ]
  },
  {
    "label_id": "2-A6zakvKX2opVnyx9gplQ",
    "size": [
      0.7707275497537113,
      1.107612320671707,
      1.7999999999999545
    ],
    "obj_class": "pedestrian",
    "point_num_in_lidar": 38,
    "speed": 0.3404218449664159,
    "if_vehicle": false,
    "motion_state": false,
    "pose": [
      [
        -0.9773262513143859,
        -0.21235617033379667,
        -0.00019338961869314045,
        30.749587744192468
      ],
      [
        0.2123557257100045,
        -0.9773259763392697,
        -1.9700647700976824e-05,
        8.666759862248
      ],
      [
        -0.0001935571434966618,
        -4.840600568026812e-05,
        1.0000008268602487,
        1.1489664974211564
      ],
      [
        0.0,
        0.0,
        0.0,
        1.0
      ]
    ],
    "location": [
      30.749587744192468,
      8.666759862248,
      1.1489664974211564
    ],
    "rotation": [
      -4.840596561749204e-05,
      0.00019355698080816174,
      2.927636028473124
    ]
  },
  {
    "label_id": "2OYKagQRfCdaOXgU5RkMBA",
    "size": [
      0.8627759996271298,
      0.6348824674672757,
      1.1499999999999773
    ],
    "obj_class": "sign",
    "point_num_in_lidar": 40,
    "speed": 0.002460917530205574,
    "if_vehicle": false,
    "motion_state": false,
    "pose": [
      [
        0.015359475520890564,
        1.00001291546599,
        -0.00019338961869314045,
        30.41470338003819
      ],
      [
        -1.0000125466213734,
        0.015359846000687304,
        -1.9700647700976824e-05,
        12.43250209496
      ],
      [
        -3.1412508086506756e-06,
        0.00019949346286999631,
        1.0000008268602487,
        0.6847286308747016
      ],
      [
        0.0,
        0.0,
        0.0,
        1.0
      ]
    ],
    "location": [
      30.41470338003819,
      12.43250209496,
      0.6847286308747016
    ],
    "rotation": [
      0.00019949329527046855,
      3.141248148760036e-06,
      -1.5554382516005392
    ]
  },
  {
    "label_id": "2SYmRAjI0pCOwp2XYemMBQ",
    "size": [
      0.9588610015812882,
      0.6083173834498694,
      1.67999999999995
    ],
    "obj_class": "pedestrian",
    "point_num_in_lidar": 350,
    "speed": 0.003187523421158183,
    "if_vehicle": false,
    "motion_state": false,
    "pose": [
      [
        0.9978326484008149,
        0.0677624554785495,
        -0.00019338961869314045,
        11.808450058022572
      ],
      [
        -0.06776205564006654,
        0.9978323116058938,
        -1.9700647700976824e-05,
        7.220423252170804
      ],
      [
        0.00019854305682517475,
        1.9701872271965717e-05,
        1.0000008268602487,
        0.8787108310218628
      ],
      [
        0.0,
        0.0,
        0.0,
        1.0
      ]
    ],
    "location": [
      11.808450058022572,
      7.220423252170804,
      0.8787108310218628
    ],
    "rotation": [
      1.9701855978735002e-05,
      -0.00019854289001060974,
      -0.06780513519370146
    ]
  },
  {
    "label_id": "3083QteOhZ_vSpxmP0XK-Q",
    "size": [
      0.8198295781744138,
      0.7789331854908985,
      1.2000000000000455
    ],
    "obj_class": "sign",
    "point_num_in_lidar": 47,
    "speed": 1.9915012144332625e-12,
    "if_vehicle": false,
    "motion_state": false,
    "pose": [
      [
        -0.03627630951777197,
        0.9994727479800725,
        -0.00019338961869314045,
        28.956059697718956
      ],
      [
        -0.9994723987492807,
        -0.0362759204940127,
        -1.9700647700976824e-05,
        14.902581722366449
      ],
      [
        -1.3433848104346388e-05,
        0.000199065418668373,
        1.0000008268602487,
        0.7363255909367581
      ],
      [
        0.0,
        0.0,
        0.0,
        1.0
      ]
    ],
    "location": [
      28.956059697718956,
      14.902581722366449,
      0.7363255909367581
    ],
    "rotation": [
      0.00019906525143977626,
      1.3433836729461305e-05,
      -1.6070758603619406
    ]
  },
  {
    "label_id": "3mqY30kFisxCydiO2pKjPA",
    "size": [
      0.8321203191372625,
      1.0700067716390604,
      1.7200000000000273
    ],
    "obj_class": "pedestrian",
    "point_num_in_lidar": 55,
    "speed": 1.6440657728378836,
    "if_vehicle": false,
    "motion_state": true,
    "pose": [
      [
        0.06572900378579373,
        0.9979686581493395,
        -0.00019338961869314045,
        33.17095057188999
      ],
      [
        -0.9979682711053867,
        0.06572935520948346,
        -1.9700647700976824e-05,
        -16.762165281312264
      ],
      [
        6.914893666401158e-06,
        0.00019939832855389735,
        1.0000008268602487,
        0.8701533403644817
      ],
      [
        0.0,
        0.0,
        0.0,
        1.0
      ]
    ],
    "location": [
      33.17095057188999,
      -16.762165281312264,
      0.8701533403644817
    ],
    "rotation": [
      0.0001993981610368166,
      -6.914887811178294e-06,
      -1.5050284961889198
    ]
  },
  {
    "label_id": "4BPsEUa8pjB_nYeEbm-YSA",
    "size": [
      0.8876985042474557,
      1.0727947770953707,
      1.7511702127660556
    ],
    "obj_class": "pedestrian",
    "point_num_in_lidar": 381,
    "speed": 1.157480828133402,
    "if_vehicle": false,
    "motion_state": true,
    "pose": [
      [
        0.08767014735079898,
        0.9962809291814011,
        -0.00019338961869314045,
        10.019907403326215
      ],
      [
        -0.9962805344992036,
        0.087670490173777,
        -1.9700647700976824e-05,
        10.63179643764488
      ],
      [
        1.1300331471889908e-05,
        0.00019919792090564335,
        1.0000008268602487,
        1.1537368234932046
      ],
      [
        0.0,
        0.0,
        0.0,
        1.0
      ]
    ],
    "location": [
      10.019907403326215,
      10.63179643764488,
      1.1537368234932046
    ],
    "rotation": [
      0.0001991977535622317,
      -1.1300321903424786e-05,
      -1.4830249640458586
    ]
  },
  {
    "label_id": "6cJfOa0GEVIor5deOQECIw",
    "size": [
      0.8707727370722459,
      1.1612597197178984,
      1.8100000000000591
    ],
    "obj_class": "pedestrian",
    "point_num_in_lidar": 138,
    "speed": 1.8422634980733428,
    "if_vehicle": false,
    "motion_state": true,
    "pose": [
      [
        -0.10806572328078581,
        0.9942753864191083,
        -0.00019338961869314045,
        8.431993202930244
      ],
      [
        -0.9942750660718018,
        -0.10806531014735175,
        -1.9700647700976824e-05,
        27.069791362633623
      ],
      [
        -2.7716098087309417e-05,
        0.00019758372172656247,
        1.0000008268602487,
        1.4405740551991357
      ],
      [
        0.0,
        0.0,
        0.0,
        1.0
      ]
    ],
    "location": [
      8.431993202930244,
      27.069791362633623,
      1.4405740551991357
    ],
    "rotation": [
      0.00019758355578140019,
      2.771607462188407e-05,
      -1.6790593099975009
    ]
  },
  {
    "label_id": "8IZ7fkXm0FDeUdEuJAqSlA",
    "size": [
      0.7446914889120952,
      1.0496260774128139,
      1.7300000000000182
    ],
    "obj_class": "pedestrian",
    "point_num_in_lidar": 111,
    "speed": 0.049822249488953314,
    "if_vehicle": false,
    "motion_state": false,
    "pose": [
      [
        -0.9929494050222658,
        -0.11963788552542746,
        -0.00019338961869314045,
        28.317191133113738
      ],
      [
        0.1196374686891953,
        -0.9929490895081031,
        -1.9700647700976824e-05,
        8.300786390109351
      ],
      [
        -0.00019724753569137847,
        -3.0015310229676248e-05,
        1.0000008268602487,
        1.039926777018195
      ],
      [
        0.0,
        0.0,
        0.0,
        1.0
      ]
    ],
    "location": [
      28.317191133113738,
      8.300786390109351,
      1.039926777018195
    ],
    "rotation": [
      -3.0015285402216122e-05,
      0.00019724736994844517,
      3.021683694595598
    ]
  },
  {
    "label_id": "8k1Wkk08druqr8A5YTrqFQ",
    "size": [
      2.1684109006720282,
      4.238163060626746,
      1.7100000000000364
    ],
    "obj_class": "vehicle",
    "point_num_in_lidar": 194,
    "speed": 8.543149943144391e-13,
    "if_vehicle": true,
    "motion_state": false,
    "pose": [
      [
        1.000042968576775,
        -0.013259169929460468,
        -0.00019338961869314045,
        38.78092836592623
      ],
      [
        0.013259541183103903,
        1.0000426005110696,
        -1.9700647700976824e-05,
        2.434997890555678
      ],
      [
        0.00019948642548893198,
        3.560228946747716e-06,
        1.0000008268602487,
        0.9699979189846317
      ],
      [
        0.0,
        0.0,
        0.0,
        1.0
      ]
    ],
    "location": [
      38.78092836592623,
      2.434997890555678,
      0.9699979189846317
    ],
    "rotation": [
      3.560226002923316e-06,
      -0.00019948625789423894,
      0.013258194568755
    ]
  },
  {
    "label_id": "A4kzX4tBck4XcFuUOPA6Lg",
    "size": [
      0.7530091452424388,
      1.132073132049114,
      1.8246200607903802
    ],
    "obj_class": "pedestrian",
    "point_num_in_lidar": 421,
    "speed": 1.2707831195886983,
    "if_vehicle": false,
    "motion_state": true,
    "pose": [
      [
        0.023390364501690547,
        -0.9998573075372028,
        -0.00019338961869314045,
        13.165310826183486
      ],
      [
        0.9998569533210137,
        0.023389980011739434,
        -1.9700647700976824e-05,
        1.5787542724156083
      ],
      [
        1.086683308066409e-05,
        -0.00019922203975289088,
        1.0000008268602487,
        1.0191165630717478
      ],
      [
        0.0,
        0.0,
        0.0,
        1.0
      ]
    ],
    "location": [
      13.165310826183486,
      1.5787542724156083,
      1.0191165630717478
    ],
    "rotation": [
      -0.0001992218723885792,
      -1.0866823879242854e-05,
      1.5474068820250817
    ]
  },
  {
    "label_id": "AWjsPzPKZ7MTv8Ta3AXBbQ",
    "size": [
      2.106078352137215,
      4.515543669845269,
      1.4600000000000364
    ],
    "obj_class": "vehicle",
    "point_num_in_lidar": 95,
    "speed": 2.847716647714797e-13,
    "if_vehicle": true,
    "motion_state": false,
    "pose": [
      [
        0.9962630933045872,
        -0.08787259815347419,
        -0.00019338961869314045,
        44.89225538834762
      ],
      [
        0.08787294089624245,
        0.9962626985527336,
        -1.9700647700976824e-05,
        -6.917366334489998
      ],
      [
        0.00019919562047102492,
        -1.134080992120987e-05,
        1.0000008268602487,
        0.8343099876819906
      ],
      [
        0.0,
        0.0,
        0.0,
        1.0
      ]
    ],
    "location": [
      44.89225538834762,
      -6.917366334489998,
      0.8343099876819906
    ],
    "rotation": [
      -1.1340800543466517e-05,
      -0.00019919545311679706,
      0.08797487788930192
    ]
  },
  {
    "label_id": "AhVLDKKFO3nP9YBAG8x0pw",
    "size": [
      1.9318567274618785,
      4.066022807258439,
      1.509999999999991
    ],
    "obj_class": "vehicle",
    "point_num_in_lidar": 197,
    "speed": 2.929642751054232e-13,
    "if_vehicle": true,
    "motion_state": false,
    "pose": [
      [
        0.028929049101524246,
        -0.9997123859916652,
        -0.00019338961869314045,
        27.15428985314793
      ],
      [
        0.999712033910922,
        0.028928662655174273,
        -1.9700647700976824e-05,
        27.835712820115077
      ],
      [
        1.1970323361987132e-05,
        -0.00019915878223948397,
        1.0000008268602487,
        1.2749332609112116
      ],
      [
        0.0,
        0.0,
        0.0,
        1.0
      ]
    ],
    "location": [
      27.15428985314793,
      27.835712820115077,
      1.2749332609112116
    ],
    "rotation": [
      -0.00019915861492998723,
      -1.1970313226242851e-05,
      1.5418670177715468
    ]
  },
  {
    "label_id": "Aof9zDLMpOMBf2RZkTgB1g",
    "size": [
      0.6466332595231514,
      2.732983268659154,
      3.449999999999932
    ],
    "obj_class": "vehicle",
    "point_num_in_lidar": 111,
    "speed": 1.0658141036401503e-13,
    "if_vehicle": true,
    "motion_state": false,
    "pose": [
      [
        -0.04927660626005193,
        -0.998916193012486,
        -0.00019338961869314045,
        31.202282628079047
      ],
      [
        0.9989158118114647,
        -0.04927696401333611,
        -1.9700647700976824e-05,
        58.68852079512544
      ],
      [
        -3.6284796779589153e-06,
        -0.00019948519574076567,
        1.0000008268602487,
        2.6297984345876557
      ],
      [
        0.0,
        0.0,
        0.0,
        1.0
      ]
    ],
    "location": [
      31.202282628079047,
      58.68852079512544,
      2.6297984345876557
    ],
    "rotation": [
      -0.00019948502814840267,
      3.6284766055035613e-06,
      1.6200864602487068
    ]
  },
  {
    "label_id": "D4oNfIFt1uglPBdg5a6p8A",
    "size": [
      0.7866540548395764,
      0.5817703374645078,
      1.6200000000000045
    ],
    "obj_class": "pedestrian",
    "point_num_in_lidar": 24,
    "speed": 1.2096620067997368,
    "if_vehicle": false,
    "motion_state": true,
    "pose": [
      [
        -0.998431637822217,
        -0.058275287924745414,
        -0.00019338961869314045,
        75.34054374425614
      ],
      [
        0.05827489130546041,
        -0.9984312972421618,
        -1.9700647700976824e-05,
        -14.54584046155287
      ],
      [
        -0.00019872134900504251,
        -1.781388879839109e-05,
        1.0000008268602487,
        1.5355864156817916
      ],
      [
        0.0,
        0.0,
        0.0,
        1.0
      ]
    ],
    "location": [
      75.34054374425614,
      -14.54584046155287,
      1.5355864156817916
    ],
    "rotation": [
      -1.781387406692243e-05,
      0.00019872118204302346,
      3.0832923652508657
    ]
  },
  {
    "label_id": "DMyvJcDBgX_UfZY7i4gQUg",
    "size": [
      2.2010175447229874,
      5.031357921109429,
      1.7300000000000182
    ],
    "obj_class": "vehicle",
    "point_num_in_lidar": 6747,
    "speed": 5.709267256288867e-13,
    "if_vehicle": true,
    "motion_state": false,
    "pose": [
      [
        0.999021109891103,
        -0.04710166216828628,
        -0.00019338961869314045,
        2.300191959242511
      ],
      [
        0.047102020750668626,
        0.9990207294698809,
        -1.9700647700976824e-05,
        -3.525787583026613
      ],
      [
        0.0001994926228246401,
        -3.1941545127114327e-06,
        1.0000008268602487,
        0.8380362623411202
      ],
      [
        0.0,
        0.0,
        0.0,
        1.0
      ]
    ],
    "location": [
      2.300191959242511,
      -3.525787583026613,
      0.8380362623411202
    ],
    "rotation": [
      -3.1941518715833586e-06,
      -0.00019949245522482272,
      0.04711328413903642
    ]
  },
  {
    "label_id": "FaLjVnzgLbkn0NFfVlonZw",
    "size": [
      3.134141242359212,
      4.451840989787582,
      3.0799999999999272
    ],
    "obj_class": "vehicle",
    "point_num_in_lidar": 1147,
    "speed": 8.528363000094291e-13,
    "if_vehicle": true,
    "motion_state": false,
    "pose": [
      [
        -0.04776655835228374,
        -0.9989895397301438,
        -0.00019338961869314045,
        30.018179332779255
      ],
      [
        0.9989891590703485,
        -0.04776691668139421,
        -1.9700647700976824e-05,
        17.9219406033244
      ],
      [
        -3.326927741161072e-06,
        -0.00019949045274476426,
        1.0000008268602487,
        1.810300878492967
      ],
      [
        0.0,
        0.0,
        0.0,
        1.0
      ]
    ],
    "location": [
      30.018179332779255,
      17.9219406033244,
      1.810300878492967
    ],
    "rotation": [
      -0.00019949028514784525,
      3.326924924046997e-06,
      1.6185748291480233
    ]
  },
  {
    "label_id": "GZswbdmDQZSe88ajnioK_g",
    "size": [
      1.1505740821373565,
      4.713684939172988,
      4.259999999999991
    ],
    "obj_class": "vehicle",
    "point_num_in_lidar": 195,
    "speed": 5.709267256288867e-13,
    "if_vehicle": true,
    "motion_state": false,
    "pose": [
      [
        0.03894349765091432,
        0.9993723773337843,
        -0.00019338961869314045,
        30.942577984707896
      ],
      [
        -0.9993719998529188,
        0.0389438593273269,
        -1.9700647700976824e-05,
        40.37617580037113
      ],
      [
        1.5652732110351004e-06,
        0.0001995120525288641,
        1.0000008268602487,
        2.8291327359688694
      ],
      [
        0.0,
        0.0,
        0.0,
        1.0
      ]
    ],
    "location": [
      30.942577984707896,
      40.37617580037113,
      2.8291327359688694
    ],
    "rotation": [
      0.00019951188491322541,
      -1.5652718856198778e-06,
      -1.5318480636236607
    ]
  },
  {
    "label_id": "L5HBM5tSKtNA4qHegDQk8Q",
    "size": [
      0.9577723394244787,
      0.9858486719012957,
      1.6399999999999864
    ],
    "obj_class": "pedestrian",
    "point_num_in_lidar": 24,
    "speed": 1.695246079857315,
    "if_vehicle": false,
    "motion_state": true,
    "pose": [
      [
        0.001413795720461644,
        -1.0001298644519756,
        -0.00019338961869314045,
        34.40567608676065
      ],
      [
        1.0001295018725112,
        0.001413419106915672,
        -1.9700647700976824e-05,
        25.874950829989757
      ],
      [
        6.486492830219327e-06,
        -0.00019941272425617413,
        1.0000008268602487,
        1.6032564898492865
      ],
      [
        0.0,
        0.0,
        0.0,
        1.0
      ]
    ],
    "location": [
      34.40567608676065,
      25.874950829989757,
      1.6032564898492865
    ],
    "rotation": [
      -0.00019941255672661776,
      -6.486487337740936e-06,
      1.5693827150815274
    ]
  },
  {
    "label_id": "NeHt8l-Xg_tze4fm4Zzhag",
    "size": [
      0.8686749354366591,
      0.8296750162009441,
      1.82000000000005
    ],
    "obj_class": "pedestrian",
    "point_num_in_lidar": 556,
    "speed": 2.9777166713245524e-13,
    "if_vehicle": false,
    "motion_state": false,
    "pose": [
      [
        0.9580341172648962,
        0.28711038773185793,
        -0.00019338961869314045,
        1.4403172654947412
      ],
      [
        -0.28710992322233675,
        0.9580338774054878,
        -1.9700647700976824e-05,
        10.62039665480006
      ],
      [
        0.00018924661793024794,
        6.319198356174558e-05,
        1.0000008268602487,
        1.240723182205329
      ],
      [
        0.0,
        0.0,
        0.0,
        1.0
      ]
    ],
    "location": [
      1.4403172654947412,
      10.62039665480006,
      1.240723182205329
    ],
    "rotation": [
      6.319193122673644e-05,
      -0.00018924645881278208,
      -0.2911691853868407
    ]
  },
  {
    "label_id": "Nx3jDnV5BFvG2rNbAk93sw",
    "size": [
      0.7698546864134821,
      0.8128752011552611,
      1.0900000000000318
    ],
    "obj_class": "sign",
    "point_num_in_lidar": 105,
    "speed": 0.0009001895905365312,
    "if_vehicle": false,
    "motion_state": false,
    "pose": [
      [
        -0.0035883232958196427,
        1.0001244265205163,
        -0.00019338961869314045,
        12.061010386285488
      ],
      [
        -1.00012406476076,
        -0.003587945894825943,
        -1.9700647700976824e-05,
        14.615404011736246
      ],
      [
        -6.92005032668324e-06,
        0.00019939814966037504,
        1.0000008268602487,
        0.8376267668145374
      ],
      [
        0.0,
        0.0,
        0.0,
        1.0
      ]
    ],
    "location": [
      12.061010386285488,
      14.615404011736246,
      0.8376267668145374
    ],
    "rotation": [
      0.00019939798214344933,
      6.9200444670940286e-06,
      -1.5743841895661594
    ]
  },
  {
    "label_id": "OkBzhxzagapiYam_4NK-9A",
    "size": [
      0.9161349937327301,
      0.864239601718528,
      1.8799999999999955
    ],
    "obj_class": "pedestrian",
    "point_num_in_lidar": 123,
    "speed": 0.004310065519275665,
    "if_vehicle": false,
    "motion_state": false,
    "pose": [
      [
        -0.9934509544002106,
        -0.1153990718696537,
        -0.00019338961869314045,
        29.975432483164695
      ],
      [
        0.11539865638377367,
        -0.9934506371099417,
        -1.9700647700976824e-05,
        -11.655498558990075
      ],
      [
        -0.00019737383910900725,
        -2.9173220937640697e-05,
        1.0000008268602487,
        0.9220636622439997
      ],
      [
        0.0,
        0.0,
        0.0,
        1.0
      ]
    ],
    "location": [
      29.975432483164695,
      -11.655498558990075,
      0.9220636622439997
    ],
    "rotation": [
      -2.9173196807207724e-05,
      0.00019737367326158343,
      3.0259515211465517
    ]
  },
  {
    "label_id": "WrQ9WB5nz7yw3pLq2Sx4JA",
    "size": [
      1.9338659153476874,
      4.5722265271665545,
      1.5399999999999636
    ],
    "obj_class": "vehicle",
    "point_num_in_lidar": 1746,
    "speed": 8.881784197001252e-14,
    "if_vehicle": true,
    "motion_state": false,
    "pose": [
      [
        0.9997147848373131,
        -0.02884603204517394,
        -0.00019338961869314045,
        3.9391482354349137
      ],
      [
        0.028846397516375345,
        0.999714411029298,
        -1.9700647700976824e-05,
        -7.48135255913985
      ],
      [
        0.00019951768459798095,
        4.5024123103082094e-07,
        1.0000008268602487,
        0.6174325100625992
      ],
      [
        0.0,
        0.0,
        0.0,
        1.0
      ]
    ],
    "location": [
      3.9391482354349137,
      -7.48135255913985,
      0.6174325100625992
    ],
    "rotation": [
      4.502408587445221e-07,
      -0.00019951751697744094,
      0.028846623271591734
    ]
  },
  {
    "label_id": "X8OBaKk4dxIT8dFfdO_PYQ",
    "size": [
      2.1633729765809924,
      5.267996842103457,
      2.6200000000000045
    ],
    "obj_class": "vehicle",
    "point_num_in_lidar": 79,
    "speed": 5.728578676879116e-13,
    "if_vehicle": true,
    "motion_state": false,
    "pose": [
      [
        0.9994498625586665,
        0.03690144737715982,
        -0.00019338961869314045,
        79.20648300178618
      ],
      [
        -0.03690105813504159,
        0.9994495135712677,
        -1.9700647700976824e-05,
        2.1854113936078647
      ],
      [
        0.0001990569771966914,
        1.3558355867182076e-05,
        1.0000008268602487,
        1.8009151940415222
      ],
      [
        0.0,
        0.0,
        0.0,
        1.0
      ]
    ],
    "location": [
      79.20648300178618,
      2.1854113936078647,
      1.8009151940415222
    ],
    "rotation": [
      1.3558344655495038e-05,
      -0.00019905680995711288,
      -0.03690460675433761
    ]
  },
  {
    "label_id": "YTw2k0_-8UqolJn4WQRc2g",
    "size": [
      0.7131402618204524,
      0.9424020280400371,
      1.5199999999999818
    ],
    "obj_class": "pedestrian",
    "point_num_in_lidar": 57,
    "speed": 1.5001322116391687,
    "if_vehicle": false,
    "motion_state": true,
    "pose": [
      [
        -0.020971907858855818,
        0.9999109578696626,
        -0.00019338961869314045,
        33.20007827252084
      ],
      [
        -0.9999106027245309,
        -0.02097152422678402,
        -1.9700647700976824e-05,
        -8.704486417062071
      ],
      [
        -1.0384936300504157e-05,
        0.00019924774097223704,
        1.0000008268602487,
        0.982214171141436
      ],
      [
        0.0,
        0.0,
        0.0,
        1.0
      ]
    ],
    "location": [
      33.20007827252084,
      -8.704486417062071,
      0.982214171141436
    ],
    "rotation": [
      0.00019924757358565388,
      1.0384927507108204e-05,
      -1.5917670350116069
    ]
  },
  {
    "label_id": "YZp0XjCF9MO6a2x7szWEXA",
    "size": [
      1.947368066020452,
      3.8082084000475307,
      1.509999999999991
    ],
    "obj_class": "vehicle",
    "point_num_in_lidar": 112,
    "speed": 1.1390866590859189e-12,
    "if_vehicle": true,
    "motion_state": false,
    "pose": [
      [
        0.9982185815393756,
        -0.06181753842222647,
        -0.00019338961869314045,
        40.33791436673164
      ],
      [
        0.06181789136001234,
        0.9982181958755965,
        -1.9700647700976824e-05,
        -7.056325494018893
      ],
      [
        0.0001994238962978923,
        -6.133414210108356e-06,
        1.0000008268602487,
        0.8435879912766495
      ],
      [
        0.0,
        0.0,
        0.0,
        1.0
      ]
    ],
    "location": [
      40.33791436673164,
      -7.056325494018893,
      0.8435879912766495
    ],
    "rotation": [
      -6.1334091385592394e-06,
      -0.0001994237287549029,
      0.06184922605901365
    ]
  },
  {
    "label_id": "ZyK_iICxQsEYdJLxMFTw7w",
    "size": [
      0.9212612327090648,
      0.9766455606441014,
      1.740000000000009
    ],
    "obj_class": "pedestrian",
    "point_num_in_lidar": 46,
    "speed": 1.55503677121538,
    "if_vehicle": false,
    "motion_state": true,
    "pose": [
      [
        0.18455679859731836,
        0.9829550003324543,
        -0.00019338961869314045,
        33.06520940692462
      ],
      [
        -0.9829545740540597,
        0.18455710123300925,
        -1.9700647700976824e-05,
        -27.750908876048925
      ],
      [
        3.070177466520201e-05,
        0.00019714185303205581,
        1.0000008268602487,
        0.7704395836011599
      ],
      [
        0.0,
        0.0,
        0.0,
        1.0
      ]
    ],
    "location": [
      33.06520940692462,
      -27.750908876048925,
      0.7704395836011599
    ],
    "rotation": [
      0.00019714168746946855,
      -3.0701748672890145e-05,
      -1.385199923428447
    ]
  },
  {
    "label_id": "aANSRZ5XPxs8mHhsbxTcGg",
    "size": [
      0.807763319316882,
      0.8146921552102152,
      1.07000000000005
    ],
    "obj_class": "sign",
    "point_num_in_lidar": 34,
    "speed": 8.533911106286719e-13,
    "if_vehicle": false,
    "motion_state": false,
    "pose": [
      [
        -0.00999879724304672,
        -1.0000808810495072,
        -0.00019338961869314045,
        32.09871647213731
      ],
      [
        1.0000805141961053,
        -0.009999169694671229,
        -1.9700647700976824e-05,
        -28.77046162294937
      ],
      [
        4.2105681179201745e-06,
        -0.00019947375842608992,
        1.0000008268602487,
        0.3486673545362464
      ],
      [
        0.0,
        0.0,
        0.0,
        1.0
      ]
    ],
    "location": [
      32.09871647213731,
      -28.77046162294937,
      0.3486673545362464
    ],
    "rotation": [
      -0.00019947359084363908,
      -4.210564552578189e-06,
      1.5807939859450122
    ]
  },
  {
    "label_id": "dWu2dkV959ZVbiXuXYme9A",
    "size": [
      1.9876994670929102,
      4.6193943709231275,
      1.4600000000000364
    ],
    "obj_class": "vehicle",
    "point_num_in_lidar": 4067,
    "speed": 8.881784197001252e-14,
    "if_vehicle": true,
    "motion_state": false,
    "pose": [
      [
        0.9999292636165737,
        0.020080148163880544,
        -0.00019338961869314045,
        1.6189795424197655
      ],
      [
        -0.020079764848690517,
        0.9999289081294482,
        -1.9700647700976824e-05,
        3.2232138969866355
      ],
      [
        0.0001992569233408592,
        1.0207236905284561e-05,
        1.0000008268602487,
        0.756259913149961
      ],
      [
        0.0,
        0.0,
        0.0,
        1.0
      ]
    ],
    "location": [
      1.6189795424197655,
      3.2232138969866355,
      0.756259913149961
    ],
    "rotation": [
      1.0207228464978605e-05,
      -0.0001992567559359389,
      -0.020078486699228584
    ]
  },
  {
    "label_id": "dv8sizFeYUT8pYvd3AJspA",
    "size": [
      0.7534326255224603,
      0.8617267602349281,
      0.7999999999999545
    ],
    "obj_class": "sign",
    "point_num_in_lidar": 53,
    "speed": 1.1370071466249427e-12,
    "if_vehicle": false,
    "motion_state": false,
    "pose": [
      [
        -0.0021739130857716385,
        1.0001285010882162,
        -0.00019338961869314045,
        11.993942160670485
      ],
      [
        -1.0001281387950898,
        -0.002173536196767081,
        -1.9700647700976824e-05,
        38.420553210629805
      ],
      [
        -6.638048430896158e-06,
        0.00019940773680460506,
        1.0000008268602487,
        1.2539886915446914
      ],
      [
        0.0,
        0.0,
        0.0,
        1.0
      ]
    ],
    "location": [
      11.993942160670485,
      38.420553210629805,
      1.2539886915446914
    ],
    "rotation": [
      0.00019940756927937095,
      6.638042810089314e-06,
      -1.5729699579305167
    ]
  },
  {
    "label_id": "eTLt3z7Tt1__uHa0Pj96uQ",
    "size": [
      0.5969024159007627,
      0.5832202862830158,
      0.9800000000000182
    ],
    "obj_class": "sign",
    "point_num_in_lidar": 103,
    "speed": 2.5585089000282873e-12,
    "if_vehicle": false,
    "motion_state": false,
    "pose": [
      [
        0.9986388139689494,
        -0.05461010732233226,
        -0.00019338961869314045,
        1.7322238762480993
      ],
      [
        0.054610463034905646,
        0.9986384308629638,
        -1.9700647700976824e-05,
        5.192517336618039
      ],
      [
        0.0001994629754604734,
        -4.693677125569197e-06,
        1.0000008268602487,
        0.7174058294715451
      ],
      [
        0.0,
        0.0,
        0.0,
        1.0
      ]
    ],
    "location": [
      1.7322238762480993,
      5.192517336618039,
      0.7174058294715451
    ],
    "rotation": [
      -4.693673244522903e-06,
      -0.00019946280788517046,
      0.05463048634962326
    ]
  },
  {
    "label_id": "hVOvDRfPPYheooNcglGZfw",
    "size": [
      1.9687754390427927,
      4.426137945390364,
      1.5
    ],
    "obj_class": "vehicle",
    "point_num_in_lidar": 58,
    "speed": 1.422084321207637e-12,
    "if_vehicle": true,
    "motion_state": false,
    "pose": [
      [
        0.9946373366343897,
        -0.10468196196057088,
        -0.00019338961869314045,
        51.00903801028471
      ],
      [
        0.10468229798909653,
        0.9946369361516048,
        -1.9700647700976824e-05,
        -6.6161286284059315
      ],
      [
        0.00019897573338068485,
        -1.4702608956365548e-05,
        1.0000008268602487,
        0.8471909505225312
      ],
      [
        0.0,
        0.0,
        0.0,
        1.0
      ]
    ],
    "location": [
      51.00903801028471,
      -6.6161286284059315,
      0.8471909505225312
    ],
    "rotation": [
      -1.47025967983133e-05,
      -0.00019897556620829168,
      0.10486066177619761
    ]
  },
  {
    "label_id": "iYoNqzfcHozgqJVHl7Yxnw",
    "size": [
      1.9729673738194624,
      3.9732415768768115,
      1.57000000000005
    ],
    "obj_class": "vehicle",
    "point_num_in_lidar": 30,
    "speed": 1.7763568394002505e-14,
    "if_vehicle": true,
    "motion_state": false,
    "pose": [
      [
        0.9993657560803226,
        0.03911304336243664,
        -0.00019338961869314045,
        50.24420807833303
      ],
      [
        -0.03911265334899588,
        0.9993654079551335,
        -1.9700647700976824e-05,
        2.4158450695194915
      ],
      [
        0.0001990264864743758,
        1.399881659895377e-05,
        1.0000008268602487,
        0.9645283534491682
      ],
      [
        0.0,
        0.0,
        0.0,
        1.0
      ]
    ],
    "location": [
      50.24420807833303,
      2.4158450695194915,
      0.9645283534491682
    ],
    "rotation": [
      1.3998805022983933e-05,
      -0.00019902631926001173,
      -0.039117511561245655
    ]
  },
  {
    "label_id": "ifMXmnBpfdQ88ZpSpy5LIA",
    "size": [
      0.2434090676655826,
      0.052982123451976726,
      0.37999999999999545
    ],
    "obj_class": "sign",
    "point_num_in_lidar": 81,
    "speed": 0.0005781769327928467,
    "if_vehicle": false,
    "motion_state": false,
    "pose": [
      [
        -0.6196972959157707,
        0.7850076471103631,
        -0.00019338961869314045,
        4.966756363226523
      ],
      [
        -0.7850075951404092,
        -0.6196967757227728,
        -1.9700647700976824e-05,
        4.899541027240048
      ],
      [
        -0.00012843493132313455,
        0.00015268260411889525,
        1.0000008268602487,
        0.8075987544298187
      ],
      [
        0.0,
        0.0,
        0.0,
        1.0
      ]
    ],
    "location": [
      4.966756363226523,
      4.899541027240048,
      0.8075987544298187
    ],
    "rotation": [
      0.0001526824766853821,
      0.0001284348229222517,
      -2.23905000489323
    ]
  },
  {
    "label_id": "iwVyTv3GqaEq5Lo6tx5S8A",
    "size": [
      0.845033627535243,
      1.1945977308094293,
      1.810638297872515
    ],
    "obj_class": "pedestrian",
    "point_num_in_lidar": 410,
    "speed": 3.467004587033956,
    "if_vehicle": false,
    "motion_state": true,
    "pose": [
      [
        0.016431947799363623,
        0.9999958678307554,
        -0.00019338961869314045,
        8.7418078027913
      ],
      [
        -0.9999954985890231,
        0.016432317883373522,
        -1.9700647700976824e-05,
        10.369949363283013
      ],
      [
        -2.927298794589231e-06,
        0.00019949671703131414,
        1.0000008268602487,
        1.1871447707979996
      ],
      [
        0.0,
        0.0,
        0.0,
        1.0
      ]
    ],
    "location": [
      8.7418078027913,
      10.369949363283013,
      1.1871447707979996
    ],
    "rotation": [
      0.00019949654942896613,
      2.927296315864313e-06,
      -1.5543657837327656
    ]
  },
  {
    "label_id": "jDO7AFvKzSj9IBX0gjUdVw",
    "size": [
      0.7212059063450048,
      0.985521898342995,
      1.6299999999999955
    ],
    "obj_class": "pedestrian",
    "point_num_in_lidar": 24,
    "speed": 1.0440477104369676,
    "if_vehicle": false,
    "motion_state": true,
    "pose": [
      [
        -0.9856768425014891,
        0.16941932222554018,
        -0.00019338961869314045,
        37.58682034901358
      ],
      [
        -0.1694196313806561,
        -0.9856764209273609,
        -1.9700647700976824e-05,
        5.587184722007805
      ],
      [
        -0.00019759066677496083,
        2.766654275350689e-05,
        1.0000008268602487,
        1.0642014728649656
      ],
      [
        0.0,
        0.0,
        0.0,
        1.0
      ]
    ],
    "location": [
      37.58682034901358,
      5.587184722007805,
      1.0642014728649656
    ],
    "rotation": [
      2.7666519870102397e-05,
      0.00019759050074816335,
      -2.971374397892379
    ]
  },
  {
    "label_id": "jYdxjpZOYqJdSiBQI133Fw",
    "size": [
      0.7741745473973037,
      0.9953737697401499,
      1.009999999999991
    ],
    "obj_class": "sign",
    "point_num_in_lidar": 110,
    "speed": 0.0034370579143904486,
    "if_vehicle": false,
    "motion_state": false,
    "pose": [
      [
        -0.047732956185620554,
        0.9989911458470732,
        -0.00019338961869314045,
        12.10661634988901
      ],
      [
        -0.9989908010994221,
        -0.04773256318347267,
        -1.9700647700976824e-05,
        12.640817876646906
      ],
      [
        -1.571526529421296e-05,
        0.0001988983147772692,
        1.0000008268602487,
        0.7545620515879818
      ],
      [
        0.0,
        0.0,
        0.0,
        1.0
      ]
    ],
    "location": [
      12.10661634988901,
      12.640817876646906,
      0.7545620515879818
    ],
    "rotation": [
      0.00019889814769346017,
      1.57152519877504e-05,
      -1.6185411912938712
    ]
  },
  {
    "label_id": "k7sk2VXkecnWsXdCfg3Wig",
    "size": [
      2.7717332013356004,
