[
  {
    "label_id": "-r18nvGJT_LauvErk1VSrg",
    "size": [
      0.7208473821763727,
      2.0829883357271277,
      1.9099999999999682
    ],
    "obj_class": "vehicle",
    "point_num_in_lidar": 52,
    "speed": 5.684341886080801e-13,
    "if_vehicle": true,
    "motion_state": false,
    "pose": [
      [
        -0.0009997060611352663,
        1.0001303086321236,
        -0.0003851361005648463,
        31.485288678177312
      ],
      [
        -1.0001300013765142,
        -0.0009993329210947635,
        -1.8378551104979918e-05,
        49.96603182844592
      ],
      [
        -5.273572036794078e-06,
        0.0003911381693731373,
        1.0000007702556093,
        1.8258470886511304
      ],
      [
        0.0,
        0.0,
        0.0,
        1.0
      ]
    ],
    "location": [
      31.485288678177312,
      49.96603182844592,
      1.8258470886511304
    ],
    "rotation": [
      0.000391137848150427,
      5.273567571351422e-06,
      -1.5717959025768515
    ]
  },
  {
    "label_id": "013Doq8QGPt4_5ps9n1EBQ",
    "size": [
      0.6441504486095594,
      0.9234385820636817,
      1.669999999999959
    ],
    "obj_class": "pedestrian",
    "point_num_in_lidar": 83,
    "speed": 1.5521386430699071,
    "if_vehicle": false,
    "motion_state": true,
    "pose": [
      [
        0.005281440623178295,
        1.0001168631923667,
        -0.0003851361005648463,
        9.463046936596584
      ],
      [
        -1.0001165535993823,
        0.005281811826199953,
        -1.8378551104979918e-05,
        31.551156754165277
      ],
      [
        -2.816999629795118e-06,
        0.00039116357526702616,
        1.0000007702556093,
        1.4670320387415359
      ],
      [
        0.0,
        0.0,
        0.0,
        1.0
      ]
    ],
    "location": [
      9.463046936596584,
      31.551156754165277,
      1.4670320387415359
    ],
    "rotation": [
      0.00039116325402085983,
      2.816997244467027e-06,
      -1.5655155507590637
    ]
  },
  {
    "label_id": "0VCoeT-jjrIfzTCsOWz20A",
    "size": [
      0.7544329631618883,
      1.043993850799436,
      0.9800000000000182
    ],
    "obj_class": "sign",
    "point_num_in_lidar": 198,
    "speed": 5.687116766346677e-13,
    "if_vehicle": false,
    "motion_state": false,
    "pose": [
      [
        -0.10290308308796312,
        0.9948228933572986,
        -0.0003851361005648463,
        11.692034577412414
      ],
      [
        -0.9948226257221328,
        -0.10290268058216535,
        -1.8378551104979918e-05,
        11.077785658495486
      ],
      [
        -4.510126587076628e-05,
        0.000388564993172893,
        1.0000007702556093,
        0.7167127426126854
      ],
      [
        0.0,
        0.0,
        0.0,
        1.0
      ]
    ],
    "location": [
      11.692034577412414,
      11.077785658495486,
      0.7167127426126854
    ],
    "rotation": [
      0.00038856467432326735,
      4.510122769596116e-05,
      -1.673868385203876
    ]
  },
  {
    "label_id": "0_HBXNo3olLueqYvkPohlg",
    "size": [
      1.747968299190693,
      3.9316593479287927,
      1.7000000000000455
    ],
    "obj_class": "vehicle",
    "point_num_in_lidar": 53,
    "speed": 1.7763568394002505e-14,
    "if_vehicle": true,
    "motion_state": false,
    "pose": [
      [
        0.999887301087223,
        -0.02206850201768202,
        -0.0003851361005648463,
        56.57756348679868
      ],
      [
        0.02206886797162473,
        0.9998869853069019,
        -1.8378551104979918e-05,
        -6.0365916970313265
      ],
      [
        0.00039115574908536336,
        -3.749407962030341e-06,
        1.0000007702556093,
        1.02789556244079
      ],
      [
        0.0,
        0.0,
        0.0,
        1.0
      ]
    ],
    "location": [
      56.57756348679868,
      -6.0365916970313265,
      1.02789556244079
    ],
    "rotation": [
      -3.7494050740124815e-06,
      -0.00039115542784367316,
      0.02206777245508896
    ]
  },
  {
    "label_id": "2-A6zakvKX2opVnyx9gplQ",
    "size": [
      0.7707275497527555,
      1.107612320671707,
      1.7999999999999545
    ],
    "obj_class": "pedestrian",
    "point_num_in_lidar": 83,
    "speed": 1.0732061560830901,
    "if_vehicle": false,
    "motion_state": true,
    "pose": [
      [
        -0.11001091485552267,
        -0.994061986130365,
        -0.0003851361005648463,
        31.663515691943758
      ],
      [
        0.9940616393583207,
        -0.11001125158783258,
        -1.8378551104979918e-05,
        6.7729496833471785
      ],
      [
        -3.8171428701417706e-05,
        -0.0003893068457316026,
        1.0000007702556093,
        1.0689531812595305
      ],
      [
        0.0,
        0.0,
        0.0,
        1.0
      ]
    ],
    "location": [
      31.663515691943758,
      6.7729496833471785,
      1.0689531812595305
    ],
    "rotation": [
      -0.00038930652619834067,
      3.817139638852358e-05,
      1.6810159201139945
    ]
  },
  {
    "label_id": "2OYKagQRfCdaOXgU5RkMBA",
    "size": [
      0.8627759996271286,
      0.6348824674672757,
      1.1499999999999773
    ],
    "obj_class": "sign",
    "point_num_in_lidar": 51,
    "speed": 0.002460917530606717,
    "if_vehicle": false,
    "motion_state": false,
    "pose": [
      [
        0.015357683321323671,
        1.0000128875268544,
        -0.0003851361005648463,
        30.414124509166868
      ],
      [
        -1.00001257420959,
        0.015358051386251488,
        -1.8378551104979918e-05,
        12.423907787380813
      ],
      [
        1.1242467632886626e-06,
        0.00039117210300813996,
        1.0000007702556093,
        0.6845971558623205
      ],
      [
        0.0,
        0.0,
        0.0,
        1.0
      ]
    ],
    "location": [
      30.414124509166868,
      12.423907787380813,
      0.6845971558623205
    ],
    "rotation": [
      0.00039117178175410026,
      -1.1242458113180344e-06,
      -1.5554400437785618
    ]
  },
  {
    "label_id": "2SYmRAjI0pCOwp2XYemMBQ",
    "size": [
      0.9588610015812888,
      0.6083173834498694,
      1.67999999999995
    ],
    "obj_class": "pedestrian",
    "point_num_in_lidar": 342,
    "speed": 0.0031875234159695607,
    "if_vehicle": false,
    "motion_state": false,
    "pose": [
      [
        0.9978324716842102,
        0.06776423916325633,
        -0.0003851361005648463,
        11.805273344751186
      ],
      [
        -0.06776384634382984,
        0.9978321900241359,
        -1.8378551104979918e-05,
        7.231186192948371
      ],
      [
        0.00038991356182882276,
        3.137343469491813e-05,
        1.0000007702556093,
        0.874005134515869
      ],
      [
        0.0,
        0.0,
        0.0,
        1.0
      ]
    ],
    "location": [
      11.805273344751186,
      7.231186192948371,
      0.874005134515869
    ],
    "rotation": [
      3.1373410519079165e-05,
      -0.00038991324154424373,
      -0.06780693352055452
    ]
  },
  {
    "label_id": "3083QteOhZ_vSpxmP0XK-Q",
    "size": [
      0.8198295781744136,
      0.7789331854908985,
      1.2000000000000455
    ],
    "obj_class": "sign",
    "point_num_in_lidar": 43,
    "speed": 1.9915012144332625e-12,
    "if_vehicle": false,
    "motion_state": false,
    "pose": [
      [
        -0.03627809788640682,
        0.9994726275744321,
        -0.0003851361005648463,
        28.956059697718956
      ],
      [
        -0.9994723336723367,
        -0.0362777141403222,
        -1.8378551104979918e-05,
        14.902581722368268
      ],
      [
        -1.9067461157780232e-05,
        0.0003907087278620656,
        1.0000007702556093,
        0.7363255909368718
      ],
      [
        0.0,
        0.0,
        0.0,
        1.0
      ]
    ],
    "location": [
      28.956059697718956,
      14.902581722368268,
      0.7363255909368718
    ],
    "rotation": [
      0.00039070840703576244,
      1.9067445013309865e-05,
      -1.6070776496806862
    ]
  },
  {
    "label_id": "3mqY30kFisxCydiO2pKjPA",
    "size": [
      0.832120319138181,
      1.0700067716390604,
      1.7200000000000273
    ],
    "obj_class": "pedestrian",
    "point_num_in_lidar": 35,
    "speed": 1.565707564351129,
    "if_vehicle": false,
    "motion_state": true,
    "pose": [
      [
        -0.024454163109821386,
        0.9998317996360153,
        -0.0003851361005648463,
        33.056571706287286
      ],
      [
        -0.9998315012156695,
        -0.024453782866745974,
        -1.8378551104979918e-05,
        -11.238341928708905
      ],
      [
        -1.4444967290017918e-05,
        0.000390906921175088,
        1.0000007702556093,
        0.9645506223953362
      ],
      [
        0.0,
        0.0,
        0.0,
        1.0
      ]
    ],
    "location": [
      33.056571706287286,
      -11.238341928708905,
      0.9645506223953362
    ],
    "rotation": [
      0.0003909066001658553,
      1.4444955059052528e-05,
      -1.595249735801204
    ]
  },
  {
    "label_id": "45vGTk6HpmeCTR2Etiwq8w",
    "size": [
      0.7077057722273464,
      0.7957618448156345,
      1.07000000000005
    ],
    "obj_class": "sign",
    "point_num_in_lidar": 35,
    "speed": 2.2743611691451335e-12,
    "if_vehicle": false,
    "motion_state": false,
    "pose": [
      [
        -1.0000520162997704,
        0.012553818206392772,
        -0.0003851361005648463,
        41.394086939102635
      ],
      [
        -0.012554187148343122,
        -1.0000517040157064,
        -1.8378551104979918e-05,
        4.351726368611708
      ],
      [
        -0.00039117371760779223,
        2.7486278143583706e-08,
        1.0000007702556093,
        0.6758744546190201
      ],
      [
        0.0,
        0.0,
        0.0,
        1.0
      ]
    ],
    "location": [
      41.394086939102635,
      4.351726368611708,
      0.6758744546190201
    ],
    "rotation": [
      2.748625697214009e-08,
      0.00039117339635226164,
      -3.1290397788097537
    ]
  },
  {
    "label_id": "4BPsEUa8pjB_nYeEbm-YSA",
    "size": [
      0.8876985042483053,
      1.0727947770953707,
      1.7511702127660556
    ],
    "obj_class": "pedestrian",
    "point_num_in_lidar": 272,
    "speed": 1.1905373639408268,
    "if_vehicle": false,
    "motion_state": true,
    "pose": [
      [
        0.12463641151895091,
        0.992334317949588,
        -0.0003851361005648463,
        9.672376355119923
      ],
      [
        -0.9923339662568033,
        0.12463674310858373,
        -1.8378551104979918e-05,
        14.882838013560104
      ],
      [
        4.389977912295861e-05,
        0.0003887025694480969,
        1.0000007702556093,
        1.216267550537168
      ],
      [
        0.0,
        0.0,
        0.0,
        1.0
      ]
    ],
    "location": [
      9.672376355119923,
      14.882838013560104,
      1.216267550537168
    ],
    "rotation": [
      0.0003887022504717235,
      -4.3899741964338616e-05,
      -1.4458513355297569
    ]
  },
  {
    "label_id": "8IZ7fkXm0FDeUdEuJAqSlA",
    "size": [
      0.7446914889100795,
      1.0496260774128139,
      1.7300000000000182
    ],
    "obj_class": "pedestrian",
    "point_num_in_lidar": 111,
    "speed": 0.0021959250834634506,
    "if_vehicle": false,
    "motion_state": false,
    "pose": [
      [
        -0.9976658484836054,
        -0.07017469933161667,
        -0.0003851361005648463,
        28.4158145907204
      ],
      [
        0.07017430583287546,
        -0.9976655677733635,
        -1.8378551104979918e-05,
        8.264129872253761
      ],
      [
        -0.0003898366290464195,
        -3.231533314573735e-05,
        1.0000007702556093,
        1.0545778577218243
      ],
      [
        0.0,
        0.0,
        0.0,
        1.0
      ]
    ],
    "location": [
      28.4158145907204,
      8.264129872253761,
      1.0545778577218243
    ],
    "rotation": [
      -3.2315308243441166e-05,
      0.0003898363088211374,
      3.0713698238884595
    ]
  },
  {
    "label_id": "8k1Wkk08druqr8A5YTrqFQ",
    "size": [
      2.1684109006720287,
      4.238163060626746,
      1.7100000000000364
    ],
    "obj_class": "vehicle",
    "point_num_in_lidar": 232,
    "speed": 8.543149943144391e-13,
    "if_vehicle": true,
    "motion_state": false,
    "pose": [
      [
        1.0000429368736434,
        -0.013257377792520644,
        -0.0003851361005648463,
        38.78092836592623
      ],
      [
        0.013257746514679595,
        1.0000426243300962,
        -1.8378551104979918e-05,
        2.434997890555678
      ],
      [
        0.0003911736014649514,
        -3.026871905523576e-07,
        1.0000007702556093,
        0.9699979189847454
      ],
      [
        0.0,
        0.0,
        0.0,
        1.0
      ]
    ],
    "location": [
      38.78092836592623,
      2.434997890555678,
      0.9699979189847454
    ],
    "rotation": [
      -3.0268695740602153e-07,
      -0.0003911732802095102,
      0.013256400713035452
    ]
  },
  {
    "label_id": "A4kzX4tBck4XcFuUOPA6Lg",
    "size": [
      0.7530091452406735,
      1.132073132049114,
      1.8246200607903802
    ],
    "obj_class": "pedestrian",
    "point_num_in_lidar": 370,
    "speed": 1.4856363994574748,
    "if_vehicle": false,
    "motion_state": true,
    "pose": [
      [
        -0.07162256431786235,
        -0.9975629513656412,
        -0.0003851361005648463,
        13.310377649448128
      ],
      [
        0.9975626178273029,
        -0.07162291416307959,
        -1.8378551104979918e-05,
        -3.413346087336322
      ],
      [
        -2.314095699678677e-05,
        -0.000390488635189131,
        1.0000007702556093,
        0.9717230018469536
      ],
      [
        0.0,
        0.0,
        0.0,
        1.0
      ]
    ],
    "location": [
      13.310377649448128,
      -3.413346087336322,
      0.9717230018469536
    ],
    "rotation": [
      -0.00039048831456593415,
      2.3140937403939708e-05,
      1.6424708998743884
    ]
  },
  {
    "label_id": "AWjsPzPKZ7MTv8Ta3AXBbQ",
    "size": [
      2.106078352137214,
      4.515543669845269,
      1.4600000000000364
    ],
    "obj_class": "vehicle",
    "point_num_in_lidar": 95,
    "speed": 2.847716647714797e-13,
    "if_vehicle": true,
    "motion_state": false,
    "pose": [
      [
        0.996263195467936,
        -0.08787080865004153,
        -0.0003851361005648463,
        44.89225538834762
      ],
      [
        0.08787115301296242,
        0.9962628562723023,
        -1.8378551104979918e-05,
        -6.917366334491817
      ],
      [
        0.0003900596342007302,
        -2.9501862141021837e-05,
        1.0000007702556093,
        0.8343099876821043
      ],
      [
        0.0,
        0.0,
        0.0,
        1.0
      ]
    ],
    "location": [
      44.89225538834762,
      -6.917366334491817,
      0.8343099876821043
    ],
    "rotation": [
      -2.950183940850548e-05,
      -0.0003900593138035704,
      0.08797308817823694
    ]
  },
  {
    "label_id": "AhVLDKKFO3nP9YBAG8x0pw",
    "size": [
      1.9318567274618774,
      4.066022807258439,
      1.509999999999991
    ],
    "obj_class": "vehicle",
    "point_num_in_lidar": 196,
    "speed": 2.929642751054232e-13,
    "if_vehicle": true,
    "motion_state": false,
    "pose": [
      [
        0.02893083830684949,
        -0.9997122787340657,
        -0.0003851361005648463,
        27.15428985314793
      ],
      [
        0.9997119820193157,
        0.028930456731356843,
        -1.8378551104979918e-05,
        27.835712820115077
      ],
      [
        1.6195176040524433e-05,
        -0.00039083832255245107,
        1.0000007702556093,
        1.2749332609113253
      ],
      [
        0.0,
        0.0,
        0.0,
        1.0
      ]
    ],
    "location": [
      27.15428985314793,
      27.835712820115077,
      1.2749332609113253
    ],
    "rotation": [
      -0.00039083800160653735,
      -1.6195162327752172e-05,
      1.5418652280474676
    ]
  },
  {
    "label_id": "Aof9zDLMpOMBf2RZkTgB1g",
    "size": [
      0.6466332595231483,
      2.732983268659154,
      3.449999999999932
    ],
    "obj_class": "vehicle",
    "point_num_in_lidar": 106,
    "speed": 1.0658141036401503e-13,
    "if_vehicle": true,
    "motion_state": false,
    "pose": [
      [
        -0.04927481414428989,
        -0.9989162258907607,
        -0.0003851361005648463,
        31.202282628077228
      ],
      [
        0.9989159002670539,
        -0.04927517136789062,
        -1.8378551104979918e-05,
        58.68852079512362
      ],
      [
        -1.4394322106284785e-05,
        -0.00039090878935334346,
        1.0000007702556093,
        2.6297984345876557
      ],
      [
        0.0,
        0.0,
        0.0,
        1.0
      ]
    ],
    "location": [
      31.202282628077228,
      58.68852079512362,
      2.6297984345876557
    ],
    "rotation": [
      -0.0003909084683423863,
      1.4394309918198612e-05,
      1.6200846661853645
    ]
  },
  {
    "label_id": "AvH5yelBYncUXgWqCPLaoA",
    "size": [
      2.157587995304551,
      4.5323268143472895,
      1.75
    ],
    "obj_class": "vehicle",
    "point_num_in_lidar": 47,
    "speed": 2.144779049315746,
    "if_vehicle": true,
    "motion_state": true,
    "pose": [
      [
        0.9922255597372585,
        -0.1254992918740159,
        -0.0003851361005648463,
        26.556033196364297
      ],
      [
        0.12549962315769359,
        0.9922252077562584,
        -1.8378551104979918e-05,
        71.20150253880274
      ],
      [
        0.0003886642475181303,
        -4.4237775755150686e-05,
        1.0000007702556093,
        2.0394722249468487
      ],
      [
        0.0,
        0.0,
        0.0,
        1.0
      ]
    ],
    "location": [
      26.556033196364297,
      71.20150253880274,
      2.0394722249468487
    ],
    "rotation": [
      -4.423774165192459e-05,
      -0.00038866392819676064,
      0.12581486968159458
    ]
  },
  {
    "label_id": "DMyvJcDBgX_UfZY7i4gQUg",
    "size": [
      2.201017544722988,
      5.031357921109429,
      1.7300000000000182
    ],
    "obj_class": "vehicle",
    "point_num_in_lidar": 6746,
    "speed": 5.709267256288867e-13,
    "if_vehicle": true,
    "motion_state": false,
    "pose": [
      [
        0.9990211388675284,
        -0.04709986998518783,
        -0.0003851361005648463,
        2.3001711653068924
      ],
      [
        0.047100227916885645,
        0.9990208140223361,
        -1.8378551104979918e-05,
        -3.5258669848499267
      ],
      [
        0.00039093920200074705,
        -1.3543206474688518e-05,
        1.0000007702556093,
        0.8433123023014559
      ],
      [
        0.0,
        0.0,
        0.0,
        1.0
      ]
    ],
    "location": [
      2.3001711653068924,
      -3.5258669848499267,
      0.8433123023014559
    ],
    "rotation": [
      -1.3543196042137775e-05,
      -0.00039093888092586406,
      0.047111492164393254
    ]
  },
  {
    "label_id": "FaLjVnzgLbkn0NFfVlonZw",
    "size": [
      3.134141242359213,
      4.451840989787582,
      3.0799999999999272
    ],
    "obj_class": "vehicle",
    "point_num_in_lidar": 1139,
    "speed": 8.528363000094291e-13,
    "if_vehicle": true,
    "motion_state": false,
    "pose": [
      [
        -0.04776476618886501,
        -0.998989569899365,
        -0.0003851361005648463,
        30.018137744908017
      ],
      [
        0.9989892448160201,
        -0.04776512390428022,
        -1.8378551104979918e-05,
        17.921781799674136
      ],
      [
        -1.3803396237168505e-05,
        -0.00039093010162293294,
        1.0000007702556093,
        1.8208529584132975
      ],
      [
        0.0,
        0.0,
        0.0,
        1.0
      ]
    ],
    "location": [
      30.018137744908017,
      17.921781799674136,
      1.8208529584132975
    ],
    "rotation": [
      -0.000390929780592303,
      1.3803384549397913e-05,
      1.6185730351686212
    ]
  },
  {
    "label_id": "GZswbdmDQZSe88ajnioK_g",
    "size": [
      1.1505740821373587,
      4.713684939172988,
      4.259999999999991
    ],
    "obj_class": "vehicle",
    "point_num_in_lidar": 154,
    "speed": 5.709267256288867e-13,
    "if_vehicle": true,
    "motion_state": false,
    "pose": [
      [
        0.03894170529096244,
        0.9993723916768099,
        -0.0003851361005648463,
        30.942577984709715
      ],
      [
        -0.9993720697648093,
        0.038942065862956815,
        -1.8378551104979918e-05,
        40.37617580037113
      ],
      [
        1.0350898014799504e-05,
        0.00039103674637159613,
        1.0000007702556093,
        2.829132735968983
      ],
      [
        0.0,
        0.0,
        0.0,
        1.0
      ]
    ],
    "location": [
      30.942577984709715,
      40.37617580037113,
      2.829132735968983
    ],
    "rotation": [
      0.00039103642524252,
      -1.0350889250224093e-05,
      -1.5318498571125407
    ]
  },
  {
    "label_id": "NeHt8l-Xg_tze4fm4Zzhag",
    "size": [
      0.8686749354366582,
      0.8296750162009441,
      1.82000000000005
    ],
    "obj_class": "pedestrian",
    "point_num_in_lidar": 521,
    "speed": 2.9777166713245524e-13,
    "if_vehicle": false,
    "motion_state": false,
    "pose": [
      [
        0.9580335498318355,
        0.2871120879611429,
        -0.0003851361005648463,
        1.4402731788250094
      ],
      [
        -0.28711164250930593,
        0.9580333621828011,
        -1.8378551104979918e-05,
        10.620228309475351
      ],
      [
        0.0003732776712636779,
        0.00011696434601433691,
        1.0000007702556093,
        1.2519092812615327
      ],
      [
        0.0,
        0.0,
        0.0,
        1.0
      ]
    ],
    "location": [
      1.4402731788250094,
      10.620228309475351,
      1.2519092812615327
    ],
    "rotation": [
      0.00011696425538858085,
      -0.00037327736385435163,
      -0.29117099496500287
    ]
  },
  {
    "label_id": "Nx3jDnV5BFvG2rNbAk93sw",
    "size": [
      0.7698546864134821,
      0.8128752011552611,
      1.0900000000000318
    ],
    "obj_class": "sign",
    "point_num_in_lidar": 118,
    "speed": 0.0009001895903282375,
    "if_vehicle": false,
    "motion_state": false,
    "pose": [
      [
        -0.0035901146444427146,
        1.0001243646335363,
        -0.0003851361005648463,
        12.059423191911264
      ],
      [
        -1.0001240583454183,
        -0.0035897407098387742,
        -1.8378551104979918e-05,
        14.612682082297397
      ],
      [
        -6.286631318040637e-06,
        0.00039112319845448706,
        1.0000007702556093,
        0.8375795870159664
      ],
      [
        0.0,
        0.0,
        0.0,
        1.0
      ]
    ],
    "location": [
      12.059423191911264,
      14.612682082297397,
      0.8375795870159664
    ],
    "rotation": [
      0.0003911228772455985,
      6.286625994793557e-06,
      -1.5743859806925244
    ]
  },
  {
    "label_id": "OkBzhxzagapiYam_4NK-9A",
    "size": [
      0.91613499373273,
      0.864239601718528,
      1.8799999999999955
    ],
    "obj_class": "pedestrian",
    "point_num_in_lidar": 67,
    "speed": 0.004686873666080599,
    "if_vehicle": false,
    "motion_state": false,
    "pose": [
      [
        -0.9934506925939317,
        -0.11540084506377071,
        -0.0003851361005648463,
        29.963125709176893
      ],
      [
        0.1154004392253433,
        -0.9934504300398039,
        -1.8378551104979918e-05,
        -11.644679140086737
      ],
      [
        -0.0003879673227538854,
        -4.998234265997004e-05,
        1.0000007702556093,
        0.9250638586576088
      ],
      [
        0.0,
        0.0,
        0.0,
        1.0
      ]
    ],
    "location": [
      29.963125709176893,
      -11.644679140086737,
      0.9250638586576088
    ],
    "rotation": [
      -4.998230411919745e-05,
      0.00038796700397010183,
      3.025949720239907
    ]
  },
  {
    "label_id": "Qk60fGhJPpHJTNmg9RXYjQ",
    "size": [
      0.860713081211097,
      0.8401418131687414,
      2.2000000000000455
    ],
    "obj_class": "pedestrian",
    "point_num_in_lidar": 28,
    "speed": 1.3660031276030196,
    "if_vehicle": false,
    "motion_state": true,
    "pose": [
      [
        -0.9993073182571327,
        0.04057730072999789,
        -0.0003851361005648463,
        62.176529112648495
      ],
      [
        -0.04057766077464403,
        -0.9993069957554243,
        -1.8378551104979918e-05,
        -15.951442180918093
      ],
      [
        -0.0003910192815815289,
        1.0990884134652673e-05,
        1.0000007702556093,
        1.0999733844607817
      ],
      [
        0.0,
        0.0,
        0.0,
        1.0
      ]
    ],
    "location": [
      62.176529112648495,
      -15.951442180918093,
      1.0999733844607817
    ],
    "rotation": [
      1.0990875668426474e-05,
      0.00039101896044495813,
      -3.1010091612216883
    ]
  },
  {
    "label_id": "STtRt9KBb_9mAHFLQABjjA",
    "size": [
      0.756891629807179,
      0.573585064201344,
      1.2000000000000455
    ],
    "obj_class": "pedestrian",
    "point_num_in_lidar": 22,
    "speed": 1.2198712985178086,
    "if_vehicle": false,
    "motion_state": true,
    "pose": [
      [
        -0.9909587389795004,
        0.13513848932466832,
        -0.0003851361005648463,
        38.007668588677916
      ],
      [
        -0.13513881717119208,
        -0.9909583837948215,
        -1.8378551104979918e-05,
        44.62128195676996
      ],
      [
        -0.0003882158621081343,
        4.801377417194655e-05,
        1.0000007702556093,
        2.896745615421196
      ],
      [
        0.0,
        0.0,
        0.0,
        1.0
      ]
    ],
    "location": [
      38.007668588677916,
      44.62128195676996,
      2.896745615421196
    ],
    "rotation": [
      4.8013737152200496e-05,
      0.0003882155431326136,
      -3.0060569347067174
    ]
  },
  {
    "label_id": "WrQ9WB5nz7yw3pLq2Sx4JA",
    "size": [
      1.9338659153476891,
      4.5722265271665545,
      1.5399999999999636
    ],
    "obj_class": "vehicle",
    "point_num_in_lidar": 1750,
    "speed": 8.881784197001252e-14,
    "if_vehicle": true,
    "motion_state": false,
    "pose": [
      [
        0.9997147810735115,
        -0.028844239631793354,
        -0.0003851361005648463,
        3.9391482354330947
      ],
      [
        0.028844603437286363,
        0.9997144628203691,
        -1.8378551104979918e-05,
        -7.481352559143488
      ],
      [
        0.00039112135674461613,
        -6.400187563591062e-06,
        1.0000007702556093,
        0.6174325100624856
      ],
      [
        0.0,
        0.0,
        0.0,
        1.0
      ]
    ],
    "location": [
      3.9391482354330947,
      -7.481352559143488,
      0.6174325100624856
    ],
    "rotation": [
      -6.400182633727099e-06,
      -0.0003911210355294173,
      0.028844830282017012
    ]
  },
  {
    "label_id": "X8OBaKk4dxIT8dFfdO_PYQ",
    "size": [
      2.163372976580993,
      5.267996842103457,
      2.6200000000000045
    ],
    "obj_class": "vehicle",
    "point_num_in_lidar": 75,
    "speed": 5.728578676879116e-13,
    "if_vehicle": true,
    "motion_state": false,
    "pose": [
      [
        0.9994497410344705,
        0.036903235670127744,
        -0.0003851361005648463,
        79.206483001788
      ],
      [
        -0.03690285174028988,
        0.999449447372456,
        -1.8378551104979918e-05,
        2.1854113936060457
      ],
      [
        0.00039069672522051065,
        1.9311835867274317e-05,
        1.0000007702556093,
        1.8009151940415222
      ],
      [
        0.0,
        0.0,
        0.0,
        1.0
      ]
    ],
    "location": [
      79.206483001788,
      2.1854113936060457,
      1.8009151940415222
    ],
    "rotation": [
      1.9311820989835114e-05,
      -0.0003906964043324304,
      -0.03690640338711993
    ]
  },
  {
    "label_id": "YTw2k0_-8UqolJn4WQRc2g",
    "size": [
      0.7131402618215995,
      0.9424020280400371,
      1.5199999999999818
    ],
    "obj_class": "pedestrian",
    "point_num_in_lidar": 63,
    "speed": 1.4450336737500975,
    "if_vehicle": false,
    "motion_state": true,
    "pose": [
      [
        -0.0319539036053046,
        0.9996202187336839,
        -0.0003851361005648463,
        33.40301644105239
      ],
      [
        -0.9996199231742009,
        -0.03195352113427136,
        -1.8378551104979918e-05,
        -3.668979933638184
      ],
      [
        -1.7377023524782098e-05,
        0.0003907875601346813,
        1.0000007702556093,
        1.0171755886678966
      ],
      [
        0.0,
        0.0,
        0.0,
        1.0
      ]
    ],
    "location": [
      33.40301644105239,
      -3.668979933638184,
      1.0171755886678966
    ],
    "rotation": [
      0.00039078723923562076,
      1.737700881143137e-05,
      -1.6027514986847506
    ]
  },
  {
    "label_id": "YZp0XjCF9MO6a2x7szWEXA",
    "size": [
      1.9473680660204529,
      3.8082084000475307,
      1.509999999999991
    ],
    "obj_class": "vehicle",
    "point_num_in_lidar": 110,
    "speed": 1.1390866590859189e-12,
    "if_vehicle": true,
    "motion_state": false,
    "pose": [
      [
        0.9982186369212158,
        -0.06181574686069098,
        -0.0003851361005648463,
        40.33791436673164
      ],
      [
        0.06181609996679878,
        0.9982183068370206,
        -1.8378551104979918e-05,
        -7.056325494018893
      ],
      [
        0.00039069719214337203,
        -1.93023872586245e-05,
        1.0000007702556093,
        0.8435879912767632
      ],
      [
        0.0,
        0.0,
        0.0,
        1.0
      ]
    ],
    "location": [
      40.33791436673164,
      -7.056325494018893,
      0.8435879912767632
    ],
    "rotation": [
      -1.9302372388466657e-05,
      -0.00039069687125493197,
      0.06184743490223687
    ]
  },
  {
    "label_id": "Yyu039jUMIJ4gI_2-mTkSg",
    "size": [
      1.0952675293740493,
      1.1481994723012645,
      1.759999999999991
    ],
    "obj_class": "pedestrian",
    "point_num_in_lidar": 52,
    "speed": 1.501030365566965,
    "if_vehicle": false,
    "motion_state": true,
    "pose": [
      [
        0.025601090756250725,
        -0.9998030895175738,
        -0.0003851361005648463,
        33.706266662595226
      ],
      [
        0.999802791533615,
        0.02560071017109652,
        -1.8378551104979918e-05,
        13.16425559036361
      ],
      [
        1.4893381455537404e-05,
        -0.00039089009362148965,
        1.0000007702556093,
        1.2400260667642442
      ],
      [
        0.0,
        0.0,
        0.0,
        1.0
      ]
    ],
    "location": [
      33.706266662595226,
      13.16425559036361,
      1.2400260667642442
    ],
    "rotation": [
      -0.0003908897726277897,
      -1.489336884491962e-05,
      1.5451957805208552
    ]
  },
  {
    "label_id": "ZyK_iICxQsEYdJLxMFTw7w",
    "size": [
      0.9212612327097458,
      0.9766455606441014,
      1.740000000000009
    ],
    "obj_class": "pedestrian",
    "point_num_in_lidar": 54,
    "speed": 1.3930926950341627,
    "if_vehicle": false,
    "motion_state": true,
    "pose": [
      [
        0.5208454886497658,
        0.8538041992225043,
        -0.0003851361005648463,
        31.60711177079793
      ],
      [
        -0.8538037424395588,
        0.5208456467283537,
        -1.8378551104979918e-05,
        -22.750073427876487
      ],
      [
        0.000199530312398955,
        0.0003364588125411067,
        1.0000007702556093,
        0.7456494259010924
      ],
      [
        0.0,
        0.0,
        0.0,
        1.0
      ]
    ],
    "location": [
      31.60711177079793,
      -22.750073427876487,
      0.7456494259010924
    ],
    "rotation": [
      0.000336458540685828,
      -0.00019953014476797358,
      -1.0230347976353034
    ]
  },
  {
    "label_id": "aANSRZ5XPxs8mHhsbxTcGg",
    "size": [
      0.8077633193168814,
      0.8146921552102152,
      1.07000000000005
    ],
    "obj_class": "sign",
    "point_num_in_lidar": 32,
    "speed": 8.533911106286719e-13,
    "if_vehicle": false,
    "motion_state": false,
    "pose": [
      [
        -0.009997005218991387,
        -1.0000808435038873,
        -0.0003851361005648463,
        32.098692132454744
      ],
      [
        1.0000805321640953,
        -0.009997374958133505,
        -1.8378551104979918e-05,
        -28.77055456423841
      ],
      [
        9.726037829537248e-07,
        -0.00039117250944369585,
        1.0000007702556093,
        0.35484305600175503
      ],
      [
        0.0,
        0.0,
        0.0,
        1.0
      ]
    ],
    "location": [
      32.098692132454744,
      -28.77055456423841,
      0.35484305600175503
    ],
    "rotation": [
      -0.00039117218818928085,
      -9.72602959388719e-07,
      1.5807921940647154
    ]
  },
  {
    "label_id": "dNW3S4yA8s8GmltmAPV8LQ",
    "size": [
      0.9053185012427354,
      1.1352859720932158,
      1.8100000000000591
    ],
    "obj_class": "pedestrian",
    "point_num_in_lidar": 21,
    "speed": 1.7834276232743582,
    "if_vehicle": false,
    "motion_state": true,
    "pose": [
      [
        0.00712143055082537,
        -1.0001054538815919,
        -0.0003851361005648463,
        33.69874944863659
      ],
      [
        1.0001051489157082,
        0.007121055537080192,
        -1.8378551104979918e-05,
        25.481614226997408
      ],
      [
        7.667608704995627e-06,
        -0.00039109856287046474,
        1.0000007702556093,
        1.567507362160768
      ],
      [
        0.0,
        0.0,
        0.0,
        1.0
      ]
    ],
    "location": [
      33.69874944863659,
      25.481614226997408,
      1.567507362160768
    ],
    "rotation": [
      -0.00039109824168432033,
      -7.667602212421343e-06,
      1.5636757653216595
    ]
  },
  {
    "label_id": "dWu2dkV959ZVbiXuXYme9A",
    "size": [
      1.9876994670929105,
      4.6193943709231275,
      1.4600000000000364
    ],
    "obj_class": "vehicle",
    "point_num_in_lidar": 4071,
    "speed": 8.881784197001252e-14,
    "if_vehicle": true,
    "motion_state": false,
    "pose": [
      [
        0.9999291721982028,
        0.02008193824839615,
        -0.0003851361005648463,
        1.6189795424197655
      ],
      [
        -0.020081559313866553,
        0.9999288721180108,
        -1.8378551104979918e-05,
        3.2232138969866355
      ],
      [
        0.0003909663478350714,
        1.273550011199248e-05,
        1.0000007702556093,
        0.7562599131500747
      ],
      [
        0.0,
        0.0,
        0.0,
        1.0
      ]
    ],
    "location": [
      1.6189795424197655,
      3.2232138969866355,
      0.7562599131500747
    ],
    "rotation": [
      1.2735490301721104e-05,
      -0.00039096602673927683,
      -0.020080282403241317
    ]
  },
  {
    "label_id": "dv8sizFeYUT8pYvd3AJspA",
    "size": [
      0.7534326255224585,
      0.8617267602349281,
      0.7999999999999545
    ],
    "obj_class": "sign",
    "point_num_in_lidar": 53,
    "speed": 1.1370071466249427e-12,
    "if_vehicle": false,
    "motion_state": false,
    "pose": [
      [
        -0.0021757045201311557,
        1.0001284417346785,
        -0.0003851361005648463,
        11.993942160668666
      ],
      [
        -1.000128134918037,
        -0.0021753310190632544,
        -1.8378551104979918e-05,
        38.420553210631624
      ],
      [
        -5.733486614576284e-06,
        0.0003911316980683598,
        1.0000007702556093,
        1.253988691544805
      ],
      [
        0.0,
        0.0,
        0.0,
        1.0
      ]
    ],
    "location": [
      11.993942160668666,
      38.420553210631624,
      1.253988691544805
    ],
    "rotation": [
      0.00039113137685162415,
      5.733481759701825e-06,
      -1.5729717491353168
    ]
  },
  {
    "label_id": "eTLt3z7Tt1__uHa0Pj96uQ",
    "size": [
      0.5969024159007621,
      0.5832202862830158,
      0.9800000000000182
    ],
    "obj_class": "sign",
    "point_num_in_lidar": 101,
    "speed": 2.5585089000282873e-12,
    "if_vehicle": false,
    "motion_state": false,
    "pose": [
      [
        0.9986388564166374,
        -0.05460831540769035,
        -0.0003851361005648463,
        1.7322238762462803
      ],
      [
        0.054608670887369974,
        0.9986385288900026,
        -1.8378551104979918e-05,
        5.192517336618039
      ],
      [
        0.00039082635027991265,
        -1.6481566353921172e-05,
        1.0000007702556093,
        0.7174058294716588
      ],
      [
        0.0,
        0.0,
        0.0,
        1.0
      ]
    ],
    "location": [
      1.7322238762462803,
      5.192517336618039,
      0.7174058294716588
    ],
    "rotation": [
      -1.6481553657419658e-05,
      -0.00039082602929196706,
      0.05462869479234651
    ]
  },
  {
    "label_id": "hVOvDRfPPYheooNcglGZfw",
    "size": [
      1.968775439042792,
      4.426137945390364,
      1.5
    ],
    "obj_class": "vehicle",
    "point_num_in_lidar": 31,
    "speed": 1.422084321207637e-12,
    "if_vehicle": true,
    "motion_state": false,
    "pose": [
      [
        0.99463746899892,
        -0.1046801744372743,
        -0.0003851361005648463,
        51.00903801028653
      ],
      [
        0.10468051302378796,
        0.9946371240370783,
        -1.8378551104979918e-05,
        -6.6161286284077505
      ],
      [
        0.0003895058880730235,
        -3.608380882118112e-05,
        1.0000007702556093,
        0.8471909505225312
      ],
      [
        0.0,
        0.0,
        0.0,
        1.0
      ]
    ],
    "location": [
      51.00903801028653,
      -6.6161286284077505,
      0.8471909505225312
    ],
    "rotation": [
      -3.6083781011785545e-05,
      -0.0003895055681026903,
      0.10485887299506479
    ]
  },
  {
    "label_id": "iYoNqzfcHozgqJVHl7Yxnw",
    "size": [
      1.9729673738194622,
      3.9732415768768115,
      1.57000000000005
    ],
    "obj_class": "vehicle",
    "point_num_in_lidar": 31,
    "speed": 1.7763568394002505e-14,
    "if_vehicle": true,
    "motion_state": false,
    "pose": [
      [
        0.9993656305991038,
        0.03911483138210641,
        -0.0003851361005648463,
        50.24420807833485
      ],
      [
        -0.03911444680336274,
        0.9993653377874082,
        -1.8378551104979918e-05,
        2.4158450695213105
      ],
      [
        0.0003906530333757594,
        2.0176362826686394e-05,
        1.0000007702556093,
        0.9645283534493956
      ],
      [
        0.0,
        0.0,
        0.0,
        1.0
      ]
    ],
    "location": [
      50.24420807833485,
      2.4158450695213105,
      0.9645283534493956
    ],
    "rotation": [
      2.0176347283003893e-05,
      -0.0003906527125213414,
      -0.0391193083158917
    ]
  },
  {
    "label_id": "ifMXmnBpfdQ88ZpSpy5LIA",
    "size": [
      0.24340906766558254,
      0.052982123451976726,
      0.37999999999999545
    ],
    "obj_class": "sign",
    "point_num_in_lidar": 81,
    "speed": 0.0005781769289132286,
    "if_vehicle": false,
    "motion_state": false,
    "pose": [
      [
        -0.6196986677557773,
        0.7850064935008562,
        -0.0003851361005648463,
        4.96755332416069
      ],
      [
        -0.785006483055847,
        -0.6196981845059444,
        -1.8378551104979918e-05,
        4.897680713649606
      ],
      [
        -0.0002461916147373963,
        0.00030398448469550333,
        1.0000007702556093,
        0.8075739349637843
      ],
      [
        0.0,
        0.0,
        0.0,
        1.0
      ]
    ],
    "location": [
      4.96755332416069,
      4.897680713649606,
      0.8075739349637843
    ],
    "rotation": [
      0.0003039842411865638,
      0.0002461914087583318,
      -2.239051770491899
    ]
  },
  {
    "label_id": "iwVyTv3GqaEq5Lo6tx5S8A",
    "size": [
      0.8450336275361894,
      1.1945977308094293,
      1.810638297872515
    ],
