[
  {
    "label_id": "88UyQvdqq5nAAKpHlxro9g",
    "size": [
      0.7906923211850067,
      0.984406265485531,
      1.7900000000000063
    ],
    "obj_class": "pedestrian",
    "point_num_in_lidar": 216,
    "speed": 1.529487504873489,
    "if_vehicle": false,
    "motion_state": true,
    "pose": [
      [
        0.0074898627392585475,
        0.9999179379394808,
        -0.010393235444443677,
        14.703649907336057
      ],
      [
        -0.9969872848779142,
        0.006664673248446583,
        -0.0772783017557716,
        -10.532743095967817
      ],
      [
        -0.07720269262086472,
        0.010940727459726539,
        0.9969553875348387,
        -0.10727292529131915
      ],
      [
        0.0,
        0.0,
        0.0,
        1.0
      ]
    ],
    "location": [
      14.703649907336057,
      -10.532743095967817,
      -0.10727292529131915
    ],
    "rotation": [
      0.010973698948463943,
      0.07727959034722695,
      -1.563283972370363
    ]
  },
  {
    "label_id": "AxQ1JMlpiNju7L2Sr9YzTg",
    "size": [
      2.022417549921993,
      4.35033917273071,
      1.7100000000000009
    ],
    "obj_class": "vehicle",
    "point_num_in_lidar": 365,
    "speed": 0.0049007709295545996,
    "if_vehicle": true,
    "motion_state": false,
    "pose": [
      [
        -0.12996623103807206,
        -0.9914639476283315,
        -0.010393235444443677,
        10.853190914606785
      ],
      [
        0.9886565033443374,
        -0.12878813017002871,
        -0.0772783017557716,
        -34.75416385936478
      ],
      [
        0.07528012476548397,
        -0.020318909433158578,
        0.9969553875348387,
        -1.7583061742194488
      ],
      [
        0.0,
        0.0,
        0.0,
        1.0
      ]
    ],
    "location": [
      10.853190914606785,
      -34.75416385936478,
      -1.7583061742194488
    ],
    "rotation": [
      -0.020378140293540712,
      -0.07535141000388888,
      1.7015042596768153
    ]
  },
  {
    "label_id": "BnQoCLZEVtgkX7FZoLLJKg",
    "size": [
      1.9923887929877675,
      4.393712393668999,
      2.299999999999997
    ],
    "obj_class": "vehicle",
    "point_num_in_lidar": 244,
    "speed": 1.4281732235759946e-12,
    "if_vehicle": true,
    "motion_state": false,
    "pose": [
      [
        0.997608370533231,
        -0.06833388397440775,
        -0.010393235444443677,
        21.04377339521534
      ],
      [
        0.06733185622627394,
        0.9947333739323659,
        -0.0772783017557716,
        -51.35442170227179
      ],
      [
        0.015619224665643082,
        0.07639368485747955,
        0.9969553875348387,
        -2.2490941085525193
      ],
      [
        0.0,
        0.0,
        0.0,
        1.0
      ]
    ],
    "location": [
      21.04377339521534,
      -51.35442170227179,
      -2.2490941085525193
    ],
    "rotation": [
      0.07647753374052567,
      -0.015619859813514691,
      0.067391069348312
    ]
  },
  {
    "label_id": "Fzwx5hX1FaRCPnhOV6NA2w",
    "size": [
      2.027813470502844,
      4.402677683938137,
      1.7800000000000011
    ],
    "obj_class": "vehicle",
    "point_num_in_lidar": 759,
    "speed": 6.527734408699782,
    "if_vehicle": true,
    "motion_state": true,
    "pose": [
      [
        -0.09596654439544731,
        -0.9953302984506164,
        -0.010393235444443677,
        7.320094211165724
      ],
      [
        0.992484188508544,
        -0.09488519188093013,
        -0.0772783017557716,
        -29.86301586816444
      ],
      [
        0.07593127101091922,
        -0.017731253422306952,
        0.9969553875348387,
        -1.3658345331713875
      ],
      [
        0.0,
        0.0,
        0.0,
        1.0
      ]
    ],
    "location": [
      7.320094211165724,
      -29.86301586816444,
      -1.3658345331713875
    ],
    "rotation": [
      -0.01778352814182797,
      -0.076004425326048,
      1.667189931424635
    ]
  },
  {
    "label_id": "K2N4M6EbjRN45GBcmjjbIA",
    "size": [
      2.084653381286029,
      4.1616977405859625,
      1.8000000000000043
    ],
    "obj_class": "vehicle",
    "point_num_in_lidar": 166,
    "speed": 0.00035468574871120066,
    "if_vehicle": true,
    "motion_state": false,
    "pose": [
      [
        -0.09678954702291703,
        -0.9952506037396285,
        -0.010393235444443677,
        12.924833652972666
      ],
      [
        0.9924053889375134,
        -0.0957058414388948,
        -0.0772783017557716,
        -60.32591405372477
      ],
      [
        0.07591658313492185,
        -0.017794034685203707,
        0.9969553875348387,
        -1.976799907548859
      ],
      [
        0.0,
        0.0,
        0.0,
        1.0
      ]
    ],
    "location": [
      12.924833652972666,
      -60.32591405372477,
      -1.976799907548859
    ],
    "rotation": [
      -0.017846481149157586,
      -0.07598969493243435,
      1.6680190903758023
    ]
  },
  {
    "label_id": "Xdp9cG1A6O1XIB3PfScqpw",
    "size": [
      2.0420978383014288,
      4.4520255683458885,
      1.6800000000000068
    ],
    "obj_class": "vehicle",
    "point_num_in_lidar": 223,
    "speed": 1.9945885082418897e-12,
    "if_vehicle": true,
    "motion_state": false,
    "pose": [
      [
        0.9917520438676152,
        -0.12774922364305896,
        -0.010393235444443677,
        -12.00280976826707
      ],
      [
        0.12657740251130348,
        0.9889419726410824,
        -0.0772783017557716,
        -53.981340460830324
      ],
      [
        0.02015054981630521,
        0.07532536496665872,
        0.9969553875348387,
        -0.8665601628203987
      ],
      [
        0.0,
        0.0,
        0.0,
        1.0
      ]
    ],
    "location": [
      -12.00280976826707,
      -53.981340460830324,
      -0.8665601628203987
    ],
    "rotation": [
      0.07541212000272567,
      -0.02015191373605323,
      0.12694377773633544
    ]
  },
  {
    "label_id": "dAM8OaUe4C7RqpO_K9jiLg",
    "size": [
      2.113957168408741,
      4.567705028833302,
      1.8900000000000077
    ],
    "obj_class": "vehicle",
    "point_num_in_lidar": 3627,
    "speed": 0.023486578617326174,
    "if_vehicle": true,
    "motion_state": false,
    "pose": [
      [
        -0.13056773003784256,
        -0.9913849144150628,
        -0.010393235444443677,
        8.812810217415517
      ],
      [
        0.9885781854036274,
        -0.12938792610524075,
        -0.0772783017557716,
        -7.274335069771041
      ],
      [
        0.075267783392607,
        -0.020364578277571318,
        0.9969553875348387,
        0.13695139786956645
      ],
      [
        0.0,
        0.0,
        0.0,
        1.0
      ]
    ],
    "location": [
      8.812810217415517,
      -7.274335069771041,
      0.13695139786956645
    ],
    "rotation": [
      -0.0204239295436292,
      -0.07533903351757515,
      1.7021125610373986
    ]
  },
  {
    "label_id": "fTkle-_z0hVaJSenTo_ASw",
    "size": [
      2.1032767013879403,
      4.170778679273994,
      1.5900000000000034
    ],
    "obj_class": "vehicle",
    "point_num_in_lidar": 116,
    "speed": 1.4210854715202004e-13,
    "if_vehicle": true,
    "motion_state": false,
    "pose": [
      [
        0.12781569989100128,
        0.9917434786870897,
        -0.010393235444443677,
        1.6604518423514492
      ],
      [
        -0.9889334860133258,
        0.12664369040451695,
        -0.0772783017557716,
        -65.82570000240412
      ],
      [
        -0.0753240141183722,
        0.020155598784332884,
        0.9969553875348387,
        -1.3450707070705974
      ],
      [
        0.0,
        0.0,
        0.0,
        1.0
      ]
    ],
    "location": [
      1.6604518423514492,
      -65.82570000240412,
      -1.3450707070705974
    ],
    "rotation": [
      0.02021439837912113,
      0.07539542432362148,
      -1.4422628607158314
    ]
  },
  {
    "label_id": "lbu1CkOusaTDoTSTMj2e2A",
    "size": [
      1.9129179797535885,
      4.032730676179802,
      1.730000000000004
    ],
    "obj_class": "vehicle",
    "point_num_in_lidar": 281,
    "speed": 7.105427357601002e-14,
    "if_vehicle": true,
    "motion_state": false,
    "pose": [
      [
        -0.9973198638462936,
        0.07242285436660706,
        -0.010393235444443677,
        -10.392902789600157
      ],
      [
        -0.07140904942435104,
        -0.9944489990633277,
        -0.0772783017557716,
        -45.39587020147883
      ],
      [
        -0.015932257778513478,
        -0.07632901432180773,
        0.9969553875348387,
        -1.314256164813166
      ],
      [
        0.0,
        0.0,
        0.0,
        1.0
      ]
    ],
    "location": [
      -10.392902789600157,
      -45.39587020147883,
      -1.314256164813166
    ],
    "rotation": [
      -0.07641304405013966,
      0.01593293188784009,
      -3.070113687634054
    ]
  },
  {
    "label_id": "mIOM1SbDB7axPOdsgpm1fA",
    "size": [
      2.017390268612375,
      4.505411291172341,
      1.8000000000000043
    ],
    "obj_class": "vehicle",
    "point_num_in_lidar": 223,
    "speed": 5.728578676879116e-13,
    "if_vehicle": true,
    "motion_state": false,
    "pose": [
      [
        0.9977289944689625,
        -0.06654948724783281,
        -0.010393235444443677,
        26.149440494085866
      ],
      [
        0.0655526032207572,
        0.9948522102748357,
        -0.0772783017557716,
        -50.968294050177064
      ],
      [
        0.015482564611041458,
        0.07642149866578554,
        0.9969553875348387,
        -2.800070707070283
      ],
      [
        0.0,
        0.0,
        0.0,
        1.0
      ]
    ],
    "location": [
      26.149440494085866,
      -50.968294050177064,
      -2.800070707070283
    ],
    "rotation": [
      0.07650526957406292,
      -0.015483183231536307,
      0.065607517552606
    ]
  },
  {
    "label_id": "npFpFlBhi1zaoOJx_kni3w",
    "size": [
      2.142391775633585,
      4.7986056735139995,
      2.1099999999999994
    ],
    "obj_class": "vehicle",
    "point_num_in_lidar": 4351,
    "speed": 4.973799150320701e-13,
    "if_vehicle": true,
    "motion_state": false,
    "pose": [
      [
        0.09394040406436728,
        0.995523571363943,
        -0.010393235444443677,
        -1.4559282328200425
      ],
      [
        -0.9926752662825042,
        0.09286484689430806,
        -0.0772783017557716,
        -23.03995605644741
      ],
      [
        -0.07596720473456146,
        0.01757666265469518,
        0.9969553875348387,
        -0.6430213472980384
      ],
      [
        0.0,
        0.0,
        0.0,
        1.0
      ]
    ],
    "location": [
      -1.4559282328200425,
      -23.03995605644741,
      -0.6430213472980384
    ],
    "rotation": [
      0.01762851387579214,
      0.07604046313822939,
      -1.4764437461019977
    ]
  },
  {
    "label_id": "pojeGZeFwPbiZNdyGZOaag",
    "size": [
      0.7731559369218918,
      0.09735684662155109,
      0.9500000000000028
    ],
    "obj_class": "sign",
    "point_num_in_lidar": 65,
    "speed": 2.8421709430404007e-13,
    "if_vehicle": false,
    "motion_state": false,
    "pose": [
      [
        0.1069261657480192,
        0.9942126411062291,
        -0.010393235444443677,
        12.624706974618675
      ],
      [
        -0.9913786170309862,
        0.10581352357554895,
        -0.0772783017557716,
        -34.88942272193526
      ],
      [
        -0.07573131962508296,
        0.018566703883653078,
        0.9969553875348387,
        0.16756057646404798
      ],
      [
        0.0,
        0.0,
        0.0,
        1.0
      ]
    ],
    "location": [
      12.624706974618675,
      -34.88942272193526,
      0.16756057646404798
    ],
    "rotation": [
      0.018621252323033917,
      0.07580389654975156,
      -1.463355624806412
    ]
  },
  {
    "label_id": "t8L8-W5u8RYlt5pJLSgtgA",
    "size": [
      2.2730443911477103,
      4.8845576947807015,
      2.030000000000001
    ],
    "obj_class": "vehicle",
    "point_num_in_lidar": 859,
    "speed": 0.3499242272426691,
    "if_vehicle": true,
    "motion_state": false,
    "pose": [
      [
        0.07710785126875078,
        0.9969685852270935,
        -0.010393235444443677,
        2.8045982438698047
      ],
      [
        -0.9941025153808379,
        0.07608056907801639,
        -0.0772783017557716,
        -34.577904492683956
      ],
      [
        -0.07625331590302896,
        0.01629070529635242,
        0.9969553875348387,
        -1.3493347905483546
      ],
      [
        0.0,
        0.0,
        0.0,
        1.0
      ]
    ],
    "location": [
      2.8045982438698047,
      -34.577904492683956,
      -1.3493347905483546
    ],
    "rotation": [
      0.016339001526572704,
      0.0763274066138122,
      -1.493386030237798
    ]
  },
  {
    "label_id": "w04VmayxYYLOx05LrLxWeQ",
    "size": [
      1.8510491085093705,
      4.268809587886161,
      1.6800000000000068
    ],
    "obj_class": "vehicle",
    "point_num_in_lidar": 340,
    "speed": 0.009726412580531222,
    "if_vehicle": true,
    "motion_state": false,
    "pose": [
      [
        0.9916916639783834,
        -0.12821709812962334,
        -0.010393235444443677,
        -7.6000515096257
      ],
      [
        0.12704395139308894,
        0.9888821459062624,
        -0.0772783017557716,
        -53.540950180562504
      ],
      [
        0.020186084568720904,
        0.07531584995898394,
        0.9969553875348387,
        -1.446532142512872
      ],
      [
        0.0,
        0.0,
        0.0,
        1.0
      ]
    ],
    "location": [
      -7.6000515096257,
      -53.540950180562504,
      -1.446532142512872
    ],
    "rotation": [
      0.07540263010443804,
      -0.020187455717752354,
      0.127414312685733
    ]
  }
]