[
  {
    "label_id": "88UyQvdqq5nAAKpHlxro9g",
    "size": [
      0.7906923211838753,
      0.984406265485531,
      1.7900000000000063
    ],
    "obj_class": "pedestrian",
    "point_num_in_lidar": 108,
    "speed": 1.4534313970813966,
    "if_vehicle": false,
    "motion_state": true,
    "pose": [
      [
        0.0971982149220969,
        0.9952021271157387,
        -0.011190764060899633,
        14.549069954420702
      ],
      [
        -0.9915543102233616,
        0.09585965708286709,
        -0.08735545788002416,
        -5.24273174481641
      ],
      [
        -0.08586359469199625,
        0.01958704490891849,
        0.9961143462365677,
        0.5994827605589563
      ],
      [
        0.0,
        0.0,
        0.0,
        1.0
      ]
    ],
    "location": [
      14.549069954420702,
      -5.24273174481641,
      0.5994827605589563
    ],
    "rotation": [
      0.01966091655684594,
      0.08596945197305768,
      -1.4730823973365588
    ]
  },
  {
    "label_id": "BnQoCLZEVtgkX7FZoLLJKg",
    "size": [
      1.9923887929877557,
      4.393712393668999,
      2.299999999999997
    ],
    "obj_class": "vehicle",
    "point_num_in_lidar": 115,
    "speed": 1.4281732235759946e-12,
    "if_vehicle": true,
    "motion_state": false,
    "pose": [
      [
        0.9975997832246332,
        -0.06833329576347216,
        -0.011190764060899633,
        21.04377339521534
      ],
      [
        0.06710095157423905,
        0.9939147278697519,
        -0.08735545788002416,
        -51.35442170227361
      ],
      [
        0.017091951556112886,
        0.08639487492727152,
        0.9961143462365677,
        -2.1599236563781474
      ],
      [
        0.0,
        0.0,
        0.0,
        1.0
      ]
    ],
    "location": [
      21.04377339521534,
      -51.35442170227361,
      -2.1599236563781474
    ],
    "rotation": [
      0.08651538344991655,
      -0.01709278385786349,
      0.06716123352506881
    ]
  },
  {
    "label_id": "Fzwx5hX1FaRCPnhOV6NA2w",
    "size": [
      2.027813470502807,
      4.402677683938137,
      1.7800000000000011
    ],
    "obj_class": "vehicle",
    "point_num_in_lidar": 66,
    "speed": 2.2813002888278824,
    "if_vehicle": true,
    "motion_state": true,
    "pose": [
      [
        -0.9380188770097462,
        -0.346403454331951,
        -0.011190764060899633,
        13.560017101105586
      ],
      [
        0.3460177665227069,
        -0.9341524122054221,
        -0.08735545788002416,
        -44.32002575919614
      ],
      [
        0.01980635312247848,
        -0.08581327168732751,
        0.9961143462365677,
        -1.672505715881904
      ],
      [
        0.0,
        0.0,
        0.0,
        1.0
      ]
    ],
    "location": [
      13.560017101105586,
      -44.32002575919614,
      -1.672505715881904
    ],
    "rotation": [
      -0.08593584175880724,
      -0.019807648328874584,
      2.7881969491933174
    ]
  },
  {
    "label_id": "K2N4M6EbjRN45GBcmjjbIA",
    "size": [
      2.084653381286029,
      4.1616977405859625,
      1.8000000000000043
    ],
    "obj_class": "vehicle",
    "point_num_in_lidar": 59,
    "speed": 0.0015323964750791933,
    "if_vehicle": true,
    "motion_state": false,
    "pose": [
      [
        -0.09678871386860859,
        -0.9952420367264406,
        -0.011190764060899633,
        12.927789990599194
      ],
      [
        0.9915936693704931,
        -0.09545165709893422,
        -0.08735545788002416,
        -60.32195478318681
      ],
      [
        0.08587164684586997,
        -0.019551713215817855,
        0.9961143462365677,
        -1.8312802041020788
      ],
      [
        0.0,
        0.0,
        0.0,
        1.0
      ]
    ],
    "location": [
      12.927789990599194,
      -60.32195478318681,
      -1.8312802041020788
    ],
    "rotation": [
      -0.019625460725817882,
      -0.08597753397736914,
      1.6680973435603017
    ]
  },
  {
    "label_id": "KVZRY_I-8YALVxwN9R_ycw",
    "size": [
      0.47429093801961114,
      0.06178201066427621,
      0.5247983659121971
    ],
    "obj_class": "sign",
    "point_num_in_lidar": 33,
    "speed": 0.0046504976985520695,
    "if_vehicle": false,
    "motion_state": false,
    "pose": [
      [
        -0.12304505458237826,
        -0.9923379874531423,
        -0.011190764060899633,
        -5.2040309916237675
      ],
      [
        0.9887262126507824,
        -0.12161208984229771,
        -0.08735545788002416,
        -1.3072579884137667
      ],
      [
        0.08532520706133283,
        -0.021813258849518003,
        0.9961143462365677,
        2.8050705497312904
      ],
      [
        0.0,
        0.0,
        0.0,
        1.0
      ]
    ],
    "location": [
      -5.2040309916237675,
      -1.3072579884137667,
      2.8050705497312904
    ],
    "rotation": [
      -0.021894848894728626,
      -0.08542908121015443,
      1.6946078314249813
    ]
  },
  {
    "label_id": "UWItb63zZqZBydQmn9DkCw",
    "size": [
      2.1579959853943818,
      4.340768928989062,
      2.0600000000000023
    ],
    "obj_class": "vehicle",
    "point_num_in_lidar": 1025,
    "speed": 0.0,
    "if_vehicle": true,
    "motion_state": false,
    "pose": [
      [
        0.092458471363728,
        0.9956536535727752,
        -0.011190764060899633,
        -2.6610261264017936
      ],
      [
        -0.9919995045064466,
        0.09113729773005036,
        -0.08735545788002416,
        -7.645871746954072
      ],
      [
        -0.08595588480172378,
        0.019177984504326548,
        0.9961143462365677,
        0.5357483486644483
      ],
      [
        0.0,
        0.0,
        0.0,
        1.0
      ]
    ],
    "location": [
      -2.6610261264017936,
      -7.645871746954072,
      0.5357483486644483
    ],
    "rotation": [
      0.01925041591384909,
      0.08606208455249376,
      -1.4778606665764493
    ]
  },
  {
    "label_id": "dAM8OaUe4C7RqpO_K9jiLg",
    "size": [
      2.1139571684087395,
      4.567705028833302,
      1.8900000000000077
    ],
    "obj_class": "vehicle",
    "point_num_in_lidar": 914,
    "speed": 0.0215605443069852,
    "if_vehicle": true,
    "motion_state": false,
    "pose": [
      [
        -0.1305666061244687,
        -0.9913763806773243,
        -0.011190764060899633,
        8.880266039643175
      ],
      [
        0.9877755761703264,
        -0.129106293804566,
        -0.08735545788002416,
        -7.240426567517716
      ],
      [
        0.08515733959276471,
        -0.022459669079885045,
        0.9961143462365677,
        0.29886012651745375
      ],
      [
        0.0,
        0.0,
        0.0,
        1.0
      ]
    ],
    "location": [
      8.880266039643175,
      -7.240426567517716,
      0.29886012651745375
    ],
    "rotation": [
      -0.02254346030749772,
      -0.08526060052883437,
      1.7022169188556708
    ]
  },
  {
    "label_id": "fTkle-_z0hVaJSenTo_ASw",
    "size": [
      2.1032767013879403,
      4.170778679273994,
      1.5900000000000034
    ],
    "obj_class": "vehicle",
    "point_num_in_lidar": 34,
    "speed": 1.4210854715202004e-13,
    "if_vehicle": true,
    "motion_state": false,
    "pose": [
      [
        0.1278145996668153,
        0.9917349418628674,
        -0.011190764060899633,
        1.6604518423514492
      ],
      [
        -0.9881300982183426,
        0.12636428678064043,
        -0.08735545788002416,
        -65.82570000240412
      ],
      [
        -0.08521934702296391,
        0.022223233668281685,
        0.9961143462365677,
        -1.0915252776246476
      ],
      [
        0.0,
        0.0,
        0.0,
        1.0
      ]
    ],
    "location": [
      1.6604518423514492,
      -65.82570000240412,
      -1.0915252776246476
    ],
    "rotation": [
      0.02230622194805433,
      0.08532283418673065,
      -1.442160601745142
    ]
  },
  {
    "label_id": "gFz6ljq8EC32foV9Q3kMWQ",
    "size": [
      2.1728398403994635,
      4.6979777340013396,
      1.9400000000000048
    ],
    "obj_class": "vehicle",
    "point_num_in_lidar": 4015,
    "speed": 0.010567137761727609,
    "if_vehicle": true,
    "motion_state": false,
    "pose": [
      [
        0.039844034001822654,
        0.9991432428606996,
        -0.011190764060899633,
        -3.3648426761524206
      ],
      [
        -0.9954245288626318,
        0.03871732580097837,
        -0.08735545788002416,
        1.106647269531095
      ],
      [
        -0.08684733900972084,
        0.014620154876950356,
        0.9961143462365677,
        1.1828682526722787
      ],
      [
        0.0,
        0.0,
        0.0,
        1.0
      ]
    ],
    "location": [
      -3.3648426761524206,
      1.106647269531095,
      1.1828682526722787
    ],
    "rotation": [
      0.0146761315549661,
      0.08695688499703957,
      -1.5307905059193214
    ]
  },
  {
    "label_id": "mODK2u9TgRfcbszFipny-w",
    "size": [
      2.0032348463697924,
      4.603067787681283,
      1.5500000000000043
    ],
    "obj_class": "vehicle",
    "point_num_in_lidar": 298,
    "speed": 9.658999935305904,
    "if_vehicle": true,
    "motion_state": true,
    "pose": [
      [
        -0.06875788871310748,
        -0.9975706087989206,
        -0.011190764060899633,
        5.930683477274215
      ],
      [
        0.9938860782890412,
        -0.06752397619957864,
        -0.08735545788002416,
        -15.846809874941755
      ],
      [
        0.08638759241318088,
        -0.01712872145694273,
        0.9961143462365677,
        -0.30337552129142864
      ],
      [
        0.0,
        0.0,
        0.0,
        1.0
      ]
    ],
    "location": [
      5.930683477274215,
      -15.846809874941755,
      -0.30337552129142864
    ],
    "rotation": [
      -0.017193842832575898,
      -0.08649540398672637,
      1.6398671313777755
    ]
  },
  {
    "label_id": "npFpFlBhi1zaoOJx_kni3w",
    "size": [
      2.142391775633585,
      4.7986056735139995,
      2.1099999999999994
    ],
    "obj_class": "vehicle",
    "point_num_in_lidar": 436,
    "speed": 4.973799150320701e-13,
    "if_vehicle": true,
    "motion_state": false,
    "pose": [
      [
        0.09393959543518456,
        0.9955150020010783,
        -0.011190764060899633,
        -1.4559282328200425
      ],
      [
        -0.9918628224784781,
        0.09261298701369187,
        -0.08735545788002416,
        -23.039956056452866
      ],
      [
        -0.08592725873959198,
        0.0193058391994394,
        0.9961143462365677,
        -0.4088531133616726
      ],
      [
        0.0,
        0.0,
        0.0,
        1.0
      ]
    ],
    "location": [
      -1.4559282328200425,
      -23.039956056452866,
      -0.4088531133616726
    ],
    "rotation": [
      0.019378721469159282,
      0.0860333521857408,
      -1.47636772749022
    ]
  },
  {
    "label_id": "t8L8-W5u8RYlt5pJLSgtgA",
    "size": [
      2.2730443911482583,
      4.8845576947807015,
      2.030000000000001
    ],
    "obj_class": "vehicle",
    "point_num_in_lidar": 364,
    "speed": 6.006547714689628,
    "if_vehicle": true,
    "motion_state": true,
    "pose": [
      [
        0.0739858498179334,
        0.9971965006088075,
        -0.011190764060899633,
        1.941227364500719
      ],
      [
        -0.9935184884398862,
        0.07273264127401793,
        -0.08735545788002416,
        -23.556086948750817
      ],
      [
        -0.08629662307901659,
        0.01758129878176068,
        0.9961143462365677,
        -0.3020174407733478
      ],
      [
        0.0,
        0.0,
        0.0,
        1.0
      ]
    ],
    "location": [
      1.941227364500719,
      -23.556086948750817,
      -0.3020174407733478
    ],
    "rotation": [
      0.017648047693941026,
      0.08640409365841359,
      -1.4964650087424158
    ]
  },
  {
    "label_id": "w04VmayxYYLOx05LrLxWeQ",
    "size": [
      1.8510491085093737,
      4.268809587886161,
      1.6800000000000068
    ],
    "obj_class": "vehicle",
    "point_num_in_lidar": 119,
    "speed": 0.011560946110822578,
    "if_vehicle": true,
    "motion_state": false,
    "pose": [
      [
        0.9916831276001766,
        -0.12821599445024373,
        -0.011190764060899633,
        -7.568979973123987
      ],
      [
        0.12676422262045567,
        0.9880788712658534,
        -0.08735545788002416,
        -53.53682940417457
      ],
      [
        0.022257724424639865,
        0.08521034517669898,
        0.9961143462365677,
        -1.1708859134396263
      ],
      [
        0.0,
        0.0,
        0.0,
        1.0
      ]
    ],
    "location": [
      -7.568979973123987,
      -53.53682940417457,
      -1.1708859134396263
    ],
    "rotation": [
      0.08533499128805089,
      -0.02225956260393106,
      0.12713786768624302
    ]
  }
]