[
  {
    "label_id": "88UyQvdqq5nAAKpHlxro9g",
    "size": [
      0.790692321183974,
      0.984406265485531,
      1.7900000000000063
    ],
    "obj_class": "pedestrian",
    "point_num_in_lidar": 55,
    "speed": 1.4714638075809658,
    "if_vehicle": false,
    "motion_state": true,
    "pose": [
      [
        0.0019838882185983816,
        0.9999880897377135,
        -0.004459211842304789,
        14.697573240935071
      ],
      [
        -0.9965666812456745,
        0.001607969607322869,
        -0.08277840457947876,
        -8.63824095972268
      ],
      [
        -0.08277024838985352,
        0.004608125048256694,
        0.996558001907075,
        0.11108613839001436
      ],
      [
        0.0,
        0.0,
        0.0,
        1.0
      ]
    ],
    "location": [
      14.697573240935071,
      -8.63824095972268,
      0.11108613839001436
    ],
    "rotation": [
      0.0046240080322396465,
      0.08286504958783712,
      -1.568805606419394
    ]
  },
  {
    "label_id": "AxQ1JMlpiNju7L2Sr9YzTg",
    "size": [
      2.0224175499219927,
      4.35033917273071,
      1.7100000000000009
    ],
    "obj_class": "vehicle",
    "point_num_in_lidar": 326,
    "speed": 0.0031371118585209693,
    "if_vehicle": true,
    "motion_state": false,
    "pose": [
      [
        -0.129971958802698,
        -0.9915076426103508,
        -0.004459211842304789,
        10.854019006952512
      ],
      [
        0.9881625004687399,
        -0.12916117219444748,
        -0.08277840457947876,
        -34.760481067296496
      ],
      [
        0.0814994637550294,
        -0.015165297313968798,
        0.996558001907075,
        -1.7428022117392103
      ],
      [
        0.0,
        0.0,
        0.0,
        1.0
      ]
    ],
    "location": [
      10.854019006952512,
      -34.760481067296496,
      -1.7428022117392103
    ],
    "rotation": [
      -0.015216501999344965,
      -0.08158995661245318,
      1.7015745588341846
    ]
  },
  {
    "label_id": "BnQoCLZEVtgkX7FZoLLJKg",
    "size": [
      1.9923887929877624,
      4.393712393668999,
      2.299999999999997
    ],
    "obj_class": "vehicle",
    "point_num_in_lidar": 155,
    "speed": 1.4281732235759946e-12,
    "if_vehicle": true,
    "motion_state": false,
    "pose": [
      [
        0.9976523363071926,
        -0.06833689552903004,
        -0.004459211842304789,
        21.04377339521534
      ],
      [
        0.06773476708443549,
        0.9942634143240378,
        -0.08277840457947876,
        -51.35442170227179
      ],
      [
        0.010090450377331766,
        0.08228202504898031,
        0.996558001907075,
        -2.2168930672706395
      ],
      [
        0.0,
        0.0,
        0.0,
        1.0
      ]
    ],
    "location": [
      21.04377339521534,
      -51.35442170227179,
      -2.2168930672706395
    ],
    "rotation": [
      0.08237935859975733,
      -0.010090621615392842,
      0.0677901252996772
    ]
  },
  {
    "label_id": "Fzwx5hX1FaRCPnhOV6NA2w",
    "size": [
      2.0278134705035766,
      4.402677683938137,
      1.7800000000000011
    ],
    "obj_class": "vehicle",
    "point_num_in_lidar": 251,
    "speed": 5.2371966213522745,
    "if_vehicle": true,
    "motion_state": true,
    "pose": [
      [
        -0.35031363295280354,
        -0.9366218415119059,
        -0.004459211842304789,
        8.624293025616225
      ],
      [
        0.9335458641028622,
        -0.34876905733123204,
        -0.08277840457947876,
        -37.586042540411654
      ],
      [
        0.07597682662396807,
        -0.03316128241081634,
        0.996558001907075,
        -1.6908498530555178
      ],
      [
        0.0,
        0.0,
        0.0,
        1.0
      ]
    ],
    "location": [
      8.624293025616225,
      -37.586042540411654,
      -1.6908498530555178
    ],
    "rotation": [
      -0.033263543982192445,
      -0.07605011291597405,
      1.929786671166359
    ]
  },
  {
    "label_id": "K2N4M6EbjRN45GBcmjjbIA",
    "size": [
      2.0846533812860306,
      4.1616977405859625,
      1.8000000000000043
    ],
    "obj_class": "vehicle",
    "point_num_in_lidar": 125,
    "speed": 0.001532396460825859,
    "if_vehicle": true,
    "motion_state": false,
    "pose": [
      [
        -0.09679381265206292,
        -0.9952944656040356,
        -0.004459211842304789,
        12.925681254238043
      ],
      [
        0.9919241170919918,
        -0.09609516983984473,
        -0.08277840457947876,
        -60.32477890505652
      ],
      [
        0.08196037923014884,
        -0.012435637154107069,
        0.996558001907075,
        -1.928976986559256
      ],
      [
        0.0,
        0.0,
        0.0,
        1.0
      ]
    ],
    "location": [
      12.925681254238043,
      -60.32477890505652,
      -1.928976986559256
    ],
    "rotation": [
      -0.012477940790362279,
      -0.0820524192541359,
      1.6680702247990111
    ]
  },
  {
    "label_id": "UWItb63zZqZBydQmn9DkCw",
    "size": [
      2.1579959853943818,
      4.340768928989062,
      2.0600000000000023
    ],
    "obj_class": "vehicle",
    "point_num_in_lidar": 7112,
    "speed": 0.0,
    "if_vehicle": true,
    "motion_state": false,
    "pose": [
      [
        0.09246334203206741,
        0.9957061041341497,
        -0.004459211842304789,
        -2.6610261264022483
      ],
      [
        -0.9923327483973161,
        0.09177936692691246,
        -0.08277840457947876,
        -7.645871746954072
      ],
      [
        -0.08201369909039352,
        0.012078989878661371,
        0.996558001907075,
        0.43331330007643487
      ],
      [
        0.0,
        0.0,
        0.0,
        1.0
      ]
    ],
    "location": [
      -2.6610261264022483,
      -7.645871746954072,
      0.43331330007643487
    ],
    "rotation": [
      0.012120115831819576,
      0.08210591922762825,
      -1.4778868307472586
    ]
  },
  {
    "label_id": "Xdp9cG1A6O1XIB3PfScqpw",
    "size": [
      2.042097838301433,
      4.4520255683458885,
      1.6800000000000068
    ],
    "obj_class": "vehicle",
    "point_num_in_lidar": 40,
    "speed": 1.9945885082418897e-12,
    "if_vehicle": true,
    "motion_state": false,
    "pose": [
      [
        0.991795751546374,
        -0.127754853701566,
        -0.004459211842304789,
        -12.00280976826707
      ],
      [
        0.12695154807879297,
        0.9884488050352804,
        -0.08277840457947876,
        -53.981340460830324
      ],
      [
        0.014983045583625693,
        0.08153316613512207,
        0.996558001907075,
        -0.839870316290984
      ],
      [
        0.0,
        0.0,
        0.0,
        1.0
      ]
    ],
    "location": [
      -12.00280976826707,
      -53.981340460830324,
      -0.839870316290984
    ],
    "rotation": [
      0.08163295540717233,
      -0.014983606235048482,
      0.12730942024824252
    ]
  },
  {
    "label_id": "dAM8OaUe4C7RqpO_K9jiLg",
    "size": [
      2.11395716840874,
      4.567705028833302,
      1.8900000000000077
    ],
    "obj_class": "vehicle",
    "point_num_in_lidar": 5020,
    "speed": 0.022348401846433757,
    "if_vehicle": true,
    "motion_state": false,
    "pose": [
      [
        -0.13057348431123847,
        -0.9914286059139953,
        -0.004459211842304789,
        8.821034614614291
      ],
      [
        0.988083956293696,
        -0.1297606683485926,
        -0.08277840457947876,
        -7.244929813230556
      ],
      [
        0.08149024794305187,
        -0.015214740390764139,
        0.996558001907075,
        0.15536884045675947
      ],
      [
        0.0,
        0.0,
        0.0,
        1.0
      ]
    ],
    "location": [
      8.821034614614291,
      -7.244929813230556,
      0.15536884045675947
    ],
    "rotation": [
      -0.015266104322627294,
      -0.08158071004419173,
      1.7021832146964886
    ]
  },
  {
    "label_id": "fTkle-_z0hVaJSenTo_ASw",
    "size": [
      2.1032767013879408,
      4.170778679273994,
      1.5900000000000034
    ],
    "obj_class": "vehicle",
    "point_num_in_lidar": 86,
    "speed": 1.4210854715202004e-13,
    "if_vehicle": true,
    "motion_state": false,
    "pose": [
      [
        0.12782133287919561,
        0.9917871859883708,
        -0.004459211842304789,
        1.6604518423514492
      ],
      [
        -0.9884402933298823,
        0.12701780291444284,
        -0.08277840457947876,
        -65.82570000240412
      ],
      [
        -0.08153216164754849,
        0.014988510668390118,
        0.996558001907075,
        -1.2535109286765618
      ],
      [
        0.0,
        0.0,
        0.0,
        1.0
      ]
    ],
    "location": [
      1.6604518423514492,
      -65.82570000240412,
      -1.2535109286765618
    ],
    "rotation": [
      0.015039145347696292,
      0.08162276368532083,
      -1.4421938269997483
    ]
  },
  {
    "label_id": "lbu1CkOusaTDoTSTMj2e2A",
    "size": [
      1.9129179797535882,
      4.032730676179802,
      1.730000000000004
    ],
    "obj_class": "vehicle",
    "point_num_in_lidar": 61,
    "speed": 7.105427357601002e-14,
    "if_vehicle": true,
    "motion_state": false,
    "pose": [
      [
        -0.9973638169054263,
        0.07242604612696003,
        -0.004459211842304789,
        -10.392902789600157
      ],
      [
        -0.07181003036880503,
        -0.9939773917316768,
        -0.08277840457947876,
        -45.39587020147883
      ],
      [
        -0.01042766830458261,
        -0.08223996941091372,
        0.996558001907075,
        -1.3104041985948385
      ],
      [
        0.0,
        0.0,
        0.0,
        1.0
      ]
    ],
    "location": [
      -10.392902789600157,
      -45.39587020147883,
      -1.3104041985948385
    ],
    "rotation": [
      -0.0823374433043991,
      0.01042785729144969,
      -3.0697168480661623
    ]
  },
  {
    "label_id": "mIOM1SbDB7axPOdsgpm1fA",
    "size": [
      2.0173902686123713,
      4.505411291172341,
      1.8000000000000043
    ],
    "obj_class": "vehicle",
    "point_num_in_lidar": 124,
    "speed": 5.728578676879116e-13,
    "if_vehicle": true,
    "motion_state": false,
    "pose": [
      [
        0.9977729655589627,
        -0.06655242016199224,
        -0.004459211842304789,
        26.149440494085866
      ],
      [
        0.06595635398778124,
        0.9943829720504643,
        -0.08277840457947876,
        -50.968294050177064
      ],
      [
        0.009943267486666518,
        0.08229994086672857,
        0.996558001907075,
        -2.8000707070704323
      ],
      [
        0.0,
        0.0,
        0.0,
        1.0
      ]
    ],
    "location": [
      26.149440494085866,
      -50.968294050177064,
      -2.8000707070704323
    ],
    "rotation": [
      0.08239721454301277,
      -0.009943431340060057,
      0.06600753671056571
    ]
  },
  {
    "label_id": "npFpFlBhi1zaoOJx_kni3w",
    "size": [
      2.142391775633584,
      4.7986056735139995,
      2.1099999999999994
    ],
    "obj_class": "vehicle",
    "point_num_in_lidar": 1559,
    "speed": 4.973799150320701e-13,
    "if_vehicle": true,
    "motion_state": false,
    "pose": [
      [
        0.09394454412843893,
        0.9955674452583537,
        -0.004459211842304789,
        -1.4559282328195877
      ],
      [
        -0.9921951107991014,
        0.09325555126444168,
        -0.08277840457947876,
        -23.03995605644741
      ],
      [
        -0.08199563851119503,
        0.012200987669850881,
        0.996558001907075,
        -0.5584590199352348
      ],
      [
        0.0,
        0.0,
        0.0,
        1.0
      ]
    ],
    "location": [
      -1.4559282328195877,
      -23.03995605644741,
      -0.5584590199352348
    ],
    "rotation": [
      0.01224251682516046,
      0.08208779761384213,
      -1.476394220966023
    ]
  },
  {
    "label_id": "pojeGZeFwPbiZNdyGZOaag",
    "size": [
      0.7731559369218929,
      0.09735684662155109,
      0.9500000000000028
    ],
    "obj_class": "sign",
    "point_num_in_lidar": 42,
    "speed": 2.8421709430404007e-13,
    "if_vehicle": false,
    "motion_state": false,
    "pose": [
      [
        0.10693087810987932,
        0.9942564572264017,
        -0.004459211842304789,
        12.62470697461822
      ],
      [
        -0.9908934029008101,
        0.10619792758302277,
        -0.08277840457947876,
        -34.88942272193526
      ],
      [
        -0.08182940421573985,
        0.013270171086895504,
        0.996558001907075,
        0.3008642647379105
      ],
      [
        0.0,
        0.0,
        0.0,
        1.0
      ]
    ],
    "location": [
      12.62470697461822,
      -34.88942272193526,
      0.3008642647379105
    ],
    "rotation": [
      0.013315217786751129,
      0.08192100280808509,
      -1.4632987172615524
    ]
  },
  {
    "label_id": "t8L8-W5u8RYlt5pJLSgtgA",
    "size": [
      2.2730443911481046,
      4.8845576947807015,
      2.030000000000001
    ],
    "obj_class": "vehicle",
    "point_num_in_lidar": 565,
    "speed": 2.206700166942721,
    "if_vehicle": true,
    "motion_state": true,
    "pose": [
      [
        0.08090091279568686,
        0.9967121739692809,
        -0.004459211842304789,
        2.695604362173526
      ],
      [
        -0.9933311071955643,
        0.08025613504842065,
        -0.08277840457947876,
        -33.09489784505786
      ],
      [
        -0.08214836447829543,
        0.011126322326786687,
        0.996558001907075,
        -1.1388772328172152
      ],
      [
        0.0,
        0.0,
        0.0,
        1.0
      ]
    ],
    "location": [
      2.695604362173526,
      -33.09489784505786,
      -1.1388772328172152
    ],
    "rotation": [
      0.011164287512788907,
      0.08224104056108718,
      -1.48953163546837
    ]
  },
  {
    "label_id": "w04VmayxYYLOx05LrLxWeQ",
    "size": [
      1.8510491085093683,
      4.268809587886161,
      1.6800000000000068
    ],
    "obj_class": "vehicle",
    "point_num_in_lidar": 270,
    "speed": 0.009726412336579797,
    "if_vehicle": true,
    "motion_state": false,
    "pose": [
      [
        0.9917353689961297,
        -0.12822274880790832,
        -0.004459211842304789,
        -7.5875110578772365
      ],
      [
        0.1274178642523642,
        0.988388801840977,
        -0.08277840457947876,
        -53.5393288093328
      ],
      [
        0.01502150962708464,
        0.08152608836134495,
        0.996558001907075,
        -1.3449259581396475
      ],
      [
        0.0,
        0.0,
        0.0,
        1.0
      ]
    ],
    "location": [
      -7.5875110578772365,
      -53.5393288093328,
      -1.3449259581396475
    ],
    "rotation": [
      0.0816259004072193,
      -0.015022074607759677,
      0.12777968216486701
    ]
  }
]