[
  {
    "label_id": "88UyQvdqq5nAAKpHlxro9g",
    "size": [
      0.7906923211835603,
      0.984406265485531,
      1.7900000000000063
    ],
    "obj_class": "pedestrian",
    "point_num_in_lidar": 251,
    "speed": 1.4979352724151753,
    "if_vehicle": false,
    "motion_state": true,
    "pose": [
      [
        0.005952902417845212,
        0.9999657117378856,
        -0.005756587647839055,
        14.70175787436483
      ],
      [
        -0.9971751798292422,
        0.005505055195917979,
        -0.07490897876628826,
        -10.07063930842196
      ],
      [
        -0.07487471993484811,
        0.006186252163752858,
        0.9971737594816885,
        -0.07878414737080419
      ],
      [
        0.0,
        0.0,
        0.0,
        1.0
      ]
    ],
    "location": [
      14.70175787436483,
      -10.07063930842196,
      -0.07878414737080419
    ],
    "rotation": [
      0.006203705967417663,
      0.07494485776113287,
      -1.5648266317773616
    ]
  },
  {
    "label_id": "AxQ1JMlpiNju7L2Sr9YzTg",
    "size": [
      2.0224175499219927,
      4.35033917273071,
      1.7100000000000009
    ],
    "obj_class": "vehicle",
    "point_num_in_lidar": 414,
    "speed": 0.004900770970845803,
    "if_vehicle": true,
    "motion_state": false,
    "pose": [
      [
        -0.12997109747602228,
        -0.9915010718700867,
        -0.005756587647839055,
        10.853382046776005
      ],
      [
        0.9887876642602998,
        -0.1291804935230245,
        -0.07490897876628826,
        -34.75562193546466
      ],
      [
        0.07352869390611198,
        -0.01542804503547901,
        0.9971737594816885,
        -1.7547277013563018
      ],
      [
        0.0,
        0.0,
        0.0,
        1.0
      ]
    ],
    "location": [
      10.853382046776005,
      -34.75562193546466,
      -1.7547277013563018
    ],
    "rotation": [
      -0.01547053763940061,
      -0.0735951107181137,
      1.7014919563012094
    ]
  },
  {
    "label_id": "BnQoCLZEVtgkX7FZoLLJKg",
    "size": [
      1.9923887929877577,
      4.393712393668999,
      2.299999999999997
    ],
    "obj_class": "vehicle",
    "point_num_in_lidar": 210,
    "speed": 1.4281732235759946e-12,
    "if_vehicle": true,
    "motion_state": false,
    "pose": [
      [
        0.9976457248459252,
        -0.06833644265910432,
        -0.005756587647839055,
        21.04377339521534
      ],
      [
        0.06771534651643613,
        0.9948885750406175,
        -0.07490897876628826,
        -51.35442170227361
      ],
      [
        0.010846176414169541,
        0.07434281309143602,
        0.9971737594816885,
        -2.241661779395507
      ],
      [
        0.0,
        0.0,
        0.0,
        1.0
      ]
    ],
    "location": [
      21.04377339521534,
      -51.35442170227361,
      -2.241661779395507
    ],
    "rotation": [
      0.07441584962994131,
      -0.010846389081966994,
      0.06777119607335448
    ]
  },
  {
    "label_id": "Fzwx5hX1FaRCPnhOV6NA2w",
    "size": [
      2.0278134705030864,
      4.402677683938137,
      1.7800000000000011
    ],
    "obj_class": "vehicle",
    "point_num_in_lidar": 505,
    "speed": 6.328554575441252,
    "if_vehicle": true,
    "motion_state": true,
    "pose": [
      [
        -0.11819202760152774,
        -0.9929740713181248,
        -0.005756587647839055,
        7.516774638981133
      ],
      [
        0.9902514697939319,
        -0.11743368967697948,
        -0.07490897876628826,
        -31.811390427448714
      ],
      [
        0.07370665629640955,
        -0.014554113465217617,
        0.9971737594816885,
        -1.4258403737288958
      ],
      [
        0.0,
        0.0,
        0.0,
        1.0
      ]
    ],
    "location": [
      7.516774638981133,
      -31.811390427448714,
      -1.4258403737288958
    ],
    "rotation": [
      -0.014594327214631577,
      -0.07377355731680198,
      1.6895899215103425
    ]
  },
  {
    "label_id": "K2N4M6EbjRN45GBcmjjbIA",
    "size": [
      2.0846533812860306,
      4.1616977405859625,
      1.8000000000000043
    ],
    "obj_class": "vehicle",
    "point_num_in_lidar": 167,
    "speed": 0.0003216351009498047,
    "if_vehicle": true,
    "motion_state": false,
    "pose": [
      [
        -0.09679317119760454,
        -0.9952878697684223,
        -0.005756587647839055,
        12.924764434438657
      ],
      [
        0.9925495774316427,
        -0.09609360665756525,
        -0.07490897876628826,
        -60.326006754539776
      ],
      [
        0.07400282663370578,
        -0.012964376243273934,
        0.9971737594816885,
        -1.971452824772669
      ],
      [
        0.0,
        0.0,
        0.0,
        1.0
      ]
    ],
    "location": [
      12.924764434438657,
      -60.326006754539776,
      -1.971452824772669
    ],
    "rotation": [
      -0.01300038808848007,
      -0.0740705387085859,
      1.6680086725402394
    ]
  },
  {
    "label_id": "Xdp9cG1A6O1XIB3PfScqpw",
    "size": [
      2.0420978383014345,
      4.4520255683458885,
      1.6800000000000068
    ],
    "obj_class": "vehicle",
    "point_num_in_lidar": 176,
    "speed": 1.9945885082418897e-12,
    "if_vehicle": true,
    "motion_state": false,
    "pose": [
      [
        0.991789178896807,
        -0.12775400706768503,
        -0.005756587647839055,
        -12.002809768267525
      ],
      [
        0.12696947163838113,
        0.9890740104623424,
        -0.07490897876628826,
        -53.98134046083214
      ],
      [
        0.015263613434167617,
        0.07356300365052923,
        0.9971737594816885,
        -0.860399873691037
      ],
      [
        0.0,
        0.0,
        0.0,
        1.0
      ]
    ],
    "location": [
      -12.002809768267525,
      -53.98134046083214,
      -0.860399873691037
    ],
    "rotation": [
      0.07363810769344357,
      -0.015264206177067755,
      0.12732803542447155
    ]
  },
  {
    "label_id": "dAM8OaUe4C7RqpO_K9jiLg",
    "size": [
      2.11395716840874,
      4.567705028833302,
      1.8900000000000077
    ],
    "obj_class": "vehicle",
    "point_num_in_lidar": 4355,
    "speed": 0.02348657802615125,
    "if_vehicle": true,
    "motion_state": false,
    "pose": [
      [
        -0.1305726189982394,
        -0.9914220356975092,
        -0.005756587647839055,
        8.814708492274804
      ],
      [
        0.9887091082479148,
        -0.12978036896158232,
        -0.07490897876628826,
        -7.267548036281369
      ],
      [
        0.07351932015159876,
        -0.01547265218384368,
        0.9971737594816885,
        0.1412023316930089
      ],
      [
        0.0,
        0.0,
        0.0,
        1.0
      ]
    ],
    "location": [
      8.814708492274804,
      -7.267548036281369,
      0.1412023316930089
    ],
    "rotation": [
      -0.015515260479065731,
      -0.07358571152418844,
      1.7021002316129057
    ]
  },
  {
    "label_id": "fTkle-_z0hVaJSenTo_ASw",
    "size": [
      2.1032767013879403,
      4.170778679273994,
      1.5900000000000034
    ],
    "obj_class": "vehicle",
    "point_num_in_lidar": 121,
    "speed": 1.4210854715202004e-13,
    "if_vehicle": true,
    "motion_state": false,
    "pose": [
      [
        0.12782048580475452,
        0.991780613395568,
        -0.005756587647839055,
        1.6604518423514492
      ],
      [
        -0.9890654975541346,
        0.12703576838112807,
        -0.07490897876628826,
        -65.82570000240594
      ],
      [
        -0.0735619803745684,
        0.01526854428316893,
        0.9971737594816885,
        -1.3239377752306893
      ],
      [
        0.0,
        0.0,
        0.0,
        1.0
      ]
    ],
    "location": [
      1.6604518423514492,
      -65.82570000240594,
      -1.3239377752306893
    ],
    "rotation": [
      0.01531062270732363,
      0.07362848757528231,
      -1.44227506857555
    ]
  },
  {
    "label_id": "lbu1CkOusaTDoTSTMj2e2A",
    "size": [
      1.9129179797535842,
      4.032730676179802,
      1.730000000000004
    ],
    "obj_class": "vehicle",
    "point_num_in_lidar": 219,
    "speed": 7.105427357601002e-14,
    "if_vehicle": true,
    "motion_state": false,
    "pose": [
      [
        -0.9973572073561827,
        0.07242556615815358,
        -0.005756587647839055,
        -10.392902789600157
      ],
      [
        -0.07179317271574275,
        -0.994602626807108,
        -0.07490897876628826,
        -45.39587020148065
      ],
      [
        -0.011150842393463608,
        -0.07429772617699423,
        0.9971737594816885,
        -1.3133670916749054
      ],
      [
        0.0,
        0.0,
        0.0,
        1.0
      ]
    ],
    "location": [
      -10.392902789600157,
      -45.39587020148065,
      -1.3133670916749054
    ],
    "rotation": [
      -0.07437088470162326,
      0.01115107349140862,
      -3.069733188551734
    ]
  },
  {
    "label_id": "mIOM1SbDB7axPOdsgpm1fA",
    "size": [
      2.0173902686123792,
      4.505411291172341,
      1.8000000000000043
    ],
    "obj_class": "vehicle",
    "point_num_in_lidar": 230,
    "speed": 5.728578676879116e-13,
    "if_vehicle": true,
    "motion_state": false,
    "pose": [
      [
        0.9977663532982829,
        -0.06655197911782008,
        -0.005756587647839055,
        26.14944049408541
      ],
      [
        0.06593581531026083,
        0.9950080970321612,
        -0.07490897876628826,
        -50.968294050177064
      ],
      [
        0.01071319211146643,
        0.0743620932729727,
        0.9971737594816885,
        -2.800070707070475
      ],
      [
        0.0,
        0.0,
        0.0,
        1.0
      ]
    ],
    "location": [
      26.14944049408541,
      -50.968294050177064,
      -2.800070707070475
    ],
    "rotation": [
      0.07443507755544952,
      -0.010713397051998504,
      0.06598747775128298
    ]
  },
  {
    "label_id": "npFpFlBhi1zaoOJx_kni3w",
    "size": [
      2.142391775633584,
      4.7986056735139995,
      2.1099999999999994
    ],
    "obj_class": "vehicle",
    "point_num_in_lidar": 3245,
    "speed": 4.973799150320701e-13,
    "if_vehicle": true,
    "motion_state": false,
    "pose": [
      [
        0.09394392155613358,
        0.9955608476136995,
        -0.005756587647839055,
        -1.4559282328204972
      ],
      [
        -0.9928205641021904,
        0.09325219780788083,
        -0.07490897876628826,
        -23.039956056451047
      ],
      [
        -0.07403963194440787,
        0.012752501820901534,
        0.9971737594816885,
        -0.6235034986123722
      ],
      [
        0.0,
        0.0,
        0.0,
        1.0
      ]
    ],
    "location": [
      -1.4559282328204972,
      -23.039956056451047,
      -0.6235034986123722
    ],
    "rotation": [
      0.012787948485691078,
      0.07410744526630968,
      -1.4764539611854917
    ]
  },
  {
    "label_id": "pojeGZeFwPbiZNdyGZOaag",
    "size": [
      0.7731559369218918,
      0.09735684662155109,
      0.9500000000000028
    ],
    "obj_class": "sign",
    "point_num_in_lidar": 58,
    "speed": 2.8421709430404007e-13,
    "if_vehicle": false,
    "motion_state": false,
    "pose": [
      [
        0.10693016947687414,
        0.9942498682696919,
        -0.005756587647839055,
        12.62470697461822
      ],
      [
        -0.9915188466955712,
        0.10620273794811502,
        -0.07490897876628826,
        -34.88942272193344
      ],
      [
        -0.07386687690116044,
        0.013717794940306123,
        0.9971737594816885,
        0.19832842898340175
      ],
      [
        0.0,
        0.0,
        0.0,
        1.0
      ]
    ],
    "location": [
      12.62470697461822,
      -34.88942272193344,
      0.19832842898340175
    ],
    "rotation": [
      0.013755806911023833,
      0.07393421587034005,
      -1.4633667118563307
    ]
  },
  {
    "label_id": "t8L8-W5u8RYlt5pJLSgtgA",
    "size": [
      2.2730443911480096,
      4.8845576947807015,
      2.030000000000001
    ],
    "obj_class": "vehicle",
    "point_num_in_lidar": 751,
    "speed": 0.642711516784339,
    "if_vehicle": true,
    "motion_state": false,
    "pose": [
      [
        0.07233714528308943,
        0.9973636243171022,
        -0.005756587647839055,
        2.793713001641663
      ],
      [
        -0.9946089877140833,
        0.07170499605019091,
        -0.07490897876628826,
        -34.437163383119696
      ],
      [
        -0.07429871446168723,
        0.011144255493129456,
        0.9971737594816885,
        -1.3135820552263482
      ],
      [
        0.0,
        0.0,
        0.0,
        1.0
      ]
    ],
    "location": [
      2.793713001641663,
      -34.437163383119696,
      -1.3135820552263482
    ],
    "rotation": [
      0.011175375857586446,
      0.0743672433530284,
      -1.4981949266345045
    ]
  },
  {
    "label_id": "w04VmayxYYLOx05LrLxWeQ",
    "size": [
      1.8510491085093692,
      4.268809587886161,
      1.6800000000000068
    ],
    "obj_class": "vehicle",
    "point_num_in_lidar": 320,
    "speed": 0.009726412337221265,
    "if_vehicle": true,
    "motion_state": false,
    "pose": [
      [
        0.9917287967467187,
        -0.12822189907327922,
        -0.005756587647839055,
        -7.597157045302538
      ],
      [
        0.12743608276932808,
        0.9890139987424852,
        -0.07490897876628826,
        -53.54057595152335
      ],
      [
        0.015298317283754331,
        0.07355579439745764,
        0.9971737594816885,
        -1.4230803975811313
      ],
      [
        0.0,
        0.0,
        0.0,
        1.0
      ]
    ],
    "location": [
      -7.597157045302538,
      -53.54057595152335,
      -1.4230803975811313
    ],
    "rotation": [
      0.07363091713640102,
      -0.015298914079177507,
      0.12779859188074472
    ]
  }
]