[
  {
    "label_id": "88UyQvdqq5nAAKpHlxro9g",
    "size": [
      0.7906923211862842,
      0.984406265485531,
      1.7900000000000063
    ],
    "obj_class": "pedestrian",
    "point_num_in_lidar": 31,
    "speed": 1.4882339753487652,
    "if_vehicle": false,
    "motion_state": true,
    "pose": [
      [
        -0.0005754875394362776,
        0.9999926758598449,
        0.0037837865636390017,
        14.694879952104202
      ],
      [
        -0.9962320665189304,
        -0.00024516367173351485,
        -0.08672721334273246,
        -7.452490059597039
      ],
      [
        -0.08672565049345968,
        -0.0038194399381694193,
        0.9962249110642862,
        0.2958956193988769
      ],
      [
        0.0,
        0.0,
        0.0,
        1.0
      ]
    ],
    "location": [
      14.694879952104202,
      -7.452490059597039,
      0.2958956193988769
    ],
    "rotation": [
      -0.0038338945172632353,
      0.08683473560299394,
      -1.5713739908701303
    ]
  },
  {
    "label_id": "AxQ1JMlpiNju7L2Sr9YzTg",
    "size": [
      2.0224175499219927,
      4.35033917273071,
      1.7100000000000009
    ],
    "obj_class": "vehicle",
    "point_num_in_lidar": 237,
    "speed": 0.004261634754505584,
    "if_vehicle": true,
    "motion_state": false,
    "pose": [
      [
        -0.12997232062074654,
        -0.9915104027854164,
        0.0037837865636390017,
        10.854039117392858
      ],
      [
        0.9877388529704316,
        -0.12980889337198848,
        -0.08672721334273246,
        -34.760634482350724
      ],
      [
        0.08648210338049118,
        -0.007534744178871793,
        0.9962249110642862,
        -1.7337182796687785
      ],
      [
        0.0,
        0.0,
        0.0,
        1.0
      ]
    ],
    "location": [
      10.854039117392858,
      -34.760634482350724,
      -1.7337182796687785
    ],
    "rotation": [
      -0.007563152084432986,
      -0.08659026998957615,
      1.7016303727523705
    ]
  },
  {
    "label_id": "BnQoCLZEVtgkX7FZoLLJKg",
    "size": [
      1.9923887929877542,
      4.393712393668999,
      2.299999999999997
    ],
    "obj_class": "vehicle",
    "point_num_in_lidar": 150,
    "speed": 1.4281732235759946e-12,
    "if_vehicle": true,
    "motion_state": false,
    "pose": [
      [
        0.9976551135879564,
        -0.06833708576638836,
        0.0037837865636390017,
        21.04377339521534
      ],
      [
        0.06840747435564874,
        0.9938806809260786,
        -0.08672721334273246,
        -51.35442170227179
      ],
      [
        0.002166052650133691,
        0.08678268716093006,
        0.9962249110642862,
        -2.1970807904355283
      ],
      [
        0.0,
        0.0,
        0.0,
        1.0
      ]
    ],
    "location": [
      21.04377339521534,
      -51.35442170227179,
      -2.1970807904355283
    ],
    "rotation": [
      0.08689219248132588,
      -0.002166054343912492,
      0.06846110094558674
    ]
  },
  {
    "label_id": "Fzwx5hX1FaRCPnhOV6NA2w",
    "size": [
      2.0278134705025583,
      4.402677683938137,
      1.7800000000000011
    ],
    "obj_class": "vehicle",
    "point_num_in_lidar": 240,
    "speed": 4.151987305845646,
    "if_vehicle": true,
    "motion_state": true,
    "pose": [
      [
        -0.6223445119633746,
        -0.7827343044662793,
        0.0037837865636390017,
        10.187659856299888
      ],
      [
        0.7795863473507431,
        -0.6202608463300994,
        -0.08672721334273246,
        -41.06507008222434
      ],
      [
        0.0702312996704175,
        -0.05102441691542415,
        0.9962249110642862,
        -1.8458394201680903
      ],
      [
        0.0,
        0.0,
        0.0,
        1.0
      ]
    ],
    "location": [
      10.187659856299888,
      -41.06507008222434,
      -1.8458394201680903
    ],
    "rotation": [
      -0.05117305306788382,
      -0.07028916342220488,
      2.2445003963073984
    ]
  },
  {
    "label_id": "K2N4M6EbjRN45GBcmjjbIA",
    "size": [
      2.0846533812860293,
      4.1616977405859625,
      1.8000000000000043
    ],
    "obj_class": "vehicle",
    "point_num_in_lidar": 95,
    "speed": 0.0015323964730447523,
    "if_vehicle": true,
    "motion_state": false,
    "pose": [
      [
        -0.09679408210825469,
        -0.99529723632092,
        0.0037837865636390017,
        12.92641461040057
      ],
      [
        0.9915223327207807,
        -0.0967566751275901,
        -0.08672721334273246,
        -60.323796758963
      ],
      [
        0.0866854623611266,
        -0.004642972129219678,
        0.9962249110642862,
        -1.8950009339788494
      ],
      [
        0.0,
        0.0,
        0.0,
        1.0
      ]
    ],
    "location": [
      12.92641461040057,
      -60.323796758963,
      -1.8950009339788494
    ],
    "rotation": [
      -0.004660532437621871,
      -0.08679439554928144,
      1.6681096629628955
    ]
  },
  {
    "label_id": "P8yuA8ciHXeb6dxqW-AeAA",
    "size": [
      0.46212670098751374,
      0.10556426766333929,
      0.5512168141592966
    ],
    "obj_class": "sign",
    "point_num_in_lidar": 221,
    "speed": 0.03023453501413571,
    "if_vehicle": false,
    "motion_state": false,
    "pose": [
      [
        -0.6969062348510824,
        0.7171522730807794,
        0.0037837865636390017,
        9.556657579341845
      ],
      [
        -0.714683886471458,
        -0.6940499498478884,
        -0.08672721334273246,
        1.987507090678264
      ],
      [
        -0.059570481311973525,
        -0.06314494699669025,
        0.9962249110642862,
        2.7042387637246463
      ],
      [
        0.0,
        0.0,
        0.0,
        1.0
      ]
    ],
    "location": [
      9.556657579341845,
      1.987507090678264,
      2.7042387637246463
    ],
    "rotation": [
      -0.06329954880285585,
      0.05960577008105993,
      -2.3436010953146877
    ]
  },
  {
    "label_id": "UWItb63zZqZBydQmn9DkCw",
    "size": [
      2.1579959853943813,
      4.340768928989062,
      2.0600000000000023
    ],
    "obj_class": "vehicle",
    "point_num_in_lidar": 5737,
    "speed": 0.0,
    "if_vehicle": true,
    "motion_state": false,
    "pose": [
      [
        0.0924635994330199,
        0.9957088759969608,
        0.0037837865636390017,
        -2.6610261264022483
      ],
      [
        -0.9919338453914275,
        0.09244261372754607,
        -0.08672721334273246,
        -7.645871746954072
      ],
      [
        -0.08670483923557072,
        0.004265844358253624,
        0.9962249110642862,
        0.4689371815324108
      ],
      [
        0.0,
        0.0,
        0.0,
        1.0
      ]
    ],
    "location": [
      -2.6610261264022483,
      -7.645871746954072,
      0.4689371815324108
    ],
    "rotation": [
      0.0042819831534886815,
      0.08681384565556655,
      -1.4778494250086127
    ]
  },
  {
    "label_id": "Xdp9cG1A6O1XIB3PfScqpw",
    "size": [
      2.0420978383014226,
      4.4520255683458885,
      1.6800000000000068
    ],
    "obj_class": "vehicle",
    "point_num_in_lidar": 23,
    "speed": 1.9945885082418897e-12,
    "if_vehicle": true,
    "motion_state": false,
    "pose": [
      [
        0.9917985125234823,
        -0.12775520934759876,
        0.0037837865636390017,
        -12.00280976826707
      ],
      [
        0.1276002148146398,
        0.9880266067495663,
        -0.08672721334273246,
        -53.98134046083214
      ],
      [
        0.0073413714975978026,
        0.08649873316696184,
        0.9962249110642862,
        -0.8234489023525597
      ],
      [
        0.0,
        0.0,
        0.0,
        1.0
      ]
    ],
    "location": [
      -12.00280976826707,
      -53.98134046083214,
      -0.8234489023525597
    ],
    "rotation": [
      0.08660930214815844,
      -0.007341437443966582,
      0.12795250421059873
    ]
  },
  {
    "label_id": "dAM8OaUe4C7RqpO_K9jiLg",
    "size": [
      2.113957168408739,
      4.567705028833302,
      1.8900000000000077
    ],
    "obj_class": "vehicle",
    "point_num_in_lidar": 3443,
    "speed": 0.030189225039174636,
    "if_vehicle": true,
    "motion_state": false,
    "pose": [
      [
        -0.13057384780382306,
        -0.9914313658690374,
        0.0037837865636390017,
        8.841044565978791
      ],
      [
        0.9876599158997809,
        -0.13040813237924262,
        -0.08672721334273246,
        -7.237076901477849
      ],
      [
        0.08647751612148648,
        -0.007587211636237222,
        0.9962249110642862,
        0.19442428643359477
      ],
      [
        0.0,
        0.0,
        0.0,
        1.0
      ]
    ],
    "location": [
      8.841044565978791,
      -7.237076901477849,
      0.19442428643359477
    ],
    "rotation": [
      -0.007615815328133586,
      -0.08658566548025387,
      1.7022393385009849
    ]
  },
  {
    "label_id": "fTkle-_z0hVaJSenTo_ASw",
    "size": [
      2.1032767013879403,
      4.170778679273994,
      1.5900000000000034
    ],
    "obj_class": "vehicle",
    "point_num_in_lidar": 72,
    "speed": 1.4210854715202004e-13,
    "if_vehicle": true,
    "motion_state": false,
    "pose": [
      [
        0.12782168871029773,
        0.9917899469416338,
        0.0037837865636390017,
        1.6604518423514492
      ],
      [
        -0.9880180515653803,
        0.12766644134914226,
        -0.08672721334273246,
        -65.82570000240412
      ],
      [
        -0.08649824088498886,
        0.007347169438460455,
        0.9962249110642862,
        -1.1971771082684555
      ],
      [
        0.0,
        0.0,
        0.0,
        1.0
      ]
    ],
    "location": [
      1.6604518423514492,
      -65.82570000240412,
      -1.1971771082684555
    ],
    "rotation": [
      0.007374877053472943,
      0.08660646819353977,
      -1.4421391172630451
    ]
  },
  {
    "label_id": "gFz6ljq8EC32foV9Q3kMWQ",
    "size": [
      2.172839840399463,
      4.6979777340013396,
      1.9400000000000048
    ],
    "obj_class": "vehicle",
    "point_num_in_lidar": 6009,
    "speed": 0.011299282675231134,
    "if_vehicle": true,
    "motion_state": false,
    "pose": [
      [
        0.039846243890912854,
        0.9991986588296777,
        0.0037837865636390017,
        -3.381667379738701
      ],
      [
        -0.995427770773719,
        0.04002428810445632,
        -0.08672721334273246,
        1.1087088632575615
      ],
      [
        -0.08680915861964246,
        -0.0003107325292929734,
        0.9962249110642862,
        1.1487669070716109
      ],
      [
        0.0,
        0.0,
        0.0,
        1.0
      ]
    ],
    "location": [
      -3.381667379738701,
      1.1087088632575615,
      1.1487669070716109
    ],
    "rotation": [
      -0.000311910007233385,
      0.08691855986427109,
      -1.5307884195831392
    ]
  },
  {
    "label_id": "lbu1CkOusaTDoTSTMj2e2A",
    "size": [
      1.9129179797535891,
      4.032730676179802,
      1.730000000000004
    ],
    "obj_class": "vehicle",
    "point_num_in_lidar": 37,
    "speed": 7.105427357601002e-14,
    "if_vehicle": true,
    "motion_state": false,
    "pose": [
      [
        -0.9973665933830052,
        0.07242624774776214,
        0.0037837865636390017,
        -10.392902789599702
      ],
      [
        -0.07248116303003588,
        -0.9935919038879181,
        -0.08672721334273246,
        -45.39587020147883
      ],
      [
        -0.0025217869443621655,
        -0.08677307857603216,
        0.9962249110642862,
        -1.3080342062575667
      ],
      [
        0.0,
        0.0,
        0.0,
        1.0
      ]
    ],
    "location": [
      -10.392902789599702,
      -45.39587020147883,
      -1.3080342062575667
    ],
    "rotation": [
      -0.08688262011679734,
      0.0025217896172157446,
      -3.0690476454504605
    ]
  },
  {
    "label_id": "mIOM1SbDB7axPOdsgpm1fA",
    "size": [
      2.017390268612377,
      4.505411291172341,
      1.8000000000000043
    ],
    "obj_class": "vehicle",
    "point_num_in_lidar": 45,
    "speed": 5.728578676879116e-13,
    "if_vehicle": true,
    "motion_state": false,
    "pose": [
      [
        0.9977757431755361,
        -0.0665526054316991,
        0.0037837865636390017,
        26.14944049408632
      ],
      [
        0.06662974472657489,
        0.9940014424453698,
        -0.08672721334273246,
        -50.968294050177064
      ],
      [
        0.002010832707627085,
        0.08678642247942327,
        0.9962249110642862,
        -2.8000707070702333
      ],
      [
        0.0,
        0.0,
        0.0,
        1.0
      ]
    ],
    "location": [
      26.14944049408632,
      -50.968294050177064,
      -2.8000707070702333
    ],
    "rotation": [
      0.08689591371491251,
      -0.002010834062745859,
      0.06667927919998866
    ]
  },
  {
    "label_id": "mODK2u9TgRfcbszFipny-w",
    "size": [
      2.003234846369801,
      4.603067787681283,
      1.5500000000000043
    ],
    "obj_class": "vehicle",
    "point_num_in_lidar": 4741,
    "speed": 10.074676615542812,
    "if_vehicle": true,
    "motion_state": true,
    "pose": [
      [
        -0.06403488488464437,
        -0.9979404874425384,
        0.0037837865636390017,
        4.88553741166379
      ],
      [
        0.9941663933580092,
        -0.0641215469505588,
        -0.08672721334273246,
        -0.9005869846096175
      ],
      [
        0.08679121980557072,
        -0.0017918536815583854,
        0.9962249110642862,
        0.7466109618379448
      ],
      [
        0.0,
        0.0,
        0.0,
        1.0
      ]
    ],
    "location": [
      4.88553741166379,
      -0.9005869846096175,
      0.7466109618379448
    ],
    "rotation": [
      -0.001798641781965776,
      -0.08690055308796267,
      1.6351181049437544
    ]
  },
  {
    "label_id": "npFpFlBhi1zaoOJx_kni3w",
    "size": [
      2.1423917756335835,
      4.7986056735139995,
      2.1099999999999994
    ],
    "obj_class": "vehicle",
    "point_num_in_lidar": 929,
    "speed": 4.973799150320701e-13,
    "if_vehicle": true,
    "motion_state": false,
    "pose": [
      [
        0.09394480565278322,
        0.9955702167351641,
        0.0037837865636390017,
        -1.4559282328200425
      ],
      [
        -0.991795221527411,
        0.09391820388613803,
        -0.08672721334273246,
        -23.039956056451047
      ],
      [
        -0.08669839702240645,
        0.004394829769193684,
        0.9962249110642862,
        -0.5064305086556473
      ],
      [
        0.0,
        0.0,
        0.0,
        1.0
      ]
    ],
    "location": [
      -1.4559282328200425,
      -23.039956056451047,
      -0.5064305086556473
    ],
    "rotation": [
      0.004411454894555085,
      0.08680737909142042,
      -1.4763561228075666
    ]
  },
  {
    "label_id": "t8L8-W5u8RYlt5pJLSgtgA",
    "size": [
      2.273044391147962,
      4.8845576947807015,
      2.030000000000001
    ],
    "obj_class": "vehicle",
    "point_num_in_lidar": 482,
    "speed": 3.6018733024384657,
    "if_vehicle": true,
    "motion_state": true,
    "pose": [
      [
        0.07812147938494744,
        0.9969366667035314,
        0.0037837865636390017,
        2.5087888978819137
      ],
      [
        -0.9931617251293733,
        0.07815483480790832,
        -0.08672721334273246,
        -30.826435331262473
      ],
      [
        -0.08675726019621932,
        0.003017346218203159,
        0.9962249110642862,
        -0.9991324105215469
      ],
      [
        0.0,
        0.0,
        0.0,
        1.0
      ]
    ],
    "location": [
      2.5087888978819137,
      -30.826435331262473,
      -0.9991324105215469
    ],
    "rotation": [
      0.0030287708711072836,
      0.08686646489801335,
      -1.4922985830200184
    ]
  },
  {
    "label_id": "w04VmayxYYLOx05LrLxWeQ",
    "size": [
      1.8510491085093723,
      4.268809587886161,
      1.6800000000000068
    ],
    "obj_class": "vehicle",
    "point_num_in_lidar": 167,
    "speed": 0.00972641241886403,
    "if_vehicle": true,
    "motion_state": false,
    "pose": [
      [
        0.9917381298051438,
        -0.12822310575647683,
        0.0037837865636390017,
        -7.579795316652053
      ],
      [
        0.12806633173134885,
        0.9879662975743051,
        -0.08672721334273246,
        -53.53833123116965
      ],
      [
        0.0073821790463198846,
        0.08649526002899281,
        0.9962249110642862,
        -1.2824109035684756
      ],
      [
        0.0,
        0.0,
        0.0,
        1.0
      ]
    ],
    "location": [
      -7.579795316652053,
      -53.53833123116965,
      -1.2824109035684756
    ],
    "rotation": [
      0.08660584193406383,
      -0.007382246098533997,
      0.12842252861390324
    ]
  }
]