[
  {
    "label_id": "1sisoRTGxeq59FiA-N1G8g",
    "size": [
      2.277226431711953,
      4.570747778087018,
      1.8000000000000043
    ],
    "obj_class": "vehicle",
    "point_num_in_lidar": 4464,
    "speed": 0.05834925166818376,
    "if_vehicle": true,
    "motion_state": false,
    "pose": [
      [
        -0.05893645503663714,
        -0.9982453958269186,
        -0.0057117403716175396,
        6.5640805691646165
      ],
      [
        0.9951830414051627,
        -0.0583047106277105,
        -0.07881164138748337,
        23.148729418539006
      ],
      [
        0.07834033678306973,
        -0.010329105913739981,
        0.9968731620440676,
        2.806004363524707
      ],
      [
        0.0,
        0.0,
        0.0,
        1.0
      ]
    ],
    "location": [
      6.5640805691646165,
      23.148729418539006,
      2.806004363524707
    ],
    "rotation": [
      -0.01036113387727167,
      -0.07842069072688349,
      1.629948961359241
    ]
  },
  {
    "label_id": "88UyQvdqq5nAAKpHlxro9g",
    "size": [
      0.7906923211853538,
      0.984406265485531,
      1.7900000000000063
    ],
    "obj_class": "pedestrian",
    "point_num_in_lidar": 78,
    "speed": 1.557158550921284,
    "if_vehicle": false,
    "motion_state": true,
    "pose": [
      [
        0.06515880209929724,
        0.9978585603836406,
        -0.0057117403716175396,
        14.40337499974521
      ],
      [
        -0.9948002040436504,
        0.06450797792926334,
        -0.07881164138748337,
        -3.164969207757167
      ],
      [
        -0.07827441819455593,
        0.010817312631417296,
        0.9968731620440676,
        0.9063835285198181
      ],
      [
        0.0,
        0.0,
        0.0,
        1.0
      ]
    ],
    "location": [
      14.40337499974521,
      -3.164969207757167,
      0.9063835285198181
    ],
    "rotation": [
      0.010850816829723393,
      0.07835456909619323,
      -1.5053903687035999
    ]
  },
  {
    "label_id": "AxQ1JMlpiNju7L2Sr9YzTg",
    "size": [
      2.0224175499219936,
      4.35033917273071,
      1.7100000000000009
    ],
    "obj_class": "vehicle",
    "point_num_in_lidar": 59,
    "speed": 0.007650265187857494,
    "if_vehicle": true,
    "motion_state": false,
    "pose": [
      [
        -0.12997113090070422,
        -0.9915013268545428,
        -0.0057117403716175396,
        10.851155449322505
      ],
      [
        0.9884918181247069,
        -0.1291226187866482,
        -0.07881164138748337,
        -34.73863605317456
      ],
      [
        0.07740433213266149,
        -0.01588924678386847,
        0.9968731620440676,
        -1.703532626915461
      ],
      [
        0.0,
        0.0,
        0.0,
        1.0
      ]
    ],
    "location": [
      10.851155449322505,
      -34.73863605317456,
      -1.703532626915461
    ],
    "rotation": [
      -0.01593773612923159,
      -0.07748183505516813,
      1.7015306613780112
    ]
  },
  {
    "label_id": "BUR9L8QzRXC6jgRryQ-hLA",
    "size": [
      2.1637388866147043,
      4.737206709428949,
      1.6600000000000037
    ],
    "obj_class": "vehicle",
    "point_num_in_lidar": 3761,
    "speed": 8.556067554929069e-13,
    "if_vehicle": true,
    "motion_state": false,
    "pose": [
      [
        0.09394174992338168,
        0.9955613108409045,
        -0.0057117403716175396,
        -5.263045250779669
      ],
      [
        -0.9925230200281678,
        0.09320289639263364,
        -0.07881164138748337,
        24.699677643404357
      ],
      [
        -0.07792947026316874,
        0.013072737309528851,
        0.9968731620440676,
        2.888146761087846
      ],
      [
        0.0,
        0.0,
        0.0,
        1.0
      ]
    ],
    "location": [
      -5.263045250779669,
      24.699677643404357,
      2.888146761087846
    ],
    "rotation": [
      0.013112990208480217,
      0.07800856424896442,
      -1.4764280148656843
    ]
  },
  {
    "label_id": "Fzwx5hX1FaRCPnhOV6NA2w",
    "size": [
      2.0278134705008637,
      4.402677683938137,
      1.7800000000000011
    ],
    "obj_class": "vehicle",
    "point_num_in_lidar": 50,
    "speed": 0.8723557756822382,
    "if_vehicle": true,
    "motion_state": false,
    "pose": [
      [
        -0.9908419024780317,
        -0.13490626492361896,
        -0.0057117403716175396,
        15.396510932730507
      ],
      [
        0.13493486610737962,
        -0.9877151953323358,
        -0.07881164138748337,
        -44.98005402406852
      ],
      [
        0.004990611415245278,
        -0.07886058961207473,
        0.9968731620440676,
        -1.745842221206935
      ],
      [
        0.0,
        0.0,
        0.0,
        1.0
      ]
    ],
    "location": [
      15.396510932730507,
      -44.98005402406852,
      -1.745842221206935
    ],
    "rotation": [
      -0.07894354326175276,
      -0.004990632131673714,
      3.006243230593177
    ]
  },
  {
    "label_id": "KVZRY_I-8YALVxwN9R_ycw",
    "size": [
      0.47429093801960975,
      0.06178201066427621,
      0.5247983659121971
    ],
    "obj_class": "sign",
    "point_num_in_lidar": 57,
    "speed": 0.026951112340759673,
    "if_vehicle": false,
    "motion_state": false,
    "pose": [
      [
        -0.12305075271742819,
        -0.9923839419688336,
        -0.0057117403716175396,
        -5.190618069611901
      ],
      [
        0.9893685868286947,
        -0.12222325710928522,
        -0.07881164138748337,
        -1.2889400417661818
      ],
      [
        0.07751329984116313,
        -0.015348848295425493,
        0.9968731620440676,
        2.9057342348035675
      ],
      [
        0.0,
        0.0,
        0.0,
        1.0
      ]
    ],
    "location": [
      -5.190618069611901,
      -1.2889400417661818,
      2.9057342348035675
    ],
    "rotation": [
      -0.015395775659922261,
      -0.07759113113806136,
      1.6945339333346978
    ]
  },
  {
    "label_id": "P8yuA8ciHXeb6dxqW-AeAA",
    "size": [
      0.4621267009875096,
      0.10556426766333929,
      0.5512168141592966
    ],
    "obj_class": "sign",
    "point_num_in_lidar": 21,
    "speed": 0.016617264126699987,
    "if_vehicle": false,
    "motion_state": false,
    "pose": [
      [
        -0.696899855621173,
        0.7171457085259001,
        -0.0057117403716175396,
        9.59786405072009
      ],
      [
        -0.7146129130119029,
        -0.6950662628400641,
        -0.07881164138748337,
        2.0238694639010646
      ],
      [
        -0.06048946843732884,
        -0.050842138078875526,
        0.9968731620440676,
        2.838323401144791
      ],
      [
        0.0,
        0.0,
        0.0,
        1.0
      ]
    ],
    "location": [
      9.59786405072009,
      2.0238694639010646,
      2.838323401144791
    ],
    "rotation": [
      -0.05095745955005432,
      0.06052641755800258,
      -2.343646160434506
    ]
  },
  {
    "label_id": "UWItb63zZqZBydQmn9DkCw",
    "size": [
      2.157995985394381,
      4.340768928989062,
      2.0600000000000023
    ],
    "obj_class": "vehicle",
    "point_num_in_lidar": 239,
    "speed": 0.0,
    "if_vehicle": true,
    "motion_state": false,
    "pose": [
      [
        0.09246275305436923,
        0.9956997616347679,
        -0.0057117403716175396,
        -2.6610261264022483
      ],
      [
        -0.9926603766170953,
        0.09172841367982515,
        -0.07881164138748337,
        -7.645871746954072
      ],
      [
        -0.07794880365992252,
        0.012956959683849315,
        0.9968731620440676,
        0.5980981155830136
      ],
      [
        0.0,
        0.0,
        0.0,
        1.0
      ]
    ],
    "location": [
      -2.6610261264022483,
      -7.645871746954072,
      0.5980981155830136
    ],
    "rotation": [
      0.012996869222421674,
      0.07802795663505037,
      -1.4779179077388265
    ]
  },
  {
    "label_id": "dAM8OaUe4C7RqpO_K9jiLg",
    "size": [
      2.113957168408739,
      4.567705028833302,
      1.8900000000000077
    ],
    "obj_class": "vehicle",
    "point_num_in_lidar": 300,
    "speed": 0.021560544667644094,
    "if_vehicle": true,
    "motion_state": false,
    "pose": [
      [
        -0.1305726525776178,
        -0.9914222906616392,
        -0.0057117403716175396,
        8.909809223256616
      ],
      [
        0.9884132972794745,
        -0.12972231474549029,
        -0.07881164138748337,
        -7.246613646229889
      ],
      [
        0.07739467785295091,
        -0.01593620520387445,
        0.9968731620440676,
        0.3963221312496046
      ],
      [
        0.0,
        0.0,
        0.0,
        1.0
      ]
    ],
    "location": [
      8.909809223256616,
      -7.246613646229889,
      0.3963221312496046
    ],
    "rotation": [
      -0.015984829841404452,
      -0.07747215172701066,
      1.7021391111443496
    ]
  },
  {
    "label_id": "gFz6ljq8EC32foV9Q3kMWQ",
    "size": [
      2.1728398403994635,
      4.6979777340013396,
      1.9400000000000048
    ],
    "obj_class": "vehicle",
    "point_num_in_lidar": 782,
    "speed": 0.0071831904946421665,
    "if_vehicle": true,
    "motion_state": false,
    "pose": [
      [
        0.03984587915267829,
        0.9991895125232636,
        -0.0057117403716175396,
        -3.3608438984301756
      ],
      [
        -0.9961156427728276,
        0.039272781988130175,
        -0.07881164138748337,
        1.10177165163077
      ],
      [
        -0.07852344960473044,
        0.008829873070175194,
        0.9968731620440676,
        1.230528332868218
      ],
      [
        0.0,
        0.0,
        0.0,
        1.0
      ]
    ],
    "location": [
      -3.3608438984301756,
      1.10177165163077,
      1.230528332868218
    ],
    "rotation": [
      0.008857337620094368,
      0.07860436937561435,
      -1.5308163833522141
    ]
  },
  {
    "label_id": "mODK2u9TgRfcbszFipny-w",
    "size": [
      2.0032348463693834,
      4.603067787681283,
      1.5500000000000043
    ],
    "obj_class": "vehicle",
    "point_num_in_lidar": 52,
    "speed": 7.629692910490974,
    "if_vehicle": true,
    "motion_state": true,
    "pose": [
      [
        -0.08433792245861298,
        -0.996420840236339,
        -0.0057117403716175396,
        6.8783215060147995
      ],
      [
        0.9933755664492957,
        -0.08362839926335788,
        -0.07881164138748337,
        -27.954039642680073
      ],
      [
        0.07805189822743495,
        -0.01232071342724047,
        0.9968731620440676,
        -1.0972870062424107
      ],
      [
        0.0,
        0.0,
        0.0,
        1.0
      ]
    ],
    "location": [
      6.8783215060147995,
      -27.954039642680073,
      -1.0972870062424107
    ],
    "rotation": [
      -0.012358729885330443,
      -0.07813136625744542,
      1.6554935544846034
    ]
  },
  {
    "label_id": "npFpFlBhi1zaoOJx_kni3w",
    "size": [
      2.142391775633584,
      4.7986056735139995,
      2.1099999999999994
    ],
    "obj_class": "vehicle",
    "point_num_in_lidar": 137,
    "speed": 4.973799150320701e-13,
    "if_vehicle": true,
    "motion_state": false,
    "pose": [
      [
        0.09394394571570033,
        0.9955611036422087,
        -0.0057117403716175396,
        -1.4559282328200425
      ],
      [
        -0.9925228144590819,
        0.09320508548375321,
        -0.07881164138748337,
        -23.03995605644741
      ],
      [
        -0.0779294414299793,
        0.013072909189368381,
        0.9968731620440676,
        -0.3177915720912168
      ],
      [
        0.0,
        0.0,
        0.0,
        1.0
      ]
    ],
    "location": [
      -1.4559282328200425,
      -23.03995605644741,
      -0.3177915720912168
    ],
    "rotation": [
      0.013113162597799693,
      0.0780085353278222,
      -1.4764258027455355
    ]
  },
  {
    "label_id": "t8L8-W5u8RYlt5pJLSgtgA",
    "size": [
      2.273044391146958,
      4.8845576947807015,
      2.030000000000001
    ],
    "obj_class": "vehicle",
    "point_num_in_lidar": 295,
    "speed": 7.8496737556567195,
    "if_vehicle": true,
    "motion_state": true,
    "pose": [
      [
        0.08108114819922846,
        0.9966911374285525,
        -0.0057117403716175396,
        1.2443855133597026
      ],
      [
        -0.993643561166789,
        0.08038158081048478,
        -0.07881164138748337,
        -13.844230425813294
      ],
      [
        -0.07809174577685231,
        0.012065572418477156,
        0.9968731620440676,
        0.46053377293454645
      ],
      [
        0.0,
        0.0,
        0.0,
        1.0
      ]
    ],
    "location": [
      1.2443855133597026,
      -13.844230425813294,
      0.46053377293454645
    ],
    "rotation": [
      0.012102826875852126,
      0.07817133580442887,
      -1.489376885828926
    ]
  }
]