[
  {
    "label_id": "1sisoRTGxeq59FiA-N1G8g",
    "size": [
      2.2772264317119526,
      4.570747778087018,
      1.8000000000000043
    ],
    "obj_class": "vehicle",
    "point_num_in_lidar": 915,
    "speed": 0.027390654947884483,
    "if_vehicle": true,
    "motion_state": false,
    "pose": [
      [
        -0.058937278584969034,
        -0.9982593448051937,
        0.0021627995985110957,
        6.598520781177285
      ],
      [
        0.9981512514344535,
        -0.058962846286753294,
        -0.014746593423539024,
        23.17680078486046
      ],
      [
        0.014848449509366705,
        0.001289677041073392,
        0.9998889239712067,
        2.806004363524629
      ],
      [
        0.0,
        0.0,
        0.0,
        1.0
      ]
    ],
    "location": [
      6.598520781177285,
      23.17680078486046,
      2.806004363524629
    ],
    "rotation": [
      0.0012898195939278897,
      -0.014848995185753711,
      1.6297742891405034
    ]
  },
  {
    "label_id": "6kzFmpXueS0DjfSDH6Lg_Q",
    "size": [
      0.47041703659870393,
      0.10038091900013014,
      0.5357670948348527
    ],
    "obj_class": "sign",
    "point_num_in_lidar": 29,
    "speed": 0.008330902890818408,
    "if_vehicle": false,
    "motion_state": false,
    "pose": [
      [
        0.00920865921459732,
        -0.9999552604458692,
        0.0021627995985110957,
        8.319426598091468
      ],
      [
        0.9998491600833855,
        0.009175786775482555,
        -0.014746593423539024,
        24.503449510251812
      ],
      [
        0.01472608827957027,
        0.0022982697154135955,
        0.9998889239712067,
        5.798568384939912
      ],
      [
        0.0,
        0.0,
        0.0,
        1.0
      ]
    ],
    "location": [
      8.319426598091468,
      24.503449510251812,
      5.798568384939912
    ],
    "rotation": [
      0.002298520978589387,
      -0.014726620575730058,
      1.5615865387382024
    ]
  },
  {
    "label_id": "9bfwWa7Y_3fw5HUlAGEwxQ",
    "size": [
      2.2042481380009544,
      4.517689152834653,
      1.8400000000000034
    ],
    "obj_class": "vehicle",
    "point_num_in_lidar": 216,
    "speed": 2.929642751054232e-13,
    "if_vehicle": true,
    "motion_state": false,
    "pose": [
      [
        -0.994100991082145,
        0.10843681029702949,
        0.0021627995985110957,
        18.887228843318553
      ],
      [
        -0.10845697867998393,
        -0.9939917614135493,
        -0.014746593423539024,
        45.48192847883911
      ],
      [
        0.0005507314289128374,
        -0.01489417384737038,
        0.9998889239712067,
        2.7389540009811597
      ],
      [
        0.0,
        0.0,
        0.0,
        1.0
      ]
    ],
    "location": [
      18.887228843318553,
      45.48192847883911,
      2.7389540009811597
    ],
    "rotation": [
      -0.014894726839694568,
      -0.0005507314567527836,
      -3.032921896519433
    ]
  },
  {
    "label_id": "BUR9L8QzRXC6jgRryQ-hLA",
    "size": [
      2.163738886614704,
      4.737206709428949,
      1.6600000000000037
    ],
    "obj_class": "vehicle",
    "point_num_in_lidar": 1364,
    "speed": 8.556067554929069e-13,
    "if_vehicle": true,
    "motion_state": false,
    "pose": [
      [
        0.09394306261807059,
        0.995575222313128,
        0.0021627995985110957,
        -5.263045250779669
      ],
      [
        -0.9954662980527456,
        0.09396482013798133,
        -0.014746593423539024,
        24.699677643402538
      ],
      [
        -0.014884570101269767,
        -0.0007676539603690503,
        0.9998889239712067,
        2.923202362452713
      ],
      [
        0.0,
        0.0,
        0.0,
        1.0
      ]
    ],
    "location": [
      -5.263045250779669,
      24.699677643402538,
      2.923202362452713
    ],
    "rotation": [
      -0.0007677390869535943,
      0.014885119769882745,
      -1.4767040787121148
    ]
  },
  {
    "label_id": "DThbaclGoInTmfM9WGKTdg",
    "size": [
      2.2878057997547523,
      4.255595350041359,
      1.480000000000004
    ],
    "obj_class": "vehicle",
    "point_num_in_lidar": 81,
    "speed": 3.1776437161565096e-13,
    "if_vehicle": true,
    "motion_state": false,
    "pose": [
      [
        -0.9955658325305387,
        0.09404251908404215,
        0.0021627995985110957,
        -46.77388437968102
      ],
      [
        -0.09406426572242339,
        -0.995456906097146,
        -0.014746593423539024,
        41.60439258454244
      ],
      [
        0.0007661670033842257,
        -0.014884646714833692,
        0.9998889239712067,
        5.838630863305994
      ],
      [
        0.0,
        0.0,
        0.0,
        1.0
      ]
    ],
    "location": [
      -46.77388437968102,
      41.60439258454244,
      5.838630863305994
    ],
    "rotation": [
      -0.014885200761153168,
      -0.000766167078342434,
      -3.047389090110521
    ]
  },
  {
    "label_id": "FTRyb1G2iTJAVacNQI8q6w",
    "size": [
      1.8681467453185092,
      4.0432407627752305,
      1.5100000000000051
    ],
    "obj_class": "vehicle",
    "point_num_in_lidar": 59,
    "speed": 3.552713678800501e-13,
    "if_vehicle": true,
    "motion_state": false,
    "pose": [
      [
        -0.994856829400568,
        0.10126801712755107,
        0.0021627995985110957,
        -57.647001026456564
      ],
      [
        -0.10128897236843545,
        -0.9947477479536946,
        -0.014746593423539024,
        40.25163744599922
      ],
      [
        0.0006580817545060855,
        -0.014889816926573353,
        0.9998889239712067,
        6.511819914074053
      ],
      [
        0.0,
        0.0,
        0.0,
        1.0
      ]
    ],
    "location": [
      -57.647001026456564,
      40.25163744599922,
      6.511819914074053
    ],
    "rotation": [
      -0.014890370401242995,
      -0.000658081802005514,
      -3.0401296597012815
    ]
  },
  {
    "label_id": "Jx-B97H92w8LuiN1E8gkew",
    "size": [
      0.6333740193244669,
      0.10445723952352637,
      1.240000000000002
    ],
    "obj_class": "sign",
    "point_num_in_lidar": 143,
    "speed": 0.02353946445952484,
    "if_vehicle": false,
    "motion_state": false,
    "pose": [
      [
        0.9822921772050988,
        -0.1873430033376312,
        0.0021627995985110957,
        19.080581033654198
      ],
      [
        0.1873543995632072,
        0.9821816873403367,
        -0.014746593423539024,
        47.382400038288324
      ],
      [
        0.0006384089419201312,
        0.01489067338052113,
        0.9998889239712067,
        5.148567811659085
      ],
      [
        0.0,
        0.0,
        0.0,
        1.0
      ]
    ],
    "location": [
      19.080581033654198,
      47.382400038288324,
      5.148567811659085
    ],
    "rotation": [
      0.014891226760419214,
      -0.0006384089852857665,
      0.18846819779671045
    ]
  },
  {
    "label_id": "K_0-guhmXGcxzSoGOcxeng",
    "size": [
      1.9445363495927677,
      3.626613363892171,
      1.5800000000000054
    ],
    "obj_class": "vehicle",
    "point_num_in_lidar": 748,
    "speed": 5.728578676879116e-13,
    "if_vehicle": true,
    "motion_state": false,
    "pose": [
      [
        -0.9988105391775641,
        0.048711693931952835,
        0.0021627995985110957,
        -18.10148818518246
      ],
      [
        -0.04873836720375784,
        -0.9987027132959599,
        -0.014746593423539024,
        43.641492725995704
      ],
      [
        0.0014416622819620627,
        -0.014834464249417707,
        0.9998889239712067,
        3.960880552413883
      ],
      [
        0.0,
        0.0,
        0.0,
        1.0
      ]
    ],
    "location": [
      -18.10148818518246,
      43.641492725995704,
      3.960880552413883
    ],
    "rotation": [
      -0.014835023802914205,
      -0.001441662781351974,
      -3.09283491927118
    ]
  },
  {
    "label_id": "L8eRhIvJEwNzhN_KaSBq0g",
    "size": [
      1.9681640968148044,
      4.149874142097858,
      1.6800000000000068
    ],
    "obj_class": "vehicle",
    "point_num_in_lidar": 74,
    "speed": 3.1776437161565096e-13,
    "if_vehicle": true,
    "motion_state": false,
    "pose": [
      [
        0.996679827601071,
        -0.0813919133022205,
        0.0021627995985110957,
        -26.45143729862957
      ],
      [
        0.08141504148002768,
        0.9965711861192887,
        -0.014746593423539024,
        33.9378693259041
      ],
      [
        -0.0009551303077947412,
        0.01487371661010173,
        0.9998889239712067,
        4.544985410645957
      ],
      [
        0.0,
        0.0,
        0.0,
        1.0
      ]
    ],
    "location": [
      -26.45143729862957,
      33.9378693259041,
      4.544985410645957
    ],
    "rotation": [
      0.014874271862300845,
      0.0009551304530182101,
      0.08150529011309342
    ]
  },
  {
    "label_id": "MUVd1nPttqaEXeusxgwChg",
    "size": [
      2.0746914920227364,
      4.71049835727351,
      1.6200000000000045
    ],
    "obj_class": "vehicle",
    "point_num_in_lidar": 1162,
    "speed": 2.8421709430404007e-13,
    "if_vehicle": true,
    "motion_state": false,
    "pose": [
      [
        0.9949646292939054,
        -0.10020333702995182,
        0.0021627995985110957,
        -15.974804628516722
      ],
      [
        0.10022440898972487,
        0.9948555703342375,
        -0.014746593423539024,
        34.81035828699896
      ],
      [
        -0.0006740153572328643,
        0.014889104170523438,
        0.9998889239712067,
        3.7687455534556022
      ],
      [
        0.0,
        0.0,
        0.0,
        1.0
      ]
    ],
    "location": [
      -15.974804628516722,
      34.81035828699896,
      3.7687455534556022
    ],
    "rotation": [
      0.014889657724046988,
      0.0006740154082667003,
      0.10039298612153078
    ]
  },
  {
    "label_id": "RxqRbLXPX0waOU5whLY3dA",
    "size": [
      2.1068469039081905,
      4.399435590071343,
      1.6000000000000014
    ],
    "obj_class": "vehicle",
    "point_num_in_lidar": 104,
    "speed": 2.1316282072803006e-13,
    "if_vehicle": true,
    "motion_state": false,
    "pose": [
      [
        0.999487357740119,
        -0.03194282416399877,
        0.0021627995985110957,
        -31.497647305066494
      ],
      [
        0.031971303210335825,
        0.9993799946734143,
        -0.014746593423539024,
        33.573840856333845
      ],
      [
        -0.0016904108104935937,
        0.014808181218308025,
        0.9998889239712067,
        4.839043608652943
      ],
      [
        0.0,
        0.0,
        0.0,
        1.0
      ]
    ],
    "location": [
      -31.497647305066494,
      33.573840856333845,
      4.839043608652943
    ],
    "rotation": [
      0.01480874362635833,
      0.001690411615549596,
      0.03197679807320943
    ]
  },
  {
    "label_id": "S3Ka9_tVwfdX_ml1kbjrAQ",
    "size": [
      2.09062067651488,
      4.384132446919564,
      1.740000000000002
    ],
    "obj_class": "vehicle",
    "point_num_in_lidar": 113,
    "speed": 2.8421709430404007e-13,
    "if_vehicle": true,
    "motion_state": false,
    "pose": [
      [
        -0.9966101968929012,
        0.08224012248890027,
        0.0021627995985110957,
        24.237874346957597
      ],
      [
        -0.0822631581974401,
        -0.9965015357668967,
        -0.014746593423539024,
        45.95566483963012
      ],
      [
        0.0009424714720264739,
        -0.014874524100854467,
        0.9998889239712067,
        1.9159417420864884
      ],
      [
        0.0,
        0.0,
        0.0,
        1.0
      ]
    ],
    "location": [
      24.237874346957597,
      45.95566483963012,
      1.9159417420864884
    ],
    "rotation": [
      -0.01487507926408759,
      -0.000942471611551966,
      -3.059236392797207
    ]
  },
  {
    "label_id": "S7UtkLMszwOiKACW05WB4g",
    "size": [
      2.113484567748594,
      4.400367874078552,
      1.730000000000004
    ],
    "obj_class": "vehicle",
    "point_num_in_lidar": 629,
    "speed": 1.0247593068766006e-12,
    "if_vehicle": true,
    "motion_state": false,
    "pose": [
      [
        -0.9949143820969637,
        0.10070101585641372,
        0.0021627995985110957,
        13.930695048154575
      ],
      [
        -0.10072203326115683,
        -0.9948053126105324,
        -0.014746593423539024,
        44.96120501041878
      ],
      [
        0.000666567592538875,
        -0.014889439457113927,
        0.9998889239712067,
        3.2855331968896166
      ],
      [
        0.0,
        0.0,
        0.0,
        1.0
      ]
    ],
    "location": [
      13.930695048154575,
      44.96120501041878,
      3.2855331968896166
    ],
    "rotation": [
      -0.014889992973545804,
      -0.0006665676418995878,
      -3.040699512678318
    ]
  },
  {
    "label_id": "UWItb63zZqZBydQmn9DkCw",
    "size": [
      2.157995985394381,
      4.340768928989062,
      2.0600000000000023
    ],
    "obj_class": "vehicle",
    "point_num_in_lidar": 37,
    "speed": 0.0,
    "if_vehicle": true,
    "motion_state": false,
    "pose": [
      [
        0.09246404508229786,
        0.9957136750416334,
        0.0021627995985110957,
        -2.6610261264017936
      ],
      [
        -0.9956047832219406,
        0.09248596438375743,
        -0.014746593423539024,
        -7.645871746955891
      ],
      [
        -0.014883413338733926,
        -0.0007897639463037101,
        0.9998889239712067,
        0.6737982743590649
      ],
      [
        0.0,
        0.0,
        0.0,
        1.0
      ]
    ],
    "location": [
      -2.6610261264017936,
      -7.645871746955891,
      0.6737982743590649
    ],
    "rotation": [
      -0.0007898515156379255,
      0.014883962879194952,
      -1.478189730211663
    ]
  },
  {
    "label_id": "UawIsBPXu8bux4w7lNmIbg",
    "size": [
      2.129758975684879,
      4.06187111486407,
      1.7100000000000009
    ],
    "obj_class": "vehicle",
    "point_num_in_lidar": 569,
    "speed": 3.552713678800501e-13,
    "if_vehicle": true,
    "motion_state": false,
    "pose": [
      [
        0.9972776415388479,
        -0.07370636325725215,
        0.0021627995985110957,
        13.813332166698274
      ],
      [
        0.07373032823527181,
        0.9971691815738791,
        -0.014746593423539024,
        38.03256784241785
      ],
      [
        -0.0010697593338732509,
        0.014865911834464618,
        0.9998889239712067,
        3.400395309566484
      ],
      [
        0.0,
        0.0,
        0.0,
        1.0
      ]
    ],
    "location": [
      13.813332166698274,
      38.03256784241785,
      3.400395309566484
    ],
    "rotation": [
      0.01486646794556214,
      0.001069759537909451,
      0.07379733614372157
    ]
  },
  {
    "label_id": "YTQwvcHmGuJFEZ0-7ALl6w",
    "size": [
      1.8772821912369986,
      3.8742163630373065,
      1.500000000000007
    ],
    "obj_class": "vehicle",
    "point_num_in_lidar": 82,
    "speed": 0.0,
    "if_vehicle": true,
    "motion_state": false,
    "pose": [
      [
        -0.9971465003095183,
        0.07545978543818271,
        0.0021627995985110957,
        -41.61021550144824
      ],
      [
        -0.07548355967151539,
        -0.9970379983740426,
        -0.014746593423539024,
        42.03084594300162
      ],
      [
        0.0010436186068993152,
        -0.014867769836321038,
        0.9998889239712067,
        5.4274559392699615
      ],
      [
        0.0,
        0.0,
        0.0,
        1.0
      ]
    ],
    "location": [
      -41.61021550144824,
      42.03084594300162,
      5.4274559392699615
    ],
    "rotation": [
      -0.014868325743113812,
      -0.001043618796340501,
      -3.0660371869792296
    ]
  },
  {
    "label_id": "_8Js2MsgmNxMOkkvXe23hA",
    "size": [
      0.5302392437412199,
      0.10270718870722725,
      0.4200000000000017
    ],
    "obj_class": "sign",
    "point_num_in_lidar": 62,
    "speed": 0.021963806451193835,
    "if_vehicle": false,
    "motion_state": false,
    "pose": [
      [
        0.11532259095224967,
        0.9933257382721726,
        0.0021627995985110957,
        7.941085857337384
      ],
      [
        -0.9932163714739562,
        0.11534200197026569,
        -0.014746593423539024,
        31.48291668460479
      ],
      [
        -0.014897632434989224,
        -0.000447512608136594,
        0.9998889239712067,
        5.187832587609357
      ],
      [
        0.0,
        0.0,
        0.0,
        1.0
      ]
    ],
    "location": [
      7.941085857337384,
      31.48291668460479,
      5.187832587609357
    ],
    "rotation": [
      -0.0004475622916978771,
      0.014898183552096118,
      -1.4552036901112708
    ]
  },
  {
    "label_id": "b_JwY_uhnQWRh-cDMzaP8g",
    "size": [
      2.209987623982044,
      4.387990051751105,
      1.740000000000002
    ],
    "obj_class": "vehicle",
    "point_num_in_lidar": 56,
    "speed": 8.445225848655001e-29,
    "if_vehicle": true,
    "motion_state": false,
    "pose": [
      [
        -0.9966101968928845,
        0.08224012248910408,
        0.0021627995985110957,
        29.894690733397056
      ],
      [
        -0.08226315819764389,
        -0.9965015357668799,
        -0.014746593423539024,
        46.353272013542664
      ],
      [
        0.0009424714720234321,
        -0.014874524100854662,
        0.9998889239712067,
        1.4499173364637414
      ],
      [
        0.0,
        0.0,
        0.0,
        1.0
      ]
    ],
    "location": [
      29.894690733397056,
      46.353272013542664,
      1.4499173364637414
    ],
    "rotation": [
      -0.014875079264087784,
      -0.0009424716115489242,
      -3.0592363927970023
    ]
  },
  {
    "label_id": "b_m6l_c_2abbwm84YGyp_Q",
    "size": [
      2.247342454990392,
      4.564972827080787,
      1.8100000000000023
    ],
    "obj_class": "vehicle",
    "point_num_in_lidar": 51,
    "speed": 9.871175158657625e-13,
    "if_vehicle": true,
    "motion_state": false,
    "pose": [
      [
        0.994523037570445,
        -0.10449521539071605,
        0.0021627995985110957,
        -37.082959979046336
      ],
      [
        0.10451581661551732,
        0.9944138887101248,
        -0.014746593423539024,
        33.16509041903009
      ],
      [
        -0.0006097695031840882,
        0.014891873651608477,
        0.9998889239712067,
        5.186875877616643
      ],
      [
        0.0,
        0.0,
        0.0,
        1.0
      ]
    ],
    "location": [
      -37.082959979046336,
      33.16509041903009,
      5.186875877616643
    ],
    "rotation": [
      0.0148924268986529,
      0.0006097695409713935,
      0.10470705835220873
    ]
  },
  {
    "label_id": "bgk01XkgPJaTYi1BoHA_-g",
    "size": [
      2.0580284825585684,
      3.997960379993879,
      1.5800000000000054
    ],
    "obj_class": "vehicle",
    "point_num_in_lidar": 302,
    "speed": 1.1390866590859189e-12,
    "if_vehicle": true,
    "motion_state": false,
    "pose": [
      [
        -0.9958158105634376,
        0.09135750505448713,
        0.0021627995985110957,
        -36.585383826778525
      ],
      [
        -0.09137954534802285,
        -0.9957069431687164,
        -0.014746593423539024,
        42.09376173484088
      ],
      [
        0.0008063025936925773,
        -0.014882526527101802,
        0.9998889239712067,
        5.140728283590754
      ],
      [
        0.0,
        0.0,
        0.0,
        1.0
      ]
    ],
    "location": [
      -36.585383826778525,
      42.09376173484088,
      5.140728283590754
    ],
    "rotation": [
      -0.014883080807611974,
      -0.0008063026810586969,
      -3.0500854249203058
    ]
  },
  {
    "label_id": "bomB-iyt6FXDMVLGWY24PQ",
    "size": [
      2.127579023554768,
      4.785962943037317,
      1.720000000000006
    ],
    "obj_class": "vehicle",
    "point_num_in_lidar": 24,
    "speed": 0.03954386948270985,
    "if_vehicle": true,
    "motion_state": false,
    "pose": [
      [
        0.996286078162747,
        -0.08607771347445102,
        0.0021627995985110957,
        -42.45422580538934
      ],
      [
        0.08610033053035422,
        0.9961773291261775,
        -0.014746593423539024,
        32.85558561362268
      ],
      [
        -0.0008851788840443366,
        0.014878043488500973,
        0.9998889239712067,
        5.587302658310996
      ],
      [
        0.0,
        0.0,
        0.0,
        1.0
      ]
    ],
    "location": [
      -42.45422580538934,
      32.85558561362268,
      5.587302658310996
    ],
    "rotation": [
      0.01487859826375602,
      0.0008851789996401322,
      0.08620710163340597
    ]
  },
  {
    "label_id": "bpGsmLRixkI12Im9mZMXHA",
    "size": [
      0.4804808053405491,
      0.14672100268388544,
      0.6253783753069726
    ],
    "obj_class": "sign",
    "point_num_in_lidar": 125,
    "speed": 0.021985179249020624,
    "if_vehicle": false,
    "motion_state": false,
    "pose": [
      [
        -0.9908288648257781,
        -0.13510545113339015,
        0.0021627995985110957,
        15.025816895512435
      ],
      [
        0.13505947450157166,
        -0.9907277508628494,
        -0.014746593423539024,
        36.343539477382365
      ],
      [
        0.004135090738967896,
        -0.014319243844665337,
        0.9998889239712067,
        5.245285776281129
      ],
      [
        0.0,
        0.0,
        0.0,
        1.0
      ]
    ],
    "location": [
      15.025816895512435,
      36.343539477382365,
      5.245285776281129
    ],
    "rotation": [
      -0.014319855664212728,
      -0.004135102523361056,
      3.0061180015104862
    ]
  },
  {
    "label_id": "dAM8OaUe4C7RqpO_K9jiLg",
    "size": [
      2.11395716840874,
      4.567705028833302,
      1.8900000000000077
    ],
    "obj_class": "vehicle",
    "point_num_in_lidar": 65,
    "speed": 0.021560544126786468,
    "if_vehicle": true,
    "motion_state": false,
    "pose": [
      [
        -0.13057447713408726,
        -0.9914361442972798,
        0.0021627995985110957,
        8.945678221664366
      ],
      [
        0.9913264921048311,
        -0.13059220510249084,
        -0.014746593423539024,
        -7.254125508172365
      ],
      [
        0.014902750494117498,
        0.0002185118133301638,
        0.9998889239712067,
        0.5146527938564702
      ],
      [
        0.0,
        0.0,
        0.0,
        1.0
      ]
    ],
    "location": [
      8.945678221664366,
      -7.254125508172365,
      0.5146527938564702
    ],
    "rotation": [
      0.0002185360839719556,
      -0.014903302179463772,
      1.7017593498472106
    ]
  },
  {
    "label_id": "gFz6ljq8EC32foV9Q3kMWQ",
    "size": [
      2.172839840399463,
      4.6979777340013396,
      1.9400000000000048
    ],
    "obj_class": "vehicle",
    "point_num_in_lidar": 167,
    "speed": 0.007841693479399987,
    "if_vehicle": true,
    "motion_state": false,
    "pose": [
      [
        0.03984643593892048,
        0.9992034746941497,
        0.0021627995985110957,
        -3.3701911867151466
      ],
      [
        -0.9990958897538764,
        0.03987406499606893,
        -0.014746593423539024,
        1.0922698373869935
      ],
      [
        -0.014821087000466592,
        -0.0015732449990654162,
        0.9998889239712067,
        1.3076121656568844
      ],
      [
        0.0,
        0.0,
        0.0,
        1.0
      ]
    ],
    "location": [
      -3.3701911867151466,
      1.0922698373869935,
      1.3076121656568844
    ],
    "rotation": [
      -0.0015734184698747366,
      0.01482162966551726,
      -1.5309349584020377
    ]
  },
  {
    "label_id": "hvmNmdTI3yuJ0wy_B769xw",
    "size": [
      0.8699038556564896,
      0.08082874399769935,
      0.8592785244949681
    ],
    "obj_class": "sign",
    "point_num_in_lidar": 41,
    "speed": 0.013395594258339125,
    "if_vehicle": false,
    "motion_state": false,
    "pose": [
      [
        0.09882166848018231,
        0.9951028088276556,
        0.0021627995985110957,
        7.961586876928777
      ],
      [
        -0.9949937792328888,
        0.09884289185497326,
        -0.014746593423539024,
        31.471270862517486
      ],
      [
        -0.014888153903222729,
        -0.0006946891797329197,
        0.9998889239712067,
        5.833466823118407
      ],
      [
        0.0,
        0.0,
        0.0,
        1.0
      ]
    ],
    "location": [
      7.961586876928777,
      31.471270862517486,
      5.833466823118407
    ],
    "rotation": [
      -0.0006947662398322577,
      0.014888703968993737,
      -1.4718020952041444
    ]
  },
  {
    "label_id": "kPJXFtVxkw3om_chTj9-wA",
    "size": [
      1.8509288610152037,
      4.222066547876635,
      1.4200000000000017
    ],
    "obj_class": "vehicle",
    "point_num_in_lidar": 72,
    "speed": 2.2695898585591e-28,
    "if_vehicle": true,
    "motion_state": false,
    "pose": [
      [
        -0.9905703608543593,
        0.13698789178157764,
        0.0021627995985110957,
        -52.177115898478405
      ],
      [
        -0.13700490975683982,
        -0.99046059623032,
        -0.014746593423539024,
        41.05874333333486
      ],
      [
        0.00012206303581730856,
        -0.014903852532743716,
        0.9998889239712067,
        6.124544119335731
      ],
      [
        0.0,
        0.0,
        0.0,
        1.0
      ]
    ],
    "location": [
      -52.177115898478405,
      41.05874333333486,
      6.124544119335731
    ],
    "rotation": [
      -0.014904404451537848,
      -0.00012206303612041926,
      -3.0041554766413388
    ]
  },
  {
    "label_id": "lswpbkNkk5qXFzyjLvSVew",
    "size": [
      0.49960734648854016,
      0.10038091899954009,
      0.5686725663716743
    ],
    "obj_class": "sign",
    "point_num_in_lidar": 106,
    "speed": 0.006311618139208632,
    "if_vehicle": false,
    "motion_state": false,
    "pose": [
      [
        0.009208659213137212,
        -0.9999552604458827,
        0.0021627995985110957,
        8.31756617757128
      ],
      [
        0.999849160083399,
        0.0091757867740226,
        -0.014746593423539024,
        24.505618039986075
      ],
      [
        0.014726088279573625,
        0.0022982697153920927,
        0.9998889239712067,
        5.180405594425409
      ],
      [
        0.0,
        0.0,
        0.0,
        1.0
      ]
    ],
    "location": [
      8.31756617757128,
      24.505618039986075,
      5.180405594425409
    ],
    "rotation": [
      0.002298520978567882,
      -0.014726620575733415,
      1.5615865387396628
    ]
  },
  {
    "label_id": "n5ksvNBNtqr2qrSOIt_gYg",
    "size": [
      1.088659584919946,
      0.07872484273036262,
      1.0361799410029704
    ],
    "obj_class": "sign",
    "point_num_in_lidar": 149,
    "speed": 0.028115016689808606,
    "if_vehicle": false,
    "motion_state": false,
    "pose": [
      [
        0.9995519613863107,
        -0.02985295272960134,
        0.0021627995985110957,
        -12.973495420155814
      ],
      [
        0.02988165619627572,
        0.9994446581003714,
        -0.014746593423539024,
        33.33465210598297
      ],
      [
        -0.0017213691488779821,
        0.014804614414289055,
        0.9998889239712067,
        5.772557370078324
      ],
      [
        0.0,
        0.0,
        0.0,
        1.0
      ]
    ],
    "location": [
      -12.973495420155814,
      33.33465210598297,
      5.772557370078324
    ],
    "rotation": [
      0.014805177208146433,
      0.00172136999898064,
      0.029886149230372663
    ]
  },
  {
    "label_id": "nOGUlyISaOL6Dd5hx-vTqQ",
    "size": [
      0.773159273616329,
      0.08427458612459304,
      0.8400000000000034
    ],
    "obj_class": "sign",
    "point_num_in_lidar": 135,
    "speed": 0.0361875305306689,
    "if_vehicle": false,
    "motion_state": false,
    "pose": [
      [
        0.9999976611462132,
        -2.7961100841569652e-15,
        0.0021627995985110957,
        13.569212359543599
      ],
      [
        3.189400093405022e-05,
        0.9998912625706724,
        -0.014746593423539024,
        46.76727338090677
      ],
      [
        -0.0021625644212425617,
        0.014746627913745569,
        0.9998889239712067,
        5.47934593092041
      ],
      [
        0.0,
        0.0,
        0.0,
        1.0
      ]
    ],
    "location": [
      13.569212359543599,
      46.76727338090677,
      5.47934593092041
    ],
    "rotation": [
      0.014747196927001867,
      0.0021625661068514963,
      3.189407551881499e-05
    ]
  },
  {
    "label_id": "npFpFlBhi1zaoOJx_kni3w",
    "size": [
      2.142391775633585,
      4.7986056735139995,
      2.1099999999999994
    ],
    "obj_class": "vehicle",
    "point_num_in_lidar": 23,
    "speed": 4.973799150320701e-13,
    "if_vehicle": true,
    "motion_state": false,
    "pose": [
      [
        0.0939452584410739,
        0.9955750151115368,
        0.0021627995985110957,
        -1.4559282328195877
      ],
      [
        -0.9954660908031666,
        0.09396701572074315,
        -0.014746593423539024,
        -23.039956056451047
      ],
      [
        -0.014884571794357662,
        -0.0007676211312206844,
        0.9998889239712067,
        -0.20723184631778935
      ],
      [
        0.0,
        0.0,
        0.0,
        1.0
      ]
    ],
    "location": [
      -1.4559282328195877,
      -23.039956056451047,
      -0.20723184631778935
    ],
    "rotation": [
      -0.0007677062541776435,
      0.014885121463158223,
      -1.4767018728859567
    ]
  },
  {
    "label_id": "suAt_TC02XmVPcGtAafJrQ",
    "size": [
      2.1214858944889374,
      4.6774749590176405,
      2.0800000000000054
    ],
    "obj_class": "vehicle",
    "point_num_in_lidar": 514,
    "speed": 5.859285502108464e-13,
    "if_vehicle": true,
    "motion_state": false,
    "pose": [
      [
        0.9963353248488385,
        -0.0855058053950511,
        0.0021627995985110957,
        -21.53971245636967
      ],
      [
        0.08552848487197913,
        0.996226588812959,
        -0.014746593423539024,
        34.39290947527297
      ],
      [
        -0.0008937191187976781,
        0.014877532921797878,
        0.9998889239712067,
        4.265676857815748
      ],
      [
        0.0,
        0.0,
        0.0,
        1.0
      ]
    ],
    "location": [
      -21.53971245636967,
      34.39290947527297,
      4.265676857815748
    ],
    "rotation": [
      0.014878087753360764,
      0.000893719237771675,
      0.08563313912356198
    ]
  },
  {
    "label_id": "t8L8-W5u8RYlt5pJLSgtgA",
    "size": [
      2.27304439114718,
      4.8845576947807015,
      2.030000000000001
    ],
    "obj_class": "vehicle",
    "point_num_in_lidar": 181,
    "speed": 9.841565871803377,
    "if_vehicle": true,
    "motion_state": true,
    "pose": [
      [
        0.07566466586397118,
        0.9971309746656105,
        0.0021627995985110957,
        0.0525917743852915
      ],
      [
        -0.9970224678475733,
        0.07568841780309135,
        -0.014746593423539024,
        1.2124309309565433
      ],
      [
        -0.014867983953047415,
        -0.0010405637291433583,
        0.9998889239712067,
        1.6152959331152275
      ],
      [
        0.0,
        0.0,
        0.0,
        1.0
      ]
    ],
    "location": [
      0.0525917743852915,
      1.2124309309565433,
      1.6152959331152275
    ],
    "rotation": [
      -0.0010406789479802199,
      0.014868531786068222,
      -1.4950508872634367
    ]
  },
  {
    "label_id": "tpgYXj44sbDeSD0E4yDAkg",
    "size": [
      2.198423672977833,
      4.4940108717782765,
      1.5800000000000054
    ],
    "obj_class": "vehicle",
    "point_num_in_lidar": 718,
    "speed": 0.0,
    "if_vehicle": true,
    "motion_state": false,
    "pose": [
      [
        -0.9999333412360217,
        0.011341753941189593,
        0.0021627995985110957,
        -22.749949236301745
      ],
      [
        -0.01137243914141088,
        -0.9998265877692869,
        -0.014746593423539024,
        43.05371483553972
      ],
      [
        0.0019951723085275884,
        -0.014770206740657654,
        0.9998889239712067,
        4.135839695830526
      ],
      [
        0.0,
        0.0,
        0.0,
        1.0
      ]
    ],
    "location": [
      -22.749949236301745,
      43.05371483553972,
      4.135839695830526
    ],
    "rotation": [
      -0.014770773236928422,
      -0.0019951736322311978,
      -3.1302199466599556
    ]
  },
  {
    "label_id": "uiBw53qK6eBXPymixDhtVg",
    "size": [
      2.143507600111436,
      4.596266506885986,
      1.8100000000000023
    ],
    "obj_class": "vehicle",
    "point_num_in_lidar": 510,
    "speed": 0.02438879767234696,
    "if_vehicle": true,
    "motion_state": false,
    "pose": [
      [
        -0.9945173538800154,
        0.10454929521230229,
        0.0021627995985110957,
        -27.696700539908306
      ],
      [
        -0.10456989050179806,
        -0.9944082038996073,
        -0.014746593423539024,
        43.01229338074154
      ],
      [
        0.0006089597149368334,
        -0.014891906787516103,
        0.9998889239712067,
        4.587336445501613
      ],
      [
        0.0,
        0.0,
        0.0,
        1.0
      ]
    ],
    "location": [
      -27.696700539908306,
      43.01229338074154,
      4.587336445501613
    ],
    "rotation": [
      -0.014892460030892223,
      -0.0006089597525737912,
      -3.0368312234561845
    ]
  }
]