[
  {
    "label_id": "1sisoRTGxeq59FiA-N1G8g",
    "size": [
      2.2772264317119526,
      4.570747778087018,
      1.8000000000000043
    ],
    "obj_class": "vehicle",
    "point_num_in_lidar": 397,
    "speed": 0.027390655177153035,
    "if_vehicle": true,
    "motion_state": false,
    "pose": [
      [
        -0.05892861323588395,
        -0.9981125741040572,
        -0.017283169774911605,
        6.647678209209062
      ],
      [
        0.9937885577606044,
        -0.057018486089383785,
        -0.09556774930996641,
        23.20100279070357
      ],
      [
        0.09440191208971056,
        -0.022807491301051995,
        0.9952728758156524,
        2.8060043635243233
      ],
      [
        0.0,
        0.0,
        0.0,
        1.0
      ]
    ],
    "location": [
      6.647678209209062,
      23.20100279070357,
      2.8060043635243233
    ],
    "rotation": [
      -0.02291180718145147,
      -0.09454269130413054,
      1.6300239072552143
    ]
  },
  {
    "label_id": "9bfwWa7Y_3fw5HUlAGEwxQ",
    "size": [
      2.2042481380009553,
      4.517689152834653,
      1.8400000000000034
    ],
    "obj_class": "vehicle",
    "point_num_in_lidar": 151,
    "speed": 5.630159514654744e-29,
    "if_vehicle": true,
    "motion_state": false,
    "pose": [
      [
        -0.9939548317697167,
        0.10842086719891879,
        -0.017283169774911605,
        18.8872288433181
      ],
      [
        -0.1062983717154617,
        -0.9897310045979507,
        -0.09556774930996641,
        45.48192847883911
      ],
      [
        -0.027467227240395627,
        -0.09315285338284314,
        0.9952728758156524,
        2.738954000980982
      ],
      [
        0.0,
        0.0,
        0.0,
        1.0
      ]
    ],
    "location": [
      18.8872288433181,
      45.48192847883911,
      2.738954000980982
    ],
    "rotation": [
      -0.09332341680574432,
      0.027470682181879234,
      -3.035052723731118
    ]
  },
  {
    "label_id": "B8XHj_RRHTmiUAXgyJn3iA",
    "size": [
      0.8776921892876515,
      2.3749434224667647,
      1.500000000000007
    ],
    "obj_class": "vehicle",
    "point_num_in_lidar": 478,
    "speed": 2.321374236799777e-28,
    "if_vehicle": true,
    "motion_state": false,
    "pose": [
      [
        -0.12483269416243876,
        0.9920272629876048,
        -0.017283169774911605,
        -15.130879577564428
      ],
      [
        -0.9874265912382147,
        -0.12591875240609252,
        -0.09556774930996641,
        43.84202964218457
      ],
      [
        -0.0969820879535311,
        0.0051358817952286496,
        0.9952728758156524,
        3.7928120646971664
      ],
      [
        0.0,
        0.0,
        0.0,
        1.0
      ]
    ],
    "location": [
      -15.130879577564428,
      43.84202964218457,
      3.7928120646971664
    ],
    "rotation": [
      0.005160229253620772,
      0.09713476295024723,
      -1.6965514473505285
    ]
  },
  {
    "label_id": "BUR9L8QzRXC6jgRryQ-hLA",
    "size": [
      2.163738886614704,
      4.737206709428949,
      1.6600000000000037
    ],
    "obj_class": "vehicle",
    "point_num_in_lidar": 365,
    "speed": 2.2520638058618974e-28,
    "if_vehicle": true,
    "motion_state": false,
    "pose": [
      [
        0.0939292504867459,
        0.9954288462494593,
        -0.017283169774911605,
        -5.263045250780124
      ],
      [
        -0.9911745464246927,
        0.09186851371189209,
        -0.09556774930996641,
        24.699677643404357
      ],
      [
        -0.093543115314826,
        0.026107245025819337,
        0.9952728758156524,
        2.9644589846798652
      ],
      [
        0.0,
        0.0,
        0.0,
        1.0
      ]
    ],
    "location": [
      -5.263045250780124,
      24.699677643404357,
      2.9644589846798652
    ],
    "rotation": [
      0.026225229471748934,
      0.09368007725540636,
      -1.476312889500192
    ]
  },
  {
    "label_id": "C2z1zRNLbiQ8x-j3fh8THw",
    "size": [
      0.9937983935062474,
      0.10301557896561823,
      0.970000000000006
    ],
    "obj_class": "sign",
    "point_num_in_lidar": 161,
    "speed": 0.025499113686125778,
    "if_vehicle": false,
    "motion_state": false,
    "pose": [
      [
        0.9868746785965151,
        0.160560458356211,
        -0.017283169774911605,
        -10.252317298761682
      ],
      [
        -0.16147973877739513,
        0.9822378017853984,
        -0.09556774930996641,
        46.23534956808726
      ],
      [
        0.0016317810543133343,
        0.09710427362496354,
        0.9952728758156524,
        5.333549414998544
      ],
      [
        0.0,
        0.0,
        0.0,
        1.0
      ]
    ],
    "location": [
      -10.252317298761682,
      46.23534956808726,
      5.333549414998544
    ],
    "rotation": [
      0.09725765794624865,
      -0.0016317817784739965,
      -0.16219010455303892
    ]
  },
  {
    "label_id": "Jx-B97H92w8LuiN1E8gkew",
    "size": [
      0.6333740193244655,
      0.10445723952352637,
      1.240000000000002
    ],
    "obj_class": "sign",
    "point_num_in_lidar": 107,
    "speed": 0.026081025274968445,
    "if_vehicle": false,
    "motion_state": false,
    "pose": [
      [
        0.98214775410271,
        -0.18731545892833823,
        -0.017283169774911605,
        19.13137922641681
      ],
      [
        0.18486298869975926,
        0.9781065794180203,
        -0.09556774930996641,
        47.366356084339714
      ],
      [
        0.03480609889078444,
        0.09066663193063883,
        0.9952728758156524,
        5.228567811658991
      ],
      [
        0.0,
        0.0,
        0.0,
        1.0
      ]
    ],
    "location": [
      19.13137922641681,
      47.366356084339714,
      5.228567811658991
    ],
    "rotation": [
      0.09084651074516502,
      -0.03481313045042519,
      0.18604649249055324
    ]
  },
  {
    "label_id": "K_0-guhmXGcxzSoGOcxeng",
    "size": [
      1.9445363495927674,
      3.626613363892171,
      1.5800000000000054
    ],
    "obj_class": "vehicle",
    "point_num_in_lidar": 783,
    "speed": 2.321374236799777e-28,
    "if_vehicle": true,
    "motion_state": false,
    "pose": [
      [
        -0.9986636874361802,
        0.0487045320160556,
        -0.017283169774911605,
        -18.10148818518246
      ],
      [
        -0.04683878433182695,
        -0.9943203375040379,
        -0.09556774930996641,
        43.641492725995704
      ],
      [
        -0.021839589709699327,
        -0.09463051826421008,
        0.9952728758156524,
        3.9810863104374477
      ],
      [
        0.0,
        0.0,
        0.0,
        1.0
      ]
    ],
    "location": [
      -18.10148818518246,
      43.641492725995704,
      3.9810863104374477
    ],
    "rotation": [
      -0.09479500319439225,
      0.021841326212174706,
      -3.0947255393760327
    ]
  },
  {
    "label_id": "L8eRhIvJEwNzhN_KaSBq0g",
    "size": [
      1.9681640968148029,
      4.149874142097858,
      1.6800000000000068
    ],
    "obj_class": "vehicle",
    "point_num_in_lidar": 393,
    "speed": 2.269593188354825e-28,
    "if_vehicle": true,
    "motion_state": false,
    "pose": [
      [
        0.9965332891310162,
        -0.08137994652400354,
        -0.017283169774911605,
        -26.45143729862957
      ],
      [
        0.07937297512723263,
        0.9922533628621668,
        -0.09556774930996641,
        33.9378693259041
      ],
      [
        0.024926581658338238,
        0.09386462695004545,
        0.9952728758156524,
        4.614762593558574
      ],
      [
        0.0,
        0.0,
        0.0,
        1.0
      ]
    ],
    "location": [
      -26.45143729862957,
      33.9378693259041,
      4.614762593558574
    ],
    "rotation": [
      0.09403231343579017,
      -0.024929163671082596,
      0.07948130301969482
    ]
  },
  {
    "label_id": "MUVd1nPttqaEXeusxgwChg",
    "size": [
      2.0746914920227373,
      4.71049835727351,
      1.6200000000000045
    ],
    "obj_class": "vehicle",
    "point_num_in_lidar": 1308,
    "speed": 2.2520638058618974e-28,
    "if_vehicle": true,
    "motion_state": false,
    "pose": [
      [
        0.9948183430036669,
        -0.10018860447161633,
        -0.017283169774911605,
        -15.974804628517177
      ],
      [
        0.09810114906747505,
        0.9905770892986918,
        -0.09556774930996641,
        34.81035828699896
      ],
      [
        0.02669511144534587,
        0.09337705119868354,
        0.9952728758156524,
        3.8339763570725722
      ],
      [
        0.0,
        0.0,
        0.0,
        1.0
      ]
    ],
    "location": [
      -15.974804628517177,
      34.81035828699896,
      3.8339763570725722
    ],
    "rotation": [
      0.09354671861310458,
      -0.026698283080859045,
      0.09829432912538746
    ]
  },
  {
    "label_id": "RxqRbLXPX0waOU5whLY3dA",
    "size": [
      2.106846903906901,
      4.399435590071343,
      1.6000000000000014
    ],
    "obj_class": "vehicle",
    "point_num_in_lidar": 83,
    "speed": 2.3213776957853215e-28,
    "if_vehicle": true,
    "motion_state": false,
    "pose": [
      [
        0.9992405431213649,
        -0.03492318749844155,
        -0.017283169774911605,
        -31.497647305066494
      ],
      [
        0.033117534494260636,
        0.994871868232713,
        -0.09556774930996641,
        33.573840856335664
      ],
      [
        0.02053206983090548,
        0.09492279375418648,
        0.9952728758156524,
        4.908059592703616
      ],
      [
        0.0,
        0.0,
        0.0,
        1.0
      ]
    ],
    "location": [
      -31.497647305066494,
      33.573840856335664,
      4.908059592703616
    ],
    "rotation": [
      0.09508602781374455,
      -0.020533512708029986,
      0.03313057786233293
    ]
  },
  {
    "label_id": "S3Ka9_tVwfdX_ml1kbjrAQ",
    "size": [
      2.0906206765148796,
      4.384132446919564,
      1.740000000000002
    ],
    "obj_class": "vehicle",
    "point_num_in_lidar": 107,
    "speed": 4.64274293902e-28,
    "if_vehicle": true,
    "motion_state": false,
    "pose": [
      [
        -0.9964636686604147,
        0.08222803100134835,
        -0.017283169774911605,
        24.237874346957142
      ],
      [
        -0.08021741783877243,
        -0.9921854520033576,
        -0.09556774930996641,
        45.95566483963012
      ],
      [
        -0.02500645746816044,
        -0.09384337883161542,
        0.9952728758156524,
        1.9159417420861473
      ],
      [
        0.0,
        0.0,
        0.0,
        1.0
      ]
    ],
    "location": [
      24.237874346957142,
      45.95566483963012,
      1.9159417420861473
    ],
    "rotation": [
      -0.09401115256967799,
      0.025009064386948558,
      -3.061263780897489
    ]
  },
  {
    "label_id": "S7UtkLMszwOiKACW05WB4g",
    "size": [
      2.1134845677485936,
      4.400367874078552,
      1.730000000000004
    ],
    "obj_class": "vehicle",
    "point_num_in_lidar": 589,
    "speed": 2.815079757327372e-29,
    "if_vehicle": true,
    "motion_state": false,
    "pose": [
      [
        -0.9947681031944008,
        0.10068621012604086,
        -0.017283169774911605,
        13.93069504815412
      ],
      [
        -0.09859663346508671,
        -0.9905278941863165,
        -0.09556774930996641,
        44.96120501041696
      ],
      [
        -0.026741816250303856,
        -0.09336368635222148,
        0.9952728758156524,
        3.3455417588085083
      ],
      [
        0.0,
        0.0,
        0.0,
        1.0
      ]
    ],
    "location": [
      13.93069504815412,
      44.96120501041696,
      3.3455417588085083
    ],
    "rotation": [
      -0.09353340744139364,
      0.026745004565479152,
      -3.0428001232390525
    ]
  },
  {
    "label_id": "UWItb63zZqZBydQmn9DkCw",
    "size": [
      2.1579959853943804,
      4.340768928989062,
      2.0600000000000023
    ],
    "obj_class": "vehicle",
    "point_num_in_lidar": 20,
    "speed": 2.321374236799777e-28,
    "if_vehicle": true,
    "motion_state": false,
    "pose": [
      [
        0.09245045040592799,
        0.9955672786217276,
        -0.017283169774911605,
        -2.6610261264022483
      ],
      [
        -0.9913099222935365,
        0.09039603561113714,
        -0.09556774930996641,
        -7.645871746955891
      ],
      [
        -0.09358179407408052,
        0.02596825915454083,
        0.9952728758156524,
        0.7628891109608205
      ],
      [
        0.0,
        0.0,
        0.0,
        1.0
      ]
    ],
    "location": [
      -2.6610261264022483,
      -7.645871746955891,
      0.7628891109608205
    ],
    "rotation": [
      0.02608567898786569,
      0.09371892642996843,
      -1.4778044114856081
    ]
  },
  {
    "label_id": "UawIsBPXu8bux4w7lNmIbg",
    "size": [
      2.1297589756848816,
      4.06187111486407,
      1.7100000000000009
    ],
    "obj_class": "vehicle",
    "point_num_in_lidar": 521,
    "speed": 2.2695898585591e-28,
    "if_vehicle": true,
    "motion_state": false,
    "pose": [
      [
        0.9971310151742282,
        -0.0736955264595103,
        -0.017283169774911605,
        13.813332166697819
      ],
      [
        0.07172160747400903,
        0.9928357448808798,
        -0.09556774930996641,
        38.03256784241785
      ],
      [
        0.024202264335325543,
        0.0940539901688601,
        0.9952728758156524,
        3.3974536558843837
      ],
      [
        0.0,
        0.0,
        0.0,
        1.0
      ]
    ],
    "location": [
      13.813332166697819,
      38.03256784241785,
      3.3974536558843837
    ],
    "rotation": [
      0.09422089532940052,
      -0.02420462770277029,
      0.07180430839819595
    ]
  },
  {
    "label_id": "WeuzOkVaHYrdvu5Q1n6-1A",
    "size": [
      1.7977746614868932,
      4.0725884262786325,
      1.8800000000000026
    ],
    "obj_class": "vehicle",
    "point_num_in_lidar": 353,
    "speed": 2.2520638058618974e-28,
    "if_vehicle": true,
    "motion_state": false,
    "pose": [
      [
        0.9974931928320241,
        -0.068619401748381,
        -0.017283169774911605,
        19.176311612682184
      ],
      [
        0.06666737028011958,
        0.993187931376414,
        -0.09556774930996641,
        38.386147644187076
      ],
      [
        0.023723237420460966,
        0.09417595591197067,
        0.9952728758156524,
        2.8010712588448214
      ],
      [
        0.0,
        0.0,
        0.0,
        1.0
      ]
    ],
    "location": [
      19.176311612682184,
      38.386147644187076,
      2.8010712588448214
    ],
    "rotation": [
      0.09434235427592959,
      -0.023725463192212165,
      0.06673566330438496
    ]
  },
  {
    "label_id": "X4nst7kf8oF7R1YrciRt4Q",
    "size": [
      0.5320032693686199,
      0.091668283013869,
      0.5700000000000003
    ],
    "obj_class": "sign",
    "point_num_in_lidar": 51,
    "speed": 0.018011579740323747,
    "if_vehicle": false,
    "motion_state": false,
    "pose": [
      [
        0.02223351558285959,
        0.9996034027689973,
        -0.017283169774911605,
        6.372125758732182
      ],
      [
        -0.9952121545398138,
        0.02048347499934794,
        -0.09556774930996641,
        52.076058025024395
      ],
      [
        -0.09517582802922303,
        0.019325227672469122,
        0.9952728758156524,
        5.885940029566022
      ],
      [
        0.0,
        0.0,
        0.0,
        1.0
      ]
    ],
    "location": [
      6.372125758732182,
      52.076058025024395,
      5.885940029566022
    ],
    "rotation": [
      0.01941457465846886,
      0.09532010765983145,
      -1.5484595640300072
    ]
  },
  {
    "label_id": "YTQwvcHmGuJFEZ0-7ALl6w",
    "size": [
      1.8772821912369977,
      3.8742163630373065,
      1.500000000000007
    ],
    "obj_class": "vehicle",
    "point_num_in_lidar": 55,
    "speed": 1.8570971959497594e-27,
    "if_vehicle": true,
    "motion_state": false,
    "pose": [
      [
        -0.9969998932261507,
        0.07544869084069972,
        -0.017283169774911605,
        -41.61021550144824
      ],
      [
        -0.07346722243444202,
        -0.992708100359615,
        -0.09556774930996641,
        42.030845942999804
      ],
      [
        -0.02436760420747436,
        -0.0940112893796744,
        0.9952728758156524,
        5.427455939269855
      ],
      [
        0.0,
        0.0,
        0.0,
        1.0
      ]
    ],
    "location": [
      -41.61021550144824,
      42.030845942999804,
      5.427455939269855
    ],
    "rotation": [
      -0.09417837131296404,
      0.024370016351942747,
      -3.0680373004981494
    ]
  },
  {
    "label_id": "_pU2AFdUG0GG9fmygAEHyg",
    "size": [
      2.010013984997056,
      4.823227699494648,
      2.000000000000007
    ],
    "obj_class": "vehicle",
    "point_num_in_lidar": 4138,
    "speed": 0.09113715137785024,
    "if_vehicle": true,
    "motion_state": false,
    "pose": [
      [
        -0.0801883321494502,
        -0.9966298828700757,
        -0.017283169774911605,
        3.586609045391924
      ],
      [
        0.9923475599223262,
        -0.07818647970098636,
        -0.09556774930996641,
        61.32596144236413
      ],
      [
        0.09389436459817377,
        -0.024814329778299803,
        0.9952728758156524,
        4.968378571749803
      ],
      [
        0.0,
        0.0,
        0.0,
        1.0
      ]
    ],
    "location": [
      3.586609045391924,
      61.32596144236413,
      4.968378571749803
    ],
    "rotation": [
      -0.024927023184620666,
      -0.0940328793237006,
      1.6514278314696984
    ]
  },
  {
    "label_id": "b_JwY_uhnQWRh-cDMzaP8g",
    "size": [
      2.2099876239820437,
      4.387990051751105,
      1.740000000000002
    ],
    "obj_class": "vehicle",
    "point_num_in_lidar": 53,
    "speed": 1.9705531454637375e-28,
    "if_vehicle": true,
    "motion_state": false,
    "pose": [
      [
        -0.9964636686603979,
        0.08222803100155146,
        -0.017283169774911605,
        29.8946907333966
      ],
      [
        -0.08021741783897467,
        -0.9921854520033413,
        -0.09556774930996641,
        46.353272013542664
      ],
      [
        -0.02500645746817957,
        -0.09384337883161033,
        0.9952728758156524,
        1.4499173364634643
      ],
      [
        0.0,
        0.0,
        0.0,
        1.0
      ]
    ],
    "location": [
      29.8946907333966,
      46.353272013542664,
      1.4499173364634643
    ],
    "rotation": [
      -0.09401115256967292,
      0.025009064386967695,
      -3.0612637808972862
    ]
  },
  {
    "label_id": "b_m6l_c_2abbwm84YGyp_Q",
    "size": [
      2.2473424549903913,
      4.564972827080787,
      1.8100000000000023
    ],
    "obj_class": "vehicle",
    "point_num_in_lidar": 22,
    "speed": 5.630159514654744e-29,
    "if_vehicle": true,
    "motion_state": false,
    "pose": [
      [
        0.9943768162059465,
        -0.10447985181199544,
        -0.017283169774911605,
        -37.08295997904679
      ],
      [
        0.10237411679406498,
        0.9901446083792319,
        -0.09556774930996641,
        33.16509041903009
      ],
      [
        0.027097741654242846,
        0.093261005049704,
        0.9952728758156524,
        5.273250130910874
      ],
      [
        0.0,
        0.0,
        0.0,
        1.0
      ]
    ],
    "location": [
      -37.08295997904679,
      33.16509041903009,
      5.273250130910874
    ],
    "rotation": [
      0.09343113741023919,
      -0.02710105900647048,
      0.10259159219219902
    ]
  },
  {
    "label_id": "bgk01XkgPJaTYi1BoHA_-g",
    "size": [
      2.0580284825585697,
      3.997960379993879,
      1.5800000000000054
    ],
    "obj_class": "vehicle",
    "point_num_in_lidar": 135,
    "speed": 0.0,
    "if_vehicle": true,
    "motion_state": false,
    "pose": [
      [
        -0.9956693991268907,
        0.09134407306896163,
        -0.017283169774911605,
        -36.58538382677898
      ],
      [
        -0.0892943905132494,
        -0.9914097624669099,
        -0.09556774930996641,
        42.09376173484088
      ],
      [
        -0.025864250717226166,
        -0.09361059342017584,
        0.9952728758156524,
        5.140728283590683
      ],
      [
        0.0,
        0.0,
        0.0,
        1.0
      ]
    ],
    "location": [
      -36.58538382677898,
      42.09376173484088,
      5.140728283590683
    ],
    "rotation": [
      -0.09377931753165354,
      0.025867135274875133,
      -3.0521491685927096
    ]
  },
  {
    "label_id": "bpGsmLRixkI12Im9mZMXHA",
    "size": [
      0.48048080534054965,
      0.14672100268388544,
      0.6253783753069726
    ],
    "obj_class": "sign",
    "point_num_in_lidar": 39,
    "speed": 0.00506888429617888,
    "if_vehicle": false,
    "motion_state": false,
    "pose": [
      [
        -0.9906831866030226,
        -0.1350855870350807,
        -0.017283169774911605,
        15.055061679115624
      ],
      [
        0.13612400694232193,
        -0.9860715288587304,
        -0.09556774930996641,
        36.37848200222106
      ],
      [
        -0.004132616126313843,
        -0.09703001674530173,
        0.9952728758156524,
        5.299763506198836
      ],
      [
        0.0,
        0.0,
        0.0,
        1.0
      ]
    ],
    "location": [
      15.055061679115624,
      36.37848200222106,
      5.299763506198836
    ],
    "rotation": [
      -0.09718375135850603,
      0.004132627889562719,
      3.0050435382484704
    ]
  },
  {
    "label_id": "dAM8OaUe4C7RqpO_K9jiLg",
    "size": [
      2.1139571684087395,
      4.567705028833302,
      1.8900000000000077
    ],
    "obj_class": "vehicle",
    "point_num_in_lidar": 52,
    "speed": 0.021560544307138253,
    "if_vehicle": true,
    "motion_state": false,
    "pose": [
      [
        -0.13055527920956195,
        -0.9912903767882772,
        -0.017283169774911605,
        8.987892123561323
      ],
      [
        0.987114923091879,
        -0.12833913628017343,
        -0.09556774930996641,
        -7.262966150989087
      ],
      [
        0.09251728314118848,
        -0.02953734899773784,
        0.9952728758156524,
        0.653915087327853
      ],
      [
        0.0,
        0.0,
        0.0,
        1.0
      ]
    ],
    "location": [
      8.987892123561323,
      -7.262966150989087,
      0.653915087327853
    ],
    "rotation": [
      -0.029668930502448173,
      -0.09264977691883705,
      1.7022925878620863
    ]
  },
  {
    "label_id": "gFz6ljq8EC32foV9Q3kMWQ",
    "size": [
      2.1728398403994635,
      4.6979777340013396,
      1.9400000000000048
    ],
    "obj_class": "vehicle",
    "point_num_in_lidar": 123,
    "speed": 0.007841693544763927,
    "if_vehicle": true,
    "motion_state": false,
    "pose": [
      [
        0.03984057745197146,
        0.9990565651807835,
        -0.017283169774911605,
        -3.381191926300744
      ],
      [
        -0.9946968298133767,
        0.038013445661315245,
        -0.09556774930996641,
        1.0810872375914187
      ],
      [
        -0.09482059453257935,
        0.02099898850252525,
        0.9952728758156524,
        1.398331435770075
      ],
      [
        0.0,
        0.0,
        0.0,
        1.0
      ]
    ],
    "location": [
      -3.381191926300744,
      1.0810872375914187,
      1.398331435770075
    ],
    "rotation": [
      0.021095594888063823,
      0.09496326029878026,
      -1.5307647391753374
    ]
  },
  {
    "label_id": "nOGUlyISaOL6Dd5hx-vTqQ",
    "size": [
      0.7731592736163273,
      0.08427458612459304,
      0.8400000000000034
    ],
    "obj_class": "sign",
    "point_num_in_lidar": 165,
    "speed": 0.025226717839231555,
    "if_vehicle": false,
    "motion_state": false,
    "pose": [
      [
        0.9998506348662941,
        -8.955115600962642e-15,
        -0.017283169774911605,
        13.640014611815332
      ],
      [
        -0.0016519603816047051,
        0.9954215570896207,
        -0.09556774930996641,
        46.73462773269057
      ],
      [
        0.01720403976878763,
        0.09558202593204947,
        0.9952728758156524,
        5.5499417952411605
      ],
      [
        0.0,
        0.0,
        0.0,
        1.0
      ]
    ],
    "location": [
      13.640014611815332,
      46.73462773269057,
      5.5499417952411605
    ],
    "rotation": [
      0.09574237924844413,
      -0.01720488855421231,
      -0.0016522056603590456
    ]
  },
  {
    "label_id": "suAt_TC02XmVPcGtAafJrQ",
    "size": [
      2.1214858944889334,
      4.6774749590176405,
      2.0800000000000054
    ],
    "obj_class": "vehicle",
    "point_num_in_lidar": 799,
    "speed": 2.321374236799777e-28,
    "if_vehicle": true,
    "motion_state": false,
    "pose": [
      [
        0.9961888370298603,
        -0.08549323376516908,
        -0.017283169774911605,
        -21.53971245637058
      ],
      [
        0.08346861068396752,
        0.9919172325967098,
        -0.09556774930996641,
        34.39290947527479
      ],
      [
        0.02531386986579745,
        0.09376092287332967,
        0.9952728758156524,
        4.346053989519341
      ],
      [
        0.0,
        0.0,
        0.0,
        1.0
      ]
    ],
    "location": [
      -21.53971245637058,
      34.39290947527479,
      4.346053989519341
    ],
    "rotation": [
      0.09392903440533545,
      -0.025316574133244712,
      0.08359268649882094
    ]
  },
  {
    "label_id": "t8L8-W5u8RYlt5pJLSgtgA",
    "size": [
      2.2730443911480327,
      4.8845576947807015,
      2.030000000000001
    ],
    "obj_class": "vehicle",
    "point_num_in_lidar": 419,
    "speed": 10.368858601128961,
    "if_vehicle": true,
    "motion_state": true,
    "pose": [
      [
        0.07857243047014224,
        0.9967585792018777,
        -0.017283169774911605,
        -1.479735648276801
      ],
      [
        -0.9924730163585828,
        0.07657752341205327,
        -0.09556774930996641,
        22.197256493569512
      ],
      [
        -0.09393447168165057,
        0.024662069976589325,
        0.9952728758156524,
        3.371234293906369
      ],
      [
        0.0,
        0.0,
        0.0,
        1.0
      ]
    ],
    "location": [
      -1.479735648276801,
      22.197256493569512,
      3.371234293906369
    ],
    "rotation": [
      0.024774134669088076,
      0.09407316445642694,
      -1.4917927774972413
    ]
  },
  {
    "label_id": "tpgYXj44sbDeSD0E4yDAkg",
    "size": [
      2.198423672977832,
      4.4940108717782765,
      1.5800000000000054
    ],
    "obj_class": "vehicle",
    "point_num_in_lidar": 636,
    "speed": 2.3213744402696576e-28,
    "if_vehicle": true,
    "motion_state": false,
    "pose": [
      [
        -0.9997863244128419,
        0.011340086401399208,
        -0.017283169774911605,
        -22.749949236301745
      ],
      [
        -0.00963799864615896,
        -0.9953762676867095,
        -0.09556774930996641,
        43.0537148355379
      ],
      [
        -0.018287003558709537,
        -0.09538075364812729,
        0.9952728758156524,
        4.188513571388242
      ],
      [
        0.0,
        0.0,
        0.0,
        1.0
      ]
    ],
    "location": [
      -22.749949236301745,
      43.0537148355379,
      4.188513571388242
    ],
    "rotation": [
      -0.09554199524183932,
      0.018288022951977963,
      -3.1319528937010435
    ]
  },
  {
    "label_id": "uiBw53qK6eBXPymixDhtVg",
    "size": [
      2.143507600111435,
      4.596266506885986,
      1.8100000000000023
    ],
    "obj_class": "vehicle",
    "point_num_in_lidar": 475,
    "speed": 0.024388797874995476,
    "if_vehicle": true,
    "motion_state": false,
    "pose": [
      [
        -0.994371133351171,
        0.1045339236824059,
        -0.017283169774911605,
        -27.693837339355923
      ],
      [
        -0.10242795852943264,
        -0.9901390400359539,
        -0.09556774930996641,
        42.96359014045083
      ],
      [
        -0.02710281294257671,
        -0.09325953139621011,
        0.9952728758156524,
        4.607585730907516
      ],
      [
        0.0,
        0.0,
        0.0,
        1.0
      ]
    ],
    "location": [
      -27.693837339355923,
      42.96359014045083,
      4.607585730907516
    ],
    "rotation": [
      -0.09342966964492477,
      0.027106132158071283,
      -3.038946900870088
    ]
  },
  {
    "label_id": "zs7eM_CFvnFxM8zMgs8P-A",
    "size": [
      0.4693834304611155,
      0.08265892527587307,
      0.45000000000000284
    ],
    "obj_class": "sign",
    "point_num_in_lidar": 220,
    "speed": 0.01843498025289751,
    "if_vehicle": false,
    "motion_state": false,
    "pose": [
      [
        -0.030149651408521515,
        -0.9993959628507992,
        -0.017283169774911605,
        -8.962960919977832
      ],
      [
        0.9950187126227203,
        -0.02836488713976583,
        -0.09556774930996641,
        51.27919304548777
      ],
      [
        0.0950197876790349,
        -0.02007841166706491,
        0.9952728758156524,
        5.54154444639147
      ],
      [
        0.0,
        0.0,
        0.0,
        1.0
      ]
    ],
    "location": [
      -8.962960919977832,
      51.27919304548777,
      5.54154444639147
    ],
    "rotation": [
      -0.020171039495117112,
      -0.0951633569046576,
      1.601087645993481
    ]
  }
]