[
  {
    "label_id": "1sisoRTGxeq59FiA-N1G8g",
    "size": [
      2.277226431711952,
      4.570747778087018,
      1.8000000000000043
    ],
    "obj_class": "vehicle",
    "point_num_in_lidar": 282,
    "speed": 0.027390655177258614,
    "if_vehicle": true,
    "motion_state": false,
    "pose": [
      [
        -0.0589326999488438,
        -0.9981817934419693,
        -0.012650854426200155,
        6.66242369988322
      ],
      [
        0.9934083603263408,
        -0.05739329342986717,
        -0.09922620371153958,
        23.208262536909388
      ],
      [
        0.09831971577700134,
        -0.018415132642653743,
        0.9949844804715715,
        2.8060043635245577
      ],
      [
        0.0,
        0.0,
        0.0,
        1.0
      ]
    ],
    "location": [
      6.66242369988322,
      23.208262536909388,
      2.8060043635245577
    ],
    "rotation": [
      -0.018505846843027945,
      -0.09847881446241735,
      1.6300506212460468
    ]
  },
  {
    "label_id": "9bfwWa7Y_3fw5HUlAGEwxQ",
    "size": [
      2.204248138000953,
      4.517689152834653,
      1.8400000000000034
    ],
    "obj_class": "vehicle",
    "point_num_in_lidar": 186,
    "speed": 3.941106290927475e-28,
    "if_vehicle": true,
    "motion_state": false,
    "pose": [
      [
        -0.9940237627672361,
        0.10842838621114069,
        -0.012650854426200155,
        18.887228843317644
      ],
      [
        -0.10665383653164971,
        -0.9893326637941738,
        -0.09922620371153958,
        45.48192847884093
      ],
      [
        -0.02327484064704505,
        -0.09728394221849523,
        0.9949844804715715,
        2.7389540009809394
      ],
      [
        0.0,
        0.0,
        0.0,
        1.0
      ]
    ],
    "location": [
      18.887228843317644,
      45.48192847884093,
      2.7389540009809394
    ],
    "rotation": [
      -0.09746453796418915,
      0.023276942560299968,
      -3.0347065106285083
    ]
  },
  {
    "label_id": "B8XHj_RRHTmiUAXgyJn3iA",
    "size": [
      0.8776921892876504,
      2.3749434224667647,
      1.500000000000007
    ],
    "obj_class": "vehicle",
    "point_num_in_lidar": 298,
    "speed": 1.6249597519280225e-27,
    "if_vehicle": true,
    "motion_state": false,
    "pose": [
      [
        -0.12484135133865645,
        0.9920960603077834,
        -0.012650854426200155,
        -15.130879577564428
      ],
      [
        -0.9871214532440614,
        -0.12548066401772154,
        -0.09922620371153958,
        43.84202964218639
      ],
      [
        -0.10002936339530712,
        0.0001003964464163506,
        0.9949844804715715,
        3.8034636391912073
      ],
      [
        0.0,
        0.0,
        0.0,
        1.0
      ]
    ],
    "location": [
      -15.130879577564428,
      43.84202964218639,
      3.8034636391912073
    ],
    "rotation": [
      0.00010090252465852038,
      0.10019693252799756,
      -1.6965985439823463
    ]
  },
  {
    "label_id": "BUR9L8QzRXC6jgRryQ-hLA",
    "size": [
      2.1637388866147047,
      4.737206709428949,
      1.6600000000000037
    ],
    "obj_class": "vehicle",
    "point_num_in_lidar": 255,
    "speed": 1.57644251637099e-27,
    "if_vehicle": true,
    "motion_state": false,
    "pose": [
      [
        0.09393576450199331,
        0.9954978794702241,
        -0.012650854426200155,
        -5.263045250780124
      ],
      [
        -0.9907814263681727,
        0.09222974390534276,
        -0.09922620371153958,
        24.699677643406176
      ],
      [
        -0.09761269031880594,
        0.021855120897440697,
        0.9949844804715715,
        2.976834512909498
      ],
      [
        0.0,
        0.0,
        0.0,
        1.0
      ]
    ],
    "location": [
      -5.263045250780124,
      24.699677643406176,
      2.976834512909498
    ],
    "rotation": [
      0.021961756692441197,
      0.09776837157551113,
      -1.476269107361423
    ]
  },
  {
    "label_id": "C2z1zRNLbiQ8x-j3fh8THw",
    "size": [
      0.9937983935062494,
      0.10301557896561823,
      0.970000000000006
    ],
    "obj_class": "sign",
    "point_num_in_lidar": 73,
    "speed": 0.02784656920996539,
    "if_vehicle": false,
    "motion_state": false,
    "pose": [
      [
        0.9869431185837757,
        0.160571593261131,
        -0.012650854426200155,
        -10.24031386923616
      ],
      [
        -0.16103092135518246,
        0.9819486762883776,
        -0.09922620371153958,
        46.22545410605926
      ],
      [
        -0.003510419865491255,
        0.09996779768047721,
        0.9949844804715715,
        5.3723650806481515
      ],
      [
        0.0,
        0.0,
        0.0,
        1.0
      ]
    ],
    "location": [
      -10.24031386923616,
      46.22545410605926,
      5.3723650806481515
    ],
    "rotation": [
      0.10013567572608759,
      0.003510427075376438,
      -0.16173612291525086
    ]
  },
  {
    "label_id": "Jx-B97H92w8LuiN1E8gkew",
    "size": [
      0.633374019324469,
      0.10445723952352637,
      1.240000000000002
    ],
    "obj_class": "sign",
    "point_num_in_lidar": 88,
    "speed": 0.05497487362601141,
    "if_vehicle": false,
    "motion_state": false,
    "pose": [
      [
        0.9822158662766658,
        -0.18732844929872716,
        -0.012650854426200155,
        19.12497138093113
      ],
      [
        0.18518556576162762,
        0.9776811682396985,
        -0.09922620371153958,
        47.350057650808594
      ],
      [
        0.030956393005720048,
        0.09511879600159091,
        0.9949844804715715,
        5.228567811658827
      ],
      [
        0.0,
        0.0,
        0.0,
        1.0
      ]
    ],
    "location": [
      19.12497138093113,
      47.350057650808594,
      5.228567811658827
    ],
    "rotation": [
      0.09530863241786718,
      -0.030961339382030235,
      0.1863510498230772
    ]
  },
  {
    "label_id": "K_0-guhmXGcxzSoGOcxeng",
    "size": [
      1.9445363495927668,
      3.626613363892171,
      1.5800000000000054
    ],
    "obj_class": "vehicle",
    "point_num_in_lidar": 828,
    "speed": 1.6249597519280225e-27,
    "if_vehicle": true,
    "motion_state": false,
    "pose": [
      [
        -0.9987329449939294,
        0.048707909686617694,
        -0.012650854426200155,
        -18.101488185182916
      ],
      [
        -0.04721746536296936,
        -0.9939439981516528,
        -0.09922620371153958,
        43.64149272599934
      ],
      [
        -0.017407341797339514,
        -0.09850313737271243,
        0.9949844804715715,
        3.987147323562489
      ],
      [
        0.0,
        0.0,
        0.0,
        1.0
      ]
    ],
    "location": [
      -18.101488185182916,
      43.64149272599934,
      3.987147323562489
    ],
    "rotation": [
      -0.09867813110926883,
      0.017408221033105034,
      -3.0943504620336926
    ]
  },
  {
    "label_id": "L8eRhIvJEwNzhN_KaSBq0g",
    "size": [
      1.9681640968148064,
      4.149874142097858,
      1.6800000000000068
    ],
    "obj_class": "vehicle",
    "point_num_in_lidar": 317,
    "speed": 1.5887110694513116e-27,
    "if_vehicle": true,
    "motion_state": false,
    "pose": [
      [
        0.99660239894515,
        -0.08138559024212337,
        -0.012650854426200155,
        -26.451437298630026
      ],
      [
        0.07973912974107053,
        0.9918648253089393,
        -0.09922620371153958,
        33.93786932590774
      ],
      [
        0.02062352067200066,
        0.09788030453471434,
        0.9949844804715715,
        4.635693281779901
      ],
      [
        0.0,
        0.0,
        0.0,
        1.0
      ]
    ],
    "location": [
      -26.451437298630026,
      33.93786932590774,
      4.635693281779901
    ],
    "rotation": [
      0.09805819629742075,
      -0.02062498291753917,
      0.07984089102319102
    ]
  },
  {
    "label_id": "MUVd1nPttqaEXeusxgwChg",
    "size": [
      2.074691492022735,
      4.71049835727351,
      1.6200000000000045
    ],
    "obj_class": "vehicle",
    "point_num_in_lidar": 709,
    "speed": 1.57644251637099e-27,
    "if_vehicle": true,
    "motion_state": false,
    "pose": [
      [
        0.9948873338858903,
        -0.10019555257451238,
        -0.012650854426200155,
        -15.974804628516722
      ],
      [
        0.09845989940386786,
        0.9901817048937918,
        -0.09922620371153958,
        34.81035828699896
      ],
      [
        0.022468668914846883,
        0.09747329140801522,
        0.9949844804715715,
        3.86137255018928
      ],
      [
        0.0,
        0.0,
        0.0,
        1.0
      ]
    ],
    "location": [
      -15.974804628516722,
      34.81035828699896,
      3.86137255018928
    ],
    "rotation": [
      0.0976530361075407,
      -0.022470559862318336,
      0.0986446657269838
    ]
  },
  {
    "label_id": "RxqRbLXPX0waOU5whLY3dA",
    "size": [
      2.1068469039085027,
      4.399435590071343,
      1.6000000000000014
    ],
    "obj_class": "vehicle",
    "point_num_in_lidar": 283,
    "speed": 1.624960097750571e-27,
    "if_vehicle": true,
    "motion_state": false,
    "pose": [
      [
        0.9992781445093986,
        -0.03582102438708882,
        -0.012650854426200155,
        -31.497647305066494
      ],
      [
        0.034392477537547844,
        0.9944703705922189,
        -0.09922620371153958,
        33.573840856335664
      ],
      [
        0.016135284152520784,
        0.09871948250489501,
        0.9949844804715715,
        4.925864681439492
      ],
      [
        0.0,
        0.0,
        0.0,
        1.0
      ]
    ],
    "location": [
      -31.497647305066494,
      33.573840856335664,
      4.925864681439492
    ],
    "rotation": [
      0.09889345181178077,
      -0.016135984364423404,
      0.03440374181777481
    ]
  },
  {
    "label_id": "S3Ka9_tVwfdX_ml1kbjrAQ",
    "size": [
      2.090620676514882,
      4.384132446919564,
      1.740000000000002
    ],
    "obj_class": "vehicle",
    "point_num_in_lidar": 49,
    "speed": 1.857097175608e-27,
    "if_vehicle": true,
    "motion_state": false,
    "pose": [
      [
        -0.9965327736463528,
        0.08223373353432088,
        -0.012650854426200155,
        24.237874346956687
      ],
      [
        -0.08058324164954582,
        -0.9917966029697051,
        -0.09922620371153958,
        45.955664839635574
      ],
      [
        -0.020706815640206558,
        -0.09786271714375887,
        0.9949844804715715,
        1.9159417420867086
      ],
      [
        0.0,
        0.0,
        0.0,
        1.0
      ]
    ],
    "location": [
      24.237874346956687,
      45.955664839635574,
      1.9159417420867086
    ],
    "rotation": [
      -0.09804068964013324,
      0.020708295676991416,
      -3.060904604872151
    ]
  },
  {
    "label_id": "S7UtkLMszwOiKACW05WB4g",
    "size": [
      2.1134845677485914,
      4.400367874078552,
      1.730000000000004
    ],
    "obj_class": "vehicle",
    "point_num_in_lidar": 452,
    "speed": 1.9705531454637375e-28,
    "if_vehicle": true,
    "motion_state": false,
    "pose": [
      [
        -0.9948370905924818,
        0.10069319273800394,
        -0.012650854426200155,
        13.93069504815412
      ],
      [
        -0.09895518598132283,
        -0.9901323303803374,
        -0.09922620371153958,
        44.9612050104206
      ],
      [
        -0.022517423229302464,
        -0.09746204015835769,
        0.9949844804715715,
        3.363542206056529
      ],
      [
        0.0,
        0.0,
        0.0,
        1.0
      ]
    ],
    "location": [
      13.93069504815412,
      44.9612050104206,
      3.363542206056529
    ],
    "rotation": [
      -0.09764183562199723,
      0.0225193265147694,
      -3.0424500346167447
    ]
  },
  {
    "label_id": "UawIsBPXu8bux4w7lNmIbg",
    "size": [
      2.129758975684879,
      4.06187111486407,
      1.7100000000000009
    ],
    "obj_class": "vehicle",
    "point_num_in_lidar": 447,
    "speed": 1.5887107365449097e-27,
    "if_vehicle": true,
    "motion_state": false,
    "pose": [
      [
        0.9972001664408017,
        -0.07370063726131744,
        -0.012650854426200155,
        13.813332166698274
      ],
      [
        0.0720907463379405,
        0.9924500414577223,
        -0.09922620371153958,
        38.03256784241967
      ],
      [
        0.01986837544631972,
        0.09803637731903878,
        0.9949844804715715,
        3.396571263768763
      ],
      [
        0.0,
        0.0,
        0.0,
        1.0
      ]
    ],
    "location": [
      13.813332166698274,
      38.03256784241967,
      3.396571263768763
    ],
    "rotation": [
      0.09821354999767291,
      -0.019869682859872857,
      0.0721676066853139
    ]
  },
  {
    "label_id": "WeuzOkVaHYrdvu5Q1n6-1A",
    "size": [
      1.7977746614868932,
      4.0725884262786325,
      1.8800000000000026
    ],
    "obj_class": "vehicle",
    "point_num_in_lidar": 212,
    "speed": 1.57644251637099e-27,
    "if_vehicle": true,
    "motion_state": false,
    "pose": [
      [
        0.9975623692157017,
        -0.06862416051976603,
        -0.012650854426200155,
        19.176311612682184
      ],
      [
        0.06703846750532563,
        0.9928041117821447,
        -0.09922620371153958,
        38.386147644188895
      ],
      [
        0.019369135223156555,
        0.09813623296939789,
        0.9949844804715715,
        2.8010712588448072
      ],
      [
        0.0,
        0.0,
        0.0,
        1.0
      ]
    ],
    "location": [
      19.176311612682184,
      38.386147644188895,
      2.8010712588448072
    ],
    "rotation": [
      0.09831294308238628,
      -0.01937034652609942,
      0.06710138998023492
    ]
  },
  {
    "label_id": "X4nst7kf8oF7R1YrciRt4Q",
    "size": [
      0.5320032693686214,
      0.091668283013869,
      0.5700000000000003
    ],
    "obj_class": "sign",
    "point_num_in_lidar": 128,
    "speed": 0.01801157974061007,
    "if_vehicle": false,
    "motion_state": false,
    "pose": [
      [
        0.02223505748230483,
        0.9996727254962223,
        -0.012650854426200155,
        6.377606427841329
      ],
      [
        -0.9948459782507715,
        0.020871992124892057,
        -0.09922620371153958,
        52.08537314561909
      ],
      [
        -0.09892968097100135,
        0.014791951990618167,
        0.9949844804715715,
        5.917556462220219
      ],
      [
        0.0,
        0.0,
        0.0,
        1.0
      ]
    ],
    "location": [
      6.377606427841329,
      52.08537314561909,
      5.917556462220219
    ],
    "rotation": [
      0.01486542020116068,
      0.0990917679985234,
      -1.548449796085054
    ]
  },
  {
    "label_id": "_pU2AFdUG0GG9fmygAEHyg",
    "size": [
      2.010013984997056,
      4.823227699494648,
      2.000000000000007
    ],
    "obj_class": "vehicle",
    "point_num_in_lidar": 5478,
    "speed": 0.18980680025063926,
    "if_vehicle": true,
    "motion_state": false,
    "pose": [
      [
        -0.08019389322883572,
        -0.9966989993830078,
        -0.012650854426200155,
        3.563342636998186
      ],
      [
        0.9919594604584115,
        -0.07855309862795372,
        -0.09922620371153958,
        61.42683257728822
      ],
      [
        0.09790489413639682,
        -0.020506470316897323,
        0.9949844804715715,
        4.9938015553082735
      ],
      [
        0.0,
        0.0,
        0.0,
        1.0
      ]
    ],
    "location": [
      3.563342636998186,
      61.42683257728822,
      4.9938015553082735
    ],
    "rotation": [
      -0.020606921996116526,
      -0.09806198174641718,
      1.6514648112871708
    ]
  },
  {
    "label_id": "bAc0ujXQtfdAMnVO48rMVQ",
    "size": [
      2.1481114113282898,
      4.423085745213104,
      1.9000000000000057
    ],
    "obj_class": "vehicle",
    "point_num_in_lidar": 7296,
    "speed": 0.17805764892007186,
    "if_vehicle": true,
    "motion_state": false,
    "pose": [
      [
        0.04250546952537957,
        0.9990161364776415,
        -0.012650854426200155,
        -7.782131440134435
      ],
      [
        -0.9942180272397643,
        0.04104479027193505,
        -0.09922620371153958,
        58.79893983087459
      ],
      [
        -0.09860932700256154,
        0.01679536390849411,
        0.9949844804715715,
        4.732038940308392
      ],
      [
        0.0,
        0.0,
        0.0,
        1.0
      ]
    ],
    "location": [
      -7.782131440134435,
      58.79893983087459,
      4.732038940308392
    ],
    "rotation": [
      0.01687842304431483,
      0.09876983990916058,
      -1.528069681635819
    ]
  },
  {
    "label_id": "b_m6l_c_2abbwm84YGyp_Q",
    "size": [
      2.24734245499039,
      4.564972827080787,
      1.8100000000000023
    ],
    "obj_class": "vehicle",
    "point_num_in_lidar": 46,
    "speed": 3.941106290927475e-28,
    "if_vehicle": true,
    "motion_state": false,
    "pose": [
      [
        0.9944457764681847,
        -0.1044870975138846,
        -0.012650854426200155,
        -37.08295997904679
      ],
      [
        0.10273115789095996,
        0.9897476798130818,
        -0.09922620371153958,
        33.16509041903191
      ],
      [
        0.022889011839124875,
        0.09737544227239874,
        0.9949844804715715,
        5.299159353532886
      ],
      [
        0.0,
        0.0,
        0.0,
        1.0
      ]
    ],
    "location": [
      -37.08295997904679,
      33.16509041903191,
      5.299159353532886
    ],
    "rotation": [
      0.09755562763163159,
      -0.022891010928860516,
      0.1029397848914661
    ]
  },
  {
    "label_id": "bpGsmLRixkI12Im9mZMXHA",
    "size": [
      0.4804808053405476,
      0.14672100268388544,
      0.6253783753069726
    ],
    "obj_class": "sign",
    "point_num_in_lidar": 25,
    "speed": 0.0027812636177653094,
    "if_vehicle": false,
    "motion_state": false,
    "pose": [
      [
        -0.9907518907111958,
        -0.1350949552517685,
        -0.012650854426200155,
        15.05622155006813
      ],
      [
        0.135682786238755,
        -0.9857709379036715,
        -0.09922620371153958,
        36.380174069337954
      ],
      [
        0.0009341149172151663,
        -0.10002505211214986,
        0.9949844804715715,
        5.336814344552813
      ],
      [
        0.0,
        0.0,
        0.0,
        1.0
      ]
    ],
    "location": [
      15.05622155006813,
      36.380174069337954,
      5.336814344552813
    ],
    "rotation": [
      -0.1001926433729335,
      -0.000934115053062101,
      3.0054900044816977
    ]
  },
  {
    "label_id": "dAM8OaUe4C7RqpO_K9jiLg",
    "size": [
      2.11395716840874,
      4.567705028833302,
      1.8900000000000077
    ],
    "obj_class": "vehicle",
    "point_num_in_lidar": 40,
    "speed": 0.021560544307071865,
    "if_vehicle": true,
    "motion_state": false,
    "pose": [
      [
        -0.13056433324836933,
        -0.9913591230052283,
        -0.012650854426200155,
        9.000554801851194
      ],
      [
        0.9867087558153838,
        -0.128685631265706,
        -0.09922620371153958,
        -7.265618031311533
      ],
      [
        0.09674081910272392,
        -0.025438111959241533,
        0.9949844804715715,
        0.6956888523888409
      ],
      [
        0.0,
        0.0,
        0.0,
        1.0
      ]
    ],
    "location": [
      9.000554801851194,
      -7.265618031311533,
      0.6956888523888409
    ],
    "rotation": [
      -0.025560772247374172,
      -0.09689235426274165,
      1.702355112693447
    ]
  },
  {
    "label_id": "gFz6ljq8EC32foV9Q3kMWQ",
    "size": [
      2.172839840399463,
      4.6979777340013396,
      1.9400000000000048
    ],
    "obj_class": "vehicle",
    "point_num_in_lidar": 99,
    "speed": 0.00784169354482597,
    "if_vehicle": true,
    "motion_state": false,
    "pose": [
      [
        0.03984334040523443,
        0.9991258499846951,
        -0.012650854426200155,
        -3.3844917592955426
      ],
      [
        -0.9943238656546725,
        0.03839545137831855,
        -0.09922620371153958,
        1.0777328529657098
      ],
      [
        -0.09865372985803116,
        0.01653254988849187,
        0.9949844804715715,
        1.425544009839932
      ],
      [
        0.0,
        0.0,
        0.0,
        1.0
      ]
    ],
    "location": [
      -3.3844917592955426,
      1.0777328529657098,
      1.425544009839932
    ],
    "rotation": [
      0.016614358301058837,
      0.09881446033278327,
      -1.5307469653718635
    ]
  },
  {
    "label_id": "suAt_TC02XmVPcGtAafJrQ",
    "size": [
      2.1214858944889383,
      4.6774749590176405,
      2.0800000000000054
    ],
    "obj_class": "vehicle",
    "point_num_in_lidar": 652,
    "speed": 1.6249597519280225e-27,
    "if_vehicle": true,
    "motion_state": false,
    "pose": [
      [
        0.9962579229561616,
        -0.0854991627407071,
        -0.012650854426200155,
        -21.539712456370125
      ],
      [
        0.08383315818104567,
        0.9915271867611033,
        -0.09922620371153958,
        34.39290947527661
      ],
      [
        0.021027423438609968,
        0.09779433053224638,
        0.9949844804715715,
        4.3778321038019925
      ],
      [
        0.0,
        0.0,
        0.0,
        1.0
      ]
    ],
    "location": [
      -21.539712456370125,
      34.39290947527661,
      4.3778321038019925
    ],
    "rotation": [
      0.0979726163796085,
      -0.02102897330177207,
      0.08395027177158236
    ]
  },
  {
    "label_id": "t8L8-W5u8RYlt5pJLSgtgA",
    "size": [
      2.2730443911481673,
      4.8845576947807015,
      2.030000000000001
    ],
    "obj_class": "vehicle",
    "point_num_in_lidar": 439,
    "speed": 10.020110455688046,
    "if_vehicle": true,
    "motion_state": true,
    "pose": [
      [
        0.07840887523016737,
        0.996841012482646,
        -0.012650854426200155,
        -1.9548411875152851
      ],
      [
        -0.9920985428214744,
        0.07677657083057973,
        -0.09922620371153958,
        28.285006865799005
      ],
      [
        -0.09794146015169991,
        0.020331109268061053,
        0.9949844804715715,
        3.8291592457885244
      ],
      [
        0.0,
        0.0,
        0.0,
        1.0
      ]
    ],
    "location": [
      -1.9548411875152851,
      28.285006865799005,
      3.8291592457885244
    ],
    "rotation": [
      0.020430751180179944,
      0.09809872434751721,
      -1.491926913512869
    ]
  },
  {
    "label_id": "tpgYXj44sbDeSD0E4yDAkg",
    "size": [
      2.198423672977835,
      4.4940108717782765,
      1.5800000000000054
    ],
    "obj_class": "vehicle",
    "point_num_in_lidar": 690,
    "speed": 1.6249597722705273e-27,
    "if_vehicle": true,
    "motion_state": false,
    "pose": [
      [
        -0.9998556598257251,
        0.011340872839015798,
        -0.012650854426200155,
        -22.749949236301745
      ],
      [
        -0.01003048272084113,
        -0.9950143465867127,
        -0.09922620371153958,
        43.05371483553972
      ],
      [
        -0.013713093409240016,
        -0.09908498720727736,
        0.9949844804715715,
        4.20431387201198
      ],
      [
        0.0,
        0.0,
        0.0,
        1.0
      ]
    ],
    "location": [
      -22.749949236301745,
      43.05371483553972,
      4.20431387201198
    ],
    "rotation": [
      -0.09925720487921767,
      0.013713523234372724,
      -3.131561059374615
    ]
  },
  {
    "label_id": "uiBw53qK6eBXPymixDhtVg",
    "size": [
      2.143507600111437,
      4.596266506885986,
      1.8100000000000023
    ],
    "obj_class": "vehicle",
    "point_num_in_lidar": 264,
    "speed": 0.02438879787524598,
    "if_vehicle": true,
    "motion_state": false,
    "pose": [
      [
        -0.9944400932193013,
        0.10454117313419775,
        -0.012650854426200155,
        -27.69297848040651
      ],
      [
        -0.102784978041703,
        -0.9897420920552802,
        -0.09922620371153958,
        42.94898089004528
      ],
      [
        -0.022894306867731376,
        -0.09737419747429504,
        0.9949844804715715,
        4.623069750721719
      ],
      [
        0.0,
        0.0,
        0.0,
        1.0
      ]
    ],
    "location": [
      -27.69297848040651,
      42.94898089004528,
      4.623069750721719
    ],
    "rotation": [
      -0.09755438842745932,
      0.02289630734538433,
      -3.0385987352625268
    ]
  },
  {
    "label_id": "zs7eM_CFvnFxM8zMgs8P-A",
    "size": [
      0.4693834304611158,
      0.08265892527587307,
      0.45000000000000284
    ],
    "obj_class": "sign",
    "point_num_in_lidar": 238,
    "speed": 0.04602990530618865,
    "if_vehicle": false,
    "motion_state": false,
    "pose": [
      [
        -0.03015174229380068,
        -0.9994652711920186,
        -0.012650854426200155,
        -8.958121968580599
      ],
      [
        0.9946494707726387,
        -0.028750491973284432,
        -0.09922620371153958,
        51.29873668352775
      ],
      [
        0.09880942631327275,
        -0.015575008582944187,
        0.9949844804715715,
        5.5625426575969215
      ],
      [
        0.0,
        0.0,
        0.0,
        1.0
      ]
    ],
    "location": [
      -8.958121968580599,
      51.29873668352775,
      5.5625426575969215
    ],
    "rotation": [
      -0.0156522407605399,
      -0.09897092124026342,
      1.6011009843046238
    ]
  }
]