[
  {
    "label_id": "1sisoRTGxeq59FiA-N1G8g",
    "size": [
      2.2772264317119517,
      4.570747778087018,
      1.8000000000000043
    ],
    "obj_class": "vehicle",
    "point_num_in_lidar": 1135,
    "speed": 0.02739065563509471,
    "if_vehicle": true,
    "motion_state": false,
    "pose": [
      [
        -0.058936430772472605,
        -0.9982449848488263,
        -0.005783368565840809,
        6.593607763910768
      ],
      [
        0.9977300498013708,
        -0.05871499179356336,
        -0.03297419387999987,
        23.174381926159185
      ],
      [
        0.03257675323226023,
        -0.007713621902102735,
        0.9994394704963356,
        2.8060043635246785
      ],
      [
        0.0,
        0.0,
        0.0,
        1.0
      ]
    ],
    "location": [
      6.593607763910768,
      23.174381926159185,
      2.8060043635246785
    ],
    "rotation": [
      -0.007717794800875167,
      -0.03258251797096698,
      1.6297982827520738
    ]
  },
  {
    "label_id": "3RTppoj4CbieTJjNQCiXCA",
    "size": [
      0.4742188651623281,
      0.06260794512043463,
      0.5400000000000063
    ],
    "obj_class": "sign",
    "point_num_in_lidar": 22,
    "speed": 0.013859878291701374,
    "if_vehicle": false,
    "motion_state": false,
    "pose": [
      [
        -0.1230507020672754,
        -0.9923835334026772,
        -0.005783368565840809,
        -5.163238851566348
      ],
      [
        0.9918839150483674,
        -0.12279658629736903,
        -0.03297419387999987,
        -1.2731231186789955
      ],
      [
        0.03201286911655444,
        -0.009793927962290283,
        0.9994394704963356,
        3.520953897059478
      ],
      [
        0.0,
        0.0,
        0.0,
        1.0
      ]
    ],
    "location": [
      -5.163238851566348,
      -1.2731231186789955,
      3.520953897059478
    ],
    "rotation": [
      -0.009799107169808195,
      -0.032018339564711756,
      1.69422327677465
    ]
  },
  {
    "label_id": "9bfwWa7Y_3fw5HUlAGEwxQ",
    "size": [
      2.2042481380009535,
      4.517689152834653,
      1.8400000000000034
    ],
    "obj_class": "vehicle",
    "point_num_in_lidar": 244,
    "speed": 2.929642751054232e-13,
    "if_vehicle": true,
    "motion_state": false,
    "pose": [
      [
        -0.994086690943678,
        0.10843525043398122,
        -0.005783368565840809,
        18.887228843317644
      ],
      [
        -0.10818851365917063,
        -0.9935833875675375,
        -0.03297419387999987,
        45.48192847884093
      ],
      [
        -0.009321823902436159,
        -0.03215351323162286,
        0.9994394704963356,
        2.7389540009811384
      ],
      [
        0.0,
        0.0,
        0.0,
        1.0
      ]
    ],
    "location": [
      18.887228843317644,
      45.48192847884093,
      2.7389540009811384
    ],
    "rotation": [
      -0.032160453946639314,
      0.009321958913206712,
      -3.0331872384851146
    ]
  },
  {
    "label_id": "AxQ1JMlpiNju7L2Sr9YzTg",
    "size": [
      2.0224175499219923,
      4.35033917273071,
      1.7100000000000009
    ],
    "obj_class": "vehicle",
    "point_num_in_lidar": 20,
    "speed": 0.007650265187603394,
    "if_vehicle": true,
    "motion_state": false,
    "pose": [
      [
        -0.12997107739152583,
        -0.9915009186529873,
        -0.005783368565840809,
        10.849664150607168
      ],
      [
        0.9910030852976989,
        -0.12971348221525025,
        -0.03297419387999987,
        -34.7272594909773
      ],
      [
        0.031943762648252154,
        -0.01001702759686261,
        0.9994394704963356,
        -1.6879220142960705
      ],
      [
        0.0,
        0.0,
        0.0,
        1.0
      ]
    ],
    "location": [
      10.849664150607168,
      -34.7272594909773,
      -1.6879220142960705
    ],
    "rotation": [
      -0.010022310002620069,
      -0.031949197734696747,
      1.7012030667090365
    ]
  },
  {
    "label_id": "BUR9L8QzRXC6jgRryQ-hLA",
    "size": [
      2.1637388866147047,
      4.737206709428949,
      1.6600000000000037
    ],
    "obj_class": "vehicle",
    "point_num_in_lidar": 1990,
    "speed": 8.556067554929069e-13,
    "if_vehicle": true,
    "motion_state": false,
    "pose": [
      [
        0.09394171124752014,
        0.9955609009678511,
        -0.005783368565840809,
        -5.263045250780124
      ],
      [
        -0.995054056497781,
        0.0937023328699718,
        -0.03297419387999987,
        24.699677643404357
      ],
      [
        -0.03228590304139512,
        0.008852416551756344,
        0.9994394704963356,
        2.9190789877074224
      ],
      [
        0.0,
        0.0,
        0.0,
        1.0
      ]
    ],
    "location": [
      -5.263045250780124,
      24.699677643404357,
      2.9190789877074224
    ],
    "rotation": [
      0.008857149756259994,
      0.03229151470149397,
      -1.4766666730795313
    ]
  },
  {
    "label_id": "DThbaclGoInTmfM9WGKTdg",
    "size": [
      2.287805799754753,
      4.255595350041359,
      1.480000000000004
    ],
    "obj_class": "vehicle",
    "point_num_in_lidar": 91,
    "speed": 3.1776437161565096e-13,
    "if_vehicle": true,
    "motion_state": false,
    "pose": [
      [
        -0.9955515113203338,
        0.09404116628280976,
        -0.005783368565840809,
        -46.773884379681476
      ],
      [
        -0.09380173727321768,
        -0.9950446907664451,
        -0.03297419387999987,
        41.60439258454244
      ],
      [
        -0.008855641835896122,
        -0.032285018533036385,
        0.9994394704963356,
        5.838630863305973
      ],
      [
        0.0,
        0.0,
        0.0,
        1.0
      ]
    ],
    "location": [
      -46.773884379681476,
      41.60439258454244,
      5.838630863305973
    ],
    "rotation": [
      -0.03229189640078509,
      0.008855757586750751,
      -3.047649117625932
    ]
  },
  {
    "label_id": "FTRyb1G2iTJAVacNQI8q6w",
    "size": [
      1.868146745318509,
      4.0432407627752305,
      1.5100000000000051
    ],
    "obj_class": "vehicle",
    "point_num_in_lidar": 68,
    "speed": 2.8150724210412736e-28,
    "if_vehicle": true,
    "motion_state": false,
    "pose": [
      [
        -0.9948425183893704,
        0.10126656038755852,
        -0.005783368565840809,
        -57.647001026457474
      ],
      [
        -0.10102345808514357,
        -0.9943374494880918,
        -0.03297419387999987,
        40.25163744599922
      ],
      [
        -0.009089803144987823,
        -0.03221987418953628,
        0.9994394704963356,
        6.511819914074032
      ],
      [
        0.0,
        0.0,
        0.0,
        1.0
      ]
    ],
    "location": [
      -57.647001026457474,
      40.25163744599922,
      6.511819914074032
    ],
    "rotation": [
      -0.03222678332943578,
      0.009089928323080927,
      -3.040392369764976
    ]
  },
  {
    "label_id": "Jx-B97H92w8LuiN1E8gkew",
    "size": [
      0.633374019324468,
      0.10445723952352637,
      1.240000000000002
    ],
    "obj_class": "sign",
    "point_num_in_lidar": 117,
    "speed": 0.020469175483252534,
    "if_vehicle": false,
    "motion_state": false,
    "pose": [
      [
        0.9822780469363737,
        -0.18734030840930951,
        -0.005783368565840809,
        19.072555246220873
      ],
      [
        0.1870542328020237,
        0.9817960157429905,
        -0.03297419387999987,
        47.38438694976321
      ],
      [
        0.0118554838665433,
        0.031308023193652904,
        0.9994394704963356,
        5.1485678116591345
      ],
      [
        0.0,
        0.0,
        0.0,
        1.0
      ]
    ],
    "location": [
      19.072555246220873,
      47.38438694976321,
      5.1485678116591345
    ],
    "rotation": [
      0.0313153416199554,
      -0.01185576160375499,
      0.18817597310247353
    ]
  },
  {
    "label_id": "L8eRhIvJEwNzhN_KaSBq0g",
    "size": [
      1.9681640968148042,
      4.149874142097858,
      1.6800000000000068
    ],
    "obj_class": "vehicle",
    "point_num_in_lidar": 46,
    "speed": 3.1776437161565096e-13,
    "if_vehicle": true,
    "motion_state": false,
    "pose": [
      [
        0.9966654903660518,
        -0.08139074247989966,
        -0.005783368565840809,
        -26.451437298630026
      ],
      [
        0.0811577690608891,
        0.996155670093296,
        -0.03297419387999987,
        33.93786932590592
      ],
      [
        0.008444929511671008,
        0.032394875822374825,
        0.9994394704963356,
        4.538011561157383
      ],
      [
        0.0,
        0.0,
        0.0,
        1.0
      ]
    ],
    "location": [
      -26.451437298630026,
      33.93786932590592,
      4.538011561157383
    ],
    "rotation": [
      0.03240170033307095,
      -0.008445029892499185,
      0.08125002992778578
    ]
  },
  {
    "label_id": "MUVd1nPttqaEXeusxgwChg",
    "size": [
      2.074691492022736,
      4.71049835727351,
      1.6200000000000045
    ],
    "obj_class": "vehicle",
    "point_num_in_lidar": 1229,
    "speed": 2.8421709430404007e-13,
    "if_vehicle": true,
    "motion_state": false,
    "pose": [
      [
        0.9949503167320064,
        -0.10020189560538184,
        -0.005783368565840809,
        -15.974804628517177
      ],
      [
        0.09995933392950314,
        0.9944449879698395,
        -0.03297419387999987,
        34.81035828699896
      ],
      [
        0.009055318616718079,
        0.03222958297517819,
        0.9994394704963356,
        3.768317684893958
      ],
      [
        0.0,
        0.0,
        0.0,
        1.0
      ]
    ],
    "location": [
      -15.974804628517177,
      34.81035828699896,
      3.768317684893958
    ],
    "rotation": [
      0.032236487471781095,
      -0.009055442375487627,
      0.10013066946292361
    ]
  },
  {
    "label_id": "RxqRbLXPX0waOU5whLY3dA",
    "size": [
      2.106846903907595,
      4.399435590071343,
      1.6000000000000014
    ],
    "obj_class": "vehicle",
    "point_num_in_lidar": 60,
    "speed": 2.1316282072803006e-13,
    "if_vehicle": true,
    "motion_state": false,
    "pose": [
      [
        0.9994824720348678,
        -0.03164396851062485,
        -0.005783368565840809,
        -31.497647305067403
      ],
      [
        0.031436679383546884,
        0.9989616798092409,
        -0.03297419387999987,
        33.573840856333845
      ],
      [
        0.0068207979302902485,
        0.03277531890917806,
        0.9994394704963356,
        4.828281354342565
      ],
      [
        0.0,
        0.0,
        0.0,
        1.0
      ]
    ],
    "location": [
      -31.497647305067403,
      33.573840856333845,
      4.828281354342565
    ],
    "rotation": [
      0.03278195258397703,
      -0.006820850819051172,
      0.031442591304244524
    ]
  },
  {
    "label_id": "S3Ka9_tVwfdX_ml1kbjrAQ",
    "size": [
      2.0906206765148805,
      4.384132446919564,
      1.740000000000002
    ],
    "obj_class": "vehicle",
    "point_num_in_lidar": 136,
    "speed": 2.8421709430404007e-13,
    "if_vehicle": true,
    "motion_state": false,
    "pose": [
      [
        -0.9965958606595197,
        0.08223893946509198,
        -0.005783368565840809,
        24.237874346956687
      ],
      [
        -0.08200553224059821,
        -0.996086238846768,
        -0.03297419387999987,
        45.955664839631936
      ],
      [
        -0.008472496577020512,
        -0.032387676912007016,
        0.9994394704963356,
        1.9159417420864955
      ],
      [
        0.0,
        0.0,
        0.0,
        1.0
      ]
    ],
    "location": [
      24.237874346956687,
      45.955664839631936,
      1.9159417420864955
    ],
    "rotation": [
      -0.03239450494307446,
      0.008472597944111858,
      -3.0594919753986676
    ]
  },
  {
    "label_id": "S7UtkLMszwOiKACW05WB4g",
    "size": [
      2.113484567748593,
      4.400367874078552,
      1.730000000000004
    ],
    "obj_class": "vehicle",
    "point_num_in_lidar": 606,
    "speed": 1.0247593068766006e-12,
    "if_vehicle": true,
    "motion_state": false,
    "pose": [
      [
        -0.9949000702578703,
        0.10069956727273731,
        -0.005783368565840809,
        13.930695048153666
      ],
      [
        -0.10045675285665075,
        -0.9943948628907241,
        -0.03297419387999987,
        44.96120501041696
      ],
      [
        -0.009071439046959125,
        -0.032225049381210916,
        0.9994394704963356,
        3.2795356678782284
      ],
      [
        0.0,
        0.0,
        0.0,
        1.0
      ]
    ],
    "location": [
      13.930695048153666,
      44.96120501041696,
      3.2795356678782284
    ],
    "rotation": [
      -0.032231956046793526,
      0.00907156346787469,
      -3.0409620133127877
    ]
  },
  {
    "label_id": "UWItb63zZqZBydQmn9DkCw",
    "size": [
      2.1579959853943813,
      4.340768928989062,
      2.0600000000000023
    ],
    "obj_class": "vehicle",
    "point_num_in_lidar": 49,
    "speed": 0.0,
    "if_vehicle": true,
    "motion_state": false,
    "pose": [
      [
        0.09246271498741225,
        0.9956993517047144,
        -0.005783368565840809,
        -2.661026126402703
      ],
      [
        -0.9951921522004359,
        0.09222408978476591,
        -0.03297419387999987,
        -7.645871746955891
      ],
      [
        -0.03229901756742694,
        0.008804446500673564,
        0.9994394704963356,
        0.664894130348948
      ],
      [
        0.0,
        0.0,
        0.0,
        1.0
      ]
    ],
    "location": [
      -2.661026126402703,
      -7.645871746955891,
      0.664894130348948
    ],
    "rotation": [
      0.008809156546322723,
      0.032304636070811986,
      -1.4781528776194777
    ]
  },
  {
    "label_id": "UawIsBPXu8bux4w7lNmIbg",
    "size": [
      2.129758975684878,
      4.06187111486407,
      1.7100000000000009
    ],
    "obj_class": "vehicle",
    "point_num_in_lidar": 565,
    "speed": 3.552713678800501e-13,
    "if_vehicle": true,
    "motion_state": false,
    "pose": [
      [
        0.9972632957042776,
        -0.07370530299153644,
        -0.005783368565840809,
        13.813332166698274
      ],
      [
        0.07347626655956631,
        0.9967516946513969,
        -0.03297419387999987,
        38.03256784241967
      ],
      [
        0.008194955369622501,
        0.03245901293160456,
        0.9994394704963356,
        3.400689311834448
      ],
      [
        0.0,
        0.0,
        0.0,
        1.0
      ]
    ],
    "location": [
      13.813332166698274,
      38.03256784241967,
      3.400689311834448
    ],
    "rotation": [
      0.03246580593008605,
      -0.008195047097565128,
      0.07354501521827415
    ]
  },
  {
    "label_id": "WeuzOkVaHYrdvu5Q1n6-1A",
    "size": [
      1.7977746614868917,
      4.0725884262786325,
      1.8800000000000026
    ],
    "obj_class": "vehicle",
    "point_num_in_lidar": 27,
    "speed": 5.684341886080801e-13,
    "if_vehicle": true,
    "motion_state": false,
    "pose": [
      [
        0.9976255214089721,
        -0.06862850487595172,
        -0.005783368565840809,
        19.17631161268173
      ],
      [
        0.06840207534371393,
        0.9971127612394884,
        -0.03297419387999987,
        38.386147644188895
      ],
      [
        0.008029640225425337,
        0.0325003029501943,
        0.9994394704963356,
        2.8010712588449778
      ],
      [
        0.0,
        0.0,
        0.0,
        1.0
      ]
    ],
    "location": [
      19.17631161268173,
      38.386147644188895,
      2.8010712588449778
    ],
    "rotation": [
      0.03250707552062186,
      -0.008029726513267959,
      0.06845773880367066
    ]
  },
  {
    "label_id": "Wtgj2z9WZzuTNiwuNkEtKg",
    "size": [
      1.9097322840942197,
      4.299156822209847,
      1.7600000000000051
    ],
    "obj_class": "vehicle",
    "point_num_in_lidar": 20,
    "speed": 0.0,
    "if_vehicle": true,
    "motion_state": false,
    "pose": [
      [
        -0.9948425183893411,
        0.10126656038784591,
        -0.005783368565840809,
        -63.77548973336934
      ],
      [
        -0.10102345808543081,
        -0.9943374494880626,
        -0.03297419387999987,
        40.20975513513986
      ],
      [
        -0.00908980314499713,
        -0.032219874189533655,
        0.9994394704963356,
        6.796819914074085
      ],
      [
        0.0,
        0.0,
        0.0,
        1.0
      ]
    ],
    "location": [
      -63.77548973336934,
      40.20975513513986,
      6.796819914074085
    ],
    "rotation": [
      -0.032226783329433156,
      0.009089928323090236,
      -3.0403923697646875
    ]
  },
  {
    "label_id": "YTQwvcHmGuJFEZ0-7ALl6w",
    "size": [
      1.8772821912369986,
      3.8742163630373065,
      1.500000000000007
    ],
    "obj_class": "vehicle",
    "point_num_in_lidar": 102,
    "speed": 0.0,
    "if_vehicle": true,
    "motion_state": false,
    "pose": [
      [
        -0.9971321563614141,
        0.07545869994949783,
        -0.005783368565840809,
        -41.61021550144824
      ],
      [
        -0.07522876431173425,
        -0.9966209588193968,
        -0.03297419387999987,
        42.030845942999804
      ],
      [
        -0.008252016127361704,
        -0.03244455337707608,
        0.9994394704963356,
        5.427455939269976
      ],
      [
        0.0,
        0.0,
        0.0,
        1.0
      ]
    ],
    "location": [
      -41.61021550144824,
      42.030845942999804,
      5.427455939269976
    ],
    "rotation": [
      -0.03245135350319648,
      0.008252109784797288,
      -3.0662901813028034
    ]
  },
  {
    "label_id": "_8Js2MsgmNxMOkkvXe23hA",
    "size": [
      0.5302392437412218,
      0.10270718870722725,
      0.4200000000000017
    ],
    "obj_class": "sign",
    "point_num_in_lidar": 54,
    "speed": 0.01985596272461225,
    "if_vehicle": false,
    "motion_state": false,
    "pose": [
      [
        0.115320932037287,
        0.9933114492857128,
        -0.005783368565840809,
        7.937317212029939
      ],
      [
        -0.99280986769588,
        0.11507071366622068,
        -0.03297419387999987,
        31.48559449817185
      ],
      [
        -0.03208814796370466,
        0.009544400152108714,
        0.9994394704963356,
        5.1826172359949965
      ],
      [
        0.0,
        0.0,
        0.0,
        1.0
      ]
    ],
    "location": [
      7.937317212029939,
      31.48559449817185,
      5.1826172359949965
    ],
    "rotation": [
      0.009549462780903184,
      0.032093657106230494,
      -1.4551584303768563
    ]
  },
  {
    "label_id": "b_JwY_uhnQWRh-cDMzaP8g",
    "size": [
      2.209987623982044,
      4.387990051751105,
      1.740000000000002
    ],
    "obj_class": "vehicle",
    "point_num_in_lidar": 72,
    "speed": 1.4075378651646187e-28,
    "if_vehicle": true,
    "motion_state": false,
    "pose": [
      [
        -0.9965958606595028,
        0.08223893946529777,
        -0.005783368565840809,
        29.8946907333966
      ],
      [
        -0.08200553224080391,
        -0.9960862388467511,
        -0.03297419387999987,
        46.353272013542664
      ],
      [
        -0.008472496577027202,
        -0.032387676912005274,
        0.9994394704963356,
        1.4499173364638054
      ],
      [
        0.0,
        0.0,
        0.0,
        1.0
      ]
    ],
    "location": [
      29.8946907333966,
      46.353272013542664,
      1.4499173364638054
    ],
    "rotation": [
      -0.03239450494307272,
      0.008472597944118547,
      -3.059491975398461
    ]
  },
  {
    "label_id": "b_m6l_c_2abbwm84YGyp_Q",
    "size": [
      2.247342454990392,
      4.564972827080787,
      1.8100000000000023
    ],
    "obj_class": "vehicle",
    "point_num_in_lidar": 35,
    "speed": 5.63014609132763e-29,
    "if_vehicle": true,
    "motion_state": false,
    "pose": [
      [
        0.9945087313608411,
        -0.10449371222749348,
        -0.005783368565840809,
        -37.082959979047246
      ],
      [
        0.10424897255000304,
        0.9940044538432575,
        -0.03297419387999987,
        33.16509041903191
      ],
      [
        0.00919429003889314,
        0.03219021349237819,
        0.9994394704963356,
        5.1782432413161175
      ],
      [
        0.0,
        0.0,
        0.0,
        1.0
      ]
    ],
    "location": [
      -37.082959979047246,
      33.16509041903191,
      5.1782432413161175
    ],
    "rotation": [
      0.03219713678011815,
      -0.009194419583658905,
      0.10444315980010939
    ]
  },
  {
    "label_id": "bgk01XkgPJaTYi1BoHA_-g",
    "size": [
      2.058028482558568,
      3.997960379993879,
      1.5800000000000054
    ],
    "obj_class": "vehicle",
    "point_num_in_lidar": 338,
    "speed": 1.1390866590859189e-12,
    "if_vehicle": true,
    "motion_state": false,
    "pose": [
      [
        -0.9958014857572997,
        0.09135619087717195,
        -0.005783368565840809,
        -36.585383826779434
      ],
      [
        -0.09111812944533162,
        -0.9952940213948579,
        -0.03297419387999987,
        42.09376173484088
      ],
      [
        -0.008768548907226455,
        -0.032308781531740785,
        0.9994394704963356,
        5.140728283590761
      ],
      [
        0.0,
        0.0,
        0.0,
        1.0
      ]
    ],
    "location": [
      -36.585383826779434,
      42.09376173484088,
      5.140728283590761
    ],
    "rotation": [
      -0.03231564792405253,
      0.00876866127634192,
      -3.0503444480601636
    ]
  },
  {
    "label_id": "bpGsmLRixkI12Im9mZMXHA",
    "size": [
      0.4804808053405492,
      0.14672100268388544,
      0.6253783753069726
    ],
    "obj_class": "sign",
    "point_num_in_lidar": 131,
    "speed": 0.021394701752507763,
    "if_vehicle": false,
    "motion_state": false,
    "pose": [
      [
        -0.9908146117568322,
        -0.13510350764206616,
        -0.005783368565840809,
        15.022102853144133
      ],
      [
        0.1352212511779949,
        -0.9902665882315842,
        -0.03297419387999987,
        36.34141763344451
      ],
      [
        -0.0012721474033234338,
        -0.03345334744070306,
        0.9994394704963356,
        5.239316236799901
      ],
      [
        0.0,
        0.0,
        0.0,
        1.0
      ]
    ],
    "location": [
      15.022102853144133,
      36.34141763344451,
      5.239316236799901
    ],
    "rotation": [
      -0.033459617424492195,
      0.0012721477464555538,
      3.0059557819789537
    ]
  },
  {
    "label_id": "dAM8OaUe4C7RqpO_K9jiLg",
    "size": [
      2.1139571684087395,
      4.567705028833302,
      1.8900000000000077
    ],
    "obj_class": "vehicle",
    "point_num_in_lidar": 86,
    "speed": 0.021560544668076297,
    "if_vehicle": true,
    "motion_state": false,
    "pose": [
      [
        -0.13057259882079486,
        -0.9914218824926226,
        -0.005783368565840809,
        8.941459172028317
      ],
      [
        0.9909242055124032,
        -0.1303147016555566,
        -0.03297419387999987,
        -7.253241934060497
      ],
      [
        0.03193767942096452,
        -0.010036406090223542,
        0.9994394704963356,
        0.5007342859207
      ],
      [
        0.0,
        0.0,
        0.0,
        1.0
      ]
    ],
    "location": [
      8.941459172028317,
      -7.253241934060497,
      0.5007342859207
    ],
    "rotation": [
      -0.010041697412988472,
      -0.03194311140194911,
      1.70181004767708
    ]
  },
  {
    "label_id": "gFz6ljq8EC32foV9Q3kMWQ",
    "size": [
      2.1728398403994627,
      4.6979777340013396,
      1.9400000000000048
    ],
    "obj_class": "vehicle",
    "point_num_in_lidar": 199,
    "speed": 0.007841693676365537,
    "if_vehicle": true,
    "motion_state": false,
    "pose": [
      [
        0.03984586274811092,
        0.9991891011564781,
        -0.005783368565840809,
        -3.3690917226940655
      ],
      [
        -0.9986700277358432,
        0.03963430635263017,
        -0.03297419387999987,
        1.093387477347278
      ],
      [
        -0.032718235342827806,
        0.007089562049626919,
        0.9994394704963356,
        1.2985452685843413
      ],
      [
        0.0,
        0.0,
        0.0,
        1.0
      ]
    ],
    "location": [
      -3.3690917226940655,
      1.093387477347278,
      1.2985452685843413
    ],
    "rotation": [
      0.007093419212435031,
      0.032724075541963195,
      -1.53091855140579
    ]
  },
  {
    "label_id": "hvmNmdTI3yuJ0wy_B769xw",
    "size": [
      0.869903855656489,
      0.08082874399769935,
      0.8592785244949681
    ],
    "obj_class": "sign",
    "point_num_in_lidar": 33,
    "speed": 0.013395594595016574,
    "if_vehicle": false,
    "motion_state": false,
    "pose": [
      [
        0.09882024693090759,
        0.9950884942780448,
        -0.005783368565840809,
        7.958959007557496
      ],
      [
        -0.9945828291906603,
        0.09857838717013948,
        -0.03297419387999987,
        31.47075425319781
      ],
      [
        -0.03224212579245032,
        0.009010557052035493,
        0.9994394704963356,
        5.825922860911469
      ],
      [
        0.0,
        0.0,
        0.0,
        1.0
      ]
    ],
    "location": [
      7.958959007557496,
      31.47075425319781,
      5.825922860911469
    ],
    "rotation": [
      0.009015366313013687,
      0.03224771464941356,
      -1.471762874131663
    ]
  },
  {
    "label_id": "kPJXFtVxkw3om_chTj9-wA",
    "size": [
      1.8509288610152046,
      4.222066547876635,
      1.4200000000000017
    ],
    "obj_class": "vehicle",
    "point_num_in_lidar": 86,
    "speed": 2.929642751054232e-13,
    "if_vehicle": true,
    "motion_state": false,
    "pose": [
      [
        -0.9905561115039933,
        0.13698592121134298,
        -0.005783368565840809,
        -52.17711589847886
      ],
      [
        -0.13672480869498124,
        -0.9900601139452517,
        -0.03297419387999987,
        41.05874333333668
      ],
      [
        -0.010242882866136949,
        -0.03187205930897429,
        0.9994394704963356,
        6.1245441193357735
      ],
      [
        0.0,
        0.0,
        0.0,
        1.0
      ]
    ],
    "location": [
      -52.17711589847886,
      41.05874333333668,
      6.1245441193357735
    ],
    "rotation": [
      -0.0318791308027713,
      0.010243061982752055,
      -3.004430998679641
    ]
  },
  {
    "label_id": "lswpbkNkk5qXFzyjLvSVew",
    "size": [
      0.4996073464885409,
      0.10038091899954009,
      0.5686725663716743
    ],
    "obj_class": "sign",
    "point_num_in_lidar": 117,
    "speed": 0.00600834261952912,
    "if_vehicle": false,
    "motion_state": false,
    "pose": [
      [
        0.009208526746611587,
        -0.9999408760937764,
        -0.005783368565840809,
        8.317898077134487
      ],
      [
        0.9994120513337506,
        0.009394369953810489,
        -0.03297419387999987,
        24.506772520302547
      ],
      [
        0.033026575420739855,
        -0.005476324495714158,
        0.9994394704963356,
        5.180035587443783
      ],
      [
        0.0,
        0.0,
        0.0,
        1.0
      ]
    ],
    "location": [
      8.317898077134487,
      24.506772520302547,
      5.180035587443783
    ],
    "rotation": [
      -0.005479341022353017,
      -0.03303258235161969,
      1.5615826434535582
    ]
  },
  {
    "label_id": "n5ksvNBNtqr2qrSOIt_gYg",
    "size": [
      1.0886595849199459,
      0.07872484273036262,
      1.0361799410029704
    ],
    "obj_class": "sign",
    "point_num_in_lidar": 63,
    "speed": 0.030835475148080653,
    "if_vehicle": false,
    "motion_state": false,
    "pose": [
      [
        0.9995375828356597,
        -0.029852523294999742,
        -0.005783368565840809,
        -12.969547090139258
      ],
      [
        0.02964616792821716,
        0.9990164199176789,
        -0.03297419387999987,
        33.35140208250414
      ],
      [
        0.0067620430506472595,
        0.03278749133107579,
        0.9994394704963356,
        5.778517906383698
      ],
      [
        0.0,
        0.0,
        0.0,
        1.0
      ]
    ],
    "location": [
      -12.969547090139258,
      33.35140208250414,
      5.778517906383698
    ],
    "rotation": [
      0.03279411874402852,
      -0.0067620945843656745,
      0.029651190402965523
    ]
  },
  {
    "label_id": "npFpFlBhi1zaoOJx_kni3w",
    "size": [
      2.1423917756335844,
      4.7986056735139995,
      2.1099999999999994
    ],
    "obj_class": "vehicle",
    "point_num_in_lidar": 37,
    "speed": 4.973799150320701e-13,
    "if_vehicle": true,
    "motion_state": false,
    "pose": [
      [
        0.09394390703893832,
        0.9955606937692404,
        -0.005783368565840809,
        -1.4559282328204972
      ],
      [
        -0.9950538498271403,
        0.0937045275435033,
        -0.03297419387999987,
        -23.03995605644741
      ],
      [
        -0.03228588351658205,
        0.0088524877609558,
        0.9994394704963356,
        -0.2202363067563624
      ],
      [
        0.0,
        0.0,
        0.0,
        1.0
      ]
    ],
    "location": [
      -1.4559282328204972,
      -23.03995605644741,
      -0.2202363067563624
    ],
    "rotation": [
      0.008857220999807364,
      0.032291495166496806,
      -1.4766644664332182
    ]
  },
  {
    "label_id": "pin-9sa0HGHG_wsAgc8CfQ",
    "size": [
      2.0754709950422927,
      4.4214219160080805,
      1.9400000000000048
    ],
    "obj_class": "vehicle",
    "point_num_in_lidar": 21,
    "speed": 5.728578676879116e-13,
    "if_vehicle": true,
    "motion_state": false,
    "pose": [
      [
        0.9959342015790104,
        -0.08989782407383992,
        -0.005783368565840809,
        24.862318290936855
      ],
      [
        0.08966050603681532,
        0.9954263891394413,
        -0.03297419387999987,
        38.74669061853092
      ],
      [
        0.008721225968958383,
        0.03232158770237846,
        0.9994394704963356,
        2.2729954219522455
      ],
      [
        0.0,
        0.0,
        0.0,
        1.0
      ]
    ],
    "location": [
      24.862318290936855,
      38.74669061853092,
      2.2729954219522455
    ],
    "rotation": [
      0.03232844789531417,
      -0.008721336528500781,
      0.08978449669861274
    ]
  },
  {
    "label_id": "suAt_TC02XmVPcGtAafJrQ",
    "size": [
      2.121485894488936,
      4.6774749590176405,
      2.0800000000000054
    ],
    "obj_class": "vehicle",
    "point_num_in_lidar": 427,
    "speed": 5.859285502108464e-13,
    "if_vehicle": true,
    "motion_state": false,
    "pose": [
      [
        0.9963209925694899,
        -0.08550457539440849,
        -0.005783368565840809,
        -21.53971245637058
      ],
      [
        0.08526949927355382,
        0.9958121384235088,
        -0.03297419387999987,
        34.39290947527661
      ],
      [
        0.008578593065523528,
        0.032359736633976614,
        0.9994394704963356,
        4.257044970536178
      ],
      [
        0.0,
        0.0,
        0.0,
        1.0
      ]
    ],
    "location": [
      -21.53971245637058,
      34.39290947527661,
      4.257044970536178
    ],
    "rotation": [
      0.03236657829646609,
      -0.008578698288681956,
      0.08537631888581175
    ]
  },
  {
    "label_id": "t8L8-W5u8RYlt5pJLSgtgA",
    "size": [
      2.2730443911470553,
      4.8845576947807015,
      2.030000000000001
    ],
    "obj_class": "vehicle",
    "point_num_in_lidar": 203,
    "speed": 9.635169233791064,
    "if_vehicle": true,
    "motion_state": true,
    "pose": [
      [
        0.07677463885555083,
        0.9970316983309165,
        -0.005783368565840809,
        0.20210536977901938
      ],
      [
        -0.9965208047007703,
        0.07654402874485675,
        -0.03297419387999987,
        -0.7315774158651038
      ],
      [
        -0.032433634195523364,
        0.008294828923802726,
        0.9994394704963356,
        1.4664160395152237
      ],
      [
        0.0,
        0.0,
        0.0,
        1.0
      ]
    ],
    "location": [
      0.20210536977901938,
      -0.7315774158651038,
      1.4664160395152237
    ],
    "rotation": [
      0.008299290475742226,
      0.03243932326523792,
      -1.4939055317111654
    ]
  },
  {
    "label_id": "tpgYXj44sbDeSD0E4yDAkg",
    "size": [
      2.1984236729778326,
      4.4940108717782765,
      1.5800000000000054
    ],
    "obj_class": "vehicle",
    "point_num_in_lidar": 744,
    "speed": 0.0,
    "if_vehicle": true,
    "motion_state": false,
    "pose": [
      [
        -0.999918957199223,
        0.01134159079010979,
        -0.005783368565840809,
        -22.7499492363022
      ],
      [
        -0.01114491980055657,
        -0.9993940630705205,
        -0.03297419387999987,
        43.05371483554154
      ],
      [
        -0.006153844022870675,
        -0.03290706638013111,
        0.9994394704963356,
        4.130575228782959
      ],
      [
        0.0,
        0.0,
        0.0,
        1.0
      ]
    ],
    "location": [
      -22.7499492363022,
      43.05371483554154,
      4.130575228782959
    ],
    "rotation": [
      -0.03291363176337314,
      0.006153882864335817,
      -3.1304472920123194
    ]
  },
  {
    "label_id": "uiBw53qK6eBXPymixDhtVg",
    "size": [
      2.143507600111435,
      4.596266506885986,
      1.8100000000000023
    ],
    "obj_class": "vehicle",
    "point_num_in_lidar": 571,
    "speed": 0.02438879828190027,
    "if_vehicle": true,
    "motion_state": false,
    "pose": [
      [
        -0.9945030477521715,
        0.10454779127114085,
        -0.005783368565840809,
        -27.69698670121352
      ],
      [
        -0.10430302417250963,
        -0.993998783543739,
        -0.03297419387999987,
        43.017161004416266
      ],
      [
        -0.00919604045833122,
        -0.03218971347950945,
        0.9994394704963356,
        4.585312639684695
      ],
      [
        0.0,
        0.0,
        0.0,
        1.0
      ]
    ],
    "location": [
      -27.69698670121352,
      43.017161004416266,
      4.585312639684695
    ],
    "rotation": [
      -0.03219663700526488,
      0.009196170077101589,
      -3.0370951418732535
    ]
  }
]