[
  {
    "label_id": "1sisoRTGxeq59FiA-N1G8g",
    "size": [
      2.2772264317119517,
      4.570747778087018,
      1.8000000000000043
    ],
    "obj_class": "vehicle",
    "point_num_in_lidar": 384,
    "speed": 0.027390655176490985,
    "if_vehicle": true,
    "motion_state": false,
    "pose": [
      [
        -0.058916222065574717,
        -0.9979026967250804,
        -0.026815790988370253,
        6.620635367122304
      ],
      [
        0.9982622739757245,
        -0.05886411045226355,
        -0.0027292595110963236,
        23.187688607102245
      ],
      [
        0.0011450477435813557,
        -0.026929990149938566,
        0.9996366662423848,
        2.8060043635246714
      ],
      [
        0.0,
        0.0,
        0.0,
        1.0
      ]
    ],
    "location": [
      6.620635367122304,
      23.187688607102245,
      2.8060043635246714
    ],
    "rotation": [
      -0.026933263921046273,
      -0.0011450479938000721,
      1.6297467251260278
    ]
  },
  {
    "label_id": "6kzFmpXueS0DjfSDH6Lg_Q",
    "size": [
      0.47041703659870077,
      0.10038091900013014,
      0.5357670948348527
    ],
    "obj_class": "sign",
    "point_num_in_lidar": 44,
    "speed": 0.015149197691997945,
    "if_vehicle": false,
    "motion_state": false,
    "pose": [
      [
        0.009205369237244757,
        -0.9995980064660362,
        -0.026815790988370253,
        8.30519873733192
      ],
      [
        0.9999531980422278,
        0.009281856907004822,
        -0.0027292595110963236,
        24.502167096001358
      ],
      [
        0.002977062701222556,
        -0.026789412115308883,
        0.9996366662423848,
        5.791428015252315
      ],
      [
        0.0,
        0.0,
        0.0,
        1.0
      ]
    ],
    "location": [
      8.30519873733192,
      24.502167096001358,
      5.791428015252315
    ],
    "rotation": [
      -0.026792736247831777,
      -0.002977067098809419,
      1.561590786748858
    ]
  },
  {
    "label_id": "9bfwWa7Y_3fw5HUlAGEwxQ",
    "size": [
      2.204248138000954,
      4.517689152834653,
      1.8400000000000034
    ],
    "obj_class": "vehicle",
    "point_num_in_lidar": 37,
    "speed": 2.929642751054232e-13,
    "if_vehicle": true,
    "motion_state": false,
    "pose": [
      [
        -0.9937458286569162,
        0.10839806908172689,
        -0.026815790988370253,
        18.8872288433181
      ],
      [
        -0.1083638778945232,
        -0.994107550072014,
        -0.0027292595110963236,
        45.48192847884093
      ],
      [
        -0.026953626743717724,
        0.00019367284583462355,
        0.9996366662423848,
        2.7389540009811455
      ],
      [
        0.0,
        0.0,
        0.0,
        1.0
      ]
    ],
    "location": [
      18.8872288433181,
      45.48192847884093,
      2.7389540009811455
    ],
    "rotation": [
      0.00019374323686962474,
      0.026956891437100252,
      -3.0329759479048484
    ]
  },
  {
    "label_id": "B8XHj_RRHTmiUAXgyJn3iA",
    "size": [
      0.8776921892876509,
      2.3749434224667647,
      1.500000000000007
    ],
    "obj_class": "vehicle",
    "point_num_in_lidar": 716,
    "speed": 2.8421709430404007e-13,
    "if_vehicle": true,
    "motion_state": false,
    "pose": [
      [
        -0.12480644506054216,
        0.991818665192896,
        -0.026815790988370253,
        -15.130879577564428
      ],
      [
        -0.9921626206410702,
        -0.12492351798266332,
        -0.0027292595110963236,
        43.84202964218639
      ],
      [
        -0.006056853473015583,
        0.02626499628435702,
        0.9996366662423848,
        3.7732773572135088
      ],
      [
        0.0,
        0.0,
        0.0,
        1.0
      ]
    ],
    "location": [
      -15.130879577564428,
      43.84202964218639,
      3.7732773572135088
    ],
    "rotation": [
      0.02626849899171401,
      0.006056890506717051,
      -1.6959313827136662
    ]
  },
  {
    "label_id": "BUR9L8QzRXC6jgRryQ-hLA",
    "size": [
      2.1637388866147047,
      4.737206709428949,
      1.6600000000000037
    ],
    "obj_class": "vehicle",
    "point_num_in_lidar": 433,
    "speed": 8.556067554929069e-13,
    "if_vehicle": true,
    "motion_state": false,
    "pose": [
      [
        0.09390949958347782,
        0.9952195331893606,
        -0.026815790988370253,
        -5.263045250779669
      ],
      [
        -0.9955807181147246,
        0.09387004240273025,
        -0.0027292595110963236,
        24.699677643404357
      ],
      [
        -0.0001990129394448386,
        0.02695358784393652,
        0.9996366662423848,
        2.9417625913864427
      ],
      [
        0.0,
        0.0,
        0.0,
        1.0
      ]
    ],
    "location": [
      -5.263045250779669,
      24.699677643404357,
      2.9417625913864427
    ],
    "rotation": [
      0.026956853057138987,
      0.00019901294075852803,
      -1.4767482434464774
    ]
  },
  {
    "label_id": "C2z1zRNLbiQ8x-j3fh8THw",
    "size": [
      0.9937983935062478,
      0.10301557896561823,
      0.970000000000006
    ],
    "obj_class": "sign",
    "point_num_in_lidar": 908,
    "speed": 0.019868352091263794,
    "if_vehicle": false,
    "motion_state": false,
    "pose": [
      [
        0.9866671642576554,
        0.16052669662527946,
        -0.026815790988370253,
        -10.26279660633827
      ],
      [
        -0.1606561089790007,
        0.9870066695773887,
        -0.0027292595110963236,
        46.25116211984641
      ],
      [
        0.026029245541965253,
        0.007000991381722362,
        0.9996366662423848,
        5.277126601399878
      ],
      [
        0.0,
        0.0,
        0.0,
        1.0
      ]
    ],
    "location": [
      -10.26279660633827,
      46.25116211984641,
      5.277126601399878
    ],
    "rotation": [
      0.007003421499459617,
      -0.026032185667902608,
      -0.16141052927091915
    ]
  },
  {
    "label_id": "Jx-B97H92w8LuiN1E8gkew",
    "size": [
      0.6333740193244676,
      0.10445723952352637,
      1.240000000000002
    ],
    "obj_class": "sign",
    "point_num_in_lidar": 33,
    "speed": 0.03384882826894109,
    "if_vehicle": false,
    "motion_state": false,
    "pose": [
      [
        0.9819412337143811,
        -0.1872760713095693,
        -0.026815790988370253,
        19.04469580456953
      ],
      [
        0.1872708259599516,
        0.9823045296071877,
        -0.0027292595110963236,
        47.36116248892358
      ],
      [
        0.026852397951698102,
        -0.002341842875708891,
        0.9996366662423848,
        5.228567811659104
      ],
      [
        0.0,
        0.0,
        0.0,
        1.0
      ]
    ],
    "location": [
      19.04469580456953,
      47.36116248892358,
      5.228567811659104
    ],
    "rotation": [
      -0.0023426897698205864,
      -0.02685562599185331,
      0.1884518490084443
    ]
  },
  {
    "label_id": "K_0-guhmXGcxzSoGOcxeng",
    "size": [
      1.9445363495927672,
      3.626613363892171,
      1.5800000000000054
    ],
    "obj_class": "vehicle",
    "point_num_in_lidar": 798,
    "speed": 5.728578676879116e-13,
    "if_vehicle": true,
    "motion_state": false,
    "pose": [
      [
        -0.9984536941722574,
        0.048694290706818924,
        -0.026815790988370253,
        -18.101488185182916
      ],
      [
        -0.04863849964006342,
        -0.9988127189294721,
        -0.0027292595110963236,
        43.64149272599934
      ],
      [
        -0.026916852463386202,
        -0.0014207594008730311,
        0.9996366662423848,
        3.9699705717720306
      ],
      [
        0.0,
        0.0,
        0.0,
        1.0
      ]
    ],
    "location": [
      -18.101488185182916,
      43.64149272599934,
      3.9699705717720306
    ],
    "rotation": [
      -0.0014212748413464477,
      0.02692010380950222,
      -3.092917305939771
    ]
  },
  {
    "label_id": "L8eRhIvJEwNzhN_KaSBq0g",
    "size": [
      1.9681640968148049,
      4.149874142097858,
      1.6800000000000068
    ],
    "obj_class": "vehicle",
    "point_num_in_lidar": 428,
    "speed": 3.1776437161565096e-13,
    "if_vehicle": true,
    "motion_state": false,
    "pose": [
      [
        0.9963237438350121,
        -0.08136283441629243,
        -0.026815790988370253,
        -26.451437298629116
      ],
      [
        0.0813188296389084,
        0.9966844029524488,
        -0.0027292595110963236,
        33.9378693259041
      ],
      [
        0.026948940920621882,
        0.0005385973149769485,
        0.9996366662423848,
        4.576376261842469
      ],
      [
        0.0,
        0.0,
        0.0,
        1.0
      ]
    ],
    "location": [
      -26.451437298629116,
      33.9378693259041,
      4.576376261842469
    ],
    "rotation": [
      0.0005387930245532413,
      -0.02695220391125208,
      0.08143836394906723
    ]
  },
  {
    "label_id": "MUVd1nPttqaEXeusxgwChg",
    "size": [
      2.074691492022736,
      4.71049835727351,
      1.6200000000000045
    ],
    "obj_class": "vehicle",
    "point_num_in_lidar": 1380,
    "speed": 2.8421709430404007e-13,
    "if_vehicle": true,
    "motion_state": false,
    "pose": [
      [
        0.9946091583166841,
        -0.10016753738734525,
        -0.026815790988370253,
        -15.974804628516722
      ],
      [
        0.10013035282749545,
        0.9949705842813455,
        -0.0027292595110963236,
        34.81035828699714
      ],
      [
        0.0269543064317827,
        2.9471892145433002e-05,
        0.9996366662423848,
        3.783732459420918
      ],
      [
        0.0,
        0.0,
        0.0,
        1.0
      ]
    ],
    "location": [
      -15.974804628516722,
      34.81035828699714,
      3.783732459420918
    ],
    "rotation": [
      2.948260416224833e-05,
      -0.026957571372202078,
      0.10033500935746302
    ]
  },
  {
    "label_id": "RxqRbLXPX0waOU5whLY3dA",
    "size": [
      2.1068469039073565,
      4.399435590071343,
      1.6000000000000014
    ],
    "obj_class": "vehicle",
    "point_num_in_lidar": 346,
    "speed": 2.1316282072803006e-13,
    "if_vehicle": true,
    "motion_state": false,
    "pose": [
      [
        0.9990864577497082,
        -0.03327406339490779,
        -0.026815790988370253,
        -31.497647305066494
      ],
      [
        0.0332127362465913,
        0.9994445784001909,
        -0.0027292595110963236,
        33.573840856333845
      ],
      [
        0.02689171047283272,
        0.0018361404238804654,
        0.9996366662423848,
        4.875405528239732
      ],
      [
        0.0,
        0.0,
        0.0,
        1.0
      ]
    ],
    "location": [
      -31.497647305066494,
      33.573840856333845,
      4.875405528239732
    ],
    "rotation": [
      0.0018368057324514157,
      -0.02689495271461145,
      0.03323086764431807
    ]
  },
  {
    "label_id": "S7UtkLMszwOiKACW05WB4g",
    "size": [
      2.1134845677485927,
      4.400367874078552,
      1.730000000000004
    ],
    "obj_class": "vehicle",
    "point_num_in_lidar": 585,
    "speed": 1.0247593068766006e-12,
    "if_vehicle": true,
    "motion_state": false,
    "pose": [
      [
        -0.9945589290715563,
        0.10066503840811278,
        -0.026815790988370253,
        13.930695048154575
      ],
      [
        -0.10062803464183494,
        -0.9949203735910943,
        -0.0027292595110963236,
        44.96120501041696
      ],
      [
        -0.02695431780180025,
        -1.5989071988392405e-05,
        0.9996366662423848,
        3.312529411971461
      ],
      [
        0.0,
        0.0,
        0.0,
        1.0
      ]
    ],
    "location": [
      13.930695048154575,
      44.96120501041696,
      3.312529411971461
    ],
    "rotation": [
      -1.5994883468141976e-05,
      0.026957582746352234,
      -3.0407572522967308
    ]
  },
  {
    "label_id": "UWItb63zZqZBydQmn9DkCw",
    "size": [
      2.1579959853943813,
      4.340768928989062,
      2.0600000000000023
    ],
    "obj_class": "vehicle",
    "point_num_in_lidar": 23,
    "speed": 0.0,
    "if_vehicle": true,
    "motion_state": false,
    "pose": [
      [
        0.09243101045625028,
        0.9953579364528643,
        -0.026815790988370253,
        -2.661026126402703
      ],
      [
        -0.9957190623665975,
        0.09239101678358598,
        -0.0027292595110963236,
        -7.645871746952253
      ],
      [
        -0.00023905191973754055,
        0.026953262473966646,
        0.9996366662423848,
        0.7138778115086026
      ],
      [
        0.0,
        0.0,
        0.0,
        1.0
      ]
    ],
    "location": [
      -2.661026126402703,
      -7.645871746952253,
      0.7138778115086026
    ],
    "rotation": [
      0.026956527805371274,
      0.00023905192201434362,
      -1.4782331911705222
    ]
  },
  {
    "label_id": "UawIsBPXu8bux4w7lNmIbg",
    "size": [
      2.1297589756848785,
      4.06187111486407,
      1.7100000000000009
    ],
    "obj_class": "vehicle",
    "point_num_in_lidar": 530,
    "speed": 3.552713678800501e-13,
    "if_vehicle": true,
    "motion_state": false,
    "pose": [
      [
        0.9969213441918252,
        -0.07368003018750967,
        -0.026815790988370253,
        13.813332166698274
      ],
      [
        0.07363324649531901,
        0.9972816533723463,
        -0.0027292595110963236,
        38.032567842421486
      ],
      [
        0.026943988296536273,
        0.0007463233126368496,
        0.9996366662423848,
        3.399071939818107
      ],
      [
        0.0,
        0.0,
        0.0,
        1.0
      ]
    ],
    "location": [
      13.813332166698274,
      38.032567842421486,
      3.399071939818107
    ],
    "rotation": [
      0.0007465944369313485,
      -0.02694724948810689,
      0.07372676295302408
    ]
  },
  {
    "label_id": "VlCsvfwN9KSmrhcW8RUQEQ",
    "size": [
      2.183480110333121,
      4.583419309746213,
      1.8800000000000026
    ],
    "obj_class": "vehicle",
    "point_num_in_lidar": 36,
    "speed": 6.703246762680667e-13,
    "if_vehicle": true,
    "motion_state": false,
    "pose": [
      [
        0.9927288654725104,
        -0.11734697700124302,
        -0.026815790988370253,
        -47.518833160626855
      ],
      [
        0.11731604618711479,
        0.9930908802569599,
        -0.0027292595110963236,
        32.29010596555963
      ],
      [
        0.026950787830506313,
        -0.00043650787610494926,
        0.9996366662423848,
        5.980018233483683
      ],
      [
        0.0,
        0.0,
        0.0,
        1.0
      ]
    ],
    "location": [
      -47.518833160626855,
      32.29010596555963,
      5.980018233483683
    ],
    "rotation": [
      -0.0004366665040425908,
      -0.026954051492202962,
      0.1176297568716599
    ]
  },
  {
    "label_id": "WeuzOkVaHYrdvu5Q1n6-1A",
    "size": [
      1.797774661486892,
      4.0725884262786325,
      1.8800000000000026
    ],
    "obj_class": "vehicle",
    "point_num_in_lidar": 257,
    "speed": 5.684341886080801e-13,
    "if_vehicle": true,
    "motion_state": false,
    "pose": [
      [
        0.9972834456929836,
        -0.06860497285472675,
        -0.026815790988370253,
        19.176311612682184
      ],
      [
        0.06855635587672418,
        0.9976435120880729,
        -0.0027292595110963236,
        38.386147644188895
      ],
      [
        0.026939840675729663,
        0.0008834524193019252,
        0.9996366662423848,
        2.8010712588450204
      ],
      [
        0.0,
        0.0,
        0.0,
        1.0
      ]
    ],
    "location": [
      19.176311612682184,
      38.386147644188895,
      2.8010712588450204
    ],
    "rotation": [
      0.0008837732939653106,
      -0.026943100361170258,
      0.06863512178707597
    ]
  },
  {
    "label_id": "_8Js2MsgmNxMOkkvXe23hA",
    "size": [
      0.5302392437412204,
      0.10270718870722725,
      0.4200000000000017
    ],
    "obj_class": "sign",
    "point_num_in_lidar": 30,
    "speed": 0.020965000799040286,
    "if_vehicle": false,
    "motion_state": false,
    "pose": [
      [
        0.11528138965433522,
        0.992970852821488,
        -0.026815790988370253,
        7.958049369988657
      ],
      [
        -0.9933328024721363,
        0.11524970574961478,
        -0.0027292595110963236,
        31.470863248794558
      ],
      [
        0.0003804368765483694,
        0.026951637642151378,
        0.9996366662423848,
        5.211308047859866
      ],
      [
        0.0,
        0.0,
        0.0,
        1.0
      ]
    ],
    "location": [
      7.958049369988657,
      31.470863248794558,
      5.211308047859866
    ],
    "rotation": [
      0.026954903563748307,
      -0.00038043688572528213,
      -1.4552580450753125
    ]
  },
  {
    "label_id": "b_m6l_c_2abbwm84YGyp_Q",
    "size": [
      2.247342454990394,
      4.564972827080787,
      1.8100000000000023
    ],
    "obj_class": "vehicle",
    "point_num_in_lidar": 134,
    "speed": 9.871175158657625e-13,
    "if_vehicle": true,
    "motion_state": false,
    "pose": [
      [
        0.9941677243606825,
        -0.10445788238888411,
        -0.026815790988370253,
        -37.08295997904679
      ],
      [
        0.10442225756058277,
        0.9945293073954494,
        -0.0027292595110963236,
        33.16509041903191
      ],
      [
        0.026954182707943843,
        -8.682371594197162e-05,
        0.9996366662423848,
        5.225733287745001
      ],
      [
        0.0,
        0.0,
        0.0,
        1.0
      ]
    ],
    "location": [
      -37.08295997904679,
      33.16509041903191,
      5.225733287745001
    ],
    "rotation": [
      -8.685527317641547e-05,
      -0.026957447603394094,
      0.10465112723510006
    ]
  },
  {
    "label_id": "bgk01XkgPJaTYi1BoHA_-g",
    "size": [
      2.058028482558568,
      3.997960379993879,
      1.5800000000000054
    ],
    "obj_class": "vehicle",
    "point_num_in_lidar": 48,
    "speed": 1.1390866590859189e-12,
    "if_vehicle": true,
    "motion_state": false,
    "pose": [
      [
        -0.9954600354847147,
        0.09132486576195072,
        -0.026815790988370253,
        -36.58538382677898
      ],
      [
        -0.09128447081421691,
        -0.9958211167326636,
        -0.0027292595110963236,
        42.09376173484088
      ],
      [
        -0.02695298018658896,
        -0.0002690034799249163,
        0.9996366662423848,
        5.140728283590754
      ],
      [
        0.0,
        0.0,
        0.0,
        1.0
      ]
    ],
    "location": [
      -36.58538382677898,
      42.09376173484088,
      5.140728283590754
    ],
    "rotation": [
      -0.0002691012469988285,
      0.026956244644987852,
      -3.050147613692589
    ]
  },
  {
    "label_id": "bomB-iyt6FXDMVLGWY24PQ",
    "size": [
      2.127579023554769,
      4.785962943037317,
      1.720000000000006
    ],
    "obj_class": "vehicle",
    "point_num_in_lidar": 115,
    "speed": 0.01016707872214069,
    "if_vehicle": true,
    "motion_state": false,
    "pose": [
      [
        0.9959301350715358,
        -0.08604696049286265,
        -0.026815790988370253,
        -42.469369964883754
      ],
      [
        0.0860046521338773,
        0.9962909971257654,
        -0.0027292595110963236,
        32.81162133532598
      ],
      [
        0.026951175627845585,
        0.00041186901788189034,
        0.9996366662423848,
        5.540770795623658
      ],
      [
        0.0,
        0.0,
        0.0,
        1.0
      ]
    ],
    "location": [
      -42.469369964883754,
      32.81162133532598,
      5.540770795623658
    ],
    "rotation": [
      0.0004120186948762941,
      -0.026954439430458353,
      0.08614240186931625
    ]
  },
  {
    "label_id": "bpGsmLRixkI12Im9mZMXHA",
    "size": [
      0.48048080534055065,
      0.14672100268388544,
      0.6253783753069726
    ],
    "obj_class": "sign",
    "point_num_in_lidar": 100,
    "speed": 0.030073020905418968,
    "if_vehicle": false,
    "motion_state": false,
    "pose": [
      [
        -0.9904748714329775,
        -0.1350571820137475,
        -0.026815790988370253,
        15.043885639810469
      ],
      [
        0.1351778058700072,
        -0.9908175977154885,
        -0.0027292595110963236,
        36.35807787196245
      ],
      [
        -0.026200951509384774,
        -0.006328162751836965,
        0.9996366662423848,
        5.2644629756347285
      ],
      [
        0.0,
        0.0,
        0.0,
        1.0
      ]
    ],
    "location": [
      15.043885639810469,
      36.35807787196245,
      5.2644629756347285
    ],
    "rotation": [
      -0.006330378260789891,
      0.026203950217094842,
      3.005952887117094
    ]
  },
  {
    "label_id": "dAM8OaUe4C7RqpO_K9jiLg",
    "size": [
      2.11395716840874,
      4.567705028833302,
      1.8900000000000077
    ],
    "obj_class": "vehicle",
    "point_num_in_lidar": 37,
    "speed": 0.021560544307054747,
    "if_vehicle": true,
    "motion_state": false,
    "pose": [
      [
        -0.13052782679535024,
        -0.9910819339417659,
        -0.026815790988370253,
        8.96466910460822
      ],
      [
        0.9914443277683136,
        -0.13050170910205688,
        -0.0027292595110963236,
        -7.258102672220048
      ],
      [
        -0.0007945867604195498,
        -0.026942608182784288,
        0.9996366662423848,
        0.5773031008644907
      ],
      [
        0.0,
        0.0,
        0.0,
        1.0
      ]
    ],
    "location": [
      8.96466910460822,
      -7.258102672220048,
      0.5773031008644907
    ],
    "rotation": [
      -0.02694587738158588,
      0.0007945868440323651,
      1.701697710935779
    ]
  },
  {
    "label_id": "gFz6ljq8EC32foV9Q3kMWQ",
    "size": [
      2.1728398403994627,
      4.6979777340013396,
      1.9400000000000048
    ],
    "obj_class": "vehicle",
    "point_num_in_lidar": 112,
    "speed": 0.007841693544971023,
    "if_vehicle": true,
    "motion_state": false,
    "pose": [
      [
        0.039832200004188426,
        0.9988464893047851,
        -0.026815790988370253,
        -3.375140119374464
      ],
      [
        -0.9992050048417586,
        0.03977322518607573,
        -0.0027292595110963236,
        1.087239090778894
      ],
      [
        -0.0016595607875370668,
        0.026903184975079406,
        0.9996366662423848,
        1.3484242906224608
      ],
      [
        0.0,
        0.0,
        0.0,
        1.0
      ]
    ],
    "location": [
      -3.375140119374464,
      1.087239090778894,
      1.3484242906224608
    ],
    "rotation": [
      0.02690646843094327,
      0.001659561549315691,
      -1.5309535313788742
    ]
  },
  {
    "label_id": "hvmNmdTI3yuJ0wy_B769xw",
    "size": [
      0.8699038556564885,
      0.08082874399769935,
      0.8592785244949681
    ],
    "obj_class": "sign",
    "point_num_in_lidar": 86,
    "speed": 0.013395595680084652,
    "if_vehicle": false,
    "motion_state": false,
    "pose": [
      [
        0.09878636246623058,
        0.994747288483039,
        -0.026815790988370253,
        7.973415502786338
      ],
      [
        -0.9951086624661292,
        0.09874867607918815,
        -0.0027292595110963236,
        31.47359623623015
      ],
      [
        -6.689964011182596e-05,
        0.02695423952273597,
        0.9996366662423848,
        5.867423878752604
      ],
      [
        0.0,
        0.0,
        0.0,
        1.0
      ]
    ],
    "location": [
      7.973415502786338,
      31.47359623623015,
      5.867423878752604
    ],
    "rotation": [
      0.026957504499175892,
      6.68996401617282e-05,
      -1.4718485825737198
    ]
  },
  {
    "label_id": "lA5yq-OHHKg8yEP1O2pXVg",
    "size": [
      2.0754709950422927,
      4.4214219160080805,
      1.9400000000000048
    ],
    "obj_class": "vehicle",
    "point_num_in_lidar": 38,
    "speed": 9.871175158657625e-13,
    "if_vehicle": true,
    "motion_state": false,
    "pose": [
      [
        0.99559270579951,
        -0.08986699901787218,
        -0.026815790988370253,
        30.31029663410709
      ],
      [
        0.08982607533985408,
        0.9959537275052289,
        -0.0027292595110963236,
        39.08450968709985
      ],
      [
        0.026952557352671692,
        0.0003084735998623103,
        0.9996366662423848,
        1.3520192717990653
      ],
      [
        0.0,
        0.0,
        0.0,
        1.0
      ]
    ],
    "location": [
      30.31029663410709,
      39.08450968709985,
      1.3520192717990653
    ],
    "rotation": [
      0.00030858570967627266,
      -0.026955821657402637,
      0.0899800900080609
    ]
  },
  {
    "label_id": "lswpbkNkk5qXFzyjLvSVew",
    "size": [
      0.49960734648854155,
      0.10038091899954009,
      0.5686725663716743
    ],
    "obj_class": "sign",
    "point_num_in_lidar": 60,
    "speed": 0.016667272091975126,
    "if_vehicle": false,
    "motion_state": false,
    "pose": [
      [
        0.00920536923580561,
        -0.9995980064660495,
        -0.026815790988370253,
        8.301971581843645
      ],
      [
        0.9999531980422411,
        0.00928185690556517,
        -0.0027292595110963236,
        24.505567173226154
      ],
      [
        0.0029770627011839867,
        -0.026789412115313167,
        0.9996366662423848,
        5.190468703313648
      ],
      [
        0.0,
        0.0,
        0.0,
        1.0
      ]
    ],
    "location": [
      8.301971581843645,
      24.505567173226154,
      5.190468703313648
    ],
    "rotation": [
      -0.02679273624783606,
      -0.002977067098770849,
      1.5615907867502974
    ]
  },
  {
    "label_id": "n5ksvNBNtqr2qrSOIt_gYg",
    "size": [
      1.0886595849199456,
      0.07872484273036262,
      1.0361799410029704
    ],
    "obj_class": "sign",
    "point_num_in_lidar": 54,
    "speed": 0.025388697251894913,
    "if_vehicle": false,
    "motion_state": false,
    "pose": [
      [
        0.9991948514931178,
        -0.029842287166271457,
        -0.026815790988370253,
        -12.986207346868923
      ],
      [
        0.029779730336360312,
        0.9995527593897255,
        -0.0027292595110963236,
        33.32576494436762
      ],
      [
        0.026885245223725037,
        0.0019284950274862033,
        0.9996366662423848,
        5.737634520146514
      ],
      [
        0.0,
        0.0,
        0.0,
        1.0
      ]
    ],
    "location": [
      -12.986207346868923,
      33.32576494436762,
      5.737634520146514
    ],
    "rotation": [
      0.0019291935761536773,
      -0.02688848512707968,
      0.029794906955304703
    ]
  },
  {
    "label_id": "nOGUlyISaOL6Dd5hx-vTqQ",
    "size": [
      0.7731592736163294,
      0.08427458612459304,
      0.8400000000000034
    ],
    "obj_class": "sign",
    "point_num_in_lidar": 70,
    "speed": 0.027182367555493362,
    "if_vehicle": false,
    "motion_state": false,
    "pose": [
      [
        0.9996403920178836,
        3.420230601637737e-15,
        -0.026815790988370253,
        13.581781542624867
      ],
      [
        -7.32135807940652e-05,
        0.9999962728842007,
        -0.0027292595110963236,
        46.76810845306318
      ],
      [
        0.02681569104281198,
        0.00273024132767095,
        0.9996366662423848,
        5.497771147583762
      ],
      [
        0.0,
        0.0,
        0.0,
        1.0
      ]
    ],
    "location": [
      13.581781542624867,
      46.76810845306318,
      5.497771147583762
    ],
    "rotation": [
      0.0027312268857585323,
      -0.0268189058601262,
      -7.323991832239552e-05
    ]
  },
  {
    "label_id": "pin-9sa0HGHG_wsAgc8CfQ",
    "size": [
      2.0754709950422927,
      4.4214219160080805,
      1.9400000000000048
    ],
    "obj_class": "vehicle",
    "point_num_in_lidar": 159,
    "speed": 5.728578676879116e-13,
    "if_vehicle": true,
    "motion_state": false,
    "pose": [
      [
        0.9955927057995103,
        -0.08986699901786865,
        -0.026815790988370253,
        24.862318290936855
      ],
      [
        0.08982607533985054,
        0.9959537275052293,
        -0.0027292595110963236,
        38.74669061852728
      ],
      [
        0.026952557352671692,
        0.00030847359986240614,
        0.9996366662423848,
        2.2970519101077613
      ],
      [
        0.0,
        0.0,
        0.0,
        1.0
      ]
    ],
    "location": [
      24.862318290936855,
      38.74669061852728,
      2.2970519101077613
    ],
    "rotation": [
      0.00030858570967636856,
      -0.026955821657402637,
      0.08998009000805735
    ]
  },
  {
    "label_id": "suAt_TC02XmVPcGtAafJrQ",
    "size": [
      2.1214858944889357,
      4.6774749590176405,
      2.0800000000000054
    ],
    "obj_class": "vehicle",
    "point_num_in_lidar": 1047,
    "speed": 5.859285502108464e-13,
    "if_vehicle": true,
    "motion_state": false,
    "pose": [
      [
        0.9959793641632656,
        -0.08547525673904163,
        -0.026815790988370253,
        -21.53971245637058
      ],
      [
        0.08543274124290283,
        0.996340201871953,
        -0.0027292595110963236,
        34.39290947527297
      ],
      [
        0.026950934764127348,
        0.0004273396197650604,
        0.9996366662423848,
        4.304530896434962
      ],
      [
        0.0,
        0.0,
        0.0,
        1.0
      ]
    ],
    "location": [
      -21.53971245637058,
      34.39290947527297,
      4.304530896434962
    ],
    "rotation": [
      0.0004274949170672631,
      -0.02695419847921562,
      0.08556816751546746
    ]
  },
  {
    "label_id": "t8L8-W5u8RYlt5pJLSgtgA",
    "size": [
      2.2730443911483116,
      4.8845576947807015,
      2.030000000000001
    ],
    "obj_class": "vehicle",
    "point_num_in_lidar": 211,
    "speed": 10.575718533750813,
    "if_vehicle": true,
    "motion_state": true,
    "pose": [
      [
        0.06743224260297458,
        0.9973634272476616,
        -0.026815790988370253,
        -0.60926004860994
      ],
      [
        -0.9977234362262274,
        0.06738320226473432,
        -0.0027292595110963236,
        10.475894937269913
      ],
      [
        -0.0009151297517771142,
        0.026938783219519796,
        0.9996366662423848,
        2.361525004993787
      ],
      [
        0.0,
        0.0,
        0.0,
        1.0
      ]
    ],
    "location": [
      -0.60926004860994,
      10.475894937269913,
      2.361525004993787
    ],
    "rotation": [
      0.026942053805251564,
      0.0009151298795082983,
      -1.5033128474319069
    ]
  },
  {
    "label_id": "tpgYXj44sbDeSD0E4yDAkg",
    "size": [
      2.1984236729778326,
      4.4940108717782765,
      1.5800000000000054
    ],
    "obj_class": "vehicle",
    "point_num_in_lidar": 382,
    "speed": 0.0,
    "if_vehicle": true,
    "motion_state": false,
    "pose": [
      [
        -0.999576095087264,
        0.011337701873170092,
        -0.026815790988370253,
        -22.749949236301745
      ],
      [
        -0.01126852932413992,
        -0.9999327834356627,
        -0.0027292595110963236,
        43.05371483553972
      ],
      [
        -0.02684493205370135,
        -0.0024259280374789812,
        0.9996366662423848,
        4.159536235595432
      ],
      [
        0.0,
        0.0,
        0.0,
        1.0
      ]
    ],
    "location": [
      -22.749949236301745,
      43.05371483553972,
      4.159536235595432
    ],
    "rotation": [
      -0.002426805015256194,
      0.026848157401501545,
      -3.130319822983967
    ]
  },
  {
    "label_id": "uiBw53qK6eBXPymixDhtVg",
    "size": [
      2.1435076001114353,
      4.596266506885986,
      1.8100000000000023
    ],
    "obj_class": "vehicle",
    "point_num_in_lidar": 251,
    "speed": 0.02438879787479842,
    "if_vehicle": true,
    "motion_state": false,
    "pose": [
      [
        -0.9941620427008651,
        0.10451194288937113,
        -0.026815790988370253,
        -27.695412464082892
      ],
      [
        -0.10447633772321284,
        -0.9945236276722972,
        -0.0027292595110963236,
        42.990383121472405
      ],
      [
        -0.026954177946810053,
        8.828942500377253e-05,
        0.9996366662423848,
        4.596446046641724
      ],
      [
        0.0,
        0.0,
        0.0,
        1.0
      ]
    ],
    "location": [
      -27.695412464082892,
      42.990383121472405,
      4.596446046641724
    ],
    "rotation": [
      8.832151496210917e-05,
      0.026957442840529814,
      -3.036887128789361
    ]
  }
]