[
  {
    "label_id": "88UyQvdqq5nAAKpHlxro9g",
    "size": [
      0.7906923211844487,
      0.984406265485531,
      1.7900000000000063
    ],
    "obj_class": "pedestrian",
    "point_num_in_lidar": 252,
    "speed": 1.2322095024752153,
    "if_vehicle": false,
    "motion_state": true,
    "pose": [
      [
        0.06261822155629196,
        0.9980157319451218,
        -0.0065997817516720405,
        14.944928958532728
      ],
      [
        -0.9952390491289393,
        0.06194641406078943,
        -0.0752454442071651,
        -19.41302262085628
      ],
      [
        -0.0746873042628498,
        0.011280096411458478,
        0.997143202357062,
        -0.8275027473504295
      ],
      [
        0.0,
        0.0,
        0.0,
        1.0
      ]
    ],
    "location": [
      14.944928958532728,
      -19.41302262085628,
      -0.8275027473504295
    ],
    "rotation": [
      0.011311931172754607,
      0.07475691584774884,
      -1.5079613832422398
    ]
  },
  {
    "label_id": "AxQ1JMlpiNju7L2Sr9YzTg",
    "size": [
      2.022417549921994,
      4.35033917273071,
      1.7100000000000009
    ],
    "obj_class": "vehicle",
    "point_num_in_lidar": 1285,
    "speed": 0.0049007709286999455,
    "if_vehicle": true,
    "motion_state": false,
    "pose": [
      [
        -0.12997042037922657,
        -0.9914959065509434,
        -0.0065997817516720405,
        10.848986894223799
      ],
      [
        0.9887710151659665,
        -0.12911236460436454,
        -0.0752454442071651,
        -34.722092954405525
      ],
      [
        0.0737534364901805,
        -0.016305354917701475,
        0.997143202357062,
        -1.837015963818068
      ],
      [
        0.0,
        0.0,
        0.0,
        1.0
      ]
    ],
    "location": [
      10.848986894223799,
      -34.722092954405525,
      -1.837015963818068
    ],
    "rotation": [
      -0.016350612244094568,
      -0.07382046518271194,
      1.70149345884564
    ]
  },
  {
    "label_id": "BnQoCLZEVtgkX7FZoLLJKg",
    "size": [
      1.9923887929877586,
      4.393712393668999,
      2.299999999999997
    ],
    "obj_class": "vehicle",
    "point_num_in_lidar": 532,
    "speed": 1.4281732235759946e-12,
    "if_vehicle": true,
    "motion_state": false,
    "pose": [
      [
        0.9976405275156276,
        -0.0683360866539081,
        -0.0065997817516720405,
        21.043773395214885
      ],
      [
        0.0676483790638777,
        0.9948677399212904,
        -0.0752454442071651,
        -51.354421702269974
      ],
      [
        0.01170788915091238,
        0.07462144011430795,
        0.997143202357062,
        -2.4125708447351215
      ],
      [
        0.0,
        0.0,
        0.0,
        1.0
      ]
    ],
    "location": [
      21.043773395214885,
      -51.354421702269974,
      -2.4125708447351215
    ],
    "rotation": [
      0.07469599657081714,
      -0.011708156643249713,
      0.06770472975461776
    ]
  },
  {
    "label_id": "K2N4M6EbjRN45GBcmjjbIA",
    "size": [
      2.08465338128603,
      4.1616977405859625,
      1.8000000000000043
    ],
    "obj_class": "vehicle",
    "point_num_in_lidar": 302,
    "speed": 0.0013444907195597838,
    "if_vehicle": true,
    "motion_state": false,
    "pose": [
      [
        -0.0967926669443707,
        -0.9952826847215952,
        -0.0065997817516720405,
        12.930142780796814
      ],
      [
        0.9925306628482926,
        -0.0960260716263837,
        -0.0752454442071651,
        -60.31880381260089
      ],
      [
        0.07425673660837173,
        -0.013833692976866476,
        0.997143202357062,
        -2.0130469498199304
      ],
      [
        0.0,
        0.0,
        0.0,
        1.0
      ]
    ],
    "location": [
      12.930142780796814,
      -60.31880381260089,
      -2.0130469498199304
    ],
    "rotation": [
      -0.013872436302821022,
      -0.07432514921863304,
      1.6680100101971564
    ]
  },
  {
    "label_id": "XTMzNjFN6loAGtAeqDbMFQ",
    "size": [
      1.9310634560414757,
      4.406664057061882,
      1.8200000000000074
    ],
    "obj_class": "vehicle",
    "point_num_in_lidar": 35,
    "speed": 5.684341886080801e-13,
    "if_vehicle": true,
    "motion_state": false,
    "pose": [
      [
        0.999809290151706,
        -0.018380049161296076,
        -0.0065997817516720405,
        34.64820494827018
      ],
      [
        0.01783180898000881,
        0.9970055916164998,
        -0.0752454442071651,
        -50.478470177653435
      ],
      [
        0.007963034273556819,
        0.07511340811240999,
        0.997143202357062,
        -3.4069435745250587
      ],
      [
        0.0,
        0.0,
        0.0,
        1.0
      ]
    ],
    "location": [
      34.64820494827018,
      -50.478470177653435,
      -3.4069435745250587
    ],
    "rotation": [
      0.07518660831595998,
      -0.007963118431845781,
      0.01783331959565491
    ]
  },
  {
    "label_id": "Xdp9cG1A6O1XIB3PfScqpw",
    "size": [
      2.0420978383014257,
      4.4520255683458885,
      1.6800000000000068
    ],
    "obj_class": "vehicle",
    "point_num_in_lidar": 338,
    "speed": 1.9945885082418897e-12,
    "if_vehicle": true,
    "motion_state": false,
    "pose": [
      [
        0.9917840120767425,
        -0.12775334152103446,
        -0.0065997817516720405,
        -12.00280976826707
      ],
      [
        0.12690138011349852,
        0.9890572090892193,
        -0.0752454442071651,
        -53.981340460830324
      ],
      [
        0.016140418651606616,
        0.07378970713354382,
        0.997143202357062,
        -1.0020579239543324
      ],
      [
        0.0,
        0.0,
        0.0,
        1.0
      ]
    ],
    "location": [
      -12.00280976826707,
      -53.981340460830324,
      -1.0020579239543324
    ],
    "rotation": [
      0.0738664746822933,
      -0.016141119532229294,
      0.12726114250974982
    ]
  },
  {
    "label_id": "fTkle-_z0hVaJSenTo_ASw",
    "size": [
      2.1032767013879403,
      4.170778679273994,
      1.5900000000000034
    ],
    "obj_class": "vehicle",
    "point_num_in_lidar": 184,
    "speed": 1.4210854715202004e-13,
    "if_vehicle": true,
    "motion_state": false,
    "pose": [
      [
        0.12781981991177443,
        0.9917754466201266,
        -0.0065997817516720405,
        1.6604518423514492
      ],
      [
        -0.9890487007451829,
        0.12696767573021045,
        -0.0752454442071651,
        -65.82570000240412
      ],
      [
        -0.07378862508535453,
        0.016145364694434318,
        0.997143202357062,
        -1.4117056593117425
      ],
      [
        0.0,
        0.0,
        0.0,
        1.0
      ]
    ],
    "location": [
      1.6604518423514492,
      -65.82570000240412,
      -1.4117056593117425
    ],
    "rotation": [
      0.016190206123211592,
      0.07385574992155881,
      -1.4422735720880127
    ]
  },
  {
    "label_id": "kRzXo00PPTp8ZrCoW6TMJA",
    "size": [
      2.282295113007623,
      4.987303803010824,
      1.6200000000000045
    ],
    "obj_class": "vehicle",
    "point_num_in_lidar": 89,
    "speed": 1.718573603063735e-12,
    "if_vehicle": true,
    "motion_state": false,
    "pose": [
      [
        -0.9941338246879792,
        -0.10795546068671329,
        -0.0065997817516720405,
        26.52182164938904
      ],
      [
        0.10814545463186344,
        -0.9912833519072809,
        -0.0752454442071651,
        -42.76918571261558
      ],
      [
        0.0015809028173069237,
        -0.07551777763802064,
        0.997143202357062,
        -2.9500707070707293
      ],
      [
        0.0,
        0.0,
        0.0,
        1.0
      ]
    ],
    "location": [
      26.52182164938904,
      -42.76918571261558,
      -2.9500707070707293
    ],
    "rotation": [
      -0.0755898359389753,
      -0.0015809034758205382,
      3.033235144362174
    ]
  },
  {
    "label_id": "lbu1CkOusaTDoTSTMj2e2A",
    "size": [
      1.9129179797535867,
      4.032730676179802,
      1.730000000000004
    ],
    "obj_class": "vehicle",
    "point_num_in_lidar": 1021,
    "speed": 7.105427357601002e-14,
    "if_vehicle": true,
    "motion_state": false,
    "pose": [
      [
        -0.9973520115289444,
        0.07242518885027932,
        -0.0065997817516720405,
        -10.392902789600157
      ],
      [
        -0.07172612041545015,
        -0.9945820663857834,
        -0.0752454442071651,
        -45.39587020147883
      ],
      [
        -0.012013690079100253,
        -0.07457281839776896,
        0.997143202357062,
        -1.3338116462575087
      ],
      [
        0.0,
        0.0,
        0.0,
        1.0
      ]
    ],
    "location": [
      -10.392902789600157,
      -45.39587020147883,
      -1.3338116462575087
    ],
    "rotation": [
      -0.0746475069340893,
      0.012013979084681594,
      -3.069799699556588
    ]
  },
  {
    "label_id": "mIOM1SbDB7axPOdsgpm1fA",
    "size": [
      2.0173902686123797,
      4.505411291172341,
      1.8000000000000043
    ],
    "obj_class": "vehicle",
    "point_num_in_lidar": 238,
    "speed": 5.728578676879116e-13,
    "if_vehicle": true,
    "motion_state": false,
    "pose": [
      [
        0.99776115533956,
        -0.06655163240895554,
        -0.0065997817516720405,
        26.149440494085866
      ],
      [
        0.06586888522978034,
        0.994987142170517,
        -0.0752454442071651,
        -50.968294050175246
      ],
      [
        0.011574405127369118,
        0.07464226107943697,
        0.997143202357062,
        -2.8000707070702973
      ],
      [
        0.0,
        0.0,
        0.0,
        1.0
      ]
    ],
    "location": [
      26.149440494085866,
      -50.968294050175246,
      -2.8000707070702973
    ],
    "rotation": [
      0.07471676086865703,
      -0.011574663574056976,
      0.06592103163666908
    ]
  },
  {
    "label_id": "npFpFlBhi1zaoOJx_kni3w",
    "size": [
      2.142391775633584,
      4.7986056735139995,
      2.1099999999999994
    ],
    "obj_class": "vehicle",
    "point_num_in_lidar": 8676,
    "speed": 4.973799150320701e-13,
    "if_vehicle": true,
    "motion_state": false,
    "pose": [
      [
        0.09394343214633809,
        0.9955556611447682,
        -0.0065997817516720405,
        -1.4559282328200425
      ],
      [
        -0.9928014562880451,
        0.09318471719334284,
        -0.0752454442071651,
        -23.039956056449228
      ],
      [
        -0.07429602915972867,
        0.01362108821644015,
        0.997143202357062,
        -0.7118994654979431
      ],
      [
        0.0,
        0.0,
        0.0,
        1.0
      ]
    ],
    "location": [
      -1.4559282328200425,
      -23.039956056449228,
      -0.7118994654979431
    ],
    "rotation": [
      0.013659262835503859,
      0.07436455060867661,
      -1.4764526447771988
    ]
  },
  {
    "label_id": "pojeGZeFwPbiZNdyGZOaag",
    "size": [
      0.7731559369218942,
      0.09735684662155109,
      0.9500000000000028
    ],
    "obj_class": "sign",
    "point_num_in_lidar": 89,
    "speed": 2.8421709430404007e-13,
    "if_vehicle": false,
    "motion_state": false,
    "pose": [
      [
        0.10692961241398004,
        0.9942446886304327,
        -0.0065997817516720405,
        12.624706974618675
      ],
      [
        -0.9915006212789699,
        0.10613501368296449,
        -0.0752454442071651,
        -34.88942272193344
      ],
      [
        -0.07411191532009317,
        0.014589653892078362,
        0.997143202357062,
        0.07332983266442739
      ],
      [
        0.0,
        0.0,
        0.0,
        1.0
      ]
    ],
    "location": [
      12.624706974618675,
      -34.88942272193344,
      0.07332983266442739
    ],
    "rotation": [
      0.014630409028950913,
      0.07417992777932061,
      -1.4633653076606097
    ]
  },
  {
    "label_id": "t8L8-W5u8RYlt5pJLSgtgA",
    "size": [
      2.2730443911474296,
      4.8845576947807015,
      2.030000000000001
    ],
    "obj_class": "vehicle",
    "point_num_in_lidar": 2587,
    "speed": 2.929642751054232e-13,
    "if_vehicle": true,
    "motion_state": false,
    "pose": [
      [
        0.0771103367673705,
        0.9970007215867263,
        -0.0065997817516720405,
        2.8045982438702595
      ],
      [
        -0.9942340915119597,
        0.07639826176985091,
        -0.0752454442071651,
        -34.57790449268214
      ],
      [
        -0.07451555031676924,
        0.012363929557075751,
        0.997143202357062,
        -1.4024065142776152
      ],
      [
        0.0,
        0.0,
        0.0,
        1.0
      ]
    ],
    "location": [
      2.8045982438702595,
      -34.57790449268214,
      -1.4024065142776152
    ],
    "rotation": [
      0.012398716613542896,
      0.07458468195984651,
      -1.4933937488192641
    ]
  },
  {
    "label_id": "w04VmayxYYLOx05LrLxWeQ",
    "size": [
      1.851049108509367,
      4.268809587886161,
      1.6800000000000068
    ],
    "obj_class": "vehicle",
    "point_num_in_lidar": 526,
    "speed": 0.004245577286946897,
    "if_vehicle": true,
    "motion_state": false,
    "pose": [
      [
        0.991723630241221,
        -0.12822123108909897,
        -0.0065997817516720405,
        -7.5958189116063295
      ],
      [
        0.12736798332547097,
        0.9889972294954467,
        -0.0752454442071651,
        -53.54040294248625
      ],
      [
        0.016175229357767076,
        0.07378208419614432,
        0.997143202357062,
        -1.535801389982538
      ],
      [
        0.0,
        0.0,
        0.0,
        1.0
      ]
    ],
    "location": [
      -7.5958189116063295,
      -53.54040294248625,
      -1.535801389982538
    ],
    "rotation": [
      0.07385887153708778,
      -0.016175934783388843,
      0.12773169752141234
    ]
  }
]