[
  {
    "label_id": "88UyQvdqq5nAAKpHlxro9g",
    "size": [
      0.7906923211858534,
      0.984406265485531,
      1.7900000000000063
    ],
    "obj_class": "pedestrian",
    "point_num_in_lidar": 236,
    "speed": 1.167719955846877,
    "if_vehicle": false,
    "motion_state": true,
    "pose": [
      [
        0.09814573763720588,
        0.9951513228140727,
        -0.0064233079523000475,
        15.122451536114568
      ],
      [
        -0.9924131653547664,
        0.0973913347474073,
        -0.07504023685098168,
        -21.76785224287414
      ],
      [
        -0.07405081643156762,
        0.013739454775200772,
        0.9971598186691532,
        -0.9372685044132396
      ],
      [
        0.0,
        0.0,
        0.0,
        1.0
      ]
    ],
    "location": [
      15.122451536114568,
      -21.76785224287414,
      -0.9372685044132396
    ],
    "rotation": [
      0.013777716611524025,
      0.07411866054069238,
      -1.4722208175276914
    ]
  },
  {
    "label_id": "AxQ1JMlpiNju7L2Sr9YzTg",
    "size": [
      2.0224175499219927,
      4.35033917273071,
      1.7100000000000009
    ],
    "obj_class": "vehicle",
    "point_num_in_lidar": 1290,
    "speed": 0.004900770973155663,
    "if_vehicle": true,
    "motion_state": false,
    "pose": [
      [
        -0.12997056973687274,
        -0.9914970459447787,
        -0.0064233079523000475,
        10.84764927868946
      ],
      [
        0.9887844573554962,
        -0.1291288493929428,
        -0.07504023685098168,
        -34.7118887839315
      ],
      [
        0.07357273879956783,
        -0.01610428940475421,
        0.9971598186691532,
        -1.8620594763754852
      ],
      [
        0.0,
        0.0,
        0.0,
        1.0
      ]
    ],
    "location": [
      10.84764927868946,
      -34.7118887839315,
      -1.8620594763754852
    ],
    "rotation": [
      -0.016148754868051663,
      -0.07363927523213028,
      1.7014918507129837
    ]
  },
  {
    "label_id": "BnQoCLZEVtgkX7FZoLLJKg",
    "size": [
      1.9923887929877633,
      4.393712393668999,
      2.299999999999997
    ],
    "obj_class": "vehicle",
    "point_num_in_lidar": 536,
    "speed": 1.4281732235759946e-12,
    "if_vehicle": true,
    "motion_state": false,
    "pose": [
      [
        0.9976416739706551,
        -0.06833616518344507,
        -0.0064233079523000475,
        21.043773395214885
      ],
      [
        0.06766400000255357,
        0.9948821769219724,
        -0.07504023685098168,
        -51.35442170227179
      ],
      [
        0.011518396619478016,
        0.07442864079786697,
        0.9971598186691532,
        -2.4711369157183043
      ],
      [
        0.0,
        0.0,
        0.0,
        1.0
      ]
    ],
    "location": [
      21.043773395214885,
      -51.35442170227179,
      -2.4711369157183043
    ],
    "rotation": [
      0.07450248200856766,
      -0.011518651332275615,
      0.06772023837200529
    ]
  },
  {
    "label_id": "K2N4M6EbjRN45GBcmjjbIA",
    "size": [
      2.0846533812860297,
      4.1616977405859625,
      1.8000000000000043
    ],
    "obj_class": "vehicle",
    "point_num_in_lidar": 297,
    "speed": 0.0013444907097852725,
    "if_vehicle": true,
    "motion_state": false,
    "pose": [
      [
        -0.09679277817525825,
        -0.9952838284670685,
        -0.0064233079523000475,
        12.931832014244264
      ],
      [
        0.9925446479571832,
        -0.09604209839908481,
        -0.07504023685098168,
        -60.31654150935174
      ],
      [
        0.07406942624771823,
        -0.013638772929972138,
        0.9971598186691532,
        -2.0245798641232895
      ],
      [
        0.0,
        0.0,
        0.0,
        1.0
      ]
    ],
    "location": [
      12.931832014244264,
      -60.31654150935174,
      -2.0245798641232895
    ],
    "rotation": [
      -0.013676767022252234,
      -0.0741373216042601,
      1.6680087600652962
    ]
  },
  {
    "label_id": "XTMzNjFN6loAGtAeqDbMFQ",
    "size": [
      1.9310634560414772,
      4.406664057061882,
      1.8200000000000074
    ],
    "obj_class": "vehicle",
    "point_num_in_lidar": 37,
    "speed": 5.684341886080801e-13,
    "if_vehicle": true,
    "motion_state": false,
    "pose": [
      [
        0.9998104390990028,
        -0.018380070283031468,
        -0.0064233079523000475,
        34.64820494826927
      ],
      [
        0.017846688704520285,
        0.9970207914359823,
        -0.07504023685098168,
        -50.478470177651616
      ],
      [
        0.007783416405615605,
        0.07491137737859521,
        0.9971598186691532,
        -3.4069435745249734
      ],
      [
        0.0,
        0.0,
        0.0,
        1.0
      ]
    ],
    "location": [
      34.64820494826927,
      -50.478470177651616,
      -3.4069435745249734
    ],
    "rotation": [
      0.07498389406642897,
      -0.007783494996357002,
      0.017848176915738815
    ]
  },
  {
    "label_id": "Xdp9cG1A6O1XIB3PfScqpw",
    "size": [
      2.0420978383014248,
      4.4520255683458885,
      1.6800000000000068
    ],
    "obj_class": "vehicle",
    "point_num_in_lidar": 340,
    "speed": 1.9945885082418897e-12,
    "if_vehicle": true,
    "motion_state": false,
    "pose": [
      [
        0.9917851518016588,
        -0.12775348833088843,
        -0.0064233079523000475,
        -12.00280976826707
      ],
      [
        0.12691783480726992,
        0.989070688101302,
        -0.07504023685098168,
        -53.981340460830324
      ],
      [
        0.015939757639156966,
        0.07360856035887708,
        0.9971598186691532,
        -1.0451699675737487
      ],
      [
        0.0,
        0.0,
        0.0,
        1.0
      ]
    ],
    "location": [
      -12.00280976826707,
      -53.981340460830324,
      -1.0451699675737487
    ],
    "rotation": [
      0.07368457249106655,
      -0.01594043270098361,
      0.1272773215420678
    ]
  },
  {
    "label_id": "fTkle-_z0hVaJSenTo_ASw",
    "size": [
      2.1032767013879394,
      4.170778679273994,
      1.5900000000000034
    ],
    "obj_class": "vehicle",
    "point_num_in_lidar": 183,
    "speed": 1.4210854715202004e-13,
    "if_vehicle": true,
    "motion_state": false,
    "pose": [
      [
        0.12781996679802446,
        0.9917765863351997,
        -0.0064233079523000475,
        1.660451842351904
      ],
      [
        -0.9890621786542871,
        0.12698413132743616,
        -0.07504023685098168,
        -65.82570000240412
      ],
      [
        -0.07360749176128005,
        0.015944691540277663,
        0.9971598186691532,
        -1.432907256619096
      ],
      [
        0.0,
        0.0,
        0.0,
        1.0
      ]
    ],
    "location": [
      1.660451842351904,
      -65.82570000240412,
      -1.432907256619096
    ],
    "rotation": [
      0.01598874374869464,
      0.07367412268020661,
      -1.4422751581689315
    ]
  },
  {
    "label_id": "kRzXo00PPTp8ZrCoW6TMJA",
    "size": [
      2.2822951130076223,
      4.987303803010824,
      1.6200000000000045
    ],
    "obj_class": "vehicle",
    "point_num_in_lidar": 89,
    "speed": 1.718573603063735e-12,
    "if_vehicle": true,
    "motion_state": false,
    "pose": [
      [
        -0.9941349671132214,
        -0.10795558474550623,
        -0.0064233079523000475,
        26.521821649388585
      ],
      [
        0.10813261230601204,
        -0.9913003081857819,
        -0.07504023685098168,
        -42.76918571261558
      ],
      [
        0.0017335854960017936,
        -0.07529469246254722,
        0.9971598186691532,
        -2.9500707070708145
      ],
      [
        0.0,
        0.0,
        0.0,
        1.0
      ]
    ],
    "location": [
      26.521821649388585,
      -42.76918571261558,
      -2.9500707070708145
    ],
    "rotation": [
      -0.07536613262818233,
      -0.001733586364332445,
      3.033248034936267
    ]
  },
  {
    "label_id": "lbu1CkOusaTDoTSTMj2e2A",
    "size": [
      1.9129179797535905,
      4.032730676179802,
      1.730000000000004
    ],
    "obj_class": "vehicle",
    "point_num_in_lidar": 1033,
    "speed": 7.105427357601002e-14,
    "if_vehicle": true,
    "motion_state": false,
    "pose": [
      [
        -0.9973531576524187,
        0.07242527207887757,
        -0.0064233079523000475,
        -10.392902789600612
      ],
      [
        -0.0717418004051751,
        -0.9945964392294858,
        -0.07504023685098168,
        -45.39587020147883
      ],
      [
        -0.011823408788227832,
        -0.07438079749725711,
        0.9971598186691532,
        -1.3400337178398871
      ],
      [
        0.0,
        0.0,
        0.0,
        1.0
      ]
    ],
    "location": [
      -10.392902789600612,
      -45.39587020147883,
      -1.3400337178398871
    ],
    "rotation": [
      -0.07445476809136763,
      0.011823684277179999,
      -3.069784141084034
    ]
  },
  {
    "label_id": "mIOM1SbDB7axPOdsgpm1fA",
    "size": [
      2.017390268612375,
      4.505411291172341,
      1.8000000000000043
    ],
    "obj_class": "vehicle",
    "point_num_in_lidar": 240,
    "speed": 5.728578676879116e-13,
    "if_vehicle": true,
    "motion_state": false,
    "pose": [
      [
        0.9977623019332088,
        -0.06655170888785754,
        -0.0064233079523000475,
        26.149440494085866
      ],
      [
        0.06588448032195646,
        0.9950016070871716,
        -0.07504023685098168,
        -50.968294050177064
      ],
      [
        0.011385257733136771,
        0.07444912315166352,
        0.9971598186691532,
        -2.800070707070539
      ],
      [
        0.0,
        0.0,
        0.0,
        1.0
      ]
    ],
    "location": [
      26.149440494085866,
      -50.968294050177064,
      -2.800070707070539
    ],
    "rotation": [
      0.07452290886772439,
      -0.01138550371477113,
      0.06593651833008765
    ]
  },
  {
    "label_id": "npFpFlBhi1zaoOJx_kni3w",
    "size": [
      2.142391775633585,
      4.7986056735139995,
      2.1099999999999994
    ],
    "obj_class": "vehicle",
    "point_num_in_lidar": 8662,
    "speed": 4.973799150320701e-13,
    "if_vehicle": true,
    "motion_state": false,
    "pose": [
      [
        0.0939435401029788,
        0.9955568052039371,
        -0.0064233079523000475,
        -1.4559282328200425
      ],
      [
        -0.9928154872137321,
        0.09320070387023996,
        -0.07504023685098168,
        -23.03995605644741
      ],
      [
        -0.07410816163878041,
        0.013426705114133838,
        0.9971598186691532,
        -0.7302308203922436
      ],
      [
        0.0,
        0.0,
        0.0,
        1.0
      ]
    ],
    "location": [
      -1.4559282328200425,
      -23.03995605644741,
      -0.7302308203922436
    ],
    "rotation": [
      0.013464134343251426,
      0.07417616374718311,
      -1.4764538624152703
    ]
  },
  {
    "label_id": "pojeGZeFwPbiZNdyGZOaag",
    "size": [
      0.7731559369218927,
      0.09735684662155109,
      0.9500000000000028
    ],
    "obj_class": "sign",
    "point_num_in_lidar": 91,
    "speed": 2.8421709430404007e-13,
    "if_vehicle": false,
    "motion_state": false,
    "pose": [
      [
        0.10692973529389378,
        0.9942458311830771,
        -0.0064233079523000475,
        12.62470697461822
      ],
      [
        -0.9915144423482939,
        0.106151182132374,
        -0.07504023685098168,
        -34.88942272193344
      ],
      [
        -0.07392660092774234,
        0.01439283526522271,
        0.9971598186691532,
        0.06316118029711504
      ],
      [
        0.0,
        0.0,
        0.0,
        1.0
      ]
    ],
    "location": [
      12.62470697461822,
      -34.88942272193344,
      0.06316118029711504
    ],
    "rotation": [
      0.014432827725410522,
      0.07399410363617141,
      -1.4633666711772002
    ]
  },
  {
    "label_id": "t8L8-W5u8RYlt5pJLSgtgA",
    "size": [
      2.27304439114743,
      4.8845576947807015,
      2.030000000000001
    ],
    "obj_class": "vehicle",
    "point_num_in_lidar": 2610,
    "speed": 2.929642751054232e-13,
    "if_vehicle": true,
    "motion_state": false,
    "pose": [
      [
        0.07711042537998314,
        0.9970018673065101,
        -0.0064233079523000475,
        2.8045982438698047
      ],
      [
        -0.9942483905263374,
        0.07641400911571254,
        -0.07504023685098168,
        -34.57790449268214
      ],
      [
        -0.07432442555113146,
        0.012172748177623231,
        0.9971598186691532,
        -1.4192926270017452
      ],
      [
        0.0,
        0.0,
        0.0,
        1.0
      ]
    ],
    "location": [
      2.8045982438698047,
      -34.57790449268214,
      -1.4192926270017452
    ],
    "rotation": [
      0.012206813129040149,
      0.07439302572886375,
      -1.4933947689693399
    ]
  },
  {
    "label_id": "w04VmayxYYLOx05LrLxWeQ",
    "size": [
      1.8510491085093723,
      4.268809587886161,
      1.6800000000000068
    ],
    "obj_class": "vehicle",
    "point_num_in_lidar": 529,
    "speed": 0.004245577252651038,
    "if_vehicle": true,
    "motion_state": false,
    "pose": [
      [
        0.9917247698967485,
        -0.12822137843663678,
        -0.0064233079523000475,
        -7.586976926364514
      ],
      [
        0.12738444437653934,
        0.9890107007430349,
        -0.07504023685098168,
        -53.53925975077436
      ],
      [
        0.01597448290623716,
        0.07360103210947418,
        0.9971598186691532,
        -1.5171161351744331
      ],
      [
        0.0,
        0.0,
        0.0,
        1.0
      ]
    ],
    "location": [
      -7.586976926364514,
      -53.53925975077436,
      -1.5171161351744331
    ],
    "rotation": [
      0.07367706371129647,
      -0.015975162389951975,
      0.12774788136119342
    ]
  }
]