[
  {
    "label_id": "88UyQvdqq5nAAKpHlxro9g",
    "size": [
      0.790692321184198,
      0.984406265485531,
      1.7900000000000063
    ],
    "obj_class": "pedestrian",
    "point_num_in_lidar": 205,
    "speed": 1.4160390595130463,
    "if_vehicle": false,
    "motion_state": true,
    "pose": [
      [
        0.032429135495725125,
        0.9994137182388299,
        -0.010980481184201286,
        14.736927079404722
      ],
      [
        -0.9962759472321153,
        0.03144525250070898,
        -0.08028345447175111,
        -14.0731515326097
      ],
      [
        -0.0798911017432541,
        0.013543112315983851,
        0.9967115911692036,
        -0.39811700661345384
      ],
      [
        0.0,
        0.0,
        0.0,
        1.0
      ]
    ],
    "location": [
      14.736927079404722,
      -14.0731515326097,
      -0.39811700661345384
    ],
    "rotation": [
      0.013586958402324652,
      0.07997633209956531,
      -1.538257460735855
    ]
  },
  {
    "label_id": "AxQ1JMlpiNju7L2Sr9YzTg",
    "size": [
      2.022417549921993,
      4.35033917273071,
      1.7100000000000009
    ],
    "obj_class": "vehicle",
    "point_num_in_lidar": 1073,
    "speed": 0.004900770932173972,
    "if_vehicle": true,
    "motion_state": false,
    "pose": [
      [
        -0.12996541530376185,
        -0.991457724695251,
        -0.010980481184201286,
        10.85159847399882
      ],
      [
        0.9884311535948275,
        -0.12867953038957197,
        -0.08028345447175111,
        -34.74201572335551
      ],
      [
        0.07818468793900257,
        -0.021287522186368164,
        0.9967115911692036,
        -1.7881206503138074
      ],
      [
        0.0,
        0.0,
        0.0,
        1.0
      ]
    ],
    "location": [
      10.85159847399882,
      -34.74201572335551,
      -1.7881206503138074
    ],
    "rotation": [
      -0.021354508632670743,
      -0.07826456300547209,
      1.7015329098025316
    ]
  },
  {
    "label_id": "BnQoCLZEVtgkX7FZoLLJKg",
    "size": [
      1.9923887929877595,
      4.393712393668999,
      2.299999999999997
    ],
    "obj_class": "vehicle",
    "point_num_in_lidar": 503,
    "speed": 1.4281732235759946e-12,
    "if_vehicle": true,
    "motion_state": false,
    "pose": [
      [
        0.9976021090346204,
        -0.0683334550761246,
        -0.010980481184201286,
        21.04377339521534
      ],
      [
        0.06723741652120016,
        0.9945017329083127,
        -0.08028345447175111,
        -51.35442170227179
      ],
      [
        0.0164061533953568,
        0.0793526443146185,
        0.9967115911692036,
        -2.3110174508429253
      ],
      [
        0.0,
        0.0,
        0.0,
        1.0
      ]
    ],
    "location": [
      21.04377339521534,
      -51.35442170227179,
      -2.3110174508429253
    ],
    "rotation": [
      0.07944687499533191,
      -0.016406889469668163,
      0.06729725303658986
    ]
  },
  {
    "label_id": "K2N4M6EbjRN45GBcmjjbIA",
    "size": [
      2.0846533812860293,
      4.1616977405859625,
      1.8000000000000043
    ],
    "obj_class": "vehicle",
    "point_num_in_lidar": 267,
    "speed": 0.0013444907433082412,
    "if_vehicle": true,
    "motion_state": false,
    "pose": [
      [
        -0.09678893952238707,
        -0.9952443570395639,
        -0.010980481184201286,
        12.926844697156412
      ],
      [
        0.9921765387744982,
        -0.09560482646571186,
        -0.08028345447175111,
        -60.32322076595119
      ],
      [
        0.07885186802852746,
        -0.01866512623493397,
        0.9967115911692036,
        -1.9905299223385455
      ],
      [
        0.0,
        0.0,
        0.0,
        1.0
      ]
    ],
    "location": [
      12.926844697156412,
      -60.32322076595119,
      -1.9905299223385455
    ],
    "rotation": [
      -0.01872451867814943,
      -0.07893380928898328,
      1.6680407676502944
    ]
  },
  {
    "label_id": "XTMzNjFN6loAGtAeqDbMFQ",
    "size": [
      1.9310634560414754,
      4.406664057061882,
      1.8200000000000074
    ],
    "obj_class": "vehicle",
    "point_num_in_lidar": 26,
    "speed": 7.38963552184887e-29,
    "if_vehicle": true,
    "motion_state": false,
    "pose": [
      [
        0.9997707881530751,
        -0.018379341357685066,
        -0.010980481184201286,
        34.64820494826972
      ],
      [
        0.01743965638618974,
        0.9966194987673148,
        -0.08028345447175111,
        -50.478470177653435
      ],
      [
        0.012418918669133097,
        0.08007355673406664,
        0.9967115911692036,
        -3.406943574525002
      ],
      [
        0.0,
        0.0,
        0.0,
        1.0
      ]
    ],
    "location": [
      34.64820494826972,
      -50.478470177653435,
      -3.406943574525002
    ],
    "rotation": [
      0.08016556896748482,
      -0.012419237918644719,
      0.017441885743358684
    ]
  },
  {
    "label_id": "Xdp9cG1A6O1XIB3PfScqpw",
    "size": [
      2.042097838301429,
      4.4520255683458885,
      1.6800000000000068
    ],
    "obj_class": "vehicle",
    "point_num_in_lidar": 285,
    "speed": 1.9945885082418897e-12,
    "if_vehicle": true,
    "motion_state": false,
    "pose": [
      [
        0.9917458191262956,
        -0.12774842182381937,
        -0.010980481184201286,
        -12.002809768267525
      ],
      [
        0.12646930683185242,
        0.9887163806509696,
        -0.08028345447175111,
        -53.981340460830324
      ],
      [
        0.02111266622158023,
        0.07823208647332933,
        0.9967115911692036,
        -0.9178853509674951
      ],
      [
        0.0,
        0.0,
        0.0,
        1.0
      ]
    ],
    "location": [
      -12.002809768267525,
      -53.981340460830324,
      -0.9178853509674951
    ],
    "rotation": [
      0.07832960239687586,
      -0.021114235012700565,
      0.1268373161952696
    ]
  },
  {
    "label_id": "fTkle-_z0hVaJSenTo_ASw",
    "size": [
      2.1032767013879403,
      4.170778679273994,
      1.5900000000000034
    ],
    "obj_class": "vehicle",
    "point_num_in_lidar": 152,
    "speed": 1.4210854715202004e-13,
    "if_vehicle": true,
    "motion_state": false,
    "pose": [
      [
        0.12781489765452156,
        0.9917372539995296,
        -0.010980481184201286,
        1.660451842351904
      ],
      [
        -0.9887079012693074,
        0.12653557960401385,
        -0.08028345447175111,
        -65.82570000240412
      ],
      [
        -0.07823067112843682,
        0.02111791002321708,
        0.9967115911692036,
        -1.3703113563061535
      ],
      [
        0.0,
        0.0,
        0.0,
        1.0
      ]
    ],
    "location": [
      1.660451842351904,
      -65.82570000240412,
      -1.3703113563061535
    ],
    "rotation": [
      0.021184413848010303,
      0.07831068747005343,
      -1.4422346544730809
    ]
  },
  {
    "label_id": "kRzXo00PPTp8ZrCoW6TMJA",
    "size": [
      2.2822951130076246,
      4.987303803010824,
      1.6200000000000045
    ],
    "obj_class": "vehicle",
    "point_num_in_lidar": 60,
    "speed": 1.718573603063735e-12,
    "if_vehicle": true,
    "motion_state": false,
    "pose": [
      [
        -0.9940955412477932,
        -0.10795130339287401,
        -0.010980481184201286,
        26.521821649389494
      ],
      [
        0.10848574148420252,
        -0.9908508519614366,
        -0.08028345447175111,
        -42.76918571261558
      ],
      [
        -0.0022133155852043776,
        -0.0810006497694594,
        0.9967115911692036,
        -2.9500707070707293
      ],
      [
        0.0,
        0.0,
        0.0,
        1.0
      ]
    ],
    "location": [
      26.521821649389494,
      -42.76918571261558,
      -2.9500707070707293
    ],
    "rotation": [
      -0.08108968700271971,
      0.002213317392294173,
      3.0328927122387714
    ]
  },
  {
    "label_id": "lbu1CkOusaTDoTSTMj2e2A",
    "size": [
      1.9129179797535913,
      4.032730676179802,
      1.730000000000004
    ],
    "obj_class": "vehicle",
    "point_num_in_lidar": 872,
    "speed": 7.105427357601002e-14,
    "if_vehicle": true,
    "motion_state": false,
    "pose": [
      [
        -0.997313604158498,
        0.07242239980385894,
        -0.010980481184201286,
        -10.392902789600157
      ],
      [
        -0.07131366093546494,
        -0.9942177471268876,
        -0.08028345447175111,
        -45.39587020147883
      ],
      [
        -0.016731309702713845,
        -0.07928472302143841,
        0.9967115911692036,
        -1.3216635843604365
      ],
      [
        0.0,
        0.0,
        0.0,
        1.0
      ]
    ],
    "location": [
      -10.392902789600157,
      -45.39587020147883,
      -1.3216635843604365
    ],
    "rotation": [
      -0.07937915846355321,
      0.016732090419071304,
      -3.0702083987477407
    ]
  },
  {
    "label_id": "mIOM1SbDB7axPOdsgpm1fA",
    "size": [
      2.017390268612379,
      4.505411291172341,
      1.8000000000000043
    ],
    "obj_class": "vehicle",
    "point_num_in_lidar": 189,
    "speed": 5.728578676879116e-13,
    "if_vehicle": true,
    "motion_state": false,
    "pose": [
      [
        0.9977227322132545,
        -0.06654906954933214,
        -0.010980481184201286,
        26.14944049408632
      ],
      [
        0.06545857797176838,
        0.9946204007097362,
        -0.08028345447175111,
        -50.968294050177064
      ],
      [
        0.016264199790717207,
        0.07938186086331037,
        0.9967115911692036,
        -2.800070707070489
      ],
      [
        0.0,
        0.0,
        0.0,
        1.0
      ]
    ],
    "location": [
      26.14944049408632,
      -50.968294050177064,
      -2.800070707070489
    ],
    "rotation": [
      0.07947600324074057,
      -0.016264916921810528,
      0.065514092788527
    ]
  },
  {
    "label_id": "npFpFlBhi1zaoOJx_kni3w",
    "size": [
      2.142391775633584,
      4.7986056735139995,
      2.1099999999999994
    ],
    "obj_class": "vehicle",
    "point_num_in_lidar": 9126,
    "speed": 4.973799150320701e-13,
    "if_vehicle": true,
    "motion_state": false,
    "pose": [
      [
        0.09393981444651117,
        0.9955173229505945,
        -0.010980481184201286,
        -1.4559282328200425
      ],
      [
        -0.9924461279176908,
        0.09276448738210426,
        -0.08028345447175111,
        -23.039956056451047
      ],
      [
        -0.07890497096468234,
        0.018439348850134853,
        0.9967115911692036,
        -0.676109064992005
      ],
      [
        0.0,
        0.0,
        0.0,
        1.0
      ]
    ],
    "location": [
      -1.4559282328200425,
      -23.039956056451047,
      -0.676109064992005
    ],
    "rotation": [
      0.01849807485025676,
      0.07898707819809438,
      -1.4764226796829059
    ]
  },
  {
    "label_id": "pojeGZeFwPbiZNdyGZOaag",
    "size": [
      0.7731559369218935,
      0.09735684662155109,
      0.9500000000000028
    ],
    "obj_class": "sign",
    "point_num_in_lidar": 84,
    "speed": 2.8421709430404007e-13,
    "if_vehicle": false,
    "motion_state": false,
    "pose": [
      [
        0.10692549462490486,
        0.994206400920947,
        -0.010980481184201286,
        12.62470697461913
      ],
      [
        -0.9911508080965021,
        0.10571018185460224,
        -0.08028345447175111,
        -34.88942272193526
      ],
      [
        -0.07865757566102742,
        0.019467660878597557,
        0.9967115911692036,
        0.10355810481900818
      ],
      [
        0.0,
        0.0,
        0.0,
        1.0
      ]
    ],
    "location": [
      12.62470697461913,
      -34.88942272193526,
      0.10355810481900818
    ],
    "rotation": [
      0.019529406514691844,
      0.07873891157341589,
      -1.4633317893207418
    ]
  },
  {
    "label_id": "t8L8-W5u8RYlt5pJLSgtgA",
    "size": [
      2.2730443911477103,
      4.8845576947807015,
      2.030000000000001
    ],
    "obj_class": "vehicle",
    "point_num_in_lidar": 2151,
    "speed": 2.929642751054232e-13,
    "if_vehicle": true,
    "motion_state": false,
    "pose": [
      [
        0.07710736730057327,
        0.9969623277441018,
        -0.010980481184201286,
        2.80459824386935
      ],
      [
        -0.9938717141690261,
        0.07598409513051925,
        -0.08028345447175111,
        -34.57790449268214
      ],
      [
        -0.07920523772261537,
        0.017103635469055033,
        0.9967115911692036,
        -1.3694378253357087
      ],
      [
        0.0,
        0.0,
        0.0,
        1.0
      ]
    ],
    "location": [
      2.80459824386935,
      -34.57790449268214,
      -1.3694378253357087
    ],
    "rotation": [
      0.017158380712831624,
      0.07928828766825707,
      -1.4933686094743812
    ]
  },
  {
    "label_id": "w04VmayxYYLOx05LrLxWeQ",
    "size": [
      1.8510491085093712,
      4.268809587886161,
      1.6800000000000068
    ],
    "obj_class": "vehicle",
    "point_num_in_lidar": 434,
    "speed": 0.004023497277067678,
    "if_vehicle": true,
    "motion_state": false,
    "pose": [
      [
        0.9916854396160388,
        -0.12821629337376414,
        -0.010980481184201286,
        -7.613082130550538
      ],
      [
        0.12693574929589493,
        0.9886566049386268,
        -0.08028345447175111,
        -53.54263492639802
      ],
      [
        0.021149572199774192,
        0.07822211723496668,
        0.9967115911692036,
        -1.5722827497622234
      ],
      [
        0.0,
        0.0,
        0.0,
        1.0
      ]
    ],
    "location": [
      -7.613082130550538,
      -53.54263492639802,
      -1.5722827497622234
    ],
    "rotation": [
      0.07831966150259127,
      -0.021151149233363253,
      0.1273077547933789
    ]
  }
]