[
  {
    "label_id": "88UyQvdqq5nAAKpHlxro9g",
    "size": [
      0.790692321184285,
      0.984406265485531,
      1.7900000000000063
    ],
    "obj_class": "pedestrian",
    "point_num_in_lidar": 241,
    "speed": 1.4287228831338632,
    "if_vehicle": false,
    "motion_state": true,
    "pose": [
      [
        0.036566473553714,
        0.9992947281263839,
        -0.008540453773792946,
        14.765746534060781
      ],
      [
        -0.9961684599935449,
        0.035770020743563585,
        -0.0798054191774862,
        -14.973253272371949
      ],
      [
        -0.07944364245133015,
        0.011425933433281986,
        0.996773873914863,
        -0.47992311677807464
      ],
      [
        0.0,
        0.0,
        0.0,
        1.0
      ]
    ],
    "location": [
      14.765746534060781,
      -14.973253272371949,
      -0.47992311677807464
    ],
    "rotation": [
      0.011462412209960929,
      0.07952744602097911,
      -1.5341056816768488
    ]
  },
  {
    "label_id": "AxQ1JMlpiNju7L2Sr9YzTg",
    "size": [
      2.0224175499219945,
      4.35033917273071,
      1.7100000000000009
    ],
    "obj_class": "vehicle",
    "point_num_in_lidar": 1194,
    "speed": 0.004900770928210215,
    "if_vehicle": true,
    "motion_state": false,
    "pose": [
      [
        -0.1299685108715383,
        -0.9914813396283223,
        -0.008540453773792946,
        10.851216281035704
      ],
      [
        0.9884433754555461,
        -0.12888284830787997,
        -0.0798054191774862,
        -34.73910011566295
      ],
      [
        0.0780248659074856,
        -0.01881394644606674,
        0.996773873914863,
        -1.795276259690013
      ],
      [
        0.0,
        0.0,
        0.0,
        1.0
      ]
    ],
    "location": [
      10.851216281035704,
      -34.73910011566295,
      -1.795276259690013
    ],
    "rotation": [
      -0.018872598088481404,
      -0.07810425124634522,
      1.7015343901697326
    ]
  },
  {
    "label_id": "BnQoCLZEVtgkX7FZoLLJKg",
    "size": [
      1.9923887929877642,
      4.393712393668999,
      2.299999999999997
    ],
    "obj_class": "vehicle",
    "point_num_in_lidar": 532,
    "speed": 1.4281732235759946e-12,
    "if_vehicle": true,
    "motion_state": false,
    "pose": [
      [
        0.9976258703170734,
        -0.06833508266944412,
        -0.008540453773792946,
        21.043773395215794
      ],
      [
        0.06743958772930453,
        0.9945265190415021,
        -0.0798054191774862,
        -51.35442170227179
      ],
      [
        0.013947217679648316,
        0.07903998608143274,
        0.996773873914863,
        -2.3258793336174293
      ],
      [
        0.0,
        0.0,
        0.0,
        1.0
      ]
    ],
    "location": [
      21.043773395215794,
      -51.35442170227179,
      -2.3258793336174293
    ],
    "rotation": [
      0.07913022919193545,
      -0.013947669899378274,
      0.06749738821442572
    ]
  },
  {
    "label_id": "K2N4M6EbjRN45GBcmjjbIA",
    "size": [
      2.0846533812860306,
      4.1616977405859625,
      1.8000000000000043
    ],
    "obj_class": "vehicle",
    "point_num_in_lidar": 272,
    "speed": 0.001344490720628613,
    "if_vehicle": true,
    "motion_state": false,
    "pose": [
      [
        -0.09679124487970785,
        -0.9952680621641459,
        -0.008540453773792946,
        12.927327356873775
      ],
      [
        0.9921955424493836,
        -0.09580762294034403,
        -0.0798054191774862,
        -60.322574364679895
      ],
      [
        0.07860954432007505,
        -0.016198266035188175,
        0.996773873914863,
        -1.9938251881096747
      ],
      [
        0.0,
        0.0,
        0.0,
        1.0
      ]
    ],
    "location": [
      12.927327356873775,
      -60.322574364679895,
      -1.9938251881096747
    ],
    "rotation": [
      -0.016249262524321517,
      -0.07869073104568189,
      1.668041218420318
    ]
  },
  {
    "label_id": "XTMzNjFN6loAGtAeqDbMFQ",
    "size": [
      1.9310634560414806,
      4.406664057061882,
      1.8200000000000074
    ],
    "obj_class": "vehicle",
    "point_num_in_lidar": 37,
    "speed": 5.684341886080801e-13,
    "if_vehicle": true,
    "motion_state": false,
    "pose": [
      [
        0.9997946010899871,
        -0.018379779124121035,
        -0.008540453773792946,
        34.64820494826972
      ],
      [
        0.017640335815164023,
        0.9966543601581414,
        -0.0798054191774862,
        -50.478470177651616
      ],
      [
        0.00997868646876988,
        0.07963837075879042,
        0.996773873914863,
        -3.4069435745248597
      ],
      [
        0.0,
        0.0,
        0.0,
        1.0
      ]
    ],
    "location": [
      34.64820494826972,
      -50.478470177651616,
      -3.4069435745248597
    ],
    "rotation": [
      0.07972677116214259,
      -0.009978852079450559,
      0.01764212929748587
    ]
  },
  {
    "label_id": "Xdp9cG1A6O1XIB3PfScqpw",
    "size": [
      2.04209783830143,
      4.4520255683458885,
      1.6800000000000068
    ],
    "obj_class": "vehicle",
    "point_num_in_lidar": 295,
    "speed": 1.9945885082418897e-12,
    "if_vehicle": true,
    "motion_state": false,
    "pose": [
      [
        0.9917694409213141,
        -0.12775146458636724,
        -0.008540453773792946,
        -12.00280976826707
      ],
      [
        0.12667259691676735,
        0.988729057052673,
        -0.0798054191774862,
        -53.981340460830324
      ],
      [
        0.01863945398841706,
        0.07806673450177265,
        0.996773873914863,
        -0.9302036287190845
      ],
      [
        0.0,
        0.0,
        0.0,
        1.0
      ]
    ],
    "location": [
      -12.00280976826707,
      -53.981340460830324,
      -0.9302036287190845
    ],
    "rotation": [
      0.0781598543401726,
      -0.018640533472433215,
      0.12703601965976186
    ]
  },
  {
    "label_id": "fTkle-_z0hVaJSenTo_ASw",
    "size": [
      2.10327670138794,
      4.170778679273994,
      1.5900000000000034
    ],
    "obj_class": "vehicle",
    "point_num_in_lidar": 153,
    "speed": 1.4210854715202004e-13,
    "if_vehicle": true,
    "motion_state": false,
    "pose": [
      [
        0.12781794200041754,
        0.9917608755905406,
        -0.008540453773792946,
        1.660451842351904
      ],
      [
        -0.9887205640445718,
        0.12673887053816402,
        -0.0798054191774862,
        -65.82570000240594
      ],
      [
        -0.07806548493515991,
        0.018644686712168092,
        0.996773873914863,
        -1.3763692265083236
      ],
      [
        0.0,
        0.0,
        0.0,
        1.0
      ]
    ],
    "location": [
      1.660451842351904,
      -65.82570000240594,
      -1.3763692265083236
    ],
    "rotation": [
      0.01870285046578788,
      0.07814499454828416,
      -1.4422332544454142
    ]
  },
  {
    "label_id": "kRzXo00PPTp8ZrCoW6TMJA",
    "size": [
      2.2822951130076286,
      4.987303803010824,
      1.6200000000000045
    ],
    "obj_class": "vehicle",
    "point_num_in_lidar": 86,
    "speed": 1.718573603063735e-12,
    "if_vehicle": true,
    "motion_state": false,
    "pose": [
      [
        -0.9941192190094246,
        -0.10795387461980865,
        -0.008540453773792946,
        26.52182164938904
      ],
      [
        0.10829106679205955,
        -0.9909107628454458,
        -0.0798054191774862,
        -42.76918571261558
      ],
      [
        0.00015247665183218645,
        -0.08026095583549465,
        0.996773873914863,
        -2.950070707070637
      ],
      [
        0.0,
        0.0,
        0.0,
        1.0
      ]
    ],
    "location": [
      26.52182164938904,
      -42.76918571261558,
      -2.950070707070637
    ],
    "rotation": [
      -0.08034737864695185,
      -0.00015247665242301136,
      3.033088806665599
    ]
  },
  {
    "label_id": "lbu1CkOusaTDoTSTMj2e2A",
    "size": [
      1.9129179797535878,
      4.032730676179802,
      1.730000000000004
    ],
    "obj_class": "vehicle",
    "point_num_in_lidar": 962,
    "speed": 7.105427357601002e-14,
    "if_vehicle": true,
    "motion_state": false,
    "pose": [
      [
        -0.9973373585692276,
        0.07242412478928427,
        -0.008540453773792946,
        -10.392902789599702
      ],
      [
        -0.07151593205185497,
        -0.9942417042815395,
        -0.0798054191774862,
        -45.39587020147883
      ],
      [
        -0.014271112952765003,
        -0.07898214745020547,
        0.996773873914863,
        -1.3234413986207514
      ],
      [
        0.0,
        0.0,
        0.0,
        1.0
      ]
    ],
    "location": [
      -10.392902789599702,
      -45.39587020147883,
      -1.3234413986207514
    ],
    "rotation": [
      -0.07907256567488773,
      0.014271597417406636,
      -3.070008316644157
    ]
  },
  {
    "label_id": "mIOM1SbDB7axPOdsgpm1fA",
    "size": [
      2.017390268612381,
      4.505411291172341,
      1.8000000000000043
    ],
    "obj_class": "vehicle",
    "point_num_in_lidar": 206,
    "speed": 5.728578676879116e-13,
    "if_vehicle": true,
    "motion_state": false,
    "pose": [
      [
        0.9977464963687582,
        -0.06655065464144902,
        -0.008540453773792946,
        26.149440494085866
      ],
      [
        0.0656607045248917,
        0.99464554839963,
        -0.0798054191774862,
        -50.968294050177064
      ],
      [
        0.013805827217612929,
        0.07906480516382744,
        0.996773873914863,
        -2.800070707070333
      ],
      [
        0.0,
        0.0,
        0.0,
        1.0
      ]
    ],
    "location": [
      26.149440494085866,
      -50.968294050177064,
      -2.800070707070333
    ],
    "rotation": [
      0.0791549729695765,
      -0.013806265822335262,
      0.06571424902706902
    ]
  },
  {
    "label_id": "npFpFlBhi1zaoOJx_kni3w",
    "size": [
      2.142391775633584,
      4.7986056735139995,
      2.1099999999999994
    ],
    "obj_class": "vehicle",
    "point_num_in_lidar": 8688,
    "speed": 4.973799150320701e-13,
    "if_vehicle": true,
    "motion_state": false,
    "pose": [
      [
        0.0939420519422469,
        0.9955410345767862,
        -0.008540453773792946,
        -1.4559282328195877
      ],
      [
        -0.9924657119873608,
        0.09296722863098981,
        -0.0798054191774862,
        -23.039956056449228
      ],
      [
        -0.0786555872541881,
        0.015973192368946752,
        0.996773873914863,
        -0.6813468292493425
      ],
      [
        0.0,
        0.0,
        0.0,
        1.0
      ]
    ],
    "location": [
      -1.4559282328195877,
      -23.039956056449228,
      -0.6813468292493425
    ],
    "rotation": [
      0.01602351918284864,
      0.07873691698689193,
      -1.476422296434223
    ]
  },
  {
    "label_id": "pojeGZeFwPbiZNdyGZOaag",
    "size": [
      0.7731559369218941,
      0.09735684662155109,
      0.9500000000000028
    ],
    "obj_class": "sign",
    "point_num_in_lidar": 76,
    "speed": 2.8421709430404007e-13,
    "if_vehicle": false,
    "motion_state": false,
    "pose": [
      [
        0.10692804141869436,
        0.9942300813230807,
        -0.008540453773792946,
        12.62470697461913
      ],
      [
        -0.9911677442804202,
        0.10591316144827913,
        -0.0798054191774862,
        -34.88942272193526
      ],
      [
        -0.07844040193946936,
        0.016998459469348064,
        0.996773873914863,
        0.09699077798428135
      ],
      [
        0.0,
        0.0,
        0.0,
        1.0
      ]
    ],
    "location": [
      12.62470697461913,
      -34.88942272193526,
      0.09699077798428135
    ],
    "rotation": [
      0.01705182325201573,
      0.0785210647603007,
      -1.4633310715452188
    ]
  },
  {
    "label_id": "t8L8-W5u8RYlt5pJLSgtgA",
    "size": [
      2.2730443911477103,
      4.8845576947807015,
      2.030000000000001
    ],
    "obj_class": "vehicle",
    "point_num_in_lidar": 2382,
    "speed": 2.929642751054232e-13,
    "if_vehicle": true,
    "motion_state": false,
    "pose": [
      [
        0.07710920387441145,
        0.9969860737879904,
        -0.008540453773792946,
        2.8045982438702595
      ],
      [
        -0.993894720710946,
        0.07618647657436621,
        -0.0798054191774862,
        -34.57790449268214
      ],
      [
        -0.07891422445139523,
        0.014642044255888331,
        0.996773873914863,
        -1.3742626447878408
      ],
      [
        0.0,
        0.0,
        0.0,
        1.0
      ]
    ],
    "location": [
      2.8045982438702595,
      -34.57790449268214,
      -1.3742626447878408
    ],
    "rotation": [
      0.014688377800097817,
      0.07899636062950739,
      -1.4933685578065228
    ]
  },
  {
    "label_id": "w04VmayxYYLOx05LrLxWeQ",
    "size": [
      1.851049108509372,
      4.268809587886161,
      1.6800000000000068
    ],
    "obj_class": "vehicle",
    "point_num_in_lidar": 500,
    "speed": 0.004245577287447429,
    "if_vehicle": true,
    "motion_state": false,
    "pose": [
      [
        0.9917090599729145,
        -0.12821934728026113,
        -0.008540453773792946,
        -7.6105557360465355
      ],
      [
        0.12713904533865703,
        0.9886691854307388,
        -0.0798054191774862,
        -53.5423082855832
      ],
      [
        0.018676282232109664,
        0.07805793209369027,
        0.996773873914863,
        -1.566943866720088
      ],
      [
        0.0,
        0.0,
        0.0,
        1.0
      ]
    ],
    "location": [
      -7.6105557360465355,
      -53.5423082855832,
      -1.566943866720088
    ],
    "rotation": [
      0.07815107727432803,
      -0.01867736812805324,
      0.12750644134073397
    ]
  }
]