[
  {
    "label_id": "88UyQvdqq5nAAKpHlxro9g",
    "size": [
      0.7906923211832868,
      0.984406265485531,
      1.7900000000000063
    ],
    "obj_class": "pedestrian",
    "point_num_in_lidar": 226,
    "speed": 1.3794627410897755,
    "if_vehicle": false,
    "motion_state": true,
    "pose": [
      [
        0.028723135863909555,
        0.9995268602841543,
        -0.011001683355023818,
        14.72853518779084
      ],
      [
        -0.9960950458603476,
        0.02770182219190529,
        -0.08382880566798243,
        -13.659984000130862
      ],
      [
        -0.08348437625457648,
        0.013366548460574203,
        0.9964194369358897,
        -0.35543459642249786
      ],
      [
        0.0,
        0.0,
        0.0,
        1.0
      ]
    ],
    "location": [
      14.72853518779084,
      -13.659984000130862,
      -0.35543459642249786
    ],
    "rotation": [
      0.013413775642327212,
      0.08358165769504719,
      -1.5419685770145435
    ]
  },
  {
    "label_id": "AxQ1JMlpiNju7L2Sr9YzTg",
    "size": [
      2.0224175499219936,
      4.35033917273071,
      1.7100000000000009
    ],
    "obj_class": "vehicle",
    "point_num_in_lidar": 1033,
    "speed": 0.004900770971718926,
    "if_vehicle": true,
    "motion_state": false,
    "pose": [
      [
        -0.1299653850136414,
        -0.9914574936232071,
        -0.011001683355023818,
        10.851789558330438
      ],
      [
        0.9881469815372499,
        -0.12860122168588237,
        -0.08382880566798243,
        -34.74347343452246
      ],
      [
        0.08169786764094746,
        -0.021766123202968453,
        0.9964194369358897,
        -1.7845430730898713
      ],
      [
        0.0,
        0.0,
        0.0,
        1.0
      ]
    ],
    "location": [
      10.851789558330438,
      -34.74347343452246,
      -1.7845430730898713
    ],
    "rotation": [
      -0.02184086470318876,
      -0.08178902433608187,
      1.7015700498659787
    ]
  },
  {
    "label_id": "BnQoCLZEVtgkX7FZoLLJKg",
    "size": [
      1.9923887929877613,
      4.393712393668999,
      2.299999999999997
    ],
    "obj_class": "vehicle",
    "point_num_in_lidar": 497,
    "speed": 1.4281732235759946e-12,
    "if_vehicle": true,
    "motion_state": false,
    "pose": [
      [
        0.9976018765305483,
        -0.06833343915012947,
        -0.011001683355023818,
        21.04377339521534
      ],
      [
        0.06717685156141712,
        0.9942132577845535,
        -0.08382880566798243,
        -51.35442170227179
      ],
      [
        0.016666330040653432,
        0.08288871539202779,
        0.9964194369358897,
        -2.3035869818881167
      ],
      [
        0.0,
        0.0,
        0.0,
        1.0
      ]
    ],
    "location": [
      21.04377339521534,
      -51.35442170227179,
      -2.3035869818881167
    ],
    "rotation": [
      0.08299547909825201,
      -0.01666710169529586,
      0.0672368324150348
    ]
  },
  {
    "label_id": "K2N4M6EbjRN45GBcmjjbIA",
    "size": [
      2.084653381286029,
      4.1616977405859625,
      1.8000000000000043
    ],
    "obj_class": "vehicle",
    "point_num_in_lidar": 265,
    "speed": 0.001344490711024149,
    "if_vehicle": true,
    "motion_state": false,
    "pose": [
      [
        -0.09678891696447023,
        -0.9952441250849967,
        -0.011001683355023818,
        12.926603382640224
      ],
      [
        0.9918899104970463,
        -0.09553604971130597,
        -0.08382880566798243,
        -60.323543946038626
      ],
      [
        0.08237906898603778,
        -0.019026158029360484,
        0.9964194369358897,
        -1.988882394203607
      ],
      [
        0.0,
        0.0,
        0.0,
        1.0
      ]
    ],
    "location": [
      12.926603382640224,
      -60.323543946038626,
      -1.988882394203607
    ],
    "rotation": [
      -0.019092207067964474,
      -0.08247252967940003,
      1.6680686691314366
    ]
  },
  {
    "label_id": "Xdp9cG1A6O1XIB3PfScqpw",
    "size": [
      2.0420978383014297,
      4.4520255683458885,
      1.6800000000000068
    ],
    "obj_class": "vehicle",
    "point_num_in_lidar": 254,
    "speed": 1.9945885082418897e-12,
    "if_vehicle": true,
    "motion_state": false,
    "pose": [
      [
        0.9917455879871078,
        -0.12774839205039618,
        -0.011001683355023818,
        -12.002809768266616
      ],
      [
        0.12639163366644368,
        0.9884320342236017,
        -0.08382880566798243,
        -53.981340460830324
      ],
      [
        0.021583411390080024,
        0.08174632743512784,
        0.9964194369358897,
        -0.9117266036679226
      ],
      [
        0.0,
        0.0,
        0.0,
        1.0
      ]
    ],
    "location": [
      -12.002809768266616,
      -53.981340460830324,
      -0.9117266036679226
    ],
    "rotation": [
      0.08185675790008473,
      -0.02158508749064444,
      0.12676027827671654
    ]
  },
  {
    "label_id": "fTkle-_z0hVaJSenTo_ASw",
    "size": [
      2.103276701387939,
      4.170778679273994,
      1.5900000000000034
    ],
    "obj_class": "vehicle",
    "point_num_in_lidar": 151,
    "speed": 1.4210854715202004e-13,
    "if_vehicle": true,
    "motion_state": false,
    "pose": [
      [
        0.1278148678656084,
        0.9917370228623377,
        -0.011001683355023818,
        1.6604518423514492
      ],
      [
        -0.9884235600489627,
        0.12645788737921496,
        -0.08382880566798243,
        -65.82570000240412
      ],
      [
        -0.08174488052857896,
        0.021588890748088996,
        0.9964194369358897,
        -1.3672826137737601
      ],
      [
        0.0,
        0.0,
        0.0,
        1.0
      ]
    ],
    "location": [
      1.6604518423514492,
      -65.82570000240412,
      -1.3672826137737601
    ],
    "rotation": [
      0.02166307952173079,
      0.0818361949994586,
      -1.4421981069345688
    ]
  },
  {
    "label_id": "kRzXo00PPTp8ZrCoW6TMJA",
    "size": [
      2.2822951130076237,
      4.987303803010824,
      1.6200000000000045
    ],
    "obj_class": "vehicle",
    "point_num_in_lidar": 58,
    "speed": 1.718573603063735e-12,
    "if_vehicle": true,
    "motion_state": false,
    "pose": [
      [
        -0.994095309560972,
        -0.1079512782334281,
        -0.011001683355023818,
        26.52182164938904
      ],
      [
        0.10849469607850278,
        -0.990556223675927,
        -0.08382880566798243,
        -42.76918571261558
      ],
      [
        -0.0018483591935903512,
        -0.08452744681259479,
        0.9964194369358897,
        -2.9500707070708145
      ],
      [
        0.0,
        0.0,
        0.0,
        1.0
      ]
    ],
    "location": [
      26.52182164938904,
      -42.76918571261558,
      -2.9500707070708145
    ],
    "rotation": [
      -0.08462857327794811,
      0.0018483602460574622,
      3.032883785344673
    ]
  },
  {
    "label_id": "lbu1CkOusaTDoTSTMj2e2A",
    "size": [
      1.9129179797535871,
      4.032730676179802,
      1.730000000000004
    ],
    "obj_class": "vehicle",
    "point_num_in_lidar": 834,
    "speed": 7.105427357601002e-14,
    "if_vehicle": true,
    "motion_state": false,
    "pose": [
      [
        -0.9973133717216658,
        0.07242238292488305,
        -0.011001683355023818,
        -10.392902789600157
      ],
      [
        -0.07125191392445324,
        -0.9939295227038897,
        -0.08382880566798243,
        -45.39587020147883
      ],
      [
        -0.017005979750220383,
        -0.08281969783269959,
        0.9964194369358897,
        -1.3207747337439173
      ],
      [
        0.0,
        0.0,
        0.0,
        1.0
      ]
    ],
    "location": [
      -10.392902789600157,
      -45.39587020147883,
      -1.3207747337439173
    ],
    "rotation": [
      -0.08292668915967971,
      0.017006799554626657,
      -3.0702699808303726
    ]
  },
  {
    "label_id": "mIOM1SbDB7axPOdsgpm1fA",
    "size": [
      2.017390268612374,
      4.505411291172341,
      1.8000000000000043
    ],
    "obj_class": "vehicle",
    "point_num_in_lidar": 195,
    "speed": 5.728578676879116e-13,
    "if_vehicle": true,
    "motion_state": false,
    "pose": [
      [
        0.9977224996810695,
        -0.06654905403921114,
        -0.011001683355023818,
        26.14944049408541
      ],
      [
        0.06539852906537132,
        0.9943318177230202,
        -0.08382880566798243,
        -50.968294050177064
      ],
      [
        0.01651805152685502,
        0.0829183916276765,
        0.9964194369358897,
        -2.800070707070425
      ],
      [
        0.0,
        0.0,
        0.0,
        1.0
      ]
    ],
    "location": [
      26.14944049408541,
      -50.968294050177064,
      -2.800070707070425
    ],
    "rotation": [
      0.0830250572193147,
      -0.01651880276654982,
      0.06545417975301934
    ]
  },
  {
    "label_id": "npFpFlBhi1zaoOJx_kni3w",
    "size": [
      2.142391775633585,
      4.7986056735139995,
      2.1099999999999994
    ],
    "obj_class": "vehicle",
    "point_num_in_lidar": 9625,
    "speed": 4.973799150320701e-13,
    "if_vehicle": true,
    "motion_state": false,
    "pose": [
      [
        0.09393979255262289,
        0.9955170909324088,
        -0.011001683355023818,
        -1.4559282328200425
      ],
      [
        -0.9921593039518994,
        0.09269653133727329,
        -0.08382880566798243,
        -23.039956056449228
      ],
      [
        -0.08243319086904637,
        0.018790283114204036,
        0.9964194369358897,
        -0.6734903493622255
      ],
      [
        0.0,
        0.0,
        0.0,
        1.0
      ]
    ],
    "location": [
      -1.4559282328200425,
      -23.039956056449228,
      -0.6734903493622255
    ],
    "rotation": [
      0.018855569765896987,
      0.08252683626830754,
      -1.4763955807897795
    ]
  },
  {
    "label_id": "pojeGZeFwPbiZNdyGZOaag",
    "size": [
      0.7731559369218923,
      0.09735684662155109,
      0.9500000000000028
    ],
    "obj_class": "sign",
    "point_num_in_lidar": 75,
    "speed": 2.8421709430404007e-13,
    "if_vehicle": false,
    "motion_state": false,
    "pose": [
      [
        0.10692546970450365,
        0.9942061692082921,
        -0.011001683355023818,
        12.62470697461822
      ],
      [
        -0.9908648955386563,
        0.10563848791727033,
        -0.08382880566798243,
        -34.88942272193344
      ],
      [
        -0.08218091455830186,
        0.01986461624914163,
        0.9964194369358897,
        0.10684155947279095
      ],
      [
        0.0,
        0.0,
        0.0,
        1.0
      ]
    ],
    "location": [
      12.62470697461822,
      -34.88942272193344,
      0.10684155947279095
    ],
    "rotation": [
      0.019933357830277765,
      0.08227370107381204,
      -1.463301043742793
    ]
  },
  {
    "label_id": "t8L8-W5u8RYlt5pJLSgtgA",
    "size": [
      2.2730443911477103,
      4.8845576947807015,
      2.030000000000001
    ],
    "obj_class": "vehicle",
    "point_num_in_lidar": 2025,
    "speed": 2.929642751054232e-13,
    "if_vehicle": true,
    "motion_state": false,
    "pose": [
      [
        0.07710734932970402,
        0.996962095389139,
        -0.011001683355023818,
        2.80459824386935
      ],
      [
        -0.993583783038754,
        0.07592099461069808,
        -0.08382880566798243,
        -34.57790449268214
      ],
      [
        -0.08273888301001532,
        0.017394911170212052,
        0.9964194369358897,
        -1.3670255689821431
      ],
      [
        0.0,
        0.0,
        0.0,
        1.0
      ]
    ],
    "location": [
      2.80459824386935,
      -34.57790449268214,
      -1.3670255689821431
    ],
    "rotation": [
      0.017455645433041747,
      0.08283357625314827,
      -1.4933462792454937
    ]
  },
  {
    "label_id": "w04VmayxYYLOx05LrLxWeQ",
    "size": [
      1.8510491085093677,
      4.268809587886161,
      1.6800000000000068
    ],
    "obj_class": "vehicle",
    "point_num_in_lidar": 393,
    "speed": 0.0022815705929258336,
    "if_vehicle": true,
    "motion_state": false,
    "pose": [
      [
        0.9916852084909231,
        -0.1282162634912992,
        -0.011001683355023818,
        -7.6143452474939295
      ],
      [
        0.12685794199019623,
        0.9883722951875431,
        -0.08382880566798243,
        -53.54279823642173
      ],
      [
        0.02162197526421843,
        0.0817361357175521,
        0.9964194369358897,
        -1.5749520215700556
      ],
      [
        0.0,
        0.0,
        0.0,
        1.0
      ]
    ],
    "location": [
      -7.6143452474939295,
      -53.54279823642173,
      -1.5749520215700556
    ],
    "rotation": [
      0.08184659793317618,
      -0.02162366036636017,
      0.12723058846275279
    ]
  }
]