[
  {
    "label_id": "88UyQvdqq5nAAKpHlxro9g",
    "size": [
      0.790692321185116,
      0.984406265485531,
      1.7900000000000063
    ],
    "obj_class": "pedestrian",
    "point_num_in_lidar": 164,
    "speed": 1.3707876191891255,
    "if_vehicle": false,
    "motion_state": true,
    "pose": [
      [
        0.040702672844956295,
        0.9991442691656299,
        -0.007349953520653286,
        14.791863533672313
      ],
      [
        -0.9961439691759211,
        0.04000606171772035,
        -0.0780814171251997,
        -15.797684917119113
      ],
      [
        -0.07772055775480473,
        0.010499734249839672,
        0.9969198917079369,
        -0.5330014510183219
      ],
      [
        0.0,
        0.0,
        0.0,
        1.0
      ]
    ],
    "location": [
      14.791863533672313,
      -15.797684917119113,
      -0.5330014510183219
    ],
    "rotation": [
      0.010531785080612146,
      0.0777990161881,
      -1.5299588124025618
    ]
  },
  {
    "label_id": "AxQ1JMlpiNju7L2Sr9YzTg",
    "size": [
      2.0224175499219945,
      4.35033917273071,
      1.7100000000000009
    ],
    "obj_class": "vehicle",
    "point_num_in_lidar": 1228,
    "speed": 0.004900770969446007,
    "if_vehicle": true,
    "motion_state": false,
    "pose": [
      [
        -0.12996974029725186,
        -0.9914907184589825,
        -0.007349953520653286,
        10.85083409961453
      ],
      [
        0.9885648126991011,
        -0.1290073772809586,
        -0.0780814171251997,
        -34.73618459601312
      ],
      [
        0.07646880213692334,
        -0.017414126931295317,
        0.9969198917079369,
        -1.8024316529757272
      ],
      [
        0.0,
        0.0,
        0.0,
        1.0
      ]
    ],
    "location": [
      10.85083409961453,
      -34.73618459601312,
      -1.8024316529757272
    ],
    "rotation": [
      -0.017466153717775962,
      -0.07654352386039531,
      1.7015197349117477
    ]
  },
  {
    "label_id": "BnQoCLZEVtgkX7FZoLLJKg",
    "size": [
      1.9923887929877637,
      4.393712393668999,
      2.299999999999997
    ],
    "obj_class": "vehicle",
    "point_num_in_lidar": 546,
    "speed": 1.4281732235759946e-12,
    "if_vehicle": true,
    "motion_state": false,
    "pose": [
      [
        0.9976353072713817,
        -0.0683357290791576,
        -0.007349953520653286,
        21.04377339521443
      ],
      [
        0.06755635944877966,
        0.994655433101206,
        -0.0780814171251997,
        -51.35442170227179
      ],
      [
        0.012646421769143473,
        0.07740024246391046,
        0.9969198917079369,
        -2.340740767581117
      ],
      [
        0.0,
        0.0,
        0.0,
        1.0
      ]
    ],
    "location": [
      21.04377339521443,
      -51.35442170227179,
      -2.340740767581117
    ],
    "rotation": [
      0.07748394183705197,
      -0.012646758887959358,
      0.067613266815647
    ]
  },
  {
    "label_id": "K2N4M6EbjRN45GBcmjjbIA",
    "size": [
      2.08465338128603,
      4.1616977405859625,
      1.8000000000000043
    ],
    "obj_class": "vehicle",
    "point_num_in_lidar": 276,
    "speed": 0.001344490710723549,
    "if_vehicle": true,
    "motion_state": false,
    "pose": [
      [
        -0.09679216046799095,
        -0.9952774768149749,
        -0.007349953520653286,
        12.927810002015121
      ],
      [
        0.9923210699090207,
        -0.0959280277830044,
        -0.0780814171251997,
        -60.32192798292817
      ],
      [
        0.07700760927697332,
        -0.01485118279734671,
        0.9969198917079369,
        -1.9971203543683345
      ],
      [
        0.0,
        0.0,
        0.0,
        1.0
      ]
    ],
    "location": [
      12.927810002015121,
      -60.32192798292817,
      -1.9971203543683345
    ],
    "rotation": [
      -0.014895965526093827,
      -0.07708392449923142,
      1.668029908423808
    ]
  },
  {
    "label_id": "XTMzNjFN6loAGtAeqDbMFQ",
    "size": [
      1.931063456041481,
      4.406664057061882,
      1.8200000000000074
    ],
    "obj_class": "vehicle",
    "point_num_in_lidar": 42,
    "speed": 5.684341886080801e-13,
    "if_vehicle": true,
    "motion_state": false,
    "pose": [
      [
        0.9998040585592137,
        -0.018379952986026835,
        -0.007349953520653286,
        34.64820494826927
      ],
      [
        0.017750517318695157,
        0.9967889502972226,
        -0.0780814171251997,
        -50.478470177651616
      ],
      [
        0.008761485230428887,
        0.0779356522625696,
        0.9969198917079369,
        -3.406943574525073
      ],
      [
        0.0,
        0.0,
        0.0,
        1.0
      ]
    ],
    "location": [
      34.64820494826927,
      -50.478470177651616,
      -3.406943574525073
    ],
    "rotation": [
      0.0780177657182468,
      -0.008761597328193366,
      0.017752131035884796
    ]
  },
  {
    "label_id": "Xdp9cG1A6O1XIB3PfScqpw",
    "size": [
      2.042097838301428,
      4.4520255683458885,
      1.6800000000000068
    ],
    "obj_class": "vehicle",
    "point_num_in_lidar": 310,
    "speed": 1.9945885082418897e-12,
    "if_vehicle": true,
    "motion_state": false,
    "pose": [
      [
        0.991778822477243,
        -0.1277526730401266,
        -0.007349953520653286,
        -12.002809768267525
      ],
      [
        0.1267968540732023,
        0.9888507724105086,
        -0.0780814171251997,
        -53.981340460830324
      ],
      [
        0.017243116968584722,
        0.07650754494978192,
        0.9969198917079369,
        -0.9425215344735065
      ],
      [
        0.0,
        0.0,
        0.0,
        1.0
      ]
    ],
    "location": [
      -12.002809768267525,
      -53.981340460830324,
      -0.9425215344735065
    ],
    "rotation": [
      0.07659379029426859,
      -0.017243971551459725,
      0.1271581050821709
    ]
  },
  {
    "label_id": "fTkle-_z0hVaJSenTo_ASw",
    "size": [
      2.10327670138794,
      4.170778679273994,
      1.5900000000000034
    ],
    "obj_class": "vehicle",
    "point_num_in_lidar": 171,
    "speed": 1.4210854715202004e-13,
    "if_vehicle": true,
    "motion_state": false,
    "pose": [
      [
        0.12781915108301287,
        0.9917702570654466,
        -0.007349953520653286,
        1.6604518423514492
      ],
      [
        -0.9888422710732525,
        0.12686313585282474,
        -0.0780814171251997,
        -65.82570000240594
      ],
      [
        -0.0765063889822911,
        0.017248245183947294,
        0.9969198917079369,
        -1.3824269137706793
      ],
      [
        0.0,
        0.0,
        0.0,
        1.0
      ]
    ],
    "location": [
      1.6604518423514492,
      -65.82570000240594,
      -1.3824269137706793
    ],
    "rotation": [
      0.017299809732438394,
      0.0765812211386991,
      -1.442247701646214
    ]
  },
  {
    "label_id": "kRzXo00PPTp8ZrCoW6TMJA",
    "size": [
      2.282295113007625,
      4.987303803010824,
      1.6200000000000045
    ],
    "obj_class": "vehicle",
    "point_num_in_lidar": 91,
    "speed": 1.718573603063735e-12,
    "if_vehicle": true,
    "motion_state": false,
    "pose": [
      [
        -0.9941286227928731,
        -0.10795489580000356,
        -0.007349953520653286,
        26.52182164938904
      ],
      [
        0.1081987533574353,
        -0.9910581829900892,
        -0.0780814171251997,
        -42.7691857126174
      ],
      [
        0.0011450396684272927,
        -0.07841822748056042,
        0.9969198917079369,
        -2.9500707070708287
      ],
      [
        0.0,
        0.0,
        0.0,
        1.0
      ]
    ],
    "location": [
      26.52182164938904,
      -42.7691857126174,
      -2.9500707070708287
    ],
    "rotation": [
      -0.07849887335238524,
      -0.0011450399186407154,
      3.0331815956329136
    ]
  },
  {
    "label_id": "lbu1CkOusaTDoTSTMj2e2A",
    "size": [
      1.9129179797535876,
      4.032730676179802,
      1.730000000000004
    ],
    "obj_class": "vehicle",
    "point_num_in_lidar": 993,
    "speed": 7.105427357601002e-14,
    "if_vehicle": true,
    "motion_state": false,
    "pose": [
      [
        -0.9973467927943844,
        0.07242480987893192,
        -0.007349953520653286,
        -10.392902789600612
      ],
      [
        -0.07163323125385151,
        -0.9943701385700662,
        -0.0780814171251997,
        -45.39587020147883
      ],
      [
        -0.012963606091185723,
        -0.07734775002640844,
        0.9969198917079369,
        -1.3252191591934661
      ],
      [
        0.0,
        0.0,
        0.0,
        1.0
      ]
    ],
    "location": [
      -10.392902789600612,
      -45.39587020147883,
      -1.3252191591934661
    ],
    "rotation": [
      -0.0774316024986046,
      0.012963969218630526,
      -3.069891982843215
    ]
  },
  {
    "label_id": "mIOM1SbDB7axPOdsgpm1fA",
    "size": [
      2.017390268612375,
      4.505411291172341,
      1.8000000000000043
    ],
    "obj_class": "vehicle",
    "point_num_in_lidar": 229,
    "speed": 5.728578676879116e-13,
    "if_vehicle": true,
    "motion_state": false,
    "pose": [
      [
        0.9977559344641183,
        -0.06655128417151963,
        -0.007349953520653286,
        26.14944049408541
      ],
      [
        0.06577724548641294,
        0.99477467110695,
        -0.0780814171251997,
        -50.968294050175246
      ],
      [
        0.012507966175773369,
        0.07742273761099451,
        0.9969198917079369,
        -2.800070707070276
      ],
      [
        0.0,
        0.0,
        0.0,
        1.0
      ]
    ],
    "location": [
      26.14944049408541,
      -50.968294050175246,
      -2.800070707070276
    ],
    "rotation": [
      0.07750637124477035,
      -0.01250829234232424,
      0.06582992772454516
    ]
  },
  {
    "label_id": "npFpFlBhi1zaoOJx_kni3w",
    "size": [
      2.1423917756335844,
      4.7986056735139995,
      2.1099999999999994
    ],
    "obj_class": "vehicle",
    "point_num_in_lidar": 8650,
    "speed": 4.973799150320701e-13,
    "if_vehicle": true,
    "motion_state": false,
    "pose": [
      [
        0.09394294057883697,
        0.9955504518097741,
        -0.007349953520653286,
        -1.455928232820952
      ],
      [
        -0.9925915835724739,
        0.0930872736780328,
        -0.0780814171251997,
        -23.039956056451047
      ],
      [
        -0.07704980296204213,
        0.014630699933553346,
        0.9969198917079369,
        -0.6865844353332164
      ],
      [
        0.0,
        0.0,
        0.0,
        1.0
      ]
    ],
    "location": [
      -1.455928232820952,
      -23.039956056451047,
      -0.6865844353332164
    ],
    "rotation": [
      0.014674849798681078,
      0.07712624392057614,
      -1.4764333058636632
    ]
  },
  {
    "label_id": "pojeGZeFwPbiZNdyGZOaag",
    "size": [
      0.7731559369218932,
      0.09735684662155109,
      0.9500000000000028
    ],
    "obj_class": "sign",
    "point_num_in_lidar": 77,
    "speed": 2.8421709430404007e-13,
    "if_vehicle": false,
    "motion_state": false,
    "pose": [
      [
        0.1069290528951079,
        0.9942394861552217,
        -0.007349953520653286,
        12.62470697461822
      ],
      [
        -0.9912920382924655,
        0.10603483916944183,
        -0.0780814171251997,
        -34.88942272193344
      ],
      [
        -0.07685227690136474,
        0.015635122388748746,
        0.9969198917079369,
        0.09042364947470105
      ],
      [
        0.0,
        0.0,
        0.0,
        1.0
      ]
    ],
    "location": [
      12.62470697461822,
      -34.88942272193344,
      0.09042364947470105
    ],
    "rotation": [
      0.015682143354280146,
      0.07692813042785147,
      -1.4633434340586062
    ]
  },
  {
    "label_id": "t8L8-W5u8RYlt5pJLSgtgA",
    "size": [
      2.2730443911477103,
      4.8845576947807015,
      2.030000000000001
    ],
    "obj_class": "vehicle",
    "point_num_in_lidar": 2536,
    "speed": 2.929642751054232e-13,
    "if_vehicle": true,
    "motion_state": false,
    "pose": [
      [
        0.07710993328215258,
        0.9969955046901998,
        -0.007349953520653286,
        2.8045982438688952
      ],
      [
        -0.9940226024646484,
        0.07630437791586922,
        -0.0780814171251997,
        -34.57790449268214
      ],
      [
        -0.0772859882425605,
        0.013326872791694063,
        0.9969198917079369,
        -1.3790873185365982
      ],
      [
        0.0,
        0.0,
        0.0,
        1.0
      ]
    ],
    "location": [
      2.8045982438688952,
      -34.57790449268214,
      -1.3790873185365982
    ],
    "rotation": [
      0.013367251601021288,
      0.07736313558604366,
      -1.4933777497860476
    ]
  },
  {
    "label_id": "w04VmayxYYLOx05LrLxWeQ",
    "size": [
      1.8510491085093719,
      4.268809587886161,
      1.6800000000000068
    ],
    "obj_class": "vehicle",
    "point_num_in_lidar": 523,
    "speed": 0.004245577252303537,
    "if_vehicle": true,
    "motion_state": false,
    "pose": [
      [
        0.9917184409576749,
        -0.12822056015991665,
        -0.007349953520653286,
        -7.608029417836406
      ],
      [
        0.1272633599041267,
        0.988790842152997,
        -0.0780814171251997,
        -53.54198165463458
      ],
      [
        0.017279209773345364,
        0.07649940147899145,
        0.9969198917079369,
        -1.5616051449061388
      ],
      [
        0.0,
        0.0,
        0.0,
        1.0
      ]
    ],
    "location": [
      -7.608029417836406,
      -53.54198165463458,
      -1.5616051449061388
    ],
    "rotation": [
      0.07658566948667087,
      -0.01728006973430933,
      0.12762857206465691
    ]
  }
]