[
  {
    "label_id": "88UyQvdqq5nAAKpHlxro9g",
    "size": [
      0.7906923211851454,
      0.984406265485531,
      1.7900000000000063
    ],
    "obj_class": "pedestrian",
    "point_num_in_lidar": 217,
    "speed": 1.2878710758695597,
    "if_vehicle": false,
    "motion_state": true,
    "pose": [
      [
        0.11098964016123464,
        0.9938013718242062,
        -0.006335071996873545,
        15.195607518177894
      ],
      [
        -0.9910794908931465,
        0.11020795893816009,
        -0.07493763085170461,
        -22.551095210303174
      ],
      [
        -0.07377494498717828,
        0.014595860612198993,
        0.9971680993418953,
        -1.0051413518698809
      ],
      [
        0.0,
        0.0,
        0.0,
        1.0
      ]
    ],
    "location": [
      15.195607518177894,
      -22.551095210303174,
      -1.0051413518698809
    ],
    "rotation": [
      0.014636266807676355,
      0.07384203243513421,
      -1.4592723661419154
    ]
  },
  {
    "label_id": "AxQ1JMlpiNju7L2Sr9YzTg",
    "size": [
      2.022417549921994,
      4.35033917273071,
      1.7100000000000009
    ],
    "obj_class": "vehicle",
    "point_num_in_lidar": 1291,
    "speed": 0.004900771052180927,
    "if_vehicle": true,
    "motion_state": false,
    "pose": [
      [
        -0.12997064289691534,
        -0.9914976040554798,
        -0.006335071996873545,
        10.84726714176486
      ],
      [
        0.9887911662800107,
        -0.12913706272387376,
        -0.07493763085170461,
        -34.70897360372874
      ],
      [
        0.07348238885323861,
        -0.016003755287224197,
        0.9971680993418953,
        -1.8692140365744834
      ],
      [
        0.0,
        0.0,
        0.0,
        1.0
      ]
    ],
    "location": [
      10.84726714176486,
      -34.70897360372874,
      -1.8692140365744834
    ],
    "rotation": [
      -0.016047827285862168,
      -0.07354868006142586,
      1.7014910467432498
    ]
  },
  {
    "label_id": "BnQoCLZEVtgkX7FZoLLJKg",
    "size": [
      1.992388792987759,
      4.393712393668999,
      2.299999999999997
    ],
    "obj_class": "vehicle",
    "point_num_in_lidar": 544,
    "speed": 1.4281732235759946e-12,
    "if_vehicle": true,
    "motion_state": false,
    "pose": [
      [
        0.9976422355401489,
        -0.06833620364966654,
        -0.006335071996873545,
        21.04377339521534
      ],
      [
        0.06767178221776557,
        0.9948893814760539,
        -0.07493763085170461,
        -51.35442170227179
      ],
      [
        0.011423649063481412,
        0.07433223995647073,
        0.9971680993418953,
        -2.4611227205210398
      ],
      [
        0.0,
        0.0,
        0.0,
        1.0
      ]
    ],
    "location": [
      21.04377339521534,
      -51.35442170227179,
      -2.4611227205210398
    ],
    "rotation": [
      0.07440572591186664,
      -0.011423897541979797,
      0.0677279652529325
    ]
  },
  {
    "label_id": "K2N4M6EbjRN45GBcmjjbIA",
    "size": [
      2.0846533812860297,
      4.1616977405859625,
      1.8000000000000043
    ],
    "obj_class": "vehicle",
    "point_num_in_lidar": 300,
    "speed": 0.0013444907094725138,
    "if_vehicle": true,
    "motion_state": false,
    "pose": [
      [
        -0.09679283265962102,
        -0.9952843887093382,
        -0.006335071996873545,
        12.93231460319339
      ],
      [
        0.9925516273777613,
        -0.09605008314463534,
        -0.07493763085170461,
        -60.315895202855245
      ],
      [
        0.07397576992153793,
        -0.01354131158298962,
        0.9971680993418953,
        -2.0278746467327196
      ],
      [
        0.0,
        0.0,
        0.0,
        1.0
      ]
    ],
    "location": [
      12.93231460319339,
      -60.315895202855245,
      -2.0278746467327196
    ],
    "rotation": [
      -0.01357893348085198,
      -0.07404340763109497,
      1.6680081351618885
    ]
  },
  {
    "label_id": "XTMzNjFN6loAGtAeqDbMFQ",
    "size": [
      1.931063456041477,
      4.406664057061882,
      1.8200000000000074
    ],
    "obj_class": "vehicle",
    "point_num_in_lidar": 39,
    "speed": 5.684341886080801e-13,
    "if_vehicle": true,
    "motion_state": false,
    "pose": [
      [
        0.9998110018892878,
        -0.01838008062912024,
        -0.006335071996873545,
        34.64820494826972
      ],
      [
        0.017854101045129155,
        0.9970283760045167,
        -0.07493763085170461,
        -50.478470177653435
      ],
      [
        0.007693606242124101,
        0.07481036076549205,
        0.9971680993418953,
        -3.4069435745251297
      ],
      [
        0.0,
        0.0,
        0.0,
        1.0
      ]
    ],
    "location": [
      34.64820494826972,
      -50.478470177653435,
      -3.4069435745251297
    ],
    "rotation": [
      0.07488253797218092,
      -0.007693682143593572,
      0.01785557825055535
    ]
  },
  {
    "label_id": "Xdp9cG1A6O1XIB3PfScqpw",
    "size": [
      2.0420978383014265,
      4.4520255683458885,
      1.6800000000000068
    ],
    "obj_class": "vehicle",
    "point_num_in_lidar": 341,
    "speed": 1.9945885082418897e-12,
    "if_vehicle": true,
    "motion_state": false,
    "pose": [
      [
        0.9917857100745341,
        -0.12775356024294124,
        -0.006335071996873545,
        -12.00280976826707
      ],
      [
        0.12692603311807843,
        0.9890774153721447,
        -0.07493763085170461,
        -53.981340460830324
      ],
      [
        0.015839425774340676,
        0.0735179858674806,
        0.9971680993418953,
        -1.0574864391821706
      ],
      [
        0.0,
        0.0,
        0.0,
        1.0
      ]
    ],
    "location": [
      -12.00280976826707,
      -53.981340460830324,
      -1.0574864391821706
    ],
    "rotation": [
      0.07359362275598637,
      -0.015840088167875584,
      0.12728538368575634
    ]
  },
  {
    "label_id": "fTkle-_z0hVaJSenTo_ASw",
    "size": [
      2.10327670138794,
      4.170778679273994,
      1.5900000000000034
    ],
    "obj_class": "vehicle",
    "point_num_in_lidar": 187,
    "speed": 1.4210854715202004e-13,
    "if_vehicle": true,
    "motion_state": false,
    "pose": [
      [
        0.1278200387474987,
        0.9917771446032534,
        -0.006335071996873545,
        1.6604518423514492
      ],
      [
        -0.9890689053755868,
        0.126992330089152,
        -0.07493763085170461,
        -65.8257000024023
      ],
      [
        -0.07351692399527075,
        0.01584435360453389,
        0.9971680993418953,
        -1.4389642385980181
      ],
      [
        0.0,
        0.0,
        0.0,
        1.0
      ]
    ],
    "location": [
      1.6604518423514492,
      -65.8257000024023,
      -1.4389642385980181
    ],
    "rotation": [
      0.015888013667126853,
      0.07358330886598219,
      -1.4422759511066243
    ]
  },
  {
    "label_id": "kRzXo00PPTp8ZrCoW6TMJA",
    "size": [
      2.2822951130076263,
      4.987303803010824,
      1.6200000000000045
    ],
    "obj_class": "vehicle",
    "point_num_in_lidar": 91,
    "speed": 1.718573603063735e-12,
    "if_vehicle": true,
    "motion_state": false,
    "pose": [
      [
        -0.9941355267088006,
        -0.10795564551337763,
        -0.006335071996873545,
        26.52182164938904
      ],
      [
        0.10812621650839613,
        -0.9913087676329272,
        -0.07493763085170461,
        -42.76918571261376
      ],
      [
        0.0018099278977523933,
        -0.07518314848339926,
        0.9971680993418953,
        -2.9500707070706795
      ],
      [
        0.0,
        0.0,
        0.0,
        1.0
      ]
    ],
    "location": [
      26.52182164938904,
      -42.76918571261376,
      -2.9500707070706795
    ],
    "rotation": [
      -0.07525428161194385,
      -0.0018099288859259144,
      3.03325445375301
    ]
  },
  {
    "label_id": "lbu1CkOusaTDoTSTMj2e2A",
    "size": [
      1.9129179797535922,
      4.032730676179802,
      1.730000000000004
    ],
    "obj_class": "vehicle",
    "point_num_in_lidar": 1031,
    "speed": 7.105427357601002e-14,
    "if_vehicle": true,
    "motion_state": false,
    "pose": [
      [
        -0.9973537190595075,
        0.07242531284684567,
        -0.006335071996873545,
        -10.392902789600157
      ],
      [
        -0.07174961208897802,
        -0.9946036118210182,
        -0.07493763085170461,
        -45.39587020147883
      ],
      [
        -0.01172826684767276,
        -0.07428478586912467,
        0.9971680993418953,
        -1.3418112714319292
      ],
      [
        0.0,
        0.0,
        0.0,
        1.0
      ]
    ],
    "location": [
      -10.392902789600157,
      -45.39587020147883,
      -1.3418112714319292
    ],
    "rotation": [
      -0.07435839986684327,
      0.011728535739219467,
      -3.069776389277919
    ]
  },
  {
    "label_id": "mIOM1SbDB7axPOdsgpm1fA",
    "size": [
      2.017390268612377,
      4.505411291172341,
      1.8000000000000043
    ],
    "obj_class": "vehicle",
    "point_num_in_lidar": 235,
    "speed": 5.728578676879116e-13,
    "if_vehicle": true,
    "motion_state": false,
    "pose": [
      [
        0.9977628635706038,
        -0.06655174634961217,
        -0.006335071996873545,
        26.149440494085866
      ],
      [
        0.0658922496389058,
        0.9950088255487274,
        -0.07493763085170461,
        -50.968294050177064
      ],
      [
        0.011290682747859293,
        0.0743525530022952,
        0.9971680993418953,
        -2.800070707070475
      ],
      [
        0.0,
        0.0,
        0.0,
        1.0
      ]
    ],
    "location": [
      26.149440494085866,
      -50.968294050177064,
      -2.800070707070475
    ],
    "rotation": [
      0.07442598404625408,
      -0.011290922650085447,
      0.06594423425035914
    ]
  },
  {
    "label_id": "npFpFlBhi1zaoOJx_kni3w",
    "size": [
      2.142391775633584,
      4.7986056735139995,
      2.1099999999999994
    ],
    "obj_class": "vehicle",
    "point_num_in_lidar": 8652,
    "speed": 4.973799150320701e-13,
    "if_vehicle": true,
    "motion_state": false,
    "pose": [
      [
        0.09394359298351493,
        0.9955573655998644,
        -0.006335071996873545,
        -1.4559282328195877
      ],
      [
        -0.9928224894607821,
        0.09320866860560117,
        -0.07493763085170461,
        -23.03995605644741
      ],
      [
        -0.07401422672866897,
        0.013329512242730712,
        0.9971680993418953,
        -0.7354678166728945
      ],
      [
        0.0,
        0.0,
        0.0,
        1.0
      ]
    ],
    "location": [
      -1.4559282328195877,
      -23.03995605644741,
      -0.7354678166728945
    ],
    "rotation": [
      0.013366571194935058,
      0.07408197015304374,
      -1.4764544710690357
    ]
  },
  {
    "label_id": "pojeGZeFwPbiZNdyGZOaag",
    "size": [
      0.7731559369218917,
      0.09735684662155109,
      0.9500000000000028
    ],
    "obj_class": "sign",
    "point_num_in_lidar": 83,
    "speed": 2.8421709430404007e-13,
    "if_vehicle": false,
    "motion_state": false,
    "pose": [
      [
        0.10692979548433419,
        0.9942463908410595,
        -0.006335071996873545,
        12.624706974618675
      ],
      [
        -0.9915213400416188,
        0.1061592375839518,
        -0.07493763085170461,
        -34.88942272193526
      ],
      [
        -0.0738339425992594,
        0.014294424616653499,
        0.9971680993418953,
        0.06025614709378857
      ],
      [
        0.0,
        0.0,
        0.0,
        1.0
      ]
    ],
    "location": [
      12.624706974618675,
      -34.88942272193526,
      0.06025614709378857
    ],
    "rotation": [
      0.01433403817573412,
      0.07390119138948534,
      -1.4633673527864561
    ]
  },
  {
    "label_id": "t8L8-W5u8RYlt5pJLSgtgA",
    "size": [
      2.2730443911474296,
      4.8845576947807015,
      2.030000000000001
    ],
    "obj_class": "vehicle",
    "point_num_in_lidar": 2616,
    "speed": 2.929642751054232e-13,
    "if_vehicle": true,
    "motion_state": false,
    "pose": [
      [
        0.07711046878520836,
        0.9970024285158586,
        -0.006335071996873545,
        2.8045982438698047
      ],
      [
        -0.9942555263363763,
        0.07642185441291474,
        -0.07493763085170461,
        -34.57790449268032
      ],
      [
        -0.07422886199653404,
        0.012077156187258182,
        0.9971680993418953,
        -1.4241167390241287
      ],
      [
        0.0,
        0.0,
        0.0,
        1.0
      ]
    ],
    "location": [
      2.8045982438698047,
      -34.57790449268032,
      -1.4241167390241287
    ],
    "rotation": [
      0.012110862476699796,
      0.07429719746540932,
      -1.4933952788722578
    ]
  },
  {
    "label_id": "w04VmayxYYLOx05LrLxWeQ",
    "size": [
      1.8510491085093725,
      4.268809587886161,
      1.6800000000000068
    ],
    "obj_class": "vehicle",
    "point_num_in_lidar": 530,
    "speed": 0.004245577251914755,
    "if_vehicle": true,
    "motion_state": false,
    "pose": [
      [
        0.9917253281356345,
        -0.12822145061206622,
        -0.006335071996873545,
        -7.584450902287699
      ],
      [
        0.12739264586022941,
        0.9890174241453301,
        -0.07493763085170461,
        -53.538933157851716
      ],
      [
        0.01587410832136018,
        0.07351050496271704,
        0.9971680993418953,
        -1.5117780349355172
      ],
      [
        0.0,
        0.0,
        0.0,
        1.0
      ]
    ],
    "location": [
      -7.584450902287699,
      -53.538933157851716,
      -1.5117780349355172
    ],
    "rotation": [
      0.07358616116027793,
      -0.015874775075958095,
      0.12775594590982284
    ]
  }
]