[
  {
    "label_id": "88UyQvdqq5nAAKpHlxro9g",
    "size": [
      0.7906923211838996,
      0.984406265485531,
      1.7900000000000063
    ],
    "obj_class": "pedestrian",
    "point_num_in_lidar": 260,
    "speed": 1.2079150230659288,
    "if_vehicle": false,
    "motion_state": true,
    "pose": [
      [
        0.05608787113206021,
        0.9984039745946015,
        -0.006607134445084753,
        14.903176299489587
      ],
      [
        -0.9956301771558392,
        0.05543472530974016,
        -0.07515012685595228,
        -18.67308031520588
      ],
      [
        -0.07466392066122347,
        0.010793273068706807,
        0.9971503418281311,
        -0.7890029592255345
      ],
      [
        0.0,
        0.0,
        0.0,
        1.0
      ]
    ],
    "location": [
      14.903176299489587,
      -18.67308031520588,
      -0.7890029592255345
    ],
    "rotation": [
      0.010823695411609914,
      0.07473346677345702,
      -1.5145217651496918
    ]
  },
  {
    "label_id": "AxQ1JMlpiNju7L2Sr9YzTg",
    "size": [
      2.0224175499219927,
      4.35033917273071,
      1.7100000000000009
    ],
    "obj_class": "vehicle",
    "point_num_in_lidar": 1273,
    "speed": 0.004900770929891817,
    "if_vehicle": true,
    "motion_state": false,
    "pose": [
      [
        -0.1299704140684704,
        -0.9914958584085436,
        -0.006607134445084753,
        10.84936908460486
      ],
      [
        0.9887781322955946,
        -0.12911337470444215,
        -0.07515012685595228,
        -34.725008542403884
      ],
      [
        0.07365797011122249,
        -0.016300283161202987,
        0.9971503418281311,
        -1.8298604027778396
      ],
      [
        0.0,
        0.0,
        0.0,
        1.0
      ]
    ],
    "location": [
      10.84936908460486,
      -34.725008542403884,
      -1.8298604027778396
    ],
    "rotation": [
      -0.016345410305263985,
      -0.07372473843035329,
      1.7014925225027038
    ]
  },
  {
    "label_id": "BnQoCLZEVtgkX7FZoLLJKg",
    "size": [
      1.992388792987762,
      4.393712393668999,
      2.299999999999997
    ],
    "obj_class": "vehicle",
    "point_num_in_lidar": 532,
    "speed": 1.4281732235759946e-12,
    "if_vehicle": true,
    "motion_state": false,
    "pose": [
      [
        0.9976404790748737,
        -0.06833608333582399,
        -0.006607134445084753,
        21.04377339521534
      ],
      [
        0.06764894659401147,
        0.9948749059345373,
        -0.07515012685595228,
        -51.354421702269974
      ],
      [
        0.011708737591076634,
        0.07452584287389478,
        0.9971503418281311,
        -2.39770906235249
      ],
      [
        0.0,
        0.0,
        0.0,
        1.0
      ]
    ],
    "location": [
      21.04377339521534,
      -51.354421702269974,
      -2.39770906235249
    ],
    "rotation": [
      0.07460012653230931,
      -0.011709005141573987,
      0.06770529930069427
    ]
  },
  {
    "label_id": "K2N4M6EbjRN45GBcmjjbIA",
    "size": [
      2.084653381286031,
      4.1616977405859625,
      1.8000000000000043
    ],
    "obj_class": "vehicle",
    "point_num_in_lidar": 298,
    "speed": 0.0013444907453153468,
    "if_vehicle": true,
    "motion_state": false,
    "pose": [
      [
        -0.09679266224457446,
        -0.9952826363953267,
        -0.006607134445084753,
        12.929660124338625
      ],
      [
        0.9925378097360451,
        -0.09602684352777788,
        -0.07515012685595228,
        -60.319450209504794
      ],
      [
        0.07416115411711029,
        -0.013831811597161113,
        0.9971503418281311,
        -2.0097517063079806
      ],
      [
        0.0,
        0.0,
        0.0,
        1.0
      ]
    ],
    "location": [
      12.929660124338625,
      -60.319450209504794,
      -2.0097517063079806
    ],
    "rotation": [
      -0.013870450597365842,
      -0.07422930245046899,
      1.6680093099096767
    ]
  },
  {
    "label_id": "XTMzNjFN6loAGtAeqDbMFQ",
    "size": [
      1.931063456041478,
      4.406664057061882,
      1.8200000000000074
    ],
    "obj_class": "vehicle",
    "point_num_in_lidar": 38,
    "speed": 5.684341886080801e-13,
    "if_vehicle": true,
    "motion_state": false,
    "pose": [
      [
        0.9998092416056471,
        -0.018380048268847742,
        -0.006607134445084753,
        34.64820494826927
      ],
      [
        0.01783201758200631,
        0.9970127770407404,
        -0.07515012685595228,
        -50.4784701776498
      ],
      [
        0.007968660420397913,
        0.07501797280082641,
        0.9971503418281311,
        -3.406943574524803
      ],
      [
        0.0,
        0.0,
        0.0,
        1.0
      ]
    ],
    "location": [
      34.64820494826927,
      -50.4784701776498,
      -3.406943574524803
    ],
    "rotation": [
      0.07509090330066329,
      -0.007968744757198176,
      0.017833529036824038
    ]
  },
  {
    "label_id": "Xdp9cG1A6O1XIB3PfScqpw",
    "size": [
      2.042097838301427,
      4.4520255683458885,
      1.6800000000000068
    ],
    "obj_class": "vehicle",
    "point_num_in_lidar": 340,
    "speed": 1.9945885082418897e-12,
    "if_vehicle": true,
    "motion_state": false,
    "pose": [
      [
        0.9917839639203534,
        -0.12775333531793015,
        -0.006607134445084753,
        -12.002809768266616
      ],
      [
        0.1269023742988075,
        0.989064328459408,
        -0.07515012685595228,
        -53.981340460830324
      ],
      [
        0.016135560348382233,
        0.07369422965392108,
        0.9971503418281311,
        -0.9897397294129604
      ],
      [
        0.0,
        0.0,
        0.0,
        1.0
      ]
    ],
    "location": [
      -12.002809768266616,
      -53.981340460830324,
      -0.9897397294129604
    ],
    "rotation": [
      0.07377071820457312,
      -0.016136260596245927,
      0.12726213489640847
    ]
  },
  {
    "label_id": "fTkle-_z0hVaJSenTo_ASw",
    "size": [
      2.1032767013879408,
      4.170778679273994,
      1.5900000000000034
    ],
    "obj_class": "vehicle",
    "point_num_in_lidar": 182,
    "speed": 1.4210854715202004e-13,
    "if_vehicle": true,
    "motion_state": false,
    "pose": [
      [
        0.1278198137054471,
        0.9917753984641529,
        -0.006607134445084753,
        1.660451842351904
      ],
      [
        -0.9890558200487153,
        0.12696867039272905,
        -0.07515012685595228,
        -65.82570000240048
      ],
      [
        -0.07369314793159532,
        0.01614049999142395,
        0.9971503418281311,
        -1.405647830030098
      ],
      [
        0.0,
        0.0,
        0.0,
        1.0
      ]
    ],
    "location": [
      1.660451842351904,
      -65.82570000240048,
      -1.405647830030098
    ],
    "rotation": [
      0.01618521289653738,
      0.07376001211532836,
      -1.4422744932233447
    ]
  },
  {
    "label_id": "kRzXo00PPTp8ZrCoW6TMJA",
    "size": [
      2.282295113007627,
      4.987303803010824,
      1.6200000000000045
    ],
    "obj_class": "vehicle",
    "point_num_in_lidar": 88,
    "speed": 1.718573603063735e-12,
    "if_vehicle": true,
    "motion_state": false,
    "pose": [
      [
        -0.9941337764174942,
        -0.10795545544489998,
        -0.006607134445084753,
        26.521821649389494
      ],
      [
        0.10814615458907553,
        -0.9912905061994339,
        -0.07515012685595228,
        -42.76918571261558
      ],
      [
        0.0015632765228805608,
        -0.07542381559265054,
        0.9971503418281311,
        -2.9500707070706937
      ],
      [
        0.0,
        0.0,
        0.0,
        1.0
      ]
    ],
    "location": [
      26.521821649389494,
      -42.76918571261558,
      -2.9500707070706937
    ],
    "rotation": [
      -0.07549560293412584,
      -0.0015632771596125138,
      3.0332344432890674
    ]
  },
  {
    "label_id": "lbu1CkOusaTDoTSTMj2e2A",
    "size": [
      1.9129179797535905,
      4.032730676179802,
      1.730000000000004
    ],
    "obj_class": "vehicle",
    "point_num_in_lidar": 1024,
    "speed": 7.105427357601002e-14,
    "if_vehicle": true,
    "motion_state": false,
    "pose": [
      [
        -0.9973519631021992,
        0.07242518533365154,
        -0.006607134445084753,
        -10.392902789600157
      ],
      [
        -0.07172671731680624,
        -0.9945892300123147,
        -0.07515012685595228,
        -45.39587020147701
      ],
      [
        -0.012014146625714452,
        -0.07447721848254658,
        0.9971503418281311,
        -1.3320338440062045
      ],
      [
        0.0,
        0.0,
        0.0,
        1.0
      ]
    ],
    "location": [
      -10.392902789600157,
      -45.39587020147701,
      -1.3320338440062045
    ],
    "rotation": [
      -0.07455163388008922,
      0.012014435664247015,
      -3.069799100675918
    ]
  },
  {
    "label_id": "mIOM1SbDB7axPOdsgpm1fA",
    "size": [
      2.0173902686123806,
      4.505411291172341,
      1.8000000000000043
    ],
    "obj_class": "vehicle",
    "point_num_in_lidar": 235,
    "speed": 5.728578676879116e-13,
    "if_vehicle": true,
    "motion_state": false,
    "pose": [
      [
        0.9977611068929488,
        -0.06655162917751883,
        -0.006607134445084753,
        26.14944049408632
      ],
      [
        0.06586943994212843,
        0.9949943091873664,
        -0.07515012685595228,
        -50.968294050177064
      ],
      [
        0.011575424548055992,
        0.07454666550942039,
        0.9971503418281311,
        -2.8000707070703967
      ],
      [
        0.0,
        0.0,
        0.0,
        1.0
      ]
    ],
    "location": [
      26.14944049408632,
      -50.968294050177064,
      -2.8000707070703967
    ],
    "rotation": [
      0.07462089264513369,
      -0.011575683063041018,
      0.06592158837281743
    ]
  },
  {
    "label_id": "npFpFlBhi1zaoOJx_kni3w",
    "size": [
      2.1423917756335844,
      4.7986056735139995,
      2.1099999999999994
    ],
    "obj_class": "vehicle",
    "point_num_in_lidar": 8633,
    "speed": 4.973799150320701e-13,
    "if_vehicle": true,
    "motion_state": false,
    "pose": [
      [
        0.09394342758488469,
        0.9955556128052454,
        -0.006607134445084753,
        -1.4559282328204972
      ],
      [
        -0.9928086053559655,
        0.09318546863474352,
        -0.07515012685595228,
        -23.03995605644741
      ],
      [
        -0.07420044167487153,
        0.013619480434111006,
        0.9971503418281311,
        -0.7066617366212213
      ],
      [
        0.0,
        0.0,
        0.0,
        1.0
      ]
    ],
    "location": [
      -1.4559282328204972,
      -23.03995605644741,
      -0.7066617366212213
    ],
    "rotation": [
      0.013657552972782278,
      0.07426869855201435,
      -1.4764533246618636
    ]
  },
  {
    "label_id": "pojeGZeFwPbiZNdyGZOaag",
    "size": [
      0.773155936921893,
      0.09735684662155109,
      0.9500000000000028
    ],
    "obj_class": "sign",
    "point_num_in_lidar": 87,
    "speed": 2.8421709430404007e-13,
    "if_vehicle": false,
    "motion_state": false,
    "pose": [
      [
        0.10692960722198029,
        0.9942446403545645,
        -0.006607134445084753,
        12.62470697461913
      ],
      [
        -0.991507759929951,
        0.1061358583713569,
        -0.07515012685595228,
        -34.88942272193162
      ],
      [
        -0.07401635696279216,
        0.014586798620590972,
        0.9971503418281311,
        0.07623527224840387
      ],
      [
        0.0,
        0.0,
        0.0,
        1.0
      ]
    ],
    "location": [
      12.62470697461913,
      -34.88942272193162,
      0.07623527224840387
    ],
    "rotation": [
      0.014627441473463117,
      0.07408410624624297,
      -1.4633660803804165
    ]
  },
  {
    "label_id": "t8L8-W5u8RYlt5pJLSgtgA",
    "size": [
      2.2730443911474296,
      4.8845576947807015,
      2.030000000000001
    ],
    "obj_class": "vehicle",
    "point_num_in_lidar": 2583,
    "speed": 2.929642751054232e-13,
    "if_vehicle": true,
    "motion_state": false,
    "pose": [
      [
        0.07711033302325343,
        0.9970006731770381,
        -0.006607134445084753,
        2.8045982438702595
      ],
      [
        -0.9942412522549481,
        0.07639889232211942,
        -0.07515012685595228,
        -34.57790449268214
      ],
      [
        -0.07441994931169646,
        0.012363936933100087,
        0.9971503418281311,
        -1.3975817274171334
      ],
      [
        0.0,
        0.0,
        0.0,
        1.0
      ]
    ],
    "location": [
      2.8045982438702595,
      -34.57790449268214,
      -1.3975817274171334
    ],
    "rotation": [
      0.01239863524535499,
      0.07448881477205292,
      -1.4933943078089447
    ]
  },
  {
    "label_id": "w04VmayxYYLOx05LrLxWeQ",
    "size": [
      1.851049108509369,
      4.268809587886161,
      1.6800000000000068
    ],
    "obj_class": "vehicle",
    "point_num_in_lidar": 522,
    "speed": 0.004245577358196881,
    "if_vehicle": true,
    "motion_state": false,
    "pose": [
      [
        0.9917235820877636,
        -0.1282212248632779,
        -0.006607134445084753,
        -7.598345289045028
      ],
      [
        0.12736898086944698,
        0.9890043483958059,
        -0.07515012685595228,
        -53.54072958109464
      ],
      [
        0.016170326010725447,
        0.07368660901919698,
        0.9971503418281311,
        -1.5411402369602598
      ],
      [
        0.0,
        0.0,
        0.0,
        1.0
      ]
    ],
    "location": [
      -7.598345289045028,
      -53.54072958109464,
      -1.5411402369602598
    ],
    "rotation": [
      0.07376311730284182,
      -0.016171030794964757,
      0.12773269320298353
    ]
  }
]