[
  {
    "label_id": "88UyQvdqq5nAAKpHlxro9g",
    "size": [
      0.7906923211830273,
      0.984406265485531,
      1.7900000000000063
    ],
    "obj_class": "pedestrian",
    "point_num_in_lidar": 280,
    "speed": 1.2176733393318016,
    "if_vehicle": false,
    "motion_state": true,
    "pose": [
      [
        0.05826489976908557,
        0.9982799222074272,
        -0.006511403261288024,
        14.917093399026271
      ],
      [
        -0.9954999659517358,
        0.057611900756247975,
        -0.0752375350562781,
        -18.919719713880113
      ],
      [
        -0.07473298632458668,
        0.010865809163837357,
        0.9971443801908649,
        -0.8018358037864743
      ],
      [
        0.0,
        0.0,
        0.0,
        1.0
      ]
    ],
    "location": [
      14.917093399026271,
      -18.919719713880113,
      -0.8018358037864743
    ],
    "rotation": [
      0.010896495362854726,
      0.07480272593531263,
      -1.5123347414527855
    ]
  },
  {
    "label_id": "AxQ1JMlpiNju7L2Sr9YzTg",
    "size": [
      2.0224175499219945,
      4.35033917273071,
      1.7100000000000009
    ],
    "obj_class": "vehicle",
    "point_num_in_lidar": 1281,
    "speed": 0.004900770970055795,
    "if_vehicle": true,
    "motion_state": false,
    "pose": [
      [
        -0.1299704956838843,
        -0.9914964810221234,
        -0.006511403261288024,
        10.849241691961652
      ],
      [
        0.9887707390971006,
        -0.1291190877602091,
        -0.0752375350562781,
        -34.72403671140637
      ],
      [
        0.07375700479994204,
        -0.01621694474052112,
        0.9971443801908649,
        -1.8322455120748629
      ],
      [
        0.0,
        0.0,
        0.0,
        1.0
      ]
    ],
    "location": [
      10.849241691961652,
      -34.72403671140637,
      -1.8322455120748629
    ],
    "rotation": [
      -0.01626195314110974,
      -0.07382404323775493,
      1.7014935697890028
    ]
  },
  {
    "label_id": "BnQoCLZEVtgkX7FZoLLJKg",
    "size": [
      1.992388792987761,
      4.393712393668999,
      2.299999999999997
    ],
    "obj_class": "vehicle",
    "point_num_in_lidar": 534,
    "speed": 1.4281732235759946e-12,
    "if_vehicle": true,
    "motion_state": false,
    "pose": [
      [
        0.9976411055469915,
        -0.06833612624772646,
        -0.006511403261288024,
        21.04377339521534
      ],
      [
        0.06765510641414364,
        0.9948678806227217,
        -0.0752375350562781,
        -51.35442170227543
      ],
      [
        0.011619427656611062,
        0.07461952797162799,
        0.9971443801908649,
        -2.402662828399464
      ],
      [
        0.0,
        0.0,
        0.0,
        1.0
      ]
    ],
    "location": [
      21.04377339521534,
      -51.35442170227543,
      -2.402662828399464
    ],
    "rotation": [
      0.07469400172770309,
      -0.011619689131113664,
      0.06771140303685365
    ]
  },
  {
    "label_id": "K2N4M6EbjRN45GBcmjjbIA",
    "size": [
      2.084653381286031,
      4.1616977405859625,
      1.8000000000000043
    ],
    "obj_class": "vehicle",
    "point_num_in_lidar": 302,
    "speed": 0.0013444907081911256,
    "if_vehicle": true,
    "motion_state": false,
    "pose": [
      [
        -0.09679272302588902,
        -0.9952832613868285,
        -0.006511403261288024,
        12.929821004582209
      ],
      [
        0.9925306114143543,
        -0.09603280025128536,
        -0.0752375350562781,
        -60.319234750893884
      ],
      [
        0.07425735098077149,
        -0.013745212951944568,
        0.9971443801908649,
        -2.0108500850225184
      ],
      [
        0.0,
        0.0,
        0.0,
        1.0
      ]
    ],
    "location": [
      12.929821004582209,
      -60.319234750893884,
      -2.0108500850225184
    ],
    "rotation": [
      -0.013783703471052145,
      -0.07432576529192828,
      1.6680100711744466
    ]
  },
  {
    "label_id": "XTMzNjFN6loAGtAeqDbMFQ",
    "size": [
      1.9310634560414794,
      4.406664057061882,
      1.8200000000000074
    ],
    "obj_class": "vehicle",
    "point_num_in_lidar": 37,
    "speed": 5.684341886080801e-13,
    "if_vehicle": true,
    "motion_state": false,
    "pose": [
      [
        0.9998098694396474,
        -0.018380059810670528,
        -0.006511403261288024,
        34.64820494826927
      ],
      [
        0.0178385208862262,
        0.997006068432508,
        -0.0752375350562781,
        -50.478470177653435
      ],
      [
        0.007874778959857196,
        0.0751070762985032,
        0.9971443801908649,
        -3.4069435745251084
      ],
      [
        0.0,
        0.0,
        0.0,
        1.0
      ]
    ],
    "location": [
      34.64820494826927,
      -50.478470177653435,
      -3.4069435745251084
    ],
    "rotation": [
      0.07518020571813956,
      -0.007874860350782503,
      0.017840020312302658
    ]
  },
  {
    "label_id": "Xdp9cG1A6O1XIB3PfScqpw",
    "size": [
      2.0420978383014314,
      4.4520255683458885,
      1.6800000000000068
    ],
    "obj_class": "vehicle",
    "point_num_in_lidar": 338,
    "speed": 1.9945885082418897e-12,
    "if_vehicle": true,
    "motion_state": false,
    "pose": [
      [
        0.9917845867148505,
        -0.12775341554111927,
        -0.006511403261288024,
        -12.00280976826707
      ],
      [
        0.12690810386976453,
        0.9890569480524547,
        -0.0752375350562781,
        -53.981340460830324
      ],
      [
        0.016052000717482563,
        0.07379307776981342,
        0.9971443801908649,
        -0.9938456604718695
      ],
      [
        0.0,
        0.0,
        0.0,
        1.0
      ]
    ],
    "location": [
      -12.00280976826707,
      -53.981340460830324,
      -0.9938456604718695
    ],
    "rotation": [
      0.07386974962583065,
      -0.016052690141838865,
      0.1272677398106408
    ]
  },
  {
    "label_id": "fTkle-_z0hVaJSenTo_ASw",
    "size": [
      2.10327670138794,
      4.170778679273994,
      1.5900000000000034
    ],
    "obj_class": "vehicle",
    "point_num_in_lidar": 187,
    "speed": 1.4210854715202004e-13,
    "if_vehicle": true,
    "motion_state": false,
    "pose": [
      [
        0.12781989397038424,
        0.9917760212532709,
        -0.006511403261288024,
        1.6604518423514492
      ],
      [
        -0.9890484392577288,
        0.12697439946897168,
        -0.0752375350562781,
        -65.82570000240412
      ],
      [
        -0.07379200164821666,
        0.016056946986441143,
        0.9971443801908649,
        -1.4076670406634477
      ],
      [
        0.0,
        0.0,
        0.0,
        1.0
      ]
    ],
    "location": [
      1.6604518423514492,
      -65.82570000240412,
      -1.4076670406634477
    ],
    "rotation": [
      0.016101539197719384,
      0.07385913571484276,
      -1.4422734648331577
    ]
  },
  {
    "label_id": "kRzXo00PPTp8ZrCoW6TMJA",
    "size": [
      2.2822951130076228,
      4.987303803010824,
      1.6200000000000045
    ],
    "obj_class": "vehicle",
    "point_num_in_lidar": 85,
    "speed": 1.718573603063735e-12,
    "if_vehicle": true,
    "motion_state": false,
    "pose": [
      [
        -0.9941344006875646,
        -0.10795552323593884,
        -0.006511403261288024,
        26.521821649388585
      ],
      [
        0.1081388565795026,
        -0.9912846720374189,
        -0.0752375350562781,
        -42.76918571261558
      ],
      [
        0.0016676532176135178,
        -0.07550035752578643,
        0.9971443801908649,
        -2.9500707070708145
      ],
      [
        0.0,
        0.0,
        0.0,
        1.0
      ]
    ],
    "location": [
      26.521821649388585,
      -42.76918571261558,
      -2.9500707070708145
    ],
    "rotation": [
      -0.07557237659898908,
      -0.0016676539905904444,
      3.0332417660184228
    ]
  },
  {
    "label_id": "lbu1CkOusaTDoTSTMj2e2A",
    "size": [
      1.912917979753592,
      4.032730676179802,
      1.730000000000004
    ],
    "obj_class": "vehicle",
    "point_num_in_lidar": 1023,
    "speed": 7.105427357601002e-14,
    "if_vehicle": true,
    "motion_state": false,
    "pose": [
      [
        -0.9973525893931422,
        0.07242523081332108,
        -0.006511403261288024,
        -10.392902789600157
      ],
      [
        -0.07173284828597865,
        -0.9945821795082777,
        -0.0752375350562781,
        -45.39587020147883
      ],
      [
        -0.011925221489545432,
        -0.07457126890566551,
        0.9971443801908649,
        -1.3326264254480904
      ],
      [
        0.0,
        0.0,
        0.0,
        1.0
      ]
    ],
    "location": [
      -10.392902789600157,
      -45.39587020147883,
      -1.3326264254480904
    ],
    "rotation": [
      -0.07464587380020614,
      0.011925504157063596,
      -3.0697930299937926
    ]
  },
  {
    "label_id": "mIOM1SbDB7axPOdsgpm1fA",
    "size": [
      2.0173902686123806,
      4.505411291172341,
      1.8000000000000043
    ],
    "obj_class": "vehicle",
    "point_num_in_lidar": 244,
    "speed": 5.728578676879116e-13,
    "if_vehicle": true,
    "motion_state": false,
    "pose": [
      [
        0.9977617334408152,
        -0.06655167096886565,
        -0.006511403261288024,
        26.149440494085866
      ],
      [
        0.0658756123176341,
        0.9949872949040264,
        -0.0752375350562781,
        -50.96829405017888
      ],
      [
        0.011485947194552143,
        0.07464019072068179,
        0.9971443801908649,
        -2.8000707070706383
      ],
      [
        0.0,
        0.0,
        0.0,
        1.0
      ]
    ],
    "location": [
      26.149440494085866,
      -50.96829405017888,
      -2.8000707070706383
    ],
    "rotation": [
      0.07471460822213191,
      -0.011486199760606516,
      0.06592770647213175
    ]
  },
  {
    "label_id": "npFpFlBhi1zaoOJx_kni3w",
    "size": [
      2.142391775633585,
      4.7986056735139995,
      2.1099999999999994
    ],
    "obj_class": "vehicle",
    "point_num_in_lidar": 8640,
    "speed": 4.973799150320701e-13,
    "if_vehicle": true,
    "motion_state": false,
    "pose": [
      [
        0.09394348657701597,
        0.9955562379681636,
        -0.006511403261288024,
        -1.4559282328200425
      ],
      [
        -0.9928014241139353,
        0.09319144593790388,
        -0.0752375350562781,
        -23.039956056449228
      ],
      [
        -0.07429639026962187,
        0.013532606795434107,
        0.9971443801908649,
        -0.7084075893598865
      ],
      [
        0.0,
        0.0,
        0.0,
        1.0
      ]
    ],
    "location": [
      -1.4559282328200425,
      -23.039956056449228,
      -0.7084075893598865
    ],
    "rotation": [
      0.01357052833658212,
      0.07436491271936504,
      -1.4764525873990733
    ]
  },
  {
    "label_id": "pojeGZeFwPbiZNdyGZOaag",
    "size": [
      0.7731559369218935,
      0.09735684662155109,
      0.9500000000000028
    ],
    "obj_class": "sign",
    "point_num_in_lidar": 80,
    "speed": 2.8421709430404007e-13,
    "if_vehicle": false,
    "motion_state": false,
    "pose": [
      [
        0.10692967436882962,
        0.9942452646942528,
        -0.006511403261288024,
        12.624706974618675
      ],
      [
        -0.9915005012827414,
        0.10614174143440419,
        -0.0752375350562781,
        -34.88942272193344
      ],
      [
        -0.0741134312756376,
        0.014501184721502376,
        0.9971443801908649,
        0.07526682394294681
      ],
      [
        0.0,
        0.0,
        0.0,
        1.0
      ]
    ],
    "location": [
      12.624706974618675,
      -34.88942272193344,
      0.07526682394294681
    ],
    "rotation": [
      0.014541688096156196,
      0.07418144791543052,
      -1.463365232991051
    ]
  },
  {
    "label_id": "t8L8-W5u8RYlt5pJLSgtgA",
    "size": [
      2.2730443911474296,
      4.8845576947807015,
      2.030000000000001
    ],
    "obj_class": "vehicle",
    "point_num_in_lidar": 2591,
    "speed": 2.929642751054232e-13,
    "if_vehicle": true,
    "motion_state": false,
    "pose": [
      [
        0.07711038144497877,
        0.9970012992473873,
        -0.006511403261288024,
        2.8045982438698047
      ],
      [
        -0.9942341730230554,
        0.07640499009761316,
        -0.0752375350562781,
        -34.57790449268214
      ],
      [
        -0.07451441650157987,
        0.012275454663875893,
        0.9971443801908649,
        -1.3991899373019336
      ],
      [
        0.0,
        0.0,
        0.0,
        1.0
      ]
    ],
    "location": [
      2.8045982438698047,
      -34.57790449268214,
      -1.3991899373019336
    ],
    "rotation": [
      0.012309987244146201,
      0.0745835449837432,
      -1.4933937104716868
    ]
  },
  {
    "label_id": "w04VmayxYYLOx05LrLxWeQ",
    "size": [
      1.851049108509367,
      4.268809587886161,
      1.6800000000000068
    ],
    "obj_class": "vehicle",
    "point_num_in_lidar": 527,
    "speed": 0.004245577252548965,
    "if_vehicle": true,
    "motion_state": false,
    "pose": [
      [
        0.9917242048443436,
        -0.12822130538028004,
        -0.006511403261288024,
        -7.597503190671887
      ],
      [
        0.12737470695783856,
        0.9889969652865775,
        -0.0752375350562781,
        -53.54062070510736
      ],
      [
        0.01608681302368154,
        0.07378549654584499,
        0.9971443801908649,
        -1.5393606792869434
      ],
      [
        0.0,
        0.0,
        0.0,
        1.0
      ]
    ],
    "location": [
      -7.597503190671887,
      -53.54062070510736,
      -1.5393606792869434
    ],
    "rotation": [
      0.07386218809837143,
      -0.016087506943628736,
      0.1277382940369626
    ]
  }
]