[
  {
    "label_id": "-Z2albPClZedXBH6kjDQkw",
    "size": [
      1.9082292241287642,
      4.387772557343194,
      1.8799999999999955
    ],
    "obj_class": "vehicle",
    "point_num_in_lidar": 26,
    "speed": 18.05819074320763,
    "if_vehicle": true,
    "motion_state": true,
    "pose": [
      [
        -0.011962453876947627,
        -0.9991518749701104,
        0.03940089391060757,
        -2.7246924735609355
      ],
      [
        0.9999282480607585,
        -0.011928287281172309,
        0.0011021309723845303,
        -33.709287450967736
      ],
      [
        -0.0006312110458199195,
        0.03941125101098514,
        0.9992228754719163,
        0.996446618157222
      ],
      [
        0.0,
        0.0,
        0.0,
        1.0
      ]
    ],
    "location": [
      -2.7246924735609355,
      -33.709287450967736,
      0.996446618157222
    ],
    "rotation": [
      0.03942146857211927,
      0.0006312110877352213,
      1.5827590683786026
    ]
  },
  {
    "label_id": "7N4zonIXNeW1QID1IBGtrw",
    "size": [
      2.0063030952877225,
      4.793038370717342,
      1.5800000000000125
    ],
    "obj_class": "vehicle",
    "point_num_in_lidar": 4000,
    "speed": 12.853272250752907,
    "if_vehicle": true,
    "motion_state": true,
    "pose": [
      [
        -0.020763446033681802,
        -0.9990077321361689,
        0.03940089391060757,
        -1.8330037505666041
      ],
      [
        0.9997843760751036,
        -0.02073611977771118,
        0.0011021309723845303,
        -96.48543224367711
      ],
      [
        -0.0002840157077596551,
        0.03941528217218529,
        0.9992228754719163,
        1.085003051139097
      ],
      [
        0.0,
        0.0,
        0.0,
        1.0
      ]
    ],
    "location": [
      -1.8330037505666041,
      -96.48543224367711,
      1.085003051139097
    ],
    "rotation": [
      0.03942549660157008,
      0.0002840157115780061,
      1.591561265880915
    ]
  },
  {
    "label_id": "Eq0xyW-KU_tdvMCpEGSS_A",
    "size": [
      1.056238411408269,
      0.13040600161147678,
      1.1399999999999864
    ],
    "obj_class": "sign",
    "point_num_in_lidar": 227,
    "speed": 0.0211122294126282,
    "if_vehicle": false,
    "motion_state": false,
    "pose": [
      [
        0.03542211861207763,
        -0.9985954351348082,
        0.03940089391060757,
        5.6786721507996845
      ],
      [
        0.9993693152717458,
        0.03549305566729357,
        0.0011021309723845303,
        -81.14834848449345
      ],
      [
        -0.0024990410788542044,
        0.03933700455450873,
        0.9992228754719163,
        3.0198888692196135
      ],
      [
        0.0,
        0.0,
        0.0,
        1.0
      ]
    ],
    "location": [
      5.6786721507996845,
      -81.14834848449345,
      3.0198888692196135
    ],
    "rotation": [
      0.039347279567874656,
      0.002499043680032702,
      1.5353666858062753
    ]
  },
  {
    "label_id": "FHOD-9rdszts8P8jeOcGWA",
    "size": [
      0.2576499508196204,
      0.07310389723659724,
      0.6800000000000068
    ],
    "obj_class": "sign",
    "point_num_in_lidar": 97,
    "speed": 0.0018199754170066707,
    "if_vehicle": false,
    "motion_state": false,
    "pose": [
      [
        0.338692842673296,
        0.9400716610349059,
        0.03940089391060757,
        7.818800144546913
      ],
      [
        -0.9408163679761948,
        0.33891495549090334,
        0.0011021309723845303,
        -89.27888681723789
      ],
      [
        -0.012317470112127825,
        -0.037442289776028384,
        0.9992228754719163,
        2.0303055704941073
      ],
      [
        0.0,
        0.0,
        0.0,
        1.0
      ]
    ],
    "location": [
      7.818800144546913,
      -89.27888681723789,
      2.0303055704941073
    ],
    "rotation": [
      -0.03745388653734374,
      0.012317781601299446,
      -1.2252417340299726
    ]
  },
  {
    "label_id": "FxoJhHTByog2QtUg0GhKOA",
    "size": [
      2.0175350525101643,
      4.496712112519174,
      1.8600000000000136
    ],
    "obj_class": "vehicle",
    "point_num_in_lidar": 71,
    "speed": 7.4158322965205175,
    "if_vehicle": true,
    "motion_state": true,
    "pose": [
      [
        0.997669282844847,
        -0.0557097085515065,
        0.03940089391060757,
        -34.44870957402691
      ],
      [
        0.055709576678974915,
        0.9984464073617417,
        0.0011021309723845303,
        -130.7976873547177
      ],
      [
        -0.03940108036714438,
        0.0010954449037131756,
        0.9992228754719163,
        1.4602362931737218
      ],
      [
        0.0,
        0.0,
        0.0,
        1.0
      ]
    ],
    "location": [
      -34.44870957402691,
      -130.7976873547177,
      1.4602362931737218
    ],
    "rotation": [
      0.001096296423694771,
      0.03941128216498073,
      0.05578179414176852
    ]
  },
  {
    "label_id": "UZpnnPlNInhDoCduQfj1xQ",
    "size": [
      0.6828715359533867,
      0.08876168107593682,
      0.8599999999999852
    ],
    "obj_class": "sign",
    "point_num_in_lidar": 40,
    "speed": 0.0013470121973090398,
    "if_vehicle": false,
    "motion_state": false,
    "pose": [
      [
        0.9992234832904225,
        4.6421632947684646e-14,
        0.03940089391060757,
        -16.34604457975456
      ],
      [
        -4.345869196535964e-05,
        0.999999391709146,
        0.0011021309723845303,
        -127.2119949524988
      ],
      [
        -0.03940086994340411,
        -0.0011029874605799548,
        0.9992228754719163,
        3.1855438898188027
      ],
      [
        0.0,
        0.0,
        0.0,
        1.0
      ]
    ],
    "location": [
      -16.34604457975456,
      -127.2119949524988,
      3.1855438898188027
    ],
    "rotation": [
      -0.0011038448374913617,
      0.039411071577715256,
      -4.349246456343178e-05
    ]
  },
  {
    "label_id": "UfF69ZTUyM5RQ0IQUWgsrw",
    "size": [
      2.124691848383833,
      4.5846318344073325,
      1.6299999999999955
    ],
    "obj_class": "vehicle",
    "point_num_in_lidar": 157,
    "speed": 15.569253512967933,
    "if_vehicle": true,
    "motion_state": true,
    "pose": [
      [
        -0.005823318015494647,
        -0.9992065144535115,
        0.03940089391060757,
        1.1112120842844888
      ],
      [
        0.9999826629661922,
        -0.005784381934375212,
        0.0011021309723845303,
        -56.92135796839034
      ],
      [
        -0.0008733466284528576,
        0.0394066288751247,
        0.9992228754719163,
        0.7531291715309294
      ],
      [
        0.0,
        0.0,
        0.0,
        1.0
      ]
    ],
    "location": [
      1.1112120842844888,
      -56.92135796839034,
      0.7531291715309294
    ],
    "rotation": [
      0.03941685002555252,
      0.0008733467394748054,
      1.5766196799442094
    ]
  },
  {
    "label_id": "ZBnCJBbrkJezmYJaaMOEYw",
    "size": [
      2.046750303414571,
      4.843573173001877,
      1.6500000000000057
    ],
    "obj_class": "vehicle",
    "point_num_in_lidar": 454,
    "speed": 14.235277598523927,
    "if_vehicle": true,
    "motion_state": true,
    "pose": [
      [
        -0.01546549826796043,
        -0.9991037923671239,
        0.03940089391060757,
        -2.1136133727140987
      ],
      [
        0.9998802804771169,
        -0.015434053917295104,
        0.0011021309723845303,
        -77.00505833850116
      ],
      [
        -0.0004930277131887117,
        0.0394132218590319,
        0.9992228754719163,
        1.0700030511391958
      ],
      [
        0.0,
        0.0,
        0.0,
        1.0
      ]
    ],
    "location": [
      -2.1136133727140987,
      -77.00505833850116,
      1.0700030511391958
    ],
    "rotation": [
      0.039423437889203335,
      0.000493027733162608,
      1.5862624435196273
    ]
  },
  {
    "label_id": "aIMWIvZ-9FsM82qmziX_Cw",
    "size": [
      3.118235992320025,
      7.163650091990669,
      2.3000000000000114
    ],
    "obj_class": "vehicle",
    "point_num_in_lidar": 4826,
    "speed": 4.3220627292571264e-13,
    "if_vehicle": true,
    "motion_state": false,
    "pose": [
      [
        0.07693952656049682,
        -0.9962569341348102,
        0.03940089391060757,
        -6.946805757011134
      ],
      [
        0.9970271927046861,
        0.0770426006488122,
        0.0011021309723845303,
        -104.02311739730374
      ],
      [
        -0.004133552958323989,
        0.039198965210525294,
        0.9992228754719163,
        1.6955739598616333
      ],
      [
        0.0,
        0.0,
        0.0,
        1.0
      ]
    ],
    "location": [
      -6.946805757011134,
      -104.02311739730374,
      1.6955739598616333
    ],
    "rotation": [
      0.03920934588811436,
      0.004133564729574632,
      1.49378002833849
    ]
  },
  {
    "label_id": "eg2tEpDiKk_7U6oF0C2Kiw",
    "size": [
      0.8479130833628231,
      0.11886989128101817,
      0.6299999999999955
    ],
    "obj_class": "sign",
    "point_num_in_lidar": 102,
    "speed": 0.03265285340597769,
    "if_vehicle": false,
    "motion_state": false,
    "pose": [
      [
        0.9951770752177036,
        0.08983406102465889,
        0.03940089391060757,
        -12.363894984622675
      ],
      [
        -0.08994710090016486,
        0.9959459344497448,
        0.0011021309723845303,
        -111.1712412716696
      ],
      [
        -0.039142151202924955,
        -0.004640811657738594,
        0.9992228754719163,
        2.9354428818469387
      ],
      [
        0.0,
        0.0,
        0.0,
        1.0
      ]
    ],
    "location": [
      -12.363894984622675,
      -111.1712412716696,
      2.9354428818469387
    ],
    "rotation": [
      -0.004644387557224004,
      0.03915215310075941,
      -0.09013809508161681
    ]
  },
  {
    "label_id": "hmqmGz9lrmqJ-0dOshKlQA",
    "size": [
      1.056238411408246,
      0.13040600161147678,
      1.0500000000000114
    ],
    "obj_class": "sign",
    "point_num_in_lidar": 221,
    "speed": 0.039610332025211734,
    "if_vehicle": false,
    "motion_state": false,
    "pose": [
      [
        0.04733650242543488,
        -0.998101610607443,
        0.03940089391060757,
        -5.052961592086831
      ],
      [
        0.9988745890980936,
        0.04741666965777426,
        0.0011021309723845303,
        -80.95304001670456
      ],
      [
        -0.0029682978694176394,
        0.03930438068960828,
        0.9992228754719163,
        3.184437492630451
      ],
      [
        0.0,
        0.0,
        0.0,
        1.0
      ]
    ],
    "location": [
      -5.052961592086831,
      -80.95304001670456,
      3.184437492630451
    ],
    "rotation": [
      0.039314680810370595,
      0.0029683022282775613,
      1.5234419195810698
    ]
  },
  {
    "label_id": "rpwvKbh-Np4npfBHGubrYw",
    "size": [
      2.0001894835902236,
      8.004928305334522,
      3.3300000000000125
    ],
    "obj_class": "vehicle",
    "point_num_in_lidar": 2466,
    "speed": 5.695433295429594e-13,
    "if_vehicle": true,
    "motion_state": false,
    "pose": [
      [
        0.7111347787978656,
        -0.7019507788607089,
        0.03940089391060757,
        -8.336329459323679
      ],
      [
        0.7024649226335226,
        0.7117175126247764,
        0.0011021309723845303,
        -105.06094710816467
      ],
      [
        -0.02881594790372215,
        0.02689398222735362,
        0.9992228754719163,
        2.5100030511392504
      ],
      [
        0.0,
        0.0,
        0.0,
        1.0
      ]
    ],
    "location": [
      -8.336329459323679,
      -105.06094710816467,
      2.5100030511392504
    ],
    "rotation": [
      0.026908402122182564,
      0.02881993732417251,
      0.7792650640129403
    ]
  }
]