[
  {
    "label_id": "-LOWWToppG64GhD01GdGoQ",
    "size": [
      2.0171053650236526,
      13.240797996630345,
      3.0999999999999943
    ],
    "obj_class": "vehicle",
    "point_num_in_lidar": 109,
    "speed": 1.432144669219779e-13,
    "if_vehicle": true,
    "motion_state": false,
    "pose": [
      [
        0.9997545693628396,
        -0.02067215489955419,
        0.00796636993442888,
        35.194224370194206
      ],
      [
        0.020637037569139673,
        0.999777061232766,
        0.0044654801694682545,
        -44.02567946322233
      ],
      [
        -0.008056905019500505,
        -0.004299981928198561,
        0.9999582973489063,
        1.4747095659104161
      ],
      [
        0.0,
        0.0,
        0.0,
        1.0
      ]
    ],
    "location": [
      35.194224370194206,
      -44.02567946322233,
      1.4747095659104161
    ],
    "rotation": [
      -0.004300134751302074,
      0.008056992189324257,
      0.020639172680774535
    ]
  },
  {
    "label_id": "7N4zonIXNeW1QID1IBGtrw",
    "size": [
      2.0063030952879366,
      4.793038370717342,
      1.5800000000000125
    ],
    "obj_class": "vehicle",
    "point_num_in_lidar": 165,
    "speed": 17.660011558066273,
    "if_vehicle": true,
    "motion_state": true,
    "pose": [
      [
        0.0008321092135159506,
        -0.9999679217576555,
        0.00796636993442888,
        -2.298635197593285
      ],
      [
        0.9999896532364285,
        0.0008677021052019022,
        0.0044654801694682545,
        -45.56992142050615
      ],
      [
        -0.004472249360676115,
        0.007962571741090859,
        0.9999582973489063,
        1.0100006317425994
      ],
      [
        0.0,
        0.0,
        0.0,
        1.0
      ]
    ],
    "location": [
      -2.298635197593285,
      -45.56992142050615,
      1.0100006317425994
    ],
    "rotation": [
      0.007962735518190283,
      0.004472264269064234,
      1.5699642091637125
    ]
  },
  {
    "label_id": "GDHXeSLoBUu6sLhimIZVgA",
    "size": [
      0.9341903503814146,
      0.097319481024417,
      0.4399999999999977
    ],
    "obj_class": "sign",
    "point_num_in_lidar": 71,
    "speed": 0.02109476831307125,
    "if_vehicle": false,
    "motion_state": false,
    "pose": [
      [
        0.9999682679715731,
        1.0884422465531216e-14,
        0.00796636993442888,
        -6.989950100033639
      ],
      [
        -3.557479583615827e-05,
        0.9999900290609351,
        0.0044654801694682545,
        -60.72947409228436
      ],
      [
        -0.007966290502239647,
        -0.00446562187270855,
        0.9999582973489063,
        2.1753854733350977
      ],
      [
        0.0,
        0.0,
        0.0,
        1.0
      ]
    ],
    "location": [
      -6.989950100033639,
      -60.72947409228436,
      2.1753854733350977
    ],
    "rotation": [
      -0.00446577842123944,
      0.007966374763814338,
      -3.5575924717404345e-05
    ]
  },
  {
    "label_id": "ZBnCJBbrkJezmYJaaMOEYw",
    "size": [
      2.0467503034153682,
      4.843573173001877,
      1.6500000000000057
    ],
    "obj_class": "vehicle",
    "point_num_in_lidar": 39,
    "speed": 18.851446792990036,
    "if_vehicle": true,
    "motion_state": true,
    "pose": [
      [
        -0.012407722232353592,
        -0.9998912867802542,
        0.00796636993442888,
        -2.450039829227535
      ],
      [
        0.9999134876105606,
        -0.012372420189325764,
        0.0044654801694682545,
        -21.564230325561653
      ],
      [
        -0.004366431436528955,
        0.00802108718230754,
        0.9999582973489063,
        0.8600030511393584
      ],
      [
        0.0,
        0.0,
        0.0,
        1.0
      ]
    ],
    "location": [
      -2.450039829227535,
      -21.564230325561653,
      0.8600030511393584
    ],
    "rotation": [
      0.008021249662169693,
      0.004366445311510398,
      1.5832044857059278
    ]
  },
  {
    "label_id": "hmqmGz9lrmqJ-0dOshKlQA",
    "size": [
      1.0562384114082717,
      0.13040600161147678,
      1.0500000000000114
    ],
    "obj_class": "sign",
    "point_num_in_lidar": 84,
    "speed": 0.07499416678295628,
    "if_vehicle": false,
    "motion_state": false,
    "pose": [
      [
        0.03544852096528151,
        -0.9993397516918067,
        0.00796636993442888,
        -4.995655059590717
      ],
      [
        0.9993602379896225,
        0.035484844823970206,
        0.0044654801694682545,
        -80.86884313933274
      ],
      [
        -0.004745217244674643,
        0.007802978686176775,
        0.9999582973489063,
        3.3471022137017314
      ],
      [
        0.0,
        0.0,
        0.0,
        1.0
      ]
    ],
    "location": [
      -4.995655059590717,
      -80.86884313933274,
      3.3471022137017314
    ],
    "rotation": [
      0.0078031457253246745,
      0.004745235052933107,
      1.535339978183978
    ]
  },
  {
    "label_id": "kkxKESj1hE_iEDSSnzGUrA",
    "size": [
      2.8960503537615745,
      10.96042731337048,
      2.9000000000000057
    ],
    "obj_class": "vehicle",
    "point_num_in_lidar": 467,
    "speed": 7.160723346098895e-13,
    "if_vehicle": true,
    "motion_state": false,
    "pose": [
      [
        0.999591991614492,
        -0.02742967827447381,
        0.00796636993442888,
        35.25782093774251
      ],
      [
        0.027394713783649438,
        0.9996147203515803,
        0.0044654801694682545,
        -47.46397761350124
      ],
      [
        -0.008085787338610918,
        -0.004245421791865442,
        0.9999582973489063,
        3.272550287760339
      ],
      [
        0.0,
        0.0,
        0.0,
        1.0
      ]
    ],
    "location": [
      35.25782093774251,
      -47.46397761350124,
      3.272550287760339
    ],
    "rotation": [
      -0.00424557333574053,
      0.00808587544927451,
      0.027399037340810603
    ]
  },
  {
    "label_id": "knNjsVOTq4JKHKdR4ciuXA",
    "size": [
      1.9446370296238509,
      12.54279923678777,
      2.950000000000017
    ],
    "obj_class": "vehicle",
    "point_num_in_lidar": 74,
    "speed": 5.3290705182007514e-14,
    "if_vehicle": true,
    "motion_state": false,
    "pose": [
      [
        0.9997545693628366,
        -0.020672154899693148,
        0.00796636993442888,
        35.1762504123717
      ],
      [
        0.02063703756927864,
        0.9997770612327631,
        0.0044654801694682545,
        -40.41151969271709
      ],
      [
        -0.008056905019501102,
        -0.004299981928197441,
        0.9999582973489063,
        2.0736299478483886
      ],
      [
        0.0,
        0.0,
        0.0,
        1.0
      ]
    ],
    "location": [
      35.1762504123717,
      -40.41151969271709,
      2.0736299478483886
    ],
    "rotation": [
      -0.004300134751300954,
      0.008056992189324853,
      0.020639172680913538
    ]
  },
  {
    "label_id": "mPYQKdQFlCMR8XXG5PGIiA",
    "size": [
      2.627594527593358,
      7.379206516826654,
      2.5999999999999943
    ],
    "obj_class": "vehicle",
    "point_num_in_lidar": 616,
    "speed": 1.5888218580782548e-13,
    "if_vehicle": true,
    "motion_state": false,
    "pose": [
      [
        0.9992179634237516,
        -0.038729814372885626,
        0.00796636993442888,
        34.639657853843346
      ],
      [
        0.038695109099534705,
        0.9992410860341118,
        0.0044654801694682545,
        -51.64035969535303
      ],
      [
        -0.008133271363077517,
        -0.004153728446905239,
        0.9999582973489063,
        2.286426995081854
      ],
      [
        0.0,
        0.0,
        0.0,
        1.0
      ]
    ],
    "location": [
      34.639657853843346,
      -51.64035969535303,
      2.286426995081854
    ],
    "rotation": [
      -0.004153877784146704,
      0.008133361035203351,
      0.03870605291573483
    ]
  },
  {
    "label_id": "mSe-r2JQeTDLbyn4ZQuu9g",
    "size": [
      2.0481505622274656,
      12.56373164208783,
      3.3600000000000136
    ],
    "obj_class": "vehicle",
    "point_num_in_lidar": 37,
    "speed": 4.263256414560601e-13,
    "if_vehicle": true,
    "motion_state": false,
    "pose": [
      [
        0.9997545693628466,
        -0.020672154899211214,
        0.00796636993442888,
        35.186781352536855
      ],
      [
        0.020637037568796684,
        0.9997770612327731,
        0.0044654801694682545,
        -36.811150827497386
      ],
      [
        -0.008056905019499029,
        -0.004299981928201325,
        0.9999582973489063,
        1.6286299478486512
      ],
      [
        0.0,
        0.0,
        0.0,
        1.0
      ]
    ],
    "location": [
      35.186781352536855,
      -36.811150827497386,
      1.6286299478486512
    ],
    "rotation": [
      -0.004300134751304838,
      0.00805699218932278,
      0.020639172680431462
    ]
  }
]