[
  {
    "label_id": "-LOWWToppG64GhD01GdGoQ",
    "size": [
      2.017105365023652,
      13.240797996630345,
      3.0999999999999943
    ],
    "obj_class": "vehicle",
    "point_num_in_lidar": 98,
    "speed": 1.432144669219779e-13,
    "if_vehicle": true,
    "motion_state": false,
    "pose": [
      [
        0.9996619354658676,
        -0.020670239487191634,
        0.015771999878834812,
        35.194224370194206
      ],
      [
        0.02051585980105087,
        0.9997406294730097,
        0.009888037092062216,
        -44.025679463222446
      ],
      [
        -0.015972297181665707,
        -0.009561118159112836,
        0.9998267203582268,
        1.469064529993517
      ],
      [
        0.0,
        0.0,
        0.0,
        1.0
      ]
    ],
    "location": [
      35.194224370194206,
      -44.025679463222446,
      1.469064529993517
    ],
    "rotation": [
      -0.00956248371471817,
      0.015972976386484223,
      0.020519917259275797
    ]
  },
  {
    "label_id": "01ou0NZ5vEYKFHeZj_Mycg",
    "size": [
      2.3000730685277313,
      12.651623626287378,
      3.180000000000007
    ],
    "obj_class": "vehicle",
    "point_num_in_lidar": 107,
    "speed": 8.533911106286719e-13,
    "if_vehicle": true,
    "motion_state": false,
    "pose": [
      [
        0.9996619354658778,
        -0.020670239486701294,
        0.015771999878834812,
        34.858165324400034
      ],
      [
        0.020515859800560497,
        0.9997406294730198,
        0.009888037092062216,
        -33.65372380277631
      ],
      [
        -0.015972297181661016,
        -0.009561118159120672,
        0.9998267203582268,
        1.5281755625859716
      ],
      [
        0.0,
        0.0,
        0.0,
        1.0
      ]
    ],
    "location": [
      34.858165324400034,
      -33.65372380277631,
      1.5281755625859716
    ],
    "rotation": [
      -0.009562483714726006,
      0.015972976386479532,
      0.020519917258785256
    ]
  },
  {
    "label_id": "7N4zonIXNeW1QID1IBGtrw",
    "size": [
      2.0063030952891463,
      4.793038370717342,
      1.5800000000000125
    ],
    "obj_class": "vehicle",
    "point_num_in_lidar": 62,
    "speed": 19.570360917274265,
    "if_vehicle": true,
    "motion_state": true,
    "pose": [
      [
        0.0002952133997069388,
        -0.9998755706931093,
        0.015771999878834812,
        -2.7310925677466003
      ],
      [
        0.9999510103663695,
        0.000451209200776678,
        0.009888037092062216,
        3.5658339258702654
      ],
      [
        -0.009893923201920318,
        0.01576830813329275,
        0.9998267203582268,
        0.5700059483818336
      ],
      [
        0.0,
        0.0,
        0.0,
        1.0
      ]
    ],
    "location": [
      -2.7310925677466003,
      3.5658339258702654,
      0.5700059483818336
    ],
    "rotation": [
      0.015769733574147383,
      0.009894084627920558,
      1.5705010989406623
    ]
  },
  {
    "label_id": "7b-5msqRGbHuMztSA8Hw2g",
    "size": [
      2.3569308836097402,
      11.455956273390987,
      3.219999999999999
    ],
    "obj_class": "vehicle",
    "point_num_in_lidar": 209,
    "speed": 0.035570589464737006,
    "if_vehicle": true,
    "motion_state": false,
    "pose": [
      [
        0.9996619354658668,
        -0.020670239487230027,
        0.015771999878834812,
        35.19300500495683
      ],
      [
        0.02051585980108927,
        0.9997406294730089,
        0.009888037092062216,
        -30.265353457364654
      ],
      [
        -0.015972297181666074,
        -0.009561118159112224,
        0.9998267203582268,
        1.5486299478486387
      ],
      [
        0.0,
        0.0,
        0.0,
        1.0
      ]
    ],
    "location": [
      35.19300500495683,
      -30.265353457364654,
      1.5486299478486387
    ],
    "rotation": [
      -0.009562483714717558,
      0.01597297638648459,
      0.02051991725931421
    ]
  },
  {
    "label_id": "kkxKESj1hE_iEDSSnzGUrA",
    "size": [
      2.896050353761576,
      10.96042731337048,
      2.9000000000000057
    ],
    "obj_class": "vehicle",
    "point_num_in_lidar": 25,
    "speed": 7.160723346098895e-13,
    "if_vehicle": true,
    "motion_state": false,
    "pose": [
      [
        0.9994993727814278,
        -0.027427136732708936,
        0.015771999878834812,
        35.25782093774251
      ],
      [
        0.027273292517953324,
        0.9995791085440391,
        0.009888037092062216,
        -47.46397761350124
      ],
      [
        -0.016036562124184483,
        -0.00945293250526709,
        0.9998267203582268,
        2.804280369579203
      ],
      [
        0.0,
        0.0,
        0.0,
        1.0
      ]
    ],
    "location": [
      35.25782093774251,
      -47.46397761350124,
      2.804280369579203
    ],
    "rotation": [
      -0.009454289093759408,
      0.01603724956106355,
      0.027280183713410563
    ]
  },
  {
    "label_id": "knNjsVOTq4JKHKdR4ciuXA",
    "size": [
      1.9446370296238482,
      12.54279923678777,
      2.950000000000017
    ],
    "obj_class": "vehicle",
    "point_num_in_lidar": 31,
    "speed": 5.3290705182007514e-14,
    "if_vehicle": true,
    "motion_state": false,
    "pose": [
      [
        0.9996619354658647,
        -0.020670239487328792,
        0.015771999878834812,
        35.17625041237261
      ],
      [
        0.020515859801188047,
        0.9997406294730069,
        0.009888037092062216,
        -40.41151969271721
      ],
      [
        -0.015972297181667018,
        -0.009561118159110643,
        0.9998267203582268,
        2.0736299478483886
      ],
      [
        0.0,
        0.0,
        0.0,
        1.0
      ]
    ],
    "location": [
      35.17625041237261,
      -40.41151969271721,
      2.0736299478483886
    ],
    "rotation": [
      -0.009562483714715977,
      0.015972976386485534,
      0.020519917259413024
    ]
  },
  {
    "label_id": "rLGxdFvwTKDWImh4l1dmDQ",
    "size": [
      1.9681729516060003,
      12.600915645425879,
      3.259999999999991
    ],
    "obj_class": "vehicle",
    "point_num_in_lidar": 122,
    "speed": 0.0640878570374412,
    "if_vehicle": true,
    "motion_state": false,
    "pose": [
      [
        0.999661935465878,
        -0.020670239486687086,
        0.015771999878834812,
        34.69850643809423
      ],
      [
        0.02051585980054629,
        0.99974062947302,
        0.009888037092062216,
        -26.662778145793595
      ],
      [
        -0.01597229718166088,
        -0.009561118159120897,
        0.9998267203582268,
        1.5531876591352898
      ],
      [
        0.0,
        0.0,
        0.0,
        1.0
      ]
    ],
    "location": [
      34.69850643809423,
      -26.662778145793595,
      1.5531876591352898
    ],
    "rotation": [
      -0.009562483714726231,
      0.015972976386479397,
      0.020519917258771045
    ]
  }
]