[
  {
    "label_id": "-LOWWToppG64GhD01GdGoQ",
    "size": [
      2.0171053650236512,
      13.240797996630345,
      3.0999999999999943
    ],
    "obj_class": "vehicle",
    "point_num_in_lidar": 86,
    "speed": 1.432144669219779e-13,
    "if_vehicle": true,
    "motion_state": false,
    "pose": [
      [
        0.999684078072164,
        -0.02067069733494772,
        0.014299172028273575,
        35.1942243701933
      ],
      [
        0.020584885241292667,
        0.9997693616469947,
        0.006122582099357454,
        -44.025679463222446
      ],
      [
        -0.014422432132271823,
        -0.005826301026169779,
        0.9998790165153694,
        1.4708019452417886
      ],
      [
        0.0,
        0.0,
        0.0,
        1.0
      ]
    ],
    "location": [
      35.1942243701933,
      -44.025679463222446,
      1.4708019452417886
    ],
    "rotation": [
      -0.005826940048952129,
      0.014422932172466874,
      0.020588480966570993
    ]
  },
  {
    "label_id": "7N4zonIXNeW1QID1IBGtrw",
    "size": [
      2.006303095288363,
      4.793038370717342,
      1.5800000000000125
    ],
    "obj_class": "vehicle",
    "point_num_in_lidar": 75,
    "speed": 19.27881313522097,
    "if_vehicle": true,
    "motion_state": true,
    "pose": [
      [
        -0.008811904094588392,
        -0.9998589320626852,
        0.014299172028273575,
        -2.5903308837569057
      ],
      [
        0.9999431918135779,
        -0.008725086481554747,
        0.006122582099357454,
        -12.006224061541161
      ],
      [
        -0.005996956886768342,
        0.014352311324514094,
        0.9998790165153694,
        0.6860188623317072
      ],
      [
        0.0,
        0.0,
        0.0,
        1.0
      ]
    ],
    "location": [
      -2.5903308837569057,
      -12.006224061541161,
      0.6860188623317072
    ],
    "rotation": [
      0.01435306221935161,
      0.005996992832601817,
      1.5796085033975344
    ]
  },
  {
    "label_id": "GDHXeSLoBUu6sLhimIZVgA",
    "size": [
      0.9341903503814134,
      0.097319481024417,
      0.4399999999999977
    ],
    "obj_class": "sign",
    "point_num_in_lidar": 365,
    "speed": 0.05621856244355984,
    "if_vehicle": false,
    "motion_state": false,
    "pose": [
      [
        0.9998977616133089,
        -4.225395826901602e-15,
        0.014299172028273575,
        -6.938508251723761
      ],
      [
        -8.755680635835693e-05,
        0.9999812529853959,
        0.006122582099357454,
        -60.73764427048252
      ],
      [
        -0.01429890396148676,
        -0.006123208126277598,
        0.9998790165153694,
        2.278732747344833
      ],
      [
        0.0,
        0.0,
        0.0,
        1.0
      ]
    ],
    "location": [
      -6.938508251723761,
      -60.73764427048252,
      2.278732747344833
    ],
    "rotation": [
      -0.0061238724697129186,
      0.014299391262100329,
      -8.756575871646923e-05
    ]
  },
  {
    "label_id": "KWUgI8YhinBnaVltZlUSRQ",
    "size": [
      2.23941267962198,
      12.689387402830423,
      3.5800000000000125
    ],
    "obj_class": "vehicle",
    "point_num_in_lidar": 133,
    "speed": 7.184918763469982e-13,
    "if_vehicle": true,
    "motion_state": false,
    "pose": [
      [
        0.9996840780721721,
        -0.02067069733455925,
        0.014299172028273575,
        34.34611097430661
      ],
      [
        0.020584885240904176,
        0.9997693616470028,
        0.006122582099357454,
        -23.20004207501688
      ],
      [
        -0.014422432132269559,
        -0.005826301026175383,
        0.9998790165153694,
        1.718629947848683
      ],
      [
        0.0,
        0.0,
        0.0,
        1.0
      ]
    ],
    "location": [
      34.34611097430661,
      -23.20004207501688,
      1.718629947848683
    ],
    "rotation": [
      -0.005826940048957734,
      0.01442293217246461,
      0.020588480966182376
    ]
  },
  {
    "label_id": "kkxKESj1hE_iEDSSnzGUrA",
    "size": [
      2.8960503537615763,
      10.96042731337048,
      2.9000000000000057
    ],
    "obj_class": "vehicle",
    "point_num_in_lidar": 106,
    "speed": 7.160723346098895e-13,
    "if_vehicle": true,
    "motion_state": false,
    "pose": [
      [
        0.9995215117869453,
        -0.027427744246379258,
        0.014299172028273575,
        35.2578209377416
      ],
      [
        0.02734251060076645,
        0.9996073734734471,
        0.006122582099357454,
        -47.46397761350124
      ],
      [
        -0.014461486409976167,
        -0.0057286772532242,
        0.9998790165153694,
        2.9484033314396925
      ],
      [
        0.0,
        0.0,
        0.0,
        1.0
      ]
    ],
    "location": [
      35.2578209377416,
      -47.46397761350124,
      2.9484033314396925
    ],
    "rotation": [
      -0.005729307723486029,
      0.01446199052358992,
      0.027348779333539124
    ]
  },
  {
    "label_id": "knNjsVOTq4JKHKdR4ciuXA",
    "size": [
      1.9446370296238478,
      12.54279923678777,
      2.950000000000017
    ],
    "obj_class": "vehicle",
    "point_num_in_lidar": 138,
    "speed": 5.3290705182007514e-14,
    "if_vehicle": true,
    "motion_state": false,
    "pose": [
      [
        0.9996840780721613,
        -0.020670697335083334,
        0.014299172028273575,
        35.17625041237079
      ],
      [
        0.020584885241428305,
        0.9997693616469919,
        0.006122582099357454,
        -40.41151969271732
      ],
      [
        -0.014422432132272614,
        -0.005826301026167823,
        0.9998790165153694,
        2.073629947848417
      ],
      [
        0.0,
        0.0,
        0.0,
        1.0
      ]
    ],
    "location": [
      35.17625041237079,
      -40.41151969271732,
      2.073629947848417
    ],
    "rotation": [
      -0.005826940048950173,
      0.014422932172467663,
      0.020588480966706672
    ]
  },
  {
    "label_id": "mPYQKdQFlCMR8XXG5PGIiA",
    "size": [
      2.627594527593359,
      7.379206516826654,
      2.5999999999999943
    ],
    "obj_class": "vehicle",
    "point_num_in_lidar": 454,
    "speed": 1.5888218580782548e-13,
    "if_vehicle": true,
    "motion_state": false,
    "pose": [
      [
        0.9991475099684074,
        -0.03872708358806417,
        0.014299172028273575,
        34.63965785384244
      ],
      [
        0.038642826186011045,
        0.9992343298610163,
        0.006122582099357454,
        -51.64035969535303
      ],
      [
        -0.014525333327975938,
        -0.005564802239857699,
        0.9998790165153694,
        2.2864269950818255
      ],
      [
        0.0,
        0.0,
        0.0,
        1.0
      ]
    ],
    "location": [
      34.63965785384244,
      -51.64035969535303,
      2.2864269950818255
    ],
    "rotation": [
      -0.0055654181089120625,
      0.01452584414846482,
      0.03865653023110794
    ]
  },
  {
    "label_id": "mSe-r2JQeTDLbyn4ZQuu9g",
    "size": [
      2.0481505622274625,
      12.56373164208783,
      3.3600000000000136
    ],
    "obj_class": "vehicle",
    "point_num_in_lidar": 80,
    "speed": 4.263256414560601e-13,
    "if_vehicle": true,
    "motion_state": false,
    "pose": [
      [
        0.9996840780721712,
        -0.020670697334597657,
        0.014299172028273575,
        35.186781352535945
      ],
      [
        0.02058488524094258,
        0.9997693616470019,
        0.006122582099357454,
        -36.81115082749727
      ],
      [
        -0.014422432132269783,
        -0.005826301026174829,
        0.9998790165153694,
        1.6286299478486796
      ],
      [
        0.0,
        0.0,
        0.0,
        1.0
      ]
    ],
    "location": [
      35.186781352535945,
      -36.81115082749727,
      1.6286299478486796
    ],
    "rotation": [
      -0.0058269400489571795,
      0.014422932172464834,
      0.020588480966220794
    ]
  },
  {
    "label_id": "rLGxdFvwTKDWImh4l1dmDQ",
    "size": [
      1.9681729516059987,
      12.600915645425879,
      3.259999999999991
    ],
    "obj_class": "vehicle",
    "point_num_in_lidar": 52,
    "speed": 0.07235660492907173,
    "if_vehicle": true,
    "motion_state": false,
    "pose": [
      [
        0.9996840780721745,
        -0.02067069733443873,
        0.014299172028273575,
        34.756387487873326
      ],
      [
        0.02058488524078363,
        0.9997693616470051,
        0.006122582099357454,
        -26.663705049187115
      ],
      [
        -0.014422432132268856,
        -0.005826301026177121,
        0.9998790165153694,
        1.5469689902908499
      ],
      [
        0.0,
        0.0,
        0.0,
        1.0
      ]
    ],
    "location": [
      34.756387487873326,
      -26.663705049187115,
      1.5469689902908499
    ],
    "rotation": [
      -0.005826940048959472,
      0.014422932172463907,
      0.020588480966061796
    ]
  }
]