[
  {
    "label_id": "-Z2albPClZedXBH6kjDQkw",
    "size": [
      1.9082292241284255,
      4.387772557343194,
      1.8799999999999955
    ],
    "obj_class": "vehicle",
    "point_num_in_lidar": 24,
    "speed": 18.220206968459074,
    "if_vehicle": true,
    "motion_state": true,
    "pose": [
      [
        -0.011636631748656829,
        -0.9991070011135231,
        0.04061759627905826,
        -2.7460762633891136
      ],
      [
        0.99993204811588,
        -0.01159864796439093,
        0.001170690471289492,
        -31.885647597906654
      ],
      [
        -0.0006985358456016713,
        0.040628459130768735,
        0.9991740791055039,
        0.9692971681259053
      ],
      [
        0.0,
        0.0,
        0.0,
        1.0
      ]
    ],
    "location": [
      -2.7460762633891136,
      -31.885647597906654,
      0.9692971681259053
    ],
    "rotation": [
      0.04063965473664338,
      0.0006985359024103824,
      1.5824332240205201
    ]
  },
  {
    "label_id": "7N4zonIXNeW1QID1IBGtrw",
    "size": [
      2.006303095289373,
      4.793038370717342,
      1.5800000000000125
    ],
    "obj_class": "vehicle",
    "point_num_in_lidar": 3590,
    "speed": 13.022572135198503,
    "if_vehicle": true,
    "motion_state": true,
    "pose": [
      [
        -0.019132454252191036,
        -0.9989915715694498,
        0.04061759627905826,
        -1.858254392609524
      ],
      [
        0.9998168803360322,
        -0.019100661741008832,
        0.001170690471289492,
        -95.1721646010335
      ],
      [
        -0.0003936869464757199,
        0.04063255658036189,
        0.9991740791055039,
        1.0850030511391537
      ],
      [
        0.0,
        0.0,
        0.0,
        1.0
      ]
    ],
    "location": [
      -1.858254392609524,
      -95.1721646010335,
      1.0850030511391537
    ],
    "rotation": [
      0.04064374880338344,
      0.00039368695664527203,
      1.5899299499640522
    ]
  },
  {
    "label_id": "Eq0xyW-KU_tdvMCpEGSS_A",
    "size": [
      1.0562384114082721,
      0.13040600161147678,
      1.1399999999999864
    ],
    "obj_class": "sign",
    "point_num_in_lidar": 231,
    "speed": 0.020597505443903177,
    "if_vehicle": false,
    "motion_state": false,
    "pose": [
      [
        0.0354203915634509,
        -0.9985467473954354,
        0.04061759627905826,
        5.68081600518326
      ],
      [
        0.9993690907708948,
        0.035497181515938364,
        0.001170690471289492,
        -81.1482086098249
      ],
      [
        -0.0026107993501717853,
        0.04055050394780906,
        0.9991740791055039,
        3.021238013627624
      ],
      [
        0.0,
        0.0,
        0.0,
        1.0
      ]
    ],
    "location": [
      5.68081600518326,
      -81.1482086098249,
      3.021238013627624
    ],
    "rotation": [
      0.04056176365395198,
      0.0026108023161678434,
      1.535368403824603
    ]
  },
  {
    "label_id": "FHOD-9rdszts8P8jeOcGWA",
    "size": [
      0.25764995081962055,
      0.07310389723659724,
      0.6800000000000068
    ],
    "obj_class": "sign",
    "point_num_in_lidar": 90,
    "speed": 0.0018199754179325084,
    "if_vehicle": false,
    "motion_state": false,
    "pose": [
      [
        0.3386763292903478,
        0.9400258266935688,
        0.04061759627905826,
        7.818695589865456
      ],
      [
        -0.9408176947995822,
        0.3389110423633621,
        0.001170690471289492,
        -89.27873752897369
      ],
      [
        -0.012665272615153666,
        -0.0386102384511152,
        0.9991740791055039,
        2.031116628463934
      ],
      [
        0.0,
        0.0,
        0.0,
        1.0
      ]
    ],
    "location": [
      7.818695589865456,
      -89.27873752897369,
      2.031116628463934
    ],
    "rotation": [
      -0.03862293733225954,
      0.012665611243825625,
      -1.2252577219716783
    ]
  },
  {
    "label_id": "FxoJhHTByog2QtUg0GhKOA",
    "size": [
      2.017535052510261,
      4.496712112519174,
      1.8600000000000136
    ],
    "obj_class": "vehicle",
    "point_num_in_lidar": 71,
    "speed": 7.270029039629005,
    "if_vehicle": true,
    "motion_state": true,
    "pose": [
      [
        0.9976088252802773,
        -0.055918177683258866,
        0.04061759627905826,
        -33.72612756257604
      ],
      [
        0.05591680770225993,
        0.9984347450385572,
        0.001170690471289492,
        -130.74726413980522
      ],
      [
        -0.040619482262746254,
        0.0011033151746342028,
        0.9991740791055039,
        1.4643058521718615
      ],
      [
        0.0,
        0.0,
        0.0,
        1.0
      ]
    ],
    "location": [
      -33.72612756257604,
      -130.74726413980522,
      1.4643058521718615
    ],
    "rotation": [
      0.0011042267301326486,
      0.04063066053157555,
      0.05599224721142019
    ]
  },
  {
    "label_id": "UZpnnPlNInhDoCduQfj1xQ",
    "size": [
      0.6828715359533825,
      0.08876168107593682,
      0.8599999999999852
    ],
    "obj_class": "sign",
    "point_num_in_lidar": 38,
    "speed": 0.0013470121967385908,
    "if_vehicle": false,
    "motion_state": false,
    "pose": [
      [
        0.9991747649297952,
        5.405108331970825e-14,
        0.04061759627905826,
        -16.345910900608942
      ],
      [
        -4.758990584399893e-05,
        0.9999993136092751,
        0.001170690471289492,
        -127.21201302602617
      ],
      [
        -0.04061756839951684,
        -0.0011716573640387594,
        0.9991740791055039,
        3.1892227320304016
      ],
      [
        0.0,
        0.0,
        0.0,
        1.0
      ]
    ],
    "location": [
      -16.345910900608942,
      -127.21201302602617,
      3.1892227320304016
    ],
    "rotation": [
      -0.0011726253227649865,
      0.04062874508758224,
      -4.762921110338107e-05
    ]
  },
  {
    "label_id": "UfF69ZTUyM5RQ0IQUWgsrw",
    "size": [
      2.1246918483834096,
      4.5846318344073325,
      1.6299999999999955
    ],
    "obj_class": "vehicle",
    "point_num_in_lidar": 156,
    "speed": 15.705589734235899,
    "if_vehicle": true,
    "motion_state": true,
    "pose": [
      [
        -0.004342551173439355,
        -0.9991653282224207,
        0.04061759627905826,
        1.1035537719144486
      ],
      [
        0.9999900759467358,
        -0.004298545319262226,
        0.001170690471289492,
        -55.361956464065656
      ],
      [
        -0.0009951167506277996,
        0.04062227697114917,
        0.9991740791055039,
        0.7451286153481647
      ],
      [
        0.0,
        0.0,
        0.0,
        1.0
      ]
    ],
    "location": [
      1.1035537719144486,
      -55.361956464065656,
      0.7451286153481647
    ],
    "rotation": [
      0.04063347767843308,
      0.0009951169148648186,
      1.5751388937670532
    ]
  },
  {
    "label_id": "ZBnCJBbrkJezmYJaaMOEYw",
    "size": [
      2.0467503034146404,
      4.843573173001877,
      1.6500000000000057
    ],
    "obj_class": "vehicle",
    "point_num_in_lidar": 419,
    "speed": 14.393522275136506,
    "if_vehicle": true,
    "motion_state": true,
    "pose": [
      [
        -0.013648654972150403,
        -0.9990815407612947,
        0.04061759627905826,
        -2.138125472453794
      ],
      [
        0.9999066625840918,
        -0.013612332781837806,
        0.001170690471289492,
        -75.55792555807625
      ],
      [
        -0.0006167150024615948,
        0.04062978348790299,
        0.9991740791055039,
        1.0700030511391674
      ],
      [
        0.0,
        0.0,
        0.0,
        1.0
      ]
    ],
    "location": [
      -2.138125472453794,
      -75.55792555807625,
      1.0700030511391674
    ],
    "rotation": [
      0.0406409780005379,
      0.0006167150415548978,
      1.584445408156759
    ]
  },
  {
    "label_id": "aIMWIvZ-9FsM82qmziX_Cw",
    "size": [
      3.118235992320024,
      7.163650091990669,
      2.3000000000000114
    ],
    "obj_class": "vehicle",
    "point_num_in_lidar": 4806,
    "speed": 4.3220627292571264e-13,
    "if_vehicle": true,
    "motion_state": false,
    "pose": [
      [
        0.07693577527996348,
        -0.9962083604119083,
        0.04061759627905826,
        -6.946805757011134
      ],
      [
        0.9970267967360327,
        0.07704671358407363,
        0.001170690471289492,
        -104.02311739730374
      ],
      [
        -0.004295703941939285,
        0.040406763930205335,
        0.9991740791055039,
        1.6974201026859248
      ],
      [
        0.0,
        0.0,
        0.0,
        1.0
      ]
    ],
    "location": [
      -6.946805757011134,
      -104.02311739730374,
      1.6974201026859248
    ],
    "rotation": [
      0.04041814053910491,
      0.00429571715353827,
      1.4937837380674692
    ]
  },
  {
    "label_id": "eg2tEpDiKk_7U6oF0C2Kiw",
    "size": [
      0.8479130833628242,
      0.11886989128101817,
      0.6299999999999955
    ],
    "obj_class": "sign",
    "point_num_in_lidar": 111,
    "speed": 0.03253469868159522,
    "if_vehicle": false,
    "motion_state": false,
    "pose": [
      [
        0.9951285541446413,
        0.08982968105535619,
        0.04061759627905826,
        -12.360466226094104
      ],
      [
        -0.08995120836298534,
        0.9959454852540168,
        0.001170690471289492,
        -111.16949542321788
      ],
      [
        -0.04034774888434795,
        -0.004818589382146407,
        0.9991740791055039,
        2.9359209985478003
      ],
      [
        0.0,
        0.0,
        0.0,
        1.0
      ]
    ],
    "location": [
      -12.360466226094104,
      -111.16949542321788,
      2.9359209985478003
    ],
    "rotation": [
      -0.0048225350594974055,
      0.04035870420319069,
      -0.09014656043979007
    ]
  },
  {
    "label_id": "hmqmGz9lrmqJ-0dOshKlQA",
    "size": [
      1.0562384114078476,
      0.13040600161147678,
      1.0500000000000114
    ],
    "obj_class": "sign",
    "point_num_in_lidar": 239,
    "speed": 0.0459177578806149,
    "if_vehicle": false,
    "motion_state": false,
    "pose": [
      [
        0.051304964715559,
        -0.9978567088856228,
        0.04061759627905826,
        -5.050510179808043
      ],
      [
        0.9986777262511305,
        0.051394830223402285,
        0.001170690471289492,
        -80.94701646285091
      ],
      [
        -0.0032557158056495876,
        0.040503826464433935,
        0.9991740791055039,
        3.189639416339702
      ],
      [
        0.0,
        0.0,
        0.0,
        1.0
      ]
    ],
    "location": [
      -5.050510179808043,
      -80.94701646285091,
      3.189639416339702
    ],
    "rotation": [
      0.0405151243163343,
      0.003255721557270908,
      1.519468555625706
    ]
  },
  {
    "label_id": "rpwvKbh-Np4npfBHGubrYw",
    "size": [
      2.0001894835902227,
      8.004928305334522,
      3.3300000000000125
    ],
    "obj_class": "vehicle",
    "point_num_in_lidar": 2441,
    "speed": 5.695433295429594e-13,
    "if_vehicle": true,
    "motion_state": false,
    "pose": [
      [
        0.7111001065536816,
        -0.7019165543936502,
        0.04061759627905826,
        -8.336329459323679
      ],
      [
        0.7024619276357282,
        0.7117203592044543,
        0.001170690471289492,
        -105.06094710816512
      ],
      [
        -0.029730097235621852,
        0.02769983685924171,
        0.9991740791055039,
        2.510003051139279
      ],
      [
        0.0,
        0.0,
        0.0,
        1.0
      ]
    ],
    "location": [
      -8.336329459323679,
      -105.06094710816512,
      2.510003051139279
    ],
    "rotation": [
      0.02771563481545535,
      0.029734478611709483,
      0.7792873092680099
    ]
  }
]