[
  {
    "label_id": "7N4zonIXNeW1QID1IBGtrw",
    "size": [
      2.0063030952879366,
      4.793038370717342,
      1.5800000000000125
    ],
    "obj_class": "vehicle",
    "point_num_in_lidar": 458,
    "speed": 15.79387882936113,
    "if_vehicle": true,
    "motion_state": true,
    "pose": [
      [
        0.000832134275654379,
        -0.9999980395964231,
        0.0017967626048013522,
        -2.158589963534723
      ],
      [
        0.9999806416645638,
        0.0008210376405151393,
        -0.006167835383669806,
        -69.05751927502399
      ],
      [
        0.006166348082493645,
        0.0018018602896974945,
        0.9999793645124994,
        1.0764308369620892
      ],
      [
        0.0,
        0.0,
        0.0,
        1.0
      ]
    ],
    "location": [
      -2.158589963534723,
      -69.05751927502399,
      1.0764308369620892
    ],
    "rotation": [
      0.0018018955225797748,
      -0.006166387161210041,
      1.5699641766022767
    ]
  },
  {
    "label_id": "Eq0xyW-KU_tdvMCpEGSS_A",
    "size": [
      1.0562384114080903,
      0.13040600161147678,
      1.1399999999999864
    ],
    "obj_class": "sign",
    "point_num_in_lidar": 526,
    "speed": 0.06092356970373513,
    "if_vehicle": false,
    "motion_state": false,
    "pose": [
      [
        0.020773440809973707,
        -0.9997825942679022,
        0.0017967626048013522,
        5.6888957451137685
      ],
      [
        0.9997654210793242,
        0.020761999440368037,
        -0.006167835383669806,
        -81.07655722010622
      ],
      [
        0.0061291900767074,
        0.001924468285437133,
        0.9999793645124994,
        3.1182409553685204
      ],
      [
        0.0,
        0.0,
        0.0,
        1.0
      ]
    ],
    "location": [
      5.6888957451137685,
      -81.07655722010622,
      3.1182409553685204
    ],
    "rotation": [
      0.001924505622649828,
      -0.006129228453207136,
      1.5500210013211537
    ]
  },
  {
    "label_id": "FHOD-9rdszts8P8jeOcGWA",
    "size": [
      0.25764995081962044,
      0.07310389723659724,
      0.6800000000000068
    ],
    "obj_class": "sign",
    "point_num_in_lidar": 104,
    "speed": 0.019572617283122748,
    "if_vehicle": false,
    "motion_state": false,
    "pose": [
      [
        0.3389555005723594,
        0.9408006910477285,
        0.0017967626048013522,
        7.82711039995138
      ],
      [
        -0.940780557990308,
        0.33896002642512973,
        -0.006167835383669806,
        -89.27823641845612
      ],
      [
        -0.0064117344912283354,
        0.00040026240399857355,
        0.9999793645124994,
        2.0777553364756898
      ],
      [
        0.0,
        0.0,
        0.0,
        1.0
      ]
    ],
    "location": [
      7.82711039995138,
      -89.27823641845612,
      2.0777553364756898
    ],
    "rotation": [
      0.00040027064240218607,
      0.006411778423471022,
      -1.224982467592912
    ]
  },
  {
    "label_id": "UfF69ZTUyM5RQ0IQUWgsrw",
    "size": [
      2.1246918483834443,
      4.5846318344073325,
      1.6299999999999955
    ],
    "obj_class": "vehicle",
    "point_num_in_lidar": 53,
    "speed": 18.15233624292679,
    "if_vehicle": true,
    "motion_state": true,
    "pose": [
      [
        -0.00937438208046425,
        -0.9999544452647589,
        0.0017967626048013522,
        0.943733763057935
      ],
      [
        0.9999369349813872,
        -0.009385300565736247,
        -0.006167835383669806,
        -24.815360303775037
      ],
      [
        0.006184417566653227,
        0.0017388296464383097,
        0.9999793645124994,
        0.662457440680555
      ],
      [
        0.0,
        0.0,
        0.0,
        1.0
      ]
    ],
    "location": [
      0.943733763057935,
      -24.815360303775037,
      0.662457440680555
    ],
    "rotation": [
      0.0017388637762038596,
      -0.006184456989922802,
      1.5801710254668526
    ]
  },
  {
    "label_id": "ZBnCJBbrkJezmYJaaMOEYw",
    "size": [
      2.046750303414798,
      4.843573173001877,
      1.6500000000000057
    ],
    "obj_class": "vehicle",
    "point_num_in_lidar": 83,
    "speed": 17.262359404252354,
    "if_vehicle": true,
    "motion_state": true,
    "pose": [
      [
        0.0041767857764341415,
        -0.9999896629989331,
        0.0017967626048013522,
        -2.2642000161322358
      ],
      [
        0.9999723022788892,
        0.00416563101314891,
        -0.006167835383669806,
        -46.99097876626195
      ],
      [
        0.006160286976719037,
        0.0018224745656737213,
        0.9999793645124994,
        0.9375035412286934
      ],
      [
        0.0,
        0.0,
        0.0,
        1.0
      ]
    ],
    "location": [
      -2.2642000161322358,
      -46.99097876626195,
      0.9375035412286934
    ],
    "rotation": [
      0.0018225101562494477,
      -0.0061603259403120985,
      1.566619449618335
    ]
  },
  {
    "label_id": "aIMWIvZ-9FsM82qmziX_Cw",
    "size": [
      3.118235992320026,
      7.163650091990669,
      2.3000000000000114
    ],
    "obj_class": "vehicle",
    "point_num_in_lidar": 3722,
    "speed": 4.3220627292571264e-13,
    "if_vehicle": true,
    "motion_state": false,
    "pose": [
      [
        0.07699919352670803,
        -0.9970295360922757,
        0.0017967626048013522,
        -6.946805757010225
      ],
      [
        0.9970130339301467,
        0.0769868039347269,
        -0.006167835383669806,
        -104.02311739730351
      ],
      [
        0.006011187040900738,
        0.002266314086213298,
        0.9999793645124994,
        1.7306888371483637
      ],
      [
        0.0,
        0.0,
        0.0,
        1.0
      ]
    ],
    "location": [
      -6.946805757010225,
      -104.02311739730351,
      1.7306888371483637
    ],
    "rotation": [
      0.0022663569733807685,
      -0.006011223243231827,
      1.4937194477691538
    ]
  },
  {
    "label_id": "hmqmGz9lrmqJ-0dOshKlQA",
    "size": [
      1.0562384114069368,
      0.13040600161147678,
      1.0500000000000114
    ],
    "obj_class": "sign",
    "point_num_in_lidar": 264,
    "speed": 0.030816830973893632,
    "if_vehicle": false,
    "motion_state": false,
    "pose": [
      [
        0.059765013366036804,
        -0.9982108568942233,
        0.0017967626048013522,
        -5.03524011040281
      ],
      [
        0.9981941431764767,
        0.05975291068106702,
        -0.006167835383669806,
        -80.84793148875417
      ],
      [
        0.006049438448075771,
        0.002162138672935761,
        0.9999793645124994,
        3.284615775608529
      ],
      [
        0.0,
        0.0,
        0.0,
        1.0
      ]
    ],
    "location": [
      -5.03524011040281,
      -80.84793148875417,
      3.284615775608529
    ],
    "rotation": [
      0.00216217992122282,
      -0.0060494753459280955,
      1.5109945818818362
    ]
  }
]