[
  {
    "label_id": "-Z2albPClZedXBH6kjDQkw",
    "size": [
      1.9082292241272771,
      4.387772557343194,
      1.8799999999999955
    ],
    "obj_class": "vehicle",
    "point_num_in_lidar": 56,
    "speed": 16.511666846903513,
    "if_vehicle": true,
    "motion_state": true,
    "pose": [
      [
        -0.010988464290627454,
        -0.9993195928608773,
        0.03520802432548483,
        -2.3586506280844333
      ],
      [
        0.9999340143191039,
        -0.010863637604530296,
        0.003734753764260919,
        -51.04477354265771
      ],
      [
        -0.0033497253940932936,
        0.03524674030839957,
        0.9993730267709933,
        1.1050030511391071
      ],
      [
        0.0,
        0.0,
        0.0,
        1.0
      ]
    ],
    "location": [
      -2.3586506280844333,
      -51.04477354265771,
      1.1050030511391071
    ],
    "rotation": [
      0.03525424029153197,
      0.0033497316584800018,
      1.5817850738868484
    ]
  },
  {
    "label_id": "7N4zonIXNeW1QID1IBGtrw",
    "size": [
      2.006303095289131,
      4.793038370717342,
      1.5800000000000125
    ],
    "obj_class": "vehicle",
    "point_num_in_lidar": 2188,
    "speed": 10.839644280617375,
    "if_vehicle": true,
    "motion_state": true,
    "pose": [
      [
        0.02098420060851833,
        -0.999159676101832,
        0.03520802432548483,
        -1.5345783949351244
      ],
      [
        0.9997697900591137,
        0.021128618020976816,
        0.003734753764260919,
        -108.48742472001913
      ],
      [
        -0.004475512258665466,
        0.035121548266073464,
        0.9993730267709933,
        1.0850030511391822
      ],
      [
        0.0,
        0.0,
        0.0,
        1.0
      ]
    ],
    "location": [
      -1.5345783949351244,
      -108.48742472001913,
      1.0850030511391822
    ],
    "rotation": [
      0.03512912478595305,
      0.004475527199708522,
      1.5498103756538706
    ]
  },
  {
    "label_id": "Eq0xyW-KU_tdvMCpEGSS_A",
    "size": [
      1.0562384114082743,
      0.13040600161147678,
      1.1399999999999864
    ],
    "obj_class": "sign",
    "point_num_in_lidar": 182,
    "speed": 0.02145320112251319,
    "if_vehicle": false,
    "motion_state": false,
    "pose": [
      [
        0.0354276672624392,
        -0.9987518587794658,
        0.03520802432548483,
        5.657248924033411
      ],
      [
        0.9993598210085017,
        0.03558089049160778,
        0.003734753764260919,
        -81.14974623182775
      ],
      [
        -0.004982825122090136,
        0.035053171274312116,
        0.9993730267709933,
        3.006407064294791
      ],
      [
        0.0,
        0.0,
        0.0,
        1.0
      ]
    ],
    "location": [
      5.657248924033411,
      -81.14974623182775,
      3.006407064294791
    ],
    "rotation": [
      0.035060789131955414,
      0.0049828457417044735,
      1.5353608042570628
    ]
  },
  {
    "label_id": "FHOD-9rdszts8P8jeOcGWA",
    "size": [
      0.2576499508196199,
      0.07310389723659724,
      0.6800000000000068
    ],
    "obj_class": "sign",
    "point_num_in_lidar": 80,
    "speed": 0.0018199754173706284,
    "if_vehicle": false,
    "motion_state": false,
    "pose": [
      [
        0.3387458967600835,
        0.9402189173013394,
        0.03520802432548483,
        7.819844944359829
      ],
      [
        -0.94084023826891,
        0.33882989488594584,
        0.003734753764260919,
        -89.28037863326028
      ],
      [
        -0.008418045040725346,
        -0.03439025850841938,
        0.9993730267709933,
        2.0222007855157074
      ],
      [
        0.0,
        0.0,
        0.0,
        1.0
      ]
    ],
    "location": [
      7.819844944359829,
      -89.28037863326028,
      2.0222007855157074
    ],
    "rotation": [
      -0.034398260246611474,
      0.00841814446589354,
      -1.225199899918191
    ]
  },
  {
    "label_id": "FxoJhHTByog2QtUg0GhKOA",
    "size": [
      2.0175350525105347,
      4.496712112519174,
      1.8600000000000136
    ],
    "obj_class": "vehicle",
    "point_num_in_lidar": 42,
    "speed": 8.65430939466042,
    "if_vehicle": true,
    "motion_state": true,
    "pose": [
      [
        0.9983407571662921,
        -0.04556454327358798,
        0.03520802432548483,
        -42.56423732299481
      ],
      [
        0.045461054151681356,
        0.9989591303800863,
        0.003734753764260919,
        -131.22089860270933
      ],
      [
        -0.03534154971209511,
        -0.0021279630004073236,
        0.9993730267709933,
        1.4567731476718677
      ],
      [
        0.0,
        0.0,
        0.0,
        1.0
      ]
    ],
    "location": [
      -42.56423732299481,
      -131.22089860270933,
      1.4567731476718677
    ],
    "rotation": [
      -0.002129294795251762,
      0.0353489109309587,
      0.04550517490205681
    ]
  },
  {
    "label_id": "RixDhuBl0MERn4GfLVrNXw",
    "size": [
      0.813726758207351,
      0.08876168109736594,
      0.41117645952314774
    ],
    "obj_class": "sign",
    "point_num_in_lidar": 20,
    "speed": 0.02653843591245063,
    "if_vehicle": false,
    "motion_state": false,
    "pose": [
      [
        -0.9993770593284393,
        -0.002426584253055868,
        0.03520802432548483,
        -16.396099987267917
      ],
      [
        0.0025596471899434494,
        -0.9999897498577591,
        0.003734753764260919,
        -127.24439078570015
      ],
      [
        0.035198600743554076,
        0.0038225473547710822,
        0.9993730267709933,
        3.7994148213771837
      ],
      [
        0.0,
        0.0,
        0.0,
        1.0
      ]
    ],
    "location": [
      -16.396099987267917,
      -127.24439078570015,
      3.7994148213771837
    ],
    "rotation": [
      0.0038249268401120483,
      -0.03520587296655433,
      3.1390314164981383
    ]
  },
  {
    "label_id": "UZpnnPlNInhDoCduQfj1xQ",
    "size": [
      0.6828715359533779,
      0.08876168107593682,
      0.8599999999999852
    ],
    "obj_class": "sign",
    "point_num_in_lidar": 41,
    "speed": 0.0013470121956214926,
    "if_vehicle": false,
    "motion_state": false,
    "pose": [
      [
        0.9993800053148433,
        9.092223627454e-15,
        0.03520802432548483,
        -16.347380416112173
      ],
      [
        -0.00013157487711550918,
        0.9999930171268059,
        0.003734753764260919,
        -127.21181434635105
      ],
      [
        -0.035207778472315515,
        -0.003737070728250812,
        0.9993730267709933,
        3.182655963453783
      ],
      [
        0.0,
        0.0,
        0.0,
        1.0
      ]
    ],
    "location": [
      -16.347380416112173,
      -127.21181434635105,
      3.182655963453783
    ],
    "rotation": [
      -0.003739397811949027,
      0.035215056387423865,
      -0.00013165650268722674
    ]
  },
  {
    "label_id": "UfF69ZTUyM5RQ0IQUWgsrw",
    "size": [
      2.1246918483831494,
      4.5846318344073325,
      1.6299999999999955
    ],
    "obj_class": "vehicle",
    "point_num_in_lidar": 354,
    "speed": 14.248912247625968,
    "if_vehicle": true,
    "motion_state": true,
    "pose": [
      [
        -0.013172529444067079,
        -0.9992931899553511,
        0.03520802432548483,
        1.309165630379539
      ],
      [
        0.9999078827646251,
        -0.013049045922421006,
        0.003734753764260919,
        -71.89134791677873
      ],
      [
        -0.003272682876525081,
        0.03525397721354702,
        0.9993730267709933,
        0.9095669956732593
      ],
      [
        0.0,
        0.0,
        0.0,
        1.0
      ]
    ],
    "location": [
      1.309165630379539,
      -71.89134791677873,
      0.9095669956732593
    ],
    "rotation": [
      0.03526147273864151,
      0.003272688718539375,
      1.5839693077570214
    ]
  },
  {
    "label_id": "ZBnCJBbrkJezmYJaaMOEYw",
    "size": [
      2.0467503034154775,
      4.843573173001877,
      1.6500000000000057
    ],
    "obj_class": "vehicle",
    "point_num_in_lidar": 1672,
    "speed": 12.537141543449973,
    "if_vehicle": true,
    "motion_state": true,
    "pose": [
      [
        -0.0263114783734553,
        -0.9990335835841052,
        0.03520802432548483,
        -1.8215334173819429
      ],
      [
        0.9996498469809537,
        -0.026196088358307064,
        0.003734753764260919,
        -90.43810598957089
      ],
      [
        -0.0028088319207619852,
        0.03529396302237114,
        0.9993730267709933,
        1.0700030511391674
      ],
      [
        0.0,
        0.0,
        0.0,
        1.0
      ]
    ],
    "location": [
      -1.8215334173819429,
      -90.43810598957089,
      1.0700030511391674
    ],
    "rotation": [
      0.035301433849082756,
      0.0028088356141722126,
      1.597110945823069
    ]
  },
  {
    "label_id": "aIMWIvZ-9FsM82qmziX_Cw",
    "size": [
      3.1182359923200242,
      7.163650091990669,
      2.3000000000000114
    ],
    "obj_class": "vehicle",
    "point_num_in_lidar": 4763,
    "speed": 4.3220627292571264e-13,
    "if_vehicle": true,
    "motion_state": false,
    "pose": [
      [
        0.07695157864960113,
        -0.9964129914681112,
        0.03520802432548483,
        -6.946805757010225
      ],
      [
        0.9970140521614055,
        0.07712996439137396,
        0.003734753764260919,
        -104.02311739730317
      ],
      [
        -0.006436950833159282,
        0.03481549980332155,
        0.9993730267709933,
        1.6771257216493893
      ],
      [
        0.0,
        0.0,
        0.0,
        1.0
      ]
    ],
    "location": [
      -6.946805757010225,
      -104.02311739730317,
      1.6771257216493893
    ],
    "rotation": [
      0.03482325880265062,
      0.00643699528578543,
      1.4937670006695507
    ]
  },
  {
    "label_id": "aWHnuRdkY7z8184io3j_ww",
    "size": [
      0.8731473254486724,
      0.11637184483583865,
      0.75
    ],
    "obj_class": "sign",
    "point_num_in_lidar": 21,
    "speed": 0.011066550832639625,
    "if_vehicle": false,
    "motion_state": false,
    "pose": [
      [
        0.9965283587674875,
        -0.07544286046587778,
        0.03520802432548483,
        -57.129732503052765
      ],
      [
        0.07535793708208713,
        0.9971495539451706,
        0.003734753764260919,
        -128.97131625420968
      ],
      [
        -0.03538942625855946,
        -0.0010685839571951481,
        0.9993730267709933,
        3.193955374897996
      ],
      [
        0.0,
        0.0,
        0.0,
        1.0
      ]
    ],
    "location": [
      -57.129732503052765,
      -128.97131625420968,
      3.193955374897996
    ],
    "rotation": [
      -0.001069253943553966,
      0.03539681744556485,
      0.07547681269727857
    ]
  },
  {
    "label_id": "eg2tEpDiKk_7U6oF0C2Kiw",
    "size": [
      0.8479130833628234,
      0.11886989128101817,
      0.6299999999999955
    ],
    "obj_class": "sign",
    "point_num_in_lidar": 107,
    "speed": 0.029359476399485163,
    "if_vehicle": false,
    "motion_state": false,
    "pose": [
      [
        0.9953329633979482,
        0.0898481329608747,
        0.03520802432548483,
        -12.380777457621662
      ],
      [
        -0.09003428715461227,
        0.9959316636952966,
        0.003734753764260919,
        -111.1958357900262
      ],
      [
        -0.03472922558911713,
        -0.006887252904010734,
        0.9993730267709933,
        2.933685134882097
      ],
      [
        0.0,
        0.0,
        0.0,
        1.0
      ]
    ],
    "location": [
      -12.380777457621662,
      -111.1958357900262,
      2.933685134882097
    ],
    "rotation": [
      -0.006891464637042695,
      0.03473621064472225,
      -0.09021093888591256
    ]
  },
  {
    "label_id": "hmqmGz9lrmqJ-0dOshKlQA",
    "size": [
      1.0562384114082732,
      0.13040600161147678,
      1.0500000000000114
    ],
    "obj_class": "sign",
    "point_num_in_lidar": 210,
    "speed": 0.01837314996342739,
    "if_vehicle": false,
    "motion_state": false,
    "pose": [
      [
        0.03542766726242812,
        -0.9987518587794663,
        0.03520802432548483,
        -5.0655181529191395
      ],
      [
        0.9993598210085022,
        0.03558089049159669,
        0.003734753764260919,
        -80.9462160209057
      ],
      [
        -0.004982825122089748,
        0.03505317127431217,
        0.9993730267709933,
        3.1803646830225887
      ],
      [
        0.0,
        0.0,
        0.0,
        1.0
      ]
    ],
    "location": [
      -5.0655181529191395,
      -80.9462160209057,
      3.1803646830225887
    ],
    "rotation": [
      0.03506078913195547,
      0.004982845741704085,
      1.5353608042570739
    ]
  },
  {
    "label_id": "r58hVIX7bAIaKfAJJoTJ4g",
    "size": [
      2.137983622517979,
      4.487187139590553,
      1.8400000000000034
    ],
    "obj_class": "vehicle",
    "point_num_in_lidar": 418,
    "speed": 5.467736497410098,
    "if_vehicle": true,
    "motion_state": true,
    "pose": [
      [
        0.8527637866525868,
        -0.5211087402807955,
        0.03520802432548483,
        -9.911578203315003
      ],
      [
        0.52131611237307,
        0.853355472587215,
        0.003734753764260919,
        -127.00185123066149
      ],
      [
        -0.031991173066489235,
        0.015169647603472088,
        0.9993730267709933,
        1.4011787498815806
      ],
      [
        0.0,
        0.0,
        0.0,
        1.0
      ]
    ],
    "location": [
      -9.911578203315003,
      -127.00185123066149,
      1.4011787498815806
    ],
    "rotation": [
      0.01517799889897511,
      0.03199663239632458,
      0.5487053659468578
    ]
  },
  {
    "label_id": "rpwvKbh-Np4npfBHGubrYw",
    "size": [
      2.0001894835902236,
      8.004928305334522,
      3.3300000000000125
    ],
    "obj_class": "vehicle",
    "point_num_in_lidar": 2483,
    "speed": 5.695433295429594e-13,
    "if_vehicle": true,
    "motion_state": false,
    "pose": [
      [
        0.7112461735529687,
        -0.7020607350004389,
        0.03520802432548483,
        -8.336329459323679
      ],
      [
        0.7023977333330068,
        0.7117748772069543,
        0.003734753764260919,
        -105.06094710816467
      ],
      [
        -0.0276822111637541,
        0.022073707157360786,
        0.9993730267709933,
        2.5100030511393356
      ],
      [
        0.0,
        0.0,
        0.0,
        1.0
      ]
    ],
    "location": [
      -8.336329459323679,
      -105.06094710816467,
      2.5100030511393356
    ],
    "rotation": [
      0.02208396463531253,
      0.02768574788543335,
      0.779138931760764
    ]
  }
]