[
  {
    "label_id": "-Z2albPClZedXBH6kjDQkw",
    "size": [
      1.9082292241272731,
      4.387772557343194,
      1.8799999999999955
    ],
    "obj_class": "vehicle",
    "point_num_in_lidar": 33,
    "speed": 16.963285522715648,
    "if_vehicle": true,
    "motion_state": true,
    "pose": [
      [
        -0.010988376719993897,
        -0.9993116289591863,
        0.03543337133264377,
        -2.4897766982958274
      ],
      [
        0.9999386353212905,
        -0.010931584846011748,
        0.0017961193027903055,
        -45.92956622121619
      ],
      [
        -0.0014075400011733857,
        0.035450933410729454,
        0.9993704268945791,
        1.1050030511391071
      ],
      [
        0.0,
        0.0,
        0.0,
        1.0
      ]
    ],
    "location": [
      -2.4897766982958274,
      -45.92956622121619,
      1.1050030511391071
    ],
    "rotation": [
      0.0354583983564723,
      0.001407540465936202,
      1.5817849355433624
    ]
  },
  {
    "label_id": "7N4zonIXNeW1QID1IBGtrw",
    "size": [
      2.006303095288237,
      4.793038370717342,
      1.5800000000000125
    ],
    "obj_class": "vehicle",
    "point_num_in_lidar": 3348,
    "speed": 11.529041329439478,
    "if_vehicle": true,
    "motion_state": true,
    "pose": [
      [
        0.014941620366315078,
        -0.9992603385388774,
        0.03543337133264377,
        -1.5796221880809753
      ],
      [
        0.9998856604293601,
        0.015014660275628866,
        0.0017961193027903055,
        -105.1100928922009
      ],
      [
        -0.0023268108155423102,
        0.03540248296342437,
        0.9993704268945791,
        1.0850030511391253
      ],
      [
        0.0,
        0.0,
        0.0,
        1.0
      ]
    ],
    "location": [
      -1.5796221880809753,
      -105.1100928922009,
      1.0850030511391253
    ],
    "rotation": [
      0.03540997823320812,
      0.0023268129151252205,
      1.5558541099628922
    ]
  },
  {
    "label_id": "Eq0xyW-KU_tdvMCpEGSS_A",
    "size": [
      1.0562384114082732,
      0.13040600161147678,
      1.1399999999999864
    ],
    "obj_class": "sign",
    "point_num_in_lidar": 200,
    "speed": 0.02145320165955976,
    "if_vehicle": false,
    "motion_state": false,
    "pose": [
      [
        0.035427384927866006,
        -0.9987438994022321,
        0.03543337133264377,
        5.663672923071317
      ],
      [
        0.9993675922153855,
        0.03551323112690967,
        0.0017961193027903055,
        -81.14932710133769
      ],
      [
        -0.0030522167020022055,
        0.03534733118286155,
        0.9993704268945791,
        3.0104497373629613
      ],
      [
        0.0,
        0.0,
        0.0,
        1.0
      ]
    ],
    "location": [
      5.663672923071317,
      -81.14932710133769,
      3.0104497373629613
    ],
    "rotation": [
      0.03535486076875284,
      0.003052221441110836,
      1.5353613617361406
    ]
  },
  {
    "label_id": "FHOD-9rdszts8P8jeOcGWA",
    "size": [
      0.25764995081961994,
      0.07310389723659724,
      0.6800000000000068
    ],
    "obj_class": "sign",
    "point_num_in_lidar": 93,
    "speed": 0.0018199754634585041,
    "if_vehicle": false,
    "motion_state": false,
    "pose": [
      [
        0.33874319718425017,
        0.9402114243920859,
        0.03543337133264377,
        7.819531649212877
      ],
      [
        -0.9408222758134949,
        0.338895587590878,
        0.0017961193027903055,
        -89.27993129519973
      ],
      [
        -0.010319481310047486,
        -0.03394492825207409,
        0.9993704268945791,
        2.024631097787477
      ],
      [
        0.0,
        0.0,
        0.0,
        1.0
      ]
    ],
    "location": [
      7.819531649212877,
      -89.27993129519973,
      2.024631097787477
    ],
    "rotation": [
      -0.0339532591344552,
      0.010319664475333659,
      -1.2251963547653175
    ]
  },
  {
    "label_id": "FxoJhHTByog2QtUg0GhKOA",
    "size": [
      2.017535052510385,
      4.496712112519174,
      1.8600000000000136
    ],
    "obj_class": "vehicle",
    "point_num_in_lidar": 43,
    "speed": 8.30712320221549,
    "if_vehicle": true,
    "motion_state": true,
    "pose": [
      [
        0.9981595900255071,
        -0.04921289501862749,
        0.03543337133264377,
        -40.06356667576438
      ],
      [
        0.04918013329771576,
        0.9987883101259591,
        0.0017961193027903055,
        -131.100045390417
      ],
      [
        -0.03547882930608602,
        -5.019578158319475e-05,
        0.9993704268945791,
        1.4550204537956404
      ],
      [
        0.0,
        0.0,
        0.0,
        1.0
      ]
    ],
    "location": [
      -40.06356667576438,
      -131.100045390417,
      1.4550204537956404
    ],
    "rotation": [
      -5.0227403363296234e-05,
      0.035486276672253333,
      0.049230999611578695
    ]
  },
  {
    "label_id": "UZpnnPlNInhDoCduQfj1xQ",
    "size": [
      0.6828715359533851,
      0.08876168107593682,
      0.8599999999999852
    ],
    "obj_class": "sign",
    "point_num_in_lidar": 42,
    "speed": 0.0013470122298813482,
    "if_vehicle": false,
    "motion_state": false,
    "pose": [
      [
        0.9993720409317057,
        -1.550584870146857e-15,
        0.03543337133264377,
        -16.346979850336538
      ],
      [
        -6.368255224803316e-05,
        0.9999983849486872,
        0.0017961193027903055,
        -127.2118685031653
      ],
      [
        -0.03543331410593088,
        -0.0017972479009075993,
        0.9993704268945791,
        3.180980551320488
      ],
      [
        0.0,
        0.0,
        0.0,
        1.0
      ]
    ],
    "location": [
      -16.346979850336538,
      -127.2118685031653,
      3.180980551320488
    ],
    "rotation": [
      -0.001798378173907329,
      0.03544073283576112,
      -6.372256732584468e-05
    ]
  },
  {
    "label_id": "UfF69ZTUyM5RQ0IQUWgsrw",
    "size": [
      2.1246918483829154,
      4.5846318344073325,
      1.6299999999999955
    ],
    "obj_class": "vehicle",
    "point_num_in_lidar": 278,
    "speed": 14.658590705238991,
    "if_vehicle": true,
    "motion_state": true,
    "pose": [
      [
        -0.014215023557803012,
        -0.9992709388855728,
        0.03543337133264377,
        1.2449452396531342
      ],
      [
        0.9998981253558992,
        -0.01416025653753564,
        0.0017961193027903055,
        -67.55779267689206
      ],
      [
        -0.0012930641939897772,
        0.03545529344875175,
        0.9993704268945791,
        0.8774707033223592
      ],
      [
        0.0,
        0.0,
        0.0,
        1.0
      ]
    ],
    "location": [
      1.2449452396531342,
      -67.55779267689206,
      0.8774707033223592
    ],
    "rotation": [
      0.03546275565749094,
      0.0012930645543271716,
      1.585011841012263
    ]
  },
  {
    "label_id": "ZBnCJBbrkJezmYJaaMOEYw",
    "size": [
      2.0467503034147487,
      4.843573173001877,
      1.6500000000000057
    ],
    "obj_class": "vehicle",
    "point_num_in_lidar": 1109,
    "speed": 13.067294395974981,
    "if_vehicle": true,
    "motion_state": true,
    "pose": [
      [
        -0.023598583494733157,
        -0.9990933805471064,
        0.03543337133264377,
        -1.9530567876754503
      ],
      [
        0.9997210536794796,
        -0.02354970881860937,
        0.0017961193027903055,
        -86.60423517879906
      ],
      [
        -0.0009600453287452608,
        0.03546587319542029,
        0.9993704268945791,
        1.070003051139139
      ],
      [
        0.0,
        0.0,
        0.0,
        1.0
      ]
    ],
    "location": [
      -1.9530567876754503,
      -86.60423517879906,
      1.070003051139139
    ],
    "rotation": [
      0.035473328757147454,
      0.0009600454762222103,
      1.5943971120318887
    ]
  },
  {
    "label_id": "aIMWIvZ-9FsM82qmziX_Cw",
    "size": [
      3.1182359923200242,
      7.163650091990669,
      2.3000000000000114
    ],
    "obj_class": "vehicle",
    "point_num_in_lidar": 4428,
    "speed": 4.3220627292571264e-13,
    "if_vehicle": true,
    "motion_state": false,
    "pose": [
      [
        0.07695096539753223,
        -0.9964050507300687,
        0.03543337133264377,
        -6.946805757011134
      ],
      [
        0.9970246317097037,
        0.07706268694757532,
        0.0017961193027903055,
        -104.02311739730328
      ],
      [
        -0.004520253147518749,
        0.035189730888843467,
        0.9993704268945791,
        1.68265763641827
      ],
      [
        0.0,
        0.0,
        0.0,
        1.0
      ]
    ],
    "location": [
      -6.946805757011134,
      -104.02311739730328,
      1.68265763641827
    ],
    "rotation": [
      0.035197357352225504,
      0.0045202685411477195,
      1.493768426247522
    ]
  },
  {
    "label_id": "eg2tEpDiKk_7U6oF0C2Kiw",
    "size": [
      0.8479130833628271,
      0.11886989128101817,
      0.6299999999999955
    ],
    "obj_class": "sign",
    "point_num_in_lidar": 121,
    "speed": 0.029227571418515775,
    "if_vehicle": false,
    "motion_state": false,
    "pose": [
      [
        0.9953250312670007,
        0.08984741693197047,
        0.03543337133264377,
        -12.379191504660412
      ],
      [
        -0.08996715235125839,
        0.9959431135628459,
        0.0017961193027903055,
        -111.1870309998601
      ],
      [
        -0.03512824548920436,
        -0.0049755620182117015,
        0.9993704268945791,
        2.9346058641229433
      ],
      [
        0.0,
        0.0,
        0.0,
        1.0
      ]
    ],
    "location": [
      -12.379191504660412,
      -111.1870309998601,
      2.9346058641229433
    ],
    "rotation": [
      -0.004978655335877633,
      0.03513547417586105,
      -0.09014475081366477
    ]
  },
  {
    "label_id": "hmqmGz9lrmqJ-0dOshKlQA",
    "size": [
      1.0562384114082723,
      0.13040600161147678,
      1.0500000000000114
    ],
    "obj_class": "sign",
    "point_num_in_lidar": 206,
    "speed": 0.014298959923165114,
    "if_vehicle": false,
    "motion_state": false,
    "pose": [
      [
        0.035427384927854896,
        -0.9987438994022325,
        0.03543337133264377,
        -5.063288425542851
      ],
      [
        0.999367592215386,
        0.03551323112689853,
        0.0017961193027903055,
        -80.95688065501292
      ],
      [
        -0.0030522167020018117,
        0.035347331182861576,
        0.9993704268945791,
        3.1754247879443653
      ],
      [
        0.0,
        0.0,
        0.0,
        1.0
      ]
    ],
    "location": [
      -5.063288425542851,
      -80.95688065501292,
      3.1754247879443653
    ],
    "rotation": [
      0.03535486076875287,
      0.0030522214411104424,
      1.5353613617361517
    ]
  },
  {
    "label_id": "r58hVIX7bAIaKfAJJoTJ4g",
    "size": [
      2.1379836225171522,
      4.487187139590553,
      1.8400000000000034
    ],
    "obj_class": "vehicle",
    "point_num_in_lidar": 426,
    "speed": 5.543627879846997,
    "if_vehicle": true,
    "motion_state": true,
    "pose": [
      [
        0.7957692344786435,
        -0.6045624877986369,
        0.03543337133264377,
        -8.671035048669182
      ],
      [
        0.6048906813720382,
        0.7963064972387967,
        0.0017961193027903055,
        -125.96578373247382
      ],
      [
        -0.029301690165337214,
        0.020004019646097576,
        0.9993704268945791,
        1.4032950666292834
      ],
      [
        0.0,
        0.0,
        0.0,
        1.0
      ]
    ],
    "location": [
      -8.671035048669182,
      -125.96578373247382,
      1.4032950666292834
    ],
    "rotation": [
      0.020013948894358334,
      0.029305884804571684,
      0.6499549291712987
    ]
  },
  {
    "label_id": "rpwvKbh-Np4npfBHGubrYw",
    "size": [
      2.000189483590224,
      8.004928305334522,
      3.3300000000000125
    ],
    "obj_class": "vehicle",
    "point_num_in_lidar": 2488,
    "speed": 5.695433295429594e-13,
    "if_vehicle": true,
    "motion_state": false,
    "pose": [
      [
        0.7112405054017137,
        -0.7020551400509206,
        0.03543337133264377,
        -8.33632945932277
      ],
      [
        0.7024498223211461,
        0.7117310033126565,
        0.0017961193027903055,
        -105.06094710816387
      ],
      [
        -0.02648000371800108,
        0.023612692596176453,
        0.9993704268945791,
        2.5100030511392504
      ],
      [
        0.0,
        0.0,
        0.0,
        1.0
      ]
    ],
    "location": [
      -8.33632945932277,
      -105.06094710816387,
      2.5100030511392504
    ],
    "rotation": [
      0.023623172558793846,
      0.026483099283130956,
      0.779179991278216
    ]
  }
]