[
  {
    "label_id": "7N4zonIXNeW1QID1IBGtrw",
    "size": [
      2.006303095287937,
      4.793038370717342,
      1.5800000000000125
    ],
    "obj_class": "vehicle",
    "point_num_in_lidar": 418,
    "speed": 15.926742490742372,
    "if_vehicle": true,
    "motion_state": true,
    "pose": [
      [
        0.0008321250580023706,
        -0.9999869624971056,
        0.005038095245222877,
        -2.167477440051698
      ],
      [
        0.9999720794570643,
        0.0007946778175491293,
        -0.007430262006193855,
        -67.44749000734225
      ],
      [
        0.007426161471597366,
        0.005044137486071146,
        0.9999597035895094,
        1.0721457788025646
      ],
      [
        0.0,
        0.0,
        0.0,
        1.0
      ]
    ],
    "location": [
      -2.167477440051698,
      -67.44749000734225,
      1.0721457788025646
    ],
    "rotation": [
      0.005044297970504945,
      -0.007426229729461078,
      1.5699641786949414
    ]
  },
  {
    "label_id": "Eq0xyW-KU_tdvMCpEGSS_A",
    "size": [
      1.0562384114077328,
      0.13040600161147678,
      1.1399999999999864
    ],
    "obj_class": "sign",
    "point_num_in_lidar": 576,
    "speed": 0.05767579631273511,
    "if_vehicle": false,
    "motion_state": false,
    "pose": [
      [
        0.01943885230957828,
        -0.9997983539780341,
        0.005038095245222877,
        5.6882659246193725
      ],
      [
        0.9997841702997224,
        0.019401134621844503,
        -0.007430262006193855,
        -81.0701329174143
      ],
      [
        0.007331018959327897,
        0.005181443640396003,
        0.9999597035895094,
        3.126200239212352
      ],
      [
        0.0,
        0.0,
        0.0,
        1.0
      ]
    ],
    "location": [
      5.6882659246193725,
      -81.0701329174143,
      3.126200239212352
    ],
    "rotation": [
      0.005181606068173106,
      -0.007331084627099821,
      1.5513557275748338
    ]
  },
  {
    "label_id": "FHOD-9rdszts8P8jeOcGWA",
    "size": [
      0.25764995081962094,
      0.07310389723659724,
      0.6800000000000068
    ],
    "obj_class": "sign",
    "point_num_in_lidar": 50,
    "speed": 0.02118810680807672,
    "if_vehicle": false,
    "motion_state": false,
    "pose": [
      [
        0.3389517459212379,
        0.9407902696846118,
        0.005038095245222877,
        7.829579784148336
      ],
      [
        -0.9407635496096374,
        0.33898190944708934,
        -0.007430262006193855,
        -89.27863402796265
      ],
      [
        -0.008698141342836394,
        -0.002221156086515663,
        0.9999597035895094,
        2.0865716276112494
      ],
      [
        0.0,
        0.0,
        0.0,
        1.0
      ]
    ],
    "location": [
      7.829579784148336,
      -89.27863402796265,
      2.0865716276112494
    ],
    "rotation": [
      -0.0022212419415925297,
      0.008698251026744874,
      -1.2249802346811383
    ]
  },
  {
    "label_id": "UfF69ZTUyM5RQ0IQUWgsrw",
    "size": [
      2.1246918483844217,
      4.5846318344073325,
      1.6299999999999955
    ],
    "obj_class": "vehicle",
    "point_num_in_lidar": 49,
    "speed": 18.268582583617285,
    "if_vehicle": true,
    "motion_state": true,
    "pose": [
      [
        -0.009291430221715306,
        -0.9999441419003039,
        0.005038095245222877,
        0.9251349473406663
      ],
      [
        0.9999288805203955,
        -0.009328724872561306,
        -0.007430262006193855,
        -22.95569699279963
      ],
      [
        0.007476845970302388,
        0.0049686991775512255,
        0.9999597035895094,
        0.6291298629541302
      ],
      [
        0.0,
        0.0,
        0.0,
        1.0
      ]
    ],
    "location": [
      0.9251349473406663,
      -22.95569699279963,
      0.6291298629541302
    ],
    "rotation": [
      0.00496885851298915,
      -0.007476915635356182,
      1.5800881504436088
    ]
  },
  {
    "label_id": "ZBnCJBbrkJezmYJaaMOEYw",
    "size": [
      2.046750303415508,
      4.843573173001877,
      1.6500000000000057
    ],
    "obj_class": "vehicle",
    "point_num_in_lidar": 67,
    "speed": 17.403240183180852,
    "if_vehicle": true,
    "motion_state": true,
    "pose": [
      [
        0.0015127821007711525,
        -0.9999861644475966,
        0.005038095245222877,
        -2.2649477752092935
      ],
      [
        0.9999713069000705,
        0.0014753247386117478,
        -0.007430262006193855,
        -45.26117521416654
      ],
      [
        0.007422726377863737,
        0.005049191054019561,
        0.9999597035895094,
        0.9250055758427322
      ],
      [
        0.0,
        0.0,
        0.0,
        1.0
      ]
    ],
    "location": [
      -2.2649477752092935,
      -45.26117521416654,
      0.9250055758427322
    ],
    "rotation": [
      0.005049351613381509,
      -0.0074227945410482825,
      1.5692835024405751
    ]
  },
  {
    "label_id": "aWHnuRdkY7z8184io3j_ww",
    "size": [
      0.8731473254486773,
      0.11637184483583865,
      0.75
    ],
    "obj_class": "sign",
    "point_num_in_lidar": 20,
    "speed": 0.02616810166299316,
    "if_vehicle": false,
    "motion_state": false,
    "pose": [
      [
        0.9971339292812256,
        -0.0754887055954991,
        0.005038095245222877,
        -57.10426312198706
      ],
      [
        0.07552490775346811,
        0.9971162316978646,
        -0.007430262006193855,
        -128.92380855304089
      ],
      [
        -0.004462665684768573,
        0.007789468028473723,
        0.9999597035895094,
        3.34775417069298
      ],
      [
        0.0,
        0.0,
        0.0,
        1.0
      ]
    ],
    "location": [
      -57.10426312198706,
      -128.92380855304089,
      3.34775417069298
    ],
    "rotation": [
      0.007789624371313754,
      0.004462680497518874,
      0.07559764605473562
    ]
  },
  {
    "label_id": "hmqmGz9lrmqJ-0dOshKlQA",
    "size": [
      1.0562384114075043,
      0.13040600161147678,
      1.0500000000000114
    ],
    "obj_class": "sign",
    "point_num_in_lidar": 292,
    "speed": 0.02561382019886684,
    "if_vehicle": false,
    "motion_state": false,
    "pose": [
      [
        0.05672686548604271,
        -0.9983770231372657,
        0.005038095245222877,
        -5.035995438472128
      ],
      [
        0.9983642565458565,
        0.05668864487848322,
        -0.007430262006193855,
        -80.84294860064915
      ],
      [
        0.007132600070653335,
        0.0054513496872555635,
        0.9999597035895094,
        3.2899639534992104
      ],
      [
        0.0,
        0.0,
        0.0,
        1.0
      ]
    ],
    "location": [
      -5.035995438472128,
      -80.84294860064915,
      3.2899639534992104
    ],
    "rotation": [
      0.005451515360726374,
      -0.007132660549334605,
      1.514037547909191
    ]
  }
]