[
  {
    "label_id": "7N4zonIXNeW1QID1IBGtrw",
    "size": [
      2.006303095287937,
      4.793038370717342,
      1.5800000000000125
    ],
    "obj_class": "vehicle",
    "point_num_in_lidar": 1278,
    "speed": 14.302467106865278,
    "if_vehicle": true,
    "motion_state": true,
    "pose": [
      [
        0.000831841820925798,
        -0.9996465893254861,
        0.026570744985942547,
        -2.015903115320725
      ],
      [
        0.9999828015573072,
        0.0006772757190875067,
        -0.0058256233314096795,
        -84.26752916363807
      ],
      [
        0.005805568773521618,
        0.02657513400762763,
        0.999629960347174,
        1.085003051139097
      ],
      [
        0.0,
        0.0,
        0.0,
        1.0
      ]
    ],
    "location": [
      -2.015903115320725,
      -84.26752916363807,
      1.085003051139097
    ],
    "rotation": [
      0.02657871108469913,
      -0.005805601386439662,
      1.569964470859218
    ]
  },
  {
    "label_id": "Eq0xyW-KU_tdvMCpEGSS_A",
    "size": [
      1.0562384114068712,
      0.13040600161147678,
      1.1399999999999864
    ],
    "obj_class": "sign",
    "point_num_in_lidar": 331,
    "speed": 0.0379539879015284,
    "if_vehicle": false,
    "motion_state": false,
    "pose": [
      [
        0.03410514805883005,
        -0.9990649800622468,
        0.026570744985942547,
        5.695195080170379
      ],
      [
        0.9994061508079408,
        0.03396185860720801,
        -0.0058256233314096795,
        -81.14081177425328
      ],
      [
        0.00491778437314421,
        0.02675364971675294,
        0.999629960347174,
        3.038633835454874
      ],
      [
        0.0,
        0.0,
        0.0,
        1.0
      ]
    ],
    "location": [
      5.695195080170379,
      -81.14081177425328,
      3.038633835454874
    ],
    "rotation": [
      0.026757165902188747,
      -0.0049178041958038415,
      1.536684150985318
    ]
  },
  {
    "label_id": "FHOD-9rdszts8P8jeOcGWA",
    "size": [
      0.25764995081962083,
      0.07310389723659724,
      0.6800000000000068
    ],
    "obj_class": "sign",
    "point_num_in_lidar": 104,
    "speed": 0.00154696062478217,
    "if_vehicle": false,
    "motion_state": false,
    "pose": [
      [
        0.33883637433629366,
        0.9404700457417701,
        0.026570744985942547,
        7.8178590160041495
      ],
      [
        -0.9407337479089326,
        0.3390959711615775,
        -0.0058256233314096795,
        -89.27754302809649
      ],
      [
        -0.01448885681645999,
        -0.023022063427494438,
        0.999629960347174,
        2.037606150371573
      ],
      [
        0.0,
        0.0,
        0.0,
        1.0
      ]
    ],
    "location": [
      7.8178590160041495,
      -89.27754302809649,
      2.037606150371573
    ],
    "rotation": [
      -0.02302651508477018,
      0.014489363797994046,
      -1.2250786847827282
    ]
  },
  {
    "label_id": "FxoJhHTByog2QtUg0GhKOA",
    "size": [
      2.0175350525106674,
      4.496712112519174,
      1.8600000000000136
    ],
    "obj_class": "vehicle",
    "point_num_in_lidar": 170,
    "speed": 5.965986008447623,
    "if_vehicle": true,
    "motion_state": true,
    "pose": [
      [
        0.9978331524001294,
        -0.060191323977066384,
        0.026570744985942547,
        -28.38342722919424
      ],
      [
        0.06036612529897699,
        0.9981593024308237,
        -0.0058256233314096795,
        -130.43847704166706
      ],
      [
        -0.026171184298926488,
        0.007416973014584836,
        0.999629960347174,
        1.5942096074505798
      ],
      [
        0.0,
        0.0,
        0.0,
        1.0
      ]
    ],
    "location": [
      -28.38342722919424,
      -130.43847704166706,
      1.5942096074505798
    ],
    "rotation": [
      0.0074195824518413535,
      0.026174172795544556,
      0.06042357034702438
    ]
  },
  {
    "label_id": "UfF69ZTUyM5RQ0IQUWgsrw",
    "size": [
      2.12469184838447,
      4.5846318344073325,
      1.6299999999999955
    ],
    "obj_class": "vehicle",
    "point_num_in_lidar": 77,
    "speed": 16.783401445486437,
    "if_vehicle": true,
    "motion_state": true,
    "pose": [
      [
        -0.005147490367019793,
        -0.9996336823325901,
        0.026570744985942547,
        1.0898861697260145
      ],
      [
        0.9999689640234323,
        -0.005304064734173745,
        -0.0058256233314096795,
        -42.382459152285264
      ],
      [
        0.00596442225410037,
        0.02653993299694346,
        0.999629960347174,
        0.7291289124869706
      ],
      [
        0.0,
        0.0,
        0.0,
        1.0
      ]
    ],
    "location": [
      1.0898861697260145,
      -42.382459152285264,
      0.7291289124869706
    ],
    "rotation": [
      0.026543521880841706,
      -0.005964457618056891,
      1.5759439314569925
    ]
  },
  {
    "label_id": "ZBnCJBbrkJezmYJaaMOEYw",
    "size": [
      2.0467503034154237,
      4.843573173001877,
      1.6500000000000057
    ],
    "obj_class": "vehicle",
    "point_num_in_lidar": 162,
    "speed": 15.649642197055769,
    "if_vehicle": true,
    "motion_state": true,
    "pose": [
      [
        -0.003342353021846641,
        -0.9996413477778765,
        0.026570744985942547,
        -2.3383741929455937
      ],
      [
        0.999976911662558,
        -0.003498321685241496,
        -0.0058256233314096795,
        -63.58132887429008
      ],
      [
        0.00591648697203396,
        0.02655066022187035,
        0.999629960347174,
        1.070003051139139
      ],
      [
        0.0,
        0.0,
        0.0,
        1.0
      ]
    ],
    "location": [
      -2.3383741929455937,
      -63.58132887429008,
      1.070003051139139
    ],
    "rotation": [
      0.026554245514702698,
      -0.005916521490169396,
      1.5741387445409516
    ]
  },
  {
    "label_id": "aIMWIvZ-9FsM82qmziX_Cw",
    "size": [
      3.118235992320025,
      7.163650091990669,
      2.3000000000000114
    ],
    "obj_class": "vehicle",
    "point_num_in_lidar": 5171,
    "speed": 4.3220627292571264e-13,
    "if_vehicle": true,
    "motion_state": false,
    "pose": [
      [
        0.07697213208622986,
        -0.9966791291047445,
        0.026570744985942547,
        -6.946805757011134
      ],
      [
        0.9970261378398961,
        0.07684362417833276,
        -0.0058256233314096795,
        -104.02311739730396
      ],
      [
        0.0037644848466035913,
        0.026940137901412975,
        0.999629960347174,
        1.7121916538565927
      ],
      [
        0.0,
        0.0,
        0.0,
        1.0
      ]
    ],
    "location": [
      -6.946805757011134,
      -104.02311739730396,
      1.7121916538565927
    ],
    "rotation": [
      0.026943588655118623,
      -0.0037644937379632715,
      1.4937474380725517
    ]
  },
  {
    "label_id": "eg2tEpDiKk_7U6oF0C2Kiw",
    "size": [
      0.8479130833628266,
      0.11886989128101817,
      0.6299999999999955
    ],
    "obj_class": "sign",
    "point_num_in_lidar": 78,
    "speed": 0.022042022985565214,
    "if_vehicle": false,
    "motion_state": false,
    "pose": [
      [
        0.9955988125637157,
        0.08987213101185136,
        0.026570744985942547,
        -12.338709217242467
      ],
      [
        -0.08974812745351414,
        0.9959474563105166,
        -0.0058256233314096795,
        -111.15935071275089
      ],
      [
        -0.026986627064291044,
        0.0034153090636617612,
        0.999629960347174,
        3.053287375755758
      ],
      [
        0.0,
        0.0,
        0.0,
        1.0
      ]
    ],
    "location": [
      -12.338709217242467,
      -111.15935071275089,
      3.053287375755758
    ],
    "rotation": [
      0.00341656003750777,
      0.026989903766241018,
      -0.08990188022764417
    ]
  },
  {
    "label_id": "hmqmGz9lrmqJ-0dOshKlQA",
    "size": [
      1.056238411407973,
      0.13040600161147678,
      1.0500000000000114
    ],
    "obj_class": "sign",
    "point_num_in_lidar": 306,
    "speed": 0.05684377987220326,
    "if_vehicle": false,
    "motion_state": false,
    "pose": [
      [
        0.0830810194503559,
        -0.9961885061161776,
        0.026570744985942547,
        -5.030895683345079
      ],
      [
        0.9965362961725855,
        0.08295464136156135,
        -0.0058256233314096795,
        -80.89882017337368
      ],
      [
        0.003599252382694191,
        0.026962710520144782,
        0.999629960347174,
        3.2312615927199886
      ],
      [
        0.0,
        0.0,
        0.0,
        1.0
      ]
    ],
    "location": [
      -5.030895683345079,
      -80.89882017337368,
      3.2312615927199886
    ],
    "rotation": [
      0.026966153227131234,
      -0.00359926015389594,
      1.4876188920553584
    ]
  },
  {
    "label_id": "rpwvKbh-Np4npfBHGubrYw",
    "size": [
      2.0001894835902236,
      8.004928305334522,
      3.3300000000000125
    ],
    "obj_class": "vehicle",
    "point_num_in_lidar": 2205,
    "speed": 5.695433295429594e-13,
    "if_vehicle": true,
    "motion_state": false,
    "pose": [
      [
        0.7114361443555517,
        -0.7022482524117797,
        0.026570744985942547,
        -8.336329459323679
      ],
      [
        0.7025945516400448,
        0.7115665521358665,
        -0.0058256233314096795,
        -105.06094710816512
      ],
      [
        -0.014815819593636767,
        0.02281301966150612,
        0.999629960347174,
        2.510003051139307
      ],
      [
        0.0,
        0.0,
        0.0,
        1.0
      ]
    ],
    "location": [
      -8.336329459323679,
      -105.06094710816512,
      2.510003051139307
    ],
    "rotation": [
      0.02281750379330823,
      0.0148163616802663,
      0.7791454861983673
    ]
  }
]