[
  {
    "label_id": "7N4zonIXNeW1QID1IBGtrw",
    "size": [
      2.0063030952879366,
      4.793038370717342,
      1.5800000000000125
    ],
    "obj_class": "vehicle",
    "point_num_in_lidar": 339,
    "speed": 16.193779123751284,
    "if_vehicle": true,
    "motion_state": true,
    "pose": [
      [
        0.0008321066346842618,
        -0.9999648227032689,
        0.008346313831195475,
        -2.185257060999902
      ],
      [
        0.9999543529760182,
        0.0007525965138127978,
        -0.009524996734928286,
        -64.2265858462655
      ],
      [
        0.009518380264599231,
        0.00835385865978634,
        0.9999198035255783,
        1.063573411868873
      ],
      [
        0.0,
        0.0,
        0.0,
        1.0
      ]
    ],
    "location": [
      -2.185257060999902,
      -64.2265858462655,
      1.063573411868873
    ],
    "rotation": [
      0.008354334294791137,
      -0.009518523997307782,
      1.5699641823673638
    ]
  },
  {
    "label_id": "Eq0xyW-KU_tdvMCpEGSS_A",
    "size": [
      1.0562384114090508,
      0.13040600161147678,
      1.1399999999999864
    ],
    "obj_class": "sign",
    "point_num_in_lidar": 596,
    "speed": 0.0488299344344155,
    "if_vehicle": false,
    "motion_state": false,
    "pose": [
      [
        0.016768961881470184,
        -0.9998245550909666,
        0.008346313831195475,
        5.687005952830077
      ],
      [
        0.9998153538877463,
        0.01668929499770411,
        -0.009524996734928286,
        -81.057280937835
      ],
      [
        0.009384031529070342,
        0.008504497023964035,
        0.9999198035255783,
        3.1421229873053846
      ],
      [
        0.0,
        0.0,
        0.0,
        1.0
      ]
    ],
    "location": [
      5.687005952830077,
      -81.057280937835,
      3.1421229873053846
    ],
    "rotation": [
      0.008504974035491619,
      -0.009384169260905718,
      1.5540258404235727
    ]
  },
  {
    "label_id": "FHOD-9rdszts8P8jeOcGWA",
    "size": [
      0.25764995081962005,
      0.07310389723659724,
      0.6800000000000068
    ],
    "obj_class": "sign",
    "point_num_in_lidar": 24,
    "speed": 0.02369071290874979,
    "if_vehicle": false,
    "motion_state": false,
    "pose": [
      [
        0.3389442415016272,
        0.9407694405104355,
        0.008346313831195475,
        7.834519849521712
      ],
      [
        -0.9407325808508971,
        0.3390154653740887,
        -0.009524996734928286,
        -89.27942945581026
      ],
      [
        -0.011790355316823134,
        -0.004623206557386314,
        0.9999198035255783,
        2.104208840408319
      ],
      [
        0.0,
        0.0,
        0.0,
        1.0
      ]
    ],
    "location": [
      7.834519849521712,
      -89.27942945581026,
      2.104208840408319
    ],
    "rotation": [
      -0.004623544405620173,
      0.011790628501665215,
      -1.2249767972817698
    ]
  },
  {
    "label_id": "GDHXeSLoBUu6sLhimIZVgA",
    "size": [
      0.9341903503814151,
      0.097319481024417,
      0.4399999999999977
    ],
    "obj_class": "sign",
    "point_num_in_lidar": 20,
    "speed": 0.015194903760642791,
    "if_vehicle": false,
    "motion_state": false,
    "pose": [
      [
        0.9999651689161135,
        -9.70261521509493e-15,
        0.008346313831195475,
        -7.013193716097703
      ],
      [
        7.950138111982287e-05,
        0.9999546330292841,
        -0.009524996734928286,
        -60.72848394590858
      ],
      [
        -0.008345935184220216,
        0.009525328512444831,
        0.9999198035255783,
        2.1172710433767747
      ],
      [
        0.0,
        0.0,
        0.0,
        1.0
      ]
    ],
    "location": [
      -7.013193716097703,
      -60.72848394590858,
      2.1172710433767747
    ],
    "rotation": [
      0.009525804334178455,
      0.00834603207610086,
      7.950415016803968e-05
    ]
  },
  {
    "label_id": "UfF69ZTUyM5RQ0IQUWgsrw",
    "size": [
      2.1246918483842197,
      4.5846318344073325,
      1.6299999999999955
    ],
    "obj_class": "vehicle",
    "point_num_in_lidar": 51,
    "speed": 18.482917279599878,
    "if_vehicle": true,
    "motion_state": true,
    "pose": [
      [
        -0.009125488438157251,
        -0.9999235293292165,
        0.008346313831195475,
        0.8879275473636881
      ],
      [
        0.9999122683669076,
        -0.009204890360284995,
        -0.009524996734928286,
        -19.235393631391503
      ],
      [
        0.009601095255767437,
        0.008258661347874688,
        0.9999198035255783,
        0.5624572030637864
      ],
      [
        0.0,
        0.0,
        0.0,
        1.0
      ]
    ],
    "location": [
      0.8879275473636881,
      -19.235393631391503,
      0.5624572030637864
    ],
    "rotation": [
      0.008259135917016495,
      -0.0096012427683617,
      1.579922362536333
    ]
  },
  {
    "label_id": "ZBnCJBbrkJezmYJaaMOEYw",
    "size": [
      2.046750303414417,
      4.843573173001877,
      1.6500000000000057
    ],
    "obj_class": "vehicle",
    "point_num_in_lidar": 80,
    "speed": 17.66315314872506,
    "if_vehicle": true,
    "motion_state": true,
    "pose": [
      [
        -0.0038164670205568982,
        -0.9999578859256586,
        0.008346313831195475,
        -2.2664436878822016
      ],
      [
        0.9999470466905969,
        -0.0038959276113738265,
        -0.009524996734928286,
        -41.8006554649437
      ],
      [
        0.009557112233015834,
        0.00830952003034703,
        0.9999198035255783,
        0.9000030511392936
      ],
      [
        0.0,
        0.0,
        0.0,
        1.0
      ]
    ],
    "location": [
      -2.2664436878822016,
      -41.8006554649437,
      0.9000030511392936
    ],
    "rotation": [
      0.008309995187655772,
      -0.00955725772754355,
      1.5746129773884503
    ]
  },
  {
    "label_id": "hmqmGz9lrmqJ-0dOshKlQA",
    "size": [
      1.056238411406568,
      0.13040600161147678,
      1.0500000000000114
    ],
    "obj_class": "sign",
    "point_num_in_lidar": 309,
    "speed": 0.01519245784402627,
    "if_vehicle": false,
    "motion_state": false,
    "pose": [
      [
        0.05064765067969668,
        -0.9986817083165481,
        0.008346313831195475,
        -5.035820350197355
      ],
      [
        0.9986752126510186,
        0.05056771770252814,
        -0.009524996734928286,
        -80.84174942885352
      ],
      [
        0.009090385969275123,
        0.008817675447577177,
        0.9999198035255783,
        3.2949478885022643
      ],
      [
        0.0,
        0.0,
        0.0,
        1.0
      ]
    ],
    "location": [
      -5.035820350197355,
      -80.84174942885352,
      3.2949478885022643
    ],
    "rotation": [
      0.008818154077579026,
      -0.009090511171449054,
      1.5201249021970284
    ]
  }
]