[
  {
    "label_id": "-Z2albPClZedXBH6kjDQkw",
    "size": [
      1.9082292241283414,
      4.387772557343194,
      1.8799999999999955
    ],
    "obj_class": "vehicle",
    "point_num_in_lidar": 26,
    "speed": 17.573654470423303,
    "if_vehicle": true,
    "motion_state": true,
    "pose": [
      [
        -0.011800132966651852,
        -0.9991903428833284,
        0.03846317135476307,
        -2.6451740476677514
      ],
      [
        0.9999262585814966,
        -0.011680964327237016,
        0.003321516460254959,
        -39.06729630553298
      ],
      [
        -0.0028695402383073854,
        0.03849952936182916,
        0.9992544981023295,
        1.0778761591280954
      ],
      [
        0.0,
        0.0,
        0.0,
        1.0
      ]
    ],
    "location": [
      -2.6451740476677514,
      -39.06729630553298,
      1.0778761591280954
    ],
    "rotation": [
      0.0385092050926104,
      0.002869544176412609,
      1.5825967822130043
    ]
  },
  {
    "label_id": "7N4zonIXNeW1QID1IBGtrw",
    "size": [
      2.0063030952878678,
      4.793038370717342,
      1.5800000000000125
    ],
    "obj_class": "vehicle",
    "point_num_in_lidar": 4543,
    "speed": 12.329050383062835,
    "if_vehicle": true,
    "motion_state": true,
    "pose": [
      [
        0.0014830750519841363,
        -0.9992589178674987,
        0.03846317135476307,
        -1.6920861756516388
      ],
      [
        0.9999931844437697,
        0.001612015636756949,
        0.003321516460254959,
        -100.24192761183133
      ],
      [
        -0.0033810581774166007,
        0.03845798314865895,
        0.9992544981023295,
        1.0850030511391537
      ],
      [
        0.0,
        0.0,
        0.0,
        1.0
      ]
    ],
    "location": [
      -1.6920861756516388,
      -100.24192761183133,
      1.0850030511391537
    ],
    "rotation": [
      0.03846768944398942,
      0.003381064619241486,
      1.5693132427222298
    ]
  },
  {
    "label_id": "Eq0xyW-KU_tdvMCpEGSS_A",
    "size": [
      1.0562384114082721,
      0.13040600161147678,
      1.1399999999999864
    ],
    "obj_class": "sign",
    "point_num_in_lidar": 199,
    "speed": 0.02145320130053182,
    "if_vehicle": false,
    "motion_state": false,
    "pose": [
      [
        0.035423413770151256,
        -0.9986319473190325,
        0.03846317135476307,
        5.672242072909285
      ],
      [
        0.9993614105630937,
        0.03557722032070807,
        0.003321516460254959,
        -81.14876801159426
      ],
      [
        -0.004685385172278187,
        0.03832094972791002,
        0.9992544981023295,
        3.0158423706821793
      ],
      [
        0.0,
        0.0,
        0.0,
        1.0
      ]
    ],
    "location": [
      5.672242072909285,
      -81.14876801159426,
      3.0158423706821793
    ],
    "rotation": [
      0.038330755895764484,
      0.004685402315361525,
      1.5353651114413136
    ]
  },
  {
    "label_id": "FHOD-9rdszts8P8jeOcGWA",
    "size": [
      0.25764995081962055,
      0.07310389723659724,
      0.6800000000000068
    ],
    "obj_class": "sign",
    "point_num_in_lidar": 98,
    "speed": 0.0018199754318820927,
    "if_vehicle": false,
    "motion_state": false,
    "pose": [
      [
        0.33870522648263207,
        0.9401060333827684,
        0.03846317135476307,
        7.8191137361573055
      ],
      [
        -0.9408403480365918,
        0.3388338929841425,
        0.003321516460254959,
        -89.27933457859979
      ],
      [
        -0.009910048422384658,
        -0.0373127185089428,
        0.9992544981023295,
        2.027872958485233
      ],
      [
        0.0,
        0.0,
        0.0,
        1.0
      ]
    ],
    "location": [
      7.8191137361573055,
      -89.27933457859979,
      2.027872958485233
    ],
    "rotation": [
      -0.037323215609922356,
      0.009910210638976687,
      -1.2252382045732162
    ]
  },
  {
    "label_id": "FxoJhHTByog2QtUg0GhKOA",
    "size": [
      2.0175350525106532,
      4.496712112519174,
      1.8600000000000136
    ],
    "obj_class": "vehicle",
    "point_num_in_lidar": 54,
    "speed": 7.819780531328359,
    "if_vehicle": true,
    "motion_state": true,
    "pose": [
      [
        0.9977959227549663,
        -0.05407292282556366,
        0.03846317135476307,
        -36.727852996863476
      ],
      [
        0.053985003139581184,
        0.9985362221594286,
        0.003321516460254959,
        -130.93883595093087
      ],
      [
        -0.038586473920075075,
        -0.0012377611550607795,
        0.9992544981023295,
        1.4526824870010273
      ],
      [
        0.0,
        0.0,
        0.0,
        1.0
      ]
    ],
    "location": [
      -36.727852996863476,
      -130.93883595093087,
      1.4526824870010273
    ],
    "rotation": [
      -0.001238683963257962,
      0.03859605567756359,
      0.054051553032845666
    ]
  },
  {
    "label_id": "RixDhuBl0MERn4GfLVrNXw",
    "size": [
      0.8137267582073586,
      0.08876168109736594,
      0.41117645952314774
    ],
    "obj_class": "sign",
    "point_num_in_lidar": 20,
    "speed": 0.026538436133593475,
    "if_vehicle": false,
    "motion_state": false,
    "pose": [
      [
        -0.9992570728056063,
        -0.0024262929141499216,
        0.03846317135476307,
        -16.389742303698768
      ],
      [
        0.0025559265289511195,
        -0.999991217345424,
        0.003321516460254959,
        -127.22692541413085
      ],
      [
        0.038454774574163415,
        0.003417357855403245,
        0.9992544981023295,
        3.799414821377127
      ],
      [
        0.0,
        0.0,
        0.0,
        1.0
      ]
    ],
    "location": [
      -16.389742303698768,
      -127.22692541413085,
      3.799414821377127
    ],
    "rotation": [
      0.0034198940701425217,
      -0.03846425851240233,
      3.139034832359901
    ]
  },
  {
    "label_id": "UZpnnPlNInhDoCduQfj1xQ",
    "size": [
      0.6828715359533857,
      0.08876168107593682,
      0.8599999999999852
    ],
    "obj_class": "sign",
    "point_num_in_lidar": 45,
    "speed": 0.0013470122082213517,
    "if_vehicle": false,
    "motion_state": false,
    "pose": [
      [
        0.9992600184383112,
        8.452327570217103e-15,
        0.03846317135476307,
        -16.346445524575756
      ],
      [
        -0.0001278506639108942,
        0.9999944755760465,
        0.003321516460254959,
        -127.21194074443565
      ],
      [
        -0.038462958867897884,
        -0.0033239761413113534,
        0.9992544981023295,
        3.178745672778149
      ],
      [
        0.0,
        0.0,
        0.0,
        1.0
      ]
    ],
    "location": [
      -16.346445524575756,
      -127.21194074443565,
      3.178745672778149
    ],
    "rotation": [
      -0.0033264437512467012,
      0.03847244886549009,
      -0.00012794534040605978
    ]
  },
  {
    "label_id": "UfF69ZTUyM5RQ0IQUWgsrw",
    "size": [
      2.124691848383616,
      4.5846318344073325,
      1.6299999999999955
    ],
    "obj_class": "vehicle",
    "point_num_in_lidar": 207,
    "speed": 15.195920159938295,
    "if_vehicle": true,
    "motion_state": true,
    "pose": [
      [
        -0.009870457233123336,
        -0.9992112682127555,
        0.03846317135476307,
        1.148341232526036
      ],
      [
        0.9999469523980423,
        -0.009749867602768117,
        0.003321516460254959,
        -61.55841666030847
      ],
      [
        -0.002943885846349381,
        0.03849391586192908,
        0.9992544981023295,
        0.7908009048848328
      ],
      [
        0.0,
        0.0,
        0.0,
        1.0
      ]
    ],
    "location": [
      1.148341232526036,
      -61.55841666030847,
      0.7908009048848328
    ],
    "rotation": [
      0.03850359573018397,
      0.0029438900985460214,
      1.5806669870814618
    ]
  },
  {
    "label_id": "ZBnCJBbrkJezmYJaaMOEYw",
    "size": [
      2.046750303413963,
      4.843573173001877,
      1.6500000000000057
    ],
    "obj_class": "vehicle",
    "point_num_in_lidar": 654,
    "speed": 13.748828072629822,
    "if_vehicle": true,
    "motion_state": true,
    "pose": [
      [
        -0.019997837655012132,
        -0.9990598935691782,
        0.03846317135476307,
        -2.04402325799947
      ],
      [
        0.9997967622450895,
        -0.019884711027327334,
        0.003321516460254959,
        -81.28397877508712
      ],
      [
        -0.002553564833686559,
        0.03852177733311082,
        0.9992544981023295,
        1.0700030511391105
      ],
      [
        0.0,
        0.0,
        0.0,
        1.0
      ]
    ],
    "location": [
      -2.04402325799947,
      -81.28397877508712,
      1.0700030511391105
    ],
    "rotation": [
      0.038531436642001836,
      0.002553567608863578,
      1.590795562803991
    ]
  },
  {
    "label_id": "aIMWIvZ-9FsM82qmziX_Cw",
    "size": [
      3.118235992320026,
      7.163650091990669,
      2.3000000000000114
    ],
    "obj_class": "vehicle",
    "point_num_in_lidar": 4201,
    "speed": 4.3220627292571264e-13,
    "if_vehicle": true,
    "motion_state": false,
    "pose": [
      [
        0.07694233974196045,
        -0.9962933608151602,
        0.03846317135476307,
        -6.946805757011134
      ],
      [
        0.9970157930425987,
        0.0771263635344131,
        0.003321516460254959,
        -104.02311739730328
      ],
      [
        -0.006275729333784173,
        0.03809282404325901,
        0.9992544981023295,
        1.690036810395327
      ],
      [
        0.0,
        0.0,
        0.0,
        1.0
      ]
    ],
    "location": [
      -6.946805757011134,
      -104.02311739730328,
      1.690036810395327
    ],
    "rotation": [
      0.038102793285920124,
      0.006275770529216092,
      1.4937763463315052
    ]
  },
  {
    "label_id": "eg2tEpDiKk_7U6oF0C2Kiw",
    "size": [
      0.8479130833628253,
      0.11886989128101817,
      0.6299999999999955
    ],
    "obj_class": "sign",
    "point_num_in_lidar": 105,
    "speed": 0.03146058845476904,
    "if_vehicle": false,
    "motion_state": false,
    "pose": [
      [
        0.9952134624145863,
        0.08983734567597672,
        0.03846317135476307,
        -12.37417888476557
      ],
      [
        -0.09003070914303825,
        0.995933451059661,
        0.003321516460254959,
        -111.17647760750128
      ],
      [
        -0.038008362763639905,
        -0.006768484489836899,
        0.9992544981023295,
        2.9805176310498496
      ],
      [
        0.0,
        0.0,
        0.0,
        1.0
      ]
    ],
    "location": [
      -12.37417888476557,
      -111.17647760750128,
      2.9805176310498496
    ],
    "rotation": [
      -0.0067734305836243845,
      0.03801752009051775,
      -0.09021814631151097
    ]
  },
  {
    "label_id": "hmqmGz9lrmqJ-0dOshKlQA",
    "size": [
      1.0562384114082721,
      0.13040600161147678,
      1.0500000000000114
    ],
    "obj_class": "sign",
    "point_num_in_lidar": 188,
    "speed": 0.020125250037593075,
    "if_vehicle": false,
    "motion_state": false,
    "pose": [
      [
        0.03542341377015078,
        -0.9986319473190324,
        0.03846317135476307,
        -5.060314130580082
      ],
      [
        0.9993614105630936,
        0.03557722032070762,
        0.003321516460254959,
        -80.97110650514992
      ],
      [
        -0.0046853851722781685,
        0.03832094972791002,
        0.9992544981023295,
        3.1688353253923083
      ],
      [
        0.0,
        0.0,
        0.0,
        1.0
      ]
    ],
    "location": [
      -5.060314130580082,
      -80.97110650514992,
      3.1688353253923083
    ],
    "rotation": [
      0.038330755895764484,
      0.004685402315361507,
      1.535365111441314
    ]
  },
  {
    "label_id": "r58hVIX7bAIaKfAJJoTJ4g",
    "size": [
      2.137983622517008,
      4.487187139590553,
      1.8400000000000034
    ],
    "obj_class": "vehicle",
    "point_num_in_lidar": 449,
    "speed": 5.768382151290215,
    "if_vehicle": true,
    "motion_state": true,
    "pose": [
      [
        0.6969331261318653,
        -0.716103904576284,
        0.03846317135476307,
        -7.114816342647828
      ],
      [
        0.7165410723335682,
        0.6975369948522189,
        0.003321516460254959,
        -124.3546837808334
      ],
      [
        -0.029208035865590357,
        0.02524556719774778,
        0.9992544981023295,
        1.3591459820675027
      ],
      [
        0.0,
        0.0,
        0.0,
        1.0
      ]
    ],
    "location": [
      -7.114816342647828,
      -124.3546837808334,
      1.3591459820675027
    ],
    "rotation": [
      0.025259028576588644,
      0.029212190402171146,
      0.7992694378811309
    ]
  },
  {
    "label_id": "rpwvKbh-Np4npfBHGubrYw",
    "size": [
      2.0001894835902236,
      8.004928305334522,
      3.3300000000000125
    ],
    "obj_class": "vehicle",
    "point_num_in_lidar": 2322,
    "speed": 5.695433295429594e-13,
    "if_vehicle": true,
    "motion_state": false,
    "pose": [
      [
        0.7111607804028599,
        -0.7019764446661508,
        0.03846317135476307,
        -8.336329459323679
      ],
      [
        0.7024014083638426,
        0.7117732989210082,
        0.003321516460254959,
        -105.06094710816421
      ],
      [
        -0.02970868467781361,
        0.024654453491729525,
        0.9992544981023295,
        2.510003051139279
      ],
      [
        0.0,
        0.0,
        0.0,
        1.0
      ]
    ],
    "location": [
      -8.336329459323679,
      -105.06094710816421,
      2.510003051139279
    ],
    "rotation": [
      0.024667842447082436,
      0.029713056591394782,
      0.7792015772159917
    ]
  }
]