[
  {
    "label_id": "-LOWWToppG64GhD01GdGoQ",
    "size": [
      2.0171053650236512,
      13.240797996630345,
      3.0999999999999943
    ],
    "obj_class": "vehicle",
    "point_num_in_lidar": 40,
    "speed": 1.432144669219779e-13,
    "if_vehicle": true,
    "motion_state": false,
    "pose": [
      [
        0.999662658953503,
        -0.020670254446904856,
        0.015726057201745847,
        35.194224370194206
      ],
      [
        0.020616735443570237,
        0.9997811223099797,
        0.0035577650635043,
        -44.025679463222446
      ],
      [
        -0.015796155027797344,
        -0.0032323449224157404,
        0.9998700082673948,
        1.4714531774703516
      ],
      [
        0.0,
        0.0,
        0.0,
        1.0
      ]
    ],
    "location": [
      35.194224370194206,
      -44.025679463222446,
      1.4714531774703516
    ],
    "rotation": [
      -0.0032327538936010227,
      0.015796812007088528,
      0.020620769403167913
    ]
  },
  {
    "label_id": "7N4zonIXNeW1QID1IBGtrw",
    "size": [
      2.0063030952880236,
      4.793038370717342,
      1.5800000000000125
    ],
    "obj_class": "vehicle",
    "point_num_in_lidar": 73,
    "speed": 19.116472526754055,
    "if_vehicle": true,
    "motion_state": true,
    "pose": [
      [
        -0.00786142241470424,
        -0.9998454326357175,
        0.015726057201745847,
        -2.533869140758725
      ],
      [
        0.9999632006134618,
        -0.007806390115427726,
        0.0035577650635043,
        -17.759623787342775
      ],
      [
        -0.0034344514116413376,
        0.01575344758650464,
        0.9998700082673948,
        0.7370244138889745
      ],
      [
        0.0,
        0.0,
        0.0,
        1.0
      ]
    ],
    "location": [
      -2.533869140758725,
      -17.759623787342775,
      0.7370244138889745
    ],
    "rotation": [
      0.015754192172953627,
      0.003434458163497547,
      1.578657876553451
    ]
  },
  {
    "label_id": "GDHXeSLoBUu6sLhimIZVgA",
    "size": [
      0.9341903503814138,
      0.097319481024417,
      0.4399999999999977
    ],
    "obj_class": "sign",
    "point_num_in_lidar": 407,
    "speed": 0.04484283253404356,
    "if_vehicle": false,
    "motion_state": false,
    "pose": [
      [
        0.9998763379162883,
        -1.098754818447103e-15,
        0.015726057201745847,
        -6.958347150736699
      ],
      [
        -5.595653659985007e-05,
        0.9999936695682723,
        0.0035577650635043,
        -60.73082033486696
      ],
      [
        -0.015725957649014386,
        -0.0035582050785585707,
        0.9998700082673948,
        2.254400174765891
      ],
      [
        0.0,
        0.0,
        0.0,
        1.0
      ]
    ],
    "location": [
      -6.958347150736699,
      -60.73082033486696,
      2.254400174765891
    ],
    "rotation": [
      -0.003558652653590035,
      0.01572660590776949,
      -5.596345709914974e-05
    ]
  },
  {
    "label_id": "KWUgI8YhinBnaVltZlUSRQ",
    "size": [
      2.239412679621978,
      12.689387402830423,
      3.5800000000000125
    ],
    "obj_class": "vehicle",
    "point_num_in_lidar": 81,
    "speed": 7.184918763469982e-13,
    "if_vehicle": true,
    "motion_state": false,
    "pose": [
      [
        0.9996626589535109,
        -0.020670254446520625,
        0.015726057201745847,
        34.3461109743057
      ],
      [
        0.02061673544318596,
        0.9997811223099876,
        0.0035577650635043,
        -23.200042075016768
      ],
      [
        -0.015796155027796098,
        -0.0032323449224218115,
        0.9998700082673948,
        1.7186299478487115
      ],
      [
        0.0,
        0.0,
        0.0,
        1.0
      ]
    ],
    "location": [
      34.3461109743057,
      -23.200042075016768,
      1.7186299478487115
    ],
    "rotation": [
      -0.0032327538936070942,
      0.015796812007087283,
      0.020620769402783505
    ]
  },
  {
    "label_id": "ZBnCJBbrkJezmYJaaMOEYw",
    "size": [
      2.0467503034155365,
      4.843573173001877,
      1.6500000000000057
    ],
    "obj_class": "vehicle",
    "point_num_in_lidar": 21,
    "speed": 20.170424861008115,
    "if_vehicle": true,
    "motion_state": true,
    "pose": [
      [
        -0.011950958260258753,
        -0.9998049138314679,
        0.015726057201745847,
        -2.847745344382929
      ],
      [
        0.9999229059190501,
        -0.01189640811989557,
        0.0035577650635043,
        7.857932199570769
      ],
      [
        -0.003369987398160732,
        0.01576736351759266,
        0.9998700082673948,
        0.8180140592266412
      ],
      [
        0.0,
        0.0,
        0.0,
        1.0
      ]
    ],
    "location": [
      -2.847745344382929,
      7.857932199570769,
      0.8180140592266412
    ],
    "rotation": [
      0.015768106456159732,
      0.0033699937769139394,
      1.582747637424683
    ]
  },
  {
    "label_id": "kkxKESj1hE_iEDSSnzGUrA",
    "size": [
      2.896050353761577,
      10.96042731337048,
      2.9000000000000057
    ],
    "obj_class": "vehicle",
    "point_num_in_lidar": 539,
    "speed": 7.160723346098895e-13,
    "if_vehicle": true,
    "motion_state": false,
    "pose": [
      [
        0.9995000961514111,
        -0.02742715658261697,
        0.015726057201745847,
        35.25782093774069
      ],
      [
        0.027374439573399877,
        0.9996189185713701,
        0.0035577650635043,
        -47.46397761350124
      ],
      [
        -0.015817643672881583,
        -0.0031254945204596575,
        0.9998700082673948,
        3.0024246816789457
      ],
      [
        0.0,
        0.0,
        0.0,
        1.0
      ]
    ],
    "location": [
      35.25782093774069,
      -47.46397761350124,
      3.0024246816789457
    ],
    "rotation": [
      -0.00312589068046226,
      0.015818303337232015,
      0.027381286051484724
    ]
  },
  {
    "label_id": "knNjsVOTq4JKHKdR4ciuXA",
    "size": [
      1.9446370296238498,
      12.54279923678777,
      2.950000000000017
    ],
    "obj_class": "vehicle",
    "point_num_in_lidar": 91,
    "speed": 5.3290705182007514e-14,
    "if_vehicle": true,
    "motion_state": false,
    "pose": [
      [
        0.9996626589535001,
        -0.02067025444704292,
        0.015726057201745847,
        35.1762504123717
      ],
      [
        0.020616735443708314,
        0.9997811223099768,
        0.0035577650635043,
        -40.41151969271721
      ],
      [
        -0.015796155027797788,
        -0.0032323449224135586,
        0.9998700082673948,
        2.0736299478483886
      ],
      [
        0.0,
        0.0,
        0.0,
        1.0
      ]
    ],
    "location": [
      35.1762504123717,
      -40.41151969271721,
      2.0736299478483886
    ],
    "rotation": [
      -0.0032327538935988404,
      0.015796812007088972,
      0.020620769403306035
    ]
  },
  {
    "label_id": "mPYQKdQFlCMR8XXG5PGIiA",
    "size": [
      2.6275945275933594,
      7.379206516826654,
      2.5999999999999943
    ],
    "obj_class": "vehicle",
    "point_num_in_lidar": 541,
    "speed": 1.5888218580782548e-13,
    "if_vehicle": true,
    "motion_state": false,
    "pose": [
      [
        0.9991261023461941,
        -0.03872625382592133,
        0.015726057201745847,
        34.639657853843346
      ],
      [
        0.03867488365240027,
        0.9992455132159593,
        0.0035577650635043,
        -51.64035969535314
      ],
      [
        -0.01585197101232432,
        -0.002946452508373999,
        0.9998700082673948,
        2.2864269950818255
      ],
      [
        0.0,
        0.0,
        0.0,
        1.0
      ]
    ],
    "location": [
      34.639657853843346,
      -51.64035969535314,
      2.2864269950818255
    ],
    "rotation": [
      -0.0029468270427307985,
      0.015852634981123766,
      0.03868939521611659
    ]
  },
  {
    "label_id": "mSe-r2JQeTDLbyn4ZQuu9g",
    "size": [
      2.0481505622274656,
      12.56373164208783,
      3.3600000000000136
    ],
    "obj_class": "vehicle",
    "point_num_in_lidar": 109,
    "speed": 4.263256414560601e-13,
    "if_vehicle": true,
    "motion_state": false,
    "pose": [
      [
        0.99966265895351,
        -0.020670254446564573,
        0.015726057201745847,
        35.186781352536855
      ],
      [
        0.020616735443229915,
        0.9997811223099867,
        0.0035577650635043,
        -36.811150827497386
      ],
      [
        -0.01579615502779624,
        -0.003232344922421117,
        0.9998700082673948,
        1.6286299478486796
      ],
      [
        0.0,
        0.0,
        0.0,
        1.0
      ]
    ],
    "location": [
      35.186781352536855,
      -36.811150827497386,
      1.6286299478486796
    ],
    "rotation": [
      -0.0032327538936064,
      0.015796812007087425,
      0.020620769402827477
    ]
  }
]