[
  {
    "label_id": "-LOWWToppG64GhD01GdGoQ",
    "size": [
      2.0171053650236526,
      13.240797996630345,
      3.0999999999999943
    ],
    "obj_class": "vehicle",
    "point_num_in_lidar": 27,
    "speed": 1.432144669219779e-13,
    "if_vehicle": true,
    "motion_state": false,
    "pose": [
      [
        0.9996484068760018,
        -0.020669959753430042,
        0.01660769081067742,
        35.194224370194206
      ],
      [
        0.020671676016273573,
        0.9997863157399197,
        6.833648714063231e-05,
        -44.02567946322233
      ],
      [
        -0.016605554520993788,
        0.0002749963433151318,
        0.9998620804571305,
        1.4721042310711425
      ],
      [
        0.0,
        0.0,
        0.0,
        1.0
      ]
    ],
    "location": [
      35.194224370194206,
      -44.02567946322233,
      1.4721042310711425
    ],
    "rotation": [
      0.0002750342689818559,
      0.016606317763929256,
      0.02067599977874027
    ]
  },
  {
    "label_id": "01ou0NZ5vEYKFHeZj_Mycg",
    "size": [
      2.3000730685277326,
      12.651623626287378,
      3.180000000000007
    ],
    "obj_class": "vehicle",
    "point_num_in_lidar": 33,
    "speed": 8.533911106286719e-13,
    "if_vehicle": true,
    "motion_state": false,
    "pose": [
      [
        0.9996484068760119,
        -0.020669959752941277,
        0.01660769081067742,
        34.858165324399124
      ],
      [
        0.020671676015784745,
        0.9997863157399299,
        6.833648714063231e-05,
        -33.6537238027762
      ],
      [
        -0.01660555452099392,
        0.0002749963433070127,
        0.9998620804571305,
        1.5249973478601078
      ],
      [
        0.0,
        0.0,
        0.0,
        1.0
      ]
    ],
    "location": [
      34.858165324399124,
      -33.6537238027762,
      1.5249973478601078
    ],
    "rotation": [
      0.00027503426897373566,
      0.016606317763929387,
      0.020675999778251273
    ]
  },
  {
    "label_id": "7N4zonIXNeW1QID1IBGtrw",
    "size": [
      2.00630309528917,
      4.793038370717342,
      1.5800000000000125
    ],
    "obj_class": "vehicle",
    "point_num_in_lidar": 81,
    "speed": 18.912832872216608,
    "if_vehicle": true,
    "motion_state": true,
    "pose": [
      [
        -0.006911284561614585,
        -0.9998381962856017,
        0.01660769081067742,
        -2.4774228847609265
      ],
      [
        0.9999761157087289,
        -0.006911102821338631,
        6.833648714063231e-05,
        -23.5114454020337
      ],
      [
        4.645202877440826e-05,
        0.016607766440661326,
        0.9998620804571305,
        0.7880159750351652
      ],
      [
        0.0,
        0.0,
        0.0,
        1.0
      ]
    ],
    "location": [
      -2.4774228847609265,
      -23.5114454020337,
      0.7880159750351652
    ],
    "rotation": [
      0.01660853000658331,
      -4.645202879111389e-05,
      1.5777076663857192
    ]
  },
  {
    "label_id": "GDHXeSLoBUu6sLhimIZVgA",
    "size": [
      0.9341903503814128,
      0.097319481024417,
      0.4399999999999977
    ],
    "obj_class": "sign",
    "point_num_in_lidar": 326,
    "speed": 0.03364658470002074,
    "if_vehicle": false,
    "motion_state": false,
    "pose": [
      [
        0.9998620827923903,
        -5.728103706733157e-15,
        0.01660769081067742,
        -6.964665569868885
      ],
      [
        -1.135067789163616e-06,
        0.9999999976644179,
        6.833648714063231e-05,
        -60.73055117882029
      ],
      [
        -0.016607690771888794,
        -6.834591321803972e-05,
        0.9998620804571305,
        2.23860266179679
      ],
      [
        0.0,
        0.0,
        0.0,
        1.0
      ]
    ],
    "location": [
      -6.964665569868885,
      -60.73055117882029,
      2.23860266179679
    ],
    "rotation": [
      -6.835534064892703e-05,
      0.016608454309452746,
      -1.1352243561363371e-06
    ]
  },
  {
    "label_id": "ZBnCJBbrkJezmYJaaMOEYw",
    "size": [
      2.046750303414344,
      4.843573173001877,
      1.6500000000000057
    ],
    "obj_class": "vehicle",
    "point_num_in_lidar": 22,
    "speed": 19.987398050935074,
    "if_vehicle": true,
    "motion_state": true,
    "pose": [
      [
        -0.012942149569597439,
        -0.9997783181137981,
        0.01660769081067742,
        -2.7689430652362717
      ],
      [
        0.9999162361240809,
        -0.012942799758000336,
        6.833648714063231e-05,
        1.8277942915073027
      ],
      [
        0.00014662867842611348,
        0.016607184107162686,
        0.9998620804571305,
        0.86000305113933
      ],
      [
        0.0,
        0.0,
        0.0,
        1.0
      ]
    ],
    "location": [
      -2.7689430652362717,
      1.8277942915073027,
      0.86000305113933
    ],
    "rotation": [
      0.01660794775339295,
      -0.00014662867895153217,
      1.5837388378308956
    ]
  },
  {
    "label_id": "kkxKESj1hE_iEDSSnzGUrA",
    "size": [
      2.8960503537615763,
      10.96042731337048,
      2.9000000000000057
    ],
    "obj_class": "vehicle",
    "point_num_in_lidar": 703,
    "speed": 7.160723346098895e-13,
    "if_vehicle": true,
    "motion_state": false,
    "pose": [
      [
        0.9994858463915496,
        -0.02742676555674395,
        0.01660769081067742,
        35.25782093774251
      ],
      [
        0.02742941399667559,
        0.9996237405033573,
        6.833648714063231e-05,
        -47.46397761350113
      ],
      [
        -0.016603316258104375,
        0.00038723787508567544,
        0.9998620804571305,
        3.0564312142978167
      ],
      [
        0.0,
        0.0,
        0.0,
        1.0
      ]
    ],
    "location": [
      35.25782093774251,
      -47.46397761350113,
      3.0564312142978167
    ],
    "rotation": [
      0.00038729127075950824,
      0.016604079192423342,
      0.02743663762586749
    ]
  },
  {
    "label_id": "knNjsVOTq4JKHKdR4ciuXA",
    "size": [
      1.9446370296238513,
      12.54279923678777,
      2.950000000000017
    ],
    "obj_class": "vehicle",
    "point_num_in_lidar": 32,
    "speed": 5.3290705182007514e-14,
    "if_vehicle": true,
    "motion_state": false,
    "pose": [
      [
        0.999648406875999,
        -0.020669959753563002,
        0.01660769081067742,
        35.1762504123717
      ],
      [
        0.02067167601640655,
        0.9997863157399169,
        6.833648714063231e-05,
        -40.41151969271709
      ],
      [
        -0.01660555452099375,
        0.0002749963433173404,
        0.9998620804571305,
        2.0736299478483886
      ],
      [
        0.0,
        0.0,
        0.0,
        1.0
      ]
    ],
    "location": [
      35.1762504123717,
      -40.41151969271709,
      2.0736299478483886
    ],
    "rotation": [
      0.00027503426898406474,
      0.016606317763929217,
      0.020675999778873296
    ]
  },
  {
    "label_id": "mPYQKdQFlCMR8XXG5PGIiA",
    "size": [
      2.6275945275933608,
      7.379206516826654,
      2.5999999999999943
    ],
    "obj_class": "vehicle",
    "point_num_in_lidar": 616,
    "speed": 1.5888218580782548e-13,
    "if_vehicle": true,
    "motion_state": false,
    "pose": [
      [
        0.99911185791832,
        -0.038725701710100445,
        0.01660769081067742,
        34.639657853844255
      ],
      [
        0.03872990908087139,
        0.9992497132712682,
        6.833648714063231e-05,
        -51.64035969535303
      ],
      [
        -0.016597876659084212,
        0.0005749385605100711,
        0.9998620804571305,
        2.2864269950818255
      ],
      [
        0.0,
        0.0,
        0.0,
        1.0
      ]
    ],
    "location": [
      34.639657853844255,
      -51.64035969535303,
      2.2864269950818255
    ],
    "rotation": [
      0.0005750178033357032,
      0.01659863884372641,
      0.038744938088902586
    ]
  },
  {
    "label_id": "mSe-r2JQeTDLbyn4ZQuu9g",
    "size": [
      2.048150562227467,
      12.56373164208783,
      3.3600000000000136
    ],
    "obj_class": "vehicle",
    "point_num_in_lidar": 128,
    "speed": 4.263256414560601e-13,
    "if_vehicle": true,
    "motion_state": false,
    "pose": [
      [
        0.999648406876009,
        -0.020669959753082667,
        0.01660769081067742,
        35.186781352537764
      ],
      [
        0.020671676015926153,
        0.999786315739927,
        6.833648714063231e-05,
        -36.81115082749727
      ],
      [
        -0.01660555452099388,
        0.00027499634330936147,
        0.9998620804571305,
        1.6286299478486512
      ],
      [
        0.0,
        0.0,
        0.0,
        1.0
      ]
    ],
    "location": [
      35.186781352537764,
      -36.81115082749727,
      1.6286299478486512
    ],
    "rotation": [
      0.00027503426897608474,
      0.01660631776392935,
      0.02067599977839273
    ]
  }
]