[
  {
    "label_id": "-LOWWToppG64GhD01GdGoQ",
    "size": [
      2.017105365023655,
      13.240797996630345,
      3.0999999999999943
    ],
    "obj_class": "vehicle",
    "point_num_in_lidar": 96,
    "speed": 1.432144669219779e-13,
    "if_vehicle": true,
    "motion_state": false,
    "pose": [
      [
        0.999767206138467,
        -0.02067241619307217,
        0.006179380132704215,
        35.194224370195116
      ],
      [
        0.020666318517157438,
        0.9997858784997756,
        0.0010490144801364298,
        -44.02567946322233
      ],
      [
        -0.006199742658485683,
        -0.0009210652379437348,
        0.9999803572219788,
        1.4751445099706757
      ],
      [
        0.0,
        0.0,
        0.0,
        1.0
      ]
    ],
    "location": [
      35.194224370195116,
      -44.02567946322233,
      1.4751445099706757
    ],
    "rotation": [
      -0.0009210830700985913,
      0.00619978237556009,
      0.020668187156074474
    ]
  },
  {
    "label_id": "01ou0NZ5vEYKFHeZj_Mycg",
    "size": [
      2.300073068527726,
      12.651623626287378,
      3.180000000000007
    ],
    "obj_class": "vehicle",
    "point_num_in_lidar": 30,
    "speed": 8.533911106286719e-13,
    "if_vehicle": true,
    "motion_state": false,
    "pose": [
      [
        0.9997672061384772,
        -0.020672416192581113,
        0.006179380132704215,
        34.858165324399124
      ],
      [
        0.02066631851666638,
        0.9997858784997857,
        0.0010490144801364298,
        -33.65372380277631
      ],
      [
        -0.00619974265848523,
        -0.0009210652379467798,
        0.9999803572219788,
        1.5218185289820383
      ],
      [
        0.0,
        0.0,
        0.0,
        1.0
      ]
    ],
    "location": [
      34.858165324399124,
      -33.65372380277631,
      1.5218185289820383
    ],
    "rotation": [
      -0.0009210830701016363,
      0.006199782375559637,
      0.020668187155583297
    ]
  },
  {
    "label_id": "7N4zonIXNeW1QID1IBGtrw",
    "size": [
      2.006303095287937,
      4.793038370717342,
      1.5800000000000125
    ],
    "obj_class": "vehicle",
    "point_num_in_lidar": 195,
    "speed": 17.39182616595763,
    "if_vehicle": true,
    "motion_state": true,
    "pose": [
      [
        0.0008321197312809584,
        -0.9999805612300313,
        0.006179380132704215,
        -2.2531886484348433
      ],
      [
        0.999999098144213,
        0.0008386175417599315,
        0.0010490144801364298,
        -49.10344019482625
      ],
      [
        -0.0010541762251617451,
        0.006178501654147161,
        0.9999803572219788,
        1.0399992568825098
      ],
      [
        0.0,
        0.0,
        0.0,
        1.0
      ]
    ],
    "location": [
      -2.2531886484348433,
      -49.10344019482625,
      1.0399992568825098
    ],
    "rotation": [
      0.00617854439750293,
      0.0010541764204106553,
      1.569964206505223
    ]
  },
  {
    "label_id": "Eq0xyW-KU_tdvMCpEGSS_A",
    "size": [
      1.056238411407923,
      0.13040600161147678,
      1.1399999999999864
    ],
    "obj_class": "sign",
    "point_num_in_lidar": 90,
    "speed": 0.04211213675169128,
    "if_vehicle": false,
    "motion_state": false,
    "pose": [
      [
        0.004762377805026044,
        -0.9999695670463267,
        0.006179380132704215,
        5.691868010652797
      ],
      [
        0.9999880782787223,
        0.004768948421709097,
        0.0010490144801364298,
        -81.0383173037319
      ],
      [
        -0.0010784517006583532,
        0.006174310660579251,
        0.9999803572219788,
        3.174048737598895
      ],
      [
        0.0,
        0.0,
        0.0,
        1.0
      ]
    ],
    "location": [
      5.691868010652797,
      -81.0383173037319,
      3.174048737598895
    ],
    "rotation": [
      0.006174353481491968,
      0.0010784519097087881,
      1.5660339282182116
    ]
  },
  {
    "label_id": "GDHXeSLoBUu6sLhimIZVgA",
    "size": [
      0.9341903503814106,
      0.097319481024417,
      0.4399999999999977
    ],
    "obj_class": "sign",
    "point_num_in_lidar": 53,
    "speed": 0.021070761100060547,
    "if_vehicle": false,
    "motion_state": false,
    "pose": [
      [
        0.9999809074483251,
        1.1529784404541998e-14,
        0.006179380132704215,
        -6.9941711913279505
      ],
      [
        -6.482383014247646e-06,
        0.9999994497631483,
        0.0010490144801364298,
        -60.72929427954614
      ],
      [
        -0.006179376732581533,
        -0.0010490345088820707,
        0.9999803572219788,
        2.1648317662976524
      ],
      [
        0.0,
        0.0,
        0.0,
        1.0
      ]
    ],
    "location": [
      -6.9941711913279505,
      -60.72929427954614,
      2.1648317662976524
    ],
    "rotation": [
      -0.0010490547304048837,
      0.006179416059528456,
      -6.482506781752556e-06
    ]
  },
  {
    "label_id": "ZBnCJBbrkJezmYJaaMOEYw",
    "size": [
      2.0467503034149175,
      4.843573173001877,
      1.6500000000000057
    ],
    "obj_class": "vehicle",
    "point_num_in_lidar": 41,
    "speed": 18.657004739801504,
    "if_vehicle": true,
    "motion_state": true,
    "pose": [
      [
        -0.010535673211603803,
        -0.9999254046433433,
        0.006179380132704215,
        -2.3958987411633643
      ],
      [
        0.9999440142265693,
        -0.010529386547897878,
        0.0010490144801364298,
        -25.30592940308145
      ],
      [
        -0.0009838711464835027,
        0.0061900862490851215,
        0.9999803572219788,
        0.8550048473641425
      ],
      [
        0.0,
        0.0,
        0.0,
        1.0
      ]
    ],
    "location": [
      -2.3958987411633643,
      -25.30592940308145,
      0.8550048473641425
    ],
    "rotation": [
      0.006190128776931165,
      0.0009838713052151824,
      1.5813322000264767
    ]
  },
  {
    "label_id": "hmqmGz9lrmqJ-0dOshKlQA",
    "size": [
      1.0562384114082721,
      0.13040600161147678,
      1.0500000000000114
    ],
    "obj_class": "sign",
    "point_num_in_lidar": 22,
    "speed": 0.06510607145533326,
    "if_vehicle": false,
    "motion_state": false,
    "pose": [
      [
        0.03544896903025303,
        -0.9993523832241897,
        0.006179380132704215,
        -5.008888866746929
      ],
      [
        0.9993706840863147,
        0.03545610465733701,
        0.0010490144801364298,
        -80.85881944084554
      ],
      [
        -0.001267431869463655,
        0.00613830486863135,
        0.9999803572219788,
        3.3338785379617946
      ],
      [
        0.0,
        0.0,
        0.0,
        1.0
      ]
    ],
    "location": [
      -5.008888866746929,
      -80.85881944084554,
      3.3338785379617946
    ],
    "rotation": [
      0.006138348346933007,
      0.001267432208794183,
      1.5353399007034045
    ]
  },
  {
    "label_id": "kkxKESj1hE_iEDSSnzGUrA",
    "size": [
      2.8960503537615754,
      10.96042731337048,
      2.9000000000000057
    ],
    "obj_class": "vehicle",
    "point_num_in_lidar": 378,
    "speed": 7.160723346098895e-13,
    "if_vehicle": true,
    "motion_state": false,
    "pose": [
      [
        0.9996046263351569,
        -0.027430024982256218,
        0.006179380132704215,
        35.2578209377416
      ],
      [
        0.02742405366436816,
        0.9996233394880467,
        0.0010490144801364298,
        -47.46397761350124
      ],
      [
        -0.006205827097616767,
        -0.0008791360750651338,
        0.9999803572219788,
        3.308629947847521
      ],
      [
        0.0,
        0.0,
        0.0,
        1.0
      ]
    ],
    "location": [
      35.2578209377416,
      -47.46397761350124,
      3.308629947847521
    ],
    "rotation": [
      -0.0008791531175769096,
      0.00620586693174256,
      0.027428020631631887
    ]
  },
  {
    "label_id": "knNjsVOTq4JKHKdR4ciuXA",
    "size": [
      1.9446370296238538,
      12.54279923678777,
      2.950000000000017
    ],
    "obj_class": "vehicle",
    "point_num_in_lidar": 71,
    "speed": 5.3290705182007514e-14,
    "if_vehicle": true,
    "motion_state": false,
    "pose": [
      [
        0.9997672061384644,
        -0.02067241619320491,
        0.006179380132704215,
        35.17625041237261
      ],
      [
        0.020666318517290193,
        0.9997858784997729,
        0.0010490144801364298,
        -40.41151969271709
      ],
      [
        -0.006199742658485805,
        -0.0009210652379429116,
        0.9999803572219788,
        2.0736299478483886
      ],
      [
        0.0,
        0.0,
        0.0,
        1.0
      ]
    ],
    "location": [
      35.17625041237261,
      -40.41151969271709,
      2.0736299478483886
    ],
    "rotation": [
      -0.0009210830700977679,
      0.006199782375560212,
      0.020668187156207257
    ]
  },
  {
    "label_id": "mPYQKdQFlCMR8XXG5PGIiA",
    "size": [
      2.627594527593358,
      7.379206516826654,
      2.5999999999999943
    ],
    "obj_class": "vehicle",
    "point_num_in_lidar": 272,
    "speed": 1.5888218580782548e-13,
    "if_vehicle": true,
    "motion_state": false,
    "pose": [
      [
        0.9992305934167457,
        -0.03873030391300766,
        0.006179380132704215,
        34.639657853844255
      ],
      [
        0.03872454455712066,
        0.9992493728882016,
        0.0010490144801364298,
        -51.64035969535303
      ],
      [
        -0.006215370372067328,
        -0.0008089136802051929,
        0.9999803572219788,
        2.2864269950818255
      ],
      [
        0.0,
        0.0,
        0.0,
        1.0
      ]
    ],
    "location": [
      34.639657853844255,
      -51.64035969535303,
      2.2864269950818255
    ],
    "rotation": [
      -0.0008089293933836187,
      0.006215410390247862,
      0.038734978150172766
    ]
  },
  {
    "label_id": "mSe-r2JQeTDLbyn4ZQuu9g",
    "size": [
      2.0481505622274607,
      12.56373164208783,
      3.3600000000000136
    ],
    "obj_class": "vehicle",
    "point_num_in_lidar": 46,
    "speed": 4.263256414560601e-13,
    "if_vehicle": true,
    "motion_state": false,
    "pose": [
      [
        0.9997672061384743,
        -0.020672416192726077,
        0.006179380132704215,
        35.186781352537764
      ],
      [
        0.02066631851681135,
        0.9997858784997827,
        0.0010490144801364298,
        -36.81115082749716
      ],
      [
        -0.006199742658485365,
        -0.000921065237945881,
        0.9999803572219788,
        1.6286299478486512
      ],
      [
        0.0,
        0.0,
        0.0,
        1.0
      ]
    ],
    "location": [
      35.186781352537764,
      -36.81115082749716,
      1.6286299478486512
    ],
    "rotation": [
      -0.0009210830701007374,
      0.006199782375559772,
      0.020668187155728303
    ]
  }
]