[
  {
    "label_id": "-LOWWToppG64GhD01GdGoQ",
    "size": [
      2.017105365023655,
      13.240797996630345,
      3.0999999999999943
    ],
    "obj_class": "vehicle",
    "point_num_in_lidar": 128,
    "speed": 1.432144669219779e-13,
    "if_vehicle": true,
    "motion_state": false,
    "pose": [
      [
        0.9995007503073011,
        -0.02066690662463393,
        0.023898307590929733,
        35.194224370194206
      ],
      [
        0.020602883202372416,
        0.999783467689106,
        0.0029221463508590853,
        -44.02567946322233
      ],
      [
        -0.02395352456093733,
        -0.0024283134301611026,
        0.9997101239634384,
        1.473405833455189
      ],
      [
        0.0,
        0.0,
        0.0,
        1.0
      ]
    ],
    "location": [
      35.194224370194206,
      -44.02567946322233,
      1.473405833455189
    ],
    "rotation": [
      -0.002429012766986406,
      0.023955815793552684,
      0.020610255534505285
    ]
  },
  {
    "label_id": "01ou0NZ5vEYKFHeZj_Mycg",
    "size": [
      2.3000730685277277,
      12.651623626287378,
      3.180000000000007
    ],
    "obj_class": "vehicle",
    "point_num_in_lidar": 72,
    "speed": 8.533911106286719e-13,
    "if_vehicle": true,
    "motion_state": false,
    "pose": [
      [
        0.9995007503073111,
        -0.02066690662415167,
        0.023898307590929733,
        34.858165324399124
      ],
      [
        0.020602883201890018,
        0.999783467689116,
        0.0029221463508590853,
        -33.65372380277631
      ],
      [
        -0.02395352456093616,
        -0.00242831343017266,
        0.9997101239634384,
        1.5236364338232704
      ],
      [
        0.0,
        0.0,
        0.0,
        1.0
      ]
    ],
    "location": [
      34.858165324399124,
      -33.65372380277631,
      1.5236364338232704
    ],
    "rotation": [
      -0.0024290127669979672,
      0.02395581579355151,
      0.020610255534022643
    ]
  },
  {
    "label_id": "7N4zonIXNeW1QID1IBGtrw",
    "size": [
      2.006303095287956,
      4.793038370717342,
      1.5800000000000125
    ],
    "obj_class": "vehicle",
    "point_num_in_lidar": 102,
    "speed": 18.380638305763068,
    "if_vehicle": true,
    "motion_state": true,
    "pose": [
      [
        -0.006394685095547466,
        -0.9996939426128469,
        0.023898307590929733,
        -2.4167530416480076
      ],
      [
        0.9999757171007199,
        -0.006326631774125084,
        0.0029221463508590853,
        -34.75507828272862
      ],
      [
        -0.002770056214229472,
        0.023916413476450384,
        0.9997101239634384,
        0.8999341752285375
      ],
      [
        0.0,
        0.0,
        0.0,
        1.0
      ]
    ],
    "location": [
      -2.4167530416480076,
      -34.75507828272862,
      0.8999341752285375
    ],
    "rotation": [
      0.02391878585897484,
      0.002770059756779539,
      1.577191080007682
    ]
  },
  {
    "label_id": "7b-5msqRGbHuMztSA8Hw2g",
    "size": [
      2.356930883609744,
      11.455956273390987,
      3.219999999999999
    ],
    "obj_class": "vehicle",
    "point_num_in_lidar": 20,
    "speed": 0.02328691881066376,
    "if_vehicle": true,
    "motion_state": false,
    "pose": [
      [
        0.9995007503073002,
        -0.02066690662467943,
        0.023898307590929733,
        35.12549917938486
      ],
      [
        0.02060288320241793,
        0.9997834676891051,
        0.0029221463508590853,
        -30.287700304293708
      ],
      [
        -0.023953524560937446,
        -0.0024283134301600123,
        0.9997101239634384,
        1.5486299478486387
      ],
      [
        0.0,
        0.0,
        0.0,
        1.0
      ]
    ],
    "location": [
      35.12549917938486,
      -30.287700304293708,
      1.5486299478486387
    ],
    "rotation": [
      -0.002429012766985316,
      0.023955815793552798,
      0.020610255534550818
    ]
  },
  {
    "label_id": "GDHXeSLoBUu6sLhimIZVgA",
    "size": [
      0.9341903503814133,
      0.097319481024417,
      0.4399999999999977
    ],
    "obj_class": "sign",
    "point_num_in_lidar": 148,
    "speed": 0.02109476795975161,
    "if_vehicle": false,
    "motion_state": false,
    "pose": [
      [
        0.99971439466194,
        -1.6842185382876987e-14,
        0.023898307590929733,
        -6.977297498881853
      ],
      [
        -6.98543030635461e-05,
        0.9999957280814157,
        0.0029221463508590853,
        -60.73001307585491
      ],
      [
        -0.02389820549930545,
        -0.0029229811698838508,
        0.9997101239634384,
        2.207019910138314
      ],
      [
        0.0,
        0.0,
        0.0,
        1.0
      ]
    ],
    "location": [
      -6.977297498881853,
      -60.73001307585491,
      2.207019910138314
    ],
    "rotation": [
      -0.0029238203860895407,
      0.02390048089149664,
      -6.987425941134114e-05
    ]
  },
  {
    "label_id": "ZBnCJBbrkJezmYJaaMOEYw",
    "size": [
      2.046750303415486,
      4.843573173001877,
      1.6500000000000057
    ],
    "obj_class": "vehicle",
    "point_num_in_lidar": 29,
    "speed": 19.476066586562695,
    "if_vehicle": true,
    "motion_state": true,
    "pose": [
      [
        -0.014453322467781882,
        -0.9996099100968996,
        0.023898307590929733,
        -2.5866694148589886
      ],
      [
        0.9998922240281827,
        -0.014387542829776704,
        0.0029221463508590853,
        -10.014679877261642
      ],
      [
        -0.0025771685270485544,
        0.02393796665111135,
        0.9997101239634384,
        0.86000305113933
      ],
      [
        0.0,
        0.0,
        0.0,
        1.0
      ]
    ],
    "location": [
      -2.5866694148589886,
      -10.014679877261642,
      0.86000305113933
    ],
    "rotation": [
      0.023940332940111962,
      0.0025771713798957113,
      1.5852502005262337
    ]
  },
  {
    "label_id": "kkxKESj1hE_iEDSSnzGUrA",
    "size": [
      2.8960503537615727,
      10.96042731337048,
      2.9000000000000057
    ],
    "obj_class": "vehicle",
    "point_num_in_lidar": 548,
    "speed": 7.160723346098895e-13,
    "if_vehicle": true,
    "motion_state": false,
    "pose": [
      [
        0.9993382138344145,
        -0.027422714390289687,
        0.023898307590929733,
        35.2578209377416
      ],
      [
        0.027360603502630334,
        0.9996213575332792,
        0.0029221463508590853,
        -47.46397761350124
      ],
      [
        -0.02396939186157929,
        -0.0022663403964509415,
        0.9997101239634384,
        3.1644024036519056
      ],
      [
        0.0,
        0.0,
        0.0,
        1.0
      ]
    ],
    "location": [
      35.2578209377416,
      -47.46397761350124,
      3.1644024036519056
    ],
    "rotation": [
      -0.002266993661149304,
      0.023971687651274314,
      0.027371884458114865
    ]
  },
  {
    "label_id": "knNjsVOTq4JKHKdR4ciuXA",
    "size": [
      1.9446370296238473,
      12.54279923678777,
      2.950000000000017
    ],
    "obj_class": "vehicle",
    "point_num_in_lidar": 30,
    "speed": 5.3290705182007514e-14,
    "if_vehicle": true,
    "motion_state": false,
    "pose": [
      [
        0.9995007503072983,
        -0.02066690662477042,
        0.023898307590929733,
        35.1762504123717
      ],
      [
        0.020602883202508943,
        0.9997834676891032,
        0.0029221463508590853,
        -40.41151969271698
      ],
      [
        -0.023953524560937665,
        -0.0024283134301578317,
        0.9997101239634384,
        2.0736299478483886
      ],
      [
        0.0,
        0.0,
        0.0,
        1.0
      ]
    ],
    "location": [
      35.1762504123717,
      -40.41151969271698,
      2.0736299478483886
    ],
    "rotation": [
      -0.0024290127669831345,
      0.023955815793553017,
      0.02061025553464188
    ]
  },
  {
    "label_id": "mPYQKdQFlCMR8XXG5PGIiA",
    "size": [
      2.627594527593357,
      7.379206516826654,
      2.5999999999999943
    ],
    "obj_class": "vehicle",
    "point_num_in_lidar": 641,
    "speed": 1.5888218580782548e-13,
    "if_vehicle": true,
    "motion_state": false,
    "pose": [
      [
        0.9989642806024619,
        -0.03871998159471262,
        0.023898307590929733,
        34.639657853843346
      ],
      [
        0.038661076042172754,
        0.9992481084595385,
        0.0029221463508590853,
        -51.64035969535303
      ],
      [
        -0.023993484108543087,
        -0.001995185540148887,
        0.9997101239634384,
        2.2864269950818255
      ],
      [
        0.0,
        0.0,
        0.0,
        1.0
      ]
    ],
    "location": [
      34.639657853843346,
      -51.64035969535303,
      2.2864269950818255
    ],
    "rotation": [
      -0.0019957614145733136,
      0.02399578682906679,
      0.03868185499156094
    ]
  },
  {
    "label_id": "mSe-r2JQeTDLbyn4ZQuu9g",
    "size": [
      2.04815056222746,
      12.56373164208783,
      3.3600000000000136
    ],
    "obj_class": "vehicle",
    "point_num_in_lidar": 27,
    "speed": 4.263256414560601e-13,
    "if_vehicle": true,
    "motion_state": false,
    "pose": [
      [
        0.9995007503073081,
        -0.02066690662429504,
        0.023898307590929733,
        35.186781352537764
      ],
      [
        0.020602883202033427,
        0.999783467689113,
        0.0029221463508590853,
        -36.811150827497386
      ],
      [
        -0.02395352456093651,
        -0.002428313430169224,
        0.9997101239634384,
        1.6286299478486512
      ],
      [
        0.0,
        0.0,
        0.0,
        1.0
      ]
    ],
    "location": [
      35.186781352537764,
      -36.811150827497386,
      1.6286299478486512
    ],
    "rotation": [
      -0.0024290127669945303,
      0.02395581579355186,
      0.020610255534166125
    ]
  }
]