[
  {
    "label_id": "01ou0NZ5vEYKFHeZj_Mycg",
    "size": [
      2.3000730685277295,
      12.651623626287378,
      3.180000000000007
    ],
    "obj_class": "vehicle",
    "point_num_in_lidar": 64,
    "speed": 8.533911106286719e-13,
    "if_vehicle": true,
    "motion_state": false,
    "pose": [
      [
        0.9996124554915623,
        -0.020669216377902953,
        0.018647314027839812,
        34.858165324399124
      ],
      [
        0.020445039706712922,
        0.999717348881375,
        0.012133536046266491,
        -33.65372380277631
      ],
      [
        -0.01889283402563986,
        -0.0117475886852811,
        0.999752496862379,
        1.5286299478486
      ],
      [
        0.0,
        0.0,
        0.0,
        1.0
      ]
    ],
    "location": [
      34.858165324399124,
      -33.65372380277631,
      1.5286299478486
    ],
    "rotation": [
      -0.01174995620154131,
      0.018893958138313512,
      0.02045011486937175
    ]
  },
  {
    "label_id": "7N4zonIXNeW1QID1IBGtrw",
    "size": [
      2.0063030952895495,
      4.793038370717342,
      1.5800000000000125
    ],
    "obj_class": "vehicle",
    "point_num_in_lidar": 41,
    "speed": 19.526203450501693,
    "if_vehicle": true,
    "motion_state": true,
    "pose": [
      [
        -0.00934470200718324,
        -0.9997824534487211,
        0.018647314027839812,
        -2.8761953207258557
      ],
      [
        0.9998848007298992,
        -0.009119351530885302,
        0.012133536046266491,
        28.990984104152062
      ],
      [
        -0.011960845025618127,
        0.01875855014952024,
        0.999752496862379,
        0.3300063958287751
      ],
      [
        0.0,
        0.0,
        0.0,
        1.0
      ]
    ],
    "location": [
      -2.8761953207258557,
      28.990984104152062,
      0.3300063958287751
    ],
    "rotation": [
      0.01876099265649309,
      0.011961130234010112,
      1.5801418333453
    ]
  },
  {
    "label_id": "KWUgI8YhinBnaVltZlUSRQ",
    "size": [
      2.2394126796219833,
      12.689387402830423,
      3.5800000000000125
    ],
    "obj_class": "vehicle",
    "point_num_in_lidar": 61,
    "speed": 7.184918763469982e-13,
    "if_vehicle": true,
    "motion_state": false,
    "pose": [
      [
        0.9996124554915602,
        -0.02066921637800439,
        0.018647314027839812,
        34.3461109743057
      ],
      [
        0.020445039706814373,
        0.999717348881373,
        0.012133536046266491,
        -23.200042075016768
      ],
      [
        -0.018892834025641052,
        -0.011747588685279184,
        0.999752496862379,
        1.718629947848683
      ],
      [
        0.0,
        0.0,
        0.0,
        1.0
      ]
    ],
    "location": [
      34.3461109743057,
      -23.200042075016768,
      1.718629947848683
    ],
    "rotation": [
      -0.011749956201539393,
      0.018893958138314706,
      0.02045011486947324
    ]
  },
  {
    "label_id": "mSe-r2JQeTDLbyn4ZQuu9g",
    "size": [
      2.0481505622274656,
      12.56373164208783,
      3.3600000000000136
    ],
    "obj_class": "vehicle",
    "point_num_in_lidar": 36,
    "speed": 5.2782619595595316e-30,
    "if_vehicle": true,
    "motion_state": false,
    "pose": [
      [
        0.9996124554915592,
        -0.020669216378050113,
        0.018647314027839812,
        35.186781352536855
      ],
      [
        0.0204450397068601,
        0.999717348881372,
        0.012133536046266491,
        -36.81115082749727
      ],
      [
        -0.018892834025641587,
        -0.011747588685278318,
        0.999752496862379,
        1.6286299478486512
      ],
      [
        0.0,
        0.0,
        0.0,
        1.0
      ]
    ],
    "location": [
      35.186781352536855,
      -36.81115082749727,
      1.6286299478486512
    ],
    "rotation": [
      -0.011749956201538528,
      0.01889395813831524,
      0.020450114869518986
    ]
  }
]