[
  {
    "label_id": "-Z2albPClZedXBH6kjDQkw",
    "size": [
      1.908229224127277,
      4.387772557343194,
      1.8799999999999955
    ],
    "obj_class": "vehicle",
    "point_num_in_lidar": 34,
    "speed": 18.682405309076884,
    "if_vehicle": true,
    "motion_state": true,
    "pose": [
      [
        -0.01098632618788173,
        -0.9991251482224738,
        0.040351441440342084,
        -2.810032686615159
      ],
      [
        0.9999374498523441,
        -0.011061976586205263,
        -0.0016519857132732962,
        -26.372784396868838
      ],
      [
        0.002096907171068286,
        0.040330768197818126,
        0.9991841832799846,
        0.8955753339685657
      ],
      [
        0.0,
        0.0,
        0.0,
        1.0
      ]
    ],
    "location": [
      -2.810032686615159,
      -26.372784396868838,
      0.8955753339685657
    ],
    "rotation": [
      0.0403417984238998,
      -0.0020969087077616776,
      1.5817828981569624
    ]
  },
  {
    "label_id": "7N4zonIXNeW1QID1IBGtrw",
    "size": [
      2.0063030952884606,
      4.793038370717342,
      1.5800000000000125
    ],
    "obj_class": "vehicle",
    "point_num_in_lidar": 2449,
    "speed": 13.51547101829494,
    "if_vehicle": true,
    "motion_state": true,
    "pose": [
      [
        -0.014242726816139936,
        -0.9990840334559088,
        0.040351441440342084,
        -1.9340009684492543
      ],
      [
        0.9998960842030556,
        -0.014321024355788537,
        -0.0016519857132732962,
        -91.23263993757871
      ],
      [
        0.002228346525286932,
        0.04032371950692864,
        0.9991841832799846,
        1.0850030511391253
      ],
      [
        0.0,
        0.0,
        0.0,
        1.0
      ]
    ],
    "location": [
      -1.9340009684492543,
      -91.23263993757871,
      1.0850030511391253
    ],
    "rotation": [
      0.040334755450480056,
      -0.0022283483694439847,
      1.5850395705554077
    ]
  },
  {
    "label_id": "Eq0xyW-KU_tdvMCpEGSS_A",
    "size": [
      1.0562384114082701,
      0.13040600161147678,
      1.1399999999999864
    ],
    "obj_class": "sign",
    "point_num_in_lidar": 266,
    "speed": 0.021124504344585605,
    "if_vehicle": false,
    "motion_state": false,
    "pose": [
      [
        0.03542077385216299,
        -0.9985575246090735,
        0.040351441440342084,
        5.687247108977317
      ],
      [
        0.999372462879563,
        0.03538292499553184,
        -0.0016519857132732962,
        -81.14778901578836
      ],
      [
        0.0002218507385905164,
        0.040384634025331996,
        0.9991841832799846,
        3.025285157773169
      ],
      [
        0.0,
        0.0,
        0.0,
        1.0
      ]
    ],
    "location": [
      5.687247108977317,
      -81.14778901578836,
      3.025285157773169
    ],
    "rotation": [
      0.040395620426449765,
      -0.0002218507404103488,
      1.5353681412175884
    ]
  },
  {
    "label_id": "FHOD-9rdszts8P8jeOcGWA",
    "size": [
      0.2576499508196199,
      0.07310389723659724,
      0.6800000000000068
    ],
    "obj_class": "sign",
    "point_num_in_lidar": 105,
    "speed": 0.0018199754320684573,
    "if_vehicle": false,
    "motion_state": false,
    "pose": [
      [
        0.33867998458958243,
        0.9400359722968514,
        0.040351441440342084,
        7.81838194822285
      ],
      [
        -0.9407783105961137,
        0.33901834943720266,
        -0.0016519857132732962,
        -89.27828969617087
      ],
      [
        -0.015232805070714084,
        -0.03740226641244943,
        0.9991841832799846,
        2.0335496285896113
      ],
      [
        0.0,
        0.0,
        0.0,
        1.0
      ]
    ],
    "location": [
      7.81838194822285,
      -89.27828969617087,
      2.0335496285896113
    ],
    "rotation": [
      -0.03741533560400142,
      0.015233394231394597,
      -1.2252409412112206
    ]
  },
  {
    "label_id": "FxoJhHTByog2QtUg0GhKOA",
    "size": [
      2.0175350525107416,
      4.496712112519174,
      1.8600000000000136
    ],
    "obj_class": "vehicle",
    "point_num_in_lidar": 101,
    "speed": 6.812468799144511,
    "if_vehicle": true,
    "motion_state": true,
    "pose": [
      [
        0.9975596532072788,
        -0.056978061275022925,
        0.040351441440342084,
        -31.631665007897936
      ],
      [
        0.057091032787420025,
        0.9983676101108593,
        -0.0016519857132732962,
        -130.61177819256864
      ],
      [
        -0.040191445212126274,
        0.003951659761526517,
        0.9991841832799846,
        1.4927327066301643
      ],
      [
        0.0,
        0.0,
        0.0,
        1.0
      ]
    ],
    "location": [
      -31.631665007897936,
      -130.61177819256864,
      1.4927327066301643
    ],
    "rotation": [
      0.003954865604403866,
      0.04020227364228379,
      0.0571683344711423
    ]
  },
  {
    "label_id": "RixDhuBl0MERn4GfLVrNXw",
    "size": [
      0.8137267582073565,
      0.08876168109736594,
      0.41117645952314774
    ],
    "obj_class": "sign",
    "point_num_in_lidar": 22,
    "speed": 0.026538436134015735,
    "if_vehicle": false,
    "motion_state": false,
    "pose": [
      [
        -0.9991826035083812,
        -0.0024261120954590133,
        0.040351441440342084,
        -16.383379579491702
      ],
      [
        0.0023613721934203015,
        -0.9999958474236617,
        -0.0016519857132732962,
        -127.2094461952903
      ],
      [
        0.040355281780421644,
        -0.0015553506141654087,
        0.9991841832799846,
        3.7994148213771552
      ],
      [
        0.0,
        0.0,
        0.0,
        1.0
      ]
    ],
    "location": [
      -16.383379579491702,
      -127.2094461952903,
      3.7994148213771552
    ],
    "rotation": [
      -0.0015566192739577978,
      -0.04036624323946311,
      3.139229354039847
    ]
  },
  {
    "label_id": "UZpnnPlNInhDoCduQfj1xQ",
    "size": [
      0.6828715359533781,
      0.08876168107593682,
      0.8599999999999852
    ],
    "obj_class": "sign",
    "point_num_in_lidar": 42,
    "speed": 0.0013470122082070717,
    "if_vehicle": false,
    "motion_state": false,
    "pose": [
      [
        0.9991855489215637,
        2.3464971262652418e-14,
        0.040351441440342084,
        -16.345509891817528
      ],
      [
        6.671434031230915e-05,
        0.9999986332452659,
        -0.0016519857132732962,
        -127.21206724273668
      ],
      [
        -0.04035138628981851,
        0.0016533322715239016,
        0.9991841832799846,
        3.2002584704076185
      ],
      [
        0.0,
        0.0,
        0.0,
        1.0
      ]
    ],
    "location": [
      -16.345509891817528,
      -127.21206724273668,
      3.2002584704076185
    ],
    "rotation": [
      0.0016546806787639489,
      0.040362344573289126,
      6.676872006923645e-05
    ]
  },
  {
    "label_id": "UfF69ZTUyM5RQ0IQUWgsrw",
    "size": [
      2.124691848384089,
      4.5846318344073325,
      1.6299999999999955
    ],
    "obj_class": "vehicle",
    "point_num_in_lidar": 122,
    "speed": 16.12488818220626,
    "if_vehicle": true,
    "motion_state": true,
    "pose": [
      [
        -0.002024819685091626,
        -0.9991834973011361,
        0.040351441440342084,
        1.0912878181952692
      ],
      [
        0.9999964447607191,
        -0.002093181579551393,
        -0.0016519857132732962,
        -50.61730050949916
      ],
      [
        0.0017350997564111932,
        0.04034795300812072,
        0.9991841832799846,
        0.7291289124870275
      ],
      [
        0.0,
        0.0,
        0.0,
        1.0
      ]
    ],
    "location": [
      1.0912878181952692,
      -50.61730050949916,
      0.7291289124870275
    ],
    "rotation": [
      0.040358969278145,
      -0.001735100627019255,
      1.572821150911527
    ]
  },
  {
    "label_id": "ZBnCJBbrkJezmYJaaMOEYw",
    "size": [
      2.0467503034152177,
      4.843573173001877,
      1.6500000000000057
    ],
    "obj_class": "vehicle",
    "point_num_in_lidar": 266,
    "speed": 14.875234157171848,
    "if_vehicle": true,
    "motion_state": true,
    "pose": [
      [
        -0.008200618274084602,
        -0.9991518958765025,
        0.040351441440342084,
        -2.215532910217007
      ],
      [
        0.9999644052703507,
        -0.008274003596631649,
        -0.0016519857132732962,
        -71.17680727438278
      ],
      [
        0.0019844526289845717,
        0.040336457837464264,
        0.9991841832799846,
        1.070003051139139
      ],
      [
        0.0,
        0.0,
        0.0,
        1.0
      ]
    ],
    "location": [
      -2.215532910217007,
      -71.17680727438278,
      1.070003051139139
    ],
    "rotation": [
      0.040347483445535355,
      -0.0019844539314665655,
      1.5789970531350397
    ]
  },
  {
    "label_id": "aIMWIvZ-9FsM82qmziX_Cw",
    "size": [
      3.1182359923200256,
      7.163650091990669,
      2.3000000000000114
    ],
    "obj_class": "vehicle",
    "point_num_in_lidar": 4849,
    "speed": 4.3220627292571264e-13,
    "if_vehicle": true,
    "motion_state": false,
    "pose": [
      [
        0.07693660563997304,
        -0.996219112387574,
        0.040351441440342084,
        -6.946805757011134
      ],
      [
        0.9970349197409005,
        0.07693269630306124,
        -0.0016519857132732962,
        -104.0231173973034
      ],
      [
        -0.0014586054487665224,
        0.0403588943512461,
        0.9991841832799846,
        1.7029581355898529
      ],
      [
        0.0,
        0.0,
        0.0,
        1.0
      ]
    ],
    "location": [
      -6.946805757011134,
      -104.0231173973034,
      1.7029581355898529
    ],
    "rotation": [
      0.040369901723225944,
      0.0014586059659714573,
      1.4937835351238775
    ]
  },
  {
    "label_id": "eg2tEpDiKk_7U6oF0C2Kiw",
    "size": [
      0.8479130833628264,
      0.11886989128101817,
      0.6299999999999955
    ],
    "obj_class": "sign",
    "point_num_in_lidar": 109,
    "speed": 0.030356040436428675,
    "if_vehicle": false,
    "motion_state": false,
    "pose": [
      [
        0.9951392944660656,
        0.08983065057800609,
        0.040351441440342084,
        -12.35018068518184
      ],
      [
        -0.08983730583058419,
        0.9959550840395892,
        -0.0016519857132732962,
        -111.16425825194153
      ],
      [
        -0.04033662220220338,
        -0.0019811088882061146,
        0.9991841832799846,
        2.980020087988663
      ],
      [
        0.0,
        0.0,
        0.0,
        1.0
      ]
    ],
    "location": [
      -12.35018068518184,
      -111.16425825194153,
      2.980020087988663
    ],
    "rotation": [
      -0.00198272383141729,
      0.04034756845568648,
      -0.0900320603242501
    ]
  },
  {
    "label_id": "hmqmGz9lrmqJ-0dOshKlQA",
    "size": [
      1.0562384114078855,
      0.13040600161147678,
      1.0500000000000114
    ],
    "obj_class": "sign",
    "point_num_in_lidar": 257,
    "speed": 0.05871436092598629,
    "if_vehicle": false,
    "motion_state": false,
    "pose": [
      [
        0.06321198268390747,
        -0.9971840383895322,
        0.040351441440342084,
        -5.043156468233974
      ],
      [
        0.9979997145730662,
        0.06319684054825463,
        -0.0016519857132732962,
        -80.92894709194434
      ],
      [
        -0.0009027498256738549,
        0.040375152332374695,
        0.9991841832799846,
        3.205244072862371
      ],
      [
        0.0,
        0.0,
        0.0,
        1.0
      ]
    ],
    "location": [
      -5.043156468233974,
      -80.92894709194434,
      3.205244072862371
    ],
    "rotation": [
      0.04038614646472239,
      0.0009027499482909854,
      1.5075421458311213
    ]
  },
  {
    "label_id": "rpwvKbh-Np4npfBHGubrYw",
    "size": [
      2.0001894835902236,
      8.004928305334522,
      3.3300000000000125
    ],
    "obj_class": "vehicle",
    "point_num_in_lidar": 2412,
    "speed": 5.695433295429594e-13,
    "if_vehicle": true,
    "motion_state": false,
    "pose": [
      [
        0.7111077813849169,
        -0.7019241301077404,
        0.040351441440342084,
        -8.336329459323679
      ],
      [
        0.7025427985761032,
        0.7116395766903778,
        -0.0016519857132732962,
        -105.0609471081649
      ],
      [
        -0.02755611407071184,
        0.029523354491523025,
        0.9991841832799846,
        2.510003051139364
      ],
      [
        0.0,
        0.0,
        0.0,
        1.0
      ]
    ],
    "location": [
      -8.336329459323679,
      -105.0609471081649,
      2.510003051139364
    ],
    "rotation": [
      0.029538865478083622,
      0.027559602670198975,
      0.7793394681799429
    ]
  }
]