[
  {
    "label_id": "-LOWWToppG64GhD01GdGoQ",
    "size": [
      2.0171053650236526,
      13.240797996630345,
      3.0999999999999943
    ],
    "obj_class": "vehicle",
    "point_num_in_lidar": 94,
    "speed": 1.432144669219779e-13,
    "if_vehicle": true,
    "motion_state": false,
    "pose": [
      [
        0.9996253460849794,
        -0.02066948292015456,
        0.017942684868733013,
        35.1942243701933
      ],
      [
        0.020453798669243007,
        0.9997173076232843,
        0.012122168058965975,
        -44.02567946322233
      ],
      [
        -0.01818817155415285,
        -0.011750630377353407,
        0.9997655290623155,
        1.4686299478485978
      ],
      [
        0.0,
        0.0,
        0.0,
        1.0
      ]
    ],
    "location": [
      35.1942243701933,
      -44.02567946322233,
      1.4686299478485978
    ],
    "rotation": [
      -0.011752845037257612,
      0.018189174507042973,
      0.020458609809912997
    ]
  },
  {
    "label_id": "01ou0NZ5vEYKFHeZj_Mycg",
    "size": [
      2.30007306852773,
      12.651623626287378,
      3.180000000000007
    ],
    "obj_class": "vehicle",
    "point_num_in_lidar": 34,
    "speed": 8.533911106286719e-13,
    "if_vehicle": true,
    "motion_state": false,
    "pose": [
      [
        0.9996253460849895,
        -0.020669482919664903,
        0.017942684868733013,
        34.858165324398215
      ],
      [
        0.020453798668753312,
        0.9997173076232942,
        0.012122168058965975,
        -33.65372380277631
      ],
      [
        -0.018188171554147096,
        -0.011750630377362316,
        0.9997655290623155,
        1.5286299478486285
      ],
      [
        0.0,
        0.0,
        0.0,
        1.0
      ]
    ],
    "location": [
      34.858165324398215,
      -33.65372380277631,
      1.5286299478486285
    ],
    "rotation": [
      -0.011752845037266521,
      0.018189174507037217,
      0.020458609809423118
    ]
  },
  {
    "label_id": "7N4zonIXNeW1QID1IBGtrw",
    "size": [
      2.0063030952889065,
      4.793038370717342,
      1.5800000000000125
    ],
    "obj_class": "vehicle",
    "point_num_in_lidar": 54,
    "speed": 19.605890316189843,
    "if_vehicle": true,
    "motion_state": true,
    "pose": [
      [
        0.006330964144613132,
        -0.9998189730909797,
        0.017942684868733013,
        -2.7816782312092982
      ],
      [
        0.999905076968074,
        0.006549052986528505,
        0.012122168058965975,
        9.457791981015703
      ],
      [
        -0.01223748121427755,
        0.017864236683348095,
        0.9997655290623155,
        0.5309980375162979
      ],
      [
        0.0,
        0.0,
        0.0,
        1.0
      ]
    ],
    "location": [
      -2.7816782312092982,
      9.457791981015703,
      0.5309980375162979
    ],
    "rotation": [
      0.017866524993264223,
      0.012237786674126599,
      1.5644648462449955
    ]
  },
  {
    "label_id": "kkxKESj1hE_iEDSSnzGUrA",
    "size": [
      2.8960503537615763,
      10.96042731337048,
      2.9000000000000057
    ],
    "obj_class": "vehicle",
    "point_num_in_lidar": 512,
    "speed": 7.160723346098895e-13,
    "if_vehicle": true,
    "motion_state": false,
    "pose": [
      [
        0.9994627893506189,
        -0.02742613285138051,
        0.017942684868733013,
        35.25782093774251
      ],
      [
        0.027211075156392022,
        0.9995562067389624,
        0.012122168058965975,
        -47.46397761350113
      ],
      [
        -0.018267186217735314,
        -0.011627416154720559,
        0.9997655290623155,
        2.750212547846445
      ],
      [
        0.0,
        0.0,
        0.0,
        1.0
      ]
    ],
    "location": [
      35.25782093774251,
      -47.46397761350113,
      2.750212547846445
    ],
    "rotation": [
      -0.011629618762557341,
      0.018268202300160744,
      0.027218977167787532
    ]
  },
  {
    "label_id": "mPYQKdQFlCMR8XXG5PGIiA",
    "size": [
      2.6275945275933603,
      7.379206516826654,
      2.5999999999999943
    ],
    "obj_class": "vehicle",
    "point_num_in_lidar": 70,
    "speed": 1.5888218580782548e-13,
    "if_vehicle": true,
    "motion_state": false,
    "pose": [
      [
        0.9990888095048926,
        -0.03872480835068832,
        0.017942684868733013,
        34.63965785384244
      ],
      [
        0.038510820626245515,
        0.9991846524723261,
        0.012122168058965975,
        -51.64035969535303
      ],
      [
        -0.01839748397986376,
        -0.011420134936117526,
        0.9997655290623155,
        2.2864269950818255
      ],
      [
        0.0,
        0.0,
        0.0,
        1.0
      ]
    ],
    "location": [
      34.63965785384244,
      -51.64035969535303,
      2.2864269950818255
    ],
    "rotation": [
      -0.011422316473996174,
      0.018398521962780075,
      0.03852686993484663
    ]
  }
]