[
  {
    "label_id": "7N4zonIXNeW1QID1IBGtrw",
    "size": [
      2.006303095287937,
      4.793038370717342,
      1.5800000000000125
    ],
    "obj_class": "vehicle",
    "point_num_in_lidar": 280,
    "speed": 16.596035739966233,
    "if_vehicle": true,
    "motion_state": true,
    "pose": [
      [
        0.0008321253167448777,
        -0.9999872734349592,
        0.004975995937836462,
        -2.2086759301964776
      ],
      [
        0.9999882242735388,
        0.0008083147718901281,
        -0.004785179357590623,
        -59.322415829666056
      ],
      [
        0.004781096287672879,
        0.004979919210758041,
        0.9999761704775482,
        1.0550030511391242
      ],
      [
        0.0,
        0.0,
        0.0,
        1.0
      ]
    ],
    "location": [
      -2.2086759301964776,
      -59.322415829666056,
      1.0550030511391242
    ],
    "rotation": [
      0.004979996713691677,
      -0.0047811145029459995,
      1.5699641918712266
    ]
  },
  {
    "label_id": "Eq0xyW-KU_tdvMCpEGSS_A",
    "size": [
      1.0562384114084185,
      0.13040600161147678,
      1.1399999999999864
    ],
    "obj_class": "sign",
    "point_num_in_lidar": 514,
    "speed": 0.03025839013833017,
    "if_vehicle": false,
    "motion_state": false,
    "pose": [
      [
        0.012765774217114988,
        -0.9999061328310094,
        0.004975995937836462,
        5.68511643596139
      ],
      [
        0.9999073677535882,
        0.012741976715008508,
        -0.004785179357590623,
        -81.03800746485012
      ],
      [
        0.004721326161977325,
        0.005036621519422006,
        0.9999761704775482,
        3.1660015387237195
      ],
      [
        0.0,
        0.0,
        0.0,
        1.0
      ]
    ],
    "location": [
      5.68511643596139,
      -81.03800746485012,
      3.1660015387237195
    ],
    "rotation": [
      0.005036698951244502,
      -0.004721343702604475,
      1.5580300635289002
    ]
  },
  {
    "label_id": "GDHXeSLoBUu6sLhimIZVgA",
    "size": [
      0.9341903503814171,
      0.097319481024417,
      0.4399999999999977
    ],
    "obj_class": "sign",
    "point_num_in_lidar": 28,
    "speed": 0.016111018753331315,
    "if_vehicle": false,
    "motion_state": false,
    "pose": [
      [
        0.9999876196555768,
        -3.7465146952794475e-14,
        0.004975995937836462,
        -7.006850599934296
      ],
      [
        2.3811327875058724e-05,
        0.9999885506802247,
        -0.004785179357590623,
        -60.728754154014496
      ],
      [
        -0.00497593896606759,
        0.004785238600492831,
        0.9999761704775482,
        2.1331303046409857
      ],
      [
        0.0,
        0.0,
        0.0,
        1.0
      ]
    ],
    "location": [
      -7.006850599934296,
      -60.728754154014496,
      2.1331303046409857
    ],
    "rotation": [
      0.004785316106109276,
      0.0049759595003118036,
      2.3811622666648324e-05
    ]
  },
  {
    "label_id": "UfF69ZTUyM5RQ0IQUWgsrw",
    "size": [
      2.124691848384202,
      4.5846318344073325,
      1.6299999999999955
    ],
    "obj_class": "vehicle",
    "point_num_in_lidar": 45,
    "speed": 18.71517834866114,
    "if_vehicle": true,
    "motion_state": true,
    "pose": [
      [
        -0.00902709760300826,
        -0.9999468740754642,
        0.004975995937836462,
        0.8392488443523689
      ],
      [
        0.9999475901123349,
        -0.009050916365181879,
        -0.004785179357590623,
        -13.593610938053985
      ],
      [
        0.004829962463580025,
        0.004932538865339467,
        0.9999761704775482,
        0.5291289124869252
      ],
      [
        0.0,
        0.0,
        0.0,
        1.0
      ]
    ],
    "location": [
      0.8392488443523689,
      -13.593610938053985,
      0.5291289124869252
    ],
    "rotation": [
      0.004932616403119248,
      -0.004829981243103832,
      1.5798236523037863
    ]
  },
  {
    "label_id": "ZBnCJBbrkJezmYJaaMOEYw",
    "size": [
      2.0467503034142336,
      4.843573173001877,
      1.6500000000000057
    ],
    "obj_class": "vehicle",
    "point_num_in_lidar": 55,
    "speed": 18.018551722853733,
    "if_vehicle": true,
    "motion_state": true,
    "pose": [
      [
        -0.005770884514347336,
        -0.9999709677567388,
        0.004975995937836462,
        -2.2668208111372223
      ],
      [
        0.9999717613517588,
        -0.005794700818578454,
        -0.004785179357590623,
        -36.32431104330658
      ],
      [
        0.004813874840833689,
        0.00494824070498443,
        0.9999761704775482,
        0.8700014825602977
      ],
      [
        0.0,
        0.0,
        0.0,
        1.0
      ]
    ],
    "location": [
      -2.2668208111372223,
      -36.32431104330658,
      0.8700014825602977
    ],
    "rotation": [
      0.004948318233680216,
      -0.0048138934333282115,
      1.5765673102088797
    ]
  },
  {
    "label_id": "hmqmGz9lrmqJ-0dOshKlQA",
    "size": [
      1.0562384114073202,
      0.13040600161147678,
      1.0500000000000114
    ],
    "obj_class": "sign",
    "point_num_in_lidar": 203,
    "speed": 0.022688084610448325,
    "if_vehicle": false,
    "motion_state": false,
    "pose": [
      [
        0.04153031346233028,
        -0.9991248533232207,
        0.004975995937836462,
        -5.0355577787286165
      ],
      [
        0.9991267724487539,
        0.04150656134458317,
        -0.004785179357590623,
        -80.83995108856482
      ],
      [
        0.00457445514313383,
        0.0051703807597828656,
        0.9999761704775482,
        3.3024220562100197
      ],
      [
        0.0,
        0.0,
        0.0,
        1.0
      ]
    ],
    "location": [
      -5.0355577787286165,
      -80.83995108856482,
      3.3024220562100197
    ],
    "rotation": [
      0.005170457894886165,
      -0.004574471097184207,
      1.5292536307989972
    ]
  },
  {
    "label_id": "kkxKESj1hE_iEDSSnzGUrA",
    "size": [
      2.8960503537615763,
      10.96042731337048,
      2.9000000000000057
    ],
    "obj_class": "vehicle",
    "point_num_in_lidar": 35,
    "speed": 7.160723346098895e-13,
    "if_vehicle": true,
    "motion_state": false,
    "pose": [
      [
        0.9996113360166835,
        -0.027430209101782503,
        0.004975995937836462,
        35.2578209377416
      ],
      [
        0.02745403700821303,
        0.9996116135332099,
        -0.004785179357590623,
        -47.46397761350124
      ],
      [
        -0.00484280485798716,
        0.004919930707350698,
        0.9999761704775482,
        2.942498179964531
      ],
      [
        0.0,
        0.0,
        0.0,
        1.0
      ]
    ],
    "location": [
      35.2578209377416,
      -47.46397761350124,
      2.942498179964531
    ],
    "rotation": [
      0.004920008250663671,
      0.0048428237877093895,
      0.02745780903711121
    ]
  },
  {
    "label_id": "mSe-r2JQeTDLbyn4ZQuu9g",
    "size": [
      2.048150562227468,
      12.56373164208783,
      3.3600000000000136
    ],
    "obj_class": "vehicle",
    "point_num_in_lidar": 58,
    "speed": 7.917399231523882e-30,
    "if_vehicle": true,
    "motion_state": false,
    "pose": [
      [
        0.999773916911291,
        -0.020672554952918268,
        0.004975995937836462,
        35.186781352537764
      ],
      [
        0.020696380439043253,
        0.9997743554898966,
        -0.004785179357590623,
        -36.81115082749716
      ],
      [
        -0.00487595124844143,
        0.004887082614454031,
        0.9999761704775482,
        1.6286299478486512
      ],
      [
        0.0,
        0.0,
        0.0,
        1.0
      ]
    ],
    "location": [
      35.186781352537764,
      -36.81115082749716,
      1.6286299478486512
    ],
    "rotation": [
      0.0048871601648463586,
      0.004875970569524165,
      0.02069810432336506
    ]
  }
]