[
  {
    "label_id": "7N4zonIXNeW1QID1IBGtrw",
    "size": [
      2.0063030952879366,
      4.793038370717342,
      1.5800000000000125
    ],
    "obj_class": "vehicle",
    "point_num_in_lidar": 332,
    "speed": 16.331092602205587,
    "if_vehicle": true,
    "motion_state": true,
    "pose": [
      [
        0.0008321119293148303,
        -0.9999711854022761,
        0.0075455917530489885,
        -2.194144706492807
      ],
      [
        0.9999718695190877,
        0.0007758173848433627,
        -0.007460447566068092,
        -62.61652596769818
      ],
      [
        0.007454378595011691,
        0.007551587419341961,
        0.9999437012988333,
        1.0592882722390868
      ],
      [
        0.0,
        0.0,
        0.0,
        1.0
      ]
    ],
    "location": [
      -2.194144706492807,
      -62.61652596769818,
      1.0592882722390868
    ],
    "rotation": [
      0.007551869021709825,
      -0.007454447633925138,
      1.569964191649285
    ]
  },
  {
    "label_id": "Eq0xyW-KU_tdvMCpEGSS_A",
    "size": [
      1.0562384114084757,
      0.13040600161147678,
      1.1399999999999864
    ],
    "obj_class": "sign",
    "point_num_in_lidar": 574,
    "speed": 0.043530959174658955,
    "if_vehicle": false,
    "motion_state": false,
    "pose": [
      [
        0.015434609112113806,
        -0.9998524075515608,
        0.0075455917530489885,
        5.686376120360364
      ],
      [
        0.9998539136650348,
        0.015378330560468756,
        -0.007460447566068092,
        -81.05085651300067
      ],
      [
        0.007343307856092631,
        0.007659638537188324,
        0.9999437012988333,
        3.150082422476089
      ],
      [
        0.0,
        0.0,
        0.0,
        1.0
      ]
    ],
    "location": [
      5.686376120360364,
      -81.05085651300067,
      3.150082422476089
    ],
    "rotation": [
      0.0076599199719824375,
      -0.007343373854658019,
      1.555360688577575
    ]
  },
  {
    "label_id": "GDHXeSLoBUu6sLhimIZVgA",
    "size": [
      0.9341903503814157,
      0.097319481024417,
      0.4399999999999977
    ],
    "obj_class": "sign",
    "point_num_in_lidar": 25,
    "speed": 0.015090878525184233,
    "if_vehicle": false,
    "motion_state": false,
    "pose": [
      [
        0.9999715316173238,
        -1.6096288681027767e-14,
        0.0075455917530489885,
        -7.011079369166509
      ],
      [
        5.629509427495677e-05,
        0.9999721688892028,
        -0.007460447566068092,
        -60.72857401420674
      ],
      [
        -0.007545381750848759,
        0.0074606599589909445,
        0.9999437012988333,
        2.1225574009820036
      ],
      [
        0.0,
        0.0,
        0.0,
        1.0
      ]
    ],
    "location": [
      -7.011079369166509,
      -60.72857401420674,
      2.1225574009820036
    ],
    "rotation": [
      0.00746094156563719,
      0.007545453349283566,
      5.6296696891394924e-05
    ]
  },
  {
    "label_id": "UfF69ZTUyM5RQ0IQUWgsrw",
    "size": [
      2.124691848383709,
      4.5846318344073325,
      1.6299999999999955
    ],
    "obj_class": "vehicle",
    "point_num_in_lidar": 35,
    "speed": 18.575002062663895,
    "if_vehicle": true,
    "motion_state": true,
    "pose": [
      [
        -0.009042697830517196,
        -0.9999306444254232,
        0.0075455917530489885,
        0.8693283338325273
      ],
      [
        0.9999307725972261,
        -0.009098996385783289,
        -0.007460447566068092,
        -17.375690543696237
      ],
      [
        0.007528587454530137,
        0.007477606818309162,
        0.9999437012988333,
        0.5291289124869536
      ],
      [
        0.0,
        0.0,
        0.0,
        1.0
      ]
    ],
    "location": [
      0.8693283338325273,
      -17.375690543696237,
      0.5291289124869536
    ],
    "rotation": [
      0.007477888433557345,
      -0.007528658575934875,
      1.5798394041571806
    ]
  },
  {
    "label_id": "ZBnCJBbrkJezmYJaaMOEYw",
    "size": [
      2.0467503034146075,
      4.843573173001877,
      1.6500000000000057
    ],
    "obj_class": "vehicle",
    "point_num_in_lidar": 61,
    "speed": 17.785376673422473,
    "if_vehicle": true,
    "motion_state": true,
    "pose": [
      [
        -0.004467919007797406,
        -0.9999615501332219,
        0.0075455917530489885,
        -2.266569394138969
      ],
      [
        0.9999619358696575,
        -0.004524216387491869,
        -0.007460447566068092,
        -39.97522901538184
      ],
      [
        0.007494298602715541,
        0.007511971861173879,
        0.9999437012988333,
        0.8900026471113449
      ],
      [
        0.0,
        0.0,
        0.0,
        1.0
      ]
    ],
    "location": [
      -2.266569394138969,
      -39.97522901538184,
      0.8900026471113449
    ],
    "rotation": [
      0.007512253480668652,
      -0.007494368756758698,
      1.5752643861436
    ]
  },
  {
    "label_id": "hmqmGz9lrmqJ-0dOshKlQA",
    "size": [
      1.0562384114084657,
      0.13040600161147678,
      1.0500000000000114
    ],
    "obj_class": "sign",
    "point_num_in_lidar": 285,
    "speed": 0.013344829736699515,
    "if_vehicle": false,
    "motion_state": false,
    "pose": [
      [
        0.04760899310316551,
        -0.9988375482633796,
        0.0075455917530489885,
        -5.035732827275751
      ],
      [
        0.9988408650416384,
        0.0475527921891601,
        -0.007460447566068092,
        -80.84114998826396
      ],
      [
        0.0070929611992619716,
        0.007892029790585968,
        0.9999437012988333,
        3.2974392520813467
      ],
      [
        0.0,
        0.0,
        0.0,
        1.0
      ]
    ],
    "location": [
      -5.035732827275751,
      -80.84114998826396,
      3.2974392520813467
    ],
    "rotation": [
      0.007892310255661991,
      -0.007093020675204676,
      1.5231681310916492
    ]
  }
]