[
  {
    "label_id": "4N8qsJUd8HNB_W0L9DnmSg",
    "size": [
      2.135725819220423,
      4.602977764405663,
      2.0
    ],
    "obj_class": "vehicle",
    "point_num_in_lidar": 608,
    "speed": 5.614001871114846,
    "if_vehicle": true,
    "motion_state": true,
    "pose": [
      [
        0.9972951447235169,
        0.06963414236563893,
        0.02352616687651081,
        18.833915264762254
      ],
      [
        -0.06954955936508898,
        0.9975688135451833,
        -0.004395569835340014,
        96.42922036292418
      ],
      [
        -0.023775052113959055,
        0.002747445915266866,
        0.9997135581945066,
        1.2793789687358128
      ],
      [
        0.0,
        0.0,
        0.0,
        1.0
      ]
    ],
    "location": [
      18.833915264762254,
      96.42922036292418,
      1.2793789687358128
    ],
    "rotation": [
      0.00274822620521796,
      0.023777292504210568,
      -0.06962546457658793
    ]
  },
  {
    "label_id": "7N4zonIXNeW1QID1IBGtrw",
    "size": [
      2.006303095289012,
      4.793038370717342,
      1.5800000000000125
    ],
    "obj_class": "vehicle",
    "point_num_in_lidar": 31,
    "speed": 21.061751912368205,
    "if_vehicle": true,
    "motion_state": true,
    "pose": [
      [
        -0.008992143813887136,
        -0.9996827800966309,
        0.02352616687651081,
        -3.887282123834666
      ],
      [
        0.9999489515439846,
        -0.009097981749184064,
        -0.004395569835340014,
        129.5442803286121
      ],
      [
        0.00460821610997235,
        0.023485440305912444,
        0.9997135581945066,
        0.8150138326850538
      ],
      [
        0.0,
        0.0,
        0.0,
        1.0
      ]
    ],
    "location": [
      -3.887282123834666,
      129.5442803286121,
      0.8150138326850538
    ],
    "rotation": [
      0.023487849240448853,
      -0.004608232419876671,
      1.5797886872777116
    ]
  },
  {
    "label_id": "Icrmm7euXpNegTcGodFntQ",
    "size": [
      0.6171044511853275,
      0.11753024749904416,
      0.8300000000000125
    ],
    "obj_class": "sign",
    "point_num_in_lidar": 52,
    "speed": 0.1309026495028469,
    "if_vehicle": false,
    "motion_state": false,
    "pose": [
      [
        -0.7008509911388837,
        0.712919636208558,
        0.02352616687651081,
        10.626985390371374
      ],
      [
        -0.7131826345602494,
        -0.7009644846406444,
        -0.004395569835340014,
        101.06169958798534
      ],
      [
        0.013357319392223286,
        -0.019859093149812285,
        0.9997135581945066,
        1.4894163009288661
      ],
      [
        0.0,
        0.0,
        0.0,
        1.0
      ]
    ],
    "location": [
      10.626985390371374,
      101.06169958798534,
      1.4894163009288661
    ],
    "rotation": [
      -0.019862170927859284,
      -0.013357716621777274,
      -2.3474738129837984
    ]
  },
  {
    "label_id": "UfF69ZTUyM5RQ0IQUWgsrw",
    "size": [
      2.1246918483831894,
      4.5846318344073325,
      1.6299999999999955
    ],
    "obj_class": "vehicle",
    "point_num_in_lidar": 60,
    "speed": 16.05207141979803,
    "if_vehicle": true,
    "motion_state": true,
    "pose": [
      [
        0.0002586033565373859,
        -0.9997231879857557,
        0.02352616687651081,
        -0.3241535761198975
      ],
      [
        0.9999903273875025,
        0.0001552329160399283,
        -0.004395569835340014,
        136.46492794746757
      ],
      [
        0.004390701053312659,
        0.023527076026128375,
        0.9997135581945066,
        0.9000066449875419
      ],
      [
        0.0,
        0.0,
        0.0,
        1.0
      ]
    ],
    "location": [
      -0.3241535761198975,
      136.46492794746757,
      0.9000066449875419
    ],
    "rotation": [
      0.023529473877654382,
      -0.004390715160944677,
      1.5705377209427298
    ]
  }
]