[
  {
    "label_id": "7N4zonIXNeW1QID1IBGtrw",
    "size": [
      2.006303095288681,
      4.793038370717342,
      1.5800000000000125
    ],
    "obj_class": "vehicle",
    "point_num_in_lidar": 36,
    "speed": 21.812819460311065,
    "if_vehicle": true,
    "motion_state": true,
    "pose": [
      [
        -0.005748351389941016,
        -0.9998336746750208,
        0.017308363358289315,
        -4.214111976860295
      ],
      [
        0.9999624850747898,
        -0.005859524147946589,
        -0.006379217805537857,
        196.43930102061404
      ],
      [
        0.006479575553122569,
        0.017271044050793216,
        0.999829848593273,
        0.8147176851938696
      ],
      [
        0.0,
        0.0,
        0.0,
        1.0
      ]
    ],
    "location": [
      -4.214111976860295,
      196.43930102061404,
      0.8147176851938696
    ],
    "rotation": [
      0.01727226542006507,
      -0.006479620894700458,
      1.5765448305207295
    ]
  },
  {
    "label_id": "IAPr-34YwGxI_VEfcJ2kqg",
    "size": [
      0.80795486245825,
      0.10360200043578949,
      0.8300000000000125
    ],
    "obj_class": "sign",
    "point_num_in_lidar": 32,
    "speed": 0.07145067453218786,
    "if_vehicle": false,
    "motion_state": false,
    "pose": [
      [
        -0.04161559175815034,
        -0.9989837651736271,
        0.017308363358289315,
        -8.718878957241031
      ],
      [
        0.9991085041125412,
        -0.04173131426386896,
        -0.006379217805537857,
        183.17556016136837
      ],
      [
        0.007095035772936857,
        0.017027458099605167,
        0.999829848593273,
        3.1125323248123493
      ],
      [
        0.0,
        0.0,
        0.0,
        1.0
      ]
    ],
    "location": [
      -8.718878957241031,
      183.17556016136837,
      3.1125323248123493
    ],
    "rotation": [
      0.017028709669886188,
      -0.007095095301082799,
      1.6124249883722792
    ]
  },
  {
    "label_id": "UfF69ZTUyM5RQ0IQUWgsrw",
    "size": [
      2.124691848384352,
      4.5846318344073325,
      1.6299999999999955
    ],
    "obj_class": "vehicle",
    "point_num_in_lidar": 79,
    "speed": 18.985536802827788,
    "if_vehicle": true,
    "motion_state": true,
    "pose": [
      [
        -0.00028286168007726547,
        -0.9998501590474083,
        0.017308363358289315,
        -0.4225693561256776
      ],
      [
        0.9999795752277921,
        -0.0003933286591527708,
        -0.006379217805537857,
        190.87463395913278
      ],
      [
        0.006385069812816931,
        0.017306205402644374,
        0.999829848593273,
        1.0075032299153008
      ],
      [
        0.0,
        0.0,
        0.0,
        1.0
      ]
    ],
    "location": [
      -0.4225693561256776,
      190.87463395913278,
      1.0075032299153008
    ],
    "rotation": [
      0.017307422243854176,
      -0.0063851131992220984,
      1.571079194244933
    ]
  },
  {
    "label_id": "u8g_C7Ae9BP7Mg8i0Unlmg",
    "size": [
      0.8311764043712427,
      0.0916099636217467,
      0.8300000000000125
    ],
    "obj_class": "sign",
    "point_num_in_lidar": 32,
    "speed": 0.09305950018714186,
    "if_vehicle": false,
    "motion_state": false,
    "pose": [
      [
        0.019686342823229817,
        -0.999656375193048,
        0.017308363358289315,
        5.347824648632923
      ],
      [
        0.9997879718217316,
        0.019578482596406925,
        -0.006379217805537857,
        183.55257012093205
      ],
      [
        0.006038154257268369,
        0.01743027696620152,
        0.999829848593273,
        3.072519923533747
      ],
      [
        0.0,
        0.0,
        0.0,
        1.0
      ]
    ],
    "location": [
      5.347824648632923,
      183.55257012093205,
      3.072519923533747
    ],
    "rotation": [
      0.01743147748707414,
      -0.006038190949023492,
      1.5511083532147056
    ]
  }
]