[
  {
    "label_id": "4N8qsJUd8HNB_W0L9DnmSg",
    "size": [
      2.135725819220326,
      4.602977764405663,
      2.0
    ],
    "obj_class": "vehicle",
    "point_num_in_lidar": 666,
    "speed": 5.836503775724093,
    "if_vehicle": true,
    "motion_state": true,
    "pose": [
      [
        0.9967564794874654,
        0.07762742526613244,
        0.021225066461735408,
        20.54880554355077
      ],
      [
        -0.07756138624055604,
        0.9969798784786007,
        -0.0039183253103647715,
        96.28571565262928
      ],
      [
        -0.021465133686919925,
        0.002259370564025687,
        0.9997670445060974,
        1.2643738820838735
      ],
      [
        0.0,
        0.0,
        0.0,
        1.0
      ]
    ],
    "location": [
      20.54880554355077,
      96.28571565262928,
      1.2643738820838735
    ],
    "rotation": [
      0.0022598931722644373,
      0.021466782379198,
      -0.0776572912193198
    ]
  },
  {
    "label_id": "7N4zonIXNeW1QID1IBGtrw",
    "size": [
      2.0063030952887724,
      4.793038370717342,
      1.5800000000000125
    ],
    "obj_class": "vehicle",
    "point_num_in_lidar": 41,
    "speed": 21.185535128438822,
    "if_vehicle": true,
    "motion_state": true,
    "pose": [
      [
        -0.007673007688411879,
        -0.999745278311785,
        0.021225066461735408,
        -3.945932842410002
      ],
      [
        0.9999622304488466,
        -0.007757860692859306,
        -0.0039183253103647715,
        135.86504018438075
      ],
      [
        0.004081988336733563,
        0.02119419946026982,
        0.9997670445060974,
        0.850309450417086
      ],
      [
        0.0,
        0.0,
        0.0,
        1.0
      ]
    ],
    "location": [
      -3.945932842410002,
      135.86504018438075,
      0.850309450417086
    ],
    "rotation": [
      0.02119596311670145,
      -0.004081999672927955,
      1.5784694737056715
    ]
  },
  {
    "label_id": "Icrmm7euXpNegTcGodFntQ",
    "size": [
      0.6171044511853266,
      0.11753024749904416,
      0.8300000000000125
    ],
    "obj_class": "sign",
    "point_num_in_lidar": 62,
    "speed": 0.13080990866525624,
    "if_vehicle": false,
    "motion_state": false,
    "pose": [
      [
        -0.7008870959876069,
        0.7129563627822911,
        0.021225066461735408,
        10.666191043676918
      ],
      [
        -0.7131698516340814,
        -0.7009803202993535,
        -0.0039183253103647715,
        101.05989537682194
      ],
      [
        0.012084758925246892,
        -0.01788338114735566,
        0.9997670445060974,
        1.478914763782683
      ],
      [
        0.0,
        0.0,
        0.0,
        1.0
      ]
    ],
    "location": [
      10.666191043676918,
      101.05989537682194,
      1.478914763782683
    ],
    "rotation": [
      -0.017885640723397263,
      -0.012085053090427992,
      -2.347508526893044
    ]
  },
  {
    "label_id": "UfF69ZTUyM5RQ0IQUWgsrw",
    "size": [
      2.1246918483844155,
      4.5846318344073325,
      1.6299999999999955
    ],
    "obj_class": "vehicle",
    "point_num_in_lidar": 66,
    "speed": 16.345319890982516,
    "if_vehicle": true,
    "motion_state": true,
    "pose": [
      [
        0.0005397283298836198,
        -0.9997745772157965,
        0.021225066461735408,
        -0.3133570712752771
      ],
      [
        0.9999922190637687,
        0.0004566603568097764,
        -0.0039183253103647715,
        141.29560502119955
      ],
      [
        0.003907749384140167,
        0.021227016142022468,
        0.9997670445060974,
        0.9200030511391049
      ],
      [
        0.0,
        0.0,
        0.0,
        1.0
      ]
    ],
    "location": [
      -0.3133570712752771,
      141.29560502119955,
      0.9200030511391049
    ],
    "rotation": [
      0.021228772677489738,
      -0.003907759329759758,
      1.5702565943177986
    ]
  },
  {
    "label_id": "aJoUViXV1xei6fUj6SYt6Q",
    "size": [
      1.1070363263925243,
      0.12783310290339434,
      1.0300000000000011
    ],
    "obj_class": "sign",
    "point_num_in_lidar": 71,
    "speed": 0.016489654502870325,
    "if_vehicle": false,
    "motion_state": false,
    "pose": [
      [
        -0.7656231980538463,
        0.6429390446655856,
        0.021225066461735408,
        33.82741734283536
      ],
      [
        -0.6431426808434826,
        -0.7657363376543002,
        -0.0039183253103647715,
        102.17140916711321
      ],
      [
        0.013733560327143476,
        -0.016650706900418408,
        0.9997670445060974,
        1.487430397276711
      ],
      [
        0.0,
        0.0,
        0.0,
        1.0
      ]
    ],
    "location": [
      33.82741734283536,
      102.17140916711321,
      1.487430397276711
    ],
    "rotation": [
      -0.016653047077348215,
      -0.013733992079813063,
      -2.4429181301767247
    ]
  }
]