[
  {
    "label_id": "7N4zonIXNeW1QID1IBGtrw",
    "size": [
      2.006303095287788,
      4.793038370717342,
      1.5800000000000125
    ],
    "obj_class": "vehicle",
    "point_num_in_lidar": 26,
    "speed": 21.976987527856508,
    "if_vehicle": true,
    "motion_state": true,
    "pose": [
      [
        -0.007539269738717424,
        -0.9998035077302133,
        0.018333175997850795,
        -4.428765049836329
      ],
      [
        0.9999674648869756,
        -0.007590564172541313,
        -0.002729927298990757,
        229.26478137765662
      ],
      [
        0.002868550038277606,
        0.018311997867623428,
        0.9998282063208529,
        0.9410591889532611
      ],
      [
        0.0,
        0.0,
        0.0,
        1.0
      ]
    ],
    "location": [
      -4.428765049836329,
      229.26478137765662,
      0.9410591889532611
    ],
    "rotation": [
      0.018313096800851324,
      -0.002868553972307428,
      1.578335698978008
    ]
  },
  {
    "label_id": "IAPr-34YwGxI_VEfcJ2kqg",
    "size": [
      0.8079548624582492,
      0.10360200043578949,
      0.8300000000000125
    ],
    "obj_class": "sign",
    "point_num_in_lidar": 171,
    "speed": 0.05931289038611459,
    "if_vehicle": false,
    "motion_state": false,
    "pose": [
      [
        -0.04161483149997572,
        -0.9989655151490769,
        0.018333175997850795,
        -8.615651288255322
      ],
      [
        0.9991276285723834,
        -0.04167168487435876,
        -0.002729927298990757,
        183.1804492289317
      ],
      [
        0.0034910775634844253,
        0.018203577194378116,
        0.9998282063208529,
        3.0535880396593313
      ],
      [
        0.0,
        0.0,
        0.0,
        1.0
      ]
    ],
    "location": [
      -8.615651288255322,
      183.1804492289317,
      3.0535880396593313
    ],
    "rotation": [
      0.018204693646789505,
      -0.003491084654845926,
      1.6124234328675273
    ]
  },
  {
    "label_id": "UfF69ZTUyM5RQ0IQUWgsrw",
    "size": [
      2.124691848382899,
      4.5846318344073325,
      1.6299999999999955
    ],
    "obj_class": "vehicle",
    "point_num_in_lidar": 79,
    "speed": 20.309203431671442,
    "if_vehicle": true,
    "motion_state": true,
    "pose": [
      [
        4.4692365263665036e-05,
        -0.9998319322068207,
        0.018333175997850795,
        -0.7055890057936267
      ],
      [
        0.9999962737271801,
        -5.356939234972289e-06,
        -0.002729927298990757,
        220.43858061429808
      ],
      [
        0.00272956669584388,
        0.018333229690343362,
        0.9998282063208529,
        1.0200030511390992
      ],
      [
        0.0,
        0.0,
        0.0,
        1.0
      ]
    ],
    "location": [
      -0.7055890057936267,
      220.43858061429808,
      1.0200030511390992
    ],
    "rotation": [
      0.018334325142500704,
      -0.002729570085310314,
      1.5707516342631263
    ]
  },
  {
    "label_id": "u8g_C7Ae9BP7Mg8i0Unlmg",
    "size": [
      0.8311764043712445,
      0.0916099636217467,
      0.8300000000000125
    ],
    "obj_class": "sign",
    "point_num_in_lidar": 122,
    "speed": 0.09162730712349404,
    "if_vehicle": false,
    "motion_state": false,
    "pose": [
      [
        0.01968598318152362,
        -0.9996381128808609,
        0.018333175997850795,
        5.486929680911999
      ],
      [
        0.9998034058862341,
        0.01963917195883516,
        -0.002729927298990757,
        183.55595284702997
      ],
      [
        0.0023688909774916846,
        0.018383313106257692,
        0.9998282063208529,
        2.9806765874980954
      ],
      [
        0.0,
        0.0,
        0.0,
        1.0
      ]
    ],
    "location": [
      5.486929680911999,
      183.55595284702997,
      2.9806765874980954
    ],
    "rotation": [
      0.018384400281466907,
      -0.0023688931930596025,
      1.551109016634398
    ]
  }
]