[
  {
    "label_id": "IbAN2gU_QzH1Z8mRiXmPng",
    "size": [
      2.2290707042906854,
      4.644253549172629,
      1.7899999999999636
    ],
    "obj_class": "vehicle",
    "point_num_in_lidar": 154,
    "speed": 0.02433506001796056,
    "if_vehicle": true,
    "motion_state": false,
    "pose": [
      [
        -0.9750793794831093,
        -0.2196306056024881,
        0.03134646374822162,
        8.261667699607642
      ],
      [
        0.21976087467652566,
        -0.9755534965521545,
        0.0007302919098421051,
        -40.41091449596934
      ],
      [
        0.030419757859697742,
        0.007600818873615562,
        0.9995083120635904,
        0.8124035169838635
      ],
      [
        0.0,
        0.0,
        0.0,
        1.0
      ]
    ],
    "location": [
      8.261667699607642,
      -40.41091449596934,
      0.8124035169838635
    ],
    "rotation": [
      0.007604411359345895,
      -0.030424451360707636,
      2.919919006664277
    ]
  },
  {
    "label_id": "MCdbGuXo5n0rGOqsmX4hKQ",
    "size": [
      2.0961285624128516,
      4.921915211129162,
      1.9500000000000455
    ],
    "obj_class": "vehicle",
    "point_num_in_lidar": 2929,
    "speed": 20.194107678868853,
    "if_vehicle": true,
    "motion_state": true,
    "pose": [
      [
        -0.03855408105210214,
        -0.998764728073989,
        0.03134646374822162,
        -0.9790225793731224
      ],
      [
        0.9992564002163468,
        -0.03855014008268329,
        0.0007302919098421051,
        -87.91391527302221
      ],
      [
        0.00047902076784261304,
        0.0313513102580439,
        0.9995083120635904,
        0.8657484997835354
      ],
      [
        0.0,
        0.0,
        0.0,
        1.0
      ]
    ],
    "location": [
      -0.9790225793731224,
      -87.91391527302221,
      0.8657484997835354
    ],
    "rotation": [
      0.031356452021199556,
      -0.0004790207861620374,
      1.6093599699092984
    ]
  },
  {
    "label_id": "PCmsugVM2OkmwRjK2POQ5A",
    "size": [
      0.6950195419825271,
      0.11864469747524709,
      0.7699999999999818
    ],
    "obj_class": "sign",
    "point_num_in_lidar": 26,
    "speed": 0.033000464073802194,
    "if_vehicle": false,
    "motion_state": false,
    "pose": [
      [
        0.07923325592709735,
        -0.9963631317776025,
        0.03134646374822162,
        -17.216289222089472
      ],
      [
        0.9968509247379522,
        0.07929502205571204,
        0.0007302919098421051,
        -78.41732524715735
      ],
      [
        -0.0032132544686859377,
        0.031189887968885412,
        0.9995083120635904,
        2.4956926615454904
      ],
      [
        0.0,
        0.0,
        0.0,
        1.0
      ]
    ],
    "location": [
      -17.216289222089472,
      -78.41732524715735,
      2.4956926615454904
    ],
    "rotation": [
      0.031195108249282642,
      0.0032132599981893203,
      1.4914795222543284
    ]
  }
]