[
  {
    "label_id": "8ja4019XF90v8YYF7yxeFQ",
    "size": [
      2.4091486864660188,
      5.722654001735344,
      2.0
    ],
    "obj_class": "vehicle",
    "point_num_in_lidar": 2927,
    "speed": 21.574788805253174,
    "if_vehicle": true,
    "motion_state": true,
    "pose": [
      [
        0.047920576366741616,
        0.9985012221204492,
        0.02643724237980331,
        -7.81373411732784
      ],
      [
        -0.9988511254017017,
        0.04790957112506979,
        0.001049894454592613,
        -164.3106161173455
      ],
      [
        -0.00021827604813768968,
        -0.026457180850972425,
        0.9996499236917821,
        0.8524667004890034
      ],
      [
        0.0,
        0.0,
        0.0,
        1.0
      ]
    ],
    "location": [
      -7.81373411732784,
      -164.3106161173455,
      0.8524667004890034
    ],
    "rotation": [
      -0.02646026904769317,
      0.00021827604987096285,
      -1.5228573896513202
    ]
  },
  {
    "label_id": "AwFjThWpZm7ESQOKxhID9A",
    "size": [
      0.4983770839816065,
      0.09361198316037189,
      0.6699999999999591
    ],
    "obj_class": "sign",
    "point_num_in_lidar": 27,
    "speed": 0.023345915957287237,
    "if_vehicle": false,
    "motion_state": false,
    "pose": [
      [
        0.1346741646340967,
        -0.9905371984915355,
        0.02643724237980331,
        -14.40342638812217
      ],
      [
        0.9908792498664744,
        0.13474869166595735,
        0.001049894454592613,
        -139.79535439501706
      ],
      [
        -0.004602343333698263,
        0.026054721239211442,
        0.9996499236917821,
        2.5805148731690224
      ],
      [
        0.0,
        0.0,
        0.0,
        1.0
      ]
    ],
    "location": [
      -14.40342638812217,
      -139.79535439501706,
      2.5805148731690224
    ],
    "rotation": [
      0.026057946046131885,
      0.0046023595813249,
      1.4357102632787755
    ]
  },
  {
    "label_id": "MCdbGuXo5n0rGOqsmX4hKQ",
    "size": [
      2.096128562412852,
      4.921915211129162,
      1.9500000000000455
    ],
    "obj_class": "vehicle",
    "point_num_in_lidar": 3570,
    "speed": 20.413684956302596,
    "if_vehicle": true,
    "motion_state": true,
    "pose": [
      [
        -0.03855955441811301,
        -0.9989065186384699,
        0.02643724237980331,
        2.123843582039626
      ],
      [
        0.9992563033977067,
        -0.03854527002868855,
        0.001049894454592613,
        -155.2658586332036
      ],
      [
        -2.9715768231534833e-05,
        0.026458064554826587,
        0.9996499236917821,
        0.805248340344292
      ],
      [
        0.0,
        0.0,
        0.0,
        1.0
      ]
    ],
    "location": [
      2.123843582039626,
      -155.2658586332036,
      0.805248340344292
    ],
    "rotation": [
      0.026461152442204986,
      2.971576823590814e-05,
      1.6093654429386997
    ]
  }
]