[
  {
    "label_id": "5Nt_oX0uCR8c1odyRSdg5g",
    "size": [
      0.8397650801003789,
      1.2616943806650374,
      1.6200000000000045
    ],
    "obj_class": "pedestrian",
    "point_num_in_lidar": 1067,
    "speed": 2.3056784581325083,
    "if_vehicle": false,
    "motion_state": true,
    "pose": [
      [
        0.0769540213000137,
        0.996552478976288,
        0.03100379415446294,
        4.111961291704574
      ],
      [
        -0.9970310608377451,
        0.07699988186599678,
        -0.00028621212981519797,
        -15.439105740335435
      ],
      [
        -0.0026725138947717468,
        -0.030889720601485145,
        0.9995192258434273,
        0.8009253051968699
      ],
      [
        0.0,
        0.0,
        0.0,
        1.0
      ]
    ],
    "location": [
      4.111961291704574,
      -15.439105740335435,
      0.8009253051968699
    ],
    "rotation": [
      -0.030894745443199863,
      0.0026725170761115634,
      -1.4937658741298978
    ]
  },
  {
    "label_id": "MCdbGuXo5n0rGOqsmX4hKQ",
    "size": [
      2.09612856241198,
      4.921915211129162,
      1.9500000000000455
    ],
    "obj_class": "vehicle",
    "point_num_in_lidar": 3269,
    "speed": 19.400326016744255,
    "if_vehicle": true,
    "motion_state": true,
    "pose": [
      [
        -0.03318226573158292,
        -0.9989683188114357,
        0.03100379415446294,
        -4.301756575490799
      ],
      [
        0.9994484512962223,
        -0.03320709689508106,
        -0.00028621212981519797,
        -7.275247299763578
      ],
      [
        0.0013154628467473273,
        0.03097719688503773,
        0.9995192258434273,
        0.9877478903410974
      ],
      [
        0.0,
        0.0,
        0.0,
        1.0
      ]
    ],
    "location": [
      -4.301756575490799,
      -7.275247299763578,
      0.9877478903410974
    ],
    "rotation": [
      0.03098218005842147,
      -0.0013154632261364258,
      1.6039847135642713
    ]
  },
  {
    "label_id": "RNyOez5SZZDnCnpEBpEOBg",
    "size": [
      0.7756419764587392,
      0.08890335363381785,
      0.6399999999999864
    ],
    "obj_class": "sign",
    "point_num_in_lidar": 22,
    "speed": 0.023416677087251564,
    "if_vehicle": false,
    "motion_state": false,
    "pose": [
      [
        0.037835109984783594,
        0.9988029180976931,
        0.03100379415446294,
        3.377394942101091
      ],
      [
        -0.9992829297099176,
        0.037862177340725334,
        -0.00028621212981519797,
        36.86192115437552
      ],
      [
        -0.0014597406629659948,
        -0.03097073338738441,
        0.9995192258434273,
        3.0537576547350227
      ],
      [
        0.0,
        0.0,
        0.0,
        1.0
      ]
    ],
    "location": [
      3.377394942101091,
      36.86192115437552,
      3.0537576547350227
    ],
    "rotation": [
      -0.03097571965577801,
      0.001459741181379473,
      -1.5329521438524694
    ]
  },
  {
    "label_id": "r5PXLCJLHTT-7RDGY1LT9w",
    "size": [
      0.574269373027848,
      0.0913581746390264,
      0.6599999999999682
    ],
    "obj_class": "sign",
    "point_num_in_lidar": 23,
    "speed": 0.051925476964895086,
    "if_vehicle": false,
    "motion_state": false,
    "pose": [
      [
        0.07292469523223558,
        0.9968554326346991,
        0.03100379415446294,
        4.8846639674102335
      ],
      [
        -0.9973341959829317,
        0.07296862069201845,
        -0.00028621212981519797,
        -9.824559982367646
      ],
      [
        -0.0025476162121626533,
        -0.030900272183123075,
        0.9995192258434273,
        2.685103545436391
      ],
      [
        0.0,
        0.0,
        0.0,
        1.0
      ]
    ],
    "location": [
      4.8846639674102335,
      -9.824559982367646,
      2.685103545436391
    ],
    "rotation": [
      -0.0309052920237993,
      0.002547618967990155,
      -1.4978066033808635
    ]
  },
  {
    "label_id": "tnqwtIXaxTMEFg07-jfMag",
    "size": [
      0.4165494232384888,
      0.07309289995100698,
      0.22000000000002728
    ],
    "obj_class": "sign",
    "point_num_in_lidar": 63,
    "speed": 0.05007905923881107,
    "if_vehicle": false,
    "motion_state": false,
    "pose": [
      [
        0.0729246952391832,
        0.996855432634191,
        0.03100379415446294,
        4.960290696097218
      ],
      [
        -0.9973341959824232,
        0.07296862069896941,
        -0.00028621212981519797,
        -9.818699866158568
      ],
      [
        -0.002547616212378014,
        -0.030900272183105322,
        0.9995192258434273,
        2.228891776446744
      ],
      [
        0.0,
        0.0,
        0.0,
        1.0
      ]
    ],
    "location": [
      4.960290696097218,
      -9.818699866158568,
      2.228891776446744
    ],
    "rotation": [
      -0.030905292023781554,
      0.0025476189682055164,
      -1.4978066033738973
    ]
  }
]