[
  {
    "label_id": "8ja4019XF90v8YYF7yxeFQ",
    "size": [
      2.409148686464165,
      5.722654001735344,
      2.0
    ],
    "obj_class": "vehicle",
    "point_num_in_lidar": 830,
    "speed": 21.8042311055023,
    "if_vehicle": true,
    "motion_state": true,
    "pose": [
      [
        0.04716900070990586,
        0.9986364516008834,
        0.02236789900784597,
        -8.313970781342505
      ],
      [
        -0.9988858643239815,
        0.047189728601653075,
        -0.00039945992905352835,
        -153.54426804393552
      ],
      [
        -0.0014544503296761927,
        -0.022324136007886644,
        0.9997497274446939,
        0.8524667004892308
      ],
      [
        0.0,
        0.0,
        0.0,
        1.0
      ]
    ],
    "location": [
      -8.313970781342505,
      -153.54426804393552,
      0.8524667004892308
    ],
    "rotation": [
      -0.02232601431126982,
      0.0014544508424736303,
      -1.5236097674358597
    ]
  },
  {
    "label_id": "MCdbGuXo5n0rGOqsmX4hKQ",
    "size": [
      2.0961285624128525,
      4.921915211129162,
      1.9500000000000455
    ],
    "obj_class": "vehicle",
    "point_num_in_lidar": 3510,
    "speed": 20.340845359054157,
    "if_vehicle": true,
    "motion_state": true,
    "pose": [
      [
        -0.03856338596366721,
        -0.9990057769387483,
        0.02236789900784597,
        2.510591827955068
      ],
      [
        0.9992553589883452,
        -0.03858196424287979,
        -0.00039945992905352835,
        -165.46130699926653
      ],
      [
        0.0012620602564890771,
        0.022335838425479062,
        0.9997497274446939,
        0.7957483173910305
      ],
      [
        0.0,
        0.0,
        0.0,
        1.0
      ]
    ],
    "location": [
      2.510591827955068,
      -165.46130699926653,
      0.7957483173910305
    ],
    "rotation": [
      0.02233771382176074,
      -0.0012620605915234244,
      1.6093693080538303
    ]
  },
  {
    "label_id": "cZwePjnrmB57anuFGkP-eg",
    "size": [
      0.4569510706807394,
      0.06757930999447126,
      0.4500000000000455
    ],
    "obj_class": "sign",
    "point_num_in_lidar": 30,
    "speed": 0.07802266643238885,
    "if_vehicle": false,
    "motion_state": false,
    "pose": [
      [
        0.028167491507009413,
        0.9993529254053232,
        0.02236789900784597,
        12.041401761602174
      ],
      [
        -0.999602687237607,
        0.028183472091279877,
        -0.00039945992905352835,
        -176.06282519743945
      ],
      [
        -0.0010296065061100403,
        -0.02234776017194323,
        0.9997497274446939,
        2.2815902024213983
      ],
      [
        0.0,
        0.0,
        0.0,
        1.0
      ]
    ],
    "location": [
      12.041401761602174,
      -176.06282519743945,
      2.2815902024213983
    ],
    "rotation": [
      -0.02234963260034882,
      0.0010296066880226447,
      -1.5426250943045723
    ]
  }
]