[
  {
    "label_id": "5Nt_oX0uCR8c1odyRSdg5g",
    "size": [
      0.8397650801003785,
      1.2616943806650374,
      1.6200000000000045
    ],
    "obj_class": "pedestrian",
    "point_num_in_lidar": 491,
    "speed": 2.180383423497084,
    "if_vehicle": false,
    "motion_state": true,
    "pose": [
      [
        0.07695479947387981,
        0.9965625563066569,
        0.03067621563159753,
        4.100663200950294
      ],
      [
        -0.997033028324919,
        0.07697257323367812,
        0.0006028258682793841,
        -14.775074900673644
      ],
      [
        -0.0017604735659349593,
        -0.03063159051253101,
        0.9995291923678349,
        0.7934242141865298
      ],
      [
        0.0,
        0.0,
        0.0,
        1.0
      ]
    ],
    "location": [
      4.100663200950294,
      -14.775074900673644,
      0.7934242141865298
    ],
    "rotation": [
      -0.030636430267713895,
      0.001760474475299217,
      -1.4937652496692349
    ]
  },
  {
    "label_id": "MCdbGuXo5n0rGOqsmX4hKQ",
    "size": [
      2.0961285624140036,
      4.921915211129162,
      1.9500000000000455
    ],
    "obj_class": "vehicle",
    "point_num_in_lidar": 3272,
    "speed": 19.394927717067358,
    "if_vehicle": true,
    "motion_state": true,
    "pose": [
      [
        -0.03548496892530092,
        -0.9988992876035572,
        0.03067621563159753,
        -4.095479662686557
      ],
      [
        0.9993700918408797,
        -0.03548318101473322,
        0.0006028258682793841,
        -13.082810697798777
      ],
      [
        0.00048632738172969136,
        0.03067828369028351,
        0.9995291923678349,
        0.9791770778026603
      ],
      [
        0.0,
        0.0,
        0.0,
        1.0
      ]
    ],
    "location": [
      -4.095479662686557,
      -13.082810697798777,
      0.9791770778026603
    ],
    "rotation": [
      0.03068310153982151,
      -0.00048632740090025857,
      1.6062887511537982
    ]
  },
  {
    "label_id": "hWSNGdWD-tx06u1xFYG4pg",
    "size": [
      2.7643685931106363,
      6.403075976544529,
      2.2799999999999727
    ],
    "obj_class": "vehicle",
    "point_num_in_lidar": 4140,
    "speed": 20.15169049074115,
    "if_vehicle": true,
    "motion_state": true,
    "pose": [
      [
        0.05353384737901641,
        0.9980947334693855,
        0.03067621563159753,
        -10.245413221229683
      ],
      [
        -0.9985654931126028,
        0.05354056934472123,
        0.0006028258682793841,
        -31.842589915575445
      ],
      [
        -0.001040744725928406,
        -0.030664481977023313,
        0.9995291923678349,
        1.1590200404978077
      ],
      [
        0.0,
        0.0,
        0.0,
        1.0
      ]
    ],
    "location": [
      -10.245413221229683,
      -31.842589915575445,
      1.1590200404978077
    ],
    "rotation": [
      -0.030669306315410285,
      0.0010407449138088672,
      -1.5172368471492041
    ]
  },
  {
    "label_id": "r5PXLCJLHTT-7RDGY1LT9w",
    "size": [
      0.5742693730278493,
      0.0913581746390264,
      0.6599999999999682
    ],
    "obj_class": "sign",
    "point_num_in_lidar": 60,
    "speed": 0.0378542265079373,
    "if_vehicle": false,
    "motion_state": false,
    "pose": [
      [
        0.07292543266078048,
        0.9968655130285938,
        0.03067621563159753,
        4.886341858902597
      ],
      [
        -0.9973360530552147,
        0.07294130432901968,
        0.0006028258682793841,
        -9.8061267085086
      ],
      [
        -0.0016366268615977504,
        -0.03063845715795154,
        0.9995291923678349,
        2.668820570843195
      ],
      [
        0.0,
        0.0,
        0.0,
        1.0
      ]
    ],
    "location": [
      4.886341858902597,
      -9.8061267085086,
      2.668820570843195
    ],
    "rotation": [
      -0.03064329370009323,
      0.0016366275922290914,
      -1.4978060033418379
    ]
  },
  {
    "label_id": "tnqwtIXaxTMEFg07-jfMag",
    "size": [
      0.416549423238489,
      0.07309289995100698,
      0.22000000000002728
    ],
    "obj_class": "sign",
    "point_num_in_lidar": 29,
    "speed": 0.03671273958537083,
    "if_vehicle": false,
    "motion_state": false,
    "pose": [
      [
        0.07292543266772995,
        0.9968655130280855,
        0.03067621563159753,
        4.96315478384895
      ],
      [
        -0.9973360530547061,
        0.07294130433597243,
        0.0006028258682793841,
        -9.800950191447555
      ],
      [
        -0.0016366268618113406,
        -0.030638457157940134,
        0.9995291923678349,
        2.2132401536994166
      ],
      [
        0.0,
        0.0,
        0.0,
        1.0
      ]
    ],
    "location": [
      4.96315478384895,
      -9.800950191447555,
      2.2132401536994166
    ],
    "rotation": [
      -0.030643293700081824,
      0.0016366275924426818,
      -1.49780600333487
    ]
  }
]