[
  {
    "label_id": "MCdbGuXo5n0rGOqsmX4hKQ",
    "size": [
      2.0961285624115615,
      4.921915211129162,
      1.9500000000000455
    ],
    "obj_class": "vehicle",
    "point_num_in_lidar": 3557,
    "speed": 19.42928371144954,
    "if_vehicle": true,
    "motion_state": true,
    "pose": [
      [
        -0.03475284348493413,
        -0.9990463355469453,
        0.02643216411745314,
        -4.8227345775721915
      ],
      [
        0.9993732367796213,
        -0.03491815929294352,
        -0.005818570289671867,
        8.250489945441586
      ],
      [
        0.00673598384312946,
        0.02621338554656625,
        0.99963367537306,
        1.047744807060667
      ],
      [
        0.0,
        0.0,
        0.0,
        1.0
      ]
    ],
    "location": [
      -4.8227345775721915,
      8.250489945441586,
      1.047744807060667
    ],
    "rotation": [
      0.026216983447339165,
      -0.006736034783339062,
      1.6055569585331384
    ]
  },
  {
    "label_id": "RNyOez5SZZDnCnpEBpEOBg",
    "size": [
      0.7756419764587398,
      0.08890335363381785,
      0.6399999999999864
    ],
    "obj_class": "sign",
    "point_num_in_lidar": 43,
    "speed": 0.023416676890883944,
    "if_vehicle": false,
    "motion_state": false,
    "pose": [
      [
        0.03784008173247681,
        0.9989341664567027,
        0.02643216411745314,
        3.395750584104462
      ],
      [
        -0.9992605552444457,
        0.03800640699074648,
        -0.005818570289671867,
        36.86564643723432
      ],
      [
        -0.00681696024937723,
        -0.026192443816991193,
        0.99963367537306,
        3.082025476372337
      ],
      [
        0.0,
        0.0,
        0.0,
        1.0
      ]
    ],
    "location": [
      3.395750584104462,
      36.86564643723432,
      3.082025476372337
    ],
    "rotation": [
      -0.026196048427851434,
      0.0068170130489144986,
      -1.5329463289881988
    ]
  },
  {
    "label_id": "wEgylpo1adoMI-o9pnc0uA",
    "size": [
      0.7756419764587398,
      0.08890335363381785,
      0.36000000000001364
    ],
    "obj_class": "sign",
    "point_num_in_lidar": 28,
    "speed": 0.026205045423643686,
    "if_vehicle": false,
    "motion_state": false,
    "pose": [
      [
        0.03784008173247681,
        0.9989341664567027,
        0.02643216411745314,
        3.38816669928201
      ],
      [
        -0.9992605552444457,
        0.03800640699074648,
        -0.005818570289671867,
        36.863297076297386
      ],
      [
        -0.00681696024937723,
        -0.026192443816991193,
        0.99963367537306,
        2.5582827893969124
      ],
      [
        0.0,
        0.0,
        0.0,
        1.0
      ]
    ],
    "location": [
      3.38816669928201,
      36.863297076297386,
      2.5582827893969124
    ],
    "rotation": [
      -0.026196048427851434,
      0.0068170130489144986,
      -1.5329463289881988
    ]
  }
]