[
  {
    "label_id": "MCdbGuXo5n0rGOqsmX4hKQ",
    "size": [
      2.0961285624123813,
      4.921915211129162,
      1.9500000000000455
    ],
    "obj_class": "vehicle",
    "point_num_in_lidar": 3536,
    "speed": 19.418858401374052,
    "if_vehicle": true,
    "motion_state": true,
    "pose": [
      [
        -0.034981751970208065,
        -0.9990517652357163,
        0.02592001945397158,
        -4.6932514042509865
      ],
      [
        0.9993713858404117,
        -0.03511873505473373,
        -0.004848464867394869,
        4.371021399032543
      ],
      [
        0.005754145680271768,
        0.025734117967298534,
        0.9996522620291195,
        1.0210783099213359
      ],
      [
        0.0,
        0.0,
        0.0,
        1.0
      ]
    ],
    "location": [
      -4.6932514042509865,
      4.371021399032543,
      1.0210783099213359
    ],
    "rotation": [
      0.025737385377704775,
      -0.005754177434223425,
      1.605785796854431
    ]
  },
  {
    "label_id": "RNyOez5SZZDnCnpEBpEOBg",
    "size": [
      0.7756419764587397,
      0.08890335363381785,
      0.6399999999999864
    ],
    "obj_class": "sign",
    "point_num_in_lidar": 35,
    "speed": 0.02341667748172689,
    "if_vehicle": false,
    "motion_state": false,
    "pose": [
      [
        0.03784058936581072,
        0.9989475673867744,
        0.02592001945397158,
        3.391160450742973
      ],
      [
        -0.9992667946790362,
        0.03797848654586591,
        -0.004848464867394869,
        36.86471486833943
      ],
      [
        -0.005827765294945586,
        -0.025717545989686796,
        0.9996522620291195,
        3.0749566377436395
      ],
      [
        0.0,
        0.0,
        0.0,
        1.0
      ]
    ],
    "location": [
      3.391160450742973,
      36.86471486833943,
      3.0749566377436395
    ],
    "rotation": [
      -0.02572081860720631,
      0.005827798283367898,
      -1.5329460578200411
    ]
  },
  {
    "label_id": "wEgylpo1adoMI-o9pnc0uA",
    "size": [
      0.7756419764587397,
      0.08890335363381785,
      0.36000000000001364
    ],
    "obj_class": "sign",
    "point_num_in_lidar": 23,
    "speed": 0.026205045201225425,
    "if_vehicle": false,
    "motion_state": false,
    "pose": [
      [
        0.03784058936581072,
        0.9989475673867744,
        0.02592001945397158,
        3.3829918314804672
      ],
      [
        -0.9992667946790362,
        0.03797848654586591,
        -0.004848464867394869,
        36.86246441759067
      ],
      [
        -0.005827765294945586,
        -0.025717545989686796,
        0.9996522620291195,
        2.550302488570537
      ],
      [
        0.0,
        0.0,
        0.0,
        1.0
      ]
    ],
    "location": [
      3.3829918314804672,
      36.86246441759067,
      2.550302488570537
    ],
    "rotation": [
      -0.02572081860720631,
      0.005827798283367898,
      -1.5329460578200411
    ]
  }
]