[
  {
    "label_id": "5Nt_oX0uCR8c1odyRSdg5g",
    "size": [
      0.8397650801003786,
      1.2616943806650374,
      1.6200000000000045
    ],
    "obj_class": "pedestrian",
    "point_num_in_lidar": 101,
    "speed": 1.722881113693232,
    "if_vehicle": false,
    "motion_state": true,
    "pose": [
      [
        0.07697320968851991,
        0.9968009680845915,
        0.021516389471013912,
        4.093376691675076
      ],
      [
        -0.9970232636443943,
        0.07685836133100757,
        0.006115884677865258,
        -13.288709237451258
      ],
      [
        0.004442605331087935,
        -0.021923100125974305,
        0.9997497891666388,
        0.7934242141865298
      ],
      [
        0.0,
        0.0,
        0.0,
        1.0
      ]
    ],
    "location": [
      4.093376691675076,
      -13.288709237451258,
      0.7934242141865298
    ],
    "rotation": [
      -0.02192507302826762,
      -0.004442619944977028,
      -1.4937461424199798
    ]
  },
  {
    "label_id": "62WpD2aDFRwE04PML34b4w",
    "size": [
      0.8268236294279634,
      0.09348940787117185,
      0.75
    ],
    "obj_class": "sign",
    "point_num_in_lidar": 39,
    "speed": 0.03589909976988765,
    "if_vehicle": false,
    "motion_state": false,
    "pose": [
      [
        0.9997684956949442,
        -5.644822195999941e-15,
        0.021516389471013912,
        9.85313106054673
      ],
      [
        -0.00013162222779548806,
        0.9999812891400499,
        0.006115884677865258,
        -36.14986782221604
      ],
      [
        -0.021515986880863924,
        -0.006117300859349398,
        0.9997497891666388,
        2.599501454592769
      ],
      [
        0.0,
        0.0,
        0.0,
        1.0
      ]
    ],
    "location": [
      9.85313106054673,
      -36.14986782221604,
      2.599501454592769
    ],
    "rotation": [
      -0.006118755495850741,
      0.021517647320342538,
      -0.00013165270520307026
    ]
  },
  {
    "label_id": "IbAN2gU_QzH1Z8mRiXmPng",
    "size": [
      2.2290707042906868,
      4.644253549172629,
      1.7899999999999636
    ],
    "obj_class": "vehicle",
    "point_num_in_lidar": 4063,
    "speed": 0.029708398979343433,
    "if_vehicle": true,
    "motion_state": false,
    "pose": [
      [
        -0.9753329436381061,
        -0.21968771936173062,
        0.021516389471013912,
        8.188926686620107
      ],
      [
        0.21986288351452596,
        -0.9755116136711469,
        0.006115884677865258,
        -40.390913551940685
      ],
      [
        0.019645903056486086,
        0.010695679237732217,
        0.9997497891666388,
        0.8650298172680095
      ],
      [
        0.0,
        0.0,
        0.0,
        1.0
      ]
    ],
    "location": [
      8.188926686620107,
      -40.390913551940685,
      0.8650298172680095
    ],
    "rotation": [
      0.010697947950866924,
      -0.01964716703642118,
      2.919875234729123
    ]
  },
  {
    "label_id": "MCdbGuXo5n0rGOqsmX4hKQ",
    "size": [
      2.0961285624128525,
      4.921915211129162,
      1.9500000000000455
    ],
    "obj_class": "vehicle",
    "point_num_in_lidar": 3430,
    "speed": 19.40564765813711,
    "if_vehicle": true,
    "motion_state": true,
    "pose": [
      [
        -0.03856410683378727,
        -0.9990244514766612,
        0.021516389471013912,
        -3.5998178059508064
      ],
      [
        0.9992421636263904,
        -0.03844079065077944,
        0.006115884677865258,
        -26.645566775818224
      ],
      [
        -0.0052828113123829755,
        0.021735937198544348,
        0.9997497891666388,
        0.9647477699816136
      ],
      [
        0.0,
        0.0,
        0.0,
        1.0
      ]
    ],
    "location": [
      -3.5998178059508064,
      -26.645566775818224,
      0.9647477699816136
    ],
    "rotation": [
      0.021737952472271956,
      0.0052828358848918885,
      1.6093705372631284
    ]
  },
  {
    "label_id": "hWSNGdWD-tx06u1xFYG4pg",
    "size": [
      2.7643685931106363,
      6.403075976544529,
      2.2799999999999727
    ],
    "obj_class": "vehicle",
    "point_num_in_lidar": 1114,
    "speed": 20.22089904966801,
    "if_vehicle": true,
    "motion_state": true,
    "pose": [
      [
        0.0535466545025159,
        0.9983335117963935,
        0.021516389471013912,
        -10.808983190623621
      ],
      [
        -0.9985530493775854,
        0.053426618209771674,
        0.006115884677865258,
        -18.03003302567231
      ],
      [
        0.0049561447026743675,
        -0.021812741481699593,
        0.9997497891666388,
        1.1340200404978305
      ],
      [
        0.0,
        0.0,
        0.0,
        1.0
      ]
    ],
    "location": [
      -10.808983190623621,
      -18.03003302567231,
      1.1340200404978305
    ],
    "rotation": [
      -0.021814739552804403,
      -0.004956164992834923,
      -1.517223392064061
    ]
  },
  {
    "label_id": "r5PXLCJLHTT-7RDGY1LT9w",
    "size": [
      0.5742693730278484,
      0.0913581746390264,
      0.6599999999999682
    ],
    "obj_class": "sign",
    "point_num_in_lidar": 65,
    "speed": 0.008280819491065012,
    "if_vehicle": false,
    "motion_state": false,
    "pose": [
      [
        0.07294287891333653,
        0.9971039972841178,
        0.021516389471013912,
        4.882393977835818
      ],
      [
        -0.9973258267375269,
        0.07282713283464898,
        0.006115884677865258,
        -9.797405654468093
      ],
      [
        0.004531196105100566,
        -0.021904961153091027,
        0.9997497891666388,
        2.63081572525914
      ],
      [
        0.0,
        0.0,
        0.0,
        1.0
      ]
    ],
    "location": [
      4.882393977835818,
      -9.797405654468093,
      2.63081572525914
    ],
    "rotation": [
      -0.02190693822882046,
      -0.004531211610799145,
      -1.4977878575959456
    ]
  }
]