[
  {
    "label_id": "5Nt_oX0uCR8c1odyRSdg5g",
    "size": [
      0.8397650801003789,
      1.2616943806650374,
      1.6200000000000045
    ],
    "obj_class": "pedestrian",
    "point_num_in_lidar": 376,
    "speed": 2.126542710999819,
    "if_vehicle": false,
    "motion_state": true,
    "pose": [
      [
        0.07695523427525397,
        0.9965681869725932,
        0.030491648558243895,
        4.099622627662029
      ],
      [
        -0.9970254779959813,
        0.0770489927512048,
        -0.0019102206443043434,
        -14.56280969274485
      ],
      [
        -0.004253015932948416,
        -0.030253949001468723,
        0.9995331962597794,
        0.7934242141865298
      ],
      [
        0.0,
        0.0,
        0.0,
        1.0
      ]
    ],
    "location": [
      4.099622627662029,
      -14.56280969274485,
      0.7934242141865298
    ],
    "rotation": [
      -0.030258839898514463,
      0.0042530287545805906,
      -1.4937642351131066
    ]
  },
  {
    "label_id": "MCdbGuXo5n0rGOqsmX4hKQ",
    "size": [
      2.0961285624136052,
      4.921915211129162,
      1.9500000000000455
    ],
    "obj_class": "vehicle",
    "point_num_in_lidar": 3375,
    "speed": 19.393430135199537,
    "if_vehicle": true,
    "motion_state": true,
    "pose": [
      [
        -0.03625255175582752,
        -0.9988773757871343,
        0.030491648558243895,
        -4.026723970864623
      ],
      [
        0.9993381097796338,
        -0.0363275845489214,
        -0.0019102206443043434,
        -15.01857284288235
      ],
      [
        0.0030157641253927333,
        0.030402216061487655,
        0.9995331962597794,
        0.9763202765371943
      ],
      [
        0.0,
        0.0,
        0.0,
        1.0
      ]
    ],
    "location": [
      -4.026723970864623,
      -15.01857284288235,
      0.9763202765371943
    ],
    "rotation": [
      0.030407039761716003,
      -0.0030157686967234205,
      1.6070569890200086
    ]
  },
  {
    "label_id": "hWSNGdWD-tx06u1xFYG4pg",
    "size": [
      2.764368593110638,
      6.403075976544529,
      2.2799999999999727
    ],
    "obj_class": "vehicle",
    "point_num_in_lidar": 5642,
    "speed": 20.12993856824436,
    "if_vehicle": true,
    "motion_state": true,
    "pose": [
      [
        0.05353414984995454,
        0.9981003727922574,
        0.030491648558243895,
        -10.351807959266807
      ],
      [
        -0.9985597392298332,
        0.0536171450782083,
        -0.0019102206443043434,
        -29.934472686456502
      ],
      [
        -0.003541467081616735,
        -0.03034547059478908,
        0.9995331962597794,
        1.1515213413773608
      ],
      [
        0.0,
        0.0,
        0.0,
        1.0
      ]
    ],
    "location": [
      -10.351807959266807,
      -29.934472686456502,
      1.1515213413773608
    ],
    "rotation": [
      -0.030350320170367165,
      0.003541474484498766,
      -1.5172362370805246
    ]
  },
  {
    "label_id": "r5PXLCJLHTT-7RDGY1LT9w",
    "size": [
      0.5742693730278491,
      0.0913581746390264,
      0.6599999999999682
    ],
    "obj_class": "sign",
    "point_num_in_lidar": 91,
    "speed": 0.03257515951625593,
    "if_vehicle": false,
    "motion_state": false,
    "pose": [
      [
        0.07292584469587707,
        0.9968711454062624,
        0.030491648558243895,
        4.886901129837497
      ],
      [
        -0.9973288117241377,
        0.07301775374530331,
        -0.0019102206443043434,
        -9.799982572034423
      ],
      [
        -0.004130675527380545,
        -0.030270895170062005,
        0.9995331962597794,
        2.663393167176878
      ],
      [
        0.0,
        0.0,
        0.0,
        1.0
      ]
    ],
    "location": [
      4.886901129837497,
      -9.799982572034423,
      2.663393167176878
    ],
    "rotation": [
      -0.030275778454274087,
      0.004130687274065715,
      -1.4978050643179106
    ]
  },
  {
    "label_id": "tnqwtIXaxTMEFg07-jfMag",
    "size": [
      0.41654942323848776,
      0.07309289995100698,
      0.22000000000002728
    ],
    "obj_class": "sign",
    "point_num_in_lidar": 26,
    "speed": 0.03217919696245882,
    "if_vehicle": false,
    "motion_state": false,
    "pose": [
      [
        0.07292584470279292,
        0.9968711454057565,
        0.030491648558243895,
        4.964109434995407
      ],
      [
        -0.9973288117236311,
        0.07301775375222234,
        -0.0019102206443043434,
        -9.7950339106701
      ],
      [
        -0.0041306755275905506,
        -0.030270895170033344,
        0.9995331962597794,
        2.2080231907788175
      ],
      [
        0.0,
        0.0,
        0.0,
        1.0
      ]
    ],
    "location": [
      4.964109434995407,
      -9.7950339106701,
      2.2080231907788175
    ],
    "rotation": [
      -0.030275778454245436,
      0.004130687274275722,
      -1.4978050643109762
    ]
  }
]