[
  {
    "label_id": "IbAN2gU_QzH1Z8mRiXmPng",
    "size": [
      2.2290707042906988,
      4.644253549172629,
      1.7899999999999636
    ],
    "obj_class": "vehicle",
    "point_num_in_lidar": 79,
    "speed": 0.024335060223712533,
    "if_vehicle": true,
    "motion_state": false,
    "pose": [
      [
        -0.9752513854636121,
        -0.21966934888683995,
        0.025102037983734688,
        8.275745698345418
      ],
      [
        0.21971160354027439,
        -0.9755642518530896,
        -0.0010962554824695424,
        -40.41478539704258
      ],
      [
        0.024729464633637684,
        0.004446084339434724,
        0.9996842931210735,
        0.8022184376364976
      ],
      [
        0.0,
        0.0,
        0.0,
        1.0
      ]
    ],
    "location": [
      8.275745698345418,
      -40.41478539704258,
      0.8022184376364976
    ],
    "rotation": [
      0.004447459118476591,
      -0.02473198586346334,
      2.9200049161366097
    ]
  },
  {
    "label_id": "MCdbGuXo5n0rGOqsmX4hKQ",
    "size": [
      2.0961285624128516,
      4.921915211129162,
      1.9500000000000455
    ],
    "obj_class": "vehicle",
    "point_num_in_lidar": 3006,
    "speed": 20.336488075908576,
    "if_vehicle": true,
    "motion_state": true,
    "pose": [
      [
        -0.03856088207020828,
        -0.9989409121980292,
        0.025102037983734688,
        -0.4205001805948996
      ],
      [
        0.9992541208758572,
        -0.03860051989980002,
        -0.0010962554824695424,
        -100.03330646226641
      ],
      [
        0.002064046168376902,
        0.025041042319250854,
        0.9996842931210735,
        0.8477478903412248
      ],
      [
        0.0,
        0.0,
        0.0,
        1.0
      ]
    ],
    "location": [
      -0.4205001805948996,
      -100.03330646226641,
      0.8477478903412248
    ],
    "rotation": [
      0.025043713429349728,
      -0.002064047633951079,
      1.6093668537635004
    ]
  },
  {
    "label_id": "PCmsugVM2OkmwRjK2POQ5A",
    "size": [
      0.6950195419825301,
      0.11864469747524709,
      0.7699999999999818
    ],
    "obj_class": "sign",
    "point_num_in_lidar": 20,
    "speed": 0.03225597186453432,
    "if_vehicle": false,
    "motion_state": false,
    "pose": [
      [
        0.07924723283416092,
        -0.9965388922551851,
        0.025102037983734688,
        -17.228042946699134
      ],
      [
        0.9968545891655376,
        0.07924472401065136,
        -0.0010962554824695424,
        -78.40139191932576
      ],
      [
        -0.0008967428479970711,
        0.025109956974958554,
        0.9996842931210735,
        2.476159378266857
      ],
      [
        0.0,
        0.0,
        0.0,
        1.0
      ]
    ],
    "location": [
      -17.228042946699134,
      -78.40139191932576,
      2.476159378266857
    ],
    "rotation": [
      0.025112606502733385,
      0.0008967429681827362,
      1.49146587963021
    ]
  }
]