[
  {
    "label_id": "8ja4019XF90v8YYF7yxeFQ",
    "size": [
      2.409148686463856,
      5.722654001735344,
      2.0
    ],
    "obj_class": "vehicle",
    "point_num_in_lidar": 297,
    "speed": 21.96610400124442,
    "if_vehicle": true,
    "motion_state": true,
    "pose": [
      [
        0.04606956799806597,
        0.9986512426173,
        0.023943486032622772,
        -8.514529121810483
      ],
      [
        -0.9989348507247723,
        0.0461185568595856,
        -0.0014975715896229235,
        -149.15562275618322
      ],
      [
        -0.0025997907508975046,
        -0.023848990169648594,
        0.9997121919612362,
        0.8524667004890034
      ],
      [
        0.0,
        0.0,
        0.0,
        1.0
      ]
    ],
    "location": [
      -8.514529121810483,
      -149.15562275618322,
      0.8524667004890034
    ],
    "rotation": [
      -0.02385133215068232,
      0.0025997936795325405,
      -1.5247102909754267
    ]
  },
  {
    "label_id": "MCdbGuXo5n0rGOqsmX4hKQ",
    "size": [
      2.0961285624128516,
      4.921915211129162,
      1.9500000000000455
    ],
    "obj_class": "vehicle",
    "point_num_in_lidar": 3516,
    "speed": 20.304591406256616,
    "if_vehicle": true,
    "motion_state": true,
    "pose": [
      [
        -0.03856197829450358,
        -0.99896931049288,
        0.023943486032622772,
        2.659837538156353
      ],
      [
        0.9992532788099423,
        -0.03860883405275984,
        -0.0014975715896229235,
        -169.51584537611598
      ],
      [
        0.0024204581371774433,
        0.023867857601104856,
        0.9997121919612362,
        0.793748308335239
      ],
      [
        0.0,
        0.0,
        0.0,
        1.0
      ]
    ],
    "location": [
      2.659837538156353,
      -169.51584537611598,
      0.793748308335239
    ],
    "rotation": [
      0.023870194270937936,
      -0.002420460500606779,
      1.6093679816466557
    ]
  },
  {
    "label_id": "cZwePjnrmB57anuFGkP-eg",
    "size": [
      0.4569510706807392,
      0.06757930999447126,
      0.4500000000000455
    ],
    "obj_class": "sign",
    "point_num_in_lidar": 86,
    "speed": 0.08411022157780358,
    "if_vehicle": false,
    "motion_state": false,
    "pose": [
      [
        0.028166463316442635,
        0.9993164462875859,
        0.023943486032622772,
        12.036024256445671
      ],
      [
        -0.9996008867293603,
        0.02821036208931976,
        -0.0014975715896229235,
        -176.04705873818966
      ],
      [
        -0.0021720023296640887,
        -0.023891748574358915,
        0.9997121919612362,
        2.268130281960225
      ],
      [
        0.0,
        0.0,
        0.0,
        1.0
      ]
    ],
    "location": [
      12.036024256445671,
      -176.04705873818966,
      2.268130281960225
    ],
    "rotation": [
      -0.023894078494482416,
      0.0021720040374386173,
      -1.5426260713736477
    ]
  }
]