[
  {
    "label_id": "8ja4019XF90v8YYF7yxeFQ",
    "size": [
      2.4091486864653846,
      5.722654001735344,
      2.0
    ],
    "obj_class": "vehicle",
    "point_num_in_lidar": 504,
    "speed": 21.885167358373483,
    "if_vehicle": true,
    "motion_state": true,
    "pose": [
      [
        0.04615683229886228,
        0.9986674180957563,
        0.02308538208673933,
        -8.414797402158001
      ],
      [
        -0.9989305945236067,
        0.0462064761293979,
        -0.0016213847221348125,
        -151.36637247585713
      ],
      [
        -0.0026859182505232283,
        -0.02298585646999962,
        0.999732182259575,
        0.8524667004891171
      ],
      [
        0.0,
        0.0,
        0.0,
        1.0
      ]
    ],
    "location": [
      -8.414797402158001,
      -151.36637247585713,
      0.8524667004891171
    ],
    "rotation": [
      -0.022987963980211603,
      0.0026859214799729693,
      -1.5246229229322772
    ]
  },
  {
    "label_id": "MCdbGuXo5n0rGOqsmX4hKQ",
    "size": [
      2.0961285624128516,
      4.921915211129162,
      1.9500000000000455
    ],
    "obj_class": "vehicle",
    "point_num_in_lidar": 3541,
    "speed": 20.322715035358236,
    "if_vehicle": true,
    "motion_state": true,
    "pose": [
      [
        -0.038562756829967244,
        -0.9989894788833276,
        0.02308538208673933,
        2.5852285539713193
      ],
      [
        0.9992530251405185,
        -0.03861039832875739,
        -0.0016213847221348125,
        -167.48895301699667
      ],
      [
        0.0025110820765754105,
        0.023005612821931497,
        0.999732182259575,
        0.7947481269821992
      ],
      [
        0.0,
        0.0,
        0.0,
        1.0
      ]
    ],
    "location": [
      2.5852285539713193,
      -167.48895301699667,
      0.7947481269821992
    ],
    "rotation": [
      0.023007715174558244,
      -0.0025110847155347966,
      1.6093687693875565
    ]
  },
  {
    "label_id": "cZwePjnrmB57anuFGkP-eg",
    "size": [
      0.4569510706807395,
      0.06757930999447126,
      0.4500000000000455
    ],
    "obj_class": "sign",
    "point_num_in_lidar": 31,
    "speed": 0.08106059862842602,
    "if_vehicle": false,
    "motion_state": false,
    "pose": [
      [
        0.0281670319747814,
        0.9993366216864271,
        0.02308538208673933,
        12.038712509234756
      ],
      [
        -0.9996006493486304,
        0.028211928919864706,
        -0.0016213847221348125,
        -176.05494050247944
      ],
      [
        -0.0022715922891911973,
        -0.023030493329054075,
        0.999732182259575,
        2.274858991224164
      ],
      [
        0.0,
        0.0,
        0.0,
        1.0
      ]
    ],
    "location": [
      12.038712509234756,
      -176.05494050247944,
      2.274858991224164
    ],
    "rotation": [
      -0.023032589160840587,
      0.002271594242814899,
      -1.542625496253252
    ]
  }
]