[
  {
    "label_id": "MCdbGuXo5n0rGOqsmX4hKQ",
    "size": [
      2.096128562411357,
      4.921915211129162,
      1.9500000000000455
    ],
    "obj_class": "vehicle",
    "point_num_in_lidar": 3839,
    "speed": 19.535558549389837,
    "if_vehicle": true,
    "motion_state": true,
    "pose": [
      [
        -0.03428470059270154,
        -0.9989653886762381,
        0.02987827860170602,
        -5.373763320569196
      ],
      [
        0.9993888260505414,
        -0.03447263400113137,
        -0.005797574522573599,
        23.801344026855077
      ],
      [
        0.0068215592491426376,
        0.02966124966949968,
        0.999536730989639,
        1.1177474929096434
      ],
      [
        0.0,
        0.0,
        0.0,
        1.0
      ]
    ],
    "location": [
      -5.373763320569196,
      23.801344026855077,
      1.1177474929096434
    ],
    "rotation": [
      0.02966629112075054,
      -0.006821612155615682,
      1.6050885457417896
    ]
  },
  {
    "label_id": "RNyOez5SZZDnCnpEBpEOBg",
    "size": [
      0.7756419764587388,
      0.08890335363381785,
      0.6399999999999864
    ],
    "obj_class": "sign",
    "point_num_in_lidar": 75,
    "speed": 0.023934815295364772,
    "if_vehicle": false,
    "motion_state": false,
    "pose": [
      [
        0.0378364075110211,
        0.9988371712819155,
        0.02987827860170602,
        3.4141096949933853
      ],
      [
        -0.9992599377631375,
        0.038025845306394974,
        -0.005797574522573599,
        36.86937242410568
      ],
      [
        -0.006926979736553361,
        -0.02963680742379883,
        0.999536730989639,
        3.110298640117094
      ],
      [
        0.0,
        0.0,
        0.0,
        1.0
      ]
    ],
    "location": [
      3.4141096949933853,
      36.86937242410568,
      3.110298640117094
    ],
    "rotation": [
      -0.029641859043762354,
      0.00692703513401671,
      -1.5329499772995263
    ]
  },
  {
    "label_id": "wEgylpo1adoMI-o9pnc0uA",
    "size": [
      0.7756419764587388,
      0.08890335363381785,
      0.36000000000001364
    ],
    "obj_class": "sign",
    "point_num_in_lidar": 43,
    "speed": 0.027136153479431876,
    "if_vehicle": false,
    "motion_state": false,
    "pose": [
      [
        0.0378364075110211,
        0.9988371712819155,
        0.02987827860170602,
        3.4088645666925004
      ],
      [
        -0.9992599377631375,
        0.038025845306394974,
        -0.005797574522573599,
        36.86662745307876
      ],
      [
        -0.006926979736553361,
        -0.02963680742379883,
        0.999536730989639,
        2.590201519453103
      ],
      [
        0.0,
        0.0,
        0.0,
        1.0
      ]
    ],
    "location": [
      3.4088645666925004,
      36.86662745307876,
      2.590201519453103
    ],
    "rotation": [
      -0.029641859043762354,
      0.00692703513401671,
      -1.5329499772995263
    ]
  }
]