[
  {
    "label_id": "MCdbGuXo5n0rGOqsmX4hKQ",
    "size": [
      2.096128562412852,
      4.921915211129162,
      1.9500000000000455
    ],
    "obj_class": "vehicle",
    "point_num_in_lidar": 1837,
    "speed": 21.35535953869018,
    "if_vehicle": true,
    "motion_state": true,
    "pose": [
      [
        -0.038570765829515005,
        -0.9991969564327216,
        0.010850727114382936,
        -8.473857889444844
      ],
      [
        0.9992553831432128,
        -0.038557741162970526,
        0.0014070734594459212,
        101.54077043694815
      ],
      [
        -0.0009875639906492214,
        0.010896919380974382,
        0.9999401391410232,
        1.215747288719399
      ],
      [
        0.0,
        0.0,
        0.0,
        1.0
      ]
    ],
    "location": [
      -8.473857889444844,
      101.54077043694815,
      1.215747288719399
    ],
    "rotation": [
      0.010897140361820318,
      0.0009875641511749606,
      1.6093766815023018
    ]
  },
  {
    "label_id": "S7GQ6Rxe9LX9xVOIY2z7sA",
    "size": [
      0.7446579436134971,
      0.08977922214398859,
      0.7699999999999818
    ],
    "obj_class": "sign",
    "point_num_in_lidar": 47,
    "speed": 0.024558920092938877,
    "if_vehicle": false,
    "motion_state": false,
    "pose": [
      [
        -0.014655924903443914,
        0.9998337189684662,
        0.010850727114382936,
        1.8401497244431084
      ],
      [
        -0.9998913697888989,
        -0.014672040279358468,
        0.0014070734594459212,
        128.98814366612714
      ],
      [
        0.0015660417951021942,
        -0.01082892643465063,
        0.9999401391410232,
        3.2482416326403154
      ],
      [
        0.0,
        0.0,
        0.0,
        1.0
      ]
    ],
    "location": [
      1.8401497244431084,
      128.98814366612714,
      3.2482416326403154
    ],
    "rotation": [
      -0.01082915136903504,
      -0.0015660424352190662,
      -1.5854527943954266
    ]
  },
  {
    "label_id": "b0pkCF8rTsxZ2SBeavtLhw",
    "size": [
      2.162273695911175,
      4.5971013684743065,
      1.919999999999959
    ],
    "obj_class": "vehicle",
    "point_num_in_lidar": 122,
    "speed": 1.0247593068766006e-12,
    "if_vehicle": true,
    "motion_state": false,
    "pose": [
      [
        -0.999506574177796,
        0.029476599133132088,
        0.010850727114382936,
        1.2107874532448477
      ],
      [
        -0.029463043329975097,
        -0.9995648799462772,
        0.0014070734594459212,
        155.82659115932802
      ],
      [
        0.01088748148573295,
        0.0010866837299344924,
        0.9999401391410232,
        1.2256071880301533
      ],
      [
        0.0,
        0.0,
        0.0,
        1.0
      ]
    ],
    "location": [
      1.2107874532448477,
      155.82659115932802,
      1.2256071880301533
    ],
    "rotation": [
      0.0010867483558254034,
      -0.010887696592565412,
      -3.1121235987773836
    ]
  }
]