[
  {
    "label_id": "MCdbGuXo5n0rGOqsmX4hKQ",
    "size": [
      2.0961285624139387,
      4.921915211129162,
      1.9500000000000455
    ],
    "obj_class": "vehicle",
    "point_num_in_lidar": 2112,
    "speed": 21.27062694394853,
    "if_vehicle": true,
    "motion_state": true,
    "pose": [
      [
        -0.041510569750372324,
        -0.9988456756011647,
        0.024170000658920016,
        -8.177673841575597
      ],
      [
        0.9991377814910042,
        -0.041480191913638366,
        0.0017570646095470723,
        95.10350255696358
      ],
      [
        -0.0007524601211131747,
        0.02422209759001997,
        0.9997063187717209,
        1.1960811257467867
      ],
      [
        0.0,
        0.0,
        0.0,
        1.0
      ]
    ],
    "location": [
      -8.177673841575597,
      95.10350255696358,
      1.1960811257467867
    ],
    "rotation": [
      0.024224473632689453,
      0.0007524601921198739,
      1.6123188388937189
    ]
  },
  {
    "label_id": "S7GQ6Rxe9LX9xVOIY2z7sA",
    "size": [
      0.7446579436134987,
      0.08977922214398859,
      0.7699999999999818
    ],
    "obj_class": "sign",
    "point_num_in_lidar": 30,
    "speed": 0.01699646947504657,
    "if_vehicle": false,
    "motion_state": false,
    "pose": [
      [
        -0.014652505969295522,
        0.9996004777594734,
        0.024170000658920016,
        1.8329723941478733
      ],
      [
        -0.9998904165114406,
        -0.014699241223133293,
        0.0017570646095470723,
        128.98595288994147
      ],
      [
        0.0021116432932062725,
        -0.0241416066262495,
        0.9997063187717209,
        3.2582646604890897
      ],
      [
        0.0,
        0.0,
        0.0,
        1.0
      ]
    ],
    "location": [
      1.8329723941478733,
      128.98595288994147,
      3.2582646604890897
    ],
    "rotation": [
      -0.024144006105333037,
      -0.0021116448625254905,
      -1.585449389792075
    ]
  },
  {
    "label_id": "b0pkCF8rTsxZ2SBeavtLhw",
    "size": [
      2.162273695911195,
      4.5971013684743065,
      1.919999999999959
    ],
    "obj_class": "vehicle",
    "point_num_in_lidar": 109,
    "speed": 1.0247593068766006e-12,
    "if_vehicle": true,
    "motion_state": false,
    "pose": [
      [
        -0.9992734092851395,
        0.02946972283211596,
        0.024170000658920016,
        1.2107874532448477
      ],
      [
        -0.029435826816211152,
        -0.9995651278549107,
        0.0017570646095470723,
        155.82659115932802
      ],
      [
        0.024211270005928133,
        0.0010443239891726867,
        0.9997063187717209,
        1.237618333237151
      ],
      [
        0.0,
        0.0,
        0.0,
        1.0
      ]
    ],
    "location": [
      1.2107874532448477,
      155.82659115932802,
      1.237618333237151
    ],
    "rotation": [
      0.0010446303976371551,
      -0.02421363601304853,
      -3.1121439392822485
    ]
  }
]