[
  {
    "label_id": "0CWJ1b-PkQcbVS4j0rmKag",
    "size": [
      1.9009155201053662,
      4.539417154857736,
      1.6000000000000227
    ],
    "obj_class": "vehicle",
    "point_num_in_lidar": 51,
    "speed": 1.4210854715202004e-12,
    "if_vehicle": true,
    "motion_state": false,
    "pose": [
      [
        0.09157493824407156,
        0.9955605193238466,
        0.021755069506376915,
        36.20507450356854
      ],
      [
        -0.9957890198706473,
        0.09145849333334753,
        0.006290620180042592,
        147.75270524459665
      ],
      [
        0.004273007213896787,
        -0.022239522495477188,
        0.999743539638303,
        0.8852964642806
      ],
      [
        0.0,
        0.0,
        0.0,
        1.0
      ]
    ],
    "location": [
      36.20507450356854,
      147.75270524459665,
      0.8852964642806
    ],
    "rotation": [
      -0.022241559252284264,
      -0.004273020217185221,
      -1.479092072804895
    ]
  },
  {
    "label_id": "MCdbGuXo5n0rGOqsmX4hKQ",
    "size": [
      2.0961285624142887,
      4.921915211129162,
      1.9500000000000455
    ],
    "obj_class": "vehicle",
    "point_num_in_lidar": 488,
    "speed": 21.227898288270296,
    "if_vehicle": true,
    "motion_state": true,
    "pose": [
      [
        -0.02289450915567139,
        -0.9995011547773688,
        0.021755069506376915,
        -10.1682681156326
      ],
      [
        0.9997211065828955,
        -0.022762626175847355,
        0.006290620180042592,
        157.17982530046174
      ],
      [
        -0.005792279619615156,
        0.021893022822009774,
        0.999743539638303,
        1.1847468639202816
      ],
      [
        0.0,
        0.0,
        0.0,
        1.0
      ]
    ],
    "location": [
      -10.1682681156326,
      157.17982530046174,
      1.1847468639202816
    ],
    "rotation": [
      0.021895139461461984,
      0.00579231200908681,
      1.5936932206527707
    ]
  },
  {
    "label_id": "MWRWzf1UWOgrblO2WlzWTg",
    "size": [
      2.2124548368109673,
      5.04712790997441,
      1.669999999999959
    ],
    "obj_class": "vehicle",
    "point_num_in_lidar": 28,
    "speed": 2.8421709430404007e-13,
    "if_vehicle": true,
    "motion_state": false,
    "pose": [
      [
        -0.9991499701373981,
        0.03501505569335931,
        0.021755069506376915,
        6.987306423110567
      ],
      [
        -0.03488585005077738,
        -0.9993715052791855,
        0.006290620180042592,
        177.63136334053343
      ],
      [
        0.021961662975991166,
        0.005526328872391566,
        0.999743539638303,
        0.8802964642806046
      ],
      [
        0.0,
        0.0,
        0.0,
        1.0
      ]
    ],
    "location": [
      6.987306423110567,
      177.63136334053343,
      0.8802964642806046
    ],
    "rotation": [
      0.0055276902193887424,
      -0.021963428764532035,
      -3.1066913023668357
    ]
  },
  {
    "label_id": "RQYSKqtUmwrjJGJZpA3tVg",
    "size": [
      0.5325515437234363,
      0.07736990587727632,
      0.4700000000000273
    ],
    "obj_class": "sign",
    "point_num_in_lidar": 24,
    "speed": 0.04126840888890214,
    "if_vehicle": false,
    "motion_state": false,
    "pose": [
      [
        -0.01465331895269485,
        0.9996559394083763,
        0.021755069506376915,
        1.915891080208894
      ],
      [
        -0.9998707838290977,
        -0.01479336820119922,
        0.006290620180042592,
        128.99315349678727
      ],
      [
        0.006610286578992282,
        -0.021660079935689167,
        0.999743539638303,
        2.5364770259591296
      ],
      [
        0.0,
        0.0,
        0.0,
        1.0
      ]
    ],
    "location": [
      1.915891080208894,
      128.99315349678727,
      2.5364770259591296
    ],
    "rotation": [
      -0.02166224731861118,
      -0.006610334720329955,
      -1.5854504903808797
    ]
  },
  {
    "label_id": "TubRM9imbB3dB3qZlY-3Mw",
    "size": [
      1.9709008905838816,
      4.668928977853678,
      1.4800000000000182
    ],
    "obj_class": "vehicle",
    "point_num_in_lidar": 342,
    "speed": 2.8421709430404007e-13,
    "if_vehicle": true,
    "motion_state": false,
    "pose": [
      [
        0.09157493824410118,
        0.9955605193238438,
        0.021755069506376915,
        27.909148935243138
      ],
      [
        -0.9957890198706445,
        0.09145849333337716,
        0.006290620180042592,
        147.71910604894947
      ],
      [
        0.004273007213896125,
        -0.022239522495477313,
        0.999743539638303,
        0.8052964642806728
      ],
      [
        0.0,
        0.0,
        0.0,
        1.0
      ]
    ],
    "location": [
      27.909148935243138,
      147.71910604894947,
      0.8052964642806728
    ],
    "rotation": [
      -0.02224155925228439,
      -0.004273020217184559,
      -1.4790920728048653
    ]
  },
  {
    "label_id": "b0pkCF8rTsxZ2SBeavtLhw",
    "size": [
      2.162273695911188,
      4.5971013684743065,
      1.919999999999959
    ],
    "obj_class": "vehicle",
    "point_num_in_lidar": 804,
    "speed": 1.0247593068766006e-12,
    "if_vehicle": true,
    "motion_state": false,
    "pose": [
      [
        -0.99932885278713,
        0.029471357924793842,
        0.021755069506376915,
        1.2107874532503047
      ],
      [
        -0.029340925221410134,
        -0.9995496677028619,
        0.006290620180042592,
        155.8265911593262
      ],
      [
        0.02193066561484668,
        0.0056480843802683475,
        0.999743539638303,
        1.1216311992553756
      ],
      [
        0.0,
        0.0,
        0.0,
        1.0
      ]
    ],
    "location": [
      1.2107874532503047,
      155.8265911593262,
      1.1216311992553756
    ],
    "rotation": [
      0.005649473156952952,
      -0.021932423935995295,
      -3.1122404554461527
    ]
  },
  {
    "label_id": "dm7iyeZQ4oJtAh2htq6bBw",
    "size": [
      2.0887975018889064,
      4.861421279242145,
      1.8899999999999864
    ],
    "obj_class": "vehicle",
    "point_num_in_lidar": 80,
    "speed": 6.355287432313019e-13,
    "if_vehicle": true,
    "motion_state": false,
    "pose": [
      [
        0.0974267419586625,
        0.9950048979286951,
        0.021755069506376915,
        30.767000618816382
      ],
      [
        -0.9952340791625164,
        0.09731164252692687,
        0.006290620180042592,
        147.33625969126842
      ],
      [
        0.004142176343198471,
        -0.022264261196336538,
        0.999743539638303,
        1.0364677216363134
      ],
      [
        0.0,
        0.0,
        0.0,
        1.0
      ]
    ],
    "location": [
      30.767000618816382,
      147.33625969126842,
      1.0364677216363134
    ],
    "rotation": [
      -0.022266292046620957,
      -0.004142188188274559,
      -1.473213954318296
    ]
  },
  {
    "label_id": "hGV4gjOZlXBoDBE31Y2RWg",
    "size": [
      1.9694774335026162,
      4.512314289212184,
      2.0299999999999727
    ],
    "obj_class": "vehicle",
    "point_num_in_lidar": 570,
    "speed": 0.015901699998312365,
    "if_vehicle": true,
    "motion_state": false,
    "pose": [
      [
        0.9989589779281722,
        -0.04009585224775992,
        0.021755069506376915,
        22.74044062856956
      ],
      [
        0.03996777490898252,
        0.9991811672897839,
        0.006290620180042592,
        128.47497532932903
      ],
      [
        -0.02198948352113784,
        -0.005414569784429541,
        0.999743539638303,
        1.1076818569172246
      ],
      [
        0.0,
        0.0,
        0.0,
        1.0
      ]
    ],
    "location": [
      22.74044062856956,
      128.47497532932903,
      1.1076818569172246
    ],
    "rotation": [
      -0.005415905809370668,
      0.02199125602974346,
      0.0399880976669894
    ]
  },
  {
    "label_id": "r07_JedKmQEwaD_E4tldAg",
    "size": [
      2.2847020182942526,
      5.374710864250809,
      1.580000000000041
    ],
    "obj_class": "vehicle",
    "point_num_in_lidar": 179,
    "speed": 2.898457019905882e-12,
    "if_vehicle": true,
    "motion_state": false,
    "pose": [
      [
        -0.5432123306738871,
        -0.8393134579849274,
        0.021755069506376915,
        21.172496611725364
      ],
      [
        0.8395699017265436,
        -0.5432152503498338,
        0.006290620180042592,
        168.03204611231922
      ],
      [
        0.006537883352103256,
        0.021682044016908115,
        0.999743539638303,
        0.6280537504420636
      ],
      [
        0.0,
        0.0,
        0.0,
        1.0
      ]
    ],
    "location": [
      21.172496611725364,
      168.03204611231922,
      0.6280537504420636
    ],
    "rotation": [
      0.021684206715998723,
      -0.006537929928791594,
      2.145068595889231
    ]
  }
]