[
  {
    "label_id": "MCdbGuXo5n0rGOqsmX4hKQ",
    "size": [
      2.096128562411093,
      4.921915211129162,
      1.9500000000000455
    ],
    "obj_class": "vehicle",
    "point_num_in_lidar": 749,
    "speed": 21.42139357423121,
    "if_vehicle": true,
    "motion_state": true,
    "pose": [
      [
        -0.030264186371814144,
        -0.9991174329800194,
        0.029127892794852703,
        -9.909894161599368
      ],
      [
        0.9995408160411855,
        -0.030207702920817404,
        0.002377341365653056,
        140.14765996578717
      ],
      [
        -0.0014953564703121664,
        0.029186466035886784,
        0.999572865832883,
        1.1797470770618474
      ],
      [
        0.0,
        0.0,
        0.0,
        1.0
      ]
    ],
    "location": [
      -9.909894161599368,
      140.14765996578717,
      1.1797470770618474
    ],
    "rotation": [
      0.0291906440184253,
      0.0014953570276049113,
      1.6010651688580793
    ]
  },
  {
    "label_id": "MWRWzf1UWOgrblO2WlzWTg",
    "size": [
      2.212454836810963,
      5.04712790997441,
      1.669999999999959
    ],
    "obj_class": "vehicle",
    "point_num_in_lidar": 30,
    "speed": 2.8421709430404007e-13,
    "if_vehicle": true,
    "motion_state": false,
    "pose": [
      [
        -0.9989624476973373,
        0.03500848399854042,
        0.029127892794852703,
        6.987306423108748
      ],
      [
        -0.03495401175863626,
        -0.9993860942148477,
        0.002377341365653056,
        177.6313633405316
      ],
      [
        0.029193238130115182,
        0.0013567380423893298,
        0.999572865832883,
        0.8802964642807183
      ],
      [
        0.0,
        0.0,
        0.0,
        1.0
      ]
    ],
    "location": [
      6.987306423108748,
      177.6313633405316,
      0.8802964642807183
    ],
    "rotation": [
      0.0013573169656638118,
      -0.029197386353812575,
      -3.1066166068745904
    ]
  },
  {
    "label_id": "RQYSKqtUmwrjJGJZpA3tVg",
    "size": [
      0.5325515437234349,
      0.07736990587727632,
      0.4700000000000273
    ],
    "obj_class": "sign",
    "point_num_in_lidar": 118,
    "speed": 0.02800387585648537,
    "if_vehicle": false,
    "motion_state": false,
    "pose": [
      [
        -0.014650568788837364,
        0.9994683220070033,
        0.029127892794852703,
        1.8991331466349948
      ],
      [
        -0.9998887401726329,
        -0.014726015211731211,
        0.002377341365653056,
        129.0215765032499
      ],
      [
        0.002805015177949775,
        -0.029089822627316735,
        0.999572865832883,
        2.555437025171841
      ],
      [
        0.0,
        0.0,
        0.0,
        1.0
      ]
    ],
    "location": [
      1.8991331466349948,
      129.0215765032499,
      2.555437025171841
    ],
    "rotation": [
      -0.029094041401360307,
      -0.0028050188563241967,
      -1.585447477374677
    ]
  },
  {
    "label_id": "TubRM9imbB3dB3qZlY-3Mw",
    "size": [
      1.9709008905838803,
      4.668928977853678,
      1.4800000000000182
    ],
    "obj_class": "vehicle",
    "point_num_in_lidar": 130,
    "speed": 2.8421709430404007e-13,
    "if_vehicle": true,
    "motion_state": false,
    "pose": [
      [
        0.09155775127880389,
        0.9953736705590017,
        0.029127892794852703,
        27.90914893524132
      ],
      [
        -0.9957997230300681,
        0.091527372196905,
        0.002377341365653056,
        147.71910604894947
      ],
      [
        -0.000299656483844199,
        -0.029223211607025117,
        0.999572865832883,
        0.8052964642806728
      ],
      [
        0.0,
        0.0,
        0.0,
        1.0
      ]
    ],
    "location": [
      27.90914893524132,
      147.71910604894947,
      0.8052964642806728
    ],
    "rotation": [
      -0.029227373936997772,
      0.00029965648832875865,
      -1.4791101677033642
    ]
  },
  {
    "label_id": "b0pkCF8rTsxZ2SBeavtLhw",
    "size": [
      2.162273695911191,
      4.5971013684743065,
      1.919999999999959
    ],
    "obj_class": "vehicle",
    "point_num_in_lidar": 445,
    "speed": 1.0247593068766006e-12,
    "if_vehicle": true,
    "motion_state": false,
    "pose": [
      [
        -0.9991412967740202,
        0.02946582668212198,
        0.029127892794852703,
        1.2107874532466667
      ],
      [
        -0.02940900494270042,
        -0.9995646345666255,
        0.002377341365653056,
        155.82659115932802
      ],
      [
        0.02918526184582736,
        0.0015186775917788433,
        0.999572865832883,
        1.1536151110095716
      ],
      [
        0.0,
        0.0,
        0.0,
        1.0
      ]
    ],
    "location": [
      1.2107874532466667,
      155.82659115932802,
      1.1536151110095716
    ],
    "rotation": [
      0.0015193253790127337,
      -0.029189406669405654,
      -3.1121668693127336
    ]
  },
  {
    "label_id": "hGV4gjOZlXBoDBE31Y2RWg",
    "size": [
      1.969477433502616,
      4.512314289212184,
      2.0299999999999727
    ],
    "obj_class": "vehicle",
    "point_num_in_lidar": 728,
    "speed": 0.01590169986444597,
    "if_vehicle": true,
    "motion_state": false,
    "pose": [
      [
        0.9987714913339065,
        -0.04008832697900737,
        0.029127892794852703,
        22.728118819093652
      ],
      [
        0.0400360099284873,
        0.9991954093954981,
        0.002377341365653056,
        128.47184939162798
      ],
      [
        -0.029199760403988053,
        -0.0012082561760524521,
        0.999572865832883,
        1.1207679300255222
      ],
      [
        0.0,
        0.0,
        0.0,
        1.0
      ]
    ],
    "location": [
      22.728118819093652,
      128.47184939162798,
      1.1207679300255222
    ],
    "rotation": [
      -0.00120877189535624,
      0.029203911409373114,
      0.04006380565481413
    ]
  },
  {
    "label_id": "r07_JedKmQEwaD_E4tldAg",
    "size": [
      2.2847020182942575,
      5.374710864250809,
      1.580000000000041
    ],
    "obj_class": "vehicle",
    "point_num_in_lidar": 155,
    "speed": 2.898457019905882e-12,
    "if_vehicle": true,
    "motion_state": false,
    "pose": [
      [
        -0.543110379510638,
        -0.8391559339771972,
        0.029127892794852703,
        21.172496611723545
      ],
      [
        0.8395474112252432,
        -0.5432812278673207,
        0.002377341365653056,
        168.03204611231922
      ],
      [
        0.013829677248698045,
        0.025745405761691174,
        0.999572865832883,
        0.6499758589666271
      ],
      [
        0.0,
        0.0,
        0.0,
        1.0
      ]
    ],
    "location": [
      21.172496611723545,
      168.03204611231922,
      0.6499758589666271
    ],
    "rotation": [
      0.02575071393328998,
      -0.013830118130593554,
      2.1449952092921074
    ]
  },
  {
    "label_id": "vgt6HHe0X43JjvyoB2OHCQ",
    "size": [
      0.28863594530048403,
      0.049013133724656655,
      0.4600000000000364
    ],
    "obj_class": "sign",
    "point_num_in_lidar": 24,
    "speed": 4.504122242392949e-28,
    "if_vehicle": false,
    "motion_state": false,
    "pose": [
      [
        0.9995756929124134,
        5.817423172718609e-15,
        0.029127892794852703,
        22.752981169836858
      ],
      [
        -6.92763388829187e-05,
        0.9999971717204105,
        0.002377341365653056,
        118.28601591091683
      ],
      [
        -0.029127810413028015,
        -0.002378350516634198,
        0.999572865832883,
        2.473301918205152
      ],
      [
        0.0,
        0.0,
        0.0,
        1.0
      ]
    ],
    "location": [
      22.752981169836858,
      118.28601591091683,
      2.473301918205152
    ],
    "rotation": [
      -0.002379362335344993,
      0.029131930801182898,
      -6.930574569110788e-05
    ]
  },
  {
    "label_id": "yG3M2TzOjYRZzu4dX5NhaQ",
    "size": [
      2.1252532933462045,
      4.951815409086059,
      1.740000000000009
    ],
    "obj_class": "vehicle",
    "point_num_in_lidar": 548,
    "speed": 2.2914314707516465e-12,
    "if_vehicle": true,
    "motion_state": false,
    "pose": [
      [
        -0.9962196222578474,
        0.08184149369215586,
        0.029127892794852703,
        9.895254652314179
      ],
      [
        -0.08180695904591921,
        -0.9966453580385003,
        0.002377341365653056,
        115.64614097974845
      ],
      [
        0.029224744311814224,
        -1.451021569359812e-05,
        0.999572865832883,
        0.5758421196275094
      ],
      [
        0.0,
        0.0,
        0.0,
        1.0
      ]
    ],
    "location": [
      9.895254652314179,
      115.64614097974845,
      0.5758421196275094
    ],
    "rotation": [
      -1.4516416149900602e-05,
      -0.029228905984107347,
      -3.059659096371766
    ]
  }
]