[
  {
    "label_id": "MCdbGuXo5n0rGOqsmX4hKQ",
    "size": [
      2.0961285624128525,
      4.921915211129162,
      1.9500000000000455
    ],
    "obj_class": "vehicle",
    "point_num_in_lidar": 1231,
    "speed": 21.46123021524197,
    "if_vehicle": true,
    "motion_state": true,
    "pose": [
      [
        -0.038563781277625504,
        -0.9990160177648031,
        0.02190504560429345,
        -9.210885231597786
      ],
      [
        0.9992530188858735,
        -0.03849959789990891,
        0.0033444295497965172,
        118.66109622878503
      ],
      [
        -0.002497803242788185,
        0.022017656798579744,
        0.9997544617395114,
        1.1997463133487827
      ],
      [
        0.0,
        0.0,
        0.0,
        1.0
      ]
    ],
    "location": [
      -9.210885231597786,
      118.66109622878503,
      1.1997463133487827
    ],
    "rotation": [
      0.022019504831097842,
      0.0024978058401033077,
      1.6093697933175968
    ]
  },
  {
    "label_id": "RQYSKqtUmwrjJGJZpA3tVg",
    "size": [
      0.532551543723436,
      0.07736990587727632,
      0.4700000000000273
    ],
    "obj_class": "sign",
    "point_num_in_lidar": 23,
    "speed": 0.0381529360217219,
    "if_vehicle": false,
    "motion_state": false,
    "pose": [
      [
        -0.014653270955107232,
        0.9996526649928915,
        0.02190504560429345,
        1.8685397184035537
      ],
      [
        -0.9998859148008464,
        -0.014729975351674189,
        0.0033444295497965172,
        129.00602558874925
      ],
      [
        0.0036659286941636057,
        -0.021853539730419782,
        0.9997544617395114,
        2.5791342435288698
      ],
      [
        0.0,
        0.0,
        0.0,
        1.0
      ]
    ],
    "location": [
      1.8685397184035537,
      129.00602558874925,
      2.5791342435288698
    ],
    "rotation": [
      -0.021855426444848353,
      -0.003665936905302829,
      -1.5854502206628338
    ]
  },
  {
    "label_id": "S7GQ6Rxe9LX9xVOIY2z7sA",
    "size": [
      0.7446579436134978,
      0.08977922214398859,
      0.7699999999999818
    ],
    "obj_class": "sign",
    "point_num_in_lidar": 48,
    "speed": 0.03895737158873408,
    "if_vehicle": false,
    "motion_state": false,
    "pose": [
      [
        -0.014653270948666622,
        0.9996526649929859,
        0.02190504560429345,
        1.8669020466568327
      ],
      [
        -0.9998859148009414,
        -0.014729975345232077,
        0.0033444295497965172,
        129.0041505144618
      ],
      [
        0.003665928694022807,
        -0.0218535397304434,
        0.9997544617395114,
        3.2297733433634903
      ],
      [
        0.0,
        0.0,
        0.0,
        1.0
      ]
    ],
    "location": [
      1.8669020466568327,
      129.0041505144618,
      3.2297733433634903
    ],
    "rotation": [
      -0.021855426444871963,
      -0.0036659369051620294,
      -1.5854502206563925
    ]
  },
  {
    "label_id": "TubRM9imbB3dB3qZlY-3Mw",
    "size": [
      1.97090089058388,
      4.668928977853678,
      1.4800000000000182
    ],
    "obj_class": "vehicle",
    "point_num_in_lidar": 42,
    "speed": 7.962236553877907e-28,
    "if_vehicle": true,
    "motion_state": false,
    "pose": [
      [
        0.09157463828650439,
        0.995557258323081,
        0.02190504560429345,
        27.90914893524132
      ],
      [
        -0.995797334126294,
        0.09152313444125652,
        0.0033444295497965172,
        147.71910604894947
      ],
      [
        0.0013247526794665117,
        -0.022119250942967624,
        0.9997544617395114,
        0.8052964642809002
      ],
      [
        0.0,
        0.0,
        0.0,
        1.0
      ]
    ],
    "location": [
      27.90914893524132,
      147.71910604894947,
      0.8052964642809002
    ],
    "rotation": [
      -0.022121074436384367,
      -0.0013247530669502781,
      -1.4790931328874022
    ]
  },
  {
    "label_id": "b0pkCF8rTsxZ2SBeavtLhw",
    "size": [
      2.162273695911187,
      4.5971013684743065,
      1.919999999999959
    ],
    "obj_class": "vehicle",
    "point_num_in_lidar": 220,
    "speed": 1.0247593068766006e-12,
    "if_vehicle": true,
    "motion_state": false,
    "pose": [
      [
        -0.9993255794430311,
        0.02947126139011061,
        0.02190504560429345,
        1.2107874532466667
      ],
      [
        -0.029404923988772733,
        -0.9995619866902707,
        0.0033444295497965172,
        155.8265911593262
      ],
      [
        0.021994015460231407,
        0.002698057796791951,
        0.9997544617395114,
        1.1935903099662255
      ],
      [
        0.0,
        0.0,
        0.0,
        1.0
      ]
    ],
    "location": [
      1.2107874532466667,
      155.8265911593262,
      1.1935903099662255
    ],
    "rotation": [
      0.002698713884265562,
      -0.021995789065141526,
      -3.112176372678367
    ]
  },
  {
    "label_id": "dm7iyeZQ4oJtAh2htq6bBw",
    "size": [
      2.088797501888904,
      4.861421279242145,
      1.8899999999999864
    ],
    "obj_class": "vehicle",
    "point_num_in_lidar": 30,
    "speed": 9.554686142667638e-28,
    "if_vehicle": true,
    "motion_state": false,
    "pose": [
      [
        0.09742642283323542,
        0.9950016387478935,
        0.02190504560429345,
        30.767000618816382
      ],
      [
        -0.9952420132178152,
        0.09737633140109822,
        0.0033444295497965172,
        147.3362596912666
      ],
      [
        0.0011946799026045648,
        -0.02212665749429951,
        0.9997544617395114,
        1.073582879292303
      ],
      [
        0.0,
        0.0,
        0.0,
        1.0
      ]
    ],
    "location": [
      30.767000618816382,
      147.3362596912666,
      1.073582879292303
    ],
    "rotation": [
      -0.022128479180906387,
      -0.0011946801867912342,
      -1.4732150449220893
    ]
  },
  {
    "label_id": "hGV4gjOZlXBoDBE31Y2RWg",
    "size": [
      1.9694774335026188,
      4.512314289212184,
      2.0299999999999727
    ],
    "obj_class": "vehicle",
    "point_num_in_lidar": 309,
    "speed": 0.015901699998281452,
    "if_vehicle": true,
    "motion_state": false,
    "pose": [
      [
        0.998955705795614,
        -0.04009572091209475,
        0.02190504560429345,
        22.712718364358807
      ],
      [
        0.04003190104962062,
        0.9991928050628366,
        0.0033444295497965172,
        128.46794242794567
      ],
      [
        -0.022021461276222135,
        -0.002464036363282185,
        0.9997544617395114,
        1.1371236022172297
      ],
      [
        0.0,
        0.0,
        0.0,
        1.0
      ]
    ],
    "location": [
      22.712718364358807,
      128.46794242794567,
      1.1371236022172297
    ],
    "rotation": [
      -0.002464636536639963,
      0.022023241530109268,
      0.0400523189293743
    ]
  },
  {
    "label_id": "r07_JedKmQEwaD_E4tldAg",
    "size": [
      2.2847020182942526,
      5.374710864250809,
      1.580000000000041
    ],
    "obj_class": "vehicle",
    "point_num_in_lidar": 86,
    "speed": 2.898457019905882e-12,
    "if_vehicle": true,
    "motion_state": false,
    "pose": [
      [
        -0.5432105513588253,
        -0.8393107087780514,
        0.02190504560429345,
        21.172496611723545
      ],
      [
        0.8395472622490381,
        -0.5432763654357985,
        0.0033444295497965172,
        168.03204611231376
      ],
      [
        0.009093478024707986,
        0.020207050486250606,
        0.9997544617395114,
        0.6773752795427299
      ],
      [
        0.0,
        0.0,
        0.0,
        1.0
      ]
    ],
    "location": [
      21.172496611723545,
      168.03204611231376,
      0.6773752795427299
    ],
    "rotation": [
      0.02020926160913191,
      -0.009093603354689483,
      2.145079400750858
    ]
  },
  {
    "label_id": "yG3M2TzOjYRZzu4dX5NhaQ",
    "size": [
      2.1252532933462054,
      4.951815409086059,
      1.740000000000009
    ],
    "obj_class": "vehicle",
    "point_num_in_lidar": 559,
    "speed": 1.5924495887897322e-28,
    "if_vehicle": true,
    "motion_state": false,
    "pose": [
      [
        -0.9964033660501455,
        0.08185658862311518,
        0.02190504560429345,
        9.895254652314179
      ],
      [
        -0.08180274480062041,
        -0.9966429279004949,
        0.0033444295497965172,
        115.64614097974845
      ],
      [
        0.022105272380693573,
        0.001540508005520853,
        0.9997544617395114,
        0.5609896070029663
      ],
      [
        0.0,
        0.0,
        0.0,
        1.0
      ]
    ],
    "location": [
      9.895254652314179,
      115.64614097974845,
      0.5609896070029663
    ],
    "rotation": [
      0.0015408851325524734,
      -0.022107073041350088,
      -3.0596783391257394
    ]
  }
]