[
  {
    "label_id": "MCdbGuXo5n0rGOqsmX4hKQ",
    "size": [
      2.0961285624139854,
      4.921915211129162,
      1.9500000000000455
    ],
    "obj_class": "vehicle",
    "point_num_in_lidar": 699,
    "speed": 21.401641489258193,
    "if_vehicle": true,
    "motion_state": true,
    "pose": [
      [
        -0.029340191147547916,
        -0.9990466619373334,
        0.03232522939279777,
        -9.97730355514068
      ],
      [
        0.9995485140886429,
        -0.02911475458480238,
        0.007422873342091438,
        142.29650431801565
      ],
      [
        -0.006474655713731321,
        0.03252842352986654,
        0.9994498389094123,
        1.1777478903410383
      ],
      [
        0.0,
        0.0,
        0.0,
        1.0
      ]
    ],
    "location": [
      -9.97730355514068,
      142.29650431801565,
      1.1777478903410383
    ],
    "rotation": [
      0.03253484483859495,
      0.006474700952104881,
      1.6001413444140926
    ]
  },
  {
    "label_id": "MWRWzf1UWOgrblO2WlzWTg",
    "size": [
      2.2124548368109607,
      5.04712790997441,
      1.669999999999959
    ],
    "obj_class": "vehicle",
    "point_num_in_lidar": 36,
    "speed": 2.8421709430404007e-13,
    "if_vehicle": true,
    "motion_state": false,
    "pose": [
      [
        -0.9988642183048482,
        0.03500504156472042,
        0.03232522939279777,
        6.987306423106929
      ],
      [
        -0.03478245449389592,
        -0.9993673407765171,
        0.007422873342091438,
        177.6313633405298
      ],
      [
        0.032564616528140786,
        0.006290091758064324,
        0.9994498389094123,
        0.8802964642807183
      ],
      [
        0.0,
        0.0,
        0.0,
        1.0
      ]
    ],
    "location": [
      6.987306423106929,
      177.6313633405298,
      0.8802964642807183
    ],
    "rotation": [
      0.006293471135267133,
      -0.03257037482411259,
      -3.1067847133986826
    ]
  },
  {
    "label_id": "RQYSKqtUmwrjJGJZpA3tVg",
    "size": [
      0.5325515437234349,
      0.07736990587727632,
      0.4700000000000273
    ],
    "obj_class": "sign",
    "point_num_in_lidar": 90,
    "speed": 0.02938814333897673,
    "if_vehicle": false,
    "motion_state": false,
    "pose": [
      [
        -0.014649128177648787,
        0.9993700428711768,
        0.03232522939279777,
        1.901226621996102
      ],
      [
        -0.99986148907996,
        -0.014896429308800994,
        0.007422873342091438,
        129.01802577526178
      ],
      [
        0.007899727744653823,
        -0.03221201337249932,
        0.9994498389094123,
        2.5530684580093066
      ],
      [
        0.0,
        0.0,
        0.0,
        1.0
      ]
    ],
    "location": [
      1.901226621996102,
      129.01802577526178,
      2.5530684580093066
    ],
    "rotation": [
      -0.03221859225567669,
      -0.007899809911632536,
      -1.5854464361311917
    ]
  },
  {
    "label_id": "TubRM9imbB3dB3qZlY-3Mw",
    "size": [
      1.9709008905838772,
      4.668928977853678,
      1.4800000000000182
    ],
    "obj_class": "vehicle",
    "point_num_in_lidar": 34,
    "speed": 2.8421709430404007e-13,
    "if_vehicle": true,
    "motion_state": false,
    "pose": [
      [
        0.09154874827542708,
        0.9952757940560524,
        0.03232522939279777,
        27.90914893524132
      ],
      [
        -0.9957907208968203,
        0.09135502792478405,
        0.007422873342091438,
        147.71910604894765
      ],
      [
        0.004434733925873468,
        -0.03286871824328468,
        0.9994498389094123,
        0.8052964642810139
      ],
      [
        0.0,
        0.0,
        0.0,
        1.0
      ]
    ],
    "location": [
      27.90914893524132,
      147.71910604894765,
      0.8052964642810139
    ],
    "rotation": [
      -0.03287496281527913,
      -0.004434748462221016,
      -1.479118308756977
    ]
  },
  {
    "label_id": "b0pkCF8rTsxZ2SBeavtLhw",
    "size": [
      2.162273695911188,
      4.5971013684743065,
      1.919999999999959
    ],
    "obj_class": "vehicle",
    "point_num_in_lidar": 488,
    "speed": 1.0247593068766006e-12,
    "if_vehicle": true,
    "motion_state": false,
    "pose": [
      [
        -0.9990430497950478,
        0.02946292926564961,
        0.03232522939279777,
        1.2107874532448477
      ],
      [
        -0.02923755435988344,
        -0.9995449296386831,
        0.007422873342091438,
        155.82659115932802
      ],
      [
        0.032529218731204255,
        0.006470659370357762,
        0.9994498389094123,
        1.1496195389497643
      ],
      [
        0.0,
        0.0,
        0.0,
        1.0
      ]
    ],
    "location": [
      1.2107874532448477,
      155.82659115932802,
      1.1496195389497643
    ],
    "rotation": [
      0.006474130780420286,
      -0.03253495826378998,
      -3.112335444309374
    ]
  },
  {
    "label_id": "hGV4gjOZlXBoDBE31Y2RWg",
    "size": [
      1.9694774335026153,
      4.512314289212184,
      2.0299999999999727
    ],
    "obj_class": "vehicle",
    "point_num_in_lidar": 746,
    "speed": 0.01590169999947608,
    "if_vehicle": true,
    "motion_state": false,
    "pose": [
      [
        0.9986732807184271,
        -0.04008438503703073,
        0.03232522939279777,
        22.729658114163612
      ],
      [
        0.039864359510291617,
        0.9991775286665436,
        0.007422873342091438,
        128.47223989762097
      ],
      [
        -0.0325961841314003,
        -0.006124400707136674,
        0.9994498389094123,
        1.1191331597545968
      ],
      [
        0.0,
        0.0,
        0.0,
        1.0
      ]
    ],
    "location": [
      22.729658114163612,
      128.47223989762097,
      1.1191331597545968
    ],
    "rotation": [
      -0.006127695272133622,
      0.03260195919495246,
      0.039896137516365254
    ]
  },
  {
    "label_id": "r07_JedKmQEwaD_E4tldAg",
    "size": [
      2.284702018294252,
      5.374710864250809,
      1.580000000000041
    ],
    "obj_class": "vehicle",
    "point_num_in_lidar": 141,
    "speed": 2.898457019905882e-12,
    "if_vehicle": true,
    "motion_state": false,
    "pose": [
      [
        -0.543056974697714,
        -0.8390734185855666,
        0.03232522939279777,
        21.172496611723545
      ],
      [
        0.8396194329528879,
        -0.5431243952900829,
        0.007422873342091438,
        168.0320461123174
      ],
      [
        0.011328284955700174,
        0.031171933913573372,
        0.9994498389094123,
        0.6472372519762075
      ],
      [
        0.0,
        0.0,
        0.0,
        1.0
      ]
    ],
    "location": [
      21.172496611723545,
      168.0320461123174,
      0.6472372519762075
    ],
    "rotation": [
      0.03117898567512413,
      -0.011328527262903638,
      2.144911244254502
    ]
  },
  {
    "label_id": "yG3M2TzOjYRZzu4dX5NhaQ",
    "size": [
      2.125253293346204,
      4.951815409086059,
      1.740000000000009
    ],
    "obj_class": "vehicle",
    "point_num_in_lidar": 646,
    "speed": 2.2914314707516465e-12,
    "if_vehicle": true,
    "motion_state": false,
    "pose": [
      [
        -0.9961216625712688,
        0.0818334461021557,
        0.03232522939279777,
        9.895254652314179
      ],
      [
        -0.0816347108117309,
        -0.9966346747640442,
        0.007422873342091438,
        115.64614097974845
      ],
      [
        0.0328238837881273,
        0.004755224181176163,
        0.9994498389094123,
        0.5773266471849183
      ],
      [
        0.0,
        0.0,
        0.0,
        1.0
      ]
    ],
    "location": [
      9.895254652314179,
      115.64614097974845,
      0.5773266471849183
    ],
    "rotation": [
      0.0047578058598953124,
      -0.032829780763216236,
      -3.059822837792955
    ]
  }
]