[
  {
    "label_id": "0CWJ1b-PkQcbVS4j0rmKag",
    "size": [
      1.900915520105373,
      4.539417154857736,
      1.6000000000000227
    ],
    "obj_class": "vehicle",
    "point_num_in_lidar": 48,
    "speed": 1.4210854715202004e-12,
    "if_vehicle": true,
    "motion_state": false,
    "pose": [
      [
        0.09157295153958846,
        0.9955389207884517,
        0.02272997452028471,
        36.2050745035649
      ],
      [
        -0.995798102995347,
        0.09153233937920169,
        0.002822927317275045,
        147.75270524459665
      ],
      [
        0.0007298062730329299,
        -0.0228929692948567,
        0.9997376552574523,
        0.8852964642808274
      ],
      [
        0.0,
        0.0,
        0.0,
        1.0
      ]
    ],
    "location": [
      36.2050745035649,
      147.75270524459665,
      0.8852964642808274
    ],
    "rotation": [
      -0.022894975520043555,
      -0.0007298063378175072,
      -1.4790948829563917
    ]
  },
  {
    "label_id": "MCdbGuXo5n0rGOqsmX4hKQ",
    "size": [
      2.096128562413311,
      4.921915211129162,
      1.9500000000000455
    ],
    "obj_class": "vehicle",
    "point_num_in_lidar": 506,
    "speed": 21.203961134648626,
    "if_vehicle": true,
    "motion_state": true,
    "pose": [
      [
        -0.02197182840760846,
        -0.9995001685916486,
        0.02272997452028471,
        -10.195551993425397
      ],
      [
        0.9997558904231174,
        -0.02191325273985679,
        0.002822927317275045,
        159.30626546180793
      ],
      [
        -0.0023234286531048733,
        0.022786450790444338,
        0.9997376552574523,
        1.185746835534701
      ],
      [
        0.0,
        0.0,
        0.0,
        1.0
      ]
    ],
    "location": [
      -10.195551993425397,
      159.30626546180793,
      1.185746835534701
    ],
    "rotation": [
      0.022788484644203834,
      0.002323430743545453,
      1.5927699827645858
    ]
  },
  {
    "label_id": "RQYSKqtUmwrjJGJZpA3tVg",
    "size": [
      0.532551543723436,
      0.07736990587727632,
      0.4700000000000273
    ],
    "obj_class": "sign",
    "point_num_in_lidar": 35,
    "speed": 0.04127415273777471,
    "if_vehicle": false,
    "motion_state": false,
    "pose": [
      [
        -0.014653001051152347,
        0.9996342520234599,
        0.02272997452028471,
        1.9179862498440343
      ],
      [
        -0.9998876567215337,
        -0.014720904091853605,
        0.002822927317275045,
        128.9895998951506
      ],
      [
        0.0031565006122442193,
        -0.022686056603480297,
        0.9997376552574523,
        2.5341065418809876
      ],
      [
        0.0,
        0.0,
        0.0,
        1.0
      ]
    ],
    "location": [
      1.9179862498440343,
      128.9895998951506,
      2.5341065418809876
    ],
    "rotation": [
      -0.02268811602403597,
      -0.0031565058538979853,
      -1.5854499252613785
    ]
  },
  {
    "label_id": "TubRM9imbB3dB3qZlY-3Mw",
    "size": [
      1.97090089058388,
      4.668928977853678,
      1.4800000000000182
    ],
    "obj_class": "vehicle",
    "point_num_in_lidar": 395,
    "speed": 2.8421709430404007e-13,
    "if_vehicle": true,
    "motion_state": false,
    "pose": [
      [
        0.09157295153962294,
        0.9955389207884486,
        0.02272997452028471,
        27.90914893524132
      ],
      [
        -0.9957981029953439,
        0.09153233937923619,
        0.002822927317275045,
        147.71910604894765
      ],
      [
        0.0007298062730321367,
        -0.02289296929485673,
        0.9997376552574523,
        0.8052964642809002
      ],
      [
        0.0,
        0.0,
        0.0,
        1.0
      ]
    ],
    "location": [
      27.90914893524132,
      147.71910604894765,
      0.8052964642809002
    ],
    "rotation": [
      -0.022894975520043583,
      -0.000729806337816714,
      -1.479094882956357
    ]
  },
  {
    "label_id": "b0pkCF8rTsxZ2SBeavtLhw",
    "size": [
      2.162273695911182,
      4.5971013684743065,
      1.919999999999959
    ],
    "obj_class": "vehicle",
    "point_num_in_lidar": 851,
    "speed": 1.0247593068766006e-12,
    "if_vehicle": true,
    "motion_state": false,
    "pose": [
      [
        -0.9993071724983086,
        0.029470718548127325,
        0.02272997452028471,
        1.2107874532466667
      ],
      [
        -0.029414063276407228,
        -0.9995633266396546,
        0.002822927317275045,
        155.82659115932802
      ],
      [
        0.022803242642379613,
        0.0021523906067835823,
        0.9997376552574523,
        1.1176323935211485
      ],
      [
        0.0,
        0.0,
        0.0,
        1.0
      ]
    ],
    "location": [
      1.2107874532466667,
      155.82659115932802,
      1.1176323935211485
    ],
    "rotation": [
      0.0021529520968571825,
      -0.02280521933989847,
      -3.1121666934420005
    ]
  },
  {
    "label_id": "dm7iyeZQ4oJtAh2htq6bBw",
    "size": [
      2.088797501888915,
      4.861421279242145,
      1.8899999999999864
    ],
    "obj_class": "vehicle",
    "point_num_in_lidar": 106,
    "speed": 6.355287432313019e-13,
    "if_vehicle": true,
    "motion_state": false,
    "pose": [
      [
        0.09742462830018213,
        0.9949833114474225,
        0.02272997452028471,
        30.767000618814563
      ],
      [
        -0.99524272795325,
        0.09738554070052931,
        0.002822927317275045,
        147.33625969127024
      ],
      [
        0.0005951947113505318,
        -0.022896864492479976,
        0.9997376552574523,
        1.034405212750471
      ],
      [
        0.0,
        0.0,
        0.0,
        1.0
      ]
    ],
    "location": [
      30.767000618814563,
      147.33625969127024,
      1.034405212750471
    ],
    "rotation": [
      -0.022898869697509042,
      -0.0005951947464924943,
      -1.4732169005525477
    ]
  },
  {
    "label_id": "hGV4gjOZlXBoDBE31Y2RWg",
    "size": [
      1.969477433502616,
      4.512314289212184,
      2.0299999999999727
    ],
    "obj_class": "vehicle",
    "point_num_in_lidar": 579,
    "speed": 0.015901699861822712,
    "if_vehicle": true,
    "motion_state": false,
    "pose": [
      [
        0.9989373056637302,
        -0.04009498237428883,
        0.02272997452028471,
        22.741981169410792
      ],
      [
        0.04004105406864211,
        0.9991940477557065,
        0.002822927317275045,
        128.4753661513696
      ],
      [
        -0.022824840467337404,
        -0.0019097952696576974,
        0.9997376552574523,
        1.106045763603106
      ],
      [
        0.0,
        0.0,
        0.0,
        1.0
      ]
    ],
    "location": [
      22.741981169410792,
      128.4753661513696,
      1.106045763603106
    ],
    "rotation": [
      -0.0019102941021815973,
      0.022826822787674984,
      0.04006220395397429
    ]
  },
  {
    "label_id": "r07_JedKmQEwaD_E4tldAg",
    "size": [
      2.2847020182942583,
      5.374710864250809,
      1.580000000000041
    ],
    "obj_class": "vehicle",
    "point_num_in_lidar": 205,
    "speed": 2.898457019905882e-12,
    "if_vehicle": true,
    "motion_state": false,
    "pose": [
      [
        -0.5432005457642606,
        -0.8392952492059732,
        0.02272997452028471,
        21.172496611723545
      ],
      [
        0.8395436707084645,
        -0.5432848755990899,
        0.002822927317275045,
        168.0320461123174
      ],
      [
        0.009979581893380657,
        0.020616221903266344,
        0.9997376552574523,
        0.6253129270570525
      ],
      [
        0.0,
        0.0,
        0.0,
        1.0
      ]
    ],
    "location": [
      21.172496611723545,
      168.0320461123174,
      0.6253129270570525
    ],
    "rotation": [
      0.02061870949757128,
      -0.009979747548649253,
      2.145072950956224
    ]
  }
]