[
  {
    "label_id": "0CWJ1b-PkQcbVS4j0rmKag",
    "size": [
      1.9009155201053678,
      4.539417154857736,
      1.6000000000000227
    ],
    "obj_class": "vehicle",
    "point_num_in_lidar": 32,
    "speed": 1.4210854715202004e-12,
    "if_vehicle": true,
    "motion_state": false,
    "pose": [
      [
        0.09157299627960458,
        0.9955394071812783,
        0.02270848082819711,
        36.2050745035649
      ],
      [
        -0.9957974526183014,
        0.09157999059257287,
        0.000733949566441186,
        147.75270524459484
      ],
      [
        -0.0013489667443420984,
        -0.022680257322467357,
        0.9997418597900708,
        0.8852964642807137
      ],
      [
        0.0,
        0.0,
        0.0,
        1.0
      ]
    ],
    "location": [
      36.2050745035649,
      147.75270524459484,
      0.8852964642807137
    ],
    "rotation": [
      -0.022682222845448585,
      0.0013489671534640995,
      -1.4790947788473003
    ]
  },
  {
    "label_id": "MCdbGuXo5n0rGOqsmX4hKQ",
    "size": [
      2.0961285624135675,
      4.921915211129162,
      1.9500000000000455
    ],
    "obj_class": "vehicle",
    "point_num_in_lidar": 485,
    "speed": 21.18269811413096,
    "if_vehicle": true,
    "motion_state": true,
    "pose": [
      [
        -0.021048960571958215,
        -0.9995205181272246,
        0.02270848082819711,
        -10.22285585192185
      ],
      [
        0.9997784133461437,
        -0.021037716727374894,
        0.000733949566441186,
        161.4342628713457
      ],
      [
        -0.00025586306395591164,
        0.02271889780740206,
        0.9997418597900708,
        1.1867475394544726
      ],
      [
        0.0,
        0.0,
        0.0,
        1.0
      ]
    ],
    "location": [
      -10.22285585192185,
      161.4342628713457,
      1.1867475394544726
    ],
    "rotation": [
      0.02272085339214273,
      0.0002558630667476296,
      1.5918468426869745
    ]
  },
  {
    "label_id": "RQYSKqtUmwrjJGJZpA3tVg",
    "size": [
      0.5325515437234363,
      0.07736990587727632,
      0.4700000000000273
    ],
    "obj_class": "sign",
    "point_num_in_lidar": 30,
    "speed": 0.0412741523963518,
    "if_vehicle": false,
    "motion_state": false,
    "pose": [
      [
        -0.01465300821019454,
        0.9996347404171523,
        0.02270848082819711,
        1.9200829538294784
      ],
      [
        -0.9998920697200503,
        -0.01467345320597164,
        0.000733949566441186,
        128.98604369111672
      ],
      [
        0.001066893315139971,
        -0.022695275326481162,
        0.9997418597900708,
        2.5317343218346195
      ],
      [
        0.0,
        0.0,
        0.0,
        1.0
      ]
    ],
    "location": [
      1.9200829538294784,
      128.98604369111672,
      2.5317343218346195
    ],
    "rotation": [
      -0.022697236994917967,
      -0.0010668935175406446,
      -1.5854498677556255
    ]
  },
  {
    "label_id": "TubRM9imbB3dB3qZlY-3Mw",
    "size": [
      1.9709008905838803,
      4.668928977853678,
      1.4800000000000182
    ],
    "obj_class": "vehicle",
    "point_num_in_lidar": 379,
    "speed": 2.8421709430404007e-13,
    "if_vehicle": true,
    "motion_state": false,
    "pose": [
      [
        0.0915729962796364,
        0.9955394071812754,
        0.02270848082819711,
        27.9091489352395
      ],
      [
        -0.9957974526182984,
        0.09157999059260472,
        0.000733949566441186,
        147.71910604894765
      ],
      [
        -0.0013489667443428235,
        -0.022680257322467312,
        0.9997418597900708,
        0.8052964642809002
      ],
      [
        0.0,
        0.0,
        0.0,
        1.0
      ]
    ],
    "location": [
      27.9091489352395,
      147.71910604894765,
      0.8052964642809002
    ],
    "rotation": [
      -0.02268222284544854,
      0.0013489671534648246,
      -1.4790947788472684
    ]
  },
  {
    "label_id": "b0pkCF8rTsxZ2SBeavtLhw",
    "size": [
      2.1622736959111863,
      4.5971013684743065,
      1.919999999999959
    ],
    "obj_class": "vehicle",
    "point_num_in_lidar": 919,
    "speed": 1.0247593068766006e-12,
    "if_vehicle": true,
    "motion_state": false,
    "pose": [
      [
        -0.9993076607321988,
        0.02947073294670902,
        0.02270848082819711,
        1.2107874532448477
      ],
      [
        -0.02946166267088515,
        -0.9995656415417153,
        0.000733949566441186,
        155.8265911593262
      ],
      [
        0.02272024723914353,
        6.441182240714716e-05,
        0.9997418597900708,
        1.113630659355863
      ],
      [
        0.0,
        0.0,
        0.0,
        1.0
      ]
    ],
    "location": [
      1.2107874532448477,
      155.8265911593262,
      1.113630659355863
    ],
    "rotation": [
      6.442845389263538e-05,
      -0.022722202428444572,
      -3.112119116737185
    ]
  },
  {
    "label_id": "dm7iyeZQ4oJtAh2htq6bBw",
    "size": [
      2.088797501888913,
      4.861421279242145,
      1.8899999999999864
    ],
    "obj_class": "vehicle",
    "point_num_in_lidar": 65,
    "speed": 6.355287432313019e-13,
    "if_vehicle": true,
    "motion_state": false,
    "pose": [
      [
        0.0974246758991637,
        0.9949837975687937,
        0.02270848082819711,
        30.767000618812745
      ],
      [
        -0.9952417974226895,
        0.09743318726639413,
        0.000733949566441186,
        147.3362596912666
      ],
      [
        -0.0014822917382274292,
        -0.02267193407483044,
        0.9997418597900708,
        1.0323411934347178
      ],
      [
        0.0,
        0.0,
        0.0,
        1.0
      ]
    ],
    "location": [
      30.767000618812745,
      147.3362596912666,
      1.0323411934347178
    ],
    "rotation": [
      -0.02267390172966392,
      0.0014822922810404328,
      -1.4732167625232373
    ]
  },
  {
    "label_id": "hGV4gjOZlXBoDBE31Y2RWg",
    "size": [
      1.9694774335026162,
      4.512314289212184,
      2.0299999999999727
    ],
    "obj_class": "vehicle",
    "point_num_in_lidar": 606,
    "speed": 0.01590169986568364,
    "if_vehicle": true,
    "motion_state": false,
    "pose": [
      [
        0.9989377937169137,
        -0.04009500196359024,
        0.02270848082819711,
        22.74352283843473
      ],
      [
        0.04008867538712239,
        0.9991958563883959,
        0.000733949566441186,
        128.47575725961542
      ],
      [
        -0.02271964765771752,
        0.0001771829558560425,
        0.9997418597900708,
        1.1044084721344234
      ],
      [
        0.0,
        0.0,
        0.0,
        1.0
      ]
    ],
    "location": [
      22.74352283843473,
      128.47575725961542,
      1.1044084721344234
    ],
    "rotation": [
      0.00017722870385575496,
      0.022721602692207854,
      0.0401097797951815
    ]
  },
  {
    "label_id": "r07_JedKmQEwaD_E4tldAg",
    "size": [
      2.2847020182942512,
      5.374710864250809,
      1.580000000000041
    ],
    "obj_class": "vehicle",
    "point_num_in_lidar": 169,
    "speed": 2.898457019905882e-12,
    "if_vehicle": true,
    "motion_state": false,
    "pose": [
      [
        -0.5432008111570455,
        -0.8392956592624576,
        0.02270848082819711,
        21.172496611721726
      ],
      [
        0.8395209768322928,
        -0.543326780838739,
        0.000733949566441186,
        168.03204611231558
      ],
      [
        0.011722125100890908,
        0.019462928007104644,
        0.9997418597900708,
        0.6225700964952239
      ],
      [
        0.0,
        0.0,
        0.0,
        1.0
      ]
    ],
    "location": [
      21.172496611721726,
      168.03204611231558,
      0.6225700964952239
    ],
    "rotation": [
      0.01946549456850981,
      -0.011722393570209717,
      2.14508550257835
    ]
  }
]