[
  {
    "label_id": "879JO35UQnJCr5ErwcoArQ",
    "size": [
      2.4280288984896043,
      6.100753530004457,
      2.799999999999983
    ],
    "obj_class": "vehicle",
    "point_num_in_lidar": 2321,
    "speed": 0.04271141498748012,
    "if_vehicle": true,
    "motion_state": false,
    "pose": [
      [
        -0.32326648797038543,
        -0.9463059285411614,
        0.001966561248226574,
        14.123480907082012
      ],
      [
        0.94438096023797,
        -0.32247495393734055,
        0.06445545766744441,
        -29.11534302133441
      ],
      [
        -0.06036041496959969,
        0.022693472430645605,
        0.9979186472923217,
        4.302105300807185
      ],
      [
        0.0,
        0.0,
        0.0,
        1.0
      ]
    ],
    "location": [
      14.123480907082012,
      -29.11534302133441,
      4.302105300807185
    ],
    "rotation": [
      0.0227368851892522,
      0.06039712784474951,
      1.900599687801228
    ]
  },
  {
    "label_id": "Kq9qnezLjkFG5wjjq8IQSQ",
    "size": [
      2.02463080272427,
      4.44139922780337,
      1.5700000000000074
    ],
    "obj_class": "vehicle",
    "point_num_in_lidar": 441,
    "speed": 0.010949934452498566,
    "if_vehicle": true,
    "motion_state": false,
    "pose": [
      [
        -0.9123132039495282,
        0.40948840097883527,
        0.001966561248226574,
        3.9599164956562163
      ],
      [
        -0.40852205027743893,
        -0.910469784459648,
        0.06445545766744441,
        -39.51062257327612
      ],
      [
        0.028184256890400373,
        0.05800018146349773,
        0.9979186472923217,
        4.579242009813967
      ],
      [
        0.0,
        0.0,
        0.0,
        1.0
      ]
    ],
    "location": [
      3.9599164956562163,
      -39.51062257327612,
      4.579242009813967
    ],
    "rotation": [
      0.05805583866879617,
      -0.02818798959656084,
      -2.720580530738771
    ]
  },
  {
    "label_id": "O94l9mpekh5AFFYvqVCZgw",
    "size": [
      2.0687114667678714,
      4.781239024819779,
      1.7600000000000051
    ],
    "obj_class": "vehicle",
    "point_num_in_lidar": 65,
    "speed": 0.0282096479013795,
    "if_vehicle": true,
    "motion_state": false,
    "pose": [
      [
        -0.31231619842118186,
        -0.949976170669874,
        0.001966561248226574,
        3.5439121370127395
      ],
      [
        0.9480421894470134,
        -0.31154694831661134,
        0.06445545766744441,
        1.4771349508555431
      ],
      [
        -0.06061847269813033,
        0.021994866537644035,
        0.9979186472923217,
        1.1893955909793448
      ],
      [
        0.0,
        0.0,
        0.0,
        1.0
      ]
    ],
    "location": [
      3.5439121370127395,
      1.4771349508555431,
      1.1893955909793448
    ],
    "rotation": [
      0.022037173045181983,
      0.060655658986664696,
      1.8890323081970921
    ]
  },
  {
    "label_id": "Q8Fi8eptCTtVT1Vy0AVizw",
    "size": [
      2.6413474904456953,
      5.568944103738231,
      2.3100000000000023
    ],
    "obj_class": "vehicle",
    "point_num_in_lidar": 129,
    "speed": 0.029900036386212553,
    "if_vehicle": true,
    "motion_state": false,
    "pose": [
      [
        0.9541815995282271,
        -0.2992216699348677,
        0.001966561248226574,
        -5.496867071222368
      ],
      [
        0.29847909056278615,
        0.9522372217434543,
        0.06445545766744441,
        -0.18967247134060017
      ],
      [
        -0.021159102499068508,
        -0.060915234282539366,
        0.9979186472923217,
        1.4276623988778425
      ],
      [
        0.0,
        0.0,
        0.0,
        1.0
      ]
    ],
    "location": [
      -5.496867071222368,
      -0.18967247134060017,
      1.4276623988778425
    ],
    "rotation": [
      -0.06096663607880944,
      0.021160681665806584,
      0.30316873768567865
    ]
  },
  {
    "label_id": "RPBUDC98gK2kx2g2huH9ig",
    "size": [
      2.0876089500565205,
      4.964288169845656,
      1.7000000000000028
    ],
    "obj_class": "vehicle",
    "point_num_in_lidar": 2830,
    "speed": 4.263256414560601e-13,
    "if_vehicle": true,
    "motion_state": false,
    "pose": [
      [
        -0.9502154558844151,
        0.31158741957150643,
        0.001966561248226574,
        3.398471976969631
      ],
      [
        -0.31081965316931137,
        -0.948280885170944,
        0.06445545766744441,
        -46.00637119102612
      ],
      [
        0.021948362173110653,
        0.06063532620659933,
        0.9979186472923217,
        5.246441823999419
      ],
      [
        0.0,
        0.0,
        0.0,
        1.0
      ]
    ],
    "location": [
      3.398471976969631,
      -46.00637119102612,
      5.246441823999419
    ],
    "rotation": [
      0.06068718071837857,
      -0.021950124754848425,
      -2.8254585788739393
    ]
  },
  {
    "label_id": "f_z2h8bug3T2gY5LSZkElQ",
    "size": [
      2.417546130759981,
      6.016980524172949,
      3.069999999999993
    ],
    "obj_class": "vehicle",
    "point_num_in_lidar": 950,
    "speed": 0.018994944489342185,
    "if_vehicle": true,
    "motion_state": false,
    "pose": [
      [
        -0.31281030895348255,
        -0.9498135834200749,
        0.001966561248226574,
        10.622320165884958
      ],
      [
        0.947880002602671,
        -0.3120400529464777,
        0.06445545766744441,
        -19.12157469592603
      ],
      [
        -0.06060702334207722,
        0.022026395707778725,
        0.9979186472923217,
        3.7043391602625633
      ],
      [
        0.0,
        0.0,
        0.0,
        1.0
      ]
    ],
    "location": [
      10.622320165884958,
      -19.12157469592603,
      3.7043391602625633
    ],
    "rotation": [
      0.022068752612336005,
      0.06064418854055705,
      1.889553313554427
    ]
  },
  {
    "label_id": "lI8jnQ9wYsgrTMSDNeo1Sg",
    "size": [
      2.0018879680484623,
      4.869494509335539,
      1.6200000000000045
    ],
    "obj_class": "vehicle",
    "point_num_in_lidar": 82,
    "speed": 0.01180152451379661,
    "if_vehicle": true,
    "motion_state": false,
    "pose": [
      [
        -0.3548266324576691,
        -0.934930047402268,
        0.001966561248226574,
        6.994901738435146
      ],
      [
        0.9330327128575111,
        -0.353970974395689,
        0.06445545766744441,
        -8.20869941177807
      ],
      [
        -0.05956523849111513,
        0.02470537896409045,
        0.9979186472923217,
        1.9971709076519204
      ],
      [
        0.0,
        0.0,
        0.0,
        1.0
      ]
    ],
    "location": [
      6.994901738435146,
      -8.20869941177807,
      1.9971709076519204
    ],
    "rotation": [
      0.024751850805649664,
      0.05960051793374508,
      1.934200111796975
    ]
  },
  {
    "label_id": "vu5PviwQWUG3EiiWLKY9HQ",
    "size": [
      2.098929715682263,
      5.010782707936555,
      1.5700000000000074
    ],
    "obj_class": "vehicle",
    "point_num_in_lidar": 5063,
    "speed": 0.01854466194049298,
    "if_vehicle": true,
    "motion_state": false,
    "pose": [
      [
        -0.5079225374180257,
        -0.8614005041905253,
        0.001966561248226574,
        18.34267057935722
      ],
      [
        0.8596753326240979,
        -0.5067581439449463,
        0.06445545766744441,
        -40.63591660224665
      ],
      [
        -0.05452539280446233,
        0.03442898380408336,
        0.9979186472923217,
        4.851880045774266
      ],
      [
        0.0,
        0.0,
        0.0,
        1.0
      ]
    ],
    "location": [
      18.34267057935722,
      -40.63591660224665,
      4.851880045774266
    ],
    "rotation": [
      0.034487113071351806,
      0.05455244651403933,
      2.104446378066608
    ]
  }
]