[
  {
    "label_id": "7KXT09blx2fQsCNYqP3j6g",
    "size": [
      0.5302102402001013,
      0.09713805671867172,
      0.5400000000000063
    ],
    "obj_class": "sign",
    "point_num_in_lidar": 82,
    "speed": 0.027151235749321573,
    "if_vehicle": false,
    "motion_state": false,
    "pose": [
      [
        -0.22859873892544383,
        0.9730503393156791,
        -0.030259770642527224,
        8.665677118116946
      ],
      [
        -0.9711548540200557,
        -0.2257673203106651,
        0.07672917693436791,
        -8.163998213749437
      ],
      [
        0.06782968432022077,
        0.046927116227007654,
        0.9965926849458789,
        4.035572206267773
      ],
      [
        0.0,
        0.0,
        0.0,
        1.0
      ]
    ],
    "location": [
      8.665677118116946,
      -8.163998213749437,
      4.035572206267773
    ],
    "rotation": [
      0.04705280315450958,
      -0.06788180485121625,
      -1.8019764764970905
    ]
  },
  {
    "label_id": "HvuvFbv43gxAzu4E8WOQpw",
    "size": [
      1.949612145246438,
      4.825332542451997,
      1.8000000000000114
    ],
    "obj_class": "vehicle",
    "point_num_in_lidar": 76,
    "speed": 0.011102383489718029,
    "if_vehicle": true,
    "motion_state": false,
    "pose": [
      [
        0.9381353718177032,
        -0.3449440105656589,
        -0.030259770642527224,
        -23.997466235313368
      ],
      [
        0.346263905028711,
        0.9349940863349041,
        0.07672917693436791,
        42.93269450281332
      ],
      [
        0.0018254365854705808,
        -0.0824602212805442,
        0.9965926849458789,
        -2.5343100905674163
      ],
      [
        0.0,
        0.0,
        0.0,
        1.0
      ]
    ],
    "location": [
      -23.997466235313368,
      42.93269450281332,
      -2.5343100905674163
    ],
    "rotation": [
      -0.0825540968774786,
      -0.0018254375992644307,
      0.3535863153980937
    ]
  },
  {
    "label_id": "I-Fu2Xu4O2bn6bvJdM-DcQ",
    "size": [
      1.9310643852895526,
      4.533620881541709,
      1.6200000000000045
    ],
    "obj_class": "vehicle",
    "point_num_in_lidar": 74,
    "speed": 0.019082366197338545,
    "if_vehicle": true,
    "motion_state": false,
    "pose": [
      [
        -0.3531224945512236,
        -0.9350876162812674,
        -0.030259770642527224,
        0.41411952936778107
      ],
      [
        0.9319349254659764,
        -0.3544149095392284,
        0.07672917693436791,
        10.958408244896418
      ],
      [
        -0.08247301703373078,
        -0.001105338734434948,
        0.9965926849458789,
        0.014547625287164578
      ],
      [
        0.0,
        0.0,
        0.0,
        1.0
      ]
    ],
    "location": [
      0.41411952936778107,
      10.958408244896418,
      0.014547625287164578
    ],
    "rotation": [
      -0.0011091173935858867,
      0.0825667985065889,
      1.932993372926942
    ]
  },
  {
    "label_id": "O94l9mpekh5AFFYvqVCZgw",
    "size": [
      2.068711466767869,
      4.781239024819779,
      1.7600000000000051
    ],
    "obj_class": "vehicle",
    "point_num_in_lidar": 330,
    "speed": 0.028209647901123843,
    "if_vehicle": true,
    "motion_state": false,
    "pose": [
      [
        -0.3121737825755266,
        -0.9495429825727477,
        -0.030259770642527224,
        3.4380918064680372
      ],
      [
        0.9464494030238506,
        -0.3136019147307158,
        0.07672917693436791,
        1.4385804144167196
      ],
      [
        -0.08234717352942063,
        -0.0046865044627500555,
        0.9965926849458789,
        1.1131804326761738
      ],
      [
        0.0,
        0.0,
        0.0,
        1.0
      ]
    ],
    "location": [
      3.4380918064680372,
      1.4385804144167196,
      1.1131804326761738
    ],
    "rotation": [
      -0.00470249279227279,
      0.08244052548488982,
      1.8893966501343853
    ]
  },
  {
    "label_id": "OXn1T-nTsolt5qEA1iMKew",
    "size": [
      0.5578242238881884,
      0.1019665688612946,
      0.5
    ],
    "obj_class": "sign",
    "point_num_in_lidar": 39,
    "speed": 0.019752272677646558,
    "if_vehicle": false,
    "motion_state": false,
    "pose": [
      [
        0.32071034633222584,
        0.9466938364836467,
        -0.030259770642527224,
        -3.8271647968376783
      ],
      [
        -0.9435875241270443,
        0.3221105675366287,
        0.07672917693436791,
        -6.797366940052598
      ],
      [
        0.08238603077742193,
        0.003944901152826717,
        0.9965926849458789,
        3.871440821835918
      ],
      [
        0.0,
        0.0,
        0.0,
        1.0
      ]
    ],
    "location": [
      -3.8271647968376783,
      -6.797366940052598,
      3.871440821835918
    ],
    "rotation": [
      0.003958367955736707,
      -0.08247951521615773,
      -1.2431617615419088
    ]
  },
  {
    "label_id": "Q8Fi8eptCTtVT1Vy0AVizw",
    "size": [
      2.6413474904454253,
      5.568944103738231,
      2.3100000000000023
    ],
    "obj_class": "vehicle",
    "point_num_in_lidar": 1139,
    "speed": 0.022672699664227795,
    "if_vehicle": true,
    "motion_state": false,
    "pose": [
      [
        0.9556381644232541,
        -0.292984717994668,
        -0.030259770642527224,
        -5.584175600501112
      ],
      [
        0.2944748714278266,
        0.9525739779694485,
        0.07672917693436791,
        -0.16577823906118283
      ],
      [
        0.006344193827316522,
        -0.08223607187266016,
        0.9965926849458789,
        1.427662398877942
      ],
      [
        0.0,
        0.0,
        0.0,
        1.0
      ]
    ],
    "location": [
      -5.584175600501112,
      -0.16577823906118283,
      1.427662398877942
    ],
    "rotation": [
      -0.0823307063475575,
      -0.006344236385780481,
      0.29891217985526386
    ]
  },
  {
    "label_id": "XijTh8OxfGsgllnmHz65UQ",
    "size": [
      2.1029405699320503,
      4.501152044097126,
      1.8599999999999994
    ],
    "obj_class": "vehicle",
    "point_num_in_lidar": 20,
    "speed": 0.022341012349568472,
    "if_vehicle": true,
    "motion_state": false,
    "pose": [
      [
        -0.3311148165225794,
        -0.9431051503198783,
        -0.030259770642527224,
        -3.5071237482688957
      ],
      [
        0.939983608634246,
        -0.33248074967720304,
        0.07672917693436791,
        22.217448720824905
      ],
      [
        -0.08242447317489525,
        -0.0030375210624555946,
        0.9965926849458789,
        -1.0376323231869833
      ],
      [
        0.0,
        0.0,
        0.0,
        1.0
      ]
    ],
    "location": [
      -3.5071237482688957,
      22.217448720824905,
      -1.0376323231869833
    ],
    "rotation": [
      -0.0030478968012429834,
      0.08251808880613556,
      1.9094794834097832
    ]
  },
  {
    "label_id": "d41nDrdSUfEL_N3Bq-VPHw",
    "size": [
      2.0690035287693034,
      4.068906218702599,
      1.7000000000000028
    ],
    "obj_class": "vehicle",
    "point_num_in_lidar": 35,
    "speed": 0.012867254940416352,
    "if_vehicle": true,
    "motion_state": false,
    "pose": [
      [
        -0.9511824285237616,
        0.3071422047656441,
        -0.030259770642527224,
        -10.31368038123037
      ],
      [
        -0.3085866953649552,
        -0.9480964533478177,
        0.07672917693436791,
        4.470269968762295
      ],
      [
        -0.005122412651823514,
        0.08232120748014042,
        0.9965926849458789,
        0.5209212763395499
      ],
      [
        0.0,
        0.0,
        0.0,
        1.0
      ]
    ],
    "location": [
      -10.31368038123037,
      4.470269968762295,
      0.5209212763395499
    ],
    "rotation": [
      0.08241555469199904,
      0.0051224350533473715,
      -2.8278815418212777
    ]
  },
  {
    "label_id": "ewfgYuzQJJWgeHKMp59PEw",
    "size": [
      2.2558626953251566,
      5.044880474012572,
      1.990000000000009
    ],
    "obj_class": "vehicle",
    "point_num_in_lidar": 76,
    "speed": 0.007364061475870814,
    "if_vehicle": true,
    "motion_state": false,
    "pose": [
      [
        -0.287247108759325,
        -0.9573784229812526,
        -0.030259770642527224,
        -1.828296377983861
      ],
      [
        0.9543232302506036,
        -0.2887556157220632,
        0.07672917693436791,
        16.957294488689513
      ],
      [
        -0.08219653711356602,
        -0.006837367834339092,
        0.9965926849458789,
        -0.4511329303222311
      ],
      [
        0.0,
        0.0,
        0.0,
        1.0
      ]
    ],
    "location": [
      -1.828296377983861,
      16.957294488689513,
      -0.4511329303222311
    ],
    "rotation": [
      -0.006860636910914597,
      0.08228937666298682,
      1.8631662801657582
    ]
  },
  {
    "label_id": "f_z2h8bug3T2gY5LSZkElQ",
    "size": [
      2.4175461307599795,
      6.016980524172949,
      3.069999999999993
    ],
    "obj_class": "vehicle",
    "point_num_in_lidar": 24911,
    "speed": 0.01899494448766998,
    "if_vehicle": true,
    "motion_state": false,
    "pose": [
      [
        -0.3126676677939659,
        -0.9493804694625564,
        -0.030259770642527224,
        10.549765608786402
      ],
      [
        0.946286147455154,
        -0.3140941905566814,
        0.07672917693436791,
        -19.14364119356469
      ],
      [
        -0.08234960018582119,
        -0.004643668980374283,
        0.9965926849458789,
        3.5967731002001244
      ],
      [
        0.0,
        0.0,
        0.0,
        1.0
      ]
    ],
    "location": [
      10.549765608786402,
      -19.14364119356469,
      3.5967731002001244
    ],
    "rotation": [
      -0.004659511798712128,
      0.08244296041126496,
      1.8899185910518896
    ]
  },
  {
    "label_id": "lI8jnQ9wYsgrTMSDNeo1Sg",
    "size": [
      2.001887968048466,
      4.869494509335539,
      1.6200000000000045
    ],
    "obj_class": "vehicle",
    "point_num_in_lidar": 990,
    "speed": 0.015171463383717446,
    "if_vehicle": true,
    "motion_state": false,
    "pose": [
      [
        -0.35466483190048975,
        -0.93450372032093,
        -0.030259770642527224,
        6.951364195728274
      ],
      [
        0.9313489014179256,
        -0.35595204344770576,
        0.07672917693436791,
        -8.226712474848682
      ],
      [
        -0.08247472849679617,
        -0.0009692635057855983,
        0.9965926849458789,
        1.9848673054294323
      ],
      [
        0.0,
        0.0,
        0.0,
        1.0
      ]
    ],
    "location": [
      6.951364195728274,
      -8.226712474848682,
      1.9848673054294323
    ],
    "rotation": [
      -0.0009725770766894994,
      0.0825685158201516,
      1.934648931000593
    ]
  },
  {
    "label_id": "zJ0ufOd6ylfP9pzkJxPojQ",
    "size": [
      2.7982859762618544,
      6.402914888375439,
      2.3699999999999903
    ],
    "obj_class": "vehicle",
    "point_num_in_lidar": 69,
    "speed": 0.019176951494721123,
    "if_vehicle": true,
    "motion_state": false,
    "pose": [
      [
        0.32680755076660145,
        0.9446063577187044,
        -0.030259770642527224,
        -18.570033104918366
      ],
      [
        -0.9414910819110718,
        0.32818771471353664,
        0.07672917693436791,
        44.04474120458872
      ],
      [
        0.08240975332965406,
        0.003413629814355861,
        0.9965926849458789,
        -2.5924964013047287
      ],
      [
        0.0,
        0.0,
        0.0,
        1.0
      ]
    ],
    "location": [
      -18.570033104918366,
      44.04474120458872,
      -2.5924964013047287
    ],
    "rotation": [
      0.003425287497756488,
      -0.08250331871189125,
      -1.2366921954172307
    ]
  }
]