[
  {
    "label_id": "879JO35UQnJCr5ErwcoArQ",
    "size": [
      2.428028898489604,
      6.100753530004457,
      2.799999999999997
    ],
    "obj_class": "vehicle",
    "point_num_in_lidar": 9876,
    "speed": 0.042711416060824056,
    "if_vehicle": true,
    "motion_state": false,
    "pose": [
      [
        -0.32317995314165177,
        -0.946052613012015,
        -0.0232200624568148,
        14.05136944930473
      ],
      [
        0.9415796755447848,
        -0.32391566349892575,
        0.09222991673545099,
        -29.121333950812186
      ],
      [
        -0.09477569566263963,
        0.007943321294604176,
        0.9954669613595789,
        4.278530624056771
      ],
      [
        0.0,
        0.0,
        0.0,
        1.0
      ]
    ],
    "location": [
      14.05136944930473,
      -29.121333950812186,
      4.278530624056771
    ],
    "rotation": [
      0.007979323291998616,
      0.09491815831272596,
      1.9014287643709804
    ]
  },
  {
    "label_id": "Kq9qnezLjkFG5wjjq8IQSQ",
    "size": [
      2.0246308027242703,
      4.44139922780337,
      1.5700000000000074
    ],
    "obj_class": "vehicle",
    "point_num_in_lidar": 2030,
    "speed": 0.0102977097057007,
    "if_vehicle": true,
    "motion_state": false,
    "pose": [
      [
        -0.9120689878931396,
        0.4093787855068773,
        -0.0232200624568148,
        3.9527814101638796
      ],
      [
        -0.4096972253802318,
        -0.9075471480726008,
        0.09222991673545099,
        -39.49349869550497
      ],
      [
        0.016683669839809397,
        0.09363324197208402,
        0.9954669613595789,
        4.579242009813896
      ],
      [
        0.0,
        0.0,
        0.0,
        1.0
      ]
    ],
    "location": [
      3.9527814101638796,
      -39.49349869550497,
      4.579242009813896
    ],
    "rotation": [
      0.09378369263046146,
      -0.016684443905669224,
      -2.719408006141993
    ]
  },
  {
    "label_id": "O94l9mpekh5AFFYvqVCZgw",
    "size": [
      2.06871146676787,
      4.781239024819779,
      1.7600000000000051
    ],
    "obj_class": "vehicle",
    "point_num_in_lidar": 142,
    "speed": 0.028209648608420106,
    "if_vehicle": true,
    "motion_state": false,
    "pose": [
      [
        -0.31223259486267296,
        -0.9497218726578974,
        -0.0232200624568148,
        3.499008053077887
      ],
      [
        0.9452577300883691,
        -0.31301991337158624,
        0.09222991673545099,
        1.460774615074115
      ],
      [
        -0.09486111117578944,
        0.006848242695839209,
        0.9954669613595789,
        1.1985591916432554
      ],
      [
        0.0,
        0.0,
        0.0,
        1.0
      ]
    ],
    "location": [
      3.499008053077887,
      1.460774615074115,
      1.1985591916432554
    ],
    "rotation": [
      0.006879318882720413,
      0.09500396039984368,
      1.8898277234174699
    ]
  },
  {
    "label_id": "OXn1T-nTsolt5qEA1iMKew",
    "size": [
      0.5578242238881892,
      0.1019665688612946,
      0.5
    ],
    "obj_class": "sign",
    "point_num_in_lidar": 23,
    "speed": 0.03537478561054815,
    "if_vehicle": false,
    "motion_state": false,
    "pose": [
      [
        0.32077076687371114,
        0.946872189801112,
        -0.0232200624568148,
        -3.757115869586414
      ],
      [
        -0.9424011395462352,
        0.32151786053177384,
        0.09222991673545099,
        -6.775671612593214
      ],
      [
        0.09479560802699995,
        -0.007702047800292118,
        0.9954669613595789,
        3.938062700419522
      ],
      [
        0.0,
        0.0,
        0.0,
        1.0
      ]
    ],
    "location": [
      -3.757115869586414,
      -6.775671612593214,
      3.938062700419522
    ],
    "rotation": [
      -0.007736966082710459,
      -0.09493816073389201,
      -1.2427207854757312
    ]
  },
  {
    "label_id": "Q8Fi8eptCTtVT1Vy0AVizw",
    "size": [
      2.6413474904450784,
      5.568944103738231,
      2.3100000000000023
    ],
    "obj_class": "vehicle",
    "point_num_in_lidar": 435,
    "speed": 0.02267270023349792,
    "if_vehicle": true,
    "motion_state": false,
    "pose": [
      [
        0.954733805367208,
        -0.2965538561350231,
        -0.0232200624568148,
        -5.5339158015704015
      ],
      [
        0.29741456649429066,
        0.9502832304613108,
        0.09222991673545099,
        -0.17953313013640582
      ],
      [
        -0.0052855014959347175,
        -0.09496100418310177,
        0.9954669613595789,
        1.4276623988781836
      ],
      [
        0.0,
        0.0,
        0.0,
        1.0
      ]
    ],
    "location": [
      -5.5339158015704015,
      -0.17953313013640582,
      1.4276623988781836
    ],
    "rotation": [
      -0.09510563888315314,
      0.005285526106002486,
      0.30198788537751703
    ]
  },
  {
    "label_id": "RPBUDC98gK2kx2g2huH9ig",
    "size": [
      2.08760895005652,
      4.964288169845656,
      1.7000000000000028
    ],
    "obj_class": "vehicle",
    "point_num_in_lidar": 1363,
    "speed": 0.01013620315788732,
    "if_vehicle": true,
    "motion_state": false,
    "pose": [
      [
        -0.9499610938184586,
        0.3115040110989574,
        -0.0232200624568148,
        3.392971850311369
      ],
      [
        -0.31229475363321724,
        -0.9454975564813162,
        0.09222991673545099,
        -46.00836997884289
      ],
      [
        0.006775476692153899,
        0.09486633626909326,
        0.9954669613595789,
        5.246441823999433
      ],
      [
        0.0,
        0.0,
        0.0,
        1.0
      ]
    ],
    "location": [
      3.392971850311369,
      -46.00836997884289,
      5.246441823999433
    ],
    "rotation": [
      0.09501139662271915,
      -0.00677552853362159,
      -2.8239774635623522
    ]
  },
  {
    "label_id": "d41nDrdSUfEL_N3Bq-VPHw",
    "size": [
      2.069003528769305,
      4.068906218702599,
      1.7000000000000028
    ],
    "obj_class": "vehicle",
    "point_num_in_lidar": 36,
    "speed": 0.012867255264872866,
    "if_vehicle": true,
    "motion_state": false,
    "pose": [
      [
        -0.9513616274739465,
        0.30720006912373177,
        -0.0232200624568148,
        -10.290449192316373
      ],
      [
        -0.30801101128340375,
        -0.9469017158011419,
        0.09222991673545099,
        4.4885686291654565
      ],
      [
        0.006345919815038957,
        0.09489603860661253,
        0.9954669613595789,
        0.5209212763398909
      ],
      [
        0.0,
        0.0,
        0.0,
        1.0
      ]
    ],
    "location": [
      -10.290449192316373,
      4.4885686291654565,
      0.5209212763398909
    ],
    "rotation": [
      0.09504096559249328,
      -0.0063459624082478775,
      -2.82848444090177
    ]
  },
  {
    "label_id": "ewfgYuzQJJWgeHKMp59PEw",
    "size": [
      2.2558626953251566,
      5.044880474012572,
      1.990000000000009
    ],
    "obj_class": "vehicle",
    "point_num_in_lidar": 35,
    "speed": 0.007364061659593598,
    "if_vehicle": true,
    "motion_state": false,
    "pose": [
      [
        -0.28730122496121085,
        -0.9575587892319142,
        -0.0232200624568148,
        -1.8116022404410614
      ],
      [
        0.9531167516091125,
        -0.2882049622422644,
        0.09222991673545099,
        16.960078038435313
      ],
      [
        -0.09500770462378802,
        0.004366337555165521,
        0.9954669613595789,
        -0.3915473884578802
      ],
      [
        0.0,
        0.0,
        0.0,
        1.0
      ]
    ],
    "location": [
      -1.8116022404410614,
      16.960078038435313,
      -0.3915473884578802
    ],
    "rotation": [
      0.004386192333600499,
      0.0951512189367651,
      1.8635676496411824
    ]
  },
  {
    "label_id": "f_z2h8bug3T2gY5LSZkElQ",
    "size": [
      2.417546130759981,
      6.016980524172949,
      3.069999999999993
    ],
    "obj_class": "vehicle",
    "point_num_in_lidar": 2329,
    "speed": 0.018994944965663386,
    "if_vehicle": true,
    "motion_state": false,
    "pose": [
      [
        -0.3127265731271026,
        -0.9495593289308892,
        -0.0232200624568148,
        10.591532169807579
      ],
      [
        0.9450947774227972,
        -0.313511569399161,
        0.09222991673545099,
        -19.1309384529377
      ],
      [
        -0.09485753606504915,
        0.006897586041108763,
        0.9954669613595789,
        3.654218685831381
      ],
      [
        0.0,
        0.0,
        0.0,
        1.0
      ]
    ],
    "location": [
      10.591532169807579,
      -19.1309384529377,
      3.654218685831381
    ],
    "rotation": [
      0.006928884559113045,
      0.09500036909478629,
      1.890350241114025
    ]
  },
  {
    "label_id": "lI8jnQ9wYsgrTMSDNeo1Sg",
    "size": [
      2.001887968048466,
      4.869494509335539,
      1.6200000000000045
    ],
    "obj_class": "vehicle",
    "point_num_in_lidar": 177,
    "speed": 0.01180152480966213,
    "if_vehicle": true,
    "motion_state": false,
    "pose": [
      [
        -0.35473164933070916,
        -0.9346797770694605,
        -0.0232200624568148,
        6.976426900359911
      ],
      [
        0.9301846786305003,
        -0.35531690939222765,
        0.09222991673545099,
        -8.216343123453044
      ],
      [
        -0.09445591884147615,
        0.011117924147028084,
        0.9954669613595789,
        1.9919499639633358
      ],
      [
        0.0,
        0.0,
        0.0,
        1.0
      ]
    ],
    "location": [
      6.976426900359911,
      -8.216343123453044,
      1.9919499639633358
    ],
    "rotation": [
      0.011168087282329393,
      0.09459694046247905,
      1.9351278356580852
    ]
  },
  {
    "label_id": "vu5PviwQWUG3EiiWLKY9HQ",
    "size": [
      2.098929715682262,
      5.010782707936555,
      1.5699999999999932
    ],
    "obj_class": "vehicle",
    "point_num_in_lidar": 4224,
    "speed": 0.018560677904650023,
    "if_vehicle": true,
    "motion_state": false,
    "pose": [
      [
        -0.5077865722270121,
        -0.8611699168952914,
        -0.0232200624568148,
        18.318501864833706
      ],
      [
        0.8566406086017233,
        -0.5076027089697618,
        0.09222991673545099,
        -40.65598992139894
      ],
      [
        -0.09121219633585421,
        0.026941864841101535,
        0.9954669613595789,
        4.8576687947350905
      ],
      [
        0.0,
        0.0,
        0.0,
        1.0
      ]
    ],
    "location": [
      18.318501864833706,
      -40.65598992139894,
      4.8576687947350905
    ],
    "rotation": [
      0.027057944223288596,
      0.09133914801640644,
      2.105878991532181
    ]
  }
]