[
  {
    "label_id": "7KXT09blx2fQsCNYqP3j6g",
    "size": [
      0.5302102402001013,
      0.09713805671867172,
      0.5400000000000063
    ],
    "obj_class": "sign",
    "point_num_in_lidar": 89,
    "speed": 0.022523175663543945,
    "if_vehicle": false,
    "motion_state": false,
    "pose": [
      [
        -0.22858130631732934,
        0.972976135908708,
        -0.03268065719080435,
        8.661959883395866
      ],
      [
        -0.9712909731464052,
        -0.22565545715283625,
        0.07532237477306312,
        -8.163694967493939
      ],
      [
        0.06591230451571642,
        0.04895971414647065,
        0.9966235570686273,
        4.035538698503544
      ],
      [
        0.0,
        0.0,
        0.0,
        1.0
      ]
    ],
    "location": [
      8.661959883395866,
      -8.163694967493939,
      4.035538698503544
    ],
    "rotation": [
      0.04908612236750565,
      -0.06596012331321892,
      -1.8019282142138053
    ]
  },
  {
    "label_id": "HvuvFbv43gxAzu4E8WOQpw",
    "size": [
      1.9496121452464361,
      4.825332542451997,
      1.8000000000000114
    ],
    "obj_class": "vehicle",
    "point_num_in_lidar": 87,
    "speed": 0.011102383490097425,
    "if_vehicle": true,
    "motion_state": false,
    "pose": [
      [
        0.938063830975495,
        -0.3449177056359321,
        -0.03268065719080435,
        -23.999442645244926
      ],
      [
        0.34643223267708695,
        0.9350461207988167,
        0.07532237477306312,
        42.93168153780425
      ],
      [
        0.004577901041642818,
        -0.08197882847375641,
        0.9966235570686273,
        -2.541468394251666
      ],
      [
        0.0,
        0.0,
        0.0,
        1.0
      ]
    ],
    "location": [
      -23.999442645244926,
      42.93168153780425,
      -2.541468394251666
    ],
    "rotation": [
      -0.0820717927294195,
      -0.0045779170317747425,
      0.3537690037502004
    ]
  },
  {
    "label_id": "I-Fu2Xu4O2bn6bvJdM-DcQ",
    "size": [
      1.9310643852895526,
      4.533620881541709,
      1.6200000000000045
    ],
    "obj_class": "vehicle",
    "point_num_in_lidar": 88,
    "speed": 0.019082366675331617,
    "if_vehicle": true,
    "motion_state": false,
    "pose": [
      [
        -0.3530955659421739,
        -0.9350163078564744,
        -0.03268065719080435,
        0.41067945998293
      ],
      [
        0.9319854881385276,
        -0.35458368512628563,
        0.07532237477306312,
        10.956753964987001
      ],
      [
        -0.08201567661835536,
        -0.0038619016960564348,
        0.9966235570686273,
        0.008349973726325288
      ],
      [
        0.0,
        0.0,
        0.0,
        1.0
      ]
    ],
    "location": [
      0.41067945998293,
      10.956753964987001,
      0.008349973726325288
    ],
    "rotation": [
      -0.003874965968206715,
      0.08210790344016242,
      1.9329501298947032
    ]
  },
  {
    "label_id": "O94l9mpekh5AFFYvqVCZgw",
    "size": [
      2.0687114667678688,
      4.781239024819779,
      1.7600000000000051
    ],
    "obj_class": "vehicle",
    "point_num_in_lidar": 412,
    "speed": 0.028209648608406655,
    "if_vehicle": true,
    "motion_state": false,
    "pose": [
      [
        -0.3121499766558359,
        -0.9494705718026959,
        -0.03268065719080435,
        3.432789800917817
      ],
      [
        0.946507248732403,
        -0.31376833485162775,
        0.07532237477306312,
        1.436648683857129
      ],
      [
        -0.08177053363393275,
        -0.007420601397361282,
        0.9966235570686273,
        1.1057492680994727
      ],
      [
        0.0,
        0.0,
        0.0,
        1.0
      ]
    ],
    "location": [
      3.432789800917817,
      1.436648683857129,
      1.1057492680994727
    ],
    "rotation": [
      -0.00744560392827051,
      0.08186193427385761,
      1.8893557859534924
    ]
  },
  {
    "label_id": "OXn1T-nTsolt5qEA1iMKew",
    "size": [
      0.5578242238881895,
      0.1019665688612946,
      0.5
    ],
    "obj_class": "sign",
    "point_num_in_lidar": 36,
    "speed": 0.01607223039115351,
    "if_vehicle": false,
    "motion_state": false,
    "pose": [
      [
        0.32068588942657894,
        0.9466216429853384,
        -0.03268065719080435,
        -3.8281897470515105
      ],
      [
        -0.9436438691262423,
        0.3222775017263874,
        0.07532237477306312,
        -6.797400005398231
      ],
      [
        0.08183403071546332,
        0.006684079049297116,
        0.9966235570686273,
        3.8662222014123415
      ],
      [
        0.0,
        0.0,
        0.0,
        1.0
      ]
    ],
    "location": [
      -3.8281897470515105,
      -6.797400005398231,
      3.8662222014123415
    ],
    "rotation": [
      0.006706623366109654,
      -0.08192564487655937,
      -1.2432031885033146
    ]
  },
  {
    "label_id": "Q8Fi8eptCTtVT1Vy0AVizw",
    "size": [
      2.6413474904465173,
      5.568944103738231,
      2.3100000000000023
    ],
    "obj_class": "vehicle",
    "point_num_in_lidar": 1234,
    "speed": 0.02267270023363499,
    "if_vehicle": true,
    "motion_state": false,
    "pose": [
      [
        0.9556590357976409,
        -0.2926564230354438,
        -0.03268065719080435,
        -5.588550094134007
      ],
      [
        0.2943350783202107,
        0.9527294482321734,
        0.07532237477306312,
        -0.16458104598314094
      ],
      [
        0.009092247717640042,
        -0.0816015718434254,
        0.9966235570686273,
        1.4276623988777857
      ],
      [
        0.0,
        0.0,
        0.0,
        1.0
      ]
    ],
    "location": [
      -5.588550094134007,
      -0.16458104598314094,
      1.4276623988777857
    ],
    "rotation": [
      -0.08169579039369644,
      -0.009092372996757393,
      0.29877243354207533
    ]
  },
  {
    "label_id": "XijTh8OxfGsgllnmHz65UQ",
    "size": [
      2.10294056993205,
      4.501152044097126,
      1.8599999999999994
    ],
    "obj_class": "vehicle",
    "point_num_in_lidar": 26,
    "speed": 0.02234101291047252,
    "if_vehicle": true,
    "motion_state": false,
    "pose": [
      [
        -0.33108956618712737,
        -0.9430332304895714,
        -0.03268065719080435,
        -3.5113889030117207
      ],
      [
        0.940038112128958,
        -0.33264829415400726,
        0.07532237477306312,
        22.21611437213869
      ],
      [
        -0.08190266727674086,
        -0.005782610900979688,
        0.9966235570686273,
        -1.0447816115763686
      ],
      [
        0.0,
        0.0,
        0.0,
        1.0
      ]
    ],
    "location": [
      -3.5113889030117207,
      22.21611437213869,
      -1.0447816115763686
    ],
    "rotation": [
      -0.0058021365937976545,
      0.08199451261635064,
      1.9094374176107851
    ]
  },
  {
    "label_id": "d41nDrdSUfEL_N3Bq-VPHw",
    "size": [
      2.0690035287693016,
      4.068906218702599,
      1.7000000000000028
    ],
    "obj_class": "vehicle",
    "point_num_in_lidar": 28,
    "speed": 0.012867255265174127,
    "if_vehicle": true,
    "motion_state": false,
    "pose": [
      [
        -0.951109892731941,
        0.30711878254677455,
        -0.03268065719080435,
        -10.315702368785423
      ],
      [
        -0.30875280689866497,
        -0.9481551793302306,
        0.07532237477306312,
        4.468677296781607
      ],
      [
        -0.007853418340541868,
        0.08173010042967699,
        0.9966235570686273,
        0.520921276339692
      ],
      [
        0.0,
        0.0,
        0.0,
        1.0
      ]
    ],
    "location": [
      -10.315702368785423,
      4.468677296781607,
      0.520921276339692
    ],
    "rotation": [
      0.08182389425645444,
      0.00785349907092255,
      -2.8277011479382472
    ]
  },
  {
    "label_id": "ewfgYuzQJJWgeHKMp59PEw",
    "size": [
      2.2558626953251566,
      5.044880474012572,
      1.990000000000009
    ],
    "obj_class": "vehicle",
    "point_num_in_lidar": 76,
    "speed": 0.0073640616591728976,
    "if_vehicle": true,
    "motion_state": false,
    "pose": [
      [
        -0.2872252037116063,
        -0.9573054146918859,
        -0.03268065719080435,
        -1.8297493961008513
      ],
      [
        0.9543854062336075,
        -0.28892046695735896,
        0.07532237477306312,
        16.95705221512435
      ],
      [
        -0.08154862795374539,
        -0.009555457850792067,
        0.9966235570686273,
        -0.4563191144896592
      ],
      [
        0.0,
        0.0,
        0.0,
        1.0
      ]
    ],
    "location": [
      -1.8297493961008513,
      16.95705221512435,
      -0.4563191144896592
    ],
    "rotation": [
      -0.009587536838007707,
      0.08163928500689618,
      1.8631272541986157
    ]
  },
  {
    "label_id": "f_z2h8bug3T2gY5LSZkElQ",
    "size": [
      2.4175461307599795,
      6.016980524172949,
      3.069999999999993
    ],
    "obj_class": "vehicle",
    "point_num_in_lidar": 30817,
    "speed": 0.018994944966473516,
    "if_vehicle": true,
    "motion_state": false,
    "pose": [
      [
        -0.31264382421130466,
        -0.9493080710855187,
        -0.03268065719080435,
        10.546130346426253
      ],
      [
        0.9463439065884814,
        -0.3142606407449043,
        0.07532237477306312,
        -19.144746809965
      ],
      [
        -0.08177438257414381,
        -0.00737806549809719,
        0.9966235570686273,
        3.591773172745391
      ],
      [
        0.0,
        0.0,
        0.0,
        1.0
      ]
    ],
    "location": [
      10.546130346426253,
      -19.144746809965,
      3.591773172745391
    ],
    "rotation": [
      -0.0074029262748751936,
      0.08186579614738762,
      1.8898776933710069
    ]
  },
  {
    "label_id": "lI8jnQ9wYsgrTMSDNeo1Sg",
    "size": [
      2.0018879680484654,
      4.869494509335539,
      1.6200000000000045
    ],
    "obj_class": "vehicle",
    "point_num_in_lidar": 1160,
    "speed": 0.021711189573580838,
    "if_vehicle": true,
    "motion_state": false,
    "pose": [
      [
        -0.3546377856750309,
        -0.9344324564231961,
        -0.03268065719080435,
        6.949182797390677
      ],
      [
        0.9313991855557584,
        -0.35612090222930803,
        0.07532237477306312,
        -8.227614998588251
      ],
      [
        -0.08202193680705791,
        -0.0037265772896381997,
        0.9966235570686273,
        1.9842508476380942
      ],
      [
        0.0,
        0.0,
        0.0,
        1.0
      ]
    ],
    "location": [
      6.949182797390677,
      -8.227614998588251,
      1.9842508476380942
    ],
    "rotation": [
      -0.0037391850668905833,
      0.08211418479210991,
      1.9346056144836046
    ]
  },
  {
    "label_id": "zJ0ufOd6ylfP9pzkJxPojQ",
    "size": [
      2.798285976261854,
      6.402914888375439,
      2.3699999999999903
    ],
    "obj_class": "vehicle",
    "point_num_in_lidar": 71,
    "speed": 0.019176951494107097,
    "if_vehicle": true,
    "motion_state": false,
    "pose": [
      [
        0.32678262889698145,
        0.9445343234085012,
        -0.03268065719080435,
        -18.572193582570435
      ],
      [
        -0.9415463494199545,
        0.32835500872151047,
        0.07532237477306312,
        44.041571368881705
      ],
      [
        0.08187542577070797,
        0.006156309831541585,
        0.9966235570686273,
        -2.5966897167125467
      ],
      [
        0.0,
        0.0,
        0.0,
        1.0
      ]
    ],
    "location": [
      -18.572193582570435,
      44.041571368881705,
      -2.5966897167125467
    ],
    "rotation": [
      0.0061770881159383464,
      -0.0819671793100988,
      -1.2367340030706446
    ]
  }
]