[
  {
    "label_id": "879JO35UQnJCr5ErwcoArQ",
    "size": [
      2.428028898489604,
      6.100753530004457,
      2.799999999999997
    ],
    "obj_class": "vehicle",
    "point_num_in_lidar": 4761,
    "speed": 0.04271141534548977,
    "if_vehicle": true,
    "motion_state": false,
    "pose": [
      [
        -0.3232272283974927,
        -0.9461910030293572,
        -0.01570810646685595,
        14.076822760782306
      ],
      [
        0.943728703436639,
        -0.3235251423255285,
        0.06861207323093148,
        -29.119219321613855
      ],
      [
        -0.07000209377065289,
        0.007353099315629131,
        0.9975197435630931,
        4.286851820282777
      ],
      [
        0.0,
        0.0,
        0.0,
        1.0
      ]
    ],
    "location": [
      14.076822760782306,
      -29.119219321613855,
      4.286851820282777
    ],
    "rotation": [
      0.007371248724605856,
      0.07005939200752491,
      1.900774210139878
    ]
  },
  {
    "label_id": "Kq9qnezLjkFG5wjjq8IQSQ",
    "size": [
      2.024630802724269,
      4.44139922780337,
      1.5700000000000074
    ],
    "obj_class": "vehicle",
    "point_num_in_lidar": 506,
    "speed": 0.010949934544486516,
    "if_vehicle": true,
    "motion_state": false,
    "pose": [
      [
        -0.9122024067340317,
        0.40943867005922385,
        -0.01570810646685595,
        3.955299894176278
      ],
      [
        -0.40950734140319683,
        -0.9097231011378346,
        0.06861207323093148,
        -39.49954294156305
      ],
      [
        0.013802408685647192,
        0.06902068324998786,
        0.9975197435630931,
        4.579242009813868
      ],
      [
        0.0,
        0.0,
        0.0,
        1.0
      ]
    ],
    "location": [
      3.955299894176278,
      -39.49954294156305,
      4.579242009813868
    ],
    "rotation": [
      0.06908219291687369,
      -0.013802846964616058,
      -2.7196359081859516
    ]
  },
  {
    "label_id": "O94l9mpekh5AFFYvqVCZgw",
    "size": [
      2.0687114667678697,
      4.781239024819779,
      1.7600000000000051
    ],
    "obj_class": "vehicle",
    "point_num_in_lidar": 88,
    "speed": 0.028209648137609664,
    "if_vehicle": true,
    "motion_state": false,
    "pose": [
      [
        -0.31227826872226966,
        -0.9498607994201297,
        -0.01570810646685595,
        3.514857928677884
      ],
      [
        0.9474021045969727,
        -0.31260459947380775,
        0.06861207323093148,
        1.466549352344373
      ],
      [
        -0.0700823450595685,
        0.006544166316068221,
        0.9975197435630931,
        1.1982423001916231
      ],
      [
        0.0,
        0.0,
        0.0,
        1.0
      ]
    ],
    "location": [
      3.514857928677884,
      1.466549352344373,
      1.1982423001916231
    ],
    "rotation": [
      0.006560343767806584,
      0.07013984087664453,
      1.889196965024508
    ]
  },
  {
    "label_id": "PZwi2VNssX9FEAcStvCE9w",
    "size": [
      0.7599528300215996,
      0.09626163211656343,
      0.7700000000000102
    ],
    "obj_class": "sign",
    "point_num_in_lidar": 158,
    "speed": 0.04819825901543253,
    "if_vehicle": false,
    "motion_state": false,
    "pose": [
      [
        0.5463426988928571,
        0.8374144199604487,
        -0.01570810646685595,
        23.308418255382094
      ],
      [
        -0.8349546085539175,
        0.5460248941774796,
        0.06861207323093148,
        -45.159806884201316
      ],
      [
        0.06603375667825792,
        -0.02437014937946449,
        0.9975197435630931,
        7.285975024320308
      ],
      [
        0.0,
        0.0,
        0.0,
        1.0
      ]
    ],
    "location": [
      23.308418255382094,
      -45.159806884201316,
      7.285975024320308
    ],
    "rotation": [
      -0.024425885041083003,
      -0.0660818406484339,
      -0.9913774451269515
    ]
  },
  {
    "label_id": "Q8Fi8eptCTtVT1Vy0AVizw",
    "size": [
      2.641347490448035,
      5.568944103738231,
      2.3100000000000023
    ],
    "obj_class": "vehicle",
    "point_num_in_lidar": 284,
    "speed": 0.02267269985465107,
    "if_vehicle": true,
    "motion_state": false,
    "pose": [
      [
        0.9545891544239061,
        -0.29751101096846455,
        -0.01570810646685595,
        -5.520838640632974
      ],
      [
        0.2978754300220307,
        0.9521358157301633,
        0.06861207323093148,
        -0.18311203271696286
      ],
      [
        -0.005456596507180606,
        -0.07017539993743256,
        0.9975197435630931,
        1.4276623988780415
      ],
      [
        0.0,
        0.0,
        0.0,
        1.0
      ]
    ],
    "location": [
      -5.520838640632974,
      -0.18311203271696286,
      1.4276623988780415
    ],
    "rotation": [
      -0.07023417274889954,
      0.005456623585399249,
      0.30247092262176445
    ]
  },
  {
    "label_id": "RPBUDC98gK2kx2g2huH9ig",
    "size": [
      2.0876089500565205,
      4.964288169845656,
      1.7000000000000028
    ],
    "obj_class": "vehicle",
    "point_num_in_lidar": 1976,
    "speed": 0.005007125416257607,
    "if_vehicle": true,
    "motion_state": false,
    "pose": [
      [
        -0.9501000555743265,
        0.3115495783802113,
        -0.01570810646685595,
        3.3984719769705407
      ],
      [
        -0.31187779499766344,
        -0.9476416117891556,
        0.06861207323093148,
        -46.00637119102066
      ],
      [
        0.006490407156481854,
        0.07008734419824933,
        0.9975197435630931,
        5.246441823999433
      ],
      [
        0.0,
        0.0,
        0.0,
        1.0
      ]
    ],
    "location": [
      3.3984719769705407,
      -46.00637119102066,
      5.246441823999433
    ],
    "rotation": [
      0.07014633225255719,
      -0.006490452725829131,
      -2.824416974430937
    ]
  },
  {
    "label_id": "ewfgYuzQJJWgeHKMp59PEw",
    "size": [
      2.255862695325155,
      5.044880474012572,
      1.990000000000009
    ],
    "obj_class": "vehicle",
    "point_num_in_lidar": 21,
    "speed": 0.007364061536847017,
    "if_vehicle": true,
    "motion_state": false,
    "pose": [
      [
        -0.28734325182203946,
        -0.957698862390241,
        -0.01570810646685595,
        -1.8072585715854075
      ],
      [
        0.9552495375799522,
        -0.28773373865475116,
        0.06861207323093148,
        16.96080229378458
      ],
      [
        -0.07022945668039432,
        0.0047100547977069526,
        0.9975197435630931,
        -0.3760437506173844
      ],
      [
        0.0,
        0.0,
        0.0,
        1.0
      ]
    ],
    "location": [
      -1.8072585715854075,
      16.96080229378458,
      -0.3760437506173844
    ],
    "rotation": [
      0.004721730897954691,
      0.07028731587020356,
      1.8629909277487597
    ]
  },
  {
    "label_id": "f_z2h8bug3T2gY5LSZkElQ",
    "size": [
      2.417546130759979,
      6.016980524172949,
      3.069999999999993
    ],
    "obj_class": "vehicle",
    "point_num_in_lidar": 1422,
    "speed": 0.01899494464761365,
    "if_vehicle": true,
    "motion_state": false,
    "pose": [
      [
        -0.3127723192465906,
        -0.949698231915978,
        -0.01570810646685595,
        10.60239946438378
      ],
      [
        0.9472393676767276,
        -0.3130973710051661,
        0.06861207323093148,
        -19.127633310712554
      ],
      [
        -0.07007893147374707,
        0.00658062043569201,
        0.9975197435630931,
        3.67083134440891
      ],
      [
        0.0,
        0.0,
        0.0,
        1.0
      ]
    ],
    "location": [
      10.60239946438378,
      -19.127633310712554,
      3.67083134440891
    ],
    "rotation": [
      0.006596886946234645,
      0.07013641887725429,
      1.889718409727465
    ]
  },
  {
    "label_id": "lI8jnQ9wYsgrTMSDNeo1Sg",
    "size": [
      2.0018879680484676,
      4.869494509335539,
      1.6200000000000045
    ],
    "obj_class": "vehicle",
    "point_num_in_lidar": 102,
    "speed": 0.011801524612505993,
    "if_vehicle": true,
    "motion_state": false,
    "pose": [
      [
        -0.3547835400167347,
        -0.9348165034510356,
        -0.01570810646685595,
        6.98294799731957
      ],
      [
        0.9323455965019477,
        -0.35499869308263726,
        0.06861207323093148,
        -8.213645108735363
      ],
      [
        -0.06971605565880254,
        0.009697050335000392,
        0.9975197435630931,
        1.993792809885477
      ],
      [
        0.0,
        0.0,
        0.0,
        1.0
      ]
    ],
    "location": [
      6.98294799731957,
      -8.213645108735363,
      1.993792809885477
    ],
    "rotation": [
      0.009720855105522588,
      0.06977265335499046,
      1.9344045719539527
    ]
  },
  {
    "label_id": "vu5PviwQWUG3EiiWLKY9HQ",
    "size": [
      2.0989297156822615,
      5.010782707936555,
      1.5699999999999932
    ],
    "obj_class": "vehicle",
    "point_num_in_lidar": 5387,
    "speed": 0.018544662096461044,
    "if_vehicle": true,
    "motion_state": false,
    "pose": [
      [
        -0.5078608520203018,
        -0.861295890142545,
        -0.01570810646685595,
        18.3270327396458
      ],
      [
        0.8588242106781125,
        -0.5076547631610189,
        0.06861207323093148,
        -40.64890460568495
      ],
      [
        -0.06706959175610043,
        0.02135488383229489,
        0.9975197435630931,
        4.855625529560456
      ],
      [
        0.0,
        0.0,
        0.0,
        1.0
      ]
    ],
    "location": [
      18.3270327396458,
      -40.64890460568495,
      4.855625529560456
    ],
    "rotation": [
      0.021404711576542924,
      0.06711997734349731,
      2.104827074950114
    ]
  }
]