[
  {
    "label_id": "7KXT09blx2fQsCNYqP3j6g",
    "size": [
      0.5302102402001018,
      0.09713805671867172,
      0.5400000000000063
    ],
    "obj_class": "sign",
    "point_num_in_lidar": 69,
    "speed": 0.03552492453556867,
    "if_vehicle": false,
    "motion_state": false,
    "pose": [
      [
        -0.22859841089401167,
        0.9730489430214597,
        -0.030307111732277337,
        8.679907857975195
      ],
      [
        -0.9709466214085154,
        -0.2256210142065964,
        0.07973591614684056,
        -8.154806378803187
      ],
      [
        0.07074902764082189,
        0.04765409146345097,
        0.9963551890037364,
        4.052370349205972
      ],
      [
        0.0,
        0.0,
        0.0,
        1.0
      ]
    ],
    "location": [
      8.679907857975195,
      -8.154806378803187,
      4.052370349205972
    ],
    "rotation": [
      0.04779199689423524,
      -0.07080818247161617,
      -1.8020239878450857
    ]
  },
  {
    "label_id": "879JO35UQnJCr5ErwcoArQ",
    "size": [
      2.428028898489604,
      6.100753530004457,
      2.799999999999997
    ],
    "obj_class": "vehicle",
    "point_num_in_lidar": 22410,
    "speed": 0.023585927260620105,
    "if_vehicle": true,
    "motion_state": false,
    "pose": [
      [
        -0.3231186151397334,
        -0.9458730567727512,
        -0.030307111732277337,
        13.974829769362259
      ],
      [
        0.9425104066363758,
        -0.32452475569416545,
        0.07973591614684056,
        -29.127692771438888
      ],
      [
        -0.08525546277110091,
        -0.002800609400497758,
        0.9963551890037364,
        4.253508272979616
      ],
      [
        0.0,
        0.0,
        0.0,
        1.0
      ]
    ],
    "location": [
      13.974829769362259,
      -29.127692771438888,
      4.253508272979616
    ],
    "rotation": [
      -0.0028108470309190898,
      0.08535908185208407,
      1.9010672787446772
    ]
  },
  {
    "label_id": "I-Fu2Xu4O2bn6bvJdM-DcQ",
    "size": [
      1.9310643852895522,
      4.533620881541709,
      1.6200000000000045
    ],
    "obj_class": "vehicle",
    "point_num_in_lidar": 49,
    "speed": 0.019082366197087298,
    "if_vehicle": true,
    "motion_state": false,
    "pose": [
      [
        -0.35312198783242443,
        -0.9350862744622683,
        -0.030307111732277337,
        0.4227194937229797
      ],
      [
        0.9316804874903506,
        -0.3544201643614069,
        0.07973591614684056,
        10.962543844114407
      ],
      [
        -0.08530141229205819,
        -8.003942174082771e-05,
        0.9963551890037364,
        0.030041377459411933
      ],
      [
        0.0,
        0.0,
        0.0,
        1.0
      ]
    ],
    "location": [
      0.4227194937229797,
      10.962543844114407,
      0.030041377459411933
    ],
    "rotation": [
      -8.033221731768959e-05,
      0.0854051993718419,
      1.9330833820533977
    ]
  },
  {
    "label_id": "O94l9mpekh5AFFYvqVCZgw",
    "size": [
      2.06871146676787,
      4.781239024819779,
      1.7600000000000051
    ],
    "obj_class": "vehicle",
    "point_num_in_lidar": 275,
    "speed": 0.02820964790003082,
    "if_vehicle": true,
    "motion_state": false,
    "pose": [
      [
        -0.31217333461674307,
        -0.9495416200107873,
        -0.030307111732277337,
        3.4513464980582285
      ],
      [
        0.9461954334146688,
        -0.313618216086775,
        0.07973591614684056,
        1.443409623390835
      ],
      [
        -0.08521743330733465,
        -0.0037850238887887295,
        0.9963551890037364,
        1.1317578924087712
      ],
      [
        0.0,
        0.0,
        0.0,
        1.0
      ]
    ],
    "location": [
      3.4513464980582285,
      1.443409623390835,
      1.1317578924087712
    ],
    "rotation": [
      -0.0037988517779312648,
      0.08532091348415498,
      1.8894760664443326
    ]
  },
  {
    "label_id": "OXn1T-nTsolt5qEA1iMKew",
    "size": [
      0.5578242238881885,
      0.1019665688612946,
      0.5
    ],
    "obj_class": "sign",
    "point_num_in_lidar": 38,
    "speed": 0.030491702598248918,
    "if_vehicle": false,
    "motion_state": false,
    "pose": [
      [
        0.32070988612376,
        0.9466924780101151,
        -0.030307111732277337,
        -3.8099087371874703
      ],
      [
        -0.9433334180424852,
        0.3221245816147936,
        0.07973591614684056,
        -6.799848112661493
      ],
      [
        0.08524805773017186,
        0.0030176147139777745,
        0.9963551890037364,
        3.88448707744719
      ],
      [
        0.0,
        0.0,
        0.0,
        1.0
      ]
    ],
    "location": [
      -3.8099087371874703,
      -6.799848112661493,
      3.88448707744719
    ],
    "rotation": [
      0.003028644323561901,
      -0.08535164975417042,
      -1.243080127666655
    ]
  },
  {
    "label_id": "Q8Fi8eptCTtVT1Vy0AVizw",
    "size": [
      2.6413474904447325,
      5.568944103738231,
      2.3100000000000023
    ],
    "obj_class": "vehicle",
    "point_num_in_lidar": 943,
    "speed": 0.02267269966495208,
    "if_vehicle": true,
    "motion_state": false,
    "pose": [
      [
        0.9554019853667222,
        -0.29374908567648855,
        -0.030307111732277337,
        -5.573239632327386
      ],
      [
        0.29525841814697684,
        0.9520843713608416,
        0.07973591614684056,
        -0.16877114898670698
      ],
      [
        0.005432574957676482,
        -0.08512828246040181,
        0.9963551890037364,
        1.4276623988779846
      ],
      [
        0.0,
        0.0,
        0.0,
        1.0
      ]
    ],
    "location": [
      -5.573239632327386,
      -0.16877114898670698,
      1.4276623988779846
    ],
    "rotation": [
      -0.08523269829300098,
      -0.005432601679845064,
      0.29973054443759156
    ]
  },
  {
    "label_id": "d41nDrdSUfEL_N3Bq-VPHw",
    "size": [
      2.069003528769308,
      4.068906218702599,
      1.7000000000000028
    ],
    "obj_class": "vehicle",
    "point_num_in_lidar": 28,
    "speed": 0.012867254941982325,
    "if_vehicle": true,
    "motion_state": false,
    "pose": [
      [
        -0.9511810636092531,
        0.30714176402700016,
        -0.030307111732277337,
        -10.30862553524912
      ],
      [
        -0.3086043410938093,
        -0.9478425736029585,
        0.07973591614684056,
        4.474251551897396
      ],
      [
        -0.004236140841144597,
        0.0851961997750059,
        0.9963551890037364,
        0.5209212763397488
      ],
      [
        0.0,
        0.0,
        0.0,
        1.0
      ]
    ],
    "location": [
      -10.30862553524912,
      4.474251551897396,
      0.5209212763397488
    ],
    "rotation": [
      0.08530036966764867,
      0.0042361535107599295,
      -2.827864335939482
    ]
  },
  {
    "label_id": "ewfgYuzQJJWgeHKMp59PEw",
    "size": [
      2.255862695325156,
      5.044880474012572,
      1.990000000000009
    ],
    "obj_class": "vehicle",
    "point_num_in_lidar": 52,
    "speed": 0.007364061476057913,
    "if_vehicle": true,
    "motion_state": false,
    "pose": [
      [
        -0.28724669656946705,
        -0.9573770491757028,
        -0.030307111732277337,
        -1.8246639210146895
      ],
      [
        0.9540697735171612,
        -0.288778549994865,
        0.07973591614684056,
        16.957900157874974
      ],
      [
        -0.08508937989456286,
        -0.00601122071525316,
        0.9963551890037364,
        -0.43816778514992905
      ],
      [
        0.0,
        0.0,
        0.0,
        1.0
      ]
    ],
    "location": [
      -1.8246639210146895,
      16.957900157874974,
      -0.43816778514992905
    ],
    "rotation": [
      -0.006033137427077942,
      0.08519239326689756,
      1.8632392018426434
    ]
  },
  {
    "label_id": "f_z2h8bug3T2gY5LSZkElQ",
    "size": [
      2.4175461307599804,
      6.016980524172949,
      3.069999999999993
    ],
    "obj_class": "vehicle",
    "point_num_in_lidar": 12849,
    "speed": 0.018994944489023953,
    "if_vehicle": true,
    "motion_state": false,
    "pose": [
      [
        -0.31266721912647166,
        -0.9493791071337974,
        -0.030307111732277337,
        10.558853543711848
      ],
      [
        0.946032169400793,
        -0.31411035980217733,
        0.07973591614684056,
        -19.14087721976648
      ],
      [
        -0.08521939064877322,
        -0.0037406954942243867,
        0.9963551890037364,
        3.6092726149131664
      ],
      [
        0.0,
        0.0,
        0.0,
        1.0
      ]
    ],
    "location": [
      10.558853543711848,
      -19.14087721976648,
      3.6092726149131664
    ],
    "rotation": [
      -0.003754361858268028,
      0.08532287797182078,
      1.8899981357674676
    ]
  },
  {
    "label_id": "lI8jnQ9wYsgrTMSDNeo1Sg",
    "size": [
      2.001887968048466,
      4.869494509335539,
      1.6200000000000045
    ],
    "obj_class": "vehicle",
    "point_num_in_lidar": 671,
    "speed": 0.011801524512877417,
    "if_vehicle": true,
    "motion_state": false,
    "pose": [
      [
        -0.3546643229684914,
        -0.9345023793398008,
        -0.030307111732277337,
        6.956817558973853
      ],
      [
        0.9310944551185921,
        -0.3559568784609111,
        0.07973591614684056,
        -8.22445622035957
      ],
      [
        -0.08530142824544883,
        6.070103190854291e-05,
        0.9963551890037364,
        1.986408412436603
      ],
      [
        0.0,
        0.0,
        0.0,
        1.0
      ]
    ],
    "location": [
      6.956817558973853,
      -8.22445622035957,
      1.986408412436603
    ],
    "rotation": [
      6.0923084963444205e-05,
      0.0854052153835923,
      1.9347393365473786
    ]
  },
  {
    "label_id": "zJ0ufOd6ylfP9pzkJxPojQ",
    "size": [
      2.798285976261854,
      6.402914888375439,
      2.3699999999999903
    ],
    "obj_class": "vehicle",
    "point_num_in_lidar": 32,
    "speed": 0.019176951495030764,
    "if_vehicle": true,
    "motion_state": false,
    "pose": [
      [
        0.32680708180885165,
        0.9446050022406349,
        -0.030307111732277337,
        -18.564632042109224
      ],
      [
        -0.9412368907516149,
        0.32820009013474777,
        0.07973591614684056,
        44.05266560117161
      ],
      [
        0.08526574205280267,
        0.0024679095432462547,
        0.9963551890037364,
        -2.5820133676782575
      ],
      [
        0.0,
        0.0,
        0.0,
        1.0
      ]
    ],
    "location": [
      -18.564632042109224,
      44.05266560117161,
      -2.5820133676782575
    ],
    "rotation": [
      0.0024769324468285007,
      -0.08536939870067883,
      -1.2366089802744062
    ]
  }
]