[
  {
    "label_id": "879JO35UQnJCr5ErwcoArQ",
    "size": [
      2.428028898489603,
      6.100753530004457,
      2.799999999999997
    ],
    "obj_class": "vehicle",
    "point_num_in_lidar": 11078,
    "speed": 0.04271141534485226,
    "if_vehicle": true,
    "motion_state": false,
    "pose": [
      [
        -0.323198967796476,
        -0.9461082750780152,
        -0.02053190308264584,
        14.047124595567766
      ],
      [
        0.9415198238445095,
        -0.3236651237315029,
        0.0937086388102764,
        -29.12168660793759
      ],
      [
        -0.09530397957638714,
        0.010955341563528873,
        0.995387930391026,
        4.277142896532993
      ],
      [
        0.0,
        0.0,
        0.0,
        1.0
      ]
    ],
    "location": [
      14.047124595567766,
      -29.12168660793759,
      4.277142896532993
    ],
    "rotation": [
      0.011005658101084758,
      0.09544884439938958,
      1.9014663505557423
    ]
  },
  {
    "label_id": "Kq9qnezLjkFG5wjjq8IQSQ",
    "size": [
      2.0246308027242703,
      4.44139922780337,
      1.5700000000000074
    ],
    "obj_class": "vehicle",
    "point_num_in_lidar": 2215,
    "speed": 0.010073562078537164,
    "if_vehicle": true,
    "motion_state": false,
    "pose": [
      [
        -0.9121226504944603,
        0.4094028717666324,
        -0.02053190308264584,
        3.9523614020936293
      ],
      [
        -0.4094422204979895,
        -0.9075107487440581,
        0.0937086388102764,
        -39.49249069540565
      ],
      [
        0.0197316630985969,
        0.0938803999950654,
        0.995387930391026,
        4.579242009813385
      ],
      [
        0.0,
        0.0,
        0.0,
        1.0
      ]
    ],
    "location": [
      3.9523614020936293,
      -39.49249069540565,
      4.579242009813385
    ],
    "rotation": [
      0.09403721484176356,
      -0.019732943705754687,
      -2.719662658622472
    ]
  },
  {
    "label_id": "O94l9mpekh5AFFYvqVCZgw",
    "size": [
      2.06871146676787,
      4.781239024819779,
      1.7600000000000051
    ],
    "obj_class": "vehicle",
    "point_num_in_lidar": 155,
    "speed": 0.028209648137548594,
    "if_vehicle": true,
    "motion_state": false,
    "pose": [
      [
        -0.31225096541740227,
        -0.9497777506089017,
        -0.02053190308264584,
        3.496364766222541
      ],
      [
        0.945194988937203,
        -0.31277008153006897,
        0.0937086388102764,
        1.459811561009701
      ],
      [
        -0.09542414518297296,
        0.009853961029398301,
        0.995387930391026,
        1.1948544238031786
      ],
      [
        0.0,
        0.0,
        0.0,
        1.0
      ]
    ],
    "location": [
      3.496364766222541,
      1.459811561009701,
      1.1948544238031786
    ],
    "rotation": [
      0.009899295383601433,
      0.09556956017274713,
      1.8898650157363193
    ]
  },
  {
    "label_id": "OXn1T-nTsolt5qEA1iMKew",
    "size": [
      0.5578242238881873,
      0.1019665688612946,
      0.5
    ],
    "obj_class": "sign",
    "point_num_in_lidar": 24,
    "speed": 0.03591889675541046,
    "if_vehicle": false,
    "motion_state": false,
    "pose": [
      [
        0.320789639781319,
        0.9469279000878454,
        -0.02053190308264584,
        -3.7595295373630506
      ],
      [
        -0.9423406503008704,
        0.3212674739261009,
        0.0937086388102764,
        -6.778850970575149
      ],
      [
        0.09533155720696257,
        -0.010712713585531372,
        0.995387930391026,
        3.9347212744755637
      ],
      [
        0.0,
        0.0,
        0.0,
        1.0
      ]
    ],
    "location": [
      -3.7595295373630506,
      -6.778850970575149,
      3.9347212744755637
    ],
    "rotation": [
      -0.010761934795290567,
      -0.09547654816810228,
      -1.242683257296382
    ]
  },
  {
    "label_id": "Q8Fi8eptCTtVT1Vy0AVizw",
    "size": [
      2.641347490447413,
      5.568944103738231,
      2.3100000000000023
    ],
    "obj_class": "vehicle",
    "point_num_in_lidar": 444,
    "speed": 0.022672699856057833,
    "if_vehicle": true,
    "motion_state": false,
    "pose": [
      [
        0.9548373035462044,
        -0.2964189007341101,
        -0.02053190308264584,
        -5.536096682259995
      ],
      [
        0.29701412803074795,
        0.9502638048260387,
        0.0937086388102764,
        -0.17893627584999194
      ],
      [
        -0.008266287361797391,
        -0.09557476929149342,
        0.995387930391026,
        1.4276623988776862
      ],
      [
        0.0,
        0.0,
        0.0,
        1.0
      ]
    ],
    "location": [
      -5.536096682259995,
      -0.17893627584999194,
      1.4276623988776862
    ],
    "rotation": [
      -0.09572415644202333,
      0.008266381506004051,
      0.3015747714766988
    ]
  },
  {
    "label_id": "RPBUDC98gK2kx2g2huH9ig",
    "size": [
      2.08760895005652,
      4.964288169845656,
      1.7000000000000028
    ],
    "obj_class": "vehicle",
    "point_num_in_lidar": 981,
    "speed": 0.010745808841744257,
    "if_vehicle": true,
    "motion_state": false,
    "pose": [
      [
        -0.9500169858443087,
        0.31152233878664215,
        -0.02053190308264584,
        3.3918712582189983
      ],
      [
        -0.3120449699913074,
        -0.9454346237130569,
        0.0937086388102764,
        -46.008769942372965
      ],
      [
        0.009780762261635784,
        0.09543167567140046,
        0.995387930391026,
        5.246441823999206
      ],
      [
        0.0,
        0.0,
        0.0,
        1.0
      ]
    ],
    "location": [
      3.3918712582189983,
      -46.008769942372965,
      5.246441823999206
    ],
    "rotation": [
      0.09558171109902287,
      -0.009780918211698686,
      -2.8242322211263806
    ]
  },
  {
    "label_id": "d41nDrdSUfEL_N3Bq-VPHw",
    "size": [
      2.0690035287693056,
      4.068906218702599,
      1.7000000000000028
    ],
    "obj_class": "vehicle",
    "point_num_in_lidar": 30,
    "speed": 0.012867255049335197,
    "if_vehicle": true,
    "motion_state": false,
    "pose": [
      [
        -0.9514176019017636,
        0.3072181435841674,
        -0.02053190308264584,
        -10.291457243529294
      ],
      [
        -0.307761515116245,
        -0.9468376528347816,
        0.0937086388102764,
        4.487774610966881
      ],
      [
        0.009348615130088772,
        0.09547497801528669,
        0.995387930391026,
        0.5209212763392657
      ],
      [
        0.0,
        0.0,
        0.0,
        1.0
      ]
    ],
    "location": [
      -10.291457243529294,
      4.487774610966881,
      0.5209212763392657
    ],
    "rotation": [
      0.09562481767504166,
      -0.009348751308314926,
      -2.828739058977548
    ]
  },
  {
    "label_id": "ewfgYuzQJJWgeHKMp59PEw",
    "size": [
      2.2558626953251557,
      5.044880474012572,
      1.990000000000009
    ],
    "obj_class": "vehicle",
    "point_num_in_lidar": 33,
    "speed": 0.007364061537033815,
    "if_vehicle": true,
    "motion_state": false,
    "pose": [
      [
        -0.28731812865084083,
        -0.9576151282766912,
        -0.02053190308264584,
        -1.812326634945748
      ],
      [
        0.9530475015654243,
        -0.2879568557479191,
        0.0937086388102764,
        16.959957254231995
      ],
      [
        -0.09564911242913667,
        0.007356311806087124,
        0.995387930391026,
        -0.3941329331756691
      ],
      [
        0.0,
        0.0,
        0.0,
        1.0
      ]
    ],
    "location": [
      -1.812326634945748,
      16.959957254231995,
      -0.3941329331756691
    ],
    "rotation": [
      0.007390262285638155,
      0.09579556116712686,
      1.8636039866700755
    ]
  },
  {
    "label_id": "f_z2h8bug3T2gY5LSZkElQ",
    "size": [
      2.41754613075998,
      6.016980524172949,
      3.069999999999993
    ],
    "obj_class": "vehicle",
    "point_num_in_lidar": 2491,
    "speed": 0.018994944648506484,
    "if_vehicle": true,
    "motion_state": false,
    "pose": [
      [
        -0.3127449727455947,
        -0.9496151973184517,
        -0.02053190308264584,
        10.589719828963098
      ],
      [
        0.9450321662361171,
        -0.3132617049551338,
        0.0937086388102764,
        -19.131489652150776
      ],
      [
        -0.09541900649990735,
        0.009903596843603868,
        0.995387930391026,
        3.651725998413525
      ],
      [
        0.0,
        0.0,
        0.0,
        1.0
      ]
    ],
    "location": [
      10.589719828963098,
      -19.131489652150776,
      3.651725998413525
    ],
    "rotation": [
      0.009949156271197404,
      0.09556439793413235,
      1.8903875483609565
    ]
  },
  {
    "label_id": "lI8jnQ9wYsgrTMSDNeo1Sg",
    "size": [
      2.0018879680484662,
      4.869494509335539,
      1.6200000000000045
    ],
    "obj_class": "vehicle",
    "point_num_in_lidar": 188,
    "speed": 0.011801524613203253,
    "if_vehicle": true,
    "motion_state": false,
    "pose": [
      [
        -0.3547525203649494,
        -0.9347347700019086,
        -0.02053190308264584,
        6.975339375743715
      ],
      [
        0.9301332644966641,
        -0.35506450299784104,
        0.0937086388102764,
        -8.216793071893335
      ],
      [
        -0.09488287290915513,
        0.014145969757323771,
        0.995387930391026,
        1.9916426321877339
      ],
      [
        0.0,
        0.0,
        0.0,
        1.0
      ]
    ],
    "location": [
      6.975339375743715,
      -8.216793071893335,
      1.9916426321877339
    ],
    "rotation": [
      0.014210557613268048,
      0.09502582073468364,
      1.935165828297856
    ]
  },
  {
    "label_id": "vu5PviwQWUG3EiiWLKY9HQ",
    "size": [
      2.0989297156822615,
      5.010782707936555,
      1.5700000000000074
    ],
    "obj_class": "vehicle",
    "point_num_in_lidar": 4212,
    "speed": 0.018735371158535106,
    "if_vehicle": true,
    "motion_state": false,
    "pose": [
      [
        -0.5078164484192116,
        -0.8612205847927132,
        -0.02053190308264584,
        18.317079169171848
      ],
      [
        0.856632649425641,
        -0.5073452423649324,
        0.0937086388102764,
        -40.65717154088452
      ],
      [
        -0.09112057206199364,
        0.029998489611395868,
        0.995387930391026,
        4.858009550467656
      ],
      [
        0.0,
        0.0,
        0.0,
        1.0
      ]
    ],
    "location": [
      18.317079169171848,
      -40.65717154088452,
      4.858009550467656
    ],
    "rotation": [
      0.03012836645773032,
      0.09124714059364603,
      2.10590887462207
    ]
  }
]