[
  {
    "label_id": "5wAX57Id3TA5hKufSGN6cA",
    "size": [
      0.9760272800936393,
      1.0107243042314726,
      1.730000000000004
    ],
    "obj_class": "pedestrian",
    "point_num_in_lidar": 70,
    "speed": 0.5109672416962848,
    "if_vehicle": false,
    "motion_state": false,
    "pose": [
      [
        0.9987765987306904,
        -0.03437199723101171,
        -0.03555097233979312,
        -4.839455556442772
      ],
      [
        0.03726650668021647,
        0.9957477536512459,
        0.08424736540896084,
        1.2376253945130884
      ],
      [
        0.03250405063690975,
        -0.08546915762337261,
        0.9958104788499387,
        0.9378798506876223
      ],
      [
        0.0,
        0.0,
        0.0,
        1.0
      ]
    ],
    "location": [
      -4.839455556442772,
      1.2376253945130884,
      0.9378798506876223
    ],
    "rotation": [
      -0.08561891104938542,
      -0.03250977685342441,
      0.03729485357853413
    ]
  },
  {
    "label_id": "HvuvFbv43gxAzu4E8WOQpw",
    "size": [
      1.9496121452464288,
      4.825332542451997,
      1.7999999999999972
    ],
    "obj_class": "vehicle",
    "point_num_in_lidar": 202,
    "speed": 0.011102383396043847,
    "if_vehicle": true,
    "motion_state": false,
    "pose": [
      [
        0.9379718701003846,
        -0.34488389244219914,
        -0.03555097233979312,
        -24.021181006128245
      ],
      [
        0.3466864580700674,
        0.9341899599184741,
        0.08424736540896084,
        42.92054002378063
      ],
      [
        0.004155802114931419,
        -0.09134669956510326,
        0.9958104788499387,
        -2.6202019537530674
      ],
      [
        0.0,
        0.0,
        0.0,
        1.0
      ]
    ],
    "location": [
      -24.021181006128245,
      42.92054002378063,
      -2.6202019537530674
    ],
    "rotation": [
      -0.09147500724037762,
      -0.004155814077286903,
      0.3540393467781666
    ]
  },
  {
    "label_id": "I-Fu2Xu4O2bn6bvJdM-DcQ",
    "size": [
      1.9310643852895517,
      4.533620881541709,
      1.6200000000000045
    ],
    "obj_class": "vehicle",
    "point_num_in_lidar": 729,
    "speed": 0.0190823661974813,
    "if_vehicle": true,
    "motion_state": false,
    "pose": [
      [
        -0.35306095105119195,
        -0.934924645738106,
        -0.03555097233979312,
        0.3728424360824647
      ],
      [
        0.9311271400459461,
        -0.35483042498002615,
        0.08424736540896084,
        10.93855868416722
      ],
      [
        -0.09137950488312344,
        -0.0033580202457591008,
        0.9958104788499387,
        -0.059817456637802024
      ],
      [
        0.0,
        0.0,
        0.0,
        1.0
      ]
    ],
    "location": [
      0.3728424360824647,
      10.93855868416722,
      -0.059817456637802024
    ],
    "rotation": [
      -0.0033721351489299643,
      0.09150715820575124,
      1.9332230053605055
    ]
  },
  {
    "label_id": "JKVW2YezLsRotn6ukUHoLA",
    "size": [
      2.1792263178030655,
      4.447204686175888,
      1.8400000000000034
    ],
    "obj_class": "vehicle",
    "point_num_in_lidar": 387,
    "speed": 0.015099973730389262,
    "if_vehicle": true,
    "motion_state": false,
    "pose": [
      [
        -0.9536252745078675,
        0.2988895518172048,
        -0.03555097233979312,
        -15.672410889168532
      ],
      [
        -0.30087379351273963,
        -0.9499354408584313,
        0.08424736540896084,
        12.230480123353118
      ],
      [
        -0.008590471293682685,
        0.09103677287562494,
        0.9958104788499387,
        0.015597530884491562
      ],
      [
        0.0,
        0.0,
        0.0,
        1.0
      ]
    ],
    "location": [
      -15.672410889168532,
      12.230480123353118,
      0.015597530884491562
    ],
    "rotation": [
      0.09116636493674948,
      0.008590576954543593,
      -2.835972241249689
    ]
  },
  {
    "label_id": "O94l9mpekh5AFFYvqVCZgw",
    "size": [
      2.0687114667678697,
      4.781239024819779,
      1.7600000000000051
    ],
    "obj_class": "vehicle",
    "point_num_in_lidar": 3853,
    "speed": 0.03459496861547081,
    "if_vehicle": true,
    "motion_state": false,
    "pose": [
      [
        -0.31211937576912646,
        -0.9493774926946531,
        -0.03555097233979312,
        3.371766142720844
      ],
      [
        0.9456604278242615,
        -0.3140521241273231,
        0.08424736540896084,
        1.3992873795759806
      ],
      [
        -0.09114741091619323,
        -0.007323912610778897,
        0.9958104788499387,
        1.0511393169338277
      ],
      [
        0.0,
        0.0,
        0.0,
        1.0
      ]
    ],
    "location": [
      3.371766142720844,
      1.3992873795759806,
      1.0511393169338277
    ],
    "rotation": [
      -0.007354592782083554,
      0.09127409160070708,
      1.8895929351393848
    ]
  },
  {
    "label_id": "Q8Fi8eptCTtVT1Vy0AVizw",
    "size": [
      2.641347490447893,
      5.568944103738231,
      2.3100000000000023
    ],
    "obj_class": "vehicle",
    "point_num_in_lidar": 6754,
    "speed": 0.026650528418519122,
    "if_vehicle": true,
    "motion_state": false,
    "pose": [
      [
        0.956589897941168,
        -0.2892609471093549,
        -0.03555097233979312,
        -5.633062260704719
      ],
      [
        0.2912822848840476,
        0.9529202547613191,
        0.08424736540896084,
        -0.16067563180695288
      ],
      [
        0.009507768909384356,
        -0.09094554713135465,
        0.9958104788499387,
        1.4134910799138254
      ],
      [
        0.0,
        0.0,
        0.0,
        1.0
      ]
    ],
    "location": [
      -5.633062260704719,
      -0.16067563180695288,
      1.4134910799138254
    ],
    "rotation": [
      -0.09107551392594677,
      -0.009507912161903933,
      0.2955807369218775
    ]
  },
  {
    "label_id": "XijTh8OxfGsgllnmHz65UQ",
    "size": [
      2.10294056993205,
      4.501152044097126,
      1.8599999999999994
    ],
    "obj_class": "vehicle",
    "point_num_in_lidar": 90,
    "speed": 0.02233244372194041,
    "if_vehicle": true,
    "motion_state": false,
    "pose": [
      [
        -0.33105710860242665,
        -0.9429407824511019,
        -0.03555097233979312,
        -3.5583009689926257
      ],
      [
        0.9391857812477541,
        -0.3329150788469858,
        0.08424736540896084,
        22.20143798703066
      ],
      [
        -0.09127573141775867,
        -0.005498278531403226,
        0.9958104788499387,
        -1.1234160126344506
      ],
      [
        0.0,
        0.0,
        0.0,
        1.0
      ]
    ],
    "location": [
      -3.5583009689926257,
      22.20143798703066,
      -1.1234160126344506
    ],
    "rotation": [
      -0.005521354490379047,
      0.09140294924071987,
      1.9096910111279555
    ]
  },
  {
    "label_id": "_Phg1BOZU57MowRX3QsMBg",
    "size": [
      2.0720759018615533,
      4.49866838001127,
      2.1099999999999994
    ],
    "obj_class": "vehicle",
    "point_num_in_lidar": 67,
    "speed": 0.0034269578393598724,
    "if_vehicle": true,
    "motion_state": false,
    "pose": [
      [
        -0.30323016996008345,
        -0.9522539537285598,
        -0.03555097233979312,
        -5.458062918314681
      ],
      [
        0.9485551202282696,
        -0.3051975840506963,
        0.08424736540896084,
        27.428567788952932
      ],
      [
        -0.09107495767065565,
        -0.0081757139103559,
        0.9958104788499387,
        -1.667969990819259
      ],
      [
        0.0,
        0.0,
        0.0,
        1.0
      ]
    ],
    "location": [
      -5.458062918314681,
      27.428567788952932,
      -1.667969990819259
    ],
    "rotation": [
      -0.00820992587874405,
      0.09120133574362803,
      1.8802052087846888
    ]
  },
  {
    "label_id": "d41nDrdSUfEL_N3Bq-VPHw",
    "size": [
      2.069003528769306,
      4.068906218702599,
      1.7000000000000028
    ],
    "obj_class": "vehicle",
    "point_num_in_lidar": 23,
    "speed": 0.012867254940240486,
    "if_vehicle": true,
    "motion_state": false,
    "pose": [
      [
        -0.9510166529169376,
        0.3070886748813124,
        -0.03555097233979312,
        -10.337942034010666
      ],
      [
        -0.30904107555417265,
        -0.9473098727670737,
        0.08424736540896084,
        4.451159636239026
      ],
      [
        -0.0078063752782756715,
        0.09110735819718643,
        0.9958104788499387,
        0.520921276339493
      ],
      [
        0.0,
        0.0,
        0.0,
        1.0
      ]
    ],
    "location": [
      -10.337942034010666,
      4.451159636239026,
      0.520921276339493
    ],
    "rotation": [
      0.09123665927525092,
      0.007806454566544516,
      -2.827398166133838
    ]
  },
  {
    "label_id": "dI564oePmcx5PEmWFhS0Mw",
    "size": [
      1.8805302587093016,
      4.298510362823608,
      1.5700000000000074
    ],
    "obj_class": "vehicle",
    "point_num_in_lidar": 145,
    "speed": 5.123796534383003e-13,
    "if_vehicle": true,
    "motion_state": false,
    "pose": [
      [
        -0.9412232737573601,
        0.3359090312914687,
        -0.03555097233979312,
        -20.428163377730925
      ],
      [
        -0.3377476379690474,
        -0.9374587534755746,
        0.08424736540896084,
        28.357326519759226
      ],
      [
        -0.005028119311124671,
        0.09130283801092276,
        0.9958104788499387,
        -1.8495125127441554
      ],
      [
        0.0,
        0.0,
        0.0,
        1.0
      ]
    ],
    "location": [
      -20.428163377730925,
      28.357326519759226,
      -1.8495125127441554
    ],
    "rotation": [
      0.0914313285157685,
      0.0050281404981708825,
      -2.797065232045807
    ]
  },
  {
    "label_id": "dmfbwp-Xq30QfLMx4vdIRA",
    "size": [
      2.1692454192840764,
      6.5089800927740225,
      2.4199999999999875
    ],
    "obj_class": "vehicle",
    "point_num_in_lidar": 230,
    "speed": 0.022059959383289668,
    "if_vehicle": true,
    "motion_state": false,
    "pose": [
      [
        -0.9491753521610378,
        -0.3127335594650264,
        -0.03555097233979312,
        -20.637276784059395
      ],
      [
        0.3089710032033492,
        -0.9473327296157169,
        0.08424736540896084,
        60.9852926648291
      ],
      [
        -0.06002557812704412,
        0.06898130314200963,
        0.9958104788499387,
        -2.74406598632703
      ],
      [
        0.0,
        0.0,
        0.0,
        1.0
      ]
    ],
    "location": [
      -20.637276784059395,
      60.9852926648291,
      -2.74406598632703
    ],
    "rotation": [
      0.06916103476137331,
      0.06006168275737155,
      2.826894845642784
    ]
  },
  {
    "label_id": "ewfgYuzQJJWgeHKMp59PEw",
    "size": [
      2.255862695325156,
      5.044880474012572,
      1.990000000000009
    ],
    "obj_class": "vehicle",
    "point_num_in_lidar": 324,
    "speed": 0.0073640614754502945,
    "if_vehicle": true,
    "motion_state": false,
    "pose": [
      [
        -0.2871970462662255,
        -0.9572115675134995,
        -0.03555097233979312,
        -1.8457310159628832
      ],
      [
        0.9535462926066846,
        -0.2892262942363574,
        0.08424736540896084,
        16.954387469264475
      ],
      [
        -0.09092482868833159,
        -0.009703903372007588,
        0.9958104788499387,
        -0.5153949633557744
      ],
      [
        0.0,
        0.0,
        0.0,
        1.0
      ]
    ],
    "location": [
      -1.8457310159628832,
      16.954387469264475,
      -0.5153949633557744
    ],
    "rotation": [
      -0.009744420686000904,
      0.09105058126608931,
      1.8633430050306798
    ]
  },
  {
    "label_id": "lI8jnQ9wYsgrTMSDNeo1Sg",
    "size": [
      2.001887968048466,
      4.869494509335539,
      1.6200000000000045
    ],
    "obj_class": "vehicle",
    "point_num_in_lidar": 3149,
    "speed": 0.02723324160789791,
    "if_vehicle": true,
    "motion_state": false,
    "pose": [
      [
        -0.35460301959617796,
        -0.9343408515413248,
        -0.03555097233979312,
        6.89538830570109
      ],
      [
        0.9305404315309346,
        -0.35636622554314973,
        0.08424736540896084,
        -8.2596737404765
      ],
      [
        -0.09138492096344263,
        -0.0032072469753753035,
        0.9958104788499387,
        1.9789607749878684
      ],
      [
        0.0,
        0.0,
        0.0,
        1.0
      ]
    ],
    "location": [
      6.89538830570109,
      -8.2596737404765,
      1.9789607749878684
    ],
    "rotation": [
      -0.003220729198770301,
      0.09151259704275073,
      1.9348798476602118
    ]
  },
  {
    "label_id": "mMzIwRfQRJYWdVOUs5HVzg",
    "size": [
      2.124305193316033,
      3.177733023965262,
      2.3799999999999955
    ],
    "obj_class": "vehicle",
    "point_num_in_lidar": 144,
    "speed": 0.027989632572752512,
    "if_vehicle": true,
    "motion_state": false,
    "pose": [
      [
        -0.9451495070724713,
        -0.32469760954826854,
        -0.03555097233979312,
        -15.620282974179645
      ],
      [
        0.3209120793441723,
        -0.9433545562261564,
        0.08424736540896084,
        59.37208686949634
      ],
      [
        -0.060892089894042975,
        0.06821761943216353,
        0.9958104788499387,
        -3.0347154803190364
      ],
      [
        0.0,
        0.0,
        0.0,
        1.0
      ]
    ],
    "location": [
      -15.620282974179645,
      59.37208686949634,
      -3.0347154803190364
    ],
    "rotation": [
      0.06839776032780977,
      0.06092978257424317,
      2.814270318527561
    ]
  },
  {
    "label_id": "oA6nQ0v4SSVgcaeQHa2tdA",
    "size": [
      2.0510135207184232,
      4.5346861622318535,
      1.6800000000000068
    ],
    "obj_class": "vehicle",
    "point_num_in_lidar": 41,
    "speed": 0.01310961402260809,
    "if_vehicle": true,
    "motion_state": false,
    "pose": [
      [
        0.9424404186381626,
        -0.3324788499781906,
        -0.03555097233979312,
        -20.84052635657281
      ],
      [
        0.3343311549180383,
        0.9386826195646852,
        0.08424736540896084,
        30.790595235859655
      ],
      [
        0.005360612679124981,
        -0.09128391996600559,
        0.9958104788499387,
        -1.9896077246691988
      ],
      [
        0.0,
        0.0,
        0.0,
        1.0
      ]
    ],
    "location": [
      -20.84052635657281,
      30.790595235859655,
      -1.9896077246691988
    ],
    "rotation": [
      -0.0914124892195675,
      -0.005360638353368336,
      0.34090055446390644
    ]
  },
  {
    "label_id": "zJ0ufOd6ylfP9pzkJxPojQ",
    "size": [
      2.7982859762618535,
      6.402914888375439,
      2.3699999999999903
    ],
    "obj_class": "vehicle",
    "point_num_in_lidar": 167,
    "speed": 0.019176951335870766,
    "if_vehicle": true,
    "motion_state": false,
    "pose": [
      [
        0.3267505935327173,
        0.9444417282139286,
        -0.03555097233979312,
        -18.59595648834147
      ],
      [
        -0.940695244873706,
        0.3286256802102462,
        0.08424736540896084,
        44.00670662171251
      ],
      [
        0.09124968985160949,
        0.005914753979734368,
        0.9958104788499387,
        -2.631805921570532
      ],
      [
        0.0,
        0.0,
        0.0,
        1.0
      ]
    ],
    "location": [
      -18.59595648834147,
      44.00670662171251,
      -2.631805921570532
    ],
    "rotation": [
      0.005939568372394055,
      -0.09137679854382155,
      -1.2364841620174591
    ]
  }
]