[
  {
    "label_id": "5wAX57Id3TA5hKufSGN6cA",
    "size": [
      0.9760272800929483,
      1.0107243042314726,
      1.730000000000004
    ],
    "obj_class": "pedestrian",
    "point_num_in_lidar": 508,
    "speed": 0.4039777612685111,
    "if_vehicle": false,
    "motion_state": false,
    "pose": [
      [
        0.974607899833769,
        -0.22049519460810826,
        -0.03900398359581165,
        -5.286176183782118
      ],
      [
        0.22328439015640753,
        0.9700897149858981,
        0.09523668406165726,
        1.3620985936067882
      ],
      [
        0.01683813214376953,
        -0.10152740533132529,
        0.9946902348332357,
        0.9378798506879349
      ],
      [
        0.0,
        0.0,
        0.0,
        1.0
      ]
    ],
    "location": [
      -5.286176183782118,
      1.3620985936067882,
      0.9378798506879349
    ],
    "rotation": [
      -0.10171711082678982,
      -0.016838927910733284,
      0.22521511518701537
    ]
  },
  {
    "label_id": "9WgYlUnhlVC6T0bvch6KmA",
    "size": [
      1.9983550940203194,
      4.645778126396109,
      1.710000000000008
    ],
    "obj_class": "vehicle",
    "point_num_in_lidar": 31,
    "speed": 2.8421709430404007e-13,
    "if_vehicle": true,
    "motion_state": false,
    "pose": [
      [
        -0.3258299911450972,
        -0.9446234732072051,
        -0.03900398359581165,
        -7.041466951955044
      ],
      [
        0.9398271822121781,
        -0.3281079724481824,
        0.09523668406165726,
        32.21346220191117
      ],
      [
        -0.10276032525008388,
        -0.005626036073403475,
        0.9946902348332357,
        -2.462221285497108
      ],
      [
        0.0,
        0.0,
        0.0,
        1.0
      ]
    ],
    "location": [
      -7.041466951955044,
      32.21346220191117,
      -2.462221285497108
    ],
    "rotation": [
      -0.005656008155260146,
      0.10294204284560396,
      1.9045205731001291
    ]
  },
  {
    "label_id": "HvuvFbv43gxAzu4E8WOQpw",
    "size": [
      1.949612145246425,
      4.825332542451997,
      1.7999999999999972
    ],
    "obj_class": "vehicle",
    "point_num_in_lidar": 315,
    "speed": 0.011102383396685683,
    "if_vehicle": true,
    "motion_state": false,
    "pose": [
      [
        0.9378509742041692,
        -0.34483944009922707,
        -0.03900398359581165,
        -24.03106100637342
      ],
      [
        0.34702009972173714,
        0.933009659327306,
        0.09523668406165726,
        42.91547624910527
      ],
      [
        0.0035497286384071885,
        -0.1028529832041635,
        0.9946902348332357,
        -2.655986049485506
      ],
      [
        0.0,
        0.0,
        0.0,
        1.0
      ]
    ],
    "location": [
      -24.03106100637342,
      42.91547624910527,
      -2.655986049485506
    ],
    "rotation": [
      -0.103035845840745,
      -0.0035497360932188397,
      0.3543942115397592
    ]
  },
  {
    "label_id": "I-Fu2Xu4O2bn6bvJdM-DcQ",
    "size": [
      1.931064385289552,
      4.533620881541709,
      1.6200000000000045
    ],
    "obj_class": "vehicle",
    "point_num_in_lidar": 2398,
    "speed": 0.01908236619557494,
    "if_vehicle": true,
    "motion_state": false,
    "pose": [
      [
        -0.35301544476101754,
        -0.9348041426009186,
        -0.03900398359581165,
        0.3556456562828316
      ],
      [
        0.9299439711508435,
        -0.3551537477334838,
        0.09523668406165726,
        10.930288999992626
      ],
      [
        -0.10288005773899991,
        -0.002651499014200997,
        0.9946902348332357,
        -0.09079928788567315
      ],
      [
        0.0,
        0.0,
        0.0,
        1.0
      ]
    ],
    "location": [
      0.3556456562828316,
      10.930288999992626,
      -0.09079928788567315
    ],
    "rotation": [
      -0.0026656466919220026,
      0.10306241330296671,
      1.9336019517860805
    ]
  },
  {
    "label_id": "JKVW2YezLsRotn6ukUHoLA",
    "size": [
      2.1792263178030664,
      4.447204686175888,
      1.8400000000000034
    ],
    "obj_class": "vehicle",
    "point_num_in_lidar": 1552,
    "speed": 0.015099973731014875,
    "if_vehicle": true,
    "motion_state": false,
    "pose": [
      [
        -0.9535023610326445,
        0.29885102771921335,
        -0.03900398359581165,
        -15.680642145476668
      ],
      [
        -0.30126440518151154,
        -0.9487727505464995,
        0.09523668406165726,
        12.21782138873823
      ],
      [
        -0.008544335890072464,
        0.10255891502741185,
        0.9946902348332357,
        0.015597530884846833
      ],
      [
        0.0,
        0.0,
        0.0,
        1.0
      ]
    ],
    "location": [
      -15.680642145476668,
      12.21782138873823,
      0.015597530884846833
    ],
    "rotation": [
      0.10274332657191128,
      0.008544439857657425,
      -2.835562732576501
    ]
  },
  {
    "label_id": "O94l9mpekh5AFFYvqVCZgw",
    "size": [
      2.068711466767869,
      4.781239024819779,
      1.7600000000000051
    ],
    "obj_class": "vehicle",
    "point_num_in_lidar": 3411,
    "speed": 0.019289535727848518,
    "if_vehicle": true,
    "motion_state": false,
    "pose": [
      [
        -0.312079146469226,
        -0.9492551267192065,
        -0.03900398359581165,
        3.3495730526638
      ],
      [
        0.9444924190325653,
        -0.314426532593789,
        0.09523668406165726,
        1.3840416406528675
      ],
      [
        -0.10266779791664159,
        -0.0071175837437933,
        0.9946902348332357,
        1.013056361727351
      ],
      [
        0.0,
        0.0,
        0.0,
        1.0
      ]
    ],
    "location": [
      3.3495730526638,
      1.3840416406528675,
      1.013056361727351
    ],
    "rotation": [
      -0.007155456059980756,
      0.10284902352583944,
      1.8899225567112596
    ]
  },
  {
    "label_id": "Q8Fi8eptCTtVT1Vy0AVizw",
    "size": [
      2.6413474904445677,
      5.568944103738231,
      2.3100000000000023
    ],
    "obj_class": "vehicle",
    "point_num_in_lidar": 9942,
    "speed": 0.040499965955895514,
    "if_vehicle": true,
    "motion_state": false,
    "pose": [
      [
        0.9569282757688752,
        -0.28769248217091986,
        -0.03900398359581165,
        -5.636922652960493
      ],
      [
        0.290160943010825,
        0.9522271793852604,
        0.09523668406165726,
        -0.20099008925899398
      ],
      [
        0.00974177525280283,
        -0.10245210853040627,
        0.9946902348332357,
        1.3426541611236757
      ],
      [
        0.0,
        0.0,
        0.0,
        1.0
      ]
    ],
    "location": [
      -5.636922652960493,
      -0.20099008925899398,
      1.3426541611236757
    ],
    "rotation": [
      -0.10263707827215446,
      -0.009741929345343264,
      0.29440940035492835
    ]
  },
  {
    "label_id": "XijTh8OxfGsgllnmHz65UQ",
    "size": [
      2.1029405699320503,
      4.501152044097126,
      1.8599999999999994
    ],
    "obj_class": "vehicle",
    "point_num_in_lidar": 248,
    "speed": 0.0191606025633306,
    "if_vehicle": true,
    "motion_state": false,
    "pose": [
      [
        -0.3310144384039703,
        -0.9428192461080553,
        -0.03900398359581165,
        -3.579164353046508
      ],
      [
        0.9380105132172277,
        -0.33326603652771625,
        0.09523668406165726,
        22.195143341557923
      ],
      [
        -0.10278968169061095,
        -0.005061429180097781,
        0.9946902348332357,
        -1.1614158294672308
      ],
      [
        0.0,
        0.0,
        0.0,
        1.0
      ]
    ],
    "location": [
      -3.579164353046508,
      22.195143341557923,
      -1.1614158294672308
    ],
    "rotation": [
      -0.005088403725619894,
      0.10297155556694518,
      1.910043345981466
    ]
  },
  {
    "label_id": "_Phg1BOZU57MowRX3QsMBg",
    "size": [
      2.0720759018615533,
      4.49866838001127,
      2.1099999999999994
    ],
    "obj_class": "vehicle",
    "point_num_in_lidar": 161,
    "speed": 0.0034269578383698783,
    "if_vehicle": true,
    "motion_state": false,
    "pose": [
      [
        -0.30319108639657405,
        -0.9521312170038975,
        -0.03900398359581165,
        -5.460511452225546
      ],
      [
        0.9473906627599301,
        -0.30558289566701907,
        0.09523668406165726,
        27.426170272836316
      ],
      [
        -0.10259677014879845,
        -0.008077096163652289,
        0.9946902348332357,
        -1.6679699908190173
      ],
      [
        0.0,
        0.0,
        0.0,
        1.0
      ]
    ],
    "location": [
      -5.460511452225546,
      27.426170272836316,
      -1.6679699908190173
    ],
    "rotation": [
      -0.008120034116186897,
      0.10277761869510252,
      1.8805242368855506
    ]
  },
  {
    "label_id": "_fOTcBhgCn2VywcpqFoyLw",
    "size": [
      1.876166303482874,
      3.9980212378381017,
      1.5400000000000063
    ],
    "obj_class": "vehicle",
    "point_num_in_lidar": 33,
    "speed": 3.1776437161565096e-13,
    "if_vehicle": true,
    "motion_state": false,
    "pose": [
      [
        -0.9684483004715502,
        -0.2461434105911098,
        -0.03900398359581165,
        -33.57098864933141
      ],
      [
        0.24160659779242577,
        -0.9656895080263164,
        0.09523668406165726,
        65.33554134815495
      ],
      [
        -0.06110761995803018,
        0.0828081850451223,
        0.9946902348332357,
        -3.2856332365462606
      ],
      [
        0.0,
        0.0,
        0.0,
        1.0
      ]
    ],
    "location": [
      -33.57098864933141,
      65.33554134815495,
      -3.2856332365462606
    ],
    "rotation": [
      0.08305869533977343,
      0.06114571475297512,
      2.897105293674666
    ]
  },
  {
    "label_id": "d41nDrdSUfEL_N3Bq-VPHw",
    "size": [
      2.069003528769305,
      4.068906218702599,
      1.7000000000000028
    ],
    "obj_class": "vehicle",
    "point_num_in_lidar": 2775,
    "speed": 0.012901628258818531,
    "if_vehicle": true,
    "motion_state": false,
    "pose": [
      [
        -0.9508940756689029,
        0.3070490939922155,
        -0.03900398359581165,
        -10.348049875121433
      ],
      [
        -0.30942166260802567,
        -0.9461438625905815,
        0.09523668406165726,
        4.443197927839719
      ],
      [
        -0.007661042139806174,
        0.10262867611313312,
        0.9946902348332357,
        0.5209212763395215
      ],
      [
        0.0,
        0.0,
        0.0,
        1.0
      ]
    ],
    "location": [
      -10.348049875121433,
      4.443197927839719,
      0.5209212763395215
    ],
    "rotation": [
      0.10281272181228795,
      0.007661117081546409,
      -2.826998316175276
    ]
  },
  {
    "label_id": "dI564oePmcx5PEmWFhS0Mw",
    "size": [
      1.8805302587092998,
      4.298510362823608,
      1.5700000000000074
    ],
    "obj_class": "vehicle",
    "point_num_in_lidar": 249,
    "speed": 5.123796534383003e-13,
    "if_vehicle": true,
    "motion_state": false,
    "pose": [
      [
        -0.941101958785293,
        0.33586573572506967,
        -0.03900398359581165,
        -20.428163377730925
      ],
      [
        -0.3380925381552613,
        -0.9362816935370857,
        0.09523668406165726,
        28.35732651975559
      ],
      [
        -0.0045319768553947065,
        0.10281438573071587,
        0.9946902348332357,
        -1.8632108015151232
      ],
      [
        0.0,
        0.0,
        0.0,
        1.0
      ]
    ],
    "location": [
      -20.428163377730925,
      28.35732651975559,
      -1.8632108015151232
    ],
    "rotation": [
      0.10299745267464466,
      0.0045319923691098715,
      -2.7966996217337288
    ]
  },
  {
    "label_id": "dmfbwp-Xq30QfLMx4vdIRA",
    "size": [
      2.169245419284066,
      6.5089800927740225,
      2.4199999999999875
    ],
    "obj_class": "vehicle",
    "point_num_in_lidar": 286,
    "speed": 0.02205995938204782,
    "if_vehicle": true,
    "motion_state": false,
    "pose": [
      [
        -0.9490530122396341,
        -0.3126932510025351,
        -0.03900398359581165,
        -20.642601741714316
      ],
      [
        0.30797608873134996,
        -0.946615393271565,
        0.09523668406165726,
        60.96388565221787
      ],
      [
        -0.06670163962464784,
        0.07837236757165038,
        0.9946902348332357,
        -2.768555062522566
      ],
      [
        0.0,
        0.0,
        0.0,
        1.0
      ]
    ],
    "location": [
      -20.642601741714316,
      60.96388565221787,
      -2.768555062522566
    ],
    "rotation": [
      0.07862828873445817,
      0.06675119938696386,
      2.827805059257178
    ]
  },
  {
    "label_id": "ewfgYuzQJJWgeHKMp59PEw",
    "size": [
      2.255862695325156,
      5.044880474012572,
      1.990000000000009
    ],
    "obj_class": "vehicle",
    "point_num_in_lidar": 1048,
    "speed": 0.00736406147488972,
    "if_vehicle": true,
    "motion_state": false,
    "pose": [
      [
        -0.2871600292240248,
        -0.9570881917982871,
        -0.03900398359581165,
        -1.8529945998625408
      ],
      [
        0.9523884695256063,
        -0.28963110524184593,
        0.09523668406165726,
        16.953176352662922
      ],
      [
        -0.10244667261912604,
        -0.009798775263872194,
        0.9946902348332357,
        -0.5616504568764071
      ],
      [
        0.0,
        0.0,
        0.0,
        1.0
      ]
    ],
    "location": [
      -1.8529945998625408,
      16.953176352662922,
      -0.5616504568764071
    ],
    "rotation": [
      -0.00985076355331254,
      0.10262672607675438,
      1.8636430459089806
    ]
  },
  {
    "label_id": "mMzIwRfQRJYWdVOUs5HVzg",
    "size": [
      2.124305193316032,
      3.177733023965262,
      2.3799999999999955
    ],
    "obj_class": "vehicle",
    "point_num_in_lidar": 184,
    "speed": 0.03047946187456039,
    "if_vehicle": true,
    "motion_state": false,
    "pose": [
      [
        -0.9450276860452561,
        -0.3246557590304019,
        -0.03900398359581165,
        -15.63668135334774
      ],
      [
        0.3199081835919898,
        -0.9426498438337609,
        0.09523668406165726,
        59.34639562053235
      ],
      [
        -0.06768623699706233,
        0.0775236096204232,
        0.9946902348332357,
        -3.0362538404558705
      ],
      [
        0.0,
        0.0,
        0.0,
        1.0
      ]
    ],
    "location": [
      -15.63668135334774,
      59.34639562053235,
      -3.0362538404558705
    ],
    "rotation": [
      0.07778020807435293,
      0.06773802709624199,
      2.8151838427035525
    ]
  },
  {
    "label_id": "oA6nQ0v4SSVgcaeQHa2tdA",
    "size": [
      2.0510135207184232,
      4.5346861622318535,
      1.6800000000000068
    ],
    "obj_class": "vehicle",
    "point_num_in_lidar": 45,
    "speed": 0.01310961402361653,
    "if_vehicle": true,
    "motion_state": false,
    "pose": [
      [
        0.9423189467873809,
        -0.3324359965304278,
        -0.03900398359581165,
        -20.85360923866756
      ],
      [
        0.33468033969204863,
        0.9375068235658633,
        0.09523668406165726,
        30.789764070037563
      ],
      [
        0.004906398795033877,
        -0.10279719829969275,
        0.9946902348332357,
        -2.032028779574489
      ],
      [
        0.0,
        0.0,
        0.0,
        1.0
      ]
    ],
    "location": [
      -20.85360923866756,
      30.789764070037563,
      -2.032028779574489
    ],
    "rotation": [
      -0.10298035612349131,
      -0.0049064184803316825,
      0.3412702619030165
    ]
  },
  {
    "label_id": "zJ0ufOd6ylfP9pzkJxPojQ",
    "size": [
      2.798285976261853,
      6.402914888375439,
      2.3699999999999903
    ],
    "obj_class": "vehicle",
    "point_num_in_lidar": 260,
    "speed": 0.019176951334381603,
    "if_vehicle": true,
    "motion_state": false,
    "pose": [
      [
        0.32670847840421463,
        0.9443199984128581,
        -0.03900398359581165,
        -18.606756636339014
      ],
      [
        -0.9395215906604016,
        0.32898199751945184,
        0.09523668406165726,
        43.99086073009312
      ],
      [
        0.10276551377651609,
        0.0055304525719822055,
        0.9946902348332357,
        -2.66314261271566
      ],
      [
        0.0,
        0.0,
        0.0,
        1.0
      ]
    ],
    "location": [
      -18.606756636339014,
      43.99086073009312,
      -2.66314261271566
    ],
    "rotation": [
      0.005559917440781448,
      -0.10294725898692825,
      -1.236137008695231
    ]
  }
]