[
  {
    "label_id": "5wAX57Id3TA5hKufSGN6cA",
    "size": [
      0.9760272800926955,
      1.0107243042314726,
      1.730000000000004
    ],
    "obj_class": "pedestrian",
    "point_num_in_lidar": 53,
    "speed": 0.5246464526117685,
    "if_vehicle": false,
    "motion_state": false,
    "pose": [
      [
        0.9989646790367019,
        0.030114024517443754,
        -0.03409861528657771,
        -4.812686581736671
      ],
      [
        -0.027233044707379868,
        0.9962591354842538,
        0.08201278095597675,
        1.2106587814923842
      ],
      [
        0.036440791883068105,
        -0.08099926229003554,
        0.9960477840924123,
        0.9378798506878212
      ],
      [
        0.0,
        0.0,
        0.0,
        1.0
      ]
    ],
    "location": [
      -4.812686581736671,
      1.2106587814923842,
      0.9378798506878212
    ],
    "rotation": [
      -0.08114210783597017,
      -0.03644886185113134,
      -0.02725451856626382
    ]
  },
  {
    "label_id": "HvuvFbv43gxAzu4E8WOQpw",
    "size": [
      1.9496121452464195,
      4.825332542451997,
      1.7999999999999972
    ],
    "obj_class": "vehicle",
    "point_num_in_lidar": 195,
    "speed": 0.01110238339808631,
    "if_vehicle": true,
    "motion_state": false,
    "pose": [
      [
        0.938019369706603,
        -0.34490135762383595,
        -0.03409861528657771,
        -24.02019277996351
      ],
      [
        0.34656438084508245,
        0.9344340713444322,
        0.08201278095597675,
        42.92104651714726
      ],
      [
        0.0035765884152216465,
        -0.0887469425946785,
        0.9960477840924123,
        -2.616622725124202
      ],
      [
        0.0,
        0.0,
        0.0,
        1.0
      ]
    ],
    "location": [
      -24.02019277996351,
      42.92104651714726,
      -2.616622725124202
    ],
    "rotation": [
      -0.08886442275028256,
      -0.003576596040542917,
      0.35390837233581535
    ]
  },
  {
    "label_id": "I-Fu2Xu4O2bn6bvJdM-DcQ",
    "size": [
      1.9310643852895522,
      4.533620881541709,
      1.6200000000000045
    ],
    "obj_class": "vehicle",
    "point_num_in_lidar": 659,
    "speed": 0.019082366354127495,
    "if_vehicle": true,
    "motion_state": false,
    "pose": [
      [
        -0.35307883032527243,
        -0.9349719910305739,
        -0.03409861528657771,
        0.37456250767536403
      ],
      [
        0.9313723081226378,
        -0.3547104839473695,
        0.08201278095597675,
        10.93938584186617
      ],
      [
        -0.08877478943060108,
        -0.0028015292515866977,
        0.9960477840924123,
        -0.05671856437575684
      ],
      [
        0.0,
        0.0,
        0.0,
        1.0
      ]
    ],
    "location": [
      0.37456250767536403,
      10.93938584186617,
      -0.05671856437575684
    ],
    "rotation": [
      -0.0028126380167250806,
      0.08889181005534469,
      1.9331525219471237
    ]
  },
  {
    "label_id": "JKVW2YezLsRotn6ukUHoLA",
    "size": [
      2.1792263178030673,
      4.447204686175888,
      1.8400000000000034
    ],
    "obj_class": "vehicle",
    "point_num_in_lidar": 270,
    "speed": 0.015099973858022702,
    "if_vehicle": true,
    "motion_state": false,
    "pose": [
      [
        -0.9536735668143452,
        0.29890468781058405,
        -0.03409861528657771,
        -15.671587575723606
      ],
      [
        -0.30073999638769644,
        -0.9501733306784585,
        0.08201278095597675,
        12.231746285648114
      ],
      [
        -0.0078855901702469,
        0.0884682387767608,
        0.9960477840924123,
        0.01559753088478999
      ],
      [
        0.0,
        0.0,
        0.0,
        1.0
      ]
    ],
    "location": [
      -15.671587575723606,
      12.231746285648114,
      0.01559753088478999
    ],
    "rotation": [
      0.08858681001943694,
      0.007885671896861427,
      -2.836114373123171
    ]
  },
  {
    "label_id": "O94l9mpekh5AFFYvqVCZgw",
    "size": [
      2.0687114667678697,
      4.781239024819779,
      1.7600000000000051
    ],
    "obj_class": "vehicle",
    "point_num_in_lidar": 3381,
    "speed": 0.03576801903300078,
    "if_vehicle": true,
    "motion_state": false,
    "pose": [
      [
        -0.31213518173081295,
        -0.9494255698902418,
        -0.03409861528657771,
        3.3746633106275112
      ],
      [
        0.9459001548965392,
        -0.3139216474322375,
        0.08201278095597675,
        1.401718116376287
      ],
      [
        -0.08856932478333235,
        -0.0066548111933882,
        0.9960477840924123,
        1.0523892441234466
      ],
      [
        0.0,
        0.0,
        0.0,
        1.0
      ]
    ],
    "location": [
      3.3746633106275112,
      1.401718116376287,
      1.0523892441234466
    ],
    "rotation": [
      -0.006681117393871101,
      0.0886855328559869,
      1.889532571235824
    ]
  },
  {
    "label_id": "Q8Fi8eptCTtVT1Vy0AVizw",
    "size": [
      2.641347490445038,
      5.568944103738231,
      2.3100000000000023
    ],
    "obj_class": "vehicle",
    "point_num_in_lidar": 6057,
    "speed": 0.024005608756836005,
    "if_vehicle": true,
    "motion_state": false,
    "pose": [
      [
        0.9565920193484914,
        -0.2894287355365972,
        -0.03409861528657771,
        -5.632676133120185
      ],
      [
        0.29129867907393187,
        0.9531101632705683,
        0.08201278095597675,
        -0.15664326331170741
      ],
      [
        0.008762881293162106,
        -0.08838565333829357,
        0.9960477840924123,
        1.4205763931650353
      ],
      [
        0.0,
        0.0,
        0.0,
        1.0
      ]
    ],
    "location": [
      -5.632676133120185,
      -0.15664326331170741,
      1.4205763931650353
    ],
    "rotation": [
      -0.08850454526016603,
      -0.008762993444521626,
      0.29559580276933184
    ]
  },
  {
    "label_id": "XijTh8OxfGsgllnmHz65UQ",
    "size": [
      2.1029405699320494,
      4.501152044097126,
      1.8599999999999994
    ],
    "obj_class": "vehicle",
    "point_num_in_lidar": 82,
    "speed": 0.02234101253561514,
    "if_vehicle": true,
    "motion_state": false,
    "pose": [
      [
        -0.3310738735852541,
        -0.9429885336868064,
        -0.03409861528657771,
        -3.5561683458690823
      ],
      [
        0.9394280715845159,
        -0.3327894260322351,
        0.08201278095597675,
        22.202105175683755
      ],
      [
        -0.08868477066696796,
        -0.004880907327777815,
        0.9960477840924123,
        -1.1198412917499212
      ],
      [
        0.0,
        0.0,
        0.0,
        1.0
      ]
    ],
    "location": [
      -3.5561683458690823,
      22.202105175683755,
      -1.1198412917499212
    ],
    "rotation": [
      -0.00490023504734424,
      0.08880143482778366,
      1.9096260183013338
    ]
  },
  {
    "label_id": "_Phg1BOZU57MowRX3QsMBg",
    "size": [
      2.0720759018615533,
      4.49866838001127,
      2.1099999999999994
    ],
    "obj_class": "vehicle",
    "point_num_in_lidar": 64,
    "speed": 0.0034269578680105237,
    "if_vehicle": true,
    "motion_state": false,
    "pose": [
      [
        -0.30324552576565356,
        -0.9523021765903145,
        -0.03409861528657771,
        -5.457818008878348
      ],
      [
        0.9487936170201455,
        -0.30506487189071196,
        0.08201278095597675,
        27.42880759543732
      ],
      [
        -0.08850323951665186,
        -0.0074825396526319405,
        0.9960477840924123,
        -1.6679699908191878
      ],
      [
        0.0,
        0.0,
        0.0,
        1.0
      ]
    ],
    "location": [
      -5.457818008878348,
      27.42880759543732,
      -1.6679699908191878
    ],
    "rotation": [
      -0.007512088296729206,
      0.0886191870461487,
      1.8801469856927318
    ]
  },
  {
    "label_id": "dI564oePmcx5PEmWFhS0Mw",
    "size": [
      1.8805302587093105,
      4.298510362823608,
      1.5700000000000074
    ],
    "obj_class": "vehicle",
    "point_num_in_lidar": 139,
    "speed": 5.123796534383003e-13,
    "if_vehicle": true,
    "motion_state": false,
    "pose": [
      [
        -0.9412709380171221,
        0.3359260419793395,
        -0.03409861528657771,
        -20.428163377730016
      ],
      [
        -0.3376232346591984,
        -0.9377016877334319,
        0.08201278095597675,
        28.35732651975377
      ],
      [
        -0.004424100205337098,
        0.08870873205027896,
        0.9960477840924123,
        -1.8481423703295121
      ],
      [
        0.0,
        0.0,
        0.0,
        1.0
      ]
    ],
    "location": [
      -20.428163377730016,
      28.35732651975377,
      -1.8481423703295121
    ],
    "rotation": [
      0.08882636260629347,
      0.004424114637367669,
      -2.797198424815071
    ]
  },
  {
    "label_id": "dmfbwp-Xq30QfLMx4vdIRA",
    "size": [
      2.1692454192840747,
      6.5089800927740225,
      2.4199999999999875
    ],
    "obj_class": "vehicle",
    "point_num_in_lidar": 217,
    "speed": 0.02205995938039433,
    "if_vehicle": true,
    "motion_state": false,
    "pose": [
      [
        -0.9492234191200758,
        -0.3127493965294433,
        -0.03409861528657771,
        -20.636744166411518
      ],
      [
        0.309218351952666,
        -0.94744810653436,
        0.08201278095597675,
        60.98743385606758
      ],
      [
        -0.05795611624039479,
        0.06730453472779455,
        0.9960477840924123,
        -2.7416165181817433
      ],
      [
        0.0,
        0.0,
        0.0,
        1.0
      ]
    ],
    "location": [
      -20.636744166411518,
      60.98743385606758,
      -2.7416165181817433
    ],
    "rotation": [
      0.06746903091215341,
      0.0579886102894963,
      2.826674151364931
    ]
  },
  {
    "label_id": "ewfgYuzQJJWgeHKMp59PEw",
    "size": [
      2.2558626953251557,
      5.044880474012572,
      1.990000000000009
    ],
    "obj_class": "vehicle",
    "point_num_in_lidar": 284,
    "speed": 0.0073640615365666105,
    "if_vehicle": true,
    "motion_state": false,
    "pose": [
      [
        -0.2872115901422607,
        -0.9572600414325734,
        -0.03409861528657771,
        -1.8450044913179227
      ],
      [
        0.9537825272516719,
        -0.2890895959201587,
        0.08201278095597675,
        16.954508608643664
      ],
      [
        -0.08836511301055258,
        -0.008967642233459586,
        0.9960477840924123,
        -0.5107683552707414
      ],
      [
        0.0,
        0.0,
        0.0,
        1.0
      ]
    ],
    "location": [
      -1.8450044913179227,
      16.954508608643664,
      -0.5107683552707414
    ],
    "rotation": [
      -0.009002981672734738,
      0.08848051723479944,
      1.8632885900158083
    ]
  },
  {
    "label_id": "lI8jnQ9wYsgrTMSDNeo1Sg",
    "size": [
      2.0018879680484654,
      4.869494509335539,
      1.6200000000000045
    ],
    "obj_class": "vehicle",
    "point_num_in_lidar": 3141,
    "speed": 0.02538906345054414,
    "if_vehicle": true,
    "motion_state": false,
    "pose": [
      [
        -0.3546209769617788,
        -0.9343881672700117,
        -0.03409861528657771,
        6.892128924457211
      ],
      [
        0.9307857971668054,
        -0.3562466891809965,
        0.08201278095597675,
        -8.260474825598067
      ],
      [
        -0.08877929089167187,
        -0.002655054305840607,
        0.9960477840924123,
        1.9752115994194526
      ],
      [
        0.0,
        0.0,
        0.0,
        1.0
      ]
    ],
    "location": [
      6.892128924457211,
      -8.260474825598067,
      1.9752115994194526
    ],
    "rotation": [
      -0.0026655829769340845,
      0.08889632936078756,
      1.9348089750814448
    ]
  },
  {
    "label_id": "mMzIwRfQRJYWdVOUs5HVzg",
    "size": [
      2.124305193316028,
      3.177733023965262,
      2.3799999999999955
    ],
    "obj_class": "vehicle",
    "point_num_in_lidar": 135,
    "speed": 0.026453434153199312,
    "if_vehicle": true,
    "motion_state": false,
    "pose": [
      [
        -0.9451973701596638,
        -0.3247140524812463,
        -0.03409861528657771,
        -15.618642760925468
      ],
      [
        0.32116086568304403,
        -0.943466799688036,
        0.08201278095597675,
        59.37465658243309
      ],
      [
        -0.05880161389769302,
        0.06656712407503941,
        0.9960477840924123,
        -3.034561609094496
      ],
      [
        0.0,
        0.0,
        0.0,
        1.0
      ]
    ],
    "location": [
      -15.618642760925468,
      59.37465658243309,
      -3.034561609094496
    ],
    "rotation": [
      0.06673202267460512,
      0.05883555243241045,
      2.8140497478342805
    ]
  },
  {
    "label_id": "oA6nQ0v4SSVgcaeQHa2tdA",
    "size": [
      2.0510135207184264,
      4.5346861622318535,
      1.6800000000000068
    ],
    "obj_class": "vehicle",
    "point_num_in_lidar": 45,
    "speed": 0.013109614022783614,
    "if_vehicle": true,
    "motion_state": false,
    "pose": [
      [
        0.9424881445350641,
        -0.33249568695907944,
        -0.03409861528657771,
        -20.83921776891202
      ],
      [
        0.3342058676619511,
        0.9389250991320817,
        0.08201278095597675,
        30.79067837146249
      ],
      [
        0.004747149794834697,
        -0.08869203105928095,
        0.9960477840924123,
        -1.9853646482113163
      ],
      [
        0.0,
        0.0,
        0.0,
        1.0
      ]
    ],
    "location": [
      -20.83921776891202,
      30.79067837146249,
      -1.9853646482113163
    ],
    "rotation": [
      -0.08880972727097583,
      -0.004747167624860091,
      0.3407665189990908
    ]
  },
  {
    "label_id": "zJ0ufOd6ylfP9pzkJxPojQ",
    "size": [
      2.7982859762618535,
      6.402914888375439,
      2.3699999999999903
    ],
    "obj_class": "vehicle",
    "point_num_in_lidar": 166,
    "speed": 0.01917695133556113,
    "if_vehicle": true,
    "motion_state": false,
    "pose": [
      [
        0.32676714043035726,
        0.9444895554586642,
        -0.03409861528657771,
        -18.594876226338783
      ],
      [
        -0.9409369592766171,
        0.3284989230228017,
        0.08201278095597675,
        44.00829157356384
      ],
      [
        0.08866157342524891,
        0.005285565471569821,
        0.9960477840924123,
        -2.6307710340425388
      ],
      [
        0.0,
        0.0,
        0.0,
        1.0
      ]
    ],
    "location": [
      -18.594876226338783,
      44.00829157356384,
      -2.6307710340425388
    ],
    "rotation": [
      0.005306488246981976,
      -0.08877814584553544,
      -1.2365480942032472
    ]
  }
]