[
  {
    "label_id": "879JO35UQnJCr5ErwcoArQ",
    "size": [
      2.428028898489605,
      6.100753530004457,
      2.799999999999997
    ],
    "obj_class": "vehicle",
    "point_num_in_lidar": 2141,
    "speed": 0.04271141534527712,
    "if_vehicle": true,
    "motion_state": false,
    "pose": [
      [
        -0.32325641979625025,
        -0.9462764557277752,
        0.008133658204666142,
        14.131961937819142
      ],
      [
        0.944485987576428,
        -0.3220873365756449,
        0.0648534261962067,
        -29.11463842793637
      ],
      [
        -0.05874952197499177,
        0.02864641256574934,
        0.9978616520915227,
        4.304877919254736
      ],
      [
        0.0,
        0.0,
        0.0,
        1.0
      ]
    ],
    "location": [
      14.131961937819142,
      -29.11463842793637,
      4.304877919254736
    ],
    "rotation": [
      0.028699917332808255,
      0.058783370298376346,
      1.9005560730694353
    ]
  },
  {
    "label_id": "Kq9qnezLjkFG5wjjq8IQSQ",
    "size": [
      2.0246308027242685,
      4.44139922780337,
      1.5700000000000074
    ],
    "obj_class": "vehicle",
    "point_num_in_lidar": 570,
    "speed": 0.010949934542278373,
    "if_vehicle": true,
    "motion_state": false,
    "pose": [
      [
        -0.9122847898436891,
        0.40947564741271925,
        0.008133658204666142,
        3.9607556532782837
      ],
      [
        -0.4081458212605049,
        -0.9106102468664632,
        0.0648534261962067,
        -39.51263651305817
      ],
      [
        0.033962491184303216,
        0.055845075680253924,
        0.9978616520915227,
        4.5792420098141235
      ],
      [
        0.0,
        0.0,
        0.0,
        1.0
      ]
    ],
    "location": [
      3.9607556532782837,
      -39.51263651305817,
      4.5792420098141235
    ],
    "rotation": [
      0.055906429151391525,
      -0.03396902358601326,
      -2.7209124849520316
    ]
  },
  {
    "label_id": "O94l9mpekh5AFFYvqVCZgw",
    "size": [
      2.0687114667678705,
      4.781239024819779,
      1.7600000000000051
    ],
    "obj_class": "vehicle",
    "point_num_in_lidar": 68,
    "speed": 0.02820964813657771,
    "if_vehicle": true,
    "motion_state": false,
    "pose": [
      [
        -0.31230647129514866,
        -0.9499465835463499,
        0.008133658204666142,
        3.5491933076855275
      ],
      [
        0.9481427332522947,
        -0.3111581438617363,
        0.0648534261962067,
        1.4790590904431156
      ],
      [
        -0.05907643665659221,
        0.02796601360824978,
        0.9978616520915227,
        1.1877875285362478
      ],
      [
        0.0,
        0.0,
        0.0,
        1.0
      ]
    ],
    "location": [
      3.5491933076855275,
      1.4790590904431156,
      1.1877875285362478
    ],
    "rotation": [
      0.028018608589223386,
      0.05911085378028782,
      1.8889915389638792
    ]
  },
  {
    "label_id": "Q8Fi8eptCTtVT1Vy0AVizw",
    "size": [
      2.6413474904454692,
      5.568944103738231,
      2.3100000000000023
    ],
    "obj_class": "vehicle",
    "point_num_in_lidar": 111,
    "speed": 0.04046128746091668,
    "if_vehicle": true,
    "motion_state": false,
    "pose": [
      [
        0.9540564121797923,
        -0.29951662054522443,
        0.008133658204666142,
        -5.499015834190686
      ],
      [
        0.2983926298254845,
        0.9522372979338944,
        0.0648534261962067,
        -0.17671866390628566
      ],
      [
        -0.0271698517561961,
        -0.05944680345252795,
        0.9978616520915227,
        1.4398562936053594
      ],
      [
        0.0,
        0.0,
        0.0,
        1.0
      ]
    ],
    "location": [
      -5.499015834190686,
      -0.17671866390628566,
      1.4398562936053594
    ],
    "rotation": [
      -0.05950386555454241,
      0.02717319566838238,
      0.3031235774685407
    ]
  },
  {
    "label_id": "RPBUDC98gK2kx2g2huH9ig",
    "size": [
      2.08760895005652,
      4.964288169845656,
      1.7000000000000028
    ],
    "obj_class": "vehicle",
    "point_num_in_lidar": 2908,
    "speed": 4.263256414560601e-13,
    "if_vehicle": true,
    "motion_state": false,
    "pose": [
      [
        -0.950185861308324,
        0.311577715143378,
        0.008133658204666142,
        3.39847197697145
      ],
      [
        -0.3104307717058713,
        -0.9483811307110187,
        0.0648534261962067,
        -46.0063711910243
      ],
      [
        0.027920690318392012,
        0.05909787083577219,
        0.9978616520915227,
        5.246441823999618
      ],
      [
        0.0,
        0.0,
        0.0,
        1.0
      ]
    ],
    "location": [
      3.39847197697145,
      -46.0063711910243,
      5.246441823999618
    ],
    "rotation": [
      0.05915541463655547,
      -0.027924319256831837,
      -2.8258191288669887
    ]
  },
  {
    "label_id": "f_z2h8bug3T2gY5LSZkElQ",
    "size": [
      2.41754613075998,
      6.016980524172949,
      3.069999999999993
    ],
    "obj_class": "vehicle",
    "point_num_in_lidar": 894,
    "speed": 0.01899494464698149,
    "if_vehicle": true,
    "motion_state": false,
    "pose": [
      [
        -0.3128005664383162,
        -0.9497840013603505,
        0.008133658204666142,
        10.6259411430392
      ],
      [
        0.9479807486402697,
        -0.3116513008444646,
        0.0648534261962067,
        -19.12047342417827
      ],
      [
        -0.059061881474452925,
        0.027996739843682474,
        0.9978616520915227,
        3.7104298612156157
      ],
      [
        0.0,
        0.0,
        0.0,
        1.0
      ]
    ],
    "location": [
      10.6259411430392,
      -19.12047342417827,
      3.7104298612156157
    ],
    "rotation": [
      0.028049376475530317,
      0.05909627313878498,
      1.889512417982623
    ]
  },
  {
    "label_id": "lI8jnQ9wYsgrTMSDNeo1Sg",
    "size": [
      2.001887968048465,
      4.869494509335539,
      1.6200000000000045
    ],
    "obj_class": "vehicle",
    "point_num_in_lidar": 83,
    "speed": 0.011801524612877277,
    "if_vehicle": true,
    "motion_state": false,
    "pose": [
      [
        -0.35481558133899294,
        -0.9349009288920844,
        0.008133658204666142,
        6.9970745647033254
      ],
      [
        0.9331506829907766,
        -0.3535870981023774,
        0.0648534261962067,
        -8.207800434613091
      ],
      [
        -0.057755571791123395,
        0.030600934826530295,
        0.9978616520915227,
        1.9977849429973986
      ],
      [
        0.0,
        0.0,
        0.0,
        1.0
      ]
    ],
    "location": [
      6.9970745647033254,
      -8.207800434613091,
      1.9977849429973986
    ],
    "rotation": [
      0.030656902630639013,
      0.05778772935382235,
      1.9341477616142022
    ]
  },
  {
    "label_id": "vu5PviwQWUG3EiiWLKY9HQ",
    "size": [
      2.0989297156822615,
      5.010782707936555,
      1.5699999999999932
    ],
    "obj_class": "vehicle",
    "point_num_in_lidar": 4196,
    "speed": 0.018544662097404227,
    "if_vehicle": true,
    "motion_state": false,
    "pose": [
      [
        -0.5079067181087422,
        -0.8613736757669207,
        0.008133658204666142,
        18.345513062608916
      ],
      [
        0.8598565627400845,
        -0.5063997675981102,
        0.0648534261962067,
        -40.63355577857146
      ],
      [
        -0.05174415148413988,
        0.03993327024378979,
        0.9978616520915227,
        4.851199230833558
      ],
      [
        0.0,
        0.0,
        0.0,
        1.0
      ]
    ],
    "location": [
      18.345513062608916,
      -40.63355577857146,
      4.851199230833558
    ],
    "rotation": [
      0.039997501462295804,
      0.051767269807833055,
      2.10434042840191
    ]
  }
]