[
  {
    "label_id": "3ShSMlgply580zkFuvnr6w",
    "size": [
      1.818738357927985,
      4.286298275032211,
      1.6700000000000017
    ],
    "obj_class": "vehicle",
    "point_num_in_lidar": 165,
    "speed": 4.7210277713317225e-28,
    "if_vehicle": true,
    "motion_state": false,
    "pose": [
      [
        -0.9819924311917986,
        -0.1640450866679896,
        0.09370205239007633,
        -46.9919567632096
      ],
      [
        0.1703135541620828,
        -0.9833540645729356,
        0.06330937495005119,
        68.39658575450994
      ],
      [
        0.08175670217603032,
        0.0781280565992695,
        0.993585350345566,
        -3.071280551488158
      ],
      [
        0.0,
        0.0,
        0.0,
        1.0
      ]
    ],
    "location": [
      -46.9919567632096,
      68.39658575450994,
      -3.071280551488158
    ],
    "rotation": [
      0.0784709916947673,
      -0.08184805634919387,
      2.9698642081398394
    ]
  },
  {
    "label_id": "Bx53wsZbSckgNS7Tzxli2g",
    "size": [
      1.760586915202357,
      3.9891515087397864,
      1.5900000000000034
    ],
    "obj_class": "vehicle",
    "point_num_in_lidar": 85,
    "speed": 5.6301627999970705e-28,
    "if_vehicle": true,
    "motion_state": false,
    "pose": [
      [
        0.8071575374237201,
        0.5828521554888196,
        0.09370205239007633,
        11.391765467532423
      ],
      [
        -0.5890737090036633,
        0.8055954868320088,
        0.06330937495005119,
        37.43363642996337
      ],
      [
        -0.0385859448600547,
        -0.1062980547231961,
        0.993585350345566,
        -6.120335047430771
      ],
      [
        0.0,
        0.0,
        0.0,
        1.0
      ]
    ],
    "location": [
      11.391765467532423,
      37.43363642996337,
      -6.120335047430771
    ],
    "rotation": [
      -0.10657893380833255,
      0.0385955262232453,
      -0.6304554685015541
    ]
  },
  {
    "label_id": "EZpHgIyV7MlzBvfpEqN7Ag",
    "size": [
      2.243118483011758,
      5.253824053864203,
      1.980000000000004
    ],
    "obj_class": "vehicle",
    "point_num_in_lidar": 650,
    "speed": 3.800421166224912e-27,
    "if_vehicle": true,
    "motion_state": false,
    "pose": [
      [
        -0.8587037557689315,
        -0.5038330926072826,
        0.09370205239007633,
        17.512673100731263
      ],
      [
        0.5101745688113103,
        -0.8577376244409638,
        0.06330937495005119,
        44.998716561434776
      ],
      [
        0.04847441765018847,
        0.10216840221983445,
        0.993585350345566,
        -6.577120149312847
      ],
      [
        0.0,
        0.0,
        0.0,
        1.0
      ]
    ],
    "location": [
      17.512673100731263,
      44.998716561434776,
      -6.577120149312847
    ],
    "rotation": [
      0.1024678691821255,
      -0.04849342170052346,
      2.6055066150565924
    ]
  },
  {
    "label_id": "EynPrd5Qbrd5mIOAYffU2Q",
    "size": [
      0.5409852005089163,
      0.11952976895845997,
      0.6299999999999955
    ],
    "obj_class": "sign",
    "point_num_in_lidar": 55,
    "speed": 0.02946486701061097,
    "if_vehicle": false,
    "motion_state": false,
    "pose": [
      [
        0.11405163360171283,
        0.9890460809541021,
        0.09370205239007633,
        -21.865220783627592
      ],
      [
        -0.9920888905391864,
        0.10840459543838778,
        0.06330937495005119,
        45.884884310667985
      ],
      [
        0.052458156100909085,
        -0.10018130283227221,
        0.993585350345566,
        -1.0221201493126557
      ],
      [
        0.0,
        0.0,
        0.0,
        1.0
      ]
    ],
    "location": [
      -21.865220783627592,
      45.884884310667985,
      -1.0221201493126557
    ],
    "rotation": [
      -0.10048846592273196,
      -0.05248224551096138,
      -1.4563376890295525
    ]
  },
  {
    "label_id": "FghnXoTT210X9riqPc07lg",
    "size": [
      0.6886644586918801,
      0.13259156491009055,
      0.6200000000000045
    ],
    "obj_class": "sign",
    "point_num_in_lidar": 22,
    "speed": 0.033617286241432585,
    "if_vehicle": false,
    "motion_state": false,
    "pose": [
      [
        0.9455517070545664,
        0.31169198684612165,
        0.09370205239007633,
        -50.67848346652772
      ],
      [
        -0.31809470641444354,
        0.9459427471018227,
        0.06330937495005119,
        72.02523462220961
      ],
      [
        -0.06890375198278016,
        -0.08966841440203062,
        0.993585350345566,
        -0.8820671709749632
      ],
      [
        0.0,
        0.0,
        0.0,
        1.0
      ]
    ],
    "location": [
      -50.67848346652772,
      72.02523462220961,
      -0.8820671709749632
    ],
    "rotation": [
      -0.0900035009156812,
      0.06895839150059092,
      -0.3245185678251972
    ]
  },
  {
    "label_id": "HvuvFbv43gxAzu4E8WOQpw",
    "size": [
      1.949612145246425,
      4.825332542451997,
      1.8000000000000114
    ],
    "obj_class": "vehicle",
    "point_num_in_lidar": 119,
    "speed": 0.009207073499901982,
    "if_vehicle": true,
    "motion_state": false,
    "pose": [
      [
        0.9344357503155998,
        -0.3435836927300384,
        0.09370205239007633,
        -24.10034814705432
      ],
      [
        0.33881123471574526,
        0.9387219344799749,
        0.06330937495005119,
        42.84563267490739
      ],
      [
        -0.10971224071412557,
        -0.027411235217781507,
        0.993585350345566,
        -2.875094463872557
      ],
      [
        0.0,
        0.0,
        0.0,
        1.0
      ]
    ],
    "location": [
      -24.10034814705432,
      42.84563267490739,
      -2.875094463872557
    ],
    "rotation": [
      -0.027581207864801123,
      0.10993353843214945,
      0.3478410241484579
    ]
  },
  {
    "label_id": "YO7JWfYXz8R6HtWtipDmvg",
    "size": [
      1.9809742306825922,
      4.441101600158738,
      1.7900000000000063
    ],
    "obj_class": "vehicle",
    "point_num_in_lidar": 283,
    "speed": 0.026313962165761498,
    "if_vehicle": true,
    "motion_state": false,
    "pose": [
      [
        -0.9798200794987475,
        -0.17655746143665385,
        0.09370205239007633,
        -40.03818030725324
      ],
      [
        0.18284278716638064,
        -0.9811016452053597,
        0.06330937495005119,
        66.75661811827922
      ],
      [
        0.08075349523270037,
        0.07916454121878694,
        0.993585350345566,
        -3.195803953696796
      ],
      [
        0.0,
        0.0,
        0.0,
        1.0
      ]
    ],
    "location": [
      -40.03818030725324,
      66.75661811827922,
      -3.195803953696796
    ],
    "rotation": [
      0.0795076726504221,
      -0.0808415210902338,
      2.957106033691427
    ]
  },
  {
    "label_id": "_fOTcBhgCn2VywcpqFoyLw",
    "size": [
      1.8761663034828753,
      3.9980212378381017,
      1.5400000000000063
    ],
    "obj_class": "vehicle",
    "point_num_in_lidar": 277,
    "speed": 2.111305790573346e-28,
    "if_vehicle": true,
    "motion_state": false,
    "pose": [
      [
        -0.9649216551285396,
        -0.24524706897715845,
        0.09370205239007633,
        -33.57098864933141
      ],
      [
        0.25160715047408766,
        -0.9657565764071937,
        0.06330937495005119,
        65.33554134815313
      ],
      [
        0.07496693467329162,
        0.08466469325739746,
        0.993585350345566,
        -3.4506228782914405
      ],
      [
        0.0,
        0.0,
        0.0,
        1.0
      ]
    ],
    "location": [
      -33.57098864933141,
      65.33554134815313,
      -3.4506228782914405
    ],
    "rotation": [
      0.08500594898613664,
      -0.07503733240094235,
      2.8865184976679448
    ]
  },
  {
    "label_id": "dmfbwp-Xq30QfLMx4vdIRA",
    "size": [
      2.1692454192840764,
      6.5089800927740225,
      2.4199999999999875
    ],
    "obj_class": "vehicle",
    "point_num_in_lidar": 2642,
    "speed": 0.006326594284479104,
    "if_vehicle": true,
    "motion_state": false,
    "pose": [
      [
        -0.9455969956569688,
        -0.3115545653371204,
        0.09370205239007633,
        -20.674933329462874
      ],
      [
        0.31795722800748455,
        -0.9459889662153732,
        0.06330937495005119,
        60.859793716819695
      ],
      [
        0.06891678287841906,
        0.08965839958624972,
        0.993585350345566,
        -3.1124404873896907
      ],
      [
        0.0,
        0.0,
        0.0,
        1.0
      ]
    ],
    "location": [
      -20.674933329462874,
      60.859793716819695,
      -3.1124404873896907
    ],
    "rotation": [
      0.08999350286443863,
      -0.06897145344627567,
      2.8172191737405607
    ]
  },
  {
    "label_id": "hufLc3DxH-_rZyaDcOwmLA",
    "size": [
      0.7899337083810984,
      1.2022532093211242,
      1.7999999999999972
    ],
    "obj_class": "pedestrian",
    "point_num_in_lidar": 84,
    "speed": 1.4506464883841064,
    "if_vehicle": false,
    "motion_state": true,
    "pose": [
      [
        -0.9263291607457884,
        -0.3648756107632992,
        0.09370205239007633,
        -30.782952359965748
      ],
      [
        0.37129020411390146,
        -0.9263560370464973,
        0.06330937495005119,
        65.88637003528311
      ],
      [
        0.06370141506325172,
        0.09343597432262428,
        0.993585350345566,
        -3.2110889813593673
      ],
      [
        0.0,
        0.0,
        0.0,
        1.0
      ]
    ],
    "location": [
      -30.782952359965748,
      65.88637003528311,
      -3.2110889813593673
    ],
    "rotation": [
      0.09376345663221751,
      -0.06374457593652026,
      2.760380556565629
    ]
  },
  {
    "label_id": "mMzIwRfQRJYWdVOUs5HVzg",
    "size": [
      2.1243051933160335,
      3.177733023965262,
      2.3799999999999955
    ],
    "obj_class": "vehicle",
    "point_num_in_lidar": 2044,
    "speed": 0.00802249074286247,
    "if_vehicle": true,
    "motion_state": false,
    "pose": [
      [
        -0.9415863278577461,
        -0.3234735113873351,
        0.09370205239007633,
        -15.76253806148452
      ],
      [
        0.3298806142583802,
        -0.9418973953568126,
        0.06330937495005119,
        59.200918216854916
      ],
      [
        0.06777881326697002,
        0.09052173247789717,
        0.993585350345566,
        -3.20628969418901
      ],
      [
        0.0,
        0.0,
        0.0,
        1.0
      ]
    ],
    "location": [
      -15.76253806148452,
      59.200918216854916,
      -3.20628969418901
    ],
    "rotation": [
      0.09085532409609696,
      -0.06783081645549943,
      2.8046099952381978
    ]
  },
  {
    "label_id": "oZw7w9oJaT5y1F6xiENotw",
    "size": [
      1.909930670986184,
      4.542618356511399,
      1.5600000000000023
    ],
    "obj_class": "vehicle",
    "point_num_in_lidar": 62,
    "speed": 5.6301627999970705e-28,
    "if_vehicle": true,
    "motion_state": false,
    "pose": [
      [
        -0.9758234989100489,
        -0.19745486662231718,
        0.09370205239007633,
        -62.99720586532476
      ],
      [
        0.2037661428545999,
        -0.9769704612062704,
        0.06330937495005119,
        71.74524830964037
      ],
      [
        0.07904339315280234,
        0.08087208157065265,
        0.993585350345566,
        -2.3476110128884216
      ],
      [
        0.0,
        0.0,
        0.0,
        1.0
      ]
    ],
    "location": [
      -62.99720586532476,
      71.74524830964037,
      -2.3476110128884216
    ],
    "rotation": [
      0.08121516202269206,
      -0.07912593408022768,
      2.9357361113220732
    ]
  },
  {
    "label_id": "r4B61YwIzaCoN1x0ORqI7A",
    "size": [
      2.0817403790644673,
      4.494435252923594,
      1.7600000000000051
    ],
    "obj_class": "vehicle",
    "point_num_in_lidar": 246,
    "speed": 2.4073523878913372e-27,
    "if_vehicle": true,
    "motion_state": false,
    "pose": [
      [
        0.832622405897645,
        0.5458569909556025,
        0.09370205239007633,
        6.739988403199277
      ],
      [
        -0.5521426612955941,
        0.8313425314639284,
        0.06330937495005119,
        39.96073686965428
      ],
      [
        -0.04334063652781676,
        -0.10444970466230363,
        0.993585350345566,
        -5.987120149312375
      ],
      [
        0.0,
        0.0,
        0.0,
        1.0
      ]
    ],
    "location": [
      6.739988403199277,
      39.96073686965428,
      -5.987120149312375
    ],
    "rotation": [
      -0.10473934197892722,
      0.04335421659641648,
      -0.5855549530933696
    ]
  },
  {
    "label_id": "tbPvNseleXujC_-Ylh5iPw",
    "size": [
      0.5481277263788784,
      0.10949966432885637,
      0.539999999999992
    ],
    "obj_class": "sign",
    "point_num_in_lidar": 20,
    "speed": 0.006587933217154855,
    "if_vehicle": false,
    "motion_state": false,
    "pose": [
      [
        -0.896518564745693,
        -0.4329831272049872,
        0.09370205239007633,
        14.426303719845237
      ],
      [
        0.4393818413900455,
        -0.8960666942254505,
        0.06330937495005119,
        48.900607625606426
      ],
      [
        0.05655139718004941,
        0.09792901028634506,
        0.993585350345566,
        -4.135418646853168
      ],
      [
        0.0,
        0.0,
        0.0,
        1.0
      ]
    ],
    "location": [
      14.426303719845237,
      48.900607625606426,
      -4.135418646853168
    ],
    "rotation": [
      0.09824394174121624,
      -0.056581583106788846,
      2.685898080223838
    ]
  },
  {
    "label_id": "zJ0ufOd6ylfP9pzkJxPojQ",
    "size": [
      2.798285976261853,
      6.402914888375439,
      2.3699999999999903
    ],
    "obj_class": "vehicle",
    "point_num_in_lidar": 10086,
    "speed": 0.015989680681671104,
    "if_vehicle": true,
    "motion_state": false,
    "pose": [
      [
        0.32551875569694416,
        0.9408812172997187,
        0.09370205239007633,
        -18.68011093100631
      ],
      [
        -0.9450746683779191,
        0.3206646133170925,
        0.06330937495005119,
        43.94539241961684
      ],
      [
        0.02951966937280671,
        -0.10916382504657371,
        0.993585350345566,
        -2.9917206304485973
      ],
      [
        0.0,
        0.0,
        0.0,
        1.0
      ]
    ],
    "location": [
      -18.68011093100631,
      43.94539241961684,
      -2.9917206304485973
    ],
    "rotation": [
      -0.1094296895112325,
      -0.029523958348386975,
      -1.2390859116601585
    ]
  }
]