[
  {
    "label_id": "3ShSMlgply580zkFuvnr6w",
    "size": [
      1.8187383579279863,
      4.286298275032211,
      1.6700000000000017
    ],
    "obj_class": "vehicle",
    "point_num_in_lidar": 187,
    "speed": 4.0194366942304643e-13,
    "if_vehicle": true,
    "motion_state": false,
    "pose": [
      [
        -0.9839017432297278,
        -0.16436404356499737,
        0.07015569009329592,
        -46.99195676321051
      ],
      [
        0.17147123416946147,
        -0.9788609264622722,
        0.11148498776886542,
        68.39658575451358
      ],
      [
        0.05034854041483869,
        0.12171995657403926,
        0.991286677328869,
        -2.9750430529084184
      ],
      [
        0.0,
        0.0,
        0.0,
        1.0
      ]
    ],
    "location": [
      -46.99195676321051,
      68.39658575451358,
      -2.9750430529084184
    ],
    "rotation": [
      0.1221782722491057,
      -0.050369836770296335,
      2.9690487963057963
    ]
  },
  {
    "label_id": "EZpHgIyV7MlzBvfpEqN7Ag",
    "size": [
      2.2431184830117585,
      5.253824053864203,
      1.980000000000004
    ],
    "obj_class": "vehicle",
    "point_num_in_lidar": 612,
    "speed": 5.684341886080801e-13,
    "if_vehicle": true,
    "motion_state": false,
    "pose": [
      [
        -0.8603733546027178,
        -0.5048127076819674,
        0.07015569009329592,
        17.512673100731263
      ],
      [
        0.5096517698773061,
        -0.8531272888397754,
        0.11148498776886542,
        44.998716561436595
      ],
      [
        0.0035726951444850505,
        0.13167368453755374,
        0.991286677328869,
        -6.577120149312748
      ],
      [
        0.0,
        0.0,
        0.0,
        1.0
      ]
    ],
    "location": [
      17.512673100731263,
      44.998716561436595,
      -6.577120149312748
    ],
    "rotation": [
      0.13205802407388412,
      -0.0035727027449318494,
      2.606808870898998
    ]
  },
  {
    "label_id": "HvuvFbv43gxAzu4E8WOQpw",
    "size": [
      1.9496121452464263,
      4.825332542451997,
      1.7999999999999972
    ],
    "obj_class": "vehicle",
    "point_num_in_lidar": 1209,
    "speed": 0.009207073653412338,
    "if_vehicle": true,
    "motion_state": false,
    "pose": [
      [
        0.9362525967291545,
        -0.3442517309549055,
        0.07015569009329592,
        -24.089086933357066
      ],
      [
        0.3355811063416678,
        0.9353910511484907,
        0.11148498776886542,
        42.87186523775199
      ],
      [
        -0.1040019047153342,
        -0.08083518519724685,
        0.991286677328869,
        -2.848716322786373
      ],
      [
        0.0,
        0.0,
        0.0,
        1.0
      ]
    ],
    "location": [
      -24.089086933357066,
      42.87186523775199,
      -2.848716322786373
    ],
    "rotation": [
      -0.0813656854802265,
      0.104190310841842,
      0.34416509656224864
    ]
  },
  {
    "label_id": "HxOJ3Swh0Tu9sXsDtdDtTQ",
    "size": [
      2.1221041075993994,
      4.310725080197603,
      1.8800000000000097
    ],
    "obj_class": "vehicle",
    "point_num_in_lidar": 1451,
    "speed": 6.355287432313019e-13,
    "if_vehicle": true,
    "motion_state": false,
    "pose": [
      [
        0.962655970772501,
        -0.26147975272205515,
        0.07015569009329592,
        -21.498960927046937
      ],
      [
        0.2529169801688616,
        0.961043234534451,
        0.11148498776886542,
        33.195818851143486
      ],
      [
        -0.0965737183622819,
        -0.08957812384713862,
        0.991286677328869,
        -2.369479200006026
      ],
      [
        0.0,
        0.0,
        0.0,
        1.0
      ]
    ],
    "location": [
      -21.498960927046937,
      33.195818851143486,
      -2.369479200006026
    ],
    "rotation": [
      -0.09012073319322136,
      0.09672446742966703,
      0.2569219143673535
    ]
  },
  {
    "label_id": "UPyGS8_eR9iH5UqAxnfQgg",
    "size": [
      0.8743776576517934,
      0.22909135892377785,
      0.9399999999999977
    ],
    "obj_class": "sign",
    "point_num_in_lidar": 33,
    "speed": 0.017015040395257114,
    "if_vehicle": false,
    "motion_state": false,
    "pose": [
      [
        -0.07746536713414198,
        0.9945236528320008,
        0.07015569009329592,
        -7.027836139796818
      ],
      [
        -0.990125386755617,
        -0.08498715199496956,
        0.11148498776886542,
        43.763424193317405
      ],
      [
        0.1168367895690939,
        -0.060826704279271324,
        0.991286677328869,
        -2.0073909526387865
      ],
      [
        0.0,
        0.0,
        0.0,
        1.0
      ]
    ],
    "location": [
      -7.027836139796818,
      43.763424193317405,
      -2.0073909526387865
    ],
    "rotation": [
      -0.06128452621717533,
      -0.11710425582456598,
      -1.6488752110116802
    ]
  },
  {
    "label_id": "YO7JWfYXz8R6HtWtipDmvg",
    "size": [
      1.9809742306825955,
      4.441101600158738,
      1.7900000000000063
    ],
    "obj_class": "vehicle",
    "point_num_in_lidar": 387,
    "speed": 0.037914581507171155,
    "if_vehicle": true,
    "motion_state": false,
    "pose": [
      [
        -0.9817251677798471,
        -0.17690074645168813,
        0.07015569009329592,
        -40.027014652416256
      ],
      [
        0.18394306115361334,
        -0.9765941059394194,
        0.11148498776886542,
        66.7753977888151
      ],
      [
        0.04879185588875569,
        0.12235227071542869,
        0.991286677328869,
        -3.1047759881482193
      ],
      [
        0.0,
        0.0,
        0.0,
        1.0
      ]
    ],
    "location": [
      -40.027014652416256,
      66.7753977888151,
      -3.1047759881482193
    ],
    "rotation": [
      0.12280662123913144,
      -0.048811236007271976,
      2.9563730306406533
    ]
  },
  {
    "label_id": "_fOTcBhgCn2VywcpqFoyLw",
    "size": [
      1.8761663034828722,
      3.9980212378381017,
      1.5400000000000063
    ],
    "obj_class": "vehicle",
    "point_num_in_lidar": 391,
    "speed": 3.1776437161565096e-13,
    "if_vehicle": true,
    "motion_state": false,
    "pose": [
      [
        -0.9667977760366814,
        -0.24572390888568474,
        0.07015569009329592,
        -33.57098864933141
      ],
      [
        0.25238666059867504,
        -0.9611826418813572,
        0.11148498776886542,
        65.33554134815495
      ],
      [
        0.04003790457024555,
        0.12548979858105822,
        0.991286677328869,
        -3.3637243161477386
      ],
      [
        0.0,
        0.0,
        0.0,
        1.0
      ]
    ],
    "location": [
      -33.57098864933141,
      65.33554134815495,
      -3.3637243161477386
    ],
    "rotation": [
      0.12592302345548564,
      -0.04004860931314102,
      2.886237360995521
    ]
  },
  {
    "label_id": "dmfbwp-Xq30QfLMx4vdIRA",
    "size": [
      2.169245419284071,
      6.5089800927740225,
      2.4199999999999875
    ],
    "obj_class": "vehicle",
    "point_num_in_lidar": 2105,
    "speed": 0.006326594389090622,
    "if_vehicle": true,
    "motion_state": false,
    "pose": [
      [
        -0.9474355431543725,
        -0.3121603285417811,
        0.07015569009329592,
        -20.667733520559523
      ],
      [
        0.3184177535502992,
        -0.9413719943391969,
        0.11148498776886542,
        60.87804096430591
      ],
      [
        0.031241411487963135,
        0.12796365717863184,
        0.991286677328869,
        -2.998665938015975
      ],
      [
        0.0,
        0.0,
        0.0,
        1.0
      ]
    ],
    "location": [
      -20.667733520559523,
      60.87804096430591,
      -2.998665938015975
    ],
    "rotation": [
      0.128378495514363,
      -0.031246495791929032,
      2.817368709992719
    ]
  },
  {
    "label_id": "hufLc3DxH-_rZyaDcOwmLA",
    "size": [
      0.7899337083840517,
      1.2022532093211242,
      1.7999999999999972
    ],
    "obj_class": "pedestrian",
    "point_num_in_lidar": 108,
    "speed": 1.353008384288049,
    "if_vehicle": false,
    "motion_state": true,
    "pose": [
      [
        -0.9688462997749027,
        -0.23751847624977054,
        0.07015569009329592,
        -26.79525198351803
      ],
      [
        0.2442285941348574,
        -0.9632878548539305,
        0.11148498776886542,
        64.71079977917543
      ],
      [
        0.04110037979618294,
        0.12514584344236193,
        0.991286677328869,
        -3.1477943885957558
      ],
      [
        0.0,
        0.0,
        0.0,
        1.0
      ]
    ],
    "location": [
      -26.79525198351803,
      64.71079977917543,
      -3.1477943885957558
    ],
    "rotation": [
      0.12558150311250413,
      -0.04111196001042402,
      2.8946555383229144
    ]
  },
  {
    "label_id": "mMzIwRfQRJYWdVOUs5HVzg",
    "size": [
      2.1243051933160313,
      3.177733023965262,
      2.3799999999999955
    ],
    "obj_class": "vehicle",
    "point_num_in_lidar": 1305,
    "speed": 0.008022490743802985,
    "if_vehicle": true,
    "motion_state": false,
    "pose": [
      [
        -0.9434170773150984,
        -0.32410244889196865,
        0.07015569009329592,
        -15.774518459853425
      ],
      [
        0.33028278626594104,
        -0.937274974913223,
        0.11148498776886542,
        59.222717678647314
      ],
      [
        0.02962261512163331,
        0.12834805812183614,
        0.991286677328869,
        -3.1223483774436573
      ],
      [
        0.0,
        0.0,
        0.0,
        1.0
      ]
    ],
    "location": [
      -15.774518459853425,
      59.222717678647314,
      -3.1223483774436573
    ],
    "rotation": [
      0.128759900529704,
      -0.029626949137381786,
      2.804835862635915
    ]
  },
  {
    "label_id": "r4B61YwIzaCoN1x0ORqI7A",
    "size": [
      2.0817403790644673,
      4.494435252923594,
      1.7600000000000051
    ],
    "obj_class": "vehicle",
    "point_num_in_lidar": 68,
    "speed": 1.7346558842822479e-12,
    "if_vehicle": true,
    "motion_state": false,
    "pose": [
      [
        0.8342412941213564,
        0.5469183141295034,
        0.07015569009329592,
        6.739988403201096
      ],
      [
        -0.5513915454393199,
        0.826763848459894,
        0.11148498776886542,
        39.960736869652465
      ],
      [
        0.0029709932284031865,
        -0.13168863485330629,
        0.991286677328869,
        -5.987120149312588
      ],
      [
        0.0,
        0.0,
        0.0,
        1.0
      ]
    ],
    "location": [
      6.739988403201096,
      39.960736869652465,
      -5.987120149312588
    ],
    "rotation": [
      -0.13207284428270324,
      -0.0029709975991480965,
      -0.5840342637482053
    ]
  },
  {
    "label_id": "tbPvNseleXujC_-Ylh5iPw",
    "size": [
      0.5481277263788759,
      0.10949966432885637,
      0.539999999999992
    ],
    "obj_class": "sign",
    "point_num_in_lidar": 22,
    "speed": 0.013213696402185811,
    "if_vehicle": false,
    "motion_state": false,
    "pose": [
      [
        -0.8982616878427007,
        -0.433824986949249,
        0.07015569009329592,
        14.430203136554155
      ],
      [
        0.4392323324631828,
        -0.8914292207579512,
        0.11148498776886542,
        48.884161914364086
      ],
      [
        0.014173858787737866,
        0.13095734067762646,
        0.991286677328869,
        -4.119423220461556
      ],
      [
        0.0,
        0.0,
        0.0,
        1.0
      ]
    ],
    "location": [
      14.430203136554155,
      48.884161914364086,
      -4.119423220461556
    ],
    "rotation": [
      0.13134784601713678,
      -0.014174333414605939,
      2.686799547549491
    ]
  },
  {
    "label_id": "ygi1Q8RYav7ScUuMX9604g",
    "size": [
      2.1756868997784697,
      4.9619439547414235,
      1.6899999999999977
    ],
    "obj_class": "vehicle",
    "point_num_in_lidar": 4344,
    "speed": 3.1776437161565096e-13,
    "if_vehicle": true,
    "motion_state": false,
    "pose": [
      [
        -0.21292386570315305,
        -0.9745468724292121,
        0.07015569009329592,
        -8.393851269986044
      ],
      [
        0.9725071799510687,
        -0.20445264108295502,
        0.11148498776886542,
        36.958116506506485
      ],
      [
        -0.09430383002638511,
        0.09196472689376789,
        0.991286677328869,
        -3.267781343185902
      ],
      [
        0.0,
        0.0,
        0.0,
        1.0
      ]
    ],
    "location": [
      -8.393851269986044,
      36.958116506506485,
      -3.267781343185902
    ],
    "rotation": [
      0.09250829361349816,
      0.09444416971791751,
      1.7863384274212242
    ]
  },
  {
    "label_id": "zJ0ufOd6ylfP9pzkJxPojQ",
    "size": [
      2.7982859762618535,
      6.402914888375439,
      2.3699999999999903
    ],
    "obj_class": "vehicle",
    "point_num_in_lidar": 9897,
    "speed": 0.013291873918661592,
    "if_vehicle": true,
    "motion_state": false,
    "pose": [
      [
        0.32615166982039606,
        0.9427105957932693,
        0.07015569009329592,
        -18.678391043860756
      ],
      [
        -0.9416821772573054,
        0.31749925124024575,
        0.11148498776886542,
        43.895844496535574
      ],
      [
        0.08282370016672827,
        -0.10242537791476555,
        0.991286677328869,
        -2.9501391632012997
      ],
      [
        0.0,
        0.0,
        0.0,
        1.0
      ]
    ],
    "location": [
      -18.678391043860756,
      43.895844496535574,
      -2.9501391632012997
    ],
    "rotation": [
      -0.10296031710305674,
      -0.08291868552715716,
      -1.2373768259254425
    ]
  }
]