[
  {
    "label_id": "3ShSMlgply580zkFuvnr6w",
    "size": [
      1.8187383579279872,
      4.286298275032211,
      1.6700000000000017
    ],
    "obj_class": "vehicle",
    "point_num_in_lidar": 171,
    "speed": 4.0194366942304643e-13,
    "if_vehicle": true,
    "motion_state": false,
    "pose": [
      [
        -0.9824333852770605,
        -0.1641187495077814,
        0.08882386814959708,
        -46.9919567632096
      ],
      [
        0.17111317255046343,
        -0.9821712083032672,
        0.07784600028142329,
        68.39658575451358
      ],
      [
        0.07446425768629028,
        0.09167744346403929,
        0.9930006649983311,
        -3.034461814197499
      ],
      [
        0.0,
        0.0,
        0.0,
        1.0
      ]
    ],
    "location": [
      -46.9919567632096,
      68.39658575451358,
      -3.034461814197499
    ],
    "rotation": [
      0.09206266933296169,
      -0.07453324642951593,
      2.969149720450051
    ]
  },
  {
    "label_id": "Bx53wsZbSckgNS7Tzxli2g",
    "size": [
      1.7605869152023548,
      3.9891515087397864,
      1.5900000000000034
    ],
    "obj_class": "vehicle",
    "point_num_in_lidar": 50,
    "speed": 5.859285502108464e-13,
    "if_vehicle": true,
    "motion_state": false,
    "pose": [
      [
        0.8075199836119727,
        0.5831138795417771,
        0.08882386814959708,
        11.391765467532423
      ],
      [
        -0.58926524797482,
        0.8041806188720034,
        0.07784600028142329,
        37.43363642996519
      ],
      [
        -0.02603735002823723,
        -0.1152030195627676,
        0.9930006649983311,
        -6.116318807034247
      ],
      [
        0.0,
        0.0,
        0.0,
        1.0
      ]
    ],
    "location": [
      11.391765467532423,
      37.43363642996519,
      -6.116318807034247
    ],
    "rotation": [
      -0.11549870998758532,
      0.0260402929019086,
      -0.6303964992126386
    ]
  },
  {
    "label_id": "EZpHgIyV7MlzBvfpEqN7Ag",
    "size": [
      2.243118483011758,
      5.253824053864203,
      1.980000000000004
    ],
    "obj_class": "vehicle",
    "point_num_in_lidar": 672,
    "speed": 5.684341886080801e-13,
    "if_vehicle": true,
    "motion_state": false,
    "pose": [
      [
        -0.8590893482817755,
        -0.504059333923832,
        0.08882386814959708,
        17.512673100730353
      ],
      [
        0.5104991731604251,
        -0.8563472394085864,
        0.07784600028142329,
        44.998716561436595
      ],
      [
        0.036825071233011084,
        0.11222118089539078,
        0.9930006649983311,
        -6.577120149312847
      ],
      [
        0.0,
        0.0,
        0.0,
        1.0
      ]
    ],
    "location": [
      17.512673100730353,
      44.998716561436595,
      -6.577120149312847
    ],
    "rotation": [
      0.11253472328379449,
      -0.03683339930926153,
      2.6054244433082987
    ]
  },
  {
    "label_id": "EynPrd5Qbrd5mIOAYffU2Q",
    "size": [
      0.5409852004992333,
      0.11952976895845997,
      0.6299999999999955
    ],
    "obj_class": "sign",
    "point_num_in_lidar": 35,
    "speed": 0.012258014409696724,
    "if_vehicle": false,
    "motion_state": false,
    "pose": [
      [
        0.06538188363974909,
        0.9938991547127211,
        0.08882386814959708,
        -21.85140474320633
      ],
      [
        -0.9952467882588777,
        0.05851350870160968,
        0.07784600028142329,
        45.899250418335214
      ],
      [
        0.07217367769559076,
        -0.09349138762883642,
        0.9930006649983311,
        -1.0221201493126273
      ],
      [
        0.0,
        0.0,
        0.0,
        1.0
      ]
    ],
    "location": [
      -21.85140474320633,
      45.899250418335214,
      -1.0221201493126273
    ],
    "rotation": [
      -0.09387365574778135,
      -0.07223648428954256,
      -1.5051964468707868
    ]
  },
  {
    "label_id": "HvuvFbv43gxAzu4E8WOQpw",
    "size": [
      1.949612145246426,
      4.825332542451997,
      1.7999999999999972
    ],
    "obj_class": "vehicle",
    "point_num_in_lidar": 338,
    "speed": 0.009207073422852036,
    "if_vehicle": true,
    "motion_state": false,
    "pose": [
      [
        0.9348553495390036,
        -0.34373797562278524,
        0.08882386814959708,
        -24.097079162851514
      ],
      [
        0.3375309143509365,
        0.9380900181206521,
        0.07784600028142329,
        42.853247647492026
      ],
      [
        -0.11008341062906915,
        -0.04279394837058278,
        0.9930006649983311,
        -2.867437231815785
      ],
      [
        0.0,
        0.0,
        0.0,
        1.0
      ]
    ],
    "location": [
      -24.097079162851514,
      42.853247647492026,
      -2.867437231815785
    ],
    "rotation": [
      -0.04306893905420786,
      0.11030697026715659,
      0.34648611771346294
    ]
  },
  {
    "label_id": "YO7JWfYXz8R6HtWtipDmvg",
    "size": [
      1.9809742306825961,
      4.441101600158738,
      1.7900000000000063
    ],
    "obj_class": "vehicle",
    "point_num_in_lidar": 325,
    "speed": 0.02059980445718297,
    "if_vehicle": true,
    "motion_state": false,
    "pose": [
      [
        -0.9802600581107551,
        -0.17663674283580452,
        0.08882386814959708,
        -40.04369240170854
      ],
      [
        0.183627252680982,
        -0.9799086857013869,
        0.07784600028142329,
        66.73358414184258
      ],
      [
        0.07328881596487924,
        0.09261980764036612,
        0.9930006649983311,
        -3.1815933586338474
      ],
      [
        0.0,
        0.0,
        0.0,
        1.0
      ]
    ],
    "location": [
      -40.04369240170854,
      66.73358414184258,
      -3.1815933586338474
    ],
    "rotation": [
      0.09300357326492745,
      -0.07335458381970748,
      2.9564137287986014
    ]
  },
  {
    "label_id": "_fOTcBhgCn2VywcpqFoyLw",
    "size": [
      1.8761663034828753,
      3.9980212378381017,
      1.5400000000000063
    ],
    "obj_class": "vehicle",
    "point_num_in_lidar": 299,
    "speed": 3.1776437161565096e-13,
    "if_vehicle": true,
    "motion_state": false,
    "pose": [
      [
        -0.9653549437489731,
        -0.24535719477194864,
        0.08882386814959708,
        -33.57098864933141
      ],
      [
        0.2523054938190394,
        -0.9645112430806161,
        0.07784600028142329,
        65.33554134815495
      ],
      [
        0.0665715432309303,
        0.09755977113915724,
        0.9930006649983311,
        -3.425397353355052
      ],
      [
        0.0,
        0.0,
        0.0,
        1.0
      ]
    ],
    "location": [
      -33.57098864933141,
      65.33554134815495,
      -3.425397353355052
    ],
    "rotation": [
      0.09793314305613379,
      -0.06662081318532946,
      2.8859508163227847
    ]
  },
  {
    "label_id": "dmfbwp-Xq30QfLMx4vdIRA",
    "size": [
      2.1692454192840724,
      6.5089800927740225,
      2.4199999999999875
    ],
    "obj_class": "vehicle",
    "point_num_in_lidar": 2727,
    "speed": 0.0063265942323911285,
    "if_vehicle": true,
    "motion_state": false,
    "pose": [
      [
        -0.9460216067282985,
        -0.31169446586385147,
        0.08882386814959708,
        -20.672843318368905
      ],
      [
        0.31856755257671143,
        -0.9446982135504803,
        0.07784600028142329,
        60.86509065597784
      ],
      [
        0.05964758208421233,
        0.10194040055041727,
        0.9930006649983311,
        -3.0794132121212385
      ],
      [
        0.0,
        0.0,
        0.0,
        1.0
      ]
    ],
    "location": [
      -20.672843318368905,
      60.86509065597784,
      -3.0794132121212385
    ],
    "rotation": [
      0.10230057223789572,
      -0.05968300819808578,
      2.816775216672152
    ]
  },
  {
    "label_id": "hufLc3DxH-_rZyaDcOwmLA",
    "size": [
      0.7899337083847021,
      1.2022532093211242,
      1.7999999999999972
    ],
    "obj_class": "pedestrian",
    "point_num_in_lidar": 114,
    "speed": 1.3968269275379708,
    "if_vehicle": false,
    "motion_state": true,
    "pose": [
      [
        -0.9284565873015447,
        -0.36066422881027743,
        0.08882386814959708,
        -29.598366855865606
      ],
      [
        0.3674588415680495,
        -0.9267761326197668,
        0.07784600028142329,
        65.43726057697859
      ],
      [
        0.054243573350547525,
        0.10491574745020944,
        0.9930006649983311,
        -3.251088981359459
      ],
      [
        0.0,
        0.0,
        0.0,
        1.0
      ]
    ],
    "location": [
      -29.598366855865606,
      65.43726057697859,
      -3.251088981359459
    ],
    "rotation": [
      0.1052647319698345,
      -0.054270209367650916,
      2.7647348068366413
    ]
  },
  {
    "label_id": "mMzIwRfQRJYWdVOUs5HVzg",
    "size": [
      2.124305193316034,
      3.177733023965262,
      2.3799999999999955
    ],
    "obj_class": "vehicle",
    "point_num_in_lidar": 2029,
    "speed": 0.008022490743055744,
    "if_vehicle": true,
    "motion_state": false,
    "pose": [
      [
        -0.9420091379779754,
        -0.3236187640000728,
        0.08882386814959708,
        -15.766015815666833
      ],
      [
        0.33047458669154367,
        -0.9405990366735647,
        0.07784600028142329,
        59.207246317730096
      ],
      [
        0.05835521842170724,
        0.10268567473521903,
        0.9930006649983311,
        -3.1819226192165644
      ],
      [
        0.0,
        0.0,
        0.0,
        1.0
      ]
    ],
    "location": [
      -15.766015815666833,
      59.207246317730096,
      -3.1819226192165644
    ],
    "rotation": [
      0.10304321564369785,
      -0.05838838908833809,
      2.8041885098973744
    ]
  },
  {
    "label_id": "oZw7w9oJaT5y1F6xiENotw",
    "size": [
      1.909930670986193,
      4.542618356511399,
      1.5600000000000023
    ],
    "obj_class": "vehicle",
    "point_num_in_lidar": 58,
    "speed": 4.263256414560601e-13,
    "if_vehicle": true,
    "motion_state": false,
    "pose": [
      [
        -0.976261682896678,
        -0.1975435317966372,
        0.08882386814959708,
        -62.99720586532385
      ],
      [
        0.20452493695766966,
        -0.9757610109051529,
        0.07784600028142329,
        71.7452483096422
      ],
      [
        0.07129289354632251,
        0.09416476327515026,
        0.9930006649983311,
        -2.3037180661507364
      ],
      [
        0.0,
        0.0,
        0.0,
        1.0
      ]
    ],
    "location": [
      -62.99720586532385,
      71.7452483096422,
      -2.3037180661507364
    ],
    "rotation": [
      0.0945457769042293,
      -0.07135342521822509,
      2.935081239081655
    ]
  },
  {
    "label_id": "r4B61YwIzaCoN1x0ORqI7A",
    "size": [
      2.0817403790644633,
      4.494435252923594,
      1.7600000000000051
    ],
    "obj_class": "vehicle",
    "point_num_in_lidar": 167,
    "speed": 1.7346558842822479e-12,
    "if_vehicle": true,
    "motion_state": false,
    "pose": [
      [
        0.8329962868357265,
        0.5461021026921936,
        0.08882386814959708,
        6.739988403200186
      ],
      [
        -0.5523978147258697,
        0.8299377413554998,
        0.07784600028142329,
        39.96073686965428
      ],
      [
        -0.03120641607067299,
        -0.1139115398407747,
        0.9930006649983311,
        -5.98712014931246
      ],
      [
        0.0,
        0.0,
        0.0,
        1.0
      ]
    ],
    "location": [
      6.739988403200186,
      39.96073686965428,
      -5.98712014931246
    ],
    "rotation": [
      -0.11421520936575012,
      0.031211483303063406,
      -0.5855609725252812
    ]
  },
  {
    "label_id": "tbPvNseleXujC_-Ylh5iPw",
    "size": [
      0.5481277263788784,
      0.10949966432885637,
      0.539999999999992
    ],
    "obj_class": "sign",
    "point_num_in_lidar": 34,
    "speed": 0.006587933327281687,
    "if_vehicle": false,
    "motion_state": false,
    "pose": [
      [
        -0.8969211376282062,
        -0.4331775540383728,
        0.08882386814959708,
        14.43074279616576
      ],
      [
        0.43981745352205925,
        -0.8947069955116903,
        0.07784600028142329,
        48.90453884986164
      ],
      [
        0.04575019620827513,
        0.10888801063375476,
        0.9930006649983311,
        -4.135418646853211
      ],
      [
        0.0,
        0.0,
        0.0,
        1.0
      ]
    ],
    "location": [
      14.43074279616576,
      48.90453884986164,
      -4.135418646853211
    ],
    "rotation": [
      0.10921915874098466,
      -0.045766171066253754,
      2.6856838623118704
    ]
  },
  {
    "label_id": "zJ0ufOd6ylfP9pzkJxPojQ",
    "size": [
      2.798285976261853,
      6.402914888375439,
      2.3699999999999903
    ],
    "obj_class": "vehicle",
    "point_num_in_lidar": 10382,
    "speed": 0.01598968054952729,
    "if_vehicle": true,
    "motion_state": false,
    "pose": [
      [
        0.3256649267066129,
        0.941303710796956,
        0.08882386814959708,
        -18.67961167008616
      ],
      [
        -0.9444182049095107,
        0.3193967039211298,
        0.07784600028142329,
        43.93100930051514
      ],
      [
        0.04490667821909827,
        -0.10923859008701424,
        0.9930006649983311,
        -2.9796500700958433
      ],
      [
        0.0,
        0.0,
        0.0,
        1.0
      ]
    ],
    "location": [
      -18.67961167008616,
      43.93100930051514,
      -2.9796500700958433
    ],
    "rotation": [
      -0.10956800119573133,
      -0.044921785139773976,
      -1.238733569118884
    ]
  }
]