[
  {
    "label_id": "3ShSMlgply580zkFuvnr6w",
    "size": [
      1.8187383579279852,
      4.286298275032211,
      1.6700000000000017
    ],
    "obj_class": "vehicle",
    "point_num_in_lidar": 180,
    "speed": 4.0194366942304643e-13,
    "if_vehicle": true,
    "motion_state": false,
    "pose": [
      [
        -0.9824807487102183,
        -0.16412666172609205,
        0.08828373193549198,
        -46.99195676320869
      ],
      [
        0.17141014376986163,
        -0.9817460359210215,
        0.08242137808940028,
        68.39658575451358
      ],
      [
        0.07314465822330599,
        0.09611014443860455,
        0.9926795550979108,
        -3.018099961730016
      ],
      [
        0.0,
        0.0,
        0.0,
        1.0
      ]
    ],
    "location": [
      -46.99195676320869,
      68.39658575451358,
      -3.018099961730016
    ],
    "rotation": [
      0.09651806850004441,
      -0.0732100381250113,
      2.9688645168556613
    ]
  },
  {
    "label_id": "Bx53wsZbSckgNS7Tzxli2g",
    "size": [
      1.7605869152023566,
      3.9891515087397864,
      1.5900000000000034
    ],
    "obj_class": "vehicle",
    "point_num_in_lidar": 44,
    "speed": 5.859285502108464e-13,
    "if_vehicle": true,
    "motion_state": false,
    "pose": [
      [
        0.8075589144131241,
        0.5831419916516375,
        0.08828373193549198,
        11.391765467532423
      ],
      [
        -0.5893426553669697,
        0.8036678113492248,
        0.08242137808940028,
        37.43363642996519
      ],
      [
        -0.02288742704861298,
        -0.1185894876188783,
        0.9926795550979108,
        -6.114534032822149
      ],
      [
        0.0,
        0.0,
        0.0,
        1.0
      ]
    ],
    "location": [
      11.391765467532423,
      37.43363642996519,
      -6.114534032822149
    ],
    "rotation": [
      -0.11890051852590655,
      0.02288942572307288,
      -0.63043609045055
    ]
  },
  {
    "label_id": "EZpHgIyV7MlzBvfpEqN7Ag",
    "size": [
      2.2431184830117568,
      5.253824053864203,
      1.980000000000004
    ],
    "obj_class": "vehicle",
    "point_num_in_lidar": 670,
    "speed": 5.684341886080801e-13,
    "if_vehicle": true,
    "motion_state": false,
    "pose": [
      [
        -0.8591307652587774,
        -0.5040836347883253,
        0.08828373193549198,
        17.512673100732172
      ],
      [
        0.510624773174593,
        -0.8558440614120307,
        0.08242137808940028,
        44.998716561434776
      ],
      [
        0.034009839844714715,
        0.11589060222619663,
        0.9926795550979108,
        -6.577120149312847
      ],
      [
        0.0,
        0.0,
        0.0,
        1.0
      ]
    ],
    "location": [
      17.512673100732172,
      44.998716561434776,
      -6.577120149312847
    ],
    "rotation": [
      0.11621913379203698,
      -0.034016399615399824,
      2.6053375758676545
    ]
  },
  {
    "label_id": "EynPrd5Qbrd5mIOAYffU2Q",
    "size": [
      0.5409852005120488,
      0.11952976895845997,
      0.6299999999999955
    ],
    "obj_class": "sign",
    "point_num_in_lidar": 29,
    "speed": 0.01711694726535498,
    "if_vehicle": false,
    "motion_state": false,
    "pose": [
      [
        0.06005101450816428,
        0.9942835904972396,
        0.08828373193549198,
        -21.847541318667027
      ],
      [
        -0.9951985461824921,
        0.05278797315770051,
        0.08242137808940028,
        45.89323042297838
      ],
      [
        0.07728990446878703,
        -0.09280932904519593,
        0.9926795550979108,
        -1.016123020490184
      ],
      [
        0.0,
        0.0,
        0.0,
        1.0
      ]
    ],
    "location": [
      -21.847541318667027,
      45.89323042297838,
      -1.016123020490184
    ],
    "rotation": [
      -0.09322275258741125,
      -0.07736706356157926,
      -1.5105286630848045
    ]
  },
  {
    "label_id": "HvuvFbv43gxAzu4E8WOQpw",
    "size": [
      1.9496121452464252,
      4.825332542451997,
      1.7999999999999972
    ],
    "obj_class": "vehicle",
    "point_num_in_lidar": 398,
    "speed": 0.009207073422609987,
    "if_vehicle": true,
    "motion_state": false,
    "pose": [
      [
        0.9349004192195778,
        -0.34375454734243155,
        0.08828373193549198,
        -24.095626461285974
      ],
      [
        0.3370624094700356,
        0.9378676071579072,
        0.08242137808940028,
        42.85663165973892
      ],
      [
        -0.11113117593777114,
        -0.047298653525251984,
        0.9926795550979108,
        -2.86403443991027
      ],
      [
        0.0,
        0.0,
        0.0,
        1.0
      ]
    ],
    "location": [
      -24.095626461285974,
      42.85663165973892,
      -2.86403443991027
    ],
    "rotation": [
      -0.047611445439273606,
      0.11136120420611836,
      0.3460273077955344
    ]
  },
  {
    "label_id": "YO7JWfYXz8R6HtWtipDmvg",
    "size": [
      1.9809742306825955,
      4.441101600158738,
      1.7900000000000063
    ],
    "obj_class": "vehicle",
    "point_num_in_lidar": 336,
    "speed": 0.004383761661303056,
    "if_vehicle": true,
    "motion_state": false,
    "pose": [
      [
        -0.9803073167671024,
        -0.17664525855065086,
        0.08828373193549198,
        -40.046141917440764
      ],
      [
        0.1839187764907641,
        -0.9794797599174699,
        0.08242137808940028,
        66.7233480894447
      ],
      [
        0.07191278291809088,
        0.0970353159606811,
        0.9926795550979108,
        -3.1752783224050205
      ],
      [
        0.0,
        0.0,
        0.0,
        1.0
      ]
    ],
    "location": [
      -40.046141917440764,
      66.7233480894447,
      -3.1752783224050205
    ],
    "rotation": [
      0.09744132454966775,
      -0.0719749098127321,
      2.9561351692393547
    ]
  },
  {
    "label_id": "_fOTcBhgCn2VywcpqFoyLw",
    "size": [
      1.8761663034828695,
      3.9980212378381017,
      1.5400000000000063
    ],
    "obj_class": "vehicle",
    "point_num_in_lidar": 320,
    "speed": 3.1776437161565096e-13,
    "if_vehicle": true,
    "motion_state": false,
    "pose": [
      [
        -0.9654014838249075,
        -0.24536902352214057,
        0.08828373193549198,
        -33.57098864932868
      ],
      [
        0.25256602900341535,
        -0.9640628181956247,
        0.08242137808940028,
        65.33554134815313
      ],
      [
        0.06488741035141216,
        0.10186719230694996,
        0.9926795550979108,
        -3.4141874002768446
      ],
      [
        0.0,
        0.0,
        0.0,
        1.0
      ]
    ],
    "location": [
      -33.57098864932868,
      65.33554134815313,
      -3.4141874002768446
    ],
    "rotation": [
      0.10226045465224809,
      -0.06493303023841998,
      2.885710009162202
    ]
  },
  {
    "label_id": "dmfbwp-Xq30QfLMx4vdIRA",
    "size": [
      2.1692454192840733,
      6.5089800927740225,
      2.4199999999999875
    ],
    "obj_class": "vehicle",
    "point_num_in_lidar": 2753,
    "speed": 0.006326594232346149,
    "if_vehicle": true,
    "motion_state": false,
    "pose": [
      [
        -0.9460672147377652,
        -0.3117094927554651,
        0.08828373193549198,
        -20.671914539823774
      ],
      [
        0.31879637175770814,
        -0.94423280486751,
        0.08242137808940028,
        60.86744455900043
      ],
      [
        0.057668869873167584,
        0.10612069703015213,
        0.9926795550979108,
        -3.0647362447640774
      ],
      [
        0.0,
        0.0,
        0.0,
        1.0
      ]
    ],
    "location": [
      -20.671914539823774,
      60.86744455900043,
      -3.0647362447640774
    ],
    "rotation": [
      0.10649880514892787,
      -0.057700882685089556,
      2.816572580586045
    ]
  },
  {
    "label_id": "hufLc3DxH-_rZyaDcOwmLA",
    "size": [
      0.7899337083814922,
      1.2022532093211242,
      1.7999999999999972
    ],
    "obj_class": "pedestrian",
    "point_num_in_lidar": 113,
    "speed": 1.3414742884762048,
    "if_vehicle": false,
    "motion_state": true,
    "pose": [
      [
        -0.9533153461212893,
        -0.2887833678126018,
        0.08828373193549198,
        -29.067261152975334
      ],
      [
        0.2959124594278868,
        -0.9516525273381999,
        0.08242137808940028,
        65.25240026843858
      ],
      [
        0.06021351347484629,
        0.10469782082559398,
        0.9926795550979108,
        -3.1827911090190923
      ],
      [
        0.0,
        0.0,
        0.0,
        1.0
      ]
    ],
    "location": [
      -29.067261152975334,
      65.25240026843858,
      -3.1827911090190923
    ],
    "rotation": [
      0.10508141815458553,
      -0.060249958661885344,
      2.8406188645364616
    ]
  },
  {
    "label_id": "mMzIwRfQRJYWdVOUs5HVzg",
    "size": [
      2.124305193316032,
      3.177733023965262,
      2.3799999999999955
    ],
    "obj_class": "vehicle",
    "point_num_in_lidar": 2042,
    "speed": 0.00802249067591557,
    "if_vehicle": true,
    "motion_state": false,
    "pose": [
      [
        -0.9420545525450176,
        -0.32363436576598104,
        0.08828373193549198,
        -15.767561292371283
      ],
      [
        0.3306975090592736,
        -0.9401307749115736,
        0.08242137808940028,
        59.21005845797481
      ],
      [
        0.05632386289307851,
        0.10684064469767753,
        0.9926795550979108,
        -3.171094152107017
      ],
      [
        0.0,
        0.0,
        0.0,
        1.0
      ]
    ],
    "location": [
      -15.767561292371283,
      59.21005845797481,
      -3.171094152107017
    ],
    "rotation": [
      0.1072158121255135,
      -0.05635368557954659,
      2.803992879949171
    ]
  },
  {
    "label_id": "oZw7w9oJaT5y1F6xiENotw",
    "size": [
      1.9099306709861872,
      4.542618356511399,
      1.5600000000000023
    ],
    "obj_class": "vehicle",
    "point_num_in_lidar": 50,
    "speed": 4.263256414560601e-13,
    "if_vehicle": true,
    "motion_state": false,
    "pose": [
      [
        -0.9763087487900567,
        -0.1975530554345748,
        0.08828373193549198,
        -62.99720586532203
      ],
      [
        0.20480722850915925,
        -0.97532595350695,
        0.08242137808940028,
        71.7452483096422
      ],
      [
        0.06982281995444634,
        0.09854985897616822,
        0.9926795550979108,
        -2.2842125107803355
      ],
      [
        0.0,
        0.0,
        0.0,
        1.0
      ]
    ],
    "location": [
      -62.99720586532203,
      71.7452483096422,
      -2.2842125107803355
    ],
    "rotation": [
      0.09895237152382369,
      -0.0698796784554828,
      2.9348139439513234
    ]
  },
  {
    "label_id": "r4B61YwIzaCoN1x0ORqI7A",
    "size": [
      2.081740379064464,
      4.494435252923594,
      1.7600000000000051
    ],
    "obj_class": "vehicle",
    "point_num_in_lidar": 154,
    "speed": 1.7346558842822479e-12,
    "if_vehicle": true,
    "motion_state": false,
    "pose": [
      [
        0.8330364458577452,
        0.5461284304522501,
        0.08828373193549198,
        6.739988403201096
      ],
      [
        -0.5524982705422911,
        0.8294289466142484,
        0.08242137808940028,
        39.96073686965428
      ],
      [
        -0.02821242493075413,
        -0.11743662107766996,
        0.9926795550979108,
        -5.9871201493126165
      ],
      [
        0.0,
        0.0,
        0.0,
        1.0
      ]
    ],
    "location": [
      6.739988403201096,
      39.96073686965428,
      -5.9871201493126165
    ],
    "rotation": [
      -0.11775533552786305,
      0.028216168842456875,
      -0.5856225225566771
    ]
  },
  {
    "label_id": "tbPvNseleXujC_-Ylh5iPw",
    "size": [
      0.5481277263788755,
      0.10949966432885637,
      0.539999999999992
    ],
    "obj_class": "sign",
    "point_num_in_lidar": 35,
    "speed": 0.006587933215922268,
    "if_vehicle": false,
    "motion_state": false,
    "pose": [
      [
        -0.8969643784880863,
        -0.4331984376691855,
        0.08828373193549198,
        14.432715474134056
      ],
      [
        0.4399832006275195,
        -0.894215577810747,
        0.08242137808940028,
        48.90628584381011
      ],
      [
        0.04323987614511561,
        0.1127723991124102,
        0.9926795550979108,
        -4.135418646853097
      ],
      [
        0.0,
        0.0,
        0.0,
        1.0
      ]
    ],
    "location": [
      14.432715474134056,
      48.90628584381011,
      -4.135418646853097
    ],
    "rotation": [
      0.1131190611952339,
      -0.0432533616659506,
      2.685553960928707
    ]
  },
  {
    "label_id": "zJ0ufOd6ylfP9pzkJxPojQ",
    "size": [
      2.7982859762618535,
      6.402914888375439,
      2.3699999999999903
    ],
    "obj_class": "vehicle",
    "point_num_in_lidar": 10372,
    "speed": 0.01598968054836646,
    "if_vehicle": true,
    "motion_state": false,
    "pose": [
      [
        0.32568062711869034,
        0.9413490913551246,
        0.08828373193549198,
        -18.67938980388044
      ],
      [
        -0.9441868098382217,
        0.31893257055585594,
        0.08242137808940028,
        43.92461759645266
      ],
      [
        0.04943073180824355,
        -0.11019938132092745,
        0.9926795550979108,
        -2.9742860423690445
      ],
      [
        0.0,
        0.0,
        0.0,
        1.0
      ]
    ],
    "location": [
      -18.67938980388044,
      43.92461759645266,
      -2.9742860423690445
    ],
    "rotation": [
      -0.11055935603211066,
      -0.04945088379280661,
      -1.2386431825403905
    ]
  }
]