[
  {
    "label_id": "9WgYlUnhlVC6T0bvch6KmA",
    "size": [
      1.9983550940203192,
      4.645778126396109,
      1.710000000000008
    ],
    "obj_class": "vehicle",
    "point_num_in_lidar": 4446,
    "speed": 2.8421709430404007e-13,
    "if_vehicle": true,
    "motion_state": false,
    "pose": [
      [
        -0.32607803940021174,
        -0.9453425973229653,
        0.0006970707165921131,
        -7.041466951955044
      ],
      [
        0.9393484247102771,
        -0.32392737963066565,
        0.11267470754313691,
        32.21346220191117
      ],
      [
        -0.1062904003907916,
        0.03739554000520079,
        0.9936316844648647,
        -2.607598698034508
      ],
      [
        0.0,
        0.0,
        0.0,
        1.0
      ]
    ],
    "location": [
      -7.041466951955044,
      32.21346220191117,
      -2.607598698034508
    ],
    "rotation": [
      0.03761745904730711,
      0.10649156338914482,
      1.904913988690418
    ]
  },
  {
    "label_id": "EZpHgIyV7MlzBvfpEqN7Ag",
    "size": [
      2.243118483011756,
      5.253824053864203,
      1.980000000000004
    ],
    "obj_class": "vehicle",
    "point_num_in_lidar": 252,
    "speed": 1.3512366727178848e-27,
    "if_vehicle": true,
    "motion_state": false,
    "pose": [
      [
        -0.862498294744207,
        -0.5060594882578047,
        0.0006970707165921131,
        17.512673100731263
      ],
      [
        0.5029047286695656,
        -0.8569663028158453,
        0.11267470754313691,
        44.998716561438414
      ],
      [
        -0.056422738724078526,
        0.09753230327634908,
        0.9936316844648647,
        -6.577120149313245
      ],
      [
        0.0,
        0.0,
        0.0,
        1.0
      ]
    ],
    "location": [
      17.512673100731263,
      44.998716561438414,
      -6.577120149313245
    ],
    "rotation": [
      0.09784396576207008,
      0.05645271889722672,
      2.613707913875259
    ]
  },
  {
    "label_id": "HvuvFbv43gxAzu4E8WOQpw",
    "size": [
      1.9496121452464255,
      4.825332542451997,
      1.7999999999999972
    ],
    "obj_class": "vehicle",
    "point_num_in_lidar": 1736,
    "speed": 0.010920091892927499,
    "if_vehicle": true,
    "motion_state": false,
    "pose": [
      [
        0.938564942543585,
        -0.34510195989094755,
        0.0006970707165921131,
        -24.074530395037073
      ],
      [
        0.3428306913104461,
        0.9326154230848159,
        0.11267470754313691,
        42.89319697947212
      ],
      [
        -0.039534361304550465,
        -0.105513553175678,
        0.9936316844648647,
        -2.8134266089161173
      ],
      [
        0.0,
        0.0,
        0.0,
        1.0
      ]
    ],
    "location": [
      -24.074530395037073,
      42.89319697947212,
      -2.8134266089161173
    ],
    "rotation": [
      -0.10579334050254735,
      0.03954466702984168,
      0.35021410297575895
    ]
  },
  {
    "label_id": "HxOJ3Swh0Tu9sXsDtdDtTQ",
    "size": [
      2.1221041075993994,
      4.310725080197603,
      1.8800000000000097
    ],
    "obj_class": "vehicle",
    "point_num_in_lidar": 1238,
    "speed": 6.355287432313019e-13,
    "if_vehicle": true,
    "motion_state": false,
    "pose": [
      [
        0.9650335273341906,
        -0.2621255523853909,
        0.0006970707165921131,
        -21.498960927047847
      ],
      [
        0.26038058478480874,
        0.9589089431990869,
        0.11267470754313691,
        33.195818851143486
      ],
      [
        -0.030203347298789505,
        -0.10855336678087912,
        0.9936316844648647,
        -2.2861600285713024
      ],
      [
        0.0,
        0.0,
        0.0,
        1.0
      ]
    ],
    "location": [
      -21.498960927047847,
      33.195818851143486,
      -2.2861600285713024
    ],
    "rotation": [
      -0.10881754314505167,
      0.03020794131286126,
      0.2635394580120231
    ]
  },
  {
    "label_id": "UPyGS8_eR9iH5UqAxnfQgg",
    "size": [
      0.8743776576517936,
      0.22909135892377785,
      0.9399999999999977
    ],
    "obj_class": "sign",
    "point_num_in_lidar": 323,
    "speed": 0.008683808802393351,
    "if_vehicle": false,
    "motion_state": false,
    "pose": [
      [
        -0.0776566902002561,
        0.9969799158255684,
        0.0006970707165921131,
        -7.018154621167014
      ],
      [
        -0.9906252151613719,
        -0.07724049046034219,
        0.11267470754313691,
        43.83056636491892
      ],
      [
        0.1123882625260623,
        0.008059409028475092,
        0.9936316844648647,
        -1.9130274588336391
      ],
      [
        0.0,
        0.0,
        0.0,
        1.0
      ]
    ],
    "location": [
      -7.018154621167014,
      43.83056636491892,
      -1.9130274588336391
    ],
    "rotation": [
      0.00811088496913621,
      -0.11262621585161724,
      -1.6490279323743964
    ]
  },
  {
    "label_id": "YO7JWfYXz8R6HtWtipDmvg",
    "size": [
      1.9809742306825984,
      4.441101600158738,
      1.7900000000000063
    ],
    "obj_class": "vehicle",
    "point_num_in_lidar": 119,
    "speed": 0.01960615728478123,
    "if_vehicle": true,
    "motion_state": false,
    "pose": [
      [
        -0.9841498212233385,
        -0.17733765386540742,
        0.0006970707165921131,
        -39.99421263195927
      ],
      [
        0.17628569471848507,
        -0.9778689912854839,
        0.11267470754313691,
        66.86365273664887
      ],
      [
        -0.019299824447182246,
        0.11101167688051249,
        0.9936316844648647,
        -3.0121201493125795
      ],
      [
        0.0,
        0.0,
        0.0,
        1.0
      ]
    ],
    "location": [
      -39.99421263195927,
      66.86365273664887,
      -3.0121201493125795
    ],
    "rotation": [
      0.11126177055206055,
      0.01930102279152767,
      2.9643475239961905
    ]
  },
  {
    "label_id": "_Phg1BOZU57MowRX3QsMBg",
    "size": [
      2.072075901861553,
      4.49866838001127,
      2.1099999999999994
    ],
    "obj_class": "vehicle",
    "point_num_in_lidar": 5126,
    "speed": 9.947598300641403e-13,
    "if_vehicle": true,
    "motion_state": false,
    "pose": [
      [
        -0.303421900078527,
        -0.9528560566240594,
        0.0006970707165921131,
        -5.492983714902948
      ],
      [
        0.9468122600946033,
        -0.30141492069009784,
        0.11267470754313691,
        27.40267274288817
      ],
      [
        -0.10715266999606558,
        0.034847968954153284,
        0.9936316844648647,
        -1.8912197833275144
      ],
      [
        0.0,
        0.0,
        0.0,
        1.0
      ]
    ],
    "location": [
      -5.492983714902948,
      27.40267274288817,
      -1.8912197833275144
    ],
    "rotation": [
      0.03505694554677899,
      0.10735878577371721,
      1.8809226583903436
    ]
  },
  {
    "label_id": "_fOTcBhgCn2VywcpqFoyLw",
    "size": [
      1.8761663034828704,
      3.9980212378381017,
      1.5400000000000063
    ],
    "obj_class": "vehicle",
    "point_num_in_lidar": 71,
    "speed": 3.1776437161565096e-13,
    "if_vehicle": true,
    "motion_state": false,
    "pose": [
      [
        -0.9691855619810176,
        -0.24633079494849053,
        0.0006970707165921131,
        -33.57098864933141
      ],
      [
        0.24483832369320557,
        -0.9629946030644043,
        0.11267470754313691,
        65.33554134815495
      ],
      [
        -0.027083974941657162,
        0.10937336937698797,
        0.9936316844648647,
        -3.3150731487409786
      ],
      [
        0.0,
        0.0,
        0.0,
        1.0
      ]
    ],
    "location": [
      -33.57098864933141,
      65.33554134815495,
      -3.3150731487409786
    ],
    "rotation": [
      0.10963299482806636,
      0.0270872872393066,
      2.8941470455642913
    ]
  },
  {
    "label_id": "dI564oePmcx5PEmWFhS0Mw",
    "size": [
      1.880530258709305,
      4.298510362823608,
      1.5700000000000074
    ],
    "obj_class": "vehicle",
    "point_num_in_lidar": 2008,
    "speed": 5.123796534383003e-13,
    "if_vehicle": true,
    "motion_state": false,
    "pose": [
      [
        -0.9418184020382372,
        0.3361214240041202,
        0.0006970707165921131,
        -20.428163377730016
      ],
      [
        -0.3339070864397798,
        -0.9358474597418994,
        0.11267470754313691,
        28.35732651975559
      ],
      [
        0.03852473500803016,
        0.10588635615638316,
        0.9936316844648647,
        -2.100346443892718
      ],
      [
        0.0,
        0.0,
        0.0,
        1.0
      ]
    ],
    "location": [
      -20.428163377730016,
      28.35732651975559,
      -2.100346443892718
    ],
    "rotation": [
      0.10616433459696006,
      -0.038534270825768636,
      -2.800883944044109
    ]
  },
  {
    "label_id": "dmfbwp-Xq30QfLMx4vdIRA",
    "size": [
      2.1692454192840764,
      6.5089800927740225,
      2.4199999999999875
    ],
    "obj_class": "vehicle",
    "point_num_in_lidar": 745,
    "speed": 0.006326594231017065,
    "if_vehicle": true,
    "motion_state": false,
    "pose": [
      [
        -0.9497755084803002,
        -0.3129312985040061,
        0.0006970707165921131,
        -20.66122567696675
      ],
      [
        0.3110132018730923,
        -0.9437029185822813,
        0.11267470754313691,
        60.89453448993481
      ],
      [
        -0.03460161487032676,
        0.10723247584515125,
        0.9936316844648647,
        -2.895826129046796
      ],
      [
        0.0,
        0.0,
        0.0,
        1.0
      ]
    ],
    "location": [
      -20.66122567696675,
      60.89453448993481,
      -2.895826129046796
    ],
    "rotation": [
      0.10750367786005703,
      0.034608523182322284,
      2.8251376521601657
    ]
  },
  {
    "label_id": "mMzIwRfQRJYWdVOUs5HVzg",
    "size": [
      2.1243051933160335,
      3.177733023965262,
      2.3799999999999955
    ],
    "obj_class": "vehicle",
    "point_num_in_lidar": 558,
    "speed": 0.03076291988309687,
    "if_vehicle": true,
    "motion_state": false,
    "pose": [
      [
        -0.9457471178806609,
        -0.3249029133646535,
        0.0006970707165921131,
        -15.708829885724299
      ],
      [
        0.3229082670939266,
        -0.9396992398222243,
        0.11267470754313691,
        59.23336091819692
      ],
      [
        -0.035953303920791546,
        0.10678686981410478,
        0.9936316844648647,
        -3.043022218295448
      ],
      [
        0.0,
        0.0,
        0.0,
        1.0
      ]
    ],
    "location": [
      -15.708829885724299,
      59.23336091819692,
      -3.043022218295448
    ],
    "rotation": [
      0.1070603576597107,
      0.035961054210062085,
      2.812571152801525
    ]
  },
  {
    "label_id": "oA6nQ0v4SSVgcaeQHa2tdA",
    "size": [
      2.0510135207184272,
      4.5346861622318535,
      1.6800000000000068
    ],
    "obj_class": "vehicle",
    "point_num_in_lidar": 2231,
    "speed": 0.011271780850340902,
    "if_vehicle": true,
    "motion_state": false,
    "pose": [
      [
        0.9430363165104434,
        -0.3326890738134198,
        0.0006970707165921131,
        -20.911170460589346
      ],
      [
        0.33049649722315994,
        0.9370573491538767,
        0.11267470754313691,
        30.786107160187385
      ],
      [
        -0.03813883933258676,
        -0.10602596173522078,
        0.9936316844648647,
        -2.2186702044634643
      ],
      [
        0.0,
        0.0,
        0.0,
        1.0
      ]
    ],
    "location": [
      -20.911170460589346,
      30.786107160187385,
      -2.2186702044634643
    ],
    "rotation": [
      -0.10630325524876726,
      0.038148091331856114,
      0.33708455045862945
    ]
  },
  {
    "label_id": "ygi1Q8RYav7ScUuMX9604g",
    "size": [
      2.1756868997784693,
      4.9619439547414235,
      1.6899999999999977
    ],
    "obj_class": "vehicle",
    "point_num_in_lidar": 3348,
    "speed": 3.1776437161565096e-13,
    "if_vehicle": true,
    "motion_state": false,
    "pose": [
      [
        -0.21344974259937882,
        -0.9769537970020257,
        0.0006970707165921131,
        -8.393851269986953
      ],
      [
        0.9707494834747297,
        -0.21201379816798302,
        0.11267470754313691,
        36.958116506508304
      ],
      [
        -0.10993019475014401,
        0.02472706836062001,
        0.9936316844648647,
        -3.160936727676372
      ],
      [
        0.0,
        0.0,
        0.0,
        1.0
      ]
    ],
    "location": [
      -8.393851269986953,
      36.958116506508304,
      -3.160936727676372
    ],
    "rotation": [
      0.024880412159141645,
      0.11015281881738181,
      1.787233491541886
    ]
  },
  {
    "label_id": "zJ0ufOd6ylfP9pzkJxPojQ",
    "size": [
      2.798285976261853,
      6.402914888375439,
      2.3699999999999903
    ],
    "obj_class": "vehicle",
    "point_num_in_lidar": 2260,
    "speed": 0.01917695133368229,
    "if_vehicle": true,
    "motion_state": false,
    "pose": [
      [
        0.32695719543518426,
        0.9450388914989556,
        0.0006970707165921131,
        -18.65427443182125
      ],
      [
        -0.9390467218850684,
        0.32480096120081825,
        0.11267470754313691,
        43.92114299684181
      ],
      [
        0.10625557147776106,
        -0.03749438834612154,
        0.9936316844648647,
        -2.8508692481776308
      ],
      [
        0.0,
        0.0,
        0.0,
        1.0
      ]
    ],
    "location": [
      -18.65427443182125,
      43.92114299684181,
      -2.8508692481776308
    ],
    "rotation": [
      -0.037716799840704265,
      -0.10645653611636535,
      -1.2357438950202622
    ]
  }
]