[
  {
    "label_id": "9WgYlUnhlVC6T0bvch6KmA",
    "size": [
      1.998355094020319,
      4.645778126396109,
      1.710000000000008
    ],
    "obj_class": "vehicle",
    "point_num_in_lidar": 96,
    "speed": 2.8421709430404007e-13,
    "if_vehicle": true,
    "motion_state": false,
    "pose": [
      [
        -0.3258260161748034,
        -0.9446119492519326,
        -0.039315041830335504,
        -7.041466951955044
      ],
      [
        0.9393118236385142,
        -0.3281606743400421,
        0.10001934707634196,
        32.21346220191117
      ],
      [
        -0.10738112104343883,
        -0.0043401782397874435,
        0.9942084578680175,
        -2.5012350698679313
      ],
      [
        0.0,
        0.0,
        0.0,
        1.0
      ]
    ],
    "location": [
      -7.041466951955044,
      32.21346220191117,
      -2.5012350698679313
    ],
    "rotation": [
      -0.004365433260133008,
      0.10758856257363134,
      1.9046865903074264
    ]
  },
  {
    "label_id": "HvuvFbv43gxAzu4E8WOQpw",
    "size": [
      1.949612145246428,
      4.825332542451997,
      1.7999999999999972
    ],
    "obj_class": "vehicle",
    "point_num_in_lidar": 471,
    "speed": 0.011102383397197881,
    "if_vehicle": true,
    "motion_state": false,
    "pose": [
      [
        0.93783953287015,
        -0.3448352332227346,
        -0.039315041830335504,
        -24.04093832118724
      ],
      [
        0.34706238362441016,
        0.9324933415758875,
        0.10001934707634196,
        42.91041385079188
      ],
      [
        0.0021708198547093333,
        -0.10744686986998357,
        0.9942084578680175,
        -2.691760418937946
      ],
      [
        0.0,
        0.0,
        0.0,
        1.0
      ]
    ],
    "location": [
      -24.04093832118724,
      42.91041385079188,
      -2.691760418937946
    ],
    "rotation": [
      -0.10765494865610772,
      -0.0021708215596961517,
      0.3544378382896164
    ]
  },
  {
    "label_id": "HxOJ3Swh0Tu9sXsDtdDtTQ",
    "size": [
      2.1221041075993994,
      4.310725080197603,
      1.8800000000000097
    ],
    "obj_class": "vehicle",
    "point_num_in_lidar": 69,
    "speed": 6.355287432313019e-13,
    "if_vehicle": true,
    "motion_state": false,
    "pose": [
      [
        0.9642876602937912,
        -0.2619229575485982,
        -0.039315041830335504,
        -21.498960927048756
      ],
      [
        0.26460684967650666,
        0.9591555376031026,
        0.10001934707634196,
        33.195818851145305
      ],
      [
        0.011511876884348703,
        -0.10685045153998358,
        0.9942084578680175,
        -2.2861600285713592
      ],
      [
        0.0,
        0.0,
        0.0,
        1.0
      ]
    ],
    "location": [
      -21.498960927048756,
      33.195818851145305,
      -2.2861600285713592
    ],
    "rotation": [
      -0.10706194378129034,
      -0.011512131164850156,
      0.26781440111968224
    ]
  },
  {
    "label_id": "I-Fu2Xu4O2bn6bvJdM-DcQ",
    "size": [
      1.9310643852895526,
      4.533620881541709,
      1.6200000000000045
    ],
    "obj_class": "vehicle",
    "point_num_in_lidar": 4279,
    "speed": 0.013782431729774829,
    "if_vehicle": true,
    "motion_state": false,
    "pose": [
      [
        -0.35301113814117224,
        -0.9347927384367901,
        -0.039315041830335504,
        0.3384535506484099
      ],
      [
        0.9294273038674081,
        -0.3551915216276744,
        0.10001934707634196,
        10.92202156355961
      ],
      [
        -0.107461728880726,
        -0.0012325297822466982,
        0.9942084578680175,
        -0.12177269813047076
      ],
      [
        0.0,
        0.0,
        0.0,
        1.0
      ]
    ],
    "location": [
      0.3384535506484099,
      10.92202156355961,
      -0.12177269813047076
    ],
    "rotation": [
      -0.0012397089776057216,
      0.10766963955662923,
      1.933782334569513
    ]
  },
  {
    "label_id": "JKVW2YezLsRotn6ukUHoLA",
    "size": [
      2.1792263178030664,
      4.447204686175888,
      1.8400000000000034
    ],
    "obj_class": "vehicle",
    "point_num_in_lidar": 2625,
    "speed": 0.015099973731086474,
    "if_vehicle": true,
    "motion_state": false,
    "pose": [
      [
        -0.9534907287591802,
        0.2988473818793909,
        -0.039315041830335504,
        -15.688871152718093
      ],
      [
        -0.3013317328966918,
        -0.9482590980106118,
        0.10001934707634196,
        12.20516611293715
      ],
      [
        -0.0073903260932325155,
        0.10721438981747958,
        0.9942084578680175,
        -0.0739620473014071
      ],
      [
        0.0,
        0.0,
        0.0,
        1.0
      ]
    ],
    "location": [
      -15.688871152718093,
      12.20516611293715,
      -0.0739620473014071
    ],
    "rotation": [
      0.10742380816278169,
      0.007390393367693851,
      -2.8354950267307153
    ]
  },
  {
    "label_id": "XijTh8OxfGsgllnmHz65UQ",
    "size": [
      2.1029405699320503,
      4.501152044097126,
      1.8599999999999994
    ],
    "obj_class": "vehicle",
    "point_num_in_lidar": 858,
    "speed": 0.016989115277518153,
    "if_vehicle": true,
    "motion_state": false,
    "pose": [
      [
        -0.3310104001858974,
        -0.9428077441634911,
        -0.039315041830335504,
        -3.5958973975702975
      ],
      [
        0.9374948728982084,
        -0.3333159064611142,
        0.10001934707634196,
        22.192234269186883
      ],
      [
        -0.10740334379498613,
        -0.0037502060416460116,
        0.9942084578680175,
        -1.2197670535505978
      ],
      [
        0.0,
        0.0,
        0.0,
        1.0
      ]
    ],
    "location": [
      -3.5958973975702975,
      22.192234269186883,
      -1.2197670535505978
    ],
    "rotation": [
      -0.0037720341500532104,
      0.10761091459291691,
      1.9102121074167873
    ]
  },
  {
    "label_id": "_Phg1BOZU57MowRX3QsMBg",
    "size": [
      2.0720759018615533,
      4.49866838001127,
      2.1099999999999994
    ],
    "obj_class": "vehicle",
    "point_num_in_lidar": 415,
    "speed": 0.026334752069015418,
    "if_vehicle": true,
    "motion_state": false,
    "pose": [
      [
        -0.3031873876101058,
        -0.9521196014577362,
        -0.039315041830335504,
        -5.4629593217814545
      ],
      [
        0.9468767088779882,
        -0.30564788302033397,
        0.10001934707634196,
        27.423773407237604
      ],
      [
        -0.10724694018268761,
        -0.006901892867163937,
        0.9942084578680175,
        -1.667969990819259
      ],
      [
        0.0,
        0.0,
        0.0,
        1.0
      ]
    ],
    "location": [
      -5.4629593217814545,
      27.423773407237604,
      -1.667969990819259
    ],
    "rotation": [
      -0.006941986805750542,
      0.1074536023410653,
      1.8806782553038721
    ]
  },
  {
    "label_id": "_fOTcBhgCn2VywcpqFoyLw",
    "size": [
      1.8761663034828782,
      3.9980212378381017,
      1.5400000000000063
    ],
    "obj_class": "vehicle",
    "point_num_in_lidar": 44,
    "speed": 3.1776437161565096e-13,
    "if_vehicle": true,
    "motion_state": false,
    "pose": [
      [
        -0.9684364858647633,
        -0.2461404077590409,
        -0.039315041830335504,
        -33.57098864933141
      ],
      [
        0.24127966584673224,
        -0.965287653012982,
        0.10001934707634196,
        65.33554134815495
      ],
      [
        -0.06256912732967562,
        0.08737646484552704,
        0.9942084578680175,
        -3.2923227090641944
      ],
      [
        0.0,
        0.0,
        0.0,
        1.0
      ]
    ],
    "location": [
      -33.57098864933141,
      65.33554134815495,
      -3.2923227090641944
    ],
    "rotation": [
      0.08766022856769909,
      0.06261002468759072,
      2.8974202604777233
    ]
  },
  {
    "label_id": "d41nDrdSUfEL_N3Bq-VPHw",
    "size": [
      2.0690035287693056,
      4.068906218702599,
      1.7000000000000028
    ],
    "obj_class": "vehicle",
    "point_num_in_lidar": 2505,
    "speed": 0.02606298305391321,
    "if_vehicle": true,
    "motion_state": false,
    "pose": [
      [
        -0.9508824752152747,
        0.30704534813989864,
        -0.039315041830335504,
        -10.35915074460263
      ],
      [
        -0.3094845655559218,
        -0.9456296494363343,
        0.10001934707634196,
        4.433082448564164
      ],
      [
        -0.006466993979814215,
        0.10727404295804195,
        0.9942084578680175,
        0.5127389413104453
      ],
      [
        0.0,
        0.0,
        0.0,
        1.0
      ]
    ],
    "location": [
      -10.35915074460263,
      4.433082448564164,
      0.5127389413104453
    ],
    "rotation": [
      0.1074831186796246,
      0.006467039057778288,
      -2.826934909516471
    ]
  },
  {
    "label_id": "dI564oePmcx5PEmWFhS0Mw",
    "size": [
      1.8805302587093018,
      4.298510362823608,
      1.5700000000000074
    ],
    "obj_class": "vehicle",
    "point_num_in_lidar": 256,
    "speed": 5.123796534383003e-13,
    "if_vehicle": true,
    "motion_state": false,
    "pose": [
      [
        -0.9410904777908153,
        0.33586163832348237,
        -0.039315041830335504,
        -20.428163377730925
      ],
      [
        -0.3381397517876328,
        -0.935765803217568,
        0.10001934707634196,
        28.357326519757407
      ],
      [
        -0.0031970099237909762,
        0.1074212336144301,
        0.9942084578680175,
        -1.87690536702938
      ],
      [
        0.0,
        0.0,
        0.0,
        1.0
      ]
    ],
    "location": [
      -20.428163377730925,
      28.357326519757407,
      -1.87690536702938
    ],
    "rotation": [
      0.10762946068369536,
      0.003197015369854468,
      -2.7966513065101593
    ]
  },
  {
    "label_id": "dmfbwp-Xq30QfLMx4vdIRA",
    "size": [
      2.1692454192840773,
      6.5089800927740225,
      2.4199999999999875
    ],
    "obj_class": "vehicle",
    "point_num_in_lidar": 367,
    "speed": 0.022059959383426885,
    "if_vehicle": true,
    "motion_state": false,
    "pose": [
      [
        -0.9490414342461022,
        -0.31268943629419305,
        -0.039315041830335504,
        -20.647925252023015
      ],
      [
        0.3076220830090574,
        -0.9462371712502056,
        0.10001934707634196,
        60.94248445813537
      ],
      [
        -0.06847634722493477,
        0.08282832954025422,
        0.9942084578680175,
        -2.793037482475725
      ],
      [
        0.0,
        0.0,
        0.0,
        1.0
      ]
    ],
    "location": [
      -20.647925252023015,
      60.94248445813537,
      -2.793037482475725
    ],
    "rotation": [
      0.08311888143366668,
      0.06852997484032991,
      2.8281389894646605
    ]
  },
  {
    "label_id": "ewfgYuzQJJWgeHKMp59PEw",
    "size": [
      2.255862695325156,
      5.044880474012572,
      1.990000000000009
    ],
    "obj_class": "vehicle",
    "point_num_in_lidar": 4388,
    "speed": 0.011722169358502088,
    "if_vehicle": true,
    "motion_state": false,
    "pose": [
      [
        -0.2871565260087985,
        -0.9570765157794006,
        -0.039315041830335504,
        -1.8602562094865789
      ],
      [
        0.9518756793858423,
        -0.2897047138107412,
        0.10001934707634196,
        16.95196556524752
      ],
      [
        -0.1071159211522706,
        -0.008701823912222788,
        0.9942084578680175,
        -0.6078933779430855
      ],
      [
        0.0,
        0.0,
        0.0,
        1.0
      ]
    ],
    "location": [
      -1.8602562094865789,
      16.95196556524752,
      -0.6078933779430855
    ],
    "rotation": [
      -0.008752290978939429,
      0.10732182419975461,
      1.8637885607549356
    ]
  },
  {
    "label_id": "mMzIwRfQRJYWdVOUs5HVzg",
    "size": [
      2.1243051933160317,
      3.177733023965262,
      2.3799999999999955
    ],
    "obj_class": "vehicle",
    "point_num_in_lidar": 242,
    "speed": 0.03047946187156318,
    "if_vehicle": true,
    "motion_state": false,
    "pose": [
      [
        -0.9450161571587792,
        -0.3246517983851812,
        -0.039315041830335504,
        -15.653075275358788
      ],
      [
        0.31954942880201387,
        -0.9422761234175091,
        0.10001934707634196,
        59.32071135456499
      ],
      [
        -0.06951708610953179,
        0.08195679985540386,
        0.9942084578680175,
        -3.0377917824597347
      ],
      [
        0.0,
        0.0,
        0.0,
        1.0
      ]
    ],
    "location": [
      -15.653075275358788,
      59.32071135456499,
      -3.0377917824597347
    ],
    "rotation": [
      0.08224825424063914,
      0.06957319989606277,
      2.8155207736793173
    ]
  },
  {
    "label_id": "oA6nQ0v4SSVgcaeQHa2tdA",
    "size": [
      2.0510135207184295,
      4.5346861622318535,
      1.6800000000000068
    ],
    "obj_class": "vehicle",
    "point_num_in_lidar": 181,
    "speed": 0.013109614022286064,
    "if_vehicle": true,
    "motion_state": false,
    "pose": [
      [
        0.9423074509462305,
        -0.3324319409700221,
        -0.039315041830335504,
        -20.86668856477354
      ],
      [
        0.3347294318938897,
        0.9369911086207894,
        0.10001934707634196,
        30.78893313012668
      ],
      [
        0.0035882189469361135,
        -0.10740887760556682,
        0.9942084578680175,
        -2.074438304243216
      ],
      [
        0.0,
        0.0,
        0.0,
        1.0
      ]
    ],
    "location": [
      -20.86668856477354,
      30.78893313012668,
      -2.074438304243216
    ],
    "rotation": [
      -0.10761717609331409,
      -0.0035882266468890574,
      0.34132037077270677
    ]
  },
  {
    "label_id": "ygi1Q8RYav7ScUuMX9604g",
    "size": [
      2.175686899778469,
      4.9619439547414235,
      1.6899999999999977
    ],
    "obj_class": "vehicle",
    "point_num_in_lidar": 41,
    "speed": 3.1776437161565096e-13,
    "if_vehicle": true,
    "motion_state": false,
    "pose": [
      [
        -0.2132847689240839,
        -0.9761987168762716,
        -0.039315041830335504,
        -8.393851269986953
      ],
      [
        0.971207497420332,
        -0.21622240208858565,
        0.10001934707634196,
        36.958116506508304
      ],
      [
        -0.10613955106149586,
        -0.016850460057900477,
        0.9942084578680175,
        -3.020431362841194
      ],
      [
        0.0,
        0.0,
        0.0,
        1.0
      ]
    ],
    "location": [
      -8.393851269986953,
      36.958116506508304,
      -3.020431362841194
    ],
    "rotation": [
      -0.016946996114506896,
      0.10633985587909621,
      1.7869725337326368
    ]
  },
  {
    "label_id": "zJ0ufOd6ylfP9pzkJxPojQ",
    "size": [
      2.7982859762618526,
      6.402914888375439,
      2.3699999999999903
    ],
    "obj_class": "vehicle",
    "point_num_in_lidar": 412,
    "speed": 0.019176951334232036,
    "if_vehicle": true,
    "motion_state": false,
    "pose": [
      [
        0.3267044927167933,
        0.944308478159834,
        -0.039315041830335504,
        -18.617553848805073
      ],
      [
        -0.9390061832897487,
        0.32903422003500005,
        0.10001934707634196,
        43.975019145458646
      ],
      [
        0.10738511154848857,
        0.004240297326538985,
        0.9942084578680175,
        -2.7084686823260427
      ],
      [
        0.0,
        0.0,
        0.0,
        1.0
      ]
    ],
    "location": [
      -18.617553848805073,
      43.975019145458646,
      -2.7084686823260427
    ],
    "rotation": [
      0.004264972383437039,
      -0.10759257628711329,
      -1.23597052636634
    ]
  }
]