[
  {
    "label_id": "3ShSMlgply580zkFuvnr6w",
    "size": [
      1.8187383579279888,
      4.286298275032211,
      1.6700000000000017
    ],
    "obj_class": "vehicle",
    "point_num_in_lidar": 28,
    "speed": 4.0194366942304643e-13,
    "if_vehicle": true,
    "motion_state": false,
    "pose": [
      [
        -0.9846612238054812,
        -0.1644909173095544,
        0.05818085988152602,
        -46.99195676320869
      ],
      [
        0.1703697100426976,
        -0.9783789956629025,
        0.11725486235383813,
        68.39658575451358
      ],
      [
        0.037635571390103116,
        0.12536857249052388,
        0.991396129101697,
        -2.966345879512673
      ],
      [
        0.0,
        0.0,
        0.0,
        1.0
      ]
    ],
    "location": [
      -46.99195676320869,
      68.39658575451358,
      -2.966345879512673
    ],
    "rotation": [
      0.1257889160985088,
      -0.037644461789143685,
      2.970265220672763
    ]
  },
  {
    "label_id": "EZpHgIyV7MlzBvfpEqN7Ag",
    "size": [
      2.243118483011759,
      5.253824053864203,
      1.980000000000004
    ],
    "obj_class": "vehicle",
    "point_num_in_lidar": 488,
    "speed": 5.684341886080801e-13,
    "if_vehicle": true,
    "motion_state": false,
    "pose": [
      [
        -0.861037482759023,
        -0.5052023761102591,
        0.05818085988152602,
        17.512673100732172
      ],
      [
        0.5084507803058977,
        -0.8530703964273443,
        0.11725486235383813,
        44.998716561434776
      ],
      [
        -0.009605065868023217,
        0.1305429351280345,
        0.991396129101697,
        -6.577120149312677
      ],
      [
        0.0,
        0.0,
        0.0,
        1.0
      ]
    ],
    "location": [
      17.512673100732172,
      44.998716561434776,
      -6.577120149312677
    ],
    "rotation": [
      0.13092265546678844,
      0.009605213563713404,
      2.608180716883655
    ]
  },
  {
    "label_id": "HvuvFbv43gxAzu4E8WOQpw",
    "size": [
      1.9496121452464241,
      4.825332542451997,
      1.7999999999999972
    ],
    "obj_class": "vehicle",
    "point_num_in_lidar": 1557,
    "speed": 0.009207073654495255,
    "if_vehicle": true,
    "motion_state": false,
    "pose": [
      [
        0.9369752965984329,
        -0.3445174612522929,
        0.05818085988152602,
        -24.087269393399765
      ],
      [
        0.33629962099814387,
        0.9344270234592358,
        0.11725486235383813,
        42.87609912695734
      ],
      [
        -0.09476211521902458,
        -0.09029870830409258,
        0.991396129101697,
        -2.8444589375098275
      ],
      [
        0.0,
        0.0,
        0.0,
        1.0
      ]
    ],
    "location": [
      -24.087269393399765,
      42.87609912695734,
      -2.8444589375098275
    ],
    "rotation": [
      -0.09083174254094926,
      0.09490451647126302,
      0.34459958416565
    ]
  },
  {
    "label_id": "HxOJ3Swh0Tu9sXsDtdDtTQ",
    "size": [
      2.1221041075994,
      4.310725080197603,
      1.8800000000000097
    ],
    "obj_class": "vehicle",
    "point_num_in_lidar": 1543,
    "speed": 6.355287432313019e-13,
    "if_vehicle": true,
    "motion_state": false,
    "pose": [
      [
        0.9633990515892243,
        -0.2616815907556919,
        0.05818085988152602,
        -21.498960927046937
      ],
      [
        0.2537166527022545,
        0.9601453834685381,
        0.11725486235383813,
        33.195818851143486
      ],
      [
        -0.08654552292606914,
        -0.09820177016543301,
        0.991396129101697,
        -2.3449754319670433
      ],
      [
        0.0,
        0.0,
        0.0,
        1.0
      ]
    ],
    "location": [
      -21.498960927046937,
      33.195818851143486,
      -2.3449754319670433
    ],
    "rotation": [
      -0.09873194933849265,
      0.08665392821204132,
      0.25750872047787887
    ]
  },
  {
    "label_id": "UPyGS8_eR9iH5UqAxnfQgg",
    "size": [
      0.8743776576517931,
      0.22909135892377785,
      0.9399999999999977
    ],
    "obj_class": "sign",
    "point_num_in_lidar": 103,
    "speed": 0.023472306965228736,
    "if_vehicle": false,
    "motion_state": false,
    "pose": [
      [
        -0.0775251631880054,
        0.9952913325334043,
        0.05818085988152602,
        -7.0287964583276334
      ],
      [
        -0.9895487334024663,
        -0.08393212421925998,
        0.11725486235383813,
        43.77216580646564
      ],
      [
        0.12158599135693204,
        -0.048482593865462026,
        0.991396129101697,
        -1.9948893130181773
      ],
      [
        0.0,
        0.0,
        0.0,
        1.0
      ]
    ],
    "location": [
      -7.0287964583276334,
      43.77216580646564,
      -1.9948893130181773
    ],
    "rotation": [
      -0.048864423098337384,
      -0.12188757266630743,
      -1.6489805853906225
    ]
  },
  {
    "label_id": "YO7JWfYXz8R6HtWtipDmvg",
    "size": [
      1.9809742306825995,
      4.441101600158738,
      1.7900000000000063
    ],
    "obj_class": "vehicle",
    "point_num_in_lidar": 245,
    "speed": 0.03791458150499966,
    "if_vehicle": true,
    "motion_state": false,
    "pose": [
      [
        -0.9824829682419234,
        -0.17703729736410376,
        0.05818085988152602,
        -40.02065117261736
      ],
      [
        0.1828354794127373,
        -0.9761262647436022,
        0.11725486235383813,
        66.79327256633951
      ],
      [
        0.0360333815018014,
        0.12583843061528113,
        0.991396129101697,
        -3.083719709772396
      ],
      [
        0.0,
        0.0,
        0.0,
        1.0
      ]
    ],
    "location": [
      -40.02065117261736,
      66.79327256633951,
      -3.083719709772396
    ],
    "rotation": [
      0.12625536480932453,
      -0.03604118371263067,
      2.9576020249023975
    ]
  },
  {
    "label_id": "_fOTcBhgCn2VywcpqFoyLw",
    "size": [
      1.876166303482871,
      3.9980212378381017,
      1.5400000000000063
    ],
    "obj_class": "vehicle",
    "point_num_in_lidar": 349,
    "speed": 3.1776437161565096e-13,
    "if_vehicle": true,
    "motion_state": false,
    "pose": [
      [
        -0.9675440539415978,
        -0.24591358487425022,
        0.05818085988152602,
        -33.57098864932959
      ],
      [
        0.25124883118031827,
        -0.9607941101427019,
        0.11725486235383813,
        65.33554134815313
      ],
      [
        0.027065263951838926,
        0.12806711790849584,
        0.991396129101697,
        -3.3496990420462964
      ],
      [
        0.0,
        0.0,
        0.0,
        1.0
      ]
    ],
    "location": [
      -33.57098864932959,
      65.33554134815313,
      -3.3496990420462964
    ],
    "rotation": [
      0.128467124622964,
      -0.027068569387810087,
      2.8875272693452776
    ]
  },
  {
    "label_id": "dmfbwp-Xq30QfLMx4vdIRA",
    "size": [
      2.169245419284076,
      6.5089800927740225,
      2.4199999999999875
    ],
    "obj_class": "vehicle",
    "point_num_in_lidar": 1612,
    "speed": 0.006326594389988083,
    "if_vehicle": true,
    "motion_state": false,
    "pose": [
      [
        -0.948166875217514,
        -0.312401287263196,
        0.05818085988152602,
        -20.666571484147426
      ],
      [
        0.31725572522552253,
        -0.9410632827105786,
        0.11725486235383813,
        60.88098603775143
      ],
      [
        0.018121301053825197,
        0.12963538733805643,
        0.991396129101697,
        -2.980302927152181
      ],
      [
        0.0,
        0.0,
        0.0,
        1.0
      ]
    ],
    "location": [
      -20.666571484147426,
      60.88098603775143,
      -2.980302927152181
    ],
    "rotation": [
      0.13002272670061343,
      -0.01812229298390508,
      2.818703396996205
    ]
  },
  {
    "label_id": "hufLc3DxH-_rZyaDcOwmLA",
    "size": [
      0.7899337083836689,
      1.2022532093211242,
      1.7999999999999972
    ],
    "obj_class": "pedestrian",
    "point_num_in_lidar": 67,
    "speed": 1.3317031813961213,
    "if_vehicle": false,
    "motion_state": true,
    "pose": [
      [
        -0.9671613298765313,
        -0.24741452975705783,
        0.05818085988152602,
        -26.08958361617806
      ],
      [
        0.2527392964313158,
        -0.9604031160371076,
        0.11725486235383813,
        64.53425475754557
      ],
      [
        0.02686652249293254,
        0.12810895820085355,
        0.991396129101697,
        -3.1383218581820245
      ],
      [
        0.0,
        0.0,
        0.0,
        1.0
      ]
    ],
    "location": [
      -26.08958361617806,
      64.53425475754557,
      -3.1383218581820245
    ],
    "rotation": [
      0.12850863511201252,
      -0.026869755630784406,
      2.8859878995901282
    ]
  },
  {
    "label_id": "mMzIwRfQRJYWdVOUs5HVzg",
    "size": [
      2.1243051933160295,
      3.177733023965262,
      2.3799999999999955
    ],
    "obj_class": "vehicle",
    "point_num_in_lidar": 1032,
    "speed": 0.007366107203884591,
    "if_vehicle": true,
    "motion_state": false,
    "pose": [
      [
        -0.9441453074966027,
        -0.324352625818864,
        0.05818085988152602,
        -15.776452074941517
      ],
      [
        0.32911695131564384,
        -0.9369809654475797,
        0.11725486235383813,
        59.2262360731911
      ],
      [
        0.01648243576786576,
        0.1298539353016668,
        0.991396129101697,
        -3.108800397514642
      ],
      [
        0.0,
        0.0,
        0.0,
        1.0
      ]
    ],
    "location": [
      -15.776452074941517,
      59.2262360731911,
      -3.108800397514642
    ],
    "rotation": [
      0.13023945933299408,
      -0.016483182158230074,
      2.806177024205473
    ]
  },
  {
    "label_id": "oA6nQ0v4SSVgcaeQHa2tdA",
    "size": [
      2.0510135207184272,
      4.5346861622318535,
      1.6800000000000068
    ],
    "obj_class": "vehicle",
    "point_num_in_lidar": 1712,
    "speed": 1.449228509952941e-12,
    "if_vehicle": true,
    "motion_state": false,
    "pose": [
      [
        0.9414390974063395,
        -0.33212559886010484,
        0.05818085988152602,
        -20.917717494515273
      ],
      [
        0.32394209420930875,
        0.9387826249210569,
        0.11725486235383813,
        30.78569122195404
      ],
      [
        -0.09356252173827086,
        -0.09154108218798203,
        0.991396129101697,
        -2.311848932968175
      ],
      [
        0.0,
        0.0,
        0.0,
        1.0
      ]
    ],
    "location": [
      -20.917717494515273,
      30.78569122195404,
      -2.311848932968175
    ],
    "rotation": [
      -0.0920744464591809,
      0.09369956916416552,
      0.33140231363834194
    ]
  },
  {
    "label_id": "r4B61YwIzaCoN1x0ORqI7A",
    "size": [
      2.081740379064465,
      4.494435252923594,
      1.7600000000000051
    ],
    "obj_class": "vehicle",
    "point_num_in_lidar": 45,
    "speed": 1.7346558842822479e-12,
    "if_vehicle": true,
    "motion_state": false,
    "pose": [
      [
        0.8348852507590355,
        0.5473404841672768,
        0.05818085988152602,
        6.739988403201096
      ],
      [
        -0.550189212402228,
        0.8267666707182859,
        0.11725486235383813,
        39.96073686965428
      ],
      [
        0.016076337307940797,
        -0.12990483663410152,
        0.991396129101697,
        -5.987120149312801
      ],
      [
        0.0,
        0.0,
        0.0,
        1.0
      ]
    ],
    "location": [
      6.739988403201096,
      39.96073686965428,
      -5.987120149312801
    ],
    "rotation": [
      -0.13028993609631198,
      -0.01607702987302574,
      -0.5826759736867679
    ]
  },
  {
    "label_id": "ygi1Q8RYav7ScUuMX9604g",
    "size": [
      2.175686899778469,
      4.9619439547414235,
      1.6899999999999977
    ],
    "obj_class": "vehicle",
    "point_num_in_lidar": 3580,
    "speed": 3.1776437161565096e-13,
    "if_vehicle": true,
    "motion_state": false,
    "pose": [
      [
        -0.2130882231110226,
        -0.9752991319153491,
        0.05818085988152602,
        -8.393851269985134
      ],
      [
        0.9716505186600001,
        -0.20529629037597177,
        0.11725486235383813,
        36.958116506508304
      ],
      [
        -0.10241425076199057,
        0.08151709295007645,
        0.991396129101697,
        -3.250840368886358
      ],
      [
        0.0,
        0.0,
        0.0,
        1.0
      ]
    ],
    "location": [
      -8.393851269985134,
      36.958116506508304,
      -3.250840368886358
    ],
    "rotation": [
      0.08203998707920179,
      0.10259413278435352,
      1.7866840190415785
    ]
  },
  {
    "label_id": "zJ0ufOd6ylfP9pzkJxPojQ",
    "size": [
      2.7982859762618526,
      6.402914888375439,
      2.3699999999999903
    ],
    "obj_class": "vehicle",
    "point_num_in_lidar": 8649,
    "speed": 0.0055183407336448324,
    "if_vehicle": true,
    "motion_state": false,
    "pose": [
      [
        0.32640342855513066,
        0.9434382806367898,
        0.05818085988152602,
        -18.678113457119252
      ],
      [
        -0.9407321700905161,
        0.3182362038033553,
        0.11725486235383813,
        43.887847549462094
      ],
      [
        0.09210746975269671,
        -0.09300499566113289,
        0.991396129101697,
        -2.943427987995946
      ],
      [
        0.0,
        0.0,
        0.0,
        1.0
      ]
    ],
    "location": [
      -18.678113457119252,
      43.887847549462094,
      -2.943427987995946
    ],
    "rotation": [
      -0.09353838261079021,
      -0.09223820615997076,
      -1.2368256742655037
    ]
  }
]