[
  {
    "label_id": "3ShSMlgply580zkFuvnr6w",
    "size": [
      1.8187383579279826,
      4.286298275032211,
      1.6700000000000017
    ],
    "obj_class": "vehicle",
    "point_num_in_lidar": 51,
    "speed": 4.0194366942304643e-13,
    "if_vehicle": true,
    "motion_state": false,
    "pose": [
      [
        -0.9862471721706283,
        -0.16475585523448277,
        0.01311577490631393,
        -46.9919567632096
      ],
      [
        0.16516384717586433,
        -0.9795261940554844,
        0.11510577198926854,
        68.3965857545154
      ],
      [
        -0.006117104830447197,
        0.1156889939671527,
        0.9932666498495565,
        -2.9402513511079746
      ],
      [
        0.0,
        0.0,
        0.0,
        1.0
      ]
    ],
    "location": [
      -46.9919567632096,
      68.3965857545154,
      -2.9402513511079746
    ],
    "rotation": [
      0.11595080237986835,
      0.006117142980384815,
      2.975665382575891
    ]
  },
  {
    "label_id": "9WgYlUnhlVC6T0bvch6KmA",
    "size": [
      1.9983550940203192,
      4.645778126396109,
      1.710000000000008
    ],
    "obj_class": "vehicle",
    "point_num_in_lidar": 2362,
    "speed": 2.8421709430404007e-13,
    "if_vehicle": true,
    "motion_state": false,
    "pose": [
      [
        -0.3260500708578674,
        -0.9452615128852896,
        0.01311577490631393,
        -7.041466951955044
      ],
      [
        0.9395505992131693,
        -0.32248307362236706,
        0.11510577198926854,
        32.21346220191299
      ],
      [
        -0.10457544076767795,
        0.04985317928562285,
        0.9932666498495565,
        -2.608742027071372
      ],
      [
        0.0,
        0.0,
        0.0,
        1.0
      ]
    ],
    "location": [
      -7.041466951955044,
      32.21346220191299,
      -2.608742027071372
    ],
    "rotation": [
      0.05014905102304248,
      0.10476699150216341,
      1.9048207553573564
    ]
  },
  {
    "label_id": "Bx53wsZbSckgNS7Tzxli2g",
    "size": [
      1.7605869152023534,
      3.9891515087397864,
      1.5900000000000034
    ],
    "obj_class": "vehicle",
    "point_num_in_lidar": 98,
    "speed": 1.140107636579527e-27,
    "if_vehicle": true,
    "motion_state": false,
    "pose": [
      [
        0.8106547601535138,
        0.5853775160433271,
        0.01311577490631393,
        11.391765467531513
      ],
      [
        -0.5827600593355665,
        0.8044509770632151,
        0.11510577198926854,
        37.43363642996883
      ],
      [
        0.05682933295100216,
        -0.10095439174688099,
        0.9932666498495565,
        -6.09756682000733
      ],
      [
        0.0,
        0.0,
        0.0,
        1.0
      ]
    ],
    "location": [
      11.391765467531513,
      37.43363642996883,
      -6.09756682000733
    ],
    "rotation": [
      -0.10129092360524944,
      -0.056859966572678854,
      -0.6232822492925086
    ]
  },
  {
    "label_id": "EZpHgIyV7MlzBvfpEqN7Ag",
    "size": [
      2.2431184830117554,
      5.253824053864203,
      1.980000000000004
    ],
    "obj_class": "vehicle",
    "point_num_in_lidar": 81,
    "speed": 5.684341886080801e-13,
    "if_vehicle": true,
    "motion_state": false,
    "pose": [
      [
        -0.8624243160729574,
        -0.5060160822490707,
        0.01311577490631393,
        17.512673100732172
      ],
      [
        0.5039976014365969,
        -0.8560006302573099,
        0.11510577198926854,
        44.998716561438414
      ],
      [
        -0.047018260200146766,
        0.10588033577765925,
        0.9932666498495565,
        -6.577120149312648
      ],
      [
        0.0,
        0.0,
        0.0,
        1.0
      ]
    ],
    "location": [
      17.512673100732172,
      44.998716561438414,
      -6.577120149312648
    ],
    "rotation": [
      0.10619706521308157,
      0.047035601466736236,
      2.6127254586789173
    ]
  },
  {
    "label_id": "HvuvFbv43gxAzu4E8WOQpw",
    "size": [
      1.9496121452464235,
      4.825332542451997,
      1.8000000000000114
    ],
    "obj_class": "vehicle",
    "point_num_in_lidar": 2147,
    "speed": 0.009413329324979468,
    "if_vehicle": true,
    "motion_state": false,
    "pose": [
      [
        0.9384844394425886,
        -0.3450723596185833,
        0.01311577490631393,
        -24.08181614487421
      ],
      [
        0.3413907625772329,
        0.9328467229302412,
        0.11510577198926854,
        42.888802259010845
      ],
      [
        -0.05195482798610117,
        -0.10354737150489728,
        0.9932666498495565,
        -2.838497880501933
      ],
      [
        0.0,
        0.0,
        0.0,
        1.0
      ]
    ],
    "location": [
      -24.08181614487421,
      42.888802259010845,
      -2.838497880501933
    ],
    "rotation": [
      -0.10387410455939651,
      0.05197823007060687,
      0.34888740731032897
    ]
  },
  {
    "label_id": "HxOJ3Swh0Tu9sXsDtdDtTQ",
    "size": [
      2.1221041075994,
      4.310725080197603,
      1.8800000000000097
    ],
    "obj_class": "vehicle",
    "point_num_in_lidar": 1788,
    "speed": 6.355287432313019e-13,
    "if_vehicle": true,
    "motion_state": false,
    "pose": [
      [
        0.9649507539553926,
        -0.26210306921042753,
        0.01311577490631393,
        -21.498960927047847
      ],
      [
        0.25892599133835337,
        0.9590140730271927,
        0.11510577198926854,
        33.195818851145305
      ],
      [
        -0.04274778883603492,
        -0.10767538644587417,
        0.9932666498495565,
        -2.2861600285712456
      ],
      [
        0.0,
        0.0,
        0.0,
        1.0
      ]
    ],
    "location": [
      -21.498960927047847,
      33.195818851145305,
      -2.2861600285712456
    ],
    "rotation": [
      -0.10798363732769507,
      0.0427608189161482,
      0.2621553826446818
    ]
  },
  {
    "label_id": "UPyGS8_eR9iH5UqAxnfQgg",
    "size": [
      0.8743776576517925,
      0.22909135892377785,
      0.9399999999999977
    ],
    "obj_class": "sign",
    "point_num_in_lidar": 356,
    "speed": 0.025074382998430202,
    "if_vehicle": false,
    "motion_state": false,
    "pose": [
      [
        -0.07765002938852726,
        0.9968944023238206,
        0.01311577490631393,
        -7.020576065920977
      ],
      [
        -0.9902350786471462,
        -0.07864572633929104,
        0.11510577198926854,
        43.8173087614432
      ],
      [
        0.11577979941527355,
        -0.004049733818116219,
        0.9932666498495565,
        -1.9273891361654165
      ],
      [
        0.0,
        0.0,
        0.0,
        1.0
      ]
    ],
    "location": [
      -7.020576065920977,
      43.8173087614432,
      -1.9273891361654165
    ],
    "rotation": [
      -0.004077164353365029,
      -0.11604004297618424,
      -1.6490519432937392
    ]
  },
  {
    "label_id": "YO7JWfYXz8R6HtWtipDmvg",
    "size": [
      1.9809742306825906,
      4.441101600158738,
      1.7900000000000063
    ],
    "obj_class": "vehicle",
    "point_num_in_lidar": 174,
    "speed": 0.03097993255997853,
    "if_vehicle": true,
    "motion_state": false,
    "pose": [
      [
        -0.9840654081914187,
        -0.17732244316403672,
        0.01311577490631393,
        -40.00155853219803
      ],
      [
        0.17764467305255918,
        -0.9773397727457958,
        0.11510577198926854,
        66.84690308151403
      ],
      [
        -0.007592268245097777,
        0.11560155604287103,
        0.9932666498495565,
        -3.0205435916074492
      ],
      [
        0.0,
        0.0,
        0.0,
        1.0
      ]
    ],
    "location": [
      -40.00155853219803,
      66.84690308151403,
      -3.0205435916074492
    ],
    "rotation": [
      0.1158639490774307,
      0.007592341186590505,
      2.9629949135762765
    ]
  },
  {
    "label_id": "dI564oePmcx5PEmWFhS0Mw",
    "size": [
      1.8805302587093053,
      4.298510362823608,
      1.5700000000000074
    ],
    "obj_class": "vehicle",
    "point_num_in_lidar": 1698,
    "speed": 5.123796534383003e-13,
    "if_vehicle": true,
    "motion_state": false,
    "pose": [
      [
        -0.9417376198797497,
        0.33609259401514774,
        0.01311577490631393,
        -20.428163377730016
      ],
      [
        -0.3324650141098771,
        -0.936064995418413,
        0.11510577198926854,
        28.357326519757407
      ],
      [
        0.050963415271577085,
        0.10403889945830529,
        0.9932666498495565,
        -2.1618185478350114
      ],
      [
        0.0,
        0.0,
        0.0,
        1.0
      ]
    ],
    "location": [
      -20.428163377730016,
      28.357326519757407,
      -2.1618185478350114
    ],
    "rotation": [
      0.10436361927855207,
      -0.05098550205140597,
      -2.8022178633137607
    ]
  },
  {
    "label_id": "dmfbwp-Xq30QfLMx4vdIRA",
    "size": [
      2.169245419284075,
      6.5089800927740225,
      2.4199999999999875
    ],
    "obj_class": "vehicle",
    "point_num_in_lidar": 900,
    "speed": 0.006326594390148147,
    "if_vehicle": true,
    "motion_state": false,
    "pose": [
      [
        -0.9496940438205655,
        -0.31290445759104885,
        0.01311577490631393,
        -20.663084972982688
      ],
      [
        0.31228503711915206,
        -0.9429892453502555,
        0.11510577198926854,
        60.889822276736595
      ],
      [
        -0.02364907446881223,
        0.11341112632104114,
        0.9932666498495565,
        -2.9252075430833173
      ],
      [
        0.0,
        0.0,
        0.0,
        1.0
      ]
    ],
    "location": [
      -20.663084972982688,
      60.889822276736595,
      -2.9252075430833173
    ],
    "rotation": [
      0.11368759518039971,
      0.023651279427820405,
      2.823903273107364
    ]
  },
  {
    "label_id": "mMzIwRfQRJYWdVOUs5HVzg",
    "size": [
      2.1243051933160286,
      3.177733023965262,
      2.3799999999999955
    ],
    "obj_class": "vehicle",
    "point_num_in_lidar": 644,
    "speed": 0.04705114247125214,
    "if_vehicle": true,
    "motion_state": false,
    "pose": [
      [
        -0.9456659987462277,
        -0.3248750456158588,
        0.01311577490631393,
        -15.73578987685778
      ],
      [
        0.3241709865012375,
        -0.938969559019657,
        0.11510577198926854,
        59.22391306914869
      ],
      [
        -0.02507967954567959,
        0.11310336851979517,
        0.9932666498495565,
        -3.056790976284873
      ],
      [
        0.0,
        0.0,
        0.0,
        1.0
      ]
    ],
    "location": [
      -15.73578987685778,
      59.22391306914869,
      -3.056790976284873
    ],
    "rotation": [
      0.11338172788892092,
      0.025082309436096024,
      2.8113495714374594
    ]
  },
  {
    "label_id": "oA6nQ0v4SSVgcaeQHa2tdA",
    "size": [
      2.0510135207184264,
      4.5346861622318535,
      1.6800000000000068
    ],
    "obj_class": "vehicle",
    "point_num_in_lidar": 2194,
    "speed": 0.003544853442198304,
    "if_vehicle": true,
    "motion_state": false,
    "pose": [
      [
        0.9429554298883353,
        -0.33266053822584934,
        0.01311577490631393,
        -20.917717494516182
      ],
      [
        0.329053642188161,
        0.9372696313321266,
        0.11510577198926854,
        30.785691221957677
      ],
      [
        -0.05058416557392799,
        -0.10422381920572674,
        0.9932666498495565,
        -2.2518905682576076
      ],
      [
        0.0,
        0.0,
        0.0,
        1.0
      ]
    ],
    "location": [
      -20.917717494516182,
      30.785691221957677,
      -2.2518905682576076
    ],
    "rotation": [
      -0.1045477686372157,
      0.050605762555592244,
      0.33574793576797846
    ]
  },
  {
    "label_id": "tbPvNseleXujC_-Ylh5iPw",
    "size": [
      0.5481277263788773,
      0.10949966432885637,
      0.539999999999992
    ],
    "obj_class": "sign",
    "point_num_in_lidar": 21,
    "speed": 0.007527729999143878,
    "if_vehicle": false,
    "motion_state": false,
    "pose": [
      [
        -0.9004029676744224,
        -0.4348591407015608,
        0.01311577490631393,
        14.414500078321907
      ],
      [
        0.4333649704394671,
        -0.893837492864757,
        0.11510577198926854,
        48.897464814617706
      ],
      [
        -0.03833142573780497,
        0.10932549610015825,
        0.9932666498495565,
        -4.055418646852814
      ],
      [
        0.0,
        0.0,
        0.0,
        1.0
      ]
    ],
    "location": [
      14.414500078321907,
      48.897464814617706,
      -4.055418646852814
    ],
    "rotation": [
      0.10962534306085722,
      0.03834081866538732,
      2.6930157257692295
    ]
  },
  {
    "label_id": "ygi1Q8RYav7ScUuMX9604g",
    "size": [
      2.1756868997784697,
      4.9619439547414235,
      1.6899999999999977
    ],
    "obj_class": "vehicle",
    "point_num_in_lidar": 5126,
    "speed": 3.1776437161565096e-13,
    "if_vehicle": true,
    "motion_state": false,
    "pose": [
      [
        -0.21343143447235688,
        -0.9768700011913963,
        0.01311577490631393,
        -8.393851269986044
      ],
      [
        0.9707816084563611,
        -0.2105557644369659,
        0.11510577198926854,
        36.95811650651012
      ],
      [
        -0.10968177360871127,
        0.03729974309142064,
        0.9932666498495565,
        -3.1940269408504776
      ],
      [
        0.0,
        0.0,
        0.0,
        1.0
      ]
    ],
    "location": [
      -8.393851269986044,
      36.95811650651012,
      -3.1940269408504776
    ],
    "rotation": [
      0.03753496060827521,
      0.10990288634362153,
      1.787208561274516
    ]
  },
  {
    "label_id": "zJ0ufOd6ylfP9pzkJxPojQ",
    "size": [
      2.798285976261854,
      6.402914888375439,
      2.3699999999999903
    ],
    "obj_class": "vehicle",
    "point_num_in_lidar": 3730,
    "speed": 0.019176951814866172,
    "if_vehicle": true,
    "motion_state": false,
    "pose": [
      [
        0.32692915148539325,
        0.9449578331109,
        0.01311577490631393,
        -18.662922442672425
      ],
      [
        -0.9392502397013749,
        0.32335684386705715,
        0.11510577198926854,
        43.90845470380191
      ],
      [
        0.10452902529896012,
        -0.04995042709214735,
        0.9932666498495565,
        -2.8840367911872704
      ],
      [
        0.0,
        0.0,
        0.0,
        1.0
      ]
    ],
    "location": [
      -18.662922442672425,
      43.90845470380191,
      -2.8840367911872704
    ],
    "rotation": [
      -0.050246711570229745,
      -0.10472032024680876,
      -1.2358378144995743
    ]
  }
]