[
  {
    "label_id": "3ShSMlgply580zkFuvnr6w",
    "size": [
      1.8187383579279857,
      4.286298275032211,
      1.6700000000000017
    ],
    "obj_class": "vehicle",
    "point_num_in_lidar": 169,
    "speed": 3.7768213166012203e-28,
    "if_vehicle": true,
    "motion_state": false,
    "pose": [
      [
        -0.9819704407089707,
        -0.164041413085031,
        0.09393864150016484,
        -46.9919567632096
      ],
      [
        0.17054173292414007,
        -0.983144292627967,
        0.06590005466071833,
        68.39658575451358
      ],
      [
        0.08154490115918675,
        0.08073236442790847,
        0.9933945411712397,
        -3.0671888253696267
      ],
      [
        0.0,
        0.0,
        0.0,
        1.0
      ]
    ],
    "location": [
      -46.9919567632096,
      68.39658575451358,
      -3.0671888253696267
    ],
    "rotation": [
      0.0810909713787407,
      -0.08163554575883371,
      2.969634864037135
    ]
  },
  {
    "label_id": "Bx53wsZbSckgNS7Tzxli2g",
    "size": [
      1.7605869152023572,
      3.9891515087397864,
      1.5900000000000034
    ],
    "obj_class": "vehicle",
    "point_num_in_lidar": 81,
    "speed": 4.504128629195159e-28,
    "if_vehicle": true,
    "motion_state": false,
    "pose": [
      [
        0.8071394621479828,
        0.5828391032494032,
        0.09393864150016484,
        11.391765467532423
      ],
      [
        -0.589185075175207,
        0.8053062336692172,
        0.06590005466071833,
        37.43363642996337
      ],
      [
        -0.03724024481996086,
        -0.10853778022850631,
        0.9933945411712397,
        -6.119888716107752
      ],
      [
        0.0,
        0.0,
        0.0,
        1.0
      ]
    ],
    "location": [
      11.391765467532423,
      37.43363642996337,
      -6.119888716107752
    ],
    "rotation": [
      -0.10882781035854701,
      0.03724885788058189,
      -0.6305561509832093
    ]
  },
  {
    "label_id": "EZpHgIyV7MlzBvfpEqN7Ag",
    "size": [
      2.243118483011757,
      5.253824053864203,
      1.980000000000004
    ],
    "obj_class": "vehicle",
    "point_num_in_lidar": 673,
    "speed": 3.0403353490000737e-27,
    "if_vehicle": true,
    "motion_state": false,
    "pose": [
      [
        -0.8586845261806016,
        -0.5038218099001862,
        0.09393864150016484,
        17.512673100732172
      ],
      [
        0.5103128144285491,
        -0.8574602114534104,
        0.06590005466071833,
        44.998716561436595
      ],
      [
        0.04734676259269317,
        0.1045254497391583,
        0.9933945411712397,
        -6.577120149312904
      ],
      [
        0.0,
        0.0,
        0.0,
        1.0
      ]
    ],
    "location": [
      17.512673100732172,
      44.998716561436595,
      -6.577120149312904
    ],
    "rotation": [
      0.1048347276417857,
      -0.04736447012669021,
      2.6053777968449228
    ]
  },
  {
    "label_id": "EynPrd5Qbrd5mIOAYffU2Q",
    "size": [
      0.5409852005024005,
      0.11952976895845997,
      0.6299999999999955
    ],
    "obj_class": "sign",
    "point_num_in_lidar": 56,
    "speed": 0.026965791075611284,
    "if_vehicle": false,
    "motion_state": false,
    "pose": [
      [
        0.10864863473758629,
        0.9896317526245619,
        0.09393864150016484,
        -21.863685384599194
      ],
      [
        -0.9925258902156437,
        0.1027109538820389,
        0.06590005466071833,
        45.8864808395665
      ],
      [
        0.05556825911707629,
        -0.10039648474861869,
        0.9933945411712397,
        -1.0221201493127552
      ],
      [
        0.0,
        0.0,
        0.0,
        1.0
      ]
    ],
    "location": [
      -21.863685384599194,
      45.8864808395665,
      -1.0221201493127552
    ],
    "rotation": [
      -0.10072206511294997,
      -0.055596896496701055,
      -1.461763654305027
    ]
  },
  {
    "label_id": "FghnXoTT210X9riqPc07lg",
    "size": [
      0.6886644586918803,
      0.13259156491009055,
      0.6200000000000045
    ],
    "obj_class": "sign",
    "point_num_in_lidar": 25,
    "speed": 0.027029369580617555,
    "if_vehicle": false,
    "motion_state": false,
    "pose": [
      [
        0.9455305326158243,
        0.31168500689693,
        0.09393864150016484,
        -50.67644445336555
      ],
      [
        -0.31828827423984385,
        0.9457006700204544,
        0.06590005466071833,
        72.0245244921789
      ],
      [
        -0.06829777721608311,
        -0.09221008187028376,
        0.9933945411712397,
        -0.8759110334893876
      ],
      [
        0.0,
        0.0,
        0.0,
        1.0
      ]
    ],
    "location": [
      -50.67644445336555,
      72.0245244921789,
      -0.8759110334893876
    ],
    "rotation": [
      -0.0925579986677802,
      0.0683509857936077,
      -0.3247092289723618
    ]
  },
  {
    "label_id": "HvuvFbv43gxAzu4E8WOQpw",
    "size": [
      1.949612145246425,
      4.825332542451997,
      1.8000000000000114
    ],
    "obj_class": "vehicle",
    "point_num_in_lidar": 150,
    "speed": 0.009207073499839543,
    "if_vehicle": true,
    "motion_state": false,
    "pose": [
      [
        0.9344148248047016,
        -0.34357599860627985,
        0.09393864150016484,
        -24.099984859526558
      ],
      [
        0.3385091320789818,
        0.9386526249336592,
        0.06590005466071833,
        42.846478939191
      ],
      [
        -0.11081742951509645,
        -0.029778900027515945,
        0.9933945411712397,
        -2.8742435032285414
      ],
      [
        0.0,
        0.0,
        0.0,
        1.0
      ]
    ],
    "location": [
      -24.099984859526558,
      42.846478939191,
      -2.8742435032285414
    ],
    "rotation": [
      -0.029967936882874933,
      0.11104550781263588,
      0.3475624311248679
    ]
  },
  {
    "label_id": "YO7JWfYXz8R6HtWtipDmvg",
    "size": [
      1.9809742306825968,
      4.441101600158738,
      1.7900000000000063
    ],
    "obj_class": "vehicle",
    "point_num_in_lidar": 270,
    "speed": 0.026313962165613075,
    "if_vehicle": true,
    "motion_state": false,
    "pose": [
      [
        -0.9797981376629982,
        -0.17655350765482988,
        0.09393864150016484,
        -40.03879287526888
      ],
      [
        0.1830682716371756,
        -0.9808889798114216,
        0.06590005466071833,
        66.75405831504031
      ],
      [
        0.08050849242097273,
        0.08176593556784102,
        0.9933945411712397,
        -3.194224707170207
      ],
      [
        0.0,
        0.0,
        0.0,
        1.0
      ]
    ],
    "location": [
      -40.03879287526888,
      66.75405831504031,
      -3.194224707170207
    ],
    "rotation": [
      0.08212450123105206,
      -0.0805957179479382,
      2.9568796155423027
    ]
  },
  {
    "label_id": "_fOTcBhgCn2VywcpqFoyLw",
    "size": [
      1.8761663034828746,
      3.9980212378381017,
      1.5400000000000063
    ],
    "obj_class": "vehicle",
    "point_num_in_lidar": 284,
    "speed": 1.6890448338085836e-28,
    "if_vehicle": true,
    "motion_state": false,
    "pose": [
      [
        -0.9649000469242269,
        -0.24524157697814675,
        0.09393864150016484,
        -33.57098864932959
      ],
      [
        0.2518170687836475,
        -0.9655285322894017,
        0.06590005466071833,
        65.33554134815313
      ],
      [
        0.07453900532497382,
        0.08724231918252563,
        0.9933945411712397,
        -3.4478195247049257
      ],
      [
        0.0,
        0.0,
        0.0,
        1.0
      ]
    ],
    "location": [
      -33.57098864932959,
      65.33554134815313,
      -3.4478195247049257
    ],
    "rotation": [
      0.08759768076355606,
      -0.0746082023789161,
      2.886309337366198
    ]
  },
  {
    "label_id": "dmfbwp-Xq30QfLMx4vdIRA",
    "size": [
      2.1692454192840716,
      6.5089800927740225,
      2.4199999999999875
    ],
    "obj_class": "vehicle",
    "point_num_in_lidar": 2634,
    "speed": 0.006326594284456229,
    "if_vehicle": true,
    "motion_state": false,
    "pose": [
      [
        -0.945575820204048,
        -0.3115475884653027,
        0.09393864150016484,
        -20.67470106313249
      ],
      [
        0.31815083101219943,
        -0.9457469172680191,
        0.06590005466071833,
        60.86038237427783
      ],
      [
        0.06831117750184808,
        0.09220015509473485,
        0.9933945411712397,
        -3.1087701126080702
      ],
      [
        0.0,
        0.0,
        0.0,
        1.0
      ]
    ],
    "location": [
      -20.67470106313249,
      60.86038237427783,
      -3.1087701126080702
    ],
    "rotation": [
      0.0925480912400175,
      -0.06836441744870832,
      2.8170284726161574
    ]
  },
  {
    "label_id": "hufLc3DxH-_rZyaDcOwmLA",
    "size": [
      0.7899337083823361,
      1.2022532093211242,
      1.7999999999999972
    ],
    "obj_class": "pedestrian",
    "point_num_in_lidar": 83,
    "speed": 1.4448775013936992,
    "if_vehicle": false,
    "motion_state": true,
    "pose": [
      [
        -0.9279636659112311,
        -0.3606368899345886,
        0.09393864150016484,
        -30.66046461168844
      ],
      [
        0.36724003209760403,
        -0.9277887376017587,
        0.06590005466071833,
        65.84045225755835
      ],
      [
        0.06338922285010128,
        0.09565088602643654,
        0.9933945411712397,
        -3.211088981359623
      ],
      [
        0.0,
        0.0,
        0.0,
        1.0
      ]
    ],
    "location": [
      -30.66046461168844,
      65.84045225755835,
      -3.211088981359623
    ],
    "rotation": [
      0.09599098556261199,
      -0.06343175148945443,
      2.7647569105380394
    ]
  },
  {
    "label_id": "mMzIwRfQRJYWdVOUs5HVzg",
    "size": [
      2.1243051933160335,
      3.177733023965262,
      2.3799999999999955
    ],
    "obj_class": "vehicle",
    "point_num_in_lidar": 2063,
    "speed": 0.008022490742796947,
    "if_vehicle": true,
    "motion_state": false,
    "pose": [
      [
        -0.9415652422186763,
        -0.32346626760574115,
        0.09393864150016484,
        -15.76292454995928
      ],
      [
        0.330071144507537,
        -0.9416529203263796,
        0.06590005466071833,
        59.201621468992016
      ],
      [
        0.06714115138400618,
        0.09305563584228588,
        0.9933945411712397,
        -3.20358174154228
      ],
      [
        0.0,
        0.0,
        0.0,
        1.0
      ]
    ],
    "location": [
      -15.76292454995928,
      59.201621468992016,
      -3.20358174154228
    ],
    "rotation": [
      0.09340183753480617,
      -0.06719169863881666,
      2.8044227868394924
    ]
  },
  {
    "label_id": "oZw7w9oJaT5y1F6xiENotw",
    "size": [
      1.9099306709861876,
      4.542618356511399,
      1.5600000000000023
    ],
    "obj_class": "vehicle",
    "point_num_in_lidar": 58,
    "speed": 4.504128629195159e-28,
    "if_vehicle": true,
    "motion_state": false,
    "pose": [
      [
        -0.9758016465726841,
        -0.1974504448694459,
        0.09393864150016484,
        -62.99720586532294
      ],
      [
        0.20398703140288363,
        -0.9767530260076768,
        0.06590005466071833,
        71.7452483096422
      ],
      [
        0.07874285723465671,
        0.08346764646079717,
        0.9933945411712397,
        -2.3427331183758753
      ],
      [
        0.0,
        0.0,
        0.0,
        1.0
      ]
    ],
    "location": [
      -62.99720586532294,
      71.7452483096422,
      -2.3427331183758753
    ],
    "rotation": [
      0.08382576010436663,
      -0.07882445848555254,
      2.9355147324226754
    ]
  },
  {
    "label_id": "r4B61YwIzaCoN1x0ORqI7A",
    "size": [
      2.0817403790644664,
      4.494435252923594,
      1.7600000000000051
    ],
    "obj_class": "vehicle",
    "point_num_in_lidar": 237,
    "speed": 1.925880939002873e-27,
    "if_vehicle": true,
    "motion_state": false,
    "pose": [
      [
        0.8326037603682734,
        0.5458447671762681,
        0.09393864150016484,
        6.739988403201096
      ],
      [
        -0.5522669592265239,
        0.8310585951317772,
        0.06590005466071833,
        39.96073686965428
      ],
      [
        -0.04209731544053154,
        -0.10674784121415543,
        0.9933945411712397,
        -5.987120149312716
      ],
      [
        0.0,
        0.0,
        0.0,
        1.0
      ]
    ],
    "location": [
      6.739988403201096,
      39.96073686965428,
      -5.987120149312716
    ],
    "rotation": [
      -0.10704688074364783,
      0.04210975939817841,
      -0.5856689494054532
    ]
  },
  {
    "label_id": "tbPvNseleXujC_-Ylh5iPw",
    "size": [
      0.5481277263788772,
      0.10949966432885637,
      0.539999999999992
    ],
    "obj_class": "sign",
    "point_num_in_lidar": 21,
    "speed": 0.006587933217126044,
    "if_vehicle": false,
    "motion_state": false,
    "pose": [
      [
        -0.8964984883423782,
        -0.4329734310935653,
        0.09393864150016484,
        14.4267970416131
      ],
      [
        0.4395419964894832,
        -0.895801326253625,
        0.06590005466071833,
        48.90104450894614
      ],
      [
        0.05561738686660678,
        0.10036927741750636,
        0.9933945411712397,
        -4.135418646853211
      ],
      [
        0.0,
        0.0,
        0.0,
        1.0
      ]
    ],
    "location": [
      14.4267970416131,
      48.90104450894614,
      -4.135418646853211
    ],
    "rotation": [
      0.10069495370925019,
      -0.05564610033883586,
      2.685745196071913
    ]
  },
  {
    "label_id": "zJ0ufOd6ylfP9pzkJxPojQ",
    "size": [
      2.7982859762618535,
      6.402914888375439,
      2.3699999999999903
    ],
    "obj_class": "vehicle",
    "point_num_in_lidar": 10074,
    "speed": 0.01598968068172503,
    "if_vehicle": true,
    "motion_state": false,
    "pose": [
      [
        0.3255114661146829,
        0.9408601474507108,
        0.09393864150016484,
        -18.680055447327504
      ],
      [
        -0.9449995519213842,
        0.3203639019366842,
        0.06590005466071833,
        43.94379400021353
      ],
      [
        0.03190818541146919,
        -0.11022319753540749,
        0.9933945411712397,
        -2.9903792094576573
      ],
      [
        0.0,
        0.0,
        0.0,
        1.0
      ]
    ],
    "location": [
      -18.680055447327504,
      43.94379400021353,
      -2.9903792094576573
    ],
    "rotation": [
      -0.11050411124856546,
      -0.03191360235267333,
      -1.2390683324358331
    ]
  }
]