[
  {
    "label_id": "EZpHgIyV7MlzBvfpEqN7Ag",
    "size": [
      2.2431184830117585,
      5.253824053864203,
      1.980000000000004
    ],
    "obj_class": "vehicle",
    "point_num_in_lidar": 526,
    "speed": 5.684341886080801e-13,
    "if_vehicle": true,
    "motion_state": false,
    "pose": [
      [
        -0.8606956061050597,
        -0.5050017844967957,
        0.06462407667809295,
        17.512673100731263
      ],
      [
        0.5091108432063228,
        -0.852961348340371,
        0.11516547906001699,
        44.998716561434776
      ],
      [
        -0.0030369328591392324,
        0.13202323997095486,
        0.9912419690198659,
        -6.577120149312904
      ],
      [
        0.0,
        0.0,
        0.0,
        1.0
      ]
    ],
    "location": [
      17.512673100731263,
      44.998716561434776,
      -6.577120149312904
    ],
    "rotation": [
      0.13241042450720664,
      0.0030369375274109235,
      2.6074385128056274
    ]
  },
  {
    "label_id": "HvuvFbv43gxAzu4E8WOQpw",
    "size": [
      1.9496121452464248,
      4.825332542451997,
      1.8000000000000114
    ],
    "obj_class": "vehicle",
    "point_num_in_lidar": 1389,
    "speed": 0.009207073424755399,
    "if_vehicle": true,
    "motion_state": false,
    "pose": [
      [
        0.9366032686836653,
        -0.3443806699055248,
        0.06462407667809295,
        -24.087996369377834
      ],
      [
        0.3357963148993728,
        0.9348677699722447,
        0.11516547906001699,
        42.874405664466394
      ],
      [
        -0.10007573127924345,
        -0.086163837324854,
        0.9912419690198659,
        -2.8461617979120177
      ],
      [
        0.0,
        0.0,
        0.0,
        1.0
      ]
    ],
    "location": [
      -24.087996369377834,
      42.874405664466394,
      -2.8461617979120177
    ],
    "rotation": [
      -0.0867071827444748,
      0.10024353425219029,
      0.34424978939920536
    ]
  },
  {
    "label_id": "HxOJ3Swh0Tu9sXsDtdDtTQ",
    "size": [
      2.1221041075993994,
      4.310725080197603,
      1.8800000000000097
    ],
    "obj_class": "vehicle",
    "point_num_in_lidar": 1485,
    "speed": 6.355287432313019e-13,
    "if_vehicle": true,
    "motion_state": false,
    "pose": [
      [
        0.9630165320697099,
        -0.2615776895569142,
        0.06462407667809295,
        -21.498960927047847
      ],
      [
        0.25317690481903504,
        0.9605406640528708,
        0.11516547906001699,
        33.195818851143486
      ],
      [
        -0.09219877345541347,
        -0.09454493654837678,
        0.9912419690198659,
        -2.3547763998348756
      ],
      [
        0.0,
        0.0,
        0.0,
        1.0
      ]
    ],
    "location": [
      -21.498960927047847,
      33.195818851143486,
      -2.3547763998348756
    ],
    "rotation": [
      -0.09509261114306666,
      0.09232990003409866,
      0.25708237055785205
    ]
  },
  {
    "label_id": "UPyGS8_eR9iH5UqAxnfQgg",
    "size": [
      0.8743776576517934,
      0.22909135892377785,
      0.9399999999999977
    ],
    "obj_class": "sign",
    "point_num_in_lidar": 69,
    "speed": 0.02093367459529968,
    "if_vehicle": false,
    "motion_state": false,
    "pose": [
      [
        -0.07749438166696726,
        0.9948961501199804,
        0.06462407667809295,
        -7.028967475731406
      ],
      [
        -0.9897394903811558,
        -0.08457336231300491,
        0.11516547906001699,
        43.76772353143497
      ],
      [
        0.12004316719457386,
        -0.05503632312859238,
        0.9912419690198659,
        -1.9993893462453372
      ],
      [
        0.0,
        0.0,
        0.0,
        1.0
      ]
    ],
    "location": [
      -7.028967475731406,
      43.76772353143497,
      -1.9993893462453372
    ],
    "rotation": [
      -0.05546564276426154,
      -0.12033336390491615,
      -1.6489346668468854
    ]
  },
  {
    "label_id": "YO7JWfYXz8R6HtWtipDmvg",
    "size": [
      1.9809742306825906,
      4.441101600158738,
      1.7900000000000063
    ],
    "obj_class": "vehicle",
    "point_num_in_lidar": 357,
    "speed": 0.037914581822013585,
    "if_vehicle": true,
    "motion_state": false,
    "pose": [
      [
        -0.9820928714151484,
        -0.1769670043512435,
        0.06462407667809295,
        -40.02319642447219
      ],
      [
        0.18349262644377626,
        -0.9762516931988603,
        0.11516547906001699,
        66.78612304876879
      ],
      [
        0.04270887444447417,
        0.12496123757912048,
        0.9912419690198659,
        -3.0921417576571457
      ],
      [
        0.0,
        0.0,
        0.0,
        1.0
      ]
    ],
    "location": [
      -40.02319642447219,
      66.78612304876879,
      -3.0921417576571457
    ],
    "rotation": [
      0.1254037886562792,
      -0.04272186895266632,
      2.9568839444238684
    ]
  },
  {
    "label_id": "_fOTcBhgCn2VywcpqFoyLw",
    "size": [
      1.876166303482872,
      3.9980212378381017,
      1.5400000000000063
    ],
    "obj_class": "vehicle",
    "point_num_in_lidar": 345,
    "speed": 3.1776437161565096e-13,
    "if_vehicle": true,
    "motion_state": false,
    "pose": [
      [
        -0.9671598886406131,
        -0.24581594439372934,
        0.06462407667809295,
        -33.5709886493305
      ],
      [
        0.25191319000338286,
        -0.9608728621077798,
        0.11516547906001699,
        65.33554134815495
      ],
      [
        0.03378601052205747,
        0.1276630892099305,
        0.9912419690198659,
        -3.355308842979383
      ],
      [
        0.0,
        0.0,
        0.0,
        1.0
      ]
    ],
    "location": [
      -33.5709886493305,
      65.33554134815495,
      -3.355308842979383
    ],
    "rotation": [
      0.12808595779763687,
      -0.03379244158363583,
      2.886787258351704
    ]
  },
  {
    "label_id": "dmfbwp-Xq30QfLMx4vdIRA",
    "size": [
      2.1692454192840724,
      6.5089800927740225,
      2.4199999999999875
    ],
    "obj_class": "vehicle",
    "point_num_in_lidar": 1840,
    "speed": 0.0063265942318066195,
    "if_vehicle": true,
    "motion_state": false,
    "pose": [
      [
        -0.9477904036640804,
        -0.31227724770751986,
        0.06462407667809295,
        -20.667036273134727
      ],
      [
        0.3179239453153667,
        -0.9410957854692521,
        0.11516547906001699,
        60.87980807319764
      ],
      [
        0.024853887369814955,
        0.12969827730632277,
        0.9912419690198659,
        -2.987647727312904
      ],
      [
        0.0,
        0.0,
        0.0,
        1.0
      ]
    ],
    "location": [
      -20.667036273134727,
      60.87980807319764,
      -2.987647727312904
    ],
    "rotation": [
      0.13010509914075807,
      -0.02485644685415507,
      2.817950018622217
    ]
  },
  {
    "label_id": "hufLc3DxH-_rZyaDcOwmLA",
    "size": [
      0.7899337083821415,
      1.2022532093211242,
      1.7999999999999972
    ],
    "obj_class": "pedestrian",
    "point_num_in_lidar": 103,
    "speed": 1.3320970753484256,
    "if_vehicle": false,
    "motion_state": true,
    "pose": [
      [
        -0.9683920959203427,
        -0.24091591328202,
        0.06462407667809295,
        -26.40269738229199
      ],
      [
        0.24704491292696348,
        -0.9621360212723489,
        0.11516547906001699,
        64.61545845446562
      ],
      [
        0.03443195544715422,
        0.12749038904052507,
        0.9912419690198659,
        -3.1127911090190423
      ],
      [
        0.0,
        0.0,
        0.0,
        1.0
      ]
    ],
    "location": [
      -26.40269738229199,
      64.61545845446562,
      -3.1127911090190423
    ],
    "rotation": [
      0.12791457072729648,
      -0.03443876260171065,
      2.8918119374032285
    ]
  },
  {
    "label_id": "mMzIwRfQRJYWdVOUs5HVzg",
    "size": [
      2.124305193316033,
      3.177733023965262,
      2.3799999999999955
    ],
    "obj_class": "vehicle",
    "point_num_in_lidar": 1172,
    "speed": 0.008022490743417016,
    "if_vehicle": true,
    "motion_state": false,
    "pose": [
      [
        -0.9437704327146734,
        -0.324223840960319,
        0.06462407667809295,
        -15.775678671468086
      ],
      [
        0.32978552864015764,
        -0.9370050253506693,
        0.11516547906001699,
        59.22482879281779
      ],
      [
        0.023213690639146207,
        0.13000185929643185,
        0.9912419690198659,
        -3.114219291284485
      ],
      [
        0.0,
        0.0,
        0.0,
        1.0
      ]
    ],
    "location": [
      -15.775678671468086,
      59.22482879281779,
      -3.114219291284485
    ],
    "rotation": [
      0.13040619647843188,
      -0.023215776026145645,
      2.8054221063902114
    ]
  },
  {
    "label_id": "oA6nQ0v4SSVgcaeQHa2tdA",
    "size": [
      2.0510135207184272,
      4.5346861622318535,
      1.6800000000000068
    ],
    "obj_class": "vehicle",
    "point_num_in_lidar": 1647,
    "speed": 1.449228509952941e-12,
    "if_vehicle": true,
    "motion_state": false,
    "pose": [
      [
        0.9410652971305369,
        -0.3319937277270737,
        0.06462407667809295,
        -20.917717494515273
      ],
      [
        0.32343301697765,
        0.9392166927613733,
        0.11516547906001699,
        30.78569122195222
      ],
      [
        -0.09893022826896515,
        -0.08747667568140491,
        0.9912419690198659,
        -2.3198420201242556
      ],
      [
        0.0,
        0.0,
        0.0,
        1.0
      ]
    ],
    "location": [
      -20.917717494515273,
      30.78569122195222,
      -2.3198420201242556
    ],
    "rotation": [
      -0.08802153725412579,
      0.0990923179945479,
      0.3310407864542585
    ]
  },
  {
    "label_id": "r4B61YwIzaCoN1x0ORqI7A",
    "size": [
      2.0817403790644664,
      4.494435252923594,
      1.7600000000000051
    ],
    "obj_class": "vehicle",
    "point_num_in_lidar": 25,
    "speed": 1.7346558842822479e-12,
    "if_vehicle": true,
    "motion_state": false,
    "pose": [
      [
        0.8345537579010723,
        0.5471231615337651,
        0.06462407667809295,
        6.739988403200186
      ],
      [
        -0.550843045183657,
        0.8266249766403578,
        0.11516547906001699,
        39.96073686965428
      ],
      [
        0.009589825128433822,
        -0.1317095065195573,
        0.9912419690198659,
        -5.987120149312602
      ],
      [
        0.0,
        0.0,
        0.0,
        1.0
      ]
    ],
    "location": [
      6.739988403200186,
      39.96073686965428,
      -5.987120149312602
    ],
    "rotation": [
      -0.132099423003052,
      -0.00958997212215579,
      -0.5834043605120457
    ]
  },
  {
    "label_id": "tbPvNseleXujC_-Ylh5iPw",
    "size": [
      0.548127726378878,
      0.10949966432885637,
      0.539999999999992
    ],
    "obj_class": "sign",
    "point_num_in_lidar": 22,
    "speed": 0.008613520604188515,
    "if_vehicle": false,
    "motion_state": false,
    "pose": [
      [
        -0.8985981303613408,
        -0.4339874754236658,
        0.06462407667809295,
        14.42784779451631
      ],
      [
        0.43870654030833695,
        -0.8912202219000455,
        0.11516547906001699,
        48.886157250542965
      ],
      [
        0.007613908443921744,
        0.13183848926556624,
        0.9912419690198659,
        -4.109823010076042
      ],
      [
        0.0,
        0.0,
        0.0,
        1.0
      ]
    ],
    "location": [
      14.42784779451631,
      48.886157250542965,
      -4.109823010076042
    ],
    "rotation": [
      0.13222728570017525,
      -0.0076139820109189845,
      2.6874197032413023
    ]
  },
  {
    "label_id": "ygi1Q8RYav7ScUuMX9604g",
    "size": [
      2.175686899778469,
      4.9619439547414235,
      1.6899999999999977
    ],
    "obj_class": "vehicle",
    "point_num_in_lidar": 4157,
    "speed": 3.1776437161565096e-13,
    "if_vehicle": true,
    "motion_state": false,
    "pose": [
      [
        -0.21300361600601894,
        -0.9749118874451498,
        0.06462407667809295,
        -8.393851269986044
      ],
      [
        0.9720182623687059,
        -0.20473741732912004,
        0.11516547906001699,
        36.958116506508304
      ],
      [
        -0.09904522800257426,
        0.087346446198671,
        0.9912419690198659,
        -3.2576163857219456
      ],
      [
        0.0,
        0.0,
        0.0,
        1.0
      ]
    ],
    "location": [
      -8.393851269986044,
      36.958116506508304,
      -3.2576163857219456
    ],
    "rotation": [
      0.08789117092074582,
      0.09920788531932032,
      1.786521802250739
    ]
  },
  {
    "label_id": "zJ0ufOd6ylfP9pzkJxPojQ",
    "size": [
      2.798285976261854,
      6.402914888375439,
      2.3699999999999903
    ],
    "obj_class": "vehicle",
    "point_num_in_lidar": 9292,
    "speed": 0.008126230513125074,
    "if_vehicle": true,
    "motion_state": false,
    "pose": [
      [
        0.32627382942125854,
        0.943063686581289,
        0.06462407667809295,
        -18.67822448570587
      ],
      [
        -0.9411631390129247,
        0.3177245004657571,
        0.11516547906001699,
        43.891046152270064
      ],
      [
        0.08807572876863197,
        -0.0983972807322114,
        0.9912419690198659,
        -2.9461123103597657
      ],
      [
        0.0,
        0.0,
        0.0,
        1.0
      ]
    ],
    "location": [
      -18.67822448570587,
      43.891046152270064,
      -2.9461123103597657
    ],
    "rotation": [
      -0.09894252190249311,
      -0.0881900002596087,
      -1.237090411912446
    ]
  }
]