[
  {
    "label_id": "3ShSMlgply580zkFuvnr6w",
    "size": [
      1.8187383579279863,
      4.286298275032211,
      1.6700000000000017
    ],
    "obj_class": "vehicle",
    "point_num_in_lidar": 151,
    "speed": 5.665231974901832e-28,
    "if_vehicle": true,
    "motion_state": false,
    "pose": [
      [
        -0.9821026208871848,
        -0.16406349422140432,
        0.09250736138484321,
        -46.99195676320869
      ],
      [
        0.17001178732740418,
        -0.9835814388050285,
        0.06052722864935618,
        68.39658575451176
      ],
      [
        0.08105821498320956,
        0.07517129174154989,
        0.9938706367941667,
        -3.075371916749546
      ],
      [
        0.0,
        0.0,
        0.0,
        1.0
      ]
    ],
    "location": [
      -46.99195676320869,
      68.39658575451176,
      -3.075371916749546
    ],
    "rotation": [
      0.07549115190524552,
      -0.08114724307571365,
      2.970181409881858
    ]
  },
  {
    "label_id": "Bx53wsZbSckgNS7Tzxli2g",
    "size": [
      1.7605869152023566,
      3.9891515087397864,
      1.5900000000000034
    ],
    "obj_class": "vehicle",
    "point_num_in_lidar": 85,
    "speed": 6.756194286128153e-28,
    "if_vehicle": true,
    "motion_state": false,
    "pose": [
      [
        0.8072481088378703,
        0.5829175575218983,
        0.09250736138484321,
        11.391765467531513
      ],
      [
        -0.5889042128845093,
        0.8059331750454903,
        0.06052722864935618,
        37.43363642996519
      ],
      [
        -0.0392723671881151,
        -0.1033384657027541,
        0.9938706367941667,
        -6.120781339391158
      ],
      [
        0.0,
        0.0,
        0.0,
        1.0
      ]
    ],
    "location": [
      11.391765467531513,
      37.43363642996519,
      -6.120781339391158
    ],
    "rotation": [
      -0.10360349016183361,
      0.03928246928618194,
      -0.6302650165429202
    ]
  },
  {
    "label_id": "EZpHgIyV7MlzBvfpEqN7Ag",
    "size": [
      2.2431184830117594,
      5.253824053864203,
      1.980000000000004
    ],
    "obj_class": "vehicle",
    "point_num_in_lidar": 631,
    "speed": 4.5605051712665364e-27,
    "if_vehicle": true,
    "motion_state": false,
    "pose": [
      [
        -0.8588001112012846,
        -0.5038896278851898,
        0.09250736138484321,
        17.512673100730353
      ],
      [
        0.5099738695904937,
        -0.8580577526757313,
        0.06052722864935618,
        44.998716561436595
      ],
      [
        0.048877615894794404,
        0.09915712774580739,
        0.9938706367941667,
        -6.577120149312918
      ],
      [
        0.0,
        0.0,
        0.0,
        1.0
      ]
    ],
    "location": [
      17.512673100730353,
      44.998716561436595,
      -6.577120149312918
    ],
    "rotation": [
      0.09943958389535347,
      -0.048897098458187904,
      2.6057286403900743
    ]
  },
  {
    "label_id": "EynPrd5Qbrd5mIOAYffU2Q",
    "size": [
      0.5409852005096721,
      0.11952976895845997,
      0.6299999999999955
    ],
    "obj_class": "sign",
    "point_num_in_lidar": 55,
    "speed": 0.03200912951394926,
    "if_vehicle": false,
    "motion_state": false,
    "pose": [
      [
        0.11946172845496392,
        0.9885197436187941,
        0.09250736138484321,
        -21.86675604724678
      ],
      [
        -0.9916154994910136,
        0.1141716066332437,
        0.06052722864935618,
        45.88328792257562
      ],
      [
        0.04927064647170808,
        -0.0989624207192679,
        0.9938706367941667,
        -1.0221201493125704
      ],
      [
        0.0,
        0.0,
        0.0,
        1.0
      ]
    ],
    "location": [
      -21.86675604724678,
      45.88328792257562,
      -1.0221201493125704
    ],
    "rotation": [
      -0.09924560313203637,
      -0.049290603156127766,
      -1.4509023000652865
    ]
  },
  {
    "label_id": "FghnXoTT210X9riqPc07lg",
    "size": [
      0.6886644586918875,
      0.13259156491009055,
      0.6200000000000045
    ],
    "obj_class": "sign",
    "point_num_in_lidar": 26,
    "speed": 0.04039846664331901,
    "if_vehicle": false,
    "motion_state": false,
    "pose": [
      [
        0.9456578077242587,
        0.3117269619069916,
        0.09250736138484321,
        -50.68052231930233
      ],
      [
        -0.3178310898956578,
        0.9462134288244733,
        0.06052722864935618,
        72.02594469638461
      ],
      [
        -0.06866373850794355,
        -0.08663976184449132,
        0.9938706367941667,
        -0.888222824230283
      ],
      [
        0.0,
        0.0,
        0.0,
        1.0
      ]
    ],
    "location": [
      -50.68052231930233,
      72.02594469638461,
      -0.888222824230283
    ],
    "rotation": [
      -0.08695426360998126,
      0.06871780822618123,
      -0.3242342093486766
    ]
  },
  {
    "label_id": "HvuvFbv43gxAzu4E8WOQpw",
    "size": [
      1.949612145246425,
      4.825332542451997,
      1.8000000000000114
    ],
    "obj_class": "vehicle",
    "point_num_in_lidar": 76,
    "speed": 0.009207073499964424,
    "if_vehicle": true,
    "motion_state": false,
    "pose": [
      [
        0.9345406036601012,
        -0.34362224636980043,
        0.09250736138484321,
        -24.1007114025424
      ],
      [
        0.3391859898509362,
        0.9387701097078396,
        0.06052722864935618,
        42.844786485264194
      ],
      [
        -0.10764164807106234,
        -0.025187951860025985,
        0.9938706367941667,
        -2.8759453494691343
      ],
      [
        0.0,
        0.0,
        0.0,
        1.0
      ]
    ],
    "location": [
      -24.1007114025424,
      42.844786485264194,
      -2.8759453494691343
    ],
    "rotation": [
      -0.025337866330487863,
      0.10785060845838047,
      0.3481594443667953
    ]
  },
  {
    "label_id": "YO7JWfYXz8R6HtWtipDmvg",
    "size": [
      1.980974230682594,
      4.441101600158738,
      1.7900000000000063
    ],
    "obj_class": "vehicle",
    "point_num_in_lidar": 272,
    "speed": 0.026313962165909928,
    "if_vehicle": true,
    "motion_state": false,
    "pose": [
      [
        -0.9799300254338321,
        -0.17657727300777754,
        0.09250736138484321,
        -40.03756779326068
      ],
      [
        0.18254394513408326,
        -0.9813328501007766,
        0.06052722864935618,
        66.75917769576336
      ],
      [
        0.08009277962546918,
        0.0761991074109366,
        0.9938706367941667,
        -3.1973830609464784
      ],
      [
        0.0,
        0.0,
        0.0,
        1.0
      ]
    ],
    "location": [
      -40.03756779326068,
      66.75917769576336,
      -3.1973830609464784
    ],
    "rotation": [
      0.07651934358451795,
      -0.08017865833445956,
      2.9574209850443545
    ]
  },
  {
    "label_id": "_fOTcBhgCn2VywcpqFoyLw",
    "size": [
      1.8761663034828733,
      3.9980212378381017,
      1.5400000000000063
    ],
    "obj_class": "vehicle",
    "point_num_in_lidar": 284,
    "speed": 2.533567754087642e-28,
    "if_vehicle": true,
    "motion_state": false,
    "pose": [
      [
        -0.9650299293064999,
        -0.2452745882318547,
        0.09250736138484321,
        -33.5709886493305
      ],
      [
        0.2513253654334229,
        -0.9660082894477587,
        0.06052722864935618,
        65.33554134815495
      ],
      [
        0.0745170868489119,
        0.08166003358993398,
        0.9938706367941667,
        -3.453425984644852
      ],
      [
        0.0,
        0.0,
        0.0,
        1.0
      ]
    ],
    "location": [
      -33.5709886493305,
      65.33554134815495,
      -3.453425984644852
    ],
    "rotation": [
      0.08197949784869771,
      -0.0745862227757743,
      2.8868193212443143
    ]
  },
  {
    "label_id": "dmfbwp-Xq30QfLMx4vdIRA",
    "size": [
      2.1692454192840733,
      6.5089800927740225,
      2.4199999999999875
    ],
    "obj_class": "vehicle",
    "point_num_in_lidar": 2585,
    "speed": 0.006326594284501979,
    "if_vehicle": true,
    "motion_state": false,
    "pose": [
      [
        -0.9457031014084999,
        -0.31158952497790854,
        0.09250736138484321,
        -20.67516557530962
      ],
      [
        0.3176935721529991,
        -0.946259609623435,
        0.06052722864935618,
        60.859205111275514
      ],
      [
        0.06867632924823362,
        0.0866297819421568,
        0.9938706367941667,
        -3.1161105384736345
      ],
      [
        0.0,
        0.0,
        0.0,
        1.0
      ]
    ],
    "location": [
      -20.67516557530962,
      60.859205111275514,
      -3.1161105384736345
    ],
    "rotation": [
      0.08694429788397838,
      -0.06873042875815752,
      2.817503569056444
    ]
  },
  {
    "label_id": "hufLc3DxH-_rZyaDcOwmLA",
    "size": [
      0.7899337083816902,
      1.2022532093211242,
      1.7999999999999972
    ],
    "obj_class": "pedestrian",
    "point_num_in_lidar": 82,
    "speed": 1.4564182822277714,
    "if_vehicle": false,
    "motion_state": true,
    "pose": [
      [
        -0.9264906638099666,
        -0.364770390742699,
        0.09250736138484321,
        -30.921765332257564
      ],
      [
        0.3708961858427992,
        -0.9266997755040691,
        0.06052722864935618,
        65.94094648707687
      ],
      [
        0.06364801018280966,
        0.09038853974993943,
        0.9938706367941667,
        -3.2110889813595804
      ],
      [
        0.0,
        0.0,
        0.0,
        1.0
      ]
    ],
    "location": [
      -30.921765332257564,
      65.94094648707687,
      -3.2110889813595804
    ],
    "rotation": [
      0.09069647449237363,
      -0.06369106246152317,
      2.7608072416804657
    ]
  },
  {
    "label_id": "mMzIwRfQRJYWdVOUs5HVzg",
    "size": [
      2.1243051933160335,
      3.177733023965262,
      2.3799999999999955
    ],
    "obj_class": "vehicle",
    "point_num_in_lidar": 2022,
    "speed": 0.00802249074292799,
    "if_vehicle": true,
    "motion_state": false,
    "pose": [
      [
        -0.9416919835709174,
        -0.32350980845700034,
        0.09250736138484321,
        -15.762151607095802
      ],
      [
        0.32962039792338543,
        -0.9421713474017651,
        0.06052722864935618,
        59.200215026741716
      ],
      [
        0.06757663317375347,
        0.08749031927737713,
        0.9938706367941667,
        -3.2089974080162307
      ],
      [
        0.0,
        0.0,
        0.0,
        1.0
      ]
    ],
    "location": [
      -15.762151607095802,
      59.200215026741716,
      -3.2089974080162307
    ],
    "rotation": [
      0.08780354901208633,
      -0.06762817174513211,
      2.804891152939031
    ]
  },
  {
    "label_id": "oZw7w9oJaT5y1F6xiENotw",
    "size": [
      1.909930670986195,
      4.542618356511399,
      1.5600000000000023
    ],
    "obj_class": "vehicle",
    "point_num_in_lidar": 69,
    "speed": 6.756194286128153e-28,
    "if_vehicle": true,
    "motion_state": false,
    "pose": [
      [
        -0.9759329963875045,
        -0.19747702309818527,
        0.09250736138484321,
        -62.99720586532385
      ],
      [
        0.20347230966499927,
        -0.9772079992466389,
        0.06052722864935618,
        71.7452483096422
      ],
      [
        0.07844619660441038,
        0.07789320610078661,
        0.9938706367941667,
        -2.352488477209917
      ],
      [
        0.0,
        0.0,
        0.0,
        1.0
      ]
    ],
    "location": [
      -62.99720586532385,
      71.7452483096422,
      -2.352488477209917
    ],
    "rotation": [
      0.07821370728823657,
      -0.07852687733624804,
      2.9360470808067
    ]
  },
  {
    "label_id": "r4B61YwIzaCoN1x0ORqI7A",
    "size": [
      2.081740379064465,
      4.494435252923594,
      1.7600000000000051
    ],
    "obj_class": "vehicle",
    "point_num_in_lidar": 252,
    "speed": 2.8888226888640572e-27,
    "if_vehicle": true,
    "motion_state": false,
    "pose": [
      [
        0.8327158347331066,
        0.5459182417490366,
        0.09250736138484321,
        6.739988403200186
      ],
      [
        -0.551958108183594,
        0.83167223195344,
        0.06052722864935618,
        39.960736869652465
      ],
      [
        -0.04389288547285758,
        -0.10146216991186437,
        0.9938706367941667,
        -5.987120149312645
      ],
      [
        0.0,
        0.0,
        0.0,
        1.0
      ]
    ],
    "location": [
      6.739988403200186,
      39.960736869652465,
      -5.987120149312645
    ],
    "rotation": [
      -0.10173545373050587,
      0.04390699160446676,
      -0.585349312759539
    ]
  },
  {
    "label_id": "tbPvNseleXujC_-Ylh5iPw",
    "size": [
      0.5481277263788759,
      0.10949966432885637,
      0.539999999999992
    ],
    "obj_class": "sign",
    "point_num_in_lidar": 35,
    "speed": 0.006587933217183664,
    "if_vehicle": false,
    "motion_state": false,
    "pose": [
      [
        -0.8966191633902609,
        -0.4330317123848583,
        0.09250736138484321,
        14.425810441585782
      ],
      [
        0.4391559930612042,
        -0.896369604767172,
        0.06052722864935618,
        48.900170780794724
      ],
      [
        0.056710577494645295,
        0.0948950352683493,
        0.9938706367941667,
        -4.1354186468530685
      ],
      [
        0.0,
        0.0,
        0.0,
        1.0
      ]
    ],
    "location": [
      14.425810441585782,
      48.900170780794724,
      -4.1354186468530685
    ],
    "rotation": [
      0.0951916972892573,
      -0.056741019288261,
      2.6861455523252857
    ]
  },
  {
    "label_id": "zJ0ufOd6ylfP9pzkJxPojQ",
    "size": [
      2.7982859762618526,
      6.402914888375439,
      2.3699999999999903
    ],
    "obj_class": "vehicle",
    "point_num_in_lidar": 10141,
    "speed": 0.015989680681617175,
    "if_vehicle": true,
    "motion_state": false,
    "pose": [
      [
        0.3255552822641496,
        0.9409867938922011,
        0.09250736138484321,
        -18.680166409790218
      ],
      [
        -0.9451300540317796,
        0.321038370849831,
        0.06052722864935618,
        43.946990698052105
      ],
      [
        0.027256910239331227,
        -0.10713644647160211,
        0.9938706367941667,
        -2.993061933136957
      ],
      [
        0.0,
        0.0,
        0.0,
        1.0
      ]
    ],
    "location": [
      -18.680166409790218,
      43.946990698052105,
      -2.993061933136957
    ],
    "rotation": [
      -0.10738251904172352,
      -0.02726028640582903,
      -1.2390694070737733
    ]
  }
]