[
  {
    "label_id": "3ShSMlgply580zkFuvnr6w",
    "size": [
      1.8187383579279846,
      4.286298275032211,
      1.6700000000000017
    ],
    "obj_class": "vehicle",
    "point_num_in_lidar": 211,
    "speed": 4.0194366942304643e-13,
    "if_vehicle": true,
    "motion_state": false,
    "pose": [
      [
        -0.9827469631158309,
        -0.16417113372389486,
        0.08518359782506642,
        -46.9919567632096
      ],
      [
        0.1715172015150032,
        -0.9812809898912941,
        0.08757550149684476,
        68.3965857545154
      ],
      [
        0.06921167582910738,
        0.10067501045330497,
        0.9925090862048335,
        -2.9976454078526302
      ],
      [
        0.0,
        0.0,
        0.0,
        1.0
      ]
    ],
    "location": [
      -46.9919567632096,
      68.3965857545154,
      -2.9976454078526302
    ],
    "rotation": [
      0.10108909347607128,
      -0.06926705222427651,
      2.968804663058571
    ]
  },
  {
    "label_id": "Bx53wsZbSckgNS7Tzxli2g",
    "size": [
      1.7605869152023559,
      3.9891515087397864,
      1.5900000000000034
    ],
    "obj_class": "vehicle",
    "point_num_in_lidar": 30,
    "speed": 5.859285502108464e-13,
    "if_vehicle": true,
    "motion_state": false,
    "pose": [
      [
        0.807777731745352,
        0.5833000006496758,
        0.08518359782506642,
        11.391765467529694
      ],
      [
        -0.5892321827968591,
        0.8032035646671554,
        0.08757550149684476,
        37.43363642996701
      ],
      [
        -0.01733697934426144,
        -0.12093445724053657,
        0.9925090862048335,
        -6.112302819836913
      ],
      [
        0.0,
        0.0,
        0.0,
        1.0
      ]
    ],
    "location": [
      11.391765467529694,
      37.43363642996701,
      -6.112302819836913
    ],
    "rotation": [
      -0.12124950817888581,
      0.01733784796019722,
      -0.6302178289831099
    ]
  },
  {
    "label_id": "EZpHgIyV7MlzBvfpEqN7Ag",
    "size": [
      2.243118483011757,
      5.253824053864203,
      1.980000000000004
    ],
    "obj_class": "vehicle",
    "point_num_in_lidar": 666,
    "speed": 5.684341886080801e-13,
    "if_vehicle": true,
    "motion_state": false,
    "pose": [
      [
        -0.8593635565743498,
        -0.5042202220195671,
        0.08518359782506642,
        17.512673100731263
      ],
      [
        0.5105587402328433,
        -0.8553714423041188,
        0.08757550149684476,
        44.998716561436595
      ],
      [
        0.028706278124067036,
        0.11875042482917787,
        0.9925090862048335,
        -6.577120149313103
      ],
      [
        0.0,
        0.0,
        0.0,
        1.0
      ]
    ],
    "location": [
      17.512673100731263,
      44.998716561436595,
      -6.577120149313103
    ],
    "rotation": [
      0.11908061480042205,
      -0.028710222156791924,
      2.6055133498950123
    ]
  },
  {
    "label_id": "EynPrd5Qbrd5mIOAYffU2Q",
    "size": [
      0.5409852005071842,
      0.11952976895845997,
      0.6299999999999955
    ],
    "obj_class": "sign",
    "point_num_in_lidar": 22,
    "speed": 0.025880451262032467,
    "if_vehicle": false,
    "motion_state": false,
    "pose": [
      [
        0.0602182845489368,
        0.9945438717661281,
        0.08518359782506642,
        -21.843659982801
      ],
      [
        -0.994761289506902,
        0.052730526605959886,
        0.08757550149684476,
        45.8805360610404
      ],
      [
        0.08260590235902629,
        -0.09001099208595323,
        0.9925090862048335,
        -1.0061269097346042
      ],
      [
        0.0,
        0.0,
        0.0,
        1.0
      ]
    ],
    "location": [
      -21.843659982801,
      45.8805360610404,
      -1.0061269097346042
    ],
    "rotation": [
      -0.09044293065723888,
      -0.08270013881615818,
      -1.5103346973226275
    ]
  },
  {
    "label_id": "FghnXoTT210X9riqPc07lg",
    "size": [
      0.6886644586918769,
      0.13259156491009055,
      0.6200000000000045
    ],
    "obj_class": "sign",
    "point_num_in_lidar": 21,
    "speed": 0.021870649003399818,
    "if_vehicle": false,
    "motion_state": false,
    "pose": [
      [
        0.9462782390787989,
        0.31193148111004276,
        0.08518359782506642,
        -50.634054861640834
      ],
      [
        -0.3189685756766022,
        0.9437105378602149,
        0.08757550149684476,
        72.04629090931485
      ],
      [
        -0.05307110302949608,
        -0.1100416822121469,
        0.9925090862048335,
        -0.8983374963492281
      ],
      [
        0.0,
        0.0,
        0.0,
        1.0
      ]
    ],
    "location": [
      -50.634054861640834,
      72.04629090931485,
      -0.8983374963492281
    ],
    "rotation": [
      -0.1104212336570211,
      0.0530960474897235,
      -0.3251160103297203
    ]
  },
  {
    "label_id": "HvuvFbv43gxAzu4E8WOQpw",
    "size": [
      1.9496121452464252,
      4.825332542451997,
      1.8000000000000114
    ],
    "obj_class": "vehicle",
    "point_num_in_lidar": 499,
    "speed": 0.009207073422815099,
    "if_vehicle": true,
    "motion_state": false,
    "pose": [
      [
        0.9351537411902491,
        -0.34384769157209427,
        0.08518359782506642,
        -24.09381038473657
      ],
      [
        0.3367391767895827,
        0.937516537642217,
        0.08757550149684476,
        42.86086213999806
      ],
      [
        -0.10997366572482188,
        -0.05321190325379888,
        0.9925090862048335,
        -2.8597804824999855
      ],
      [
        0.0,
        0.0,
        0.0,
        1.0
      ]
    ],
    "location": [
      -24.09381038473657,
      42.86086213999806,
      -2.8597804824999855
    ],
    "rotation": [
      -0.05356223683984742,
      0.11019655496846004,
      0.3456349364699629
    ]
  },
  {
    "label_id": "YO7JWfYXz8R6HtWtipDmvg",
    "size": [
      1.9809742306825915,
      4.441101600158738,
      1.7900000000000063
    ],
    "obj_class": "vehicle",
    "point_num_in_lidar": 345,
    "speed": 0.020749235052644702,
    "if_vehicle": true,
    "motion_state": false,
    "pose": [
      [
        -0.9805729422564502,
        -0.17669312260556652,
        0.08518359782506642,
        -40.04355216364456
      ],
      [
        0.18401989367153215,
        -0.9790133861550078,
        0.08757550149684476,
        66.72894453629124
      ],
      [
        0.06792189372835863,
        0.10154964378667249,
        0.9925090862048335,
        -3.159497375055281
      ],
      [
        0.0,
        0.0,
        0.0,
        1.0
      ]
    ],
    "location": [
      -40.04355216364456,
      66.72894453629124,
      -3.159497375055281
    ],
    "rotation": [
      0.10196127596496882,
      -0.06797422740619634,
      2.9560846496774924
    ]
  },
  {
    "label_id": "_fOTcBhgCn2VywcpqFoyLw",
    "size": [
      1.876166303482871,
      3.9980212378381017,
      1.5400000000000063
    ],
    "obj_class": "vehicle",
    "point_num_in_lidar": 329,
    "speed": 3.1776437161565096e-13,
    "if_vehicle": true,
    "motion_state": false,
    "pose": [
      [
        -0.9656630704081888,
        -0.24543550906787487,
        0.08518359782506642,
        -33.5709886493305
      ],
      [
        0.2526339899703919,
        -0.9635904724773987,
        0.08757550149684476,
        65.33554134815677
      ],
      [
        0.0605879654838279,
        0.10608869986655975,
        0.9925090862048335,
        -3.400173418731427
      ],
      [
        0.0,
        0.0,
        0.0,
        1.0
      ]
    ],
    "location": [
      -33.5709886493305,
      65.33554134815677,
      -3.400173418731427
    ],
    "rotation": [
      0.10648508449740238,
      -0.06062509559488105,
      2.8857104692414435
    ]
  },
  {
    "label_id": "dmfbwp-Xq30QfLMx4vdIRA",
    "size": [
      2.1692454192840747,
      6.5089800927740225,
      2.4199999999999875
    ],
    "obj_class": "vehicle",
    "point_num_in_lidar": 2708,
    "speed": 0.006326594231285035,
    "if_vehicle": true,
    "motion_state": false,
    "pose": [
      [
        -0.9463235624795115,
        -0.31179395401075904,
        0.08518359782506642,
        -20.67075343903616
      ],
      [
        0.318831421670246,
        -0.9437568839978366,
        0.08757550149684476,
        60.87038726119681
      ],
      [
        0.053087094964933176,
        0.11003396815997632,
        0.9925090862048335,
        -3.0463880190175416
      ],
      [
        0.0,
        0.0,
        0.0,
        1.0
      ]
    ],
    "location": [
      -20.67075343903616,
      60.87038726119681,
      -3.0463880190175416
    ],
    "rotation": [
      0.11041355575850952,
      -0.05311206200064043,
      2.816621293388707
    ]
  },
  {
    "label_id": "hufLc3DxH-_rZyaDcOwmLA",
    "size": [
      0.78993370838264,
      1.2022532093211242,
      1.7999999999999972
    ],
    "obj_class": "pedestrian",
    "point_num_in_lidar": 125,
    "speed": 1.2995416202768528,
    "if_vehicle": false,
    "motion_state": true,
    "pose": [
      [
        -0.9714607770664588,
        -0.22137685805659427,
        0.08518359782506642,
        -28.500094028810963
      ],
      [
        0.22862459303548993,
        -0.9695675979512377,
        0.08757550149684476,
        65.11118256476948
      ],
      [
        0.06320406696399185,
        0.10455123012216429,
        0.9925090862048335,
        -3.182791109019277
      ],
      [
        0.0,
        0.0,
        0.0,
        1.0
      ]
    ],
    "location": [
      -28.500094028810963,
      65.11118256476948,
      -3.182791109019277
    ],
    "rotation": [
      0.10495325996972715,
      -0.06324622357449967,
      2.9104575226499296
    ]
  },
  {
    "label_id": "mMzIwRfQRJYWdVOUs5HVzg",
    "size": [
      2.1243051933160313,
      3.177733023965262,
      2.3799999999999955
    ],
    "obj_class": "vehicle",
    "point_num_in_lidar": 1978,
    "speed": 0.008022490676501227,
    "if_vehicle": true,
    "motion_state": false,
    "pose": [
      [
        -0.9423098130100089,
        -0.3237220582021239,
        0.08518359782506642,
        -15.769493350596349
      ],
      [
        0.3307265448372169,
        -0.9396544492937884,
        0.08757550149684476,
        59.213574019657244
      ],
      [
        0.051693025110534536,
        0.11069573142523681,
        0.9925090862048335,
        -3.1575570804370585
      ],
      [
        0.0,
        0.0,
        0.0,
        1.0
      ]
    ],
    "location": [
      -15.769493350596349,
      59.213574019657244,
      -3.1575570804370585
    ],
    "rotation": [
      0.1110721698917593,
      -0.051716074920015995,
      2.8040501078998386
    ]
  },
  {
    "label_id": "oZw7w9oJaT5y1F6xiENotw",
    "size": [
      1.9099306709861859,
      4.542618356511399,
      1.5600000000000023
    ],
    "obj_class": "vehicle",
    "point_num_in_lidar": 52,
    "speed": 4.263256414560601e-13,
    "if_vehicle": true,
    "motion_state": false,
    "pose": [
      [
        -0.9765732908216377,
        -0.19760658469639736,
        0.08518359782506642,
        -62.99720586532476
      ],
      [
        0.20489835668570172,
        -0.9748575254697864,
        0.08757550149684476,
        71.74524830964401
      ],
      [
        0.06573637563249199,
        0.10297787490306076,
        0.9925090862048335,
        -2.2598278865909407
      ],
      [
        0.0,
        0.0,
        0.0,
        1.0
      ]
    ],
    "location": [
      -62.99720586532476,
      71.74524830964401,
      -2.2598278865909407
    ],
    "rotation": [
      0.10338516981942218,
      -0.06578381205054072,
      2.934778994126277
    ]
  },
  {
    "label_id": "r4B61YwIzaCoN1x0ORqI7A",
    "size": [
      2.081740379064466,
      4.494435252923594,
      1.7600000000000051
    ],
    "obj_class": "vehicle",
    "point_num_in_lidar": 145,
    "speed": 1.7346558842822479e-12,
    "if_vehicle": true,
    "motion_state": false,
    "pose": [
      [
        0.8332621666187664,
        0.5462764102021763,
        0.08518359782506642,
        6.739988403199277
      ],
      [
        -0.5524088475085924,
        0.8289601900765833,
        0.08757550149684476,
        39.9607368696561
      ],
      [
        -0.022773380865122587,
        -0.12002952522116624,
        0.9925090862048335,
        -5.987120149312801
      ],
      [
        0.0,
        0.0,
        0.0,
        1.0
      ]
    ],
    "location": [
      6.739988403199277,
      39.9607368696561,
      -5.987120149312801
    ],
    "rotation": [
      -0.12035098676771817,
      0.022775349805901842,
      -0.5854231885581531
    ]
  },
  {
    "label_id": "tbPvNseleXujC_-Ylh5iPw",
    "size": [
      0.548127726378878,
      0.10949966432885637,
      0.539999999999992
    ],
    "obj_class": "sign",
    "point_num_in_lidar": 32,
    "speed": 0.0059341821841097965,
    "if_vehicle": false,
    "motion_state": false,
    "pose": [
      [
        -0.8972074212542545,
        -0.4333158177448272,
        0.08518359782506642,
        14.435181592630215
      ],
      [
        0.43995547521601314,
        -0.8937391741246595,
        0.08757550149684476,
        48.908469826277724
      ],
      [
        0.03818406832362336,
        0.116050380124769,
        0.9925090862048335,
        -4.135418646853296
      ],
      [
        0.0,
        0.0,
        0.0,
        1.0
      ]
    ],
    "location": [
      14.435181592630215,
      48.908469826277724,
      -4.135418646853296
    ],
    "rotation": [
      0.11639773127970023,
      -0.0381933532923229,
      2.6856859840398504
    ]
  },
  {
    "label_id": "zJ0ufOd6ylfP9pzkJxPojQ",
    "size": [
      2.798285976261853,
      6.402914888375439,
      2.3699999999999903
    ],
    "obj_class": "vehicle",
    "point_num_in_lidar": 10482,
    "speed": 0.015989680547793435,
    "if_vehicle": true,
    "motion_state": false,
    "pose": [
      [
        0.3257688740127717,
        0.9416041606673307,
        0.08518359782506642,
        -18.679112440641802
      ],
      [
        -0.9438295786453234,
        0.3186161609394097,
        0.08757550149684476,
        43.91662708817785
      ],
      [
        0.05532058566792777,
        -0.10892817175645601,
        0.9925090862048335,
        -2.9675802707169368
      ],
      [
        0.0,
        0.0,
        0.0,
        1.0
      ]
    ],
    "location": [
      -18.679112440641802,
      43.91662708817785,
      -2.9675802707169368
    ],
    "rotation": [
      -0.10931280711654585,
      -0.055348841482473675,
      -1.2384429667268353
    ]
  }
]