[
  {
    "label_id": "3ShSMlgply580zkFuvnr6w",
    "size": [
      1.818738357927984,
      4.286298275032211,
      1.6700000000000017
    ],
    "obj_class": "vehicle",
    "point_num_in_lidar": 204,
    "speed": 4.0194366942304643e-13,
    "if_vehicle": true,
    "motion_state": false,
    "pose": [
      [
        -0.9826797351564206,
        -0.16415990307070596,
        0.0859771151919111,
        -46.99195676321051
      ],
      [
        0.1718118435636241,
        -0.9809377713866826,
        0.09078424465840518,
        68.3965857545154
      ],
      [
        0.06943506696313831,
        0.10398372416270163,
        0.9921522849769986,
        -2.994168780981653
      ],
      [
        0.0,
        0.0,
        0.0,
        1.0
      ]
    ],
    "location": [
      -46.99195676321051,
      68.3965857545154,
      -2.994168780981653
    ],
    "rotation": [
      0.1044249804343981,
      -0.06949098207999038,
      2.9685021197789556
    ]
  },
  {
    "label_id": "Bx53wsZbSckgNS7Tzxli2g",
    "size": [
      1.7605869152023557,
      3.9891515087397864,
      1.5900000000000034
    ],
    "obj_class": "vehicle",
    "point_num_in_lidar": 25,
    "speed": 5.859285502108464e-13,
    "if_vehicle": true,
    "motion_state": false,
    "pose": [
      [
        0.8077224731176478,
        0.5832600981414616,
        0.0859771151919111,
        11.391765467530604
      ],
      [
        -0.5893438776760681,
        0.8027652301685334,
        0.09078424465840518,
        37.43363642996701
      ],
      [
        -0.01606861121710116,
        -0.12399856107420752,
        0.9921522849769986,
        -6.111410192298223
      ],
      [
        0.0,
        0.0,
        0.0,
        1.0
      ]
    ],
    "location": [
      11.391765467530604,
      37.43363642996701,
      -6.111410192298223
    ],
    "rotation": [
      -0.12433467548246273,
      0.016069302784073706,
      -0.630340648095328
    ]
  },
  {
    "label_id": "EZpHgIyV7MlzBvfpEqN7Ag",
    "size": [
      2.2431184830117576,
      5.253824053864203,
      1.980000000000004
    ],
    "obj_class": "vehicle",
    "point_num_in_lidar": 671,
    "speed": 5.684341886080801e-13,
    "if_vehicle": true,
    "motion_state": false,
    "pose": [
      [
        -0.8593047690527716,
        -0.5041857292173586,
        0.0859771151919111,
        17.512673100731263
      ],
      [
        0.5107114244862067,
        -0.8549456484602238,
        0.09078424465840518,
        44.998716561438414
      ],
      [
        0.02773363990594269,
        0.12192082936269678,
        0.9921522849769986,
        -6.577120149313018
      ],
      [
        0.0,
        0.0,
        0.0,
        1.0
      ]
    ],
    "location": [
      17.512673100731263,
      44.998716561438414,
      -6.577120149313018
    ],
    "rotation": [
      0.12227218823513067,
      -0.02773719638067404,
      2.605351995593035
    ]
  },
  {
    "label_id": "FghnXoTT210X9riqPc07lg",
    "size": [
      0.6886644586918791,
      0.13259156491009055,
      0.6200000000000045
    ],
    "obj_class": "sign",
    "point_num_in_lidar": 24,
    "speed": 0.02365242155256623,
    "if_vehicle": false,
    "motion_state": false,
    "pose": [
      [
        0.946213505879462,
        0.31191014243620563,
        0.0859771151919111,
        -50.628429793204305
      ],
      [
        -0.3192075070641435,
        0.9433264484555162,
        0.09078424465840518,
        72.05163945023014
      ],
      [
        -0.0527879600400698,
        -0.11334581902182504,
        0.9921522849769986,
        -0.8924377383615365
      ],
      [
        0.0,
        0.0,
        0.0,
        1.0
      ]
    ],
    "location": [
      -50.628429793204305,
      72.05163945023014,
      -0.8924377383615365
    ],
    "rotation": [
      -0.11374921211216475,
      0.05281250704649443,
      -0.32536344696876085
    ]
  },
  {
    "label_id": "HvuvFbv43gxAzu4E8WOQpw",
    "size": [
      1.9496121452464252,
      4.825332542451997,
      1.8000000000000114
    ],
    "obj_class": "vehicle",
    "point_num_in_lidar": 556,
    "speed": 0.009207073500514036,
    "if_vehicle": true,
    "motion_state": false,
    "pose": [
      [
        0.9350897689978994,
        -0.3438241695674284,
        0.0859771151919111,
        -24.09308383825737
      ],
      [
        0.33631326550688134,
        0.9373641812902287,
        0.09078424465840518,
        42.86255460199391
      ],
      [
        -0.11180568572104385,
        -0.055976173997223974,
        0.9921522849769986,
        -2.8580786281459183
      ],
      [
        0.0,
        0.0,
        0.0,
        1.0
      ]
    ],
    "location": [
      -24.09308383825737,
      42.86255460199391,
      -2.8580786281459183
    ],
    "rotation": [
      -0.056359185484454025,
      0.11203994392545587,
      0.3452534951458154
    ]
  },
  {
    "label_id": "YO7JWfYXz8R6HtWtipDmvg",
    "size": [
      1.9809742306825937,
      4.441101600158738,
      1.7900000000000063
    ],
    "obj_class": "vehicle",
    "point_num_in_lidar": 356,
    "speed": 0.029026274601449787,
    "if_vehicle": true,
    "motion_state": false,
    "pose": [
      [
        -0.9805058630179129,
        -0.17668103534554722,
        0.0859771151919111,
        -40.04100841552281
      ],
      [
        0.1843101338556917,
        -0.978666437291021,
        0.09078424465840518,
        66.73608982993392
      ],
      [
        0.06810306267411685,
        0.10486093776676628,
        0.9921522849769986,
        -3.1510803029083974
      ],
      [
        0.0,
        0.0,
        0.0,
        1.0
      ]
    ],
    "location": [
      -40.04100841552281,
      66.73608982993392,
      -3.1510803029083974
    ],
    "rotation": [
      0.10529944592702649,
      -0.0681558168278577,
      2.955786324121244
    ]
  },
  {
    "label_id": "_fOTcBhgCn2VywcpqFoyLw",
    "size": [
      1.8761663034828702,
      3.9980212378381017,
      1.5400000000000063
    ],
    "obj_class": "vehicle",
    "point_num_in_lidar": 337,
    "speed": 3.1776437161565096e-13,
    "if_vehicle": true,
    "motion_state": false,
    "pose": [
      [
        -0.9655970111272765,
        -0.24541871926433623,
        0.0859771151919111,
        -33.57098864933141
      ],
      [
        0.25289902847412693,
        -0.9632239107905521,
        0.09078424465840518,
        65.33554134815677
      ],
      [
        0.06053506008019645,
        0.10940452420264588,
        0.9921522849769986,
        -3.3945669320636824
      ],
      [
        0.0,
        0.0,
        0.0,
        1.0
      ]
    ],
    "location": [
      -33.57098864933141,
      65.33554134815677,
      -3.3945669320636824
    ],
    "rotation": [
      0.10982618319031892,
      -0.0605720929030531,
      2.8854368389298175
    ]
  },
  {
    "label_id": "dmfbwp-Xq30QfLMx4vdIRA",
    "size": [
      2.169245419284074,
      6.5089800927740225,
      2.4199999999999875
    ],
    "obj_class": "vehicle",
    "point_num_in_lidar": 2698,
    "speed": 0.00632659428374422,
    "if_vehicle": true,
    "motion_state": false,
    "pose": [
      [
        -0.9462588261796959,
        -0.3117726247448624,
        0.0859771151919111,
        -20.67028892464623
      ],
      [
        0.3190704088754178,
        -0.943372829321407,
        0.09078424465840518,
        60.87156452981071
      ],
      [
        0.052804432172854965,
        0.11333814608428479,
        0.9921522849769986,
        -3.039047558157378
      ],
      [
        0.0,
        0.0,
        0.0,
        1.0
      ]
    ],
    "location": [
      -20.67028892464623,
      60.87156452981071,
      -3.039047558157378
    ],
    "rotation": [
      0.11374157811034187,
      -0.05282900218491315,
      2.816373800405662
    ]
  },
  {
    "label_id": "hufLc3DxH-_rZyaDcOwmLA",
    "size": [
      0.7899337083850502,
      1.2022532093211242,
      1.7999999999999972
    ],
    "obj_class": "pedestrian",
    "point_num_in_lidar": 118,
    "speed": 1.2850537428437363,
    "if_vehicle": false,
    "motion_state": true,
    "pose": [
      [
        -0.9718592524045777,
        -0.21931148893501237,
        0.0859771151919111,
        -28.19907410090127
      ],
      [
        0.22685302561390652,
        -0.969688571496859,
        0.09078424465840518,
        65.04392122508398
      ],
      [
        0.0634609981439899,
        0.10773367685867234,
        0.9921522849769986,
        -3.182791109019277
      ],
      [
        0.0,
        0.0,
        0.0,
        1.0
      ]
    ],
    "location": [
      -28.19907410090127,
      65.04392122508398,
      -3.182791109019277
    ],
    "rotation": [
      0.108162047294113,
      -0.06350367158722667,
      2.912276930869944
    ]
  },
  {
    "label_id": "mMzIwRfQRJYWdVOUs5HVzg",
    "size": [
      2.1243051933160313,
      3.177733023965262,
      2.3799999999999955
    ],
    "obj_class": "vehicle",
    "point_num_in_lidar": 1928,
    "speed": 0.00802249087792739,
    "if_vehicle": true,
    "motion_state": false,
    "pose": [
      [
        -0.9422453512836044,
        -0.32369991295598727,
        0.0859771151919111,
        -15.770266297146009
      ],
      [
        0.33096066199736407,
        -0.9392674066164914,
        0.09078424465840518,
        59.21498046861416
      ],
      [
        0.05136864992097288,
        0.11399607545971421,
        0.9921522849769986,
        -3.1521413881445426
      ],
      [
        0.0,
        0.0,
        0.0,
        1.0
      ]
    ],
    "location": [
      -15.770266297146009,
      59.21498046861416,
      -3.1521413881445426
    ],
    "rotation": [
      0.11439612040763388,
      -0.05139126819203531,
      2.8038075336513413
    ]
  },
  {
    "label_id": "oZw7w9oJaT5y1F6xiENotw",
    "size": [
      1.9099306709861903,
      4.542618356511399,
      1.5600000000000023
    ],
    "obj_class": "vehicle",
    "point_num_in_lidar": 43,
    "speed": 4.263256414560601e-13,
    "if_vehicle": true,
    "motion_state": false,
    "pose": [
      [
        -0.9765064851920905,
        -0.1975930667838992,
        0.0859771151919111,
        -62.99720586532385
      ],
      [
        0.2051811166649155,
        -0.9745044537024657,
        0.09078424465840518,
        71.74524830964401
      ],
      [
        0.0658467443532932,
        0.10629228416490245,
        0.9921522849769986,
        -2.25007248124966
      ],
      [
        0.0,
        0.0,
        0.0,
        1.0
      ]
    ],
    "location": [
      -62.99720586532385,
      71.74524830964401,
      -2.25007248124966
    ],
    "rotation": [
      0.10672596066842593,
      -0.06589442041678893,
      2.9344879099477503
    ]
  },
  {
    "label_id": "r4B61YwIzaCoN1x0ORqI7A",
    "size": [
      2.0817403790644646,
      4.494435252923594,
      1.7600000000000051
    ],
    "obj_class": "vehicle",
    "point_num_in_lidar": 131,
    "speed": 1.7346558842822479e-12,
    "if_vehicle": true,
    "motion_state": false,
    "pose": [
      [
        0.833205164646522,
        0.5462390404114659,
        0.0859771151919111,
        6.739988403200186
      ],
      [
        -0.552540197254753,
        0.8285273389209806,
        0.09078424465840518,
        39.960736869652465
      ],
      [
        -0.021644491771369727,
        -0.1231477137054498,
        0.9921522849769986,
        -5.987120149312631
      ],
      [
        0.0,
        0.0,
        0.0,
        1.0
      ]
    ],
    "location": [
      6.739988403200186,
      39.960736869652465,
      -5.987120149312631
    ],
    "rotation": [
      -0.12349019838225694,
      0.021646182144188574,
      -0.5855641953211848
    ]
  },
  {
    "label_id": "tbPvNseleXujC_-Ylh5iPw",
    "size": [
      0.5481277263788756,
      0.10949966432885637,
      0.539999999999992
    ],
    "obj_class": "sign",
    "point_num_in_lidar": 33,
    "speed": 0.011948134424304495,
    "if_vehicle": false,
    "motion_state": false,
    "pose": [
      [
        -0.8971460449016851,
        -0.4332861753858993,
        0.0859771151919111,
        14.43616819735962
      ],
      [
        0.4401419813477675,
        -0.8933270717811391,
        0.09078424465840518,
        48.90934355859463
      ],
      [
        0.03747012640124149,
        0.11928886386580814,
        0.9921522849769986,
        -4.135418646853381
      ],
      [
        0.0,
        0.0,
        0.0,
        1.0
      ]
    ],
    "location": [
      14.43616819735962,
      48.90934355859463,
      -4.135418646853381
    ],
    "rotation": [
      0.11965803405297894,
      -0.037478900019940406,
      2.6854913679918524
    ]
  },
  {
    "label_id": "zJ0ufOd6ylfP9pzkJxPojQ",
    "size": [
      2.7982859762618544,
      6.402914888375439,
      2.3699999999999903
    ],
    "obj_class": "vehicle",
    "point_num_in_lidar": 10368,
    "speed": 0.015989680684587188,
    "if_vehicle": true,
    "motion_state": false,
    "pose": [
      [
        0.325746588747631,
        0.9415397472133391,
        0.0859771151919111,
        -18.679001477650672
      ],
      [
        -0.9436690457171095,
        0.3181932637205928,
        0.09078424465840518,
        43.91343037509796
      ],
      [
        0.0581196358784332,
        -0.11070660025616658,
        0.9921522849769986,
        -2.9648975342479247
      ],
      [
        0.0,
        0.0,
        0.0,
        1.0
      ]
    ],
    "location": [
      -18.679001477650672,
      43.91343037509796,
      -2.9648975342479247
    ],
    "rotation": [
      -0.11112260625280136,
      -0.05815240602478908,
      -1.2384116026224572
    ]
  }
]