[
  {
    "label_id": "9WgYlUnhlVC6T0bvch6KmA",
    "size": [
      1.9983550940203196,
      4.645778126396109,
      1.710000000000008
    ],
    "obj_class": "vehicle",
    "point_num_in_lidar": 3823,
    "speed": 2.8421709430404007e-13,
    "if_vehicle": true,
    "motion_state": false,
    "pose": [
      [
        -0.32603431322570114,
        -0.94521582946255,
        -0.016390922270240194,
        -7.041466951955044
      ],
      [
        0.9394789902750496,
        -0.32588870523778557,
        0.10571555528971592,
        32.21346220191117
      ],
      [
        -0.10526563271656467,
        0.01906797136203409,
        0.9942613132556842,
        -2.6026974267511207
      ],
      [
        0.0,
        0.0,
        0.0,
        1.0
      ]
    ],
    "location": [
      -7.041466951955044,
      32.21346220191117,
      -2.6026974267511207
    ],
    "rotation": [
      0.0191756773706239,
      0.10546101404740124,
      1.9048293934559573
    ]
  },
  {
    "label_id": "HvuvFbv43gxAzu4E8WOQpw",
    "size": [
      1.949612145246425,
      4.825332542451997,
      1.7999999999999972
    ],
    "obj_class": "vehicle",
    "point_num_in_lidar": 1313,
    "speed": 0.011102383489484108,
    "if_vehicle": true,
    "motion_state": false,
    "pose": [
      [
        0.9384390835481649,
        -0.3450556826606564,
        -0.016390922270240194,
        -24.066626053275286
      ],
      [
        0.34479425362189076,
        0.9327063546685582,
        0.10571555528971592,
        42.89724817427668
      ],
      [
        -0.021189835738011878,
        -0.10485910463320824,
        0.9942613132556842,
        -2.784798095215308
      ],
      [
        0.0,
        0.0,
        0.0,
        1.0
      ]
    ],
    "location": [
      -24.066626053275286,
      42.89724817427668,
      -2.784798095215308
    ],
    "rotation": [
      -0.10507590341842761,
      0.0211914217968178,
      0.3521020827477317
    ]
  },
  {
    "label_id": "HxOJ3Swh0Tu9sXsDtdDtTQ",
    "size": [
      2.1221041075993976,
      4.310725080197603,
      1.8800000000000097
    ],
    "obj_class": "vehicle",
    "point_num_in_lidar": 714,
    "speed": 6.355287432313019e-13,
    "if_vehicle": true,
    "motion_state": false,
    "pose": [
      [
        0.9649041189738399,
        -0.2620904020647245,
        -0.016390922270240194,
        -21.498960927046937
      ],
      [
        0.26232878738106774,
        0.9591703856359232,
        0.10571555528971592,
        33.19581885114167
      ],
      [
        -0.011985345155502536,
        -0.10630518550186303,
        0.9942613132556842,
        -2.2861600285711035
      ],
      [
        0.0,
        0.0,
        0.0,
        1.0
      ]
    ],
    "location": [
      -21.498960927046937,
      33.19581885114167,
      -2.2861600285711035
    ],
    "rotation": [
      -0.10651411237716239,
      0.011985632120192104,
      0.26545424647456556
    ]
  },
  {
    "label_id": "UPyGS8_eR9iH5UqAxnfQgg",
    "size": [
      0.8743776576517927,
      0.22909135892377785,
      0.9399999999999977
    ],
    "obj_class": "sign",
    "point_num_in_lidar": 284,
    "speed": 0.005456469318815877,
    "if_vehicle": false,
    "motion_state": false,
    "pose": [
      [
        -0.07764627665019265,
        0.9968462235417722,
        -0.016390922270240194,
        -7.016781069578428
      ],
      [
        -0.9915265647345203,
        -0.07549366063152789,
        0.10571555528971592,
        43.83277350559911
      ],
      [
        0.10414474133686746,
        0.02446045410369582,
        0.9942613132556842,
        -1.914389715847122
      ],
      [
        0.0,
        0.0,
        0.0,
        1.0
      ]
    ],
    "location": [
      -7.016781069578428,
      43.83277350559911,
      -1.914389715847122
    ],
    "rotation": [
      0.024596673681403374,
      -0.10433392735470093,
      -1.6489466666438375
    ]
  },
  {
    "label_id": "XijTh8OxfGsgllnmHz65UQ",
    "size": [
      2.10294056993205,
      4.501152044097126,
      1.8599999999999994
    ],
    "obj_class": "vehicle",
    "point_num_in_lidar": 3987,
    "speed": 0.014496403910426524,
    "if_vehicle": true,
    "motion_state": false,
    "pose": [
      [
        -0.3312220115574656,
        -0.9434104709652936,
        -0.016390922270240194,
        -3.639414686717828
      ],
      [
        0.9376745182546988,
        -0.3310448899856415,
        0.10571555528971592,
        22.184668703734133
      ],
      [
        -0.1051592928639433,
        0.0196459687324765,
        0.9942613132556842,
        -1.3715198972701899
      ],
      [
        0.0,
        0.0,
        0.0,
        1.0
      ]
    ],
    "location": [
      -3.639414686717828,
      22.184668703734133,
      -1.3715198972701899
    ],
    "rotation": [
      0.019756790555977406,
      0.1053540806896003,
      1.9103526148248722
    ]
  },
  {
    "label_id": "YO7JWfYXz8R6HtWtipDmvg",
    "size": [
      1.9809742306825902,
      4.441101600158738,
      1.7900000000000063
    ],
    "obj_class": "vehicle",
    "point_num_in_lidar": 70,
    "speed": 0.0178718523319647,
    "if_vehicle": true,
    "motion_state": false,
    "pose": [
      [
        -0.9840178494201867,
        -0.17731387337036505,
        -0.016390922270240194,
        -39.987817701791755
      ],
      [
        0.17463816132014556,
        -0.9789411289656318,
        0.10571555528971592,
        66.87644059850936
      ],
      [
        -0.03479058253593536,
        0.10116351283883092,
        0.9942613132556842,
        -3.0121201493120537
      ],
      [
        0.0,
        0.0,
        0.0,
        1.0
      ]
    ],
    "location": [
      -39.987817701791755,
      66.87644059850936,
      -3.0121201493120537
    ],
    "rotation": [
      0.10139845975561874,
      0.034797604692468,
      2.9659469456130205
    ]
  },
  {
    "label_id": "_Phg1BOZU57MowRX3QsMBg",
    "size": [
      2.0720759018615533,
      4.49866838001127,
      2.1099999999999994
    ],
    "obj_class": "vehicle",
    "point_num_in_lidar": 6548,
    "speed": 0.03765980239815643,
    "if_vehicle": true,
    "motion_state": false,
    "pose": [
      [
        -0.30338121203042145,
        -0.9527282812292724,
        -0.016390922270240194,
        -5.492983714902948
      ],
      [
        0.9469896009902035,
        -0.3033725712489552,
        0.10571555528971592,
        27.40267274288817
      ],
      [
        -0.1056907555246337,
        0.01655008035370685,
        0.9942613132556842,
        -1.864564664177692
      ],
      [
        0.0,
        0.0,
        0.0,
        1.0
      ]
    ],
    "location": [
      -5.492983714902948,
      27.40267274288817,
      -1.864564664177692
    ],
    "rotation": [
      0.016644067151168392,
      0.10588852166040282,
      1.8808292675796916
    ]
  },
  {
    "label_id": "_fOTcBhgCn2VywcpqFoyLw",
    "size": [
      1.8761663034828746,
      3.9980212378381017,
      1.5400000000000063
    ],
    "obj_class": "vehicle",
    "point_num_in_lidar": 108,
    "speed": 3.1776437161565096e-13,
    "if_vehicle": true,
    "motion_state": false,
    "pose": [
      [
        -0.9690555968441619,
        -0.24629776266165357,
        -0.016390922270240194,
        -33.5709886493305
      ],
      [
        0.24327053883897445,
        -0.9641803079833056,
        0.10571555528971592,
        65.33554134815495
      ],
      [
        -0.041841309229041966,
        0.09845682203423858,
        0.9942613132556842,
        -3.309719884419181
      ],
      [
        0.0,
        0.0,
        0.0,
        1.0
      ]
    ],
    "location": [
      -33.5709886493305,
      65.33554134815495,
      -3.309719884419181
    ],
    "rotation": [
      0.09870330816568984,
      0.04185352742005106,
      2.895636550447484
    ]
  },
  {
    "label_id": "dI564oePmcx5PEmWFhS0Mw",
    "size": [
      1.880530258709304,
      4.298510362823608,
      1.5700000000000074
    ],
    "obj_class": "vehicle",
    "point_num_in_lidar": 1994,
    "speed": 5.123796534383003e-13,
    "if_vehicle": true,
    "motion_state": false,
    "pose": [
      [
        -0.9416921067627846,
        0.33607635103916395,
        -0.016390922270240194,
        -20.428163377729106
      ],
      [
        -0.3358696906365989,
        -0.9359571423315611,
        0.10571555528971592,
        28.35732651975377
      ],
      [
        0.020187297301613963,
        0.10505671797052434,
        0.9942613132556842,
        -2.0389277873167515
      ],
      [
        0.0,
        0.0,
        0.0,
        1.0
      ]
    ],
    "location": [
      -20.428163377729106,
      28.35732651975377,
      -2.0389277873167515
    ],
    "rotation": [
      0.105272466897871,
      -0.0201886686978168,
      -2.798991565115576
    ]
  },
  {
    "label_id": "dmfbwp-Xq30QfLMx4vdIRA",
    "size": [
      2.169245419284071,
      6.5089800927740225,
      2.4199999999999875
    ],
    "obj_class": "vehicle",
    "point_num_in_lidar": 674,
    "speed": 0.006558418558472146,
    "if_vehicle": true,
    "motion_state": false,
    "pose": [
      [
        -0.9496481461786049,
        -0.3128893352715461,
        -0.016390922270240194,
        -20.659367997529444
      ],
      [
        0.3095313938237764,
        -0.9449944643262717,
        0.10571555528971592,
        60.899242606064945
      ],
      [
        -0.04856660063304078,
        0.09531907608675591,
        0.9942613132556842,
        -2.86647026089355
      ],
      [
        0.0,
        0.0,
        0.0,
        1.0
      ]
    ],
    "location": [
      -20.659367997529444,
      60.899242606064945,
      -2.86647026089355
    ],
    "rotation": [
      0.09557714018025537,
      0.04858571338580399,
      2.8265078626808973
    ]
  },
  {
    "label_id": "mMzIwRfQRJYWdVOUs5HVzg",
    "size": [
      2.1243051933160255,
      3.177733023965262,
      2.3799999999999955
    ],
    "obj_class": "vehicle",
    "point_num_in_lidar": 505,
    "speed": 0.03047946187401498,
    "if_vehicle": true,
    "motion_state": false,
    "pose": [
      [
        -0.9456202957751428,
        -0.32485934477133704,
        -0.016390922270240194,
        -15.695710615471398
      ],
      [
        0.3214428907195589,
        -0.9410093991962252,
        0.10571555528971592,
        59.253914805554814
      ],
      [
        -0.049766697941345917,
        0.09469802922498902,
        0.9942613132556842,
        -3.041791477002107
      ],
      [
        0.0,
        0.0,
        0.0,
        1.0
      ]
    ],
    "location": [
      -15.695710615471398,
      59.253914805554814,
      -3.041791477002107
    ],
    "rotation": [
      0.09495816075276414,
      0.04978726393532399,
      2.8139186165623458
    ]
  },
  {
    "label_id": "oA6nQ0v4SSVgcaeQHa2tdA",
    "size": [
      2.0510135207184264,
      4.5346861622318535,
      1.6800000000000068
    ],
    "obj_class": "vehicle",
    "point_num_in_lidar": 1360,
    "speed": 0.013109614131656346,
    "if_vehicle": true,
    "motion_state": false,
    "pose": [
      [
        0.9429098579159859,
        -0.33264446111725104,
        -0.016390922270240194,
        -20.90070370261583
      ],
      [
        0.3324586889375168,
        0.9371741788588365,
        0.10571555528971592,
        30.786772121578906
      ],
      [
        -0.019804544801707145,
        -0.10512954374617639,
        0.9942613132556842,
        -2.1847318939737335
      ],
      [
        0.0,
        0.0,
        0.0,
        1.0
      ]
    ],
    "location": [
      -20.90070370261583,
      30.786772121578906,
      -2.1847318939737335
    ],
    "rotation": [
      -0.10534490371483746,
      0.019805839653336717,
      0.3389785129028841
    ]
  },
  {
    "label_id": "ygi1Q8RYav7ScUuMX9604g",
    "size": [
      2.1756868997784684,
      4.9619439547414235,
      1.6899999999999977
    ],
    "obj_class": "vehicle",
    "point_num_in_lidar": 997,
    "speed": 3.1776437161565096e-13,
    "if_vehicle": true,
    "motion_state": false,
    "pose": [
      [
        -0.213421119571862,
        -0.976822790166069,
        -0.016390922270240194,
        -8.393851269986044
      ],
      [
        0.9711081994865389,
        -0.21394645652545777,
        0.10571555528971592,
        36.958116506506485
      ],
      [
        -0.10677214342095774,
        0.006644573152315488,
        0.9942613132556842,
        -3.1278752850274003
      ],
      [
        0.0,
        0.0,
        0.0,
        1.0
      ]
    ],
    "location": [
      -8.393851269986044,
      36.958116506506485,
      -3.1278752850274003
    ],
    "rotation": [
      0.006682824874669695,
      0.1069760635438677,
      1.7871278979766891
    ]
  },
  {
    "label_id": "zJ0ufOd6ylfP9pzkJxPojQ",
    "size": [
      2.798285976261853,
      6.402914888375439,
      2.3699999999999903
    ],
    "obj_class": "vehicle",
    "point_num_in_lidar": 1389,
    "speed": 0.019176951495036013,
    "if_vehicle": true,
    "motion_state": false,
    "pose": [
      [
        0.32691335136825095,
        0.9449121643646617,
        -0.016390922270240194,
        -18.64563394004381
      ],
      [
        -0.9391754630940001,
        0.3267624074032345,
        0.10571555528971592,
        43.93382025795108
      ],
      [
        0.10524785137640051,
        -0.01916587445782607,
        0.9942613132556842,
        -2.817730542927336
      ],
      [
        0.0,
        0.0,
        0.0,
        1.0
      ]
    ],
    "location": [
      -18.64563394004381,
      43.93382025795108,
      -2.817730542927336
    ],
    "rotation": [
      -0.019274109155328973,
      -0.10544313338157871,
      -1.2358281012481485
    ]
  }
]