[
  {
    "label_id": "-G86PjIy35Dnhvmt_7sZlw",
    "size": [
      2.227901555720825,
      4.6671900838050675,
      1.8700000000000045
    ],
    "obj_class": "vehicle",
    "point_num_in_lidar": 350,
    "speed": 2.929642751054232e-13,
    "if_vehicle": true,
    "motion_state": false,
    "pose": [
      [
        -0.06815753473139342,
        -0.9938876344281898,
        0.08684423176052497,
        18.61779281734107
      ],
      [
        0.9974404544527375,
        -0.06976855237115281,
        -0.01564892715652775,
        -18.575805612310432
      ],
      [
        0.021612271524657146,
        0.0855553576976368,
        0.9960989862904057,
        0.30099682215680446
      ],
      [
        0.0,
        0.0,
        0.0,
        1.0
      ]
    ],
    "location": [
      18.61779281734107,
      -18.575805612310432,
      0.30099682215680446
    ],
    "rotation": [
      0.0856801381443205,
      -0.02161395435872505,
      1.6390227031076787
    ]
  },
  {
    "label_id": "10t7lCtA-oADlgKbKqqaGQ",
    "size": [
      1.9409380617617649,
      4.35531691411666,
      1.5900000000000034
    ],
    "obj_class": "vehicle",
    "point_num_in_lidar": 51,
    "speed": 1.9945885082418897e-12,
    "if_vehicle": true,
    "motion_state": false,
    "pose": [
      [
        0.9909539665764081,
        -0.10231478649934844,
        0.08684423176052497,
        57.06252341989148
      ],
      [
        0.10404709537040602,
        0.9944492511052696,
        -0.01564892715652775,
        1.610238230021423
      ],
      [
        -0.08476106459610251,
        0.02454325650278343,
        0.9960989862904057,
        -2.1470850748461032
      ],
      [
        0.0,
        0.0,
        0.0,
        1.0
      ]
    ],
    "location": [
      57.06252341989148,
      1.610238230021423,
      -2.1470850748461032
    ],
    "rotation": [
      0.024634390679734205,
      0.0848628875707897,
      0.10461359227194439
    ]
  },
  {
    "label_id": "1cey-IEbE8XPL2SyOdH_ig",
    "size": [
      2.1449194355930543,
      4.755202036269388,
      1.5
    ],
    "obj_class": "vehicle",
    "point_num_in_lidar": 111,
    "speed": 0.6529063091097839,
    "if_vehicle": true,
    "motion_state": false,
    "pose": [
      [
        -0.9659636626362537,
        -0.24366428108419588,
        0.08684423176052497,
        43.343838981802946
      ],
      [
        0.24323544275138634,
        -0.969841033607254,
        -0.01564892715652775,
        9.605151651028791
      ],
      [
        0.08803818407878973,
        0.006007300170227814,
        0.9960989862904057,
        -1.4346977610093177
      ],
      [
        0.0,
        0.0,
        0.0,
        1.0
      ]
    ],
    "location": [
      43.343838981802946,
      9.605151651028791,
      -1.4346977610093177
    ],
    "rotation": [
      0.006030753393242104,
      -0.0881523091564621,
      2.8949149525805993
    ]
  },
  {
    "label_id": "6GQJCYvdj35m3AkilVFa3A",
    "size": [
      1.9227345516098806,
      3.8913786098047867,
      1.7199999999999989
    ],
    "obj_class": "vehicle",
    "point_num_in_lidar": 43,
    "speed": 0.014749643282586508,
    "if_vehicle": true,
    "motion_state": false,
    "pose": [
      [
        0.9947471794275515,
        -0.05418605384095661,
        0.08684423176052497,
        44.43508634708223
      ],
      [
        0.05574699307045231,
        0.998322284556672,
        -0.01564892715652775,
        0.2210539994903229
      ],
      [
        -0.08585057824227955,
        0.020408030936185935,
        0.9960989862904057,
        -1.390580505851517
      ],
      [
        0.0,
        0.0,
        0.0,
        1.0
      ]
    ],
    "location": [
      44.43508634708223,
      0.2210539994903229,
      -1.390580505851517
    ],
    "rotation": [
      0.020485088800941555,
      0.08595638728148303,
      0.055982810135692236
    ]
  },
  {
    "label_id": "6kV2629tjfAKv8UQAUpQIw",
    "size": [
      2.01855516802371,
      4.332165675849257,
      1.5699999999999932
    ],
    "obj_class": "vehicle",
    "point_num_in_lidar": 265,
    "speed": 0.011424544196353427,
    "if_vehicle": true,
    "motion_state": false,
    "pose": [
      [
        0.9957581543414856,
        -0.030393707775824046,
        0.08684423176052497,
        29.428840241933358
      ],
      [
        0.03186874737481035,
        0.9993695482751165,
        -0.01564892715652775,
        -0.7680112235411798
      ],
      [
        -0.08631385174581468,
        0.01835016370574408,
        0.9960989862904057,
        -0.4703514717824362
      ],
      [
        0.0,
        0.0,
        0.0,
        1.0
      ]
    ],
    "location": [
      29.428840241933358,
      -0.7680112235411798,
      -0.4703514717824362
    ],
    "rotation": [
      0.01841994474674133,
      0.08642138685057604,
      0.03199358497742637
    ]
  },
  {
    "label_id": "9ojEvP_IkP8ziMOD-24fCQ",
    "size": [
      2.0470616308685883,
      4.486385603924427,
      1.4699999999999989
    ],
    "obj_class": "vehicle",
    "point_num_in_lidar": 860,
    "speed": 0.008825975762848891,
    "if_vehicle": true,
    "motion_state": false,
    "pose": [
      [
        0.08810040434939458,
        0.9923186978805737,
        0.08684423176052497,
        10.849247883726548
      ],
      [
        -0.995838453443851,
        0.0897824354838333,
        -0.01564892715652775,
        -9.761836757454148
      ],
      [
        -0.023325809654375966,
        -0.08510414863679623,
        0.9960989862904057,
        0.015171498747918122
      ],
      [
        0.0,
        0.0,
        0.0,
        1.0
      ]
    ],
    "location": [
      10.849247883726548,
      -9.761836757454148,
      0.015171498747918122
    ],
    "rotation": [
      -0.08523046188808663,
      0.023327925408940894,
      -1.4825574838270985
    ]
  },
  {
    "label_id": "EENp0Fqicu7Uz2meQc79Hw",
    "size": [
      0.4835235466275865,
      0.09322347433545763,
      0.47999999999998977
    ],
    "obj_class": "sign",
    "point_num_in_lidar": 117,
    "speed": 0.0073949825116779964,
    "if_vehicle": false,
    "motion_state": false,
    "pose": [
      [
        0.9952901292753541,
        -0.04307711662789027,
        0.08684423176052497,
        -1.1052470135382464
      ],
      [
        0.044598045374759386,
        0.9988824382416585,
        -0.01564892715652775,
        8.663729333959054
      ],
      [
        -0.08607306730795374,
        0.019448305721233117,
        0.9960989862904057,
        1.9728902565353224
      ],
      [
        0.0,
        0.0,
        0.0,
        1.0
      ]
    ],
    "location": [
      -1.1052470135382464,
      8.663729333959054,
      1.9728902565353224
    ],
    "rotation": [
      0.019521990575615104,
      0.08617970296588617,
      0.04477913642964964
    ]
  },
  {
    "label_id": "Fz60h1BcAUsffihcCYYlSQ",
    "size": [
      1.9659452030174656,
      3.735738890448964,
      1.8600000000000136
    ],
    "obj_class": "vehicle",
    "point_num_in_lidar": 86,
    "speed": 0.030849868397937616,
    "if_vehicle": true,
    "motion_state": false,
    "pose": [
      [
        -0.9947674620448342,
        0.053812413686837215,
        0.08684423176052497,
        35.637249007969785
      ],
      [
        -0.055372009963343564,
        -0.9983431532251169,
        -0.01564892715652775,
        9.792045615440657
      ],
      [
        0.08585823763331307,
        -0.020375783217526304,
        0.9960989862904057,
        -0.9495396963282587
      ],
      [
        0.0,
        0.0,
        0.0,
        1.0
      ]
    ],
    "location": [
      35.637249007969785,
      9.792045615440657,
      -0.9495396963282587
    ],
    "rotation": [
      -0.020452728352873567,
      -0.08596407505814231,
      -3.085986765833097
    ]
  },
  {
    "label_id": "Nx6yXW6ayqyL8X2hVv-MUA",
    "size": [
      2.1423545519155223,
      4.746408458305702,
      1.7700000000000102
    ],
    "obj_class": "vehicle",
    "point_num_in_lidar": 200,
    "speed": 6.0064371697056105,
    "if_vehicle": true,
    "motion_state": true,
    "pose": [
      [
        -0.9937758244123579,
        -0.06976883418448661,
        0.08684423176052497,
        33.28592227865602
      ],
      [
        0.06866396287770543,
        -0.9975171032522595,
        -0.01564892715652775,
        5.637369162486721
      ],
      [
        0.08772041390387562,
        -0.009588456380399771,
        0.9960989862904057,
        -0.5979562096124766
      ],
      [
        0.0,
        0.0,
        0.0,
        1.0
      ]
    ],
    "location": [
      33.28592227865602,
      5.637369162486721,
      -0.5979562096124766
    ],
    "rotation": [
      -0.009625710269062527,
      -0.0878333047938655,
      3.0726082747713708
    ]
  },
  {
    "label_id": "WWv9wtVzT42U162-yTuOoA",
    "size": [
      2.026152920935505,
      4.6105153086884325,
      1.5699999999999932
    ],
    "obj_class": "vehicle",
    "point_num_in_lidar": 3981,
    "speed": 0.01322489009652429,
    "if_vehicle": true,
    "motion_state": false,
    "pose": [
      [
        -0.9941278983105584,
        0.06455850997782127,
        0.08684423176052497,
        0.32485728645178824
      ],
      [
        -0.06615665332993205,
        -0.9976865280733389,
        -0.01564892715652775,
        7.054638868212351
      ],
      [
        0.08563304864837762,
        -0.02130235879921928,
        0.9960989862904057,
        0.13238062766012604
      ],
      [
        0.0,
        0.0,
        0.0,
        1.0
      ]
    ],
    "location": [
      0.32485728645178824,
      7.054638868212351,
      0.13238062766012604
    ],
    "rotation": [
      -0.021382525658440392,
      -0.08573805364950221,
      -3.075143203222604
    ]
  },
  {
    "label_id": "X4H9yiCRjWTn4rPCsOkVdA",
    "size": [
      1.9697740761117493,
      4.4188602944795115,
      1.6500000000000057
    ],
    "obj_class": "vehicle",
    "point_num_in_lidar": 1051,
    "speed": 0.0046701008209366155,
    "if_vehicle": true,
    "motion_state": false,
    "pose": [
      [
        -0.10331577585874588,
        -0.9908501046417817,
        0.08684423176052497,
        15.979580136443928
      ],
      [
        0.9943436374440126,
        -0.10505161471134138,
        -0.01564892715652775,
        16.25673293354521
      ],
      [
        0.024628867885386242,
        0.08473622824925756,
        0.9960989862904057,
        0.14957738864913495
      ],
      [
        0.0,
        0.0,
        0.0,
        1.0
      ]
    ],
    "location": [
      15.979580136443928,
      16.25673293354521,
      0.14957738864913495
    ],
    "rotation": [
      0.08486376578069599,
      -0.024631358466377935,
      1.6743283101872428
    ]
  },
  {
    "label_id": "XrzRs3LbaboaBImF0mOdjQ",
    "size": [
      1.868009280595781,
      4.653371289880262,
      1.8600000000000136
    ],
    "obj_class": "vehicle",
    "point_num_in_lidar": 353,
    "speed": 0.020143421670975034,
    "if_vehicle": true,
    "motion_state": false,
    "pose": [
      [
        -0.08228439041764135,
        -0.9928178878845412,
        0.08684423176052497,
        14.995706514740505
      ],
      [
        0.9963474389024474,
        -0.08394576863299161,
        -0.01564892715652775,
        31.56745126282476
      ],
      [
        0.022826740593681852,
        0.08523936546628466,
        0.9960989862904057,
        1.3317088350384267
      ],
      [
        0.0,
        0.0,
        0.0,
        1.0
      ]
    ],
    "location": [
      14.995706514740505,
      31.56745126282476,
      1.3317088350384267
    ],
    "rotation": [
      0.08536522300592302,
      -0.022828723409211733,
      1.653195374304463
    ]
  },
  {
    "label_id": "ZCSiMZdHr7H2v9WzSWCqWA",
    "size": [
      0.4835235466275865,
      0.09322347433545763,
      0.5600000000000023
    ],
    "obj_class": "sign",
    "point_num_in_lidar": 91,
    "speed": 0.007939397302994432,
    "if_vehicle": false,
    "motion_state": false,
    "pose": [
      [
        0.9952901292753541,
        -0.04307711662789027,
        0.08684423176052497,
        -1.1076349286604454
      ],
      [
        0.044598045374759386,
        0.9988824382416585,
        -0.01564892715652775,
        8.663130475864818
      ],
      [
        -0.08607306730795374,
        0.019448305721233117,
        0.9960989862904057,
        1.4371184155164372
      ],
      [
        0.0,
        0.0,
        0.0,
        1.0
      ]
    ],
    "location": [
      -1.1076349286604454,
      8.663130475864818,
      1.4371184155164372
    ],
    "rotation": [
      0.019521990575615104,
      0.08617970296588617,
      0.04477913642964964
    ]
  },
  {
    "label_id": "aRFz7j2dwLW0x6klYx_7gQ",
    "size": [
      2.147368756995135,
      4.4856824184495885,
      1.920000000000016
    ],
    "obj_class": "vehicle",
    "point_num_in_lidar": 42,
    "speed": 0.014869308004773579,
    "if_vehicle": true,
    "motion_state": false,
    "pose": [
      [
        0.9947723156213311,
        -0.05372261612486125,
        0.08684423176052497,
        34.7617847603201
      ],
      [
        0.0552818896185066,
        0.9983481475713055,
        -0.01564892715652775,
        -0.5458249350613187
      ],
      [
        -0.08586007659897717,
        0.020368032738677988,
        0.9960989862904057,
        -0.723346975499112
      ],
      [
        0.0,
        0.0,
        0.0,
        1.0
      ]
    ],
    "location": [
      34.7617847603201,
      -0.5458249350613187,
      -0.723346975499112
    ],
    "rotation": [
      0.020444950774033688,
      0.08596592083975278,
      0.055515302441211785
    ]
  },
  {
    "label_id": "asdOT76Zl6kcy5908IDPgQ",
    "size": [
      1.8829911936268884,
      3.830012521744248,
      1.460000000000008
    ],
    "obj_class": "vehicle",
    "point_num_in_lidar": 31,
    "speed": 1.857097175608e-27,
    "if_vehicle": true,
    "motion_state": false,
    "pose": [
      [
        -0.08673806069180752,
        -0.9924387075468936,
        0.08684423176052497,
        14.43067485067968
      ],
      [
        0.9959607688952312,
        -0.08841525830121129,
        -0.01564892715652775,
        36.65093942277781
      ],
      [
        0.023208956224796958,
        0.0851360902448635,
        0.9960989862904057,
        1.583594043321881
      ],
      [
        0.0,
        0.0,
        0.0,
        1.0
      ]
    ],
    "location": [
      14.43067485067968,
      36.65093942277781,
      1.583594043321881
    ],
    "rotation": [
      0.08526229612575362,
      -0.023211040335911176,
      1.6576669783903508
    ]
  },
  {
    "label_id": "exueily1Lt7uON4yqBxITg",
    "size": [
      0.7588241951168541,
      0.07151227768081742,
      0.75
    ],
    "obj_class": "sign",
    "point_num_in_lidar": 99,
    "speed": 0.010685509381129056,
    "if_vehicle": false,
    "motion_state": false,
    "pose": [
      [
        -0.018793380510966847,
        -0.9960446216203841,
        0.08684423176052497,
        7.517252415261737
      ],
      [
        0.9996729513489401,
        -0.02022625571255295,
        -0.01564892715652775,
        13.248215801502738
      ],
      [
        0.01734356336713723,
        0.08652173322903431,
        0.9960989862904057,
        1.871829750497227
      ],
      [
        0.0,
        0.0,
        0.0,
        1.0
      ]
    ],
    "location": [
      7.517252415261737,
      13.248215801502738,
      1.871829750497227
    ],
    "rotation": [
      0.08664311371302544,
      -0.0173444329731548,
      1.5895936414117875
    ]
  },
  {
    "label_id": "fZoqQ9qukc5jFPQ00JLwfg",
    "size": [
      2.1630520422499497,
      4.678952886478576,
      1.8700000000000045
    ],
    "obj_class": "vehicle",
    "point_num_in_lidar": 679,
    "speed": 0.020723689407423793,
    "if_vehicle": true,
    "motion_state": false,
    "pose": [
      [
        -0.09766293419965154,
        -0.9914232348969025,
        0.08684423176052497,
        18.103949732244473
      ],
      [
        0.9949266109697276,
        -0.09937881999270429,
        -0.01564892715652775,
        -12.149165744964193
      ],
      [
        0.024145187259724633,
        0.08487531704458555,
        0.9960989862904057,
        0.10682934747399031
      ],
      [
        0.0,
        0.0,
        0.0,
        1.0
      ]
    ],
    "location": [
      18.103949732244473,
      -12.149165744964193,
      0.10682934747399031
    ],
    "rotation": [
      0.08500239444351244,
      -0.024147533942811557,
      1.668643801027063
    ]
  },
  {
    "label_id": "gdywJfz_9bellnjvLvGrGw",
    "size": [
      1.0017507540681811,
      1.2747419405263642,
      1.9000000000000057
    ],
    "obj_class": "pedestrian",
    "point_num_in_lidar": 388,
    "speed": 1.6141879937252535,
    "if_vehicle": false,
    "motion_state": true,
    "pose": [
      [
        -0.9950928897331078,
        0.04741540058395855,
        0.08684423176052497,
        9.306389766527445
      ],
      [
        -0.04895197456152365,
        -0.9986785344971513,
        -0.01564892715652775,
        -5.569981384236598
      ],
      [
        0.08598746995429607,
        -0.019823332769368388,
        0.9960989862904057,
        0.10696669065700348
      ],
      [
        0.0,
        0.0,
        0.0,
        1.0
      ]
    ],
    "location": [
      9.306389766527445,
      -5.569981384236598,
      0.10696669065700348
    ],
    "rotation": [
      -0.019898340088305527,
      -0.08609378708109922,
      -3.092438906662746
    ]
  },
  {
    "label_id": "iig7YiZ08rzCckmuNjqSSA",
    "size": [
      2.0715932585364207,
      4.577422277222199,
      1.6800000000000068
    ],
    "obj_class": "vehicle",
    "point_num_in_lidar": 434,
    "speed": 0.03636623669538211,
    "if_vehicle": true,
    "motion_state": false,
    "pose": [
      [
        0.08457805730529291,
        0.9926251213990036,
        0.08684423176052497,
        8.2337058187195
      ],
      [
        -0.9961508244137418,
        0.08624758604547969,
        -0.01564892715652775,
        22.397585403095945
      ],
      [
        -0.02302362356983198,
        -0.08518639720601384,
        0.9960989862904057,
        0.647630313330751
      ],
      [
        0.0,
        0.0,
        0.0,
        1.0
      ]
    ],
    "location": [
      8.2337058187195,
      22.397585403095945,
      0.647630313330751
    ],
    "rotation": [
      -0.08531243363083135,
      0.023025658143382616,
      -1.4860945995910857
    ]
  },
  {
    "label_id": "k_NOVkdWc5tiNnbaUVinuw",
    "size": [
      2.155448501400674,
      4.4419784152818895,
      1.740000000000009
    ],
    "obj_class": "vehicle",
    "point_num_in_lidar": 467,
    "speed": 0.005876438785018076,
    "if_vehicle": true,
    "motion_state": false,
    "pose": [
      [
        -0.11218706251128792,
        -0.9898849137223037,
        0.08684423176052497,
        15.558646183132169
      ],
      [
        0.9933627577834161,
        -0.11395412466328703,
        -0.01564892715652775,
        21.39587813514845
      ],
      [
        0.02538689532051234,
        0.08451221839007322,
        0.9960989862904057,
        0.6123051090589513
      ],
      [
        0.0,
        0.0,
        0.0,
        1.0
      ]
    ],
    "location": [
      15.558646183132169,
      21.39587813514845,
      0.6123051090589513
    ],
    "rotation": [
      0.08464049011778377,
      -0.025389623063899837,
      1.6832564614055414
    ]
  },
  {
    "label_id": "mmdNjYPoJf8KPcfkiO2WVw",
    "size": [
      2.0692855396316605,
      4.3057734004472925,
      1.740000000000009
    ],
    "obj_class": "vehicle",
    "point_num_in_lidar": 217,
    "speed": 0.008486720721264997,
    "if_vehicle": true,
    "motion_state": false,
    "pose": [
      [
        -0.0770395076969487,
        -0.9932386388294285,
        0.08684423176052497,
        15.308406509799624
      ],
      [
        0.9967769154658348,
        -0.07868222082062694,
        -0.01564892715652775,
        26.528916263969222
      ],
      [
        0.022376216128469833,
        0.08535873981613183,
        0.9960989862904057,
        0.9586042036532092
      ],
      [
        0.0,
        0.0,
        0.0,
        1.0
      ]
    ],
    "location": [
      15.308406509799624,
      26.528916263969222,
      0.9586042036532092
    ],
    "rotation": [
      0.08548419245390369,
      -0.022378083826085502,
      1.6479315961795904
    ]
  },
  {
    "label_id": "neWc6a5SpHMFVBiTZbsQRA",
    "size": [
      2.157667668707657,
      4.838558424228969,
      1.75
    ],
    "obj_class": "vehicle",
    "point_num_in_lidar": 946,
    "speed": 0.01776831705680754,
    "if_vehicle": true,
    "motion_state": false,
    "pose": [
      [
        0.05812187144027589,
        0.9945249757900524,
        0.08684423176052497,
        8.787977897557994
      ],
      [
        -0.9980938762501781,
        0.0596969452379623,
        -0.01564892715652775,
        16.309123369064764
      ],
      [
        -0.02074758424912702,
        -0.08576915097546121,
        0.9960989862904057,
        0.17676448865447014
      ],
      [
        0.0,
        0.0,
        0.0,
        1.0
      ]
    ],
    "location": [
      8.787977897557994,
      16.309123369064764,
      0.17676448865447014
    ],
    "rotation": [
      -0.08589319302725885,
      0.020749073046177485,
      -1.5126291465519721
    ]
  },
  {
    "label_id": "p2KLoLcoeq8jqmt5_98t0A",
    "size": [
      0.41552815453936154,
      0.06448166061818679,
      0.17850084365227303
    ],
    "obj_class": "sign",
    "point_num_in_lidar": 24,
    "speed": 0.011621534546407325,
    "if_vehicle": false,
    "motion_state": false,
    "pose": [
      [
        -0.018793380517652256,
        -0.996044621620258,
        0.08684423176052497,
        7.517431588147701
      ],
      [
        0.9996729513488043,
        -0.020226255719262707,
        -0.01564892715652775,
        13.258730273750189
      ],
      [
        0.01734356336771796,
        0.0865217332289179,
        0.9960989862904057,
        1.3718297504971417
      ],
      [
        0.0,
        0.0,
        0.0,
        1.0
      ]
    ],
    "location": [
      7.517431588147701,
      13.258730273750189,
      1.3718297504971417
    ],
    "rotation": [
      0.08664311371290945,
      -0.017344432973735616,
      1.5895936414184753
    ]
  },
  {
    "label_id": "poNER0fr1zgf0U0PEnfldw",
    "size": [
      2.0585007434142226,
      4.589923589374125,
      1.7800000000000011
    ],
    "obj_class": "vehicle",
    "point_num_in_lidar": 4925,
    "speed": 0.0025486217864002275,
    "if_vehicle": true,
    "motion_state": false,
    "pose": [
      [
        -0.993493839807675,
        0.07367543467212098,
        0.08684423176052497,
        -4.673028152429197
      ],
      [
        -0.07530615590024543,
        -0.9970376592498289,
        -0.01564892715652775,
        6.5371406004178425
      ],
      [
        0.0854340280434539,
        -0.022087017985604494,
        0.9960989862904057,
        0.6134198575650487
      ],
      [
        0.0,
        0.0,
        0.0,
        1.0
      ]
    ],
    "location": [
      -4.673028152429197,
      6.5371406004178425,
      0.6134198575650487
    ],
    "rotation": [
      -0.022169884271987208,
      -0.08553830100911432,
      -3.0659380060355397
    ]
  },
  {
    "label_id": "tBnMwtSfMUdPA9bwMuVXzA",
    "size": [
      2.1071184373222915,
      4.94391362798015,
      1.5800000000000125
    ],
    "obj_class": "vehicle",
    "point_num_in_lidar": 438,
    "speed": 3.0289422678094793,
    "if_vehicle": true,
    "motion_state": true,
    "pose": [
      [
        0.06547082204402606,
        0.99406823250258,
        0.08684423176052497,
        11.598176222384609
      ],
      [
        -0.9976253941054809,
        0.0670722305781895,
        -0.01564892715652775,
        18.528965008947125
      ],
      [
        -0.021380937696078826,
        -0.08561346281083647,
        0.9960989862904057,
        0.4308563767137059
      ],
      [
        0.0,
        0.0,
        0.0,
        1.0
      ]
    ],
    "location": [
      11.598176222384609,
      18.528965008947125,
      0.4308563767137059
    ],
    "rotation": [
      -0.08573804334771142,
      0.021382567060953154,
      -1.5052636394933996
    ]
  },
  {
    "label_id": "zP3W4pR_Dkt0kqTwQldWqw",
    "size": [
      2.071869919683926,
      4.414748533014121,
      1.9000000000000057
    ],
    "obj_class": "vehicle",
    "point_num_in_lidar": 396,
    "speed": 0.0028650328908918134,
    "if_vehicle": true,
    "motion_state": false,
    "pose": [
      [
        -0.9939824056963027,
        0.06676119064332985,
        0.08684423176052497,
        29.247305010640048
      ],
      [
        -0.06836721546481193,
        -0.9975374854753268,
        -0.01564892715652775,
        9.322985318316569
      ],
      [
        0.08558563556917005,
        -0.021492056566259528,
        0.9960989862904057,
        -0.6699463170056958
      ],
      [
        0.0,
        0.0,
        0.0,
        1.0
      ]
    ],
    "location": [
      29.247305010640048,
      9.322985318316569,
      -0.6699463170056958
    ],
    "rotation": [
      -0.02157287850140892,
      -0.0856904658651285,
      -3.0729196986339486
    ]
  }
]