[
  {
    "label_id": "-G86PjIy35Dnhvmt_7sZlw",
    "size": [
      2.227901555720824,
      4.6671900838050675,
      1.8700000000000045
    ],
    "obj_class": "vehicle",
    "point_num_in_lidar": 795,
    "speed": 2.929642751054232e-13,
    "if_vehicle": true,
    "motion_state": false,
    "pose": [
      [
        -0.06823087034446448,
        -0.9949570298997641,
        0.07351909265678354,
        18.61779281734198
      ],
      [
        0.9973654430941564,
        -0.06984398896752336,
        -0.019595666018319236,
        -18.57580561231225
      ],
      [
        0.024631712356917364,
        0.0719883730761039,
        0.9971012751412074,
        0.3009968221567476
      ],
      [
        0.0,
        0.0,
        0.0,
        1.0
      ]
    ],
    "location": [
      18.61779281734198,
      -18.57580561231225,
      0.3009968221567476
    ],
    "rotation": [
      0.07207260162595949,
      -0.024634203801102844,
      1.6391010056455408
    ]
  },
  {
    "label_id": "10t7lCtA-oADlgKbKqqaGQ",
    "size": [
      1.9409380617617649,
      4.35531691411666,
      1.5900000000000034
    ],
    "obj_class": "vehicle",
    "point_num_in_lidar": 56,
    "speed": 1.9945885082418897e-12,
    "if_vehicle": true,
    "motion_state": false,
    "pose": [
      [
        0.9920202055029088,
        -0.1024248743659954,
        0.07351909265678354,
        57.06252341989193
      ],
      [
        0.10411990631357515,
        0.9943716885463658,
        -0.019595666018319236,
        1.610238230023242
      ],
      [
        -0.07109822067547822,
        0.02709409767014277,
        0.9971012751412074,
        -2.152179487379186
      ],
      [
        0.0,
        0.0,
        0.0,
        1.0
      ]
    ],
    "location": [
      57.06252341989193,
      1.610238230023242,
      -2.152179487379186
    ],
    "rotation": [
      0.027166179462091523,
      0.07115825708383404,
      0.1045745666543722
    ]
  },
  {
    "label_id": "1cey-IEbE8XPL2SyOdH_ig",
    "size": [
      2.1449194355921044,
      4.755202036269388,
      1.5
    ],
    "obj_class": "vehicle",
    "point_num_in_lidar": 94,
    "speed": 0.3372904673715434,
    "if_vehicle": true,
    "motion_state": false,
    "pose": [
      [
        -0.9947882509007842,
        -0.07064898360685472,
        0.07351909265678354,
        42.38639033808158
      ],
      [
        0.0693860801085617,
        -0.9973974041275957,
        -0.019595666018319236,
        9.63786531542064
      ],
      [
        0.07471216605698572,
        -0.014392336671007375,
        0.9971012751412074,
        -1.434697761009403
      ],
      [
        0.0,
        0.0,
        0.0,
        1.0
      ]
    ],
    "location": [
      42.38639033808158,
      9.63786531542064,
      -1.434697761009403
    ],
    "rotation": [
      -0.014433175073231722,
      -0.07478184729856976,
      3.0719558377965597
    ]
  },
  {
    "label_id": "6GQJCYvdj35m3AkilVFa3A",
    "size": [
      1.9227345516098802,
      3.8913786098047867,
      1.7199999999999989
    ],
    "obj_class": "vehicle",
    "point_num_in_lidar": 65,
    "speed": 0.014749643652454703,
    "if_vehicle": true,
    "motion_state": false,
    "pose": [
      [
        0.9958174997456558,
        -0.05424435652889558,
        0.07351909265678354,
        44.39546154708023
      ],
      [
        0.05582347617733834,
        0.9982483405349475,
        -0.019595666018319236,
        0.21707688300375594
      ],
      [
        -0.07232735794835034,
        0.02361779845771906,
        0.9971012751412074,
        -1.3921594826029207
      ],
      [
        0.0,
        0.0,
        0.0,
        1.0
      ]
    ],
    "location": [
      44.39546154708023,
      0.21707688300375594,
      -1.3921594826029207
    ],
    "rotation": [
      0.02368203072628887,
      0.0723905672357421,
      0.05599932843895782
    ]
  },
  {
    "label_id": "6kV2629tjfAKv8UQAUpQIw",
    "size": [
      2.0185551680237097,
      4.332165675849257,
      1.5699999999999932
    ],
    "obj_class": "vehicle",
    "point_num_in_lidar": 390,
    "speed": 0.003140986427219256,
    "if_vehicle": true,
    "motion_state": false,
    "pose": [
      [
        0.9968295624404993,
        -0.030426410560659978,
        0.07351909265678354,
        29.41923261792317
      ],
      [
        0.031946976071263095,
        0.9992974535108154,
        -0.019595666018319236,
        -0.7710217033218214
      ],
      [
        -0.07287121629686652,
        0.021882251876658564,
        0.9971012751412074,
        -0.5074574254377353
      ],
      [
        0.0,
        0.0,
        0.0,
        1.0
      ]
    ],
    "location": [
      29.41923261792317,
      -0.7710217033218214,
      -0.5074574254377353
    ],
    "rotation": [
      0.021942344727034168,
      0.07293586452699645,
      0.03203761837070741
    ]
  },
  {
    "label_id": "9ojEvP_IkP8ziMOD-24fCQ",
    "size": [
      2.047061630868588,
      4.486385603924427,
      1.4699999999999989
    ],
    "obj_class": "vehicle",
    "point_num_in_lidar": 1361,
    "speed": 0.008825975836801324,
    "if_vehicle": true,
    "motion_state": false,
    "pose": [
      [
        0.08819519793590362,
        0.9933864052200281,
        0.07351909265678354,
        10.864039791331834
      ],
      [
        -0.9957619424910291,
        0.08985635069259626,
        -0.019595666018319236,
        -9.7805201886149
      ],
      [
        -0.02607222559619983,
        -0.0714792708709252,
        0.9971012751412074,
        0.0030518993438022335
      ],
      [
        0.0,
        0.0,
        0.0,
        1.0
      ]
    ],
    "location": [
      10.864039791331834,
      -9.7805201886149,
      0.0030518993438022335
    ],
    "rotation": [
      -0.0715646484094443,
      0.02607518031357738,
      -1.4824562821541731
    ]
  },
  {
    "label_id": "C7N3XXk6WR3gQXpwt59PzA",
    "size": [
      2.307378830982024,
      5.053288138911819,
      2.0999999999999943
    ],
    "obj_class": "vehicle",
    "point_num_in_lidar": 177,
    "speed": 7.544728081480634,
    "if_vehicle": true,
    "motion_state": true,
    "pose": [
      [
        0.07890441844126855,
        0.9941675089065063,
        0.07351909265678354,
        10.100534481279283
      ],
      [
        -0.9965584720739945,
        0.08054329029065078,
        -0.019595666018319236,
        34.99220681697443
      ],
      [
        -0.025402844092556883,
        -0.07171989001516582,
        0.9971012751412074,
        1.7770644878037558
      ],
      [
        0.0,
        0.0,
        0.0,
        1.0
      ]
    ],
    "location": [
      10.100534481279283,
      34.99220681697443,
      1.7770644878037558
    ],
    "rotation": [
      -0.07180472912866184,
      0.025405576981110088,
      -1.4917842521444251
    ]
  },
  {
    "label_id": "CZqAJKroo0JigZQamJxBgw",
    "size": [
      2.065816711740852,
      4.364933663449352,
      1.700000000000017
    ],
    "obj_class": "vehicle",
    "point_num_in_lidar": 29,
    "speed": 0.007878343494303972,
    "if_vehicle": true,
    "motion_state": false,
    "pose": [
      [
        -0.1272715612189481,
        -0.9891394708127943,
        0.07351909265678354,
        13.502275106447541
      ],
      [
        0.9914477044948873,
        -0.1290250329398017,
        -0.019595666018319236,
        49.571970506223806
      ],
      [
        0.028868650067330373,
        0.07039636464383839,
        0.9971012751412074,
        2.813359851547858
      ],
      [
        0.0,
        0.0,
        0.0,
        1.0
      ]
    ],
    "location": [
      13.502275106447541,
      49.571970506223806,
      2.813359851547858
    ],
    "rotation": [
      0.07048406346732894,
      -0.028872661422363756,
      1.6984675112060923
    ]
  },
  {
    "label_id": "EENp0Fqicu7Uz2meQc79Hw",
    "size": [
      0.483523546627589,
      0.09322347433545763,
      0.47999999999998977
    ],
    "obj_class": "sign",
    "point_num_in_lidar": 128,
    "speed": 0.007394982697039111,
    "if_vehicle": false,
    "motion_state": false,
    "pose": [
      [
        0.9963610337924049,
        -0.043123466408129724,
        0.07351909265678354,
        -1.0884392703997037
      ],
      [
        0.04467534924121126,
        0.998809352701242,
        -0.019595666018319236,
        8.652951761361692
      ],
      [
        -0.07258652430241869,
        0.02280884919220203,
        0.9971012751412074,
        1.9475205339276442
      ],
      [
        0.0,
        0.0,
        0.0,
        1.0
      ]
    ],
    "location": [
      -1.0884392703997037,
      8.652951761361692,
      1.9475205339276442
    ],
    "rotation": [
      0.022871169250475692,
      0.07265041659381959,
      0.04480850211347264
    ]
  },
  {
    "label_id": "NXG3IQg-7AGdDP54x0y-Ww",
    "size": [
      2.1501117497804265,
      4.509298866515579,
      1.740000000000009
    ],
    "obj_class": "vehicle",
    "point_num_in_lidar": 333,
    "speed": 0.010166654387282594,
    "if_vehicle": true,
    "motion_state": false,
    "pose": [
      [
        0.06623289665406258,
        0.9950920291187823,
        0.07351909265678354,
        7.638886929005821
      ],
      [
        -0.9975036765391871,
        0.06784117602240516,
        -0.019595666018319236,
        28.638029885465585
      ],
      [
        -0.024487112766039626,
        -0.07203768749870787,
        0.9971012751412074,
        1.0135205422117224
      ],
      [
        0.0,
        0.0,
        0.0,
        1.0
      ]
    ],
    "location": [
      7.638886929005821,
      28.638029885465585,
      1.0135205422117224
    ],
    "rotation": [
      -0.07212180277629741,
      0.02448956058167374,
      -1.5044949993481986
    ]
  },
  {
    "label_id": "Nx6yXW6ayqyL8X2hVv-MUA",
    "size": [
      2.1423545519153824,
      4.746408458305702,
      1.7700000000000102
    ],
    "obj_class": "vehicle",
    "point_num_in_lidar": 679,
    "speed": 1.767802165587265,
    "if_vehicle": true,
    "motion_state": true,
    "pose": [
      [
        -0.9918006432964688,
        -0.10452955070999688,
        0.07351909265678354,
        23.868105208548968
      ],
      [
        0.10335635213931975,
        -0.9944513433777197,
        -0.019595666018319236,
        6.398116808357372
      ],
      [
        0.0751594866212075,
        -0.011836328933193977,
        0.9971012751412074,
        -0.21794566588073394
      ],
      [
        0.0,
        0.0,
        0.0,
        1.0
      ]
    ],
    "location": [
      23.868105208548968,
      6.398116808357372,
      -0.21794566588073394
    ],
    "rotation": [
      -0.011870181400199444,
      -0.07523042911795444,
      3.0377566401091007
    ]
  },
  {
    "label_id": "WWv9wtVzT42U162-yTuOoA",
    "size": [
      2.026152920936916,
      4.6105153086884325,
      1.5699999999999932
    ],
    "obj_class": "vehicle",
    "point_num_in_lidar": 3979,
    "speed": 0.01322489043130276,
    "if_vehicle": true,
    "motion_state": false,
    "pose": [
      [
        -0.9952407932785393,
        0.06395863045146306,
        0.07351909265678354,
        0.3500143281776218
      ],
      [
        -0.06556139425935753,
        -0.9976561098174398,
        -0.019595666018319236,
        7.029298816405571
      ],
      [
        0.0720934600159586,
        -0.024322420412154978,
        0.9971012751412074,
        0.09233202312819344
      ],
      [
        0.0,
        0.0,
        0.0,
        1.0
      ]
    ],
    "location": [
      0.3500143281776218,
      7.029298816405571,
      0.09233202312819344
    ],
    "rotation": [
      -0.024388292937251477,
      -0.07215605709552474,
      -3.0758127878220365
    ]
  },
  {
    "label_id": "X4H9yiCRjWTn4rPCsOkVdA",
    "size": [
      1.9697740761117524,
      4.4188602944795115,
      1.6500000000000057
    ],
    "obj_class": "vehicle",
    "point_num_in_lidar": 651,
    "speed": 0.0046701009387720765,
    "if_vehicle": true,
    "motion_state": false,
    "pose": [
      [
        -0.10342694076211956,
        -0.9919162318157275,
        0.07351909265678354,
        15.977894833142273
      ],
      [
        0.9942660013725485,
        -0.10512434726523537,
        -0.019595666018319236,
        16.269229026038374
      ],
      [
        0.02716590582388745,
        0.07107081449192708,
        0.9971012751412074,
        0.1145838677586255
      ],
      [
        0.0,
        0.0,
        0.0,
        1.0
      ]
    ],
    "location": [
      15.977894833142273,
      16.269229026038374,
      0.1145838677586255
    ],
    "rotation": [
      0.07115708711217572,
      -0.02716924827903334,
      1.6744469470907786
    ]
  },
  {
    "label_id": "XrzRs3LbaboaBImF0mOdjQ",
    "size": [
      1.868009280595782,
      4.653371289880262,
      1.8600000000000136
    ],
    "obj_class": "vehicle",
    "point_num_in_lidar": 317,
    "speed": 0.00332217963713391,
    "if_vehicle": true,
    "motion_state": false,
    "pose": [
      [
        -0.08237292613480468,
        -0.9938861323385657,
        0.07351909265678354,
        14.998399246021108
      ],
      [
        0.9962713623700125,
        -0.08402013088955355,
        -0.019595666018319236,
        31.557711306266356
      ],
      [
        0.025652944497449738,
        0.07163081425189159,
        0.9971012751412074,
        1.3581612117964994
      ],
      [
        0.0,
        0.0,
        0.0,
        1.0
      ]
    ],
    "location": [
      14.998399246021108,
      31.557711306266356,
      1.3581612117964994
    ],
    "rotation": [
      0.07171585365222563,
      -0.02565575891839689,
      1.6532899022815284
    ]
  },
  {
    "label_id": "ZCSiMZdHr7H2v9WzSWCqWA",
    "size": [
      0.483523546627589,
      0.09322347433545763,
      0.5600000000000023
    ],
    "obj_class": "sign",
    "point_num_in_lidar": 92,
    "speed": 0.007939397501973927,
    "if_vehicle": false,
    "motion_state": false,
    "pose": [
      [
        0.9963610337924049,
        -0.043123466408129724,
        0.07351909265678354,
        -1.0889021832613253
      ],
      [
        0.04467534924121126,
        0.998809352701242,
        -0.019595666018319236,
        8.652709394315025
      ],
      [
        -0.07258652430241869,
        0.02280884919220203,
        0.9971012751412074,
        1.4135608159521666
      ],
      [
        0.0,
        0.0,
        0.0,
        1.0
      ]
    ],
    "location": [
      -1.0889021832613253,
      8.652709394315025,
      1.4135608159521666
    ],
    "rotation": [
      0.022871169250475692,
      0.07265041659381959,
      0.04480850211347264
    ]
  },
  {
    "label_id": "ZF1-vGaHNjltsRoVWjqYiQ",
    "size": [
      2.0916384992245667,
      4.67170689046401,
      1.5999999999999943
    ],
    "obj_class": "vehicle",
    "point_num_in_lidar": 25,
    "speed": 0.00780766186345822,
    "if_vehicle": true,
    "motion_state": false,
    "pose": [
      [
        -0.9937737938618613,
        0.08371731988260252,
        0.07351909265678354,
        50.50527612271617
      ],
      [
        -0.08536774972532218,
        -0.9961567934718576,
        -0.019595666018319236,
        10.655479292054224
      ],
      [
        0.0715960469595736,
        -0.02574981886423213,
        0.9971012751412074,
        -1.835104305415939
      ],
      [
        0.0,
        0.0,
        0.0,
        1.0
      ]
    ],
    "location": [
      50.50527612271617,
      10.655479292054224,
      -1.835104305415939
    ],
    "rotation": [
      -0.025818938848957897,
      -0.07165735530205682,
      -3.055900425042358
    ]
  },
  {
    "label_id": "aRFz7j2dwLW0x6klYx_7gQ",
    "size": [
      2.147368756995409,
      4.4856824184495885,
      1.920000000000016
    ],
    "obj_class": "vehicle",
    "point_num_in_lidar": 90,
    "speed": 0.014869308377660009,
    "if_vehicle": true,
    "motion_state": false,
    "pose": [
      [
        0.9955009640574853,
        -0.05977268251919443,
        0.07351909265678354,
        34.722517602867356
      ],
      [
        0.061365274790055935,
        0.997922999496073,
        -0.019595666018319236,
        -0.5541838016579277
      ],
      [
        -0.07219510794062198,
        0.02401902373578441,
        0.9971012751412074,
        -0.7453326763321115
      ],
      [
        0.0,
        0.0,
        0.0,
        1.0
      ]
    ],
    "location": [
      34.722517602867356,
      -0.5541838016579277,
      -0.7453326763321115
    ],
    "rotation": [
      0.02408419293994258,
      0.07225797058578777,
      0.06156470786703252
    ]
  },
  {
    "label_id": "asdOT76Zl6kcy5908IDPgQ",
    "size": [
      1.8829911936268853,
      3.830012521744248,
      1.460000000000008
    ],
    "obj_class": "vehicle",
    "point_num_in_lidar": 253,
    "speed": 4.549693413077341e-13,
    "if_vehicle": true,
    "motion_state": false,
    "pose": [
      [
        -0.08683138843440431,
        -0.9935065440134135,
        0.07351909265678354,
        14.430674850680589
      ],
      [
        0.995884359485716,
        -0.08848927847498646,
        -0.019595666018319236,
        36.65093942277963
      ],
      [
        0.025974073886835883,
        0.07151499561280435,
        0.9971012751412074,
        1.5694507693411026
      ],
      [
        0.0,
        0.0,
        0.0,
        1.0
      ]
    ],
    "location": [
      14.430674850680589,
      36.65093942277963,
      1.5694507693411026
    ],
    "rotation": [
      0.07160029373438773,
      -0.025976995352903615,
      1.6577666172113195
    ]
  },
  {
    "label_id": "cPrxNWhkfFseBGIlnuWdzg",
    "size": [
      0.8215701562701633,
      1.2015272597505833,
      1.740000000000009
    ],
    "obj_class": "pedestrian",
    "point_num_in_lidar": 20,
    "speed": 1.243928757043957,
    "if_vehicle": false,
    "motion_state": true,
    "pose": [
      [
        -0.9950466320668206,
        0.0669114566229171,
        0.07351909265678354,
        51.49877209150327
      ],
      [
        -0.06852138017329033,
        -0.9974571822050537,
        -0.019595666018319236,
        -2.4045968287555297
      ],
      [
        0.07202097244292563,
        -0.024536231172565624,
        0.9971012751412074,
        -1.0796916702277315
      ],
      [
        0.0,
        0.0,
        0.0,
        1.0
      ]
    ],
    "location": [
      51.49877209150327,
      -2.4045968287555297,
      -1.0796916702277315
    ],
    "rotation": [
      -0.024602596637774764,
      -0.07208338059993218,
      -3.072838713130943
    ]
  },
  {
    "label_id": "exueily1Lt7uON4yqBxITg",
    "size": [
      0.7588241951168534,
      0.07151227768081742,
      0.75
    ],
    "obj_class": "sign",
    "point_num_in_lidar": 167,
    "speed": 0.010685509649923812,
    "if_vehicle": false,
    "motion_state": false,
    "pose": [
      [
        -0.018813601666078435,
        -0.997116337950228,
        0.07351909265678354,
        7.488707717296165
      ],
      [
        0.9996017726575744,
        -0.020305318838500792,
        -0.019595666018319236,
        13.252407113293884
      ],
      [
        0.021031987356995477,
        0.07312115028904712,
        0.9971012751412074,
        1.8718297504970849
      ],
      [
        0.0,
        0.0,
        0.0,
        1.0
      ]
    ],
    "location": [
      7.488707717296165,
      13.252407113293884,
      1.8718297504970849
    ],
    "rotation": [
      0.07320268824124582,
      -0.021033538229685487,
      1.589615201653063
    ]
  },
  {
    "label_id": "fZoqQ9qukc5jFPQ00JLwfg",
    "size": [
      2.1630520422499497,
      4.678952886478576,
      1.8700000000000045
    ],
    "obj_class": "vehicle",
    "point_num_in_lidar": 1791,
    "speed": 0.6322315582938809,
    "if_vehicle": true,
    "motion_state": false,
    "pose": [
      [
        -0.0977680168025092,
        -0.992489978743074,
        0.07351909265678354,
        18.098921558511393
      ],
      [
        0.9948493909798974,
        -0.09945199414906399,
        -0.019595666018319236,
        -11.431406265739497
      ],
      [
        0.026760122522724965,
        0.07122459515046035,
        0.9971012751412074,
        0.13532911966487404
      ],
      [
        0.0,
        0.0,
        0.0,
        1.0
      ]
    ],
    "location": [
      18.098921558511393,
      -11.431406265739497,
      0.13532911966487404
    ],
    "rotation": [
      0.07131053356602504,
      -0.02676331739153387,
      1.66875596489198
    ]
  },
  {
    "label_id": "gdywJfz_9bellnjvLvGrGw",
    "size": [
      1.0017507540681823,
      1.2747419405263642,
      1.9000000000000057
    ],
    "obj_class": "pedestrian",
    "point_num_in_lidar": 624,
    "speed": 1.5037186460884728,
    "if_vehicle": false,
    "motion_state": true,
    "pose": [
      [
        -0.9961635820258924,
        0.04746641823717386,
        0.07351909265678354,
        5.121296944234473
      ],
      [
        -0.0490289590972001,
        -0.9986051126662349,
        -0.019595666018319236,
        -5.986058178827079
      ],
      [
        0.07248640572678516,
        -0.023125053439724652,
        0.9971012751412074,
        0.225630464367498
      ],
      [
        0.0,
        0.0,
        0.0,
        1.0
      ]
    ],
    "location": [
      5.121296944234473,
      -5.986058178827079,
      0.225630464367498
    ],
    "rotation": [
      -0.02318812458775853,
      -0.07255003358530882,
      -3.0924145584066496
    ]
  },
  {
    "label_id": "iig7YiZ08rzCckmuNjqSSA",
    "size": [
      2.0715932585364185,
      4.577422277222199,
      1.6800000000000068
    ],
    "obj_class": "vehicle",
    "point_num_in_lidar": 698,
    "speed": 0.010549738628315767,
    "if_vehicle": true,
    "motion_state": false,
    "pose": [
      [
        0.08466906094427737,
        0.9936931584416475,
        0.07351909265678354,
        8.230100450108239
      ],
      [
        -0.996074576271813,
        0.08632177233019832,
        -0.019595666018319236,
        22.48506994759373
      ],
      [
        -0.02581837763575293,
        -0.07157135242564504,
        0.9971012751412074,
        0.6405247942885524
      ],
      [
        0.0,
        0.0,
        0.0,
        1.0
      ]
    ],
    "location": [
      8.230100450108239,
      22.48506994759373,
      0.6405247942885524
    ],
    "rotation": [
      -0.07165652489413649,
      0.02582124686930816,
      -1.4859974391862343
    ]
  },
  {
    "label_id": "k_NOVkdWc5tiNnbaUVinuw",
    "size": [
      2.1554485014006675,
      4.4419784152818895,
      1.740000000000009
    ],
    "obj_class": "vehicle",
    "point_num_in_lidar": 878,
    "speed": 0.002776439925742647,
    "if_vehicle": true,
    "motion_state": false,
    "pose": [
      [
        -0.11230777267253873,
        -0.9909500023776459,
        0.07351909265678354,
        15.547551379259403
      ],
      [
        0.9932844733326731,
        -0.1140261588826546,
        -0.019595666018319236,
        21.399519797170797
      ],
      [
        0.027801425027636006,
        0.07082462762493684,
        0.9971012751412074,
        0.6053585432237014
      ],
      [
        0.0,
        0.0,
        0.0,
        1.0
      ]
    ],
    "location": [
      15.547551379259403,
      21.399519797170797,
      0.6053585432237014
    ],
    "rotation": [
      0.070911428287014,
      -0.027805007649881617,
      1.6833852441566217
    ]
  },
  {
    "label_id": "mmdNjYPoJf8KPcfkiO2WVw",
    "size": [
      2.069285539631826,
      4.3057734004472925,
      1.740000000000009
    ],
    "obj_class": "vehicle",
    "point_num_in_lidar": 389,
    "speed": 0.00848672093414729,
    "if_vehicle": true,
    "motion_state": false,
    "pose": [
      [
        -0.07816378464927426,
        -0.9942260134316667,
        0.07351909265678354,
        15.308333088573363
      ],
      [
        0.9966181968245229,
        -0.07980087487950774,
        -0.019595666018319236,
        26.506002320038533
      ],
      [
        0.02534940882029084,
        0.07173879413706362,
        0.9971012751412074,
        0.9586042036531239
      ],
      [
        0.0,
        0.0,
        0.0,
        1.0
      ]
    ],
    "location": [
      15.308333088573363,
      26.506002320038533,
      0.9586042036531239
    ],
    "rotation": [
      0.07182359059852807,
      -0.025352124495761134,
      1.6490651253185973
    ]
  },
  {
    "label_id": "neWc6a5SpHMFVBiTZbsQRA",
    "size": [
      2.1576676687071124,
      4.838558424228969,
      1.75
    ],
    "obj_class": "vehicle",
    "point_num_in_lidar": 1143,
    "speed": 0.012661368551781349,
    "if_vehicle": true,
    "motion_state": false,
    "pose": [
      [
        0.09009886386656928,
        0.9932155545222178,
        0.07351909265678354,
        8.76923624732899
      ],
      [
        -0.9955879038265281,
        0.09176456629657304,
        -0.019595666018319236,
        16.281263172642866
      ],
      [
        -0.02620916794278443,
        -0.07142917210443611,
        0.9971012751412074,
        0.15704568288808218
      ],
      [
        0.0,
        0.0,
        0.0,
        1.0
      ]
    ],
    "location": [
      8.76923624732899,
      16.281263172642866,
      0.15704568288808218
    ],
    "rotation": [
      -0.07151466070684141,
      0.026212169473081904,
      -1.480544026808152
    ]
  },
  {
    "label_id": "p2KLoLcoeq8jqmt5_98t0A",
    "size": [
      0.41552815453936354,
      0.06448166061818679,
      0.17850084365227303
    ],
    "obj_class": "sign",
    "point_num_in_lidar": 32,
    "speed": 0.010949133547099992,
    "if_vehicle": false,
    "motion_state": false,
    "pose": [
      [
        -0.01881360167279053,
        -0.9971163379501014,
        0.07351909265678354,
        7.488091485192854
      ],
      [
        0.9996017726574378,
        -0.020305318845229625,
        -0.019595666018319236,
        13.26045923066522
      ],
      [
        0.02103198735748769,
        0.07312115028890553,
        0.9971012751412074,
        1.372684784162118
      ],
      [
        0.0,
        0.0,
        0.0,
        1.0
      ]
    ],
    "location": [
      7.488091485192854,
      13.26045923066522,
      1.372684784162118
    ],
    "rotation": [
      0.07320268824110458,
      -0.021033538230177812,
      1.5896152016597778
    ]
  },
  {
    "label_id": "poNER0fr1zgf0U0PEnfldw",
    "size": [
      2.058500743414223,
      4.589923589374125,
      1.7800000000000011
    ],
    "obj_class": "vehicle",
    "point_num_in_lidar": 4121,
    "speed": 0.0033767942726988715,
    "if_vehicle": true,
    "motion_state": false,
    "pose": [
      [
        -0.9945628115671823,
        0.07375470739216952,
        0.07351909265678354,
        -4.68213742366288
      ],
      [
        -0.07538117480360046,
        -0.9969622301564526,
        -0.019595666018319236,
        6.537523396067627
      ],
      [
        0.07185048596084997,
        -0.02503107626467417,
        0.9971012751412074,
        0.5989140865792706
      ],
      [
        0.0,
        0.0,
        0.0,
        1.0
      ]
    ],
    "location": [
      -4.68213742366288,
      6.537523396067627,
      0.5989140865792706
    ],
    "rotation": [
      -0.025098573891851245,
      -0.07191245128585667,
      -3.065944012801162
    ]
  },
  {
    "label_id": "tBnMwtSfMUdPA9bwMuVXzA",
    "size": [
      2.1071184373222924,
      4.94391362798015,
      1.5800000000000125
    ],
    "obj_class": "vehicle",
    "point_num_in_lidar": 1628,
    "speed": 3.7348411706612032,
    "if_vehicle": true,
    "motion_state": true,
    "pose": [
      [
        0.06554126682891871,
        0.9951378222926629,
        0.07351909265678354,
        11.9934122487889
      ],
      [
        -0.9975505869249354,
        0.06714786965358871,
        -0.019595666018319236,
        13.114201685622902
      ],
      [
        -0.024437038858612356,
        -0.07205468925476609,
        0.9971012751412074,
        0.03119084464319144
      ],
      [
        0.0,
        0.0,
        0.0,
        1.0
      ]
    ],
    "location": [
      11.9934122487889,
      13.114201685622902,
      0.03119084464319144
    ],
    "rotation": [
      -0.07213876539927161,
      0.024439471685572377,
      -1.5051884246492404
    ]
  },
  {
    "label_id": "vNvpD12q14e1m0Ldy5Yr0A",
    "size": [
      2.395899059570982,
      5.002370273678711,
      1.9099999999999966
    ],
    "obj_class": "vehicle",
    "point_num_in_lidar": 1001,
    "speed": 0.008325761866088917,
    "if_vehicle": true,
    "motion_state": false,
    "pose": [
      [
        0.051366691135094907,
        0.9959700829125114,
        0.07351909265678354,
        11.655451165760041
      ],
      [
        -0.998405476458529,
        0.05293878021749399,
        -0.019595666018319236,
        -19.283952913165194
      ],
      [
        -0.023408708196938334,
        -0.07239530020884521,
        0.9971012751412074,
        0.3746273054662197
      ],
      [
        0.0,
        0.0,
        0.0,
        1.0
      ]
    ],
    "location": [
      11.655451165760041,
      -19.283952913165194,
      0.3746273054662197
    ],
    "rotation": [
      -0.0724785835916559,
      0.023410846593295204,
      -1.5193929219333342
    ]
  },
  {
    "label_id": "vPy9W0Cmj-SFneQRaife3A",
    "size": [
      2.6728488425907946,
      6.188632361968968,
      2.259999999999991
    ],
    "obj_class": "vehicle",
    "point_num_in_lidar": 73,
    "speed": 0.003320212708451086,
    "if_vehicle": true,
    "motion_state": false,
    "pose": [
      [
        -0.9932113686260106,
        0.09014499568456448,
        0.07351909265678354,
        59.24913666721022
      ],
      [
        -0.09181080830135685,
        -0.995583640560827,
        -0.019595666018319236,
        11.397303169396764
      ],
      [
        0.07142795468931176,
        -0.026212485587594703,
        0.9971012751412074,
        -2.0018963384017354
      ],
      [
        0.0,
        0.0,
        0.0,
        1.0
      ]
    ],
    "location": [
      59.24913666721022,
      11.397303169396764,
      -2.0018963384017354
    ],
    "rotation": [
      -0.02628263577908564,
      -0.07148883156691407,
      -3.04941626427012
    ]
  },
  {
    "label_id": "weeQq-6LKvQs2E_0jsJGRA",
    "size": [
      2.109081333524188,
      4.508483162875747,
      1.8900000000000148
    ],
    "obj_class": "vehicle",
    "point_num_in_lidar": 67,
    "speed": 0.011134332526739442,
    "if_vehicle": true,
    "motion_state": false,
    "pose": [
      [
        0.08848090430541011,
        0.9933609981211362,
        0.07351909265678354,
        7.371426913379764
      ],
      [
        -0.995736057526139,
        0.09014274022682063,
        -0.019595666018319236,
        33.92174362489823
      ],
      [
        -0.026092782825878024,
        -0.07147176922519687,
        0.9971012751412074,
        1.6331595764038696
      ],
      [
        0.0,
        0.0,
        0.0,
        1.0
      ]
    ],
    "location": [
      7.371426913379764,
      33.92174362489823,
      1.6331595764038696
    ],
    "rotation": [
      -0.0715571634169039,
      0.02609574453933681,
      -1.4821693084637746
    ]
  },
  {
    "label_id": "zP3W4pR_Dkt0kqTwQldWqw",
    "size": [
      2.0718699196839254,
      4.414748533014121,
      1.9000000000000057
    ],
    "obj_class": "vehicle",
    "point_num_in_lidar": 164,
    "speed": 0.0028650329629326485,
    "if_vehicle": true,
    "motion_state": false,
    "pose": [
      [
        -0.9950519031391274,
        0.06683302382897066,
        0.07351909265678354,
        29.243661842507663
      ],
      [
        -0.06844275736748752,
        -0.9974625801689173,
        -0.019595666018319236,
        9.316161373757495
      ],
      [
        0.07202290623916613,
        -0.024530554185393353,
        0.9971012751412074,
        -0.6682481576463886
      ],
      [
        0.0,
        0.0,
        0.0,
        1.0
      ]
    ],
    "location": [
      29.243661842507663,
      9.316161373757495,
      -0.6682481576463886
    ],
    "rotation": [
      -0.024596906591447032,
      -0.07208531943122438,
      -3.0729177174784637
    ]
  }
]