[
  {
    "label_id": "-G86PjIy35Dnhvmt_7sZlw",
    "size": [
      2.227901555720827,
      4.6671900838050675,
      1.8700000000000045
    ],
    "obj_class": "vehicle",
    "point_num_in_lidar": 799,
    "speed": 2.929642751054232e-13,
    "if_vehicle": true,
    "motion_state": false,
    "pose": [
      [
        -0.06824269431586615,
        -0.9951294495597544,
        0.07113587907245904,
        18.617792817342433
      ],
      [
        0.997364265708711,
        -0.06980968895486062,
        -0.019776976901167316,
        -18.57580561231225
      ],
      [
        0.024646625729193555,
        0.06959874960748844,
        0.9972705540089105,
        0.3009968221566055
      ],
      [
        0.0,
        0.0,
        0.0,
        1.0
      ]
    ],
    "location": [
      18.617792817342433,
      -18.57580561231225,
      0.3009968221566055
    ],
    "rotation": [
      0.06967626182510109,
      -0.024649121702310903,
      1.6391128860124875
    ]
  },
  {
    "label_id": "10t7lCtA-oADlgKbKqqaGQ",
    "size": [
      1.940938061761765,
      4.35531691411666,
      1.5900000000000034
    ],
    "obj_class": "vehicle",
    "point_num_in_lidar": 65,
    "speed": 1.9945885082418897e-12,
    "if_vehicle": true,
    "motion_state": false,
    "pose": [
      [
        0.9921921162301027,
        -0.10244262393856667,
        0.07113587907245904,
        57.06252341989102
      ],
      [
        0.10408558609951173,
        0.9943716920502975,
        -0.019776976901167316,
        1.610238230025061
      ],
      [
        -0.06870949903143841,
        0.02702678023016395,
        0.9972705540089105,
        -2.1529343238433114
      ],
      [
        0.0,
        0.0,
        0.0,
        1.0
      ]
    ],
    "location": [
      57.06252341989102,
      1.610238230025061,
      -2.1529343238433114
    ],
    "rotation": [
      0.027094118465170597,
      0.06876367707882128,
      0.1045223658225802
    ]
  },
  {
    "label_id": "1cey-IEbE8XPL2SyOdH_ig",
    "size": [
      2.1449194355920578,
      4.755202036269388,
      1.5
    ],
    "obj_class": "vehicle",
    "point_num_in_lidar": 125,
    "speed": 0.35688158973352874,
    "if_vehicle": true,
    "motion_state": false,
    "pose": [
      [
        -0.9959750445520221,
        -0.05452886701726055,
        0.07113587907245904,
        42.2224033361681
      ],
      [
        0.05324829636354166,
        -0.9983854416601993,
        -0.019776976901167316,
        9.580075028083229
      ],
      [
        0.07209944218909072,
        -0.015909511079313075,
        0.9972705540089105,
        -1.4346977610093745
      ],
      [
        0.0,
        0.0,
        0.0,
        1.0
      ]
    ],
    "location": [
      42.2224033361681,
      9.580075028083229,
      -1.4346977610093745
    ],
    "rotation": [
      -0.015951700935027388,
      -0.07216205487689448,
      3.0881800209134282
    ]
  },
  {
    "label_id": "6GQJCYvdj35m3AkilVFa3A",
    "size": [
      1.9227345516098802,
      3.8913786098047867,
      1.7199999999999989
    ],
    "obj_class": "vehicle",
    "point_num_in_lidar": 63,
    "speed": 0.014749643406640187,
    "if_vehicle": true,
    "motion_state": false,
    "pose": [
      [
        0.9959900685195412,
        -0.054253756727327865,
        0.07113587907245904,
        44.38959036100323
      ],
      [
        0.05578919609361835,
        0.9982466813287577,
        -0.019776976901167316,
        0.21648759571871778
      ],
      [
        -0.06993817991388813,
        0.02366628608576836,
        0.9972705540089105,
        -1.3923934387695738
      ],
      [
        0.0,
        0.0,
        0.0,
        1.0
      ]
    ],
    "location": [
      44.38959036100323,
      0.21648759571871778,
      -1.3923934387695738
    ],
    "rotation": [
      0.023726605414299495,
      0.06999532111854143,
      0.05595533568175829
    ]
  },
  {
    "label_id": "6kV2629tjfAKv8UQAUpQIw",
    "size": [
      2.0185551680237097,
      4.332165675849257,
      1.5699999999999932
    ],
    "obj_class": "vehicle",
    "point_num_in_lidar": 396,
    "speed": 0.003140986374269872,
    "if_vehicle": true,
    "motion_state": false,
    "pose": [
      [
        0.9970023065983467,
        -0.030431683262100186,
        0.07113587907245904,
        29.420322584124733
      ],
      [
        0.03191274544052893,
        0.9992949754017072,
        -0.019776976901167316,
        -0.7716469584211154
      ],
      [
        -0.07048387983095357,
        0.02198783278853367,
        0.9972705540089105,
        -0.5129553953559025
      ],
      [
        0.0,
        0.0,
        0.0,
        1.0
      ]
    ],
    "location": [
      29.420322584124733,
      -0.7716469584211154,
      -0.5129553953559025
    ],
    "rotation": [
      0.022044440065472733,
      0.07054237107398664,
      0.03199777284198964
    ]
  },
  {
    "label_id": "9ojEvP_IkP8ziMOD-24fCQ",
    "size": [
      2.0470616308685883,
      4.486385603924427,
      1.4699999999999989
    ],
    "obj_class": "vehicle",
    "point_num_in_lidar": 1311,
    "speed": 0.008825975763559191,
    "if_vehicle": true,
    "motion_state": false,
    "pose": [
      [
        0.08821048159699087,
        0.9935585527008538,
        0.07113587907245904,
        10.86623150061223
      ],
      [
        -0.9957614540646818,
        0.08982203395404281,
        -0.019776976901167316,
        -9.783288502923824
      ],
      [
        -0.026039153892119117,
        -0.06908982972437663,
        0.9972705540089105,
        0.0035180425724092856
      ],
      [
        0.0,
        0.0,
        0.0,
        1.0
      ]
    ],
    "location": [
      10.86623150061223,
      -9.783288502923824,
      0.0035180425724092856
    ],
    "rotation": [
      -0.06916840456553798,
      0.026042097377602956,
      -1.482441009820886
    ]
  },
  {
    "label_id": "C7N3XXk6WR3gQXpwt59PzA",
    "size": [
      2.3073788309826266,
      5.053288138911819,
      2.0999999999999943
    ],
    "obj_class": "vehicle",
    "point_num_in_lidar": 228,
    "speed": 7.128245061907243,
    "if_vehicle": true,
    "motion_state": true,
    "pose": [
      [
        0.08817048708435506,
        0.9935621026971068,
        0.07113587907245904,
        10.29031574462988
      ],
      [
        -0.995765068930149,
        0.089781950765097,
        -0.019776976901167316,
        32.36860917377453
      ],
      [
        -0.02603637274743132,
        -0.06909087784156194,
        0.9972705540089105,
        1.5846510521126902
      ],
      [
        0.0,
        0.0,
        0.0,
        1.0
      ]
    ],
    "location": [
      10.29031574462988,
      32.36860917377453,
      1.5846510521126902
    ],
    "rotation": [
      -0.06916945053107218,
      0.026039315289675975,
      -1.4824811809185805
    ]
  },
  {
    "label_id": "CZqAJKroo0JigZQamJxBgw",
    "size": [
      2.0658167117408515,
      4.364933663449352,
      1.700000000000017
    ],
    "obj_class": "vehicle",
    "point_num_in_lidar": 65,
    "speed": 0.00787834356172763,
    "if_vehicle": true,
    "motion_state": false,
    "pose": [
      [
        -0.1272936165627043,
        -0.9893108823271761,
        0.07113587907245904,
        13.499316970299333
      ],
      [
        0.9914485687153203,
        -0.12899072360830208,
        -0.019776976901167316,
        49.57305823095521
      ],
      [
        0.02874144698392718,
        0.06801008257626895,
        0.9972705540089105,
        2.8250853202071085
      ],
      [
        0.0,
        0.0,
        0.0,
        1.0
      ]
    ],
    "location": [
      13.499316970299333,
      49.57305823095521,
      2.8250853202071085
    ],
    "rotation": [
      0.06809079389601472,
      -0.02874540553385236,
      1.6984892860026573
    ]
  },
  {
    "label_id": "EENp0Fqicu7Uz2meQc79Hw",
    "size": [
      0.48352354662758784,
      0.09322347433545763,
      0.47999999999998977
    ],
    "obj_class": "sign",
    "point_num_in_lidar": 126,
    "speed": 0.007394982573793483,
    "if_vehicle": false,
    "motion_state": false,
    "pose": [
      [
        0.9965336967572475,
        -0.0431309394277777,
        0.07113587907245904,
        -1.0859488758114821
      ],
      [
        0.04464108981761344,
        0.998807310888615,
        -0.019776976901167316,
        8.651354854018791
      ],
      [
        -0.0701980364912717,
        0.022884007068931494,
        0.9972705540089105,
        1.9437615152800731
      ],
      [
        0.0,
        0.0,
        0.0,
        1.0
      ]
    ],
    "location": [
      -1.0859488758114821,
      8.651354854018791,
      1.9437615152800731
    ],
    "rotation": [
      0.022942612447843385,
      0.07025581794322909,
      0.04476643913084932
    ]
  },
  {
    "label_id": "NXG3IQg-7AGdDP54x0y-Ww",
    "size": [
      2.1501117497804234,
      4.509298866515579,
      1.740000000000009
    ],
    "obj_class": "vehicle",
    "point_num_in_lidar": 326,
    "speed": 0.010166654472538493,
    "if_vehicle": true,
    "motion_state": false,
    "pose": [
      [
        0.06624437438946097,
        0.9952644721732699,
        0.07113587907245904,
        7.6351833688504485
      ],
      [
        -0.9975024302829855,
        0.06780687844303422,
        -0.019776976901167316,
        28.639710962921527
      ],
      [
        -0.02450682438192785,
        -0.06964809879296179,
        0.9972705540089105,
        1.0105836631738896
      ],
      [
        0.0,
        0.0,
        0.0,
        1.0
      ]
    ],
    "location": [
      7.6351833688504485,
      28.639710962921527,
      1.0105836631738896
    ],
    "rotation": [
      -0.06972550605917524,
      0.024509278114710414,
      -1.5044834607974797
    ]
  },
  {
    "label_id": "Nx6yXW6ayqyL8X2hVv-MUA",
    "size": [
      2.1423545519152265,
      4.746408458305702,
      1.7700000000000102
    ],
    "obj_class": "vehicle",
    "point_num_in_lidar": 707,
    "speed": 1.6381429065183766,
    "if_vehicle": true,
    "motion_state": true,
    "pose": [
      [
        -0.9914183795996875,
        -0.10967808942773555,
        0.07113587907245904,
        23.206535609976527
      ],
      [
        0.10853316124266371,
        -0.9938960831471892,
        -0.019776976901167316,
        6.461118825500307
      ],
      [
        0.07287077262252563,
        -0.01188665655922593,
        0.9972705540089105,
        -0.20856914403012183
      ],
      [
        0.0,
        0.0,
        0.0,
        1.0
      ]
    ],
    "location": [
      23.206535609976527,
      6.461118825500307,
      -0.20856914403012183
    ],
    "rotation": [
      -0.0119186249494491,
      -0.07293541966994745,
      3.032554237897675
    ]
  },
  {
    "label_id": "WWv9wtVzT42U162-yTuOoA",
    "size": [
      2.026152920933761,
      4.6105153086884325,
      1.5699999999999932
    ],
    "obj_class": "vehicle",
    "point_num_in_lidar": 3991,
    "speed": 0.013224890208068026,
    "if_vehicle": true,
    "motion_state": false,
    "pose": [
      [
        -0.9954196319172341,
        0.06387051825644086,
        0.07113587907245904,
        0.3537418340088152
      ],
      [
        -0.06542768042164426,
        -0.9976613101745971,
        -0.019776976901167316,
        7.025544194066242
      ],
      [
        0.06970634855162797,
        -0.024340646629861195,
        0.9972705540089105,
        0.0871388535790345
      ],
      [
        0.0,
        0.0,
        0.0,
        1.0
      ]
    ],
    "location": [
      0.3537418340088152,
      7.025544194066242,
      0.0871388535790345
    ],
    "rotation": [
      -0.024402420085005042,
      -0.06976292257491934,
      -3.0759583219789657
    ]
  },
  {
    "label_id": "X4H9yiCRjWTn4rPCsOkVdA",
    "size": [
      1.9697740761117484,
      4.4188602944795115,
      1.6500000000000057
    ],
    "obj_class": "vehicle",
    "point_num_in_lidar": 501,
    "speed": 0.0046701008602372624,
    "if_vehicle": true,
    "motion_state": false,
    "pose": [
      [
        -0.10344486398636447,
        -0.9920881245249491,
        0.07113587907245904,
        15.97764512262529
      ],
      [
        0.9942660395460607,
        -0.10509002707222899,
        -0.019776976901167316,
        16.27108056558427
      ],
      [
        0.027096175380183853,
        0.06868216206939862,
        0.9972705540089105,
        0.10939889590827079
      ],
      [
        0.0,
        0.0,
        0.0,
        1.0
      ]
    ],
    "location": [
      15.97764512262529,
      16.27108056558427,
      0.10939889590827079
    ],
    "rotation": [
      0.06876156232653666,
      -0.02709949215708007,
      1.6744647767194045
    ]
  },
  {
    "label_id": "XrzRs3LbaboaBImF0mOdjQ",
    "size": [
      1.8680092805957773,
      4.653371289880262,
      1.8600000000000136
    ],
    "obj_class": "vehicle",
    "point_num_in_lidar": 315,
    "speed": 0.0033221796923747957,
    "if_vehicle": true,
    "motion_state": false,
    "pose": [
      [
        -0.08238720083359961,
        -0.9940583664188902,
        0.07113587907245904,
        14.998045096348505
      ],
      [
        0.9962706728727715,
        -0.08398581760205603,
        -0.019776976901167316,
        31.558992311336624
      ],
      [
        0.02563387431581997,
        0.06924122034107692,
        0.9972705540089105,
        1.3602625359599188
      ],
      [
        0.0,
        0.0,
        0.0,
        1.0
      ]
    ],
    "location": [
      14.998045096348505,
      31.558992311336624,
      1.3602625359599188
    ],
    "rotation": [
      0.06931948282509763,
      -0.02563668246354537,
      1.6533041899463974
    ]
  },
  {
    "label_id": "ZCSiMZdHr7H2v9WzSWCqWA",
    "size": [
      0.48352354662758784,
      0.09322347433545763,
      0.5600000000000023
    ],
    "obj_class": "sign",
    "point_num_in_lidar": 92,
    "speed": 0.007939397370172699,
    "if_vehicle": false,
    "motion_state": false,
    "pose": [
      [
        0.9965336967572475,
        -0.0431309394277777,
        0.07113587907245904,
        -1.0861265620869744
      ],
      [
        0.04464108981761344,
        0.998807310888615,
        -0.019776976901167316,
        8.651165308065174
      ],
      [
        -0.0701980364912717,
        0.022884007068931494,
        0.9972705540089105,
        1.41007029863664
      ],
      [
        0.0,
        0.0,
        0.0,
        1.0
      ]
    ],
    "location": [
      -1.0861265620869744,
      8.651165308065174,
      1.41007029863664
    ],
    "rotation": [
      0.022942612447843385,
      0.07025581794322909,
      0.04476643913084932
    ]
  },
  {
    "label_id": "ZF1-vGaHNjltsRoVWjqYiQ",
    "size": [
      2.091638499224567,
      4.67170689046401,
      1.5999999999999943
    ],
    "obj_class": "vehicle",
    "point_num_in_lidar": 27,
    "speed": 0.0078076618636865385,
    "if_vehicle": true,
    "motion_state": false,
    "pose": [
      [
        -0.9939460084746493,
        0.08373182755619706,
        0.07113587907245904,
        50.50809413872503
      ],
      [
        -0.08533343553651127,
        -0.9961561503921896,
        -0.019776976901167316,
        10.656826532404011
      ],
      [
        0.06920648103211367,
        -0.02572751620177334,
        0.9972705540089105,
        -1.8362711182277565
      ],
      [
        0.0,
        0.0,
        0.0,
        1.0
      ]
    ],
    "location": [
      50.50809413872503,
      10.656826532404011,
      -1.8362711182277565
    ],
    "rotation": [
      -0.0257922094169618,
      -0.0692618449411393,
      -3.0559494703135894
    ]
  },
  {
    "label_id": "aRFz7j2dwLW0x6klYx_7gQ",
    "size": [
      2.1473687569960584,
      4.4856824184495885,
      1.920000000000016
    ],
    "obj_class": "vehicle",
    "point_num_in_lidar": 89,
    "speed": 0.014869308129348878,
    "if_vehicle": true,
    "motion_state": false,
    "pose": [
      [
        0.9956197719474125,
        -0.06067088606548275,
        0.07113587907245904,
        34.716699408502336
      ],
      [
        0.06222083538088878,
        0.9978664433826578,
        -0.019776976901167316,
        -0.5554223305898631
      ],
      [
        -0.06978421993464312,
        0.024116483053591736,
        0.9972705540089105,
        -0.7485902862275964
      ],
      [
        0.0,
        0.0,
        0.0,
        1.0
      ]
    ],
    "location": [
      34.716699408502336,
      -0.5554223305898631,
      -0.7485902862275964
    ],
    "rotation": [
      0.024177775587140595,
      0.06984098405071225,
      0.06241340697494876
    ]
  },
  {
    "label_id": "asdOT76Zl6kcy5908IDPgQ",
    "size": [
      1.8829911936268884,
      3.830012521744248,
      1.460000000000008
    ],
    "obj_class": "vehicle",
    "point_num_in_lidar": 255,
    "speed": 4.549693413077341e-13,
    "if_vehicle": true,
    "motion_state": false,
    "pose": [
      [
        -0.08684643575606706,
        -0.9936787123135202,
        0.07113587907245904,
        14.430674850680589
      ],
      [
        0.995883823949619,
        -0.0884549624392827,
        -0.019776976901167316,
        36.65093942277781
      ],
      [
        0.025944282452045896,
        0.06912551131680172,
        0.9972705540089105,
        1.5706557760525186
      ],
      [
        0.0,
        0.0,
        0.0,
        1.0
      ]
    ],
    "location": [
      14.430674850680589,
      36.65093942277781,
      1.5706557760525186
    ],
    "rotation": [
      0.06920401282292098,
      -0.0259471938751263,
      1.6577816592414694
    ]
  },
  {
    "label_id": "cPrxNWhkfFseBGIlnuWdzg",
    "size": [
      0.8215701562723023,
      1.2015272597505833,
      1.740000000000009
    ],
    "obj_class": "pedestrian",
    "point_num_in_lidar": 23,
    "speed": 1.2019653937305,
    "if_vehicle": false,
    "motion_state": true,
    "pose": [
      [
        -0.995464155201701,
        0.06317279807917497,
        0.07113587907245904,
        51.03491238676315
      ],
      [
        -0.06472838863610235,
        -0.9977069243466361,
        -0.019776976901167316,
        -2.464164876351788
      ],
      [
        0.06972339215168338,
        -0.024291782429936987,
        0.9972705540089105,
        -1.1397038231789907
      ],
      [
        0.0,
        0.0,
        0.0,
        1.0
      ]
    ],
    "location": [
      51.03491238676315,
      -2.464164876351788,
      -1.1397038231789907
    ],
    "rotation": [
      -0.02435345126077744,
      -0.06978000774389875,
      -3.0766607377185835
    ]
  },
  {
    "label_id": "exueily1Lt7uON4yqBxITg",
    "size": [
      0.7588241951168534,
      0.07151227768081742,
      0.75
    ],
    "obj_class": "sign",
    "point_num_in_lidar": 181,
    "speed": 0.010685509470465447,
    "if_vehicle": false,
    "motion_state": false,
    "pose": [
      [
        -0.018816861942345192,
        -0.9972891318044287,
        0.07113587907245904,
        7.484478264195786
      ],
      [
        0.9995988960093759,
        -0.02027111939404329,
        -0.019776976901167316,
        13.253028137789443
      ],
      [
        0.02116536802135944,
        0.0707352055435003,
        0.9972705540089105,
        1.871829750497028
      ],
      [
        0.0,
        0.0,
        0.0,
        1.0
      ]
    ],
    "location": [
      7.484478264195786,
      13.253028137789443,
      1.871829750497028
    ],
    "rotation": [
      0.0708102145157649,
      -0.021166948591545314,
      1.589618516226623
    ]
  },
  {
    "label_id": "fZoqQ9qukc5jFPQ00JLwfg",
    "size": [
      2.163052042249945,
      4.678952886478576,
      1.8700000000000045
    ],
    "obj_class": "vehicle",
    "point_num_in_lidar": 1796,
    "speed": 0.6351952767151383,
    "if_vehicle": true,
    "motion_state": false,
    "pose": [
      [
        -0.09778495937159355,
        -0.9926619708789515,
        0.07113587907245904,
        18.06830520413405
      ],
      [
        0.994849233412842,
        -0.09941767429653088,
        -0.019776976901167316,
        -11.159364675169854
      ],
      [
        0.026704016525163386,
        0.0688355838806109,
        0.9972705540089105,
        0.12932827637817468
      ],
      [
        0.0,
        0.0,
        0.0,
        1.0
      ]
    ],
    "location": [
      18.06830520413405,
      -11.159364675169854,
      0.12932827637817468
    ],
    "rotation": [
      0.06891467618320275,
      -0.02670719133644212,
      1.668772847666038
    ]
  },
  {
    "label_id": "gdywJfz_9bellnjvLvGrGw",
    "size": [
      1.001750754068182,
      1.2747419405263642,
      1.9000000000000057
    ],
    "obj_class": "pedestrian",
    "point_num_in_lidar": 728,
    "speed": 1.5037186209295916,
    "if_vehicle": false,
    "motion_state": true,
    "pose": [
      [
        -0.9963362107736132,
        0.0474746438624505,
        0.07113587907245904,
        4.523118848380818
      ],
      [
        -0.048994691098380214,
        -0.9986032202175321,
        -0.019776976901167316,
        -6.049867641606397
      ],
      [
        0.07009761297970371,
        -0.02318979864743318,
        0.9972705540089105,
        0.24696785419760658
      ],
      [
        0.0,
        0.0,
        0.0,
        1.0
      ]
    ],
    "location": [
      4.523118848380818,
      -6.049867641606397,
      0.24696785419760658
    ],
    "rotation": [
      -0.023249077417785032,
      -0.07015514643815633,
      -3.0924573764334222
    ]
  },
  {
    "label_id": "iig7YiZ08rzCckmuNjqSSA",
    "size": [
      2.07159325853642,
      4.577422277222199,
      1.6800000000000068
    ],
    "obj_class": "vehicle",
    "point_num_in_lidar": 694,
    "speed": 0.002872346082411145,
    "if_vehicle": true,
    "motion_state": false,
    "pose": [
      [
        0.08468373354848252,
        0.9938653590808354,
        0.07113587907245904,
        8.229530298145619
      ],
      [
        -0.9960739660565989,
        0.08628745754122054,
        -0.019776976901167316,
        22.48542247433943
      ],
      [
        -0.02579378639453425,
        -0.06918180895433393,
        0.9972705540089105,
        0.6394719732153931
      ],
      [
        0.0,
        0.0,
        0.0,
        1.0
      ]
    ],
    "location": [
      8.229530298145619,
      22.48542247433943,
      0.6394719732153931
    ],
    "rotation": [
      -0.06926019439653927,
      0.025796647435680695,
      -1.4859827627380284
    ]
  },
  {
    "label_id": "k_NOVkdWc5tiNnbaUVinuw",
    "size": [
      2.1554485014006737,
      4.4419784152818895,
      1.740000000000009
    ],
    "obj_class": "vehicle",
    "point_num_in_lidar": 1023,
    "speed": 0.0046984255354071795,
    "if_vehicle": true,
    "motion_state": false,
    "pose": [
      [
        -0.11232723488788733,
        -0.9911217276455148,
        0.07113587907245904,
        15.549495312945055
      ],
      [
        0.9932848189240312,
        -0.11399184040844777,
        -0.019776976901167316,
        21.399601301192888
      ],
      [
        0.027710301288432777,
        0.0684366956337395,
        0.9972705540089105,
        0.6079957861196021
      ],
      [
        0.0,
        0.0,
        0.0,
        1.0
      ]
    ],
    "location": [
      15.549495312945055,
      21.399601301192888,
      0.6079957861196021
    ],
    "rotation": [
      0.0685165818876831,
      -0.027713848790038232,
      1.6834045517347151
    ]
  },
  {
    "label_id": "mmdNjYPoJf8KPcfkiO2WVw",
    "size": [
      2.06928553963229,
      4.3057734004472925,
      1.740000000000009
    ],
    "obj_class": "vehicle",
    "point_num_in_lidar": 398,
    "speed": 0.008486720791753435,
    "if_vehicle": true,
    "motion_state": false,
    "pose": [
      [
        -0.07833165081576574,
        -0.9943861620060214,
        0.07113587907245904,
        15.308322209788457
      ],
      [
        0.9966049709739141,
        -0.07992123006269672,
        -0.019776976901167316,
        26.502607172844364
      ],
      [
        0.02535121911389568,
        0.06934520744939819,
        0.9972705540089105,
        0.9586042036530955
      ],
      [
        0.0,
        0.0,
        0.0,
        1.0
      ]
    ],
    "location": [
      15.308322209788457,
      26.502607172844364,
      0.9586042036530955
    ],
    "rotation": [
      0.06942325354595637,
      -0.02535393537132859,
      1.649233565824429
    ]
  },
  {
    "label_id": "neWc6a5SpHMFVBiTZbsQRA",
    "size": [
      2.1576676687082417,
      4.838558424228969,
      1.75
    ],
    "obj_class": "vehicle",
    "point_num_in_lidar": 1132,
    "speed": 0.012661368340468281,
    "if_vehicle": true,
    "motion_state": false,
    "pose": [
      [
        0.0903172235923929,
        0.9933692595561583,
        0.07113587907245904,
        8.764681680046579
      ],
      [
        -0.9955687385087799,
        0.09193344379869191,
        -0.019776976901167316,
        16.28347964616478
      ],
      [
        -0.02618560724135028,
        -0.06903445574611683,
        0.9972705540089105,
        0.15566739584176048
      ],
      [
        0.0,
        0.0,
        0.0,
        1.0
      ]
    ],
    "location": [
      8.764681680046579,
      16.28347964616478,
      0.15566739584176048
    ],
    "rotation": [
      -0.06911314404749738,
      0.026188600682591896,
      -1.480324753243167
    ]
  },
  {
    "label_id": "p2KLoLcoeq8jqmt5_98t0A",
    "size": [
      0.4155281545393602,
      0.06448166061818679,
      0.17850084365227303
    ],
    "obj_class": "sign",
    "point_num_in_lidar": 31,
    "speed": 0.010949133364513797,
    "if_vehicle": false,
    "motion_state": false,
    "pose": [
      [
        -0.018816861949059335,
        -0.997289131804302,
        0.07113587907245904,
        7.483760685347988
      ],
      [
        0.9995988960092393,
        -0.020271119400772985,
        -0.019776976901167316,
        13.259802786340515
      ],
      [
        0.021165368021835655,
        0.0707352055433578,
        0.9972705540089105,
        1.372898586059847
      ],
      [
        0.0,
        0.0,
        0.0,
        1.0
      ]
    ],
    "location": [
      7.483760685347988,
      13.259802786340515,
      1.372898586059847
    ],
    "rotation": [
      0.07081021451562272,
      -0.021166948592021638,
      1.58961851623334
    ]
  },
  {
    "label_id": "poNER0fr1zgf0U0PEnfldw",
    "size": [
      2.058500743414222,
      4.589923589374125,
      1.7800000000000011
    ],
    "obj_class": "vehicle",
    "point_num_in_lidar": 4143,
    "speed": 0.00337679421564487,
    "if_vehicle": true,
    "motion_state": false,
    "pose": [
      [
        -0.9947351629116689,
        0.0737674886090353,
        0.07113587907245904,
        -4.6834871396604285
      ],
      [
        -0.0753468687818595,
        -0.9969612432534276,
        -0.019776976901167316,
        6.537580114700177
      ],
      [
        0.06946081652172623,
        -0.02503272008583778,
        0.9972705540089105,
        0.5967647740118593
      ],
      [
        0.0,
        0.0,
        0.0,
        1.0
      ]
    ],
    "location": [
      -4.6834871396604285,
      6.537580114700177,
      0.5967647740118593
    ],
    "rotation": [
      -0.025095962676251356,
      -0.06951679395937493,
      -3.065991360781299
    ]
  },
  {
    "label_id": "tBnMwtSfMUdPA9bwMuVXzA",
    "size": [
      2.1071184373222924,
      4.94391362798015,
      1.5800000000000125
    ],
    "obj_class": "vehicle",
    "point_num_in_lidar": 1859,
    "speed": 4.6451023205461075,
    "if_vehicle": true,
    "motion_state": true,
    "pose": [
      [
        0.06555262470931128,
        0.9953102732828133,
        0.07113587907245904,
        12.137351390810636
      ],
      [
        -0.99754931683136,
        0.06711357294867953,
        -0.019776976901167316,
        11.401708158280599
      ],
      [
        -0.024458411293606656,
        -0.06966511482624278,
        0.9972705540089105,
        -0.06880756742802419
      ],
      [
        0.0,
        0.0,
        0.0,
        1.0
      ]
    ],
    "location": [
      12.137351390810636,
      11.401708158280599,
      -0.06880756742802419
    ],
    "rotation": [
      -0.06974248582577111,
      0.024460850510490444,
      -1.5051770045197335
    ]
  },
  {
    "label_id": "vNvpD12q14e1m0Ldy5Yr0A",
    "size": [
      2.3958990595713545,
      5.002370273678711,
      1.9099999999999966
    ],
    "obj_class": "vehicle",
    "point_num_in_lidar": 972,
    "speed": 0.00832576193546475,
    "if_vehicle": true,
    "motion_state": false,
    "pose": [
      [
        0.05171563162253759,
        0.9961250825847476,
        0.07113587907245904,
        11.658516775406952
      ],
      [
        -0.9983856006235163,
        0.05324531577773973,
        -0.019776976901167316,
        -19.282650576833475
      ],
      [
        -0.023487995093292132,
        -0.06999825850161062,
        0.9972705540089105,
        0.37515121412056374
      ],
      [
        0.0,
        0.0,
        0.0,
        1.0
      ]
    ],
    "location": [
      11.658516775406952,
      -19.282650576833475,
      0.37515121412056374
    ],
    "rotation": [
      -0.07007491133769304,
      0.02349015529562895,
      -1.5190433246587782
    ]
  },
  {
    "label_id": "vPy9W0Cmj-SFneQRaife3A",
    "size": [
      2.672848842591105,
      6.188632361968968,
      2.259999999999991
    ],
    "obj_class": "vehicle",
    "point_num_in_lidar": 79,
    "speed": 0.0033202126530014146,
    "if_vehicle": true,
    "motion_state": false,
    "pose": [
      [
        -0.9933707982105511,
        0.09030029884292119,
        0.07113587907245904,
        59.24828629024296
      ],
      [
        -0.0919164815749033,
        -0.9955703046995431,
        -0.019776976901167316,
        11.398323543806328
      ],
      [
        0.06903490187885292,
        -0.026184431048582438,
        0.9972705540089105,
        -2.0018963384017354
      ],
      [
        0.0,
        0.0,
        0.0,
        1.0
      ]
    ],
    "location": [
      59.24828629024296,
      11.398323543806328,
      -2.0018963384017354
    ],
    "rotation": [
      -0.026250064639853413,
      -0.069089854438823,
      -3.0493254979002367
    ]
  },
  {
    "label_id": "weeQq-6LKvQs2E_0jsJGRA",
    "size": [
      2.1090813335241885,
      4.508483162875747,
      1.8900000000000148
    ],
    "obj_class": "vehicle",
    "point_num_in_lidar": 65,
    "speed": 0.011134332435443376,
    "if_vehicle": true,
    "motion_state": false,
    "pose": [
      [
        0.08849623747757533,
        0.9935331411990749,
        0.07113587907245904,
        7.373772872115296
      ],
      [
        -0.9957355789697234,
        0.09010842334920918,
        -0.019776976901167316,
        33.917957098517945
      ],
      [
        -0.0260590238908176,
        -0.069082337689301,
        0.9972705540089105,
        1.6355409657016082
      ],
      [
        0.0,
        0.0,
        0.0,
        1.0
      ]
    ],
    "location": [
      7.373772872115296,
      33.917957098517945,
      1.6355409657016082
    ],
    "rotation": [
      -0.06916092790624186,
      0.02606197412117834,
      -1.4821539879110122
    ]
  },
  {
    "label_id": "zP3W4pR_Dkt0kqTwQldWqw",
    "size": [
      2.071869919683925,
      4.414748533014121,
      1.9000000000000057
    ],
    "obj_class": "vehicle",
    "point_num_in_lidar": 84,
    "speed": 0.002865032916086106,
    "if_vehicle": true,
    "motion_state": false,
    "pose": [
      [
        -0.9952243392400406,
        0.06684460556255156,
        0.07113587907245904,
        29.24312203617319
      ],
      [
        -0.06840845904273729,
        -0.9974613545977853,
        -0.019776976901167316,
        9.315150273430845
      ],
      [
        0.069633306079941,
        -0.024548824638627214,
        0.9972705540089105,
        -0.6679965422545138
      ],
      [
        0.0,
        0.0,
        0.0,
        1.0
      ]
    ],
    "location": [
      29.24312203617319,
      9.315150273430845,
      -0.6679965422545138
    ],
    "rotation": [
      -0.0246110425141724,
      -0.06968970218538573,
      -3.072963879739125
    ]
  }
]