[
  {
    "label_id": "10t7lCtA-oADlgKbKqqaGQ",
    "size": [
      1.9409380617617655,
      4.35531691411666,
      1.5900000000000034
    ],
    "obj_class": "vehicle",
    "point_num_in_lidar": 36,
    "speed": 1.9945885082418897e-12,
    "if_vehicle": true,
    "motion_state": false,
    "pose": [
      [
        0.9906494364236235,
        -0.10228334413309502,
        0.09028738354004877,
        57.06252341989102
      ],
      [
        0.10354717729776926,
        0.9945799889808308,
        -0.009414222886401008,
        1.610238230023242
      ],
      [
        -0.08883510672713434,
        0.018675198307952657,
        0.9958712571316322,
        -2.144632683732567
      ],
      [
        0.0,
        0.0,
        0.0,
        1.0
      ]
    ],
    "location": [
      57.06252341989102,
      1.610238230023242,
      -2.144632683732567
    ],
    "rotation": [
      0.01875042534247013,
      0.08895236660867752,
      0.10414635988199705
    ]
  },
  {
    "label_id": "1cey-IEbE8XPL2SyOdH_ig",
    "size": [
      2.144919435593393,
      4.755202036269388,
      1.5
    ],
    "obj_class": "vehicle",
    "point_num_in_lidar": 132,
    "speed": 1.1888318546630334,
    "if_vehicle": true,
    "motion_state": true,
    "pose": [
      [
        -0.9551523083341312,
        -0.28201463837445173,
        0.09028738354004877,
        44.44446948179484
      ],
      [
        0.2823399891915092,
        -0.959268212186135,
        -0.009414222886401008,
        9.444481668992012
      ],
      [
        0.08926476565431131,
        0.016499722171709086,
        0.9958712571316322,
        -1.434697761009403
      ],
      [
        0.0,
        0.0,
        0.0,
        1.0
      ]
    ],
    "location": [
      44.44446948179484,
      9.444481668992012,
      -1.434697761009403
    ],
    "rotation": [
      0.016566611961018645,
      -0.08938373931282885,
      2.8541803491486117
    ]
  },
  {
    "label_id": "2GYmvG4fVA7rPmvxt0xhUw",
    "size": [
      0.5886738641003854,
      0.0933437789046635,
      0.20617021276592595
    ],
    "obj_class": "sign",
    "point_num_in_lidar": 20,
    "speed": 0.007902539479321255,
    "if_vehicle": false,
    "motion_state": false,
    "pose": [
      [
        -0.9959114583222394,
        0.0029249881986999305,
        0.09028738354004877,
        4.506675130184249
      ],
      [
        -0.0037903200003003,
        -0.9999485016148284,
        -0.009414222886401008,
        -4.771455858181071
      ],
      [
        0.09025519739475243,
        -0.009717950519372858,
        0.9958712571316322,
        1.9018535961333214
      ],
      [
        0.0,
        0.0,
        0.0,
        1.0
      ]
    ],
    "location": [
      4.506675130184249,
      -4.771455858181071,
      1.9018535961333214
    ],
    "rotation": [
      -0.009757930062895619,
      -0.09037818524979514,
      -3.1377867914639954
    ]
  },
  {
    "label_id": "6GQJCYvdj35m3AkilVFa3A",
    "size": [
      1.92273455160988,
      3.8913786098047867,
      1.7199999999999989
    ],
    "obj_class": "vehicle",
    "point_num_in_lidar": 29,
    "speed": 0.014749643653077063,
    "if_vehicle": true,
    "motion_state": false,
    "pose": [
      [
        0.9944414835821844,
        -0.05416940191986594,
        0.09028738354004877,
        44.454161266277424
      ],
      [
        0.055241328183180546,
        0.9984286494627462,
        -0.009414222886401008,
        0.22296853724401444
      ],
      [
        -0.08963554758811922,
        0.0143494887588625,
        0.9958712571316322,
        -1.3898204047549427
      ],
      [
        0.0,
        0.0,
        0.0,
        1.0
      ]
    ],
    "location": [
      44.454161266277424,
      0.22296853724401444,
      -1.3898204047549427
    ],
    "rotation": [
      0.01440798266417247,
      0.08975601358473996,
      0.05549307081168272
    ]
  },
  {
    "label_id": "6kV2629tjfAKv8UQAUpQIw",
    "size": [
      2.0185551680237106,
      4.332165675849257,
      1.5699999999999932
    ],
    "obj_class": "vehicle",
    "point_num_in_lidar": 172,
    "speed": 0.011424544482399965,
    "if_vehicle": true,
    "motion_state": false,
    "pose": [
      [
        0.9954521478133268,
        -0.030384367482746172,
        0.09028738354004877,
        29.443671681106935
      ],
      [
        0.031360684579182244,
        0.9994637961778157,
        -0.009414222886401008,
        -0.767289650215389
      ],
      [
        -0.08995292589215467,
        0.012202882548940377,
        0.9958712571316322,
        -0.45248909600888965
      ],
      [
        0.0,
        0.0,
        0.0,
        1.0
      ]
    ],
    "location": [
      29.443671681106935,
      -0.767289650215389,
      -0.45248909600888965
    ],
    "rotation": [
      0.012252860770869952,
      0.09007467919146457,
      0.031493543579743745
    ]
  },
  {
    "label_id": "9ojEvP_IkP8ziMOD-24fCQ",
    "size": [
      2.04706163086859,
      4.486385603924427,
      1.4699999999999989
    ],
    "obj_class": "vehicle",
    "point_num_in_lidar": 596,
    "speed": 0.008825975838133713,
    "if_vehicle": true,
    "motion_state": false,
    "pose": [
      [
        0.08807333020619376,
        0.9920137483320898,
        0.09028738354004877,
        10.842127230947426
      ],
      [
        -0.9959620122965059,
        0.08928069483230806,
        -0.009414222886401008,
        -9.752842770363713
      ],
      [
        -0.017399958870219053,
        -0.08909366223462468,
        0.9958712571316322,
        0.06326682893407565
      ],
      [
        0.0,
        0.0,
        0.0,
        1.0
      ]
    ],
    "location": [
      10.842127230947426,
      -9.752842770363713,
      0.06326682893407565
    ],
    "rotation": [
      -0.08922549528736647,
      0.01740083698763401,
      -1.4825953469173727
    ]
  },
  {
    "label_id": "EENp0Fqicu7Uz2meQc79Hw",
    "size": [
      0.4835235466275868,
      0.09322347433545763,
      0.47999999999998977
    ],
    "obj_class": "sign",
    "point_num_in_lidar": 146,
    "speed": 0.007304131831197961,
    "if_vehicle": false,
    "motion_state": false,
    "pose": [
      [
        0.9949842665760211,
        -0.04306387859528475,
        0.09028738354004877,
        -1.1133380661649426
      ],
      [
        0.04409122452186504,
        0.9989831511730354,
        -0.009414222886401008,
        8.668917532417254
      ],
      [
        -0.08979016196855744,
        0.01334788495316493,
        0.9958712571316322,
        1.9851029467868102
      ],
      [
        0.0,
        0.0,
        0.0,
        1.0
      ]
    ],
    "location": [
      -1.1133380661649426,
      8.668917532417254,
      1.9851029467868102
    ],
    "rotation": [
      0.013402420889156299,
      0.08991125394538875,
      0.044284517381773636
    ]
  },
  {
    "label_id": "Fz60h1BcAUsffihcCYYlSQ",
    "size": [
      1.9659452030174651,
      3.735738890448964,
      1.8600000000000136
    ],
    "obj_class": "vehicle",
    "point_num_in_lidar": 55,
    "speed": 0.0308498691716593,
    "if_vehicle": true,
    "motion_state": false,
    "pose": [
      [
        -0.9944617599664144,
        0.05379587658913908,
        0.09028738354004877,
        35.677345405185406
      ],
      [
        -0.05486630516009293,
        -0.9984493281912331,
        -0.009414222886401008,
        9.791839240062473
      ],
      [
        0.08964093106712641,
        -0.014315819797741108,
        0.9958712571316322,
        -0.930225947097739
      ],
      [
        0.0,
        0.0,
        0.0,
        1.0
      ]
    ],
    "location": [
      35.677345405185406,
      9.791839240062473,
      -0.930225947097739
    ],
    "rotation": [
      -0.014374181117629566,
      -0.08976141882312746,
      -3.0864766712439136
    ]
  },
  {
    "label_id": "Nx6yXW6ayqyL8X2hVv-MUA",
    "size": [
      2.142354551914158,
      4.746408458305702,
      1.7700000000000102
    ],
    "obj_class": "vehicle",
    "point_num_in_lidar": 87,
    "speed": 7.641151284891463,
    "if_vehicle": true,
    "motion_state": true,
    "pose": [
      [
        -0.9933380066846949,
        -0.07160860876437478,
        0.09028738354004877,
        42.47624931018572
      ],
      [
        0.07104780056389241,
        -0.9974284848762234,
        -0.009414222886401008,
        5.10769150942906
      ],
      [
        0.09072934757128222,
        -0.002936785377273963,
        0.9958712571316322,
        -1.2504459645631982
      ],
      [
        0.0,
        0.0,
        0.0,
        1.0
      ]
    ],
    "location": [
      42.47624931018572,
      5.10769150942906,
      -1.2504459645631982
    ],
    "rotation": [
      -0.0029489523300960823,
      -0.09085428880875747,
      3.0701899518487163
    ]
  },
  {
    "label_id": "WWv9wtVzT42U162-yTuOoA",
    "size": [
      2.0261529209356497,
      4.6105153086884325,
      1.5699999999999932
    ],
    "obj_class": "vehicle",
    "point_num_in_lidar": 1830,
    "speed": 0.010986511365699761,
    "if_vehicle": true,
    "motion_state": false,
    "pose": [
      [
        -0.9938215660574435,
        0.06455139977275699,
        0.09028738354004877,
        0.3156926499855217
      ],
      [
        -0.06566490555474463,
        -0.997797320394243,
        -0.009414222886401008,
        7.063870174715703
      ],
      [
        0.08948080809657803,
        -0.015284770245119182,
        0.9958712571316322,
        0.1662268941935281
      ],
      [
        0.0,
        0.0,
        0.0,
        1.0
      ]
    ],
    "location": [
      0.3156926499855217,
      7.063870174715703,
      0.1662268941935281
    ],
    "rotation": [
      -0.01534693377059456,
      -0.08960064977796725,
      -3.0756154193914274
    ]
  },
  {
    "label_id": "X4H9yiCRjWTn4rPCsOkVdA",
    "size": [
      1.9697740761117488,
      4.4188602944795115,
      1.6500000000000057
    ],
    "obj_class": "vehicle",
    "point_num_in_lidar": 823,
    "speed": 0.004670100940275381,
    "if_vehicle": true,
    "motion_state": false,
    "pose": [
      [
        -0.10328402587835603,
        -0.9905456064068181,
        0.09028738354004877,
        15.980391421909644
      ],
      [
        0.9944748802599478,
        -0.10455182896251812,
        -0.009414222886401008,
        16.250717459533917
      ],
      [
        0.01876492819921148,
        0.08881619609475032,
        0.9958712571316322,
        0.1664228637876306
      ],
      [
        0.0,
        0.0,
        0.0,
        1.0
      ]
    ],
    "location": [
      15.980391421909644,
      16.250717459533917,
      0.1664228637876306
    ],
    "rotation": [
      0.08894908422204435,
      -0.018766029632748014,
      1.6742831586990694
    ]
  },
  {
    "label_id": "ZCSiMZdHr7H2v9WzSWCqWA",
    "size": [
      0.4835235466275868,
      0.09322347433545763,
      0.5600000000000023
    ],
    "obj_class": "sign",
    "point_num_in_lidar": 127,
    "speed": 0.007831727662538498,
    "if_vehicle": false,
    "motion_state": false,
    "pose": [
      [
        0.9949842665760211,
        -0.04306387859528475,
        0.09028738354004877,
        -1.1166526550523486
      ],
      [
        0.04409122452186504,
        0.9989831511730354,
        -0.009414222886401008,
        8.668147063666765
      ],
      [
        -0.08979016196855744,
        0.01334788495316493,
        0.9958712571316322,
        1.4484587707500793
      ],
      [
        0.0,
        0.0,
        0.0,
        1.0
      ]
    ],
    "location": [
      -1.1166526550523486,
      8.668147063666765,
      1.4484587707500793
    ],
    "rotation": [
      0.013402420889156299,
      0.08991125394538875,
      0.044284517381773636
    ]
  },
  {
    "label_id": "aRFz7j2dwLW0x6klYx_7gQ",
    "size": [
      2.147368756992616,
      4.4856824184495885,
      1.920000000000016
    ],
    "obj_class": "vehicle",
    "point_num_in_lidar": 26,
    "speed": 0.01486930837687765,
    "if_vehicle": true,
    "motion_state": false,
    "pose": [
      [
        0.994618032267422,
        -0.0508247799992645,
        0.09028738354004877,
        34.780687514539295
      ],
      [
        0.05188329132642177,
        0.9986087804984407,
        -0.009414222886401008,
        -0.5418010736138967
      ],
      [
        -0.08968329816425771,
        0.014047962465907827,
        0.9958712571316322,
        -0.7127633140854073
      ],
      [
        0.0,
        0.0,
        0.0,
        1.0
      ]
    ],
    "location": [
      34.780687514539295,
      -0.5418010736138967,
      -0.7127633140854073
    ],
    "rotation": [
      0.014105267823258834,
      0.08980395725480539,
      0.05211679929686233
    ]
  },
  {
    "label_id": "fZoqQ9qukc5jFPQ00JLwfg",
    "size": [
      2.163052042249947,
      4.678952886478576,
      1.8700000000000045
    ],
    "obj_class": "vehicle",
    "point_num_in_lidar": 356,
    "speed": 0.013509279959887181,
    "if_vehicle": true,
    "motion_state": false,
    "pose": [
      [
        -0.09763292139453969,
        -0.9911185605332289,
        0.09028738354004877,
        18.104556586397848
      ],
      [
        0.995055001199885,
        -0.09887829384926781,
        -0.009414222886401008,
        -12.16671385898917
      ],
      [
        0.018258073476263233,
        0.08892177445371903,
        0.9958712571316322,
        0.10682934747390505
      ],
      [
        0.0,
        0.0,
        0.0,
        1.0
      ]
    ],
    "location": [
      18.104556586397848,
      -12.16671385898917,
      0.10682934747390505
    ],
    "rotation": [
      0.08905426272418303,
      -0.018259088038651002,
      1.6686013820864032
    ]
  },
  {
    "label_id": "gdywJfz_9bellnjvLvGrGw",
    "size": [
      1.0017507540681818,
      1.2747419405263642,
      1.9000000000000057
    ],
    "obj_class": "pedestrian",
    "point_num_in_lidar": 229,
    "speed": 1.5527773686541957,
    "if_vehicle": false,
    "motion_state": true,
    "pose": [
      [
        -0.9947870876474756,
        0.047400829352931856,
        0.09028738354004877,
        11.33656204996214
      ],
      [
        -0.0484455975544739,
        -0.9987814558175553,
        -0.009414222886401008,
        -5.6080763144709636
      ],
      [
        0.08973112240155912,
        -0.013739173614854702,
        0.9958712571316322,
        0.19396653899650573
      ],
      [
        0.0,
        0.0,
        0.0,
        1.0
      ]
    ],
    "location": [
      11.33656204996214,
      -5.6080763144709636,
      0.19396653899650573
    ],
    "rotation": [
      -0.013795259117902433,
      -0.08985197509136479,
      -3.0929316344711535
    ]
  },
  {
    "label_id": "k_NOVkdWc5tiNnbaUVinuw",
    "size": [
      2.155448501400669,
      4.4419784152818895,
      1.740000000000009
    ],
    "obj_class": "vehicle",
    "point_num_in_lidar": 326,
    "speed": 0.005876438835247451,
    "if_vehicle": true,
    "motion_state": false,
    "pose": [
      [
        -0.11215258629499467,
        -0.9895807121002489,
        0.09028738354004877,
        15.566014312415973
      ],
      [
        0.9934984721103339,
        -0.11345553455815714,
        -0.009414222886401008,
        21.393866255461035
      ],
      [
        0.01955973675118876,
        0.08864454815321077,
        0.9958712571316322,
        0.6177207733787498
      ],
      [
        0.0,
        0.0,
        0.0,
        1.0
      ]
    ],
    "location": [
      15.566014312415973,
      21.393866255461035,
      0.6177207733787498
    ],
    "rotation": [
      0.0887780821517572,
      -0.01956098417073757,
      1.6832069632048736
    ]
  },
  {
    "label_id": "mmdNjYPoJf8KPcfkiO2WVw",
    "size": [
      2.069285539631529,
      4.3057734004472925,
      1.740000000000009
    ],
    "obj_class": "vehicle",
    "point_num_in_lidar": 121,
    "speed": 0.008486720789795238,
    "if_vehicle": true,
    "motion_state": false,
    "pose": [
      [
        -0.07651518473062191,
        -0.9929721118335252,
        0.09028738354004877,
        15.308441853926979
      ],
      [
        0.9969341680487006,
        -0.07767648926470792,
        -0.009414222886401008,
        26.539946770841198
      ],
      [
        0.016361267759068276,
        0.08929024659154425,
        0.9958712571316322,
        0.9586042036530102
      ],
      [
        0.0,
        0.0,
        0.0,
        1.0
      ]
    ],
    "location": [
      15.308441853926979,
      26.539946770841198,
      0.9586042036530102
    ],
    "rotation": [
      0.08942132385447467,
      -0.01636199780792752,
      1.647396642934475
    ]
  },
  {
    "label_id": "neWc6a5SpHMFVBiTZbsQRA",
    "size": [
      2.1576676687080547,
      4.838558424228969,
      1.75
    ],
    "obj_class": "vehicle",
    "point_num_in_lidar": 790,
    "speed": 0.0387735387369137,
    "if_vehicle": true,
    "motion_state": false,
    "pose": [
      [
        0.056145107535363226,
        0.9943318939234196,
        0.09028738354004877,
        8.742009931940174
      ],
      [
        -0.9983169221704338,
        0.05722495360939325,
        -0.009414222886401008,
        16.307361737055544
      ],
      [
        -0.014527553407045101,
        -0.08960686029020411,
        0.9958712571316322,
        0.20861734228705586
      ],
      [
        0.0,
        0.0,
        0.0,
        1.0
      ]
    ],
    "location": [
      8.742009931940174,
      16.307361737055544,
      0.20861734228705586
    ],
    "rotation": [
      -0.08973670583506285,
      0.01452806446180889,
      -1.5146157448782012
    ]
  },
  {
    "label_id": "pQA8VwbqeBwYCoRugHs3qQ",
    "size": [
      0.4781155015169082,
      0.10065653246782191,
      0.5391337386017767
    ],
    "obj_class": "sign",
    "point_num_in_lidar": 49,
    "speed": 0.01739003145907369,
    "if_vehicle": false,
    "motion_state": false,
    "pose": [
      [
        -0.7296065768007741,
        -0.6778808386896241,
        0.09028738354004877,
        -2.30540572112659
      ],
      [
        0.680005161947256,
        -0.7331468830545018,
        -0.009414222886401008,
        -5.330902888026685
      ],
      [
        0.07257563512737765,
        0.054527207932558344,
        0.9958712571316322,
        2.479859166009504
      ],
      [
        0.0,
        0.0,
        0.0,
        1.0
      ]
    ],
    "location": [
      -2.30540572112659,
      -5.330902888026685,
      2.479859166009504
    ],
    "rotation": [
      0.054698652996516585,
      -0.07263949862279664,
      2.391367975634051
    ]
  },
  {
    "label_id": "poNER0fr1zgf0U0PEnfldw",
    "size": [
      2.0585007434142226,
      4.589923589374125,
      1.7800000000000011
    ],
    "obj_class": "vehicle",
    "point_num_in_lidar": 4640,
    "speed": 0.014737711297086783,
    "if_vehicle": true,
    "motion_state": false,
    "pose": [
      [
        -0.9931885291262197,
        0.07365279346765094,
        0.09028738354004877,
        -4.683204871180806
      ],
      [
        -0.07480267322380786,
        -0.9971539161463577,
        -0.009414222886401008,
        6.546685972976775
      ],
      [
        0.0893370342616573,
        -0.016103835828589885,
        0.9958712571316322,
        0.63836062192604
      ],
      [
        0.0,
        0.0,
        0.0,
        1.0
      ]
    ],
    "location": [
      -4.683204871180806,
      6.546685972976775,
      0.63836062192604
    ],
    "rotation": [
      -0.016169190825157245,
      -0.0894562978136486,
      -3.0664188952584523
    ]
  },
  {
    "label_id": "tBnMwtSfMUdPA9bwMuVXzA",
    "size": [
      2.107118437321973,
      4.94391362798015,
      1.5800000000000125
    ],
    "obj_class": "vehicle",
    "point_num_in_lidar": 71,
    "speed": 5.059293924418409,
    "if_vehicle": true,
    "motion_state": true,
    "pose": [
      [
        0.09371392181469877,
        0.9914967923455934,
        0.09028738354004877,
        11.127117202176578
      ],
      [
        -0.9954381256416533,
        0.09494372241742588,
        -0.009414222886401008,
        23.735594930629304
      ],
      [
        -0.017906392074915126,
        -0.08899326009267289,
        0.9958712571316322,
        0.7828582596177114
      ],
      [
        0.0,
        0.0,
        0.0,
        1.0
      ]
    ],
    "location": [
      11.127117202176578,
      23.735594930629304,
      0.7828582596177114
    ],
    "rotation": [
      -0.08912547650414451,
      0.017907349127253665,
      -1.4769295951953014
    ]
  },
  {
    "label_id": "vc-OWTY-vidLhLS4m8eu-w",
    "size": [
      2.079054254371123,
      4.614761863970827,
      1.759999999999991
    ],
    "obj_class": "vehicle",
    "point_num_in_lidar": 4545,
    "speed": 0.008711658273746764,
    "if_vehicle": true,
    "motion_state": false,
    "pose": [
      [
        0.9954020566237038,
        -0.03198334008187209,
        0.09028738354004877,
        -9.958873492549628
      ],
      [
        0.03296609989806718,
        0.9994121315378135,
        -0.009414222886401008,
        -4.034802579195457
      ],
      [
        -0.08993320814254993,
        0.012347359727953857,
        0.9958712571316322,
        1.202063184064258
      ],
      [
        0.0,
        0.0,
        0.0,
        1.0
      ]
    ],
    "location": [
      -9.958873492549628,
      -4.034802579195457,
      1.202063184064258
    ],
    "rotation": [
      0.012397914893638933,
      0.09005488119878509,
      0.03310627590453513
    ]
  },
  {
    "label_id": "zP3W4pR_Dkt0kqTwQldWqw",
    "size": [
      2.071869919683925,
      4.414748533014121,
      1.9000000000000057
    ],
    "obj_class": "vehicle",
    "point_num_in_lidar": 280,
    "speed": 0.0028650329640524065,
    "if_vehicle": true,
    "motion_state": false,
    "pose": [
      [
        -0.99367694487362,
        0.06674067425581548,
        0.09028738354004877,
        29.24905878953041
      ],
      [
        -0.06786293609136128,
        -0.99765023646191,
        -0.009414222886401008,
        9.326270286090221
      ],
      [
        0.08944691795522389,
        -0.015481863175152816,
        0.9958712571316322,
        -0.6707637912277562
      ],
      [
        0.0,
        0.0,
        0.0,
        1.0
      ]
    ],
    "location": [
      29.24905878953041,
      9.326270286090221,
      -0.6707637912277562
    ],
    "rotation": [
      -0.015544796607102488,
      -0.08956662319234522,
      -3.0734037693491443
    ]
  }
]