[
  {
    "label_id": "1cey-IEbE8XPL2SyOdH_ig",
    "size": [
      2.1449194355938763,
      4.755202036269388,
      1.5
    ],
    "obj_class": "vehicle",
    "point_num_in_lidar": 62,
    "speed": 1.979352757472892,
    "if_vehicle": true,
    "motion_state": true,
    "pose": [
      [
        -0.981010059748648,
        -0.17215565415096268,
        0.08934032357120959,
        47.7538726290295
      ],
      [
        0.17229711790045973,
        -0.9850256115899894,
        -0.006184470467430636,
        8.454059615665756
      ],
      [
        0.0890671984242761,
        0.009326052520846045,
        0.9959819571203231,
        -1.449698690844798
      ],
      [
        0.0,
        0.0,
        0.0,
        1.0
      ]
    ],
    "location": [
      47.7538726290295,
      8.454059615665756,
      -1.449698690844798
    ],
    "rotation": [
      0.009363402523470647,
      -0.08918538198173347,
      2.96773347779606
    ]
  },
  {
    "label_id": "1fN92bYl8PDITI-WxnQ1kQ",
    "size": [
      2.0701726674127294,
      4.579581916585754,
      2.3000000000000114
    ],
    "obj_class": "vehicle",
    "point_num_in_lidar": 9314,
    "speed": 0.07276197422501501,
    "if_vehicle": true,
    "motion_state": false,
    "pose": [
      [
        0.9932136273416025,
        -0.07446473693721153,
        0.08934032357120959,
        -23.638196630266066
      ],
      [
        0.07531545224895886,
        0.9971405793455466,
        -0.006184470467430636,
        -4.932804482159554
      ],
      [
        -0.08862433703826134,
        0.012871207219977766,
        0.9959819571203231,
        2.653324896716896
      ],
      [
        0.0,
        0.0,
        0.0,
        1.0
      ]
    ],
    "location": [
      -23.638196630266066,
      -4.932804482159554,
      2.653324896716896
    ],
    "rotation": [
      0.012922413574822421,
      0.08874076229690138,
      0.0756852167555982
    ]
  },
  {
    "label_id": "6kV2629tjfAKv8UQAUpQIw",
    "size": [
      2.01855516802371,
      4.332165675849257,
      1.5699999999999932
    ],
    "obj_class": "vehicle",
    "point_num_in_lidar": 103,
    "speed": 0.011424544290880164,
    "if_vehicle": true,
    "motion_state": false,
    "pose": [
      [
        0.9955375123275186,
        -0.030386973079386138,
        0.08934032357120959,
        29.467636822113946
      ],
      [
        0.031062868176387447,
        0.9994982994211116,
        -0.006184470467430636,
        -0.7661237076281395
      ],
      [
        -0.08910757414155175,
        0.008932039038137184,
        0.9959819571203231,
        -0.42362646513564073
      ],
      [
        0.0,
        0.0,
        0.0,
        1.0
      ]
    ],
    "location": [
      29.467636822113946,
      -0.7661237076281395,
      -0.42362646513564073
    ],
    "rotation": [
      0.008967832729077734,
      0.08922591888127354,
      0.031191987278554434
    ]
  },
  {
    "label_id": "9ojEvP_IkP8ziMOD-24fCQ",
    "size": [
      2.0470616308685847,
      4.486385603924427,
      1.4699999999999989
    ],
    "obj_class": "vehicle",
    "point_num_in_lidar": 90,
    "speed": 0.00882597576538597,
    "if_vehicle": true,
    "motion_state": false,
    "pose": [
      [
        0.08808088289173883,
        0.9920988179880085,
        0.08934032357120959,
        10.830621439368315
      ],
      [
        -0.9960137319651562,
        0.08898538116949013,
        -0.006184470467430636,
        -9.738309981850762
      ],
      [
        -0.014085588587409348,
        -0.0884394554761459,
        0.9959819571203231,
        0.140980890013509
      ],
      [
        0.0,
        0.0,
        0.0,
        1.0
      ]
    ],
    "location": [
      10.830621439368315,
      -9.738309981850762,
      0.140980890013509
    ],
    "rotation": [
      -0.08856396109581167,
      0.014086054401396457,
      -1.4825923791092532
    ]
  },
  {
    "label_id": "EENp0Fqicu7Uz2meQc79Hw",
    "size": [
      0.48352354662758673,
      0.09322347433545763,
      0.47999999999998977
    ],
    "obj_class": "sign",
    "point_num_in_lidar": 66,
    "speed": 0.0035812078808751626,
    "if_vehicle": false,
    "motion_state": false,
    "pose": [
      [
        0.9950695909672845,
        -0.0430675715172408,
        0.08934032357120959,
        -1.1178797960119482
      ],
      [
        0.043793871857110776,
        0.9990214457722119,
        -0.006184470467430636,
        8.676746408908002
      ],
      [
        -0.0889865490957147,
        0.010066537180525819,
        0.9959819571203231,
        2.0048366247239358
      ],
      [
        0.0,
        0.0,
        0.0,
        1.0
      ]
    ],
    "location": [
      -1.1178797960119482,
      8.676746408908002,
      2.0048366247239358
    ],
    "rotation": [
      0.010106803992853023,
      0.08910441113608682,
      0.04398248069056121
    ]
  },
  {
    "label_id": "Fz60h1BcAUsffihcCYYlSQ",
    "size": [
      1.9659452030174644,
      3.735738890448964,
      1.8600000000000136
    ],
    "obj_class": "vehicle",
    "point_num_in_lidar": 20,
    "speed": 0.030849868656357124,
    "if_vehicle": true,
    "motion_state": false,
    "pose": [
      [
        -0.9945470395503786,
        0.05380048982834202,
        0.08934032357120959,
        35.74213451984815
      ],
      [
        -0.05456938294666572,
        -0.9984908285857501,
        -0.006184470467430636,
        9.791505771752782
      ],
      [
        0.0888727661682594,
        -0.011025993124106246,
        0.9959819571203231,
        -0.8990181379076034
      ],
      [
        0.0,
        0.0,
        0.0,
        1.0
      ]
    ],
    "location": [
      35.74213451984815,
      9.791505771752782,
      -0.8990181379076034
    ],
    "rotation": [
      -0.011070022550804805,
      -0.08899017559695686,
      -3.086779036938912
    ]
  },
  {
    "label_id": "OGwryDjwWyt-Cv-47lN4mg",
    "size": [
      2.1823305706023346,
      4.433368961313599,
      1.7199999999999989
    ],
    "obj_class": "vehicle",
    "point_num_in_lidar": 1281,
    "speed": 7.759936126923508,
    "if_vehicle": true,
    "motion_state": true,
    "pose": [
      [
        -0.9935571192520709,
        0.06973203975015983,
        0.08934032357120959,
        -6.776613696529694
      ],
      [
        -0.07056403668687455,
        -0.9974880796538328,
        -0.006184470467430636,
        2.9006853860591946
      ],
      [
        0.08868465205422935,
        -0.012448838531815967,
        0.9959819571203231,
        1.0404840395664223
      ],
      [
        0.0,
        0.0,
        0.0,
        1.0
      ]
    ],
    "location": [
      -6.776613696529694,
      2.9006853860591946,
      1.0404840395664223
    ],
    "rotation": [
      -0.012498409458182065,
      -0.08880131574583215,
      -3.070690085661655
    ]
  },
  {
    "label_id": "VmzsA6ftNGzpaCYyOOP5qA",
    "size": [
      0.7068085106370895,
      0.1110016975128483,
      0.7430851063830062
    ],
    "obj_class": "sign",
    "point_num_in_lidar": 44,
    "speed": 0.011262382479166897,
    "if_vehicle": false,
    "motion_state": false,
    "pose": [
      [
        -0.9959968622243547,
        0.0029252390383270703,
        0.08934032357120959,
        4.503395927551082
      ],
      [
        -0.003491665474379037,
        -0.9999747799806016,
        -0.006184470467430636,
        -4.739302083999064
      ],
      [
        0.08931997935207335,
        -0.006471659703363545,
        0.9959819571203231,
        2.3779885449455946
      ],
      [
        0.0,
        0.0,
        0.0,
        1.0
      ]
    ],
    "location": [
      4.503395927551082,
      -4.739302083999064,
      2.3779885449455946
    ],
    "rotation": [
      -0.006497676568784349,
      -0.08943917444858043,
      -3.138086968679721
    ]
  },
  {
    "label_id": "WWv9wtVzT42U162-yTuOoA",
    "size": [
      2.0261529209355627,
      4.6105153086884325,
      1.5699999999999932
    ],
    "obj_class": "vehicle",
    "point_num_in_lidar": 104,
    "speed": 0.02859361219896248,
    "if_vehicle": true,
    "motion_state": false,
    "pose": [
      [
        -0.9942767522618194,
        0.058583670897957525,
        0.08934032357120959,
        0.35800126755020756
      ],
      [
        -0.05937152487441531,
        -0.9982167972735803,
        -0.006184470467430636,
        7.021253774400975
      ],
      [
        0.08881870268009609,
        -0.011453346454012449,
        0.9959819571203231,
        0.23499566352492707
      ],
      [
        0.0,
        0.0,
        0.0,
        1.0
      ]
    ],
    "location": [
      0.35800126755020756,
      7.021253774400975,
      0.23499566352492707
    ],
    "rotation": [
      -0.01149904528874709,
      -0.08893589746037556,
      -3.0819501961022087
    ]
  },
  {
    "label_id": "X4H9yiCRjWTn4rPCsOkVdA",
    "size": [
      1.9697740761117504,
      4.4188602944795115,
      1.6500000000000057
    ],
    "obj_class": "vehicle",
    "point_num_in_lidar": 206,
    "speed": 0.00467010086187978,
    "if_vehicle": true,
    "motion_state": false,
    "pose": [
      [
        -0.10329288294969818,
        -0.9906305501629412,
        0.08934032357120959,
        15.98170232440225
      ],
      [
        0.9945311250153275,
        -0.10425734363000305,
        -0.006184470467430636,
        16.240997453185628
      ],
      [
        0.015440910196196532,
        0.08821292072641028,
        0.9959819571203231,
        0.1936423522233781
      ],
      [
        0.0,
        0.0,
        0.0,
        1.0
      ]
    ],
    "location": [
      15.98170232440225,
      16.240997453185628,
      0.1936423522233781
    ],
    "rotation": [
      0.08833828728041376,
      -0.015441523836732364,
      1.6742861585350346
    ]
  },
  {
    "label_id": "ZCSiMZdHr7H2v9WzSWCqWA",
    "size": [
      0.48352354662758673,
      0.09322347433545763,
      0.5600000000000023
    ],
    "obj_class": "sign",
    "point_num_in_lidar": 56,
    "speed": 0.004000555323761999,
    "if_vehicle": false,
    "motion_state": false,
    "pose": [
      [
        0.9950695909672845,
        -0.0430675715172408,
        0.08934032357120959,
        -1.1210453596359002
      ],
      [
        0.043793871857110776,
        0.9990214457722119,
        -0.006184470467430636,
        8.6763058238339
      ],
      [
        -0.0889865490957147,
        0.010066537180525819,
        0.9959819571203231,
        1.4667829002630413
      ],
      [
        0.0,
        0.0,
        0.0,
        1.0
      ]
    ],
    "location": [
      -1.1210453596359002,
      8.6763058238339,
      1.4667829002630413
    ],
    "rotation": [
      0.010106803992853023,
      0.08910441113608682,
      0.04398248069056121
    ]
  },
  {
    "label_id": "ZF1-vGaHNjltsRoVWjqYiQ",
    "size": [
      2.0916384992245685,
      4.67170689046401,
      1.5999999999999943
    ],
    "obj_class": "vehicle",
    "point_num_in_lidar": 48,
    "speed": 0.11142970073595052,
    "if_vehicle": true,
    "motion_state": false,
    "pose": [
      [
        -0.9924857045123708,
        0.08360880888264481,
        0.08934032357120959,
        50.578813133874974
      ],
      [
        -0.08449565428556302,
        -0.9964046551135197,
        -0.006184470467430636,
        10.76822173133769
      ],
      [
        0.08850203808634959,
        -0.013686867623137108,
        0.9959819571203231,
        -1.8101689459268755
      ],
      [
        0.0,
        0.0,
        0.0,
        1.0
      ]
    ],
    "location": [
      50.578813133874974,
      10.76822173133769,
      -1.8101689459268755
    ],
    "rotation": [
      -0.013741218962844312,
      -0.08861798088279188,
      -3.0566620650177625
    ]
  },
  {
    "label_id": "gdywJfz_9bellnjvLvGrGw",
    "size": [
      1.0017507540683008,
      1.2747419405263642,
      1.9000000000000057
    ],
    "obj_class": "pedestrian",
    "point_num_in_lidar": 94,
    "speed": 1.6628395639163813,
    "if_vehicle": false,
    "motion_state": true,
    "pose": [
      [
        -0.9939218997091555,
        0.0643238980685659,
        0.08934032357120959,
        14.709342747417395
      ],
      [
        -0.06513448972062923,
        -0.9978573297690762,
        -0.006184470467430636,
        -5.447123967685911
      ],
      [
        0.08875108747151739,
        -0.011966017022970465,
        0.9959819571203231,
        0.2775700277495332
      ],
      [
        0.0,
        0.0,
        0.0,
        1.0
      ]
    ],
    "location": [
      14.709342747417395,
      -5.447123967685911,
      0.2775700277495332
    ],
    "rotation": [
      -0.012013712948921904,
      -0.08886801416866313,
      -3.076153419191899
    ]
  },
  {
    "label_id": "hy7DPqrk-jx8HPHRLoTgrg",
    "size": [
      2.0883827875924874,
      4.661804435505315,
      1.5999999999999943
    ],
    "obj_class": "vehicle",
    "point_num_in_lidar": 4992,
    "speed": 7.046880927132605,
    "if_vehicle": true,
    "motion_state": true,
    "pose": [
      [
        -0.9922022866104154,
        0.08690758901991646,
        0.08934032357120959,
        -25.895087837518076
      ],
      [
        -0.0878074569817733,
        -0.9961182674880686,
        -0.006184470467430636,
        1.8117892915288394
      ],
      [
        0.08845605091488748,
        -0.013980992357975954,
        0.9959819571203231,
        2.515695234215258
      ],
      [
        0.0,
        0.0,
        0.0,
        1.0
      ]
    ],
    "location": [
      -25.895087837518076,
      1.8117892915288394,
      2.515695234215258
    ],
    "rotation": [
      -0.014036473307134317,
      -0.0885718126412575,
      -3.053325070659839
    ]
  },
  {
    "label_id": "k_NOVkdWc5tiNnbaUVinuw",
    "size": [
      2.1554485014006755,
      4.4419784152818895,
      1.740000000000009
    ],
    "obj_class": "vehicle",
    "point_num_in_lidar": 47,
    "speed": 0.005876438834716353,
    "if_vehicle": true,
    "motion_state": false,
    "pose": [
      [
        -0.11216220388542025,
        -0.9896655731123303,
        0.08934032357120959,
        15.577919984898926
      ],
      [
        0.9935573524294479,
        -0.1131615648461235,
        -0.006184470467430636,
        21.39061539222166
      ],
      [
        0.01623044832872311,
        0.08807107151510989,
        0.9959819571203231,
        0.6264715869421593
      ],
      [
        0.0,
        0.0,
        0.0,
        1.0
      ]
    ],
    "location": [
      15.577919984898926,
      21.39061539222166,
      0.6264715869421593
    ],
    "rotation": [
      0.08819697256551003,
      -0.01623116100415248,
      1.683209915639854
    ]
  },
  {
    "label_id": "neWc6a5SpHMFVBiTZbsQRA",
    "size": [
      2.157667668708059,
      4.838558424228969,
      1.75
    ],
    "obj_class": "vehicle",
    "point_num_in_lidar": 157,
    "speed": 0.004897383762998914,
    "if_vehicle": true,
    "motion_state": false,
    "pose": [
      [
        0.0561499222317222,
        0.9944171623707846,
        0.08934032357120959,
        8.688403719069356
      ],
      [
        -0.9983591239174663,
        0.056928130267792816,
        -0.006184470467430636,
        16.304128139974637
      ],
      [
        -0.011235921151416872,
        -0.08884646963526516,
        0.9959819571203231,
        0.22259197418168242
      ],
      [
        0.0,
        0.0,
        0.0,
        1.0
      ]
    ],
    "location": [
      8.688403719069356,
      16.304128139974637,
      0.22259197418168242
    ],
    "rotation": [
      -0.08896940567969461,
      0.01123615757972362,
      -1.514613307295881
    ]
  },
  {
    "label_id": "pQA8VwbqeBwYCoRugHs3qQ",
    "size": [
      0.4781155015169066,
      0.10065653246782191,
      0.5391337386017767
    ],
    "obj_class": "sign",
    "point_num_in_lidar": 74,
    "speed": 0.00934525146577567,
    "if_vehicle": false,
    "motion_state": false,
    "pose": [
      [
        -0.7296691438574769,
        -0.6779389700308489,
        0.08934032357120959,
        -2.3374326669650145
      ],
      [
        0.6802413010056986,
        -0.7329621577756331,
        -0.006184470467430636,
        -5.341184126235021
      ],
      [
        0.06967576988000317,
        0.056260360667167726,
        0.9959819571203231,
        2.5031036615986295
      ],
      [
        0.0,
        0.0,
        0.0,
        1.0
      ]
    ],
    "location": [
      -2.3374326669650145,
      -5.341184126235021,
      2.5031036615986295
    ],
    "rotation": [
      0.056427363670619485,
      -0.0697322693737847,
      2.391237572978694
    ]
  },
  {
    "label_id": "poNER0fr1zgf0U0PEnfldw",
    "size": [
      2.058500743414222,
      4.589923589374125,
      1.7800000000000011
    ],
    "obj_class": "vehicle",
    "point_num_in_lidar": 1015,
    "speed": 0.014737711050827638,
    "if_vehicle": true,
    "motion_state": false,
    "pose": [
      [
        -0.9932736995248934,
        0.07365910952708801,
        0.08934032357120959,
        -4.706707634308714
      ],
      [
        -0.07450663937919552,
        -0.9972013402585539,
        -0.006184470467430636,
        6.566826178945121
      ],
      [
        0.08863474781681556,
        -0.012799319131128027,
        0.9959819571203231,
        0.6873658672315628
      ],
      [
        0.0,
        0.0,
        0.0,
        1.0
      ]
    ],
    "location": [
      -4.706707634308714,
      6.566826178945121,
      0.6873658672315628
    ],
    "rotation": [
      -0.01285024745634195,
      -0.08875121420729082,
      -3.0667216813010634
    ]
  },
  {
    "label_id": "vc-OWTY-vidLhLS4m8eu-w",
    "size": [
      2.079054254371123,
      4.614761863970827,
      1.759999999999991
    ],
    "obj_class": "vehicle",
    "point_num_in_lidar": 2337,
    "speed": 0.017268217205353195,
    "if_vehicle": true,
    "motion_state": false,
    "pose": [
      [
        0.9954874168423502,
        -0.031986082797626,
        0.08934032357120959,
        -9.991240312596346
      ],
      [
        0.032668339302640445,
        0.9994471131241739,
        -0.006184470467430636,
        -4.046996683267935
      ],
      [
        -0.08909311149439429,
        0.009075162533992286,
        0.9959819571203231,
        1.2448577724685777
      ],
      [
        0.0,
        0.0,
        0.0,
        1.0
      ]
    ],
    "location": [
      -9.991240312596346,
      -4.046996683267935,
      1.2448577724685777
    ],
    "rotation": [
      0.00911152187872367,
      0.08921139848147375,
      0.03280465356243383
    ]
  },
  {
    "label_id": "zP3W4pR_Dkt0kqTwQldWqw",
    "size": [
      2.071869919683925,
      4.414748533014121,
      1.9000000000000057
    ],
    "obj_class": "vehicle",
    "point_num_in_lidar": 141,
    "speed": 0.0028650329150168,
    "if_vehicle": true,
    "motion_state": false,
    "pose": [
      [
        -0.9937621571561485,
        0.06674639756983344,
        0.08934032357120959,
        29.251892604772365
      ],
      [
        -0.06756657944822052,
        -0.997695599702988,
        -0.006184470467430636,
        9.331578248118603
      ],
      [
        0.08872165657845893,
        -0.012182312783086222,
        0.9959819571203231,
        -0.6720846937224678
      ],
      [
        0.0,
        0.0,
        0.0,
        1.0
      ]
    ],
    "location": [
      29.251892604772365,
      9.331578248118603,
      -0.6720846937224678
    ],
    "rotation": [
      -0.012230849388672903,
      -0.08883846671524948,
      -3.073706436886272
    ]
  }
]