[
  {
    "label_id": "1fN92bYl8PDITI-WxnQ1kQ",
    "size": [
      2.0701726674131153,
      4.579581916585754,
      2.3000000000000114
    ],
    "obj_class": "vehicle",
    "point_num_in_lidar": 10429,
    "speed": 0.07276197361642109,
    "if_vehicle": true,
    "motion_state": false,
    "pose": [
      [
        0.9927138674823094,
        -0.0789554015392013,
        0.09102319416554878,
        -23.72527276698247
      ],
      [
        0.07929308543144628,
        0.9968513418682929,
        -9.390497918535922e-05,
        -4.926527671270378
      ],
      [
        -0.09072917893972737,
        0.007310730686274927,
        0.9958487682905249,
        2.7021223643386065
      ],
      [
        0.0,
        0.0,
        0.0,
        1.0
      ]
    ],
    "location": [
      -23.72527276698247,
      -4.926527671270378,
      2.7021223643386065
    ],
    "rotation": [
      0.007341073855956053,
      0.0908541194788174,
      0.07970584471979969
    ]
  },
  {
    "label_id": "6kV2629tjfAKv8UQAUpQIw",
    "size": [
      2.0185551680237097,
      4.332165675849257,
      1.5699999999999932
    ],
    "obj_class": "vehicle",
    "point_num_in_lidar": 80,
    "speed": 0.011424544196408672,
    "if_vehicle": true,
    "motion_state": false,
    "pose": [
      [
        0.9953851980587701,
        -0.030382323963180143,
        0.09102319416554878,
        29.4813281506531
      ],
      [
        0.030517552677576044,
        0.9995342266077867,
        -9.390497918535922e-05,
        -0.7654576025142887
      ],
      [
        -0.09097794493213285,
        0.002871276749133492,
        0.9958487682905249,
        -0.4071371917500528
      ],
      [
        0.0,
        0.0,
        0.0,
        1.0
      ]
    ],
    "location": [
      29.4813281506531,
      -0.7654576025142887,
      -0.4071371917500528
    ],
    "rotation": [
      0.0028832377808655743,
      0.09110391857525615,
      0.030649437220511666
    ]
  },
  {
    "label_id": "9ojEvP_IkP8ziMOD-24fCQ",
    "size": [
      2.0470616308685874,
      4.486385603924427,
      1.4699999999999989
    ],
    "obj_class": "vehicle",
    "point_num_in_lidar": 31,
    "speed": 0.008825975837019542,
    "if_vehicle": true,
    "motion_state": false,
    "pose": [
      [
        0.08806740677948464,
        0.9919470298292331,
        0.09102319416554878,
        10.824048159763606
      ],
      [
        -0.9960812290956585,
        0.08844306770537237,
        -9.390497918535922e-05,
        -9.730007373404078
      ],
      [
        -0.00814351928953198,
        -0.09065822515263208,
        0.9958487682905249,
        0.18537907411089805
      ],
      [
        0.0,
        0.0,
        0.0,
        1.0
      ]
    ],
    "location": [
      10.824048159763606,
      -9.730007373404078,
      0.18537907411089805
    ],
    "rotation": [
      -0.0907858907364501,
      0.008143609301052625,
      -1.4826117492728446
    ]
  },
  {
    "label_id": "DjhKCF12nvmndm8KiqE_fg",
    "size": [
      0.48186527277000735,
      0.07737137429566625,
      0.5099999999999909
    ],
    "obj_class": "sign",
    "point_num_in_lidar": 29,
    "speed": 0.008213759199115985,
    "if_vehicle": false,
    "motion_state": false,
    "pose": [
      [
        -0.9840710485222087,
        0.1527054340365836,
        0.09102319416554878,
        -31.271982864432175
      ],
      [
        -0.1533504724637128,
        -0.9881718594338796,
        -9.390497918535922e-05,
        6.650427849266634
      ],
      [
        0.0899322192295767,
        -0.014050859001771566,
        0.9958487682905249,
        3.9904143788067756
      ],
      [
        0.0,
        0.0,
        0.0,
        1.0
      ]
    ],
    "location": [
      -31.271982864432175,
      6.650427849266634,
      3.9904143788067756
    ],
    "rotation": [
      -0.014108494345820587,
      -0.09005388826227775,
      -2.987003268595782
    ]
  },
  {
    "label_id": "EENp0Fqicu7Uz2meQc79Hw",
    "size": [
      0.48352354662758706,
      0.09322347433545763,
      0.47999999999998977
    ],
    "obj_class": "sign",
    "point_num_in_lidar": 40,
    "speed": 0.0035812078514097846,
    "if_vehicle": false,
    "motion_state": false,
    "pose": [
      [
        0.9949173482891077,
        -0.04306098230731965,
        0.09102319416554878,
        -1.1174756150844587
      ],
      [
        0.04324905832329487,
        0.99906431731696,
        -9.390497918535922e-05,
        8.681024201378023
      ],
      [
        -0.09093398169836582,
        0.004030095126120655,
        0.9958487682905249,
        2.016110510733654
      ],
      [
        0.0,
        0.0,
        0.0,
        1.0
      ]
    ],
    "location": [
      -1.1174756150844587,
      8.681024201378023,
      2.016110510733654
    ],
    "rotation": [
      0.004046872631560433,
      0.09105977235165855,
      0.04344265130255719
    ]
  },
  {
    "label_id": "IfNerZgQ7yST4CI_bfhEsw",
    "size": [
      2.101758356662284,
      4.501293317591796,
      1.8000000000000114
    ],
    "obj_class": "vehicle",
    "point_num_in_lidar": 4571,
    "speed": 0.02611736282186652,
    "if_vehicle": true,
    "motion_state": false,
    "pose": [
      [
        -0.9947256116170374,
        0.04728356709271658,
        0.09102319416554878,
        -32.00421561736948
      ],
      [
        -0.04748924341625041,
        -0.998871744991121,
        -9.390497918535922e-05,
        4.509818848257055
      ],
      [
        0.09091605662842368,
        -0.004416032312106412,
        0.9958487682905249,
        3.0678954899319137
      ],
      [
        0.0,
        0.0,
        0.0,
        1.0
      ]
    ],
    "location": [
      -32.00421561736948,
      4.509818848257055,
      3.0678954899319137
    ],
    "rotation": [
      -0.004434411636637887,
      -0.09104177272259593,
      -3.093887826411027
    ]
  },
  {
    "label_id": "OGwryDjwWyt-Cv-47lN4mg",
    "size": [
      2.182330570601527,
      4.433368961313599,
      1.7199999999999989
    ],
    "obj_class": "vehicle",
    "point_num_in_lidar": 192,
    "speed": 7.41902708100074,
    "if_vehicle": true,
    "motion_state": true,
    "pose": [
      [
        -0.9932324811616381,
        0.07213886947684185,
        0.09102319416554878,
        2.414917204033827
      ],
      [
        -0.07244814293871794,
        -0.9973721761542107,
        -9.390497918535922e-05,
        3.559473073724803
      ],
      [
        0.09077722704636398,
        -0.006687730857114062,
        0.9958487682905249,
        0.4450205367199658
      ],
      [
        0.0,
        0.0,
        0.0,
        1.0
      ]
    ],
    "location": [
      2.414917204033827,
      3.559473073724803,
      0.4450205367199658
    ],
    "rotation": [
      -0.006715507951833062,
      -0.09090236668170444,
      -3.0687798267097377
    ]
  },
  {
    "label_id": "RHFMvK37Z17yJA-Rg1BEKQ",
    "size": [
      2.024234922955963,
      4.377999677891115,
      1.9912120476135442
    ],
    "obj_class": "vehicle",
    "point_num_in_lidar": 4989,
    "speed": 0.08838690042995606,
    "if_vehicle": true,
    "motion_state": false,
    "pose": [
      [
        0.9947049244075419,
        -0.04771678408366588,
        0.09102319416554878,
        -31.28324990000192
      ],
      [
        0.04792426610576902,
        0.9988509678125553,
        -9.390497918535922e-05,
        -5.762458357876312
      ],
      [
        -0.09091412474203238,
        0.004455627524208907,
        0.9958487682905249,
        3.2342394414199873
      ],
      [
        0.0,
        0.0,
        0.0,
        1.0
      ]
    ],
    "location": [
      -31.28324990000192,
      -5.762458357876312,
      3.2342394414199873
    ],
    "rotation": [
      0.004474171113946129,
      0.09103983280231139,
      0.04814215255984523
    ]
  },
  {
    "label_id": "VmzsA6ftNGzpaCYyOOP5qA",
    "size": [
      0.7068085106370897,
      0.1110016975128483,
      0.7430851063830062
    ],
    "obj_class": "sign",
    "point_num_in_lidar": 44,
    "speed": 0.008071822872632474,
    "if_vehicle": false,
    "motion_state": false,
    "pose": [
      [
        -0.9958444776764427,
        0.002924791485477758,
        0.09102319416554878,
        4.500641433705368
      ],
      [
        -0.0029455666835405936,
        -0.9999956573999548,
        -9.390497918535922e-05,
        -4.730017227018834
      ],
      [
        0.09102252423573812,
        -0.0003616296431115499,
        0.9958487682905249,
        2.4504429704106485
      ],
      [
        0.0,
        0.0,
        0.0,
        1.0
      ]
    ],
    "location": [
      4.500641433705368,
      -4.730017227018834,
      2.4504429704106485
    ],
    "rotation": [
      -0.00036313709343283604,
      -0.09114868361478817,
      -3.1386348040867484
    ]
  },
  {
    "label_id": "WWv9wtVzT42U162-yTuOoA",
    "size": [
      2.0261529209368376,
      4.6105153086884325,
      1.5699999999999932
    ],
    "obj_class": "vehicle",
    "point_num_in_lidar": 116,
    "speed": 0.020868453909078946,
    "if_vehicle": true,
    "motion_state": false,
    "pose": [
      [
        -0.9943198487748158,
        0.055161729997598954,
        0.09102319416554878,
        0.38217225752850936
      ],
      [
        -0.055400243161348985,
        -0.9984642228139766,
        -9.390497918535922e-05,
        6.996906947577372
      ],
      [
        0.09087822285944311,
        -0.005136078674796875,
        0.9958487682905249,
        0.2742833862163536
      ],
      [
        0.0,
        0.0,
        0.0,
        1.0
      ]
    ],
    "location": [
      0.38217225752850936,
      6.996906947577372,
      0.2742833862163536
    ],
    "rotation": [
      -0.005157442876568028,
      -0.09100378168158306,
      -3.0859334786623642
    ]
  },
  {
    "label_id": "X4H9yiCRjWTn4rPCsOkVdA",
    "size": [
      1.9697740761117568,
      4.4188602944795115,
      1.6500000000000057
    ],
    "obj_class": "vehicle",
    "point_num_in_lidar": 132,
    "speed": 0.004670100825930647,
    "if_vehicle": true,
    "motion_state": false,
    "pose": [
      [
        -0.10327707944682989,
        -0.9904789866447616,
        0.09102319416554878,
        15.982451245373795
      ],
      [
        0.9946069352417644,
        -0.10371612965609449,
        -9.390497918535922e-05,
        16.235444395924787
      ],
      [
        0.009533584316410333,
        0.09052260195291674,
        0.9958487682905249,
        0.20919289535333974
      ],
      [
        0.0,
        0.0,
        0.0,
        1.0
      ]
    ],
    "location": [
      15.982451245373795,
      16.235444395924787,
      0.20919289535333974
    ],
    "rotation": [
      0.0906508199226607,
      -0.009533728739006798,
      1.6742626069247344
    ]
  },
  {
    "label_id": "ZCSiMZdHr7H2v9WzSWCqWA",
    "size": [
      0.48352354662758706,
      0.09322347433545763,
      0.5600000000000023
    ],
    "obj_class": "sign",
    "point_num_in_lidar": 31,
    "speed": 0.0040005552921285725,
    "if_vehicle": false,
    "motion_state": false,
    "pose": [
      [
        0.9949173482891077,
        -0.04306098230731965,
        0.09102319416554878,
        -1.1199773665157409
      ],
      [
        0.04324905832329487,
        0.99906431731696,
        -9.390497918535922e-05,
        8.680985492397667
      ],
      [
        -0.09093398169836582,
        0.004030095126120655,
        0.9958487682905249,
        1.477251508700732
      ],
      [
        0.0,
        0.0,
        0.0,
        1.0
      ]
    ],
    "location": [
      -1.1199773665157409,
      8.680985492397667,
      1.477251508700732
    ],
    "rotation": [
      0.004046872631560433,
      0.09105977235165855,
      0.04344265130255719
    ]
  },
  {
    "label_id": "gdywJfz_9bellnjvLvGrGw",
    "size": [
      1.0017507540690334,
      1.2747419405263642,
      1.9000000000000057
    ],
    "obj_class": "pedestrian",
    "point_num_in_lidar": 44,
    "speed": 1.6462572865878649,
    "if_vehicle": false,
    "motion_state": true,
    "pose": [
      [
        -0.9910443065518089,
        0.09770343174702169,
        0.09102319416554878,
        16.700342707392338
      ],
      [
        -0.09811925292592202,
        -0.9951746597392409,
        -9.390497918535922e-05,
        -5.247635112240459
      ],
      [
        0.09057480144335432,
        -0.00902419180543331,
        0.9958487682905249,
        0.2109642478110345
      ],
      [
        0.0,
        0.0,
        0.0,
        1.0
      ]
    ],
    "location": [
      16.700342707392338,
      -5.247635112240459,
      0.2109642478110345
    ],
    "rotation": [
      -0.009061561447466681,
      -0.09069910372537973,
      -3.042908335691082
    ]
  },
  {
    "label_id": "hy7DPqrk-jx8HPHRLoTgrg",
    "size": [
      2.08838278759224,
      4.661804435505315,
      1.5999999999999943
    ],
    "obj_class": "vehicle",
    "point_num_in_lidar": 1988,
    "speed": 6.942388410933498,
    "if_vehicle": true,
    "motion_state": true,
    "pose": [
      [
        -0.9925252775477328,
        0.08129176805001066,
        0.09102319416554878,
        -17.65206973841805
      ],
      [
        -0.08163918952448795,
        -0.9966619456544128,
        -9.390497918535922e-05,
        2.552620265460064
      ],
      [
        0.09071172009492857,
        -0.007524262865134567,
        0.9958487682905249,
        1.8522288562819824
      ],
      [
        0.0,
        0.0,
        0.0,
        1.0
      ]
    ],
    "location": [
      -17.65206973841805,
      2.552620265460064,
      1.8522288562819824
    ],
    "rotation": [
      -0.007555484255370531,
      -0.09083658834258948,
      -3.059523391343331
    ]
  },
  {
    "label_id": "neWc6a5SpHMFVBiTZbsQRA",
    "size": [
      2.157667668708063,
      4.838558424228969,
      1.75
    ],
    "obj_class": "vehicle",
    "point_num_in_lidar": 83,
    "speed": 0.004389757257148127,
    "if_vehicle": true,
    "motion_state": false,
    "pose": [
      [
        0.056141331461166497,
        0.9942650195122366,
        0.09102319416554878,
        8.683343446216895
      ],
      [
        -0.99840915655099,
        0.05638392764783006,
        -9.390497918535922e-05,
        16.305589159897863
      ],
      [
        -0.005225611630066718,
        -0.09087311856284025,
        0.9958487682905249,
        0.19340680569314372
      ],
      [
        0.0,
        0.0,
        0.0,
        1.0
      ]
    ],
    "location": [
      8.683343446216895,
      16.305589159897863,
      0.19340680569314372
    ],
    "rotation": [
      -0.09099990209428542,
      0.005225635413003158,
      -1.5146246941727866
    ]
  },
  {
    "label_id": "pQA8VwbqeBwYCoRugHs3qQ",
    "size": [
      0.47811550151690796,
      0.10065653246782191,
      0.5391337386017767
    ],
    "obj_class": "sign",
    "point_num_in_lidar": 39,
    "speed": 0.009345251388139152,
    "if_vehicle": false,
    "motion_state": false,
    "pose": [
      [
        -0.7295575066557988,
        -0.6778352473913368,
        0.09102319416554878,
        -2.333817030892078
      ],
      [
        0.6806545341393673,
        -0.7326045292907871,
        -9.390497918535922e-05,
        -5.3305703464429826
      ],
      [
        0.06674765642099317,
        0.06188684073815174,
        0.9958487682905249,
        2.503103661598601
      ],
      [
        0.0,
        0.0,
        0.0,
        1.0
      ]
    ],
    "location": [
      -2.333817030892078,
      -5.3305703464429826,
      2.503103661598601
    ],
    "rotation": [
      0.0620650024955724,
      -0.06679731896413911,
      2.39085834395588
    ]
  },
  {
    "label_id": "poNER0fr1zgf0U0PEnfldw",
    "size": [
      2.0585007434142226,
      4.589923589374125,
      1.7800000000000011
    ],
    "obj_class": "vehicle",
    "point_num_in_lidar": 195,
    "speed": 0.014737710927224179,
    "if_vehicle": true,
    "motion_state": false,
    "pose": [
      [
        -0.9931217316127484,
        0.07364783990312733,
        0.09102319416554878,
        -4.720134805526413
      ],
      [
        -0.07396340259493761,
        -0.9972609519370715,
        -9.390497918535922e-05,
        6.578332315151783
      ],
      [
        0.09076696136301493,
        -0.006825644231079285,
        0.9958487682905249,
        0.7153626527886274
      ],
      [
        0.0,
        0.0,
        0.0,
        1.0
      ]
    ],
    "location": [
      -4.720134805526413,
      6.578332315151783,
      0.7153626527886274
    ],
    "rotation": [
      -0.006853989847570859,
      -0.09089205844277003,
      -3.0672542271264125
    ]
  },
  {
    "label_id": "vc-OWTY-vidLhLS4m8eu-w",
    "size": [
      2.0790542543711226,
      4.614761863970827,
      1.759999999999991
    ],
    "obj_class": "vehicle",
    "point_num_in_lidar": 796,
    "speed": 0.017268217061610105,
    "if_vehicle": true,
    "motion_state": false,
    "pose": [
      [
        0.9953351102380614,
        -0.03198118902240346,
        0.09102319416554878,
        -10.010462514297615
      ],
      [
        0.032123082217808595,
        0.9994839162141044,
        -9.390497918535922e-05,
        -4.054728535498725
      ],
      [
        -0.09097321537801005,
        0.003017412472716843,
        0.9958487682905249,
        1.2700786910817499
      ],
      [
        0.0,
        0.0,
        0.0,
        1.0
      ]
    ],
    "location": [
      -10.010462514297615,
      -4.054728535498725,
      1.2700786910817499
    ],
    "rotation": [
      0.0030299813934769313,
      0.09109916932658618,
      0.032262436893694915
    ]
  },
  {
    "label_id": "zP3W4pR_Dkt0kqTwQldWqw",
    "size": [
      2.071869919683925,
      4.414748533014121,
      1.9000000000000057
    ],
    "obj_class": "vehicle",
    "point_num_in_lidar": 106,
    "speed": 0.002865032890507235,
    "if_vehicle": true,
    "motion_state": false,
    "pose": [
      [
        -0.9936101145114437,
        0.0667361855701735,
        0.09102319416554878,
        29.253511568560953
      ],
      [
        -0.0670229410512719,
        -0.9977514302443734,
        -9.390497918535922e-05,
        9.334610696452728
      ],
      [
        0.09081225530397073,
        -0.006193947113977613,
        0.9958487682905249,
        -0.6728393277142288
      ],
      [
        0.0,
        0.0,
        0.0,
        1.0
      ]
    ],
    "location": [
      29.253511568560953,
      9.334610696452728,
      -0.6728393277142288
    ],
    "rotation": [
      -0.0062196866041068855,
      -0.09093754021912477,
      -3.074240717055827
    ]
  }
]