[
  {
    "label_id": "-G86PjIy35Dnhvmt_7sZlw",
    "size": [
      2.227901555720825,
      4.6671900838050675,
      1.8700000000000045
    ],
    "obj_class": "vehicle",
    "point_num_in_lidar": 793,
    "speed": 2.929642751054232e-13,
    "if_vehicle": true,
    "motion_state": false,
    "pose": [
      [
        -0.06824270356877302,
        -0.9951295844876231,
        0.07113398264623723,
        18.61779281734198
      ],
      [
        0.9973640997751537,
        -0.06981012720265974,
        -0.019783796896592952,
        -18.57580561231225
      ],
      [
        0.024653313962259685,
        0.0695963807783068,
        0.9972705540089105,
        0.3009968221565771
      ],
      [
        0.0,
        0.0,
        0.0,
        1.0
      ]
    ],
    "location": [
      18.61779281734198,
      -18.57580561231225,
      0.3009968221565771
    ],
    "rotation": [
      0.06967389802521626,
      -0.024655811968258983,
      1.6391129065772547
    ]
  },
  {
    "label_id": "10t7lCtA-oADlgKbKqqaGQ",
    "size": [
      1.9409380617617655,
      4.35531691411666,
      1.5900000000000034
    ],
    "obj_class": "vehicle",
    "point_num_in_lidar": 71,
    "speed": 1.9945885082418897e-12,
    "if_vehicle": true,
    "motion_state": false,
    "pose": [
      [
        0.9921922507597031,
        -0.10244263782858772,
        0.07113398264623723,
        57.06252341989148
      ],
      [
        0.10408601837838823,
        0.9943715111357968,
        -0.019783796896592952,
        1.610238230021423
      ],
      [
        -0.06870690147669445,
        0.02703338299644759,
        0.9972705540089105,
        -2.1538776011978484
      ],
      [
        0.0,
        0.0,
        0.0,
        1.0
      ]
    ],
    "location": [
      57.06252341989148,
      1.610238230021423,
      -2.1538776011978484
    ],
    "rotation": [
      0.027100734442376557,
      0.06876107337099302,
      0.10452278269164365
    ]
  },
  {
    "label_id": "1cey-IEbE8XPL2SyOdH_ig",
    "size": [
      2.1449194355919006,
      4.755202036269388,
      1.5
    ],
    "obj_class": "vehicle",
    "point_num_in_lidar": 171,
    "speed": 0.30297989540440307,
    "if_vehicle": true,
    "motion_state": false,
    "pose": [
      [
        -0.996875151327892,
        -0.034349514958402085,
        0.07113398264623723,
        42.01747778205072
      ],
      [
        0.03301993947744658,
        -0.9992588678501984,
        -0.019783796896592952,
        9.507857678432629
      ],
      [
        0.07176082679218818,
        -0.017373135723362892,
        0.9972705540089105,
        -1.4346977610093177
      ],
      [
        0.0,
        0.0,
        0.0,
        1.0
      ]
    ],
    "location": [
      42.01747778205072,
      9.507857678432629,
      -1.4346977610093177
    ],
    "rotation": [
      -0.017418922583866427,
      -0.07182256007578362,
      3.1084813143255317
    ]
  },
  {
    "label_id": "6GQJCYvdj35m3AkilVFa3A",
    "size": [
      1.9227345516098808,
      3.8913786098047867,
      1.7199999999999989
    ],
    "obj_class": "vehicle",
    "point_num_in_lidar": 62,
    "speed": 0.014749643405536342,
    "if_vehicle": true,
    "motion_state": false,
    "pose": [
      [
        0.9959902035640998,
        -0.05425376408349773,
        0.07113398264623723,
        44.382253464692894
      ],
      [
        0.05578963662962639,
        0.9982465215692408,
        -0.019783796896592952,
        0.2157511960085685
      ],
      [
        -0.06993590529246946,
        0.02367300694216015,
        0.9972705540089105,
        -1.3926858008432532
      ],
      [
        0.0,
        0.0,
        0.0,
        1.0
      ]
    ],
    "location": [
      44.382253464692894,
      0.2157511960085685,
      -1.3926858008432532
    ],
    "rotation": [
      0.02373334087087417,
      0.06999304091382999,
      0.055955769036841775
    ]
  },
  {
    "label_id": "6kV2629tjfAKv8UQAUpQIw",
    "size": [
      2.0185551680237097,
      4.332165675849257,
      1.5699999999999932
    ],
    "obj_class": "vehicle",
    "point_num_in_lidar": 398,
    "speed": 0.003140986374650665,
    "if_vehicle": true,
    "motion_state": false,
    "pose": [
      [
        0.9970024417801528,
        -0.03043168738827706,
        0.07113398264623723,
        29.42168465456598
      ],
      [
        0.03191318966931374,
        0.9992948262177108,
        -0.019783796896592952,
        -0.7724283051120437
      ],
      [
        -0.070481766504135,
        0.021994606093708825,
        0.9972705540089105,
        -0.5198259040892594
      ],
      [
        0.0,
        0.0,
        0.0,
        1.0
      ]
    ],
    "location": [
      29.42168465456598,
      -0.7724283051120437,
      -0.5198259040892594
    ],
    "rotation": [
      0.022051228607589353,
      0.070540252478206,
      0.031998213614773716
    ]
  },
  {
    "label_id": "9ojEvP_IkP8ziMOD-24fCQ",
    "size": [
      2.047061630868588,
      4.486385603924427,
      1.4699999999999989
    ],
    "obj_class": "vehicle",
    "point_num_in_lidar": 1312,
    "speed": 0.008825975762579643,
    "if_vehicle": true,
    "motion_state": false,
    "pose": [
      [
        0.0882104935572959,
        0.9935586874157274,
        0.07113398264623723,
        10.868970358407296
      ],
      [
        -0.9957612793648505,
        0.08982246878165047,
        -0.019783796896592952,
        -9.786747912112332
      ],
      [
        -0.026045793212234346,
        -0.0690873270774485,
        0.9972705540089105,
        0.004100555967255559
      ],
      [
        0.0,
        0.0,
        0.0,
        1.0
      ]
    ],
    "location": [
      10.868970358407296,
      -9.786747912112332,
      0.004100555967255559
    ],
    "rotation": [
      -0.06916590705561217,
      0.02604873895029212,
      -1.4824409824823777
    ]
  },
  {
    "label_id": "C7N3XXk6WR3gQXpwt59PzA",
    "size": [
      2.3073788309814063,
      5.053288138911819,
      2.0999999999999943
    ],
    "obj_class": "vehicle",
    "point_num_in_lidar": 393,
    "speed": 6.535176691474788,
    "if_vehicle": true,
    "motion_state": true,
    "pose": [
      [
        0.06751641102454646,
        0.995179124959547,
        0.07113398264623723,
        10.549576641626572
      ],
      [
        -0.9974147836030985,
        0.06908220342706582,
        -0.019783796896592952,
        28.77887646326053
      ],
      [
        -0.024602513943673507,
        -0.06961435494502675,
        0.9972705540089105,
        1.2704003640830877
      ],
      [
        0.0,
        0.0,
        0.0,
        1.0
      ]
    ],
    "location": [
      10.549576641626572,
      28.77887646326053,
      1.2704003640830877
    ],
    "rotation": [
      -0.06969183401121941,
      0.02460499653668266,
      -1.5032080257142406
    ]
  },
  {
    "label_id": "CZqAJKroo0JigZQamJxBgw",
    "size": [
      2.0658167117408484,
      4.364933663449352,
      1.700000000000017
    ],
    "obj_class": "vehicle",
    "point_num_in_lidar": 99,
    "speed": 0.007878343560735081,
    "if_vehicle": true,
    "motion_state": false,
    "pose": [
      [
        -0.12729363382222286,
        -0.9893110164661155,
        0.07113398264623723,
        13.495620351267462
      ],
      [
        0.991448377016589,
        -0.12899115121404955,
        -0.019783796896592952,
        49.5744175003565
      ],
      [
        0.02874798252930592,
        0.06800732024756997,
        0.9972705540089105,
        2.825950116392619
      ],
      [
        0.0,
        0.0,
        0.0,
        1.0
      ]
    ],
    "location": [
      13.495620351267462,
      49.5744175003565,
      2.825950116392619
    ],
    "rotation": [
      0.06808803682889221,
      -0.02875194378093083,
      1.6984893275509365
    ]
  },
  {
    "label_id": "EENp0Fqicu7Uz2meQc79Hw",
    "size": [
      0.4835235466275888,
      0.09322347433545763,
      0.47999999999998977
    ],
    "obj_class": "sign",
    "point_num_in_lidar": 130,
    "speed": 0.007394982572932798,
    "if_vehicle": false,
    "motion_state": false,
    "pose": [
      [
        0.9965338318755166,
        -0.043130945275806,
        0.07113398264623723,
        -1.0828367675198933
      ],
      [
        0.04464153210973615,
        0.9988071560572891,
        -0.019783796896592952,
        8.649359287286643
      ],
      [
        -0.07019583704462214,
        0.022890752900804143,
        0.9972705540089105,
        1.9390640777108104
      ],
      [
        0.0,
        0.0,
        0.0,
        1.0
      ]
    ],
    "location": [
      -1.0828367675198933,
      8.649359287286643,
      1.9390640777108104
    ],
    "rotation": [
      0.022949373181591095,
      0.07025361305746229,
      0.044766876010800614
    ]
  },
  {
    "label_id": "NXG3IQg-7AGdDP54x0y-Ww",
    "size": [
      2.1501117497804243,
      4.509298866515579,
      1.740000000000009
    ],
    "obj_class": "vehicle",
    "point_num_in_lidar": 329,
    "speed": 0.010166654471215559,
    "if_vehicle": true,
    "motion_state": false,
    "pose": [
      [
        0.06624438337141957,
        0.9952646071194461,
        0.07113398264623723,
        7.630555234690291
      ],
      [
        -0.9975022652297477,
        0.06780731702313861,
        -0.019783796896592952,
        28.64181171238124
      ],
      [
        -0.02451351735803035,
        -0.06964574339827499,
        0.9972705540089105,
        1.0069136079754344
      ],
      [
        0.0,
        0.0,
        0.0,
        1.0
      ]
    ],
    "location": [
      7.630555234690291,
      28.64181171238124,
      1.0069136079754344
    ],
    "rotation": [
      -0.06972315568142515,
      0.024515973102116784,
      -1.5044834408921475
    ]
  },
  {
    "label_id": "Nx6yXW6ayqyL8X2hVv-MUA",
    "size": [
      2.142354551914785,
      4.746408458305702,
      1.7700000000000102
    ],
    "obj_class": "vehicle",
    "point_num_in_lidar": 764,
    "speed": 1.5836253175864141,
    "if_vehicle": true,
    "motion_state": true,
    "pose": [
      [
        -0.9906887444018789,
        -0.11608517660887428,
        0.07113398264623723,
        22.443609284589
      ],
      [
        0.11495581327055286,
        -0.9931735811909518,
        -0.019783796896592952,
        6.540799062795486
      ],
      [
        0.07294499784587354,
        -0.011422320080715866,
        0.9972705540089105,
        -0.1929456658806714
      ],
      [
        0.0,
        0.0,
        0.0,
        1.0
      ]
    ],
    "location": [
      22.443609284589,
      6.540799062795486,
      -0.1929456658806714
    ],
    "rotation": [
      -0.011453081209346724,
      -0.07300984295758442,
      3.0260730165547014
    ]
  },
  {
    "label_id": "WWv9wtVzT42U162-yTuOoA",
    "size": [
      2.026152920935828,
      4.6105153086884325,
      1.5699999999999932
    ],
    "obj_class": "vehicle",
    "point_num_in_lidar": 3980,
    "speed": 0.013224890206351399,
    "if_vehicle": true,
    "motion_state": false,
    "pose": [
      [
        -0.99542771298262,
        0.06374656648852209,
        0.07113398264623723,
        0.35839989175610754
      ],
      [
        -0.06530387983440085,
        -0.997669286216093,
        -0.019783796896592952,
        7.0208522503198765
      ],
      [
        0.06970704056811536,
        -0.02433866475376041,
        0.9972705540089105,
        0.08064923699819815
      ],
      [
        0.0,
        0.0,
        0.0,
        1.0
      ]
    ],
    "location": [
      0.35839989175610754,
      7.0208522503198765,
      0.08064923699819815
    ],
    "rotation": [
      -0.024400433967738024,
      -0.06976361627882073,
      -3.076082688539645
    ]
  },
  {
    "label_id": "X4H9yiCRjWTn4rPCsOkVdA",
    "size": [
      1.9697740761117506,
      4.4188602944795115,
      1.6500000000000057
    ],
    "obj_class": "vehicle",
    "point_num_in_lidar": 1018,
    "speed": 0.004670100863044435,
    "if_vehicle": true,
    "motion_state": false,
    "pose": [
      [
        -0.1034448780122731,
        -0.9920882590404498,
        0.07113398264623723,
        15.977333073212321
      ],
      [
        0.9942658581949735,
        -0.10509045916812437,
        -0.019783796896592952,
        16.273394332087264
      ],
      [
        0.02710277551910122,
        0.06867955784599976,
        0.9972705540089105,
        0.10291952353767897
      ],
      [
        0.0,
        0.0,
        0.0,
        1.0
      ]
    ],
    "location": [
      15.977333073212321,
      16.273394332087264,
      0.10291952353767897
    ],
    "rotation": [
      0.06875896330254956,
      -0.02710609472084329,
      1.6744648094487635
    ]
  },
  {
    "label_id": "XrzRs3LbaboaBImF0mOdjQ",
    "size": [
      1.8680092805957786,
      4.653371289880262,
      1.8600000000000136
    ],
    "obj_class": "vehicle",
    "point_num_in_lidar": 313,
    "speed": 0.003322179690116404,
    "if_vehicle": true,
    "motion_state": false,
    "pose": [
      [
        -0.08238721200433902,
        -0.9940585012015324,
        0.07113398264623723,
        14.997602535102942
      ],
      [
        0.9962705007238157,
        -0.08398625344585728,
        -0.019783796896592952,
        31.560593112481
      ],
      [
        0.025640528186242812,
        0.0692387566402756,
        0.9972705540089105,
        1.36288844447364
      ],
      [
        0.0,
        0.0,
        0.0,
        1.0
      ]
    ],
    "location": [
      14.997602535102942,
      31.560593112481,
      1.36288844447364
    ],
    "rotation": [
      0.06931702423288526,
      -0.02564333852172843,
      1.6533042152749957
    ]
  },
  {
    "label_id": "ZCSiMZdHr7H2v9WzSWCqWA",
    "size": [
      0.4835235466275888,
      0.09322347433545763,
      0.5600000000000023
    ],
    "obj_class": "sign",
    "point_num_in_lidar": 88,
    "speed": 0.007939397369239634,
    "if_vehicle": false,
    "motion_state": false,
    "pose": [
      [
        0.9965338318755166,
        -0.043130945275806,
        0.07113398264623723,
        -1.0826580219149946
      ],
      [
        0.04464153210973615,
        0.9988071560572891,
        -0.019783796896592952,
        8.649235748935098
      ],
      [
        -0.07019583704462214,
        0.022890752900804143,
        0.9972705540089105,
        1.4057083923223956
      ],
      [
        0.0,
        0.0,
        0.0,
        1.0
      ]
    ],
    "location": [
      -1.0826580219149946,
      8.649235748935098,
      1.4057083923223956
    ],
    "rotation": [
      0.022949373181591095,
      0.07025361305746229,
      0.044766876010800614
    ]
  },
  {
    "label_id": "ZF1-vGaHNjltsRoVWjqYiQ",
    "size": [
      2.091638499224567,
      4.67170689046401,
      1.5999999999999943
    ],
    "obj_class": "vehicle",
    "point_num_in_lidar": 36,
    "speed": 0.007807661862753066,
    "if_vehicle": true,
    "motion_state": false,
    "pose": [
      [
        -0.9939461432420575,
        0.08373183890924588,
        0.07113398264623723,
        50.51161565737402
      ],
      [
        -0.08533387114703482,
        -0.9961559776538087,
        -0.019783796896592952,
        10.658510104109155
      ],
      [
        0.06920400833261275,
        -0.025734166733362172,
        0.9972705540089105,
        -1.8377292196238386
      ],
      [
        0.0,
        0.0,
        0.0,
        1.0
      ]
    ],
    "location": [
      50.51161565737402,
      10.658510104109155,
      -1.8377292196238386
    ],
    "rotation": [
      -0.02579887371404103,
      -0.06925936629895223,
      -3.0559490468121107
    ]
  },
  {
    "label_id": "aRFz7j2dwLW0x6klYx_7gQ",
    "size": [
      2.147368756993713,
      4.4856824184495885,
      1.920000000000016
    ],
    "obj_class": "vehicle",
    "point_num_in_lidar": 87,
    "speed": 0.014869308130072062,
    "if_vehicle": true,
    "motion_state": false,
    "pose": [
      [
        0.9955516806556596,
        -0.0617803177118462,
        0.07113398264623723,
        34.709428733000095
      ],
      [
        0.06333320056450022,
        0.99779632545255,
        -0.019783796896592952,
        -0.5569700516516605
      ],
      [
        -0.06975497724140281,
        0.024200935040039156,
        0.9972705540089105,
        -0.752661141028625
      ],
      [
        0.0,
        0.0,
        0.0,
        1.0
      ]
    ],
    "location": [
      34.709428733000095,
      -0.5569700516516605,
      -0.752661141028625
    ],
    "rotation": [
      0.02426240904505396,
      0.06981166992282224,
      0.06353057482008499
    ]
  },
  {
    "label_id": "asdOT76Zl6kcy5908IDPgQ",
    "size": [
      1.88299119362689,
      3.830012521744248,
      1.460000000000008
    ],
    "obj_class": "vehicle",
    "point_num_in_lidar": 112,
    "speed": 4.549693413077341e-13,
    "if_vehicle": true,
    "motion_state": false,
    "pose": [
      [
        -0.0868464475314237,
        -0.993678847044686,
        0.07113398264623723,
        14.430674850681044
      ],
      [
        0.9958836498468859,
        -0.08845539750630972,
        -0.019783796896592952,
        36.65093942277781
      ],
      [
        0.025950925201552573,
        0.06912301778672747,
        0.9972705540089105,
        1.5721616062513135
      ],
      [
        0.0,
        0.0,
        0.0,
        1.0
      ]
    ],
    "location": [
      14.430674850681044,
      36.65093942277781,
      1.5721616062513135
    ],
    "rotation": [
      0.06920152442341736,
      -0.025953838861971848,
      1.6577816861066461
    ]
  },
  {
    "label_id": "cPrxNWhkfFseBGIlnuWdzg",
    "size": [
      0.8215701562705853,
      1.2015272597505833,
      1.740000000000009
    ],
    "obj_class": "pedestrian",
    "point_num_in_lidar": 30,
    "speed": 1.2192654863309322,
    "if_vehicle": false,
    "motion_state": true,
    "pose": [
      [
        -0.9957506987102983,
        0.05848506245903629,
        0.07113398264623723,
        50.45525203217494
      ],
      [
        -0.06003050784229181,
        -0.9980004706955558,
        -0.019783796896592952,
        -2.538603839768257
      ],
      [
        0.0698346915662201,
        -0.02396993868602346,
        0.9972705540089105,
        -1.2146977610093472
      ],
      [
        0.0,
        0.0,
        0.0,
        1.0
      ]
    ],
    "location": [
      50.45525203217494,
      -2.538603839768257,
      -1.2146977610093472
    ],
    "rotation": [
      -0.02403091550180718,
      -0.06989157911685223,
      -3.0813788476060777
    ]
  },
  {
    "label_id": "exueily1Lt7uON4yqBxITg",
    "size": [
      0.7588241951168551,
      0.07151227768081742,
      0.75
    ],
    "obj_class": "sign",
    "point_num_in_lidar": 196,
    "speed": 0.010685509471127161,
    "if_vehicle": false,
    "motion_state": false,
    "pose": [
      [
        -0.018816864493692218,
        -0.997289267025125,
        0.07113398264623723,
        7.4791929507264285
      ],
      [
        0.9995987520097311,
        -0.020271565330343175,
        -0.019783796896592952,
        13.25380419773137
      ],
      [
        0.021172165482397823,
        0.07073317125328668,
        0.9972705540089105,
        1.8718297504969712
      ],
      [
        0.0,
        0.0,
        0.0,
        1.0
      ]
    ],
    "location": [
      7.4791929507264285,
      13.25380419773137,
      1.8718297504969712
    ],
    "rotation": [
      0.07080818486851773,
      -0.021173747576123628,
      1.5896185214889262
    ]
  },
  {
    "label_id": "fZoqQ9qukc5jFPQ00JLwfg",
    "size": [
      2.1630520422499466,
      4.678952886478576,
      1.8700000000000045
    ],
    "obj_class": "vehicle",
    "point_num_in_lidar": 1838,
    "speed": 0.54719173433888,
    "if_vehicle": true,
    "motion_state": false,
    "pose": [
      [
        -0.09778497263008558,
        -0.992662105472259,
        0.07113398264623723,
        18.030045603972667
      ],
      [
        0.9948490545290969,
        -0.09941810741970661,
        -0.019783796896592952,
        -10.819409030733368
      ],
      [
        0.026710631409522664,
        0.06883301734244578,
        0.9972705540089105,
        0.12182934747383456
      ],
      [
        0.0,
        0.0,
        0.0,
        1.0
      ]
    ],
    "location": [
      18.030045603972667,
      -10.819409030733368,
      0.12182934747383456
    ],
    "rotation": [
      0.06891211482329516,
      -0.02671380858120038,
      1.668772878370279
    ]
  },
  {
    "label_id": "gdywJfz_9bellnjvLvGrGw",
    "size": [
      1.0017507540681811,
      1.2747419405263642,
      1.9000000000000057
    ],
    "obj_class": "pedestrian",
    "point_num_in_lidar": 714,
    "speed": 1.5037186209303877,
    "if_vehicle": false,
    "motion_state": true,
    "pose": [
      [
        -0.9963363458651046,
        0.047474650299454475,
        0.07113398264623723,
        3.775608786864723
      ],
      [
        -0.04899513271137637,
        -0.9986030634596256,
        -0.019783796896592952,
        -6.129606795846485
      ],
      [
        0.07009538414735515,
        -0.023196534827329956,
        0.9972705540089105,
        0.2736320093968345
      ],
      [
        0.0,
        0.0,
        0.0,
        1.0
      ]
    ],
    "location": [
      3.775608786864723,
      -6.129606795846485,
      0.2736320093968345
    ],
    "rotation": [
      -0.023255828382637473,
      -0.07015291210984088,
      -3.0924569409172515
    ]
  },
  {
    "label_id": "iig7YiZ08rzCckmuNjqSSA",
    "size": [
      2.0715932585364216,
      4.577422277222199,
      1.6800000000000068
    ],
    "obj_class": "vehicle",
    "point_num_in_lidar": 698,
    "speed": 0.0016756012220195484,
    "if_vehicle": true,
    "motion_state": false,
    "pose": [
      [
        0.08468374503060104,
        0.9938654938373085,
        0.07113398264623723,
        8.228817810791952
      ],
      [
        -0.9960737929010944,
        0.08628789298610785,
        -0.019783796896592952,
        22.48586300750685
      ],
      [
        -0.025800434554863538,
        -0.06917932988646987,
        0.9972705540089105,
        0.638156320986468
      ],
      [
        0.0,
        0.0,
        0.0,
        1.0
      ]
    ],
    "location": [
      8.228817810791952,
      22.48586300750685,
      0.638156320986468
    ],
    "rotation": [
      -0.06925772044876727,
      0.025803297809259856,
      -1.4859827366201532
    ]
  },
  {
    "label_id": "k_NOVkdWc5tiNnbaUVinuw",
    "size": [
      2.155448501400669,
      4.4419784152818895,
      1.740000000000009
    ],
    "obj_class": "vehicle",
    "point_num_in_lidar": 1028,
    "speed": 0.004863423612917096,
    "if_vehicle": true,
    "motion_state": false,
    "pose": [
      [
        -0.11232725011814379,
        -0.991121862029983,
        0.07113398264623723,
        15.551924539290212
      ],
      [
        0.9932846337097674,
        -0.11399227086257833,
        -0.019783796896592952,
        21.399703152254006
      ],
      [
        0.027716877835518027,
        0.06843403239479454,
        0.9972705540089105,
        0.6098502696351318
      ],
      [
        0.0,
        0.0,
        0.0,
        1.0
      ]
    ],
    "location": [
      15.551924539290212,
      21.399703152254006,
      0.6098502696351318
    ],
    "rotation": [
      0.06851392387643791,
      -0.027720427864114845,
      1.6834045876949226
    ]
  },
  {
    "label_id": "mmdNjYPoJf8KPcfkiO2WVw",
    "size": [
      2.069285539632043,
      4.3057734004472925,
      1.740000000000009
    ],
    "obj_class": "vehicle",
    "point_num_in_lidar": 399,
    "speed": 0.008486720791471723,
    "if_vehicle": true,
    "motion_state": false,
    "pose": [
      [
        -0.07852450508092212,
        -0.994371086976427,
        0.07113398264623723,
        15.308308615172791
      ],
      [
        0.9965892823500895,
        -0.08011494046236242,
        -0.019783796896592952,
        26.49836444529501
      ],
      [
        0.025371330409140015,
        0.06933785185619082,
        0.9972705540089105,
        0.9586042036530102
      ],
      [
        0.0,
        0.0,
        0.0,
        1.0
      ]
    ],
    "location": [
      15.308308615172791,
      26.49836444529501,
      0.9586042036530102
    ],
    "rotation": [
      0.06941591330824384,
      -0.025374053137429752,
      1.64942711875292
    ]
  },
  {
    "label_id": "neWc6a5SpHMFVBiTZbsQRA",
    "size": [
      2.1576676687077048,
      4.838558424228969,
      1.75
    ],
    "obj_class": "vehicle",
    "point_num_in_lidar": 1133,
    "speed": 0.012661368339647943,
    "if_vehicle": true,
    "motion_state": false,
    "pose": [
      [
        0.09057059125447796,
        0.9933463265713016,
        0.07113398264623723,
        8.758990089377221
      ],
      [
        -0.9955450828178356,
        0.09218779451523484,
        -0.019783796896592952,
        16.286249450458854
      ],
      [
        -0.026209846948104926,
        -0.06902525646252779,
        0.9972705540089105,
        0.15394502679828292
      ],
      [
        0.0,
        0.0,
        0.0,
        1.0
      ]
    ],
    "location": [
      8.758990089377221,
      16.286249450458854,
      0.15394502679828292
    ],
    "rotation": [
      -0.0691039635721024,
      0.026212848711739997,
      -1.4800701970931256
    ]
  },
  {
    "label_id": "p2KLoLcoeq8jqmt5_98t0A",
    "size": [
      0.41552815453936315,
      0.06448166061818679,
      0.17850084365227303
    ],
    "obj_class": "sign",
    "point_num_in_lidar": 31,
    "speed": 0.010949133364764932,
    "if_vehicle": false,
    "motion_state": false,
    "pose": [
      [
        -0.0188168645004037,
        -0.9972892670249983,
        0.07113398264623723,
        7.478348724460375
      ],
      [
        0.9995987520095947,
        -0.02027156533707021,
        -0.019783796896592952,
        13.25898246419274
      ],
      [
        0.021172165482873838,
        0.07073317125314421,
        0.9972705540089105,
        1.3731657624589673
      ],
      [
        0.0,
        0.0,
        0.0,
        1.0
      ]
    ],
    "location": [
      7.478348724460375,
      13.25898246419274,
      1.3731657624589673
    ],
    "rotation": [
      0.07080818486837558,
      -0.02117374757659975,
      1.5896185214956406
    ]
  },
  {
    "label_id": "poNER0fr1zgf0U0PEnfldw",
    "size": [
      2.0585007434142226,
      4.589923589374125,
      1.7800000000000011
    ],
    "obj_class": "vehicle",
    "point_num_in_lidar": 4132,
    "speed": 0.003376794215563158,
    "if_vehicle": true,
    "motion_state": false,
    "pose": [
      [
        -0.9947352977860767,
        0.07376749861104118,
        0.07113398264623723,
        -4.685173805044542
      ],
      [
        -0.07534730610149258,
        -0.9969610748888856,
        -0.019783796896592952,
        6.537650992837371
      ],
      [
        0.06945841059002945,
        -0.025039395061935952,
        0.9972705540089105,
        0.5940788970453639
      ],
      [
        0.0,
        0.0,
        0.0,
        1.0
      ]
    ],
    "location": [
      -4.685173805044542,
      6.537650992837371,
      0.5940788970453639
    ],
    "rotation": [
      -0.025102651705507,
      -0.06951438220271752,
      -3.065990933866739
    ]
  },
  {
    "label_id": "tBnMwtSfMUdPA9bwMuVXzA",
    "size": [
      2.107118437322292,
      4.94391362798015,
      1.5800000000000125
    ],
    "obj_class": "vehicle",
    "point_num_in_lidar": 2289,
    "speed": 5.555307466806562,
    "if_vehicle": true,
    "motion_state": true,
    "pose": [
      [
        0.06555263359747786,
        0.9953104082351997,
        0.07113398264623723,
        12.331431433598482
      ],
      [
        -0.9975491520829861,
        0.06711401164339521,
        -0.019783796896592952,
        8.83733556090192
      ],
      [
        -0.024465105905150848,
        -0.0696627640839105,
        0.9972705540089105,
        -0.11714174038218061
      ],
      [
        0.0,
        0.0,
        0.0,
        1.0
      ]
    ],
    "location": [
      12.331431433598482,
      8.83733556090192,
      -0.11714174038218061
    ],
    "rotation": [
      -0.06974014009603083,
      0.024467547125886894,
      -1.505176984841886
    ]
  },
  {
    "label_id": "vNvpD12q14e1m0Ldy5Yr0A",
    "size": [
      2.3958990595704686,
      5.002370273678711,
      1.9099999999999966
    ],
    "obj_class": "vehicle",
    "point_num_in_lidar": 1016,
    "speed": 0.008325761935641744,
    "if_vehicle": true,
    "motion_state": false,
    "pose": [
      [
        0.05214055809839356,
        0.996103066310948,
        0.07113398264623723,
        11.66234769812445
      ],
      [
        -0.9983626377314906,
        0.05367164020388033,
        -0.019783796896592952,
        -19.281023119194288
      ],
      [
        -0.02352457827482717,
        -0.06998597233554985,
        0.9972705540089105,
        0.37580591377121664
      ],
      [
        0.0,
        0.0,
        0.0,
        1.0
      ]
    ],
    "location": [
      11.66234769812445,
      -19.281023119194288,
      0.37580591377121664
    ],
    "rotation": [
      -0.07006265193217504,
      0.023526748588292786,
      -1.518617661432199
    ]
  },
  {
    "label_id": "vPy9W0Cmj-SFneQRaife3A",
    "size": [
      2.6728488425909656,
      6.188632361968968,
      2.259999999999991
    ],
    "obj_class": "vehicle",
    "point_num_in_lidar": 75,
    "speed": 0.0033202126552666273,
    "if_vehicle": true,
    "motion_state": false,
    "pose": [
      [
        -0.993355050344009,
        0.09047486097771179,
        0.07113398264623723,
        59.24722362120929
      ],
      [
        -0.09209185233444943,
        -0.9955539624319539,
        -0.019783796896592952,
        11.399598649237305
      ],
      [
        0.06902778201319679,
        -0.026203194788029308,
        0.9972705540089105,
        -2.0018963384016786
      ],
      [
        0.0,
        0.0,
        0.0,
        1.0
      ]
    ],
    "location": [
      59.24722362120929,
      11.399598649237305,
      -2.0018963384016786
    ],
    "rotation": [
      -0.026268866762937416,
      -0.0690827175480539,
      -3.0491490011548845
    ]
  },
  {
    "label_id": "weeQq-6LKvQs2E_0jsJGRA",
    "size": [
      2.109081333524188,
      4.508483162875747,
      1.8900000000000148
    ],
    "obj_class": "vehicle",
    "point_num_in_lidar": 65,
    "speed": 0.01113433243488532,
    "if_vehicle": true,
    "motion_state": false,
    "pose": [
      [
        0.08849624947662396,
        0.9935332759105031,
        0.07113398264623723,
        7.3767044869150595
      ],
      [
        -0.9957354041448377,
        0.09010885812655149,
        -0.019783796896592952,
        33.91322528606179
      ],
      [
        -0.02606566249086641,
        -0.06907983313292713,
        0.9972705540089105,
        1.638516856114279
      ],
      [
        0.0,
        0.0,
        0.0,
        1.0
      ]
    ],
    "location": [
      7.3767044869150595,
      33.91322528606179,
      1.638516856114279
    ],
    "rotation": [
      -0.06915842848820027,
      0.02606861497699677,
      -1.4821539604731508
    ]
  }
]