[
  {
    "label_id": "10t7lCtA-oADlgKbKqqaGQ",
    "size": [
      1.9409380617617644,
      4.35531691411666,
      1.5900000000000034
    ],
    "obj_class": "vehicle",
    "point_num_in_lidar": 27,
    "speed": 1.9945885082418897e-12,
    "if_vehicle": true,
    "motion_state": false,
    "pose": [
      [
        0.9906962740827017,
        -0.10228818006416468,
        0.08976647892066211,
        57.06252341989102
      ],
      [
        0.10305257218898461,
        0.9946682252933852,
        -0.003910109581807197,
        1.610238230025061
      ],
      [
        -0.08888790628587652,
        0.013124397543073955,
        0.9959551648067521,
        -2.1427458744057333
      ],
      [
        0.0,
        0.0,
        0.0,
        1.0
      ]
    ],
    "location": [
      57.06252341989102,
      1.610238230025061,
      -2.1427458744057333
    ],
    "rotation": [
      0.013176936467021472,
      0.08900537587253353,
      0.1036475912209039
    ]
  },
  {
    "label_id": "1cey-IEbE8XPL2SyOdH_ig",
    "size": [
      2.144919435595297,
      4.755202036269388,
      1.5
    ],
    "obj_class": "vehicle",
    "point_num_in_lidar": 97,
    "speed": 1.6279669464792108,
    "if_vehicle": true,
    "motion_state": true,
    "pose": [
      [
        -0.9607905219155843,
        -0.26234243320394324,
        0.08976647892066211,
        45.8688979220683
      ],
      [
        0.26306384081285944,
        -0.9647705046796595,
        -0.003910109581807197,
        9.012943918893143
      ],
      [
        0.08762983883338854,
        0.01985751849526429,
        0.9959551648067521,
        -1.434697761009403
      ],
      [
        0.0,
        0.0,
        0.0,
        1.0
      ]
    ],
    "location": [
      45.8688979220683,
      9.012943918893143,
      -1.434697761009403
    ],
    "rotation": [
      0.019935523707992064,
      -0.08774237958139847,
      2.874342999939633
    ]
  },
  {
    "label_id": "2GYmvG4fVA7rPmvxt0xhUw",
    "size": [
      0.5886738641003842,
      0.0933437789046635,
      0.20617021276592595
    ],
    "obj_class": "sign",
    "point_num_in_lidar": 24,
    "speed": 0.007902539479668853,
    "if_vehicle": false,
    "motion_state": false,
    "pose": [
      [
        -0.9959585447684034,
        0.0029251264914179937,
        0.08976647892066211,
        4.502935233270819
      ],
      [
        -0.0032893789522757864,
        -0.9999869454293725,
        -0.003910109581807197,
        -4.764494380777251
      ],
      [
        0.08975386949270094,
        -0.004189583015363219,
        0.9959551648067521,
        1.913321293311327
      ],
      [
        0.0,
        0.0,
        0.0,
        1.0
      ]
    ],
    "location": [
      4.502935233270819,
      -4.764494380777251,
      1.913321293311327
    ],
    "rotation": [
      -0.004206573198733715,
      -0.08987481433883401,
      -3.138289938823756
    ]
  },
  {
    "label_id": "6GQJCYvdj35m3AkilVFa3A",
    "size": [
      1.9227345516098808,
      3.8913786098047867,
      1.7199999999999989
    ],
    "obj_class": "vehicle",
    "point_num_in_lidar": 24,
    "speed": 0.014749643652822652,
    "if_vehicle": true,
    "motion_state": false,
    "pose": [
      [
        0.9944885005283083,
        -0.054171963035719965,
        0.08976647892066211,
        44.46883703933736
      ],
      [
        0.05474302908762853,
        0.9984928201090729,
        -0.003910109581807197,
        0.22444153543983703
      ],
      [
        -0.08941936637702226,
        0.008802647981560607,
        0.9959551648067521,
        -1.389235601690416
      ],
      [
        0.0,
        0.0,
        0.0,
        1.0
      ]
    ],
    "location": [
      44.46883703933736,
      0.22444153543983703,
      -1.389235601690416
    ],
    "rotation": [
      0.008838167711143199,
      0.08953896076603775,
      0.05499091938759015
    ]
  },
  {
    "label_id": "6kV2629tjfAKv8UQAUpQIw",
    "size": [
      2.01855516802371,
      4.332165675849257,
      1.5699999999999932
    ],
    "obj_class": "vehicle",
    "point_num_in_lidar": 131,
    "speed": 0.011424544483379739,
    "if_vehicle": true,
    "motion_state": false,
    "pose": [
      [
        0.9954992125434041,
        -0.03038580404808723,
        0.08976647892066211,
        29.455082625143405
      ],
      [
        0.03086099401576292,
        0.999516037936069,
        -0.003910109581807197,
        -0.766734489463488
      ],
      [
        -0.08960422352669249,
        0.006662793778434145,
        0.9959551648067521,
        -0.4387462239945137
      ],
      [
        0.0,
        0.0,
        0.0,
        1.0
      ]
    ],
    "location": [
      29.455082625143405,
      -0.766734489463488,
      -0.4387462239945137
    ],
    "rotation": [
      0.00668975333496927,
      0.08972456296734647,
      0.030990595659376844
    ]
  },
  {
    "label_id": "9ojEvP_IkP8ziMOD-24fCQ",
    "size": [
      2.0470616308685874,
      4.486385603924427,
      1.4699999999999989
    ],
    "obj_class": "vehicle",
    "point_num_in_lidar": 254,
    "speed": 0.008825975835150966,
    "if_vehicle": true,
    "motion_state": false,
    "pose": [
      [
        0.08807749429135081,
        0.9920606504954945,
        0.08976647892066211,
        10.836648776062702
      ],
      [
        -0.9960431501058954,
        0.08878487579640565,
        -0.003910109581807197,
        -9.745923018193935
      ],
      [
        -0.011848971536887963,
        -0.08906689378368055,
        0.9959551648067521,
        0.10027019151115724
      ],
      [
        0.0,
        0.0,
        0.0,
        1.0
      ]
    ],
    "location": [
      10.836648776062702,
      -9.745923018193935,
      0.10027019151115724
    ],
    "rotation": [
      -0.08919135414935113,
      0.011849248816640706,
      -1.4825983463884467
    ]
  },
  {
    "label_id": "EENp0Fqicu7Uz2meQc79Hw",
    "size": [
      0.48352354662758873,
      0.09322347433545763,
      0.47999999999998977
    ],
    "obj_class": "sign",
    "point_num_in_lidar": 104,
    "speed": 0.004178642919092129,
    "if_vehicle": false,
    "motion_state": false,
    "pose": [
      [
        0.9950313091847887,
        -0.04306591464478513,
        0.08976647892066211,
        -1.1182504077432895
      ],
      [
        0.04359224006699684,
        0.9990417547074795,
        -0.003910109581807197,
        8.672823907952989
      ],
      [
        -0.08951206816930836,
        0.007803803355320114,
        0.9959551648067521,
        1.9944990898985395
      ],
      [
        0.0,
        0.0,
        0.0,
        1.0
      ]
    ],
    "location": [
      -1.1182504077432895,
      8.672823907952989,
      1.9944990898985395
    ],
    "rotation": [
      0.00783533630036581,
      0.08963203579833343,
      0.04378192198153938
    ]
  },
  {
    "label_id": "Fz60h1BcAUsffihcCYYlSQ",
    "size": [
      1.9659452030174647,
      3.735738890448964,
      1.8600000000000136
    ],
    "obj_class": "vehicle",
    "point_num_in_lidar": 45,
    "speed": 0.030849869172091468,
    "if_vehicle": true,
    "motion_state": false,
    "pose": [
      [
        -0.9945087778712004,
        0.05379842004480921,
        0.08976647892066211,
        35.7081945857276
      ],
      [
        -0.05436798199659827,
        -0.9985133116672386,
        -0.003910109581807197,
        9.79168045993174
      ],
      [
        0.08942266642607437,
        -0.00876906061140212,
        0.9959551648067521,
        -0.915366424089143
      ],
      [
        0.0,
        0.0,
        0.0,
        1.0
      ]
    ],
    "location": [
      35.7081945857276,
      9.79168045993174,
      -0.915366424089143
    ],
    "rotation": [
      -0.008804446558029878,
      -0.08954227408853625,
      -3.0869788396531788
    ]
  },
  {
    "label_id": "Nx6yXW6ayqyL8X2hVv-MUA",
    "size": [
      2.1423545519159446,
      4.746408458305702,
      1.7700000000000102
    ],
    "obj_class": "vehicle",
    "point_num_in_lidar": 37,
    "speed": 7.441959989270601,
    "if_vehicle": true,
    "motion_state": true,
    "pose": [
      [
        -0.99042068242066,
        0.1049230722747891,
        0.08976647892066211,
        50.21543661555006
      ],
      [
        -0.1056980270935641,
        -0.9943905862947349,
        -0.003910109581807197,
        5.534225315146614
      ],
      [
        0.08885268089327683,
        -0.013360793121403036,
        0.9959551648067521,
        -1.6459574007557762
      ],
      [
        0.0,
        0.0,
        0.0,
        1.0
      ]
    ],
    "location": [
      50.21543661555006,
      5.534225315146614,
      -1.6459574007557762
    ],
    "rotation": [
      -0.01341425015314384,
      -0.0889700105466707,
      -3.0352747263481685
    ]
  },
  {
    "label_id": "OGwryDjwWyt-Cv-47lN4mg",
    "size": [
      2.1823305706011213,
      4.433368961313599,
      1.7199999999999989
    ],
    "obj_class": "vehicle",
    "point_num_in_lidar": 4382,
    "speed": 7.751775422031436,
    "if_vehicle": true,
    "motion_state": true,
    "pose": [
      [
        -0.9931210795486524,
        0.07518311391732732,
        0.08976647892066211,
        -15.246520733373472
      ],
      [
        -0.07583870274213932,
        -0.997112432080479,
        -0.003910109581807197,
        2.313691560575535
      ],
      [
        0.08921329790176419,
        -0.0106909855601105,
        0.9959551648067521,
        1.671001984996309
      ],
      [
        0.0,
        0.0,
        0.0,
        1.0
      ]
    ],
    "location": [
      -15.246520733373472,
      2.313691560575535,
      1.671001984996309
    ],
    "rotation": [
      -0.010733992186227689,
      -0.08933206539366291,
      -3.0653765696321518
    ]
  },
  {
    "label_id": "VmzsA6ftNGzpaCYyOOP5qA",
    "size": [
      0.7068085106370892,
      0.1110016975128483,
      0.7430851063830062
    ],
    "obj_class": "sign",
    "point_num_in_lidar": 28,
    "speed": 0.01571179541937741,
    "if_vehicle": false,
    "motion_state": false,
    "pose": [
      [
        -0.9959585447683779,
        0.0029251265000958017,
        0.08976647892066211,
        4.505944563326466
      ],
      [
        -0.0032893789609886896,
        -0.9999869454293437,
        -0.003910109581807197,
        -4.7556183410015365
      ],
      [
        0.08975386949266444,
        -0.004189583016145247,
        0.9959551648067521,
        2.3769337085985853
      ],
      [
        0.0,
        0.0,
        0.0,
        1.0
      ]
    ],
    "location": [
      4.505944563326466,
      -4.7556183410015365,
      2.3769337085985853
    ],
    "rotation": [
      -0.004206573199518906,
      -0.08987481433879736,
      -3.138289938815008
    ]
  },
  {
    "label_id": "WWv9wtVzT42U162-yTuOoA",
    "size": [
      2.026152920933682,
      4.6105153086884325,
      1.5699999999999932
    ],
    "obj_class": "vehicle",
    "point_num_in_lidar": 799,
    "speed": 0.028593612679754406,
    "if_vehicle": true,
    "motion_state": false,
    "pose": [
      [
        -0.9940491792891623,
        0.06171068316531096,
        0.08976647892066211,
        0.33583779610353304
      ],
      [
        -0.062312093816946364,
        -0.9980490539082768,
        -0.003910109581807197,
        7.043578478584095
      ],
      [
        0.08935005382589953,
        -0.009480378476847368,
        0.9959551648067521,
        0.198970977699247
      ],
      [
        0.0,
        0.0,
        0.0,
        1.0
      ]
    ],
    "location": [
      0.33583779610353304,
      7.043578478584095,
      0.198970977699247
    ],
    "rotation": [
      -0.009518593297413029,
      -0.08946936965389188,
      -3.0789894443015453
    ]
  },
  {
    "label_id": "X4H9yiCRjWTn4rPCsOkVdA",
    "size": [
      1.9697740761117537,
      4.4188602944795115,
      1.6500000000000057
    ],
    "obj_class": "vehicle",
    "point_num_in_lidar": 486,
    "speed": 0.004670100941936892,
    "if_vehicle": true,
    "motion_state": false,
    "pose": [
      [
        -0.10328890912142435,
        -0.9905924391568374,
        0.08976647892066211,
        15.98101560496616
      ],
      [
        0.9945636161675117,
        -0.10405731324064144,
        -0.003910109581807197,
        16.246089301977918
      ],
      [
        0.013214183603569683,
        0.08887460293270831,
        0.9959551648067521,
        0.17938335749707335
      ],
      [
        0.0,
        0.0,
        0.0,
        1.0
      ]
    ],
    "location": [
      15.98101560496616,
      16.246089301977918,
      0.17938335749707335
    ],
    "rotation": [
      0.08899981091269792,
      -0.013214568198794402,
      1.6742788488247595
    ]
  },
  {
    "label_id": "ZCSiMZdHr7H2v9WzSWCqWA",
    "size": [
      0.48352354662758873,
      0.09322347433545763,
      0.5600000000000023
    ],
    "obj_class": "sign",
    "point_num_in_lidar": 107,
    "speed": 0.004283390824722699,
    "if_vehicle": false,
    "motion_state": false,
    "pose": [
      [
        0.9950313091847887,
        -0.04306591464478513,
        0.08976647892066211,
        -1.1220246507223237
      ],
      [
        0.04359224006699684,
        0.9990417547074795,
        -0.003910109581807197,
        8.672014824551297
      ],
      [
        -0.08951206816930836,
        0.007803803355320114,
        0.9959551648067521,
        1.4571837607822147
      ],
      [
        0.0,
        0.0,
        0.0,
        1.0
      ]
    ],
    "location": [
      -1.1220246507223237,
      8.672014824551297,
      1.4571837607822147
    ],
    "rotation": [
      0.00783533630036581,
      0.08963203579833343,
      0.04378192198153938
    ]
  },
  {
    "label_id": "ZF1-vGaHNjltsRoVWjqYiQ",
    "size": [
      2.091638499224568,
      4.67170689046401,
      1.5999999999999943
    ],
    "obj_class": "vehicle",
    "point_num_in_lidar": 22,
    "speed": 0.08881821196877916,
    "if_vehicle": true,
    "motion_state": false,
    "pose": [
      [
        -0.9924475221357665,
        0.08360559232948472,
        0.08976647892066211,
        50.822163202801676
      ],
      [
        -0.08429501836739879,
        -0.9964331693202,
        -0.003910109581807197,
        10.707773838184949
      ],
      [
        0.08911939006197006,
        -0.011447445555137797,
        0.9959551648067521,
        -1.8205219945766942
      ],
      [
        0.0,
        0.0,
        0.0,
        1.0
      ]
    ],
    "location": [
      50.822163202801676,
      10.707773838184949,
      -1.8205219945766942
    ],
    "rotation": [
      -0.011493430517787624,
      -0.08923778199935228,
      -3.056859524504533
    ]
  },
  {
    "label_id": "fZoqQ9qukc5jFPQ00JLwfg",
    "size": [
      2.1630520422499484,
      4.678952886478576,
      1.8700000000000045
    ],
    "obj_class": "vehicle",
    "point_num_in_lidar": 87,
    "speed": 0.013509279959316632,
    "if_vehicle": true,
    "motion_state": false,
    "pose": [
      [
        -0.09763753745479026,
        -0.9911654203723771,
        0.08976647892066211,
        18.10502348503769
      ],
      [
        0.9951409152698012,
        -0.09838328007868412,
        -0.003910109581807197,
        -12.180214945754415
      ],
      [
        0.012707086044682783,
        0.08894852252290895,
        0.9959551648067521,
        0.10682934747393347
      ],
      [
        0.0,
        0.0,
        0.0,
        1.0
      ]
    ],
    "location": [
      18.10502348503769,
      -12.180214945754415,
      0.10682934747393347
    ],
    "rotation": [
      0.08907344388386369,
      -0.0127074280384728,
      1.6685975863394729
    ]
  },
  {
    "label_id": "gdywJfz_9bellnjvLvGrGw",
    "size": [
      1.0017507540681814,
      1.2747419405263642,
      1.9000000000000057
    ],
    "obj_class": "pedestrian",
    "point_num_in_lidar": 147,
    "speed": 1.5991796966678467,
    "if_vehicle": false,
    "motion_state": true,
    "pose": [
      [
        -0.9948341209336736,
        0.04740307045235848,
        0.08976647892066211,
        12.921112923987948
      ],
      [
        -0.04794687330663258,
        -0.9988422339805101,
        -0.003910109581807197,
        -5.564826661473489
      ],
      [
        0.08947719914169563,
        -0.008193932420562985,
        0.9959551648067521,
        0.24496427483714456
      ],
      [
        0.0,
        0.0,
        0.0,
        1.0
      ]
    ],
    "location": [
      12.921112923987948,
      -5.564826661473489,
      0.24496427483714456
    ],
    "rotation": [
      -0.008227024512155491,
      -0.08959702628821203,
      -3.093434071517688
    ]
  },
  {
    "label_id": "k_NOVkdWc5tiNnbaUVinuw",
    "size": [
      2.1554485014006692,
      4.4419784152818895,
      1.740000000000009
    ],
    "obj_class": "vehicle",
    "point_num_in_lidar": 176,
    "speed": 0.005876438834717074,
    "if_vehicle": true,
    "motion_state": false,
    "pose": [
      [
        -0.11215788884139387,
        -0.9896274992303055,
        0.08976647892066211,
        15.571683169628159
      ],
      [
        0.9935916340284916,
        -0.11296183351756633,
        -0.003910109581807197,
        21.392318364778475
      ],
      [
        0.014009738014454268,
        0.0887526728359308,
        0.9959551648067521,
        0.6218874521320288
      ],
      [
        0.0,
        0.0,
        0.0,
        1.0
      ]
    ],
    "location": [
      15.571683169628159,
      21.392318364778475,
      0.6218874521320288
    ],
    "rotation": [
      0.088878351478874,
      -0.014010196343258985,
      1.6832017814267795
    ]
  },
  {
    "label_id": "neWc6a5SpHMFVBiTZbsQRA",
    "size": [
      2.1576676687080583,
      4.838558424228969,
      1.75
    ],
    "obj_class": "vehicle",
    "point_num_in_lidar": 280,
    "speed": 0.029409214009343602,
    "if_vehicle": true,
    "motion_state": false,
    "pose": [
      [
        0.05614776206209113,
        0.9943789056881714,
        0.08976647892066211,
        8.70337207559669
      ],
      [
        -0.9983820827389019,
        0.05672678299525459,
        -0.003910109581807197,
        16.30412506096218
      ],
      [
        -0.008980294057058767,
        -0.08940170028251235,
        0.9959551648067521,
        0.23433681655978944
      ],
      [
        0.0,
        0.0,
        0.0,
        1.0
      ]
    ],
    "location": [
      8.70337207559669,
      16.30412506096218,
      0.23433681655978944
    ],
    "rotation": [
      -0.08952484327525632,
      0.008980414765094874,
      -1.514616753413467
    ]
  },
  {
    "label_id": "pQA8VwbqeBwYCoRugHs3qQ",
    "size": [
      0.4781155015169083,
      0.10065653246782191,
      0.5391337386017767
    ],
    "obj_class": "sign",
    "point_num_in_lidar": 80,
    "speed": 0.017099976752300898,
    "if_vehicle": false,
    "motion_state": false,
    "pose": [
      [
        -0.7296410724183459,
        -0.6779128887271526,
        0.08976647892066211,
        -2.340748007557522
      ],
      [
        0.6803973974966491,
        -0.7328329226521182,
        -0.003910109581807197,
        -5.350916381996285
      ],
      [
        0.0684345447854612,
        0.058223902091513235,
        0.9959551648067521,
        2.5031036615984874
      ],
      [
        0.0,
        0.0,
        0.0,
        1.0
      ]
    ],
    "location": [
      -2.340748007557522,
      -5.350916381996285,
      2.5031036615984874
    ],
    "rotation": [
      0.05839390253898285,
      -0.06848807410904965,
      2.3911039415443196
    ]
  },
  {
    "label_id": "poNER0fr1zgf0U0PEnfldw",
    "size": [
      2.0585007434142226,
      4.589923589374125,
      1.7800000000000011
    ],
    "obj_class": "vehicle",
    "point_num_in_lidar": 2287,
    "speed": 0.014737711299668459,
    "if_vehicle": true,
    "motion_state": false,
    "pose": [
      [
        -0.9932354868329683,
        0.07365627575341487,
        0.08976647892066211,
        -4.694395655107201
      ],
      [
        -0.07430572779967692,
        -0.9972278425010098,
        -0.003910109581807197,
        6.556275683427884
      ],
      [
        0.08922962799338056,
        -0.010553823142270678,
        0.9959551648067521,
        0.6616943511770046
      ],
      [
        0.0,
        0.0,
        0.0,
        1.0
      ]
    ],
    "location": [
      -4.694395655107201,
      6.556275683427884,
      0.6616943511770046
    ],
    "rotation": [
      -0.010596288380382023,
      -0.08934846087352806,
      -3.0669199626025185
    ]
  },
  {
    "label_id": "vc-OWTY-vidLhLS4m8eu-w",
    "size": [
      2.079054254371122,
      4.614761863970827,
      1.759999999999991
    ],
    "obj_class": "vehicle",
    "point_num_in_lidar": 6340,
    "speed": 0.017268217494576164,
    "if_vehicle": true,
    "motion_state": false,
    "pose": [
      [
        0.9954491189854822,
        -0.03198485224624057,
        0.08976647892066211,
        -9.97361460843922
      ],
      [
        0.03246649389614234,
        0.9994651758901608,
        -0.003910109581807197,
        -4.0399069990508
      ],
      [
        -0.08959340536623923,
        0.006806717978302531,
        0.9959551648067521,
        1.2217315740779213
      ],
      [
        0.0,
        0.0,
        0.0,
        1.0
      ]
    ],
    "location": [
      -9.97361460843922,
      -4.0399069990508,
      1.2217315740779213
    ],
    "rotation": [
      0.006834255441000127,
      0.08971370111986625,
      0.03260336337120084
    ]
  },
  {
    "label_id": "zP3W4pR_Dkt0kqTwQldWqw",
    "size": [
      2.071869919683925,
      4.414748533014121,
      1.9000000000000057
    ],
    "obj_class": "vehicle",
    "point_num_in_lidar": 208,
    "speed": 0.002865032961628581,
    "if_vehicle": true,
    "motion_state": false,
    "pose": [
      [
        -0.9937239256725436,
        0.06674382973830119,
        0.08976647892066211,
        29.250408103816426
      ],
      [
        -0.06736548833641093,
        -0.9977207034156679,
        -0.003910109581807197,
        9.328797659396514
      ],
      [
        0.08930089880368447,
        -0.009932732132173815,
        0.9959551648067521,
        -0.6713927357617706
      ],
      [
        0.0,
        0.0,
        0.0,
        1.0
      ]
    ],
    "location": [
      29.250408103816426,
      9.328797659396514,
      -0.6713927357617706
    ],
    "rotation": [
      -0.009972740935012912,
      -0.08942001734530466,
      -3.0739052657939365
    ]
  }
]