[
  {
    "label_id": "10t7lCtA-oADlgKbKqqaGQ",
    "size": [
      1.940938061761765,
      4.35531691411666,
      1.5900000000000034
    ],
    "obj_class": "vehicle",
    "point_num_in_lidar": 28,
    "speed": 1.9945885082418897e-12,
    "if_vehicle": true,
    "motion_state": false,
    "pose": [
      [
        0.9907030103315893,
        -0.10228887557364641,
        0.08969131091586326,
        57.06252341989193
      ],
      [
        0.10320369735588997,
        0.9946444221536741,
        -0.005609842302381569,
        1.610238230021423
      ],
      [
        -0.08863713765685825,
        0.014814162563668696,
        0.9959538133947459,
        -2.142179709157432
      ],
      [
        0.0,
        0.0,
        0.0,
        1.0
      ]
    ],
    "location": [
      57.06252341989193,
      1.610238230021423,
      -2.142179709157432
    ],
    "rotation": [
      0.0148732501284121,
      0.08875361349069916,
      0.1037977996357133
    ]
  },
  {
    "label_id": "1cey-IEbE8XPL2SyOdH_ig",
    "size": [
      2.1449194355947743,
      4.755202036269388,
      1.5
    ],
    "obj_class": "vehicle",
    "point_num_in_lidar": 91,
    "speed": 1.7019258506194836,
    "if_vehicle": true,
    "motion_state": true,
    "pose": [
      [
        -0.9667011324165583,
        -0.23967559185436,
        0.08969131091586326,
        46.37557062486803
      ],
      [
        0.24015132487555232,
        -0.9707192543829856,
        -0.005609842302381569,
        8.856248098398282
      ],
      [
        0.08840962473091224,
        0.016116446239879074,
        0.9959538133947459,
        -1.4376979016536495
      ],
      [
        0.0,
        0.0,
        0.0,
        1.0
      ]
    ],
    "location": [
      46.37557062486803,
      8.856248098398282,
      -1.4376979016536495
    ],
    "rotation": [
      0.016180509098291666,
      -0.08852520385064505,
      2.898098259749905
    ]
  },
  {
    "label_id": "2GYmvG4fVA7rPmvxt0xhUw",
    "size": [
      0.5886738641003855,
      0.0933437789046635,
      0.20617021276592595
    ],
    "obj_class": "sign",
    "point_num_in_lidar": 37,
    "speed": 0.00786166287718839,
    "if_vehicle": false,
    "motion_state": false,
    "pose": [
      [
        -0.9959653167981526,
        0.0029251463808294235,
        0.08969131091586326,
        4.50181302148485
      ],
      [
        -0.0034421250177051163,
        -0.9999783404877851,
        -0.005609842302381569,
        -4.762405485771524
      ],
      [
        0.08967295863591107,
        -0.005895937071053399,
        0.9959538133947459,
        1.9167623466967143
      ],
      [
        0.0,
        0.0,
        0.0,
        1.0
      ]
    ],
    "location": [
      4.50181302148485,
      -4.762405485771524,
      1.9167623466967143
    ],
    "rotation": [
      -0.005919820897959846,
      -0.08979357589788935,
      -3.138136598188038
    ]
  },
  {
    "label_id": "6GQJCYvdj35m3AkilVFa3A",
    "size": [
      1.9227345516098804,
      3.8913786098047867,
      1.7199999999999989
    ],
    "obj_class": "vehicle",
    "point_num_in_lidar": 20,
    "speed": 0.014749643281851655,
    "if_vehicle": true,
    "motion_state": false,
    "pose": [
      [
        0.9944952625624772,
        -0.054172331378512475,
        0.08969131091586326,
        44.47324072368701
      ],
      [
        0.05489512998462136,
        0.9984763664570704,
        -0.005609842302381569,
        0.22488353049266152
      ],
      [
        -0.0892507559898567,
        0.010502577764658452,
        0.9959538133947459,
        -1.3890601228185062
      ],
      [
        0.0,
        0.0,
        0.0,
        1.0
      ]
    ],
    "location": [
      44.47324072368701,
      0.22488353049266152,
      -1.3890601228185062
    ],
    "rotation": [
      0.010544854938154073,
      0.08936967350555215,
      0.05514302573119857
    ]
  },
  {
    "label_id": "6kV2629tjfAKv8UQAUpQIw",
    "size": [
      2.01855516802371,
      4.332165675849257,
      1.5699999999999932
    ],
    "obj_class": "vehicle",
    "point_num_in_lidar": 127,
    "speed": 0.01142454419703168,
    "if_vehicle": true,
    "motion_state": false,
    "pose": [
      [
        0.9955059814499193,
        -0.030386010656658326,
        0.08969131091586326,
        29.45850664890486
      ],
      [
        0.031013444739071267,
        0.9995032245644628,
        -0.005609842302381569,
        -0.7665679052133783
      ],
      [
        -0.08947629374783679,
        0.008366268081675624,
        0.9959538133947459,
        -0.43462247050362635
      ],
      [
        0.0,
        0.0,
        0.0,
        1.0
      ]
    ],
    "location": [
      29.45850664890486,
      -0.7665679052133783,
      -0.43462247050362635
    ],
    "rotation": [
      0.008400059511615725,
      0.08959611724811291,
      0.03114337625239838
    ]
  },
  {
    "label_id": "9ojEvP_IkP8ziMOD-24fCQ",
    "size": [
      2.0470616308685874,
      4.486385603924427,
      1.4699999999999989
    ],
    "obj_class": "vehicle",
    "point_num_in_lidar": 184,
    "speed": 0.008825975836311551,
    "if_vehicle": true,
    "motion_state": false,
    "pose": [
      [
        0.08807809317512431,
        0.9920673960214739,
        0.08969131091586326,
        10.835004884055706
      ],
      [
        -0.9960215155690474,
        0.08893632662124211,
        -0.005609842302381569,
        -9.743846643466895
      ],
      [
        -0.013542157367715387,
        -0.08884037121878585,
        0.9959538133947459,
        0.11137360173327693
      ],
      [
        0.0,
        0.0,
        0.0,
        1.0
      ]
    ],
    "location": [
      10.835004884055706,
      -9.743846643466895,
      0.11137360173327693
    ],
    "rotation": [
      -0.08896583168425393,
      0.01354257131797677,
      -1.4825958439534406
    ]
  },
  {
    "label_id": "EENp0Fqicu7Uz2meQc79Hw",
    "size": [
      0.48352354662758706,
      0.09322347433545763,
      0.47999999999998977
    ],
    "obj_class": "sign",
    "point_num_in_lidar": 90,
    "speed": 0.0036718518283855553,
    "if_vehicle": false,
    "motion_state": false,
    "pose": [
      [
        0.9950380749097913,
        -0.04306620747186866,
        0.08969131091586326,
        -1.118149327332958
      ],
      [
        0.04374451517670707,
        0.9990270001663104,
        -0.005609842302381569,
        8.673893728388066
      ],
      [
        -0.08936244665277988,
        0.009505509596687,
        0.9959538133947459,
        1.9973185426240434
      ],
      [
        0.0,
        0.0,
        0.0,
        1.0
      ]
    ],
    "location": [
      -1.118149327332958,
      8.673893728388066,
      1.9973185426240434
    ],
    "rotation": [
      0.00954383713835971,
      0.08948181225454455,
      0.04393436494643913
    ]
  },
  {
    "label_id": "Fz60h1BcAUsffihcCYYlSQ",
    "size": [
      1.9659452030174633,
      3.735738890448964,
      1.8600000000000136
    ],
    "obj_class": "vehicle",
    "point_num_in_lidar": 32,
    "speed": 0.03084986839680369,
    "if_vehicle": true,
    "motion_state": false,
    "pose": [
      [
        -0.9945155400432455,
        0.053798785847689455,
        0.08969131091586326,
        35.717451341944525
      ],
      [
        -0.054520089063004,
        -0.9984969151469144,
        -0.005609842302381569,
        9.791632815587946
      ],
      [
        0.0892546945603071,
        -0.010469053606220897,
        0.9959538133947459,
        -0.9109076028314576
      ],
      [
        0.0,
        0.0,
        0.0,
        1.0
      ]
    ],
    "location": [
      35.717451341944525,
      9.791632815587946,
      -0.9109076028314576
    ],
    "rotation": [
      -0.01051119831439793,
      -0.08937362785777674,
      -3.0868267213675784
    ]
  },
  {
    "label_id": "Nx6yXW6ayqyL8X2hVv-MUA",
    "size": [
      2.1423545519137184,
      4.746408458305702,
      1.7700000000000102
    ],
    "obj_class": "vehicle",
    "point_num_in_lidar": 34,
    "speed": 7.177395538932853,
    "if_vehicle": true,
    "motion_state": true,
    "pose": [
      [
        -0.9762580073048062,
        0.19716939904417904,
        0.08969131091586326,
        52.42241569838416
      ],
      [
        -0.19845933541810556,
        -0.9800930679556642,
        -0.005609842302381569,
        5.970035314983761
      ],
      [
        0.08679974284900058,
        -0.023276731424558137,
        0.9959538133947459,
        -1.8529676835856606
      ],
      [
        0.0,
        0.0,
        0.0,
        1.0
      ]
    ],
    "location": [
      52.42241569838416,
      5.970035314983761,
      -1.8529676835856606
    ],
    "rotation": [
      -0.023367042173482587,
      -0.08690910841791384,
      -2.9410397299971134
    ]
  },
  {
    "label_id": "OGwryDjwWyt-Cv-47lN4mg",
    "size": [
      2.182330570603478,
      4.433368961313599,
      1.7199999999999989
    ],
    "obj_class": "vehicle",
    "point_num_in_lidar": 5935,
    "speed": 7.736141569848839,
    "if_vehicle": true,
    "motion_state": true,
    "pose": [
      [
        -0.9932566177335711,
        0.07346264407615946,
        0.08969131091586326,
        -12.93880878397431
      ],
      [
        -0.07426256921840568,
        -0.9972229442218143,
        -0.005609842302381569,
        2.4733176235022256
      ],
      [
        0.08903011929424809,
        -0.012232720176461067,
        0.9959538133947459,
        1.498493897949345
      ],
      [
        0.0,
        0.0,
        0.0,
        1.0
      ]
    ],
    "location": [
      -12.93880878397431,
      2.4733176235022256,
      1.498493897949345
    ],
    "rotation": [
      -0.012281799551335683,
      -0.0891481549590508,
      -3.066964755223011
    ]
  },
  {
    "label_id": "VmzsA6ftNGzpaCYyOOP5qA",
    "size": [
      0.7068085106370902,
      0.1110016975128483,
      0.7430851063830062
    ],
    "obj_class": "sign",
    "point_num_in_lidar": 37,
    "speed": 0.015360027543266897,
    "if_vehicle": false,
    "motion_state": false,
    "pose": [
      [
        -0.9959653167981272,
        0.002925146389512606,
        0.08969131091586326,
        4.505248824989394
      ],
      [
        -0.0034421250264232853,
        -0.9999783404877551,
        -0.005609842302381569,
        -4.750955444418651
      ],
      [
        0.08967295863585968,
        -0.0058959370718352,
        0.9959538133947459,
        2.375438143611575
      ],
      [
        0.0,
        0.0,
        0.0,
        1.0
      ]
    ],
    "location": [
      4.505248824989394,
      -4.750955444418651,
      2.375438143611575
    ],
    "rotation": [
      -0.005919820898744797,
      -0.08979357589783775,
      -3.1381365981792846
    ]
  },
  {
    "label_id": "WWv9wtVzT42U162-yTuOoA",
    "size": [
      2.026152920934045,
      4.6105153086884325,
      1.5699999999999932
    ],
    "obj_class": "vehicle",
    "point_num_in_lidar": 604,
    "speed": 0.028593611961522738,
    "if_vehicle": true,
    "motion_state": false,
    "pose": [
      [
        -0.994108551043408,
        0.06085768224776343,
        0.08969131091586326,
        0.3418826473216541
      ],
      [
        -0.061607231814190165,
        -0.9980847051515893,
        -0.005609842302381569,
        7.037489652848308
      ],
      [
        0.08917812360982051,
        -0.011102425586114751,
        0.9959538133947459,
        0.20879632778053292
      ],
      [
        0.0,
        0.0,
        0.0,
        1.0
      ]
    ],
    "location": [
      0.3418826473216541,
      7.037489652848308,
      0.20879632778053292
    ],
    "rotation": [
      -0.011147068851080308,
      -0.08929675034011528,
      -3.0796994689713526
    ]
  },
  {
    "label_id": "X4H9yiCRjWTn4rPCsOkVdA",
    "size": [
      1.9697740761117504,
      4.4188602944795115,
      1.6500000000000057
    ],
    "obj_class": "vehicle",
    "point_num_in_lidar": 378,
    "speed": 0.004670100823939984,
    "if_vehicle": true,
    "motion_state": false,
    "pose": [
      [
        -0.10328961143535889,
        -0.9905991746996998,
        0.08969131091586326,
        15.981202900392873
      ],
      [
        0.994539660376374,
        -0.10420841428497568,
        -0.005609842302381569,
        16.244700554349038
      ],
      [
        0.014903694440617487,
        0.08862212746534777,
        0.9959538133947459,
        0.18327234672156578
      ],
      [
        0.0,
        0.0,
        0.0,
        1.0
      ]
    ],
    "location": [
      15.981202900392873,
      16.244700554349038,
      0.18327234672156578
    ],
    "rotation": [
      0.08874842690409387,
      -0.014904246230809338,
      1.674282022317698
    ]
  },
  {
    "label_id": "ZCSiMZdHr7H2v9WzSWCqWA",
    "size": [
      0.48352354662758706,
      0.09322347433545763,
      0.5600000000000023
    ],
    "obj_class": "sign",
    "point_num_in_lidar": 99,
    "speed": 0.0039001362502218474,
    "if_vehicle": false,
    "motion_state": false,
    "pose": [
      [
        0.9950380749097913,
        -0.04306620747186866,
        0.08969131091586326,
        -1.1217575594887421
      ],
      [
        0.04374451517670707,
        0.9990270001663104,
        -0.005609842302381569,
        8.673185148987614
      ],
      [
        -0.08936244665277988,
        0.009505509596687,
        0.9959538133947459,
        1.4598018240274655
      ],
      [
        0.0,
        0.0,
        0.0,
        1.0
      ]
    ],
    "location": [
      -1.1217575594887421,
      8.673185148987614,
      1.4598018240274655
    ],
    "rotation": [
      0.00954383713835971,
      0.08948181225454455,
      0.04393436494643913
    ]
  },
  {
    "label_id": "ZF1-vGaHNjltsRoVWjqYiQ",
    "size": [
      2.0916384992245667,
      4.67170689046401,
      1.5999999999999943
    ],
    "obj_class": "vehicle",
    "point_num_in_lidar": 30,
    "speed": 0.15097090133326874,
    "if_vehicle": true,
    "motion_state": false,
    "pose": [
      [
        -0.992454270292284,
        0.08360616080650947,
        0.08969131091586326,
        50.74965297121389
      ],
      [
        -0.08444656515643041,
        -0.9964122175598928,
        -0.005609842302381569,
        10.727543097957096
      ],
      [
        0.08890050062789706,
        -0.013141635079886992,
        0.9959538133947459,
        -1.8196468256869593
      ],
      [
        0.0,
        0.0,
        0.0,
        1.0
      ]
    ],
    "location": [
      50.74965297121389,
      10.727543097957096,
      -1.8196468256869593
    ],
    "rotation": [
      -0.013194258902300296,
      -0.08901802027280234,
      -3.05670849452701
    ]
  },
  {
    "label_id": "fZoqQ9qukc5jFPQ00JLwfg",
    "size": [
      2.1630520422499426,
      4.678952886478576,
      1.8700000000000045
    ],
    "obj_class": "vehicle",
    "point_num_in_lidar": 50,
    "speed": 0.013509279961322153,
    "if_vehicle": true,
    "motion_state": false,
    "pose": [
      [
        -0.09763820134217206,
        -0.9911721598112304,
        0.08969131091586326,
        18.105163584931233
      ],
      [
        0.9951178216498722,
        -0.098534515293656,
        -0.005609842302381569,
        -12.184266147976814
      ],
      [
        0.01439800935819913,
        0.08870568702729748,
        0.9959538133947459,
        0.10682934747401873
      ],
      [
        0.0,
        0.0,
        0.0,
        1.0
      ]
    ],
    "location": [
      18.105163584931233,
      -12.184266147976814,
      0.10682934747401873
    ],
    "rotation": [
      0.08883166624099546,
      -0.01439850686224958,
      1.6686005023428225
    ]
  },
  {
    "label_id": "gdywJfz_9bellnjvLvGrGw",
    "size": [
      1.0017507540681818,
      1.2747419405263642,
      1.9000000000000057
    ],
    "obj_class": "pedestrian",
    "point_num_in_lidar": 135,
    "speed": 1.6138476136887236,
    "if_vehicle": false,
    "motion_state": true,
    "pose": [
      [
        -0.9948408853178923,
        0.047403392769993835,
        0.08969131091586326,
        13.398579376736507
      ],
      [
        -0.04809908265116592,
        -0.9988268157781202,
        -0.005609842302381569,
        -5.547977040439946
      ],
      [
        0.08932016092701953,
        -0.00989497025942857,
        0.9959538133947459,
        0.26096656350858893
      ],
      [
        0.0,
        0.0,
        0.0,
        1.0
      ]
    ],
    "location": [
      13.398579376736507,
      -5.547977040439946,
      0.26096656350858893
    ],
    "rotation": [
      -0.009934842937542083,
      -0.08943935675219884,
      -3.093281755469009
    ]
  },
  {
    "label_id": "k_NOVkdWc5tiNnbaUVinuw",
    "size": [
      2.1554485014006777,
      4.4419784152818895,
      1.740000000000009
    ],
    "obj_class": "vehicle",
    "point_num_in_lidar": 102,
    "speed": 0.005876438833563473,
    "if_vehicle": true,
    "motion_state": false,
    "pose": [
      [
        -0.11215865146004524,
        -0.989634228212049,
        0.08969131091586326,
        15.573384194690789
      ],
      [
        0.9935663257273303,
        -0.11311271391861745,
        -0.005609842302381569,
        21.39185389711747
      ],
      [
        0.015696919549920498,
        0.08848507388880322,
        0.9959538133947459,
        0.6231377261675561
      ],
      [
        0.0,
        0.0,
        0.0,
        1.0
      ]
    ],
    "location": [
      15.573384194690789,
      21.39185389711747,
      0.6231377261675561
    ],
    "rotation": [
      0.08861189588815617,
      -0.01569756422399365,
      1.6832053784800678
    ]
  },
  {
    "label_id": "neWc6a5SpHMFVBiTZbsQRA",
    "size": [
      2.1576676687080547,
      4.838558424228969,
      1.75
    ],
    "obj_class": "vehicle",
    "point_num_in_lidar": 221,
    "speed": 0.02145192490029922,
    "if_vehicle": true,
    "motion_state": false,
    "pose": [
      [
        0.0561481438393407,
        0.9943856669771495,
        0.08969131091586326,
        8.691778201958186
      ],
      [
        -0.9983653269167188,
        0.056878850900977336,
        -0.005609842302381569,
        16.30315384730966
      ],
      [
        -0.010679885480186911,
        -0.08922971271159474,
        0.9959538133947459,
        0.2420543341192456
      ],
      [
        0.0,
        0.0,
        0.0,
        1.0
      ]
    ],
    "location": [
      8.691778201958186,
      16.30315384730966,
      0.2420543341192456
    ],
    "rotation": [
      -0.08935365551777905,
      0.010680088515149124,
      -1.5146154313232747
    ]
  },
  {
    "label_id": "pQA8VwbqeBwYCoRugHs3qQ",
    "size": [
      0.4781155015169083,
      0.10065653246782191,
      0.5391337386017767
    ],
    "obj_class": "sign",
    "point_num_in_lidar": 80,
    "speed": 0.007422689567860914,
    "if_vehicle": false,
    "motion_state": false,
    "pose": [
      [
        -0.7296460336198747,
        -0.6779174982023832,
        0.08969131091586326,
        -2.339843783132892
      ],
      [
        0.6802799262288167,
        -0.7329309323800285,
        -0.005609842302381569,
        -5.348262011166298
      ],
      [
        0.0695405463948911,
        0.05692199918804362,
        0.9959538133947459,
        2.5031036615985727
      ],
      [
        0.0,
        0.0,
        0.0,
        1.0
      ]
    ],
    "location": [
      -2.339843783132892,
      -5.348262011166298,
      2.5031036615985727
    ],
    "rotation": [
      0.05709114333601556,
      -0.06959671709437083,
      2.3911934550424534
    ]
  },
  {
    "label_id": "poNER0fr1zgf0U0PEnfldw",
    "size": [
      2.058500743414222,
      4.589923589374125,
      1.7800000000000011
    ],
    "obj_class": "vehicle",
    "point_num_in_lidar": 1228,
    "speed": 0.014737710929073573,
    "if_vehicle": true,
    "motion_state": false,
    "pose": [
      [
        -0.9932422403472586,
        0.07365677657997423,
        0.08969131091586326,
        -4.697753616545469
      ],
      [
        -0.07445747693304487,
        -0.9972084104128421,
        -0.005609842302381569,
        6.559153218917345
      ],
      [
        0.0890277266851366,
        -0.012250121050024739,
        0.9959538133947459,
        0.6686959842676288
      ],
      [
        0.0,
        0.0,
        0.0,
        1.0
      ]
    ],
    "location": [
      -4.697753616545469,
      6.559153218917345,
      0.6686959842676288
    ],
    "rotation": [
      -0.01229926847904487,
      -0.08914575281110877,
      -3.066768538902888
    ]
  },
  {
    "label_id": "vc-OWTY-vidLhLS4m8eu-w",
    "size": [
      2.0790542543711226,
      4.614761863970827,
      1.759999999999991
    ],
    "obj_class": "vehicle",
    "point_num_in_lidar": 5458,
    "speed": 0.01726821706083341,
    "if_vehicle": true,
    "motion_state": false,
    "pose": [
      [
        0.9954558875513859,
        -0.03198506972755224,
        0.08969131091586326,
        -9.978421831868673
      ],
      [
        0.0326189238404288,
        0.999452117650883,
        -0.005609842302381569,
        -4.041840635050903
      ],
      [
        -0.08946273943254106,
        0.008509984588053318,
        0.9959538133947459,
        1.2280389988347906
      ],
      [
        0.0,
        0.0,
        0.0,
        1.0
      ]
    ],
    "location": [
      -9.978421831868673,
      -4.041840635050903,
      1.2280389988347906
    ],
    "rotation": [
      0.008544349526597503,
      0.08958250835518197,
      0.032756104133926975
    ]
  },
  {
    "label_id": "zP3W4pR_Dkt0kqTwQldWqw",
    "size": [
      2.071869919683925,
      4.414748533014121,
      1.9000000000000057
    ],
    "obj_class": "vehicle",
    "point_num_in_lidar": 187,
    "speed": 0.002865032890356904,
    "if_vehicle": true,
    "motion_state": false,
    "pose": [
      [
        -0.9937306825079787,
        0.06674428356361797,
        0.08969131091586326,
        29.25081298567102
      ],
      [
        -0.06751736899984764,
        -0.997702327627174,
        -0.005609842302381569,
        9.329556035409041
      ],
      [
        0.089110804763312,
        -0.01163039375509417,
        0.9959538133947459,
        -0.6715814599394605
      ],
      [
        0.0,
        0.0,
        0.0,
        1.0
      ]
    ],
    "location": [
      29.25081298567102,
      9.329556035409041,
      -0.6715814599394605
    ],
    "rotation": [
      -0.011677112907475256,
      -0.08922916240621911,
      -3.0737535865045285
    ]
  }
]