[
  {
    "label_id": "-G86PjIy35Dnhvmt_7sZlw",
    "size": [
      2.227901555720825,
      4.6671900838050675,
      1.8700000000000045
    ],
    "obj_class": "vehicle",
    "point_num_in_lidar": 613,
    "speed": 2.929642751054232e-13,
    "if_vehicle": true,
    "motion_state": false,
    "pose": [
      [
        -0.06816605805327589,
        -0.9940119233165396,
        0.08540307274349858,
        18.617792817342433
      ],
      [
        0.9974135787710823,
        -0.06985383847401677,
        -0.016929091337350214,
        -18.57580561231225
      ],
      [
        0.022793451088849913,
        0.08402819500024895,
        0.9962026505849402,
        0.30099682215654866
      ],
      [
        0.0,
        0.0,
        0.0,
        1.0
      ]
    ],
    "location": [
      18.617792817342433,
      -18.57580561231225,
      0.30099682215654866
    ],
    "rotation": [
      0.08414930811290658,
      -0.022795425240724785,
      1.6390330414940302
    ]
  },
  {
    "label_id": "10t7lCtA-oADlgKbKqqaGQ",
    "size": [
      1.9409380617617649,
      4.35531691411666,
      1.5900000000000034
    ],
    "obj_class": "vehicle",
    "point_num_in_lidar": 40,
    "speed": 1.9945885082418897e-12,
    "if_vehicle": true,
    "motion_state": false,
    "pose": [
      [
        0.9910778886000303,
        -0.10232758129690438,
        0.08540307274349858,
        57.06252341989193
      ],
      [
        0.10413140623658963,
        0.9944194568197476,
        -0.016929091337350214,
        1.610238230023242
      ],
      [
        -0.08319416423822183,
        0.02567119016024438,
        0.9962026505849402,
        -2.1476510642015967
      ],
      [
        0.0,
        0.0,
        0.0,
        1.0
      ]
    ],
    "location": [
      57.06252341989193,
      1.610238230023242,
      -2.1476510642015967
    ],
    "rotation": [
      0.025763342573463528,
      0.08329043257304061,
      0.10468474858836077
    ]
  },
  {
    "label_id": "1cey-IEbE8XPL2SyOdH_ig",
    "size": [
      2.1449194355920986,
      4.755202036269388,
      1.5
    ],
    "obj_class": "vehicle",
    "point_num_in_lidar": 65,
    "speed": 0.5398180280247682,
    "if_vehicle": true,
    "motion_state": false,
    "pose": [
      [
        -0.9715146254588249,
        -0.22105575696092614,
        0.08540307274349858,
        43.15999718097828
      ],
      [
        0.22041938819387052,
        -0.975258273061414,
        -0.016929091337350214,
        9.617571390046578
      ],
      [
        0.08703232633820135,
        0.0023776332140345437,
        0.9962026505849402,
        -1.4346977610094598
      ],
      [
        0.0,
        0.0,
        0.0,
        1.0
      ]
    ],
    "location": [
      43.15999718097828,
      9.617571390046578,
      -1.4346977610094598
    ],
    "rotation": [
      0.0023866918021828603,
      -0.08714257543069778,
      2.9184874175728224
    ]
  },
  {
    "label_id": "6GQJCYvdj35m3AkilVFa3A",
    "size": [
      1.9227345516098804,
      3.8913786098047867,
      1.7199999999999989
    ],
    "obj_class": "vehicle",
    "point_num_in_lidar": 49,
    "speed": 0.014749643406130839,
    "if_vehicle": true,
    "motion_state": false,
    "pose": [
      [
        0.9948715758048051,
        -0.05419282998361288,
        0.08540307274349858,
        44.43068403084726
      ],
      [
        0.05583264837469721,
        0.9982966098519814,
        -0.016929091337350214,
        0.22061214175118948
      ],
      [
        -0.08434016262215471,
        0.021610551506339528,
        0.9962026505849402,
        -1.3907559302067227
      ],
      [
        0.0,
        0.0,
        0.0,
        1.0
      ]
    ],
    "location": [
      44.43068403084726,
      0.22061214175118948,
      -1.3907559302067227
    ],
    "rotation": [
      0.02168952531606434,
      0.084440473005552,
      0.05606165173927542
    ]
  },
  {
    "label_id": "6kV2629tjfAKv8UQAUpQIw",
    "size": [
      2.01855516802371,
      4.332165675849257,
      1.5699999999999932
    ],
    "obj_class": "vehicle",
    "point_num_in_lidar": 289,
    "speed": 0.01142424768018157,
    "if_vehicle": true,
    "motion_state": false,
    "pose": [
      [
        0.9958826771444478,
        -0.03039750860805117,
        0.08540307274349858,
        29.425417281931914
      ],
      [
        0.0319549918945971,
        0.9993459282748431,
        -0.016929091337350214,
        -0.76817775604286
      ],
      [
        -0.08483261080872195,
        0.019588443299955394,
        0.9962026505849402,
        -0.4744739441286754
      ],
      [
        0.0,
        0.0,
        0.0,
        1.0
      ]
    ],
    "location": [
      29.425417281931914,
      -0.76817775604286,
      -0.4744739441286754
    ],
    "rotation": [
      0.019660577422535182,
      0.08493469240563432,
      0.032076099557487005
    ]
  },
  {
    "label_id": "9ojEvP_IkP8ziMOD-24fCQ",
    "size": [
      2.047061630868589,
      4.486385603924427,
      1.4699999999999989
    ],
    "obj_class": "vehicle",
    "point_num_in_lidar": 1003,
    "speed": 0.008825975987099414,
    "if_vehicle": true,
    "motion_state": false,
    "pose": [
      [
        0.08811142159212854,
        0.9924427905682942,
        0.08540307274349858,
        10.850891265019072
      ],
      [
        -0.995809870691684,
        0.08986716474610294,
        -0.016929091337350214,
        -9.7639124871057
      ],
      [
        -0.02447608665668878,
        -0.08355357652137889,
        0.9962026505849402,
        0.004071538071997338
      ],
      [
        0.0,
        0.0,
        0.0,
        1.0
      ]
    ],
    "location": [
      10.850891265019072,
      -9.7639124871057,
      0.004071538071997338
    ],
    "rotation": [
      -0.08367622730935007,
      0.024478531166594514,
      -1.4825439865662575
    ]
  },
  {
    "label_id": "EENp0Fqicu7Uz2meQc79Hw",
    "size": [
      0.4835235466275874,
      0.09322347433545763,
      0.47999999999998977
    ],
    "obj_class": "sign",
    "point_num_in_lidar": 90,
    "speed": 0.0073949825740665266,
    "if_vehicle": false,
    "motion_state": false,
    "pose": [
      [
        0.9954145935502561,
        -0.04308250356174102,
        0.08540307274349858,
        -1.1033796728684138
      ],
      [
        0.044683981978462496,
        0.9988577214103319,
        -0.016929091337350214,
        8.662531945381488
      ],
      [
        -0.08457617100417339,
        0.020667613936119437,
        0.9962026505849402,
        1.970071679741494
      ],
      [
        0.0,
        0.0,
        0.0,
        1.0
      ]
    ],
    "location": [
      -1.1033796728684138,
      8.662531945381488,
      1.970071679741494
    ],
    "rotation": [
      0.020743419510928313,
      0.08467732766367957,
      0.044859704021040614
    ]
  },
  {
    "label_id": "Fz60h1BcAUsffihcCYYlSQ",
    "size": [
      1.9659452030174644,
      3.735738890448964,
      1.8600000000000136
    ],
    "obj_class": "vehicle",
    "point_num_in_lidar": 104,
    "speed": 0.030849868655945432,
    "if_vehicle": true,
    "motion_state": false,
    "pose": [
      [
        -0.9948918609584952,
        0.053819143104579165,
        0.08540307274349858,
        35.627995127592385
      ],
      [
        -0.05545767490521001,
        -0.9983175106951695,
        -0.016929091337350214,
        9.792093244979696
      ],
      [
        0.08434827379769264,
        -0.02157887102906764,
        0.9962026505849402,
        -0.9539971323442273
      ],
      [
        0.0,
        0.0,
        0.0,
        1.0
      ]
    ],
    "location": [
      35.627995127592385,
      9.792093244979696,
      -0.9539971323442273
    ],
    "rotation": [
      -0.021657739014559592,
      -0.08444861318717989,
      -3.085907865870427
    ]
  },
  {
    "label_id": "Nx6yXW6ayqyL8X2hVv-MUA",
    "size": [
      2.142354551915083,
      4.746408458305702,
      1.7700000000000102
    ],
    "obj_class": "vehicle",
    "point_num_in_lidar": 250,
    "speed": 5.430870452155875,
    "if_vehicle": true,
    "motion_state": true,
    "pose": [
      [
        -0.993621949100903,
        -0.07363244822013933,
        0.08540307274349858,
        31.566017984842347
      ],
      [
        0.07244465350069063,
        -0.9972287491070725,
        -0.016929091337350214,
        5.777248347538261
      ],
      [
        0.08641292984321085,
        -0.0106341207183281,
        0.9962026505849402,
        -0.5079581624204366
      ],
      [
        0.0,
        0.0,
        0.0,
        1.0
      ]
    ],
    "location": [
      31.566017984842347,
      5.777248347538261,
      -0.5079581624204366
    ],
    "rotation": [
      -0.010674250692297091,
      -0.0865208365215805,
      3.0688117595600795
    ]
  },
  {
    "label_id": "WWv9wtVzT42U162-yTuOoA",
    "size": [
      2.026152920934136,
      4.6105153086884325,
      1.5699999999999932
    ],
    "obj_class": "vehicle",
    "point_num_in_lidar": 4134,
    "speed": 0.013224890208469965,
    "if_vehicle": true,
    "motion_state": false,
    "pose": [
      [
        -0.9942570389626451,
        0.06449229131611114,
        0.08540307274349858,
        0.3276522343958277
      ],
      [
        -0.06616748963351492,
        -0.9976649082643383,
        -0.016929091337350214,
        7.05182358784441
      ],
      [
        0.08411185284388967,
        -0.022482775155827753,
        0.9962026505849402,
        0.12473679259903747
      ],
      [
        0.0,
        0.0,
        0.0,
        1.0
      ]
    ],
    "location": [
      0.3276522343958277,
      7.05182358784441,
      0.12473679259903747
    ],
    "rotation": [
      -0.022564645067411217,
      -0.08421134907539042,
      -3.0751409578890456
    ]
  },
  {
    "label_id": "X4H9yiCRjWTn4rPCsOkVdA",
    "size": [
      1.969774076111754,
      4.4188602944795115,
      1.6500000000000057
    ],
    "obj_class": "vehicle",
    "point_num_in_lidar": 1107,
    "speed": 0.0046701008630729264,
    "if_vehicle": true,
    "motion_state": false,
    "pose": [
      [
        -0.10332869583328358,
        -0.9909740136771304,
        0.08540307274349858,
        15.979392899207141
      ],
      [
        0.9943137580045686,
        -0.10513589543692457,
        -0.016929091337350214,
        16.258121249720716
      ],
      [
        0.02575521811643321,
        0.08316818927519468,
        0.9962026505849402,
        0.14568960763423888
      ],
      [
        0.0,
        0.0,
        0.0,
        1.0
      ]
    ],
    "location": [
      15.979392899207141,
      16.258121249720716,
      0.14568960763423888
    ],
    "rotation": [
      0.08329206101585755,
      -0.025758066340255723,
      1.67434425422296
    ]
  },
  {
    "label_id": "XrzRs3LbaboaBImF0mOdjQ",
    "size": [
      1.8680092805957826,
      4.653371289880262,
      1.8600000000000136
    ],
    "obj_class": "vehicle",
    "point_num_in_lidar": 218,
    "speed": 0.017172257567201494,
    "if_vehicle": true,
    "motion_state": false,
    "pose": [
      [
        -0.08229468034887776,
        -0.9929420429975985,
        0.08540307274349858,
        14.997346796994407
      ],
      [
        0.9963193531129366,
        -0.084030663921637,
        -0.016929091337350214,
        31.561518150223492
      ],
      [
        0.023986083442185516,
        0.08369556002945538,
        0.9962026505849402,
        1.337885254514248
      ],
      [
        0.0,
        0.0,
        0.0,
        1.0
      ]
    ],
    "location": [
      14.997346796994407,
      31.561518150223492,
      1.337885254514248
    ],
    "rotation": [
      0.08381775476261755,
      -0.02398838403221183,
      1.653207944564139
    ]
  },
  {
    "label_id": "ZCSiMZdHr7H2v9WzSWCqWA",
    "size": [
      0.4835235466275874,
      0.09322347433545763,
      0.5600000000000023
    ],
    "obj_class": "sign",
    "point_num_in_lidar": 74,
    "speed": 0.007939397369115449,
    "if_vehicle": false,
    "motion_state": false,
    "pose": [
      [
        0.9954145935502561,
        -0.04308250356174102,
        0.08540307274349858,
        -1.105553720194166
      ],
      [
        0.044683981978462496,
        0.9988577214103319,
        -0.016929091337350214,
        8.661972693453208
      ],
      [
        -0.08457617100417339,
        0.020667613936119437,
        0.9962026505849402,
        1.4345011656366182
      ],
      [
        0.0,
        0.0,
        0.0,
        1.0
      ]
    ],
    "location": [
      -1.105553720194166,
      8.661972693453208,
      1.4345011656366182
    ],
    "rotation": [
      0.020743419510928313,
      0.08467732766367957,
      0.044859704021040614
    ]
  },
  {
    "label_id": "aRFz7j2dwLW0x6klYx_7gQ",
    "size": [
      2.1473687569938096,
      4.4856824184495885,
      1.920000000000016
    ],
    "obj_class": "vehicle",
    "point_num_in_lidar": 50,
    "speed": 0.014869308129387412,
    "if_vehicle": true,
    "motion_state": false,
    "pose": [
      [
        0.9948605675743899,
        -0.05439454247929194,
        0.08540307274349858,
        34.757422178181514
      ],
      [
        0.05603505527402058,
        0.9982852690723876,
        -0.016929091337350214,
        -0.5467536053402
      ],
      [
        -0.08433577927546684,
        0.021627651318148065,
        0.9962026505849402,
        -0.725789587392029
      ],
      [
        0.0,
        0.0,
        0.0,
        1.0
      ]
    ],
    "location": [
      34.757422178181514,
      -0.5467536053402,
      -0.725789587392029
    ],
    "rotation": [
      0.021706682229206718,
      0.08443607398606645,
      0.056265082209448376
    ]
  },
  {
    "label_id": "asdOT76Zl6kcy5908IDPgQ",
    "size": [
      1.882991193626889,
      3.830012521744248,
      1.460000000000008
    ],
    "obj_class": "vehicle",
    "point_num_in_lidar": 160,
    "speed": 1.1606854580260224e-27,
    "if_vehicle": true,
    "motion_state": false,
    "pose": [
      [
        -0.08674890756902619,
        -0.992562815242214,
        0.08540307274349858,
        14.430674850681044
      ],
      [
        0.9959323024868012,
        -0.08850002672220202,
        -0.016929091337350214,
        36.65093942277781
      ],
      [
        0.024361360777250693,
        0.08358709869722891,
        0.9962026505849402,
        1.5819275232405232
      ],
      [
        0.0,
        0.0,
        0.0,
        1.0
      ]
    ],
    "location": [
      14.430674850681044,
      36.65093942277781,
      1.5819275232405232
    ],
    "rotation": [
      0.08370964211428321,
      -0.024363771067756085,
      1.657680258092778
    ]
  },
  {
    "label_id": "exueily1Lt7uON4yqBxITg",
    "size": [
      0.7588241951168548,
      0.07151227768081742,
      0.75
    ],
    "obj_class": "sign",
    "point_num_in_lidar": 103,
    "speed": 0.01068550947070981,
    "if_vehicle": false,
    "motion_state": false,
    "pose": [
      [
        -0.018795730684467833,
        -0.9961691802470131,
        0.08540307274349858,
        7.514081098630868
      ],
      [
        0.9996503374989362,
        -0.0203127694998704,
        -0.016929091337350214,
        13.24868145633809
      ],
      [
        0.018599011971074324,
        0.08505501584997495,
        0.9962026505849402,
        1.8718297504969996
      ],
      [
        0.0,
        0.0,
        0.0,
        1.0
      ]
    ],
    "location": [
      7.514081098630868,
      13.24868145633809,
      1.8718297504969996
    ],
    "rotation": [
      0.08517267279046466,
      -0.018600084443129404,
      1.5895964167047782
    ]
  },
  {
    "label_id": "fZoqQ9qukc5jFPQ00JLwfg",
    "size": [
      2.1630520422499453,
      4.678952886478576,
      1.8700000000000045
    ],
    "obj_class": "vehicle",
    "point_num_in_lidar": 806,
    "speed": 0.03122314873689195,
    "if_vehicle": true,
    "motion_state": false,
    "pose": [
      [
        -0.09767514726791472,
        -0.9915472156040578,
        0.08540307274349858,
        18.103809675877528
      ],
      [
        0.9948972126984161,
        -0.09946326976032015,
        -0.016929091337350214,
        -12.145115801344218
      ],
      [
        0.025280462240903225,
        0.08331372753889915,
        0.9962026505849402,
        0.1068293474738482
      ],
      [
        0.0,
        0.0,
        0.0,
        1.0
      ]
    ],
    "location": [
      18.103809675877528,
      -12.145115801344218,
      0.1068293474738482
    ],
    "rotation": [
      0.08343714109898698,
      -0.02528315581366748,
      1.6686588324400065
    ]
  },
  {
    "label_id": "gdywJfz_9bellnjvLvGrGw",
    "size": [
      1.0017507540681823,
      1.2747419405263642,
      1.9000000000000057
    ],
    "obj_class": "pedestrian",
    "point_num_in_lidar": 436,
    "speed": 1.618229774780596,
    "if_vehicle": false,
    "motion_state": true,
    "pose": [
      [
        -0.995217329342562,
        0.047421330034356814,
        0.08540307274349858,
        8.812626540261135
      ],
      [
        -0.04903780260248087,
        -0.9986534432837109,
        -0.016929091337350214,
        -5.590615563143729
      ],
      [
        0.08448527263481383,
        -0.021036104091794978,
        0.9962026505849402,
        0.10696669065683295
      ],
      [
        0.0,
        0.0,
        0.0,
        1.0
      ]
    ],
    "location": [
      8.812626540261135,
      -5.590615563143729,
      0.10696669065683295
    ],
    "rotation": [
      -0.02111315229436908,
      -0.08458610278891752,
      -3.092359010846026
    ]
  },
  {
    "label_id": "iig7YiZ08rzCckmuNjqSSA",
    "size": [
      2.071593258536419,
      4.577422277222199,
      1.6800000000000068
    ],
    "obj_class": "vehicle",
    "point_num_in_lidar": 557,
    "speed": 0.03636623638877495,
    "if_vehicle": true,
    "motion_state": false,
    "pose": [
      [
        0.08458863406704673,
        0.9927492524059841,
        0.08540307274349858,
        8.23330863154024
      ],
      [
        -0.9961225425502754,
        0.08633241621584913,
        -0.016929091337350214,
        22.40848691202882
      ],
      [
        -0.024179396391271205,
        -0.0836399172506372,
        0.9962026505849402,
        0.646840889993598
      ],
      [
        0.0,
        0.0,
        0.0,
        1.0
      ]
    ],
    "location": [
      8.23330863154024,
      22.40848691202882,
      0.646840889993598
    ],
    "rotation": [
      -0.08376229111060773,
      0.02418175306465948,
      -1.486081664306393
    ]
  },
  {
    "label_id": "k_NOVkdWc5tiNnbaUVinuw",
    "size": [
      2.155448501400673,
      4.4419784152818895,
      1.740000000000009
    ],
    "obj_class": "vehicle",
    "point_num_in_lidar": 438,
    "speed": 0.005876438932332904,
    "if_vehicle": true,
    "motion_state": false,
    "pose": [
      [
        -0.1122010918691365,
        -0.9900087020573821,
        0.08540307274349858,
        15.556945686536892
      ],
      [
        0.9933321246072963,
        -0.11403813436586248,
        -0.016929091337350214,
        21.396342458507206
      ],
      [
        0.026499154826681574,
        0.08293415316388789,
        0.9962026505849402,
        0.611055223451558
      ],
      [
        0.0,
        0.0,
        0.0,
        1.0
      ]
    ],
    "location": [
      15.556945686536892,
      21.396342458507206,
      0.611055223451558
    ],
    "rotation": [
      0.08305875432488469,
      -0.026502257114495432,
      1.6832738459991095
    ]
  },
  {
    "label_id": "mmdNjYPoJf8KPcfkiO2WVw",
    "size": [
      2.0692855396330128,
      4.3057734004472925,
      1.740000000000009
    ],
    "obj_class": "vehicle",
    "point_num_in_lidar": 427,
    "speed": 0.008486720792323914,
    "if_vehicle": true,
    "motion_state": false,
    "pose": [
      [
        -0.07716473388493482,
        -0.9933538740098798,
        0.08540307274349858,
        15.308398352700351
      ],
      [
        0.9967401059558204,
        -0.07888324946192167,
        -0.016929091337350214,
        26.526370524243248
      ],
      [
        0.023553450355463974,
        0.08381833894734703,
        0.9962026505849402,
        0.9586042036529818
      ],
      [
        0.0,
        0.0,
        0.0,
        1.0
      ]
    ],
    "location": [
      15.308398352700351,
      26.526370524243248,
      0.9586042036529818
    ],
    "rotation": [
      0.0839401365980551,
      -0.023555628671052358,
      1.6480593219446331
    ]
  },
  {
    "label_id": "neWc6a5SpHMFVBiTZbsQRA",
    "size": [
      2.157667668708095,
      4.838558424228969,
      1.75
    ],
    "obj_class": "vehicle",
    "point_num_in_lidar": 1099,
    "speed": 0.016949744147806454,
    "if_vehicle": true,
    "motion_state": false,
    "pose": [
      [
        0.06400738296455853,
        0.9942883737085519,
        0.08540307274349858,
        8.786811917518662
      ],
      [
        -0.9976970596017464,
        0.0656809190596556,
        -0.016929091337350214,
        16.302758039650143
      ],
      [
        -0.02244175100248909,
        -0.08412280772467082,
        0.9962026505849402,
        0.17377821567379215
      ],
      [
        0.0,
        0.0,
        0.0,
        1.0
      ]
    ],
    "location": [
      8.786811917518662,
      16.302758039650143,
      0.17377821567379215
    ],
    "rotation": [
      -0.08424360980339748,
      0.022443635160895807,
      -1.5067289999474027
    ]
  },
  {
    "label_id": "p2KLoLcoeq8jqmt5_98t0A",
    "size": [
      0.4155281545393611,
      0.06448166061818679,
      0.17850084365227303
    ],
    "obj_class": "sign",
    "point_num_in_lidar": 23,
    "speed": 0.011590144678362191,
    "if_vehicle": false,
    "motion_state": false,
    "pose": [
      [
        -0.01879573069114965,
        -0.9961691802468869,
        0.08540307274349858,
        7.514153900288875
      ],
      [
        0.9996503374988,
        -0.020312769506575578,
        -0.016929091337350214,
        13.259917561825205
      ],
      [
        0.018599011971644833,
        0.0850550158498502,
        0.9962026505849402,
        1.3718297504969996
      ],
      [
        0.0,
        0.0,
        0.0,
        1.0
      ]
    ],
    "location": [
      7.514153900288875,
      13.259917561825205,
      1.3718297504969996
    ],
    "rotation": [
      0.08517267279034034,
      -0.018600084443700014,
      1.5895964167114625
    ]
  },
  {
    "label_id": "poNER0fr1zgf0U0PEnfldw",
    "size": [
      2.058500743414222,
      4.589923589374125,
      1.7800000000000011
    ],
    "obj_class": "vehicle",
    "point_num_in_lidar": 4761,
    "speed": 0.0022144900799200774,
    "if_vehicle": true,
    "motion_state": false,
    "pose": [
      [
        -0.9936180794507239,
        0.07368464802537798,
        0.08540307274349858,
        -4.674040192681787
      ],
      [
        -0.07539129145045896,
        -0.9970103103980037,
        -0.016929091337350214,
        6.537183129023106
      ],
      [
        0.08390032992835668,
        -0.023259699169433656,
        0.9962026505849402,
        0.6118082660585458
      ],
      [
        0.0,
        0.0,
        0.0,
        1.0
      ]
    ],
    "location": [
      -4.674040192681787,
      6.537183129023106,
      0.6118082660585458
    ],
    "rotation": [
      -0.02334411968690818,
      -0.08399907582467787,
      -3.06586223720428
    ]
  },
  {
    "label_id": "tBnMwtSfMUdPA9bwMuVXzA",
    "size": [
      2.107118437322293,
      4.94391362798015,
      1.5800000000000125
    ],
    "obj_class": "vehicle",
    "point_num_in_lidar": 596,
    "speed": 2.450633571136898,
    "if_vehicle": true,
    "motion_state": true,
    "pose": [
      [
        0.0654790093837296,
        0.9941925439753078,
        0.08540307274349858,
        11.672962270726202
      ],
      [
        -0.9975987490490899,
        0.06715758901407087,
        -0.016929091337350214,
        17.69531169932452
      ],
      [
        -0.02256624084371723,
        -0.08408949840332623,
        0.9962026505849402,
        0.34619017576906685
      ],
      [
        0.0,
        0.0,
        0.0,
        1.0
      ]
    ],
    "location": [
      11.672962270726202,
      17.69531169932452,
      0.34619017576906685
    ],
    "rotation": [
      -0.08421041015575798,
      0.022568156536867313,
      -1.5052537223297795
    ]
  },
  {
    "label_id": "zP3W4pR_Dkt0kqTwQldWqw",
    "size": [
      2.0718699196839254,
      4.414748533014121,
      1.9000000000000057
    ],
    "obj_class": "vehicle",
    "point_num_in_lidar": 425,
    "speed": 0.0028650329147660776,
    "if_vehicle": true,
    "motion_state": false,
    "pose": [
      [
        -0.9941067064361085,
        0.06676953934783082,
        0.08540307274349858,
        29.246900254573575
      ],
      [
        -0.06845253924018606,
        -0.9975107296355576,
        -0.016929091337350214,
        9.322227177912282
      ],
      [
        0.08406013377531364,
        -0.02267538042053608,
        0.9962026505849402,
        -0.6697576514599177
      ],
      [
        0.0,
        0.0,
        0.0,
        1.0
      ]
    ],
    "location": [
      29.246900254573575,
      9.322227177912282,
      -0.6697576514599177
    ],
    "rotation": [
      -0.022757885239757348,
      -0.08415944619284126,
      -3.072842833312483
    ]
  }
]