[
  {
    "label_id": "-G86PjIy35Dnhvmt_7sZlw",
    "size": [
      2.2279015557208273,
      4.6671900838050675,
      1.8700000000000045
    ],
    "obj_class": "vehicle",
    "point_num_in_lidar": 798,
    "speed": 2.929642751054232e-13,
    "if_vehicle": true,
    "motion_state": false,
    "pose": [
      [
        -0.06824319378673874,
        -0.9951367329499838,
        0.07103343744616389,
        18.61779281734198
      ],
      [
        0.9973665866123644,
        -0.06980149702535603,
        -0.01968864957837699,
        -18.575805612310432
      ],
      [
        0.024551138690222383,
        0.06950276071244701,
        0.9972796036430114,
        0.3009968221568329
      ],
      [
        0.0,
        0.0,
        0.0,
        1.0
      ]
    ],
    "location": [
      18.61779281734198,
      -18.575805612310432,
      0.3009968221568329
    ],
    "rotation": [
      0.06957984674172768,
      -0.024553605760343055,
      1.6391132259878907
    ]
  },
  {
    "label_id": "10t7lCtA-oADlgKbKqqaGQ",
    "size": [
      1.940938061761765,
      4.35531691411666,
      1.5900000000000034
    ],
    "obj_class": "vehicle",
    "point_num_in_lidar": 68,
    "speed": 1.9945885082418897e-12,
    "if_vehicle": true,
    "motion_state": false,
    "pose": [
      [
        0.9921993781218776,
        -0.10244337372002593,
        0.07103343744616389,
        57.06252341989148
      ],
      [
        0.10407747887815579,
        0.9943742934469629,
        -0.01968864957837699,
        1.610238230023242
      ],
      [
        -0.06861685248483795,
        0.026928046953171147,
        0.9972796036430114,
        -2.1535003716797405
      ],
      [
        0.0,
        0.0,
        0.0,
        1.0
      ]
    ],
    "location": [
      57.06252341989148,
      1.610238230023242,
      -2.1535003716797405
    ],
    "rotation": [
      0.026994942514394292,
      0.06867081135972068,
      0.10451352435894067
    ]
  },
  {
    "label_id": "1cey-IEbE8XPL2SyOdH_ig",
    "size": [
      2.1449194355943804,
      4.755202036269388,
      1.5
    ],
    "obj_class": "vehicle",
    "point_num_in_lidar": 149,
    "speed": 0.33398410204340473,
    "if_vehicle": true,
    "motion_state": false,
    "pose": [
      [
        -0.9965714353674198,
        -0.04242198692072754,
        0.07103343744616389,
        42.09943043182557
      ],
      [
        0.041120307632117076,
        -0.9989601980950091,
        -0.01968864957837699,
        9.536738425831572
      ],
      [
        0.07179480837749001,
        -0.016700228970816303,
        0.9972796036430114,
        -1.434697761009204
      ],
      [
        0.0,
        0.0,
        0.0,
        1.0
      ]
    ],
    "location": [
      42.09943043182557,
      9.536738425831572,
      -1.434697761009204
    ],
    "rotation": [
      -0.01674421911285618,
      -0.07185662953829434,
      3.100354269927572
    ]
  },
  {
    "label_id": "6GQJCYvdj35m3AkilVFa3A",
    "size": [
      1.9227345516098808,
      3.8913786098047867,
      1.7199999999999989
    ],
    "obj_class": "vehicle",
    "point_num_in_lidar": 69,
    "speed": 0.014749643282332617,
    "if_vehicle": true,
    "motion_state": false,
    "pose": [
      [
        0.9959973582086737,
        -0.05425415381263283,
        0.07103343744616389,
        44.38518758989676
      ],
      [
        0.05578097236260737,
        0.998248886901489,
        -0.01968864957837699,
        0.2160456923284073
      ],
      [
        -0.06984085884083137,
        0.02357215717776527,
        0.9972796036430114,
        -1.3925688812504404
      ],
      [
        0.0,
        0.0,
        0.0,
        1.0
      ]
    ],
    "location": [
      44.38518758989676,
      0.2160456923284073,
      -1.3925688812504404
    ],
    "rotation": [
      0.023632057430597778,
      0.06989776148657371,
      0.05594669604071317
    ]
  },
  {
    "label_id": "6kV2629tjfAKv8UQAUpQIw",
    "size": [
      2.0185551680237106,
      4.332165675849257,
      1.5699999999999932
    ],
    "obj_class": "vehicle",
    "point_num_in_lidar": 391,
    "speed": 0.003140986348502296,
    "if_vehicle": true,
    "motion_state": false,
    "pose": [
      [
        0.9970096036960879,
        -0.030431905992745742,
        0.07103343744616389,
        29.421139943963226
      ],
      [
        0.03190447134054301,
        0.9992969837772254,
        -0.01968864957837699,
        -0.7721158338790701
      ],
      [
        -0.07038433665418652,
        0.02189605698267019,
        0.9972796036430114,
        -0.5170782936578746
      ],
      [
        0.0,
        0.0,
        0.0,
        1.0
      ]
    ],
    "location": [
      29.421139943963226,
      -0.7721158338790701,
      -0.5170782936578746
    ],
    "rotation": [
      0.021952258464947548,
      0.07044258005962209,
      0.03198924838525494
    ]
  },
  {
    "label_id": "9ojEvP_IkP8ziMOD-24fCQ",
    "size": [
      2.047061630868588,
      4.486385603924427,
      1.4699999999999989
    ],
    "obj_class": "vehicle",
    "point_num_in_lidar": 1327,
    "speed": 0.008825975840580274,
    "if_vehicle": true,
    "motion_state": false,
    "pose": [
      [
        0.08821112721285482,
        0.9935658245936297,
        0.07103343744616389,
        10.86787505170787
      ],
      [
        -0.995763938988981,
        0.0898138902783348,
        -0.01968864957837699,
        -9.785364447050597
      ],
      [
        -0.02594175871035788,
        -0.068995777498712,
        0.9972796036430114,
        0.0038676008918798743
      ],
      [
        0.0,
        0.0,
        0.0,
        1.0
      ]
    ],
    "location": [
      10.86787505170787,
      -9.785364447050597,
      0.0038676008918798743
    ],
    "rotation": [
      -0.06907391998760648,
      0.025944669283719385,
      -1.4824405858514698
    ]
  },
  {
    "label_id": "C7N3XXk6WR3gQXpwt59PzA",
    "size": [
      2.307378830982696,
      5.053288138911819,
      2.0999999999999943
    ],
    "obj_class": "vehicle",
    "point_num_in_lidar": 302,
    "speed": 6.760677507729607,
    "if_vehicle": true,
    "motion_state": true,
    "pose": [
      [
        0.07578081361599269,
        0.994591131597442,
        0.07103343744616389,
        10.445894513823987
      ],
      [
        -0.9968091148925087,
        0.077355966447283,
        -0.01968864957837699,
        30.21446173655022
      ],
      [
        -0.025077016467504102,
        -0.06931475602443343,
        0.9972796036430114,
        1.3960736930567919
      ],
      [
        0.0,
        0.0,
        0.0,
        1.0
      ]
    ],
    "location": [
      10.445894513823987,
      30.21446173655022,
      1.3960736930567919
    ],
    "rotation": [
      -0.06939223796896173,
      0.025079645520089042,
      -1.4949188859670417
    ]
  },
  {
    "label_id": "CZqAJKroo0JigZQamJxBgw",
    "size": [
      2.0658167117408492,
      4.364933663449352,
      1.700000000000017
    ],
    "obj_class": "vehicle",
    "point_num_in_lidar": 87,
    "speed": 0.007878343561456985,
    "if_vehicle": true,
    "motion_state": false,
    "pose": [
      [
        -0.12729454822951475,
        -0.9893181231310915,
        0.07103343744616389,
        13.497098678024486
      ],
      [
        0.9914513726150042,
        -0.1289826841773885,
        -0.01968864957837699,
        49.57387391057637
      ],
      [
        0.028640421276018523,
        0.0679199413042325,
        0.9972796036430114,
        2.833878193570598
      ],
      [
        0.0,
        0.0,
        0.0,
        1.0
      ]
    ],
    "location": [
      13.497098678024486,
      49.57387391057637,
      2.833878193570598
    ],
    "rotation": [
      0.06800020862594437,
      -0.02864433821956111,
      1.6984898532507946
    ]
  },
  {
    "label_id": "EENp0Fqicu7Uz2meQc79Hw",
    "size": [
      0.48352354662758934,
      0.09322347433545763,
      0.47999999999998977
    ],
    "obj_class": "sign",
    "point_num_in_lidar": 129,
    "speed": 0.007394982512000358,
    "if_vehicle": false,
    "motion_state": false,
    "pose": [
      [
        0.9965409904252157,
        -0.04313125510475915,
        0.07103343744616389,
        -1.0840813422000792
      ],
      [
        0.044632841975654265,
        0.9988094245124823,
        -0.01968864957837699,
        8.650157341726299
      ],
      [
        -0.07009967060911318,
        0.022790970539492972,
        0.9972796036430114,
        1.9409426472560938
      ],
      [
        0.0,
        0.0,
        0.0,
        1.0
      ]
    ],
    "location": [
      -1.0840813422000792,
      8.650157341726299,
      1.9409426472560938
    ],
    "rotation": [
      0.022849162912095718,
      0.0701572091416833,
      0.044757852025144346
    ]
  },
  {
    "label_id": "NXG3IQg-7AGdDP54x0y-Ww",
    "size": [
      2.1501117497804265,
      4.509298866515579,
      1.740000000000009
    ],
    "obj_class": "vehicle",
    "point_num_in_lidar": 323,
    "speed": 0.010166654472138359,
    "if_vehicle": true,
    "motion_state": false,
    "pose": [
      [
        0.0662448592345528,
        0.9952717565517349,
        0.07103343744616389,
        7.632406088853713
      ],
      [
        -0.997504734732875,
        0.067798681869756,
        -0.01968864957837699,
        28.64097159393532
      ],
      [
        -0.024411530277530527,
        -0.06955191835706197,
        0.9972796036430114,
        1.0083813132558532
      ],
      [
        0.0,
        0.0,
        0.0,
        1.0
      ]
    ],
    "location": [
      7.632406088853713,
      28.64097159393532,
      1.0083813132558532
    ],
    "rotation": [
      -0.06962890005772962,
      0.02441395549256716,
      -1.5044831296220367
    ]
  },
  {
    "label_id": "Nx6yXW6ayqyL8X2hVv-MUA",
    "size": [
      2.1423545519150435,
      4.746408458305702,
      1.7700000000000102
    ],
    "obj_class": "vehicle",
    "point_num_in_lidar": 745,
    "speed": 1.5822678648094537,
    "if_vehicle": true,
    "motion_state": true,
    "pose": [
      [
        -0.9909926784155974,
        -0.11352427974341978,
        0.07103343744616389,
        22.74871439565186
      ],
      [
        0.1123966186123215,
        -0.9934683473580304,
        -0.01968864957837699,
        6.508933800267187
      ],
      [
        0.07280461146930631,
        -0.01152738940270326,
        0.9972796036430114,
        -0.1991937174649081
      ],
      [
        0.0,
        0.0,
        0.0,
        1.0
      ]
    ],
    "location": [
      22.74871439565186,
      6.508933800267187,
      -0.1991937174649081
    ],
    "rotation": [
      -0.011558319274899127,
      -0.07286908231193158,
      3.0286570468580924
    ]
  },
  {
    "label_id": "WWv9wtVzT42U162-yTuOoA",
    "size": [
      2.0261529209334728,
      4.6105153086884325,
      1.5699999999999932
    ],
    "obj_class": "vehicle",
    "point_num_in_lidar": 3986,
    "speed": 0.013224890097029266,
    "if_vehicle": true,
    "motion_state": false,
    "pose": [
      [
        -0.9954316876626746,
        0.06379659835462492,
        0.07103343744616389,
        0.35653707074015983
      ],
      [
        -0.06534492385422441,
        -0.9976684810117364,
        -0.01968864957837699,
        7.022728622812792
      ],
      [
        0.06961175276865984,
        -0.02424038023862621,
        0.9972796036430114,
        0.08324452344729139
      ],
      [
        0.0,
        0.0,
        0.0,
        1.0
      ]
    ],
    "location": [
      0.35653707074015983,
      7.022728622812792,
      0.08324452344729139
    ],
    "rotation": [
      -0.02430171844818231,
      -0.06966809644577895,
      -3.0760418937930694
    ]
  },
  {
    "label_id": "X4H9yiCRjWTn4rPCsOkVdA",
    "size": [
      1.969774076111752,
      4.4188602944795115,
      1.6500000000000057
    ],
    "obj_class": "vehicle",
    "point_num_in_lidar": 753,
    "speed": 0.004670100821142308,
    "if_vehicle": true,
    "motion_state": false,
    "pose": [
      [
        -0.10344562110325185,
        -0.9920953856556052,
        0.07103343744616389,
        15.977457866041277
      ],
      [
        0.9942686491311497,
        -0.10508192248288281,
        -0.01968864957837699,
        16.27246902521256
      ],
      [
        0.026997348563908494,
        0.06858961530841991,
        0.9972796036430114,
        0.10551071318681693
      ],
      [
        0.0,
        0.0,
        0.0,
        1.0
      ]
    ],
    "location": [
      15.977457866041277,
      16.27246902521256,
      0.10551071318681693
    ],
    "rotation": [
      0.06866857859800748,
      -0.027000629173661556,
      1.6744652599003003
    ]
  },
  {
    "label_id": "XrzRs3LbaboaBImF0mOdjQ",
    "size": [
      1.8680092805957815,
      4.653371289880262,
      1.8600000000000136
    ],
    "obj_class": "vehicle",
    "point_num_in_lidar": 312,
    "speed": 0.003322179607855323,
    "if_vehicle": true,
    "motion_state": false,
    "pose": [
      [
        -0.08238780382865163,
        -0.9940656419698215,
        0.07103343744616389,
        14.99777952139948
      ],
      [
        0.9962731100364609,
        -0.08397765950571302,
        -0.01968864957837699,
        31.559952930207146
      ],
      [
        0.0255370319060225,
        0.06914659904195572,
        0.9972796036430114,
        1.3618383077366616
      ],
      [
        0.0,
        0.0,
        0.0,
        1.0
      ]
    ],
    "location": [
      14.99777952139948,
      31.559952930207146,
      1.3618383077366616
    ],
    "rotation": [
      0.06922443095921077,
      -0.02553980834087237,
      1.6533045901635786
    ]
  },
  {
    "label_id": "ZCSiMZdHr7H2v9WzSWCqWA",
    "size": [
      0.48352354662758934,
      0.09322347433545763,
      0.5600000000000023
    ],
    "obj_class": "sign",
    "point_num_in_lidar": 91,
    "speed": 0.0079393973020334,
    "if_vehicle": false,
    "motion_state": false,
    "pose": [
      [
        0.9965409904252157,
        -0.04313125510475915,
        0.07103343744616389,
        -1.0840451385797678
      ],
      [
        0.044632841975654265,
        0.9988094245124823,
        -0.01968864957837699,
        8.650007406027726
      ],
      [
        -0.07009967060911318,
        0.022790970539492972,
        0.9972796036430114,
        1.4074527783285191
      ],
      [
        0.0,
        0.0,
        0.0,
        1.0
      ]
    ],
    "location": [
      -1.0840451385797678,
      8.650007406027726,
      1.4074527783285191
    ],
    "rotation": [
      0.022849162912095718,
      0.0701572091416833,
      0.044757852025144346
    ]
  },
  {
    "label_id": "ZF1-vGaHNjltsRoVWjqYiQ",
    "size": [
      2.091638499224568,
      4.67170689046401,
      1.5999999999999943
    ],
    "obj_class": "vehicle",
    "point_num_in_lidar": 32,
    "speed": 0.007807662058847647,
    "if_vehicle": true,
    "motion_state": false,
    "pose": [
      [
        -0.993953283203229,
        0.08373244039261958,
        0.07103343744616389,
        50.51020735389193
      ],
      [
        -0.08532528074447678,
        -0.9961585985894295,
        -0.01968864957837699,
        10.6578368207538
      ],
      [
        0.06911199082212789,
        -0.025630545882604848,
        0.9972796036430114,
        -1.8371461049285642
      ],
      [
        0.0,
        0.0,
        0.0,
        1.0
      ]
    ],
    "location": [
      50.51020735389193,
      10.6578368207538,
      -1.8371461049285642
    ],
    "rotation": [
      -0.025694805063045067,
      -0.06916712794391705,
      -3.0559582384521904
    ]
  },
  {
    "label_id": "aRFz7j2dwLW0x6klYx_7gQ",
    "size": [
      2.1473687569922886,
      4.4856824184495885,
      1.920000000000016
    ],
    "obj_class": "vehicle",
    "point_num_in_lidar": 88,
    "speed": 0.01486930800487404,
    "if_vehicle": true,
    "motion_state": false,
    "pose": [
      [
        0.9955862653146157,
        -0.06133709384603603,
        0.07103343744616389,
        34.712336375596806
      ],
      [
        0.06287988840697253,
        0.9978268771243368,
        -0.01968864957837699,
        -0.5563510968258925
      ],
      [
        -0.06967142851142201,
        0.024068323722602983,
        0.9972796036430114,
        -0.7510331505041847
      ],
      [
        0.0,
        0.0,
        0.0,
        1.0
      ]
    ],
    "location": [
      34.712336375596806,
      -0.5563510968258925,
      -0.7510331505041847
    ],
    "rotation": [
      0.024129293741670138,
      0.06972791742929062,
      0.06307487409221915
    ]
  },
  {
    "label_id": "asdOT76Zl6kcy5908IDPgQ",
    "size": [
      1.8829911936268866,
      3.830012521744248,
      1.460000000000008
    ],
    "obj_class": "vehicle",
    "point_num_in_lidar": 172,
    "speed": 4.549693413077341e-13,
    "if_vehicle": true,
    "motion_state": false,
    "pose": [
      [
        -0.08684707138843321,
        -0.9936859850857485,
        0.07103343744616389,
        14.430674850680589
      ],
      [
        0.9958862976918927,
        -0.08844681535993604,
        -0.01968864957837699,
        36.65093942277963
      ],
      [
        0.025847016477480073,
        0.06903132547511366,
        0.9972796036430114,
        1.5715594041551242
      ],
      [
        0.0,
        0.0,
        0.0,
        1.0
      ]
    ],
    "location": [
      14.430674850680589,
      36.65093942277963,
      1.5715594041551242
    ],
    "rotation": [
      0.06910939504622157,
      -0.02584989527157545,
      1.657782077702376
    ]
  },
  {
    "label_id": "cPrxNWhkfFseBGIlnuWdzg",
    "size": [
      0.8215701562718094,
      1.2015272597505833,
      1.740000000000009
    ],
    "obj_class": "pedestrian",
    "point_num_in_lidar": 29,
    "speed": 1.2032811689203458,
    "if_vehicle": false,
    "motion_state": true,
    "pose": [
      [
        -0.9956459604351935,
        0.06036035316052093,
        0.07103343744616389,
        50.68706646953342
      ],
      [
        -0.061900948846478794,
        -0.9978880847117504,
        -0.01968864957837699,
        -2.5088346373613604
      ],
      [
        0.06969500700183984,
        -0.023999961596879674,
        0.9972796036430114,
        -1.184706616426439
      ],
      [
        0.0,
        0.0,
        0.0,
        1.0
      ]
    ],
    "location": [
      50.68706646953342,
      -2.5088346373613604,
      -1.184706616426439
    ],
    "rotation": [
      -0.024060784926223718,
      -0.0697515533746714,
      -3.079500925973167
    ]
  },
  {
    "label_id": "exueily1Lt7uON4yqBxITg",
    "size": [
      0.7588241951168534,
      0.07151227768081742,
      0.75
    ],
    "obj_class": "sign",
    "point_num_in_lidar": 183,
    "speed": 0.010685509381158066,
    "if_vehicle": false,
    "motion_state": false,
    "pose": [
      [
        -0.018816999663656964,
        -0.9972964310014549,
        0.07103343744616389,
        7.4813066198858
      ],
      [
        0.9996008078746416,
        -0.020262822462425875,
        -0.01968864957837699,
        13.25349384074616
      ],
      [
        0.021074757887621132,
        0.07063460014480406,
        0.9972796036430114,
        1.8718297504972554
      ],
      [
        0.0,
        0.0,
        0.0,
        1.0
      ]
    ],
    "location": [
      7.4813066198858,
      13.25349384074616,
      1.8718297504972554
    ],
    "rotation": [
      0.0707091985270685,
      -0.021076318242367883,
      1.5896186179627698
    ]
  },
  {
    "label_id": "fZoqQ9qukc5jFPQ00JLwfg",
    "size": [
      2.1630520422499457,
      4.678952886478576,
      1.8700000000000045
    ],
    "obj_class": "vehicle",
    "point_num_in_lidar": 1832,
    "speed": 0.6049818671714116,
    "if_vehicle": true,
    "motion_state": false,
    "pose": [
      [
        -0.09778567506342414,
        -0.9926692362096109,
        0.07103343744616389,
        18.045346163368777
      ],
      [
        0.9948517967322082,
        -0.09940955495563193,
        -0.01968864957837699,
        -10.955362138127384
      ],
      [
        0.026605719142458042,
        0.06874247498127227,
        0.9972796036430114,
        0.12482827602067914
      ],
      [
        0.0,
        0.0,
        0.0,
        1.0
      ]
    ],
    "location": [
      18.045346163368777,
      -10.955362138127384,
      0.12482827602067914
    ],
    "rotation": [
      0.06882113202092476,
      -0.026608859015819417,
      1.6687733093454429
    ]
  },
  {
    "label_id": "gdywJfz_9bellnjvLvGrGw",
    "size": [
      1.0017507540681823,
      1.2747419405263642,
      1.9000000000000057
    ],
    "obj_class": "pedestrian",
    "point_num_in_lidar": 706,
    "speed": 1.5037186083509875,
    "if_vehicle": false,
    "motion_state": true,
    "pose": [
      [
        -0.996343502996174,
        0.04747499133117053,
        0.07103343744616389,
        4.074548286435402
      ],
      [
        -0.048986452548549726,
        -0.9986053697755127,
        -0.01968864957837699,
        -6.097718017226725
      ],
      [
        0.06999965359929633,
        -0.02309633420300116,
        0.9972796036430114,
        0.2629686489659093
      ],
      [
        0.0,
        0.0,
        0.0,
        1.0
      ]
    ],
    "location": [
      4.074548286435402,
      -6.097718017226725,
      0.2629686489659093
    ],
    "rotation": [
      -0.02315519756927311,
      -0.07005694583553738,
      -3.0924659843164104
    ]
  },
  {
    "label_id": "iig7YiZ08rzCckmuNjqSSA",
    "size": [
      2.0715932585364207,
      4.577422277222199,
      1.6800000000000068
    ],
    "obj_class": "vehicle",
    "point_num_in_lidar": 702,
    "speed": 0.0016756011816095185,
    "if_vehicle": true,
    "motion_state": false,
    "pose": [
      [
        0.08468435335194535,
        0.9938726332191388,
        0.07103343744616389,
        8.229102744231568
      ],
      [
        -0.996076422062907,
        0.08627930509767302,
        -0.01968864957837699,
        22.485686832267675
      ],
      [
        -0.025696725622544478,
        -0.06908741166028634,
        0.9972796036430114,
        0.6386824683110888
      ],
      [
        0.0,
        0.0,
        0.0,
        1.0
      ]
    ],
    "location": [
      8.229102744231568,
      22.485686832267675,
      0.6386824683110888
    ],
    "rotation": [
      -0.0691653658302841,
      0.02569955448082988,
      -1.4859823530801892
    ]
  },
  {
    "label_id": "k_NOVkdWc5tiNnbaUVinuw",
    "size": [
      2.1554485014006692,
      4.4419784152818895,
      1.740000000000009
    ],
    "obj_class": "vehicle",
    "point_num_in_lidar": 1026,
    "speed": 0.004863422228938222,
    "if_vehicle": true,
    "motion_state": false,
    "pose": [
      [
        -0.11232805701518639,
        -0.9911289817030753,
        0.07103343744616389,
        15.550953058442701
      ],
      [
        0.9932875010004012,
        -0.11398375951931829,
        -0.01968864957837699,
        21.399662420624736
      ],
      [
        0.027610649459419555,
        0.06834503781597649,
        0.9972796036430114,
        0.6094929807313179
      ],
      [
        0.0,
        0.0,
        0.0,
        1.0
      ]
    ],
    "location": [
      15.550953058442701,
      21.399662420624736,
      0.6094929807313179
    ],
    "rotation": [
      0.06842448445364813,
      -0.02761415881719257,
      1.683405067465646
    ]
  },
  {
    "label_id": "mmdNjYPoJf8KPcfkiO2WVw",
    "size": [
      2.0692855396325274,
      4.3057734004472925,
      1.740000000000009
    ],
    "obj_class": "vehicle",
    "point_num_in_lidar": 400,
    "speed": 0.008486720720982147,
    "if_vehicle": true,
    "motion_state": false,
    "pose": [
      [
        -0.07844794814670197,
        -0.9943843171511476,
        0.07103343744616389,
        15.308314051845628
      ],
      [
        0.9965980680464643,
        -0.08002904375184478,
        -0.01968864957837699,
        26.500061170085246
      ],
      [
        0.02526282243984562,
        0.0692472523643432,
        0.9972796036430114,
        0.9586042036531808
      ],
      [
        0.0,
        0.0,
        0.0,
        1.0
      ]
    ],
    "location": [
      15.308314051845628,
      26.500061170085246,
      0.9586042036531808
    ],
    "rotation": [
      0.06932487526900535,
      -0.02526551037702854,
      1.6493500836640478
    ]
  },
  {
    "label_id": "neWc6a5SpHMFVBiTZbsQRA",
    "size": [
      2.1576676687088887,
      4.838558424228969,
      1.75
    ],
    "obj_class": "vehicle",
    "point_num_in_lidar": 1127,
    "speed": 0.012661368235470656,
    "if_vehicle": true,
    "motion_state": false,
    "pose": [
      [
        0.09046992154515644,
        0.9933626951220762,
        0.07103343744616389,
        8.761266234347204
      ],
      [
        -0.9955571597113538,
        0.0920776782137863,
        -0.01968864957837699,
        16.2851417678321
      ],
      [
        -0.026098564004077698,
        -0.0689366166457512,
        0.9972796036430114,
        0.1546338257409161
      ],
      [
        0.0,
        0.0,
        0.0,
        1.0
      ]
    ],
    "location": [
      8.761266234347204,
      16.2851417678321,
      0.1546338257409161
    ],
    "rotation": [
      -0.06901488010233356,
      0.02610152768698784,
      -1.4801715814903367
    ]
  },
  {
    "label_id": "p2KLoLcoeq8jqmt5_98t0A",
    "size": [
      0.4155281545393634,
      0.06448166061818679,
      0.17850084365227303
    ],
    "obj_class": "sign",
    "point_num_in_lidar": 31,
    "speed": 0.010949133271969995,
    "if_vehicle": false,
    "motion_state": false,
    "pose": [
      [
        -0.018816999670361403,
        -0.9972964310013284,
        0.07103343744616389,
        7.480513041655286
      ],
      [
        0.9996008078745052,
        -0.020262822469145805,
        -0.01968864957837699,
        13.259310522245869
      ],
      [
        0.021074757888095978,
        0.07063460014466237,
        0.9972796036430114,
        1.3730589149620869
      ],
      [
        0.0,
        0.0,
        0.0,
        1.0
      ]
    ],
    "location": [
      7.480513041655286,
      13.259310522245869,
      1.3730589149620869
    ],
    "rotation": [
      0.07070919852692713,
      -0.021076318242842833,
      1.5896186179694771
    ]
  },
  {
    "label_id": "poNER0fr1zgf0U0PEnfldw",
    "size": [
      2.0585007434142235,
      4.589923589374125,
      1.7800000000000011
    ],
    "obj_class": "vehicle",
    "point_num_in_lidar": 4135,
    "speed": 0.0033767941875673807,
    "if_vehicle": true,
    "motion_state": false,
    "pose": [
      [
        -0.9947424434160994,
        0.07376802851608623,
        0.07103343744616389,
        -4.684499284483536
      ],
      [
        -0.07533868986637993,
        -0.996963609610199,
        -0.01968864957837699,
        6.537622647703756
      ],
      [
        0.06936535933580688,
        -0.02493670150305753,
        0.9972796036430114,
        0.5951530159872505
      ],
      [
        0.0,
        0.0,
        0.0,
        1.0
      ]
    ],
    "location": [
      -4.684499284483536,
      6.537622647703756,
      0.5951530159872505
    ],
    "rotation": [
      -0.02499951493139463,
      -0.06942110597426138,
      -3.066000087244998
    ]
  },
  {
    "label_id": "tBnMwtSfMUdPA9bwMuVXzA",
    "size": [
      2.107118437322291,
      4.94391362798015,
      1.5800000000000125
    ],
    "obj_class": "vehicle",
    "point_num_in_lidar": 2094,
    "speed": 5.216513106025178,
    "if_vehicle": true,
    "motion_state": true,
    "pose": [
      [
        0.06555310449146073,
        0.9953175579964987,
        0.07103343744616389,
        12.252313646656148
      ],
      [
        -0.9975516155838697,
        0.06710537477573053,
        -0.01968864957837699,
        9.891093742493467
      ],
      [
        -0.024363184060032222,
        -0.06956886818178944,
        0.9972796036430114,
        -0.1021437703712138
      ],
      [
        0.0,
        0.0,
        0.0,
        1.0
      ]
    ],
    "location": [
      12.252313646656148,
      9.891093742493467,
      -0.1021437703712138
    ],
    "rotation": [
      -0.06964581383157817,
      0.024365594891856277,
      -1.5051766764071197
    ]
  },
  {
    "label_id": "vNvpD12q14e1m0Ldy5Yr0A",
    "size": [
      2.395899059569841,
      5.002370273678711,
      1.9099999999999966
    ],
    "obj_class": "vehicle",
    "point_num_in_lidar": 1031,
    "speed": 0.008325761936491446,
    "if_vehicle": true,
    "motion_state": false,
    "pose": [
      [
        0.05197100145344033,
        0.9961191022023964,
        0.07103343744616389,
        11.660815659722175
      ],
      [
        -0.9983741247303183,
        0.05349265507292215,
        -0.01968864957837699,
        -19.28167396176468
      ],
      [
        -0.02341200710954212,
        -0.06989470710104559,
        0.9972796036430114,
        0.37554409042471093
      ],
      [
        0.0,
        0.0,
        0.0,
        1.0
      ]
    ],
    "location": [
      11.660815659722175,
      -19.28167396176468,
      0.37554409042471093
    ],
    "rotation": [
      -0.0699709519485853,
      0.02341414641024675,
      -1.5187876330050591
    ]
  },
  {
    "label_id": "vPy9W0Cmj-SFneQRaife3A",
    "size": [
      2.6728488425919057,
      6.188632361968968,
      2.259999999999991
    ],
    "obj_class": "vehicle",
    "point_num_in_lidar": 70,
    "speed": 0.0033202126268822713,
    "if_vehicle": true,
    "motion_state": false,
    "pose": [
      [
        -0.9933685414364176,
        0.0904057058435255,
        0.07103343744616389,
        59.2476485970933
      ],
      [
        -0.0920133206485579,
        -0.995563109953862,
        -0.01968864957837699,
        11.399088717133054
      ],
      [
        0.06893830363237703,
        -0.026094107571028254,
        0.9972796036430114,
        -2.0018963384016217
      ],
      [
        0.0,
        0.0,
        0.0,
        1.0
      ]
    ],
    "location": [
      59.2476485970933,
      11.399088717133054,
      -2.0018963384016217
    ],
    "rotation": [
      -0.026159318862605963,
      -0.06899302550573914,
      -3.0492286323594553
    ]
  },
  {
    "label_id": "weeQq-6LKvQs2E_0jsJGRA",
    "size": [
      2.1090813335241863,
      4.508483162875747,
      1.8900000000000148
    ],
    "obj_class": "vehicle",
    "point_num_in_lidar": 68,
    "speed": 0.011134332526776864,
    "if_vehicle": true,
    "motion_state": false,
    "pose": [
      [
        0.08849688518489741,
        0.9935404129058631,
        0.07103343744616389,
        7.375532094051778
      ],
      [
        -0.99573806623614,
        0.09010028038853243,
        -0.01968864957837699,
        33.91511760259709
      ],
      [
        -0.02596160166252017,
        -0.06898831347956574,
        0.9972796036430114,
        1.637326756828088
      ],
      [
        0.0,
        0.0,
        0.0,
        1.0
      ]
    ],
    "location": [
      7.375532094051778,
      33.91511760259709,
      1.637326756828088
    ],
    "rotation": [
      -0.06906647125690647,
      0.025964518921271093,
      -1.4821535627918967
    ]
  },
  {
    "label_id": "zP3W4pR_Dkt0kqTwQldWqw",
    "size": [
      2.071869919683926,
      4.414748533014121,
      1.9000000000000057
    ],
    "obj_class": "vehicle",
    "point_num_in_lidar": 35,
    "speed": 0.002865032890022264,
    "if_vehicle": true,
    "motion_state": false,
    "pose": [
      [
        -0.9952316233247714,
        0.06684509480075683,
        0.07103343744616389,
        29.242717238284513
      ],
      [
        -0.06840026386076031,
        -0.9974636639906028,
        -0.01968864957837699,
        9.31439205469178
      ],
      [
        0.06953718313333244,
        -0.024453472545215137,
        0.9972796036430114,
        -0.6678078572146262
      ],
      [
        0.0,
        0.0,
        0.0,
        1.0
      ]
    ],
    "location": [
      29.242717238284513,
      9.31439205469178,
      -0.6678078572146262
    ],
    "rotation": [
      -0.024515264754810886,
      -0.06959334567141683,
      -3.072972576185845
    ]
  }
]