[
  {
    "label_id": "-G86PjIy35Dnhvmt_7sZlw",
    "size": [
      2.2279015557208255,
      4.6671900838050675,
      1.8700000000000045
    ],
    "obj_class": "vehicle",
    "point_num_in_lidar": 806,
    "speed": 2.929642751054232e-13,
    "if_vehicle": true,
    "motion_state": false,
    "pose": [
      [
        -0.0682255347767,
        -0.9948792255183837,
        0.07456945109342197,
        18.61779281734198
      ],
      [
        0.9973661430296208,
        -0.06985832395182283,
        -0.019508749648817617,
        -18.57580561231225
      ],
      [
        0.024618146612841594,
        0.07304205094726687,
        0.9970249774457837,
        0.3009968221566055
      ],
      [
        0.0,
        0.0,
        0.0,
        1.0
      ]
    ],
    "location": [
      18.61779281734198,
      -18.57580561231225,
      0.3009968221566055
    ],
    "rotation": [
      0.07312935872238915,
      -0.02462063394210899,
      1.6390956331195963
    ]
  },
  {
    "label_id": "10t7lCtA-oADlgKbKqqaGQ",
    "size": [
      1.9409380617617649,
      4.35531691411666,
      1.5900000000000034
    ],
    "obj_class": "vehicle",
    "point_num_in_lidar": 64,
    "speed": 1.9945885082418897e-12,
    "if_vehicle": true,
    "motion_state": false,
    "pose": [
      [
        0.9919426307774828,
        -0.10241686487035445,
        0.07456945109342197,
        57.06252341989148
      ],
      [
        0.1041342568930479,
        0.994371894830336,
        -0.019508749648817617,
        1.610238230023242
      ],
      [
        -0.07215174140365155,
        0.02711679482636341,
        0.9970249774457837,
        -2.1514247624789675
      ],
      [
        0.0,
        0.0,
        0.0,
        1.0
      ]
    ],
    "location": [
      57.06252341989148,
      1.610238230023242,
      -2.1514247624789675
    ],
    "rotation": [
      0.027191005410212802,
      0.0722144906574134,
      0.10459699485838247
    ]
  },
  {
    "label_id": "1cey-IEbE8XPL2SyOdH_ig",
    "size": [
      2.1449194355919166,
      4.755202036269388,
      1.5
    ],
    "obj_class": "vehicle",
    "point_num_in_lidar": 60,
    "speed": 0.2982892916527514,
    "if_vehicle": true,
    "motion_state": false,
    "pose": [
      [
        -0.990100149262973,
        -0.118916320970102,
        0.07456945109342197,
        42.47575714361483
      ],
      [
        0.1177770990496226,
        -0.9928484091877244,
        -0.019508749648817617,
        9.669358868633935
      ],
      [
        0.07635606962706998,
        -0.010533042311722347,
        0.9970249774457837,
        -1.4346977610093177
      ],
      [
        0.0,
        0.0,
        0.0,
        1.0
      ]
    ],
    "location": [
      42.47575714361483,
      9.669358868633935,
      -1.4346977610093177
    ],
    "rotation": [
      -0.01056407885332183,
      -0.07643046078749954,
      3.0231942833111596
    ]
  },
  {
    "label_id": "6GQJCYvdj35m3AkilVFa3A",
    "size": [
      1.9227345516098802,
      3.8913786098047867,
      1.7199999999999989
    ],
    "obj_class": "vehicle",
    "point_num_in_lidar": 64,
    "speed": 0.014749643406003373,
    "if_vehicle": true,
    "motion_state": false,
    "pose": [
      [
        0.9957396280766216,
        -0.05424011468882489,
        0.07456945109342197,
        44.40133186540106
      ],
      [
        0.055837799912023825,
        0.9982492418169545,
        -0.019508749648817617,
        0.21766608319558145
      ],
      [
        -0.0733807411983275,
        0.02358942920925752,
        0.9970249774457837,
        -1.3919255610146024
      ],
      [
        0.0,
        0.0,
        0.0,
        1.0
      ]
    ],
    "location": [
      44.40133186540106,
      0.21766608319558145,
      -1.3919255610146024
    ],
    "rotation": [
      0.02365540436351861,
      0.07344675724118474,
      0.056018038645525334
    ]
  },
  {
    "label_id": "6kV2629tjfAKv8UQAUpQIw",
    "size": [
      2.018555168023711,
      4.332165675849257,
      1.5699999999999932
    ],
    "obj_class": "vehicle",
    "point_num_in_lidar": 385,
    "speed": 0.003140986374306185,
    "if_vehicle": true,
    "motion_state": false,
    "pose": [
      [
        0.9967516116294427,
        -0.03042403125383439,
        0.07456945109342197,
        29.418142812816768
      ],
      [
        0.03196127417077791,
        0.9992986969072462,
        -0.019508749648817617,
        -0.770396540638103
      ],
      [
        -0.07392362049770634,
        0.02182871232449556,
        0.9970249774457837,
        -0.5019602681128674
      ],
      [
        0.0,
        0.0,
        0.0,
        1.0
      ]
    ],
    "location": [
      29.418142812816768,
      -0.770396540638103,
      -0.5019602681128674
    ],
    "rotation": [
      0.021890349816117143,
      0.07399111502869449,
      0.03205445212286868
    ]
  },
  {
    "label_id": "9ojEvP_IkP8ziMOD-24fCQ",
    "size": [
      2.04706163086859,
      4.486385603924427,
      1.4699999999999989
    ],
    "obj_class": "vehicle",
    "point_num_in_lidar": 1333,
    "speed": 0.008825975982963006,
    "if_vehicle": true,
    "motion_state": false,
    "pose": [
      [
        0.08818830118296911,
        0.9933087236595114,
        0.07456945109342197,
        10.861848405981164
      ],
      [
        -0.9957623544483104,
        0.08987069684105714,
        -0.019508749648817617,
        -9.77775228345854
      ],
      [
        -0.026079819746680933,
        -0.07253300870097093,
        0.9970249774457837,
        0.0025858250107830827
      ],
      [
        0.0,
        0.0,
        0.0,
        1.0
      ]
    ],
    "location": [
      10.861848405981164,
      -9.77775228345854,
      0.0025858250107830827
    ],
    "rotation": [
      -0.07262150426231329,
      0.02608277704723124,
      -1.4824631907084596
    ]
  },
  {
    "label_id": "C7N3XXk6WR3gQXpwt59PzA",
    "size": [
      2.3073788309824184,
      5.053288138911819,
      2.0999999999999943
    ],
    "obj_class": "vehicle",
    "point_num_in_lidar": 108,
    "speed": 8.299538591761003,
    "if_vehicle": true,
    "motion_state": true,
    "pose": [
      [
        0.0695387847428018,
        0.9947882962621344,
        0.07456945109342197,
        9.89907939087243
      ],
      [
        -0.9972730562118618,
        0.07117485539846628,
        -0.019508749648817617,
        38.300465884936784
      ],
      [
        -0.0247145457240691,
        -0.07300948964954755,
        0.9970249774457837,
        1.9979110382939211
      ],
      [
        0.0,
        0.0,
        0.0,
        1.0
      ]
    ],
    "location": [
      9.89907939087243,
      38.300465884936784,
      1.9979110382939211
    ],
    "rotation": [
      -0.07309687453087142,
      0.02471706239275254,
      -1.5011800768690515
    ]
  },
  {
    "label_id": "CZqAJKroo0JigZQamJxBgw",
    "size": [
      2.06581671174085,
      4.364933663449352,
      1.700000000000017
    ],
    "obj_class": "vehicle",
    "point_num_in_lidar": 50,
    "speed": 0.00787834349608122,
    "if_vehicle": true,
    "motion_state": false,
    "pose": [
      [
        -0.1272616087438281,
        -0.9890621213571767,
        0.07456945109342197,
        13.505232805385731
      ],
      [
        0.9914475508153918,
        -0.1290393841790211,
        -0.019508749648817617,
        49.570882942252865
      ],
      [
        0.028917761360348432,
        0.07144898478733223,
        0.9970249774457837,
        2.801636115898617
      ],
      [
        0.0,
        0.0,
        0.0,
        1.0
      ]
    ],
    "location": [
      13.505232805385731,
      49.570882942252865,
      2.801636115898617
    ],
    "rotation": [
      0.07153988504983415,
      -0.028921793227710112,
      1.698457655178521
    ]
  },
  {
    "label_id": "EENp0Fqicu7Uz2meQc79Hw",
    "size": [
      0.4835235466275879,
      0.09322347433545763,
      0.47999999999998977
    ],
    "obj_class": "sign",
    "point_num_in_lidar": 113,
    "speed": 0.007394982573120004,
    "if_vehicle": false,
    "motion_state": false,
    "pose": [
      [
        0.9962831196196957,
        -0.04312009420760415,
        0.07456945109342197,
        -1.0909292969099624
      ],
      [
        0.044689662021124406,
        0.9988104138401729,
        -0.019508749648817617,
        8.65454843268526
      ],
      [
        -0.07363952518372575,
        0.022768721526469454,
        0.9970249774457837,
        1.951278996996848
      ],
      [
        0.0,
        0.0,
        0.0,
        1.0
      ]
    ],
    "location": [
      -1.0909292969099624,
      8.65454843268526,
      1.951278996996848
    ],
    "rotation": [
      0.022832692477500475,
      0.07370624327451322,
      0.04482633900489822
    ]
  },
  {
    "label_id": "NXG3IQg-7AGdDP54x0y-Ww",
    "size": [
      2.150111749780427,
      4.509298866515579,
      1.740000000000009
    ],
    "obj_class": "vehicle",
    "point_num_in_lidar": 301,
    "speed": 0.010166654386618599,
    "if_vehicle": true,
    "motion_state": false,
    "pose": [
      [
        0.06622771732531378,
        0.9950142141806337,
        0.07456945109342197,
        7.642589941778624
      ],
      [
        -0.9975044052573476,
        0.06785550957236193,
        -0.019508749648817617,
        28.63634905647268
      ],
      [
        -0.024471431303940444,
        -0.07309133600619855,
        0.9970249774457837,
        1.0164569871826927
      ],
      [
        0.0,
        0.0,
        0.0,
        1.0
      ]
    ],
    "location": [
      7.642589941778624,
      28.63634905647268,
      1.0164569871826927
    ],
    "rotation": [
      -0.0731785267785751,
      0.024473874419023156,
      -1.5045002171394646
    ]
  },
  {
    "label_id": "Nx6yXW6ayqyL8X2hVv-MUA",
    "size": [
      2.1423545519143894,
      4.746408458305702,
      1.7700000000000102
    ],
    "obj_class": "vehicle",
    "point_num_in_lidar": 629,
    "speed": 2.0573106982023326,
    "if_vehicle": true,
    "motion_state": true,
    "pose": [
      [
        -0.9922504645500602,
        -0.09939020356059021,
        0.07456945109342197,
        24.59732518674764
      ],
      [
        0.0981970673101731,
        -0.9949757507893452,
        -0.019508749648817617,
        6.3437677729234565
      ],
      [
        0.07613377418643545,
        -0.012035064493526686,
        0.9970249774457837,
        -0.21794566588070552
      ],
      [
        0.0,
        0.0,
        0.0,
        1.0
      ]
    ],
    "location": [
      24.59732518674764,
      6.3437677729234565,
      -0.21794566588070552
    ],
    "rotation": [
      -0.012070389689285347,
      -0.07620751638183532,
      3.0429498561871138
    ]
  },
  {
    "label_id": "WWv9wtVzT42U162-yTuOoA",
    "size": [
      2.026152920934764,
      4.6105153086884325,
      1.5699999999999932
    ],
    "obj_class": "vehicle",
    "point_num_in_lidar": 3990,
    "speed": 0.013224890206251278,
    "if_vehicle": true,
    "motion_state": false,
    "pose": [
      [
        -0.9951565895653591,
        0.06405278454734957,
        0.07456945109342197,
        0.346287373267387
      ],
      [
        -0.06567513016566913,
        -0.9976503325137832,
        -0.019508749648817617,
        7.033052883816708
      ],
      [
        0.07314464794067883,
        -0.024311619174144723,
        0.9970249774457837,
        0.09752442513311621
      ],
      [
        0.0,
        0.0,
        0.0,
        1.0
      ]
    ],
    "location": [
      0.346287373267387,
      7.033052883816708,
      0.09752442513311621
    ],
    "rotation": [
      -0.02437933149276148,
      -0.07321002781476653,
      -3.075693443295393
    ]
  },
  {
    "label_id": "X4H9yiCRjWTn4rPCsOkVdA",
    "size": [
      1.9697740761117484,
      4.4188602944795115,
      1.6500000000000057
    ],
    "obj_class": "vehicle",
    "point_num_in_lidar": 922,
    "speed": 0.004670100861148742,
    "if_vehicle": true,
    "motion_state": false,
    "pose": [
      [
        -0.10341885290615951,
        -0.9918386652209118,
        0.07456945109342197,
        15.978144506751505
      ],
      [
        0.994266193159749,
        -0.10513869804577561,
        -0.019508749648817617,
        16.267377760144882
      ],
      [
        0.02718966721376272,
        0.07212431175435458,
        0.9970249774457837,
        0.11976807327650363
      ],
      [
        0.0,
        0.0,
        0.0,
        1.0
      ]
    ],
    "location": [
      15.978144506751505,
      16.267377760144882,
      0.11976807327650363
    ],
    "rotation": [
      0.07221373378501626,
      -0.02719301844923596,
      1.6744388798158607
    ]
  },
  {
    "label_id": "XrzRs3LbaboaBImF0mOdjQ",
    "size": [
      1.8680092805957837,
      4.653371289880262,
      1.8600000000000136
    ],
    "obj_class": "vehicle",
    "point_num_in_lidar": 339,
    "speed": 0.0033221796093954306,
    "if_vehicle": true,
    "motion_state": false,
    "pose": [
      [
        -0.08236648467616159,
        -0.9938084117000205,
        0.07456945109342197,
        14.998753343350472
      ],
      [
        0.9962718583816245,
        -0.08403447437786535,
        -0.019508749648817617,
        31.5564304905256
      ],
      [
        0.02565436413002642,
        0.07268457849034077,
        0.9970249774457837,
        1.3560601982062792
      ],
      [
        0.0,
        0.0,
        0.0,
        1.0
      ]
    ],
    "location": [
      14.998753343350472,
      31.5564304905256,
      1.3560601982062792
    ],
    "rotation": [
      0.07277272431788336,
      -0.025657179018341452,
      1.6532834397297527
    ]
  },
  {
    "label_id": "ZCSiMZdHr7H2v9WzSWCqWA",
    "size": [
      0.4835235466275879,
      0.09322347433545763,
      0.5600000000000023
    ],
    "obj_class": "sign",
    "point_num_in_lidar": 85,
    "speed": 0.007939397370254933,
    "if_vehicle": false,
    "motion_state": false,
    "pose": [
      [
        0.9962831196196957,
        -0.04312009420760415,
        0.07456945109342197,
        -1.0916773942030886
      ],
      [
        0.044689662021124406,
        0.9988104138401729,
        -0.019508749648817617,
        8.654253252352646
      ],
      [
        -0.07363952518372575,
        0.022768721526469454,
        0.9970249774457837,
        1.4170508173737062
      ],
      [
        0.0,
        0.0,
        0.0,
        1.0
      ]
    ],
    "location": [
      -1.0916773942030886,
      8.654253252352646,
      1.4170508173737062
    ],
    "rotation": [
      0.022832692477500475,
      0.07370624327451322,
      0.04482633900489822
    ]
  },
  {
    "label_id": "ZF1-vGaHNjltsRoVWjqYiQ",
    "size": [
      2.0916384992245676,
      4.67170689046401,
      1.5999999999999943
    ],
    "obj_class": "vehicle",
    "point_num_in_lidar": 28,
    "speed": 0.003887791196115733,
    "if_vehicle": true,
    "motion_state": false,
    "pose": [
      [
        -0.9936960820080432,
        0.08371077329406514,
        0.07456945109342197,
        50.502458523207224
      ],
      [
        -0.08538209387148138,
        -0.9961572700800116,
        -0.019508749648817617,
        10.65413225082375
      ],
      [
        0.07264980831348533,
        -0.025752663964109246,
        0.9970249774457837,
        -1.8339376650576753
      ],
      [
        0.0,
        0.0,
        0.0,
        1.0
      ]
    ],
    "location": [
      50.502458523207224,
      10.65413225082375,
      -1.8339376650576753
    ],
    "rotation": [
      -0.02582376546153531,
      -0.07271386812864471,
      -3.0558794268873775
    ]
  },
  {
    "label_id": "aRFz7j2dwLW0x6klYx_7gQ",
    "size": [
      2.1473687569927025,
      4.4856824184495885,
      1.920000000000016
    ],
    "obj_class": "vehicle",
    "point_num_in_lidar": 80,
    "speed": 0.014869308130746389,
    "if_vehicle": true,
    "motion_state": false,
    "pose": [
      [
        0.9954760103688769,
        -0.058880469968313566,
        0.07456945109342197,
        34.72833493730968
      ],
      [
        0.06048983464873823,
        0.9979781503576659,
        -0.019508749648817617,
        -0.5529454557818099
      ],
      [
        -0.07326999852758313,
        0.023931186034178455,
        0.9970249774457837,
        -0.7420755479074899
      ],
      [
        0.0,
        0.0,
        0.0,
        1.0
      ]
    ],
    "location": [
      34.72833493730968,
      -0.5529454557818099,
      -0.7420755479074899
    ],
    "rotation": [
      0.02399798639181718,
      0.0733357156544069,
      0.06069011064555851
    ]
  },
  {
    "label_id": "asdOT76Zl6kcy5908IDPgQ",
    "size": [
      1.882991193626886,
      3.830012521744248,
      1.460000000000008
    ],
    "obj_class": "vehicle",
    "point_num_in_lidar": 248,
    "speed": 4.549693413077341e-13,
    "if_vehicle": true,
    "motion_state": false,
    "pose": [
      [
        -0.08682459832964995,
        -0.993428853058195,
        0.07456945109342197,
        14.430674850681044
      ],
      [
        0.9958847911370814,
        -0.08850362404439374,
        -0.019508749648817617,
        36.65093942277599
      ],
      [
        0.02598022145299337,
        0.07256874287520705,
        0.9970249774457837,
        1.5708161058598193
      ],
      [
        0.0,
        0.0,
        0.0,
        1.0
      ]
    ],
    "location": [
      14.430674850681044,
      36.65093942277599,
      1.5708161058598193
    ],
    "rotation": [
      0.07265715628312473,
      -0.025983144994337813,
      1.6577598129797293
    ]
  },
  {
    "label_id": "exueily1Lt7uON4yqBxITg",
    "size": [
      0.7588241951168536,
      0.07151227768081742,
      0.75
    ],
    "obj_class": "sign",
    "point_num_in_lidar": 169,
    "speed": 0.010685509470850412,
    "if_vehicle": false,
    "motion_state": false,
    "pose": [
      [
        -0.018812130466220392,
        -0.9970383647136892,
        0.07456945109342197,
        7.492936545289012
      ],
      [
        0.9996031825092465,
        -0.02031960148540732,
        -0.019508749648817617,
        13.251786180584531
      ],
      [
        0.020966193376669783,
        0.07417285948732583,
        0.9970249774457837,
        1.8718297504971417
      ],
      [
        0.0,
        0.0,
        0.0,
        1.0
      ]
    ],
    "location": [
      7.492936545289012,
      13.251786180584531,
      1.8718297504971417
    ],
    "rotation": [
      0.07425739308032024,
      -0.020967729738232722,
      1.5896137038542153
    ]
  },
  {
    "label_id": "fZoqQ9qukc5jFPQ00JLwfg",
    "size": [
      2.163052042249946,
      4.678952886478576,
      1.8700000000000045
    ],
    "obj_class": "vehicle",
    "point_num_in_lidar": 1699,
    "speed": 0.5759060736170124,
    "if_vehicle": true,
    "motion_state": false,
    "pose": [
      [
        -0.09776037146724662,
        -0.992412367281974,
        0.07456945109342197,
        18.10696215307189
      ],
      [
        0.9948496646114501,
        -0.09946634360237216,
        -0.019508749648817617,
        -11.668228465623542
      ],
      [
        0.026777875066393068,
        0.07227821079802085,
        0.9970249774457837,
        0.1334958180840431
      ],
      [
        0.0,
        0.0,
        0.0,
        1.0
      ]
    ],
    "location": [
      18.10696215307189,
      -11.668228465623542,
      0.1334958180840431
    ],
    "rotation": [
      0.07236728678829099,
      -0.02678107629917526,
      1.6687483267090715
    ]
  },
  {
    "label_id": "gdywJfz_9bellnjvLvGrGw",
    "size": [
      1.0017507540681811,
      1.2747419405263642,
      1.9000000000000057
    ],
    "obj_class": "pedestrian",
    "point_num_in_lidar": 602,
    "speed": 1.5065171988077597,
    "if_vehicle": false,
    "motion_state": true,
    "pose": [
      [
        -0.996085683293662,
        0.047462706423299965,
        0.07456945109342197,
        5.719386630094505
      ],
      [
        -0.049043276366855834,
        -0.9986061114024608,
        -0.019508749648817617,
        -5.922258147003959
      ],
      [
        0.0735395715285506,
        -0.023089516422646915,
        0.9970249774457837,
        0.20429622817746917
      ],
      [
        0.0,
        0.0,
        0.0,
        1.0
      ]
    ],
    "location": [
      5.719386630094505,
      -5.922258147003959,
      0.20429622817746917
    ],
    "rotation": [
      -0.023154274510246275,
      -0.0736060178694731,
      -3.092396379857207
    ]
  },
  {
    "label_id": "iig7YiZ08rzCckmuNjqSSA",
    "size": [
      2.07159325853642,
      4.577422277222199,
      1.6800000000000068
    ],
    "obj_class": "vehicle",
    "point_num_in_lidar": 703,
    "speed": 0.021448848765213323,
    "if_vehicle": true,
    "motion_state": false,
    "pose": [
      [
        0.08466243993079642,
        0.993615452893417,
        0.07456945109342197,
        8.23066041110269
      ],
      [
        -0.9960750391417489,
        0.08633611692625044,
        -0.019508749648817617,
        22.481172034296833
      ],
      [
        -0.025822231966422197,
        -0.07262511057139105,
        0.9970249774457837,
        0.6415774597559505
      ],
      [
        0.0,
        0.0,
        0.0,
        1.0
      ]
    ],
    "location": [
      8.23066041110269,
      22.481172034296833,
      0.6415774597559505
    ],
    "rotation": [
      -0.07271339401292744,
      0.025825102485438494,
      -1.486004077826097
    ]
  },
  {
    "label_id": "k_NOVkdWc5tiNnbaUVinuw",
    "size": [
      2.1554485014006706,
      4.4419784152818895,
      1.740000000000009
    ],
    "obj_class": "vehicle",
    "point_num_in_lidar": 652,
    "speed": 0.0009645556345644266,
    "if_vehicle": true,
    "motion_state": false,
    "pose": [
      [
        -0.11229899034675608,
        -0.9908725113407502,
        0.07456945109342197,
        15.545607732884037
      ],
      [
        0.9932845365666314,
        -0.11404051080538072,
        -0.019508749648817617,
        21.39943830519769
      ],
      [
        0.027834622050812587,
        0.07187786978286788,
        0.9970249774457837,
        0.602721690109064
      ],
      [
        0.0,
        0.0,
        0.0,
        1.0
      ]
    ],
    "location": [
      15.545607732884037,
      21.39943830519769,
      0.602721690109064
    ],
    "rotation": [
      0.07196783883352713,
      -0.027838217525151934,
      1.6833765069458901
    ]
  },
  {
    "label_id": "mmdNjYPoJf8KPcfkiO2WVw",
    "size": [
      2.0692855396321805,
      4.3057734004472925,
      1.740000000000009
    ],
    "obj_class": "vehicle",
    "point_num_in_lidar": 382,
    "speed": 0.008486720788057038,
    "if_vehicle": true,
    "motion_state": false,
    "pose": [
      [
        -0.07800341117812584,
        -0.9941603818339383,
        0.07456945109342197,
        15.308343965750282
      ],
      [
        0.9966311263536661,
        -0.07966057161584175,
        -0.019508749648817617,
        26.509396965431733
      ],
      [
        0.02533507109915278,
        0.07279648701438392,
        0.9970249774457837,
        0.9586042036530671
      ],
      [
        0.0,
        0.0,
        0.0,
        1.0
      ]
    ],
    "location": [
      15.308343965750282,
      26.509396965431733,
      0.9586042036530671
    ],
    "rotation": [
      0.07288437248376933,
      -0.025337782168353064,
      1.6489041802136946
    ]
  },
  {
    "label_id": "neWc6a5SpHMFVBiTZbsQRA",
    "size": [
      2.157667668707567,
      4.838558424228969,
      1.75
    ],
    "obj_class": "vehicle",
    "point_num_in_lidar": 1155,
    "speed": 0.01185823309604096,
    "if_vehicle": true,
    "motion_state": false,
    "pose": [
      [
        0.08988914926214418,
        0.9931562504503275,
        0.07456945109342197,
        8.773790141451627
      ],
      [
        -0.9956069966470728,
        0.09157574413858448,
        -0.019508749648817617,
        16.27904702671367
      ],
      [
        -0.026203989626079748,
        -0.07248824233564226,
        0.9970249774457837,
        0.1584237662252974
      ],
      [
        0.0,
        0.0,
        0.0,
        1.0
      ]
    ],
    "location": [
      8.773790141451627,
      16.27904702671367,
      0.1584237662252974
    ],
    "rotation": [
      -0.07257684055460266,
      0.02620698937726624,
      -1.4807546810486951
    ]
  },
  {
    "label_id": "p2KLoLcoeq8jqmt5_98t0A",
    "size": [
      0.4155281545393603,
      0.06448166061818679,
      0.17850084365227303
    ],
    "obj_class": "sign",
    "point_num_in_lidar": 32,
    "speed": 0.010949133363372617,
    "if_vehicle": false,
    "motion_state": false,
    "pose": [
      [
        -0.0188121304729417,
        -0.9970383647135624,
        0.07456945109342197,
        7.492421644951264
      ],
      [
        0.9996031825091095,
        -0.02031960149214593,
        -0.019508749648817617,
        13.261115577974124
      ],
      [
        0.020966193377169803,
        0.07417285948718448,
        0.9970249774457837,
        1.3724710138642138
      ],
      [
        0.0,
        0.0,
        0.0,
        1.0
      ]
    ],
    "location": [
      7.492421644951264,
      13.261115577974124,
      1.3724710138642138
    ],
    "rotation": [
      0.07425739308017926,
      -0.02096772973873285,
      1.5896137038609395
    ]
  },
  {
    "label_id": "poNER0fr1zgf0U0PEnfldw",
    "size": [
      2.0585007434142226,
      4.589923589374125,
      1.7800000000000011
    ],
    "obj_class": "vehicle",
    "point_num_in_lidar": 4126,
    "speed": 0.003376794215715861,
    "if_vehicle": true,
    "motion_state": false,
    "pose": [
      [
        -0.9944850380131772,
        0.07374893986733147,
        0.07456945109342197,
        -4.680787907153444
      ],
      [
        -0.07539551345355483,
        -0.9969628504805055,
        -0.019508749648817617,
        6.53746668581698
      ],
      [
        0.07290422291612714,
        -0.02502336168923224,
        0.9970249774457837,
        0.6010630814810156
      ],
      [
        0.0,
        0.0,
        0.0,
        1.0
      ]
    ],
    "location": [
      -4.680787907153444,
      6.53746668581698,
      0.6010630814810156
    ],
    "rotation": [
      -0.02509276104012743,
      -0.07296895917296094,
      -3.0659237834746524
    ]
  },
  {
    "label_id": "tBnMwtSfMUdPA9bwMuVXzA",
    "size": [
      2.1071184373222915,
      4.94391362798015,
      1.5800000000000125
    ],
    "obj_class": "vehicle",
    "point_num_in_lidar": 1452,
    "speed": 2.7688218881196653,
    "if_vehicle": true,
    "motion_state": true,
    "pose": [
      [
        0.06553614158474554,
        0.9950600037735463,
        0.07456945109342197,
        11.87888395815753
      ],
      [
        -0.9975513256050954,
        0.06716220269360416,
        -0.019508749648817617,
        14.508046426262808
      ],
      [
        -0.024420625088256837,
        -0.07310832660876114,
        0.9970249774457837,
        0.10785825961764317
      ],
      [
        0.0,
        0.0,
        0.0,
        1.0
      ]
    ],
    "location": [
      11.87888395815753,
      14.508046426262808,
      0.10785825961764317
    ],
    "rotation": [
      -0.0731954769632946,
      0.024423053015418462,
      -1.5051935888354275
    ]
  },
  {
    "label_id": "vNvpD12q14e1m0Ldy5Yr0A",
    "size": [
      2.395899059570306,
      5.002370273678711,
      1.9099999999999966
    ],
    "obj_class": "vehicle",
    "point_num_in_lidar": 1020,
    "speed": 0.008325761866082516,
    "if_vehicle": true,
    "motion_state": false,
    "pose": [
      [
        0.05102276511707294,
        0.9959096718093633,
        0.07456945109342197,
        11.652386009205657
      ],
      [
        -0.9984244343026397,
        0.05261233386377953,
        -0.019508749648817617,
        -19.285255057013273
      ],
      [
        -0.02335222531713088,
        -0.07345657167314878,
        0.9970249774457837,
        0.3741034742448619
      ],
      [
        0.0,
        0.0,
        0.0,
        1.0
      ]
    ],
    "location": [
      11.652386009205657,
      -19.285255057013273,
      0.3741034742448619
    ],
    "rotation": [
      -0.07354288431419105,
      0.023354348269071432,
      -1.5197374617033999
    ]
  },
  {
    "label_id": "vPy9W0Cmj-SFneQRaife3A",
    "size": [
      2.672848842591136,
      6.188632361968968,
      2.259999999999991
    ],
    "obj_class": "vehicle",
    "point_num_in_lidar": 61,
    "speed": 0.003320212654366028,
    "if_vehicle": true,
    "motion_state": false,
    "pose": [
      [
        -0.9931463636198156,
        0.0899983188307596,
        0.07456945109342197,
        59.24998691849305
      ],
      [
        -0.09168518308889698,
        -0.9955969244072097,
        -0.019508749648817617,
        11.396282945797793
      ],
      [
        0.072485361492461,
        -0.026211957548831512,
        0.9970249774457837,
        -2.0018963384015933
      ],
      [
        0.0,
        0.0,
        0.0,
        1.0
      ]
    ],
    "location": [
      59.24998691849305,
      11.396282945797793,
      -2.0018963384015933
    ],
    "rotation": [
      -0.02628411689247212,
      -0.07254898659681694,
      -3.0495356868728227
    ]
  },
  {
    "label_id": "weeQq-6LKvQs2E_0jsJGRA",
    "size": [
      2.109081333524188,
      4.508483162875747,
      1.8900000000000148
    ],
    "obj_class": "vehicle",
    "point_num_in_lidar": 38,
    "speed": 0.011134332713067917,
    "if_vehicle": true,
    "motion_state": false,
    "pose": [
      [
        0.08847398521059774,
        0.9932833185474227,
        0.07456945109342197,
        7.36908130137499
      ],
      [
        -0.9957364653572764,
        0.09015708649317096,
        -0.019508749648817617,
        33.92552959163186
      ],
      [
        -0.026100680043866356,
        -0.07252550482748954,
        0.9970249774457837,
        1.6307785390724518
      ],
      [
        0.0,
        0.0,
        0.0,
        1.0
      ]
    ],
    "location": [
      7.36908130137499,
      33.92552959163186,
      1.6307785390724518
    ],
    "rotation": [
      -0.07261401761685576,
      0.026103644447857774,
      -1.4821762388611062
    ]
  },
  {
    "label_id": "zP3W4pR_Dkt0kqTwQldWqw",
    "size": [
      2.071869919683926,
      4.414748533014121,
      1.9000000000000057
    ],
    "obj_class": "vehicle",
    "point_num_in_lidar": 257,
    "speed": 0.002865032913913517,
    "if_vehicle": true,
    "motion_state": false,
    "pose": [
      [
        -0.9949740913387799,
        0.06682779757103402,
        0.07456945109342197,
        29.244201569058532
      ],
      [
        -0.06845709135432511,
        -0.9974633002423926,
        -0.019508749648817617,
        9.317172324645071
      ],
      [
        0.07307656401251321,
        -0.024515508180732316,
        0.9970249774457837,
        -0.6684997358499345
      ],
      [
        0.0,
        0.0,
        0.0,
        1.0
      ]
    ],
    "location": [
      29.244201569058532,
      9.317172324645071,
      -0.6684997358499345
    ],
    "rotation": [
      -0.02458370634302946,
      -0.07314176119410103,
      -3.0728980251077997
    ]
  }
]