[
  {
    "label_id": "-r4xEi-PF_F-jRRxiBlcew",
    "size": [
      1.9120357426682086,
      4.387588695158321,
      1.450000000000017
    ],
    "obj_class": "vehicle",
    "point_num_in_lidar": 435,
    "speed": 0.019203061938245256,
    "if_vehicle": true,
    "motion_state": false,
    "pose": [
      [
        0.10410472308524225,
        0.9938812840048624,
        0.03690799284966719,
        -51.30491254140952
      ],
      [
        -0.9945338422759609,
        0.10432961159309424,
        -0.0042152950843428365,
        19.204259461237598
      ],
      [
        -0.008040099449572522,
        -0.03626741581199512,
        0.9993097774720113,
        4.043951924268583
      ],
      [
        0.0,
        0.0,
        0.0,
        1.0
      ]
    ],
    "location": [
      -51.30491254140952,
      19.204259461237598,
      4.043951924268583
    ],
    "rotation": [
      -0.03627654414691226,
      0.008040186075050762,
      -1.4664992530310375
    ]
  },
  {
    "label_id": "1fN92bYl8PDITI-WxnQ1kQ",
    "size": [
      2.0701726674146452,
      4.579581916585754,
      2.3000000000000114
    ],
    "obj_class": "vehicle",
    "point_num_in_lidar": 1539,
    "speed": 0.07276197422486035,
    "if_vehicle": true,
    "motion_state": false,
    "pose": [
      [
        0.9957396554601289,
        -0.08450052430578579,
        0.03690799284966719,
        -23.82688815888696
      ],
      [
        0.08471251078166944,
        0.9963965183622518,
        -0.0042152950843428365,
        -4.9192028102625045
      ],
      [
        -0.03641880093041671,
        0.007323905217153522,
        0.9993097774720113,
        2.759067630669051
      ],
      [
        0.0,
        0.0,
        0.0,
        1.0
      ]
    ],
    "location": [
      -23.82688815888696,
      -4.9192028102625045,
      2.759067630669051
    ],
    "rotation": [
      0.007328832615378734,
      0.03642685629151165,
      0.08487059577585182
    ]
  },
  {
    "label_id": "2kf58pBNjWbB8x6mU6qKmQ",
    "size": [
      0.6858770119686574,
      1.520925487936502,
      1.450000000000017
    ],
    "obj_class": "vehicle",
    "point_num_in_lidar": 185,
    "speed": 0.0021079784353660006,
    "if_vehicle": true,
    "motion_state": false,
    "pose": [
      [
        0.5996890729309304,
        0.7993815208466167,
        0.03690799284966719,
        -31.89380963778285
      ],
      [
        -0.7998259941556106,
        0.600217136010245,
        -0.0042152950843428365,
        -13.172701538553156
      ],
      [
        -0.02552243875945309,
        -0.02699210567201337,
        0.9993097774720113,
        3.5055235818107917
      ],
      [
        0.0,
        0.0,
        0.0,
        1.0
      ]
    ],
    "location": [
      -31.89380963778285,
      -13.172701538553156,
      3.5055235818107917
    ],
    "rotation": [
      -0.027004183134326887,
      0.025525210436308374,
      -0.9274396031842808
    ]
  },
  {
    "label_id": "3181TuX67E5xvPjvhBiujw",
    "size": [
      0.4676992521618993,
      0.075051666843493,
      0.5699999999999932
    ],
    "obj_class": "sign",
    "point_num_in_lidar": 50,
    "speed": 0.008289202595191454,
    "if_vehicle": false,
    "motion_state": false,
    "pose": [
      [
        -0.9874999059065903,
        0.1532375146570976,
        0.03690799284966719,
        -31.260792136426062
      ],
      [
        -0.15349447017000242,
        -0.9881405157742406,
        -0.0042152950843428365,
        6.654670045740204
      ],
      [
        0.03582434174839115,
        -0.009827776306654969,
        0.9993097774720113,
        3.472088385325918
      ],
      [
        0.0,
        0.0,
        0.0,
        1.0
      ]
    ],
    "location": [
      -31.260792136426062,
      6.654670045740204,
      3.472088385325918
    ],
    "rotation": [
      -0.009834247300968643,
      -0.035832008905127395,
      -2.987389192056026
    ]
  },
  {
    "label_id": "5Zh9jMiXSPE7N5KHO56ydw",
    "size": [
      1.0449360164850798,
      2.320696963726264,
      1.5200000000000102
    ],
    "obj_class": "vehicle",
    "point_num_in_lidar": 498,
    "speed": 1.3928228817060001e-27,
    "if_vehicle": true,
    "motion_state": false,
    "pose": [
      [
        -0.9957200252949707,
        0.08473152477320214,
        0.03690799284966719,
        -43.50560425872254
      ],
      [
        -0.08494366362973066,
        -0.9963768390004412,
        -0.0042152950843428365,
        11.916990038198492
      ],
      [
        0.036417100869536936,
        -0.00733235385787825,
        0.9993097774720113,
        3.734313323830804
      ],
      [
        0.0,
        0.0,
        0.0,
        1.0
      ]
    ],
    "location": [
      -43.50560425872254,
      11.916990038198492,
      3.734313323830804
    ],
    "rotation": [
      -0.007337286636952489,
      -0.036425155102141796,
      -3.056489918955853
    ]
  },
  {
    "label_id": "6kV2629tjfAKv8UQAUpQIw",
    "size": [
      2.01855516802371,
      4.332165675849257,
      1.5699999999999932
    ],
    "obj_class": "vehicle",
    "point_num_in_lidar": 42,
    "speed": 0.011424544291765018,
    "if_vehicle": true,
    "motion_state": false,
    "pose": [
      [
        0.9988534780051967,
        -0.030488186904615886,
        0.03690799284966719,
        29.49730554431926
      ],
      [
        0.030664313904761806,
        0.9995208507780626,
        -0.0042152950843428365,
        -0.7646802766594192
      ],
      [
        -0.036761791709220455,
        0.00534222043415095,
        0.9993097774720113,
        -0.3878946754822721
      ],
      [
        0.0,
        0.0,
        0.0,
        1.0
      ]
    ],
    "location": [
      29.49730554431926,
      -0.7646802766594192,
      -0.3878946754822721
    ],
    "rotation": [
      0.005345859376256734,
      0.03677007690938607,
      0.030689872665988417
    ]
  },
  {
    "label_id": "DjhKCF12nvmndm8KiqE_fg",
    "size": [
      0.4818652727700091,
      0.07737137429566625,
      0.5099999999999909
    ],
    "obj_class": "sign",
    "point_num_in_lidar": 58,
    "speed": 0.008213759267968662,
    "if_vehicle": false,
    "motion_state": false,
    "pose": [
      [
        -0.9874999059033513,
        0.15323751467797025,
        0.03690799284966719,
        -31.260874805130697
      ],
      [
        -0.15349447019088863,
        -0.988140515770996,
        -0.0042152950843428365,
        6.65340710665987
      ],
      [
        0.03582434174818342,
        -0.009827776307412182,
        0.9993097774720113,
        4.037088385325859
      ],
      [
        0.0,
        0.0,
        0.0,
        1.0
      ]
    ],
    "location": [
      -31.260874805130697,
      6.65340710665987,
      4.037088385325859
    ],
    "rotation": [
      -0.009834247301726306,
      -0.03583200890491953,
      -2.9873891920348763
    ]
  },
  {
    "label_id": "IfNerZgQ7yST4CI_bfhEsw",
    "size": [
      2.101758356665363,
      4.501293317591796,
      1.8000000000000114
    ],
    "obj_class": "vehicle",
    "point_num_in_lidar": 2708,
    "speed": 0.03246350753069253,
    "if_vehicle": true,
    "motion_state": false,
    "pose": [
      [
        -0.9973646728844923,
        0.062462063252975375,
        0.03690799284966719,
        -32.012852692419074
      ],
      [
        -0.06265947334205903,
        -0.9980260626295526,
        -0.0042152950843428365,
        4.518691481775022
      ],
      [
        0.03657184275512485,
        -0.006516821796979828,
        0.9993097774720113,
        3.1085721117752314
      ],
      [
        0.0,
        0.0,
        0.0,
        1.0
      ]
    ],
    "location": [
      -32.012852692419074,
      4.518691481775022,
      3.1085721117752314
    ],
    "rotation": [
      -0.006521230517838276,
      -0.03658000013714797,
      -3.078850077027732
    ]
  },
  {
    "label_id": "KDAYo-Zi3KpDZH-URnTBcQ",
    "size": [
      2.2585016880905946,
      4.63039659404066,
      1.7800000000000011
    ],
    "obj_class": "vehicle",
    "point_num_in_lidar": 511,
    "speed": 0.029882914688026143,
    "if_vehicle": true,
    "motion_state": false,
    "pose": [
      [
        0.9943086164834862,
        -0.09994085876409284,
        0.03690799284966719,
        -42.480624533795435
      ],
      [
        0.10016301200677907,
        0.994962110993721,
        -0.0042152950843428365,
        37.103338878159775
      ],
      [
        -0.03630077426757276,
        0.007888119954329899,
        0.9993097774720113,
        4.594272777721898
      ],
      [
        0.0,
        0.0,
        0.0,
        1.0
      ]
    ],
    "location": [
      -42.480624533795435,
      37.103338878159775,
      4.594272777721898
    ],
    "rotation": [
      0.007893404333850993,
      0.03630875153351728,
      0.10039764986625592
    ]
  },
  {
    "label_id": "OGwryDjwWyt-Cv-47lN4mg",
    "size": [
      2.1823305706013634,
      4.433368961313599,
      1.7199999999999989
    ],
    "obj_class": "vehicle",
    "point_num_in_lidar": 53,
    "speed": 6.370020489091294,
    "if_vehicle": true,
    "motion_state": true,
    "pose": [
      [
        -0.9968675919406722,
        0.06994858256043694,
        0.03690799284966719,
        12.075532887555255
      ],
      [
        -0.07015095284323758,
        -0.9975274808758592,
        -0.0042152950843428365,
        4.258129530393489
      ],
      [
        0.036521883215288986,
        -0.00679122192598375,
        0.9993097774720113,
        0.1632729350247928
      ],
      [
        0.0,
        0.0,
        0.0,
        1.0
      ]
    ],
    "location": [
      12.075532887555255,
      4.258129530393489,
      0.1632729350247928
    ],
    "rotation": [
      -0.006795807999090254,
      -0.0365300071990372,
      -3.071337087708473
    ]
  },
  {
    "label_id": "QBhkYIWGKg1wgbyVIFEKOA",
    "size": [
      2.1256761899728622,
      4.667126572803201,
      1.490000000000009
    ],
    "obj_class": "vehicle",
    "point_num_in_lidar": 316,
    "speed": 0.02980618742015679,
    "if_vehicle": true,
    "motion_state": false,
    "pose": [
      [
        0.07746965660717228,
        0.9963113230155399,
        0.03690799284966719,
        -51.67631525414663
      ],
      [
        -0.9969696659303215,
        0.07767700111445422,
        -0.0042152950843428365,
        24.789911604051667
      ],
      [
        -0.0070666484240983814,
        -0.03646959183880946,
        0.9993097774720113,
        4.217522280584319
      ],
      [
        0.0,
        0.0,
        0.0,
        1.0
      ]
    ],
    "location": [
      -51.67631525414663,
      24.789911604051667,
      4.217522280584319
    ],
    "rotation": [
      -0.036478592204064214,
      0.007066707240569551,
      -1.4932470302964216
    ]
  },
  {
    "label_id": "RHFMvK37Z17yJA-Rg1BEKQ",
    "size": [
      2.0242349229553254,
      4.377999677891115,
      1.9912120476135442
    ],
    "obj_class": "vehicle",
    "point_num_in_lidar": 3768,
    "speed": 0.09212439494151956,
    "if_vehicle": true,
    "motion_state": false,
    "pose": [
      [
        0.9966316937796329,
        -0.07323296401040143,
        0.03690799284966719,
        -31.41223735083304
      ],
      [
        0.0734375075832087,
        0.997290912305591,
        -0.0042152950843428365,
        -5.7616945412009954
      ],
      [
        -0.03649930730720793,
        0.00691152768446801,
        0.9993097774720113,
        3.2782810459419807
      ],
      [
        0.0,
        0.0,
        0.0,
        1.0
      ]
    ],
    "location": [
      -31.41223735083304,
      -5.7616945412009954,
      3.2782810459419807
    ],
    "rotation": [
      0.006916191193771021,
      0.03650741622878656,
      0.07355277549640062
    ]
  },
  {
    "label_id": "VmzsA6ftNGzpaCYyOOP5qA",
    "size": [
      0.7068085106370899,
      0.1110016975128483,
      0.7430851063830062
    ],
    "obj_class": "sign",
    "point_num_in_lidar": 22,
    "speed": 0.008071822943016407,
    "if_vehicle": false,
    "motion_state": false,
    "pose": [
      [
        -0.9993143579182032,
        0.0029349825106865114,
        0.03690799284966719,
        4.497427017191967
      ],
      [
        -0.003092640924861847,
        -0.999986333336342,
        -0.0042152950843428365,
        -4.719182061187894
      ],
      [
        0.0368951166231927,
        -0.004326548069787209,
        0.9993097774720113,
        2.5349952383051004
      ],
      [
        0.0,
        0.0,
        0.0,
        1.0
      ]
    ],
    "location": [
      4.497427017191967,
      -4.719182061187894,
      2.5349952383051004
    ],
    "rotation": [
      -0.004329509361438181,
      -0.03690349233216419,
      -3.138497900645338
    ]
  },
  {
    "label_id": "X4H9yiCRjWTn4rPCsOkVdA",
    "size": [
      1.9697740761117453,
      4.4188602944795115,
      1.6500000000000057
    ],
    "obj_class": "vehicle",
    "point_num_in_lidar": 48,
    "speed": 0.004670100860899082,
    "if_vehicle": true,
    "motion_state": false,
    "pose": [
      [
        -0.10363693392755605,
        -0.9939301715864672,
        0.03690799284966719,
        15.983325214994693
      ],
      [
        0.9945828356307398,
        -0.10386151527909007,
        -0.0042152950843428365,
        16.228964134958005
      ],
      [
        0.008023029029744725,
        0.03627119592771988,
        0.9993097774720113,
        0.22733993992889623
      ],
      [
        0.0,
        0.0,
        0.0,
        1.0
      ]
    ],
    "location": [
      15.983325214994693,
      16.228964134958005,
      0.22733993992889623
    ],
    "rotation": [
      0.036280321897203927,
      -0.008023115104623663,
      1.674623037612134
    ]
  },
  {
    "label_id": "Xg0gzfR8NS5W-aaT3v7xww",
    "size": [
      2.1223056709319996,
      4.5442814854095435,
      1.8000000000000114
    ],
    "obj_class": "vehicle",
    "point_num_in_lidar": 4574,
    "speed": 0.054675454098116076,
    "if_vehicle": true,
    "motion_state": false,
    "pose": [
      [
        -0.9958455106355262,
        0.08324373256213988,
        0.03690799284966719,
        -36.817374651525824
      ],
      [
        -0.08345488984157867,
        -0.9965026405629248,
        -0.0042152950843428365,
        4.137655752048886
      ],
      [
        0.03642801543589937,
        -0.007277935163289565,
        0.9993097774720113,
        3.431470060921413
      ],
      [
        0.0,
        0.0,
        0.0,
        1.0
      ]
    ],
    "location": [
      -36.817374651525824,
      4.137655752048886,
      3.431470060921413
    ],
    "rotation": [
      -0.007282833265352155,
      -0.036436076915362194,
      -3.0579849639013834
    ]
  },
  {
    "label_id": "cI2WpVg7f36roSHyhgapkQ",
    "size": [
      2.161349093220589,
      4.586910445129474,
      1.4699999999999989
    ],
    "obj_class": "vehicle",
    "point_num_in_lidar": 215,
    "speed": 0.14847170707377577,
    "if_vehicle": true,
    "motion_state": false,
    "pose": [
      [
        0.04981046204200823,
        0.9980765090587848,
        0.03690799284966719,
        -52.00227511352932
      ],
      [
        -0.9987403487908806,
        0.04999946984140791,
        -0.0042152950843428365,
        30.275899883563397
      ],
      [
        -0.006052567077827388,
        -0.03665153585605342,
        0.9993097774720113,
        4.329756672152627
      ],
      [
        0.0,
        0.0,
        0.0,
        1.0
      ]
    ],
    "location": [
      -52.00227511352932,
      30.275899883563397,
      4.329756672152627
    ],
    "rotation": [
      -0.03666041851090513,
      0.006052604032958104,
      -1.5209643308878362
    ]
  },
  {
    "label_id": "hy7DPqrk-jx8HPHRLoTgrg",
    "size": [
      2.0883827875935324,
      4.661804435505315,
      1.5999999999999943
    ],
    "obj_class": "vehicle",
    "point_num_in_lidar": 211,
    "speed": 6.564216088653731,
    "if_vehicle": true,
    "motion_state": true,
    "pose": [
      [
        -0.9966410386091483,
        0.07310567846540274,
        0.03690799284966719,
        -8.117539781467713
      ],
      [
        -0.07331013784436116,
        -0.9973002832530393,
        -0.0042152950843428365,
        3.227521164655627
      ],
      [
        0.03650018971620149,
        -0.006906866114271281,
        0.9993097774720113,
        1.0874772798752872
      ],
      [
        0.0,
        0.0,
        0.0,
        1.0
      ]
    ],
    "location": [
      -8.117539781467713,
      3.227521164655627,
      1.0874772798752872
    ],
    "rotation": [
      -0.006911526626811343,
      -0.03650829922615467,
      -3.068167675328813
    ]
  },
  {
    "label_id": "orMOPfAXSgJ83uTvp04g2Q",
    "size": [
      0.48790138474833233,
      0.0842180907902392,
      0.5200000000000102
    ],
    "obj_class": "sign",
    "point_num_in_lidar": 108,
    "speed": 0.005557626950697557,
    "if_vehicle": false,
    "motion_state": false,
    "pose": [
      [
        0.05115627671821605,
        0.9980084345415815,
        0.03690799284966719,
        -41.42609520320184
      ],
      [
        -0.9986720188018716,
        0.051346179502919954,
        -0.0042152950843428365,
        13.298066758345158
      ],
      [
        -0.006101984474207316,
        -0.03664334092731861,
        0.9993097774720113,
        5.538724255045253
      ],
      [
        0.0,
        0.0,
        0.0,
        1.0
      ]
    ],
    "location": [
      -41.42609520320184,
      13.298066758345158,
      5.538724255045253
    ],
    "rotation": [
      -0.03665222893602178,
      0.006102022341941631,
      -1.5196167577414286
    ]
  },
  {
    "label_id": "poNER0fr1zgf0U0PEnfldw",
    "size": [
      2.058500743414223,
      4.589923589374125,
      1.7800000000000011
    ],
    "obj_class": "vehicle",
    "point_num_in_lidar": 131,
    "speed": 0.014737711050746794,
    "if_vehicle": true,
    "motion_state": false,
    "pose": [
      [
        -0.9965821248281898,
        0.07390445545932446,
        0.03690799284966719,
        -4.7358039350588115
      ],
      [
        -0.07410944315235342,
        -0.9972412053876434,
        -0.0042152950843428365,
        6.5917596510953445
      ],
      [
        0.036494642190031915,
        -0.006936118529892086,
        0.9993097774720113,
        0.7480341107072661
      ],
      [
        0.0,
        0.0,
        0.0,
        1.0
      ]
    ],
    "location": [
      -4.7358039350588115,
      6.5917596510953445,
      0.7480341107072661
    ],
    "rotation": [
      -0.0069407978428164185,
      -0.03650274800146703,
      -3.067365667469529
    ]
  },
  {
    "label_id": "vc-OWTY-vidLhLS4m8eu-w",
    "size": [
      2.079054254371123,
      4.614761863970827,
      1.759999999999991
    ],
    "obj_class": "vehicle",
    "point_num_in_lidar": 210,
    "speed": 0.017268217205658232,
    "if_vehicle": true,
    "motion_state": false,
    "pose": [
      [
        0.9988032156605104,
        -0.032092622984616445,
        0.03690799284966719,
        -10.032894280711389
      ],
      [
        0.03226982176982744,
        0.9994703046565693,
        -0.0042152950843428365,
        -4.063751388652236
      ],
      [
        -0.03675316298180863,
        0.005401264636340394,
        0.9993097774720113,
        1.2995107906870942
      ],
      [
        0.0,
        0.0,
        0.0,
        1.0
      ]
    ],
    "location": [
      -10.032894280711389,
      -4.063751388652236,
      1.2995107906870942
    ],
    "rotation": [
      0.005404942652975604,
      0.03676144234687146,
      0.03229725348427996
    ]
  },
  {
    "label_id": "xeBO6a0J9dlPqb_hkipiKA",
    "size": [
      2.0515885604210085,
      4.440189087617855,
      1.6100000000000136
    ],
    "obj_class": "vehicle",
    "point_num_in_lidar": 279,
    "speed": 1.0796444758437563e-27,
    "if_vehicle": true,
    "motion_state": false,
    "pose": [
      [
        -0.05220697905888012,
        -0.9979540226890989,
        0.03690799284966719,
        -44.528634787327974
      ],
      [
        0.9986174066467475,
        -0.05239758037807174,
        -0.0042152950843428365,
        24.644691891040566
      ],
      [
        0.006140560208175253,
        0.036636896281876066,
        0.9993097774720113,
        3.972404409275697
      ],
      [
        0.0,
        0.0,
        0.0,
        1.0
      ]
    ],
    "location": [
      -44.528634787327974,
      24.644691891040566,
      3.972404409275697
    ],
    "rotation": [
      0.0366457884974932,
      -0.0061405987986481655,
      1.623028036248774
    ]
  },
  {
    "label_id": "yj9ff4-K7J8yFli5ZHk9yA",
    "size": [
      1.9524546218961703,
      4.961521425695914,
      1.5200000000000102
    ],
    "obj_class": "vehicle",
    "point_num_in_lidar": 424,
    "speed": 1.3928228817060001e-27,
    "if_vehicle": true,
    "motion_state": false,
    "pose": [
      [
        -0.06658973064645236,
        -0.9970975919318238,
        0.03690799284966719,
        -43.94366394930512
      ],
      [
        0.9977581589091723,
        -0.06678987660963848,
        -0.0042152950843428365,
        15.876438541397874
      ],
      [
        0.006668140866218988,
        0.03654455563045514,
        0.9993097774720113,
        3.746521793917566
      ],
      [
        0.0,
        0.0,
        0.0,
        1.0
      ]
    ],
    "location": [
      -43.94366394930512,
      15.876438541397874,
      3.746521793917566
    ],
    "rotation": [
      0.03655350779015891,
      -0.006668190282691046,
      1.637436851611575
    ]
  },
  {
    "label_id": "zP3W4pR_Dkt0kqTwQldWqw",
    "size": [
      2.0718699196839254,
      4.414748533014121,
      1.9000000000000057
    ],
    "obj_class": "vehicle",
    "point_num_in_lidar": 32,
    "speed": 0.00286503291361365,
    "if_vehicle": true,
    "motion_state": false,
    "pose": [
      [
        -0.9970722094285138,
        0.06696871843742162,
        0.03690799284966719,
        29.255400853573065
      ],
      [
        -0.06716911546487986,
        -0.9977327002835065,
        -0.0042152950843428365,
        9.338149478002379
      ],
      [
        0.0365420184583088,
        -0.006682030816435122,
        0.9993097774720113,
        -0.673719964266553
      ],
      [
        0.0,
        0.0,
        0.0,
        1.0
      ]
    ],
    "location": [
      29.255400853573065,
      9.338149478002379,
      -0.673719964266553
    ],
    "rotation": [
      -0.0066865464368063105,
      -0.036550155891601877,
      -3.074327934855474
    ]
  }
]