[
  {
    "label_id": "-G86PjIy35Dnhvmt_7sZlw",
    "size": [
      2.2279015557208237,
      4.6671900838050675,
      1.8700000000000045
    ],
    "obj_class": "vehicle",
    "point_num_in_lidar": 135,
    "speed": 2.929642751054232e-13,
    "if_vehicle": true,
    "motion_state": false,
    "pose": [
      [
        -0.06814849865970432,
        -0.9937558685133807,
        0.0883462275688376,
        18.617792817341524
      ],
      [
        0.9974475121617584,
        -0.06975699543690651,
        -0.01524539504028621,
        -18.57580561231225
      ],
      [
        0.021312968182476515,
        0.08708177411394401,
        0.995973153254856,
        0.30099682215680446
      ],
      [
        0.0,
        0.0,
        0.0,
        1.0
      ]
    ],
    "location": [
      18.617792817341524,
      -18.57580561231225,
      0.30099682215680446
    ],
    "rotation": [
      0.08721207198909983,
      -0.021314582055447492,
      1.6390132047526051
    ]
  },
  {
    "label_id": "10t7lCtA-oADlgKbKqqaGQ",
    "size": [
      1.9409380617617653,
      4.35531691411666,
      1.5900000000000034
    ],
    "obj_class": "vehicle",
    "point_num_in_lidar": 47,
    "speed": 1.9945885082418897e-12,
    "if_vehicle": true,
    "motion_state": false,
    "pose": [
      [
        0.9908225895963385,
        -0.10230122198664626,
        0.0883462275688376,
        57.06252341989102
      ],
      [
        0.1040357881204559,
        0.9944567022853339,
        -0.01524539504028621,
        1.610238230023242
      ],
      [
        -0.08629687558516545,
        0.02429665120582872,
        0.995973153254856,
        -2.146519136324315
      ],
      [
        0.0,
        0.0,
        0.0,
        1.0
      ]
    ],
    "location": [
      57.06252341989102,
      1.610238230023242,
      -2.146519136324315
    ],
    "rotation": [
      0.02439004818187631,
      0.08640434711006965,
      0.10461607486307793
    ]
  },
  {
    "label_id": "1cey-IEbE8XPL2SyOdH_ig",
    "size": [
      2.144919435591951,
      4.755202036269388,
      1.5
    ],
    "obj_class": "vehicle",
    "point_num_in_lidar": 136,
    "speed": 0.7623325766861369,
    "if_vehicle": true,
    "motion_state": false,
    "pose": [
      [
        -0.9581363395569509,
        -0.27234114432961204,
        0.0883462275688376,
        43.56383353441606
      ],
      [
        0.27207756075699124,
        -0.9621545504037236,
        -0.01524539504028621,
        9.594329556552111
      ],
      [
        0.08915467319738854,
        0.00942985910001187,
        0.995973153254856,
        -1.4346977610092324
      ],
      [
        0.0,
        0.0,
        0.0,
        1.0
      ]
    ],
    "location": [
      43.56383353441606,
      9.594329556552111,
      -1.4346977610092324
    ],
    "rotation": [
      0.009467702328656567,
      -0.0892732061451157,
      2.86491064269579
    ]
  },
  {
    "label_id": "6GQJCYvdj35m3AkilVFa3A",
    "size": [
      1.9227345516098804,
      3.8913786098047867,
      1.7199999999999989
    ],
    "obj_class": "vehicle",
    "point_num_in_lidar": 39,
    "speed": 0.014749643652750909,
    "if_vehicle": true,
    "motion_state": false,
    "pose": [
      [
        0.9946152995574726,
        -0.05417887005608684,
        0.0883462275688376,
        44.4394882679303
      ],
      [
        0.055735338111758,
        0.9983291791867218,
        -0.01524539504028621,
        0.2214958175409265
      ],
      [
        -0.0873726385761996,
        0.020087310019313753,
        0.995973153254856,
        -1.3904050972519713
      ],
      [
        0.0,
        0.0,
        0.0,
        1.0
      ]
    ],
    "location": [
      44.4394882679303,
      0.2214958175409265,
      -1.3904050972519713
    ],
    "rotation": [
      0.02016579160162018,
      0.08748418901049783,
      0.05597853624117347
    ]
  },
  {
    "label_id": "6kV2629tjfAKv8UQAUpQIw",
    "size": [
      2.01855516802371,
      4.332165675849257,
      1.5699999999999932
    ],
    "obj_class": "vehicle",
    "point_num_in_lidar": 250,
    "speed": 0.011424544482784354,
    "if_vehicle": true,
    "motion_state": false,
    "pose": [
      [
        0.9956261404401245,
        -0.03038967829143005,
        0.0883462275688376,
        29.432262894508767
      ],
      [
        0.031856930947630244,
        0.9993761623536273,
        -0.01524539504028621,
        -0.7678447060006874
      ],
      [
        -0.08782781121546508,
        0.01799315349458926,
        0.995973153254856,
        -0.4662293696907511
      ],
      [
        0.0,
        0.0,
        0.0,
        1.0
      ]
    ],
    "location": [
      29.432262894508767,
      -0.7678447060006874,
      -0.4662293696907511
    ],
    "rotation": [
      0.018063937067950994,
      0.0879411182217462,
      0.031985968040437046
    ]
  },
  {
    "label_id": "9ojEvP_IkP8ziMOD-24fCQ",
    "size": [
      2.0470616308685874,
      4.486385603924427,
      1.4699999999999989
    ],
    "obj_class": "vehicle",
    "point_num_in_lidar": 805,
    "speed": 0.008825975838131404,
    "if_vehicle": true,
    "motion_state": false,
    "pose": [
      [
        0.08808872432645037,
        0.992187139969519,
        0.0883462275688376,
        10.847604650032736
      ],
      [
        -0.9958457417856135,
        0.08977102259374643,
        -0.01524539504028621,
        -9.759761214229002
      ],
      [
        -0.023057216093881446,
        -0.08663626712629809,
        0.995973153254856,
        0.026270462495858737
      ],
      [
        0.0,
        0.0,
        0.0,
        1.0
      ]
    ],
    "location": [
      10.847604650032736,
      -9.759761214229002,
      0.026270462495858737
    ],
    "rotation": [
      -0.08676814014362884,
      0.02305925958746484,
      -1.4825697639539823
    ]
  },
  {
    "label_id": "EENp0Fqicu7Uz2meQc79Hw",
    "size": [
      0.48352354662758634,
      0.09322347433545763,
      0.47999999999998977
    ],
    "obj_class": "sign",
    "point_num_in_lidar": 122,
    "speed": 0.007394982697312155,
    "if_vehicle": false,
    "motion_state": false,
    "pose": [
      [
        0.9951581774230103,
        -0.043071405624469615,
        0.0883462275688376,
        -1.107114186493618
      ],
      [
        0.044586314169362457,
        0.9988892023236894,
        -0.01524539504028621,
        8.66492661499251
      ],
      [
        -0.08759145219085789,
        0.019110612200447206,
        0.995973153254856,
        1.9757085801822711
      ],
      [
        0.0,
        0.0,
        0.0,
        1.0
      ]
    ],
    "location": [
      -1.107114186493618,
      8.66492661499251,
      1.9757085801822711
    ],
    "rotation": [
      0.019185524537510035,
      0.08770384476457942,
      0.04477330127183324
    ]
  },
  {
    "label_id": "Fz60h1BcAUsffihcCYYlSQ",
    "size": [
      1.965945203017464,
      3.735738890448964,
      1.8600000000000136
    ],
    "obj_class": "vehicle",
    "point_num_in_lidar": 81,
    "speed": 0.03084986917208708,
    "if_vehicle": true,
    "motion_state": false,
    "pose": [
      [
        -0.994635579485762,
        0.05380527943778255,
        0.0883462275688376,
        35.64650205722455
      ],
      [
        -0.055360352415781314,
        -0.9983500434769692,
        -0.01524539504028621,
        9.791997990174423
      ],
      [
        0.08738017739409325,
        -0.020054490623200097,
        0.995973153254856,
        -0.9450826606510816
      ],
      [
        0.0,
        0.0,
        0.0,
        1.0
      ]
    ],
    "location": [
      35.64650205722455,
      9.791997990174423,
      -0.9450826606510816
    ],
    "rotation": [
      -0.020132852889075823,
      -0.08749175677229726,
      -3.0859910922428315
    ]
  },
  {
    "label_id": "Nx6yXW6ayqyL8X2hVv-MUA",
    "size": [
      2.1423545519152496,
      4.746408458305702,
      1.7700000000000102
    ],
    "obj_class": "vehicle",
    "point_num_in_lidar": 170,
    "speed": 6.512067576088888,
    "if_vehicle": true,
    "motion_state": true,
    "pose": [
      [
        -0.9939071772777286,
        -0.0659049848658879,
        0.0883462275688376,
        35.19181781646057
      ],
      [
        0.06480674901215408,
        -0.9977813704477255,
        -0.01524539504028621,
        5.497933823895437
      ],
      [
        0.08915496754692596,
        -0.009427075754750441,
        0.995973153254856,
        -0.6879461737537156
      ],
      [
        0.0,
        0.0,
        0.0,
        1.0
      ]
    ],
    "location": [
      35.19181781646057,
      5.497933823895437,
      -0.6879461737537156
    ],
    "rotation": [
      -0.009464907980393648,
      -0.08927350167150425,
      3.0764807993827397
    ]
  },
  {
    "label_id": "WWv9wtVzT42U162-yTuOoA",
    "size": [
      2.0261529209352114,
      4.6105153086884325,
      1.5699999999999932
    ],
    "obj_class": "vehicle",
    "point_num_in_lidar": 3669,
    "speed": 0.01322474874401354,
    "if_vehicle": true,
    "motion_state": false,
    "pose": [
      [
        -0.9939912749505124,
        0.06462421679688035,
        0.0883462275688376,
        0.3220625895341982
      ],
      [
        -0.0662196129111943,
        -0.9976885991109437,
        -0.01524539504028621,
        7.057453895728031
      ],
      [
        0.08715680230565268,
        -0.021004042644991013,
        0.995973153254856,
        0.1400237762004224
      ],
      [
        0.0,
        0.0,
        0.0,
        1.0
      ]
    ],
    "location": [
      0.3220625895341982,
      7.057453895728031,
      0.1400237762004224
    ],
    "rotation": [
      -0.021085839107885557,
      -0.08726752620509987,
      -3.075071036098138
    ]
  },
  {
    "label_id": "X4H9yiCRjWTn4rPCsOkVdA",
    "size": [
      1.9697740761117508,
      4.4188602944795115,
      1.6500000000000057
    ],
    "obj_class": "vehicle",
    "point_num_in_lidar": 1016,
    "speed": 0.004670100939129719,
    "if_vehicle": true,
    "motion_state": false,
    "pose": [
      [
        -0.10330207863860735,
        -0.99071874143134,
        0.0883462275688376,
        15.979767356864613
      ],
      [
        0.9943511000426293,
        -0.10504031499418996,
        -0.01524539504028621,
        16.255344742055968
      ],
      [
        0.024383814159315034,
        0.08627228757036186,
        0.995973153254856,
        0.153464820488324
      ],
      [
        0.0,
        0.0,
        0.0,
        1.0
      ]
    ],
    "location": [
      15.979767356864613,
      16.255344742055968,
      0.153464820488324
    ],
    "rotation": [
      0.08640542202186283,
      -0.024386231121706396,
      1.6743139107914524
    ]
  },
  {
    "label_id": "XrzRs3LbaboaBImF0mOdjQ",
    "size": [
      1.8680092805957818,
      4.653371289880262,
      1.8600000000000136
    ],
    "obj_class": "vehicle",
    "point_num_in_lidar": 173,
    "speed": 0.020682689431048458,
    "if_vehicle": true,
    "motion_state": false,
    "pose": [
      [
        -0.08227348146012829,
        -0.9926862637927379,
        0.0883462275688376,
        14.994066379808373
      ],
      [
        0.9963546602451446,
        -0.08393431323271912,
        -0.01524539504028621,
        31.573383842551266
      ],
      [
        0.02254917418027795,
        0.0867698838270901,
        0.995973153254856,
        1.325532970289089
      ],
      [
        0.0,
        0.0,
        0.0,
        1.0
      ]
    ],
    "location": [
      14.994066379808373,
      31.573383842551266,
      1.325532970289089
    ],
    "rotation": [
      0.08690128803443824,
      -0.022551085529582703,
      1.6531839050848753
    ]
  },
  {
    "label_id": "ZCSiMZdHr7H2v9WzSWCqWA",
    "size": [
      0.48352354662758634,
      0.09322347433545763,
      0.5600000000000023
    ],
    "obj_class": "sign",
    "point_num_in_lidar": 104,
    "speed": 0.007939397501090642,
    "if_vehicle": false,
    "motion_state": false,
    "pose": [
      [
        0.9951581774230103,
        -0.043071405624469615,
        0.0883462275688376,
        -1.1097159502055547
      ],
      [
        0.044586314169362457,
        0.9988892023236894,
        -0.01524539504028621,
        8.664288154290261
      ],
      [
        -0.08759145219085789,
        0.019110612200447206,
        0.995973153254856,
        1.4397354303314103
      ],
      [
        0.0,
        0.0,
        0.0,
        1.0
      ]
    ],
    "location": [
      -1.1097159502055547,
      8.664288154290261,
      1.4397354303314103
    ],
    "rotation": [
      0.019185524537510035,
      0.08770384476457942,
      0.04477330127183324
    ]
  },
  {
    "label_id": "aRFz7j2dwLW0x6klYx_7gQ",
    "size": [
      2.1473687569959417,
      4.4856824184495885,
      1.920000000000016
    ],
    "obj_class": "vehicle",
    "point_num_in_lidar": 44,
    "speed": 0.014869308378465762,
    "if_vehicle": true,
    "motion_state": false,
    "pose": [
      [
        0.9946761228158679,
        -0.053050492687135416,
        0.0883462275688376,
        34.76614695064109
      ],
      [
        0.05460274652608796,
        0.9983917657923034,
        -0.01524539504028621,
        -0.5448963481867395
      ],
      [
        -0.08739537042544325,
        0.019988177099945468,
        0.995973153254856,
        -0.7209045829863214
      ],
      [
        0.0,
        0.0,
        0.0,
        1.0
      ]
    ],
    "location": [
      34.76614695064109,
      -0.5448963481867395,
      -0.7209045829863214
    ],
    "rotation": [
      0.020066298146685393,
      0.08750700814976291,
      0.05483995893719207
    ]
  },
  {
    "label_id": "exueily1Lt7uON4yqBxITg",
    "size": [
      0.7588241951168558,
      0.07151227768081742,
      0.75
    ],
    "obj_class": "sign",
    "point_num_in_lidar": 88,
    "speed": 0.010685509649770933,
    "if_vehicle": false,
    "motion_state": false,
    "pose": [
      [
        -0.01879088895466151,
        -0.9959125697402603,
        0.0883462275688376,
        7.520423447066605
      ],
      [
        0.9996794273448948,
        -0.02021436304830852,
        -0.01524539504028621,
        13.247750188480495
      ],
      [
        0.01696894326930182,
        0.08803143165882536,
        0.995973153254856,
        1.8718297504973123
      ],
      [
        0.0,
        0.0,
        0.0,
        1.0
      ]
    ],
    "location": [
      7.520423447066605,
      13.247750188480495,
      1.8718297504973123
    ],
    "rotation": [
      0.08815825667628228,
      -0.016969757728669203,
      1.589591028195228
    ]
  },
  {
    "label_id": "fZoqQ9qukc5jFPQ00JLwfg",
    "size": [
      2.1630520422499453,
      4.678952886478576,
      1.8700000000000045
    ],
    "obj_class": "vehicle",
    "point_num_in_lidar": 560,
    "speed": 0.014319765438717762,
    "if_vehicle": true,
    "motion_state": false,
    "pose": [
      [
        -0.09764998641217365,
        -0.9912917957029895,
        0.0883462275688376,
        18.10408977603265
      ],
      [
        0.9949340090007706,
        -0.09936747789755121,
        -0.01524539504028621,
        -12.153215324846315
      ],
      [
        0.023891376840965265,
        0.08640995375662583,
        0.995973153254856,
        0.10682934747387662
      ],
      [
        0.0,
        0.0,
        0.0,
        1.0
      ]
    ],
    "location": [
      18.10408977603265,
      -12.153215324846315,
      0.10682934747387662
    ],
    "rotation": [
      0.08654261378739847,
      -0.023893650282872294,
      1.6686301885623795
    ]
  },
  {
    "label_id": "gdywJfz_9bellnjvLvGrGw",
    "size": [
      1.0017507540681811,
      1.2747419405263642,
      1.9000000000000057
    ],
    "obj_class": "pedestrian",
    "point_num_in_lidar": 360,
    "speed": 1.5949540173777845,
    "if_vehicle": false,
    "motion_state": true,
    "pose": [
      [
        -0.9949609640300464,
        0.04740911442703658,
        0.0883462275688376,
        9.800108646129047
      ],
      [
        -0.048940272953744736,
        -0.998685349653873,
        -0.01524539504028621,
        -5.549349058563166
      ],
      [
        0.08750731249223491,
        -0.019492261437954614,
        0.995973153254856,
        0.10696669065706033
      ],
      [
        0.0,
        0.0,
        0.0,
        1.0
      ]
    ],
    "location": [
      9.800108646129047,
      -5.549349058563166,
      0.10696669065706033
    ],
    "rotation": [
      -0.0195685729677596,
      -0.08761938073933825,
      -3.0924441321512233
    ]
  },
  {
    "label_id": "iig7YiZ08rzCckmuNjqSSA",
    "size": [
      2.0715932585364203,
      4.577422277222199,
      1.6800000000000068
    ],
    "obj_class": "vehicle",
    "point_num_in_lidar": 222,
    "speed": 0.036366236693894896,
    "if_vehicle": true,
    "motion_state": false,
    "pose": [
      [
        0.08456684426197704,
        0.9924935228634622,
        0.0883462275688376,
        8.234102970226559
      ],
      [
        -0.9961580722046449,
        0.08623614736055255,
        -0.01524539504028621,
        22.38668487326322
      ],
      [
        -0.022749594130354,
        -0.08671755279344193,
        0.995973153254856,
        0.6484196657665962
      ],
      [
        0.0,
        0.0,
        0.0,
        1.0
      ]
    ],
    "location": [
      8.234102970226559,
      22.38668487326322,
      0.6484196657665962
    ],
    "rotation": [
      -0.08684914097813634,
      0.02275155690695845,
      -1.4861063886527988
    ]
  },
  {
    "label_id": "k_NOVkdWc5tiNnbaUVinuw",
    "size": [
      2.155448501400673,
      4.4419784152818895,
      1.740000000000009
    ],
    "obj_class": "vehicle",
    "point_num_in_lidar": 468,
    "speed": 0.005876438834200317,
    "if_vehicle": true,
    "motion_state": false,
    "pose": [
      [
        -0.11217218916905904,
        -0.9897536784732734,
        0.0883462275688376,
        15.560346527001002
      ],
      [
        0.993370321298628,
        -0.11394289224487072,
        -0.01524539504028621,
        21.395413853490027
      ],
      [
        0.02515561050901836,
        0.0860504111291619,
        0.995973153254856,
        0.6135548824096588
      ],
      [
        0.0,
        0.0,
        0.0,
        1.0
      ]
    ],
    "location": [
      15.560346527001002,
      21.395413853490027,
      0.6135548824096588
    ],
    "rotation": [
      0.08618430334346307,
      -0.0251582643630666,
      1.6832408282686362
    ]
  },
  {
    "label_id": "mmdNjYPoJf8KPcfkiO2WVw",
    "size": [
      2.069285539633167,
      4.3057734004472925,
      1.740000000000009
    ],
    "obj_class": "vehicle",
    "point_num_in_lidar": 194,
    "speed": 0.008486720931019095,
    "if_vehicle": true,
    "motion_state": false,
    "pose": [
      [
        -0.07691374105355962,
        -0.9931159149422092,
        0.0883462275688376,
        15.308414666166755
      ],
      [
        0.9967932231537001,
        -0.07855474654610935,
        -0.01524539504028621,
        26.53146177504823
      ],
      [
        0.02208045995906419,
        0.08689034056542412,
        0.995973153254856,
        0.9586042036530955
      ],
      [
        0.0,
        0.0,
        0.0,
        1.0
      ]
    ],
    "location": [
      15.308414666166755,
      26.53146177504823,
      0.9586042036530955
    ],
    "rotation": [
      0.0870213194886247,
      -0.022082254562096264,
      1.647804915960797
    ]
  },
  {
    "label_id": "neWc6a5SpHMFVBiTZbsQRA",
    "size": [
      2.1576676687080596,
      4.838558424228969,
      1.75
    ],
    "obj_class": "vehicle",
    "point_num_in_lidar": 883,
    "speed": 0.024560767260637082,
    "if_vehicle": true,
    "motion_state": false,
    "pose": [
      [
        0.05615492100029414,
        0.9945056907438016,
        0.0883462275688376,
        8.780640483113984
      ],
      [
        -0.9982164705639017,
        0.05771876492972403,
        -0.01524539504028621,
        16.310597801200856
      ],
      [
        -0.020260867266675604,
        -0.0873325555172948,
        0.995973153254856,
        0.182902730734952
      ],
      [
        0.0,
        0.0,
        0.0,
        1.0
      ]
    ],
    "location": [
      8.780640483113984,
      16.310597801200856,
      0.182902730734952
    ],
    "rotation": [
      -0.08746195157793876,
      0.020262253713066617,
      -1.5146003032648803
    ]
  },
  {
    "label_id": "p2KLoLcoeq8jqmt5_98t0A",
    "size": [
      0.4155281545393606,
      0.06448166061818679,
      0.17850084365227303
    ],
    "obj_class": "sign",
    "point_num_in_lidar": 24,
    "speed": 0.011621534837875726,
    "if_vehicle": false,
    "motion_state": false,
    "pose": [
      [
        -0.01879088896141061,
        -0.995912569740133,
        0.0883462275688376,
        7.520708981625376
      ],
      [
        0.9996794273447578,
        -0.02021436305508314,
        -0.01524539504028621,
        13.257543092309788
      ],
      [
        0.016968943269898392,
        0.08803143165871037,
        0.995973153254856,
        1.3718297504971702
      ],
      [
        0.0,
        0.0,
        0.0,
        1.0
      ]
    ],
    "location": [
      7.520708981625376,
      13.257543092309788,
      1.3718297504971702
    ],
    "rotation": [
      0.08815825667616772,
      -0.016969757729265858,
      1.5895910282019794
    ]
  },
  {
    "label_id": "poNER0fr1zgf0U0PEnfldw",
    "size": [
      2.0585007434142235,
      4.589923589374125,
      1.7800000000000011
    ],
    "obj_class": "vehicle",
    "point_num_in_lidar": 4955,
    "speed": 0.0061292371422183595,
    "if_vehicle": true,
    "motion_state": false,
    "pose": [
      [
        -0.9933621261006876,
        0.07366566705784262,
        0.0883462275688376,
        -4.672016203070143
      ],
      [
        -0.07529463833487365,
        -0.9970447810244464,
        -0.01524539504028621,
        6.537098075630638
      ],
      [
        0.08696208292550459,
        -0.021796195283509654,
        0.995973153254856,
        0.6150313043285678
      ],
      [
        0.0,
        0.0,
        0.0,
        1.0
      ]
    ],
    "location": [
      -4.672016203070143,
      6.537098075630638,
      0.6150313043285678
    ],
    "rotation": [
      -0.021880827452048238,
      -0.08707206468040157,
      -3.065939541220327
    ]
  },
  {
    "label_id": "tBnMwtSfMUdPA9bwMuVXzA",
    "size": [
      2.1071184373222938,
      4.94391362798015,
      1.5800000000000125
    ],
    "obj_class": "vehicle",
    "point_num_in_lidar": 281,
    "speed": 3.55841845084486,
    "if_vehicle": true,
    "motion_state": true,
    "pose": [
      [
        0.06546214216668474,
        0.9939364426447519,
        0.0883462275688376,
        11.513837543565842
      ],
      [
        -0.9976324205504954,
        0.06706065460928017,
        -0.01524539504028621,
        19.505431816973214
      ],
      [
        -0.0210775095660827,
        -0.08713906463848989,
        0.995973153254856,
        0.5148558024947079
      ],
      [
        0.0,
        0.0,
        0.0,
        1.0
      ]
    ],
    "location": [
      11.513837543565842,
      19.505431816973214,
      0.5148558024947079
    ],
    "rotation": [
      -0.08726915745927741,
      0.021079070532185613,
      -1.5052727628985303
    ]
  },
  {
    "label_id": "zP3W4pR_Dkt0kqTwQldWqw",
    "size": [
      2.0718699196839245,
      4.414748533014121,
      1.9000000000000057
    ],
    "obj_class": "vehicle",
    "point_num_in_lidar": 361,
    "speed": 0.0028650329617284586,
    "if_vehicle": true,
    "motion_state": false,
    "pose": [
      [
        -0.9938506272170726,
        0.06675233969372638,
        0.0883462275688376,
        29.247709730354927
      ],
      [
        -0.06835564862684541,
        -0.9975445269414639,
        -0.01524539504028621,
        9.323743390630625
      ],
      [
        0.0871116299987248,
        -0.02119060911216328,
        0.995973153254856,
        -0.6701349656066213
      ],
      [
        0.0,
        0.0,
        0.0,
        1.0
      ]
    ],
    "location": [
      29.247709730354927,
      9.323743390630625,
      -0.6701349656066213
    ],
    "rotation": [
      -0.02127307587277019,
      -0.08722218143300894,
      -3.0729222052305762
    ]
  }
]