[
  {
    "label_id": "10t7lCtA-oADlgKbKqqaGQ",
    "size": [
      1.9409380617617655,
      4.35531691411666,
      1.5900000000000034
    ],
    "obj_class": "vehicle",
    "point_num_in_lidar": 41,
    "speed": 1.9945885082418897e-12,
    "if_vehicle": true,
    "motion_state": false,
    "pose": [
      [
        0.9906938358706604,
        -0.1022879283217623,
        0.08979367064286291,
        57.06252341989193
      ],
      [
        0.10330039404621177,
        0.9946277102619204,
        -0.006689287632214048,
        1.610238230023242
      ],
      [
        -0.0886270396536762,
        0.0159027575838638,
        0.9959379248444425,
        -2.1442553975326746
      ],
      [
        0.0,
        0.0,
        0.0,
        1.0
      ]
    ],
    "location": [
      57.06252341989193,
      1.610238230023242,
      -2.1442553975326746
    ],
    "rotation": [
      0.015966262400262932,
      0.08874347558911685,
      0.10389531018481526
    ]
  },
  {
    "label_id": "1cey-IEbE8XPL2SyOdH_ig",
    "size": [
      2.1449194355927474,
      4.755202036269388,
      1.5
    ],
    "obj_class": "vehicle",
    "point_num_in_lidar": 123,
    "speed": 1.2864919977302316,
    "if_vehicle": true,
    "motion_state": true,
    "pose": [
      [
        -0.9563458382070892,
        -0.27810022376197585,
        0.08979367064286291,
        44.72929838650907
      ],
      [
        0.2786427950910724,
        -0.960371514662325,
        -0.006689287632214048,
        9.3581913217713
      ],
      [
        0.08809557586970315,
        0.018623086981776435,
        0.9959379248444425,
        -1.4346977610094882
      ],
      [
        0.0,
        0.0,
        0.0,
        1.0
      ]
    ],
    "location": [
      44.72929838650907,
      9.3581913217713,
      -1.4346977610094882
    ],
    "rotation": [
      0.018696864960544006,
      -0.08820992480931429,
      2.8580793877070816
    ]
  },
  {
    "label_id": "2GYmvG4fVA7rPmvxt0xhUw",
    "size": [
      0.5886738641003842,
      0.0933437789046635,
      0.20617021276592595
    ],
    "obj_class": "sign",
    "point_num_in_lidar": 22,
    "speed": 0.007902539281850791,
    "if_vehicle": false,
    "motion_state": false,
    "pose": [
      [
        -0.9959560936053389,
        0.002925119292361204,
        0.08979367064286291,
        4.505927300779604
      ],
      [
        -0.0035400066644237596,
        -0.9999713604817837,
        -0.006689287632214048,
        -4.770063841875526
      ],
      [
        0.08977153203109169,
        -0.006980106971681215,
        0.9959379248444425,
        1.904146675687116
      ],
      [
        0.0,
        0.0,
        0.0,
        1.0
      ]
    ],
    "location": [
      4.505927300779604,
      -4.770063841875526,
      1.904146675687116
    ],
    "rotation": [
      -0.007008461584782502,
      -0.08989254846669245,
      -3.138038288312481
    ]
  },
  {
    "label_id": "6GQJCYvdj35m3AkilVFa3A",
    "size": [
      1.9227345516098806,
      3.8913786098047867,
      1.7199999999999989
    ],
    "obj_class": "vehicle",
    "point_num_in_lidar": 29,
    "speed": 0.014749643281993576,
    "if_vehicle": true,
    "motion_state": false,
    "pose": [
      [
        0.9944860529831835,
        -0.054171829712589874,
        0.08979367064286291,
        44.45709583235612
      ],
      [
        0.05499252276843155,
        0.9984643588383799,
        -0.006689287632214048,
        0.22326307781077048
      ],
      [
        -0.08929340883565993,
        0.011590383731918456,
        0.9959379248444425,
        -1.3897034675939608
      ],
      [
        0.0,
        0.0,
        0.0,
        1.0
      ]
    ],
    "location": [
      44.45709583235612,
      0.22326307781077048,
      -1.3897034675939608
    ],
    "rotation": [
      0.011637131428806643,
      0.08941249733505927,
      0.055241170116701044
    ]
  },
  {
    "label_id": "6kV2629tjfAKv8UQAUpQIw",
    "size": [
      2.0185551680237097,
      4.332165675849257,
      1.5699999999999932
    ],
    "obj_class": "vehicle",
    "point_num_in_lidar": 161,
    "speed": 0.011424544196296267,
    "if_vehicle": true,
    "motion_state": false,
    "pose": [
      [
        0.9954967625108064,
        -0.030385729265298353,
        0.08979367064286291,
        29.445953412307517
      ],
      [
        0.031111096708554938,
        0.9994935482996198,
        -0.006689287632214048,
        -0.7671786403279839
      ],
      [
        -0.08954493560271229,
        0.009452743752558902,
        0.9959379248444425,
        -0.44974107272773267
      ],
      [
        0.0,
        0.0,
        0.0,
        1.0
      ]
    ],
    "location": [
      29.445953412307517,
      -0.7671786403279839,
      -0.44974107272773267
    ],
    "rotation": [
      0.009491013127204278,
      0.08966503575094903,
      0.031241662769787105
    ]
  },
  {
    "label_id": "9ojEvP_IkP8ziMOD-24fCQ",
    "size": [
      2.0470616308685883,
      4.486385603924427,
      1.4699999999999989
    ],
    "obj_class": "vehicle",
    "point_num_in_lidar": 528,
    "speed": 0.00882597576173472,
    "if_vehicle": true,
    "motion_state": false,
    "pose": [
      [
        0.08807727752298872,
        0.9920582089255748,
        0.08979367064286291,
        10.841031759669477
      ],
      [
        -0.9960061913993078,
        0.08903325291832807,
        -0.006689287632214048,
        -9.75145909742605
      ],
      [
        -0.014630785296213332,
        -0.08884587766554812,
        0.9959379248444425,
        0.0706660175270315
      ],
      [
        0.0,
        0.0,
        0.0,
        1.0
      ]
    ],
    "location": [
      10.841031759669477,
      -9.75145909742605,
      0.0706660175270315
    ],
    "rotation": [
      -0.0889727287662353,
      0.014631307323853752,
      -1.4825953065300672
    ]
  },
  {
    "label_id": "EENp0Fqicu7Uz2meQc79Hw",
    "size": [
      0.4835235466275877,
      0.09322347433545763,
      0.47999999999998977
    ],
    "obj_class": "sign",
    "point_num_in_lidar": 133,
    "speed": 0.006895602484288292,
    "if_vehicle": false,
    "motion_state": false,
    "pose": [
      [
        0.9950288603037527,
        -0.043065808654848166,
        0.08979367064286291,
        -1.114582827851791
      ],
      [
        0.043842035946356384,
        0.9990160806088418,
        -0.006689287632214048,
        8.66971570676651
      ],
      [
        -0.08941724132790796,
        0.010592771585005614,
        0.9959379248444425,
        1.9869817986016471
      ],
      [
        0.0,
        0.0,
        0.0,
        1.0
      ]
    ],
    "location": [
      -1.114582827851791,
      8.66971570676651,
      1.9869817986016471
    ],
    "rotation": [
      0.010635574683643711,
      0.08953682717007962,
      0.0440325897839465
    ]
  },
  {
    "label_id": "Fz60h1BcAUsffihcCYYlSQ",
    "size": [
      1.9659452030174644,
      3.735738890448964,
      1.8600000000000136
    ],
    "obj_class": "vehicle",
    "point_num_in_lidar": 52,
    "speed": 0.03084986839765194,
    "if_vehicle": true,
    "motion_state": false,
    "pose": [
      [
        -0.9945063302761711,
        0.053798287641006685,
        0.08979367064286291,
        35.683514004168956
      ],
      [
        -0.05461748635011816,
        -0.9984849441107103,
        -0.006689287632214048,
        9.791807490404608
      ],
      [
        0.08929775599318324,
        -0.011556843475938543,
        0.9959379248444425,
        -0.9272546383980114
      ],
      [
        0.0,
        0.0,
        0.0,
        1.0
      ]
    ],
    "location": [
      35.683514004168956,
      9.791807490404608,
      -0.9272546383980114
    ],
    "rotation": [
      -0.011603458921353125,
      -0.0894168619283903,
      -3.0867285738749586
    ]
  },
  {
    "label_id": "Nx6yXW6ayqyL8X2hVv-MUA",
    "size": [
      2.142354551914147,
      4.746408458305702,
      1.7700000000000102
    ],
    "obj_class": "vehicle",
    "point_num_in_lidar": 72,
    "speed": 7.7015199274669595,
    "if_vehicle": true,
    "motion_state": true,
    "pose": [
      [
        -0.9943875471273441,
        -0.05595089660179807,
        0.08979367064286291,
        44.04849273908712
      ],
      [
        0.05557442654252557,
        -0.9984321391789445,
        -0.006689287632214048,
        5.091657228935219
      ],
      [
        0.0900271583053329,
        -0.0016615125675010875,
        0.9959379248444425,
        -1.3179456658806714
      ],
      [
        0.0,
        0.0,
        0.0,
        1.0
      ]
    ],
    "location": [
      44.04849273908712,
      5.091657228935219,
      -1.3179456658806714
    ],
    "rotation": [
      -0.0016682877362347668,
      -0.0901492140174051,
      3.085762637371707
    ]
  },
  {
    "label_id": "WWv9wtVzT42U162-yTuOoA",
    "size": [
      2.0261529209343028,
      4.6105153086884325,
      1.5699999999999932
    ],
    "obj_class": "vehicle",
    "point_num_in_lidar": 1541,
    "speed": 0.017295890822980012,
    "if_vehicle": true,
    "motion_state": false,
    "pose": [
      [
        -0.9939028762432567,
        0.0639856961192322,
        0.08979367064286291,
        0.31972087134090543
      ],
      [
        -0.06484561878399221,
        -0.9978728872734717,
        -0.006689287632214048,
        7.0598126492332085
      ],
      [
        0.0891746506575878,
        -0.012471228353398428,
        0.9959379248444425,
        0.1727743977793068
      ],
      [
        0.0,
        0.0,
        0.0,
        1.0
      ]
    ],
    "location": [
      0.31972087134090543,
      7.0598126492332085,
      0.1727743977793068
    ],
    "rotation": [
      -0.012521439602099534,
      -0.08929326349576908,
      -3.076441575860206
    ]
  },
  {
    "label_id": "X4H9yiCRjWTn4rPCsOkVdA",
    "size": [
      1.9697740761117501,
      4.4188602944795115,
      1.6500000000000057
    ],
    "obj_class": "vehicle",
    "point_num_in_lidar": 745,
    "speed": 0.004670100821442968,
    "if_vehicle": true,
    "motion_state": false,
    "pose": [
      [
        -0.10328865491610495,
        -0.9905900012003467,
        0.08979367064286291,
        15.980516233490107
      ],
      [
        0.9945228508121152,
        -0.10430509404394717,
        -0.006689287632214048,
        16.249792013621118
      ],
      [
        0.01599227870457941,
        0.08861092979074585,
        0.9959379248444425,
        0.16901444278298072
      ],
      [
        0.0,
        0.0,
        0.0,
        1.0
      ]
    ],
    "location": [
      15.980516233490107,
      16.249792013621118,
      0.16901444278298072
    ],
    "rotation": [
      0.08873868028567831,
      -0.015992960461862705,
      1.6742828074623246
    ]
  },
  {
    "label_id": "ZCSiMZdHr7H2v9WzSWCqWA",
    "size": [
      0.4835235466275877,
      0.09322347433545763,
      0.5600000000000023
    ],
    "obj_class": "sign",
    "point_num_in_lidar": 129,
    "speed": 0.0073484291902315485,
    "if_vehicle": false,
    "motion_state": false,
    "pose": [
      [
        0.9950288603037527,
        -0.043065808654848166,
        0.08979367064286291,
        -1.1180399801423846
      ],
      [
        0.043842035946356384,
        0.9990160806088418,
        -0.006689287632214048,
        8.668918836709054
      ],
      [
        -0.08941724132790796,
        0.010592771585005614,
        0.9959379248444425,
        1.4502034188637936
      ],
      [
        0.0,
        0.0,
        0.0,
        1.0
      ]
    ],
    "location": [
      -1.1180399801423846,
      8.668918836709054,
      1.4502034188637936
    ],
    "rotation": [
      0.010635574683643711,
      0.08953682717007962,
      0.0440325897839465
    ]
  },
  {
    "label_id": "aRFz7j2dwLW0x6klYx_7gQ",
    "size": [
      2.147368756992724,
      4.4856824184495885,
      1.920000000000016
    ],
    "obj_class": "vehicle",
    "point_num_in_lidar": 24,
    "speed": 0.014869308005710756,
    "if_vehicle": true,
    "motion_state": false,
    "pose": [
      [
        0.994685164792236,
        -0.05038372410534213,
        0.08979367064286291,
        34.783595594031794
      ],
      [
        0.05118925898039896,
        0.9986665675769922,
        -0.006689287632214048,
        -0.5411820257886575
      ],
      [
        -0.0893369056285241,
        0.011250206632129653,
        0.9959379248444425,
        -0.7111350789428457
      ],
      [
        0.0,
        0.0,
        0.0,
        1.0
      ]
    ],
    "location": [
      34.783595594031794,
      -0.5411820257886575,
      -0.7111350789428457
    ],
    "rotation": [
      0.011295611777569678,
      0.08945616866410563,
      0.05141741557311374
    ]
  },
  {
    "label_id": "exueily1Lt7uON4yqBxITg",
    "size": [
      0.7588241951168536,
      0.07151227768081742,
      0.75
    ],
    "obj_class": "sign",
    "point_num_in_lidar": 30,
    "speed": 0.010685509381368969,
    "if_vehicle": false,
    "motion_state": false,
    "pose": [
      [
        -0.018788447148296337,
        -0.9957831545905146,
        0.08979367064286291,
        7.533107488586666
      ],
      [
        0.999788118094441,
        -0.01946721213090414,
        -0.006689287632214048,
        13.245887748986206
      ],
      [
        0.008409112374786571,
        0.08964896366168236,
        0.9959379248444425,
        1.8718297504969996
      ],
      [
        0.0,
        0.0,
        0.0,
        1.0
      ]
    ],
    "location": [
      7.533107488586666,
      13.245887748986206,
      1.8718297504969996
    ],
    "rotation": [
      0.0897726665544147,
      -0.008409211483773802,
      1.5895865439716557
    ]
  },
  {
    "label_id": "fZoqQ9qukc5jFPQ00JLwfg",
    "size": [
      2.1630520422499484,
      4.678952886478576,
      1.8700000000000045
    ],
    "obj_class": "vehicle",
    "point_num_in_lidar": 288,
    "speed": 0.01350927984444856,
    "if_vehicle": true,
    "motion_state": false,
    "pose": [
      [
        -0.09763729715811816,
        -0.9911629810057165,
        0.08979367064286291,
        18.104649947401867
      ],
      [
        0.9951015637571564,
        -0.09863128935097316,
        -0.006689287632214048,
        -12.169413534917112
      ],
      [
        0.015486639781412143,
        0.08870069810788535,
        0.9959379248444425,
        0.10682934747393347
      ],
      [
        0.0,
        0.0,
        0.0,
        1.0
      ]
    ],
    "location": [
      18.104649947401867,
      -12.169413534917112,
      0.10682934747393347
    ],
    "rotation": [
      0.08882810611651759,
      -0.01548725889055259,
      1.6686011901183244
    ]
  },
  {
    "label_id": "gdywJfz_9bellnjvLvGrGw",
    "size": [
      1.0017507540681818,
      1.2747419405263642,
      1.9000000000000057
    ],
    "obj_class": "pedestrian",
    "point_num_in_lidar": 223,
    "speed": 1.5631822631406462,
    "if_vehicle": false,
    "motion_state": true,
    "pose": [
      [
        -0.9948316725379392,
        0.04740295378821443,
        0.08979367064286291,
        11.648080616241714
      ],
      [
        -0.04819655489341049,
        -0.9988154712094622,
        -0.006689287632214048,
        -5.609751518137273
      ],
      [
        0.08937021546227247,
        -0.010982460779462418,
        0.9959379248444425,
        0.2022985956897685
      ],
      [
        0.0,
        0.0,
        0.0,
        1.0
      ]
    ],
    "location": [
      11.648080616241714,
      -5.609751518137273,
      0.2022985956897685
    ],
    "rotation": [
      -0.011026807375242456,
      -0.08948961227327917,
      -3.093183559112186
    ]
  },
  {
    "label_id": "k_NOVkdWc5tiNnbaUVinuw",
    "size": [
      2.1554485014006675,
      4.4419784152818895,
      1.740000000000009
    ],
    "obj_class": "vehicle",
    "point_num_in_lidar": 315,
    "speed": 0.005876438784319008,
    "if_vehicle": true,
    "motion_state": false,
    "pose": [
      [
        -0.11215761280854397,
        -0.9896250636486374,
        0.08979367064286291,
        15.567147856524116
      ],
      [
        0.9935486508390694,
        -0.11320923922913038,
        -0.006689287632214048,
        21.393556739396445
      ],
      [
        0.01678535983986348,
        0.08846412578888536,
        0.9959379248444425,
        0.6185539420355894
      ],
      [
        0.0,
        0.0,
        0.0,
        1.0
      ]
    ],
    "location": [
      15.567147856524116,
      21.393556739396445,
      0.6185539420355894
    ],
    "rotation": [
      0.08859243330820396,
      -0.016786148147595024,
      1.6832063291535893
    ]
  },
  {
    "label_id": "mmdNjYPoJf8KPcfkiO2WVw",
    "size": [
      2.0692855396315686,
      4.3057734004472925,
      1.740000000000009
    ],
    "obj_class": "vehicle",
    "point_num_in_lidar": 80,
    "speed": 0.008486720789627243,
    "if_vehicle": true,
    "motion_state": false,
    "pose": [
      [
        -0.0764415870540549,
        -0.9930225478211148,
        0.08979367064286291,
        15.308447291416996
      ],
      [
        0.9969814656635428,
        -0.07735121559708868,
        -0.006689287632214048,
        26.54164375057553
      ],
      [
        0.013588263024799528,
        0.0890112856019634,
        0.9959379248444425,
        0.9586042036528681
      ],
      [
        0.0,
        0.0,
        0.0,
        1.0
      ]
    ],
    "location": [
      15.308447291416996,
      26.54164375057553,
      0.9586042036528681
    ],
    "rotation": [
      0.08913749765068535,
      -0.013588681217715119,
      1.6473196344934469
    ]
  },
  {
    "label_id": "neWc6a5SpHMFVBiTZbsQRA",
    "size": [
      2.1576676687080556,
      4.838558424228969,
      1.75
    ],
    "obj_class": "vehicle",
    "point_num_in_lidar": 729,
    "speed": 0.03877353776416454,
    "if_vehicle": true,
    "motion_state": false,
    "pose": [
      [
        0.05614762387629748,
        0.9943764584127717,
        0.08979367064286291,
        8.734283910141585
      ],
      [
        -0.9983531258162424,
        0.056976219635139935,
        -0.006689287632214048,
        16.306714531634498
      ],
      [
        -0.011767774045418535,
        -0.08927020415884242,
        0.9959379248444425,
        0.21376020572975563
      ],
      [
        0.0,
        0.0,
        0.0,
        1.0
      ]
    ],
    "location": [
      8.734283910141585,
      16.306714531634498,
      0.21376020572975563
    ],
    "rotation": [
      -0.08939540613172907,
      0.011768045663562448,
      -1.514615265346246
    ]
  },
  {
    "label_id": "pQA8VwbqeBwYCoRugHs3qQ",
    "size": [
      0.47811550151691046,
      0.10065653246782191,
      0.5391337386017767
    ],
    "obj_class": "sign",
    "point_num_in_lidar": 85,
    "speed": 0.023240180918032732,
    "if_vehicle": false,
    "motion_state": false,
    "pose": [
      [
        -0.7296392766917513,
        -0.6779112203092813,
        0.08979367064286291,
        -2.3124727695299043
      ],
      [
        0.6802036482315537,
        -0.7329926673326673,
        -0.006689287632214048,
        -5.334904789004213
      ],
      [
        0.07035284529585713,
        0.05619721536982617,
        0.9959379248444425,
        2.48450713850994
      ],
      [
        0.0,
        0.0,
        0.0,
        1.0
      ]
    ],
    "location": [
      -2.3124727695299043,
      -5.334904789004213,
      2.48450713850994
    ],
    "rotation": [
      0.05636665174840758,
      -0.07041101044204441,
      2.3912447654247244
    ]
  },
  {
    "label_id": "poNER0fr1zgf0U0PEnfldw",
    "size": [
      2.0585007434142235,
      4.589923589374125,
      1.7800000000000011
    ],
    "obj_class": "vehicle",
    "point_num_in_lidar": 4273,
    "speed": 0.014737710927517026,
    "if_vehicle": true,
    "motion_state": false,
    "pose": [
      [
        -0.9932330423716474,
        0.07365609447725419,
        0.08979367064286291,
        -4.685442579189385
      ],
      [
        -0.0745546156200813,
        -0.997194495933825,
        -0.006689287632214048,
        6.54860353049844
      ],
      [
        0.0890490473329337,
        -0.013338554106137815,
        0.9959379248444425,
        0.6430264320384254
      ],
      [
        0.0,
        0.0,
        0.0,
        1.0
      ]
    ],
    "location": [
      -4.685442579189385,
      6.54860353049844,
      0.6430264320384254
    ],
    "rotation": [
      -0.0133921566206922,
      -0.08916715847803687,
      -3.066670595317002
    ]
  },
  {
    "label_id": "vc-OWTY-vidLhLS4m8eu-w",
    "size": [
      2.079054254371123,
      4.614761863970827,
      1.759999999999991
    ],
    "obj_class": "vehicle",
    "point_num_in_lidar": 4352,
    "speed": 0.010663145980955215,
    "if_vehicle": true,
    "motion_state": false,
    "pose": [
      [
        0.9954466690761704,
        -0.031984773528015396,
        0.08979367064286291,
        -9.960797476047446
      ],
      [
        0.03271656014077886,
        0.9994422845384963,
        -0.006689287632214048,
        -4.0347514931854676
      ],
      [
        -0.0895296359744201,
        0.009596569117828411,
        0.9959379248444425,
        1.2049145695571895
      ],
      [
        0.0,
        0.0,
        0.0,
        1.0
      ]
    ],
    "location": [
      -9.960797476047446,
      -4.0347514931854676,
      1.2049145695571895
    ],
    "rotation": [
      0.009635411897729452,
      0.08964967442343885,
      0.032854384645360245
    ]
  },
  {
    "label_id": "zP3W4pR_Dkt0kqTwQldWqw",
    "size": [
      2.0718699196839245,
      4.414748533014121,
      1.9000000000000057
    ],
    "obj_class": "vehicle",
    "point_num_in_lidar": 258,
    "speed": 0.00286503289032344,
    "if_vehicle": true,
    "motion_state": false,
    "pose": [
      [
        -0.9937214800091217,
        0.06674366547442222,
        0.08979367064286291,
        29.24932859827686
      ],
      [
        -0.0676146021487795,
        -0.9976890893496009,
        -0.006689287632214048,
        9.326775659395935
      ],
      [
        0.0891396979170492,
        -0.012718652122086175,
        0.9959379248444425,
        -0.6708895549124065
      ],
      [
        0.0,
        0.0,
        0.0,
        1.0
      ]
    ],
    "location": [
      29.24932859827686,
      9.326775659395935,
      -0.6708895549124065
    ],
    "rotation": [
      -0.01276983279739299,
      -0.0892581710018019,
      -3.073655562981115
    ]
  }
]