[
  {
    "label_id": "-G86PjIy35Dnhvmt_7sZlw",
    "size": [
      2.2279015557208264,
      4.6671900838050675,
      1.8700000000000045
    ],
    "obj_class": "vehicle",
    "point_num_in_lidar": 796,
    "speed": 2.929642751054232e-13,
    "if_vehicle": true,
    "motion_state": false,
    "pose": [
      [
        -0.06824413071618325,
        -0.9951503954540188,
        0.07084087132794242,
        18.61779281734198
      ],
      [
        0.997366329054111,
        -0.06979916636520224,
        -0.019709947839850212,
        -18.57580561231225
      ],
      [
        0.024558996150479965,
        0.06930921152655267,
        0.9972928802040293,
        0.30099682215666235
      ],
      [
        0.0,
        0.0,
        0.0,
        1.0
      ]
    ],
    "location": [
      18.61779281734198,
      -18.57580561231225,
      0.30099682215666235
    ],
    "rotation": [
      0.0693857843172716,
      -0.024561465590505496,
      1.6391141786009897
    ]
  },
  {
    "label_id": "10t7lCtA-oADlgKbKqqaGQ",
    "size": [
      1.9409380617617649,
      4.35531691411666,
      1.5900000000000034
    ],
    "obj_class": "vehicle",
    "point_num_in_lidar": 66,
    "speed": 1.9945885082418897e-12,
    "if_vehicle": true,
    "motion_state": false,
    "pose": [
      [
        0.9922130002981664,
        -0.10244478019308145,
        0.07084087132794242,
        57.06252341989102
      ],
      [
        0.10407514073600493,
        0.9943741162343936,
        -0.019709947839850212,
        1.610238230023242
      ],
      [
        -0.06842314754592659,
        0.026929240135214968,
        0.9972928802040293,
        -2.1531230382452975
      ],
      [
        0.0,
        0.0,
        0.0,
        1.0
      ]
    ],
    "location": [
      57.06252341989102,
      1.610238230023242,
      -2.1531230382452975
    ],
    "rotation": [
      0.026995778865319044,
      0.06847665009161054,
      0.1045097690628731
    ]
  },
  {
    "label_id": "1cey-IEbE8XPL2SyOdH_ig",
    "size": [
      2.144919435593824,
      4.755202036269388,
      1.5
    ],
    "obj_class": "vehicle",
    "point_num_in_lidar": 131,
    "speed": 0.3526477388959475,
    "if_vehicle": true,
    "motion_state": false,
    "pose": [
      [
        -0.9962087602352674,
        -0.05049432621601474,
        0.07084087132794242,
        42.181405461793474
      ],
      [
        0.04921363085578206,
        -0.9985937795190502,
        -0.019709947839850212,
        9.565627060179395
      ],
      [
        0.07173649397971876,
        -0.016148886210803653,
        0.9972928802040293,
        -1.4346977610092608
      ],
      [
        0.0,
        0.0,
        0.0,
        1.0
      ]
    ],
    "location": [
      42.181405461793474,
      9.565627060179395,
      -1.4346977610092608
    ],
    "rotation": [
      -0.016191306804502544,
      -0.07179816438937814,
      3.092231860097346
    ]
  },
  {
    "label_id": "6GQJCYvdj35m3AkilVFa3A",
    "size": [
      1.9227345516098802,
      3.8913786098047867,
      1.7199999999999989
    ],
    "obj_class": "vehicle",
    "point_num_in_lidar": 65,
    "speed": 0.014749643651930903,
    "if_vehicle": true,
    "motion_state": false,
    "pose": [
      [
        0.9960110325284676,
        -0.05425489868273387,
        0.07084087132794242,
        44.38812252337084
      ],
      [
        0.055778645551389464,
        0.9982485966214043,
        -0.019709947839850212,
        0.21634026976971654
      ],
      [
        -0.06964743916346296,
        0.023582733351404338,
        0.9972928802040293,
        -1.392451929449578
      ],
      [
        0.0,
        0.0,
        0.0,
        1.0
      ]
    ],
    "location": [
      44.38812252337084,
      0.21634026976971654,
      -1.392451929449578
    ],
    "rotation": [
      0.02364234190196884,
      0.06970386966525306,
      0.05594360071959901
    ]
  },
  {
    "label_id": "6kV2629tjfAKv8UQAUpQIw",
    "size": [
      2.01855516802371,
      4.332165675849257,
      1.5699999999999932
    ],
    "obj_class": "vehicle",
    "point_num_in_lidar": 391,
    "speed": 0.0031409864269837146,
    "if_vehicle": true,
    "motion_state": false,
    "pose": [
      [
        0.997023291913277,
        -0.030432323800694397,
        0.07084087132794242,
        29.42059508330749
      ],
      [
        0.0319021521324952,
        0.9992966379636558,
        -0.019709947839850212,
        -0.7718032765715179
      ],
      [
        -0.07019122503367169,
        0.021911253333028978,
        0.9972928802040293,
        -0.5143299263351935
      ],
      [
        0.0,
        0.0,
        0.0,
        1.0
      ]
    ],
    "location": [
      29.42059508330749,
      -0.7718032765715179,
      -0.5143299263351935
    ],
    "rotation": [
      0.0219671965708168,
      0.07024898964235926,
      0.03198648574874685
    ]
  },
  {
    "label_id": "9ojEvP_IkP8ziMOD-24fCQ",
    "size": [
      2.0470616308685887,
      4.486385603924427,
      1.4699999999999989
    ],
    "obj_class": "vehicle",
    "point_num_in_lidar": 1318,
    "speed": 0.008825975835332003,
    "if_vehicle": true,
    "motion_state": false,
    "pose": [
      [
        0.08821233828751569,
        0.9935794655302346,
        0.07084087132794242,
        10.866779443281757
      ],
      [
        -0.9957637282807787,
        0.08981155491646961,
        -0.019709947839850212,
        -9.783980600888754
      ],
      [
        -0.025945728245947236,
        -0.0688021095616927,
        0.9972928802040293,
        0.0036345816436380574
      ],
      [
        0.0,
        0.0,
        0.0,
        1.0
      ]
    ],
    "location": [
      10.866779443281757,
      -9.783980600888754,
      0.0036345816436380574
    ],
    "rotation": [
      -0.06887973217275502,
      0.02594864015588669,
      -1.482439360495427
    ]
  },
  {
    "label_id": "C7N3XXk6WR3gQXpwt59PzA",
    "size": [
      2.307378830981075,
      5.053288138911819,
      2.0999999999999943
    ],
    "obj_class": "vehicle",
    "point_num_in_lidar": 236,
    "speed": 7.008336126699293,
    "if_vehicle": true,
    "motion_state": true,
    "pose": [
      [
        0.08404291114104309,
        0.9939408232065108,
        0.07084087132794242,
        10.342184071793781
      ],
      [
        -0.9961317763873827,
        0.08563294942642008,
        -0.019709947839850212,
        31.650439049324632
      ],
      [
        -0.025656834533047335,
        -0.06891036160183417,
        0.9972928802040293,
        1.5217813417664843
      ],
      [
        0.0,
        0.0,
        0.0,
        1.0
      ]
    ],
    "location": [
      10.342184071793781,
      31.650439049324632,
      1.5217813417664843
    ],
    "rotation": [
      -0.0689877630809596,
      0.02565965023478565,
      -1.4866263908446968
    ]
  },
  {
    "label_id": "CZqAJKroo0JigZQamJxBgw",
    "size": [
      2.0658167117408515,
      4.364933663449352,
      1.700000000000017
    ],
    "obj_class": "vehicle",
    "point_num_in_lidar": 73,
    "speed": 0.00787834349546908,
    "if_vehicle": true,
    "motion_state": false,
    "pose": [
      [
        -0.12729629589114175,
        -0.9893317057498423,
        0.07084087132794242,
        13.49857741554706
      ],
      [
        0.9914512540965043,
        -0.12898034232633887,
        -0.019709947839850212,
        49.573330169758265
      ],
      [
        0.02863675615121357,
        0.06772626736715705,
        0.9972928802040293,
        2.8280167694804277
      ],
      [
        0.0,
        0.0,
        0.0,
        1.0
      ]
    ],
    "location": [
      13.49857741554706,
      49.573330169758265,
      2.8280167694804277
    ],
    "rotation": [
      0.06780600053086305,
      -0.02864067159082054,
      1.6984916024937469
    ]
  },
  {
    "label_id": "EENp0Fqicu7Uz2meQc79Hw",
    "size": [
      0.48352354662758634,
      0.09322347433545763,
      0.47999999999998977
    ],
    "obj_class": "sign",
    "point_num_in_lidar": 124,
    "speed": 0.007394982697839982,
    "if_vehicle": false,
    "motion_state": false,
    "pose": [
      [
        0.9965546722086852,
        -0.043131847265538904,
        0.07084087132794242,
        -1.0853262597256617
      ],
      [
        0.04463051855018647,
        0.9988091082734939,
        -0.019709947839850212,
        8.650955616003557
      ],
      [
        -0.06990638106053933,
        0.02280370543070532,
        0.9972928802040293,
        1.9428217342953928
      ],
      [
        0.0,
        0.0,
        0.0,
        1.0
      ]
    ],
    "location": [
      -1.0853262597256617,
      8.650955616003557,
      1.9428217342953928
    ],
    "rotation": [
      0.02286162162674282,
      0.06996344424469608,
      0.04475491157004456
    ]
  },
  {
    "label_id": "NXG3IQg-7AGdDP54x0y-Ww",
    "size": [
      2.150111749780425,
      4.509298866515579,
      1.740000000000009
    ],
    "obj_class": "vehicle",
    "point_num_in_lidar": 321,
    "speed": 0.010166654387435853,
    "if_vehicle": true,
    "motion_state": false,
    "pose": [
      [
        0.06624576872832105,
        0.9952854209095456,
        0.07084087132794242,
        7.634257452876682
      ],
      [
        -0.9975044724952631,
        0.06779635173147264,
        -0.019709947839850212,
        28.640131244057557
      ],
      [
        -0.02441977636140369,
        -0.06935838533883802,
        0.9972928802040293,
        1.0098494228487027
      ],
      [
        0.0,
        0.0,
        0.0,
        1.0
      ]
    ],
    "location": [
      7.634257452876682,
      28.640131244057557,
      1.0098494228487027
    ],
    "rotation": [
      -0.06943485443924018,
      0.02442220403538455,
      -1.5044822044743
    ]
  },
  {
    "label_id": "Nx6yXW6ayqyL8X2hVv-MUA",
    "size": [
      2.142354551915555,
      4.746408458305702,
      1.7700000000000102
    ],
    "obj_class": "vehicle",
    "point_num_in_lidar": 696,
    "speed": 1.6215270548816394,
    "if_vehicle": true,
    "motion_state": true,
    "pose": [
      [
        -0.9912965597202391,
        -0.1109626136872958,
        0.07084087132794242,
        23.053902826916328
      ],
      [
        0.10982927750871702,
        -0.9937550240165148,
        -0.019709947839850212,
        6.477059835751788
      ],
      [
        0.07258553911580029,
        -0.011758001769872975,
        0.9972928802040293,
        -0.20544347531011908
      ],
      [
        0.0,
        0.0,
        0.0,
        1.0
      ]
    ],
    "location": [
      23.053902826916328,
      6.477059835751788,
      -0.20544347531011908
    ],
    "rotation": [
      -0.011789372262386934,
      -0.0726494288015582,
      3.031249119242829
    ]
  },
  {
    "label_id": "WWv9wtVzT42U162-yTuOoA",
    "size": [
      2.0261529209368483,
      4.6105153086884325,
      1.5699999999999932
    ],
    "obj_class": "vehicle",
    "point_num_in_lidar": 3984,
    "speed": 0.013224890428283106,
    "if_vehicle": true,
    "motion_state": false,
    "pose": [
      [
        -0.9954421749039027,
        0.06384706236065757,
        0.07084087132794242,
        0.3546737365691115
      ],
      [
        -0.06539229322312509,
        -0.997664956758115,
        -0.019709947839850212,
        7.024605512189737
      ],
      [
        0.06941703256124264,
        -0.02425256037500146,
        0.9972928802040293,
        0.08584052482629545
      ],
      [
        0.0,
        0.0,
        0.0,
        1.0
      ]
    ],
    "location": [
      0.3546737365691115,
      7.024605512189737,
      0.08584052482629545
    ],
    "rotation": [
      -0.02431360104065243,
      -0.06947290405764818,
      -3.075995200475938
    ]
  },
  {
    "label_id": "X4H9yiCRjWTn4rPCsOkVdA",
    "size": [
      1.9697740761117497,
      4.4188602944795115,
      1.6500000000000057
    ],
    "obj_class": "vehicle",
    "point_num_in_lidar": 552,
    "speed": 0.004670100941683716,
    "if_vehicle": true,
    "motion_state": false,
    "pose": [
      [
        -0.1034470413364412,
        -0.9921090064041522,
        0.07084087132794242,
        15.977582693247314
      ],
      [
        0.9942684742806138,
        -0.10507958416291414,
        -0.019709947839850212,
        16.27154346343741
      ],
      [
        0.02699834606855016,
        0.0683959092630145,
        0.9972928802040293,
        0.10810261663743859
      ],
      [
        0.0,
        0.0,
        0.0,
        1.0
      ]
    ],
    "location": [
      15.977582693247314,
      16.27154346343741,
      0.10810261663743859
    ],
    "rotation": [
      0.06847434730235205,
      -0.02700162704203454,
      1.674466691124353
    ]
  },
  {
    "label_id": "XrzRs3LbaboaBImF0mOdjQ",
    "size": [
      1.8680092805957826,
      4.653371289880262,
      1.8600000000000136
    ],
    "obj_class": "vehicle",
    "point_num_in_lidar": 311,
    "speed": 0.0033221796395236447,
    "if_vehicle": true,
    "motion_state": false,
    "pose": [
      [
        -0.08238893495331466,
        -0.9940792897685558,
        0.07084087132794242,
        14.99795655645039
      ],
      [
        0.9962728856477995,
        -0.08397532541858559,
        -0.019709947839850212,
        31.55931257157681
      ],
      [
        0.025542136172713694,
        0.06895295768918301,
        0.9972928802040293,
        1.3607878817154244
      ],
      [
        0.0,
        0.0,
        0.0,
        1.0
      ]
    ],
    "location": [
      14.99795655645039,
      31.55931257157681,
      1.3607878817154244
    ],
    "rotation": [
      0.06903027171308698,
      -0.025544914273059296,
      1.653305736307149
    ]
  },
  {
    "label_id": "ZCSiMZdHr7H2v9WzSWCqWA",
    "size": [
      0.48352354662758634,
      0.09322347433545763,
      0.5600000000000023
    ],
    "obj_class": "sign",
    "point_num_in_lidar": 94,
    "speed": 0.00793939750205783,
    "if_vehicle": false,
    "motion_state": false,
    "pose": [
      [
        0.9965546722086852,
        -0.043131847265538904,
        0.07084087132794242,
        -1.0854326373569165
      ],
      [
        0.04463051855018647,
        0.9988091082734939,
        -0.019709947839850212,
        8.650779275692912
      ],
      [
        -0.06990638106053933,
        0.02280370543070532,
        0.9972928802040293,
        1.4091976448651735
      ],
      [
        0.0,
        0.0,
        0.0,
        1.0
      ]
    ],
    "location": [
      -1.0854326373569165,
      8.650779275692912,
      1.4091976448651735
    ],
    "rotation": [
      0.02286162162674282,
      0.06996344424469608,
      0.04475491157004456
    ]
  },
  {
    "label_id": "ZF1-vGaHNjltsRoVWjqYiQ",
    "size": [
      2.091638499224566,
      4.67170689046401,
      1.5999999999999943
    ],
    "obj_class": "vehicle",
    "point_num_in_lidar": 26,
    "speed": 0.0078076618638035075,
    "if_vehicle": true,
    "motion_state": false,
    "pose": [
      [
        -0.9939669294593589,
        0.0837335899781644,
        0.07084087132794242,
        50.50879866246032
      ],
      [
        -0.0853229463559446,
        -0.9961583773583853,
        -0.019709947839850212,
        10.65716335192701
      ],
      [
        0.06891834274178425,
        -0.02563538819830245,
        0.9972928802040293,
        -1.83656282960132
      ],
      [
        0.0,
        0.0,
        0.0,
        1.0
      ]
    ],
    "location": [
      50.50879866246032,
      10.65716335192701,
      -1.83656282960132
    ],
    "rotation": [
      -0.02569931540343289,
      -0.06897301702727644,
      -3.0559617397731227
    ]
  },
  {
    "label_id": "aRFz7j2dwLW0x6klYx_7gQ",
    "size": [
      2.1473687569924804,
      4.4856824184495885,
      1.920000000000016
    ],
    "obj_class": "vehicle",
    "point_num_in_lidar": 88,
    "speed": 0.014869308379363722,
    "if_vehicle": true,
    "motion_state": false,
    "pose": [
      [
        0.9956271772851967,
        -0.06089412780071023,
        0.07084087132794242,
        34.71524481916913
      ],
      [
        0.06243275871005734,
        0.997854532783212,
        -0.019709947839850212,
        -0.5557319714953337
      ],
      [
        -0.06948866447819445,
        0.024046550758656176,
        0.9972928802040293,
        -0.7494047115130797
      ],
      [
        0.0,
        0.0,
        0.0,
        1.0
      ]
    ],
    "location": [
      34.71524481916913,
      -0.5557319714953337,
      -0.7494047115130797
    ],
    "rotation": [
      0.02410715327357517,
      0.06954470936753802,
      0.06262496717647822
    ]
  },
  {
    "label_id": "asdOT76Zl6kcy5908IDPgQ",
    "size": [
      1.8829911936268877,
      3.830012521744248,
      1.460000000000008
    ],
    "obj_class": "vehicle",
    "point_num_in_lidar": 233,
    "speed": 4.549693413077341e-13,
    "if_vehicle": true,
    "motion_state": false,
    "pose": [
      [
        -0.08684826373559865,
        -0.9936996276720695,
        0.07084087132794242,
        14.430674850681044
      ],
      [
        0.9958860837778912,
        -0.08844448028953242,
        -0.019709947839850212,
        36.65093942277963
      ],
      [
        0.025851251877752574,
        0.06883766316998786,
        0.9972928802040293,
        1.570957036168437
      ],
      [
        0.0,
        0.0,
        0.0,
        1.0
      ]
    ],
    "location": [
      14.430674850681044,
      36.65093942277963,
      1.570957036168437
    ],
    "rotation": [
      0.06891521333160115,
      -0.02585413208755754,
      1.6577832845287592
    ]
  },
  {
    "label_id": "cPrxNWhkfFseBGIlnuWdzg",
    "size": [
      0.8215701562718307,
      1.2015272597505833,
      1.740000000000009
    ],
    "obj_class": "pedestrian",
    "point_num_in_lidar": 22,
    "speed": 1.1989073953218543,
    "if_vehicle": false,
    "motion_state": true,
    "pose": [
      [
        -0.995544175032393,
        0.06223637608802258,
        0.07084087132794242,
        50.91894421237066
      ],
      [
        -0.06377800851762905,
        -0.9977694541253885,
        -0.019709947839850212,
        -2.4790573053778644
      ],
      [
        0.06945618178821177,
        -0.024140213457104952,
        0.9972928802040293,
        -1.1547072816557034
      ],
      [
        0.0,
        0.0,
        0.0,
        1.0
      ]
    ],
    "location": [
      50.91894421237066,
      -2.4790573053778644,
      -1.1547072816557034
    ],
    "rotation": [
      -0.024201015434021887,
      -0.06951214800514673,
      -3.0776166158448848
    ]
  },
  {
    "label_id": "exueily1Lt7uON4yqBxITg",
    "size": [
      0.7588241951168536,
      0.07151227768081742,
      0.75
    ],
    "obj_class": "sign",
    "point_num_in_lidar": 177,
    "speed": 0.010685509649192876,
    "if_vehicle": false,
    "motion_state": false,
    "pose": [
      [
        -0.018817258007413164,
        -0.9973101231565736,
        0.07084087132794242,
        7.483420871303224
      ],
      [
        0.9996004350711529,
        -0.020260507439657606,
        -0.019709947839850212,
        13.253183398261172
      ],
      [
        0.021092202508142265,
        0.07044167862641568,
        0.9972928802040293,
        1.8718297504971417
      ],
      [
        0.0,
        0.0,
        0.0,
        1.0
      ]
    ],
    "location": [
      7.483420871303224,
      13.253183398261172,
      1.8718297504971417
    ],
    "rotation": [
      0.07051577806794182,
      -0.021093766741363807,
      1.5896188833364024
    ]
  },
  {
    "label_id": "fZoqQ9qukc5jFPQ00JLwfg",
    "size": [
      2.1630520422499475,
      4.678952886478576,
      1.8700000000000045
    ],
    "obj_class": "vehicle",
    "point_num_in_lidar": 1797,
    "speed": 0.6279332925956651,
    "if_vehicle": true,
    "motion_state": false,
    "pose": [
      [
        -0.09778701758966914,
        -0.9926828648367088,
        0.07084087132794242,
        18.0606509011468
      ],
      [
        0.9948516085482675,
        -0.09940721767092822,
        -0.019709947839850212,
        -11.091352372539404
      ],
      [
        0.0266078214035396,
        0.06854877777545747,
        0.9972928802040293,
        0.12782802353518719
      ],
      [
        0.0,
        0.0,
        0.0,
        1.0
      ]
    ],
    "location": [
      18.0606509011468,
      -11.091352372539404,
      0.12782802353518719
    ],
    "rotation": [
      0.06862691159082855,
      -0.02661096202141286,
      1.6687746643209982
    ]
  },
  {
    "label_id": "gdywJfz_9bellnjvLvGrGw",
    "size": [
      1.0017507540681811,
      1.2747419405263642,
      1.9000000000000057
    ],
    "obj_class": "pedestrian",
    "point_num_in_lidar": 728,
    "speed": 1.5037186460887753,
    "if_vehicle": false,
    "motion_state": true,
    "pose": [
      [
        -0.9963571820682845,
        0.04747564312829499,
        0.07084087132794242,
        4.373570135637237
      ],
      [
        -0.04898412776660464,
        -0.9986050636678624,
        -0.019709947839850212,
        -6.065820454130517
      ],
      [
        0.06980631037300475,
        -0.023108226380651558,
        0.9972928802040293,
        0.25230235107162
      ],
      [
        0.0,
        0.0,
        0.0,
        1.0
      ]
    ],
    "location": [
      4.373570135637237,
      -6.065820454130517,
      0.25230235107162
    ],
    "rotation": [
      -0.023166807486719045,
      -0.06986312849190501,
      -3.0924689853513803
    ]
  },
  {
    "label_id": "iig7YiZ08rzCckmuNjqSSA",
    "size": [
      2.071593258536421,
      4.577422277222199,
      1.6800000000000068
    ],
    "obj_class": "vehicle",
    "point_num_in_lidar": 695,
    "speed": 0.002024834079923527,
    "if_vehicle": true,
    "motion_state": false,
    "pose": [
      [
        0.0846855160065621,
        0.9938862783680033,
        0.07084087132794242,
        8.229387756162396
      ],
      [
        -0.9960762030677077,
        0.086276970498328,
        -0.019709947839850212,
        22.485510608494224
      ],
      [
        -0.025701382471012932,
        -0.06889375903106477,
        0.9972928802040293,
        0.6392087605747463
      ],
      [
        0.0,
        0.0,
        0.0,
        1.0
      ]
    ],
    "location": [
      8.229387756162396,
      22.485510608494224,
      0.6392087605747463
    ],
    "rotation": [
      -0.06897119452975127,
      0.02570421286784818,
      -1.4859811756642574
    ]
  },
  {
    "label_id": "k_NOVkdWc5tiNnbaUVinuw",
    "size": [
      2.155448501400674,
      4.4419784152818895,
      1.740000000000009
    ],
    "obj_class": "vehicle",
    "point_num_in_lidar": 1033,
    "speed": 0.004863420805913358,
    "if_vehicle": true,
    "motion_state": false,
    "pose": [
      [
        -0.11232959919776202,
        -0.9911425891835987,
        0.07084087132794242,
        15.549981309979103
      ],
      [
        0.9932873471021259,
        -0.11398141972695168,
        -0.019709947839850212,
        21.399621677768664
      ],
      [
        0.027609911823316,
        0.06815133060667582,
        0.9972928802040293,
        0.6086551153110804
      ],
      [
        0.0,
        0.0,
        0.0,
        1.0
      ]
    ],
    "location": [
      15.549981309979103,
      21.399621677768664,
      0.6086551153110804
    ],
    "rotation": [
      0.0682302487452078,
      -0.02761342089976798,
      1.6834066177652531
    ]
  },
  {
    "label_id": "mmdNjYPoJf8KPcfkiO2WVw",
    "size": [
      2.069285539631951,
      4.3057734004472925,
      1.740000000000009
    ],
    "obj_class": "vehicle",
    "point_num_in_lidar": 398,
    "speed": 0.008486720932725301,
    "if_vehicle": true,
    "motion_state": false,
    "pose": [
      [
        -0.07837188139284006,
        -0.9944040522626828,
        0.07084087132794242,
        15.308319490015492
      ],
      [
        0.9966040397351298,
        -0.07994939611886133,
        -0.019709947839850212,
        26.501758362273904
      ],
      [
        0.025263336885036118,
        0.06905559284942013,
        0.9972928802040293,
        0.9586042036530955
      ],
      [
        0.0,
        0.0,
        0.0,
        1.0
      ]
    ],
    "location": [
      15.308319490015492,
      26.501758362273904,
      0.9586042036530955
    ],
    "rotation": [
      0.06913269512354864,
      -0.025266024986463083,
      1.6492737585048227
    ]
  },
  {
    "label_id": "neWc6a5SpHMFVBiTZbsQRA",
    "size": [
      2.157667668708494,
      4.838558424228969,
      1.75
    ],
    "obj_class": "vehicle",
    "point_num_in_lidar": 1127,
    "speed": 0.012661368552363186,
    "if_vehicle": true,
    "motion_state": false,
    "pose": [
      [
        0.09036981306836729,
        0.9933855584995617,
        0.07084087132794242,
        8.763543006332384
      ],
      [
        -0.9955663431995908,
        0.09197376932770118,
        -0.019709947839850212,
        16.28403378006624
      ],
      [
        -0.026095079501376368,
        -0.06874560291515783,
        0.9972928802040293,
        0.15532281442875728
      ],
      [
        0.0,
        0.0,
        0.0,
        1.0
      ]
    ],
    "location": [
      8.763543006332384,
      16.28403378006624,
      0.15532281442875728
    ],
    "rotation": [
      -0.06882334031538591,
      0.026098041997130082,
      -1.4802721445186395
    ]
  },
  {
    "label_id": "p2KLoLcoeq8jqmt5_98t0A",
    "size": [
      0.4155281545393613,
      0.06448166061818679,
      0.17850084365227303
    ],
    "obj_class": "sign",
    "point_num_in_lidar": 31,
    "speed": 0.010949133547449037,
    "if_vehicle": false,
    "motion_state": false,
    "pose": [
      [
        -0.01881725801413099,
        -0.9973101231564471,
        0.07084087132794242,
        7.4826779550598985
      ],
      [
        0.9996004350710165,
        -0.020260507446390866,
        -0.019709947839850212,
        13.259638670660934
      ],
      [
        0.021092202508616757,
        0.07044167862627361,
        0.9972928802040293,
        1.3729520380313716
      ],
      [
        0.0,
        0.0,
        0.0,
        1.0
      ]
    ],
    "location": [
      7.4826779550598985,
      13.259638670660934,
      1.3729520380313716
    ],
    "rotation": [
      0.07051577806780007,
      -0.021093766741838403,
      1.589618883343123
    ]
  },
  {
    "label_id": "poNER0fr1zgf0U0PEnfldw",
    "size": [
      2.0585007434142235,
      4.589923589374125,
      1.7800000000000011
    ],
    "obj_class": "vehicle",
    "point_num_in_lidar": 4135,
    "speed": 0.003376794272651746,
    "if_vehicle": true,
    "motion_state": false,
    "pose": [
      [
        -0.9947561005068254,
        0.07376904129750031,
        0.07084087132794242,
        -4.6838245781109435
      ],
      [
        -0.07533635781197018,
        -0.9969633649978205,
        -0.019709947839850212,
        6.537594294757582
      ],
      [
        0.0691717695023136,
        -0.024943484084435936,
        0.9972928802040293,
        0.5962274308192548
      ],
      [
        0.0,
        0.0,
        0.0,
        1.0
      ]
    ],
    "location": [
      -4.6838245781109435,
      6.537594294757582,
      0.5962274308192548
    ],
    "rotation": [
      -0.02500597900336909,
      -0.06922705002744971,
      -3.0660034520908357
    ]
  },
  {
    "label_id": "tBnMwtSfMUdPA9bwMuVXzA",
    "size": [
      2.1071184373222924,
      4.94391362798015,
      1.5800000000000125
    ],
    "obj_class": "vehicle",
    "point_num_in_lidar": 1936,
    "speed": 4.848112876434075,
    "if_vehicle": true,
    "motion_state": true,
    "pose": [
      [
        0.0655540044879387,
        0.9953312229831299,
        0.07084087132794242,
        12.173174442384152
      ],
      [
        -0.9975513517268167,
        0.06710304482027123,
        -0.019709947839850212,
        10.945137178356163
      ],
      [
        -0.0243715646521978,
        -0.06937534094154388,
        0.9972928802040293,
        -0.08714174038209421
      ],
      [
        0.0,
        0.0,
        0.0,
        1.0
      ]
    ],
    "location": [
      12.173174442384152,
      10.945137178356163,
      -0.08714174038209421
    ],
    "rotation": [
      -0.06945177421088972,
      0.024373977973198065,
      -1.5051757607738556
    ]
  },
  {
    "label_id": "vNvpD12q14e1m0Ldy5Yr0A",
    "size": [
      2.3958990595708713,
      5.002370273678711,
      1.9099999999999966
    ],
    "obj_class": "vehicle",
    "point_num_in_lidar": 1001,
    "speed": 0.008325761865729463,
    "if_vehicle": true,
    "motion_state": false,
    "pose": [
      [
        0.051801733127021854,
        0.9961416321962127,
        0.07084087132794242,
        11.65928319928662
      ],
      [
        -0.9983829422252578,
        0.0533199646454139,
        -0.019709947839850212,
        -19.282324983631042
      ],
      [
        -0.02341113236634681,
        -0.06970530808824461,
        0.9972928802040293,
        0.3752821949528311
      ],
      [
        0.0,
        0.0,
        0.0,
        1.0
      ]
    ],
    "location": [
      11.65928319928662,
      -19.282324983631042,
      0.3752821949528311
    ],
    "rotation": [
      -0.06978103612051527,
      0.02341327142722878,
      -1.5189571773046473
    ]
  },
  {
    "label_id": "vPy9W0Cmj-SFneQRaife3A",
    "size": [
      2.6728488425893073,
      6.188632361968968,
      2.259999999999991
    ],
    "obj_class": "vehicle",
    "point_num_in_lidar": 75,
    "speed": 0.0033202127092698207,
    "if_vehicle": true,
    "motion_state": false,
    "pose": [
      [
        -0.9933885319724273,
        0.09033712135752145,
        0.07084087132794242,
        59.24807369004702
      ],
      [
        -0.09194100584780421,
        -0.9955693694564155,
        -0.019709947839850212,
        11.398578644555528
      ],
      [
        0.06874646164974373,
        -0.02609281711490782,
        0.9972928802040293,
        -2.001896338401764
      ],
      [
        0.0,
        0.0,
        0.0,
        1.0
      ]
    ],
    "location": [
      59.24807369004702,
      11.398578644555528,
      -2.001896338401764
    ],
    "rotation": [
      -0.026157677699088028,
      -0.06880072730473022,
      -3.0493026578309252
    ]
  },
  {
    "label_id": "weeQq-6LKvQs2E_0jsJGRA",
    "size": [
      2.1090813335241867,
      4.508483162875747,
      1.8900000000000148
    ],
    "obj_class": "vehicle",
    "point_num_in_lidar": 71,
    "speed": 0.011134332528284264,
    "if_vehicle": true,
    "motion_state": false,
    "pose": [
      [
        0.08849810018280645,
        0.9935540534935839,
        0.07084087132794242,
        7.374359378226927
      ],
      [
        -0.9957378561996251,
        0.0900979449661605,
        -0.019709947839850212,
        33.91701044041292
      ],
      [
        -0.025965515496690104,
        -0.06879464440886993,
        0.9972928802040293,
        1.6361363297019693
      ],
      [
        0.0,
        0.0,
        0.0,
        1.0
      ]
    ],
    "location": [
      7.374359378226927,
      33.91701044041292,
      1.6361363297019693
    ],
    "rotation": [
      -0.06887228220999693,
      0.02596843407527863,
      -1.4821523335560152
    ]
  },
  {
    "label_id": "zP3W4pR_Dkt0kqTwQldWqw",
    "size": [
      2.071869919683925,
      4.414748533014121,
      1.9000000000000057
    ],
    "obj_class": "vehicle",
    "point_num_in_lidar": 64,
    "speed": 0.002865032963132918,
    "if_vehicle": true,
    "motion_state": false,
    "pose": [
      [
        -0.995245287131582,
        0.066846012535322,
        0.07084087132794242,
        29.2429870808096
      ],
      [
        -0.0683979335647443,
        -0.9974634031583431,
        -0.019709947839850212,
        9.314897491269221
      ],
      [
        0.06934364517709857,
        -0.02446160190797744,
        0.9972928802040293,
        -0.6679336366445341
      ],
      [
        0.0,
        0.0,
        0.0,
        1.0
      ]
    ],
    "location": [
      29.2429870808096,
      9.314897491269221,
      -0.6679336366445341
    ],
    "rotation": [
      -0.02452308505379385,
      -0.06939933940333592,
      -3.0729758457438683
    ]
  }
]