[
  {
    "label_id": "-G86PjIy35Dnhvmt_7sZlw",
    "size": [
      2.2279015557208224,
      4.6671900838050675,
      1.8700000000000045
    ],
    "obj_class": "vehicle",
    "point_num_in_lidar": 804,
    "speed": 2.929642751054232e-13,
    "if_vehicle": true,
    "motion_state": false,
    "pose": [
      [
        -0.06822701391966121,
        -0.9949007946949526,
        0.07427976364365892,
        18.617792817342433
      ],
      [
        0.9973656517804053,
        -0.06985526779012864,
        -0.019544774509227657,
        -18.57580561231225
      ],
      [
        0.02463394447207951,
        0.07275060327805462,
        0.9970458958856536,
        0.3009968221566055
      ],
      [
        0.0,
        0.0,
        0.0,
        1.0
      ]
    ],
    "location": [
      18.617792817342433,
      -18.57580561231225,
      0.3009968221566055
    ],
    "rotation": [
      0.07283707293222405,
      -0.024636436593770544,
      1.6390971427979797
    ]
  },
  {
    "label_id": "10t7lCtA-oADlgKbKqqaGQ",
    "size": [
      1.940938061761765,
      4.35531691411666,
      1.5900000000000034
    ],
    "obj_class": "vehicle",
    "point_num_in_lidar": 64,
    "speed": 1.9945885082418897e-12,
    "if_vehicle": true,
    "motion_state": false,
    "pose": [
      [
        0.9919641362881014,
        -0.10241908528805982,
        0.07427976364365892,
        57.06252341989148
      ],
      [
        0.1041311856381344,
        0.9943715090281798,
        -0.019544774509227657,
        1.610238230023242
      ],
      [
        -0.07185992273720516,
        0.02712255522212631,
        0.9970458958856536,
        -2.1516134094025574
      ],
      [
        0.0,
        0.0,
        0.0,
        1.0
      ]
    ],
    "location": [
      57.06252341989148,
      1.610238230023242,
      -2.1516134094025574
    ],
    "rotation": [
      0.02719620840443006,
      0.07192191251880004,
      0.10459168133947751
    ]
  },
  {
    "label_id": "1cey-IEbE8XPL2SyOdH_ig",
    "size": [
      2.144919435593506,
      4.755202036269388,
      1.5
    ],
    "obj_class": "vehicle",
    "point_num_in_lidar": 66,
    "speed": 0.30481892515487913,
    "if_vehicle": true,
    "motion_state": false,
    "pose": [
      [
        -0.9914940008971341,
        -0.10687451940493502,
        0.07427976364365892,
        42.453419490538636
      ],
      [
        0.10570258078916918,
        -0.9942056961232381,
        -0.019544774509227657,
        9.661486906983555
      ],
      [
        0.07593820250376504,
        -0.011526963957242205,
        0.9970458958856536,
        -1.4346977610093745
      ],
      [
        0.0,
        0.0,
        0.0,
        1.0
      ]
    ],
    "location": [
      42.453419490538636,
      9.661486906983555,
      -1.4346977610093745
    ],
    "rotation": [
      -0.011560601656906297,
      -0.07601137688951819,
      3.0353844132206516
    ]
  },
  {
    "label_id": "6GQJCYvdj35m3AkilVFa3A",
    "size": [
      1.9227345516098806,
      3.8913786098047867,
      1.7199999999999989
    ],
    "obj_class": "vehicle",
    "point_num_in_lidar": 65,
    "speed": 0.014749643282671138,
    "if_vehicle": true,
    "motion_state": false,
    "pose": [
      [
        0.9957612159068865,
        -0.054241290625139736,
        0.07427976364365892,
        44.399864552619874
      ],
      [
        0.055834750954384164,
        0.9982487076752191,
        -0.019544774509227657,
        0.2175188099281513
      ],
      [
        -0.0730895442693454,
        0.02360932053392867,
        0.9970458958856536,
        -1.3919840307802076
      ],
      [
        0.0,
        0.0,
        0.0,
        1.0
      ]
    ],
    "location": [
      44.399864552619874,
      0.2175188099281513,
      -1.3919840307802076
    ],
    "rotation": [
      0.023674847337589063,
      0.07315477625505339,
      0.056013774389690345
    ]
  },
  {
    "label_id": "6kV2629tjfAKv8UQAUpQIw",
    "size": [
      2.01855516802371,
      4.332165675849257,
      1.5699999999999932
    ],
    "obj_class": "vehicle",
    "point_num_in_lidar": 381,
    "speed": 0.0031409863473345983,
    "if_vehicle": true,
    "motion_state": false,
    "pose": [
      [
        0.9967732213997094,
        -0.03042469085279463,
        0.07427976364365892,
        29.418415214563083
      ],
      [
        0.03195823885151803,
        0.9992980900406507,
        -0.019544774509227657,
        -0.7705528028964181
      ],
      [
        -0.0736329822155485,
        0.021855558277452135,
        0.9970458958856536,
        -0.5033343076045185
      ],
      [
        0.0,
        0.0,
        0.0,
        1.0
      ]
    ],
    "location": [
      29.418415214563083,
      -0.7705528028964181,
      -0.5033343076045185
    ],
    "rotation": [
      0.02191680327217044,
      0.07369968249490781,
      0.032050715649117566
    ]
  },
  {
    "label_id": "9ojEvP_IkP8ziMOD-24fCQ",
    "size": [
      2.047061630868589,
      4.486385603924427,
      1.4699999999999989
    ],
    "obj_class": "vehicle",
    "point_num_in_lidar": 1333,
    "speed": 0.008825975837107753,
    "if_vehicle": true,
    "motion_state": false,
    "pose": [
      [
        0.08819021312261975,
        0.9933302587872923,
        0.07427976364365892,
        10.862396152722795
      ],
      [
        -0.995761924663855,
        0.08986763143155693,
        -0.019544774509227657,
        -9.77844413394996
      ],
      [
        -0.026089762343141885,
        -0.07224130257998372,
        0.9970458958856536,
        0.002702322411437308
      ],
      [
        0.0,
        0.0,
        0.0,
        1.0
      ]
    ],
    "location": [
      10.862396152722795,
      -9.77844413394996,
      0.002702322411437308
    ],
    "rotation": [
      -0.07232894963311119,
      0.02609272302797184,
      -1.4824612476468795
    ]
  },
  {
    "label_id": "C7N3XXk6WR3gQXpwt59PzA",
    "size": [
      2.3073788309823624,
      5.053288138911819,
      2.0999999999999943
    ],
    "obj_class": "vehicle",
    "point_num_in_lidar": 124,
    "speed": 8.075994416920345,
    "if_vehicle": true,
    "motion_state": true,
    "pose": [
      [
        0.0697394700540945,
        0.9947959202920045,
        0.07427976364365892,
        9.94941655555067
      ],
      [
        -0.9972582991153986,
        0.07137146933365872,
        -0.019544774509227657,
        37.47507045133898
      ],
      [
        -0.02474451781781166,
        -0.0727130685333688,
        0.9970458958856536,
        1.9354155277960388
      ],
      [
        0.0,
        0.0,
        0.0,
        1.0
      ]
    ],
    "location": [
      9.94941655555067,
      37.47507045133898,
      1.9354155277960388
    ],
    "rotation": [
      -0.07279962624302458,
      0.024747043655414965,
      -1.5009787895261413
    ]
  },
  {
    "label_id": "CZqAJKroo0JigZQamJxBgw",
    "size": [
      2.065816711740848,
      4.364933663449352,
      1.700000000000017
    ],
    "obj_class": "vehicle",
    "point_num_in_lidar": 48,
    "speed": 0.007878343562418134,
    "if_vehicle": true,
    "motion_state": false,
    "pose": [
      [
        -0.1272643678004436,
        -0.9890835644177876,
        0.07427976364365892,
        13.504493515074955
      ],
      [
        0.9914472421586698,
        -0.12903630421455542,
        -0.019544774509227657,
        49.57115478382002
      ],
      [
        0.028916201415837253,
        0.07115711344098437,
        0.9970458958856536,
        2.8045665169802874
      ],
      [
        0.0,
        0.0,
        0.0,
        1.0
      ]
    ],
    "location": [
      13.504493515074955,
      49.57115478382002,
      2.8045665169802874
    ],
    "rotation": [
      0.0712471426330425,
      -0.0289202326305832,
      1.6984604322407526
    ]
  },
  {
    "label_id": "EENp0Fqicu7Uz2meQc79Hw",
    "size": [
      0.4835235466275888,
      0.09322347433545763,
      0.47999999999998977
    ],
    "obj_class": "sign",
    "point_num_in_lidar": 117,
    "speed": 0.007394982512538682,
    "if_vehicle": false,
    "motion_state": false,
    "pose": [
      [
        0.996304719232963,
        -0.04312102905971443,
        0.07427976364365892,
        -1.0903069034516193
      ],
      [
        0.04468661921678667,
        0.9988098456925407,
        -0.019544774509227657,
        8.654149337424315
      ],
      [
        -0.07334856847342339,
        0.022791862593344737,
        0.9970458958856536,
        1.9503395520475237
      ],
      [
        0.0,
        0.0,
        0.0,
        1.0
      ]
    ],
    "location": [
      -1.0903069034516193,
      8.654149337424315,
      1.9503395520475237
    ],
    "rotation": [
      0.02285541112547104,
      0.07341449758239227,
      0.04482232052548362
    ]
  },
  {
    "label_id": "NXG3IQg-7AGdDP54x0y-Ww",
    "size": [
      2.1501117497804265,
      4.509298866515579,
      1.740000000000009
    ],
    "obj_class": "vehicle",
    "point_num_in_lidar": 312,
    "speed": 0.010166654471785939,
    "if_vehicle": true,
    "motion_state": false,
    "pose": [
      [
        0.06622915315520203,
        0.9950357862837833,
        0.07427976364365892,
        7.641664356883211
      ],
      [
        -0.9975039078724651,
        0.0678524544032396,
        -0.019544774509227657,
        28.636769187331083
      ],
      [
        -0.02448781434724337,
        -0.07279992064603731,
        0.9970458958856536,
        1.0157230093980445
      ],
      [
        0.0,
        0.0,
        0.0,
        1.0
      ]
    ],
    "location": [
      7.641664356883211,
      28.636769187331083,
      1.0157230093980445
    ],
    "rotation": [
      -0.07288627429192054,
      0.024490262373318757,
      -1.5044987510736174
    ]
  },
  {
    "label_id": "Nx6yXW6ayqyL8X2hVv-MUA",
    "size": [
      2.142354551914619,
      4.746408458305702,
      1.7700000000000102
    ],
    "obj_class": "vehicle",
    "point_num_in_lidar": 630,
    "speed": 1.9708504986750488,
    "if_vehicle": true,
    "motion_state": true,
    "pose": [
      [
        -0.9921426412781157,
        -0.10067520087254056,
        0.07427976364365892,
        24.422168669201255
      ],
      [
        0.09948633597837543,
        -0.9948469584528975,
        -0.019544774509227657,
        6.3568222531375795
      ],
      [
        0.0758646710352192,
        -0.01200138268252295,
        0.9970458958856536,
        -0.21794566588070552
      ],
      [
        0.0,
        0.0,
        0.0,
        1.0
      ]
    ],
    "location": [
      24.422168669201255,
      6.3568222531375795,
      -0.21794566588070552
    ],
    "rotation": [
      -0.012036359774258168,
      -0.07593763269293531,
      3.04165249704436
    ]
  },
  {
    "label_id": "WWv9wtVzT42U162-yTuOoA",
    "size": [
      2.026152920933927,
      4.6105153086884325,
      1.5699999999999932
    ],
    "obj_class": "vehicle",
    "point_num_in_lidar": 3971,
    "speed": 0.013224890094860638,
    "if_vehicle": true,
    "motion_state": false,
    "pose": [
      [
        -0.9951797597115855,
        0.06402938835747923,
        0.07427976364365892,
        0.3472189426083787
      ],
      [
        -0.0656472296670507,
        -0.9976514637018404,
        -0.019544774509227657,
        7.032114537585585
      ],
      [
        0.07285387496511238,
        -0.02432682470323982,
        0.9970458958856536,
        0.09622656062074952
      ],
      [
        0.0,
        0.0,
        0.0,
        1.0
      ]
    ],
    "location": [
      0.3472189426083787,
      7.032114537585585,
      0.09622656062074952
    ],
    "rotation": [
      -0.024394061720028743,
      -0.07291847697900423,
      -3.075722887267199
    ]
  },
  {
    "label_id": "X4H9yiCRjWTn4rPCsOkVdA",
    "size": [
      1.9697740761117497,
      4.4188602944795115,
      1.6500000000000057
    ],
    "obj_class": "vehicle",
    "point_num_in_lidar": 863,
    "speed": 0.004670100819847935,
    "if_vehicle": true,
    "motion_state": false,
    "pose": [
      [
        -0.1034210950471579,
        -0.9918601684775374,
        0.07427976364365892,
        15.978082099696621
      ],
      [
        0.9942658104603095,
        -0.10513562640269569,
        -0.019544774509227657,
        16.2678404924809
      ],
      [
        0.027195132817298285,
        0.07183248741776867,
        0.9970458958856536,
        0.1184722575133037
      ],
      [
        0.0,
        0.0,
        0.0,
        1.0
      ]
    ],
    "location": [
      15.978082099696621,
      16.2678404924809,
      0.1184722575133037
    ],
    "rotation": [
      0.07192105248381236,
      -0.027198486074599213,
      1.674441150358092
    ]
  },
  {
    "label_id": "XrzRs3LbaboaBImF0mOdjQ",
    "size": [
      1.8680092805957826,
      4.653371289880262,
      1.8600000000000136
    ],
    "obj_class": "vehicle",
    "point_num_in_lidar": 327,
    "speed": 0.003322179609707239,
    "if_vehicle": true,
    "motion_state": false,
    "pose": [
      [
        -0.08236827039768774,
        -0.993829957661136,
        0.07427976364365892,
        14.998664835111413
      ],
      [
        0.9962714106427494,
        -0.08403141153931389,
        -0.019544774509227657,
        31.55675063624949
      ],
      [
        0.025666015810785443,
        0.07239293563584018,
        0.9970458958856536,
        1.3565853561151187
      ],
      [
        0.0,
        0.0,
        0.0,
        1.0
      ]
    ],
    "location": [
      14.998664835111413,
      31.55675063624949,
      1.3565853561151187
    ],
    "rotation": [
      0.07248023606776248,
      -0.02566883453699343,
      1.6532852568690202
    ]
  },
  {
    "label_id": "ZCSiMZdHr7H2v9WzSWCqWA",
    "size": [
      0.4835235466275888,
      0.09322347433545763,
      0.5600000000000023
    ],
    "obj_class": "sign",
    "point_num_in_lidar": 85,
    "speed": 0.007939397302385817,
    "if_vehicle": false,
    "motion_state": false,
    "pose": [
      [
        0.996304719232963,
        -0.04312102905971443,
        0.07427976364365892,
        -1.0909837175986468
      ],
      [
        0.04468661921678667,
        0.9988098456925407,
        -0.019544774509227657,
        8.653867358012576
      ],
      [
        -0.07334856847342339,
        0.022791862593344737,
        0.9970458958856536,
        1.416178475634979
      ],
      [
        0.0,
        0.0,
        0.0,
        1.0
      ]
    ],
    "location": [
      -1.0909837175986468,
      8.653867358012576,
      1.416178475634979
    ],
    "rotation": [
      0.02285541112547104,
      0.07341449758239227,
      0.04482232052548362
    ]
  },
  {
    "label_id": "ZF1-vGaHNjltsRoVWjqYiQ",
    "size": [
      2.0916384992245676,
      4.67170689046401,
      1.5999999999999943
    ],
    "obj_class": "vehicle",
    "point_num_in_lidar": 29,
    "speed": 0.0064115187815024935,
    "if_vehicle": true,
    "motion_state": false,
    "pose": [
      [
        -0.9937176255338286,
        0.08371258816003636,
        0.07427976364365892,
        50.50316279502749
      ],
      [
        -0.08537903043006259,
        -0.9961568264847688,
        -0.019544774509227657,
        10.654468949909642
      ],
      [
        0.07235814996413423,
        -0.02576392111737362,
        0.9970458958856536,
        -1.834229272124901
      ],
      [
        0.0,
        0.0,
        0.0,
        1.0
      ]
    ],
    "location": [
      50.50316279502749,
      10.654468949909642,
      -1.834229272124901
    ],
    "rotation": [
      -0.02583450688499803,
      -0.07242144014378449,
      -3.055884336256262
    ]
  },
  {
    "label_id": "aRFz7j2dwLW0x6klYx_7gQ",
    "size": [
      2.1473687569931017,
      4.4856824184495885,
      1.920000000000016
    ],
    "obj_class": "vehicle",
    "point_num_in_lidar": 91,
    "speed": 0.014869308004995143,
    "if_vehicle": true,
    "motion_state": false,
    "pose": [
      [
        0.9954844454739087,
        -0.059103599996502644,
        0.07427976364365892,
        34.72688086809012
      ],
      [
        0.060709189380054936,
        0.9979641256649459,
        -0.019544774509227657,
        -0.5532549859690334
      ],
      [
        -0.07297337284462767,
        0.02396598325237969,
        0.9970458958856536,
        -0.7428896819807562
      ],
      [
        0.0,
        0.0,
        0.0,
        1.0
      ]
    ],
    "location": [
      34.72688086809012,
      -0.5532549859690334,
      -0.7428896819807562
    ],
    "rotation": [
      0.02403236329095271,
      0.07303829377984837,
      0.06090913385596987
    ]
  },
  {
    "label_id": "asdOT76Zl6kcy5908IDPgQ",
    "size": [
      1.8829911936268908,
      3.830012521744248,
      1.460000000000008
    ],
    "obj_class": "vehicle",
    "point_num_in_lidar": 250,
    "speed": 4.549693413077341e-13,
    "if_vehicle": true,
    "motion_state": false,
    "pose": [
      [
        -0.08682648070395461,
        -0.9934503907904048,
        0.07427976364365892,
        14.430674850681044
      ],
      [
        0.99588435714482,
        -0.08850055922779167,
        -0.019544774509227657,
        36.65093942277781
      ],
      [
        0.02599056449587456,
        0.07227705067834583,
        0.9970458958856536,
        1.5702606468506417
      ],
      [
        0.0,
        0.0,
        0.0,
        1.0
      ]
    ],
    "location": [
      14.430674850681044,
      36.65093942277781,
      1.5702606468506417
    ],
    "rotation": [
      0.07236461631318732,
      -0.02599349153101,
      1.6577617265810156
    ]
  },
  {
    "label_id": "cPrxNWhkfFseBGIlnuWdzg",
    "size": [
      0.8215701562721761,
      1.2015272597505833,
      1.740000000000009
    ],
    "obj_class": "pedestrian",
    "point_num_in_lidar": 20,
    "speed": 1.2912618754642626,
    "if_vehicle": false,
    "motion_state": true,
    "pose": [
      [
        -0.9947973653996726,
        0.06971885331036602,
        0.07427976364365892,
        51.86848843759526
      ],
      [
        -0.07135080155781008,
        -0.9972597780450394,
        -0.019544774509227657,
        -2.359004401057973
      ],
      [
        0.07271358133752025,
        -0.024743010864610098,
        0.9970458958856536,
        -1.0346864807244458
      ],
      [
        0.0,
        0.0,
        0.0,
        1.0
      ]
    ],
    "location": [
      51.86848843759526,
      -2.359004401057973,
      -1.0346864807244458
    ],
    "rotation": [
      -0.02481122836650438,
      -0.07277781026762048,
      -3.06999131073176
    ]
  },
  {
    "label_id": "exueily1Lt7uON4yqBxITg",
    "size": [
      0.7588241951168543,
      0.07151227768081742,
      0.75
    ],
    "obj_class": "sign",
    "point_num_in_lidar": 166,
    "speed": 0.010685509380918154,
    "if_vehicle": false,
    "motion_state": false,
    "pose": [
      [
        -0.018812538316884977,
        -0.9970599807008191,
        0.07427976364365892,
        7.491879530486585
      ],
      [
        0.9996025403294125,
        -0.02031657344062534,
        -0.019544774509227657,
        13.251941385540704
      ],
      [
        0.02099642276819108,
        0.07388255361392007,
        0.9970458958856536,
        1.8718297504970565
      ],
      [
        0.0,
        0.0,
        0.0,
        1.0
      ]
    ],
    "location": [
      7.491879530486585,
      13.251941385540704,
      1.8718297504970565
    ],
    "rotation": [
      0.07396627113242511,
      -0.020997965785672933,
      1.589614123808679
    ]
  },
  {
    "label_id": "fZoqQ9qukc5jFPQ00JLwfg",
    "size": [
      2.163052042249946,
      4.678952886478576,
      1.8700000000000045
    ],
    "obj_class": "vehicle",
    "point_num_in_lidar": 1746,
    "speed": 0.5985125233390843,
    "if_vehicle": true,
    "motion_state": false,
    "pose": [
      [
        -0.0977624909312568,
        -0.992433882976573,
        0.07427976364365892,
        18.106833363222904
      ],
      [
        0.9948492643995909,
        -0.0994632741919158,
        -0.019544774509227657,
        -11.61196536659736
      ],
      [
        0.026785004956294295,
        0.07198642237995773,
        0.9970458958856536,
        0.13460685147921936
      ],
      [
        0.0,
        0.0,
        0.0,
        1.0
      ]
    ],
    "location": [
      18.106833363222904,
      -11.61196536659736,
      0.13460685147921936
    ],
    "rotation": [
      0.07207464459946694,
      -0.026788208747393617,
      1.6687504759235057
    ]
  },
  {
    "label_id": "gdywJfz_9bellnjvLvGrGw",
    "size": [
      1.0017507540681814,
      1.2747419405263642,
      1.9000000000000057
    ],
    "obj_class": "pedestrian",
    "point_num_in_lidar": 418,
    "speed": 1.5046867859440716,
    "if_vehicle": false,
    "motion_state": true,
    "pose": [
      [
        -0.9961072786264717,
        0.0474637354240755,
        0.07427976364365892,
        5.569891391137844
      ],
      [
        -0.049040231114727426,
        -0.9986055565244955,
        -0.019544774509227657,
        -5.93820525531919
      ],
      [
        0.0732485167056548,
        -0.023111388923987158,
        0.9970458958856536,
        0.20962881760772234
      ],
      [
        0.0,
        0.0,
        0.0,
        1.0
      ]
    ],
    "location": [
      5.569891391137844,
      -5.93820525531919,
      0.20962881760772234
    ],
    "rotation": [
      -0.02317571443433416,
      -0.07331417595380378,
      -3.0924004944592856
    ]
  },
  {
    "label_id": "iig7YiZ08rzCckmuNjqSSA",
    "size": [
      2.071593258536421,
      4.577422277222199,
      1.6800000000000068
    ],
    "obj_class": "vehicle",
    "point_num_in_lidar": 706,
    "speed": 0.018656429288597662,
    "if_vehicle": true,
    "motion_state": false,
    "pose": [
      [
        0.08466427542908461,
        0.9936369946711476,
        0.07427976364365892,
        8.230528026109369
      ],
      [
        -0.9960745984806979,
        0.08633305306138439,
        -0.019544774509227657,
        22.48480557601215
      ],
      [
        -0.025833209780909323,
        -0.0723334415743501,
        0.9970458958856536,
        0.641314339976617
      ],
      [
        0.0,
        0.0,
        0.0,
        1.0
      ]
    ],
    "location": [
      8.230528026109369,
      22.48480557601215,
      0.641314339976617
    ],
    "rotation": [
      -0.07242087840081463,
      0.025836083963250298,
      -1.4860022109793083
    ]
  },
  {
    "label_id": "k_NOVkdWc5tiNnbaUVinuw",
    "size": [
      2.1554485014006683,
      4.4419784152818895,
      1.740000000000009
    ],
    "obj_class": "vehicle",
    "point_num_in_lidar": 690,
    "speed": 0.0008800752826650701,
    "if_vehicle": true,
    "motion_state": false,
    "pose": [
      [
        -0.11230142501087434,
        -0.9908939936509702,
        0.07427976364365892,
        15.546093556141841
      ],
      [
        0.9932841813964522,
        -0.1140374358575413,
        -0.019544774509227657,
        21.399458674488415
      ],
      [
        0.027837473450483357,
        0.07158600819621122,
        0.9970458958856536,
        0.6033807835456457
      ],
      [
        0.0,
        0.0,
        0.0,
        1.0
      ]
    ],
    "location": [
      15.546093556141841,
      21.399458674488415,
      0.6033807835456457
    ],
    "rotation": [
      0.071675115148953,
      -0.027841070030162278,
      1.6833789670515649
    ]
  },
  {
    "label_id": "mmdNjYPoJf8KPcfkiO2WVw",
    "size": [
      2.069285539631834,
      4.3057734004472925,
      1.740000000000009
    ],
    "obj_class": "vehicle",
    "point_num_in_lidar": 385,
    "speed": 0.008486720717288256,
    "if_vehicle": true,
    "motion_state": false,
    "pose": [
      [
        -0.07804366159946831,
        -0.994178909249834,
        0.07427976364365892,
        15.308341246950931
      ],
      [
        0.9966275749083913,
        -0.07969616503698378,
        -0.019544774509227657,
        26.50854845836693
      ],
      [
        0.025350814905371104,
        0.0725039149371122,
        0.9970458958856536,
        0.9586042036529818
      ],
      [
        0.0,
        0.0,
        0.0,
        1.0
      ]
    ],
    "location": [
      15.308341246950931,
      26.50854845836693,
      0.9586042036529818
    ],
    "rotation": [
      0.07259095957309167,
      -0.025353531032854208,
      1.6489445980202457
    ]
  },
  {
    "label_id": "neWc6a5SpHMFVBiTZbsQRA",
    "size": [
      2.1576676687088012,
      4.838558424228969,
      1.75
    ],
    "obj_class": "vehicle",
    "point_num_in_lidar": 1153,
    "speed": 0.012374700688354874,
    "if_vehicle": true,
    "motion_state": false,
    "pose": [
      [
        0.08994175756237918,
        0.9931731958523812,
        0.07427976364365892,
        8.772651874890471
      ],
      [
        -0.9956018999159916,
        0.09162346136798843,
        -0.019544774509227657,
        16.279600962476252
      ],
      [
        -0.026217115216171885,
        -0.07219518243841729,
        0.9970458958856536,
        0.1580793080232752
      ],
      [
        0.0,
        0.0,
        0.0,
        1.0
      ]
    ],
    "location": [
      8.772651874890471,
      16.279600962476252,
      0.1580793080232752
    ],
    "rotation": [
      -0.07228293426041812,
      0.02622011947827747,
      -1.4807018093935918
    ]
  },
  {
    "label_id": "p2KLoLcoeq8jqmt5_98t0A",
    "size": [
      0.4155281545393628,
      0.06448166061818679,
      0.17850084365227303
    ],
    "obj_class": "sign",
    "point_num_in_lidar": 34,
    "speed": 0.010949133272208408,
    "if_vehicle": false,
    "motion_state": false,
    "pose": [
      [
        -0.018812538323594037,
        -0.9970599807006926,
        0.07427976364365892,
        7.491339301811877
      ],
      [
        0.999602540329276,
        -0.020316573447351504,
        -0.019544774509227657,
        13.26095152097696
      ],
      [
        0.020996422768688225,
        0.07388255361377881,
        0.9970458958856536,
        1.3725244467230482
      ],
      [
        0.0,
        0.0,
        0.0,
        1.0
      ]
    ],
    "location": [
      7.491339301811877,
      13.26095152097696,
      1.3725244467230482
    ],
    "rotation": [
      0.0739662711322842,
      -0.020997965786170185,
      1.589614123815391
    ]
  },
  {
    "label_id": "poNER0fr1zgf0U0PEnfldw",
    "size": [
      2.058500743414222,
      4.589923589374125,
      1.7800000000000011
    ],
    "obj_class": "vehicle",
    "point_num_in_lidar": 4131,
    "speed": 0.0033767941872595484,
    "if_vehicle": true,
    "motion_state": false,
    "pose": [
      [
        -0.9945065986436835,
        0.07375053875880008,
        0.07427976364365892,
        -4.681125224946754
      ],
      [
        -0.07539245461112758,
        -0.9969623762093995,
        -0.019544774509227657,
        6.5374808608048625
      ],
      [
        0.07261269201647995,
        -0.02503754092745961,
        0.9970458958856536,
        0.6005259304249932
      ],
      [
        0.0,
        0.0,
        0.0,
        1.0
      ]
    ],
    "location": [
      -4.681125224946754,
      6.5374808608048625,
      0.6005259304249932
    ],
    "rotation": [
      -0.02510644709656031,
      -0.0726766535428156,
      -3.065928475863122
    ]
  },
  {
    "label_id": "tBnMwtSfMUdPA9bwMuVXzA",
    "size": [
      2.1071184373222906,
      4.94391362798015,
      1.5800000000000125
    ],
    "obj_class": "vehicle",
    "point_num_in_lidar": 1499,
    "speed": 3.005445014561646,
    "if_vehicle": true,
    "motion_state": true,
    "pose": [
      [
        0.06553756242113797,
        0.995081576869423,
        0.07427976364365892,
        11.905007311893314
      ],
      [
        -0.997550826096914,
        0.06715914787091645,
        -0.019544774509227657,
        14.176703915689359
      ],
      [
        -0.024437210668560774,
        -0.0728169227056099,
        0.9970458958856536,
        0.0928601909251654
      ],
      [
        0.0,
        0.0,
        0.0,
        1.0
      ]
    ],
    "location": [
      11.905007311893314,
      14.176703915689359,
      0.0928601909251654
    ],
    "rotation": [
      -0.07290323627594818,
      0.024439643546843918,
      -1.50519213787647
    ]
  },
  {
    "label_id": "vNvpD12q14e1m0Ldy5Yr0A",
    "size": [
      2.39589905957102,
      5.002370273678711,
      1.9099999999999966
    ],
    "obj_class": "vehicle",
    "point_num_in_lidar": 1023,
    "speed": 0.008325761936001198,
    "if_vehicle": true,
    "motion_state": false,
    "pose": [
      [
        0.0511088355551211,
        0.9959269067764168,
        0.07427976364365892,
        11.653152159036381
      ],
      [
        -0.9984193984999202,
        0.0526944635463805,
        -0.019544774509227657,
        -19.28492958023162
      ],
      [
        -0.023379299118172207,
        -0.07316344627146414,
        0.9970458958856536,
        0.3742344082426712
      ],
      [
        0.0,
        0.0,
        0.0,
        1.0
      ]
    ],
    "location": [
      11.653152159036381,
      -19.28492958023162,
      0.3742344082426712
    ],
    "rotation": [
      -0.0732489338811866,
      0.023381429463731743,
      -1.5196512228514154
    ]
  },
  {
    "label_id": "vPy9W0Cmj-SFneQRaife3A",
    "size": [
      2.6728488425892785,
      6.188632361968968,
      2.259999999999991
    ],
    "obj_class": "vehicle",
    "point_num_in_lidar": 66,
    "speed": 0.0033202126267003118,
    "if_vehicle": true,
    "motion_state": false,
    "pose": [
      [
        -0.9931647318579773,
        0.09003517149711016,
        0.07427976364365892,
        59.249774394315864
      ],
      [
        -0.09171710373053256,
        -0.995593277735776,
        -0.019544774509227657,
        11.396537955326494
      ],
      [
        0.07219271623061845,
        -0.026223905521866625,
        0.9970458958856536,
        -2.001896338401764
      ],
      [
        0.0,
        0.0,
        0.0,
        1.0
      ]
    ],
    "location": [
      59.249774394315864,
      11.396537955326494,
      -2.001896338401764
    ],
    "rotation": [
      -0.02629554078752542,
      -0.07225557261856475,
      -3.0495055111908504
    ]
  },
  {
    "label_id": "weeQq-6LKvQs2E_0jsJGRA",
    "size": [
      2.1090813335241863,
      4.508483162875747,
      1.8900000000000148
    ],
    "obj_class": "vehicle",
    "point_num_in_lidar": 52,
    "speed": 0.011134332526793937,
    "if_vehicle": true,
    "motion_state": false,
    "pose": [
      [
        0.08847590334393453,
        0.9933048531244155,
        0.07427976364365892,
        7.36966759777124
      ],
      [
        -0.9957360364544879,
        0.09015402096018675,
        -0.019544774509227657,
        33.92458327201712
      ],
      [
        -0.026110538741686343,
        -0.07223379585895567,
        0.9970458958856536,
        1.631373690189804
      ],
      [
        0.0,
        0.0,
        0.0,
        1.0
      ]
    ],
    "location": [
      7.36966759777124,
      33.92458327201712,
      1.631373690189804
    ],
    "rotation": [
      -0.07232145998563612,
      0.02611350650676113,
      -1.4821742896306522
    ]
  },
  {
    "label_id": "zP3W4pR_Dkt0kqTwQldWqw",
    "size": [
      2.0718699196839263,
      4.414748533014121,
      1.9000000000000057
    ],
    "obj_class": "vehicle",
    "point_num_in_lidar": 238,
    "speed": 0.002865032888384585,
    "if_vehicle": true,
    "motion_state": false,
    "pose": [
      [
        -0.9949956625720582,
        0.06682924641078136,
        0.07427976364365892,
        29.24406666195091
      ],
      [
        -0.06845403588578775,
        -0.9974628047001705,
        -0.019544774509227657,
        9.31691963287085
      ],
      [
        0.07278513882474945,
        -0.024531715468681308,
        0.9970458958856536,
        -0.6684368527330093
      ],
      [
        0.0,
        0.0,
        0.0,
        1.0
      ]
    ],
    "location": [
      29.24406666195091,
      9.31691963287085,
      -0.6684368527330093
    ],
    "rotation": [
      -0.024599436254052403,
      -0.07284955786772938,
      -3.072902566076817
    ]
  }
]