[
  {
    "label_id": "10t7lCtA-oADlgKbKqqaGQ",
    "size": [
      1.9409380617617649,
      4.35531691411666,
      1.5900000000000034
    ],
    "obj_class": "vehicle",
    "point_num_in_lidar": 352,
    "speed": 1.9945885082418897e-12,
    "if_vehicle": true,
    "motion_state": false,
    "pose": [
      [
        0.9928517997476971,
        -0.10251073545589139,
        0.06112980332089439,
        57.06252341989148
      ],
      [
        0.10396099833449808,
        0.9943590753481856,
        -0.021027127668702482,
        1.610238230021423
      ],
      [
        -0.05862946838453738,
        0.027231936930627552,
        0.9979083159529,
        -2.1894759337473033
      ],
      [
        0.0,
        0.0,
        0.0,
        1.0
      ]
    ],
    "location": [
      57.06252341989148,
      1.610238230021423,
      -2.1894759337473033
    ],
    "rotation": [
      0.02728224600037479,
      0.05866310941247411,
      0.10432929968131567
    ]
  },
  {
    "label_id": "1cey-IEbE8XPL2SyOdH_ig",
    "size": [
      2.144919435593836,
      4.755202036269388,
      1.5
    ],
    "obj_class": "vehicle",
    "point_num_in_lidar": 1211,
    "speed": 0.0499056556090504,
    "if_vehicle": true,
    "motion_state": false,
    "pose": [
      [
        -0.9902318558730764,
        0.12531567643400304,
        0.06112980332089439,
        42.78622883791195
      ],
      [
        -0.1268002177492192,
        -0.9917053819964651,
        -0.021027127668702482,
        9.301912361523136
      ],
      [
        0.05798772622644876,
        -0.028573004027115725,
        0.9979083159529,
        -1.423697165663043
      ],
      [
        0.0,
        0.0,
        0.0,
        1.0
      ]
    ],
    "location": [
      42.78622883791195,
      9.301912361523136,
      -1.423697165663043
    ],
    "rotation": [
      -0.02862507402054028,
      -0.05802027352634092,
      -3.0142346960295496
    ]
  },
  {
    "label_id": "6GQJCYvdj35m3AkilVFa3A",
    "size": [
      1.9227345516098808,
      3.8913786098047867,
      1.7199999999999989
    ],
    "obj_class": "vehicle",
    "point_num_in_lidar": 1129,
    "speed": 0.03658187588352877,
    "if_vehicle": true,
    "motion_state": false,
    "pose": [
      [
        0.9966522771998386,
        -0.05428982868203689,
        0.06112980332089439,
        44.3037243713261
      ],
      [
        0.055665365863631015,
        0.9982280435578196,
        -0.021027127668702482,
        0.20833834770201065
      ],
      [
        -0.05987992481328153,
        0.02435954754101345,
        0.9979083159529,
        -1.408562006754181
      ],
      [
        0.0,
        0.0,
        0.0,
        1.0
      ]
    ],
    "location": [
      44.3037243713261,
      0.20833834770201065,
      -1.408562006754181
    ],
    "rotation": [
      0.024405759971679136,
      0.05991576697249677,
      0.055794375652029826
    ]
  },
  {
    "label_id": "6kV2629tjfAKv8UQAUpQIw",
    "size": [
      2.0185551680237093,
      4.332165675849257,
      1.5699999999999932
    ],
    "obj_class": "vehicle",
    "point_num_in_lidar": 2858,
    "speed": 0.03197627455638543,
    "if_vehicle": true,
    "motion_state": false,
    "pose": [
      [
        0.9976651882902166,
        -0.030451916520893386,
        0.06112980332089439,
        29.462570359211895
      ],
      [
        0.031789396077121286,
        0.999273383113478,
        -0.021027127668702482,
        -0.7933115660162002
      ],
      [
        -0.06044506903709017,
        0.022921312814682918,
        0.9979083159529,
        -0.633211141052783
      ],
      [
        0.0,
        0.0,
        0.0,
        1.0
      ]
    ],
    "location": [
      29.462570359211895,
      -0.7933115660162002,
      -0.633211141052783
    ],
    "rotation": [
      0.022965319253128638,
      0.060481936765943364,
      0.031853014813839224
    ]
  },
  {
    "label_id": "71lx-1feTIuTGeppos4HWA",
    "size": [
      1.1310048944471007,
      1.0891588715526779,
      1.8600000000000136
    ],
    "obj_class": "pedestrian",
    "point_num_in_lidar": 102,
    "speed": 1.5549524189080828,
    "if_vehicle": false,
    "motion_state": true,
    "pose": [
      [
        -0.994282139666258,
        0.0875566895596019,
        0.06112980332089439,
        68.85910502421757
      ],
      [
        -0.08898410366214989,
        -0.9958110710357904,
        -0.021027127668702482,
        -0.9786734299341333
      ],
      [
        0.059032669227568356,
        -0.02634647824502638,
        0.9979083159529,
        -2.474893590092421
      ],
      [
        0.0,
        0.0,
        0.0,
        1.0
      ]
    ],
    "location": [
      68.85910502421757,
      -0.9786734299341333,
      -2.474893590092421
    ],
    "rotation": [
      -0.026395570394309908,
      -0.059067009832916066,
      -3.0523346225833685
    ]
  },
  {
    "label_id": "8HAPH0iPQHbptKbZvfklWg",
    "size": [
      0.511553252228846,
      0.08069893870138749,
      0.6500000000000057
    ],
    "obj_class": "sign",
    "point_num_in_lidar": 46,
    "speed": 0.025161792505802003,
    "if_vehicle": false,
    "motion_state": false,
    "pose": [
      [
        -0.9924271298158996,
        0.10654360211352056,
        0.06112980332089439,
        43.75537088537749
      ],
      [
        -0.10799997671314557,
        -0.993928500915415,
        -0.021027127668702482,
        -1.9237758825911442
      ],
      [
        0.058518347852066284,
        -0.027469909295658658,
        0.9979083159529,
        0.7099983367563141
      ],
      [
        0.0,
        0.0,
        0.0,
        1.0
      ]
    ],
    "location": [
      43.75537088537749,
      -1.9237758825911442,
      0.7099983367563141
    ],
    "rotation": [
      -0.02752053816262015,
      -0.05855179776616641,
      -3.0331951289660712
    ]
  },
  {
    "label_id": "Fz60h1BcAUsffihcCYYlSQ",
    "size": [
      1.9659452030174644,
      3.735738890448964,
      1.8600000000000136
    ],
    "obj_class": "vehicle",
    "point_num_in_lidar": 2692,
    "speed": 0.03938515055346487,
    "if_vehicle": true,
    "motion_state": false,
    "pose": [
      [
        -0.996672598661533,
        0.05391547294808286,
        0.06112980332089439,
        35.67415802472124
      ],
      [
        -0.05529041816008286,
        -0.9982488815729709,
        -0.021027127668702482,
        9.765103117375475
      ],
      [
        0.059889070262860694,
        -0.024337054363609396,
        0.9979083159529,
        -0.9714021615514241
      ],
      [
        0.0,
        0.0,
        0.0,
        1.0
      ]
    ],
    "location": [
      35.67415802472124,
      9.765103117375475,
      -0.9714021615514241
    ],
    "rotation": [
      -0.02438323305793272,
      -0.059924928864804744,
      -3.0861744506436786
    ]
  },
  {
    "label_id": "IRaQ2NYeoqHOwYYgL79EVA",
    "size": [
      2.0012145237433874,
      4.213918624647002,
      1.759999999999991
    ],
    "obj_class": "vehicle",
    "point_num_in_lidar": 114,
    "speed": 0.016736377728597245,
    "if_vehicle": true,
    "motion_state": false,
    "pose": [
      [
        0.9952952024755772,
        -0.07517051998655087,
        0.06112980332089439,
        68.4545660760441
      ],
      [
        0.07657878737573641,
        0.9968417874598083,
        -0.021027127668702482,
        1.9713477197929024
      ],
      [
        -0.05935612228878694,
        0.025609445501332404,
        0.9979083159529,
        -2.551896338401434
      ],
      [
        0.0,
        0.0,
        0.0,
        1.0
      ]
    ],
    "location": [
      68.4545660760441,
      1.9713477197929024,
      -2.551896338401434
    ],
    "rotation": [
      0.025657492998186898,
      0.059391031075130635,
      0.07678948835630908
    ]
  },
  {
    "label_id": "Mn5Hw-uK3W0b3tznbBlMFQ",
    "size": [
      1.9960124555577616,
      4.018482658557317,
      1.5800000000000125
    ],
    "obj_class": "vehicle",
    "point_num_in_lidar": 47,
    "speed": 8.644125458514253e-13,
    "if_vehicle": true,
    "motion_state": false,
    "pose": [
      [
        -0.994066136423111,
        0.08997590545683663,
        0.06112980332089439,
        65.1676182995684
      ],
      [
        -0.09140703581787586,
        -0.9955915898123053,
        -0.021027127668702482,
        12.136564578431717
      ],
      [
        0.05896838322201478,
        -0.026490049683395273,
        0.9979083159529,
        -2.7496977610091733
      ],
      [
        0.0,
        0.0,
        0.0,
        1.0
      ]
    ],
    "location": [
      65.1676182995684,
      12.136564578431717,
      -2.7496977610091733
    ],
    "rotation": [
      -0.02653934200513947,
      -0.05900261164258595,
      -3.049897838558114
    ]
  },
  {
    "label_id": "Q30fRt5rtkrIN-f9oBJEaw",
    "size": [
      1.7760986466699684,
      3.88136625984662,
      1.759999999999991
    ],
    "obj_class": "vehicle",
    "point_num_in_lidar": 64,
    "speed": 0.003373042686283422,
    "if_vehicle": true,
    "motion_state": false,
    "pose": [
      [
        0.9955604669875819,
        -0.07157166839900102,
        0.06112980332089439,
        83.09004893246856
      ],
      [
        0.07297433510770193,
        0.9971121332716761,
        -0.021027127668702482,
        3.4580937734845065
      ],
      [
        -0.059448321986887175,
        0.025394683793867806,
        0.9979083159529,
        -3.4944376834034756
      ],
      [
        0.0,
        0.0,
        0.0,
        1.0
      ]
    ],
    "location": [
      83.09004893246856,
      3.4580937734845065,
      -3.4944376834034756
    ],
    "rotation": [
      0.025442421596137337,
      0.05948339387406577,
      0.07316889707642522
    ]
  },
  {
    "label_id": "SKEgr4ahE674MQWsRsqsyA",
    "size": [
      2.0514683435952907,
      4.304428112145803,
      1.6604787703749082
    ],
    "obj_class": "vehicle",
    "point_num_in_lidar": 66,
    "speed": 5.269605418876764,
    "if_vehicle": true,
    "motion_state": true,
    "pose": [
      [
        -0.9458776543161431,
        0.31871399437636805,
        0.06112980332089439,
        93.49563059042202
      ],
      [
        -0.32046067596225425,
        -0.9470284130182257,
        -0.021027127668702482,
        11.452888030953545
      ],
      [
        0.05119002077754886,
        -0.03947878828993184,
        0.9979083159529,
        -4.031065047183063
      ],
      [
        0.0,
        0.0,
        0.0,
        1.0
      ]
    ],
    "location": [
      93.49563059042202,
      11.452888030953545,
      -4.031065047183063
    ],
    "rotation": [
      -0.03954091843236806,
      -0.05121240372523087,
      -2.8149327295602435
    ]
  },
  {
    "label_id": "UiiUy1mNUI2uq9pT4fXx0A",
    "size": [
      1.9582969174349236,
      4.010635208510945,
      1.490000000000009
    ],
    "obj_class": "vehicle",
    "point_num_in_lidar": 51,
    "speed": 8.556067554929069e-13,
    "if_vehicle": true,
    "motion_state": false,
    "pose": [
      [
        -0.9953469360011772,
        0.07448237468701796,
        0.06112980332089439,
        69.83585265881175
      ],
      [
        -0.07588957246148456,
        -0.99689449426387,
        -0.021027127668702482,
        12.320187887364227
      ],
      [
        0.0593738139644208,
        -0.025568401736625904,
        0.9979083159529,
        -3.0028329465420995
      ],
      [
        0.0,
        0.0,
        0.0,
        1.0
      ]
    ],
    "location": [
      69.83585265881175,
      12.320187887364227,
      -3.0028329465420995
    ],
    "rotation": [
      -0.025616390229699783,
      -0.05940875400790301,
      -3.0654955393413927
    ]
  },
  {
    "label_id": "ZF1-vGaHNjltsRoVWjqYiQ",
    "size": [
      2.0916384992245662,
      4.67170689046401,
      1.5999999999999943
    ],
    "obj_class": "vehicle",
    "point_num_in_lidar": 433,
    "speed": 0.007807661929269589,
    "if_vehicle": true,
    "motion_state": false,
    "pose": [
      [
        -0.9946068581109688,
        0.08378749873683912,
        0.06112980332089439,
        50.56726310871227
      ],
      [
        -0.08520910757876471,
        -0.9961411887316147,
        -0.021027127668702482,
        10.685114101926956
      ],
      [
        0.05913210451402479,
        -0.026122541373105216,
        0.9979083159529,
        -1.8607703091565213
      ],
      [
        0.0,
        0.0,
        0.0,
        1.0
      ]
    ],
    "location": [
      50.56726310871227,
      10.685114101926956,
      -1.8607703091565213
    ],
    "rotation": [
      -0.0261713191248565,
      -0.059166619125895,
      -3.0561301869214823
    ]
  },
  {
    "label_id": "ZLnX_YnAho6AKX9nFyyEuQ",
    "size": [
      0.5641023899903833,
      0.06673283235707567,
      0.27000000000001023
    ],
    "obj_class": "sign",
    "point_num_in_lidar": 25,
    "speed": 0.0010839285797942626,
    "if_vehicle": false,
    "motion_state": false,
    "pose": [
      [
        0.02722618185731418,
        0.9977584287629051,
        0.06112980332089439,
        46.79460336933198
      ],
      [
        -0.9993709394184155,
        0.028558454929457553,
        -0.021027127668702482,
        16.098247490792346
      ],
      [
        -0.022725766597107965,
        -0.06051886056942015,
        0.9979083159529,
        -0.47689633840093393
      ],
      [
        0.0,
        0.0,
        0.0,
        1.0
      ]
    ],
    "location": [
      46.79460336933198,
      16.098247490792346,
      -0.47689633840093393
    ],
    "rotation": [
      -0.06057152620848006,
      0.022727723211880026,
      -1.5435597442225626
    ]
  },
  {
    "label_id": "aRFz7j2dwLW0x6klYx_7gQ",
    "size": [
      2.147368756994718,
      4.4856824184495885,
      1.920000000000016
    ],
    "obj_class": "vehicle",
    "point_num_in_lidar": 7000,
    "speed": 0.08896750680072828,
    "if_vehicle": true,
    "motion_state": false,
    "pose": [
      [
        0.9973350049524696,
        -0.039825055460173925,
        0.06112980332089439,
        34.63705742761431
      ],
      [
        0.041177587247743154,
        0.9989305612556152,
        -0.021027127668702482,
        -0.6029209285879915
      ],
      [
        -0.06022702221521217,
        0.02348826828728511,
        0.9979083159529,
        -0.7784956041869577
      ],
      [
        0.0,
        0.0,
        0.0,
        1.0
      ]
    ],
    "location": [
      34.63705742761431,
      -0.6029209285879915,
      -0.7784956041869577
    ],
    "rotation": [
      0.023533156046083414,
      0.06026349196366801,
      0.041264181959904146
    ]
  },
  {
    "label_id": "cPrxNWhkfFseBGIlnuWdzg",
    "size": [
      0.8215701562695691,
      1.2015272597505833,
      1.740000000000009
    ],
    "obj_class": "pedestrian",
    "point_num_in_lidar": 215,
    "speed": 1.21261428753471,
    "if_vehicle": false,
    "motion_state": true,
    "pose": [
      [
        -0.9977915776656877,
        0.025982969140700703,
        0.06112980332089439,
        40.05155631063326
      ],
      [
        -0.027313232015325154,
        -0.9994057470611629,
        -0.021027127668702482,
        -2.8297662169770774
      ],
      [
        0.06054712954628695,
        -0.022650343391487266,
        0.9979083159529,
        -0.8646942330923082
      ],
      [
        0.0,
        0.0,
        0.0,
        1.0
      ]
    ],
    "location": [
      40.05155631063326,
      -2.8297662169770774,
      -0.8646942330923082
    ],
    "rotation": [
      -0.022693923359592895,
      -0.06058418454878169,
      -3.11422580304937
    ]
  },
  {
    "label_id": "ewlAcYU9trkSJitwr44Usg",
    "size": [
      2.013610915060569,
      3.5651796483232303,
      1.8100000000000023
    ],
    "obj_class": "vehicle",
    "point_num_in_lidar": 148,
    "speed": 8.043562474190594,
    "if_vehicle": true,
    "motion_state": true,
    "pose": [
      [
        -0.9940648421163394,
        0.08999020399002192,
        0.06112980332089439,
        72.9549412050751
      ],
      [
        -0.0914213562928738,
        -0.9955902749201477,
        -0.021027127668702482,
        9.64848549486669
      ],
      [
        0.05896800218583304,
        -0.026490897875661633,
        0.9979083159529,
        -2.8529124356404907
      ],
      [
        0.0,
        0.0,
        0.0,
        1.0
      ]
    ],
    "location": [
      72.9549412050751,
      9.64848549486669,
      -2.8529124356404907
    ],
    "rotation": [
      -0.02654019137673105,
      -0.05900222994219289,
      -3.0498834346642076
    ]
  },
  {
    "label_id": "mmdNjYPoJf8KPcfkiO2WVw",
    "size": [
      2.069285539631976,
      4.3057734004472925,
      1.740000000000009
    ],
    "obj_class": "vehicle",
    "point_num_in_lidar": 33,
    "speed": 0.008486720792040495,
    "if_vehicle": true,
    "motion_state": false,
    "pose": [
      [
        -0.0816256699118743,
        -0.9947866088550783,
        0.06112980332089439,
        15.30809379145876
      ],
      [
        0.9963240255086613,
        -0.08304394075560563,
        -0.021027127668702482,
        26.431320366176806
      ],
      [
        0.025993964792893506,
        0.05918873834094589,
        0.9979083159529,
        0.9586042036530671
      ],
      [
        0.0,
        0.0,
        0.0,
        1.0
      ]
    ],
    "location": [
      15.30809379145876,
      26.431320366176806,
      0.9586042036530671
    ],
    "rotation": [
      0.059243394116889454,
      -0.025996892977227907,
      1.6525405945210678
    ]
  },
  {
    "label_id": "oM5CDXmeayp8rxzRlmmJUA",
    "size": [
      1.7359767994737096,
      4.359237983947935,
      1.8700000000000045
    ],
    "obj_class": "vehicle",
    "point_num_in_lidar": 47,
    "speed": 0.0019121106252668143,
    "if_vehicle": true,
    "motion_state": false,
    "pose": [
      [
        -0.99555543536661,
        0.07164162378079103,
        0.06112980332089439,
        75.47808074635486
      ],
      [
        -0.07304439951776057,
        -0.9971070030849717,
        -0.021027127668702482,
        12.880062550622824
      ],
      [
        0.059446537418838916,
        -0.025398861016937925,
        0.9979083159529,
        -3.104863381159049
      ],
      [
        0.0,
        0.0,
        0.0,
        1.0
      ]
    ],
    "location": [
      75.47808074635486,
      12.880062550622824,
      -3.104863381159049
    ],
    "rotation": [
      -0.025446604865437348,
      -0.059481606144305955,
      -3.0683533872927105
    ]
  },
  {
    "label_id": "syFBCLKJYiGGq4CtJ0UPNQ",
    "size": [
      0.4567839374697341,
      0.07920723510973815,
      0.46999999999999886
    ],
    "obj_class": "sign",
    "point_num_in_lidar": 30,
    "speed": 0.00161720303794507,
    "if_vehicle": false,
    "motion_state": false,
    "pose": [
      [
        -0.995525564290815,
        0.07205552018688813,
        0.06112980332089439,
        58.66532537857756
      ],
      [
        -0.07345894086756578,
        -0.9970765486704717,
        -0.021027127668702482,
        13.187405476663116
      ],
      [
        0.05943597269389766,
        -0.025423573745195556,
        0.9979083159529,
        -1.471895557706688
      ],
      [
        0.0,
        0.0,
        0.0,
        1.0
      ]
    ],
    "location": [
      58.66532537857756,
      13.187405476663116,
      -1.471895557706688
    ],
    "rotation": [
      -0.025471353345362276,
      -0.05947102270578519,
      -3.0679370353912487
    ]
  },
  {
    "label_id": "vPy9W0Cmj-SFneQRaife3A",
    "size": [
      2.6728488425893655,
      6.188632361968968,
      2.259999999999991
    ],
    "obj_class": "vehicle",
    "point_num_in_lidar": 494,
    "speed": 0.0033202126259634424,
    "if_vehicle": true,
    "motion_state": false,
    "pose": [
      [
        -0.9937601533467383,
        0.09329471992677844,
        0.06112980332089439,
        59.23043120031525
      ],
      [
        -0.09473093599659971,
        -0.9952808195013165,
        -0.021027127668702482,
        11.419748015023288
      ],
      [
        0.05887960075845786,
        -0.026686805102367595,
        0.9979083159529,
        -2.0018963384016786
      ],
      [
        0.0,
        0.0,
        0.0,
        1.0
      ]
    ],
    "location": [
      59.23043120031525,
      11.419748015023288,
      -2.0018963384016786
    ],
    "rotation": [
      -0.02673636996393193,
      -0.05891367464848932,
      -3.0465540770645565
    ]
  },
  {
    "label_id": "zP3W4pR_Dkt0kqTwQldWqw",
    "size": [
      2.071869919683925,
      4.414748533014121,
      1.9000000000000057
    ],
    "obj_class": "vehicle",
    "point_num_in_lidar": 4395,
    "speed": 0.060236927057133315,
    "if_vehicle": true,
    "motion_state": false,
    "pose": [
      [
        -0.9958860388062497,
        0.06688904885514334,
        0.06112980332089439,
        29.33880069157931
      ],
      [
        -0.06828440302321234,
        -0.9974442842614155,
        -0.021027127668702482,
        9.32855621359522
      ],
      [
        0.05956708835053543,
        -0.02511483500815106,
        0.9979083159529,
        -0.6412897917205953
      ],
      [
        0.0,
        0.0,
        0.0,
        1.0
      ]
    ],
    "location": [
      29.33880069157931,
      9.32855621359522,
      -0.6412897917205953
    ],
    "rotation": [
      -0.025162165728186272,
      -0.05960237108369323,
      -3.073133320594066
    ]
  },
  {
    "label_id": "zbFoPzNLA8L8c6Arpaxyfg",
    "size": [
      1.8726330479653077,
      4.408855202769708,
      1.6299999999999955
    ],
    "obj_class": "vehicle",
    "point_num_in_lidar": 38,
    "speed": 1.7419169285135556e-12,
    "if_vehicle": true,
    "motion_state": false,
    "pose": [
      [
        -0.9933073531353896,
        0.09799821096895106,
        0.06112980332089439,
        82.70666968861542
      ],
      [
        -0.09944160989456605,
        -0.994821203093089,
        -0.021027127668702482,
        13.151887658652413
      ],
      [
        0.058752603591187495,
        -0.026965246583406707,
        0.9979083159529,
        -3.746896338401484
      ],
      [
        0.0,
        0.0,
        0.0,
        1.0
      ]
    ],
    "location": [
      82.70666968861542,
      13.151887658652413,
      -3.746896338401484
    ],
    "rotation": [
      -0.027015193582086833,
      -0.05878645724676773,
      -3.0418134858599153
    ]
  }
]