[
  {
    "label_id": "10t7lCtA-oADlgKbKqqaGQ",
    "size": [
      1.940938061761765,
      4.35531691411666,
      1.5900000000000034
    ],
    "obj_class": "vehicle",
    "point_num_in_lidar": 560,
    "speed": 1.9945885082418897e-12,
    "if_vehicle": true,
    "motion_state": false,
    "pose": [
      [
        0.993163566137795,
        -0.10254292495481436,
        0.05577705117849825,
        57.06252341989102
      ],
      [
        0.10357151610424366,
        0.9944954482573228,
        -0.015866456672322938,
        1.610238230023242
      ],
      [
        -0.053843030638383436,
        0.021534900445036118,
        0.9983171721023818,
        -2.212058365817512
      ],
      [
        0.0,
        0.0,
        0.0,
        1.0
      ]
    ],
    "location": [
      57.06252341989102,
      1.610238230023242,
      -2.212058365817512
    ],
    "rotation": [
      0.02156785618430408,
      0.05386908044011489,
      0.10390885791345332
    ]
  },
  {
    "label_id": "1cey-IEbE8XPL2SyOdH_ig",
    "size": [
      2.144919435593836,
      4.755202036269388,
      1.5
    ],
    "obj_class": "vehicle",
    "point_num_in_lidar": 3111,
    "speed": 0.0772231494452165,
    "if_vehicle": true,
    "motion_state": false,
    "pose": [
      [
        -0.9905427995719688,
        0.12535502693533213,
        0.05577705117849825,
        42.82895466708169
      ],
      [
        -0.1264139746092042,
        -0.991850675543536,
        -0.015866456672322938,
        9.296748045431741
      ],
      [
        0.05333356578769255,
        -0.022767403142945068,
        0.9983171721023818,
        -1.4336978176239086
      ],
      [
        0.0,
        0.0,
        0.0,
        1.0
      ]
    ],
    "location": [
      42.82895466708169,
      9.296748045431741,
      -1.4336978176239086
    ],
    "rotation": [
      -0.02280182879125667,
      -0.05335888248797835,
      -3.0146579074929036
    ]
  },
  {
    "label_id": "6GQJCYvdj35m3AkilVFa3A",
    "size": [
      1.9227345516098797,
      3.8913786098047867,
      1.7199999999999989
    ],
    "obj_class": "vehicle",
    "point_num_in_lidar": 3022,
    "speed": 0.09920432838254045,
    "if_vehicle": true,
    "motion_state": false,
    "pose": [
      [
        0.9969652369816755,
        -0.054306876285629906,
        0.05577705117849825,
        44.342495023050105
      ],
      [
        0.055269734141239105,
        0.9983453871484667,
        -0.015866456672322938,
        0.21289993204663915
      ],
      [
        -0.05482310405320252,
        0.01890108852619981,
        0.9983171721023818,
        -1.4252297655406494
      ],
      [
        0.0,
        0.0,
        0.0,
        1.0
      ]
    ],
    "location": [
      44.342495023050105,
      0.21289993204663915,
      -1.4252297655406494
    ],
    "rotation": [
      0.01893068769469551,
      0.05485060373415309,
      0.05538128597124368
    ]
  },
  {
    "label_id": "71lx-1feTIuTGeppos4HWA",
    "size": [
      1.1310048944471012,
      1.0891588715526779,
      1.8600000000000136
    ],
    "obj_class": "pedestrian",
    "point_num_in_lidar": 126,
    "speed": 1.594850058301772,
    "if_vehicle": false,
    "motion_state": true,
    "pose": [
      [
        -0.9945943551988292,
        0.08758418332356725,
        0.05577705117849825,
        67.24369705640902
      ],
      [
        -0.08859261312933898,
        -0.9959415667857129,
        -0.015866456672322938,
        -1.1107724839876028
      ],
      [
        0.05416103309151627,
        -0.020722122959851232,
        0.9983171721023818,
        -2.3738953887294088
      ],
      [
        0.0,
        0.0,
        0.0,
        1.0
      ]
    ],
    "location": [
      67.24369705640902,
      -1.1107724839876028,
      -2.3738953887294088
    ],
    "rotation": [
      -0.020754073183682664,
      -0.05418754759369487,
      -3.052752999504187
    ]
  },
  {
    "label_id": "CjlSUkS6JamkB8aM9N_x-g",
    "size": [
      0.507868127400814,
      0.08057416144510737,
      0.45392097264442555
    ],
    "obj_class": "sign",
    "point_num_in_lidar": 27,
    "speed": 0.002124745919171302,
    "if_vehicle": false,
    "motion_state": false,
    "pose": [
      [
        0.058275745166342374,
        0.9967411188905265,
        0.05577705117849825,
        45.63587648525208
      ],
      [
        -0.9981174246138239,
        0.059244090295426446,
        -0.015866456672322938,
        15.938628249330577
      ],
      [
        -0.019119210432830797,
        -0.05474741708910702,
        0.9983171721023818,
        -0.9188568247249123
      ],
      [
        0.0,
        0.0,
        0.0,
        1.0
      ]
    ],
    "location": [
      45.63587648525208,
      15.938628249330577,
      -0.9188568247249123
    ],
    "rotation": [
      -0.054784827010602215,
      0.0191203754439172,
      -1.5124768741976766
    ]
  },
  {
    "label_id": "DH-3hE747xRYimYM3RAZmQ",
    "size": [
      0.46145250787433684,
      0.08790670583661583,
      0.5200000000000102
    ],
    "obj_class": "sign",
    "point_num_in_lidar": 22,
    "speed": 0.0005691956607381601,
    "if_vehicle": false,
    "motion_state": false,
    "pose": [
      [
        -0.9958381702717072,
        0.07207814642268152,
        0.05577705117849825,
        58.66670439563586
      ],
      [
        -0.07306546478462767,
        -0.9972009293058604,
        -0.015866456672322938,
        13.187371480385991
      ],
      [
        0.05447730248190216,
        -0.019875799349934335,
        0.9983171721023818,
        -2.005396825293559
      ],
      [
        0.0,
        0.0,
        0.0,
        1.0
      ]
    ],
    "location": [
      58.66670439563586,
      13.187371480385991,
      -2.005396825293559
    ],
    "rotation": [
      -0.01990667335411183,
      -0.05450428460828966,
      -3.068353066811304
    ]
  },
  {
    "label_id": "Fz60h1BcAUsffihcCYYlSQ",
    "size": [
      1.9659452030174636,
      3.735738890448964,
      1.8600000000000136
    ],
    "obj_class": "vehicle",
    "point_num_in_lidar": 3600,
    "speed": 0.06184367593411246,
    "if_vehicle": true,
    "motion_state": false,
    "pose": [
      [
        -0.9969855648245327,
        0.05393240299985348,
        0.05577705117849825,
        35.7318510139371
      ],
      [
        -0.05489474239024796,
        -0.9983660765523703,
        -0.015866456672322938,
        9.7519413953396
      ],
      [
        0.05483019961130663,
        -0.0188804951229512,
        0.9983171721023818,
        -0.939875663399306
      ],
      [
        0.0,
        0.0,
        0.0,
        1.0
      ]
    ],
    "location": [
      35.7318510139371,
      9.7519413953396,
      -0.939875663399306
    ],
    "rotation": [
      -0.0189100669614633,
      -0.05485770998084851,
      -3.0865874754475064
    ]
  },
  {
    "label_id": "IRaQ2NYeoqHOwYYgL79EVA",
    "size": [
      2.0012145237433874,
      4.213918624647002,
      1.759999999999991
    ],
    "obj_class": "vehicle",
    "point_num_in_lidar": 176,
    "speed": 0.016736377728149652,
    "if_vehicle": true,
    "motion_state": false,
    "pose": [
      [
        0.9956077361210179,
        -0.07519412435697742,
        0.05577705117849825,
        68.43782863043816
      ],
      [
        0.07618570244096758,
        0.9969673988131414,
        -0.015866456672322938,
        1.9716619971422915
      ],
      [
        -0.054414837310771624,
        0.020046180831913347,
        0.9983171721023818,
        -2.551896338401491
      ],
      [
        0.0,
        0.0,
        0.0,
        1.0
      ]
    ],
    "location": [
      68.43782863043816,
      1.9716619971422915,
      -2.551896338401491
    ],
    "rotation": [
      0.020077273838101282,
      0.05444172664571531,
      0.07637296894877753
    ]
  },
  {
    "label_id": "Mn5Hw-uK3W0b3tznbBlMFQ",
    "size": [
      1.9960124555577625,
      4.018482658557317,
      1.5800000000000125
    ],
    "obj_class": "vehicle",
    "point_num_in_lidar": 91,
    "speed": 8.644125458514253e-13,
    "if_vehicle": true,
    "motion_state": false,
    "pose": [
      [
        -0.994378284128287,
        0.09000415888121477,
        0.05577705117849825,
        65.1676182995684
      ],
      [
        -0.09101586399105983,
        -0.9957230378245882,
        -0.015866456672322938,
        12.136564578428079
      ],
      [
        0.054110447753134144,
        -0.020853856464904875,
        0.9983171721023818,
        -2.749697761009287
      ],
      [
        0.0,
        0.0,
        0.0,
        1.0
      ]
    ],
    "location": [
      65.1676182995684,
      12.136564578428079,
      -2.749697761009287
    ],
    "rotation": [
      -0.020885971556094996,
      -0.0541368879673026,
      -3.0503165627575615
    ]
  },
  {
    "label_id": "Q30fRt5rtkrIN-f9oBJEaw",
    "size": [
      1.7760986466699684,
      3.88136625984662,
      1.759999999999991
    ],
    "obj_class": "vehicle",
    "point_num_in_lidar": 83,
    "speed": 0.02346295125244242,
    "if_vehicle": true,
    "motion_state": false,
    "pose": [
      [
        0.9958730839289985,
        -0.07159414269042509,
        0.05577705117849825,
        83.08704880300684
      ],
      [
        0.07258079861041934,
        0.9972363226566403,
        -0.015866456672322938,
        3.456550366807278
      ],
      [
        -0.05448695604288709,
        0.019849320055961715,
        0.9983171721023818,
        -3.4966728490606442
      ],
      [
        0.0,
        0.0,
        0.0,
        1.0
      ]
    ],
    "location": [
      83.08704880300684,
      3.456550366807278,
      -3.4966728490606442
    ],
    "rotation": [
      0.019880159920340763,
      0.054513952528593826,
      0.07275294219231541
    ]
  },
  {
    "label_id": "SKEgr4ahE674MQWsRsqsyA",
    "size": [
      2.0514683435937897,
      4.304428112145803,
      1.6604787703749082
    ],
    "obj_class": "vehicle",
    "point_num_in_lidar": 111,
    "speed": 5.6166620264547,
    "if_vehicle": true,
    "motion_state": true,
    "pose": [
      [
        -0.9921554269583213,
        0.11187729581547028,
        0.05577705117849825,
        87.9787422351169
      ],
      [
        -0.11291836542874285,
        -0.9934775781574369,
        -0.015866456672322938,
        10.745117729929916
      ],
      [
        0.05363815345490504,
        -0.02204024454155563,
        0.9983171721023818,
        -3.801894359917412
      ],
      [
        0.0,
        0.0,
        0.0,
        1.0
      ]
    ],
    "location": [
      87.9787422351169,
      10.745117729929916,
      -3.801894359917412
    ],
    "rotation": [
      -0.022073811124333063,
      -0.053663906766008164,
      -3.0282691020704
    ]
  },
  {
    "label_id": "SxT2s8GpVWRdL2CvgdYSLw",
    "size": [
      0.33000923775478,
      0.05589413315415674,
      0.22568373679123965
    ],
    "obj_class": "sign",
    "point_num_in_lidar": 20,
    "speed": 0.0014804335932230666,
    "if_vehicle": false,
    "motion_state": false,
    "pose": [
      [
        0.05859940799362042,
        0.996722142798397,
        0.05577705117849825,
        45.04280432869655
      ],
      [
        -0.9980981340040953,
        0.05956819999133892,
        -0.015866456672322938,
        15.933453261852264
      ],
      [
        -0.01913698723258357,
        -0.054741205733555474,
        0.9983171721023818,
        -0.5639944067932561
      ],
      [
        0.0,
        0.0,
        0.0,
        1.0
      ]
    ],
    "location": [
      45.04280432869655,
      15.933453261852264,
      -0.5639944067932561
    ],
    "rotation": [
      -0.054778623838049934,
      0.019138155496687674,
      -1.5121525778548095
    ]
  },
  {
    "label_id": "UiiUy1mNUI2uq9pT4fXx0A",
    "size": [
      1.9582969174349243,
      4.010635208510945,
      1.490000000000009
    ],
    "obj_class": "vehicle",
    "point_num_in_lidar": 87,
    "speed": 8.556067554929069e-13,
    "if_vehicle": true,
    "motion_state": false,
    "pose": [
      [
        -0.995659485891514,
        0.07450576297225081,
        0.05577705117849825,
        69.83585265881084
      ],
      [
        -0.07549640077547208,
        -0.9970198338160653,
        -0.015866456672322938,
        12.320187887364227
      ],
      [
        0.05442868383669892,
        -0.02000855470313096,
        0.9983171721023818,
        -3.0045282511933635
      ],
      [
        0.0,
        0.0,
        0.0,
        1.0
      ]
    ],
    "location": [
      69.83585265881084,
      12.320187887364227,
      -3.0045282511933635
    ],
    "rotation": [
      -0.02003959944630542,
      -0.05445559372212464,
      -3.0659119516661315
    ]
  },
  {
    "label_id": "ZF1-vGaHNjltsRoVWjqYiQ",
    "size": [
      2.091638499224566,
      4.67170689046401,
      1.5999999999999943
    ],
    "obj_class": "vehicle",
    "point_num_in_lidar": 1042,
    "speed": 0.007253241215372696,
    "if_vehicle": true,
    "motion_state": false,
    "pose": [
      [
        -0.9949191756087049,
        0.08381380893340912,
        0.05577705117849825,
        50.57430885157737
      ],
      [
        -0.08481712524859371,
        -0.9962701997034887,
        -0.015866456672322938,
        10.688482538811513
      ],
      [
        0.05423918574848988,
        -0.020516691128062682,
        0.9983171721023818,
        -1.8636876322011915
      ],
      [
        0.0,
        0.0,
        0.0,
        1.0
      ]
    ],
    "location": [
      50.57430885157737,
      10.688482538811513,
      -1.8636876322011915
    ],
    "rotation": [
      -0.02054838280984009,
      -0.05426581529687412,
      -3.0565480126432547
    ]
  },
  {
    "label_id": "aRFz7j2dwLW0x6klYx_7gQ",
    "size": [
      2.147368756994719,
      4.4856824184495885,
      1.920000000000016
    ],
    "obj_class": "vehicle",
    "point_num_in_lidar": 5720,
    "speed": 0.11108469800749236,
    "if_vehicle": true,
    "motion_state": false,
    "pose": [
      [
        0.9976481791183335,
        -0.039837560965808885,
        0.05577705117849825,
        34.80574777864558
      ],
      [
        0.040780294785023125,
        0.999042152819345,
        -0.015866456672322938,
        -0.6131585001639905
      ],
      [
        -0.05509154435228666,
        0.018103746197501394,
        0.9983171721023818,
        -0.7777340056468347
      ],
      [
        0.0,
        0.0,
        0.0,
        1.0
      ]
    ],
    "location": [
      34.80574777864558,
      -0.6131585001639905,
      -0.7777340056468347
    ],
    "rotation": [
      0.018132275606867393,
      0.05511945034078679,
      0.04085368505189629
    ]
  },
  {
    "label_id": "cPrxNWhkfFseBGIlnuWdzg",
    "size": [
      0.8215701562690017,
      1.2015272597505833,
      1.740000000000009
    ],
    "obj_class": "pedestrian",
    "point_num_in_lidar": 963,
    "speed": 1.2380871965335805,
    "if_vehicle": false,
    "motion_state": true,
    "pose": [
      [
        -0.9909014779000833,
        0.12248747551183255,
        0.05577705117849825,
        38.90792970955499
      ],
      [
        -0.12354263323476898,
        -0.9922124134105985,
        -0.015866456672322938,
        -2.8303058886358485
      ],
      [
        0.053399240339633516,
        -0.022612939142304587,
        0.9983171721023818,
        -0.8736972480590453
      ],
      [
        0.0,
        0.0,
        0.0,
        1.0
      ]
    ],
    "location": [
      38.90792970955499,
      -2.8303058886358485,
      -0.8736972480590453
    ],
    "rotation": [
      -0.02264718430283942,
      -0.05342465075983723,
      -3.017555692830978
    ]
  },
  {
    "label_id": "ewlAcYU9trkSJitwr44Usg",
    "size": [
      2.0136109150634987,
      3.5651796483232303,
      1.8100000000000023
    ],
    "obj_class": "vehicle",
    "point_num_in_lidar": 279,
    "speed": 7.51327232943501,
    "if_vehicle": true,
    "motion_state": true,
    "pose": [
      [
        -0.9938181705693089,
        0.09599148091421,
        0.05577705117849825,
        65.2690976490453
      ],
      [
        -0.0970112668745094,
        -0.9951568065647081,
        -0.015866456672322938,
        8.943426170730163
      ],
      [
        0.05398386745755318,
        -0.02117937534085565,
        0.9983171721023818,
        -2.545225216803061
      ],
      [
        0.0,
        0.0,
        0.0,
        1.0
      ]
    ],
    "location": [
      65.2690976490453,
      8.943426170730163,
      -2.545225216803061
    ],
    "rotation": [
      -0.021211894699410937,
      -0.05401012238906625,
      -3.044286233473798
    ]
  },
  {
    "label_id": "oM5CDXmeayp8rxzRlmmJUA",
    "size": [
      1.7359767994737083,
      4.359237983947935,
      1.8700000000000045
    ],
    "obj_class": "vehicle",
    "point_num_in_lidar": 74,
    "speed": 0.001912110622418255,
    "if_vehicle": true,
    "motion_state": false,
    "pose": [
      [
        -0.9958680507280424,
        0.07166412003897343,
        0.05577705117849825,
        75.47800156045332
      ],
      [
        -0.07265087174792746,
        -0.9972312201224606,
        -0.015866456672322938,
        12.881973480351007
      ],
      [
        0.05448556114600822,
        -0.01985314866987385,
        0.9983171721023818,
        -3.093898252407314
      ],
      [
        0.0,
        0.0,
        0.0,
        1.0
      ]
    ],
    "location": [
      75.47800156045332,
      12.881973480351007,
      -3.093898252407314
    ],
    "rotation": [
      -0.01988399347222086,
      -0.05451255555654159,
      -3.0687693532562252
    ]
  },
  {
    "label_id": "syFBCLKJYiGGq4CtJ0UPNQ",
    "size": [
      0.45678393746973595,
      0.07920723510973815,
      0.46999999999999886
    ],
    "obj_class": "sign",
    "point_num_in_lidar": 31,
    "speed": 0.0016172030364794226,
    "if_vehicle": false,
    "motion_state": false,
    "pose": [
      [
        -0.9958381702724011,
        0.07207814641309286,
        0.05577705117849825,
        58.66633465877521
      ],
      [
        -0.07306546477502587,
        -0.9972009293065638,
        -0.015866456672322938,
        13.186141374200815
      ],
      [
        0.05447730248209354,
        -0.019875799349409785,
        0.9983171721023818,
        -1.4885635460594528
      ],
      [
        0.0,
        0.0,
        0.0,
        1.0
      ]
    ],
    "location": [
      58.66633465877521,
      13.186141374200815,
      -1.4885635460594528
    ],
    "rotation": [
      -0.019906673353586604,
      -0.05450428460848132,
      -3.0683530668209453
    ]
  },
  {
    "label_id": "vPy9W0Cmj-SFneQRaife3A",
    "size": [
      2.6728488425898775,
      6.188632361968968,
      2.259999999999991
    ],
    "obj_class": "vehicle",
    "point_num_in_lidar": 818,
    "speed": 0.0033202126258724627,
    "if_vehicle": true,
    "motion_state": false,
    "pose": [
      [
        -0.9940393338704232,
        0.09367349294371509,
        0.05577705117849825,
        59.22830504580361
      ],
      [
        -0.09469015423906332,
        -0.9953803445130145,
        -0.015866456672322938,
        11.422299205536547
      ],
      [
        0.05403311400083703,
        -0.021053419600531954,
        0.9983171721023818,
        -2.001896338401849
      ],
      [
        0.0,
        0.0,
        0.0,
        1.0
      ]
    ],
    "location": [
      59.22830504580361,
      11.422299205536547,
      -2.001896338401849
    ],
    "rotation": [
      -0.02108578306332658,
      -0.05405944091390804,
      -3.0466212659320546
    ]
  },
  {
    "label_id": "zP3W4pR_Dkt0kqTwQldWqw",
    "size": [
      2.0718699196839037,
      4.414748533014121,
      1.9000000000000057
    ],
    "obj_class": "vehicle",
    "point_num_in_lidar": 3995,
    "speed": 0.0667629749227541,
    "if_vehicle": true,
    "motion_state": false,
    "pose": [
      [
        -0.9957208909897589,
        0.07368057958778433,
        0.05577705117849825,
        29.40320179397031
      ],
      [
        -0.07467008965563082,
        -0.9970820594431961,
        -0.015866456672322938,
        9.335781021949515
      ],
      [
        0.05444524733510436,
        -0.019963439786840974,
        0.9983171721023818,
        -0.6452247781198537
      ],
      [
        0.0,
        0.0,
        0.0,
        1.0
      ]
    ],
    "location": [
      29.40320179397031,
      9.335781021949515,
      -0.6452247781198537
    ],
    "rotation": [
      -0.01999442658614082,
      -0.05447218181720747,
      -3.0667417712031098
    ]
  }
]