[
  {
    "label_id": "-G86PjIy35Dnhvmt_7sZlw",
    "size": [
      2.2279015557208233,
      4.6671900838050675,
      1.8700000000000045
    ],
    "obj_class": "vehicle",
    "point_num_in_lidar": 646,
    "speed": 2.929642751054232e-13,
    "if_vehicle": true,
    "motion_state": false,
    "pose": [
      [
        -0.06829490023373894,
        -0.9958907273322487,
        0.05947659889156546,
        18.61779281734198
      ],
      [
        0.997295701262276,
        -0.06977050511216747,
        -0.023094606733569917,
        -18.57580561231589
      ],
      [
        0.027149417044365493,
        0.05773851253745228,
        0.9979625109813062,
        0.30099682215652024
      ],
      [
        0.0,
        0.0,
        0.0,
        1.0
      ]
    ],
    "location": [
      18.61779281734198,
      -18.57580561231589,
      0.30099682215652024
    ],
    "rotation": [
      0.05779196821168342,
      -0.02715275341559017,
      1.6391696715275383
    ]
  },
  {
    "label_id": "10t7lCtA-oADlgKbKqqaGQ",
    "size": [
      1.940938061761765,
      4.35531691411666,
      1.5900000000000034
    ],
    "obj_class": "vehicle",
    "point_num_in_lidar": 74,
    "speed": 1.9945885082418897e-12,
    "if_vehicle": true,
    "motion_state": false,
    "pose": [
      [
        0.9929511469315497,
        -0.10252099293126166,
        0.05947659889156546,
        57.06252341989148
      ],
      [
        0.10404406629843796,
        0.9943045164374484,
        -0.023094606733569917,
        1.610238230021423
      ],
      [
        -0.056770168886539484,
        0.029120003442310978,
        0.9979625109813062,
        -2.158217398145297
      ],
      [
        0.0,
        0.0,
        0.0,
        1.0
      ]
    ],
    "location": [
      57.06252341989148,
      1.610238230021423,
      -2.158217398145297
    ],
    "rotation": [
      0.02917117896694238,
      0.056800706838759034,
      0.10440168668525436
    ]
  },
  {
    "label_id": "1cey-IEbE8XPL2SyOdH_ig",
    "size": [
      2.1449194355948813,
      4.755202036269388,
      1.5
    ],
    "obj_class": "vehicle",
    "point_num_in_lidar": 209,
    "speed": 0.024284524538908454,
    "if_vehicle": true,
    "motion_state": false,
    "pose": [
      [
        -0.9980195224210409,
        -0.0204833359287348,
        0.05947659889156546,
        41.816557322989865
      ],
      [
        0.01913843461522666,
        -0.9995500785154792,
        -0.023094606733569917,
        9.562937670834799
      ],
      [
        0.059922893679763646,
        -0.021910579383716915,
        0.9979625109813062,
        -1.4346977610093177
      ],
      [
        0.0,
        0.0,
        0.0,
        1.0
      ]
    ],
    "location": [
      41.816557322989865,
      9.562937670834799,
      -1.4346977610093177
    ],
    "rotation": [
      -0.02195178636422262,
      -0.05995881313705255,
      3.122418590611521
    ]
  },
  {
    "label_id": "1rM1fuuyGWlOowHu6wTmpA",
    "size": [
      0.49846176672575415,
      0.12735449629766027,
      0.20000000000001705
    ],
    "obj_class": "sign",
    "point_num_in_lidar": 23,
    "speed": 0.008987711183376766,
    "if_vehicle": false,
    "motion_state": false,
    "pose": [
      [
        0.9967913489066464,
        -0.053568096187564425,
        0.05947659889156546,
        23.051657604093634
      ],
      [
        0.05502277425734195,
        0.9982179789268711,
        -0.023094606733569917,
        10.795003536655713
      ],
      [
        -0.05813347622406482,
        0.026293071672828756,
        0.9979625109813062,
        1.3815426263900008
      ],
      [
        0.0,
        0.0,
        0.0,
        1.0
      ]
    ],
    "location": [
      23.051657604093634,
      10.795003536655713,
      1.3815426263900008
    ],
    "rotation": [
      0.026340659218587213,
      0.0581662698110003,
      0.0551439285209449
    ]
  },
  {
    "label_id": "6GQJCYvdj35m3AkilVFa3A",
    "size": [
      1.9227345516098804,
      3.8913786098047867,
      1.7199999999999989
    ],
    "obj_class": "vehicle",
    "point_num_in_lidar": 74,
    "speed": 0.01474964328238834,
    "if_vehicle": true,
    "motion_state": false,
    "pose": [
      [
        0.9967520046687774,
        -0.054295261055319954,
        0.05947659889156546,
        44.3484981327515
      ],
      [
        0.05575097949299356,
        0.9981775730927807,
        -0.023094606733569917,
        0.2123631943741202
      ],
      [
        -0.058114279435826456,
        0.026335474203839526,
        0.9979625109813062,
        -1.394030889887631
      ],
      [
        0.0,
        0.0,
        0.0,
        1.0
      ]
    ],
    "location": [
      44.3484981327515,
      0.2123631943741202,
      -1.394030889887631
    ],
    "rotation": [
      0.026383118799742807,
      0.0581470405132939,
      0.05587443000940588
    ]
  },
  {
    "label_id": "6WHRUM96pXQy5acTD-HlJg",
    "size": [
      2.21277931094097,
      4.633051613865279,
      1.5500000000000114
    ],
    "obj_class": "vehicle",
    "point_num_in_lidar": 48,
    "speed": 3.1669596926095527e-29,
    "if_vehicle": true,
    "motion_state": false,
    "pose": [
      [
        -0.08860654991427971,
        -0.9942894012794162,
        0.05947659889156546,
        21.967519011579952
      ],
      [
        0.9956639658337001,
        -0.09011052258271642,
        -0.023094606733569917,
        -58.587874286029546
      ],
      [
        0.02832219010946638,
        0.057172372902387594,
        0.9979625109813062,
        0.8991695683827174
      ],
      [
        0.0,
        0.0,
        0.0,
        1.0
      ]
    ],
    "location": [
      21.967519011579952,
      -58.587874286029546,
      0.8991695683827174
    ],
    "rotation": [
      0.05722654689071112,
      -0.02832597790094365,
      1.6595549312978168
    ]
  },
  {
    "label_id": "6kV2629tjfAKv8UQAUpQIw",
    "size": [
      2.01855516802371,
      4.332165675849257,
      1.5699999999999932
    ],
    "obj_class": "vehicle",
    "point_num_in_lidar": 410,
    "speed": 0.003140986347581132,
    "if_vehicle": true,
    "motion_state": false,
    "pose": [
      [
        0.9977650171135211,
        -0.030454963614275035,
        0.05947659889156546,
        29.427951219870465
      ],
      [
        0.031876191612610835,
        0.9992249734409654,
        -0.023094606733569917,
        -0.7760230972253339
      ],
      [
        -0.05872715754002659,
        0.024938878145484362,
        0.9979625109813062,
        -0.5514354966298356
      ],
      [
        0.0,
        0.0,
        0.0,
        1.0
      ]
    ],
    "location": [
      29.427951219870465,
      -0.7760230972253339,
      -0.5514354966298356
    ],
    "rotation": [
      0.024984594568240513,
      0.05876096718248586,
      0.03193673149889665
    ]
  },
  {
    "label_id": "9ojEvP_IkP8ziMOD-24fCQ",
    "size": [
      2.0470616308685883,
      4.486385603924427,
      1.4699999999999989
    ],
    "obj_class": "vehicle",
    "point_num_in_lidar": 1454,
    "speed": 0.008825975837599835,
    "if_vehicle": true,
    "motion_state": false,
    "pose": [
      [
        0.08827796294725128,
        0.9943186287313416,
        0.05947659889156546,
        10.881571198063284
      ],
      [
        -0.9956936902273718,
        0.08978148128216891,
        -0.023094606733569917,
        -9.802663839025627
      ],
      [
        -0.028303294848522998,
        -0.057181729395008596,
        0.9979625109813062,
        0.006780562903884402
      ],
      [
        0.0,
        0.0,
        0.0,
        1.0
      ]
    ],
    "location": [
      10.881571198063284,
      -9.802663839025627,
      0.006780562903884402
    ],
    "rotation": [
      -0.05723589181057629,
      0.02830707506211563,
      -1.4823677828569854
    ]
  },
  {
    "label_id": "C7N3XXk6WR3gQXpwt59PzA",
    "size": [
      2.307378830982498,
      5.053288138911819,
      2.0999999999999943
    ],
    "obj_class": "vehicle",
    "point_num_in_lidar": 1141,
    "speed": 2.8050466394491855,
    "if_vehicle": true,
    "motion_state": true,
    "pose": [
      [
        0.08224450189008745,
        0.9948358538438103,
        0.05947659889156546,
        11.220278860088456
      ],
      [
        -0.9962200108342046,
        0.08373965102219459,
        -0.023094606733569917,
        17.814387351503683
      ],
      [
        -0.027955892444144776,
        -0.05735237356498707,
        0.9979625109813062,
        0.6104003640831195
      ],
      [
        0.0,
        0.0,
        0.0,
        1.0
      ]
    ],
    "location": [
      11.220278860088456,
      17.814387351503683,
      0.6104003640831195
    ],
    "rotation": [
      -0.05740632315880841,
      0.027959535129110948,
      -1.4884265558446415
    ]
  },
  {
    "label_id": "CZqAJKroo0JigZQamJxBgw",
    "size": [
      2.0658167117408506,
      4.364933663449352,
      1.700000000000017
    ],
    "obj_class": "vehicle",
    "point_num_in_lidar": 152,
    "speed": 0.009918611310626992,
    "if_vehicle": true,
    "motion_state": false,
    "pose": [
      [
        -0.1273909966582398,
        -0.9900677088738488,
        0.05947659889156546,
        13.47861307772655
      ],
      [
        0.9913824555073498,
        -0.12894753216730984,
        -0.023094606733569917,
        49.58067117873179
      ],
      [
        0.030534585024820447,
        0.05602201168512632,
        0.9979625109813062,
        2.7347422853201806
      ],
      [
        0.0,
        0.0,
        0.0,
        1.0
      ]
    ],
    "location": [
      13.47861307772655,
      49.58067117873179,
      2.7347422853201806
    ],
    "rotation": [
      0.05607753278004998,
      -0.03053933189213808,
      1.6985943415151534
    ]
  },
  {
    "label_id": "EENp0Fqicu7Uz2meQc79Hw",
    "size": [
      0.4835235466275872,
      0.09322347433545763,
      0.47999999999998977
    ],
    "obj_class": "sign",
    "point_num_in_lidar": 165,
    "speed": 0.013294023927503973,
    "if_vehicle": false,
    "motion_state": false,
    "pose": [
      [
        0.9972960487841305,
        -0.04316393475869799,
        0.05947659889156546,
        -1.0685186902364876
      ],
      [
        0.04460364713714739,
        0.9987377803016599,
        -0.023094606733569917,
        8.640178154753812
      ],
      [
        -0.058404672258528655,
        0.02568503327348969,
        0.9979625109813062,
        1.9174522737954476
      ],
      [
        0.0,
        0.0,
        0.0,
        1.0
      ]
    ],
    "location": [
      -1.0685186902364876,
      8.640178154753812,
      1.9174522737954476
    ],
    "rotation": [
      0.025731792365545323,
      0.05843792741592713,
      0.04469479527762447
    ]
  },
  {
    "label_id": "Fz60h1BcAUsffihcCYYlSQ",
    "size": [
      1.965945203017465,
      3.735738890448964,
      1.8600000000000136
    ],
    "obj_class": "vehicle",
    "point_num_in_lidar": 137,
    "speed": 0.02100258446141988,
    "if_vehicle": true,
    "motion_state": false,
    "pose": [
      [
        -0.9967723281638873,
        0.053920867862410356,
        0.05947659889156546,
        35.558312900216606
      ],
      [
        -0.05537605074058064,
        -0.9981984432687713,
        -0.023094606733569917,
        9.785411470418694
      ],
      [
        0.05812416718646661,
        -0.026313644079946363,
        0.9979625109813062,
        -0.9979941158550218
      ],
      [
        0.0,
        0.0,
        0.0,
        1.0
      ]
    ],
    "location": [
      35.558312900216606,
      9.785411470418694,
      -0.9979941158550218
    ],
    "rotation": [
      -0.026361259316558375,
      -0.05815694500600029,
      -3.0860943380857386
    ]
  },
  {
    "label_id": "Ior1henF_Ts_9MLeXF_Xjg",
    "size": [
      2.218114502983429,
      4.448728327113863,
      1.6400000000000148
    ],
    "obj_class": "vehicle",
    "point_num_in_lidar": 64,
    "speed": 0.02774790909964065,
    "if_vehicle": true,
    "motion_state": false,
    "pose": [
      [
        -0.07044487498837877,
        -0.9957409571631386,
        0.05947659889156546,
        20.74607126191904
      ],
      [
        0.9971427419790602,
        -0.07192350977464272,
        -0.023094606733569917,
        -44.6281217901942
      ],
      [
        0.027274011555931187,
        0.05767976221807221,
        0.9979625109813062,
        0.8092562836914965
      ],
      [
        0.0,
        0.0,
        0.0,
        1.0
      ]
    ],
    "location": [
      20.74607126191904,
      -44.6281217901942,
      0.8092562836914965
    ],
    "rotation": [
      0.057733294148354666,
      -0.027277394082580737,
      1.641325876746296
    ]
  },
  {
    "label_id": "NXG3IQg-7AGdDP54x0y-Ww",
    "size": [
      2.1501117497804256,
      4.509298866515579,
      1.740000000000009
    ],
    "obj_class": "vehicle",
    "point_num_in_lidar": 277,
    "speed": 0.019781270471043465,
    "if_vehicle": true,
    "motion_state": false,
    "pose": [
      [
        0.06629505158507501,
        0.9960258532385713,
        0.05947659889156546,
        7.619024578189055
      ],
      [
        -0.997433787295097,
        0.0677678323541555,
        -0.023094606733569917,
        28.636233741533943
      ],
      [
        -0.027033425559692188,
        -0.057792911143106473,
        0.9979625109813062,
        0.9931289235557301
      ],
      [
        0.0,
        0.0,
        0.0,
        1.0
      ]
    ],
    "location": [
      7.619024578189055,
      28.636233741533943,
      0.9931289235557301
    ],
    "rotation": [
      -0.05784629585449334,
      0.027036719341715244,
      -1.5044283262569582
    ]
  },
  {
    "label_id": "Nx6yXW6ayqyL8X2hVv-MUA",
    "size": [
      2.1423545519148477,
      4.746408458305702,
      1.7700000000000102
    ],
    "obj_class": "vehicle",
    "point_num_in_lidar": 1598,
    "speed": 2.0358983100380406,
    "if_vehicle": true,
    "motion_state": true,
    "pose": [
      [
        -0.9144442345127453,
        -0.40031771900665475,
        0.05947659889156546,
        18.025352703529734
      ],
      [
        0.3996597886586101,
        -0.9163725729577336,
        -0.023094606733569917,
        7.988899913794739
      ],
      [
        0.06374790424597737,
        0.0026516749672837415,
        0.9979625109813062,
        -0.050157295023211645
      ],
      [
        0.0,
        0.0,
        0.0,
        1.0
      ]
    ],
    "location": [
      18.025352703529734,
      7.988899913794739,
      -0.050157295023211645
    ],
    "rotation": [
      0.002657082503350777,
      -0.06379115980009642,
      2.729558201760108
    ]
  },
  {
    "label_id": "PrfRfD9vW0Ofvgezf3nw9A",
    "size": [
      2.17410730137642,
      4.258232932226047,
      1.7700000000000102
    ],
    "obj_class": "vehicle",
    "point_num_in_lidar": 45,
    "speed": 1.1260305605982372e-28,
    "if_vehicle": true,
    "motion_state": false,
    "pose": [
      [
        -0.09955192314860739,
        -0.9932532148358271,
        0.05947659889156546,
        10.3976527690088
      ],
      [
        0.9946111318036523,
        -0.1010709435598562,
        -0.023094606733569917,
        72.93742542706786
      ],
      [
        0.028950148353189077,
        0.05685697482468412,
        0.9979625109813062,
        5.301195875121749
      ],
      [
        0.0,
        0.0,
        0.0,
        1.0
      ]
    ],
    "location": [
      10.3976527690088,
      72.93742542706786,
      5.301195875121749
    ],
    "rotation": [
      0.05691153307597801,
      -0.028954193785840167,
      1.6705553764712067
    ]
  },
  {
    "label_id": "Q_ayhpSYROnVtzXnObeFmw",
    "size": [
      2.135290999423689,
      4.52378229206138,
      1.5600000000000023
    ],
    "obj_class": "vehicle",
    "point_num_in_lidar": 78,
    "speed": 0.04755158039663132,
    "if_vehicle": true,
    "motion_state": false,
    "pose": [
      [
        0.09142244752036725,
        0.9940344411908862,
        0.05947659889156546,
        12.145632954642679
      ],
      [
        -0.9954047403371953,
        0.09293030751085807,
        -0.023094606733569917,
        -24.28094640498057
      ],
      [
        -0.02848401312362059,
        -0.057091923003694915,
        0.9979625109813062,
        0.31194735603963863
      ],
      [
        0.0,
        0.0,
        0.0,
        1.0
      ]
    ],
    "location": [
      12.145632954642679,
      -24.28094640498057,
      0.31194735603963863
    ],
    "rotation": [
      -0.05714619608528836,
      0.028487866229036214,
      -1.479208779437863
    ]
  },
  {
    "label_id": "WWv9wtVzT42U162-yTuOoA",
    "size": [
      2.0261529209368363,
      4.6105153086884325,
      1.5699999999999932
    ],
    "obj_class": "vehicle",
    "point_num_in_lidar": 3955,
    "speed": 0.013224710466097142,
    "if_vehicle": true,
    "motion_state": false,
    "pose": [
      [
        -0.9962254709030834,
        0.0632245625387915,
        0.05947659889156546,
        0.3798305183836419
      ],
      [
        -0.06469299646128641,
        -0.9976379380059089,
        -0.023094606733569917,
        6.999265722182827
      ],
      [
        0.05787596507005051,
        -0.026855154870093607,
        0.9979625109813062,
        0.05079203954412037
      ],
      [
        0.0,
        0.0,
        0.0,
        1.0
      ]
    ],
    "location": [
      0.3798305183836419,
      6.999265722182827,
      0.05079203954412037
    ],
    "rotation": [
      -0.026903490890479904,
      -0.05790832435576749,
      -3.0767455965098898
    ]
  },
  {
    "label_id": "X4H9yiCRjWTn4rPCsOkVdA",
    "size": [
      1.969774076111753,
      4.4188602944795115,
      1.6500000000000057
    ],
    "obj_class": "vehicle",
    "point_num_in_lidar": 1187,
    "speed": 0.004670100824335614,
    "if_vehicle": true,
    "motion_state": false,
    "pose": [
      [
        -0.10352399969646238,
        -0.9928470756723508,
        0.05947659889156546,
        15.97589740735657
      ],
      [
        0.9941989059099466,
        -0.10504843943289667,
        -0.023094606733569917,
        16.284039426827803
      ],
      [
        0.02917733665556318,
        0.05674072348476312,
        0.9979625109813062,
        0.07310945728292495
      ],
      [
        0.0,
        0.0,
        0.0,
        1.0
      ]
    ],
    "location": [
      15.97589740735657,
      16.284039426827803,
      0.07310945728292495
    ],
    "rotation": [
      0.0567954205147125,
      -0.029181478102643998,
      1.674550471233749
    ]
  },
  {
    "label_id": "XrzRs3LbaboaBImF0mOdjQ",
    "size": [
      1.868009280595779,
      4.653371289880262,
      1.8600000000000136
    ],
    "obj_class": "vehicle",
    "point_num_in_lidar": 112,
    "speed": 0.0033221796081292646,
    "if_vehicle": true,
    "motion_state": false,
    "pose": [
      [
        -0.0824502273521714,
        -0.9948188248087523,
        0.05947659889156546,
        14.99556641504114
      ],
      [
        0.9962026725799749,
        -0.08394566268924906,
        -0.023094606733569917,
        31.567958021523737
      ],
      [
        0.02796775203856544,
        0.05734659119595286,
        0.9979625109813062,
        1.3749696310918864
      ],
      [
        0.0,
        0.0,
        0.0,
        1.0
      ]
    ],
    "location": [
      14.99556641504114,
      31.567958021523737,
      1.3749696310918864
    ],
    "rotation": [
      0.05740054805594522,
      -0.027971399362544187,
      1.6533726330271743
    ]
  },
  {
    "label_id": "ZCSiMZdHr7H2v9WzSWCqWA",
    "size": [
      0.4835235466275872,
      0.09322347433545763,
      0.5600000000000023
    ],
    "obj_class": "sign",
    "point_num_in_lidar": 114,
    "speed": 0.013240228510241104,
    "if_vehicle": false,
    "motion_state": false,
    "pose": [
      [
        0.9972960487841305,
        -0.04316393475869799,
        0.05947659889156546,
        -1.0667000854955404
      ],
      [
        0.04460364713714739,
        0.9987377803016599,
        -0.023094606733569917,
        8.64035830181092
      ],
      [
        -0.058404672258528655,
        0.02568503327348969,
        0.9979625109813062,
        1.3856402886866874
      ],
      [
        0.0,
        0.0,
        0.0,
        1.0
      ]
    ],
    "location": [
      -1.0667000854955404,
      8.64035830181092,
      1.3856402886866874
    ],
    "rotation": [
      0.025731792365545323,
      0.05843792741592713,
      0.04469479527762447
    ]
  },
  {
    "label_id": "ZF1-vGaHNjltsRoVWjqYiQ",
    "size": [
      2.0916384992245676,
      4.67170689046401,
      1.5999999999999943
    ],
    "obj_class": "vehicle",
    "point_num_in_lidar": 43,
    "speed": 0.007807662058223459,
    "if_vehicle": true,
    "motion_state": false,
    "pose": [
      [
        -0.9947063809102615,
        0.08379588271926865,
        0.05947659889156546,
        50.52781733529082
      ],
      [
        -0.08529318867375488,
        -0.9960882044807503,
        -0.023094606733569917,
        10.666255820997321
      ],
      [
        0.057308705641227364,
        -0.02804530145342662,
        0.9979625109813062,
        -1.8444376007354322
      ],
      [
        0.0,
        0.0,
        0.0,
        1.0
      ]
    ],
    "location": [
      50.52781733529082,
      10.666255820997321,
      -1.8444376007354322
    ],
    "rotation": [
      -0.02809516557930991,
      -0.05734012180753343,
      -3.0560547838862044
    ]
  },
  {
    "label_id": "aRFz7j2dwLW0x6klYx_7gQ",
    "size": [
      2.147368756995928,
      4.4856824184495885,
      1.920000000000016
    ],
    "obj_class": "vehicle",
    "point_num_in_lidar": 104,
    "speed": 0.014869308004557519,
    "if_vehicle": true,
    "motion_state": false,
    "pose": [
      [
        0.995983074831439,
        -0.06693466092842928,
        0.05947659889156546,
        34.67597806740423
      ],
      [
        0.06840834553403978,
        0.9973900628145025,
        -0.023094606733569917,
        -0.5640907517336018
      ],
      [
        -0.057775539033464524,
        0.02707053315468752,
        0.9979625109813062,
        -0.7713901852005165
      ],
      [
        0.0,
        0.0,
        0.0,
        1.0
      ]
    ],
    "location": [
      34.67597806740423,
      -0.5640907517336018,
      -0.7713901852005165
    ],
    "rotation": [
      0.02711915147605938,
      0.05780772999370935,
      0.06857654313495544
    ]
  },
  {
    "label_id": "asdOT76Zl6kcy5908IDPgQ",
    "size": [
      1.8829911936268868,
      3.830012521744248,
      1.460000000000008
    ],
    "obj_class": "vehicle",
    "point_num_in_lidar": 216,
    "speed": 4.549693413077341e-13,
    "if_vehicle": true,
    "motion_state": false,
    "pose": [
      [
        -0.08691287360612798,
        -0.9944388802665637,
        0.05947659889156546,
        14.430674850680589
      ],
      [
        0.9958160045052287,
        -0.08841450283219536,
        -0.023094606733569917,
        36.65093942277417
      ],
      [
        0.028224768781475573,
        0.057220530433740834,
        0.9979625109813062,
        1.5790895763429091
      ],
      [
        0.0,
        0.0,
        0.0,
        1.0
      ]
    ],
    "location": [
      14.430674850680589,
      36.65093942277417,
      1.5790895763429091
    ],
    "rotation": [
      0.05727464475068686,
      -0.02822851761075301,
      1.6578537664884374
    ]
  },
  {
    "label_id": "cPrxNWhkfFseBGIlnuWdzg",
    "size": [
      0.8215701562701189,
      1.2015272597505833,
      1.740000000000009
    ],
    "obj_class": "pedestrian",
    "point_num_in_lidar": 32,
    "speed": 1.320950882468263,
    "if_vehicle": false,
    "motion_state": true,
    "pose": [
      [
        -0.9975043610646005,
        0.038047126585262506,
        0.05947659889156546,
        47.38737014616527
      ],
      [
        -0.03947942377458537,
        -0.9989534594956105,
        -0.023094606733569917,
        -2.5444231325654982
      ],
      [
        0.05853567079593313,
        -0.025385072786119026,
        0.9979625109813062,
        -0.8819685472783192
      ],
      [
        0.0,
        0.0,
        0.0,
        1.0
      ]
    ],
    "location": [
      47.38737014616527,
      -2.5444231325654982,
      -0.8819685472783192
    ],
    "rotation": [
      -0.0254314161240073,
      -0.058569150455573024,
      -3.102035103065311
    ]
  },
  {
    "label_id": "euwNstBtr-W2yVtLjt81Sw",
    "size": [
      1.9549103620930248,
      4.0711504181074325,
      1.5699999999999932
    ],
    "obj_class": "vehicle",
    "point_num_in_lidar": 20,
    "speed": 2.0009065111038244e-12,
    "if_vehicle": true,
    "motion_state": false,
    "pose": [
      [
        0.05981211597183105,
        0.9964361720487991,
        0.05947659889156546,
        5.885423007244299
      ],
      [
        -0.9978536602583593,
        0.06127570357667613,
        -0.023094606733569917,
        54.28629138298493
      ],
      [
        -0.026656771971999255,
        -0.05796760460739476,
        0.9979625109813062,
        3.1585934804888325
      ],
      [
        0.0,
        0.0,
        0.0,
        1.0
      ]
    ],
    "location": [
      5.885423007244299,
      54.28629138298493,
      3.1585934804888325
    ],
    "rotation": [
      -0.05802075911842601,
      0.026659929958928266,
      -1.5109271901897374
    ]
  },
  {
    "label_id": "exueily1Lt7uON4yqBxITg",
    "size": [
      0.7588241951168548,
      0.07151227768081742,
      0.75
    ],
    "obj_class": "sign",
    "point_num_in_lidar": 178,
    "speed": 0.06371830839990322,
    "if_vehicle": false,
    "motion_state": false,
    "pose": [
      [
        -0.018831256912524127,
        -0.9980520617419646,
        0.05947659889156546,
        7.438063483906717
      ],
      [
        0.99952847303028,
        -0.020235383405769237,
        -0.023094606733569917,
        13.24130710253121
      ],
      [
        0.02425315164780129,
        0.059013653598427314,
        0.9979625109813062,
        1.8718297504969996
      ],
      [
        0.0,
        0.0,
        0.0,
        1.0
      ]
    ],
    "location": [
      7.438063483906717,
      13.24130710253121,
      1.8718297504969996
    ],
    "rotation": [
      0.059065355348127895,
      -0.024255529956793684,
      1.589634238708161
    ]
  },
  {
    "label_id": "fZoqQ9qukc5jFPQ00JLwfg",
    "size": [
      2.163052042249947,
      4.678952886478576,
      1.8700000000000045
    ],
    "obj_class": "vehicle",
    "point_num_in_lidar": 691,
    "speed": 0.0019929428633920668,
    "if_vehicle": true,
    "motion_state": false,
    "pose": [
      [
        -0.09785976523337003,
        -0.9934213610209726,
        0.05947659889156546,
        17.982803137175324
      ],
      [
        0.9947818636798933,
        -0.09937647021996689,
        -0.023094606733569917,
        -10.527853096975377
      ],
      [
        0.028853250112039715,
        0.05690620909758881,
        0.9979625109813062,
        0.0868293474740085
      ],
      [
        0.0,
        0.0,
        0.0,
        1.0
      ]
    ],
    "location": [
      17.982803137175324,
      -10.527853096975377,
      0.0868293474740085
    ],
    "rotation": [
      0.05696070811103868,
      -0.028857255049332835,
      1.6688539186193359
    ]
  },
  {
    "label_id": "gdywJfz_9bellnjvLvGrGw",
    "size": [
      1.0017507540681811,
      1.2747419405263642,
      1.9000000000000057
    ],
    "obj_class": "pedestrian",
    "point_num_in_lidar": 870,
    "speed": 1.5429067975091795,
    "if_vehicle": false,
    "motion_state": true,
    "pose": [
      [
        -0.997098411722976,
        0.04751096214359992,
        0.05947659889156546,
        0.2522823667800367
      ],
      [
        -0.048956945674222846,
        -0.9985338535122747,
        -0.023094606733569917,
        -6.5458983427161
      ],
      [
        0.058292150498758785,
        -0.02593938831423122,
        0.9979625109813062,
        0.5149681060180455
      ],
      [
        0.0,
        0.0,
        0.0,
        1.0
      ]
    ],
    "location": [
      0.2522823667800367,
      -6.5458983427161,
      0.5149681060180455
    ],
    "rotation": [
      -0.02598649631328303,
      -0.05832521362336728,
      -3.0925326401710724
    ]
  },
  {
    "label_id": "iig7YiZ08rzCckmuNjqSSA",
    "size": [
      2.0715932585364203,
      4.577422277222199,
      1.6800000000000068
    ],
    "obj_class": "vehicle",
    "point_num_in_lidar": 639,
    "speed": 0.001675601180655508,
    "if_vehicle": true,
    "motion_state": false,
    "pose": [
      [
        0.08474851692321854,
        0.9946256698193581,
        0.05947659889156546,
        8.22553982428144
      ],
      [
        -0.9960060587224555,
        0.08624714562223097,
        -0.023094606733569917,
        22.487889796837408
      ],
      [
        -0.028100175577307502,
        -0.05728181917860946,
        0.9979625109813062,
        0.6321033149434356
      ],
      [
        0.0,
        0.0,
        0.0,
        1.0
      ]
    ],
    "location": [
      8.22553982428144,
      22.487889796837408,
      0.6321033149434356
    ],
    "rotation": [
      -0.05733585716977703,
      0.02810387496811149,
      -1.4859124318946826
    ]
  },
  {
    "label_id": "k_NOVkdWc5tiNnbaUVinuw",
    "size": [
      2.1554485014006692,
      4.4419784152818895,
      1.740000000000009
    ],
    "obj_class": "vehicle",
    "point_num_in_lidar": 718,
    "speed": 0.00486342151781669,
    "if_vehicle": true,
    "motion_state": false,
    "pose": [
      [
        -0.1124131656451404,
        -0.991879939495668,
        0.05947659889156546,
        15.56310083757171
      ],
      [
        0.9932180604979328,
        -0.11394965309533192,
        -0.023094606733569917,
        21.400171745010084
      ],
      [
        0.029684414940553662,
        0.05647709434384398,
        0.9979625109813062,
        0.6139606619045139
      ],
      [
        0.0,
        0.0,
        0.0,
        1.0
      ]
    ],
    "location": [
      15.56310083757171,
      21.400171745010084,
      0.6139606619045139
    ],
    "rotation": [
      0.05653210041360606,
      -0.029688776145491393,
      1.6834974808623058
    ]
  },
  {
    "label_id": "mmdNjYPoJf8KPcfkiO2WVw",
    "size": [
      2.069285539630933,
      4.3057734004472925,
      1.740000000000009
    ],
    "obj_class": "vehicle",
    "point_num_in_lidar": 97,
    "speed": 0.008486720718706828,
    "if_vehicle": true,
    "motion_state": false,
    "pose": [
      [
        -0.07947243457747255,
        -0.9950611369793422,
        0.05947659889156546,
        15.30824606954775
      ],
      [
        0.9964494542864194,
        -0.08096372145670402,
        -0.023094606733569917,
        26.47884465507923
      ],
      [
        0.02779599242024567,
        0.05743003988558657,
        0.9979625109813062,
        0.9586042036530671
      ],
      [
        0.0,
        0.0,
        0.0,
        1.0
      ]
    ],
    "location": [
      15.30824606954775,
      26.47884465507923,
      0.9586042036530671
    ],
    "rotation": [
      0.05748389151160457,
      -0.027799572942200784,
      1.650383472458975
    ]
  },
  {
    "label_id": "neWc6a5SpHMFVBiTZbsQRA",
    "size": [
      2.157667668707451,
      4.838558424228969,
      1.75
    ],
    "obj_class": "vehicle",
    "point_num_in_lidar": 1076,
    "speed": 0.0081856988294348,
    "if_vehicle": true,
    "motion_state": false,
    "pose": [
      [
        0.0903293968535113,
        0.994134364283004,
        0.05947659889156546,
        8.735078976158547
      ],
      [
        -0.9955063205757337,
        0.09183574921339846,
        -0.023094606733569917,
        16.294362739788994
      ],
      [
        -0.028421220203315212,
        -0.057123208226088684,
        0.9979625109813062,
        0.14981158099155323
      ],
      [
        0.0,
        0.0,
        0.0,
        1.0
      ]
    ],
    "location": [
      8.735078976158547,
      16.294362739788994,
      0.14981158099155323
    ],
    "rotation": [
      -0.057177442860291285,
      0.028425047876229643,
      -1.480306983241182
    ]
  },
  {
    "label_id": "p2KLoLcoeq8jqmt5_98t0A",
    "size": [
      0.4155281545393609,
      0.06448166061818679,
      0.17850084365227303
    ],
    "obj_class": "sign",
    "point_num_in_lidar": 25,
    "speed": 0.07258844403565265,
    "if_vehicle": false,
    "motion_state": false,
    "pose": [
      [
        -0.01883125691925226,
        -0.9980520617418376,
        0.05947659889156546,
        7.428420136743625
      ],
      [
        0.9995284730301436,
        -0.02023538341250734,
        -0.023094606733569917,
        13.251304771147261
      ],
      [
        0.024253151648199116,
        0.05901365359826381,
        0.9979625109813062,
        1.37399415904369
      ],
      [
        0.0,
        0.0,
        0.0,
        1.0
      ]
    ],
    "location": [
      7.428420136743625,
      13.251304771147261,
      1.37399415904369
    ],
    "rotation": [
      0.05906535534796463,
      -0.02425552995719163,
      1.5896342387148925
    ]
  },
  {
    "label_id": "tBnMwtSfMUdPA9bwMuVXzA",
    "size": [
      2.10711843732229,
      4.94391362798015,
      1.5800000000000125
    ],
    "obj_class": "vehicle",
    "point_num_in_lidar": 2793,
    "speed": 8.130565219152743,
    "if_vehicle": true,
    "motion_state": true,
    "pose": [
      [
        0.0656027727138166,
        0.996071689386136,
        0.05947659889156546,
        13.682362000284229
      ],
      [
        -0.9974806467220433,
        0.06707457457782247,
        -0.023094606733569917,
        -7.365702682158371
      ],
      [
        -0.02699325151280296,
        -0.05781168609072891,
        0.9979625109813062,
        -0.0011448244460439128
      ],
      [
        0.0,
        0.0,
        0.0,
        1.0
      ]
    ],
    "location": [
      13.682362000284229,
      -7.365702682158371,
      -0.0011448244460439128
    ],
    "rotation": [
      -0.05786504623090813,
      0.026996530628884324,
      -1.5051224417077305
    ]
  },
  {
    "label_id": "v2-w0GThHRtGTQcRFq9OZA",
    "size": [
      1.9872198046921825,
      4.67854752596008,
      1.5300000000000011
    ],
    "obj_class": "vehicle",
    "point_num_in_lidar": 76,
    "speed": 0.007933318346241674,
    "if_vehicle": true,
    "motion_state": false,
    "pose": [
      [
        0.07109461117784413,
        0.995694777753586,
        0.05947659889156546,
        12.68216203544307
      ],
      [
        -0.997095597417008,
        0.07257416035643473,
        -0.023094606733569917,
        -35.35179493369833
      ],
      [
        -0.027311643544300185,
        -0.05766195281808885,
        0.9979625109813062,
        0.5827655463999974
      ],
      [
        0.0,
        0.0,
        0.0,
        1.0
      ]
    ],
    "location": [
      12.68216203544307,
      -35.35179493369833,
      0.5827655463999974
    ],
    "rotation": [
      -0.0577155077857873,
      0.027315040094791833,
      -1.499615090538757
    ]
  },
  {
    "label_id": "vNvpD12q14e1m0Ldy5Yr0A",
    "size": [
      2.395899059570815,
      5.002370273678711,
      1.9099999999999966
    ],
    "obj_class": "vehicle",
    "point_num_in_lidar": 988,
    "speed": 0.008325761935059565,
    "if_vehicle": true,
    "motion_state": false,
    "pose": [
      [
        0.0541367648749561,
        0.9967606256635368,
        0.05947659889156546,
        11.679972871286736
      ],
      [
        -0.9981864255461654,
        0.05559225661179092,
        -0.023094606733569917,
        -19.273535569906016
      ],
      [
        -0.026326233005182945,
        -0.0581184663565999,
        0.9979625109813062,
        0.37881803266958514
      ],
      [
        0.0,
        0.0,
        0.0,
        1.0
      ]
    ],
    "location": [
      11.679972871286736,
      -19.273535569906016,
      0.37881803266958514
    ],
    "rotation": [
      -0.05817141922638346,
      0.026329274943442952,
      -1.5166142854430844
    ]
  },
  {
    "label_id": "vPy9W0Cmj-SFneQRaife3A",
    "size": [
      2.6728488425920984,
      6.188632361968968,
      2.259999999999991
    ],
    "obj_class": "vehicle",
    "point_num_in_lidar": 75,
    "speed": 0.003320212626481977,
    "if_vehicle": true,
    "motion_state": false,
    "pose": [
      [
        -0.9940413126580538,
        0.09134770338298029,
        0.05947659889156546,
        59.24233453126499
      ],
      [
        -0.09285546033306677,
        -0.9954117251801669,
        -0.023094606733569917,
        11.4054651090064
      ],
      [
        0.057094064624857256,
        -0.02847972016188085,
        0.9979625109813062,
        -2.0018963384016786
      ],
      [
        0.0,
        0.0,
        0.0,
        1.0
      ]
    ],
    "location": [
      59.24233453126499,
      11.4054651090064,
      -2.0018963384016786
    ],
    "rotation": [
      -0.0285301223610491,
      -0.05712512877412324,
      -3.0484508650858966
    ]
  },
  {
    "label_id": "weeQq-6LKvQs2E_0jsJGRA",
    "size": [
      2.109081333524188,
      4.508483162875747,
      1.8900000000000148
    ],
    "obj_class": "vehicle",
    "point_num_in_lidar": 209,
    "speed": 0.011134332527743285,
    "if_vehicle": true,
    "motion_state": false,
    "pose": [
      [
        0.08856393743215694,
        0.9942931977896684,
        0.05947659889156546,
        7.390192156153262
      ],
      [
        -0.9956678267986582,
        0.09006785118930598,
        -0.023094606733569917,
        33.891455331377074
      ],
      [
        -0.0283197398390276,
        -0.05717358665796831,
        0.9979625109813062,
        1.6522082270211627
      ],
      [
        0.0,
        0.0,
        0.0,
        1.0
      ]
    ],
    "location": [
      7.390192156153262,
      33.891455331377074,
      1.6522082270211627
    ],
    "rotation": [
      -0.0572277591456,
      0.0283235266472605,
      -1.4820805264439463
    ]
  },
  {
    "label_id": "zP3W4pR_Dkt0kqTwQldWqw",
    "size": [
      2.071869919683926,
      4.414748533014121,
      1.9000000000000057
    ],
    "obj_class": "vehicle",
    "point_num_in_lidar": 429,
    "speed": 0.0028650328897885306,
    "if_vehicle": true,
    "motion_state": false,
    "pose": [
      [
        -0.9959856896034972,
        0.06689574193726949,
        0.05947659889156546,
        29.239343950316652
      ],
      [
        -0.06836937156242606,
        -0.9973927351710462,
        -0.023094606733569917,
        9.30807361720872
      ],
      [
        0.05777659679493807,
        -0.02706827550254302,
        0.9979625109813062,
        -0.6662354948298059
      ],
      [
        0.0,
        0.0,
        0.0,
        1.0
      ]
    ],
    "location": [
      29.239343950316652,
      9.30807361720872,
      -0.6662354948298059
    ],
    "rotation": [
      -0.027116890877812043,
      -0.05780878952505816,
      -3.0730552373516424
    ]
  }
]