[
  {
    "label_id": "-G86PjIy35Dnhvmt_7sZlw",
    "size": [
      2.2279015557208237,
      4.6671900838050675,
      1.8700000000000045
    ],
    "obj_class": "vehicle",
    "point_num_in_lidar": 696,
    "speed": 2.929642751054232e-13,
    "if_vehicle": true,
    "motion_state": false,
    "pose": [
      [
        -0.06830985138417209,
        -0.9961087481804621,
        0.055687754508735476,
        18.617792817341524
      ],
      [
        0.9973518072097343,
        -0.06957863435892313,
        -0.02117041086574369,
        -18.575805612310432
      ],
      [
        0.024962709375174776,
        0.05409413497875855,
        0.9982237663477816,
        0.30099682215669077
      ],
      [
        0.0,
        0.0,
        0.0,
        1.0
      ]
    ],
    "location": [
      18.617792817341524,
      -18.575805612310432,
      0.30099682215669077
    ],
    "rotation": [
      0.05413743790417204,
      -0.024965302633140337,
      1.639180758035616
    ]
  },
  {
    "label_id": "10t7lCtA-oADlgKbKqqaGQ",
    "size": [
      1.9409380617617649,
      4.35531691411666,
      1.5900000000000034
    ],
    "obj_class": "vehicle",
    "point_num_in_lidar": 64,
    "speed": 1.9945885082418897e-12,
    "if_vehicle": true,
    "motion_state": false,
    "pose": [
      [
        0.9931685242454932,
        -0.10254343687337628,
        0.055687754508735476,
        57.06252341989148
      ],
      [
        0.10385423964636913,
        0.9943671910372195,
        -0.02117041086574369,
        1.610238230025061
      ],
      [
        -0.053203189335826725,
        0.0268091951193198,
        0.9982237663477816,
        -2.1587835800382322
      ],
      [
        0.0,
        0.0,
        0.0,
        1.0
      ]
    ],
    "location": [
      57.06252341989148,
      1.610238230025061,
      -2.1587835800382322
    ],
    "rotation": [
      0.026850444809176293,
      0.05322832066853965,
      0.10418994037214437
    ]
  },
  {
    "label_id": "1cey-IEbE8XPL2SyOdH_ig",
    "size": [
      2.144919435592144,
      4.755202036269388,
      1.5
    ],
    "obj_class": "vehicle",
    "point_num_in_lidar": 208,
    "speed": 0.03325982616128742,
    "if_vehicle": true,
    "motion_state": false,
    "pose": [
      [
        -0.998303461491127,
        -0.01700214023612673,
        0.055687754508735476,
        41.826788435651
      ],
      [
        0.01584414260658768,
        -0.9996503272889166,
        -0.02117041086574369,
        9.558130233643169
      ],
      [
        0.05602822431503805,
        -0.02025216972458424,
        0.9982237663477816,
        -1.434697761009403
      ],
      [
        0.0,
        0.0,
        0.0,
        1.0
      ]
    ],
    "location": [
      41.826788435651,
      9.558130233643169,
      -1.434697761009403
    ],
    "rotation": [
      -0.02028542338821932,
      -0.05605757941302445,
      3.125722917495103
    ]
  },
  {
    "label_id": "1rM1fuuyGWlOowHu6wTmpA",
    "size": [
      0.49846176672575326,
      0.12735449629766027,
      0.20000000000001705
    ],
    "obj_class": "sign",
    "point_num_in_lidar": 23,
    "speed": 0.008987711406997154,
    "if_vehicle": false,
    "motion_state": false,
    "pose": [
      [
        0.9970095669193418,
        -0.053579823339398626,
        0.055687754508735476,
        23.050299246207032
      ],
      [
        0.054830095212034476,
        0.9982712428808189,
        -0.02117041086574369,
        10.792673641528381
      ],
      [
        -0.05445717703246826,
        0.024160467050618015,
        0.9982237663477816,
        1.3788153791986701
      ],
      [
        0.0,
        0.0,
        0.0,
        1.0
      ]
    ],
    "location": [
      23.050299246207032,
      10.792673641528381,
      1.3788153791986701
    ],
    "rotation": [
      0.024198733519661557,
      0.05448412923938156,
      0.05493921127500937
    ]
  },
  {
    "label_id": "6GQJCYvdj35m3AkilVFa3A",
    "size": [
      1.9227345516098802,
      3.8913786098047867,
      1.7199999999999989
    ],
    "obj_class": "vehicle",
    "point_num_in_lidar": 71,
    "speed": 0.014749643652695184,
    "if_vehicle": true,
    "motion_state": false,
    "pose": [
      [
        0.9969702140682145,
        -0.054307147398418375,
        0.055687754508735476,
        44.344094318939824
      ],
      [
        0.055558339356074786,
        0.9982309775957522,
        -0.02117041086574369,
        0.2119211863300734
      ],
      [
        -0.05443953699999625,
        0.024200188215706648,
        0.9982237663477816,
        -1.394206373918422
      ],
      [
        0.0,
        0.0,
        0.0,
        1.0
      ]
    ],
    "location": [
      44.344094318939824,
      0.2119211863300734,
      -1.394206373918422
    ],
    "rotation": [
      0.024238502029355267,
      0.05446646300059789,
      0.05566960076896702
    ]
  },
  {
    "label_id": "6WHRUM96pXQy5acTD-HlJg",
    "size": [
      2.2127793109409684,
      4.633051613865279,
      1.5500000000000114
    ],
    "obj_class": "vehicle",
    "point_num_in_lidar": 76,
    "speed": 3.552713678800501e-13,
    "if_vehicle": true,
    "motion_state": false,
    "pose": [
      [
        -0.0886259477002409,
        -0.9945070715646064,
        0.055687754508735476,
        21.967519011579498
      ],
      [
        0.9957239761273586,
        -0.0899198369043175,
        -0.02117041086574369,
        -58.58787428602773
      ],
      [
        0.026061557116903444,
        0.053573384614862316,
        0.9982237663477816,
        0.9107107685624669
      ],
      [
        0.0,
        0.0,
        0.0,
        1.0
      ]
    ],
    "location": [
      21.967519011579498,
      -58.58787428602773,
      0.9107107685624669
    ],
    "rotation": [
      0.05361727377525362,
      -0.02606450820790857,
      1.6595689380437169
    ]
  },
  {
    "label_id": "6kV2629tjfAKv8UQAUpQIw",
    "size": [
      2.01855516802371,
      4.332165675849257,
      1.5699999999999932
    ],
    "obj_class": "vehicle",
    "point_num_in_lidar": 413,
    "speed": 0.00314098642724124,
    "if_vehicle": true,
    "motion_state": false,
    "pose": [
      [
        0.9979834482821006,
        -0.030461630828678154,
        0.055687754508735476,
        29.42876877328399
      ],
      [
        0.03168233001681883,
        0.9992737581206069,
        -0.02117041086574369,
        -0.7764920837289537
      ],
      [
        -0.05500242648895815,
        0.022892037453585087,
        0.9982237663477816,
        -0.555559371354633
      ],
      [
        0.0,
        0.0,
        0.0,
        1.0
      ]
    ],
    "location": [
      29.42876877328399,
      -0.7764920837289537,
      -0.555559371354633
    ],
    "rotation": [
      0.022928752475401663,
      0.05503019714863374,
      0.03173568963360648
    ]
  },
  {
    "label_id": "9ojEvP_IkP8ziMOD-24fCQ",
    "size": [
      2.0470616308685887,
      4.486385603924427,
      1.4699999999999989
    ],
    "obj_class": "vehicle",
    "point_num_in_lidar": 1591,
    "speed": 0.008825975839517133,
    "if_vehicle": true,
    "motion_state": false,
    "pose": [
      [
        0.08829728879880666,
        0.9945363054150186,
        0.055687754508735476,
        10.883215138398555
      ],
      [
        -0.9957536375019894,
        0.08959077578262381,
        -0.02117041086574369,
        -9.804740274792493
      ],
      [
        -0.026043851334564612,
        -0.0535819942341892,
        0.9982237663477816,
        0.007130204009087038
      ],
      [
        0.0,
        0.0,
        0.0,
        1.0
      ]
    ],
    "location": [
      10.883215138398555,
      -9.804740274792493,
      0.007130204009087038
    ],
    "rotation": [
      -0.05362587393919019,
      0.026046796413667497,
      -1.4823538219251813
    ]
  },
  {
    "label_id": "C7N3XXk6WR3gQXpwt59PzA",
    "size": [
      2.3073788309817784,
      5.053288138911819,
      2.0999999999999943
    ],
    "obj_class": "vehicle",
    "point_num_in_lidar": 1444,
    "speed": 2.319288047194917,
    "if_vehicle": true,
    "motion_state": true,
    "pose": [
      [
        0.0724284007155741,
        0.9958177547963076,
        0.055687754508735476,
        11.269836321685034
      ],
      [
        -0.9970555564947768,
        0.07370231317039194,
        -0.02117041086574369,
        17.049256855152635
      ],
      [
        -0.025186187338998963,
        -0.05399044606015434,
        0.9982237663477816,
        0.5104003640833525
      ],
      [
        0.0,
        0.0,
        0.0,
        1.0
      ]
    ],
    "location": [
      11.269836321685034,
      17.049256855152635,
      0.5104003640833525
    ],
    "rotation": [
      -0.05403386804256677,
      0.025188850883998165,
      -1.4982814073504471
    ]
  },
  {
    "label_id": "CZqAJKroo0JigZQamJxBgw",
    "size": [
      2.0658167117408484,
      4.364933663449352,
      1.700000000000017
    ],
    "obj_class": "vehicle",
    "point_num_in_lidar": 208,
    "speed": 0.014169587790624657,
    "if_vehicle": true,
    "motion_state": false,
    "pose": [
      [
        -0.1274188851528109,
        -0.9902844549442295,
        0.055687754508735476,
        13.476394261859696
      ],
      [
        0.9914498710620829,
        -0.1287593370391241,
        -0.02117041086574369,
        49.5814870508857
      ],
      [
        0.028135047136870654,
        0.052514106876682703,
        0.9982237663477816,
        2.722843059831547
      ],
      [
        0.0,
        0.0,
        0.0,
        1.0
      ]
    ],
    "location": [
      13.476394261859696,
      49.5814870508857,
      2.722843059831547
    ],
    "rotation": [
      0.052559099188842884,
      -0.02813876032058415,
      1.6986134179880865
    ]
  },
  {
    "label_id": "EENp0Fqicu7Uz2meQc79Hw",
    "size": [
      0.4835235466275877,
      0.09322347433545763,
      0.47999999999998977
    ],
    "obj_class": "sign",
    "point_num_in_lidar": 176,
    "speed": 0.017570216066353405,
    "if_vehicle": false,
    "motion_state": false,
    "pose": [
      [
        0.9975143772859522,
        -0.043173384226788666,
        0.055687754508735476,
        -1.0647618270504609
      ],
      [
        0.04441042278710428,
        0.9987890308026247,
        -0.02117041086574369,
        8.639018265756022
      ],
      [
        -0.05470632007080867,
        0.023590905933427487,
        0.9982237663477816,
        1.9146327381812398
      ],
      [
        0.0,
        0.0,
        0.0,
        1.0
      ]
    ],
    "location": [
      -1.0647618270504609,
      8.639018265756022,
      1.9146327381812398
    ],
    "rotation": [
      0.023628485171160105,
      0.054733644229052435,
      0.04449170485942949
    ]
  },
  {
    "label_id": "Fz60h1BcAUsffihcCYYlSQ",
    "size": [
      1.9659452030174656,
      3.735738890448964,
      1.8600000000000136
    ],
    "obj_class": "vehicle",
    "point_num_in_lidar": 140,
    "speed": 0.021002584988056676,
    "if_vehicle": true,
    "motion_state": false,
    "pose": [
      [
        -0.9969905420125533,
        0.05393267224317998,
        0.055687754508735476,
        35.56452050194457
      ],
      [
        -0.05518339055801904,
        -0.9982517754105409,
        -0.02117041086574369,
        9.784323240184676
      ],
      [
        0.054448622976495935,
        -0.024179738510020882,
        0.9982237663477816,
        -0.9965691766340683
      ],
      [
        0.0,
        0.0,
        0.0,
        1.0
      ]
    ],
    "location": [
      35.56452050194457,
      9.784323240184676,
      -0.9965691766340683
    ],
    "rotation": [
      -0.024218027958746037,
      -0.054475562473242825,
      -3.0862991096918884
    ]
  },
  {
    "label_id": "Ior1henF_Ts_9MLeXF_Xjg",
    "size": [
      2.218114502983429,
      4.448728327113863,
      1.6400000000000148
    ],
    "obj_class": "vehicle",
    "point_num_in_lidar": 82,
    "speed": 0.027747909794524267,
    "if_vehicle": true,
    "motion_state": false,
    "pose": [
      [
        -0.07046029681225355,
        -0.9959589452235991,
        0.055687754508735476,
        20.749690480834488
      ],
      [
        0.9971992620458376,
        -0.07173176060164947,
        -0.02117041086574369,
        -44.62062317424716
      ],
      [
        0.025079440750660344,
        0.05404011426786313,
        0.9982237663477816,
        0.8084305957393383
      ],
      [
        0.0,
        0.0,
        0.0,
        1.0
      ]
    ],
    "location": [
      20.749690480834488,
      -44.62062317424716,
      0.8084305957393383
    ],
    "rotation": [
      0.054083479365501404,
      -0.02508207056594217,
      1.641337280785039
    ]
  },
  {
    "label_id": "NXG3IQg-7AGdDP54x0y-Ww",
    "size": [
      2.1501117497804247,
      4.509298866515579,
      1.740000000000009
    ],
    "obj_class": "vehicle",
    "point_num_in_lidar": 260,
    "speed": 0.022332086536669658,
    "if_vehicle": true,
    "motion_state": false,
    "pose": [
      [
        0.06630956492773664,
        0.9962439036686093,
        0.055687754508735476,
        7.621128858525026
      ],
      [
        -0.997489507860222,
        0.06757584932908967,
        -0.02117041086574369,
        28.62987149025321
      ],
      [
        -0.024854040071314476,
        -0.05414415010491052,
        0.9982237663477816,
        0.9924765790497929
      ],
      [
        0.0,
        0.0,
        0.0,
        1.0
      ]
    ],
    "location": [
      7.621128858525026,
      28.62987149025321,
      0.9924765790497929
    ],
    "rotation": [
      -0.05418739518679581,
      0.024856599602839802,
      -1.5044175368814476
    ]
  },
  {
    "label_id": "Nx6yXW6ayqyL8X2hVv-MUA",
    "size": [
      2.142354551913599,
      4.746408458305702,
      1.7700000000000102
    ],
    "obj_class": "vehicle",
    "point_num_in_lidar": 1795,
    "speed": 1.9026626011070122,
    "if_vehicle": true,
    "motion_state": true,
    "pose": [
      [
        -0.8826151944886207,
        -0.4667861313873724,
        0.055687754508735476,
        17.55864616169856
      ],
      [
        0.4663627158328363,
        -0.8843402235479266,
        -0.02117041086574369,
        8.353918810451432
      ],
      [
        0.059128975459038884,
        0.007285366127653777,
        0.9982237663477816,
        -0.04736813301701659
      ],
      [
        0.0,
        0.0,
        0.0,
        1.0
      ]
    ],
    "location": [
      17.55864616169856,
      8.353918810451432,
      -0.04736813301701659
    ],
    "rotation": [
      0.007298200087211864,
      -0.05916348458627605,
      2.6554939008895633
    ]
  },
  {
    "label_id": "PrfRfD9vW0Ofvgezf3nw9A",
    "size": [
      2.17410730137642,
      4.258232932226047,
      1.7700000000000102
    ],
    "obj_class": "vehicle",
    "point_num_in_lidar": 21,
    "speed": 5.123796534383003e-13,
    "if_vehicle": true,
    "motion_state": false,
    "pose": [
      [
        -0.09957371710062306,
        -0.9934706582786127,
        0.055687754508735476,
        10.3976527690088
      ],
      [
        0.994673238601342,
        -0.10088093037880588,
        -0.02117041086574369,
        72.9374254270715
      ],
      [
        0.026650014504366853,
        0.053283102625190884,
        0.9982237663477816,
        5.2828587172644745
      ],
      [
        0.0,
        0.0,
        0.0,
        1.0
      ]
    ],
    "location": [
      10.3976527690088,
      72.9374254270715,
      5.2828587172644745
    ],
    "rotation": [
      0.05332730594540967,
      -0.02665317008975233,
      1.6705708821313423
    ]
  },
  {
    "label_id": "Q_ayhpSYROnVtzXnObeFmw",
    "size": [
      2.1352909994236904,
      4.52378229206138,
      1.5600000000000023
    ],
    "obj_class": "vehicle",
    "point_num_in_lidar": 291,
    "speed": 0.04755158039619173,
    "if_vehicle": true,
    "motion_state": false,
    "pose": [
      [
        0.09144246176390815,
        0.9942520556600983,
        0.055687754508735476,
        12.149852295490746
      ],
      [
        -0.995465290493567,
        0.09273979257219533,
        -0.02117041086574369,
        -24.294577151566045
      ],
      [
        -0.026213195324386006,
        -0.05349935223285581,
        0.9982237663477816,
        0.31132219845738973
      ],
      [
        0.0,
        0.0,
        0.0,
        1.0
      ]
    ],
    "location": [
      12.149852295490746,
      -24.294577151566045,
      0.31132219845738973
    ],
    "rotation": [
      -0.053543322370740706,
      0.026216198238854765,
      -1.4791943820213802
    ]
  },
  {
    "label_id": "WWv9wtVzT42U162-yTuOoA",
    "size": [
      2.0261529209364295,
      4.6105153086884325,
      1.5699999999999932
    ],
    "obj_class": "vehicle",
    "point_num_in_lidar": 4024,
    "speed": 0.012438987010857229,
    "if_vehicle": true,
    "motion_state": false,
    "pose": [
      [
        -0.9964482891077596,
        0.06316392270903995,
        0.055687754508735476,
        0.3826264171088951
      ],
      [
        -0.06442626821473582,
        -0.9976978849670368,
        -0.02117041086574369,
        6.996449484122422
      ],
      [
        0.0542223486962865,
        -0.02468297389513478,
        0.9982237663477816,
        0.046896787121397665
      ],
      [
        0.0,
        0.0,
        0.0,
        1.0
      ]
    ],
    "location": [
      0.3826264171088951,
      6.996449484122422,
      0.046896787121397665
    ],
    "rotation": [
      -0.024721856985091224,
      -0.05424895343124114,
      -3.0770266165343165
    ]
  },
  {
    "label_id": "X4H9yiCRjWTn4rPCsOkVdA",
    "size": [
      1.9697740761117524,
      4.4188602944795115,
      1.6500000000000057
    ],
    "obj_class": "vehicle",
    "point_num_in_lidar": 1219,
    "speed": 0.004670100939325915,
    "if_vehicle": true,
    "motion_state": false,
    "pose": [
      [
        -0.1035466632172741,
        -0.9930644302029669,
        0.055687754508735476,
        15.97571010642514
      ],
      [
        0.994261772236766,
        -0.10485867619029338,
        -0.02117041086574369,
        16.2854282152839
      ],
      [
        0.026862926221348497,
        0.05317608008565482,
        0.9982237663477816,
        0.06922035372645041
      ],
      [
        0.0,
        0.0,
        0.0,
        1.0
      ]
    ],
    "location": [
      15.97571010642514,
      16.2854282152839,
      0.06922035372645041
    ],
    "rotation": [
      0.05322039696442278,
      -0.02686615806075877,
      1.6745665077199454
    ]
  },
  {
    "label_id": "XrzRs3LbaboaBImF0mOdjQ",
    "size": [
      1.868009280595779,
      4.653371289880262,
      1.8600000000000136
    ],
    "obj_class": "vehicle",
    "point_num_in_lidar": 223,
    "speed": 0.0033221796370771096,
    "if_vehicle": true,
    "motion_state": false,
    "pose": [
      [
        -0.08246827739321348,
        -0.9950366109955808,
        0.055687754508735476,
        14.995300777196007
      ],
      [
        0.9962615013846585,
        -0.08375460920189205,
        -0.02117041086574369,
        31.568918867895263
      ],
      [
        0.025729439997443662,
        0.05373367859980865,
        0.9982237663477816,
        1.3765457760571849
      ],
      [
        0.0,
        0.0,
        0.0,
        1.0
      ]
    ],
    "location": [
      14.995300777196007,
      31.568918867895263,
      1.3765457760571849
    ],
    "rotation": [
      0.05377739041624659,
      -0.02573227967585725,
      1.6533857735667823
    ]
  },
  {
    "label_id": "ZCSiMZdHr7H2v9WzSWCqWA",
    "size": [
      0.4835235466275877,
      0.09322347433545763,
      0.5600000000000023
    ],
    "obj_class": "sign",
    "point_num_in_lidar": 120,
    "speed": 0.01703836097476726,
    "if_vehicle": false,
    "motion_state": false,
    "pose": [
      [
        0.9975143772859522,
        -0.043173384226788666,
        0.055687754508735476,
        -1.0629415353600962
      ],
      [
        0.04441042278710428,
        0.9987890308026247,
        -0.02117041086574369,
        8.639237796307498
      ],
      [
        -0.05470632007080867,
        0.023590905933427487,
        0.9982237663477816,
        1.383022148473458
      ],
      [
        0.0,
        0.0,
        0.0,
        1.0
      ]
    ],
    "location": [
      -1.0629415353600962,
      8.639237796307498,
      1.383022148473458
    ],
    "rotation": [
      0.023628485171160105,
      0.054733644229052435,
      0.04449170485942949
    ]
  },
  {
    "label_id": "ZF1-vGaHNjltsRoVWjqYiQ",
    "size": [
      2.0916384992245667,
      4.67170689046401,
      1.5999999999999943
    ],
    "obj_class": "vehicle",
    "point_num_in_lidar": 47,
    "speed": 0.007807661864048686,
    "if_vehicle": true,
    "motion_state": false,
    "pose": [
      [
        -0.9949241424808212,
        0.08381422735179067,
        0.055687754508735476,
        50.52993105092901
      ],
      [
        -0.08510221494125433,
        -0.9961472916772239,
        -0.02117041086574369,
        10.667266348616977
      ],
      [
        0.05369882420403071,
        -0.02580210413036491,
        0.9982237663477816,
        -1.8453127946586108
      ],
      [
        0.0,
        0.0,
        0.0,
        1.0
      ]
    ],
    "location": [
      50.52993105092901,
      10.667266348616977,
      -1.8453127946586108
    ],
    "rotation": [
      -0.025842262028139367,
      -0.053724665079530345,
      -3.0562639653610986
    ]
  },
  {
    "label_id": "aRFz7j2dwLW0x6klYx_7gQ",
    "size": [
      2.1473687569928304,
      4.4856824184495885,
      1.920000000000016
    ],
    "obj_class": "vehicle",
    "point_num_in_lidar": 108,
    "speed": 0.014869308378630217,
    "if_vehicle": true,
    "motion_state": false,
    "pose": [
      [
        0.996156113350821,
        -0.06761561825171215,
        0.055687754508735476,
        34.6716140012054
      ],
      [
        0.06888353459510933,
        0.9974000563291844,
        -0.02117041086574369,
        -0.5650197379272868
      ],
      [
        -0.05411151906452853,
        0.024925003570285657,
        0.9982237663477816,
        -0.7738336280185933
      ],
      [
        0.0,
        0.0,
        0.0,
        1.0
      ]
    ],
    "location": [
      34.6716140012054,
      -0.5650197379272868,
      -0.7738336280185933
    ],
    "rotation": [
      0.02496416771552939,
      0.05413796085054871,
      0.06903943640521465
    ]
  },
  {
    "label_id": "asdOT76Zl6kcy5908IDPgQ",
    "size": [
      1.8829911936268873,
      3.830012521744248,
      1.460000000000008
    ],
    "obj_class": "vehicle",
    "point_num_in_lidar": 103,
    "speed": 4.549693413077341e-13,
    "if_vehicle": true,
    "motion_state": false,
    "pose": [
      [
        -0.08693190061170616,
        -0.9946565832757612,
        0.055687754508735476,
        14.430674850680589
      ],
      [
        0.9958756899217852,
        -0.08822371521639731,
        -0.02117041086574369,
        36.65093942278145
      ],
      [
        0.02597026913308399,
        0.053617696888292134,
        0.9982237663477816,
        1.5799934184509539
      ],
      [
        0.0,
        0.0,
        0.0,
        1.0
      ]
    ],
    "location": [
      14.430674850680589,
      36.65093942278145,
      1.5799934184509539
    ],
    "rotation": [
      0.05366153729861925,
      -0.025973189315246784,
      1.6578675365826117
    ]
  },
  {
    "label_id": "cPrxNWhkfFseBGIlnuWdzg",
    "size": [
      0.821570156270204,
      1.2015272597505833,
      1.740000000000009
    ],
    "obj_class": "pedestrian",
    "point_num_in_lidar": 32,
    "speed": 1.3101004295402219,
    "if_vehicle": false,
    "motion_state": true,
    "pose": [
      [
        -0.9977354984007818,
        0.03771934820113486,
        0.055687754508735476,
        46.99463424075793
      ],
      [
        -0.03894939977020354,
        -0.999016895733659,
        -0.02117041086574369,
        -2.5370857083271403
      ],
      [
        0.05483447354068892,
        -0.0232914750491478,
        0.9982237663477816,
        -0.876512423283117
      ],
      [
        0.0,
        0.0,
        0.0,
        1.0
      ]
    ],
    "location": [
      46.99463424075793,
      -2.5370857083271403,
      -0.876512423283117
    ],
    "rotation": [
      -0.023328686806332377,
      -0.054861990349721376,
      -3.102574665095166
    ]
  },
  {
    "label_id": "exueily1Lt7uON4yqBxITg",
    "size": [
      0.758824195116854,
      0.07151227768081742,
      0.75
    ],
    "obj_class": "sign",
    "point_num_in_lidar": 167,
    "speed": 0.0700725285362115,
    "if_vehicle": false,
    "motion_state": false,
    "pose": [
      [
        -0.01883537945980167,
        -0.9982705557504841,
        0.055687754508735476,
        7.418073333744815
      ],
      [
        0.9995749963640488,
        -0.020040966732858226,
        -0.02117041086574369,
        13.225700792687348
      ],
      [
        0.022249834255949178,
        0.05526533428861512,
        0.9982237663477816,
        1.8718297504971417
      ],
      [
        0.0,
        0.0,
        0.0,
        1.0
      ]
    ],
    "location": [
      7.418073333744815,
      13.225700792687348,
      1.8718297504971417
    ],
    "rotation": [
      0.05530721117497937,
      -0.022251670480787532,
      1.589637484976993
    ]
  },
  {
    "label_id": "fZoqQ9qukc5jFPQ00JLwfg",
    "size": [
      2.1630520422499475,
      4.678952886478576,
      1.8700000000000045
    ],
    "obj_class": "vehicle",
    "point_num_in_lidar": 1113,
    "speed": 0.0019929428640586876,
    "if_vehicle": true,
    "motion_state": false,
    "pose": [
      [
        -0.09788118873741349,
        -0.9936388412743967,
        0.055687754508735476,
        17.983234971862657
      ],
      [
        0.9948436466987479,
        -0.09918635151527963,
        -0.02117041086574369,
        -10.528266802108192
      ],
      [
        0.026559207715740493,
        0.053328423790336595,
        0.9982237663477816,
        0.0868293474740085
      ],
      [
        0.0,
        0.0,
        0.0,
        1.0
      ]
    ],
    "location": [
      17.983234971862657,
      -10.528266802108192,
      0.0868293474740085
    ],
    "rotation": [
      0.05337257865395012,
      -0.026562331147260077,
      1.6688691960084858
    ]
  },
  {
    "label_id": "iig7YiZ08rzCckmuNjqSSA",
    "size": [
      2.0715932585364216,
      4.577422277222199,
      1.6800000000000068
    ],
    "obj_class": "vehicle",
    "point_num_in_lidar": 624,
    "speed": 0.001675601194399095,
    "if_vehicle": true,
    "motion_state": false,
    "pose": [
      [
        0.08476707010685354,
        0.994843413720609,
        0.055687754508735476,
        8.225112169109707
      ],
      [
        -0.9960653287955009,
        0.086056228567643,
        -0.02117041086574369,
        22.488154217377087
      ],
      [
        -0.025853521945966854,
        -0.05367408780257935,
        0.9982237663477816,
        0.6313136230612599
      ],
      [
        0.0,
        0.0,
        0.0,
        1.0
      ]
    ],
    "location": [
      8.225112169109707,
      22.488154217377087,
      0.6313136230612599
    ],
    "rotation": [
      -0.053717865870174894,
      0.025856402914747684,
      -1.485898966045368
    ]
  },
  {
    "label_id": "k_NOVkdWc5tiNnbaUVinuw",
    "size": [
      2.1554485014006715,
      4.4419784152818895,
      1.740000000000009
    ],
    "obj_class": "vehicle",
    "point_num_in_lidar": 649,
    "speed": 0.004863421517946768,
    "if_vehicle": true,
    "motion_state": false,
    "pose": [
      [
        -0.1124377751861799,
        -0.9920970823003952,
        0.055687754508735476,
        15.564558928305814
      ],
      [
        0.9932826240861685,
        -0.1137604605839441,
        -0.02117041086574369,
        21.40023287891745
      ],
      [
        0.027338167452804252,
        0.05293332503038158,
        0.9982237663477816,
        0.6144969150298323
      ],
      [
        0.0,
        0.0,
        0.0,
        1.0
      ]
    ],
    "location": [
      15.564558928305814,
      21.40023287891745,
      0.6144969150298323
    ],
    "rotation": [
      0.05297789497969016,
      -0.027341573910889407,
      1.6835146797101321
    ]
  },
  {
    "label_id": "mmdNjYPoJf8KPcfkiO2WVw",
    "size": [
      2.069285539631404,
      4.3057734004472925,
      1.740000000000009
    ],
    "obj_class": "vehicle",
    "point_num_in_lidar": 100,
    "speed": 0.008486720934716403,
    "if_vehicle": true,
    "motion_state": false,
    "pose": [
      [
        -0.0796056872155782,
        -0.9952697164893094,
        0.055687754508735476,
        15.308237909673153
      ],
      [
        0.9964983019780466,
        -0.08088849027300281,
        -0.02117041086574369,
        26.47629804935059
      ],
      [
        0.025574767209216136,
        0.05380746770332154,
        0.9982237663477816,
        0.9586042036531524
      ],
      [
        0.0,
        0.0,
        0.0,
        1.0
      ]
    ],
    "location": [
      15.308237909673153,
      26.47629804935059,
      0.9586042036531524
    ],
    "rotation": [
      0.05385109695472318,
      -0.025577555972646233,
      1.6505124619468472
    ]
  },
  {
    "label_id": "neWc6a5SpHMFVBiTZbsQRA",
    "size": [
      2.1576676687070853,
      4.838558424228969,
      1.75
    ],
    "obj_class": "vehicle",
    "point_num_in_lidar": 1063,
    "speed": 0.009638422241573848,
    "if_vehicle": true,
    "motion_state": false,
    "pose": [
      [
        0.08902355959918853,
        0.994471558082012,
        0.055687754508735476,
        8.733937921912457
      ],
      [
        -0.9956879452310107,
        0.09031793523671583,
        -0.02117041086574369,
        16.291394013565878
      ],
      [
        -0.026082974484090582,
        -0.053562960527885936,
        0.9982237663477816,
        0.1525696101816436
      ],
      [
        0.0,
        0.0,
        0.0,
        1.0
      ]
    ],
    "location": [
      8.733937921912457,
      16.291394013565878,
      0.1525696101816436
    ],
    "rotation": [
      -0.05360686112575562,
      0.02608593285817676,
      -1.481624339080748
    ]
  },
  {
    "label_id": "tBnMwtSfMUdPA9bwMuVXzA",
    "size": [
      2.1071184373222924,
      4.94391362798015,
      1.5800000000000125
    ],
    "obj_class": "vehicle",
    "point_num_in_lidar": 1863,
    "speed": 8.327797193442638,
    "if_vehicle": true,
    "motion_state": true,
    "pose": [
      [
        0.06561713450247525,
        0.9962897498506441,
        0.055687754508735476,
        13.903720311738653
      ],
      [
        -0.99753623384071,
        0.0668825528719415,
        -0.02117041086574369,
        -9.834552803366023
      ],
      [
        -0.024816402530917336,
        -0.05416141120643984,
        0.9982237663477816,
        0.03486230494789311
      ],
      [
        0.0,
        0.0,
        0.0,
        1.0
      ]
    ],
    "location": [
      13.903720311738653,
      -9.834552803366023,
      0.03486230494789311
    ],
    "rotation": [
      -0.05420463626267513,
      0.02481895044987257,
      -1.5051117555868974
    ]
  },
  {
    "label_id": "v2-w0GThHRtGTQcRFq9OZA",
    "size": [
      1.9872198046921816,
      4.67854752596008,
      1.5300000000000011
    ],
    "obj_class": "vehicle",
    "point_num_in_lidar": 155,
    "speed": 0.007933318345662839,
    "if_vehicle": true,
    "motion_state": false,
    "pose": [
      [
        0.07111017524225877,
        0.9959127557044292,
        0.055687754508735476,
        12.68453953202561
      ],
      [
        -0.997152242593906,
        0.07238244810532252,
        -0.02117041086574369,
        -35.351915640329025
      ],
      [
        -0.02511469822552827,
        -0.05402373766679083,
        0.9982237663477816,
        0.5896355799746971
      ],
      [
        0.0,
        0.0,
        0.0,
        1.0
      ]
    ],
    "location": [
      12.68453953202561,
      -35.351915640329025,
      0.5896355799746971
    ],
    "rotation": [
      -0.05406712154991211,
      0.02511733914974766,
      -1.4996035909298526
    ]
  },
  {
    "label_id": "vNvpD12q14e1m0Ldy5Yr0A",
    "size": [
      2.3958990595703678,
      5.002370273678711,
      1.9099999999999966
    ],
    "obj_class": "vehicle",
    "point_num_in_lidar": 926,
    "speed": 0.00832576186627231,
    "if_vehicle": true,
    "motion_state": false,
    "pose": [
      [
        0.05440388488483887,
        0.996964939858575,
        0.055687754508735476,
        11.682272300045042
      ],
      [
        -0.9982255819748604,
        0.05565519917066816,
        -0.02117041086574369,
        -19.272558723545444
      ],
      [
        -0.024205470464098426,
        -0.05443718855765097,
        0.9982237663477816,
        0.3792110020183088
      ],
      [
        0.0,
        0.0,
        0.0,
        1.0
      ]
    ],
    "location": [
      11.682272300045042,
      -19.272558723545444,
      0.3792110020183088
    ],
    "rotation": [
      -0.054480089286411536,
      0.024207834771074712,
      -1.5163496004113175
    ]
  },
  {
    "label_id": "vPy9W0Cmj-SFneQRaife3A",
    "size": [
      2.6728488425919843,
      6.188632361968968,
      2.259999999999991
    ],
    "obj_class": "vehicle",
    "point_num_in_lidar": 75,
    "speed": 0.0033202127103524634,
    "if_vehicle": true,
    "motion_state": false,
    "pose": [
      [
        -0.9942492865673166,
        0.09147256505727233,
        0.055687754508735476,
        59.24169668709055
      ],
      [
        -0.09276993259852227,
        -0.9954624821204672,
        -0.02117041086574369,
        11.406230463551765
      ],
      [
        0.053498558541775126,
        -0.026214815131941075,
        0.9982237663477816,
        -2.0018963384017354
      ],
      [
        0.0,
        0.0,
        0.0,
        1.0
      ]
    ],
    "location": [
      59.24169668709055,
      11.406230463551765,
      -2.0018963384017354
    ],
    "rotation": [
      -0.026255426922688917,
      -0.05352411113207243,
      -3.0485555150272283
    ]
  },
  {
    "label_id": "weeQq-6LKvQs2E_0jsJGRA",
    "size": [
      2.1090813335241876,
      4.508483162875747,
      1.8900000000000148
    ],
    "obj_class": "vehicle",
    "point_num_in_lidar": 191,
    "speed": 0.011134332528114228,
    "if_vehicle": true,
    "motion_state": false,
    "pose": [
      [
        0.08858332588937583,
        0.9945108689059922,
        0.055687754508735476,
        7.391951794724719
      ],
      [
        -0.9957278289200184,
        0.08987716293921412,
        -0.02117041086574369,
        33.88861516297948
      ],
      [
        -0.026059261090888186,
        -0.053574501489481986,
        0.9982237663477816,
        1.6539944410750707
      ],
      [
        0.0,
        0.0,
        0.0,
        1.0
      ]
    ],
    "location": [
      7.391951794724719,
      33.88861516297948,
      1.6539944410750707
    ],
    "rotation": [
      -0.053618389423730005,
      0.02606221140182875,
      -1.4820665256367302
    ]
  },
  {
    "label_id": "zP3W4pR_Dkt0kqTwQldWqw",
    "size": [
      2.071869919683925,
      4.414748533014121,
      1.9000000000000057
    ],
    "obj_class": "vehicle",
    "point_num_in_lidar": 514,
    "speed": 0.002865032959940449,
    "if_vehicle": true,
    "motion_state": false,
    "pose": [
      [
        -0.996203731240894,
        0.06691038678333501,
        0.055687754508735476,
        29.238939056559502
      ],
      [
        -0.06817742217730458,
        -0.997448571510849,
        -0.02117041086574369,
        9.307315218904478
      ],
      [
        0.054129150805996014,
        -0.02488668984560478,
        0.9982237663477816,
        -0.6660467651039426
      ],
      [
        0.0,
        0.0,
        0.0,
        1.0
      ]
    ],
    "location": [
      29.238939056559502,
      9.307315218904478,
      -0.6660467651039426
    ],
    "rotation": [
      -0.024925809693909284,
      -0.05415561847065874,
      -3.0732619714829768
    ]
  }
]