[
  {
    "label_id": "-G86PjIy35Dnhvmt_7sZlw",
    "size": [
      2.2279015557208246,
      4.6671900838050675,
      1.8700000000000045
    ],
    "obj_class": "vehicle",
    "point_num_in_lidar": 793,
    "speed": 2.929642751054232e-13,
    "if_vehicle": true,
    "motion_state": false,
    "pose": [
      [
        -0.06824728060721996,
        -0.9951963278334874,
        0.07018958438729106,
        18.61779281734198
      ],
      [
        0.9973614245898398,
        -0.06980245068413997,
        -0.019945090087871216,
        -18.57580561231225
      ],
      [
        0.024748685416491695,
        0.06864318571591418,
        0.9973342547134967,
        0.30099682215669077
      ],
      [
        0.0,
        0.0,
        0.0,
        1.0
      ]
    ],
    "location": [
      18.61779281734198,
      -18.57580561231225,
      0.30099682215669077
    ],
    "rotation": [
      0.06871828811600109,
      -0.024751212530788238,
      1.6391176570114012
    ]
  },
  {
    "label_id": "10t7lCtA-oADlgKbKqqaGQ",
    "size": [
      1.9409380617617653,
      4.35531691411666,
      1.5900000000000034
    ],
    "obj_class": "vehicle",
    "point_num_in_lidar": 62,
    "speed": 1.9945885082418897e-12,
    "if_vehicle": true,
    "motion_state": false,
    "pose": [
      [
        0.9922587970985812,
        -0.10244950865678074,
        0.07018958438729106,
        57.06252341989193
      ],
      [
        0.10407825435777358,
        0.9943691016675977,
        -0.019945090087871216,
        1.610238230023242
      ],
      [
        -0.06775098929399503,
        0.027095900515740824,
        0.9973342547134967,
        -2.155198298358897
      ],
      [
        0.0,
        0.0,
        0.0,
        1.0
      ]
    ],
    "location": [
      57.06252341989193,
      1.610238230023242,
      -2.155198298358897
    ],
    "rotation": [
      0.02716164283207988,
      0.06780292837667379,
      0.10450808432001618
    ]
  },
  {
    "label_id": "1cey-IEbE8XPL2SyOdH_ig",
    "size": [
      2.144919435592336,
      4.755202036269388,
      1.5
    ],
    "obj_class": "vehicle",
    "point_num_in_lidar": 193,
    "speed": 0.1629496340189282,
    "if_vehicle": true,
    "motion_state": false,
    "pose": [
      [
        -0.9966944034291516,
        -0.04091073717921309,
        0.07018958438729106,
        41.8865639995056
      ],
      [
        0.039601469337412855,
        -0.999016474842985,
        -0.019945090087871216,
        9.535988818475744
      ],
      [
        0.07093651950388637,
        -0.01709954899255243,
        0.9973342547134967,
        -1.4346977610094314
      ],
      [
        0.0,
        0.0,
        0.0,
        1.0
      ]
    ],
    "location": [
      41.8865639995056,
      9.535988818475744,
      -1.4346977610094314
    ],
    "rotation": [
      -0.01714357416376333,
      -0.07099614659588055,
      3.1018807325077624
    ]
  },
  {
    "label_id": "6GQJCYvdj35m3AkilVFa3A",
    "size": [
      1.9227345516098806,
      3.8913786098047867,
      1.7199999999999989
    ],
    "obj_class": "vehicle",
    "point_num_in_lidar": 66,
    "speed": 0.014749643405197299,
    "if_vehicle": true,
    "motion_state": false,
    "pose": [
      [
        0.9960570046316896,
        -0.05425740288371315,
        0.07018958438729106,
        44.371980963097485
      ],
      [
        0.05578199845695269,
        0.9982437387880453,
        -0.019945090087871216,
        0.21472015142353484
      ],
      [
        -0.06898414435429888,
        0.02378176197802023,
        0.9973342547134967,
        -1.393095141488459
      ],
      [
        0.0,
        0.0,
        0.0,
        1.0
      ]
    ],
    "location": [
      44.371980963097485,
      0.21472015142353484,
      -1.393095141488459
    ],
    "rotation": [
      0.02384080960717508,
      0.06903897561921518,
      0.05594437973187054
    ]
  },
  {
    "label_id": "6kV2629tjfAKv8UQAUpQIw",
    "size": [
      2.01855516802371,
      4.332165675849257,
      1.5699999999999932
    ],
    "obj_class": "vehicle",
    "point_num_in_lidar": 410,
    "speed": 0.0031409863748284,
    "if_vehicle": true,
    "motion_state": false,
    "pose": [
      [
        0.9970693107385646,
        -0.030433728441693626,
        0.07018958438729106,
        29.42359171038197
      ],
      [
        0.031905620194094896,
        0.9992918616607546,
        -0.019945090087871216,
        -0.7735222806586535
      ],
      [
        -0.06953287699609134,
        0.022126079447574616,
        0.9973342547134967,
        -0.5294454092498313
      ],
      [
        0.0,
        0.0,
        0.0,
        1.0
      ]
    ],
    "location": [
      29.42359171038197,
      -0.7735222806586535,
      -0.5294454092498313
    ],
    "rotation": [
      0.022181580930134087,
      0.06958902908592549,
      0.03198848514606385
    ]
  },
  {
    "label_id": "9ojEvP_IkP8ziMOD-24fCQ",
    "size": [
      2.0470616308685874,
      4.486385603924427,
      1.4699999999999989
    ],
    "obj_class": "vehicle",
    "point_num_in_lidar": 1318,
    "speed": 0.008825975984476432,
    "if_vehicle": true,
    "motion_state": false,
    "pose": [
      [
        0.08821640983550902,
        0.993625325401518,
        0.07018958438729106,
        10.872805075413908
      ],
      [
        -0.9957587588583314,
        0.08981474009483088,
        -0.019945090087871216,
        -9.791591484226956
      ],
      [
        -0.02612200590783238,
        -0.06813240919287329,
        0.9973342547134967,
        0.0049161419487973035
      ],
      [
        0.0,
        0.0,
        0.0,
        1.0
      ]
    ],
    "location": [
      10.872805075413908,
      -9.791591484226956,
      0.0049161419487973035
    ],
    "rotation": [
      -0.06820854314737249,
      0.026124977585554675,
      -1.482434864784185
    ]
  },
  {
    "label_id": "C7N3XXk6WR3gQXpwt59PzA",
    "size": [
      2.307378830981875,
      5.053288138911819,
      2.0999999999999943
    ],
    "obj_class": "vehicle",
    "point_num_in_lidar": 563,
    "speed": 5.550425118602929,
    "if_vehicle": true,
    "motion_state": true,
    "pose": [
      [
        0.06256280790549196,
        0.9955698455209054,
        0.07018958438729106,
        10.828108686083851
      ],
      [
        -0.9977437882254043,
        0.06410558820419637,
        -0.019945090087871216,
        24.617049653945287
      ],
      [
        -0.024356274850637866,
        -0.06878340098071728,
        0.9973342547134967,
        1.0144082982259874
      ],
      [
        0.0,
        0.0,
        0.0,
        1.0
      ]
    ],
    "location": [
      10.828108686083851,
      24.617049653945287,
      1.0144082982259874
    ],
    "rotation": [
      -0.06885821395916818,
      0.024358683631599078,
      -1.5081740322164652
    ]
  },
  {
    "label_id": "CZqAJKroo0JigZQamJxBgw",
    "size": [
      2.0658167117408515,
      4.364933663449352,
      1.700000000000017
    ],
    "obj_class": "vehicle",
    "point_num_in_lidar": 115,
    "speed": 0.007878343495170926,
    "if_vehicle": true,
    "motion_state": false,
    "pose": [
      [
        -0.1273021714068342,
        -0.989377369560596,
        0.07018958438729106,
        13.490444657990338
      ],
      [
        0.9914461630203248,
        -0.1289833292083202,
        -0.019945090087871216,
        49.57632063439269
      ],
      [
        0.028786507036808278,
        0.0670501408476801,
        0.9973342547134967,
        2.798193535837129
      ],
      [
        0.0,
        0.0,
        0.0,
        1.0
      ]
    ],
    "location": [
      13.490444657990338,
      49.57632063439269,
      2.798193535837129
    ],
    "rotation": [
      0.0671283435383331,
      -0.028790484238898486,
      1.6984980811970944
    ]
  },
  {
    "label_id": "EENp0Fqicu7Uz2meQc79Hw",
    "size": [
      0.4835235466275887,
      0.09322347433545763,
      0.47999999999998977
    ],
    "obj_class": "sign",
    "point_num_in_lidar": 135,
    "speed": 0.007394982573658327,
    "if_vehicle": false,
    "motion_state": false,
    "pose": [
      [
        0.9966006694042591,
        -0.04313383806852636,
        0.07018958438729106,
        -1.0784794567402969
      ],
      [
        0.044633925480636716,
        0.998804288175404,
        -0.019945090087871216,
        8.646565263554294
      ],
      [
        -0.0692453495851633,
        0.02301012681195992,
        0.9973342547134967,
        1.9324871229770224
      ],
      [
        0.0,
        0.0,
        0.0,
        1.0
      ]
    ],
    "location": [
      -1.0784794567402969,
      8.646565263554294,
      1.9324871229770224
    ],
    "rotation": [
      0.023067537530545388,
      0.0693008069637429,
      0.04475626041344364
    ]
  },
  {
    "label_id": "Fz60h1BcAUsffihcCYYlSQ",
    "size": [
      1.9659452030174636,
      3.735738890448964,
      1.8600000000000136
    ],
    "obj_class": "vehicle",
    "point_num_in_lidar": 26,
    "speed": 0.010688129627090032,
    "if_vehicle": true,
    "motion_state": false,
    "pose": [
      [
        -0.9960773139559428,
        0.05388327074197818,
        0.07018958438729106,
        35.52521157839692
      ],
      [
        -0.05540704484989719,
        -0.998264620610381,
        -0.019945090087871216,
        9.791214332928575
      ],
      [
        0.06899307214000154,
        -0.02375584921147834,
        0.9973342547134967,
        -1.0055924402644223
      ],
      [
        0.0,
        0.0,
        0.0,
        1.0
      ]
    ],
    "location": [
      35.52521157839692,
      9.791214332928575,
      -1.0055924402644223
    ],
    "rotation": [
      -0.023814842328068003,
      -0.06904792472663444,
      -3.086024673374614
    ]
  },
  {
    "label_id": "NXG3IQg-7AGdDP54x0y-Ww",
    "size": [
      2.150111749780424,
      4.509298866515579,
      1.740000000000009
    ],
    "obj_class": "vehicle",
    "point_num_in_lidar": 324,
    "speed": 0.010166654387917674,
    "if_vehicle": true,
    "motion_state": false,
    "pose": [
      [
        0.06624882638252201,
        0.995331359521279,
        0.07018958438729106,
        7.624075312727655
      ],
      [
        -0.9974995746356675,
        0.0677996458917659,
        -0.019945090087871216,
        28.644753004075028
      ],
      [
        -0.024610802599683804,
        -0.068692741759762,
        0.9973342547134967,
        1.0017751071320617
      ],
      [
        0.0,
        0.0,
        0.0,
        1.0
      ]
    ],
    "location": [
      7.624075312727655,
      28.644753004075028,
      1.0017751071320617
    ],
    "rotation": [
      -0.06876774217827722,
      0.024613287703172438,
      -1.5044788279587704
    ]
  },
  {
    "label_id": "Nx6yXW6ayqyL8X2hVv-MUA",
    "size": [
      2.1423545519137193,
      4.746408458305702,
      1.7700000000000102
    ],
    "obj_class": "vehicle",
    "point_num_in_lidar": 513,
    "speed": 1.9322840265259065,
    "if_vehicle": true,
    "motion_state": true,
    "pose": [
      [
        -0.9830536915919983,
        -0.16934834422244396,
        0.07018958438729106,
        21.407222080021256
      ],
      [
        0.16835008062477305,
        -0.9855254657973171,
        -0.019945090087871216,
        6.722555447913692
      ],
      [
        0.07255129082915361,
        -0.007790672249397009,
        0.9973342547134967,
        -0.14794827186096882
      ],
      [
        0.0,
        0.0,
        0.0,
        1.0
      ]
    ],
    "location": [
      21.407222080021256,
      6.722555447913692,
      -0.14794827186096882
    ],
    "rotation": [
      -0.007811336828645833,
      -0.07261508997843387,
      2.97198574735746
    ]
  },
  {
    "label_id": "WWv9wtVzT42U162-yTuOoA",
    "size": [
      2.0261529209334426,
      4.6105153086884325,
      1.5699999999999932
    ],
    "obj_class": "vehicle",
    "point_num_in_lidar": 3984,
    "speed": 0.013224890206756254,
    "if_vehicle": true,
    "motion_state": false,
    "pose": [
      [
        -0.9955055765854788,
        0.06357726976485002,
        0.07018958438729106,
        0.3649217101942668
      ],
      [
        -0.06512226452910416,
        -0.9976779460547317,
        -0.019945090087871216,
        7.014282987573097
      ],
      [
        0.06875854601294701,
        -0.024426353089632605,
        0.9973342547134967,
        0.071563024810672
      ],
      [
        0.0,
        0.0,
        0.0,
        1.0
      ]
    ],
    "location": [
      0.3649217101942668,
      7.014282987573097,
      0.071563024810672
    ],
    "rotation": [
      -0.024486746303177324,
      -0.06881284033041657,
      -3.07626945348443
    ]
  },
  {
    "label_id": "X4H9yiCRjWTn4rPCsOkVdA",
    "size": [
      1.9697740761117506,
      4.4188602944795115,
      1.6500000000000057
    ],
    "obj_class": "vehicle",
    "point_num_in_lidar": 1217,
    "speed": 0.004670100862227925,
    "if_vehicle": true,
    "motion_state": false,
    "pose": [
      [
        -0.10345181606072298,
        -0.9921547984046025,
        0.07018958438729106,
        15.976896168020176
      ],
      [
        0.9942634565710592,
        -0.10508269271747843,
        -0.019945090087871216,
        16.27663387222674
      ],
      [
        0.027164327363430735,
        0.06772358299710907,
        0.9973342547134967,
        0.09384765442695198
      ],
      [
        0.0,
        0.0,
        0.0,
        1.0
      ]
    ],
    "location": [
      15.976896168020176,
      16.27663387222674,
      0.09384765442695198
    ],
    "rotation": [
      0.06780051701506991,
      -0.02716766923584673,
      1.6744719614146486
    ]
  },
  {
    "label_id": "XrzRs3LbaboaBImF0mOdjQ",
    "size": [
      1.8680092805957798,
      4.653371289880262,
      1.8600000000000136
    ],
    "obj_class": "vehicle",
    "point_num_in_lidar": 57,
    "speed": 0.0033221796094800356,
    "if_vehicle": true,
    "motion_state": false,
    "pose": [
      [
        -0.08239273771502818,
        -0.9941251727098362,
        0.07018958438729106,
        14.996982898281658
      ],
      [
        0.9962679349742476,
        -0.08397853966064715,
        -0.019945090087871216,
        31.562834418833518
      ],
      [
        0.025722334924550682,
        0.0682843017179146,
        0.9973342547134967,
        1.3665650194524233
      ],
      [
        0.0,
        0.0,
        0.0,
        1.0
      ]
    ],
    "location": [
      14.996982898281658,
      31.562834418833518,
      1.3665650194524233
    ],
    "rotation": [
      0.06836013263418074,
      -0.025725172250652347,
      1.6533099355352312
    ]
  },
  {
    "label_id": "ZCSiMZdHr7H2v9WzSWCqWA",
    "size": [
      0.4835235466275887,
      0.09322347433545763,
      0.5600000000000023
    ],
    "obj_class": "sign",
    "point_num_in_lidar": 90,
    "speed": 0.007939397370414915,
    "if_vehicle": false,
    "motion_state": false,
    "pose": [
      [
        0.9966006694042591,
        -0.04313383806852636,
        0.07018958438729106,
        -1.0778016653666782
      ],
      [
        0.044633925480636716,
        0.998804288175404,
        -0.019945090087871216,
        8.646534143454119
      ],
      [
        -0.0692453495851633,
        0.02301012681195992,
        0.9973342547134967,
        1.3996012200695418
      ],
      [
        0.0,
        0.0,
        0.0,
        1.0
      ]
    ],
    "location": [
      -1.0778016653666782,
      8.646534143454119,
      1.3996012200695418
    ],
    "rotation": [
      0.023067537530545388,
      0.0693008069637429,
      0.04475626041344364
    ]
  },
  {
    "label_id": "ZF1-vGaHNjltsRoVWjqYiQ",
    "size": [
      2.091638499224568,
      4.67170689046401,
      1.5999999999999943
    ],
    "obj_class": "vehicle",
    "point_num_in_lidar": 39,
    "speed": 0.00780766192915824,
    "if_vehicle": true,
    "motion_state": false,
    "pose": [
      [
        -0.9940128072145124,
        0.08373745480407221,
        0.07018958438729106,
        50.51654618990597
      ],
      [
        -0.08532615389809586,
        -0.9961534223413304,
        -0.019945090087871216,
        10.660867298796802
      ],
      [
        0.06824944362031936,
        -0.0258146822678646,
        0.9973342547134967,
        -1.839770729859623
      ],
      [
        0.0,
        0.0,
        0.0,
        1.0
      ]
    ],
    "location": [
      50.51654618990597,
      10.660867298796802,
      -1.839770729859623
    ],
    "rotation": [
      -0.02587790350582698,
      -0.06830253915413478,
      -3.0559624694397938
    ]
  },
  {
    "label_id": "aRFz7j2dwLW0x6klYx_7gQ",
    "size": [
      2.1473687569935813,
      4.4856824184495885,
      1.920000000000016
    ],
    "obj_class": "vehicle",
    "point_num_in_lidar": 81,
    "speed": 0.014869308129575261,
    "if_vehicle": true,
    "motion_state": false,
    "pose": [
      [
        0.9955208439645145,
        -0.06333775710995872,
        0.07018958438729106,
        34.69924894817996
      ],
      [
        0.06488222917448257,
        0.997693585084487,
        -0.019945090087871216,
        -0.559137039761481
      ],
      [
        -0.06876442081142474,
        0.02440980961710373,
        0.9973342547134967,
        -0.7583608075722736
      ],
      [
        0.0,
        0.0,
        0.0,
        1.0
      ]
    ],
    "location": [
      34.69924894817996,
      -0.559137039761481,
      -0.7583608075722736
    ],
    "rotation": [
      0.02447016854936401,
      0.06881872906677859,
      0.06508210941169854
    ]
  },
  {
    "label_id": "asdOT76Zl6kcy5908IDPgQ",
    "size": [
      1.8829911936268844,
      3.830012521744248,
      1.460000000000008
    ],
    "obj_class": "vehicle",
    "point_num_in_lidar": 21,
    "speed": 4.549693413077341e-13,
    "if_vehicle": true,
    "motion_state": false,
    "pose": [
      [
        -0.0868522723230622,
        -0.9937454930895836,
        0.07018958438729106,
        14.430674850680589
      ],
      [
        0.9958811187327578,
        -0.08844767228693695,
        -0.019945090087871216,
        36.65093942277781
      ],
      [
        0.02602844874193118,
        0.06816820542718295,
        0.9973342547134967,
        1.5742699423192619
      ],
      [
        0.0,
        0.0,
        0.0,
        1.0
      ]
    ],
    "location": [
      14.430674850680589,
      36.65093942277781,
      1.5742699423192619
    ],
    "rotation": [
      0.0682442682482457,
      -0.02603138859781494,
      1.6577877108091508
    ]
  },
  {
    "label_id": "cPrxNWhkfFseBGIlnuWdzg",
    "size": [
      0.8215701562716687,
      1.2015272597505833,
      1.740000000000009
    ],
    "obj_class": "pedestrian",
    "point_num_in_lidar": 33,
    "speed": 1.3085458370557275,
    "if_vehicle": false,
    "motion_state": true,
    "pose": [
      [
        -0.9962858074212001,
        0.04987997769272171,
        0.07018958438729106,
        49.56541834456175
      ],
      [
        -0.05139494953853752,
        -0.9984792198855806,
        -0.019945090087871216,
        -2.5704256456374424
      ],
      [
        0.06908798081445318,
        -0.023478400329999097,
        0.9973342547134967,
        -1.0747109999654754
      ],
      [
        0.0,
        0.0,
        0.0,
        1.0
      ]
    ],
    "location": [
      49.56541834456175,
      -2.5704256456374424,
      -1.0747109999654754
    ],
    "rotation": [
      -0.023536807772512946,
      -0.06914306040855801,
      -3.0900517889710284
    ]
  },
  {
    "label_id": "exueily1Lt7uON4yqBxITg",
    "size": [
      0.7588241951168538,
      0.07151227768081742,
      0.75
    ],
    "obj_class": "sign",
    "point_num_in_lidar": 197,
    "speed": 0.010685509470482179,
    "if_vehicle": false,
    "motion_state": false,
    "pose": [
      [
        -0.018818126540889376,
        -0.9973561552209071,
        0.07018958438729106,
        7.471792901883873
      ],
      [
        0.999595699487107,
        -0.02026403089880715,
        -0.019945090087871216,
        13.254890771218925
      ],
      [
        0.021314682272372362,
        0.06978587747318056,
        0.9973342547134967,
        1.8718297504970849
      ],
      [
        0.0,
        0.0,
        0.0,
        1.0
      ]
    ],
    "location": [
      7.471792901883873,
      13.254890771218925,
      1.8718297504970849
    ],
    "rotation": [
      0.0698585422176395,
      -0.021316296534813692,
      1.5896198410641427
    ]
  },
  {
    "label_id": "fZoqQ9qukc5jFPQ00JLwfg",
    "size": [
      2.1630520422499435,
      4.678952886478576,
      1.8700000000000045
    ],
    "obj_class": "vehicle",
    "point_num_in_lidar": 1889,
    "speed": 0.2208810236114785,
    "if_vehicle": true,
    "motion_state": false,
    "pose": [
      [
        -0.097791531068656,
        -0.9927286833242944,
        0.07018958438729106,
        17.975487310649896
      ],
      [
        0.9948466086494853,
        -0.0994103547926697,
        -0.019945090087871216,
        -10.502028367804087
      ],
      [
        0.026777634508407467,
        0.06787740909321818,
        0.9973342547134967,
        0.10682934747404715
      ],
      [
        0.0,
        0.0,
        0.0,
        1.0
      ]
    ],
    "location": [
      17.975487310649896,
      -10.502028367804087,
      0.10682934747404715
    ],
    "rotation": [
      0.06795404473759527,
      -0.02678083565489742,
      1.6687796470382492
    ]
  },
  {
    "label_id": "gdywJfz_9bellnjvLvGrGw",
    "size": [
      1.0017507540681818,
      1.2747419405263642,
      1.9000000000000057
    ],
    "obj_class": "pedestrian",
    "point_num_in_lidar": 846,
    "speed": 1.5259613270271362,
    "if_vehicle": false,
    "motion_state": true,
    "pose": [
      [
        -0.9964031701484602,
        0.04747783442447107,
        0.07018958438729106,
        2.7290084297010253
      ],
      [
        -0.048987513652789735,
        -0.9986002287639956,
        -0.019945090087871216,
        -6.241250814577143
      ],
      [
        0.06914438534122554,
        -0.023311764215907575,
        0.9973342547134967,
        0.3109649040180784
      ],
      [
        0.0,
        0.0,
        0.0,
        1.0
      ]
    ],
    "location": [
      2.7290084297010253,
      -6.241250814577143,
      0.3109649040180784
    ],
    "rotation": [
      -0.023369818149713548,
      -0.06919960014348407,
      -3.092467859048768
    ]
  },
  {
    "label_id": "iig7YiZ08rzCckmuNjqSSA",
    "size": [
      2.0715932585364216,
      4.577422277222199,
      1.6800000000000068
    ],
    "obj_class": "vehicle",
    "point_num_in_lidar": 700,
    "speed": 0.0016756011802324623,
    "if_vehicle": true,
    "motion_state": false,
    "pose": [
      [
        0.0846894247697767,
        0.993932152400607,
        0.07018958438729106,
        8.227820246267584
      ],
      [
        -0.9960712449809256,
        0.0862801732933781,
        -0.019945090087871216,
        22.486479804778355
      ],
      [
        -0.02588003582518751,
        -0.06822468849881957,
        0.9973342547134967,
        0.6363142560249173
      ],
      [
        0.0,
        0.0,
        0.0,
        1.0
      ]
    ],
    "location": [
      8.227820246267584,
      22.486479804778355,
      0.6363142560249173
    ],
    "rotation": [
      -0.0683006387231721,
      0.025882925668511813,
      -1.4859768594891138
    ]
  },
  {
    "label_id": "k_NOVkdWc5tiNnbaUVinuw",
    "size": [
      2.1554485014006732,
      4.4419784152818895,
      1.740000000000009
    ],
    "obj_class": "vehicle",
    "point_num_in_lidar": 1033,
    "speed": 0.004863421599304376,
    "if_vehicle": true,
    "motion_state": false,
    "pose": [
      [
        -0.1123347839073304,
        -0.991188336577884,
        0.07018958438729106,
        15.555325736533177
      ],
      [
        0.993282301749335,
        -0.11398448321122319,
        -0.019945090087871216,
        21.39984575550079
      ],
      [
        0.027769864170289028,
        0.06747754455400443,
        0.9973342547134967,
        0.611101153827974
      ],
      [
        0.0,
        0.0,
        0.0,
        1.0
      ]
    ],
    "location": [
      15.555325736533177,
      21.39984575550079,
      0.611101153827974
    ],
    "rotation": [
      0.06755494915622724,
      -0.027773434602319923,
      1.6834123388006481
    ]
  },
  {
    "label_id": "mmdNjYPoJf8KPcfkiO2WVw",
    "size": [
      2.0692855396328786,
      4.3057734004472925,
      1.740000000000009
    ],
    "obj_class": "vehicle",
    "point_num_in_lidar": 393,
    "speed": 0.008486720790901016,
    "if_vehicle": true,
    "motion_state": false,
    "pose": [
      [
        -0.07879978822387639,
        -0.9944164196248025,
        0.07018958438729106,
        15.308289581141707
      ],
      [
        0.9965648984176474,
        -0.08037783664176806,
        -0.019945090087871216,
        26.492424137064518
      ],
      [
        0.025475412022110313,
        0.06837680715986723,
        0.9973342547134967,
        0.9586042036529818
      ],
      [
        0.0,
        0.0,
        0.0,
        1.0
      ]
    ],
    "location": [
      15.308289581141707,
      26.492424137064518,
      0.9586042036529818
    ],
    "rotation": [
      0.06845245197880861,
      -0.02547816840322259,
      1.64970355639816
    ]
  },
  {
    "label_id": "neWc6a5SpHMFVBiTZbsQRA",
    "size": [
      2.1576676687073952,
      4.838558424228969,
      1.75
    ],
    "obj_class": "vehicle",
    "point_num_in_lidar": 1134,
    "speed": 0.012661368340471693,
    "if_vehicle": true,
    "motion_state": false,
    "pose": [
      [
        0.09093140653419797,
        0.9933805421636018,
        0.07018958438729106,
        8.751021205567213
      ],
      [
        -0.9955095998228976,
        0.09253556095815736,
        -0.019945090087871216,
        16.290127496136847
      ],
      [
        -0.026308096969689297,
        -0.06806076996998622,
        0.9973342547134967,
        0.15153351135671755
      ],
      [
        0.0,
        0.0,
        0.0,
        1.0
      ]
    ],
    "location": [
      8.751021205567213,
      16.290127496136847,
      0.15153351135671755
    ],
    "rotation": [
      -0.06813704576065345,
      0.02631113262423764,
      -1.4797075254166328
    ]
  },
  {
    "label_id": "p2KLoLcoeq8jqmt5_98t0A",
    "size": [
      0.4155281545393611,
      0.06448166061818679,
      0.17850084365227303
    ],
    "obj_class": "sign",
    "point_num_in_lidar": 31,
    "speed": 0.010949133364062414,
    "if_vehicle": false,
    "motion_state": false,
    "pose": [
      [
        -0.01881812654759865,
        -0.9973561552207806,
        0.07018958438729106,
        7.470771354617227
      ],
      [
        0.9995956994869707,
        -0.02026403090553149,
        -0.019945090087871216,
        13.257833918512915
      ],
      [
        0.021314682272841817,
        0.06978587747303716,
        0.9973342547134967,
        1.3735398402529029
      ],
      [
        0.0,
        0.0,
        0.0,
        1.0
      ]
    ],
    "location": [
      7.470771354617227,
      13.257833918512915,
      1.3735398402529029
    ],
    "rotation": [
      0.06985854221749642,
      -0.021316296535283254,
      1.5896198410708549
    ]
  },
  {
    "label_id": "poNER0fr1zgf0U0PEnfldw",
    "size": [
      2.0585007434142235,
      4.589923589374125,
      1.7800000000000011
    ],
    "obj_class": "vehicle",
    "point_num_in_lidar": 4142,
    "speed": 0.003376794216082752,
    "if_vehicle": true,
    "motion_state": false,
    "pose": [
      [
        -0.9948020146871306,
        0.07377244619751556,
        0.07018958438729106,
        -4.687535331241634
      ],
      [
        -0.0753396148463079,
        -0.9969584423716952,
        -0.019945090087871216,
        6.537750230407255
      ],
      [
        0.06850470063605829,
        -0.025129472056491544,
        0.9973342547134967,
        0.5903183593118513
      ],
      [
        0.0,
        0.0,
        0.0,
        1.0
      ]
    ],
    "location": [
      -4.687535331241634,
      6.537750230407255,
      0.5903183593118513
    ],
    "rotation": [
      -0.025191309708249184,
      -0.06855839498858537,
      -3.0660036721861657
    ]
  },
  {
    "label_id": "tBnMwtSfMUdPA9bwMuVXzA",
    "size": [
      2.1071184373222924,
      4.94391362798015,
      1.5800000000000125
    ],
    "obj_class": "vehicle",
    "point_num_in_lidar": 3238,
    "speed": 6.5634407072803524,
    "if_vehicle": true,
    "motion_state": true,
    "pose": [
      [
        0.06555703021291842,
        0.9953771637089137,
        0.07018958438729106,
        12.680303527169144
      ],
      [
        -0.9975464561579279,
        0.0671063423839041,
        -0.019945090087871216,
        4.52617884636129
      ],
      [
        -0.02456305348326151,
        -0.06870983029125008,
        0.9973342547134967,
        -0.07714287285165256
      ],
      [
        0.0,
        0.0,
        0.0,
        1.0
      ]
    ],
    "location": [
      12.680303527169144,
      4.52617884636129,
      -0.07714287285165256
    ],
    "rotation": [
      -0.0687847954651059,
      0.02456552414762171,
      -1.5051724195334055
    ]
  },
  {
    "label_id": "vNvpD12q14e1m0Ldy5Yr0A",
    "size": [
      2.3958990595707848,
      5.002370273678711,
      1.9099999999999966
    ],
    "obj_class": "vehicle",
    "point_num_in_lidar": 1018,
    "speed": 0.008325761865513604,
    "if_vehicle": true,
    "motion_state": false,
    "pose": [
      [
        0.052739015398400785,
        0.9961385538660505,
        0.07018958438729106,
        11.667711432059605
      ],
      [
        -0.9983276094760928,
        0.054260275885186955,
        -0.019945090087871216,
        -19.278744490675308
      ],
      [
        -0.02367657940998116,
        -0.06902031557821806,
        0.9973342547134967,
        0.37672256884204103
      ],
      [
        0.0,
        0.0,
        0.0,
        1.0
      ]
    ],
    "location": [
      11.667711432059605,
      -19.278744490675308,
      0.37672256884204103
    ],
    "rotation": [
      -0.06909463339631249,
      0.02367879207263779,
      -1.5180180236007565
    ]
  },
  {
    "label_id": "vPy9W0Cmj-SFneQRaife3A",
    "size": [
      2.6728488425921157,
      6.188632361968968,
      2.259999999999991
    ],
    "obj_class": "vehicle",
    "point_num_in_lidar": 71,
    "speed": 0.0033202126546207377,
    "if_vehicle": true,
    "motion_state": false,
    "pose": [
      [
        -0.993399384231766,
        0.09072533081497912,
        0.07018958438729106,
        59.24573576191824
      ],
      [
        -0.09232904353790614,
        -0.9955287746221915,
        -0.019945090087871216,
        11.401383944001282
      ],
      [
        0.06806622603996411,
        -0.026293977404540102,
        0.9973342547134967,
        -2.0018963384016786
      ],
      [
        0.0,
        0.0,
        0.0,
        1.0
      ]
    ],
    "location": [
      59.24573576191824,
      11.401383944001282,
      -2.0018963384016786
    ],
    "rotation": [
      -0.0263581519758745,
      -0.06811889451726641,
      -3.0489163757735493
    ]
  },
  {
    "label_id": "weeQq-6LKvQs2E_0jsJGRA",
    "size": [
      2.109081333524187,
      4.508483162875747,
      1.8900000000000148
    ],
    "obj_class": "vehicle",
    "point_num_in_lidar": 68,
    "speed": 0.011134332714184026,
    "if_vehicle": true,
    "motion_state": false,
    "pose": [
      [
        0.08850218492048725,
        0.9935999121919441,
        0.07018958438729106,
        7.38080908597567
      ],
      [
        -0.9957328858612874,
        0.09010112871512257,
        -0.019945090087871216,
        33.90660020251926
      ],
      [
        -0.026141600537309528,
        -0.06812489336814914,
        0.9973342547134967,
        1.64268344614311
      ],
      [
        0.0,
        0.0,
        0.0,
        1.0
      ]
    ],
    "location": [
      7.38080908597567,
      33.90660020251926,
      1.64268344614311
    ],
    "rotation": [
      -0.06820104223576583,
      0.02614457890876403,
      -1.4821478233010321
    ]
  }
]