[
  {
    "label_id": "10t7lCtA-oADlgKbKqqaGQ",
    "size": [
      1.9409380617617646,
      4.35531691411666,
      1.5900000000000034
    ],
    "obj_class": "vehicle",
    "point_num_in_lidar": 668,
    "speed": 1.1260319029309487e-28,
    "if_vehicle": true,
    "motion_state": false,
    "pose": [
      [
        0.9930689136155774,
        -0.10253315219752253,
        0.05745507384745473,
        57.06252341989102
      ],
      [
        0.10376143817301083,
        0.9944243068491023,
        -0.018811217290512463,
        1.610238230025061
      ],
      [
        -0.05520594858025036,
        0.02464245621122422,
        0.9981708534079888,
        -2.218832959254229
      ],
      [
        0.0,
        0.0,
        0.0,
        1.0
      ]
    ],
    "location": [
      57.06252341989102,
      1.610238230025061,
      -2.218832959254229
    ],
    "rotation": [
      0.02468259978736256,
      0.055234028940270435,
      0.10410787665887229
    ]
  },
  {
    "label_id": "1cey-IEbE8XPL2SyOdH_ig",
    "size": [
      2.144919435593836,
      4.755202036269388,
      1.5
    ],
    "obj_class": "vehicle",
    "point_num_in_lidar": 4000,
    "speed": 0.10181574267628515,
    "if_vehicle": true,
    "motion_state": false,
    "pose": [
      [
        -0.9904483968194507,
        0.12534308009205528,
        0.05745507384745473,
        42.85564816932265
      ],
      [
        -0.12660221045386838,
        -0.9917751854186733,
        -0.018811217290512463,
        9.31102555243342
      ],
      [
        0.0546246606028292,
        -0.02590547935848841,
        0.9981708534079888,
        -1.4376981758026375
      ],
      [
        0.0,
        0.0,
        0.0,
        1.0
      ]
    ],
    "location": [
      42.85564816932265,
      9.31102555243342,
      -1.4376981758026375
    ],
    "rotation": [
      -0.025947126545149,
      -0.05465186247476853,
      -3.014458938174691
    ]
  },
  {
    "label_id": "49VORn_ESc1b2nSePzTnRQ",
    "size": [
      0.5418912534185456,
      0.062874008458906,
      0.27634554355771
    ],
    "obj_class": "sign",
    "point_num_in_lidar": 26,
    "speed": 0.0048374863509522675,
    "if_vehicle": false,
    "motion_state": false,
    "pose": [
      [
        0.03109551507418914,
        0.9978637098479203,
        0.05745507384745473,
        46.81412843912176
      ],
      [
        -0.9993036496134887,
        0.03222350032524572,
        -0.018811217290512463,
        16.02054024183053
      ],
      [
        -0.020622434663076582,
        -0.05683012049375303,
        0.9981708534079888,
        -0.9390992458360188
      ],
      [
        0.0,
        0.0,
        0.0,
        1.0
      ]
    ],
    "location": [
      46.81412843912176,
      16.02054024183053,
      -0.9390992458360188
    ],
    "rotation": [
      -0.05687286331189783,
      0.020623896677597685,
      -1.5396891808000241
    ]
  },
  {
    "label_id": "6GQJCYvdj35m3AkilVFa3A",
    "size": [
      1.9227345516098806,
      3.8913786098047867,
      1.7199999999999989
    ],
    "obj_class": "vehicle",
    "point_num_in_lidar": 4197,
    "speed": 0.13567556521118102,
    "if_vehicle": true,
    "motion_state": false,
    "pose": [
      [
        0.9968702221447835,
        -0.054301700619718056,
        0.05745507384745473,
        44.38261058509988
      ],
      [
        0.05546287977295673,
        0.998283530401729,
        -0.018811217290512463,
        0.216752028771225
      ],
      [
        -0.05633497287032727,
        0.021938966212354683,
        0.9981708534079888,
        -1.4318970297236717
      ],
      [
        0.0,
        0.0,
        0.0,
        1.0
      ]
    ],
    "location": [
      44.38261058509988,
      0.216752028771225,
      -1.4318970297236717
    ],
    "rotation": [
      0.021975631099706537,
      0.05636481322484948,
      0.05557970994942837
    ]
  },
  {
    "label_id": "6ewU8eGf0RX9S9k3tZDtgQ",
    "size": [
      1.7374900437657737,
      3.7814241420555588,
      1.450000000000017
    ],
    "obj_class": "vehicle",
    "point_num_in_lidar": 24,
    "speed": 0.03358504236804828,
    "if_vehicle": true,
    "motion_state": false,
    "pose": [
      [
        -0.05857024744628827,
        -0.9966285369199819,
        0.05745507384745473,
        110.4021424156258
      ],
      [
        0.9980368595280941,
        -0.05973746837076961,
        -0.018811217290512463,
        -0.5789150930741016
      ],
      [
        0.02218001662262986,
        0.05624050381519722,
        0.9981708534079888,
        -4.298666958578195
      ],
      [
        0.0,
        0.0,
        0.0,
        1.0
      ]
    ],
    "location": [
      110.4021424156258,
      -0.5789150930741016,
      -4.298666958578195
    ],
    "rotation": [
      0.05628405505570711,
      -0.022181835613472294,
      1.629414550342413
    ]
  },
  {
    "label_id": "71lx-1feTIuTGeppos4HWA",
    "size": [
      1.1310048944470994,
      1.0891588715526779,
      1.8600000000000136
    ],
    "obj_class": "pedestrian",
    "point_num_in_lidar": 144,
    "speed": 1.5711302426582543,
    "if_vehicle": false,
    "motion_state": true,
    "pose": [
      [
        -0.9944995663166022,
        0.08757583619511466,
        0.05745507384745473,
        66.77414446905732
      ],
      [
        -0.08878358436727873,
        -0.9958732917650456,
        -0.018811217290512463,
        -1.1557950566020736
      ],
      [
        0.05557056543700388,
        -0.02380881483356574,
        0.9981708534079888,
        -2.335178203344185
      ],
      [
        0.0,
        0.0,
        0.0,
        1.0
      ]
    ],
    "location": [
      66.77414446905732,
      -1.1557950566020736,
      -2.335178203344185
    ],
    "rotation": [
      -0.02384792246510867,
      -0.05559920638580825,
      -3.052554064046799
    ]
  },
  {
    "label_id": "DH-3hE747xRYimYM3RAZmQ",
    "size": [
      0.4614525078743386,
      0.08790670583661583,
      0.5200000000000102
    ],
    "obj_class": "sign",
    "point_num_in_lidar": 26,
    "speed": 0.0005691956680978003,
    "if_vehicle": false,
    "motion_state": false,
    "pose": [
      [
        -0.9957432628488491,
        0.07207127708256088,
        0.05745507384745473,
        58.66674567710106
      ],
      [
        -0.07325747654367147,
        -0.9971356378319365,
        -0.018811217290512463,
        13.187537212716052
      ],
      [
        0.05593475325395798,
        -0.022940156607708394,
        0.9981708534079888,
        -2.0098970916834844
      ],
      [
        0.0,
        0.0,
        0.0,
        1.0
      ]
    ],
    "location": [
      58.66674567710106,
      13.187537212716052,
      -2.0098970916834844
    ],
    "rotation": [
      -0.022978149437301188,
      -0.05596396154100355,
      -3.068154313869613
    ]
  },
  {
    "label_id": "Fz60h1BcAUsffihcCYYlSQ",
    "size": [
      1.9659452030174651,
      3.735738890448964,
      1.8600000000000136
    ],
    "obj_class": "vehicle",
    "point_num_in_lidar": 3426,
    "speed": 0.06159455784720214,
    "if_vehicle": true,
    "motion_state": false,
    "pose": [
      [
        -0.9968905480503145,
        0.05392726302276736,
        0.05745507384745473,
        35.74966079948854
      ],
      [
        -0.05508791124231313,
        -0.9983042923572993,
        -0.018811217290512463,
        9.74700056139227
      ],
      [
        0.05634320937701576,
        -0.021917804722761655,
        0.9981708534079888,
        -0.9469812133014273
      ],
      [
        0.0,
        0.0,
        0.0,
        1.0
      ]
    ],
    "location": [
      35.74966079948854,
      9.74700056139227,
      -0.9469812133014273
    ],
    "rotation": [
      -0.021954441058412398,
      -0.05637306283445856,
      -3.086389059772559
    ]
  },
  {
    "label_id": "IRaQ2NYeoqHOwYYgL79EVA",
    "size": [
      2.0012145237433874,
      4.213918624647002,
      1.759999999999991
    ],
    "obj_class": "vehicle",
    "point_num_in_lidar": 224,
    "speed": 0.016736377728342952,
    "if_vehicle": true,
    "motion_state": false,
    "pose": [
      [
        0.9955128506594723,
        -0.07518695805147621,
        0.05745507384745473,
        68.43280749769201
      ],
      [
        0.07637750893963,
        0.9969015067860144,
        -0.018811217290512463,
        1.9717562784553593
      ],
      [
        -0.055862691485710374,
        0.02311508396566389,
        0.9981708534079888,
        -2.5518963384013773
      ],
      [
        0.0,
        0.0,
        0.0,
        1.0
      ]
    ],
    "location": [
      68.43280749769201,
      1.9717562784553593,
      -2.5518963384013773
    ],
    "rotation": [
      0.023153304128710268,
      0.055891786923688895,
      0.07657176640494204
    ]
  },
  {
    "label_id": "Mn5Hw-uK3W0b3tznbBlMFQ",
    "size": [
      1.9960124555577607,
      4.018482658557317,
      1.5800000000000125
    ],
    "obj_class": "vehicle",
    "point_num_in_lidar": 110,
    "speed": 2.517886881224764e-28,
    "if_vehicle": true,
    "motion_state": false,
    "pose": [
      [
        -0.9942835158385105,
        0.08999558111926304,
        0.05745507384745473,
        65.16761829956795
      ],
      [
        -0.09120666852391603,
        -0.995654298298771,
        -0.018811217290512463,
        12.136564578431717
      ],
      [
        0.05551246480367119,
        -0.02394396914023483,
        0.9981708534079888,
        -2.7496977610091164
      ],
      [
        0.0,
        0.0,
        0.0,
        1.0
      ]
    ],
    "location": [
      65.16761829956795,
      12.136564578431717,
      -2.7496977610091164
    ],
    "rotation": [
      -0.02398324701253508,
      -0.055541015928435834,
      -3.0501176076361123
    ]
  },
  {
    "label_id": "Q30fRt5rtkrIN-f9oBJEaw",
    "size": [
      1.7760986466699678,
      3.88136625984662,
      1.759999999999991
    ],
    "obj_class": "vehicle",
    "point_num_in_lidar": 98,
    "speed": 0.039729900461256025,
    "if_vehicle": true,
    "motion_state": false,
    "pose": [
      [
        0.9957781731787289,
        -0.07158731947780164,
        0.05745507384745473,
        83.0974882338146
      ],
      [
        0.07277284207958853,
        0.9971711245115898,
        -0.018811217290512463,
        3.461920897461823
      ],
      [
        -0.055945895975420594,
        0.02291296860458654,
        0.9981708534079888,
        -3.4898953705503004
      ],
      [
        0.0,
        0.0,
        0.0,
        1.0
      ]
    ],
    "location": [
      83.0974882338146,
      3.461920897461823,
      -3.4898953705503004
    ],
    "rotation": [
      0.02295092597409273,
      0.05597512173806208,
      0.07295168786644993
    ]
  },
  {
    "label_id": "SKEgr4ahE674MQWsRsqsyA",
    "size": [
      2.0514683435929273,
      4.304428112145803,
      1.6604787703749082
    ],
    "obj_class": "vehicle",
    "point_num_in_lidar": 137,
    "speed": 5.6259811658930845,
    "if_vehicle": true,
    "motion_state": true,
    "pose": [
      [
        -0.9942778539446712,
        0.09005811259604891,
        0.05745507384745473,
        86.30152976345062
      ],
      [
        -0.09126928620842112,
        -0.9956485602355153,
        -0.018811217290512463,
        10.56714693734466
      ],
      [
        0.055510958829625784,
        -0.02394746033680694,
        0.9981708534079888,
        -3.683563227530982
      ],
      [
        0.0,
        0.0,
        0.0,
        1.0
      ]
    ],
    "location": [
      86.30152976345062,
      10.56714693734466,
      -3.683563227530982
    ],
    "rotation": [
      -0.02398674259500958,
      -0.055539507628646595,
      -3.0500546374563258
    ]
  },
  {
    "label_id": "UiiUy1mNUI2uq9pT4fXx0A",
    "size": [
      1.958296917434924,
      4.010635208510945,
      1.490000000000009
    ],
    "obj_class": "vehicle",
    "point_num_in_lidar": 95,
    "speed": 2.269594429599162e-28,
    "if_vehicle": true,
    "motion_state": false,
    "pose": [
      [
        -0.9955645954980047,
        0.07449866227038976,
        0.05745507384745473,
        69.83585265881038
      ],
      [
        -0.07568825278473484,
        -0.9969540744158897,
        -0.018811217290512463,
        12.320187887366046
      ],
      [
        0.055878659444265,
        -0.023076456085785874,
        0.9981708534079888,
        -3.0066980375380012
      ],
      [
        0.0,
        0.0,
        0.0,
        1.0
      ]
    ],
    "location": [
      69.83585265881038,
      12.320187887366046,
      -3.0066980375380012
    ],
    "rotation": [
      -0.023114626170375775,
      -0.055907779862992404,
      -3.0657131637050514
    ]
  },
  {
    "label_id": "V714yJQj5EbuwYmtq23txg",
    "size": [
      0.5418324977738292,
      0.11704828124330638,
      0.5999999999999943
    ],
    "obj_class": "sign",
    "point_num_in_lidar": 25,
    "speed": 0.001635255930548492,
    "if_vehicle": false,
    "motion_state": false,
    "pose": [
      [
        -0.9949922566210485,
        0.08178828616212001,
        0.05745507384745473,
        82.14754259784877
      ],
      [
        -0.08298802146259256,
        -0.9963729855820929,
        -0.018811217290512463,
        0.9029251275132992
      ],
      [
        0.055708146243413824,
        -0.023485098443263294,
        0.9981708534079888,
        -1.3996985635739065
      ],
      [
        0.0,
        0.0,
        0.0,
        1.0
      ]
    ],
    "location": [
      82.14754259784877,
      0.9029251275132992,
      -1.3996985635739065
    ],
    "rotation": [
      -0.02352379477796569,
      -0.0557370006451113,
      -3.05837955873313
    ]
  },
  {
    "label_id": "ZF1-vGaHNjltsRoVWjqYiQ",
    "size": [
      2.0916384992245667,
      4.67170689046401,
      1.5999999999999943
    ],
    "obj_class": "vehicle",
    "point_num_in_lidar": 1355,
    "speed": 0.006841222888625857,
    "if_vehicle": true,
    "motion_state": false,
    "pose": [
      [
        -0.994824355769773,
        0.08380582113695477,
        0.05745507384745473,
        50.576270907523394
      ],
      [
        -0.08500835389309755,
        -0.9962026489989048,
        -0.018811217290512463,
        10.689436251837833
      ],
      [
        0.055660407253645,
        -0.02359801837285776,
        0.9981708534079888,
        -1.8645628115215231
      ],
      [
        0.0,
        0.0,
        0.0,
        1.0
      ]
    ],
    "location": [
      50.576270907523394,
      10.689436251837833,
      -1.8645628115215231
    ],
    "rotation": [
      -0.02363685874256875,
      -0.05568918746970455,
      -3.056349112574597
    ]
  },
  {
    "label_id": "ZLnX_YnAho6AKX9nFyyEuQ",
    "size": [
      0.5641023899903831,
      0.06673283235707567,
      0.27000000000001023
    ],
    "obj_class": "sign",
    "point_num_in_lidar": 37,
    "speed": 0.0010839285613744418,
    "if_vehicle": false,
    "motion_state": false,
    "pose": [
      [
        0.02723213559744665,
        0.9979766155977732,
        0.05745507384745473,
        46.79361673084668
      ],
      [
        -0.9994209114736712,
        0.028354537788254742,
        -0.018811217290512463,
        16.09925400085922
      ],
      [
        -0.02040226702939456,
        -0.056909532653402005,
        0.9981708534079888,
        -0.4768963384009055
      ],
      [
        0.0,
        0.0,
        0.0,
        1.0
      ]
    ],
    "location": [
      46.79361673084668,
      16.09925400085922,
      -0.4768963384009055
    ],
    "rotation": [
      -0.05695216358221765,
      0.02040368271036283,
      -1.543555152634635
    ]
  },
  {
    "label_id": "aRFz7j2dwLW0x6klYx_7gQ",
    "size": [
      2.147368756994718,
      4.4856824184495885,
      1.920000000000016
    ],
    "obj_class": "vehicle",
    "point_num_in_lidar": 6552,
    "speed": 0.07612335075791575,
    "if_vehicle": true,
    "motion_state": false,
    "pose": [
      [
        0.9975530991942817,
        -0.03983376428442288,
        0.05745507384745473,
        34.82898244892067
      ],
      [
        0.040974317484491866,
        0.9989831046673059,
        -0.018811217290512463,
        -0.6129588204530592
      ],
      [
        -0.05664732645556631,
        0.021119370544688303,
        0.9981708534079888,
        -0.7865067750575747
      ],
      [
        0.0,
        0.0,
        0.0,
        1.0
      ]
    ],
    "location": [
      34.82898244892067,
      -0.6129588204530592,
      -0.7865067750575747
    ],
    "rotation": [
      0.021154915371615353,
      0.056677666406633104,
      0.04105174718386477
    ]
  },
  {
    "label_id": "cPrxNWhkfFseBGIlnuWdzg",
    "size": [
      0.8215701562693091,
      1.2015272597505833,
      1.740000000000009
    ],
    "obj_class": "pedestrian",
    "point_num_in_lidar": 985,
    "speed": 1.2888497127931953,
    "if_vehicle": false,
    "motion_state": true,
    "pose": [
      [
        -0.9863820298027131,
        0.15410842213021053,
        0.05745507384745473,
        38.51891719874675
      ],
      [
        -0.155405624067029,
        -0.9876716205867143,
        -0.018811217290512463,
        -2.884613515534511
      ],
      [
        0.05384777888285554,
        -0.02748388830115651,
        0.9981708534079888,
        -0.8521950128028948
      ],
      [
        0.0,
        0.0,
        0.0,
        1.0
      ]
    ],
    "location": [
      38.51891719874675,
      -2.884613515534511,
      -0.8521950128028948
    ],
    "rotation": [
      -0.027527297421320228,
      -0.05387383558294925,
      -2.9853260227422314
    ]
  },
  {
    "label_id": "cfS8ym7ODiUvgBWYAEFV5Q",
    "size": [
      1.9394337211608423,
      4.637164654718106,
      1.539999999999992
    ],
    "obj_class": "vehicle",
    "point_num_in_lidar": 20,
    "speed": 5.630144842082547e-28,
    "if_vehicle": true,
    "motion_state": false,
    "pose": [
      [
        -0.9931940126743825,
        0.10131420274049481,
        0.05745507384745473,
        91.79711770378344
      ],
      [
        -0.10254082420920561,
        -0.9945509124597625,
        -0.018811217290512463,
        14.068208355443858
      ],
      [
        0.05523615263806265,
        -0.02457467901137258,
        0.9981708534079888,
        -4.172236372027726
      ],
      [
        0.0,
        0.0,
        0.0,
        1.0
      ]
    ],
    "location": [
      91.79711770378344,
      14.068208355443858,
      -4.172236372027726
    ],
    "rotation": [
      -0.02461473963153212,
      -0.05526427915526307,
      -3.0387136587894235
    ]
  },
  {
    "label_id": "e8laxKvHCw1BffuvI1HLLA",
    "size": [
      1.944073576229051,
      4.070019966031291,
      1.009999999999991
    ],
    "obj_class": "vehicle",
    "point_num_in_lidar": 22,
    "speed": 5.295151961116289,
    "if_vehicle": true,
    "motion_state": true,
    "pose": [
      [
        -0.9968166753990172,
        0.05527594536173828,
        0.05745507384745473,
        110.56594425350977
      ],
      [
        -0.05643850522826549,
        -0.9982288481263444,
        -0.018811217290512463,
        11.875446201047453
      ],
      [
        0.056313504366620616,
        -0.021994013565467093,
        0.9981708534079888,
        -4.564396390542441
      ],
      [
        0.0,
        0.0,
        0.0,
        1.0
      ]
    ],
    "location": [
      110.56594425350977,
      11.875446201047453,
      -4.564396390542441
    ],
    "rotation": [
      -0.02203075263181778,
      -0.05634331058634976,
      -3.085034296985364
    ]
  },
  {
    "label_id": "ewlAcYU9trkSJitwr44Usg",
    "size": [
      2.0136109150609953,
      3.5651796483232303,
      1.8100000000000023
    ],
    "obj_class": "vehicle",
    "point_num_in_lidar": 361,
    "speed": 7.434658969823512,
    "if_vehicle": true,
    "motion_state": true,
    "pose": [
      [
        -0.9936626118713063,
        0.09661018713508916,
        0.05745507384745473,
        63.05070168758448
      ],
      [
        -0.09783036978702608,
        -0.9950253046286728,
        -0.018811217290512463,
        8.727293396183086
      ],
      [
        0.05535189713485128,
        -0.02431285442600668,
        0.9981708534079888,
        -2.416881334510748
      ],
      [
        0.0,
        0.0,
        0.0,
        1.0
      ]
    ],
    "location": [
      63.05070168758448,
      8.727293396183086,
      -2.416881334510748
    ],
    "rotation": [
      -0.024352592461428086,
      -0.055380200999192,
      -3.0434546173332455
    ]
  },
  {
    "label_id": "ftBTA3u1If73j0bN4RrXSg",
    "size": [
      0.8176959199595422,
      0.1483426655258548,
      0.8199999999999932
    ],
    "obj_class": "sign",
    "point_num_in_lidar": 22,
    "speed": 2.321377492315726e-28,
    "if_vehicle": false,
    "motion_state": false,
    "pose": [
      [
        -0.9943757379154833,
        -0.08897081731793549,
        0.05745507384745473,
        97.72810058743744
      ],
      [
        0.08802392999374863,
        -0.995940724065697,
        -0.018811217290512463,
        2.397583253308767
      ],
      [
        0.058895497225964315,
        -0.013647996676207818,
        0.9981708534079888,
        -2.0018963384018775
      ],
      [
        0.0,
        0.0,
        0.0,
        1.0
      ]
    ],
    "location": [
      97.72810058743744,
      2.397583253308767,
      -2.0018963384018775
    ],
    "rotation": [
      -0.013672154643960837,
      -0.05892959875032366,
      3.053300994871137
    ]
  },
  {
    "label_id": "oM5CDXmeayp8rxzRlmmJUA",
    "size": [
      1.7359767994737099,
      4.359237983947935,
      1.8700000000000045
    ],
    "obj_class": "vehicle",
    "point_num_in_lidar": 63,
    "speed": 0.0019121106235462518,
    "if_vehicle": true,
    "motion_state": false,
    "pose": [
      [
        -0.995773140457457,
        0.07165729015722686,
        0.05745507384745473,
        75.47797780516021
      ],
      [
        -0.07284291063531347,
        -0.9971660084831537,
        -0.018811217290512463,
        12.882546747750894
      ],
      [
        0.055944285799974354,
        -0.02291689972701669,
        0.9981708534079888,
        -3.090608779907484
      ],
      [
        0.0,
        0.0,
        0.0,
        1.0
      ]
    ],
    "location": [
      75.47797780516021,
      12.882546747750894,
      -3.090608779907484
    ],
    "rotation": [
      -0.02295486222581372,
      -0.055973509036879025,
      -3.0685706065254776
    ]
  },
  {
    "label_id": "syFBCLKJYiGGq4CtJ0UPNQ",
    "size": [
      0.4567839374697337,
      0.07920723510973815,
      0.46999999999999886
    ],
    "obj_class": "sign",
    "point_num_in_lidar": 30,
    "speed": 0.001617203009201836,
    "if_vehicle": false,
    "motion_state": false,
    "pose": [
      [
        -0.9957432628495447,
        0.07207127707294968,
        0.05745507384745473,
        58.666637436746896
      ],
      [
        -0.07325747653404684,
        -0.9971356378326436,
        -0.018811217290512463,
        13.185762151089875
      ],
      [
        0.05593475325417941,
        -0.022940156607168496,
        0.9981708534079888,
        -1.493563842048104
      ],
      [
        0.0,
        0.0,
        0.0,
        1.0
      ]
    ],
    "location": [
      58.666637436746896,
      13.185762151089875,
      -1.493563842048104
    ],
    "rotation": [
      -0.022978149436760586,
      -0.05596396154122532,
      -3.068154313879278
    ]
  },
  {
    "label_id": "vPy9W0Cmj-SFneQRaife3A",
    "size": [
      2.6728488425903874,
      6.188632361968968,
      2.259999999999991
    ],
    "obj_class": "vehicle",
    "point_num_in_lidar": 992,
    "speed": 0.003320212654169288,
    "if_vehicle": true,
    "motion_state": false,
    "pose": [
      [
        -0.9939347137365957,
        0.09376939435943384,
        0.05745507384745473,
        59.227667212272536
      ],
      [
        -0.09498567675049231,
        -0.995300888835281,
        -0.018811217290512463,
        11.423064547308968
      ],
      [
        0.05542116961597331,
        -0.024154530944832404,
        0.9981708534079888,
        -2.0018963384016786
      ],
      [
        0.0,
        0.0,
        0.0,
        1.0
      ]
    ],
    "location": [
      59.227667212272536,
      11.423064547308968,
      -2.0018963384016786
    ],
    "rotation": [
      -0.024194072288983688,
      -0.05544957997790477,
      -3.046316686047713
    ]
  }
]