[
  {
    "label_id": "-G86PjIy35Dnhvmt_7sZlw",
    "size": [
      2.2279015557208255,
      4.6671900838050675,
      1.8700000000000045
    ],
    "obj_class": "vehicle",
    "point_num_in_lidar": 953,
    "speed": 2.929642751054232e-13,
    "if_vehicle": true,
    "motion_state": false,
    "pose": [
      [
        -0.06838325102228503,
        -0.9971790772787832,
        0.030945416737504707,
        18.617792817342433
      ],
      [
        0.9974882686847363,
        -0.06891267280217231,
        -0.01637673238434262,
        -18.57580561231225
      ],
      [
        0.01846306626621887,
        0.02974779596365794,
        0.9993869039663037,
        0.30099682215669077
      ],
      [
        0.0,
        0.0,
        0.0,
        1.0
      ]
    ],
    "location": [
      18.617792817342433,
      -18.57580561231225,
      0.30099682215669077
    ],
    "rotation": [
      0.02975725899986901,
      -0.018464115390318225,
      1.6392446724423764
    ]
  },
  {
    "label_id": "-MaahtNQaZZ-XA0PJBa06A",
    "size": [
      1.909047156068257,
      4.101369306850817,
      1.4399999999999977
    ],
    "obj_class": "vehicle",
    "point_num_in_lidar": 75,
    "speed": 0.04758850723672185,
    "if_vehicle": true,
    "motion_state": false,
    "pose": [
      [
        0.15543628696927567,
        0.9873611000419994,
        0.030945416737504707,
        14.162673598102629
      ],
      [
        -0.9876227462447809,
        0.1559907488805954,
        -0.01637673238434262,
        -53.63660639792215
      ],
      [
        -0.020996947233403434,
        -0.02801685898747189,
        0.9993869039663037,
        1.186972285737852
      ],
      [
        0.0,
        0.0,
        0.0,
        1.0
      ]
    ],
    "location": [
      14.162673598102629,
      -53.63660639792215,
      1.186972285737852
    ],
    "rotation": [
      -0.028026705953030365,
      0.020998490366531595,
      -1.414692537030185
    ]
  },
  {
    "label_id": "10t7lCtA-oADlgKbKqqaGQ",
    "size": [
      1.9409380617617653,
      4.35531691411666,
      1.5900000000000034
    ],
    "obj_class": "vehicle",
    "point_num_in_lidar": 168,
    "speed": 1.9945885082418897e-12,
    "if_vehicle": true,
    "motion_state": false,
    "pose": [
      [
        0.9942356940429455,
        -0.10265362085131007,
        0.030945416737504707,
        57.06252341989148
      ],
      [
        0.10319336778004518,
        0.9945264860639078,
        -0.01637673238434262,
        1.610238230023242
      ],
      [
        -0.029094905690768107,
        0.019475693658802556,
        0.9993869039663037,
        -2.1667076923775426
      ],
      [
        0.0,
        0.0,
        0.0,
        1.0
      ]
    ],
    "location": [
      57.06252341989148,
      1.610238230023242,
      -2.1667076923775426
    ],
    "rotation": [
      0.0194851750878078,
      0.02909901212715138,
      0.10342133956534845
    ]
  },
  {
    "label_id": "1cey-IEbE8XPL2SyOdH_ig",
    "size": [
      2.1449194355926555,
      4.755202036269388,
      1.5
    ],
    "obj_class": "vehicle",
    "point_num_in_lidar": 552,
    "speed": 0.16978865719054015,
    "if_vehicle": true,
    "motion_state": false,
    "pose": [
      [
        -0.9939341769182077,
        0.10553309024598484,
        0.030945416737504707,
        42.680559984369665
      ],
      [
        -0.10607367721767305,
        -0.9942234042899678,
        -0.01637673238434262,
        9.324596898677555
      ],
      [
        0.0290383703992825,
        -0.01955988816942179,
        0.9993869039663037,
        -1.4232432140275648
      ],
      [
        0.0,
        0.0,
        0.0,
        1.0
      ]
    ],
    "location": [
      42.680559984369665,
      9.324596898677555,
      -1.4232432140275648
    ],
    "rotation": [
      -0.01956938912914393,
      -0.029042452938044142,
      -3.035274041134507
    ]
  },
  {
    "label_id": "1rM1fuuyGWlOowHu6wTmpA",
    "size": [
      0.4984617667257539,
      0.12735449629766027,
      0.20000000000001705
    ],
    "obj_class": "sign",
    "point_num_in_lidar": 32,
    "speed": 0.02458456039109646,
    "if_vehicle": false,
    "motion_state": false,
    "pose": [
      [
        0.9980808639566671,
        -0.05363739541080722,
        0.030945416737504707,
        23.025544730410274
      ],
      [
        0.0541621894876895,
        0.9983978464852132,
        -0.01637673238434262,
        10.79975554732664
      ],
      [
        -0.03001743215887621,
        0.01802137473206406,
        0.9993869039663037,
        1.3395688513206494
      ],
      [
        0.0,
        0.0,
        0.0,
        1.0
      ]
    ],
    "location": [
      23.025544730410274,
      10.79975554732664,
      1.3395688513206494
    ],
    "rotation": [
      0.018030476198453587,
      0.03002194183668888,
      0.05421315942115965
    ]
  },
  {
    "label_id": "5nZ5q3Eg1bKLgU1rE2JjAg",
    "size": [
      0.5115532522288468,
      0.08069893870138749,
      0.4300000000000068
    ],
    "obj_class": "sign",
    "point_num_in_lidar": 35,
    "speed": 0.004553598295381235,
    "if_vehicle": false,
    "motion_state": false,
    "pose": [
      [
        -0.9938104321816191,
        0.106692108751892,
        0.030945416737504707,
        43.72763349873867
      ],
      [
        -0.10723303264254914,
        -0.9940990289436429,
        -0.01637673238434262,
        -1.9148490286916058
      ],
      [
        0.029015540616458863,
        -0.019593738371756386,
        0.9993869039663037,
        1.2699983367563163
      ],
      [
        0.0,
        0.0,
        0.0,
        1.0
      ]
    ],
    "location": [
      43.72763349873867,
      -1.9148490286916058,
      1.2699983367563163
    ],
    "rotation": [
      -0.01960324710558162,
      -0.029019613531359807,
      -3.0341076090369863
    ]
  },
  {
    "label_id": "6GQJCYvdj35m3AkilVFa3A",
    "size": [
      1.9227345516098806,
      3.8913786098047867,
      1.7199999999999989
    ],
    "obj_class": "vehicle",
    "point_num_in_lidar": 444,
    "speed": 0.003889077734268392,
    "if_vehicle": true,
    "motion_state": false,
    "pose": [
      [
        0.9980414688204949,
        -0.05436550098703269,
        0.030945416737504707,
        44.28245985871308
      ],
      [
        0.054890526169329025,
        0.9983580684169713,
        -0.01637673238434262,
        0.20573497396435414
      ],
      [
        -0.030004277219808057,
        0.01804326825060027,
        0.9993869039663037,
        -1.3966623958988578
      ],
      [
        0.0,
        0.0,
        0.0,
        1.0
      ]
    ],
    "location": [
      44.28245985871308,
      0.20573497396435414,
      -1.3966623958988578
    ],
    "rotation": [
      0.018052376018266474,
      0.03000878096960889,
      0.054942889349470496
    ]
  },
  {
    "label_id": "6WHRUM96pXQy5acTD-HlJg",
    "size": [
      2.212779310940969,
      4.633051613865279,
      1.5500000000000114
    ],
    "obj_class": "vehicle",
    "point_num_in_lidar": 36,
    "speed": 2.111307300697646e-29,
    "if_vehicle": true,
    "motion_state": false,
    "pose": [
      [
        -0.08872117719287073,
        -0.9955756796449244,
        0.030945416737504707,
        21.967519011580407
      ],
      [
        0.9958740012827492,
        -0.08925679921159275,
        -0.01637673238434262,
        -58.587874286029546
      ],
      [
        0.019066365322163468,
        0.02936477301202948,
        0.9993869039663037,
        1.0199539874141408
      ],
      [
        0.0,
        0.0,
        0.0,
        1.0
      ]
    ],
    "location": [
      21.967519011580407,
      -58.587874286029546,
      1.0199539874141408
    ],
    "rotation": [
      0.029374336001107882,
      -0.019067520698675244,
      1.6596505067394003
    ]
  },
  {
    "label_id": "6kV2629tjfAKv8UQAUpQIw",
    "size": [
      2.0185551680237106,
      4.332165675849257,
      1.5699999999999932
    ],
    "obj_class": "vehicle",
    "point_num_in_lidar": 3566,
    "speed": 0.009235620250419333,
    "if_vehicle": true,
    "motion_state": false,
    "pose": [
      [
        0.9990557917649685,
        -0.030494362164405667,
        0.030945416737504707,
        29.440211006193294
      ],
      [
        0.031011669848550475,
        0.9993848502802193,
        -0.01637673238434262,
        -0.7830558785044559
      ],
      [
        -0.030426982664672433,
        0.017320938385951723,
        0.9993869039663037,
        -0.6132758878938205
      ],
      [
        0.0,
        0.0,
        0.0,
        1.0
      ]
    ],
    "location": [
      29.440211006193294,
      -0.7830558785044559,
      -0.6132758878938205
    ],
    "rotation": [
      0.017329829242187393,
      0.030431679511577953,
      0.03103101499012431
    ]
  },
  {
    "label_id": "71lx-1feTIuTGeppos4HWA",
    "size": [
      1.1310048944470996,
      1.0891588715526779,
      1.8600000000000136
    ],
    "obj_class": "pedestrian",
    "point_num_in_lidar": 47,
    "speed": 1.546194225814604,
    "if_vehicle": false,
    "motion_state": true,
    "pose": [
      [
        -0.9956680276520595,
        0.08767873114045215,
        0.030945416737504707,
        70.51487385030896
      ],
      [
        -0.08821404051393082,
        -0.9959669099385874,
        -0.01637673238434262,
        -0.8330480119002459
      ],
      [
        0.029384719969128486,
        -0.01903560907830674,
        0.9993869039663037,
        -2.40389704216102
      ],
      [
        0.0,
        0.0,
        0.0,
        1.0
      ]
    ],
    "location": [
      70.51487385030896,
      -0.8330480119002459,
      -2.40389704216102
    ],
    "rotation": [
      -0.019044983949215073,
      -0.0293889503768004,
      -3.053225542504266
    ]
  },
  {
    "label_id": "8HAPH0iPQHbptKbZvfklWg",
    "size": [
      0.5115532522288468,
      0.08069893870138749,
      0.6500000000000057
    ],
    "obj_class": "sign",
    "point_num_in_lidar": 82,
    "speed": 0.009313763417742194,
    "if_vehicle": false,
    "motion_state": false,
    "pose": [
      [
        -0.9938104321816191,
        0.106692108751892,
        0.030945416737504707,
        43.72933588292426
      ],
      [
        -0.10723303264254914,
        -0.9940990289436429,
        -0.01637673238434262,
        -1.9143747927500954
      ],
      [
        0.029015540616458863,
        -0.019593738371756386,
        0.9993869039663037,
        0.7099983367562288
      ],
      [
        0.0,
        0.0,
        0.0,
        1.0
      ]
    ],
    "location": [
      43.72933588292426,
      -1.9143747927500954,
      0.7099983367562288
    ],
    "rotation": [
      -0.01960324710558162,
      -0.029019613531359807,
      -3.0341076090369863
    ]
  },
  {
    "label_id": "BjdebUXZ4pcJEcJJEXi93w",
    "size": [
      0.5575671146660445,
      0.12011896040538889,
      0.5600000000000023
    ],
    "obj_class": "sign",
    "point_num_in_lidar": 21,
    "speed": 6.964111437740726e-28,
    "if_vehicle": false,
    "motion_state": false,
    "pose": [
      [
        -0.06451735196448681,
        -0.9974366608855084,
        0.030945416737504707,
        11.2350749224438
      ],
      [
        0.9977479021768049,
        -0.06504557124199038,
        -0.01637673238434262,
        -39.172673060473244
      ],
      [
        0.018347615574666718,
        0.02981914122456346,
        0.9993869039663037,
        1.4038398813761717
      ],
      [
        0.0,
        0.0,
        0.0,
        1.0
      ]
    ],
    "location": [
      11.2350749224438,
      -39.172673060473244,
      1.4038398813761717
    ],
    "rotation": [
      0.02982858468161995,
      -0.01834864513889182,
      1.6353694064209818
    ]
  },
  {
    "label_id": "CZqAJKroo0JigZQamJxBgw",
    "size": [
      2.0658167117408506,
      4.364933663449352,
      1.700000000000017
    ],
    "obj_class": "vehicle",
    "point_num_in_lidar": 23,
    "speed": 0.0280399859389932,
    "if_vehicle": true,
    "motion_state": false,
    "pose": [
      [
        -0.1275557980558513,
        -0.9913485257795449,
        0.030945416737504707,
        13.398206722865325
      ],
      [
        0.9916256900099282,
        -0.12810266800010708,
        -0.01637673238434262,
        49.49680782049472
      ],
      [
        0.02019923995275371,
        0.02859732305614095,
        0.9993869039663037,
        2.8555420004286134
      ],
      [
        0.0,
        0.0,
        0.0,
        1.0
      ]
    ],
    "location": [
      13.398206722865325,
      49.49680782049472,
      2.8555420004286134
    ],
    "rotation": [
      0.028607060500123727,
      -0.020200613784617596,
      1.6987268256375103
    ]
  },
  {
    "label_id": "Fz60h1BcAUsffihcCYYlSQ",
    "size": [
      1.9659452030174642,
      3.735738890448964,
      1.8600000000000136
    ],
    "obj_class": "vehicle",
    "point_num_in_lidar": 1047,
    "speed": 0.021002584461308073,
    "if_vehicle": true,
    "motion_state": false,
    "pose": [
      [
        -0.998061818607419,
        0.053990623454388105,
        0.030945416737504707,
        35.65140023803997
      ],
      [
        -0.05451552968188298,
        -0.9983786153859243,
        -0.01637673238434262,
        9.769092695429208
      ],
      [
        0.030011052323354027,
        -0.018031997091035687,
        0.9993869039663037,
        -0.9766261537225773
      ],
      [
        0.0,
        0.0,
        0.0,
        1.0
      ]
    ],
    "location": [
      35.65140023803997,
      9.769092695429208,
      -0.9766261537225773
    ],
    "rotation": [
      -0.018041101616857874,
      -0.030015559125571148,
      -3.0870254816232574
    ]
  },
  {
    "label_id": "IRaQ2NYeoqHOwYYgL79EVA",
    "size": [
      2.001214523743387,
      4.213918624647002,
      1.759999999999991
    ],
    "obj_class": "vehicle",
    "point_num_in_lidar": 37,
    "speed": 0.016736377588241765,
    "if_vehicle": true,
    "motion_state": false,
    "pose": [
      [
        0.9966825025269483,
        -0.0752752970074628,
        0.030945416737504707,
        68.47297443721482
      ],
      [
        0.07580684363246713,
        0.9969880265554318,
        -0.01637673238434262,
        1.9710020678212459
      ],
      [
        -0.029619446569817118,
        0.018668276983802273,
        0.9993869039663037,
        -2.5518963384015194
      ],
      [
        0.0,
        0.0,
        0.0,
        1.0
      ]
    ],
    "location": [
      68.47297443721482,
      1.9710020678212459,
      -2.5518963384015194
    ],
    "rotation": [
      0.01867755725298547,
      0.029623779194597844,
      0.07591300935999476
    ]
  },
  {
    "label_id": "Ior1henF_Ts_9MLeXF_Xjg",
    "size": [
      2.2181145029834304,
      4.448728327113863,
      1.6400000000000148
    ],
    "obj_class": "vehicle",
    "point_num_in_lidar": 116,
    "speed": 0.04021581844454546,
    "if_vehicle": true,
    "motion_state": false,
    "pose": [
      [
        -0.07053600712610278,
        -0.9970291133571018,
        0.030945416737504707,
        20.77691484844445
      ],
      [
        0.9973371610177054,
        -0.07106609521815059,
        -0.01637673238434262,
        -44.65906411034848
      ],
      [
        0.01852724890128052,
        0.029707864763328453,
        0.9993869039663037,
        0.8331309112996621
      ],
      [
        0.0,
        0.0,
        0.0,
        1.0
      ]
    ],
    "location": [
      20.77691484844445,
      -44.65906411034848,
      0.8331309112996621
    ],
    "rotation": [
      0.02971733862555179,
      -0.01852830900571242,
      1.6414030946457152
    ]
  },
  {
    "label_id": "NXG3IQg-7AGdDP54x0y-Ww",
    "size": [
      2.150111749780426,
      4.509298866515579,
      1.740000000000009
    ],
    "obj_class": "vehicle",
    "point_num_in_lidar": 419,
    "speed": 0.01919295420353348,
    "if_vehicle": true,
    "motion_state": false,
    "pose": [
      [
        0.06638081523747277,
        0.9973143779928928,
        0.030945416737504707,
        7.6505797363829515
      ],
      [
        -0.9976246318344685,
        0.06690961510540183,
        -0.01637673238434262,
        28.540827325216014
      ],
      [
        -0.018403296594629425,
        -0.02978480913311874,
        0.9993869039663037,
        0.983346560563632
      ],
      [
        0.0,
        0.0,
        0.0,
        1.0
      ]
    ],
    "location": [
      7.6505797363829515,
      28.540827325216014,
      0.983346560563632
    ],
    "rotation": [
      -0.02979426204972079,
      0.018404335561796856,
      -1.5043553957403148
    ]
  },
  {
    "label_id": "Nx6yXW6ayqyL8X2hVv-MUA",
    "size": [
      2.142354551914039,
      4.746408458305702,
      1.7700000000000102
    ],
    "obj_class": "vehicle",
    "point_num_in_lidar": 1774,
    "speed": 1.5383436482882789,
    "if_vehicle": true,
    "motion_state": true,
    "pose": [
      [
        -0.5358773115962672,
        -0.8437285630457815,
        0.030945416737504707,
        14.946760620970508
      ],
      [
        0.8437476905949243,
        -0.5364901091838914,
        -0.01637673238434262,
        11.680948269951841
      ],
      [
        0.030419426886271632,
        0.017334204583914055,
        0.9993869039663037,
        -0.0015050770184927842
      ],
      [
        0.0,
        0.0,
        0.0,
        1.0
      ]
    ],
    "location": [
      14.946760620970508,
      11.680948269951841,
      -0.0015050770184927842
    ],
    "rotation": [
      0.017343099589350604,
      -0.030424120234041768,
      2.1366367261442654
    ]
  },
  {
    "label_id": "Q30fRt5rtkrIN-f9oBJEaw",
    "size": [
      1.7760986466699684,
      3.88136625984662,
      1.759999999999991
    ],
    "obj_class": "vehicle",
    "point_num_in_lidar": 30,
    "speed": 0.003373042686480275,
    "if_vehicle": true,
    "motion_state": false,
    "pose": [
      [
        0.9969481367799811,
        -0.07167142913230047,
        0.030945416737504707,
        83.09334856778742
      ],
      [
        0.07220186770102206,
        0.9972555805493875,
        -0.01637673238434262,
        3.459791259963822
      ],
      [
        -0.029686745719399922,
        0.01856106972234906,
        0.9993869039663037,
        -3.4919793789726725
      ],
      [
        0.0,
        0.0,
        0.0,
        1.0
      ]
    ],
    "location": [
      83.09334856778742,
      3.459791259963822,
      -3.4919793789726725
    ],
    "rotation": [
      0.018570321426434454,
      0.02969110795199732,
      0.07229666828246344
    ]
  },
  {
    "label_id": "Q_ayhpSYROnVtzXnObeFmw",
    "size": [
      2.135290999423688,
      4.52378229206138,
      1.5600000000000023
    ],
    "obj_class": "vehicle",
    "point_num_in_lidar": 150,
    "speed": 0.053997050411142916,
    "if_vehicle": true,
    "motion_state": false,
    "pose": [
      [
        0.09154071762987294,
        0.9953203897232037,
        0.030945416737504707,
        12.136312134430682
      ],
      [
        -0.9956171930536141,
        0.09207718247456606,
        -0.01637673238434262,
        -24.523546293241452
      ],
      [
        -0.01914946244286722,
        -0.029310651115173652,
        0.9993869039663037,
        0.3025726800207451
      ],
      [
        0.0,
        0.0,
        0.0,
        1.0
      ]
    ],
    "location": [
      12.136312134430682,
      -24.523546293241452,
      0.3025726800207451
    ],
    "rotation": [
      -0.02932022753038034,
      0.019150632993451707,
      -1.479110417817941
    ]
  },
  {
    "label_id": "UiiUy1mNUI2uq9pT4fXx0A",
    "size": [
      1.9582969174349243,
      4.010635208510945,
      1.490000000000009
    ],
    "obj_class": "vehicle",
    "point_num_in_lidar": 24,
    "speed": 8.556067554929069e-13,
    "if_vehicle": true,
    "motion_state": false,
    "pose": [
      [
        -0.9967343081617301,
        0.07458619253118592,
        0.030945416737504707,
        69.83585265881129
      ],
      [
        -0.07511752779590417,
        -0.9970401996179709,
        -0.01637673238434262,
        12.320187887364227
      ],
      [
        0.0296323463665727,
        -0.01864779422499289,
        0.9993869039663037,
        -3.000968397969558
      ],
      [
        0.0,
        0.0,
        0.0,
        1.0
      ]
    ],
    "location": [
      69.83585265881129,
      12.320187887364227,
      -3.000968397969558
    ],
    "rotation": [
      -0.01865706906972176,
      -0.029636684656118174,
      -3.0663712075203478
    ]
  },
  {
    "label_id": "X4H9yiCRjWTn4rPCsOkVdA",
    "size": [
      1.9697740761117521,
      4.4188602944795115,
      1.6500000000000057
    ],
    "obj_class": "vehicle",
    "point_num_in_lidar": 944,
    "speed": 0.027516996570800426,
    "if_vehicle": true,
    "motion_state": false,
    "pose": [
      [
        -0.10365792517223427,
        -0.9941314881502998,
        0.030945416737504707,
        15.964803692012538
      ],
      [
        0.9944217347815095,
        -0.10419796557776492,
        -0.01637673238434262,
        16.255682664497726
      ],
      [
        0.019505074804289844,
        0.02907521689558429,
        0.9993869039663037,
        0.08922126644927175
      ],
      [
        0.0,
        0.0,
        0.0,
        1.0
      ]
    ],
    "location": [
      15.964803692012538,
      16.255682664497726,
      0.08922126644927175
    ],
    "rotation": [
      0.029084849721151017,
      -0.01950631179367436,
      1.6746606195008655
    ]
  },
  {
    "label_id": "XrzRs3LbaboaBImF0mOdjQ",
    "size": [
      1.8680092805957809,
      4.653371289880262,
      1.8600000000000136
    ],
    "obj_class": "vehicle",
    "point_num_in_lidar": 202,
    "speed": 0.003322179606146006,
    "if_vehicle": true,
    "motion_state": false,
    "pose": [
      [
        -0.08255689040574031,
        -0.9961057880714662,
        0.030945416737504707,
        14.991582989405288
      ],
      [
        0.9964074194801189,
        -0.08309065555994999,
        -0.01637673238434262,
        31.582366586146236
      ],
      [
        0.018884232881036224,
        0.029482230735495624,
        0.9993869039663037,
        1.3986050293158314
      ],
      [
        0.0,
        0.0,
        0.0,
        1.0
      ]
    ],
    "location": [
      14.991582989405288,
      31.582366586146236,
      1.3986050293158314
    ],
    "rotation": [
      0.02949176399430923,
      -0.01888535545895519,
      1.65346206054033
    ]
  },
  {
    "label_id": "ZF1-vGaHNjltsRoVWjqYiQ",
    "size": [
      2.091638499224567,
      4.67170689046401,
      1.5999999999999943
    ],
    "obj_class": "vehicle",
    "point_num_in_lidar": 162,
    "speed": 0.007807662059513458,
    "if_vehicle": true,
    "motion_state": false,
    "pose": [
      [
        -0.99599319870813,
        0.08390428660139856,
        0.030945416737504707,
        50.55951398244724
      ],
      [
        -0.08443845929598526,
        -0.9962941077955505,
        -0.01637673238434262,
        10.681409390690533
      ],
      [
        0.029456658311283454,
        -0.018924097383455518,
        0.9993869039663037,
        -1.8575617468991936
      ],
      [
        0.0,
        0.0,
        0.0,
        1.0
      ]
    ],
    "location": [
      50.55951398244724,
      10.681409390690533,
      -1.8575617468991936
    ],
    "rotation": [
      -0.018933444075021986,
      -0.02946091987328262,
      -3.057016743316522
    ]
  },
  {
    "label_id": "aRFz7j2dwLW0x6klYx_7gQ",
    "size": [
      2.147368756994317,
      4.4856824184495885,
      1.920000000000016
    ],
    "obj_class": "vehicle",
    "point_num_in_lidar": 1506,
    "speed": 0.013825274360027303,
    "if_vehicle": true,
    "motion_state": false,
    "pose": [
      [
        0.9978400613370443,
        -0.05794474241746031,
        0.030945416737504707,
        34.63963481024575
      ],
      [
        0.05847089974388618,
        0.9981547758336641,
        -0.01637673238434262,
        -0.5758934033510741
      ],
      [
        -0.029939369967052907,
        0.018150766006484215,
        0.9993869039663037,
        -0.7630832152265441
      ],
      [
        0.0,
        0.0,
        0.0,
        1.0
      ]
    ],
    "location": [
      34.63963481024575,
      -0.5758934033510741,
      -0.7630832152265441
    ],
    "rotation": [
      0.018159904461921887,
      0.02994384454376206,
      0.05853053652667102
    ]
  },
  {
    "label_id": "asdOT76Zl6kcy5908IDPgQ",
    "size": [
      1.8829911936268868,
      3.830012521744248,
      1.460000000000008
    ],
    "obj_class": "vehicle",
    "point_num_in_lidar": 59,
    "speed": 2.901586660424554e-28,
    "if_vehicle": true,
    "motion_state": false,
    "pose": [
      [
        -0.08702530983331204,
        -0.9957253520079512,
        0.030945416737504707,
        14.430674850680134
      ],
      [
        0.996024585524362,
        -0.08756042295143818,
        -0.01637673238434262,
        36.65093942277599
      ],
      [
        0.019016321396083995,
        0.02939720567004712,
        0.9993869039663037,
        1.5926433221111154
      ],
      [
        0.0,
        0.0,
        0.0,
        1.0
      ]
    ],
    "location": [
      14.430674850680134,
      36.65093942277599,
      1.5926433221111154
    ],
    "rotation": [
      0.029406760531068745,
      -0.01901746769784065,
      1.6579476582850257
    ]
  },
  {
    "label_id": "cPrxNWhkfFseBGIlnuWdzg",
    "size": [
      0.8215701562706927,
      1.2015272597505833,
      1.740000000000009
    ],
    "obj_class": "pedestrian",
    "point_num_in_lidar": 67,
    "speed": 1.3004748069587821,
    "if_vehicle": false,
    "motion_state": true,
    "pose": [
      [
        -0.9990522698114573,
        0.030609530664764805,
        0.030945416737504707,
        41.49834350908077
      ],
      [
        -0.031126876278531494,
        -0.9993812686905598,
        -0.01637673238434262,
        -2.774853131189957
      ],
      [
        0.03042498574717835,
        -0.017324445818848202,
        0.9993869039663037,
        -0.81469776100937
      ],
      [
        0.0,
        0.0,
        0.0,
        1.0
      ]
    ],
    "location": [
      41.49834350908077,
      -2.774853131189957,
      -0.81469776100937
    ],
    "rotation": [
      -0.017333337772679508,
      -0.0304296816691279,
      -3.11044632497614
    ]
  },
  {
    "label_id": "efhaSh_nWNCRYbumf1d3vQ",
    "size": [
      0.8122852603967392,
      0.13981528753100092,
      0.7599999999999909
    ],
    "obj_class": "sign",
    "point_num_in_lidar": 53,
    "speed": 0.021057805749472247,
    "if_vehicle": false,
    "motion_state": false,
    "pose": [
      [
        0.998080863956802,
        -0.05363739540829629,
        0.030945416737504707,
        23.055735128592914
      ],
      [
        0.05416218948517777,
        0.9983978464853495,
        -0.01637673238434262,
        10.801537475570512
      ],
      [
        -0.030017432158921546,
        0.018021374731988542,
        0.9993869039663037,
        1.8267593321093898
      ],
      [
        0.0,
        0.0,
        0.0,
        1.0
      ]
    ],
    "location": [
      23.055735128592914,
      10.801537475570512,
      1.8267593321093898
    ],
    "rotation": [
      0.018030476198378047,
      0.03002194183673424,
      0.05421315941864317
    ]
  },
  {
    "label_id": "ewlAcYU9trkSJitwr44Usg",
    "size": [
      2.0136109150618187,
      3.5651796483232303,
      1.8100000000000023
    ],
    "obj_class": "vehicle",
    "point_num_in_lidar": 59,
    "speed": 8.230043303503205,
    "if_vehicle": true,
    "motion_state": true,
    "pose": [
      [
        -0.9961727632523665,
        0.08174476703182208,
        0.030945416737504707,
        82.05255645183843
      ],
      [
        -0.08227828609737164,
        -0.9964748297239078,
        -0.01637673238434262,
        10.396508062356588
      ],
      [
        0.029497616700739776,
        -0.01886019060408591,
        0.9993869039663037,
        -3.269892115843618
      ],
      [
        0.0,
        0.0,
        0.0,
        1.0
      ]
    ],
    "location": [
      82.05255645183843,
      10.396508062356588,
      -3.269892115843618
    ],
    "rotation": [
      -0.0188695209336529,
      -0.029501896068752205,
      -3.0591853092534333
    ]
  },
  {
    "label_id": "fZoqQ9qukc5jFPQ00JLwfg",
    "size": [
      2.1630520422499457,
      4.678952886478576,
      1.8700000000000045
    ],
    "obj_class": "vehicle",
    "point_num_in_lidar": 2281,
    "speed": 0.001992942864999083,
    "if_vehicle": true,
    "motion_state": false,
    "pose": [
      [
        -0.0979863630817553,
        -0.9947065164323358,
        0.030945416737504707,
        17.98927880092515
      ],
      [
        0.9949998383803784,
        -0.09852473932689498,
        -0.01637673238434262,
        -10.534056895354297
      ],
      [
        0.019338931537998854,
        0.0291859882069257,
        0.9993869039663037,
        0.08682934747395166
      ],
      [
        0.0,
        0.0,
        0.0,
        1.0
      ]
    ],
    "location": [
      17.98927880092515,
      -10.534056895354297,
      0.08682934747395166
    ],
    "rotation": [
      0.02919559489468473,
      -0.0193401371825237,
      1.6689585880548803
    ]
  },
  {
    "label_id": "iig7YiZ08rzCckmuNjqSSA",
    "size": [
      2.071593258536421,
      4.577422277222199,
      1.6800000000000068
    ],
    "obj_class": "vehicle",
    "point_num_in_lidar": 508,
    "speed": 0.10306246564314836,
    "if_vehicle": true,
    "motion_state": false,
    "pose": [
      [
        0.08485815319580325,
        0.9959123832040345,
        0.030945416737504707,
        8.151521687258537
      ],
      [
        -0.9962127805535235,
        0.08539261383883912,
        -0.01637673238434262,
        22.58601465927495
      ],
      [
        -0.01895230059953304,
        -0.029438520387939884,
        0.9993869039663037,
        0.6399983367565198
      ],
      [
        0.0,
        0.0,
        0.0,
        1.0
      ]
    ],
    "location": [
      8.151521687258537,
      22.58601465927495,
      0.6399983367565198
    ],
    "rotation": [
      -0.029448064805354245,
      0.018953435361481776,
      -1.4858207001781403
    ]
  },
  {
    "label_id": "k_NOVkdWc5tiNnbaUVinuw",
    "size": [
      2.1554485014006715,
      4.4419784152818895,
      1.740000000000009
    ],
    "obj_class": "vehicle",
    "point_num_in_lidar": 537,
    "speed": 0.004863421517520816,
    "if_vehicle": true,
    "motion_state": false,
    "pose": [
      [
        -0.1125585907324254,
        -0.9931631008224542,
        0.030945416737504707,
        15.584965929875125
      ],
      [
        0.9934484984565847,
        -0.11310120932496258,
        -0.01637673238434262,
        21.401088490751135
      ],
      [
        0.01976473037224994,
        0.028899335874003628,
        0.9993869039663037,
        0.622002153292442
      ],
      [
        0.0,
        0.0,
        0.0,
        1.0
      ]
    ],
    "location": [
      15.584965929875125,
      21.401088490751135,
      0.622002153292442
    ],
    "rotation": [
      0.028909008735785613,
      -0.01976601742926993,
      1.683616090853508
    ]
  },
  {
    "label_id": "lSgAzkWLTh17nT2ZDA4g_Q",
    "size": [
      0.5575671146660445,
      0.12011896040538889,
      0.5500000000000114
    ],
    "obj_class": "sign",
    "point_num_in_lidar": 24,
    "speed": 0.0009390508515836083,
    "if_vehicle": false,
    "motion_state": false,
    "pose": [
      [
        -0.06451735196448681,
        -0.9974366608855084,
        0.030945416737504707,
        11.233182774441502
      ],
      [
        0.9977479021768049,
        -0.06504557124199038,
        -0.01637673238434262,
        -39.17134064043057
      ],
      [
        0.018347615574666718,
        0.02981914122456346,
        0.9993869039663037,
        1.9883771811140605
      ],
      [
        0.0,
        0.0,
        0.0,
        1.0
      ]
    ],
    "location": [
      11.233182774441502,
      -39.17134064043057,
      1.9883771811140605
    ],
    "rotation": [
      0.02982858468161995,
      -0.01834864513889182,
      1.6353694064209818
    ]
  },
  {
    "label_id": "mmdNjYPoJf8KPcfkiO2WVw",
    "size": [
      2.0692855396326557,
      4.3057734004472925,
      1.740000000000009
    ],
    "obj_class": "vehicle",
    "point_num_in_lidar": 320,
    "speed": 0.008486720720696794,
    "if_vehicle": true,
    "motion_state": false,
    "pose": [
      [
        -0.0813143174736151,
        -0.9962079918153348,
        0.030945416737504707,
        15.308123706506194
      ],
      [
        0.9965102887899496,
        -0.08184770596774765,
        -0.01637673238434262,
        26.44065651763958
      ],
      [
        0.018847443051283826,
        0.029505763353535285,
        0.9993869039663037,
        0.9586042036530671
      ],
      [
        0.0,
        0.0,
        0.0,
        1.0
      ]
    ],
    "location": [
      15.308123706506194,
      26.44065651763958,
      0.9586042036530671
    ],
    "rotation": [
      0.02951529055817514,
      -0.018848559080337307,
      1.652215014909368
    ]
  },
  {
    "label_id": "tBnMwtSfMUdPA9bwMuVXzA",
    "size": [
      2.1071184373216556,
      4.94391362798015,
      1.5800000000000125
    ],
    "obj_class": "vehicle",
    "point_num_in_lidar": 62,
    "speed": 9.796380786167216,
    "if_vehicle": true,
    "motion_state": true,
    "pose": [
      [
        0.08568283886276798,
        0.9958417707183,
        0.030945416737504707,
        17.296656045011787
      ],
      [
        -0.9961417253780831,
        0.08621754808151093,
        -0.01637673238434262,
        -48.45756917118342
      ],
      [
        -0.018976672131671687,
        -0.02942281589945544,
        0.9993869039663037,
        0.8408601949564343
      ],
      [
        0.0,
        0.0,
        0.0,
        1.0
      ]
    ],
    "location": [
      17.296656045011787,
      -48.45756917118342,
      0.8408601949564343
    ],
    "rotation": [
      -0.02943236429851177,
      0.018977811277435558,
      -1.484992810319115
    ]
  },
  {
    "label_id": "v2-w0GThHRtGTQcRFq9OZA",
    "size": [
      1.9872198046921816,
      4.67854752596008,
      1.5300000000000011
    ],
    "obj_class": "vehicle",
    "point_num_in_lidar": 256,
    "speed": 0.027605507086338223,
    "if_vehicle": true,
    "motion_state": false,
    "pose": [
      [
        0.07118658385717481,
        0.9969828742068179,
        0.030945416737504707,
        12.68584938515096
      ],
      [
        -0.997290575903275,
        0.07171687284681318,
        -0.01637673238434262,
        -35.35240087601596
      ],
      [
        -0.01854663024001305,
        -0.02969576884652839,
        0.9993869039663037,
        0.6338748783220751
      ],
      [
        0.0,
        0.0,
        0.0,
        1.0
      ]
    ],
    "location": [
      12.68584938515096,
      -35.35240087601596,
      0.6338748783220751
    ],
    "rotation": [
      -0.02970524596945305,
      0.018547693675193332,
      -1.49953720445898
    ]
  },
  {
    "label_id": "vPy9W0Cmj-SFneQRaife3A",
    "size": [
      2.672848842589667,
      6.188632361968968,
      2.259999999999991
    ],
    "obj_class": "vehicle",
    "point_num_in_lidar": 231,
    "speed": 0.003320212626782177,
    "if_vehicle": true,
    "motion_state": false,
    "pose": [
      [
        -0.9951813634070453,
        0.0930399651237921,
        0.030945416737504707,
        59.232769610910054
      ],
      [
        -0.0935768764645528,
        -0.9954773582696643,
        -0.01637673238434262,
        11.41694213665869
      ],
      [
        0.02928177109452412,
        -0.019193594301591985,
        0.9993869039663037,
        -2.0018963384016786
      ],
      [
        0.0,
        0.0,
        0.0,
        1.0
      ]
    ],
    "location": [
      59.232769610910054,
      11.41694213665869,
      -2.0018963384016786
    ],
    "rotation": [
      -0.01920300828380989,
      -0.029285957182919375,
      -3.0478383461862646
    ]
  },
  {
    "label_id": "weeQq-6LKvQs2E_0jsJGRA",
    "size": [
      2.1090813335241885,
      4.508483162875747,
      1.8900000000000148
    ],
    "obj_class": "vehicle",
    "point_num_in_lidar": 386,
    "speed": 0.023345086361656955,
    "if_vehicle": true,
    "motion_state": false,
    "pose": [
      [
        0.08867850958443027,
        0.9955794810665929,
        0.030945416737504707,
        7.399653667037001
      ],
      [
        -0.9958778256593718,
        0.08921411881744801,
        -0.01637673238434262,
        33.86982469390932
      ],
      [
        -0.01906510681444548,
        -0.029365590114962738,
        0.9993869039663037,
        1.6436501230201657
      ],
      [
        0.0,
        0.0,
        0.0,
        1.0
      ]
    ],
    "location": [
      7.399653667037001,
      33.86982469390932,
      1.6436501230201657
    ],
    "rotation": [
      -0.0293751529000232,
      0.01906626196215966,
      -1.481984993290324
    ]
  },
  {
    "label_id": "zP3W4pR_Dkt0kqTwQldWqw",
    "size": [
      2.0718699196839254,
      4.414748533014121,
      1.9000000000000057
    ],
    "obj_class": "vehicle",
    "point_num_in_lidar": 2937,
    "speed": 0.056236865273260876,
    "if_vehicle": true,
    "motion_state": false,
    "pose": [
      [
        -0.9972741623994906,
        0.06698228268233693,
        0.030945416737504707,
        29.278330551393537
      ],
      [
        -0.06751126956794405,
        -0.9975840972658577,
        -0.01637673238434262,
        9.311284430350497
      ],
      [
        0.02977370470261837,
        -0.018421256442693948,
        0.9993869039663037,
        -0.6543848207479925
      ],
      [
        0.0,
        0.0,
        0.0,
        1.0
      ]
    ],
    "location": [
      29.278330551393537,
      9.311284430350497,
      -0.6543848207479925
    ],
    "rotation": [
      -0.01843047025249079,
      -0.02977810539166506,
      -3.073999983175945
    ]
  },
  {
    "label_id": "zbFoPzNLA8L8c6Arpaxyfg",
    "size": [
      1.872633047965307,
      4.408855202769708,
      1.6299999999999955
    ],
    "obj_class": "vehicle",
    "point_num_in_lidar": 20,
    "speed": 1.7419169285135556e-12,
    "if_vehicle": true,
    "motion_state": false,
    "pose": [
      [
        -0.9946918824073124,
        0.09813480654660431,
        0.030945416737504707,
        82.70666968861497
      ],
      [
        -0.09867322655951095,
        -0.994985124007765,
        -0.01637673238434262,
        13.151887658652413
      ],
      [
        0.029183101845635107,
        -0.01934328687978084,
        0.9993869039663037,
        -3.7468963384013705
      ],
      [
        0.0,
        0.0,
        0.0,
        1.0
      ]
    ],
    "location": [
      82.70666968861497,
      13.151887658652413,
      -3.7468963384013705
    ],
    "rotation": [
      -0.019352737035506842,
      -0.029187245748771514,
      -3.042716350131556
    ]
  }
]