[
  {
    "label_id": "-G86PjIy35Dnhvmt_7sZlw",
    "size": [
      2.2279015557208264,
      4.6671900838050675,
      1.8700000000000045
    ],
    "obj_class": "vehicle",
    "point_num_in_lidar": 779,
    "speed": 2.929642751054232e-13,
    "if_vehicle": true,
    "motion_state": false,
    "pose": [
      [
        -0.06826344108577587,
        -0.9954319833610311,
        0.06674780230878379,
        18.61779281734198
      ],
      [
        0.997362008775542,
        -0.06974472782698479,
        -0.02011706717082123,
        -18.575805612310432
      ],
      [
        0.02468047937833318,
        0.0651984619624074,
        0.9975670576434409,
        0.30099682215669077
      ],
      [
        0.0,
        0.0,
        0.0,
        1.0
      ]
    ],
    "location": [
      18.61779281734198,
      -18.575805612310432,
      0.30099682215669077
    ],
    "rotation": [
      0.06526465039994792,
      -0.024682985652584026,
      1.6391337448068455
    ]
  },
  {
    "label_id": "10t7lCtA-oADlgKbKqqaGQ",
    "size": [
      1.9409380617617653,
      4.35531691411666,
      1.5900000000000034
    ],
    "obj_class": "vehicle",
    "point_num_in_lidar": 57,
    "speed": 1.9945885082418897e-12,
    "if_vehicle": true,
    "motion_state": false,
    "pose": [
      [
        0.9924937570393986,
        -0.10247376798364784,
        0.06674780230878379,
        57.06252341989148
      ],
      [
        0.10402058578055495,
        0.9943716716310429,
        -0.02011706717082123,
        1.610238230025061
      ],
      [
        -0.06431065208570952,
        0.026909209072706677,
        0.9975670576434409,
        -2.155764380384227
      ],
      [
        0.0,
        0.0,
        0.0,
        1.0
      ]
    ],
    "location": [
      57.06252341989148,
      1.610238230025061,
      -2.155764380384227
    ],
    "rotation": [
      0.026968297478398184,
      0.06435506476883586,
      0.10442605002631115
    ]
  },
  {
    "label_id": "1cey-IEbE8XPL2SyOdH_ig",
    "size": [
      2.1449194355919876,
      4.755202036269388,
      1.5
    ],
    "obj_class": "vehicle",
    "point_num_in_lidar": 183,
    "speed": 0.11495490328309753,
    "if_vehicle": true,
    "motion_state": false,
    "pose": [
      [
        -0.9968110423250959,
        -0.04373187379592896,
        0.06674780230878379,
        41.83045121920077
      ],
      [
        0.042476231725302314,
        -0.9988949260792462,
        -0.02011706717082123,
        9.54804649835205
      ],
      [
        0.0675537980958433,
        -0.017217719577047715,
        0.9975670576434409,
        -1.4346977610093177
      ],
      [
        0.0,
        0.0,
        0.0,
        1.0
      ]
    ],
    "location": [
      41.83045121920077,
      9.54804649835205,
      -1.4346977610093177
    ],
    "rotation": [
      -0.017257997890623045,
      -0.06760528436635407,
      3.099006297147641
    ]
  },
  {
    "label_id": "6GQJCYvdj35m3AkilVFa3A",
    "size": [
      1.9227345516098804,
      3.8913786098047867,
      1.7199999999999989
    ],
    "obj_class": "vehicle",
    "point_num_in_lidar": 62,
    "speed": 0.014749643405452234,
    "if_vehicle": true,
    "motion_state": false,
    "pose": [
      [
        0.9962928639614773,
        -0.054270250657101136,
        0.06674780230878379,
        44.36757792606522
      ],
      [
        0.055724273089728805,
        0.9982435118732633,
        -0.02011706717082123,
        0.21427822134319285
      ],
      [
        -0.06553880230869642,
        0.0237619632301168,
        0.9975670576434409,
        -1.3932705945660189
      ],
      [
        0.0,
        0.0,
        0.0,
        1.0
      ]
    ],
    "location": [
      44.36757792606522,
      0.21427822134319285,
      -1.3932705945660189
    ],
    "rotation": [
      0.023815412197196163,
      0.0655858117443558,
      0.05587340395621286
    ]
  },
  {
    "label_id": "6kV2629tjfAKv8UQAUpQIw",
    "size": [
      2.01855516802371,
      4.332165675849257,
      1.5699999999999932
    ],
    "obj_class": "vehicle",
    "point_num_in_lidar": 395,
    "speed": 0.0031409863759922704,
    "if_vehicle": true,
    "motion_state": false,
    "pose": [
      [
        0.9973054097753558,
        -0.030440934935659546,
        0.06674780230878379,
        29.424409119587835
      ],
      [
        0.0318479167430354,
        0.9992902550348288,
        -0.02011706717082123,
        -0.7739911844400922
      ],
      [
        -0.06608804605931562,
        0.02218863836898496,
        0.9975670576434409,
        -0.5335685565725896
      ],
      [
        0.0,
        0.0,
        0.0,
        1.0
      ]
    ],
    "location": [
      29.424409119587835,
      -0.7739911844400922,
      -0.5335685565725896
    ],
    "rotation": [
      0.02223908666773969,
      0.06613624887922742,
      0.03192311714494704
    ]
  },
  {
    "label_id": "9ojEvP_IkP8ziMOD-24fCQ",
    "size": [
      2.047061630868589,
      4.486385603924427,
      1.4699999999999989
    ],
    "obj_class": "vehicle",
    "point_num_in_lidar": 1291,
    "speed": 0.008825975763916648,
    "if_vehicle": true,
    "motion_state": false,
    "pose": [
      [
        0.08823729886415223,
        0.9938606089266772,
        0.06674780230878379,
        10.874448725778166
      ],
      [
        -0.9957605019633131,
        0.08975704060526542,
        -0.02011706717082123,
        -9.793667553740306
      ],
      [
        -0.025984645830352995,
        -0.06468974946372054,
        0.9975670576434409,
        0.005265721381420008
      ],
      [
        0.0,
        0.0,
        0.0,
        1.0
      ]
    ],
    "location": [
      10.874448725778166,
      -9.793667553740306,
      0.005265721381420008
    ],
    "rotation": [
      -0.06475684945590408,
      0.025987570865873513,
      -1.4824142040973398
    ]
  },
  {
    "label_id": "C7N3XXk6WR3gQXpwt59PzA",
    "size": [
      2.3073788309822056,
      5.053288138911819,
      2.0999999999999943
    ],
    "obj_class": "vehicle",
    "point_num_in_lidar": 527,
    "speed": 5.088541795958457,
    "if_vehicle": true,
    "motion_state": true,
    "pose": [
      [
        0.05562805092936888,
        0.9962179735563632,
        0.06674780230878379,
        10.928819991069759
      ],
      [
        -0.9981666379647355,
        0.057084730555739364,
        -0.02011706717082123,
        23.00389687633833
      ],
      [
        -0.023851264200797452,
        -0.06550635618496553,
        0.9975670576434409,
        0.8604003640830626
      ],
      [
        0.0,
        0.0,
        0.0,
        1.0
      ]
    ],
    "location": [
      10.928819991069759,
      23.00389687633833,
      0.8604003640830626
    ],
    "rotation": [
      -0.06557197655497557,
      0.023853526208922685,
      -1.51512369162688
    ]
  },
  {
    "label_id": "CZqAJKroo0JigZQamJxBgw",
    "size": [
      2.0658167117408515,
      4.364933663449352,
      1.700000000000017
    ],
    "obj_class": "vehicle",
    "point_num_in_lidar": 101,
    "speed": 0.007878343561390295,
    "if_vehicle": true,
    "motion_state": false,
    "pose": [
      [
        -0.12733231567035322,
        -0.9896116471995329,
        0.06674780230878379,
        13.48822623349588
      ],
      [
        0.9914501784472995,
        -0.1289257432216793,
        -0.02011706717082123,
        49.57713636263179
      ],
      [
        0.02851359400081372,
        0.06361556776265205,
        0.9975670576434409,
        2.7862964092289815
      ],
      [
        0.0,
        0.0,
        0.0,
        1.0
      ]
    ],
    "location": [
      13.48822623349588,
      49.57713636263179,
      2.7862964092289815
    ],
    "rotation": [
      0.06368448300679047,
      -0.028517459126077758,
      1.6985274805712298
    ]
  },
  {
    "label_id": "EENp0Fqicu7Uz2meQc79Hw",
    "size": [
      0.48352354662758934,
      0.09322347433545763,
      0.47999999999998977
    ],
    "obj_class": "sign",
    "point_num_in_lidar": 138,
    "speed": 0.007394982572678015,
    "if_vehicle": false,
    "motion_state": false,
    "pose": [
      [
        0.9968366574700617,
        -0.043144051859581915,
        0.06674780230878379,
        -1.0766118103310873
      ],
      [
        0.04457620624426652,
        0.9988034168169997,
        -0.02011706717082123,
        8.645367678931507
      ],
      [
        -0.06580000122175826,
        0.023028793798730025,
        0.9975670576434409,
        1.9296680846950665
      ],
      [
        0.0,
        0.0,
        0.0,
        1.0
      ]
    ],
    "location": [
      -1.0766118103310873,
      8.645367678931507,
      1.9296680846950665
    ],
    "rotation": [
      0.023080858706229883,
      0.06584757569263479,
      0.044687892394185635
    ]
  },
  {
    "label_id": "Fz60h1BcAUsffihcCYYlSQ",
    "size": [
      1.965945203017464,
      3.735738890448964,
      1.8600000000000136
    ],
    "obj_class": "vehicle",
    "point_num_in_lidar": 45,
    "speed": 0.01866266741464095,
    "if_vehicle": true,
    "motion_state": false,
    "pose": [
      [
        -0.9963131780948364,
        0.05389602992349396,
        0.06674780230878379,
        35.53141808517785
      ],
      [
        -0.05534931957197796,
        -0.998264372013428,
        -0.02011706717082123,
        9.790126294641595
      ],
      [
        0.06554772290084296,
        -0.023737344567624285,
        0.9975670576434409,
        -1.004167752385655
      ],
      [
        0.0,
        0.0,
        0.0,
        1.0
      ]
    ],
    "location": [
      35.53141808517785,
      9.790126294641595,
      -1.004167752385655
    ],
    "rotation": [
      -0.023790747472822605,
      -0.06559475155953187,
      -3.0860955617532864
    ]
  },
  {
    "label_id": "NXG3IQg-7AGdDP54x0y-Ww",
    "size": [
      2.150111749780425,
      4.509298866515579,
      1.740000000000009
    ],
    "obj_class": "vehicle",
    "point_num_in_lidar": 325,
    "speed": 0.00904107927130935,
    "if_vehicle": true,
    "motion_state": false,
    "pose": [
      [
        0.06626451364109857,
        0.9955670470233816,
        0.06674780230878379,
        7.621297864985536
      ],
      [
        -0.9975000429148749,
        0.06774192197795365,
        -0.02011706717082123,
        28.64601371122808
      ],
      [
        -0.024549513574227015,
        -0.06524788799552564,
        0.9975670576434409,
        0.9995726241932914
      ],
      [
        0.0,
        0.0,
        0.0,
        1.0
      ]
    ],
    "location": [
      7.621297864985536,
      28.64601371122808,
      0.9995726241932914
    ],
    "rotation": [
      -0.06531398607499785,
      0.024551980154382445,
      -1.5044632015066906
    ]
  },
  {
    "label_id": "Nx6yXW6ayqyL8X2hVv-MUA",
    "size": [
      2.1423545519145977,
      4.746408458305702,
      1.7700000000000102
    ],
    "obj_class": "vehicle",
    "point_num_in_lidar": 515,
    "speed": 2.1076252224318837,
    "if_vehicle": true,
    "motion_state": true,
    "pose": [
      [
        -0.9791070317538857,
        -0.19207850284985725,
        0.06674780230878379,
        20.672905062663176
      ],
      [
        0.1911480875237455,
        -0.9813550388337846,
        -0.02011706717082123,
        6.8288665676664095
      ],
      [
        0.06936734827070765,
        -0.0069380471674792546,
        0.9975670576434409,
        -0.11794566588076805
      ],
      [
        0.0,
        0.0,
        0.0,
        1.0
      ]
    ],
    "location": [
      20.672905062663176,
      6.8288665676664095,
      -0.11794566588076805
    ],
    "rotation": [
      -0.006954856066526413,
      -0.06942309971157,
      2.948790741239876
    ]
  },
  {
    "label_id": "WWv9wtVzT42U162-yTuOoA",
    "size": [
      2.0261529209340043,
      4.6105153086884325,
      1.5699999999999932
    ],
    "obj_class": "vehicle",
    "point_num_in_lidar": 3989,
    "speed": 0.013224890208823302,
    "if_vehicle": true,
    "motion_state": false,
    "pose": [
      [
        -0.9957460550340788,
        0.06351790905734117,
        0.06674780230878379,
        0.36771711575556765
      ],
      [
        -0.06498997944685567,
        -0.9976831191214682,
        -0.02011706717082123,
        7.01146724625869
      ],
      [
        0.0653153615588739,
        -0.024369428574371462,
        0.9975670576434409,
        0.06766845946353328
      ],
      [
        0.0,
        0.0,
        0.0,
        1.0
      ]
    ],
    "location": [
      0.36771711575556765,
      7.01146724625869,
      0.06766845946353328
    ],
    "rotation": [
      -0.024424004862834414,
      -0.06536189121140377,
      -3.0764174701457985
    ]
  },
  {
    "label_id": "X4H9yiCRjWTn4rPCsOkVdA",
    "size": [
      1.9697740761117548,
      4.4188602944795115,
      1.6500000000000057
    ],
    "obj_class": "vehicle",
    "point_num_in_lidar": 1193,
    "speed": 0.004670100863297611,
    "if_vehicle": true,
    "motion_state": false,
    "pose": [
      [
        -0.10347631272696674,
        -0.9923897337192572,
        0.06674780230878379,
        15.976708900126141
      ],
      [
        0.9942660847888187,
        -0.10502502676580502,
        -0.02011706717082123,
        16.278022415714076
      ],
      [
        0.026974160656902373,
        0.06428343613609523,
        0.9975670576434409,
        0.08995923686157425
      ],
      [
        0.0,
        0.0,
        0.0,
        1.0
      ]
    ],
    "location": [
      15.976708900126141,
      16.278022415714076,
      0.08995923686157425
    ],
    "rotation": [
      0.06435124015811636,
      -0.026977432818964937,
      1.6744960633215498
    ]
  },
  {
    "label_id": "ZCSiMZdHr7H2v9WzSWCqWA",
    "size": [
      0.48352354662758934,
      0.09322347433545763,
      0.5600000000000023
    ],
    "obj_class": "sign",
    "point_num_in_lidar": 95,
    "speed": 0.00793939736929557,
    "if_vehicle": false,
    "motion_state": false,
    "pose": [
      [
        0.9968366574700617,
        -0.043144051859581915,
        0.06674780230878379,
        -1.0757201161422927
      ],
      [
        0.04457620624426652,
        0.9988034168169997,
        -0.02011706717082123,
        8.645376171480166
      ],
      [
        -0.06580000122175826,
        0.023028793798730025,
        0.9975670576434409,
        1.3969835416649232
      ],
      [
        0.0,
        0.0,
        0.0,
        1.0
      ]
    ],
    "location": [
      -1.0757201161422927,
      8.645376171480166,
      1.3969835416649232
    ],
    "rotation": [
      0.023080858706229883,
      0.06584757569263479,
      0.044687892394185635
    ]
  },
  {
    "label_id": "ZF1-vGaHNjltsRoVWjqYiQ",
    "size": [
      2.0916384992245662,
      4.67170689046401,
      1.5999999999999943
    ],
    "obj_class": "vehicle",
    "point_num_in_lidar": 41,
    "speed": 0.0078076618637281615,
    "if_vehicle": true,
    "motion_state": false,
    "pose": [
      [
        -0.9942481824926536,
        0.08375728324750187,
        0.06674780230878379,
        50.518659532709535
      ],
      [
        -0.08526844713870013,
        -0.9961549053892167,
        -0.02011706717082123,
        10.661877648164591
      ],
      [
        0.06480619980070915,
        -0.02569283892446258,
        0.9975670576434409,
        -1.8406457694092921
      ],
      [
        0.0,
        0.0,
        0.0,
        1.0
      ]
    ],
    "location": [
      50.518659532709535,
      10.661877648164591,
      -1.8406457694092921
    ],
    "rotation": [
      -0.025749807903812476,
      -0.0648516483977114,
      -3.0560402588898965
    ]
  },
  {
    "label_id": "aRFz7j2dwLW0x6klYx_7gQ",
    "size": [
      2.1473687569937625,
      4.4856824184495885,
      1.920000000000016
    ],
    "obj_class": "vehicle",
    "point_num_in_lidar": 88,
    "speed": 0.014869308128869968,
    "if_vehicle": true,
    "motion_state": false,
    "pose": [
      [
        0.9957139870360284,
        -0.06401864500099193,
        0.06674780230878379,
        34.6948856517497
      ],
      [
        0.06549168932138087,
        0.9976503105989976,
        -0.02011706717082123,
        -0.5600658620915056
      ],
      [
        -0.06530309832348871,
        0.024402271491821826,
        0.9975670576434409,
        -0.7608038193964148
      ],
      [
        0.0,
        0.0,
        0.0,
        1.0
      ]
    ],
    "location": [
      34.6948856517497,
      -0.5600658620915056,
      -0.7608038193964148
    ],
    "rotation": [
      0.024456908217899767,
      0.06534960173889535,
      0.065678992084837
    ]
  },
  {
    "label_id": "asdOT76Zl6kcy5908IDPgQ",
    "size": [
      1.8829911936268888,
      3.830012521744248,
      1.460000000000008
    ],
    "obj_class": "vehicle",
    "point_num_in_lidar": 108,
    "speed": 4.549693413077341e-13,
    "if_vehicle": true,
    "motion_state": false,
    "pose": [
      [
        -0.08687283833349282,
        -0.9939808050696101,
        0.06674780230878379,
        14.430674850680589
      ],
      [
        0.9958827826259156,
        -0.08838997045880355,
        -0.02011706717082123,
        36.65093942277781
      ],
      [
        0.02589581489635577,
        0.06472536037336134,
        0.9975670576434409,
        1.5751736250003319
      ],
      [
        0.0,
        0.0,
        0.0,
        1.0
      ]
    ],
    "location": [
      14.430674850680589,
      36.65093942277781,
      1.5751736250003319
    ],
    "rotation": [
      0.06479239764655151,
      -0.025898710029785273,
      1.6578080613147135
    ]
  },
  {
    "label_id": "cPrxNWhkfFseBGIlnuWdzg",
    "size": [
      0.821570156271522,
      1.2015272597505833,
      1.740000000000009
    ],
    "obj_class": "pedestrian",
    "point_num_in_lidar": 36,
    "speed": 1.3506733150363424,
    "if_vehicle": false,
    "motion_state": true,
    "pose": [
      [
        -0.9966997128972496,
        0.046199709928607884,
        0.06674780230878379,
        49.184014330030095
      ],
      [
        -0.047637886799092005,
        -0.9986620726500839,
        -0.02011706717082123,
        -2.5840652332099125
      ],
      [
        0.0657290959306218,
        -0.023230399323966224,
        0.9975670576434409,
        -1.0147093239369838
      ],
      [
        0.0,
        0.0,
        0.0,
        1.0
      ]
    ],
    "location": [
      49.184014330030095,
      -2.5840652332099125,
      -1.0147093239369838
    ],
    "rotation": [
      -0.02328284733440679,
      -0.06577651657048054,
      -3.093833372823078
    ]
  },
  {
    "label_id": "exueily1Lt7uON4yqBxITg",
    "size": [
      0.7588241951168535,
      0.07151227768081742,
      0.75
    ],
    "obj_class": "sign",
    "point_num_in_lidar": 193,
    "speed": 0.01068550947120974,
    "if_vehicle": false,
    "motion_state": false,
    "pose": [
      [
        -0.018822582541571993,
        -0.9975923221804651,
        0.06674780230878379,
        7.468621066007927
      ],
      [
        0.9995934208592351,
        -0.020206350075576467,
        -0.02011706717082123,
        13.255356502302675
      ],
      [
        0.02141736121462661,
        0.066342008887356,
        0.9975670576434409,
        1.8718297504970565
      ],
      [
        0.0,
        0.0,
        0.0,
        1.0
      ]
    ],
    "location": [
      7.468621066007927,
      13.255356502302675,
      1.8718297504970565
    ],
    "rotation": [
      0.06640602478863974,
      -0.021418998921962546,
      1.5896243401966663
    ]
  },
  {
    "label_id": "fZoqQ9qukc5jFPQ00JLwfg",
    "size": [
      2.163052042249945,
      4.678952886478576,
      1.8700000000000045
    ],
    "obj_class": "vehicle",
    "point_num_in_lidar": 1876,
    "speed": 0.10460900699295529,
    "if_vehicle": true,
    "motion_state": false,
    "pose": [
      [
        -0.09781468741901492,
        -0.992963754530883,
        0.06674780230878379,
        17.98093218760232
      ],
      [
        0.994848907935605,
        -0.09935267478925056,
        -0.02011706717082123,
        -10.526060694777698
      ],
      [
        0.026607091243770403,
        0.06443623359689399,
        0.9975670576434409,
        0.08682934747392324
      ],
      [
        0.0,
        0.0,
        0.0,
        1.0
      ]
    ],
    "location": [
      17.98093218760232,
      -10.526060694777698,
      0.08682934747392324
    ],
    "rotation": [
      0.06450377535749122,
      -0.026610231603045584,
      1.6688024754691821
    ]
  },
  {
    "label_id": "gdywJfz_9bellnjvLvGrGw",
    "size": [
      1.0017507540681823,
      1.2747419405263642,
      1.9000000000000057
    ],
    "obj_class": "pedestrian",
    "point_num_in_lidar": 934,
    "speed": 1.5449755314322575,
    "if_vehicle": false,
    "motion_state": true,
    "pose": [
      [
        -0.9966391114478205,
        0.047489076843484246,
        0.06674780230878379,
        2.280410061386192
      ],
      [
        -0.04892979116640311,
        -0.9985996090249869,
        -0.02011706717082123,
        -6.28910415638893
      ],
      [
        0.06569898834008794,
        -0.023315411977848543,
        0.9975670576434409,
        0.32696669065703077
      ],
      [
        0.0,
        0.0,
        0.0,
        1.0
      ]
    ],
    "location": [
      2.280410061386192,
      -6.28910415638893,
      0.32696669065703077
    ],
    "rotation": [
      -0.023368020965826707,
      -0.06574634376130638,
      -3.092537247721647
    ]
  },
  {
    "label_id": "iig7YiZ08rzCckmuNjqSSA",
    "size": [
      2.0715932585364194,
      4.577422277222199,
      1.6800000000000068
    ],
    "obj_class": "vehicle",
    "point_num_in_lidar": 698,
    "speed": 0.0016756012228910007,
    "if_vehicle": true,
    "motion_state": false,
    "pose": [
      [
        0.08470947863303245,
        0.9941675085802528,
        0.06674780230878379,
        8.22739266652934
      ],
      [
        -0.9960727832963513,
        0.0862224679808255,
        -0.02011706717082123,
        22.48674417867369
      ],
      [
        -0.02575489479651652,
        -0.06478156295295892,
        0.9975670576434409,
        0.6355247034348679
      ],
      [
        0.0,
        0.0,
        0.0,
        1.0
      ]
    ],
    "location": [
      8.22739266652934,
      22.48674417867369,
      0.6355247034348679
    ],
    "rotation": [
      -0.06484850090683165,
      0.0257577429130529,
      -1.4859570014553394
    ]
  },
  {
    "label_id": "k_NOVkdWc5tiNnbaUVinuw",
    "size": [
      2.1554485014006706,
      4.4419784152818895,
      1.740000000000009
    ],
    "obj_class": "vehicle",
    "point_num_in_lidar": 999,
    "speed": 0.004863421476569951,
    "if_vehicle": true,
    "motion_state": false,
    "pose": [
      [
        -0.1123613839982097,
        -0.9914230430411399,
        0.06674780230878379,
        15.556783570077187
      ],
      [
        0.9932854463981136,
        -0.11392684311497801,
        -0.02011706717082123,
        21.39990687862337
      ],
      [
        0.027548890353460982,
        0.06403923910307491,
        0.9975670576434409,
        0.6116373123645928
      ],
      [
        0.0,
        0.0,
        0.0,
        1.0
      ]
    ],
    "location": [
      15.556783570077187,
      21.39990687862337,
      0.6116373123645928
    ],
    "rotation": [
      0.06410745604172094,
      -0.027552376209478275,
      1.683438426905498
    ]
  },
  {
    "label_id": "mmdNjYPoJf8KPcfkiO2WVw",
    "size": [
      2.06928553963205,
      4.3057734004472925,
      1.740000000000009
    ],
    "obj_class": "vehicle",
    "point_num_in_lidar": 360,
    "speed": 0.008486720790047458,
    "if_vehicle": true,
    "motion_state": false,
    "pose": [
      [
        -0.07893420854682973,
        -0.9946427105287773,
        0.06674780230878379,
        15.308281422706386
      ],
      [
        0.9965567401233746,
        -0.0804361070857946,
        -0.02011706717082123,
        26.489877980526217
      ],
      [
        0.025378227592925892,
        0.06493004750382883,
        0.9975670576434409,
        0.9586042036530387
      ],
      [
        0.0,
        0.0,
        0.0,
        1.0
      ]
    ],
    "location": [
      15.308281422706386,
      26.489877980526217,
      0.9586042036530387
    ],
    "rotation": [
      0.06499672109313917,
      -0.025380952542765824,
      1.6498382449254887
    ]
  },
  {
    "label_id": "neWc6a5SpHMFVBiTZbsQRA",
    "size": [
      2.157667668707838,
      4.838558424228969,
      1.75
    ],
    "obj_class": "vehicle",
    "point_num_in_lidar": 1124,
    "speed": 0.012661368340095175,
    "if_vehicle": true,
    "motion_state": false,
    "pose": [
      [
        0.09110502116568141,
        0.9936018347433484,
        0.06674780230878379,
        8.747605553575795
      ],
      [
        -0.9954973341878547,
        0.09263023930293776,
        -0.02011706717082123,
        16.291789718192376
      ],
      [
        -0.026171219751390983,
        -0.06461449343090309,
        0.9975670576434409,
        0.15049987882869686
      ],
      [
        0.0,
        0.0,
        0.0,
        1.0
      ]
    ],
    "location": [
      8.747605553575795,
      16.291789718192376,
      0.15049987882869686
    ],
    "rotation": [
      -0.06468172542721103,
      0.026174208260156557,
      -1.479533455200412
    ]
  },
  {
    "label_id": "p2KLoLcoeq8jqmt5_98t0A",
    "size": [
      0.4155281545393615,
      0.06448166061818679,
      0.17850084365227303
    ],
    "obj_class": "sign",
    "point_num_in_lidar": 28,
    "speed": 0.010949133362980978,
    "if_vehicle": false,
    "motion_state": false,
    "pose": [
      [
        -0.0188225825483245,
        -0.9975923221803378,
        0.06674780230878379,
        7.467523514768345
      ],
      [
        0.9995934208590983,
        -0.020206350082342513,
        -0.02011706717082123,
        13.25734162468325
      ],
      [
        0.021417361215075665,
        0.06634200888721102,
        0.9975670576434409,
        1.3737001788387317
      ],
      [
        0.0,
        0.0,
        0.0,
        1.0
      ]
    ],
    "location": [
      7.467523514768345,
      13.25734162468325,
      1.3737001788387317
    ],
    "rotation": [
      0.06640602478849505,
      -0.0214189989224117,
      1.5896243402034218
    ]
  },
  {
    "label_id": "poNER0fr1zgf0U0PEnfldw",
    "size": [
      2.0585007434142235,
      4.589923589374125,
      1.7800000000000011
    ],
    "obj_class": "vehicle",
    "point_num_in_lidar": 4116,
    "speed": 0.0033767942158459113,
    "if_vehicle": true,
    "motion_state": false,
    "pose": [
      [
        -0.9950375768440797,
        0.07378991499662732,
        0.06674780230878379,
        -4.688547537198701
      ],
      [
        -0.07528189612301152,
        -0.9969593470771858,
        -0.02011706717082123,
        6.537792765979248
      ],
      [
        0.06506040873208582,
        -0.025042138890712714,
        0.9975670576434409,
        0.5887065039380559
      ],
      [
        0.0,
        0.0,
        0.0,
        1.0
      ]
    ],
    "location": [
      -4.688547537198701,
      6.537792765979248,
      0.5887065039380559
    ],
    "rotation": [
      -0.025097942446651946,
      -0.06510639494533993,
      -3.066079175012346
    ]
  },
  {
    "label_id": "tBnMwtSfMUdPA9bwMuVXzA",
    "size": [
      2.1071184373222933,
      4.94391362798015,
      1.5800000000000125
    ],
    "obj_class": "vehicle",
    "point_num_in_lidar": 3546,
    "speed": 6.91172752304008,
    "if_vehicle": true,
    "motion_state": true,
    "pose": [
      [
        0.06557255365900372,
        0.9956128620571274,
        0.06674780230878379,
        12.841850753378367
      ],
      [
        -0.9975468843174595,
        0.06704861815856972,
        -0.02011706717082123,
        2.553940561330819
      ],
      [
        -0.02450415873206215,
        -0.06526493476164454,
        0.9975670576434409,
        -0.05214174038235342
      ],
      [
        0.0,
        0.0,
        0.0,
        1.0
      ]
    ],
    "location": [
      12.841850753378367,
      2.553940561330819,
      -0.05214174038235342
    ],
    "rotation": [
      -0.06533100160328505,
      0.024506611664097195,
      -1.5051569529343167
    ]
  },
  {
    "label_id": "vNvpD12q14e1m0Ldy5Yr0A",
    "size": [
      2.3958990595697904,
      5.002370273678711,
      1.9099999999999966
    ],
    "obj_class": "vehicle",
    "point_num_in_lidar": 1050,
    "speed": 0.008325761935798605,
    "if_vehicle": true,
    "motion_state": false,
    "pose": [
      [
        0.053006572284871795,
        0.9963608955501797,
        0.06674780230878379,
        11.67001045522602
      ],
      [
        -0.9983133860828761,
        0.05445811946979897,
        -0.02011706717082123,
        -19.277767816623964
      ],
      [
        -0.023678818854640835,
        -0.0655688877613226,
        0.9975670576434409,
        0.37711546887564396
      ],
      [
        0.0,
        0.0,
        0.0,
        1.0
      ]
    ],
    "location": [
      11.67001045522602,
      -19.277767816623964,
      0.37711546887564396
    ],
    "rotation": [
      -0.06563439124651158,
      0.02368103214531532,
      -1.5177500137876636
    ]
  },
  {
    "label_id": "vPy9W0Cmj-SFneQRaife3A",
    "size": [
      2.6728488425917636,
      6.188632361968968,
      2.259999999999991
    ],
    "obj_class": "vehicle",
    "point_num_in_lidar": 70,
    "speed": 0.0033202126559762363,
    "if_vehicle": true,
    "motion_state": false,
    "pose": [
      [
        -0.9936250393698539,
        0.09085159340486919,
        0.06674780230878379,
        59.24509803025194
      ],
      [
        -0.09237632803269624,
        -0.9955209277697985,
        -0.02011706717082123,
        11.402149163544891
      ],
      [
        0.06462116647393362,
        -0.026154738541151013,
        0.9975670576434409,
        -2.00189633840165
      ],
      [
        0.0,
        0.0,
        0.0,
        1.0
      ]
    ],
    "location": [
      59.24509803025194,
      11.402149163544891,
      -2.00189633840165
    ],
    "rotation": [
      -0.026212521546112505,
      -0.06466622640256747,
      -3.048890122275617
    ]
  },
  {
    "label_id": "weeQq-6LKvQs2E_0jsJGRA",
    "size": [
      2.109081333524187,
      4.508483162875747,
      1.8900000000000148
    ],
    "obj_class": "vehicle",
    "point_num_in_lidar": 71,
    "speed": 0.011134332434643715,
    "if_vehicle": true,
    "motion_state": false,
    "pose": [
      [
        0.08852314161867358,
        0.9938351896994327,
        0.06674780230878379,
        7.382568414167508
      ],
      [
        -0.995734645561272,
        0.09004342972928421,
        -0.02011706717082123,
        33.90376053508771
      ],
      [
        -0.02600325031468448,
        -0.06468227328781569,
        0.9975670576434409,
        1.6444693451300907
      ],
      [
        0.0,
        0.0,
        0.0,
        1.0
      ]
    ],
    "location": [
      7.382568414167508,
      33.90376053508771,
      1.6444693451300907
    ],
    "rotation": [
      -0.06474938642644397,
      0.026006181638780896,
      -1.482127097675975
    ]
  }
]