[
  {
    "label_id": "10t7lCtA-oADlgKbKqqaGQ",
    "size": [
      1.9409380617617653,
      4.35531691411666,
      1.5900000000000034
    ],
    "obj_class": "vehicle",
    "point_num_in_lidar": 1144,
    "speed": 9.008244484785898e-28,
    "if_vehicle": true,
    "motion_state": false,
    "pose": [
      [
        0.9927920297408361,
        -0.10250456427569858,
        0.06210313990226026,
        57.06252341989102
      ],
      [
        0.10420123785662569,
        0.9942490118712228,
        -0.024718503640870613,
        1.610238230021423
      ],
      [
        -0.05921222603666787,
        0.031011557454374908,
        0.997763597046934,
        -2.2346381764743626
      ],
      [
        0.0,
        0.0,
        0.0,
        1.0
      ]
    ],
    "location": [
      57.06252341989102,
      1.610238230021423,
      -2.2346381764743626
    ],
    "rotation": [
      0.031071064599174,
      0.0592468812845312,
      0.10457488829797905
    ]
  },
  {
    "label_id": "1GFtNkJeazBfJengUb_d7w",
    "size": [
      0.5418324977738282,
      0.11704828124330638,
      0.5099999999999909
    ],
    "obj_class": "sign",
    "point_num_in_lidar": 21,
    "speed": 0.0016084227562890123,
    "if_vehicle": false,
    "motion_state": false,
    "pose": [
      [
        -0.9947148364867832,
        0.08176548224863762,
        0.06210313990226026,
        82.49781805441853
      ],
      [
        -0.08343138329334165,
        -0.9962069061492776,
        -0.024718503640870613,
        15.437410454222118
      ],
      [
        0.05984645649352595,
        -0.029769213176232063,
        0.997763597046934,
        -1.013701669313292
      ],
      [
        0.0,
        0.0,
        0.0,
        1.0
      ]
    ],
    "location": [
      82.49781805441853,
      15.437410454222118,
      -1.013701669313292
    ],
    "rotation": [
      -0.029827089931896054,
      -0.05988223852251715,
      -3.0579138378955126
    ]
  },
  {
    "label_id": "1cey-IEbE8XPL2SyOdH_ig",
    "size": [
      2.144919435593835,
      4.755202036269388,
      1.5
    ],
    "obj_class": "vehicle",
    "point_num_in_lidar": 4527,
    "speed": 0.1708164600646038,
    "if_vehicle": true,
    "motion_state": false,
    "pose": [
      [
        -0.9901722435877036,
        0.12530813238881808,
        0.06210313990226026,
        42.93410845829567
      ],
      [
        -0.12703786267188635,
        -0.9915898229739528,
        -0.024718503640870613,
        9.36279438514066
      ],
      [
        0.05848341197512519,
        -0.03236502636660796,
        0.997763597046934,
        -1.44819765373515
      ],
      [
        0.0,
        0.0,
        0.0,
        1.0
      ]
    ],
    "location": [
      42.93410845829567,
      9.36279438514066,
      -1.44819765373515
    ],
    "rotation": [
      -0.03242620012756612,
      -0.05851680195388889,
      -3.013990987078466
    ]
  },
  {
    "label_id": "3fM92qLg1DctzEUQMpGODg",
    "size": [
      1.958190689534436,
      4.338121946636061,
      1.5
    ],
    "obj_class": "vehicle",
    "point_num_in_lidar": 32,
    "speed": 3.3780906743667005e-28,
    "if_vehicle": true,
    "motion_state": false,
    "pose": [
      [
        0.9958980769258275,
        -0.06580441010843302,
        0.06210313990226026,
        74.54708906291808
      ],
      [
        0.06744617116457675,
        0.9974166679843459,
        -0.024718503640870613,
        2.3213209723071486
      ],
      [
        -0.06031612032182746,
        0.028805729244132612,
        0.997763597046934,
        -3.1827598771095325
      ],
      [
        0.0,
        0.0,
        0.0,
        1.0
      ]
    ],
    "location": [
      74.54708906291808,
      2.3213209723071486,
      -3.1827598771095325
    ],
    "rotation": [
      0.028862277793935253,
      0.06035275234422869,
      0.06762071420429694
    ]
  },
  {
    "label_id": "49VORn_ESc1b2nSePzTnRQ",
    "size": [
      0.5418912534185442,
      0.062874008458906,
      0.27634554355771
    ],
    "obj_class": "sign",
    "point_num_in_lidar": 36,
    "speed": 0.0048374863509078984,
    "if_vehicle": false,
    "motion_state": false,
    "pose": [
      [
        0.031086845135366217,
        0.9975854891054752,
        0.06210313990226026,
        46.81697590756721
      ],
      [
        -0.9991603261904237,
        0.032674732513095765,
        -0.024718503640870613,
        16.02237339417661
      ],
      [
        -0.026688024029063097,
        -0.06128257322753015,
        0.997763597046934,
        -0.939099245836104
      ],
      [
        0.0,
        0.0,
        0.0,
        1.0
      ]
    ],
    "location": [
      46.81697590756721,
      16.02237339417661,
      -0.939099245836104
    ],
    "rotation": [
      -0.06134287360599109,
      0.02669119313854777,
      -1.5396933903801862
    ]
  },
  {
    "label_id": "6GQJCYvdj35m3AkilVFa3A",
    "size": [
      1.922734551609881,
      3.8913786098047867,
      1.7199999999999989
    ],
    "obj_class": "vehicle",
    "point_num_in_lidar": 5863,
    "speed": 0.23301713964394416,
    "if_vehicle": true,
    "motion_state": false,
    "pose": [
      [
        0.9965922784029776,
        -0.05428656041638816,
        0.06210313990226026,
        44.50942313693804
      ],
      [
        0.05591065551539473,
        0.9981297481678397,
        -0.024718503640870613,
        0.22863577315911243
      ],
      [
        -0.06064510884977232,
        0.028106497123667182,
        0.997763597046934,
        -1.4493961596112115
      ],
      [
        0.0,
        0.0,
        0.0,
        1.0
      ]
    ],
    "location": [
      44.50942313693804,
      0.22863577315911243,
      -1.4493961596112115
    ],
    "rotation": [
      0.02816204798822317,
      0.0606823442338107,
      0.05604308725004862
    ]
  },
  {
    "label_id": "6ewU8eGf0RX9S9k3tZDtgQ",
    "size": [
      1.737490043765071,
      3.7814241420555588,
      1.450000000000017
    ],
    "obj_class": "vehicle",
    "point_num_in_lidar": 50,
    "speed": 0.03358504236788812,
    "if_vehicle": true,
    "motion_state": false,
    "pose": [
      [
        -0.058516448594441946,
        -0.9963528618206374,
        0.06210313990226026,
        110.38972021565769
      ],
      [
        0.9978834237059299,
        -0.06014705537836394,
        -0.024718503640870613,
        -0.5589531668101699
      ],
      [
        0.028363672837376813,
        0.06052525482092328,
        0.997763597046934,
        -4.248993418743538
      ],
      [
        0.0,
        0.0,
        0.0,
        1.0
      ]
    ],
    "location": [
      110.38972021565769,
      -0.5589531668101699,
      -4.248993418743538
    ],
    "rotation": [
      0.060586675314348394,
      -0.02836747730089159,
      1.6293698148801106
    ]
  },
  {
    "label_id": "71lx-1feTIuTGeppos4HWA",
    "size": [
      1.1310048944471014,
      1.0891588715526779,
      1.8600000000000136
    ],
    "obj_class": "pedestrian",
    "point_num_in_lidar": 213,
    "speed": 1.5080885359088523,
    "if_vehicle": false,
    "motion_state": true,
    "pose": [
      [
        -0.9942222835524611,
        0.08755141861791786,
        0.06210313990226026,
        65.70103580000114
      ],
      [
        -0.08922597243236902,
        -0.995704635633105,
        -0.024718503640870613,
        -1.2670847909121221
      ],
      [
        0.059672244228181404,
        -0.030116900184708834,
        0.997763597046934,
        -2.267397009863089
      ],
      [
        0.0,
        0.0,
        0.0,
        1.0
      ]
    ],
    "location": [
      65.70103580000114,
      -1.2670847909121221,
      -2.267397009863089
    ],
    "rotation": [
      -0.030175242697968698,
      -0.05970771434961676,
      -3.0520879415276254
    ]
  },
  {
    "label_id": "A92DWWA3z_eUkqpIpxi34w",
    "size": [
      1.1928823128243968,
      1.0025531863540305,
      1.700000000000017
    ],
    "obj_class": "pedestrian",
    "point_num_in_lidar": 25,
    "speed": 1.796965108463928,
    "if_vehicle": false,
    "motion_state": true,
    "pose": [
      [
        -0.997047813360111,
        0.04515371400119467,
        0.06210313990226026,
        110.82949395544574
      ],
      [
        -0.04676365496350092,
        -0.9986000982135996,
        -0.024718503640870613,
        19.550896954697237
      ],
      [
        0.060900069361832655,
        -0.02754969981120331,
        0.997763597046934,
        -4.306896338401259
      ],
      [
        0.0,
        0.0,
        0.0,
        1.0
      ]
    ],
    "location": [
      110.82949395544574,
      19.550896954697237,
      -4.306896338401259
    ],
    "rotation": [
      -0.027604436429996014,
      -0.06093777687856968,
      -3.094724881392734
    ]
  },
  {
    "label_id": "CjlSUkS6JamkB8aM9N_x-g",
    "size": [
      0.5078681274008147,
      0.08057416144510737,
      0.45392097264442555
    ],
    "obj_class": "sign",
    "point_num_in_lidar": 56,
    "speed": 0.0021247459363663494,
    "if_vehicle": false,
    "motion_state": false,
    "pose": [
      [
        0.058253944567616046,
        0.9963682441530307,
        0.06210313990226026,
        45.63544799637157
      ],
      [
        -0.9978992355895647,
        0.05988414804870109,
        -0.024718503640870613,
        15.940709609956684
      ],
      [
        -0.028347725694940696,
        -0.06053272549528761,
        0.997763597046934,
        -0.9188568247247701
      ],
      [
        0.0,
        0.0,
        0.0,
        1.0
      ]
    ],
    "location": [
      45.63544799637157,
      15.940709609956684,
      -0.9188568247247701
    ],
    "rotation": [
      -0.06059413527942776,
      0.02835152374347109,
      -1.5124859239175585
    ]
  },
  {
    "label_id": "Fz60h1BcAUsffihcCYYlSQ",
    "size": [
      1.9659452030174644,
      3.735738890448964,
      1.8600000000000136
    ],
    "obj_class": "vehicle",
    "point_num_in_lidar": 3003,
    "speed": 0.06159455784729519,
    "if_vehicle": true,
    "motion_state": false,
    "pose": [
      [
        -0.9966125986413135,
        0.05391222721877096,
        0.06210313990226026,
        35.791211267708604
      ],
      [
        -0.0555357447152079,
        -0.9981506783230092,
        -0.024718503640870613,
        9.735473529601222
      ],
      [
        0.060655661634635184,
        -0.028083716271677595,
        0.997763597046934,
        -0.963558556387909
      ],
      [
        0.0,
        0.0,
        0.0,
        1.0
      ]
    ],
    "location": [
      35.791211267708604,
      9.735473529601222,
      -0.963558556387909
    ],
    "rotation": [
      -0.02813923416344316,
      -0.060692916481432185,
      -3.08592571934224
    ]
  },
  {
    "label_id": "IRaQ2NYeoqHOwYYgL79EVA",
    "size": [
      2.001214523743388,
      4.213918624647002,
      1.759999999999991
    ],
    "obj_class": "vehicle",
    "point_num_in_lidar": 398,
    "speed": 0.016736377728306554,
    "if_vehicle": true,
    "motion_state": false,
    "pose": [
      [
        0.9952352853750636,
        -0.07516599469637701,
        0.06210313990226026,
        68.42109312774755
      ],
      [
        0.07682196258018513,
        0.9967383717119979,
        -0.024718503640870613,
        1.9719762380100292
      ],
      [
        -0.06004259163080924,
        0.029371612114749854,
        0.997763597046934,
        -2.5518963384015763
      ],
      [
        0.0,
        0.0,
        0.0,
        1.0
      ]
    ],
    "location": [
      68.42109312774755,
      1.9719762380100292,
      -2.5518963384015763
    ],
    "rotation": [
      0.029428947388361954,
      0.0600787270033711,
      0.07703698998050389
    ]
  },
  {
    "label_id": "Mn5Hw-uK3W0b3tznbBlMFQ",
    "size": [
      1.9960124555577625,
      4.018482658557317,
      1.5800000000000125
    ],
    "obj_class": "vehicle",
    "point_num_in_lidar": 103,
    "speed": 2.0143050026586726e-27,
    "if_vehicle": true,
    "motion_state": false,
    "pose": [
      [
        -0.9940062933127803,
        0.08997048887755908,
        0.06210313990226026,
        65.1676182995684
      ],
      [
        -0.09164864487327141,
        -0.9954845661639607,
        -0.024718503640870613,
        12.136564578429898
      ],
      [
        0.05959878142613046,
        -0.030262016794717603,
        0.997763597046934,
        -2.766363928348511
      ],
      [
        0.0,
        0.0,
        0.0,
        1.0
      ]
    ],
    "location": [
      65.1676182995684,
      12.136564578429898,
      -2.766363928348511
    ],
    "rotation": [
      -0.030320551545037853,
      -0.059634120566732174,
      -3.049651326692828
    ]
  },
  {
    "label_id": "MwXlfawhojXybOQb7ltcQQ",
    "size": [
      0.33307319260097124,
      0.055894133153764416,
      0.17794282110349968
    ],
    "obj_class": "sign",
    "point_num_in_lidar": 32,
    "speed": 0.0024777047115819915,
    "if_vehicle": false,
    "motion_state": false,
    "pose": [
      [
        0.05857748631793106,
        0.996349275159546,
        0.06210313990226026,
        45.05114881651707
      ],
      [
        -0.9978797371489376,
        0.060208186862945295,
        -0.024718503640870613,
        15.935198742865396
      ],
      [
        -0.028367380637620954,
        -0.060523517112968335,
        0.997763597046934,
        -0.32025582452570234
      ],
      [
        0.0,
        0.0,
        0.0,
        1.0
      ]
    ],
    "location": [
      45.05114881651707,
      15.935198742865396,
      -0.32025582452570234
    ],
    "rotation": [
      -0.060584940096446924,
      0.02837118659369028,
      -1.5121616652325613
    ]
  },
  {
    "label_id": "Q30fRt5rtkrIN-f9oBJEaw",
    "size": [
      1.7760986466699678,
      3.88136625984662,
      1.759999999999991
    ],
    "obj_class": "vehicle",
    "point_num_in_lidar": 131,
    "speed": 0.08314660149352922,
    "if_vehicle": true,
    "motion_state": false,
    "pose": [
      [
        0.9955005339180569,
        -0.07156735976088485,
        0.06210313990226026,
        83.1350690940576
      ],
      [
        0.07321788260906889,
        0.9970095973680498,
        -0.024718503640870613,
        3.4812542467225285
      ],
      [
        -0.06014838846642724,
        0.0291543439791604,
        0.997763597046934,
        -3.4653965887078186
      ],
      [
        0.0,
        0.0,
        0.0,
        1.0
      ]
    ],
    "location": [
      83.1350690940576,
      3.4812542467225285,
      -3.4653965887078186
    ],
    "rotation": [
      0.029211379409773055,
      0.06018471539899432,
      0.07341662277790086
    ]
  },
  {
    "label_id": "SKEgr4ahE674MQWsRsqsyA",
    "size": [
      2.051468343592927,
      4.304428112145803,
      1.6604787703749082
    ],
    "obj_class": "vehicle",
    "point_num_in_lidar": 200,
    "speed": 5.650988441190416,
    "if_vehicle": true,
    "motion_state": true,
    "pose": [
      [
        -0.9940006329975694,
        0.09003300291954969,
        0.06210313990226026,
        82.38246222146381
      ],
      [
        -0.09171125188225411,
        -0.9954788003046303,
        -0.024718503640870613,
        10.090961911841077
      ],
      [
        0.059596878094587254,
        -0.03026576497203317,
        0.997763597046934,
        -3.461391095395669
      ],
      [
        0.0,
        0.0,
        0.0,
        1.0
      ]
    ],
    "location": [
      82.38246222146381,
      10.090961911841077,
      -3.461391095395669
    ],
    "rotation": [
      -0.030324304670650403,
      -0.059632213845934666,
      -3.049588352493492
    ]
  },
  {
    "label_id": "SxT2s8GpVWRdL2CvgdYSLw",
    "size": [
      0.3300092377547792,
      0.05589413315415674,
      0.22568373679123965
    ],
    "obj_class": "sign",
    "point_num_in_lidar": 26,
    "speed": 0.002217073581624984,
    "if_vehicle": false,
    "motion_state": false,
    "pose": [
      [
        0.058577486314606804,
        0.9963492751597415,
        0.06210313990226026,
        45.04097139289024
      ],
      [
        -0.9978797371491385,
        0.06020818685961594,
        -0.024718503640870613,
        15.933725247554321
      ],
      [
        -0.02836738063741902,
        -0.06052351711306299,
        0.997763597046934,
        -0.5533491598975502
      ],
      [
        0.0,
        0.0,
        0.0,
        1.0
      ]
    ],
    "location": [
      45.04097139289024,
      15.933725247554321,
      -0.5533491598975502
    ],
    "rotation": [
      -0.060584940096541445,
      0.028371186593488265,
      -1.512161665235893
    ]
  },
  {
    "label_id": "UiiUy1mNUI2uq9pT4fXx0A",
    "size": [
      1.9582969174349238,
      4.010635208510945,
      1.490000000000009
    ],
    "obj_class": "vehicle",
    "point_num_in_lidar": 30,
    "speed": 1.8156728381158045e-27,
    "if_vehicle": true,
    "motion_state": false,
    "pose": [
      [
        -0.9952870157862882,
        0.07447789082341907,
        0.06210313990226026,
        69.83585265881084
      ],
      [
        -0.07613281910740775,
        -0.9967912466672824,
        -0.024718503640870613,
        12.320187887364227
      ],
      [
        0.06006288422964361,
        -0.02933009283960543,
        0.997763597046934,
        -3.013697689493114
      ],
      [
        0.0,
        0.0,
        0.0,
        1.0
      ]
    ],
    "location": [
      69.83585265881084,
      12.320187887364227,
      -3.013697689493114
    ],
    "rotation": [
      -0.029387371028903,
      -0.060099056292390915,
      -3.065247994371098
    ]
  },
  {
    "label_id": "V714yJQj5EbuwYmtq23txg",
    "size": [
      0.54183249777383,
      0.11704828124330638,
      0.5999999999999943
    ],
    "obj_class": "sign",
    "point_num_in_lidar": 23,
    "speed": 0.0032227463596344904,
    "if_vehicle": false,
    "motion_state": false,
    "pose": [
      [
        -0.9947148364867832,
        0.08176548224863762,
        0.06210313990226026,
        82.14754259784922
      ],
      [
        -0.08343138329334165,
        -0.9962069061492776,
        -0.024718503640870613,
        0.9029251275114802
      ],
      [
        0.05984645649352595,
        -0.029769213176232063,
        0.997763597046934,
        -1.4171975961255328
      ],
      [
        0.0,
        0.0,
        0.0,
        1.0
      ]
    ],
    "location": [
      82.14754259784922,
      0.9029251275114802,
      -1.4171975961255328
    ],
    "rotation": [
      -0.029827089931896054,
      -0.05988223852251715,
      -3.0579138378955126
    ]
  },
  {
    "label_id": "ZF1-vGaHNjltsRoVWjqYiQ",
    "size": [
      2.091638499224568,
      4.67170689046401,
      1.5999999999999943
    ],
    "obj_class": "vehicle",
    "point_num_in_lidar": 2508,
    "speed": 0.0057199959977858915,
    "if_vehicle": true,
    "motion_state": false,
    "pose": [
      [
        -0.994546982449014,
        0.08378245470169197,
        0.06210313990226026,
        50.58014059606603
      ],
      [
        -0.08545137802672687,
        -0.9960356708326714,
        -0.024718503640870613,
        10.69139613351581
      ],
      [
        0.05978596570177819,
        -0.02989051209111758,
        0.997763597046934,
        -1.866604616597158
      ],
      [
        0.0,
        0.0,
        0.0,
        1.0
      ]
    ],
    "location": [
      50.58014059606603,
      10.69139613351581,
      -1.866604616597158
    ],
    "rotation": [
      -0.029948552163266123,
      -0.059821639222097135,
      -3.0558832480697173
    ]
  },
  {
    "label_id": "ZLnX_YnAho6AKX9nFyyEuQ",
    "size": [
      0.564102389990383,
      0.06673283235707567,
      0.27000000000001023
    ],
    "obj_class": "sign",
    "point_num_in_lidar": 47,
    "speed": 0.0010839285613125805,
    "if_vehicle": false,
    "motion_state": false,
    "pose": [
      [
        0.027224542832146963,
        0.9976983633753544,
        0.06210313990226026,
        46.79308554503086
      ],
      [
        -0.9992793360325908,
        0.028806321459374364,
        -0.024718503640870613,
        16.099795885123967
      ],
      [
        -0.02645057363924536,
        -0.061385434445952264,
        0.997763597046934,
        -0.4768963384010192
      ],
      [
        0.0,
        0.0,
        0.0,
        1.0
      ]
    ],
    "location": [
      46.79308554503086,
      16.099795885123967,
      -0.4768963384010192
    ],
    "rotation": [
      -0.06144557728827883,
      0.026453658892374,
      -1.5435588876854243
    ]
  },
  {
    "label_id": "cfS8ym7ODiUvgBWYAEFV5Q",
    "size": [
      1.9394337211608426,
      4.637164654718106,
      1.539999999999992
    ],
    "obj_class": "vehicle",
    "point_num_in_lidar": 56,
    "speed": 4.504119900663278e-27,
    "if_vehicle": true,
    "motion_state": false,
    "pose": [
      [
        -0.9929170939199747,
        0.10128595468174345,
        0.06210313990226026,
        91.7971177037839
      ],
      [
        -0.10298083871498045,
        -0.9943761574149469,
        -0.024718503640870613,
        14.06820835544022
      ],
      [
        0.059250244379842686,
        -0.030938858235112093,
        0.997763597046934,
        -4.198188449291905
      ],
      [
        0.0,
        0.0,
        0.0,
        1.0
      ]
    ],
    "location": [
      91.7971177037839,
      14.06820835544022,
      -4.198188449291905
    ],
    "rotation": [
      -0.03099827258549247,
      -0.05928496649432525,
      -3.038246711544071
    ]
  },
  {
    "label_id": "e8laxKvHCw1BffuvI1HLLA",
    "size": [
      1.9440735762294672,
      4.070019966031291,
      1.009999999999991
    ],
    "obj_class": "vehicle",
    "point_num_in_lidar": 30,
    "speed": 6.196381875449946,
    "if_vehicle": true,
    "motion_state": true,
    "pose": [
      [
        -0.9967611973851563,
        0.051091245841040286,
        0.06210313990226026,
        106.55781127524051
      ],
      [
        -0.05271040352614307,
        -0.9983038660337179,
        -0.024718503640870613,
        11.670892913460193
      ],
      [
        0.060734905510920895,
        -0.027911926851132196,
        0.997763597046934,
        -4.512731294548644
      ],
      [
        0.0,
        0.0,
        0.0,
        1.0
      ]
    ],
    "location": [
      106.55781127524051,
      11.670892913460193,
      -4.512731294548644
    ],
    "rotation": [
      -0.02796719515464131,
      -0.06077230672621965,
      -3.0887601882440223
    ]
  },
  {
    "label_id": "ewlAcYU9trkSJitwr44Usg",
    "size": [
      2.0136109150625523,
      3.5651796483232303,
      1.8100000000000023
    ],
    "obj_class": "vehicle",
    "point_num_in_lidar": 845,
    "speed": 7.2314899414721845,
    "if_vehicle": true,
    "motion_state": true,
    "pose": [
      [
        -0.9933588069067859,
        0.0968580443484524,
        0.06210313990226026,
        57.93954693637306
      ],
      [
        -0.0985464063268072,
        -0.9948254125110737,
        -0.024718503640870613,
        8.172405693505425
      ],
      [
        0.05938759584962416,
        -0.03067438454419497,
        0.997763597046934,
        -2.0843995017953034
      ],
      [
        0.0,
        0.0,
        0.0,
        1.0
      ]
    ],
    "location": [
      57.93954693637306,
      8.172405693505425,
      -2.0843995017953034
    ],
    "rotation": [
      -0.03073345854975042,
      -0.059422560255486,
      -3.042710946491796
    ]
  },
  {
    "label_id": "ftBTA3u1If73j0bN4RrXSg",
    "size": [
      0.8176959199595447,
      0.1483426655258548,
      0.8199999999999932
    ],
    "obj_class": "sign",
    "point_num_in_lidar": 26,
    "speed": 1.857097501076125e-27,
    "if_vehicle": false,
    "motion_state": false,
    "pose": [
      [
        -0.9940984896767271,
        -0.08894601079717082,
        0.06210313990226026,
        97.72810058743698
      ],
      [
        0.08755875096460902,
        -0.9958526300147397,
        -0.024718503640870613,
        2.397583253308767
      ],
      [
        0.06404418749556998,
        -0.019134953775635875,
        0.997763597046934,
        -2.001896338401906
      ],
      [
        0.0,
        0.0,
        0.0,
        1.0
      ]
    ],
    "location": [
      97.72810058743698,
      2.397583253308767,
      -2.001896338401906
    ],
    "rotation": [
      -0.019175492541887214,
      -0.06408804972759234,
      3.0537408179728494
    ]
  },
  {
    "label_id": "oM5CDXmeayp8rxzRlmmJUA",
    "size": [
      1.7359767994737099,
      4.359237983947935,
      1.8700000000000045
    ],
    "obj_class": "vehicle",
    "point_num_in_lidar": 76,
    "speed": 0.0019121106233095265,
    "if_vehicle": true,
    "motion_state": false,
    "pose": [
      [
        -0.9954955025999905,
        0.07163731093133223,
        0.06210313990226026,
        75.4779223837445
      ],
      [
        -0.07328793981357774,
        -0.9970044500681217,
        -0.024718503640870613,
        12.883884188262527
      ],
      [
        0.060146339714678296,
        -0.029158570384879234,
        0.997763597046934,
        -3.082934396509472
      ],
      [
        0.0,
        0.0,
        0.0,
        1.0
      ]
    ],
    "location": [
      75.4779223837445,
      12.883884188262527,
      -3.082934396509472
    ],
    "rotation": [
      -0.029215611674633143,
      -0.060182662931269705,
      -3.06810566588531
    ]
  },
  {
    "label_id": "syFBCLKJYiGGq4CtJ0UPNQ",
    "size": [
      0.45678393746973656,
      0.07920723510973815,
      0.46999999999999886
    ],
    "obj_class": "sign",
    "point_num_in_lidar": 39,
    "speed": 0.0016172030095121775,
    "if_vehicle": false,
    "motion_state": false,
    "pose": [
      [
        -0.9954656333224463,
        0.07205118242069955,
        0.06210313990226026,
        58.667343821813574
      ],
      [
        -0.07370243850584539,
        -0.9969738944105048,
        -0.024718503640870613,
        13.184877418483666
      ],
      [
        0.06013421182848173,
        -0.02918357373130871,
        0.997763597046934,
        -1.5052295995589304
      ],
      [
        0.0,
        0.0,
        0.0,
        1.0
      ]
    ],
    "location": [
      58.667343821813574,
      13.184877418483666,
      -1.5052295995589304
    ],
    "rotation": [
      -0.029240649662223128,
      -0.06017051305300911,
      -3.067689339440054
    ]
  },
  {
    "label_id": "tRhbCNKg2eTHvlIVmBGKHQ",
    "size": [
      1.661713246214041,
      3.5994743763423744,
      1.4099999999999966
    ],
    "obj_class": "vehicle",
    "point_num_in_lidar": 21,
    "speed": 0.004830773485855957,
    "if_vehicle": true,
    "motion_state": false,
    "pose": [
      [
        0.9893710254141471,
        -0.13148450131190098,
        0.06210313990226026,
        94.71059143381035
      ],
      [
        0.133223043804408,
        0.990777783449571,
        -0.024718503640870613,
        4.4308576130715664
      ],
      [
        -0.05828031117322375,
        0.032729340621461586,
        0.997763597046934,
        -4.256979685897079
      ],
      [
        0.0,
        0.0,
        0.0,
        1.0
      ]
    ],
    "location": [
      94.71059143381035,
      4.4308576130715664,
      -4.256979685897079
    ],
    "rotation": [
      0.03279094284510173,
      0.058313354135665366,
      0.13384918109205815
    ]
  },
  {
    "label_id": "vPy9W0Cmj-SFneQRaife3A",
    "size": [
      2.672848842591732,
      6.188632361968968,
      2.259999999999991
    ],
    "obj_class": "vehicle",
    "point_num_in_lidar": 1580,
    "speed": 0.0033202126540370896,
    "if_vehicle": true,
    "motion_state": false,
    "pose": [
      [
        -0.993634492070404,
        0.09398774485149843,
        0.06210313990226026,
        59.22617913810063
      ],
      [
        -0.09567186263945417,
        -0.9951059693705256,
        -0.024718503640870613,
        11.424850099909236
      ],
      [
        0.05947596882008308,
        -0.03050268088014475,
        0.997763597046934,
        -2.0018963384017354
      ],
      [
        0.0,
        0.0,
        0.0,
        1.0
      ]
    ],
    "location": [
      59.22617913810063,
      11.424850099909236,
      -2.0018963384017354
    ],
    "rotation": [
      -0.0305615316136499,
      -0.0595110897133559,
      -3.0456037895049892
    ]
  },
  {
    "label_id": "xO5zFOnZbrEHlM444ZHJYg",
    "size": [
      0.27160849386115365,
      0.05094119533475998,
      0.27000000000001023
    ],
    "obj_class": "sign",
    "point_num_in_lidar": 30,
    "speed": 0.0007797816816875875,
    "if_vehicle": false,
    "motion_state": false,
    "pose": [
      [
        0.05425864176538754,
        0.9965937988007227,
        0.06210313990226026,
        44.574871459227325
      ],
      [
        -0.9981313140625343,
        0.05588269379293441,
        -0.024718503640870613,
        15.883386081006392
      ],
      [
        -0.02810479819486252,
        -0.060645896204026016,
        0.997763597046934,
        -0.8668963384008919
      ],
      [
        0.0,
        0.0,
        0.0,
        1.0
      ]
    ],
    "location": [
      44.574871459227325,
      15.883386081006392,
      -0.8668963384008919
    ],
    "rotation": [
      -0.06070714293043548,
      0.02810849941210398,
      -1.5164895535419667
    ]
  },
  {
    "label_id": "zbFoPzNLA8L8c6Arpaxyfg",
    "size": [
      1.8726330479653077,
      4.408855202769708,
      1.6299999999999955
    ],
    "obj_class": "vehicle",
    "point_num_in_lidar": 83,
    "speed": 0.0,
    "if_vehicle": true,
    "motion_state": false,
    "pose": [
      [
        -0.9932475557040638,
        0.09799231144423035,
        0.06210313990226026,
        82.70666968861497
      ],
      [
        -0.09968234705914983,
        -0.994712232388109,
        -0.024718503640870613,
        13.151887658650594
      ],
      [
        0.05935252962327682,
        -0.030742180067156778,
        0.997763597046934,
        -3.7468963384014558
      ],
      [
        0.0,
        0.0,
        0.0,
        1.0
      ]
    ],
    "location": [
      82.70666968861497,
      13.151887658650594,
      -3.7468963384014558
    ],
    "rotation": [
      -0.030801341729605036,
      -0.0593874320644851,
      -3.041567555878154
    ]
  }
]