[
  {
    "label_id": "-G86PjIy35Dnhvmt_7sZlw",
    "size": [
      2.227901555720825,
      4.6671900838050675,
      1.8700000000000045
    ],
    "obj_class": "vehicle",
    "point_num_in_lidar": 401,
    "speed": 2.929642751054232e-13,
    "if_vehicle": true,
    "motion_state": false,
    "pose": [
      [
        -0.06833117708934676,
        -0.9964197241386407,
        0.04978537521260073,
        18.61779281734198
      ],
      [
        0.9973752602113688,
        -0.06942416643050116,
        -0.020563935268676364,
        -18.57580561231225
      ],
      [
        0.02394661888218391,
        0.0482495436548905,
        0.9985482166531601,
        0.3009968221566339
      ],
      [
        0.0,
        0.0,
        0.0,
        1.0
      ]
    ],
    "location": [
      18.61779281734198,
      -18.57580561231225,
      0.3009968221566339
    ],
    "rotation": [
      0.04828214048375837,
      -0.023948908133377626,
      1.6392004369688467
    ]
  },
  {
    "label_id": "-MaahtNQaZZ-XA0PJBa06A",
    "size": [
      1.909047156068057,
      4.101369306850817,
      1.4399999999999977
    ],
    "obj_class": "vehicle",
    "point_num_in_lidar": 72,
    "speed": 0.013993939203529804,
    "if_vehicle": true,
    "motion_state": false,
    "pose": [
      [
        0.15723822526663367,
        0.9863050019795804,
        0.04978537521260073,
        14.157044647984094
      ],
      [
        -0.9871588787368383,
        0.158412350204439,
        -0.020563935268676364,
        -53.66191536076076
      ],
      [
        -0.028168930509117708,
        -0.04591263848621911,
        0.9985482166531601,
        1.0823799413877282
      ],
      [
        0.0,
        0.0,
        0.0,
        1.0
      ]
    ],
    "location": [
      14.157044647984094,
      -53.66191536076076,
      1.0823799413877282
    ],
    "rotation": [
      -0.04594702989484916,
      0.02817265712768936,
      -1.412839655286972
    ]
  },
  {
    "label_id": "10t7lCtA-oADlgKbKqqaGQ",
    "size": [
      1.9409380617617653,
      4.35531691411666,
      1.5900000000000034
    ],
    "obj_class": "vehicle",
    "point_num_in_lidar": 66,
    "speed": 1.9945885082418897e-12,
    "if_vehicle": true,
    "motion_state": false,
    "pose": [
      [
        0.9934785822928943,
        -0.10257544998800402,
        0.04978537521260073,
        57.06252341989148
      ],
      [
        0.10370067015180823,
        0.9943959450723496,
        -0.020563935268676364,
        1.610238230023242
      ],
      [
        -0.047397020321606975,
        0.025592606030393362,
        0.9985482166531601,
        -2.1593496220266104
      ],
      [
        0.0,
        0.0,
        0.0,
        1.0
      ]
    ],
    "location": [
      57.06252341989148,
      1.610238230023242,
      -2.1593496220266104
    ],
    "rotation": [
      0.025624205212132246,
      0.04741478434228503,
      0.10400474901861052
    ]
  },
  {
    "label_id": "1cey-IEbE8XPL2SyOdH_ig",
    "size": [
      2.1449194355944714,
      4.755202036269388,
      1.5
    ],
    "obj_class": "vehicle",
    "point_num_in_lidar": 205,
    "speed": 0.04088502097675987,
    "if_vehicle": true,
    "motion_state": false,
    "pose": [
      [
        -0.9986684083981755,
        -0.013521334342263616,
        0.04978537521260073,
        41.8370170201847
      ],
      [
        0.01251029212690521,
        -0.9997102666058626,
        -0.020563935268676364,
        9.55332398437713
      ],
      [
        0.050049002571022426,
        -0.019913722917614913,
        0.9985482166531601,
        -1.4346977610093177
      ],
      [
        0.0,
        0.0,
        0.0,
        1.0
      ]
    ],
    "location": [
      41.8370170201847,
      9.55332398437713,
      -1.4346977610093177
    ],
    "rotation": [
      -0.019940032189826838,
      -0.050069920805372745,
      3.129066335854526
    ]
  },
  {
    "label_id": "1rM1fuuyGWlOowHu6wTmpA",
    "size": [
      0.4984617667257542,
      0.12735449629766027,
      0.20000000000001705
    ],
    "obj_class": "sign",
    "point_num_in_lidar": 20,
    "speed": 0.008987711180885628,
    "if_vehicle": false,
    "motion_state": false,
    "pose": [
      [
        0.9973208241048176,
        -0.053596550465753685,
        0.04978537521260073,
        23.048941223974452
      ],
      [
        0.05467529751911699,
        0.9982924102723918,
        -0.020563935268676364,
        10.790344322114834
      ],
      [
        -0.048598206222900474,
        0.02323087107084425,
        0.9985482166531601,
        1.3760888059156287
      ],
      [
        0.0,
        0.0,
        0.0,
        1.0
      ]
    ],
    "location": [
      23.048941223974452,
      10.790344322114834,
      1.3760888059156287
    ],
    "rotation": [
      0.02326045037783062,
      0.04861735634036607,
      0.05476735244665784
    ]
  },
  {
    "label_id": "6GQJCYvdj35m3AkilVFa3A",
    "size": [
      1.9227345516098804,
      3.8913786098047867,
      1.7199999999999989
    ],
    "obj_class": "vehicle",
    "point_num_in_lidar": 76,
    "speed": 0.014749643281624583,
    "if_vehicle": true,
    "motion_state": false,
    "pose": [
      [
        0.9972814589680927,
        -0.05432410158864067,
        0.04978537521260073,
        44.33969159332037
      ],
      [
        0.055403557146390656,
        0.9982522579096889,
        -0.020563935268676364,
        0.21147928750360734
      ],
      [
        -0.04858124590826193,
        0.023266318247516807,
        0.9985482166531601,
        -1.3943818145868363
      ],
      [
        0.0,
        0.0,
        0.0,
        1.0
      ]
    ],
    "location": [
      44.33969159332037,
      0.21147928750360734,
      -1.3943818145868363
    ],
    "rotation": [
      0.023295929858579728,
      0.04860037596888047,
      0.055497537241813985
    ]
  },
  {
    "label_id": "6WHRUM96pXQy5acTD-HlJg",
    "size": [
      2.2127793109409715,
      4.633051613865279,
      1.5500000000000114
    ],
    "obj_class": "vehicle",
    "point_num_in_lidar": 71,
    "speed": 3.552713678800501e-13,
    "if_vehicle": true,
    "motion_state": false,
    "pose": [
      [
        -0.0886536159031908,
        -0.9948175474941272,
        0.04978537521260073,
        21.967519011579952
      ],
      [
        0.9957505768947116,
        -0.08976587982142555,
        -0.020563935268676364,
        -58.587874286031365
      ],
      [
        0.0249263916590115,
        0.04775074887009954,
        0.9985482166531601,
        0.9222491168870874
      ],
      [
        0.0,
        0.0,
        0.0,
        1.0
      ]
    ],
    "location": [
      21.967519011579952,
      -58.587874286031365,
      0.9222491168870874
    ],
    "rotation": [
      0.04778377210348107,
      -0.024928973612702222,
      1.6595941468109436
    ]
  },
  {
    "label_id": "6kV2629tjfAKv8UQAUpQIw",
    "size": [
      2.01855516802371,
      4.332165675849257,
      1.5699999999999932
    ],
    "obj_class": "vehicle",
    "point_num_in_lidar": 437,
    "speed": 0.003140986347592124,
    "if_vehicle": true,
    "motion_state": false,
    "pose": [
      [
        0.9982950095043494,
        -0.030471140668695187,
        0.04978537521260073,
        29.42958612467737
      ],
      [
        0.0315270833779751,
        0.9992913326852904,
        -0.020563935268676364,
        -0.7769609543465776
      ],
      [
        -0.04912348738016323,
        0.022098461629821535,
        0.9985482166531601,
        -0.5596822270610744
      ],
      [
        0.0,
        0.0,
        0.0,
        1.0
      ]
    ],
    "location": [
      29.42958612467737,
      -0.7769609543465776,
      -0.5596822270610744
    ],
    "rotation": [
      0.022126978598768516,
      0.049143265652161754,
      0.0315704357065125
    ]
  },
  {
    "label_id": "9ojEvP_IkP8ziMOD-24fCQ",
    "size": [
      2.0470616308685883,
      4.486385603924427,
      1.4699999999999989
    ],
    "obj_class": "vehicle",
    "point_num_in_lidar": 1531,
    "speed": 0.008825975763252763,
    "if_vehicle": true,
    "motion_state": false,
    "pose": [
      [
        0.08832485439748003,
        0.9948467904710777,
        0.04978537521260073,
        10.884858672513019
      ],
      [
        -0.9957801873897996,
        0.08943680991740088,
        -0.020563935268676364,
        -9.8068161974752
      ],
      [
        -0.024910610141053537,
        -0.04775898367002999,
        0.9985482166531601,
        0.007479758717011009
      ],
      [
        0.0,
        0.0,
        0.0,
        1.0
      ]
    ],
    "location": [
      10.884858672513019,
      -9.8068161974752,
      0.007479758717011009
    ],
    "rotation": [
      -0.047792000057263945,
      0.02491318719283888,
      -1.482328701349569
    ]
  },
  {
    "label_id": "BjdebUXZ4pcJEcJJEXi93w",
    "size": [
      0.5575671146660419,
      0.12011896040538889,
      0.5600000000000023
    ],
    "obj_class": "sign",
    "point_num_in_lidar": 25,
    "speed": 0.008064673233882828,
    "if_vehicle": false,
    "motion_state": false,
    "pose": [
      [
        -0.06446822191862256,
        -0.9966771115951202,
        0.04978537521260073,
        11.236063880419351
      ],
      [
        0.9976368772654957,
        -0.06555749908451312,
        -0.020563935268676364,
        -39.18796232624118
      ],
      [
        0.023759408296535597,
        0.048342005918168784,
        0.9985482166531601,
        1.299558837034624
      ],
      [
        0.0,
        0.0,
        0.0,
        1.0
      ]
    ],
    "location": [
      11.236063880419351,
      -39.18796232624118,
      1.299558837034624
    ],
    "rotation": [
      0.0483745210742431,
      -0.023761644266464713,
      1.635327531185964
    ]
  },
  {
    "label_id": "C7N3XXk6WR3gQXpwt59PzA",
    "size": [
      2.3073788309812047,
      5.053288138911819,
      2.0999999999999943
    ],
    "obj_class": "vehicle",
    "point_num_in_lidar": 1660,
    "speed": 1.8911119984301865,
    "if_vehicle": true,
    "motion_state": true,
    "pose": [
      [
        0.06787416286951137,
        0.9964509593701556,
        0.04978537521260073,
        11.308827966834087
      ],
      [
        -0.9974069966409839,
        0.06896671383992375,
        -0.020563935268676364,
        16.432334560095114
      ],
      [
        -0.02392448675259901,
        -0.04826052167578035,
        0.9985482166531601,
        0.442898003629864
      ],
      [
        0.0,
        0.0,
        0.0,
        1.0
      ]
    ],
    "location": [
      11.308827966834087,
      16.432334560095114,
      0.442898003629864
    ],
    "rotation": [
      -0.048293108850836604,
      0.02392676966120004,
      -1.502850462434977
    ]
  },
  {
    "label_id": "CZqAJKroo0JigZQamJxBgw",
    "size": [
      2.0658167117408492,
      4.364933663449352,
      1.700000000000017
    ],
    "obj_class": "vehicle",
    "point_num_in_lidar": 210,
    "speed": 0.01957969541563775,
    "if_vehicle": true,
    "motion_state": false,
    "pose": [
      [
        -0.1274586641528194,
        -0.9905936126118114,
        0.04978537521260073,
        13.471876465077003
      ],
      [
        0.9914824674268884,
        -0.12860653696976215,
        -0.020563935268676364,
        49.57761435180328
      ],
      [
        0.026773227625146376,
        0.04674027493849228,
        0.9985482166531601,
        2.725545771092868
      ],
      [
        0.0,
        0.0,
        0.0,
        1.0
      ]
    ],
    "location": [
      13.471876465077003,
      49.57761435180328,
      2.725545771092868
    ],
    "rotation": [
      0.04677408944481773,
      -0.026776427191086874,
      1.698648730112252
    ]
  },
  {
    "label_id": "Fz60h1BcAUsffihcCYYlSQ",
    "size": [
      1.965945203017465,
      3.735738890448964,
      1.8600000000000136
    ],
    "obj_class": "vehicle",
    "point_num_in_lidar": 165,
    "speed": 0.021002584461707084,
    "if_vehicle": true,
    "motion_state": false,
    "pose": [
      [
        -0.9973017932586281,
        0.05394950952571525,
        0.04978537521260073,
        35.570726569760154
      ],
      [
        -0.05502860036616919,
        -0.9982729975853328,
        -0.020563935268676364,
        9.783235278850043
      ],
      [
        0.04858998152772981,
        -0.023248069036559276,
        0.9985482166531601,
        -0.9951445895186168
      ],
      [
        0.0,
        0.0,
        0.0,
        1.0
      ]
    ],
    "location": [
      35.570726569760154,
      9.783235278850043,
      -0.9951445895186168
    ],
    "rotation": [
      -0.023277664023888676,
      -0.048609121917123334,
      -3.0864710678504568
    ]
  },
  {
    "label_id": "Ior1henF_Ts_9MLeXF_Xjg",
    "size": [
      2.218114502983429,
      4.448728327113863,
      1.6400000000000148
    ],
    "obj_class": "vehicle",
    "point_num_in_lidar": 66,
    "speed": 0.02774790909819753,
    "if_vehicle": true,
    "motion_state": false,
    "pose": [
      [
        -0.07048229386664458,
        -0.9962698744146772,
        0.04978537521260073,
        20.75330880543379
      ],
      [
        0.9972230484899757,
        -0.0715773436684073,
        -0.020563935268676364,
        -44.6131264112355
      ],
      [
        0.02405073411884868,
        0.048197730311065466,
        0.9985482166531601,
        0.8076051118161729
      ],
      [
        0.0,
        0.0,
        0.0,
        1.0
      ]
    ],
    "location": [
      20.75330880543379,
      -44.6131264112355,
      0.8076051118161729
    ],
    "rotation": [
      0.048230372546476226,
      -0.02405305336492765,
      1.6413575524697186
    ]
  },
  {
    "label_id": "NXG3IQg-7AGdDP54x0y-Ww",
    "size": [
      2.1501117497804243,
      4.509298866515579,
      1.740000000000009
    ],
    "obj_class": "vehicle",
    "point_num_in_lidar": 244,
    "speed": 0.02233208709352623,
    "if_vehicle": true,
    "motion_state": false,
    "pose": [
      [
        0.06633026616194031,
        0.996554921821084,
        0.04978537521260073,
        7.623232618888778
      ],
      [
        -0.9975126506488097,
        0.06742133461932727,
        -0.020563935268676364,
        28.623510811090455
      ],
      [
        -0.02384968734536712,
        -0.048297530292158684,
        0.9985482166531601,
        0.9918243957394566
      ],
      [
        0.0,
        0.0,
        0.0,
        1.0
      ]
    ],
    "location": [
      7.623232618888778,
      28.623510811090455,
      0.9918243957394566
    ],
    "rotation": [
      -0.0483300848370184,
      0.023851948904807605,
      -1.504398410858957
    ]
  },
  {
    "label_id": "Nx6yXW6ayqyL8X2hVv-MUA",
    "size": [
      2.142354551915136,
      4.746408458305702,
      1.7700000000000102
    ],
    "obj_class": "vehicle",
    "point_num_in_lidar": 1980,
    "speed": 1.750505015964413,
    "if_vehicle": true,
    "motion_state": true,
    "pose": [
      [
        -0.846050164742912,
        -0.5307735252943878,
        0.04978537521260073,
        17.092054944038864
      ],
      [
        0.5304515536699086,
        -0.8474657950474731,
        -0.020563935268676364,
        8.718847510159321
      ],
      [
        0.05310619500276439,
        0.009010608809737197,
        0.9985482166531601,
        -0.044579660218744266
      ],
      [
        0.0,
        0.0,
        0.0,
        1.0
      ]
    ],
    "location": [
      17.092054944038864,
      8.718847510159321,
      -0.044579660218744266
    ],
    "rotation": [
      0.009023464367047635,
      -0.053131189019461296,
      2.5815750089592187
    ]
  },
  {
    "label_id": "PrfRfD9vW0Ofvgezf3nw9A",
    "size": [
      2.174107301376419,
      4.258232932226047,
      1.7700000000000102
    ],
    "obj_class": "vehicle",
    "point_num_in_lidar": 22,
    "speed": 5.123796534383003e-13,
    "if_vehicle": true,
    "motion_state": false,
    "pose": [
      [
        -0.09960480309614901,
        -0.9937808106494702,
        0.04978537521260073,
        10.397652769007891
      ],
      [
        0.9947015333834819,
        -0.10072727560504871,
        -0.020563935268676364,
        72.9374254270715
      ],
      [
        0.02545078947158882,
        0.04747332234072747,
        0.9985482166531601,
        5.264526090557524
      ],
      [
        0.0,
        0.0,
        0.0,
        1.0
      ]
    ],
    "location": [
      10.397652769007891,
      72.9374254270715,
      5.264526090557524
    ],
    "rotation": [
      0.04750657244118541,
      -0.0254535378665614,
      1.67059900421699
    ]
  },
  {
    "label_id": "Q_ayhpSYROnVtzXnObeFmw",
    "size": [
      2.135290999423689,
      4.52378229206138,
      1.5600000000000023
    ],
    "obj_class": "vehicle",
    "point_num_in_lidar": 278,
    "speed": 0.0475515799994999,
    "if_vehicle": true,
    "motion_state": false,
    "pose": [
      [
        0.09147100925655359,
        0.9945624519760073,
        0.04978537521260073,
        12.154070593731376
      ],
      [
        -0.995492327226552,
        0.09258591145163007,
        -0.020563935268676364,
        -24.3082045299725
      ],
      [
        -0.02506154222411069,
        -0.04767995511892673,
        0.9985482166531601,
        0.3106971953529296
      ],
      [
        0.0,
        0.0,
        0.0,
        1.0
      ]
    ],
    "location": [
      12.154070593731376,
      -24.3082045299725,
      0.3106971953529296
    ],
    "rotation": [
      -0.047713036940973244,
      0.025064166411862977,
      -1.4791684192154255
    ]
  },
  {
    "label_id": "WWv9wtVzT42U162-yTuOoA",
    "size": [
      2.0261529209341553,
      4.6105153086884325,
      1.5699999999999932
    ],
    "obj_class": "vehicle",
    "point_num_in_lidar": 4122,
    "speed": 0.010805356787706444,
    "if_vehicle": true,
    "motion_state": false,
    "pose": [
      [
        -0.9967640898818872,
        0.06310915572936572,
        0.04978537521260073,
        0.3854216249615092
      ],
      [
        -0.06419712320650803,
        -0.9977253399299197,
        -0.020563935268676364,
        6.993633941952794
      ],
      [
        0.04837435781425117,
        -0.023693470088877802,
        0.9985482166531601,
        0.043002497223568525
      ],
      [
        0.0,
        0.0,
        0.0,
        1.0
      ]
    ],
    "location": [
      0.3854216249615092,
      6.993633941952794,
      0.043002497223568525
    ],
    "rotation": [
      -0.023723466337915774,
      -0.048393244341595344,
      -3.0772759518277515
    ]
  },
  {
    "label_id": "X4H9yiCRjWTn4rPCsOkVdA",
    "size": [
      1.9697740761117528,
      4.4188602944795115,
      1.6500000000000057
    ],
    "obj_class": "vehicle",
    "point_num_in_lidar": 1220,
    "speed": 0.004670100824841966,
    "if_vehicle": true,
    "motion_state": false,
    "pose": [
      [
        -0.10357898952990639,
        -0.9933744557531687,
        0.04978537521260073,
        15.975522851775622
      ],
      [
        0.9942906813900084,
        -0.10470513582082927,
        -0.020563935268676364,
        16.286816660564
      ],
      [
        0.02564047247919108,
        0.04737114300750611,
        0.9985482166531601,
        0.06533221117555854
      ],
      [
        0.0,
        0.0,
        0.0,
        1.0
      ]
    ],
    "location": [
      15.975522851775622,
      16.286816660564,
      0.06533221117555854
    ],
    "rotation": [
      0.047404474822332836,
      -0.025643282796355773,
      1.6745956752022149
    ]
  },
  {
    "label_id": "XrzRs3LbaboaBImF0mOdjQ",
    "size": [
      1.868009280595782,
      4.653371289880262,
      1.8600000000000136
    ],
    "obj_class": "vehicle",
    "point_num_in_lidar": 385,
    "speed": 0.0033221796351973897,
    "if_vehicle": true,
    "motion_state": false,
    "pose": [
      [
        -0.08249402322832214,
        -0.995347252242425,
        0.04978537521260073,
        14.995035204990018
      ],
      [
        0.9962871486521311,
        -0.08360049041047594,
        -0.020563935268676364,
        31.56987947683774
      ],
      [
        0.02463033824801109,
        0.047904127761418565,
        0.9985482166531601,
        1.3781215315535746
      ],
      [
        0.0,
        0.0,
        0.0,
        1.0
      ]
    ],
    "location": [
      14.995035204990018,
      31.56987947683774,
      1.3781215315535746
    ],
    "rotation": [
      0.04793702241653317,
      -0.02463282927517952,
      1.6534093230032512
    ]
  },
  {
    "label_id": "ZF1-vGaHNjltsRoVWjqYiQ",
    "size": [
      2.0916384992245662,
      4.67170689046401,
      1.5999999999999943
    ],
    "obj_class": "vehicle",
    "point_num_in_lidar": 48,
    "speed": 0.007807661929263969,
    "if_vehicle": true,
    "motion_state": false,
    "pose": [
      [
        -0.995234748616033,
        0.08384039338005429,
        0.04978537521260073,
        50.53204424426349
      ],
      [
        -0.08494813098492314,
        -0.9961731474038206,
        -0.020563935268676364,
        10.668276626525767
      ],
      [
        0.04787076549784882,
        -0.024695117522371048,
        0.9985482166531601,
        -1.8461877723197233
      ],
      [
        0.0,
        0.0,
        0.0,
        1.0
      ]
    ],
    "location": [
      50.53204424426349,
      10.668276626525767,
      -1.8461877723197233
    ],
    "rotation": [
      -0.02472598143308979,
      -0.04788906790035631,
      -3.0564441667750164
    ]
  },
  {
    "label_id": "aRFz7j2dwLW0x6klYx_7gQ",
    "size": [
      2.147368756995723,
      4.4856824184495885,
      1.920000000000016
    ],
    "obj_class": "vehicle",
    "point_num_in_lidar": 108,
    "speed": 0.01486930800448802,
    "if_vehicle": true,
    "motion_state": false,
    "pose": [
      [
        0.996421652996936,
        -0.06830304424983055,
        0.04978537521260073,
        34.667251013376244
      ],
      [
        0.06939600661204184,
        0.9973772199286322,
        -0.020563935268676364,
        -0.565948494569966
      ],
      [
        -0.0482502197420405,
        0.023945256599973118,
        0.9985482166531601,
        -0.7762764670569027
      ],
      [
        0.0,
        0.0,
        0.0,
        1.0
      ]
    ],
    "location": [
      34.667251013376244,
      -0.565948494569966,
      -0.7762764670569027
    ],
    "rotation": [
      0.023975475522086787,
      0.04826896114127471,
      0.06953294424384264
    ]
  },
  {
    "label_id": "asdOT76Zl6kcy5908IDPgQ",
    "size": [
      1.8829911936268884,
      3.830012521744248,
      1.460000000000008
    ],
    "obj_class": "vehicle",
    "point_num_in_lidar": 29,
    "speed": 4.549693413077341e-13,
    "if_vehicle": true,
    "motion_state": false,
    "pose": [
      [
        -0.08695903994879542,
        -0.994967105881458,
        0.04978537521260073,
        14.430674850680589
      ],
      [
        0.9959020284193786,
        -0.08806971304842896,
        -0.020563935268676364,
        36.65093942277599
      ],
      [
        0.024845022868790676,
        0.04779313609131565,
        0.9985482166531601,
        1.5808970372174826
      ],
      [
        0.0,
        0.0,
        0.0,
        1.0
      ]
    ],
    "location": [
      14.430674850680589,
      36.65093942277599,
      1.5808970372174826
    ],
    "rotation": [
      0.047826124016191025,
      -0.024847579614968206,
      1.6578922903205904
    ]
  },
  {
    "label_id": "cPrxNWhkfFseBGIlnuWdzg",
    "size": [
      0.8215701562725134,
      1.2015272597505833,
      1.740000000000009
    ],
    "obj_class": "pedestrian",
    "point_num_in_lidar": 33,
    "speed": 1.3115245960380744,
    "if_vehicle": false,
    "motion_state": true,
    "pose": [
      [
        -0.9980596330561734,
        0.037394990021619376,
        0.04978537521260073,
        46.600946833519174
      ],
      [
        -0.038457818232895354,
        -0.9990486078179734,
        -0.020563935268676364,
        -2.5518719465508184
      ],
      [
        0.048969021641666825,
        -0.022438670599028727,
        0.9985482166531601,
        -0.8710576475076834
      ],
      [
        0.0,
        0.0,
        0.0,
        1.0
      ]
    ],
    "location": [
      46.600946833519174,
      -2.5518719465508184,
      -0.8710576475076834
    ],
    "rotation": [
      -0.0224675128339157,
      -0.04898861379127362,
      -3.1030791215796576
    ]
  },
  {
    "label_id": "efhaSh_nWNCRYbumf1d3vQ",
    "size": [
      0.812285260396739,
      0.13981528753100092,
      0.7599999999999909
    ],
    "obj_class": "sign",
    "point_num_in_lidar": 27,
    "speed": 0.008744846716535774,
    "if_vehicle": false,
    "motion_state": false,
    "pose": [
      [
        0.9973208241049529,
        -0.05359655046323448,
        0.04978537521260073,
        23.0568839043126
      ],
      [
        0.05467529751659532,
        0.9982924102725299,
        -0.020563935268676364,
        10.790470587919117
      ],
      [
        -0.04859820622295915,
        0.023230871070721495,
        0.9985482166531601,
        1.8668801676528517
      ],
      [
        0.0,
        0.0,
        0.0,
        1.0
      ]
    ],
    "location": [
      23.0568839043126,
      10.790470587919117,
      1.8668801676528517
    ],
    "rotation": [
      0.023260450377707752,
      0.04861735634042481,
      0.05476735244412956
    ]
  },
  {
    "label_id": "euwNstBtr-W2yVtLjt81Sw",
    "size": [
      1.9549103620930253,
      4.0711504181074325,
      1.5699999999999932
    ],
    "obj_class": "vehicle",
    "point_num_in_lidar": 25,
    "speed": 2.0009065111038244e-12,
    "if_vehicle": true,
    "motion_state": false,
    "pose": [
      [
        0.05984388694576012,
        0.99696545858428,
        0.04978537521260073,
        5.885423007244299
      ],
      [
        -0.9979302671452482,
        0.060928699983497044,
        -0.020563935268676364,
        54.28629138298675
      ],
      [
        -0.02353489134532776,
        -0.04845170696845848,
        0.9985482166531601,
        3.166297350303097
      ],
      [
        0.0,
        0.0,
        0.0,
        1.0
      ]
    ],
    "location": [
      5.885423007244299,
      54.28629138298675,
      3.166297350303097
    ],
    "rotation": [
      -0.048484124152669686,
      0.023537064514887025,
      -1.5109000522694231
    ]
  },
  {
    "label_id": "exueily1Lt7uON4yqBxITg",
    "size": [
      0.7588241951168538,
      0.07151227768081742,
      0.75
    ],
    "obj_class": "sign",
    "point_num_in_lidar": 166,
    "speed": 0.051471988729370366,
    "if_vehicle": false,
    "motion_state": false,
    "pose": [
      [
        -0.018841259691431942,
        -0.9985822066050349,
        0.04978537521260073,
        7.398088123192338
      ],
      [
        0.999590761474438,
        -0.019885525922603266,
        -0.020563935268676364,
        13.210098339188335
      ],
      [
        0.02152478822643465,
        0.04937755067437925,
        0.9985482166531601,
        1.8718297504969712
      ],
      [
        0.0,
        0.0,
        0.0,
        1.0
      ]
    ],
    "location": [
      7.398088123192338,
      13.210098339188335,
      1.8718297504969712
    ],
    "rotation": [
      0.049409094310240174,
      -0.021526450704692217,
      1.5896430684431855
    ]
  },
  {
    "label_id": "fZoqQ9qukc5jFPQ00JLwfg",
    "size": [
      2.163052042249947,
      4.678952886478576,
      1.8700000000000045
    ],
    "obj_class": "vehicle",
    "point_num_in_lidar": 1978,
    "speed": 0.0019929428469157738,
    "if_vehicle": true,
    "motion_state": false,
    "pose": [
      [
        -0.09791174634119847,
        -0.993949046150434,
        0.04978537521260073,
        17.98366669984398
      ],
      [
        0.9948716796879028,
        -0.09903264876411463,
        -0.020563935268676364,
        -10.52868040501744
      ],
      [
        0.025369881422419287,
        0.04751660904784911,
        0.9985482166531601,
        0.08682934747378113
      ],
      [
        0.0,
        0.0,
        0.0,
        1.0
      ]
    ],
    "location": [
      17.98366669984398,
      -10.52868040501744,
      0.08682934747378113
    ],
    "rotation": [
      0.04754982423251012,
      -0.025372603684150848,
      1.6688968708111485
    ]
  },
  {
    "label_id": "iig7YiZ08rzCckmuNjqSSA",
    "size": [
      2.0715932585364207,
      4.577422277222199,
      1.6800000000000068
    ],
    "obj_class": "vehicle",
    "point_num_in_lidar": 601,
    "speed": 0.0016756011951178406,
    "if_vehicle": true,
    "motion_state": false,
    "pose": [
      [
        0.08479353360383247,
        0.9951539946530468,
        0.04978537521260073,
        8.224684619613072
      ],
      [
        -0.9960913320830018,
        0.08590216944511087,
        -0.020563935268676364,
        22.488418572567753
      ],
      [
        -0.02474095406581121,
        -0.047847091977539974,
        0.9985482166531601,
        0.6305241263134462
      ],
      [
        0.0,
        0.0,
        0.0,
        1.0
      ]
    ],
    "location": [
      8.224684619613072,
      22.488418572567753,
      0.6305241263134462
    ],
    "rotation": [
      -0.047880034708816924,
      0.024743478812043584,
      -1.4858747954205542
    ]
  },
  {
    "label_id": "k_NOVkdWc5tiNnbaUVinuw",
    "size": [
      2.15544850140067,
      4.4419784152818895,
      1.740000000000009
    ],
    "obj_class": "vehicle",
    "point_num_in_lidar": 598,
    "speed": 0.00486342147669914,
    "if_vehicle": true,
    "motion_state": false,
    "pose": [
      [
        -0.11247287722191356,
        -0.9924068058535093,
        0.04978537521260073,
        15.566016658742228
      ],
      [
        0.9933129074007021,
        -0.11360718532482762,
        -0.020563935268676364,
        21.40029399771447
      ],
      [
        0.026063765664009447,
        0.047139570831790066,
        0.9985482166531601,
        0.61503303564578
      ],
      [
        0.0,
        0.0,
        0.0,
        1.0
      ]
    ],
    "location": [
      15.566016658742228,
      21.40029399771447,
      0.61503303564578
    ],
    "rotation": [
      0.047173084181018704,
      -0.026066717505488335,
      1.6835461634226405
    ]
  },
  {
    "label_id": "lSgAzkWLTh17nT2ZDA4g_Q",
    "size": [
      0.5575671146660419,
      0.12011896040538889,
      0.5500000000000114
    ],
    "obj_class": "sign",
    "point_num_in_lidar": 21,
    "speed": 0.008116566521108969,
    "if_vehicle": false,
    "motion_state": false,
    "pose": [
      [
        -0.06446822191862256,
        -0.9966771115951202,
        0.04978537521260073,
        11.237288071290095
      ],
      [
        0.9976368772654957,
        -0.06555749908451312,
        -0.020563935268676364,
        -39.18646022768553
      ],
      [
        0.023759408296535597,
        0.048342005918168784,
        0.9985482166531601,
        1.8839341715140563
      ],
      [
        0.0,
        0.0,
        0.0,
        1.0
      ]
    ],
    "location": [
      11.237288071290095,
      -39.18646022768553,
      1.8839341715140563
    ],
    "rotation": [
      0.0483745210742431,
      -0.023761644266464713,
      1.635327531185964
    ]
  },
  {
    "label_id": "mmdNjYPoJf8KPcfkiO2WVw",
    "size": [
      2.069285539632709,
      4.3057734004472925,
      1.740000000000009
    ],
    "obj_class": "vehicle",
    "point_num_in_lidar": 102,
    "speed": 0.008486720717858052,
    "if_vehicle": true,
    "motion_state": false,
    "pose": [
      [
        -0.07974640032852047,
        -0.9955711566982963,
        0.04978537521260073,
        15.308229751814451
      ],
      [
        0.996514103544168,
        -0.08085026903992705,
        -0.020563935268676364,
        26.4737520728886
      ],
      [
        0.024498021801897505,
        0.04797192873532922,
        0.9985482166531601,
        0.958604203652925
      ],
      [
        0.0,
        0.0,
        0.0,
        1.0
      ]
    ],
    "location": [
      15.308229751814451,
      26.4737520728886,
      0.958604203652925
    ],
    "rotation": [
      0.048004765834774435,
      -0.024500472891092705,
      1.6506515116305
    ]
  },
  {
    "label_id": "neWc6a5SpHMFVBiTZbsQRA",
    "size": [
      2.1576676687084073,
      4.838558424228969,
      1.75
    ],
    "obj_class": "vehicle",
    "point_num_in_lidar": 1043,
    "speed": 0.010599032312621893,
    "if_vehicle": true,
    "motion_state": false,
    "pose": [
      [
        0.08772549535620726,
        0.9948998210269457,
        0.04978537521260073,
        8.732797149625185
      ],
      [
        -0.9958338876711627,
        0.08883688835165177,
        -0.020563935268676364,
        16.288426020912084
      ],
      [
        -0.024881833337722713,
        -0.0477739823392141,
        0.9985482166531601,
        0.15532695785668693
      ],
      [
        0.0,
        0.0,
        0.0,
        1.0
      ]
    ],
    "location": [
      8.732797149625185,
      16.288426020912084,
      0.15532695785668693
    ],
    "rotation": [
      -0.04780698624039744,
      0.024884401467113286,
      -1.4829306474133146
    ]
  },
  {
    "label_id": "tBnMwtSfMUdPA9bwMuVXzA",
    "size": [
      2.107118437322292,
      4.94391362798015,
      1.5800000000000125
    ],
    "obj_class": "vehicle",
    "point_num_in_lidar": 1079,
    "speed": 8.469673683464686,
    "if_vehicle": true,
    "motion_state": true,
    "pose": [
      [
        0.06563761956629163,
        0.9966007823158736,
        0.04978537521260073,
        14.12502392508759
      ],
      [
        -0.9975592692321232,
        0.06672802211468372,
        -0.020563935268676364,
        -12.302792866506934
      ],
      [
        -0.0238161135944301,
        -0.048314094755577824,
        0.9985482166531601,
        0.07086053690389349
      ],
      [
        0.0,
        0.0,
        0.0,
        1.0
      ]
    ],
    "location": [
      14.12502392508759,
      -12.302792866506934,
      0.07086053690389349
    ],
    "rotation": [
      -0.04834663465284446,
      0.02381836561473988,
      -1.5050928213096544
    ]
  },
  {
    "label_id": "v2-w0GThHRtGTQcRFq9OZA",
    "size": [
      1.9872198046921823,
      4.67854752596008,
      1.5300000000000011
    ],
    "obj_class": "vehicle",
    "point_num_in_lidar": 245,
    "speed": 0.007933318279834834,
    "if_vehicle": true,
    "motion_state": false,
    "pose": [
      [
        0.07113237518270463,
        0.9962236704755653,
        0.04978537521260073,
        12.68691644112505
      ],
      [
        -0.9971761297947136,
        0.07222804672633856,
        -0.020563935268676364,
        -35.35203631713557
      ],
      [
        -0.02408217947992672,
        -0.048182026216114525,
        0.9985482166531601,
        0.5965039159495404
      ],
      [
        0.0,
        0.0,
        0.0,
        1.0
      ]
    ],
    "location": [
      12.68691644112505,
      -35.35203631713557,
      0.5965039159495404
    ],
    "rotation": [
      -0.04821468216268275,
      0.024084507836452336,
      -1.4995831404527886
    ]
  },
  {
    "label_id": "vNvpD12q14e1m0Ldy5Yr0A",
    "size": [
      2.395899059569541,
      5.002370273678711,
      1.9099999999999966
    ],
    "obj_class": "vehicle",
    "point_num_in_lidar": 776,
    "speed": 0.008325762074628935,
    "if_vehicle": true,
    "motion_state": false,
    "pose": [
      [
        0.05467615066747951,
        0.997262219761246,
        0.04978537521260073,
        11.684571160609721
      ],
      [
        -0.9982326375814345,
        0.05575594886178347,
        -0.020563935268676364,
        -19.27158211857386
      ],
      [
        -0.02328346656748523,
        -0.04857302958838936,
        0.9985482166531601,
        0.3796038742633243
      ],
      [
        0.0,
        0.0,
        0.0,
        1.0
      ]
    ],
    "location": [
      11.684571160609721,
      -19.27158211857386,
      0.3796038742633243
    ],
    "rotation": [
      -0.04860533706407776,
      0.02328557081896562,
      -1.5160780484323382
    ]
  },
  {
    "label_id": "vPy9W0Cmj-SFneQRaife3A",
    "size": [
      2.6728488425890573,
      6.188632361968968,
      2.259999999999991
    ],
    "obj_class": "vehicle",
    "point_num_in_lidar": 79,
    "speed": 0.0033202126267912915,
    "if_vehicle": true,
    "motion_state": false,
    "pose": [
      [
        -0.9945500282683265,
        0.09160599154210172,
        0.04978537521260073,
        59.24105900052973
      ],
      [
        -0.09272101993061853,
        -0.9954797521945343,
        -0.020563935268676364,
        11.406995628969526
      ],
      [
        0.04767655329925699,
        -0.025068013170110988,
        0.9985482166531601,
        -2.0018963384018207
      ],
      [
        0.0,
        0.0,
        0.0,
        1.0
      ]
    ],
    "location": [
      59.24105900052973,
      11.406995628969526,
      -2.0018963384018207
    ],
    "rotation": [
      -0.025099187505946554,
      -0.0476946336939257,
      -3.0486322432084805
    ]
  },
  {
    "label_id": "weeQq-6LKvQs2E_0jsJGRA",
    "size": [
      2.1090813335241876,
      4.508483162875747,
      1.8900000000000148
    ],
    "obj_class": "vehicle",
    "point_num_in_lidar": 148,
    "speed": 0.011134332434289846,
    "if_vehicle": true,
    "motion_state": false,
    "pose": [
      [
        0.08861098078619238,
        0.9948213460210078,
        0.04978537521260073,
        7.393710998485858
      ],
      [
        -0.9957544230891865,
        0.08972320471643337,
        -0.020563935268676364,
        33.88577569638983
      ],
      [
        -0.024924345175558117,
        -0.04775181710012075,
        0.9985482166531601,
        1.6557802137514273
      ],
      [
        0.0,
        0.0,
        0.0,
        1.0
      ]
    ],
    "location": [
      7.393710998485858,
      33.88577569638983,
      1.6557802137514273
    ],
    "rotation": [
      -0.04778483944577573,
      0.024926926493238997,
      -1.4820413283041576
    ]
  },
  {
    "label_id": "zP3W4pR_Dkt0kqTwQldWqw",
    "size": [
      2.0718699196839245,
      4.414748533014121,
      1.9000000000000057
    ],
    "obj_class": "vehicle",
    "point_num_in_lidar": 499,
    "speed": 0.0028650328889529585,
    "if_vehicle": true,
    "motion_state": false,
    "pose": [
      [
        -0.9965147368519075,
        0.0669312755885786,
        0.04978537521260073,
        29.23853426285268
      ],
      [
        -0.06802292145304203,
        -0.9974718074829277,
        -0.020563935268676364,
        9.306557007996162
      ],
      [
        0.04828313778087513,
        -0.02387881121050165,
        0.9985482166531601,
        -0.665858082013699
      ],
      [
        0.0,
        0.0,
        0.0,
        1.0
      ]
    ],
    "location": [
      29.23853426285268,
      9.306557007996162,
      -0.665858082013699
    ],
    "rotation": [
      -0.02390897166466516,
      -0.04830191759135937,
      -3.0734375511327365
    ]
  }
]