[
  {
    "label_id": "-G86PjIy35Dnhvmt_7sZlw",
    "size": [
      2.2279015557208264,
      4.6671900838050675,
      1.8700000000000045
    ],
    "obj_class": "vehicle",
    "point_num_in_lidar": 1118,
    "speed": 2.929642751054232e-13,
    "if_vehicle": true,
    "motion_state": false,
    "pose": [
      [
        -0.06840124163784274,
        -0.9974414202524183,
        0.020781802309707817,
        18.617792817341524
      ],
      [
        0.9974979093185943,
        -0.06874846487164236,
        -0.016479365364781475,
        -18.575805612308613
      ],
      [
        0.01786591860036451,
        0.019602595303451167,
        0.9996482117274728,
        0.30099682215669077
      ],
      [
        0.0,
        0.0,
        0.0,
        1.0
      ]
    ],
    "location": [
      18.617792817341524,
      -18.575805612308613,
      0.30099682215669077
    ],
    "rotation": [
      0.01960698077891778,
      -0.01786686917711976,
      1.6392619643194337
    ]
  },
  {
    "label_id": "-MaahtNQaZZ-XA0PJBa06A",
    "size": [
      1.9090471560676026,
      4.101369306850817,
      1.4399999999999977
    ],
    "obj_class": "vehicle",
    "point_num_in_lidar": 57,
    "speed": 0.013993939088769053,
    "if_vehicle": true,
    "motion_state": false,
    "pose": [
      [
        0.15825001857370155,
        0.9871803524757689,
        0.020781802309707817,
        14.165975563996653
      ],
      [
        -0.9872052354385293,
        0.1586009257221781,
        -0.016479365364781475,
        -53.670795534057106
      ],
      [
        -0.019564118793876914,
        -0.017908044166932598,
        0.9996482117274728,
        1.1128033977728649
      ],
      [
        0.0,
        0.0,
        0.0,
        1.0
      ]
    ],
    "location": [
      14.165975563996653,
      -53.670795534057106,
      1.1128033977728649
    ],
    "rotation": [
      -0.017912430212741443,
      0.019565367052102423,
      -1.41184755992957
    ]
  },
  {
    "label_id": "10t7lCtA-oADlgKbKqqaGQ",
    "size": [
      1.9409380617617646,
      4.35531691411666,
      1.5900000000000034
    ],
    "obj_class": "vehicle",
    "point_num_in_lidar": 47,
    "speed": 1.9945885082418897e-12,
    "if_vehicle": true,
    "motion_state": false,
    "pose": [
      [
        0.9944972626562598,
        -0.10268062749110085,
        0.020781802309707817,
        57.06252341989102
      ],
      [
        0.10302958879580355,
        0.9945417710431984,
        -0.016479365364781475,
        1.610238230025061
      ],
      [
        -0.018976258898255566,
        0.01852982429199243,
        0.9996482117274728,
        -2.161047745292052
      ],
      [
        0.0,
        0.0,
        0.0,
        1.0
      ]
    ],
    "location": [
      57.06252341989102,
      1.610238230025061,
      -2.161047745292052
    ],
    "rotation": [
      0.01853422259315,
      0.01897739796959537,
      0.1032313979074695
    ]
  },
  {
    "label_id": "1cey-IEbE8XPL2SyOdH_ig",
    "size": [
      2.1449194355921963,
      4.755202036269388,
      1.5
    ],
    "obj_class": "vehicle",
    "point_num_in_lidar": 175,
    "speed": 0.16671507759273646,
    "if_vehicle": true,
    "motion_state": false,
    "pose": [
      [
        -0.9997558607070777,
        -0.007505709467473861,
        0.020781802309707817,
        41.88794566970682
      ],
      [
        0.007163775659436595,
        -0.9998385423834566,
        -0.016479365364781475,
        9.53419240659241
      ],
      [
        0.020902136258075816,
        -0.016326465934628002,
        0.9996482117274728,
        -1.434697761009403
      ],
      [
        0.0,
        0.0,
        0.0,
        1.0
      ]
    ],
    "location": [
      41.88794566970682,
      9.53419240659241,
      -1.434697761009403
    ],
    "rotation": [
      -0.016330759489926246,
      -0.020903658578840675,
      3.1344272511777227
    ]
  },
  {
    "label_id": "1rM1fuuyGWlOowHu6wTmpA",
    "size": [
      0.49846176672575476,
      0.12735449629766027,
      0.20000000000001705
    ],
    "obj_class": "sign",
    "point_num_in_lidar": 34,
    "speed": 0.0078444176682668,
    "if_vehicle": false,
    "motion_state": false,
    "pose": [
      [
        0.998343444176955,
        -0.05365150661123314,
        0.020781802309707817,
        23.044867163750496
      ],
      [
        0.05399785700448571,
        0.9984050590597471,
        -0.016479365364781475,
        10.78335637499913
      ],
      [
        -0.01986451378257432,
        0.017574239165541454,
        0.9996482117274728,
        1.3679090990683562
      ],
      [
        0.0,
        0.0,
        0.0,
        1.0
      ]
    ],
    "location": [
      23.044867163750496,
      10.78335637499913,
      1.3679090990683562
    ],
    "rotation": [
      0.017578612886773166,
      0.019865820433849535,
      0.05403480484591417
    ]
  },
  {
    "label_id": "6GQJCYvdj35m3AkilVFa3A",
    "size": [
      1.92273455160988,
      3.8913786098047867,
      1.7199999999999989
    ],
    "obj_class": "vehicle",
    "point_num_in_lidar": 68,
    "speed": 0.014749643283336335,
    "if_vehicle": true,
    "motion_state": false,
    "pose": [
      [
        0.9983040386765095,
        -0.054379803741188254,
        0.020781802309707817,
        44.3264834374545
      ],
      [
        0.05472619899156004,
        0.9983654008734028,
        -0.016479365364781475,
        0.2101535931287799
      ],
      [
        -0.019851687739487096,
        0.01758872604709147,
        0.9996482117274728,
        -1.394908135755287
      ],
      [
        0.0,
        0.0,
        0.0,
        1.0
      ]
    ],
    "location": [
      44.3264834374545,
      0.2101535931287799,
      -1.394908135755287
    ],
    "rotation": [
      0.017593100385069678,
      0.019852991861076395,
      0.05476435586531619
    ]
  },
  {
    "label_id": "6kV2629tjfAKv8UQAUpQIw",
    "size": [
      2.01855516802371,
      4.332165675849257,
      1.5699999999999932
    ],
    "obj_class": "vehicle",
    "point_num_in_lidar": 427,
    "speed": 0.0031409863484225062,
    "if_vehicle": true,
    "motion_state": false,
    "pose": [
      [
        0.999318628474253,
        -0.030502384777227266,
        0.020781802309707817,
        29.43203817496169
      ],
      [
        0.0308472143562055,
        0.9993882528245148,
        -0.016479365364781475,
        -0.7783675639620924
      ],
      [
        -0.020266429157602284,
        0.017109197505015376,
        0.9996482117274728,
        -0.5720507745208181
      ],
      [
        0.0,
        0.0,
        0.0,
        1.0
      ]
    ],
    "location": [
      29.43203817496169,
      -0.7783675639620924,
      -0.5720507745208181
    ],
    "rotation": [
      0.017113547540823056,
      0.02026781674624423,
      0.030858448446042658
    ]
  },
  {
    "label_id": "9ojEvP_IkP8ziMOD-24fCQ",
    "size": [
      2.047061630868588,
      4.486385603924427,
      1.4699999999999989
    ],
    "obj_class": "vehicle",
    "point_num_in_lidar": 1849,
    "speed": 0.00882597583902736,
    "if_vehicle": true,
    "motion_state": false,
    "pose": [
      [
        0.08841541980711771,
        0.9958668737502473,
        0.020781802309707817,
        10.889789267017932
      ],
      [
        -0.9959163794131767,
        0.08876370730047001,
        -0.016479365364781475,
        -9.813043955615285
      ],
      [
        -0.018255923884608168,
        -0.01923990730708257,
        0.9996482117274728,
        0.008528421174474943
      ],
      [
        0.0,
        0.0,
        0.0,
        1.0
      ]
    ],
    "location": [
      10.889789267017932,
      -9.813043955615285,
      0.008528421174474943
    ],
    "rotation": [
      -0.019244302045514503,
      0.01825693808865756,
      -1.4822505099585883
    ]
  },
  {
    "label_id": "BjdebUXZ4pcJEcJJEXi93w",
    "size": [
      0.5575671146660425,
      0.12011896040538889,
      0.5600000000000023
    ],
    "obj_class": "sign",
    "point_num_in_lidar": 25,
    "speed": 0.008064673232208601,
    "if_vehicle": false,
    "motion_state": false,
    "pose": [
      [
        -0.06453432551954971,
        -0.9976990716255563,
        0.020781802309707817,
        11.23559538147174
      ],
      [
        0.9977569062157314,
        -0.06488132717497364,
        -0.016479365364781475,
        -39.18071934412728
      ],
      [
        0.0177897984403626,
        0.019671702049314614,
        0.9996482117274728,
        1.3218271923068698
      ],
      [
        0.0,
        0.0,
        0.0,
        1.0
      ]
    ],
    "location": [
      11.23559538147174,
      -39.18071934412728,
      1.3218271923068698
    ],
    "rotation": [
      0.01967608517762015,
      -0.017790736917483257,
      1.6353857661755666
    ]
  },
  {
    "label_id": "C7N3XXk6WR3gQXpwt59PzA",
    "size": [
      2.307378830981625,
      5.053288138911819,
      2.0999999999999943
    ],
    "obj_class": "vehicle",
    "point_num_in_lidar": 1990,
    "speed": 0.9082321173589357,
    "if_vehicle": true,
    "motion_state": false,
    "pose": [
      [
        0.06684592668878855,
        0.9975468604420933,
        0.020781802309707817,
        11.388523458142117
      ],
      [
        -0.9976038908374268,
        0.06719306142155926,
        -0.016479365364781475,
        15.296123009442454
      ],
      [
        -0.01783533210076283,
        -0.019630428393726796,
        0.9996482117274728,
        0.3723956839718312
      ],
      [
        0.0,
        0.0,
        0.0,
        1.0
      ]
    ],
    "location": [
      11.388523458142117,
      15.296123009442454,
      0.3723956839718312
    ],
    "rotation": [
      -0.019634812946424923,
      0.01783627780323707,
      -1.5038898594012362
    ]
  },
  {
    "label_id": "CZqAJKroo0JigZQamJxBgw",
    "size": [
      2.065816711740849,
      4.364933663449352,
      1.700000000000017
    ],
    "obj_class": "vehicle",
    "point_num_in_lidar": 188,
    "speed": 0.028039985938098463,
    "if_vehicle": true,
    "motion_state": false,
    "pose": [
      [
        -0.12758935608783584,
        -0.99160933482186,
        0.020781802309707817,
        13.454874683733124
      ],
      [
        0.9916450775993688,
        -0.12793932386141454,
        -0.016479365364781475,
        49.55896551531987
      ],
      [
        0.018999902263782956,
        0.018505580348436298,
        0.9996482117274728,
        2.7555467918695626
      ],
      [
        0.0,
        0.0,
        0.0,
        1.0
      ]
    ],
    "location": [
      13.454874683733124,
      49.55896551531987,
      2.7555467918695626
    ],
    "rotation": [
      0.018509978437160467,
      -0.019001045598550887,
      1.6987576414934848
    ]
  },
  {
    "label_id": "DPwqAEy2rL-_heOa_o1Aeg",
    "size": [
      2.681465771764841,
      5.676341620651238,
      1.5500000000000114
    ],
    "obj_class": "vehicle",
    "point_num_in_lidar": 23,
    "speed": 0.08253563345711983,
    "if_vehicle": true,
    "motion_state": false,
    "pose": [
      [
        -0.11780333530631767,
        -0.9928194654031856,
        0.020781802309707817,
        23.35453512532331
      ],
      [
        0.9928586580235486,
        -0.11815293354315072,
        -0.016479365364781475,
        -74.63315835270805
      ],
      [
        0.018816465618851922,
        0.018692068148824514,
        0.9996482117274728,
        1.420551461462253
      ],
      [
        0.0,
        0.0,
        0.0,
        1.0
      ]
    ],
    "location": [
      23.35453512532331,
      -74.63315835270805,
      1.420551461462253
    ],
    "rotation": [
      0.018696467309371443,
      -0.018817576153485602,
      1.6888948561493058
    ]
  },
  {
    "label_id": "Fz60h1BcAUsffihcCYYlSQ",
    "size": [
      1.9659452030174636,
      3.735738890448964,
      1.8600000000000136
    ],
    "obj_class": "vehicle",
    "point_num_in_lidar": 143,
    "speed": 0.02100258446118901,
    "if_vehicle": true,
    "motion_state": false,
    "pose": [
      [
        -0.9983243938171595,
        0.054004827583846574,
        0.020781802309707817,
        35.589344743614674
      ],
      [
        -0.05435119976156892,
        -0.9983858861190157,
        -0.016479365364781475,
        9.7799714000339
      ],
      [
        0.019858292828911606,
        -0.017581268327027326,
        0.9996482117274728,
        -0.9908708349649942
      ],
      [
        0.0,
        0.0,
        0.0,
        1.0
      ]
    ],
    "location": [
      35.589344743614674,
      9.7799714000339,
      -0.9908708349649942
    ],
    "rotation": [
      -0.017585642348431872,
      -0.019859598252817263,
      -3.0872039230178325
    ]
  },
  {
    "label_id": "Ior1henF_Ts_9MLeXF_Xjg",
    "size": [
      2.2181145029834317,
      4.448728327113863,
      1.6400000000000148
    ],
    "obj_class": "vehicle",
    "point_num_in_lidar": 121,
    "speed": 0.026747006215337536,
    "if_vehicle": true,
    "motion_state": false,
    "pose": [
      [
        -0.07055456409975336,
        -0.997291416877461,
        0.020781802309707817,
        20.76416376197767
      ],
      [
        0.9973471561549803,
        -0.07090190848452058,
        -0.016479365364781475,
        -44.59063615792729
      ],
      [
        0.017908199079390577,
        0.019563976993409362,
        0.9996482117274728,
        0.8051286639836519
      ],
      [
        0.0,
        0.0,
        0.0,
        1.0
      ]
    ],
    "location": [
      20.76416376197767,
      -44.59063615792729,
      0.8051286639836519
    ],
    "rotation": [
      0.019568363698903656,
      -0.017909156421525994,
      1.6414209031001343
    ]
  },
  {
    "label_id": "NXG3IQg-7AGdDP54x0y-Ww",
    "size": [
      2.150111749780425,
      4.509298866515579,
      1.740000000000009
    ],
    "obj_class": "vehicle",
    "point_num_in_lidar": 185,
    "speed": 0.0223320867215041,
    "if_vehicle": true,
    "motion_state": false,
    "pose": [
      [
        0.06639827904197848,
        0.9975767565621322,
        0.020781802309707817,
        7.6295438899487635
      ],
      [
        -0.9976339427255686,
        0.0667453881478791,
        -0.016479365364781475,
        28.604428803942938
      ],
      [
        -0.01782652131237498,
        -0.01963842987525166,
        0.9996482117274728,
        0.9898678489184647
      ],
      [
        0.0,
        0.0,
        0.0,
        1.0
      ]
    ],
    "location": [
      7.6295438899487635,
      28.604428803942938,
      0.9898678489184647
    ],
    "rotation": [
      -0.01964281415704315,
      0.017827465613855502,
      -1.5043385859657903
    ]
  },
  {
    "label_id": "Nx6yXW6ayqyL8X2hVv-MUA",
    "size": [
      2.142354551914189,
      4.746408458305702,
      1.7700000000000102
    ],
    "obj_class": "vehicle",
    "point_num_in_lidar": 2645,
    "speed": 1.218077822897893,
    "if_vehicle": true,
    "motion_state": true,
    "pose": [
      [
        -0.7519553498329148,
        -0.6588863851609158,
        0.020781802309707817,
        16.172094297575768
      ],
      [
        0.6586815473874488,
        -0.7522413506637681,
        -0.016479365364781475,
        9.678803048205737
      ],
      [
        0.026490960513628883,
        0.001296842754959727,
        0.9996482117274728,
        -0.0655483452848955
      ],
      [
        0.0,
        0.0,
        0.0,
        1.0
      ]
    ],
    "location": [
      16.172094297575768,
      9.678803048205737,
      -0.0655483452848955
    ],
    "rotation": [
      0.0012972984018018688,
      -0.026494059923772514,
      2.422220144528565
    ]
  },
  {
    "label_id": "Q_ayhpSYROnVtzXnObeFmw",
    "size": [
      2.1352909994236895,
      4.52378229206138,
      1.5600000000000023
    ],
    "obj_class": "vehicle",
    "point_num_in_lidar": 24,
    "speed": 0.04755158039602527,
    "if_vehicle": true,
    "motion_state": false,
    "pose": [
      [
        0.09156480063022596,
        0.9955822437038072,
        0.020781802309707817,
        12.166725468336608
      ],
      [
        -0.9956306475220882,
        0.0919132429627051,
        -0.016479365364781475,
        -24.349086600197552
      ],
      [
        -0.01831668638957903,
        -0.019182069486151556,
        0.9996482117274728,
        0.30882218901993497
      ],
      [
        0.0,
        0.0,
        0.0,
        1.0
      ]
    ],
    "location": [
      12.166725468336608,
      -24.349086600197552,
      0.30882218901993497
    ],
    "rotation": [
      -0.019186465231173004,
      0.018317710755341613,
      -1.4790876640115294
    ]
  },
  {
    "label_id": "UCqAckSueVCSvrwEUd1Muw",
    "size": [
      0.3525950699013375,
      0.08210614761395306,
      0.19422163845968043
    ],
    "obj_class": "sign",
    "point_num_in_lidar": 21,
    "speed": 0.007040226525843395,
    "if_vehicle": false,
    "motion_state": false,
    "pose": [
      [
        0.1256896876178924,
        0.9918519139061419,
        0.020781802309707817,
        19.196305430073608
      ],
      [
        -0.991888326983718,
        0.12603958628389317,
        -0.016479365364781475,
        -7.352517632380113
      ],
      [
        -0.018964419842366322,
        -0.018541940839841953,
        0.9996482117274728,
        1.554494437036908
      ],
      [
        0.0,
        0.0,
        0.0,
        1.0
      ]
    ],
    "location": [
      19.196305430073608,
      -7.352517632380113,
      1.554494437036908
    ],
    "rotation": [
      -0.018546339239003902,
      0.018965556782848038,
      -1.4447505363939006
    ]
  },
  {
    "label_id": "WWv9wtVzT42U162-yTuOoA",
    "size": [
      2.026152920935295,
      4.6105153086884325,
      1.5699999999999932
    ],
    "obj_class": "vehicle",
    "point_num_in_lidar": 3507,
    "speed": 0.005058629307826234,
    "if_vehicle": true,
    "motion_state": false,
    "pose": [
      [
        -0.9978017226913636,
        0.06292725074963461,
        0.020781802309707817,
        0.3900791122150622
      ],
      [
        -0.06327415880092725,
        -0.9978601161210969,
        -0.016479365364781475,
        6.989055160784119
      ],
      [
        0.019700330509466273,
        -0.017758090209353275,
        0.9996482117274728,
        0.056797877060319024
      ],
      [
        0.0,
        0.0,
        0.0,
        1.0
      ]
    ],
    "location": [
      0.3900791122150622,
      6.989055160784119,
      0.056797877060319024
    ],
    "rotation": [
      -0.01776247120811178,
      -0.019701605025036446,
      -3.078263890915029
    ]
  },
  {
    "label_id": "X4H9yiCRjWTn4rPCsOkVdA",
    "size": [
      1.969774076111753,
      4.4188602944795115,
      1.6500000000000057
    ],
    "obj_class": "vehicle",
    "point_num_in_lidar": 1168,
    "speed": 0.004670100821509446,
    "if_vehicle": true,
    "motion_state": false,
    "pose": [
      [
        -0.10368519602954646,
        -0.9943930293485944,
        0.020781802309707817,
        15.974961088721557
      ],
      [
        0.9944371851992033,
        -0.10403420211766627,
        -0.016479365364781475,
        16.290981989784996
      ],
      [
        0.018548984268684884,
        0.01895753076394226,
        0.9996482117274728,
        0.08041206619080299
      ],
      [
        0.0,
        0.0,
        0.0,
        1.0
      ]
    ],
    "location": [
      15.974961088721557,
      16.290981989784996,
      0.08041206619080299
    ],
    "rotation": [
      0.018961929203660206,
      -0.018550048108887503,
      1.674686145922978
    ]
  },
  {
    "label_id": "XrzRs3LbaboaBImF0mOdjQ",
    "size": [
      1.8680092805957818,
      4.653371289880262,
      1.8600000000000136
    ],
    "obj_class": "vehicle",
    "point_num_in_lidar": 273,
    "speed": 0.0033221796085357407,
    "if_vehicle": true,
    "motion_state": false,
    "pose": [
      [
        -0.08257860989486705,
        -0.9963678486786852,
        0.020781802309707817,
        14.994238489638974
      ],
      [
        0.9964193942858575,
        -0.08292660133020552,
        -0.016479365364781475,
        31.572761299088597
      ],
      [
        0.01814287405115764,
        0.019346547785834223,
        0.9996482117274728,
        1.3828487905294367
      ],
      [
        0.0,
        0.0,
        0.0,
        1.0
      ]
    ],
    "location": [
      14.994238489638974,
      31.572761299088597,
      1.3828487905294367
    ],
    "rotation": [
      0.0193509403304719,
      -0.01814386952841783,
      1.6534827204817897
    ]
  },
  {
    "label_id": "ZF1-vGaHNjltsRoVWjqYiQ",
    "size": [
      2.0916384992245667,
      4.67170689046401,
      1.5999999999999943
    ],
    "obj_class": "vehicle",
    "point_num_in_lidar": 44,
    "speed": 0.0078076620592795205,
    "if_vehicle": true,
    "motion_state": false,
    "pose": [
      [
        -0.9962552296947639,
        0.08392636057040348,
        0.020781802309707817,
        50.538383814189274
      ],
      [
        -0.08427442141512957,
        -0.9963063045129842,
        -0.016479365364781475,
        10.67130745544091
      ],
      [
        0.019321987500728326,
        -0.018169028292328537,
        0.9996482117274728,
        -1.8488127011303845
      ],
      [
        0.0,
        0.0,
        0.0,
        1.0
      ]
    ],
    "location": [
      50.538383814189274,
      10.67130745544091,
      -1.8488127011303845
    ],
    "rotation": [
      -0.018173421196798874,
      -0.019323189978654554,
      -3.0572023646108843
    ]
  },
  {
    "label_id": "aRFz7j2dwLW0x6klYx_7gQ",
    "size": [
      2.147368756993639,
      4.4856824184495885,
      1.920000000000016
    ],
    "obj_class": "vehicle",
    "point_num_in_lidar": 125,
    "speed": 0.01486863697358667,
    "if_vehicle": true,
    "motion_state": false,
    "pose": [
      [
        0.9973041822302768,
        -0.07037389287767903,
        0.020781802309707817,
        34.654162070693474
      ],
      [
        0.07072122715897697,
        0.9973599844320518,
        -0.016479365364781475,
        -0.5687347600596695
      ],
      [
        -0.0195672209352069,
        0.017904654560715133,
        0.9996482117274728,
        -0.7836049725229657
      ],
      [
        0.0,
        0.0,
        0.0,
        1.0
      ]
    ],
    "location": [
      34.654162070693474,
      -0.5687347600596695,
      -0.7836049725229657
    ],
    "rotation": [
      0.017909040501313818,
      0.019568469787376738,
      0.07079388880322691
    ]
  },
  {
    "label_id": "asdOT76Zl6kcy5908IDPgQ",
    "size": [
      1.8829911936268857,
      3.830012521744248,
      1.460000000000008
    ],
    "obj_class": "vehicle",
    "point_num_in_lidar": 210,
    "speed": 4.549693413077341e-13,
    "if_vehicle": true,
    "motion_state": false,
    "pose": [
      [
        -0.08704820489708144,
        -0.9959873125281044,
        0.020781802309707817,
        14.430674850680134
      ],
      [
        0.9960372962753972,
        -0.08739642410059305,
        -0.016479365364781475,
        36.65093942277963
      ],
      [
        0.018229494030071333,
        0.019264951011443814,
        0.9996482117274728,
        1.5836078892087642
      ],
      [
        0.0,
        0.0,
        0.0,
        1.0
      ]
    ],
    "location": [
      14.430674850680134,
      36.65093942277963,
      1.5836078892087642
    ],
    "rotation": [
      0.019269345274098314,
      -0.01823050383514133,
      1.6579693637054589
    ]
  },
  {
    "label_id": "cPrxNWhkfFseBGIlnuWdzg",
    "size": [
      0.8215701562694474,
      1.2015272597505833,
      1.740000000000009
    ],
    "obj_class": "pedestrian",
    "point_num_in_lidar": 28,
    "speed": 1.313230373780274,
    "if_vehicle": false,
    "motion_state": true,
    "pose": [
      [
        -0.9991203221134953,
        0.036423874486187585,
        0.020781802309707817,
        45.419886489068176
      ],
      [
        -0.03676911060850843,
        -0.9991879017593405,
        -0.016479365364781475,
        -2.5962305907014525
      ],
      [
        0.02016468310895554,
        -0.017228997219256248,
        0.9996482117274728,
        -0.8546933461918798
      ],
      [
        0.0,
        0.0,
        0.0,
        1.0
      ]
    ],
    "location": [
      45.419886489068176,
      -2.5962305907014525,
      -0.8546933461918798
    ],
    "rotation": [
      -0.017233354072707027,
      -0.020166049900965904,
      -3.1048077700624233
    ]
  },
  {
    "label_id": "dOYZ6Ttg1ZRchBveMYpMIQ",
    "size": [
      0.5414317319262911,
      0.12908306191354071,
      0.6800000000000068
    ],
    "obj_class": "sign",
    "point_num_in_lidar": 27,
    "speed": 0.0017187097400339336,
    "if_vehicle": false,
    "motion_state": false,
    "pose": [
      [
        0.0996392223619203,
        0.9948065852515613,
        0.020781802309707817,
        5.1408254591538025
      ],
      [
        -0.9948521604672413,
        0.09998804593968331,
        -0.016479365364781475,
        37.700232735602185
      ],
      [
        -0.01847171298970359,
        -0.019032829776251137,
        0.9996482117274728,
        2.017364400480403
      ],
      [
        0.0,
        0.0,
        0.0,
        1.0
      ]
    ],
    "location": [
      5.1408254591538025,
      37.700232735602185,
      2.017364400480403
    ],
    "rotation": [
      -0.019037227526533966,
      0.01847276358863888,
      -1.4709744061418877
    ]
  },
  {
    "label_id": "efhaSh_nWNCRYbumf1d3vQ",
    "size": [
      0.8122852603967399,
      0.13981528753100092,
      0.7599999999999909
    ],
    "obj_class": "sign",
    "point_num_in_lidar": 131,
    "speed": 0.002976719286664244,
    "if_vehicle": false,
    "motion_state": false,
    "pose": [
      [
        0.9983434441770904,
        -0.05365150660871312,
        0.020781802309707817,
        23.05332870020402
      ],
      [
        0.05399785700196553,
        0.9984050590598834,
        -0.016479365364781475,
        10.783449076188845
      ],
      [
        -0.019864513782618682,
        0.017574239165491314,
        0.9996482117274728,
        1.8580529801202488
      ],
      [
        0.0,
        0.0,
        0.0,
        1.0
      ]
    ],
    "location": [
      23.05332870020402,
      10.783449076188845,
      1.8580529801202488
    ],
    "rotation": [
      0.017578612886723022,
      0.019865820433893906,
      0.05403480484338986
    ]
  },
  {
    "label_id": "euwNstBtr-W2yVtLjt81Sw",
    "size": [
      1.9549103620930244,
      4.0711504181074325,
      1.5699999999999932
    ],
    "obj_class": "vehicle",
    "point_num_in_lidar": 23,
    "speed": 2.0009065111038244e-12,
    "if_vehicle": true,
    "motion_state": false,
    "pose": [
      [
        0.05990524890523004,
        0.9979877142762643,
        0.020781802309707817,
        5.885423007243844
      ],
      [
        -0.9980471580043379,
        0.060251978528828035,
        -0.016479365364781475,
        54.286291382988566
      ],
      [
        -0.017698348879676563,
        -0.01975401824943441,
        0.9996482117274728,
        3.1778517087510636
      ],
      [
        0.0,
        0.0,
        0.0,
        1.0
      ]
    ],
    "location": [
      5.885423007243844,
      54.286291382988566,
      3.1778517087510636
    ],
    "rotation": [
      -0.01975839833660632,
      0.017699272956819428,
      -1.5108457889892934
    ]
  },
  {
    "label_id": "exueily1Lt7uON4yqBxITg",
    "size": [
      0.7588241951168546,
      0.07151227768081742,
      0.75
    ],
    "obj_class": "sign",
    "point_num_in_lidar": 130,
    "speed": 0.07400689383074156,
    "if_vehicle": false,
    "motion_state": false,
    "pose": [
      [
        -0.018860578901342257,
        -0.9996061200574285,
        0.020781802309707817,
        7.419871055240947
      ],
      [
        0.9996797561468315,
        -0.019204574126636346,
        -0.016479365364781475,
        13.195577925565885
      ],
      [
        0.01687198013623987,
        0.02046433669455386,
        0.9996482117274728,
        1.868888054045783
      ],
      [
        0.0,
        0.0,
        0.0,
        1.0
      ]
    ],
    "location": [
      7.419871055240947,
      13.195577925565885,
      1.868888054045783
    ],
    "rotation": [
      0.020468679296616357,
      -0.016872780712217386,
      1.5896607095728765
    ]
  },
  {
    "label_id": "fZoqQ9qukc5jFPQ00JLwfg",
    "size": [
      2.1630520422499466,
      4.678952886478576,
      1.8700000000000045
    ],
    "obj_class": "vehicle",
    "point_num_in_lidar": 1946,
    "speed": 0.0019929428649136985,
    "if_vehicle": true,
    "motion_state": false,
    "pose": [
      [
        -0.09801214183549374,
        -0.9949682089120131,
        0.020781802309707817,
        17.98496188172703
      ],
      [
        0.9950143545470541,
        -0.09836089041119597,
        -0.016479365364781475,
        -10.529921211760666
      ],
      [
        0.018440561220535598,
        0.019063013716026516,
        0.9996482117274728,
        0.08682934747395166
      ],
      [
        0.0,
        0.0,
        0.0,
        1.0
      ]
    ],
    "location": [
      17.98496188172703,
      -10.529921211760666,
      0.08682934747395166
    ],
    "rotation": [
      0.01906741112937558,
      -0.01844160651251587,
      1.6689828241771953
    ]
  },
  {
    "label_id": "iig7YiZ08rzCckmuNjqSSA",
    "size": [
      2.0715932585364216,
      4.577422277222199,
      1.6800000000000068
    ],
    "obj_class": "vehicle",
    "point_num_in_lidar": 324,
    "speed": 0.0016756011793356493,
    "if_vehicle": true,
    "motion_state": false,
    "pose": [
      [
        0.08488047811291727,
        0.9961743929293118,
        0.020781802309707817,
        8.22340197316089
      ],
      [
        -0.9962251343714228,
        0.08522858771453747,
        -0.016479365364781475,
        22.489211636893742
      ],
      [
        -0.01818752544914062,
        -0.019304577387308914,
        0.9996482117274728,
        0.6281556398352564
      ],
      [
        0.0,
        0.0,
        0.0,
        1.0
      ]
    ],
    "location": [
      8.22340197316089,
      22.489211636893742,
      0.6281556398352564
    ],
    "rotation": [
      -0.019308970847749015,
      0.018188528295139155,
      -1.4857995008190326
    ]
  },
  {
    "label_id": "k_NOVkdWc5tiNnbaUVinuw",
    "size": [
      2.1554485014006723,
      4.4419784152818895,
      1.740000000000009
    ],
    "obj_class": "vehicle",
    "point_num_in_lidar": 733,
    "speed": 0.004863421516964343,
    "if_vehicle": true,
    "motion_state": false,
    "pose": [
      [
        -0.11258820322237445,
        -0.9934243872524557,
        0.020781802309707817,
        15.570389843101566
      ],
      [
        0.9934654151477271,
        -0.11293759083019317,
        -0.016479365364781475,
        21.400477353818133
      ],
      [
        0.018718050125785125,
        0.018790619722466095,
        0.9996482117274728,
        0.6166413949372895
      ],
      [
        0.0,
        0.0,
        0.0,
        1.0
      ]
    ],
    "location": [
      15.570389843101566,
      21.400477353818133,
      0.6166413949372895
    ],
    "rotation": [
      0.018795018924984835,
      -0.01871914332434061,
      1.6836436154162653
    ]
  },
  {
    "label_id": "lSgAzkWLTh17nT2ZDA4g_Q",
    "size": [
      0.5575671146660425,
      0.12011896040538889,
      0.5500000000000114
    ],
    "obj_class": "sign",
    "point_num_in_lidar": 25,
    "speed": 0.008921300644998256,
    "if_vehicle": false,
    "motion_state": false,
    "pose": [
      [
        -0.06453432551954971,
        -0.9976990716255563,
        0.020781802309707817,
        11.236118936856201
      ],
      [
        0.9977569062157314,
        -0.06488132717497364,
        -0.016479365364781475,
        -39.178802236679985
      ],
      [
        0.0177897984403626,
        0.019671702049314614,
        0.9996482117274728,
        1.9064368037610393
      ],
      [
        0.0,
        0.0,
        0.0,
        1.0
      ]
    ],
    "location": [
      11.236118936856201,
      -39.178802236679985,
      1.9064368037610393
    ],
    "rotation": [
      0.01967608517762015,
      -0.017790736917483257,
      1.6353857661755666
    ]
  },
  {
    "label_id": "mmdNjYPoJf8KPcfkiO2WVw",
    "size": [
      2.069285539631449,
      4.3057734004472925,
      1.740000000000009
    ],
    "obj_class": "vehicle",
    "point_num_in_lidar": 157,
    "speed": 0.008486720720416903,
    "if_vehicle": true,
    "motion_state": false,
    "pose": [
      [
        -0.08017610187717976,
        -0.9965640518203234,
        0.020781802309707817,
        15.308205278277455
      ],
      [
        0.9966164362938001,
        -0.08052396802331394,
        -0.016479365364781475,
        26.466114155657124
      ],
      [
        0.018096176304007873,
        0.019390234481305283,
        0.9996482117274728,
        0.9586042036530671
      ],
      [
        0.0,
        0.0,
        0.0,
        1.0
      ]
    ],
    "location": [
      15.308205278277455,
      26.466114155657124,
      0.9586042036530671
    ],
    "rotation": [
      0.019394626000270018,
      -0.018097164113539056,
      1.6510717495434333
    ]
  },
  {
    "label_id": "neWc6a5SpHMFVBiTZbsQRA",
    "size": [
      2.1576676687075174,
      4.838558424228969,
      1.75
    ],
    "obj_class": "vehicle",
    "point_num_in_lidar": 1055,
    "speed": 0.010599032309729133,
    "if_vehicle": true,
    "motion_state": false,
    "pose": [
      [
        0.08383287791126451,
        0.9962631004277309,
        0.020781802309707817,
        8.729374838198964
      ],
      [
        -0.9963142079055546,
        0.08418093396192042,
        -0.016479365364781475,
        16.27952205712245
      ],
      [
        -0.018167215159241756,
        -0.01932369228236552,
        0.9996482117274728,
        0.16359898773413306
      ],
      [
        0.0,
        0.0,
        0.0,
        1.0
      ]
    ],
    "location": [
      8.729374838198964,
      16.27952205712245,
      0.16359898773413306
    ],
    "rotation": [
      -0.01932808533416011,
      0.018168214648977787,
      -1.4868510547197613
    ]
  },
  {
    "label_id": "tBnMwtSfMUdPA9bwMuVXzA",
    "size": [
      2.107118437322291,
      4.94391362798015,
      1.5800000000000125
    ],
    "obj_class": "vehicle",
    "point_num_in_lidar": 627,
    "speed": 8.907989538816086,
    "if_vehicle": true,
    "motion_state": true,
    "pose": [
      [
        0.0657049222292201,
        0.9976226640807696,
        0.020781802309707817,
        14.801389986456797
      ],
      [
        -0.9976800914798968,
        0.0660519915054708,
        -0.016479365364781475,
        -20.1051348233741
      ],
      [
        -0.017812867807202853,
        -0.019650815009786552,
        0.9996482117274728,
        0.2508596715368583
      ],
      [
        0.0,
        0.0,
        0.0,
        1.0
      ]
    ],
    "location": [
      14.801389986456797,
      -20.1051348233741,
      0.2508596715368583
    ],
    "rotation": [
      -0.019655198867293496,
      0.01781380994038951,
      -1.5050335872021956
    ]
  },
  {
    "label_id": "v2-w0GThHRtGTQcRFq9OZA",
    "size": [
      1.9872198046921823,
      4.67854752596008,
      1.5300000000000011
    ],
    "obj_class": "vehicle",
    "point_num_in_lidar": 134,
    "speed": 0.007933318345931186,
    "if_vehicle": true,
    "motion_state": false,
    "pose": [
      [
        0.07120531198787489,
        0.9972451655623453,
        0.020781802309707817,
        12.694047157086061
      ],
      [
        -0.9973006781752477,
        0.07155269267026301,
        -0.016479365364781475,
        -35.35239834697313
      ],
      [
        -0.017920961355364567,
        -0.019552287185014092,
        0.9996482117274728,
        0.6171088911231095
      ],
      [
        0.0,
        0.0,
        0.0,
        1.0
      ]
    ],
    "location": [
      12.694047157086061,
      -35.35239834697313,
      0.6171088911231095
    ],
    "rotation": [
      -0.0195566742513252,
      0.017921920745905685,
      -1.499519240242613
    ]
  },
  {
    "label_id": "vNvpD12q14e1m0Ldy5Yr0A",
    "size": [
      2.395899059570984,
      5.002370273678711,
      1.9099999999999966
    ],
    "obj_class": "vehicle",
    "point_num_in_lidar": 622,
    "speed": 0.008325375462458514,
    "if_vehicle": true,
    "motion_state": false,
    "pose": [
      [
        0.055498820447943346,
        0.9982424543274279,
        0.020781802309707817,
        11.691467731340708
      ],
      [
        -0.9983034281933334,
        0.055845284264761534,
        -0.016479365364781475,
        -19.26865230830299
      ],
      [
        -0.01761096778501758,
        -0.01983195915034138,
        0.9996482117274728,
        0.38078248912538015
      ],
      [
        0.0,
        0.0,
        0.0,
        1.0
      ]
    ],
    "location": [
      11.691467731340708,
      -19.26865230830299,
      0.38078248912538015
    ],
    "rotation": [
      -0.01983633611123425,
      0.0176118782411745,
      -1.5152603546227872
    ]
  },
  {
    "label_id": "vPy9W0Cmj-SFneQRaife3A",
    "size": [
      2.6728488425896058,
      6.188632361968968,
      2.259999999999991
    ],
    "obj_class": "vehicle",
    "point_num_in_lidar": 61,
    "speed": 0.0033202126265456126,
    "if_vehicle": true,
    "motion_state": false,
    "pose": [
      [
        -0.9955407499421329,
        0.09201484607070573,
        0.020781802309707817,
        59.23914594388543
      ],
      [
        -0.09236331024861828,
        -0.9955889962414669,
        -0.016479365364781475,
        11.409291121581191
      ],
      [
        0.019173787434227315,
        -0.018325355808081957,
        0.9996482117274728,
        -2.001896338401707
      ],
      [
        0.0,
        0.0,
        0.0,
        1.0
      ]
    ],
    "location": [
      59.23914594388543,
      11.409291121581191,
      -2.001896338401707
    ],
    "rotation": [
      -0.018329751637345956,
      -0.019174962451720155,
      -3.049080456120754
    ]
  },
  {
    "label_id": "weeQq-6LKvQs2E_0jsJGRA",
    "size": [
      2.1090813335241876,
      4.508483162875747,
      1.8900000000000148
    ],
    "obj_class": "vehicle",
    "point_num_in_lidar": 124,
    "speed": 0.011134332524564996,
    "if_vehicle": true,
    "motion_state": false,
    "pose": [
      [
        0.088701839580446,
        0.9958414032102726,
        0.020781802309707817,
        7.398988601380552
      ],
      [
        -0.9958908086994335,
        0.08905014129782401,
        -0.016479365364781475,
        33.87725731016508
      ],
      [
        -0.018261456760981676,
        -0.019234655885472265,
        0.9996482117274728,
        1.6611375232656087
      ],
      [
        0.0,
        0.0,
        0.0,
        1.0
      ]
    ],
    "location": [
      7.398988601380552,
      33.87725731016508,
      1.6611375232656087
    ],
    "rotation": [
      -0.019239050720607165,
      0.018262471887536273,
      -1.481962903083272
    ]
  },
  {
    "label_id": "zP3W4pR_Dkt0kqTwQldWqw",
    "size": [
      2.071869919683926,
      4.414748533014121,
      1.9000000000000057
    ],
    "obj_class": "vehicle",
    "point_num_in_lidar": 509,
    "speed": 0.0028650328893040735,
    "if_vehicle": true,
    "motion_state": false,
    "pose": [
      [
        -0.9975365303886061,
        0.06699990472397319,
        0.020781802309707817,
        29.237319883662167
      ],
      [
        -0.06734704825567722,
        -0.9975935072004135,
        -0.016479365364781475,
        9.304282378892822
      ],
      [
        0.019627675142735175,
        -0.01783836199198212,
