[
  {
    "label_id": "-G86PjIy35Dnhvmt_7sZlw",
    "size": [
      2.227901555720824,
      4.6671900838050675,
      1.8700000000000045
    ],
    "obj_class": "vehicle",
    "point_num_in_lidar": 1007,
    "speed": 2.929642751054232e-13,
    "if_vehicle": true,
    "motion_state": false,
    "pose": [
      [
        -0.06841588569904597,
        -0.9976549630603435,
        -0.0019599145592412884,
        18.61779281734198
      ],
      [
        0.997598620806493,
        -0.06839052610915929,
        -0.010942015513390446,
        -18.57580561231225
      ],
      [
        0.010782316494981738,
        -0.0027038157438789836,
        0.9999382136069335,
        0.30099682215666235
      ],
      [
        0.0,
        0.0,
        0.0,
        1.0
      ]
    ],
    "location": [
      18.61779281734198,
      -18.57580561231225,
      0.30099682215666235
    ],
    "rotation": [
      -0.0027039762231752776,
      -0.01078252542829821,
      1.6392696846299906
    ]
  },
  {
    "label_id": "-MaahtNQaZZ-XA0PJBa06A",
    "size": [
      1.9090471560682039,
      4.101369306850817,
      1.4399999999999977
    ],
    "obj_class": "vehicle",
    "point_num_in_lidar": 47,
    "speed": 0.013993939202826692,
    "if_vehicle": true,
    "motion_state": false,
    "pose": [
      [
        0.15885092064420847,
        0.9873006349361919,
        -0.0019599145592412884,
        14.17192868703296
      ],
      [
        -0.9872468320918656,
        0.15882054281823996,
        -0.010942015513390446,
        -53.67671483328559
      ],
      [
        -0.010491784169675975,
        0.0036730686777869705,
        0.9999382136069335,
        1.1330829053618459
      ],
      [
        0.0,
        0.0,
        0.0,
        1.0
      ]
    ],
    "location": [
      14.17192868703296,
      -53.67671483328559,
      1.1330829053618459
    ],
    "rotation": [
      0.003673279116226013,
      0.010491976664167955,
      -1.4112607843006393
    ]
  },
  {
    "label_id": "10t7lCtA-oADlgKbKqqaGQ",
    "size": [
      1.9409380617617649,
      4.35531691411666,
      1.5900000000000034
    ],
    "obj_class": "vehicle",
    "point_num_in_lidar": 48,
    "speed": 1.9945885082418897e-12,
    "if_vehicle": true,
    "motion_state": false,
    "pose": [
      [
        0.9947101751477904,
        -0.10270261044575685,
        -0.0019599145592412884,
        57.06252341989193
      ],
      [
        0.10267532725202777,
        0.9946547388265908,
        -0.010942015513390446,
        1.610238230019604
      ],
      [
        0.0030732118608077434,
        0.010682899299038333,
        0.9999382136069335,
        -2.1621796713696995
      ],
      [
        0.0,
        0.0,
        0.0,
        1.0
      ]
    ],
    "location": [
      57.06252341989193,
      1.610238230019604,
      -2.1621796713696995
    ],
    "rotation": [
      0.01068315295719979,
      -0.003073216698387044,
      0.10285708030774389
    ]
  },
  {
    "label_id": "1cey-IEbE8XPL2SyOdH_ig",
    "size": [
      2.14491943559528,
      4.755202036269388,
      1.5
    ],
    "obj_class": "vehicle",
    "point_num_in_lidar": 188,
    "speed": 0.2739784632551858,
    "if_vehicle": true,
    "motion_state": false,
    "pose": [
      [
        -0.9998243505361655,
        -0.01863938866635474,
        -0.0019599145592412884,
        42.0362708160942
      ],
      [
        0.01865975033144383,
        -0.9997660156326943,
        -0.010942015513390446,
        9.494590443662673
      ],
      [
        -0.0017555034899258033,
        -0.010976665070578652,
        0.9999382136069335,
        -1.4346977610093177
      ],
      [
        0.0,
        0.0,
        0.0,
        1.0
      ]
    ],
    "location": [
      42.0362708160942,
      9.494590443662673,
      -1.4346977610093177
    ],
    "rotation": [
      -0.010976902422053805,
      0.0017555043916099692,
      3.1229317914859873
    ]
  },
  {
    "label_id": "1rM1fuuyGWlOowHu6wTmpA",
    "size": [
      0.49846176672575404,
      0.12735449629766027,
      0.20000000000001705
    ],
    "obj_class": "sign",
    "point_num_in_lidar": 34,
    "speed": 0.016396162881817333,
    "if_vehicle": false,
    "motion_state": false,
    "pose": [
      [
        0.9985571800997022,
        -0.05366299289316103,
        -0.0019599145592412884,
        23.03830062003044
      ],
      [
        0.05363846881632631,
        0.9985004691834374,
        -0.010942015513390446,
        10.788067486675573
      ],
      [
        0.0025441569076938056,
        0.01082110133968983,
        0.9999382136069335,
        1.3613929393505941
      ],
      [
        0.0,
        0.0,
        0.0,
        1.0
      ]
    ],
    "location": [
      23.03830062003044,
      10.788067486675573,
      1.3613929393505941
    ],
    "rotation": [
      0.010821347559132692,
      -0.0025441596523104433,
      0.0536643964269562
    ]
  },
  {
    "label_id": "6GQJCYvdj35m3AkilVFa3A",
    "size": [
      1.92273455160988,
      3.8913786098047867,
      1.7199999999999989
    ],
    "obj_class": "vehicle",
    "point_num_in_lidar": 72,
    "speed": 0.01474964328185061,
    "if_vehicle": true,
    "motion_state": false,
    "pose": [
      [
        0.9985177661629099,
        -0.05439144594467909,
        -0.0019599145592412884,
        44.31767921436676
      ],
      [
        0.054366880502628424,
        0.998461073152538,
        -0.010942015513390446,
        0.2092699187433027
      ],
      [
        0.0025520504394297566,
        0.010819242447112899,
        0.9999382136069335,
        -1.3952589681524046
      ],
      [
        0.0,
        0.0,
        0.0,
        1.0
      ]
    ],
    "location": [
      44.31767921436676,
      0.2092699187433027,
      -1.3952589681524046
    ],
    "rotation": [
      0.010819488769341187,
      -0.0025520532096722287,
      0.05439387605069872
    ]
  },
  {
    "label_id": "6WHRUM96pXQy5acTD-HlJg",
    "size": [
      2.212779310940969,
      4.633051613865279,
      1.5500000000000114
    ],
    "obj_class": "vehicle",
    "point_num_in_lidar": 35,
    "speed": 3.552713678800501e-13,
    "if_vehicle": true,
    "motion_state": false,
    "pose": [
      [
        -0.08876351777913982,
        -0.9960508002337997,
        -0.0019599145592412884,
        21.967519011579952
      ],
      [
        0.9959949872988273,
        -0.08873701354064949,
        -0.010942015513390446,
        -58.587874286029546
      ],
      [
        0.010724886343501293,
        -0.0029233168651007706,
        0.9999382136069335,
        0.9778464791573072
      ],
      [
        0.0,
        0.0,
        0.0,
        1.0
      ]
    ],
    "location": [
      21.967519011579952,
      -58.587874286029546,
      0.9778464791573072
    ],
    "rotation": [
      -0.0029234891686228605,
      -0.01072509195591211,
      1.6596819461295942
    ]
  },
  {
    "label_id": "6kV2629tjfAKv8UQAUpQIw",
    "size": [
      2.0185551680237106,
      4.332165675849257,
      1.5699999999999932
    ],
    "obj_class": "vehicle",
    "point_num_in_lidar": 498,
    "speed": 0.003140986348447827,
    "if_vehicle": true,
    "motion_state": false,
    "pose": [
      [
        0.9995325731747671,
        -0.03050891505034411,
        -0.0019599145592412884,
        29.433672649747677
      ],
      [
        0.030485711726876988,
        0.9994753091882812,
        -0.010942015513390446,
        -0.7793051744065451
      ],
      [
        0.0022927152318578774,
        0.010877151531555032,
        0.9999382136069335,
        -0.5802953358522132
      ],
      [
        0.0,
        0.0,
        0.0,
        1.0
      ]
    ],
    "location": [
      29.433672649747677,
      -0.7793051744065451,
      -0.5802953358522132
    ],
    "rotation": [
      0.010877394616583807,
      -0.0022927172404887137,
      0.030490515993278122
    ]
  },
  {
    "label_id": "8HAPH0iPQHbptKbZvfklWg",
    "size": [
      0.5115532522288452,
      0.08069893870138749,
      0.6500000000000057
    ],
    "obj_class": "sign",
    "point_num_in_lidar": 23,
    "speed": 0.009785360333636861,
    "if_vehicle": false,
    "motion_state": false,
    "pose": [
      [
        -0.9942847103378895,
        0.10674302564205092,
        -0.0019599145592412884,
        43.75151732704626
      ],
      [
        -0.10671551744935152,
        -0.9942293853191133,
        -0.010942015513390446,
        -1.9066654241087235
      ],
      [
        -0.003116588490034002,
        -0.01067032542889816,
        0.9999382136069335,
        0.7099983367562572
      ],
      [
        0.0,
        0.0,
        0.0,
        1.0
      ]
    ],
    "location": [
      43.75151732704626,
      -1.9066654241087235,
      0.7099983367562572
    ],
    "rotation": [
      -0.010670579743516094,
      0.0031165935353577026,
      -3.0346730201551075
    ]
  },
  {
    "label_id": "9ojEvP_IkP8ziMOD-24fCQ",
    "size": [
      2.047061630868588,
      4.486385603924427,
      1.4699999999999989
    ],
    "obj_class": "vehicle",
    "point_num_in_lidar": 1714,
    "speed": 0.008825975762493742,
    "if_vehicle": true,
    "motion_state": false,
    "pose": [
      [
        0.08843434871524831,
        0.9960800794626054,
        -0.0019599145592412884,
        10.893075876779221
      ],
      [
        -0.9960242577718433,
        0.08840786292266715,
        -0.010942015513390446,
        -9.817195221896327
      ],
      [
        -0.010725851824365472,
        0.002919772459723361,
        0.9999382136069335,
        0.009227433081349545
      ],
      [
        0.0,
        0.0,
        0.0,
        1.0
      ]
    ],
    "location": [
      10.893075876779221,
      -9.817195221896327,
      0.009227433081349545
    ],
    "rotation": [
      0.002919944574494249,
      0.010726057492312422,
      -1.4822411943710563
    ]
  },
  {
    "label_id": "BjdebUXZ4pcJEcJJEXi93w",
    "size": [
      0.5575671146660427,
      0.12011896040538889,
      0.5600000000000023
    ],
    "obj_class": "sign",
    "point_num_in_lidar": 23,
    "speed": 0.006436923261296792,
    "if_vehicle": false,
    "motion_state": false,
    "pose": [
      [
        -0.06454814171045839,
        -0.9979126695942121,
        -0.0019599145592412884,
        11.235283091906695
      ],
      [
        0.9978562294617705,
        -0.06452300071170812,
        -0.010942015513390446,
        -39.17589135519847
      ],
      [
        0.010792716343207928,
        -0.0026619997201081003,
        0.9999382136069335,
        1.3440923885855511
      ],
      [
        0.0,
        0.0,
        0.0,
        1.0
      ]
    ],
    "location": [
      11.235283091906695,
      -39.17589135519847,
      1.3440923885855511
    ],
    "rotation": [
      -0.0026621579166346775,
      -0.01079292588169509,
      1.6353931432137887
    ]
  },
  {
    "label_id": "C7N3XXk6WR3gQXpwt59PzA",
    "size": [
      2.3073788309820458,
      5.053288138911819,
      2.0999999999999943
    ],
    "obj_class": "vehicle",
    "point_num_in_lidar": 1999,
    "speed": 0.9056972115389982,
    "if_vehicle": true,
    "motion_state": false,
    "pose": [
      [
        0.08272877112722976,
        0.996570172723777,
        -0.0019599145592412884,
        11.404313576884306
      ],
      [
        -0.9965142002754371,
        0.08270260543604814,
        -0.010942015513390446,
        14.914104333647629
      ],
      [
        -0.010742396249644464,
        0.0028583021866883935,
        0.9999382136069335,
        0.3363977641272129
      ],
      [
        0.0,
        0.0,
        0.0,
        1.0
      ]
    ],
    "location": [
      11.404313576884306,
      14.914104333647629,
      0.3363977641272129
    ],
    "rotation": [
      0.002858471016372224,
      0.010742602870810055,
      -1.487968106964026
    ]
  },
  {
    "label_id": "CZqAJKroo0JigZQamJxBgw",
    "size": [
      2.0658167117408497,
      4.364933663449352,
      1.700000000000017
    ],
    "obj_class": "vehicle",
    "point_num_in_lidar": 186,
    "speed": 0.02803998640794508,
    "if_vehicle": true,
    "motion_state": false,
    "pose": [
      [
        -0.12761667176653751,
        -0.9918216290352577,
        -0.0019599145592412884,
        13.443541725721389
      ],
      [
        0.9917668943863249,
        -0.12758800686510063,
        -0.010942015513390446,
        49.54653467194839
      ],
      [
        0.010602466059180483,
        -0.003340161977917985,
        0.9999382136069335,
        2.775544714551927
      ],
      [
        0.0,
        0.0,
        0.0,
        1.0
      ]
    ],
    "location": [
      13.443541725721389,
      49.54653467194839,
      2.775544714551927
    ],
    "rotation": [
      -0.003340355943302942,
      -0.010602664710471632,
      1.6987691891598737
    ]
  },
  {
    "label_id": "DPwqAEy2rL-_heOa_o1Aeg",
    "size": [
      2.6814657717648394,
      5.676341620651238,
      1.5500000000000114
    ],
    "obj_class": "vehicle",
    "point_num_in_lidar": 20,
    "speed": 0.03612159596625928,
    "if_vehicle": true,
    "motion_state": false,
    "pose": [
      [
        -0.11782855589018904,
        -0.993032018694137,
        -0.0019599145592412884,
        23.346879551655093
      ],
      [
        0.9929770039977328,
        -0.11780043220714916,
        -0.010942015513390446,
        -74.6534329393453
      ],
      [
        0.01063489297167697,
        -0.003235431973597793,
        0.9999382136069335,
        1.4537041552353287
      ],
      [
        0.0,
        0.0,
        0.0,
        1.0
      ]
    ],
    "location": [
      23.346879551655093,
      -74.6534329393453,
      1.4537041552353287
    ],
    "rotation": [
      -0.003235620600077458,
      -0.010635093451294382,
      1.6889059576670589
    ]
  },
  {
    "label_id": "Fz60h1BcAUsffihcCYYlSQ",
    "size": [
      1.9659452030174636,
      3.735738890448964,
      1.8600000000000136
    ],
    "obj_class": "vehicle",
    "point_num_in_lidar": 160,
    "speed": 0.021002584461973377,
    "if_vehicle": true,
    "motion_state": false,
    "pose": [
      [
        -0.9985381256614037,
        0.05401638950847555,
        -0.0019599145592412884,
        35.60175514804723
      ],
      [
        -0.053991845362581975,
        -0.9984814234280214,
        -0.010942015513390446,
        9.777795780853921
      ],
      [
        -0.002547986450887625,
        -0.010820200257892466,
        0.9999382136069335,
        -0.988022058126262
      ],
      [
        0.0,
        0.0,
        0.0,
        1.0
      ]
    ],
    "location": [
      35.60175514804723,
      9.777795780853921,
      -0.988022058126262
    ],
    "rotation": [
      -0.010820446527168995,
      0.002547989207916796,
      -3.08757436612292
    ]
  },
  {
    "label_id": "Ior1henF_Ts_9MLeXF_Xjg",
    "size": [
      2.2181145029834313,
      4.448728327113863,
      1.6400000000000148
    ],
    "obj_class": "vehicle",
    "point_num_in_lidar": 125,
    "speed": 0.008782235616356162,
    "if_vehicle": true,
    "motion_state": false,
    "pose": [
      [
        -0.0705696691670022,
        -0.9975049275710773,
        -0.0019599145592412884,
        20.771399401834515
      ],
      [
        0.9974486402000446,
        -0.07054418799296319,
        -0.010942015513390446,
        -44.575644723137884
      ],
      [
        0.010776453811048877,
        -0.0027270885268236623,
        0.9999382136069335,
        0.8034779264085614
      ],
      [
        0.0,
        0.0,
        0.0,
        1.0
      ]
    ],
    "location": [
      20.771399401834515,
      -44.575644723137884,
      0.8034779264085614
    ],
    "rotation": [
      -0.002727250272512463,
      -0.010776662403727953,
      1.6414288096604108
    ]
  },
  {
    "label_id": "NXG3IQg-7AGdDP54x0y-Ww",
    "size": [
      2.1501117497804256,
      4.509298866515579,
      1.740000000000009
    ],
    "obj_class": "vehicle",
    "point_num_in_lidar": 119,
    "speed": 0.022332087095033714,
    "if_vehicle": true,
    "motion_state": false,
    "pose": [
      [
        0.0664124942877657,
        0.9977903283442858,
        -0.0019599145592412884,
        7.633750823827086
      ],
      [
        -0.9977339352829202,
        0.06638724788212078,
        -0.010942015513390446,
        28.591709219950644
      ],
      [
        -0.010787723918181993,
        0.0026821598087897872,
        0.9999382136069335,
        0.9885636642261204
      ],
      [
        0.0,
        0.0,
        0.0,
        1.0
      ]
    ],
    "location": [
      7.633750823827086,
      28.591709219950644,
      0.9885636642261204
    ],
    "rotation": [
      0.002682319107042915,
      0.010787933166012616,
      -1.504331042050143
    ]
  },
  {
    "label_id": "Nx6yXW6ayqyL8X2hVv-MUA",
    "size": [
      2.1423545519157012,
      4.746408458305702,
      1.7700000000000102
    ],
    "obj_class": "vehicle",
    "point_num_in_lidar": 3130,
    "speed": 0.926931261707255,
    "if_vehicle": true,
    "motion_state": false,
    "pose": [
      [
        -0.6951876087841581,
        -0.7188256724184834,
        -0.0019599145592412884,
        15.795923426261652
      ],
      [
        0.7187989284572933,
        -0.6951319103200138,
        -0.010942015513390446,
        10.19460082354999
      ],
      [
        0.0065030025073969586,
        -0.009015538085083551,
        0.9999382136069335,
        -0.058167297835098
      ],
      [
        0.0,
        0.0,
        0.0,
        1.0
      ]
    ],
    "location": [
      15.795923426261652,
      10.19460082354999,
      -0.058167297835098
    ],
    "rotation": [
      -0.009015850862957338,
      -0.006503048342559816,
      2.3394976371101417
    ]
  },
  {
    "label_id": "UCqAckSueVCSvrwEUd1Muw",
    "size": [
      0.35259506990133826,
      0.08210614761395306,
      0.19422163845968043
    ],
    "obj_class": "sign",
    "point_num_in_lidar": 27,
    "speed": 0.0081665118273433,
    "if_vehicle": false,
    "motion_state": false,
    "pose": [
      [
        0.1257165965954968,
        0.992064260053433,
        -0.0019599145592412884,
        19.19818744107215
      ],
      [
        -0.9920094705971028,
        0.12568803659123884,
        -0.010942015513390446,
        -7.3562986385677505
      ],
      [
        -0.010608844710947255,
        0.003319846754567079,
        0.9999382136069335,
        1.5544944370368796
      ],
      [
        0.0,
        0.0,
        0.0,
        1.0
      ]
    ],
    "location": [
      19.19818744107215,
      -7.3562986385677505,
      1.5544944370368796
    ],
    "rotation": [
      0.003320039689984134,
      0.010609043721003821,
      -1.444739069488641
    ]
  },
  {
    "label_id": "X4H9yiCRjWTn4rPCsOkVdA",
    "size": [
      1.96977407611175,
      4.4188602944795115,
      1.6500000000000057
    ],
    "obj_class": "vehicle",
    "point_num_in_lidar": 980,
    "speed": 0.00467010082392099,
    "if_vehicle": true,
    "motion_state": false,
    "pose": [
      [
        -0.10370739405285877,
        -0.9946059195247561,
        -0.0019599145592412884,
        15.97458663165753
      ],
      [
        0.99455051079277,
        -0.10368005487240507,
        -0.010942015513390446,
        16.293758493035057
      ],
      [
        0.010679789352102486,
        -0.0030840019405832864,
        0.9999382136069335,
        0.09269194937058955
      ],
      [
        0.0,
        0.0,
        0.0,
        1.0
      ]
    ],
    "location": [
      15.97458663165753,
      16.293758493035057,
      0.09269194937058955
    ],
    "rotation": [
      -0.003084182722572726,
      -0.010679992381582095,
      1.6746964726419344
    ]
  },
  {
    "label_id": "XrzRs3LbaboaBImF0mOdjQ",
    "size": [
      1.8680092805957813,
      4.653371289880262,
      1.8600000000000136
    ],
    "obj_class": "vehicle",
    "point_num_in_lidar": 255,
    "speed": 0.003322179637549257,
    "if_vehicle": true,
    "motion_state": false,
    "pose": [
      [
        -0.08259628919700285,
        -0.9965811616450541,
        -0.0019599145592412884,
        14.993707419309885
      ],
      [
        0.9965251857188163,
        -0.08257013094687023,
        -0.010942015513390446,
        31.574682249003672
      ],
      [
        0.010742776129271622,
        -0.0028568740978830256,
        0.9999382136069335,
        1.3859998619613236
      ],
      [
        0.0,
        0.0,
        0.0,
        1.0
      ]
    ],
    "location": [
      14.993707419309885,
      31.574682249003672,
      1.3859998619613236
    ],
    "rotation": [
      -0.002857042850988516,
      -0.010742982772358764,
      1.6534916023462038
    ]
  },
  {
    "label_id": "ZF1-vGaHNjltsRoVWjqYiQ",
    "size": [
      2.0916384992245685,
      4.67170689046401,
      1.5999999999999943
    ],
    "obj_class": "vehicle",
    "point_num_in_lidar": 46,
    "speed": 0.007807661928358598,
    "if_vehicle": true,
    "motion_state": false,
    "pose": [
      [
        -0.9964685185504697,
        0.08394432841325798,
        -0.0019599145592412884,
        50.542609611376974
      ],
      [
        -0.08391809446620765,
        -0.9964125780607476,
        -0.010942015513390446,
        10.673327729438824
      ],
      [
        -0.002871403662511417,
        -0.010738901693456326,
        0.9999382136069335,
        -1.8505624123750408
      ],
      [
        0.0,
        0.0,
        0.0,
        1.0
      ]
    ],
    "location": [
      50.542609611376974,
      10.673327729438824,
      -1.8505624123750408
    ],
    "rotation": [
      -0.010739152386764584,
      0.002871407608293632,
      -3.0575754031798095
    ]
  },
  {
    "label_id": "aRFz7j2dwLW0x6klYx_7gQ",
    "size": [
      2.147368756993887,
      4.4856824184495885,
      1.920000000000016
    ],
    "obj_class": "vehicle",
    "point_num_in_lidar": 129,
    "speed": 0.0111590575111851,
    "if_vehicle": true,
    "motion_state": false,
    "pose": [
      [
        0.9974226795410678,
        -0.07172277931059967,
        -0.0019599145592412884,
        34.64543731210233
      ],
      [
        0.07169723308303909,
        0.997366421664947,
        -0.010942015513390446,
        -0.5705920142663672
      ],
      [
        0.0027395447345995765,
        0.010773293981969065,
        0.9999382136069335,
        -0.788489969163038
      ],
      [
        0.0,
        0.0,
        0.0,
        1.0
      ]
    ],
    "location": [
      34.64543731210233,
      -0.5705920142663672,
      -0.788489969163038
    ],
    "rotation": [
      0.010773542821134425,
      -0.002739548161373125,
      0.07175907187945575
    ]
  },
  {
    "label_id": "asdOT76Zl6kcy5908IDPgQ",
    "size": [
      1.8829911936268882,
      3.830012521744248,
      1.460000000000008
    ],
    "obj_class": "vehicle",
    "point_num_in_lidar": 152,
    "speed": 4.549693413077341e-13,
    "if_vehicle": true,
    "motion_state": false,
    "pose": [
      [
        -0.08706684109737749,
        -0.9962005440252703,
        -0.0019599145592412884,
        14.430674850680134
      ],
      [
        0.9961446860272651,
        -0.08704043196208212,
        -0.010942015513390446,
        36.65093942277599
      ],
      [
        0.010729849997327371,
        -0.002905045199245084,
        0.9999382136069335,
        1.585414874675223
      ],
      [
        0.0,
        0.0,
        0.0,
        1.0
      ]
    ],
    "location": [
      14.430674850680134,
      36.65093942277599,
      1.585414874675223
    ],
    "rotation": [
      -0.002905216528956273,
      -0.010730055895362621,
      1.6579785800328404
    ]
  },
  {
    "label_id": "cPrxNWhkfFseBGIlnuWdzg",
    "size": [
      0.821570156272737,
      1.2015272597505833,
      1.740000000000009
    ],
    "obj_class": "pedestrian",
    "point_num_in_lidar": 27,
    "speed": 1.3132303847676496,
    "if_vehicle": false,
    "motion_state": true,
    "pose": [
      [
        -0.9993585338986442,
        0.035758627754330925,
        -0.0019599145592412884,
        44.63262149474076
      ],
      [
        -0.03573512396677971,
        -0.9993013925796279,
        -0.010942015513390446,
        -2.6257989424848347
      ],
      [
        -0.00234981680801235,
        -0.010864958791619311,
        0.9999382136069335,
        -0.8437853162653255
      ],
      [
        0.0,
        0.0,
        0.0,
        1.0
      ]
    ],
    "location": [
      44.63262149474076,
      -2.6257989424848347,
      -0.8437853162653255
    ],
    "rotation": [
      -0.010865202564289125,
      0.0023498189704910903,
      -3.105849820907331
    ]
  },
  {
    "label_id": "efhaSh_nWNCRYbumf1d3vQ",
    "size": [
      0.8122852603967397,
      0.13981528753100092,
      0.7599999999999909
    ],
    "obj_class": "sign",
    "point_num_in_lidar": 216,
    "speed": 0.011744204861827204,
    "if_vehicle": false,
    "motion_state": false,
    "pose": [
      [
        0.998557180099838,
        -0.05366299289063426,
        -0.0019599145592412884,
        23.052155962555844
      ],
      [
        0.053638468813799675,
        0.9985004691835732,
        -0.010942015513390446,
        10.788507933870278
      ],
      [
        0.002544156907666424,
        0.010821101339696267,
        0.9999382136069335,
        1.8447578333656907
      ],
      [
        0.0,
        0.0,
        0.0,
        1.0
      ]
    ],
    "location": [
      23.052155962555844,
      10.788507933870278,
      1.8447578333656907
    ],
    "rotation": [
      0.010821347559139128,
      -0.0025441596522830616,
      0.05366439642442592
    ]
  },
  {
    "label_id": "exueily1Lt7uON4yqBxITg",
    "size": [
      0.7588241951168544,
      0.07151227768081742,
      0.75
    ],
    "obj_class": "sign",
    "point_num_in_lidar": 131,
    "speed": 0.08843556333982677,
    "if_vehicle": false,
    "motion_state": false,
    "pose": [
      [
        -0.018864616773531635,
        -0.9998201263071814,
        -0.0019599145592412884,
        7.47797537024735
      ],
      [
        0.9997625959405543,
        -0.01884208201629022,
        -0.010942015513390446,
        13.203114902478774
      ],
      [
        0.010903118461783027,
        -0.0021658661969589064,
        0.9999382136069335,
        1.8653586301520875
      ],
      [
        0.0,
        0.0,
        0.0,
        1.0
      ]
    ],
    "location": [
      7.47797537024735,
      13.203114902478774,
      1.8653586301520875
    ],
    "rotation": [
      -0.0021659966389938924,
      -0.010903334496811934,
      1.5896631842448217
    ]
  },
  {
    "label_id": "fZoqQ9qukc5jFPQ00JLwfg",
    "size": [
      2.1630520422499466,
      4.678952886478576,
      1.8700000000000045
    ],
    "obj_class": "vehicle",
    "point_num_in_lidar": 1969,
    "speed": 0.0019929428475741677,
    "if_vehicle": true,
    "motion_state": false,
    "pose": [
      [
        -0.09803312531136923,
        -0.9951812222286983,
        -0.0019599145592412884,
        17.98582521725666
      ],
      [
        0.9951256584730771,
        -0.09800610259075407,
        -0.010942015513390446,
        -10.530748302200664
      ],
      [
        0.010697204784899167,
        -0.0030230412442991093,
        0.9999382136069335,
        0.08682934747398008
      ],
      [
        0.0,
        0.0,
        0.0,
        1.0
      ]
    ],
    "location": [
      17.98582521725666,
      -10.530748302200664,
      0.08682934747398008
    ],
    "rotation": [
      -0.0030232188280303954,
      -0.01069740880926833,
      1.6689927961668365
    ]
  },
  {
    "label_id": "iig7YiZ08rzCckmuNjqSSA",
    "size": [
      2.0715932585364203,
      4.577422277222199,
      1.6800000000000068
    ],
    "obj_class": "vehicle",
    "point_num_in_lidar": 325,
    "speed": 0.006286987104831553,
    "if_vehicle": true,
    "motion_state": false,
    "pose": [
      [
        0.08489865022334382,
        0.9963876644786279,
        -0.0019599145592412884,
        8.222546993433753
      ],
      [
        -0.9963317491399297,
        0.08487236271173747,
        -0.010942015513390446,
        22.489740273535062
      ],
      [
        -0.010736146702720079,
        0.0028816874487834244,
        0.9999382136069335,
        0.626576866572151
      ],
      [
        0.0,
        0.0,
        0.0,
        1.0
      ]
    ],
    "location": [
      8.222546993433753,
      22.489740273535062,
      0.626576866572151
    ],
    "rotation": [
      0.0028818575307909735,
      0.010736352963468261,
      -1.4857904447986299
    ]
  },
  {
    "label_id": "isujN0ox5kMqQJUJ9izVYQ",
    "size": [
      0.7507542244136992,
      0.09968037086012213,
      0.7700000000000102
    ],
    "obj_class": "sign",
    "point_num_in_lidar": 86,
    "speed": 0.0077856597068189926,
    "if_vehicle": false,
    "motion_state": false,
    "pose": [
      [
        0.12571659659284418,
        0.9920642600537691,
        -0.0019599145592412884,
        19.18685427960463
      ],
      [
        -0.9920094705974387,
        0.12568803658858632,
        -0.010942015513390446,
        -7.3562706934917514
      ],
      [
        -0.010608844710956132,
        0.0033198467545387123,
        0.9999382136069335,
        2.043103661597911
      ],
      [
        0.0,
        0.0,
        0.0,
        1.0
      ]
    ],
    "location": [
      19.18685427960463,
      -7.3562706934917514,
      2.043103661597911
    ],
    "rotation": [
      0.003320039689955766,
      0.010609043721012698,
      -1.444739069491315
    ]
  },
  {
    "label_id": "k_NOVkdWc5tiNnbaUVinuw",
    "size": [
      2.155448501400671,
      4.4419784152818895,
      1.740000000000009
    ],
    "obj_class": "vehicle",
    "point_num_in_lidar": 840,
    "speed": 0.00486342147695974,
    "if_vehicle": true,
    "motion_state": false,
    "pose": [
      [
        -0.11261230729562335,
        -0.9936370700514734,
        -0.0019599145592412884,
        15.573304897337948
      ],
      [
        0.9935819084301079,
        -0.11258447289430934,
        -0.010942015513390446,
        21.400599574364605
      ],
      [
        0.010651736287612986,
        -0.0031795412615583155,
        0.9999382136069335,
        0.6177134866170206
      ],
      [
        0.0,
        0.0,
        0.0,
        1.0
      ]
    ],
    "location": [
      15.573304897337948,
      21.400599574364605,
      0.6177134866170206
    ],
    "rotation": [
      -0.003179727009656318,
      -0.010651937721318304,
      1.6836544487225062
    ]
  },
  {
    "label_id": "lSgAzkWLTh17nT2ZDA4g_Q",
    "size": [
      0.5575671146660427,
      0.12011896040538889,
      0.5500000000000114
    ],
    "obj_class": "sign",
    "point_num_in_lidar": 21,
    "speed": 0.007096640272811022,
    "if_vehicle": false,
    "motion_state": false,
    "pose": [
      [
        -0.06454814171045839,
        -0.9979126695942121,
        -0.0019599145592412884,
        11.235100884858639
      ],
      [
        0.9978562294617705,
        -0.06452300071170812,
        -0.010942015513390446,
        -39.17347849866019
      ],
      [
        0.010792716343207928,
        -0.0026619997201081003,
        0.9999382136069335,
        1.9289362437798445
      ],
      [
        0.0,
        0.0,
        0.0,
        1.0
      ]
    ],
    "location": [
      11.235100884858639,
      -39.17347849866019,
      1.9289362437798445
    ],
    "rotation": [
      -0.0026621579166346775,
      -0.01079292588169509,
      1.6353931432137887
    ]
  },
  {
    "label_id": "mmdNjYPoJf8KPcfkiO2WVw",
    "size": [
      2.069285539632646,
      4.3057734004472925,
      1.740000000000009
    ],
    "obj_class": "vehicle",
    "point_num_in_lidar": 317,
    "speed": 0.008486720719276853,
    "if_vehicle": true,
    "motion_state": false,
    "pose": [
      [
        -0.08042523387121354,
        -0.9967587172890344,
        -0.0019599145592412884,
        15.308188964836063
      ],
      [
        0.9967026845149101,
        -0.0803991976158737,
        -0.010942015513390446,
        26.461022912944827
      ],
      [
        0.010748973789725105,
        -0.002833466259302522,
        0.9999382136069335,
        0.9586042036530955
      ],
      [
        0.0,
        0.0,
        0.0,
        1.0
      ]
    ],
    "location": [
      15.308188964836063,
      26.461022912944827,
      0.9586042036530955
    ],
    "rotation": [
      -0.0028336337555536903,
      -0.01074918079067704,
      1.6513131770186706
    ]
  },
  {
    "label_id": "neWc6a5SpHMFVBiTZbsQRA",
    "size": [
      2.1576676687078367,
      4.838558424228969,
      1.75
    ],
    "obj_class": "vehicle",
    "point_num_in_lidar": 1089,
    "speed": 0.010599032311688171,
    "if_vehicle": true,
    "motion_state": false,
    "pose": [
      [
        0.08119482951389874,
        0.9966963220535777,
        -0.0019599145592412884,
        8.727093611843884
      ],
      [
        -0.996640309399329,
        0.08116875000216649,
        -0.010942015513390446,
        16.273586899749716
      ],
      [
        -0.010746782803164785,
        0.00284176493686666,
        0.9999382136069335,
        0.1691129139149723
      ],
      [
        0.0,
        0.0,
        0.0,
        1.0
      ]
    ],
    "location": [
      8.727093611843884,
      16.273586899749716,
      0.1691129139149723
    ],
    "rotation": [
      0.002841932879061499,
      0.010746989677557781,
      -1.4895073127201197
    ]
  },
  {
    "label_id": "tBnMwtSfMUdPA9bwMuVXzA",
    "size": [
      2.107118437322292,
      4.94391362798015,
      1.5800000000000125
    ],
    "obj_class": "vehicle",
    "point_num_in_lidar": 527,
    "speed": 9.159112359904466,
    "if_vehicle": true,
    "motion_state": true,
    "pose": [
      [
        0.06571898903384941,
        0.9978362456912905,
        -0.0019599145592412884,
        15.279826355639216
      ],
      [
        -0.9977798350966625,
        0.06569378182888917,
        -0.010942015513390446,
        -25.52205695287921
      ],
      [
        -0.010789585480719318,
        0.0026746614232560375,
        0.9999382136069335,
        0.3888638801568902
      ],
      [
        0.0,
        0.0,
        0.0,
        1.0
      ]
    ],
    "location": [
      15.279826355639216,
      -25.52205695287921,
      0.3888638801568902
    ],
    "rotation": [
      0.0026748203119845073,
      0.010789794836897751,
      -1.5050261050552571
    ]
  },
  {
    "label_id": "v2-w0GThHRtGTQcRFq9OZA",
    "size": [
      1.9872198046921823,
      4.67854752596008,
      1.5300000000000011
    ],
    "obj_class": "vehicle",
    "point_num_in_lidar": 39,
    "speed": 0.007933318279410151,
    "if_vehicle": true,
    "motion_state": false,
    "pose": [
      [
        0.07122055637411265,
        0.997458666353991,
        -0.0019599145592412884,
        12.698800312239655
      ],
      [
        -0.9974023956221809,
        0.07119503847628107,
        -0.010942015513390446,
        -35.352639666924006
      ],
      [
        -0.010774672008755705,
        0.002734119909319891,
        0.9999382136069335,
        0.6308436471320817
      ],
      [
        0.0,
        0.0,
        0.0,
        1.0
      ]
    ],
    "location": [
      12.698800312239655,
      -35.352639666924006,
      0.6308436471320817
    ],
    "rotation": [
      0.0027342820370425515,
      0.010774880497980784,
      -1.4995112780876374
    ]
  },
  {
    "label_id": "vNvpD12q14e1m0Ldy5Yr0A",
    "size": [
      2.39589905957111,
      5.002370273678711,
      1.9099999999999966
    ],
    "obj_class": "vehicle",
    "point_num_in_lidar": 772,
    "speed": 0.008188918539653325,
    "if_vehicle": true,
    "motion_state": false,
    "pose": [
      [
        0.05602179409619967,
        0.9984276224750411,
        -0.0019599145592412884,
        11.696064811196266
      ],
      [
        -0.9983709696517047,
        0.05599713611623008,
        -0.010942015513390446,
        -19.266699370786228
      ],
      [
        -0.010815060931769423,
        0.0025697131390328004,
        0.9999382136069335,
        0.38156812402272067
      ],
      [
        0.0,
        0.0,
        0.0,
        1.0
      ]
    ],
    "location": [
      11.696064811196266,
      -19.266699370786228,
      0.38156812402272067
    ],
    "rotation": [
      0.002569866264820163,
      0.01081527177444621,
      -1.514741905964758
    ]
  },
  {
    "label_id": "vPy9W0Cmj-SFneQRaife3A",
    "size": [
      2.672848842591313,
      6.188632361968968,
      2.259999999999991
    ],
    "obj_class": "vehicle",
    "point_num_in_lidar": 65,
    "speed": 0.0033202126269732514,
    "if_vehicle": true,
    "motion_state": false,
    "pose": [
      [
        -0.995734457470228,
        0.09224450629382257,
        -0.0019599145592412884,
        59.237870748646856
      ],
      [
        -0.0922178071323605,
        -0.9956787375173799,
        -0.010942015513390446,
        11.410821238972858
      ],
      [
        -0.002960786072879347,
        -0.010714602858036635,
        0.9999382136069335,
        -2.001896338401707
      ],
      [
        0.0,
        0.0,
        0.0,
        1.0
      ]
    ],
    "location": [
      59.237870748646856,
      11.410821238972858,
      -2.001896338401707
    ],
    "rotation": [
      -0.010714854846014575,
      0.0029607903987302875,
      -3.049243232508634
    ]
  },
  {
    "label_id": "weeQq-6LKvQs2E_0jsJGRA",
    "size": [
      2.109081333524188,
      4.508483162875747,
      1.8900000000000148
    ],
    "obj_class": "vehicle",
    "point_num_in_lidar": 141,
    "speed": 0.011134332433993744,
    "if_vehicle": true,
    "motion_state": false,
    "pose": [
      [
        0.08872082980835189,
        0.996054603469628,
        -0.0019599145592412884,
        7.402506518169048
      ],
      [
        -0.995998789398811,
        0.0886943279618687,
        -0.010942015513390446,
        33.8715791690629
      ],
      [
        -0.01072501161865405,
        0.002922857224453287,
        0.9999382136069335,
        1.6647085704723281
      ],
      [
        0.0,
        0.0,
        0.0,
        1.0
      ]
    ],
    "location": [
      7.402506518169048,
      33.8715791690629,
      1.6647085704723281
    ],
    "rotation": [
      0.00292302950350215,
      0.010725217238270345,
      -1.4819535668827895
    ]
  },
  {
    "label_id": "zP3W4pR_Dkt0kqTwQldWqw",
    "size": [
      2.071869919683925,
      4.414748533014121,
      1.9000000000000057
    ],
    "obj_class": "vehicle",
    "point_num_in_lidar": 531,
    "speed": 0.0028650328894374156,
    "if_vehicle": true,
    "motion_state": false,
    "pose": [
      [
        -0.9977500935587151,
        0.06701424877215148,
        -0.0019599145592412884,
        29.236510409167295
      ],
      [
        -0.066988968360487,
        -0.9976937157336927,
        -0.010942015513390446,
        9.302766168579183
      ],
      [
        -0.0026886653888130918,
        -0.010786104347807956,
        0.9999382136069335,
        -0.6649147200954246
      ],
      [
        0.0,
        0.0,
        0.0,
        1.0
      ]
    ],
    "location": [
      29.236510409167295,
      9.302766168579183,
      -0.6649147200954246
    ],
    "rotation": [
      -0.010786352489836368,
      0.002688668628182168,
      -3.074553238696514
    ]
  }
]