[
  {
    "label_id": "-G86PjIy35Dnhvmt_7sZlw",
    "size": [
      2.2279015557208255,
      4.6671900838050675,
      1.8700000000000045
    ],
    "obj_class": "vehicle",
    "point_num_in_lidar": 1167,
    "speed": 2.929642751054232e-13,
    "if_vehicle": true,
    "motion_state": false,
    "pose": [
      [
        -0.06839364450371617,
        -0.9973306372304792,
        0.025571652917742126,
        18.61779281734198
      ],
      [
        0.9974187460942072,
        -0.06891654591935638,
        -0.020158239962974344,
        -18.57580561231225
      ],
      [
        0.021866740300257533,
        0.02412695049092235,
        0.9994697273697937,
        0.3009968221566339
      ],
      [
        0.0,
        0.0,
        0.0,
        1.0
      ]
    ],
    "location": [
      18.61779281734198,
      -18.57580561231225,
      0.3009968221566339
    ],
    "rotation": [
      0.02413506381270821,
      -0.021868483288085862,
      1.6392598001940812
    ]
  },
  {
    "label_id": "10t7lCtA-oADlgKbKqqaGQ",
    "size": [
      1.9409380617617649,
      4.35531691411666,
      1.5900000000000034
    ],
    "obj_class": "vehicle",
    "point_num_in_lidar": 58,
    "speed": 1.9945885082418897e-12,
    "if_vehicle": true,
    "motion_state": false,
    "pose": [
      [
        0.99438680663365,
        -0.1026692230417008,
        0.025571652917742126,
        57.06252341989102
      ],
      [
        0.10319484647586652,
        0.9944568713737251,
        -0.020158239962974344,
        1.610238230023242
      ],
      [
        -0.02336027512154588,
        0.022683950661117426,
        0.9994697273697937,
        -2.1608590268416776
      ],
      [
        0.0,
        0.0,
        0.0,
        1.0
      ]
    ],
    "location": [
      57.06252341989102,
      1.610238230023242,
      -2.1608590268416776
    ],
    "rotation": [
      0.022692089965615714,
      0.023362400270027388,
      0.10340720608177455
    ]
  },
  {
    "label_id": "1cey-IEbE8XPL2SyOdH_ig",
    "size": [
      2.144919435591904,
      4.755202036269388,
      1.5
    ],
    "obj_class": "vehicle",
    "point_num_in_lidar": 180,
    "speed": 0.14681545096886736,
    "if_vehicle": true,
    "motion_state": false,
    "pose": [
      [
        -0.9996640489482228,
        -0.004228452139934722,
        0.025571652917742126,
        41.86429251399113
      ],
      [
        0.0037133317502756904,
        -0.9997899061947503,
        -0.020158239962974344,
        9.540507663436074
      ],
      [
        0.025651518624782866,
        -0.020056511750370324,
        0.9994697273697937,
        -1.4346977610094314
      ],
      [
        0.0,
        0.0,
        0.0,
        1.0
      ]
    ],
    "location": [
      41.86429251399113,
      9.540507663436074,
      -1.4346977610094314
    ],
    "rotation": [
      -0.020064459844820023,
      -0.025654332576359882,
      3.1378780910071464
    ]
  },
  {
    "label_id": "1rM1fuuyGWlOowHu6wTmpA",
    "size": [
      0.49846176672575454,
      0.12735449629766027,
      0.20000000000001705
    ],
    "obj_class": "sign",
    "point_num_in_lidar": 31,
    "speed": 0.0072718412327980216,
    "if_vehicle": false,
    "motion_state": false,
    "pose": [
      [
        0.9982325609697476,
        -0.053645547688824916,
        0.025571652917742126,
        23.045319928486606
      ],
      [
        0.054167089731233846,
        0.9983283887337091,
        -0.020158239962974344,
        10.784132970300561
      ],
      [
        -0.024447507231370628,
        0.021507753521053892,
        0.9994697273697937,
        1.3688181388495764
      ],
      [
        0.0,
        0.0,
        0.0,
        1.0
      ]
    ],
    "location": [
      23.045319928486606,
      10.784132970300561,
      1.3688181388495764
    ],
    "rotation": [
      0.021515843809260464,
      0.024449943186764807,
      0.05420983152426028
    ]
  },
  {
    "label_id": "6GQJCYvdj35m3AkilVFa3A",
    "size": [
      1.92273455160988,
      3.8913786098047867,
      1.7199999999999989
    ],
    "obj_class": "vehicle",
    "point_num_in_lidar": 61,
    "speed": 0.014749643405451712,
    "if_vehicle": true,
    "motion_state": false,
    "pose": [
      [
        0.9981931598459609,
        -0.05437376392885225,
        0.025571652917742126,
        44.32795130657814
      ],
      [
        0.0548953757407395,
        0.9982886071091257,
        -0.020158239962974344,
        0.21030092223736574
      ],
      [
        -0.02443181039176287,
        0.021525582740805717,
        0.9994697273697937,
        -1.3948496438205211
      ],
      [
        0.0,
        0.0,
        0.0,
        1.0
      ]
    ],
    "location": [
      44.32795130657814,
      0.21030092223736574,
      -1.3948496438205211
    ],
    "rotation": [
      0.021533674224719367,
      0.02443424165721882,
      0.05493940041083385
    ]
  },
  {
    "label_id": "6WHRUM96pXQy5acTD-HlJg",
    "size": [
      2.2127793109409692,
      4.633051613865279,
      1.5500000000000114
    ],
    "obj_class": "vehicle",
    "point_num_in_lidar": 20,
    "speed": 3.552713678800501e-13,
    "if_vehicle": true,
    "motion_state": false,
    "pose": [
      [
        -0.08873466180926273,
        -0.9957269958982986,
        0.025571652917742126,
        21.967519011579952
      ],
      [
        0.9958044141244798,
        -0.08925925258367734,
        -0.020158239962974344,
        -58.587874286031365
      ],
      [
        0.022354610347696344,
        0.023675630246162246,
        0.9994697273697937,
        0.9530172204577525
      ],
      [
        0.0,
        0.0,
        0.0,
        1.0
      ]
    ],
    "location": [
      21.967519011579952,
      -58.587874286031365,
      0.9530172204577525
    ],
    "rotation": [
      0.023683762215317566,
      -0.022356472639551223,
      1.6596701180377027
    ]
  },
  {
    "label_id": "6kV2629tjfAKv8UQAUpQIw",
    "size": [
      2.01855516802371,
      4.332165675849257,
      1.5699999999999932
    ],
    "obj_class": "vehicle",
    "point_num_in_lidar": 419,
    "speed": 0.0031409863749841524,
    "if_vehicle": true,
    "motion_state": false,
    "pose": [
      [
        0.99920763695606,
        -0.03049899696287117,
        0.025571652917742126,
        29.431765669932247
      ],
      [
        0.031018178327781875,
        0.9993155247342158,
        -0.020158239962974344,
        -0.7782112424556544
      ],
      [
        -0.02493934365440713,
        0.020935453408935475,
        0.9994697273697937,
        -0.570676214052213
      ],
      [
        0.0,
        0.0,
        0.0,
        1.0
      ]
    ],
    "location": [
      29.431765669932247,
      -0.7782112424556544,
      -0.570676214052213
    ],
    "rotation": [
      0.020943498109819124,
      0.024941929635766184,
      0.031032809740014468
    ]
  },
  {
    "label_id": "9ojEvP_IkP8ziMOD-24fCQ",
    "size": [
      2.0470616308685883,
      4.486385603924427,
      1.4699999999999989
    ],
    "obj_class": "vehicle",
    "point_num_in_lidar": 1838,
    "speed": 0.008825975984381298,
    "if_vehicle": true,
    "motion_state": false,
    "pose": [
      [
        0.08840559975433793,
        0.9957562656087736,
        0.025571652917742126,
        10.88924131259455
      ],
      [
        -0.9958338571918767,
        0.08893016491575977,
        -0.020158239962974344,
        -9.812351842807402
      ],
      [
        -0.02234678505792025,
        -0.023683016465928436,
        0.9994697273697937,
        0.00841187960278944
      ],
      [
        0.0,
        0.0,
        0.0,
        1.0
      ]
    ],
    "location": [
      10.88924131259455,
      -9.812351842807402,
      0.00841187960278944
    ],
    "rotation": [
      -0.02369114820807367,
      0.02234864539446631,
      -1.48225299470764
    ]
  },
  {
    "label_id": "BjdebUXZ4pcJEcJJEXi93w",
    "size": [
      0.5575671146660429,
      0.12011896040538889,
      0.5600000000000023
    ],
    "obj_class": "sign",
    "point_num_in_lidar": 26,
    "speed": 0.008064673299117172,
    "if_vehicle": false,
    "motion_state": false,
    "pose": [
      [
        -0.06452715787294909,
        -0.997588259987002,
        0.025571652917742126,
        11.23564744741816
      ],
      [
        0.9976783951220378,
        -0.0650497138218943,
        -0.020158239962974344,
        -39.181524282375904
      ],
      [
        0.021773052233315954,
        0.024211531711059102,
        0.9994697273697937,
        1.3181150653174996
      ],
      [
        0.0,
        0.0,
        0.0,
        1.0
      ]
    ],
    "location": [
      11.23564744741816,
      -39.181524282375904,
      1.3181150653174996
    ],
    "rotation": [
      0.024219640449628165,
      -0.02177477291032973,
      1.63538368044271
    ]
  },
  {
    "label_id": "C7N3XXk6WR3gQXpwt59PzA",
    "size": [
      2.3073788309826977,
      5.053288138911819,
      2.0999999999999943
    ],
    "obj_class": "vehicle",
    "point_num_in_lidar": 1946,
    "speed": 0.9706666532568103,
    "if_vehicle": true,
    "motion_state": false,
    "pose": [
      [
        0.0641919533798129,
        0.9976098855205567,
        0.025571652917742126,
        11.38589087744549
      ],
      [
        -0.9977001962351675,
        0.064714479012842,
        -0.020158239962974344,
        15.359814423565695
      ],
      [
        -0.02176491565782765,
        -0.02421884633416658,
        0.9994697273697937,
        0.3783973759458945
      ],
      [
        0.0,
        0.0,
        0.0,
        1.0
      ]
    ],
    "location": [
      11.38589087744549,
      15.359814423565695,
      0.3783973759458945
    ],
    "rotation": [
      -0.024226954660112814,
      0.021766634406240482,
      -1.5065449654209553
    ]
  },
  {
    "label_id": "CZqAJKroo0JigZQamJxBgw",
    "size": [
      2.0658167117408492,
      4.364933663449352,
      1.700000000000017
    ],
    "obj_class": "vehicle",
    "point_num_in_lidar": 188,
    "speed": 0.02803998570443924,
    "if_vehicle": true,
    "motion_state": false,
    "pose": [
      [
        -0.12757518509578347,
        -0.9914991995532982,
        0.025571652917742126,
        13.456764151887
      ],
      [
        0.991556060131281,
        -0.12810240036208123,
        -0.020158239962974344,
        49.56103802653888
      ],
      [
        0.023262668907681156,
        0.022784036223679284,
        0.9994697273697937,
        2.7522126722152507
      ],
      [
        0.0,
        0.0,
        0.0,
        1.0
      ]
    ],
    "location": [
      13.456764151887,
      49.56103802653888,
      2.7522126722152507
    ],
    "rotation": [
      0.022792176845634216,
      -0.02326476752449479,
      1.6987549453642405
    ]
  },
  {
    "label_id": "DPwqAEy2rL-_heOa_o1Aeg",
    "size": [
      2.681465771764841,
      5.676341620651238,
      1.5500000000000114
    ],
    "obj_class": "vehicle",
    "point_num_in_lidar": 24,
    "speed": 0.09417558349323771,
    "if_vehicle": true,
    "motion_state": false,
    "pose": [
      [
        -0.11779025122015652,
        -0.992709195728813,
        0.025571652917742126,
        23.355811487825576
      ],
      [
        0.9927712532381526,
        -0.11831688005328334,
        -0.020158239962974344,
        -74.62977810672965
      ],
      [
        0.023036828371985365,
        0.023012357765122962,
        0.9994697273697937,
        1.4150241349665293
      ],
      [
        0.0,
        0.0,
        0.0,
        1.0
      ]
    ],
    "location": [
      23.355811487825576,
      -74.62977810672965,
      1.4150241349665293
    ],
    "rotation": [
      0.023020499679997777,
      -0.02303886644878587,
      1.6888921608839846
    ]
  },
  {
    "label_id": "Fz60h1BcAUsffihcCYYlSQ",
    "size": [
      1.965945203017464,
      3.735738890448964,
      1.8600000000000136
    ],
    "obj_class": "vehicle",
    "point_num_in_lidar": 143,
    "speed": 0.021002584636991225,
    "if_vehicle": true,
    "motion_state": false,
    "pose": [
      [
        -0.9982135127258224,
        0.05399882941906279,
        0.025571652917742126,
        35.58727564003857
      ],
      [
        -0.05452040534327139,
        -0.9983091559045227,
        -0.020158239962974344,
        9.78033412644072
      ],
      [
        0.024439893878245376,
        -0.02151640440618342,
        0.9994697273697937,
        -0.9913457924393754
      ],
      [
        0.0,
        0.0,
        0.0,
        1.0
      ]
    ],
    "location": [
      35.58727564003857,
      9.78033412644072,
      -0.9913457924393754
    ],
    "rotation": [
      -0.02152449527626654,
      -0.024442327558151494,
      -3.087028887648103
    ]
  },
  {
    "label_id": "NXG3IQg-7AGdDP54x0y-Ww",
    "size": [
      2.150111749780425,
      4.509298866515579,
      1.740000000000009
    ],
    "obj_class": "vehicle",
    "point_num_in_lidar": 219,
    "speed": 0.022332086537659775,
    "if_vehicle": true,
    "motion_state": false,
    "pose": [
      [
        0.06639090437128889,
        0.9974659585087687,
        0.025571652917742126,
        7.628842496051675
      ],
      [
        -0.9975551171611673,
        0.06691362781351091,
        -0.020158239962974344,
        28.606549454951164
      ],
      [
        -0.02181825021243205,
        -0.024170809440687627,
        0.9994697273697937,
        0.9900852868935317
      ],
      [
        0.0,
        0.0,
        0.0,
        1.0
      ]
    ],
    "location": [
      7.628842496051675,
      28.606549454951164,
      0.9900852868935317
    ],
    "rotation": [
      -0.02417892042906749,
      0.021819981628935486,
      -1.504340710148883
    ]
  },
  {
    "label_id": "Nx6yXW6ayqyL8X2hVv-MUA",
    "size": [
      2.142354551915886,
      4.746408458305702,
      1.7700000000000102
    ],
    "obj_class": "vehicle",
    "point_num_in_lidar": 2475,
    "speed": 1.2813242277861256,
    "if_vehicle": true,
    "motion_state": true,
    "pose": [
      [
        -0.7621355748089024,
        -0.6469122476640541,
        0.025571652917742126,
        16.25909641941871
      ],
      [
        0.6465991598178618,
        -0.762563552685565,
        -0.020158239962974344,
        9.576401271548093
      ],
      [
        0.03254062282039472,
        0.0011712974904487955,
        0.9994697273697937,
        -0.06228651884984515
      ],
      [
        0.0,
        0.0,
        0.0,
        1.0
      ]
    ],
    "location": [
      16.25909641941871,
      9.576401271548093,
      -0.06228651884984515
    ],
    "rotation": [
      0.0011719183904789065,
      -0.0325463683935108,
      2.438025658671643
    ]
  },
  {
    "label_id": "PrfRfD9vW0Ofvgezf3nw9A",
    "size": [
      2.1741073013764214,
      4.258232932226047,
      1.7700000000000102
    ],
    "obj_class": "vehicle",
    "point_num_in_lidar": 23,
    "speed": 5.123796534383003e-13,
    "if_vehicle": true,
    "motion_state": false,
    "pose": [
      [
        -0.09969586042565769,
        -0.9946893112831977,
        0.025571652917742126,
        10.397652769008346
      ],
      [
        0.9947609471588824,
        -0.10022127203921495,
        -0.020158239962974344,
        72.93742542706968
      ],
      [
        0.0226140094090138,
        0.02342798859909575,
        0.9994697273697937,
        5.249400784929719
      ],
      [
        0.0,
        0.0,
        0.0,
        1.0
      ]
    ],
    "location": [
      10.397652769008346,
      72.93742542706968,
      5.249400784929719
    ],
    "rotation": [
      0.023436126688436955,
      -0.022615937295313304,
      1.6706837102781034
    ]
  },
  {
    "label_id": "WWv9wtVzT42U162-yTuOoA",
    "size": [
      2.026152920936902,
      4.6105153086884325,
      1.5699999999999932
    ],
    "obj_class": "vehicle",
    "point_num_in_lidar": 3626,
    "speed": 0.005529425302921412,
    "if_vehicle": true,
    "motion_state": false,
    "pose": [
      [
        -0.997689090628393,
        0.06294893969039432,
        0.025571652917742126,
        0.3897686664495268
      ],
      [
        -0.0634713523959514,
        -0.9977800523094378,
        -0.020158239962974344,
        6.989349096576916
      ],
      [
        0.024245945354209753,
        -0.021734723491017773,
        0.9994697273697937,
        0.053849021530425034
      ],
      [
        0.0,
        0.0,
        0.0,
        1.0
      ]
    ],
    "location": [
      0.3897686664495268,
      6.989349096576916,
      0.053849021530425034
    ],
    "rotation": [
      -0.02174282797535118,
      -0.024248321543470612,
      -3.078059904562573
    ]
  },
  {
    "label_id": "X4H9yiCRjWTn4rPCsOkVdA",
    "size": [
      1.9697740761117524,
      4.4188602944795115,
      1.6500000000000057
    ],
    "obj_class": "vehicle",
    "point_num_in_lidar": 1173,
    "speed": 0.004670100861240471,
    "if_vehicle": true,
    "motion_state": false,
    "pose": [
      [
        -0.10367368000553322,
        -0.994282584902886,
        0.025571652917742126,
        15.975023519437855
      ],
      [
        0.9943521186330979,
        -0.10419937394948614,
        -0.020158239962974344,
        16.290519082000174
      ],
      [
        0.02270753716236107,
        0.023337348336310966,
        0.9994697273697937,
        0.07836472354873081
      ],
      [
        0.0,
        0.0,
        0.0,
        1.0
      ]
    ],
    "location": [
      15.975023519437855,
      16.290519082000174,
      0.07836472354873081
    ],
    "rotation": [
      0.023345487945420792,
      -0.0227094890716957,
      1.6746835129722761
    ]
  },
  {
    "label_id": "XrzRs3LbaboaBImF0mOdjQ",
    "size": [
      1.8680092805957793,
      4.653371289880262,
      1.8600000000000136
    ],
    "obj_class": "vehicle",
    "point_num_in_lidar": 288,
    "speed": 0.003322179609376497,
    "if_vehicle": true,
    "motion_state": false,
    "pose": [
      [
        -0.08256943812019665,
        -0.9962571848953309,
        0.025571652917742126,
        14.994327031436569
      ],
      [
        0.9963378488413133,
        -0.08309353962769735,
        -0.020158239962974344,
        31.57244103197445
      ],
      [
        0.022207630553023504,
        0.023813551112144993,
        0.9994697273697937,
        1.3823234335030747
      ],
      [
        0.0,
        0.0,
        0.0,
        1.0
      ]
    ],
    "location": [
      14.994327031436569,
      31.57244103197445,
      1.3823234335030747
    ],
    "rotation": [
      0.02382167841508939,
      -0.02220945634721918,
      1.6534803144677896
    ]
  },
  {
    "label_id": "ZF1-vGaHNjltsRoVWjqYiQ",
    "size": [
      2.0916384992245676,
      4.67170689046401,
      1.5999999999999943
    ],
    "obj_class": "vehicle",
    "point_num_in_lidar": 42,
    "speed": 0.007807661928651021,
    "if_vehicle": true,
    "motion_state": false,
    "pose": [
      [
        -0.9961445784196838,
        0.08391703910484964,
        0.025571652917742126,
        50.53767927533909
      ],
      [
        -0.0844412492501352,
        -0.9962245333190063,
        -0.020158239962974344,
        10.670970628689247
      ],
      [
        0.023783488182915393,
        -0.02223982376736491,
        0.9994697273697937,
        -1.8485209834984175
      ],
      [
        0.0,
        0.0,
        0.0,
        1.0
      ]
    ],
    "location": [
      50.53767927533909,
      10.670970628689247,
      -1.8485209834984175
    ],
    "rotation": [
      -0.022247951767588363,
      -0.023785730959282058,
      -3.057026753985282
    ]
  },
  {
    "label_id": "aRFz7j2dwLW0x6klYx_7gQ",
    "size": [
      2.14736875699578,
      4.4856824184495885,
      1.920000000000016
    ],
    "obj_class": "vehicle",
    "point_num_in_lidar": 126,
    "speed": 0.014869308130228947,
    "if_vehicle": true,
    "motion_state": false,
    "pose": [
      [
        0.9972090772824801,
        -0.07014375775847119,
        0.025571652917742126,
        34.65561669123372
      ],
      [
        0.07066681299143812,
        0.9972962683692486,
        -0.020158239962974344,
        -0.5684251125148876
      ],
      [
        -0.02408853933009782,
        0.021909047087736506,
        0.9994697273697937,
        -0.7827905297649238
      ],
      [
        0.0,
        0.0,
        0.0,
        1.0
      ]
    ],
    "location": [
      34.65561669123372,
      -0.5684251125148876,
      -0.7827905297649238
    ],
    "rotation": [
      0.021917160955154967,
      0.02409086953211539,
      0.07074632435927194
    ]
  },
  {
    "label_id": "asdOT76Zl6kcy5908IDPgQ",
    "size": [
      1.8829911936268882,
      3.830012521744248,
      1.460000000000008
    ],
    "obj_class": "vehicle",
    "point_num_in_lidar": 222,
    "speed": 4.549693413077341e-13,
    "if_vehicle": true,
    "motion_state": false,
    "pose": [
      [
        -0.0870385366970268,
        -0.9958766910098333,
        0.025571652917742126,
        14.430674850680589
      ],
      [
        0.9959550026458002,
        -0.08756299484599404,
        -0.020158239962974344,
        36.65093942277599
      ],
      [
        0.022314251823548875,
        0.023713671940582524,
        0.9994697273697937,
        1.583306622629351
      ],
      [
        0.0,
        0.0,
        0.0,
        1.0
      ]
    ],
    "location": [
      14.430674850680589,
      36.65093942277599,
      1.583306622629351
    ],
    "rotation": [
      0.0237218027129133,
      -0.022316104045676598,
      1.6579668963060719
    ]
  },
  {
    "label_id": "cPrxNWhkfFseBGIlnuWdzg",
    "size": [
      0.8215701562706429,
      1.2015272597505833,
      1.740000000000009
    ],
    "obj_class": "pedestrian",
    "point_num_in_lidar": 33,
    "speed": 1.3132303737802313,
    "if_vehicle": false,
    "motion_state": true,
    "pose": [
      [
        -0.9990052568995886,
        0.036532003148490096,
        0.025571652917742126,
        45.55114190655968
      ],
      [
        -0.03705182651203195,
        -0.9991100077137239,
        -0.020158239962974344,
        -2.591300857531678
      ],
      [
        0.024812473458102606,
        -0.021085664140388816,
        0.9994697273697937,
        -0.8565119689332334
      ],
      [
        0.0,
        0.0,
        0.0,
        1.0
      ]
    ],
    "location": [
      45.55114190655968,
      -2.591300857531678,
      -0.8565119689332334
    ],
    "rotation": [
      -0.02109372215006524,
      -0.024815020166823167,
      -3.1045209253899286
    ]
  },
  {
    "label_id": "efhaSh_nWNCRYbumf1d3vQ",
    "size": [
      0.8122852603967403,
      0.13981528753100092,
      0.7599999999999909
    ],
    "obj_class": "sign",
    "point_num_in_lidar": 112,
    "speed": 0.003369725861024565,
    "if_vehicle": false,
    "motion_state": false,
    "pose": [
      [
        0.9982325609698837,
        -0.05364554768629143,
        0.025571652917742126,
        23.053723802623153
      ],
      [
        0.054167089728700116,
        0.9983283887338466,
        -0.020158239962974344,
        10.784229401644552
      ],
      [
        -0.024447507231425216,
        0.021507753520991844,
        0.9994697273697937,
        1.859033976722344
      ],
      [
        0.0,
        0.0,
        0.0,
        1.0
      ]
    ],
    "location": [
      23.053723802623153,
      10.784229401644552,
      1.859033976722344
    ],
    "rotation": [
      0.021515843809198413,
      0.024449943186819412,
      0.054209831521722145
    ]
  },
  {
    "label_id": "euwNstBtr-W2yVtLjt81Sw",
    "size": [
      1.9549103620930246,
      4.0711504181074325,
      1.5699999999999932
    ],
    "obj_class": "vehicle",
    "point_num_in_lidar": 28,
    "speed": 2.0009065111038244e-12,
    "if_vehicle": true,
    "motion_state": false,
    "pose": [
      [
        0.05989859539719447,
        0.9978768705789797,
        0.025571652917742126,
        5.885423007244299
      ],
      [
        -0.9979694289106011,
        0.060420727581218206,
        -0.020158239962974344,
        54.28629138298675
      ],
      [
        -0.021660499285377326,
        -0.024312277599157456,
        0.9994697273697937,
        3.176567631989741
      ],
      [
        0.0,
        0.0,
        0.0,
        1.0
      ]
    ],
    "location": [
      5.885423007244299,
      54.28629138298675,
      3.176567631989741
    ],
    "rotation": [
      -0.02432038042625061,
      0.02166219341192219,
      -1.5108477738998833
    ]
  },
  {
    "label_id": "exueily1Lt7uON4yqBxITg",
    "size": [
      0.7588241951168543,
      0.07151227768081742,
      0.75
    ],
    "obj_class": "sign",
    "point_num_in_lidar": 131,
    "speed": 0.06388970379282273,
    "if_vehicle": false,
    "motion_state": false,
    "pose": [
      [
        -0.018858484109715728,
        -0.9994950966083517,
        0.025571652917742126,
        7.410183712123398
      ],
      [
        0.9996090243225998,
        -0.0193763736136373,
        -0.020158239962974344,
        13.194321335904533
      ],
      [
        0.020643547900099805,
        0.025181501175398777,
        0.9994697273697937,
        1.8694764912428639
      ],
      [
        0.0,
        0.0,
        0.0,
        1.0
      ]
    ],
    "location": [
      7.410183712123398,
      13.194321335904533,
      1.8694764912428639
    ],
    "rotation": [
      0.0251895322768989,
      -0.020645014410223865,
      1.5896599492250088
    ]
  },
  {
    "label_id": "fZoqQ9qukc5jFPQ00JLwfg",
    "size": [
      2.163052042249946,
      4.678952886478576,
      1.8700000000000045
    ],
    "obj_class": "vehicle",
    "point_num_in_lidar": 1994,
    "speed": 0.0019929428970876517,
    "if_vehicle": true,
    "motion_state": false,
    "pose": [
      [
        -0.09800125590170294,
        -0.9948577005827232,
        0.025571652917742126,
        17.984817943578946
      ],
      [
        0.9949302313966505,
        -0.09852654472071304,
        -0.020158239962974344,
        -10.529783316515022
      ],
      [
        0.022574066862141886,
        0.02346647772150462,
        0.9994697273697937,
        0.08682934747389481
      ],
      [
        0.0,
        0.0,
        0.0,
        1.0
      ]
    ],
    "location": [
      17.984817943578946,
      -10.529783316515022,
      0.08682934747389481
    ],
    "rotation": [
      0.02347461504908727,
      -0.022575984549387126,
      1.6689802365076531
    ]
  },
  {
    "label_id": "iig7YiZ08rzCckmuNjqSSA",
    "size": [
      2.071593258536421,
      4.577422277222199,
      1.6800000000000068
    ],
    "obj_class": "vehicle",
    "point_num_in_lidar": 334,
    "speed": 0.0016756011795169546,
    "if_vehicle": true,
    "motion_state": false,
    "pose": [
      [
        0.08487105067619827,
        0.9960637506325449,
        0.025571652917742126,
        8.223544518201834
      ],
      [
        -0.9961432034368306,
        0.08539533715727239,
        -0.020158239962974344,
        22.48912350084356
      ],
      [
        -0.022262592026250413,
        -0.023762177249213857,
        0.9994697273697937,
        0.628418858122842
      ],
      [
        0.0,
        0.0,
        0.0,
        1.0
      ]
    ],
    "location": [
      8.223544518201834,
      22.48912350084356,
      0.628418858122842
    ],
    "rotation": [
      -0.023770306395915035,
      0.02226443141197393,
      -1.4858019393391602
    ]
  },
  {
    "label_id": "k_NOVkdWc5tiNnbaUVinuw",
    "size": [
      2.1554485014006692,
      4.4419784152818895,
      1.740000000000009
    ],
    "obj_class": "vehicle",
    "point_num_in_lidar": 678,
    "speed": 0.0048634215986650044,
    "if_vehicle": true,
    "motion_state": false,
    "pose": [
      [
        -0.11257569836631351,
        -0.9933140503911093,
        0.025571652917742126,
        15.569903835641526
      ],
      [
        0.9933788724857139,
        -0.11310199406114393,
        -0.020158239962974344,
        21.40045697680398
      ],
      [
        0.022915667922814072,
        0.023133011801355116,
        0.9994697273697937,
        0.6164626522749472
      ],
      [
        0.0,
        0.0,
        0.0,
        1.0
      ]
    ],
    "location": [
      15.569903835641526,
      21.40045697680398,
      0.6164626522749472
    ],
    "rotation": [
      0.023141153431510745,
      -0.02291767400608861,
      1.6836409347836174
    ]
  },
  {
    "label_id": "mmdNjYPoJf8KPcfkiO2WVw",
    "size": [
      2.0692855396310597,
      4.3057734004472925,
      1.740000000000009
    ],
    "obj_class": "vehicle",
    "point_num_in_lidar": 159,
    "speed": 0.008486720788341026,
    "if_vehicle": true,
    "motion_state": false,
    "pose": [
      [
        -0.08012853478088972,
        -0.9964564759591471,
        0.025571652917742126,
        15.308207998108173
      ],
      [
        0.9965384236199439,
        -0.0806524371031177,
        -0.020158239962974344,
        26.466962984435668
      ],
      [
        0.022149224883615214,
        0.023867884456008365,
        0.9994697273697937,
        0.9586042036529818
      ],
      [
        0.0,
        0.0,
        0.0,
        1.0
      ]
    ],
    "location": [
      15.308207998108173,
      26.466962984435668,
      0.9586042036529818
    ],
    "rotation": [
      0.023876009672143726,
      -0.022151036308133306,
      1.651030581306343
    ]
  },
  {
    "label_id": "neWc6a5SpHMFVBiTZbsQRA",
    "size": [
      2.1576676687066043,
      4.838558424228969,
      1.75
    ],
    "obj_class": "vehicle",
    "point_num_in_lidar": 1019,
    "speed": 0.010599032400748673,
    "if_vehicle": true,
    "motion_state": false,
    "pose": [
      [
        0.08426618193180968,
        0.9961151043678084,
        0.025571652917742126,
        8.729755171783836
      ],
      [
        -0.9961948755269284,
        0.08479042006903226,
        -0.020158239962974344,
        16.280511586141074
      ],
      [
        -0.02224815849734436,
        -0.02377569167926286,
        0.9994697273697937,
        0.16267968776756447
      ],
      [
        0.0,
        0.0,
        0.0,
        1.0
      ]
    ],
    "location": [
      8.729755171783836,
      16.280511586141074,
      0.16267968776756447
    ],
    "rotation": [
      -0.02378382035311914,
      0.022249994307263467,
      -1.4864091614879398
    ]
  },
  {
    "label_id": "tBnMwtSfMUdPA9bwMuVXzA",
    "size": [
      2.1071184373222924,
      4.94391362798015,
      1.5800000000000125
    ],
    "obj_class": "vehicle",
    "point_num_in_lidar": 609,
    "speed": 8.85918559333898,
    "if_vehicle": true,
    "motion_state": true,
    "pose": [
      [
        0.06569762456772922,
        0.9975118609285868,
        0.025571652917742126,
        14.726050019765808
      ],
      [
        -0.9976013828653061,
        0.06622028591620639,
        -0.020158239962974344,
        -19.23250999980337
      ],
      [
        -0.02180144562607442,
        -0.024185967831857495,
        0.9994697273697937,
        0.22985562103099255
      ],
      [
        0.0,
        0.0,
        0.0,
        1.0
      ]
    ],
    "location": [
      14.726050019765808,
      -19.23250999980337,
      0.22985562103099255
    ],
    "rotation": [
      -0.024194077992148996,
      0.021803173044436946,
      -1.5050356972265897
    ]
  },
  {
    "label_id": "v2-w0GThHRtGTQcRFq9OZA",
    "size": [
      1.9872198046921816,
      4.67854752596008,
      1.5300000000000011
    ],
    "obj_class": "vehicle",
    "point_num_in_lidar": 182,
    "speed": 0.007933318478780248,
    "if_vehicle": true,
    "motion_state": false,
    "pose": [
      [
        0.07119740341351254,
        0.9971344043378646,
        0.025571652917742126,
        12.693254695376709
      ],
      [
        -0.9972210426981238,
        0.07172055048353926,
        -0.020158239962974344,
        -35.3523581133195
      ],
      [
        -0.021934487622014626,
        -0.024065376043395047,
        0.9994697273697937,
        0.6148189872822627
      ],
      [
        0.0,
        0.0,
        0.0,
        1.0
      ]
    ],
    "location": [
      12.693254695376709,
      -35.3523581133195,
      0.6148189872822627
    ],
    "rotation": [
      -0.02407349248443503,
      0.02193624686276021,
      -1.4995214578897909
    ]
  },
  {
    "label_id": "vNvpD12q14e1m0Ldy5Yr0A",
    "size": [
      2.395899059571171,
      5.002370273678711,
      1.9099999999999966
    ],
    "obj_class": "vehicle",
    "point_num_in_lidar": 736,
    "speed": 0.008325761866729627,
    "if_vehicle": true,
    "motion_state": false,
    "pose": [
      [
        0.055407471709100965,
        0.9981363146614093,
        0.025571652917742126,
        11.69070129101874
      ],
      [
        -0.9982312216879654,
        0.055929182087238336,
        -0.020158239962974344,
        -19.26897790849398
      ],
      [
        -0.021550872979011614,
        -0.024409505222204572,
        0.9994697273697937,
        0.3806515054828594
      ],
      [
        0.0,
        0.0,
        0.0,
        1.0
      ]
    ],
    "location": [
      11.69070129101874,
      -19.26897790849398,
      0.3806515054828594
    ],
    "rotation": [
      -0.024417601876120142,
      0.021552541509448957,
      -1.5153475747862006
    ]
  },
  {
    "label_id": "vPy9W0Cmj-SFneQRaife3A",
    "size": [
      2.672848842591275,
      6.188632361968968,
      2.259999999999991
    ],
    "obj_class": "vehicle",
    "point_num_in_lidar": 69,
    "speed": 0.003320212653265239,
    "if_vehicle": true,
    "motion_state": false,
    "pose": [
      [
        -0.9954334118257807,
        0.09196963187889971,
        0.025571652917742126,
        59.23935854864294
      ],
      [
        -0.0924944714407796,
        -0.9955091250784626,
        -0.020158239962974344,
        11.409036015358652
      ],
      [
        0.0236028679142303,
        -0.022431422103239975,
        0.9994697273697937,
        -2.001896338401764
      ],
      [
        0.0,
        0.0,
        0.0,
        1.0
      ]
    ],
    "location": [
      59.23935854864294,
      11.409036015358652,
      -2.001896338401764
    ],
    "rotation": [
      -0.022439556067116756,
      -0.023605059971895253,
      -3.0489399007164466
    ]
  },
  {
    "label_id": "weeQq-6LKvQs2E_0jsJGRA",
    "size": [
      2.109081333524188,
      4.508483162875747,
      1.8900000000000148
    ],
    "obj_class": "vehicle",
    "point_num_in_lidar": 141,
    "speed": 0.011134332712360176,
    "if_vehicle": true,
    "motion_state": false,
    "pose": [
      [
        0.08869198771582218,
        0.9957307978977405,
        0.025571652917742126,
        7.398402082686516
      ],
      [
        -0.9958082386063114,
        0.08921657517183121,
        -0.020158239962974344,
        33.878203988580935
      ],
      [
        -0.02235359565735028,
        -0.02367658827910001,
        0.9994697273697937,
        1.6605421464921335
      ],
      [
        0.0,
        0.0,
        0.0,
        1.0
      ]
    ],
    "location": [
      7.398402082686516,
      33.878203988580935,
      1.6605421464921335
    ],
    "rotation": [
      -0.023684720218956772,
      0.022355457695586715,
      -1.4819653913821345
    ]
  },
  {
    "label_id": "zP3W4pR_Dkt0kqTwQldWqw",
    "size": [
      2.071869919683926,
      4.414748533014121,
      1.9000000000000057
    ],
    "obj_class": "vehicle",
    "point_num_in_lidar": 503,
    "speed": 0.002865032912894151,
    "if_vehicle": true,
    "motion_state": false,
    "pose": [
      [
        -0.9974257368030509,
        0.06699246323240769,
        0.025571652917742126,
        29.23745484192159
      ],
      [
        -0.06751524035107812,
        -0.9975145801851377,
        -0.020158239962974344,
        9.304535166473215
      ],
      [
        0.024157646475331977,
        -0.0218328236406381,
        0.9994697273697937,
        -0.6653549406021
      ],
      [
        0.0,
        0.0,
        0.0,
        1.0
      ]
    ],
    "location": [
      29.23745484192159,
      9.304535166473215,
      -0.6653549406021
    ],
    "rotation": [
      -0.021840933568583375,
      -0.02415999679368314,
      -3.0740062608112786
    ]
  }
]