[
  {
    "label_id": "-G86PjIy35Dnhvmt_7sZlw",
    "size": [
      2.227901555720824,
      4.6671900838050675,
      1.8700000000000045
    ],
    "obj_class": "vehicle",
    "point_num_in_lidar": 709,
    "speed": 2.111576829478873e-28,
    "if_vehicle": true,
    "motion_state": false,
    "pose": [
      [
        -0.06830764255912601,
        -0.9960765386249527,
        0.05626362207455012,
        18.61779281734198
      ],
      [
        0.9974447944332528,
        -0.06936688672242791,
        -0.017091433071682663,
        -18.57580561231225
      ],
      [
        0.020927207793220524,
        0.05495238145313615,
        0.9982696468122271,
        0.3009968221565771
      ],
      [
        0.0,
        0.0,
        0.0,
        1.0
      ]
    ],
    "location": [
      18.61779281734198,
      -18.57580561231225,
      0.3009968221565771
    ],
    "rotation": [
      0.054992131627208764,
      -0.020928735599225035,
      1.6391721985753516
    ]
  },
  {
    "label_id": "10t7lCtA-oADlgKbKqqaGQ",
    "size": [
      1.9409380617617655,
      4.35531691411666,
      1.5900000000000034
    ],
    "obj_class": "vehicle",
    "point_num_in_lidar": 258,
    "speed": 1.9945885082418897e-12,
    "if_vehicle": true,
    "motion_state": false,
    "pose": [
      [
        0.9931364097632434,
        -0.10254012109231923,
        0.05626362207455012,
        57.06252341989193
      ],
      [
        0.10364581688884326,
        0.9944674089968965,
        -0.017091433071682663,
        1.610238230023242
      ],
      [
        -0.05419978084844684,
        0.022805613549561586,
        0.9982696468122271,
        -2.1759286631431394
      ],
      [
        0.0,
        0.0,
        0.0,
        1.0
      ]
    ],
    "location": [
      57.06252341989193,
      1.610238230023242,
      -2.1759286631431394
    ],
    "rotation": [
      0.022841170662860656,
      0.05422635234848714,
      0.10398568758805427
    ]
  },
  {
    "label_id": "1cey-IEbE8XPL2SyOdH_ig",
    "size": [
      2.144919435593836,
      4.755202036269388,
      1.5
    ],
    "obj_class": "vehicle",
    "point_num_in_lidar": 809,
    "speed": 0.10696915326971747,
    "if_vehicle": true,
    "motion_state": false,
    "pose": [
      [
        -0.9905157148578377,
        0.12535159931456433,
        0.05626362207455012,
        42.76059748130001
      ],
      [
        -0.12648761094175426,
        -0.9918209350451339,
        -0.017091433071682663,
        9.30501045066012
      ],
      [
        0.053660999784893075,
        -0.024045984186082236,
        0.9982696468122271,
        -1.4176977437270466
      ],
      [
        0.0,
        0.0,
        0.0,
        1.0
      ]
    ],
    "location": [
      42.76059748130001,
      9.30501045066012,
      -1.4176977437270466
    ],
    "rotation": [
      -0.024083007294699626,
      -0.05368678604617749,
      -3.014581324487965
    ]
  },
  {
    "label_id": "1rM1fuuyGWlOowHu6wTmpA",
    "size": [
      0.4984617667257546,
      0.12735449629766027,
      0.20000000000001705
    ],
    "obj_class": "sign",
    "point_num_in_lidar": 43,
    "speed": 0.026757582835665292,
    "if_vehicle": false,
    "motion_state": false,
    "pose": [
      [
        0.9969773282355158,
        -0.053578090815415,
        0.05626362207455012,
        23.033620347669512
      ],
      [
        0.054616996346462374,
        0.9983610903003215,
        -0.017091433071682663,
        10.789087333743737
      ],
      [
        -0.05525568472531289,
        0.02011272132080676,
        0.9982696468122271,
        1.338244325949546
      ],
      [
        0.0,
        0.0,
        0.0,
        1.0
      ]
    ],
    "location": [
      23.033620347669512,
      10.789087333743737,
      1.338244325949546
    ],
    "rotation": [
      0.020144858283497803,
      0.055283841117972826,
      0.054727881342026205
    ]
  },
  {
    "label_id": "6GQJCYvdj35m3AkilVFa3A",
    "size": [
      1.92273455160988,
      3.8913786098047867,
      1.7199999999999989
    ],
    "obj_class": "vehicle",
    "point_num_in_lidar": 742,
    "speed": 0.01640226901208202,
    "if_vehicle": true,
    "motion_state": false,
    "pose": [
      [
        0.9969379766568778,
        -0.05430539135613403,
        0.05626362207455012,
        44.28046573785559
      ],
      [
        0.055345306092688,
        0.9983209804512089,
        -0.017091433071682663,
        0.20560183919042174
      ],
      [
        -0.055240997391406255,
        0.020153026090249056,
        0.9982696468122271,
        -1.3985629668838726
      ],
      [
        0.0,
        0.0,
        0.0,
        1.0
      ]
    ],
    "location": [
      44.28046573785559,
      0.20560183919042174,
      -1.3985629668838726
    ],
    "rotation": [
      0.020185216500047252,
      0.055269131316963184,
      0.05545836870119372
    ]
  },
  {
    "label_id": "6kV2629tjfAKv8UQAUpQIw",
    "size": [
      2.0185551680237097,
      4.332165675849257,
      1.5699999999999932
    ],
    "obj_class": "vehicle",
    "point_num_in_lidar": 4801,
    "speed": 0.020634528786518228,
    "if_vehicle": true,
    "motion_state": false,
    "pose": [
      [
        0.9979511781074499,
        -0.030460645840250343,
        0.05626362207455012,
        29.444339592067536
      ],
      [
        0.031467206331760776,
        0.9993586432513758,
        -0.017091433071682663,
        -0.7850569645743235
      ],
      [
        -0.0557069209311317,
        0.018826874774222423,
        0.9982696468122271,
        -0.6208361808596976
      ],
      [
        0.0,
        0.0,
        0.0,
        1.0
      ]
    ],
    "location": [
      29.444339592067536,
      -0.7850569645743235,
      -0.6208361808596976
    ],
    "rotation": [
      0.01885727287177819,
      0.05573577342711873,
      0.03152136540308926
    ]
  },
  {
    "label_id": "71lx-1feTIuTGeppos4HWA",
    "size": [
      1.1310048944471014,
      1.0891588715526779,
      1.8600000000000136
    ],
    "obj_class": "pedestrian",
    "point_num_in_lidar": 71,
    "speed": 1.5237239901611508,
    "if_vehicle": false,
    "motion_state": true,
    "pose": [
      [
        -0.9945671597017764,
        0.08758178848249941,
        0.05626362207455012,
        69.75416834984162
      ],
      [
        -0.08866732749010157,
        -0.9959146489289729,
        -0.017091433071682663,
        -0.9000330769176799
      ],
      [
        0.05453686714970108,
        -0.02198732304959988,
        0.9982696468122271,
        -2.4328966904921003
      ],
      [
        0.0,
        0.0,
        0.0,
        1.0
      ]
    ],
    "location": [
      69.75416834984162,
      -0.9000330769176799,
      -2.4328966904921003
    ],
    "rotation": [
      -0.022021874209281613,
      -0.05456393795773085,
      -3.0526760524127985
    ]
  },
  {
    "label_id": "8HAPH0iPQHbptKbZvfklWg",
    "size": [
      0.5115532522288464,
      0.08069893870138749,
      0.6500000000000057
    ],
    "obj_class": "sign",
    "point_num_in_lidar": 58,
    "speed": 0.02058853167315795,
    "if_vehicle": false,
    "motion_state": false,
    "pose": [
      [
        -0.9927116180959406,
        0.10657414380792356,
        0.05626362207455012,
        43.74117008061603
      ],
      [
        -0.1076852380016596,
        -0.9940381141747444,
        -0.017091433071682663,
        -1.9186480535627197
      ],
      [
        0.05410667993756132,
        -0.023025625714101928,
        0.9982696468122271,
        0.709998336756172
      ],
      [
        0.0,
        0.0,
        0.0,
        1.0
      ]
    ],
    "location": [
      43.74117008061603,
      -1.9186480535627197,
      0.709998336756172
    ],
    "rotation": [
      -0.023061448110461843,
      -0.05413311462400308,
      -3.033539302028776
    ]
  },
  {
    "label_id": "BjdebUXZ4pcJEcJJEXi93w",
    "size": [
      0.5575671146660439,
      0.12011896040538889,
      0.5600000000000023
    ],
    "obj_class": "sign",
    "point_num_in_lidar": 20,
    "speed": 1.8570966017963665e-27,
    "if_vehicle": false,
    "motion_state": false,
    "pose": [
      [
        -0.06444601786213708,
        -0.9963338374323967,
        0.05626362207455012,
        11.235074922443346
      ],
      [
        0.9977061889304875,
        -0.06549995026989588,
        -0.017091433071682663,
        -39.172673060473244
      ],
      [
        0.02071403754741581,
        0.05503308915439746,
        0.9982696468122271,
        1.415067872037298
      ],
      [
        0.0,
        0.0,
        0.0,
        1.0
      ]
    ],
    "location": [
      11.235074922443346,
      -39.172673060473244,
      1.415067872037298
    ],
    "rotation": [
      0.05507273461790736,
      -0.02071551913351571,
      1.635300897969398
    ]
  },
  {
    "label_id": "Fz60h1BcAUsffihcCYYlSQ",
    "size": [
      1.9659452030174647,
      3.735738890448964,
      1.8600000000000136
    ],
    "obj_class": "vehicle",
    "point_num_in_lidar": 1639,
    "speed": 0.02339052141747861,
    "if_vehicle": true,
    "motion_state": false,
    "pose": [
      [
        -0.9969583039439045,
        0.0539309283096954,
        0.05626362207455012,
        35.6617447842782
      ],
      [
        -0.054970323503749814,
        -0.998341698242365,
        -0.017091433071682663,
        9.767279233723457
      ],
      [
        0.0552485631594741,
        -0.020132275634046244,
        0.9982696468122271,
        -0.9742515893890413
      ],
      [
        0.0,
        0.0,
        0.0,
        1.0
      ]
    ],
    "location": [
      35.6617447842782,
      9.767279233723457,
      -0.9742515893890413
    ],
    "rotation": [
      -0.02016443853540875,
      -0.055276708656833685,
      -3.086510392174943
    ]
  },
  {
    "label_id": "IRaQ2NYeoqHOwYYgL79EVA",
    "size": [
      2.0012145237433874,
      4.213918624647002,
      1.759999999999991
    ],
    "obj_class": "vehicle",
    "point_num_in_lidar": 74,
    "speed": 0.016736377588795766,
    "if_vehicle": true,
    "motion_state": false,
    "pose": [
      [
        0.9955805129147809,
        -0.07519206830107994,
        0.05626362207455012,
        68.46460692125356
      ],
      [
        0.07626074615327759,
        0.9969414132794874,
        -0.017091433071682663,
        1.9711591838367895
      ],
      [
        -0.05480639470433566,
        0.021306603504645687,
        0.9982696468122271,
        -2.55189633840169
      ],
      [
        0.0,
        0.0,
        0.0,
        1.0
      ]
    ],
    "location": [
      68.46460692125356,
      1.9711591838367895,
      -2.55189633840169
    ],
    "rotation": [
      0.0213402952537027,
      0.05483386922564582,
      0.07644998676315658
    ]
  },
  {
    "label_id": "Mn5Hw-uK3W0b3tznbBlMFQ",
    "size": [
      1.9960124555577612,
      4.018482658557317,
      1.5800000000000125
    ],
    "obj_class": "vehicle",
    "point_num_in_lidar": 26,
    "speed": 8.644125458514253e-13,
    "if_vehicle": true,
    "motion_state": false,
    "pose": [
      [
        -0.9943510945393309,
        0.09000169787002342,
        0.05626362207455012,
        65.1676182995684
      ],
      [
        -0.09109051262900895,
        -0.9956959382384466,
        -0.017091433071682663,
        12.136564578428079
      ],
      [
        0.054483201974729244,
        -0.02211996735920897,
        0.9982696468122271,
        -2.749697761009344
      ],
      [
        0.0,
        0.0,
        0.0,
        1.0
      ]
    ],
    "location": [
      65.1676182995684,
      12.136564578428079,
      -2.749697761009344
    ],
    "rotation": [
      -0.02215468362030123,
      -0.05451019287579075,
      -3.0502396322841454
    ]
  },
  {
    "label_id": "NXG3IQg-7AGdDP54x0y-Ww",
    "size": [
      2.1501117497804256,
      4.509298866515579,
      1.740000000000009
    ],
    "obj_class": "vehicle",
    "point_num_in_lidar": 214,
    "speed": 0.011159866139717542,
    "if_vehicle": true,
    "motion_state": false,
    "pose": [
      [
        0.06630742078271624,
        0.9962116897427956,
        0.05626362207455012,
        7.654086378169268
      ],
      [
        -0.9975820697150249,
        0.0673639154046376,
        -0.017091433071682663,
        28.530225060951125
      ],
      [
        -0.02081682329825538,
        -0.05499429171432998,
        0.9982696468122271,
        0.9822594722773488
      ],
      [
        0.0,
        0.0,
        0.0,
        1.0
      ]
    ],
    "location": [
      7.654086378169268,
      28.530225060951125,
      0.9822594722773488
    ],
    "rotation": [
      -0.055033987603168966,
      0.020818327052337268,
      -1.5044258177318146
    ]
  },
  {
    "label_id": "Q30fRt5rtkrIN-f9oBJEaw",
    "size": [
      1.7760986466699682,
      3.88136625984662,
      1.759999999999991
    ],
    "obj_class": "vehicle",
    "point_num_in_lidar": 44,
    "speed": 0.003373042686357559,
    "if_vehicle": true,
    "motion_state": false,
    "pose": [
      [
        0.995845853467275,
        -0.07159218506992698,
        0.05626362207455012,
        83.09184871937941
      ],
      [
        0.07265593577960121,
        0.9972106086035921,
        -0.017091433071682663,
        3.4590196679091605
      ],
      [
        -0.05488306777162645,
        0.0211083188664249,
        0.9982696468122271,
        -3.4930968006362946
      ],
      [
        0.0,
        0.0,
        0.0,
        1.0
      ]
    ],
    "location": [
      83.09184871937941,
      3.4590196679091605,
      -3.4930968006362946
    ],
    "rotation": [
      0.021141756522851447,
      0.054910657867920654,
      0.0728299760544341
    ]
  },
  {
    "label_id": "SKEgr4ahE674MQWsRsqsyA",
    "size": [
      2.051468343593782,
      4.304428112145803,
      1.6604787703749082
    ],
    "obj_class": "vehicle",
    "point_num_in_lidar": 38,
    "speed": 4.756274396595913,
    "if_vehicle": true,
    "motion_state": true,
    "pose": [
      [
        -0.8421367904561052,
        0.5363208284146181,
        0.05626362207455012,
        96.44286358939235
      ],
      [
        -0.537905415318786,
        -0.8428319210176372,
        -0.017091433071682663,
        12.202872743862827
      ],
      [
        0.03825428513270557,
        -0.044657831590632274,
        0.9982696468122271,
        -4.156890204138875
      ],
      [
        0.0,
        0.0,
        0.0,
        1.0
      ]
    ],
    "location": [
      96.44286358939235,
      12.202872743862827,
      -4.156890204138875
    ],
    "rotation": [
      -0.04470543312822932,
      -0.03826362144070872,
      -2.5731747201096407
    ]
  },
  {
    "label_id": "UiiUy1mNUI2uq9pT4fXx0A",
    "size": [
      1.9582969174349236,
      4.010635208510945,
      1.490000000000009
    ],
    "obj_class": "vehicle",
    "point_num_in_lidar": 41,
    "speed": 8.556067554929069e-13,
    "if_vehicle": true,
    "motion_state": false,
    "pose": [
      [
        -0.995632261270267,
        0.07450372573842899,
        0.05626362207455012,
        69.83585265881129
      ],
      [
        -0.07557146243572842,
        -0.9969939001723538,
        -0.017091433071682663,
        12.320187887364227
      ],
      [
        0.05482111256787971,
        -0.02126870635961372,
        0.9982696468122271,
        -3.0018159280565158
      ],
      [
        0.0,
        0.0,
        0.0,
        1.0
      ]
    ],
    "location": [
      69.83585265881129,
      12.320187887364227,
      -3.0018159280565158
    ],
    "rotation": [
      -0.021302349674807767,
      -0.05484860924939928,
      -3.0658349306265937
    ]
  },
  {
    "label_id": "X4H9yiCRjWTn4rPCsOkVdA",
    "size": [
      1.9697740761117517,
      4.4188602944795115,
      1.6500000000000057
    ],
    "obj_class": "vehicle",
    "point_num_in_lidar": 885,
    "speed": 0.02044525184275419,
    "if_vehicle": true,
    "motion_state": false,
    "pose": [
      [
        -0.1035433149965074,
        -0.993032319086638,
        0.05626362207455012,
        15.96450368007163
      ],
      [
        0.9943622006897442,
        -0.10465035477725415,
        -0.017091433071682663,
        16.24189722394476
      ],
      [
        0.022860353430842115,
        0.05417671542654277,
        0.9982696468122271,
        0.0776550629990993
      ],
      [
        0.0,
        0.0,
        0.0,
        1.0
      ]
    ],
    "location": [
      15.96450368007163,
      16.24189722394476,
      0.0776550629990993
    ],
    "rotation": [
      0.0542174356339399,
      -0.022862345019861164,
      1.6745527711351498
    ]
  },
  {
    "label_id": "XrzRs3LbaboaBImF0mOdjQ",
    "size": [
      1.8680092805957804,
      4.653371289880262,
      1.8600000000000136
    ],
    "obj_class": "vehicle",
    "point_num_in_lidar": 262,
    "speed": 0.0033221796353937157,
    "if_vehicle": true,
    "motion_state": false,
    "pose": [
      [
        -0.08246561075007522,
        -0.9950044361080354,
        0.05626362207455012,
        14.991140321996227
      ],
      [
        0.9963574903986004,
        -0.08354420531765819,
        -0.017091433071682663,
        31.58396777129383
      ],
      [
        0.021706551320279176,
        0.05464922582408371,
        0.9982696468122271,
        1.3742647014914837
      ],
      [
        0.0,
        0.0,
        0.0,
        1.0
      ]
    ],
    "location": [
      14.991140321996227,
      31.58396777129383,
      1.3742647014914837
    ],
    "rotation": [
      0.05468936293289956,
      -0.021708256276911253,
      1.653375194850422
    ]
  },
  {
    "label_id": "ZF1-vGaHNjltsRoVWjqYiQ",
    "size": [
      2.0916384992245667,
      4.67170689046401,
      1.5999999999999943
    ],
    "obj_class": "vehicle",
    "point_num_in_lidar": 261,
    "speed": 0.00780766205940211,
    "if_vehicle": true,
    "motion_state": false,
    "pose": [
      [
        -0.9948919712299878,
        0.08381151718684751,
        0.05626362207455012,
        50.56303634585129
      ],
      [
        -0.08489194109766832,
        -0.9962435652250037,
        -0.017091433071682663,
        10.68309336625316
      ],
      [
        0.054619812511386846,
        -0.021780457630925953,
        0.9982696468122271,
        -1.8590201980701124
      ],
      [
        0.0,
        0.0,
        0.0,
        1.0
      ]
    ],
    "location": [
      50.56303634585129,
      10.68309336625316,
      -1.8590201980701124
    ],
    "rotation": [
      -0.021814749757691626,
      -0.05464700713474655,
      -3.0564710414878293
    ]
  },
  {
    "label_id": "aRFz7j2dwLW0x6klYx_7gQ",
    "size": [
      2.1473687569934965,
      4.4856824184495885,
      1.920000000000016
    ],
    "obj_class": "vehicle",
    "point_num_in_lidar": 3353,
    "speed": 0.02283241981877456,
    "if_vehicle": true,
    "motion_state": false,
    "pose": [
      [
        0.9970993897355911,
        -0.05125633443745463,
        0.05626362207455012,
        34.63393335776209
      ],
      [
        0.05229201485437625,
        0.9984855672958052,
        -0.017091433071682663,
        -0.5837703301713191
      ],
      [
        -0.055302370395686425,
        0.01998399564676487,
        0.9982696468122271,
        -0.7646675029767778
      ],
      [
        0.0,
        0.0,
        0.0,
        1.0
      ]
    ],
    "location": [
      34.63393335776209,
      -0.5837703301713191,
      -0.7646675029767778
    ],
    "rotation": [
      0.020015961470781985,
      0.055330598282601194,
      0.05239613347831345
    ]
  },
  {
    "label_id": "cPrxNWhkfFseBGIlnuWdzg",
    "size": [
      0.8215701562717266,
      1.2015272597505833,
      1.740000000000009
    ],
    "obj_class": "pedestrian",
    "point_num_in_lidar": 143,
    "speed": 1.2986080764016512,
    "if_vehicle": false,
    "motion_state": true,
    "pose": [
      [
        -0.9980093374616893,
        0.028491528044882832,
        0.05626362207455012,
        40.85150446908028
      ],
      [
        -0.029495309506125854,
        -0.9994187859114386,
        -0.017091433071682663,
        -2.818732298894247
      ],
      [
        0.05574395982003781,
        -0.01871692274316537,
        0.9982696468122271,
        -0.8146977610094552
      ],
      [
        0.0,
        0.0,
        0.0,
        1.0
      ]
    ],
    "location": [
      40.85150446908028,
      -2.818732298894247,
      -0.8146977610094552
    ],
    "rotation": [
      -0.018747169188621387,
      -0.05577286995920075,
      -3.112047111915844
    ]
  },
  {
    "label_id": "efhaSh_nWNCRYbumf1d3vQ",
    "size": [
      0.8122852603967387,
      0.13981528753100092,
      0.7599999999999909
    ],
    "obj_class": "sign",
    "point_num_in_lidar": 86,
    "speed": 0.022820266283461108,
    "if_vehicle": false,
    "motion_state": false,
    "pose": [
      [
        0.9969773282356513,
        -0.053578090812892686,
        0.05626362207455012,
        23.05945359539055
      ],
      [
        0.05461699634393655,
        0.9983610903004597,
        -0.017091433071682663,
        10.790749097448497
      ],
      [
        -0.05525568472536378,
        0.020112721320666965,
        0.9982696468122271,
        1.825092562595131
      ],
      [
        0.0,
        0.0,
        0.0,
        1.0
      ]
    ],
    "location": [
      23.05945359539055,
      10.790749097448497,
      1.825092562595131
    ],
    "rotation": [
      0.020144858283357825,
      0.0552838411180238,
      0.05472788133949288
    ]
  },
  {
    "label_id": "ewlAcYU9trkSJitwr44Usg",
    "size": [
      2.0136109150611414,
      3.5651796483232303,
      1.8100000000000023
    ],
    "obj_class": "vehicle",
    "point_num_in_lidar": 92,
    "speed": 8.255965913512206,
    "if_vehicle": true,
    "motion_state": true,
    "pose": [
      [
        -0.9948883402253546,
        0.083854608189959,
        0.05626362207455012,
        77.93101299369528
      ],
      [
        -0.08493509064044115,
        -0.996239887423434,
        -0.017091433071682663,
        10.065759302593506
      ],
      [
        0.05461886909795358,
        -0.02178282332142054,
        0.9982696468122271,
        -3.0988942761565568
      ],
      [
        0.0,
        0.0,
        0.0,
        1.0
      ]
    ],
    "location": [
      77.93101299369528,
      10.065759302593506,
      -3.0988942761565568
    ],
    "rotation": [
      -0.021817118421074196,
      -0.05464606231092721,
      -3.056427674736285
    ]
  },
  {
    "label_id": "k_NOVkdWc5tiNnbaUVinuw",
    "size": [
      2.1554485014006715,
      4.4419784152818895,
      1.740000000000009
    ],
    "obj_class": "vehicle",
    "point_num_in_lidar": 653,
    "speed": 0.004863421517485098,
    "if_vehicle": true,
    "motion_state": false,
    "pose": [
      [
        -0.11243413946792268,
        -0.9920650024636288,
        0.05626362207455012,
        15.587395738951273
      ],
      [
        0.9933849145264199,
        -0.11355304710527937,
        -0.017091433071682663,
        21.401190366248557
      ],
      [
        0.023344718320110838,
        0.05396977283578552,
        0.9982696468122271,
        0.622895782667058
      ],
      [
        0.0,
        0.0,
        0.0,
        1.0
      ]
    ],
    "location": [
      15.587395738951273,
      21.401190366248557,
      0.622895782667058
    ],
    "rotation": [
      0.054010740794696865,
      -0.023346839224990385,
      1.6834995573330467
    ]
  },
  {
    "label_id": "mmdNjYPoJf8KPcfkiO2WVw",
    "size": [
      2.0692855396313106,
      4.3057734004472925,
      1.740000000000009
    ],
    "obj_class": "vehicle",
    "point_num_in_lidar": 355,
    "speed": 0.008486720791150468,
    "if_vehicle": true,
    "motion_state": false,
    "pose": [
      [
        -0.0814174412386578,
        -0.9950907521895689,
        0.05626362207455012,
        15.308110108628625
      ],
      [
        0.9964449419058785,
        -0.08249460991935623,
        -0.017091433071682663,
        26.436412772331096
      ],
      [
        0.021648972546988467,
        0.05467206088169122,
        0.9982696468122271,
        0.9586042036530387
      ],
      [
        0.0,
        0.0,
        0.0,
        1.0
      ]
    ],
    "location": [
      15.308110108628625,
      26.436412772331096,
      0.9586042036530387
    ],
    "rotation": [
      0.05471216919505426,
      -0.021650663969979587,
      1.6523231369810238
    ]
  },
  {
    "label_id": "oM5CDXmeayp8rxzRlmmJUA",
    "size": [
      1.7359767994737099,
      4.359237983947935,
      1.8700000000000045
    ],
    "obj_class": "vehicle",
    "point_num_in_lidar": 35,
    "speed": 0.0019121106562846343,
    "if_vehicle": true,
    "motion_state": false,
    "pose": [
      [
        -0.9958408204039432,
        0.07166216050506465,
        0.05626362207455012,
        75.47812825022083
      ],
      [
        -0.0727260071100626,
        -0.9972055007897737,
        -0.017091433071682663,
        12.878916177987776
      ],
      [
        0.054881584407053825,
        -0.02111217531101516,
        0.9982696468122271,
        -3.1114413956947544
      ],
      [
        0.0,
        0.0,
        0.0,
        1.0
      ]
    ],
    "location": [
      75.47812825022083,
      12.878916177987776,
      -3.1114413956947544
    ],
    "rotation": [
      -0.021145617925243738,
      -0.05490917226428985,
      -3.068692319686743
    ]
  },
  {
    "label_id": "syFBCLKJYiGGq4CtJ0UPNQ",
    "size": [
      0.45678393746973445,
      0.07920723510973815,
      0.46999999999999886
    ],
    "obj_class": "sign",
    "point_num_in_lidar": 21,
    "speed": 0.006734378084162761,
    "if_vehicle": false,
    "motion_state": false,
    "pose": [
      [
        -0.9958109407653336,
        0.07207617555831775,
        0.05626362207455012,
        58.664719908276766
      ],
      [
        -0.07314058943782713,
        -0.9971751787385421,
        -0.017091433071682663,
        13.188163815624648
      ],
      [
        0.05487280226804946,
        -0.021134990528579787,
        0.9982696468122271,
        -1.461896380118617
      ],
      [
        0.0,
        0.0,
        0.0,
        1.0
      ]
    ],
    "location": [
      58.664719908276766,
      13.188163815624648,
      -1.461896380118617
    ],
    "rotation": [
      -0.021168462460890478,
      -0.0549003768716091,
      -3.0682760349985507
    ]
  },
  {
    "label_id": "v2-w0GThHRtGTQcRFq9OZA",
    "size": [
      1.987219804692182,
      4.67854752596008,
      1.5300000000000011
    ],
    "obj_class": "vehicle",
    "point_num_in_lidar": 34,
    "speed": 0.027605507085884676,
    "if_vehicle": true,
    "motion_state": false,
    "pose": [
      [
        0.0711078758676791,
        0.9958805524864109,
        0.05626362207455012,
        12.67205323781991
      ],
      [
        -0.9972458247856328,
        0.07217096274249858,
        -0.017091433071682663,
        -35.35193306657129
      ],
      [
        -0.021081625582712225,
        -0.054893326699899915,
        0.9982696468122271,
        0.616483819486831
      ],
      [
        0.0,
        0.0,
        0.0,
        1.0
      ]
    ],
    "location": [
      12.67205323781991,
      -35.35193306657129,
      0.616483819486831
    ],
    "rotation": [
      -0.05493315303866769,
      0.02108318746359224,
      -1.499612543215136
    ]
  },
  {
    "label_id": "vPy9W0Cmj-SFneQRaife3A",
    "size": [
      2.672848842589564,
      6.188632361968968,
      2.259999999999991
    ],
    "obj_class": "vehicle",
    "point_num_in_lidar": 354,
    "speed": 0.0033202126271460962,
    "if_vehicle": true,
    "motion_state": false,
    "pose": [
      [
        -0.9940646837237,
        0.093111811304218,
        0.05626362207455012,
        59.231706686959114
      ],
      [
        -0.09420482770921357,
        -0.9954061147852336,
        -0.017091433071682663,
        11.418217547965469
      ],
      [
        0.05441373916188345,
        -0.022290294834616316,
        0.9982696468122271,
        -2.0018963384017354
      ],
      [
        0.0,
        0.0,
        0.0,
        1.0
      ]
    ],
    "location": [
      59.231706686959114,
      11.418217547965469,
      -2.0018963384017354
    ],
    "rotation": [
      -0.022325221954124494,
      -0.05444062686744527,
      -3.0471075297138768
    ]
  },
  {
    "label_id": "weeQq-6LKvQs2E_0jsJGRA",
    "size": [
      2.109081333524188,
      4.508483162875747,
      1.8900000000000148
    ],
    "obj_class": "vehicle",
    "point_num_in_lidar": 153,
    "speed": 0.023553476953131976,
    "if_vehicle": true,
    "motion_state": false,
    "pose": [
      [
        0.0885804615138154,
        0.9944787110185174,
        0.05626362207455012,
        7.393960882959163
      ],
      [
        -0.9958251094977001,
        0.08966735308600211,
        -0.017091433071682663,
        33.880006773724745
      ],
      [
        -0.022042076397042303,
        -0.05451476058370395,
        0.9982696468122271,
        1.640709100921157
      ],
      [
        0.0,
        0.0,
        0.0,
        1.0
      ]
    ],
    "location": [
      7.393960882959163,
      33.880006773724745,
      1.640709100921157
    ],
    "rotation": [
      -0.05455506610158952,
      0.022043861656029822,
      -1.4820780018969246
    ]
  },
  {
    "label_id": "zP3W4pR_Dkt0kqTwQldWqw",
    "size": [
      2.0718699196839254,
      4.414748533014121,
      1.9000000000000057
    ],
    "obj_class": "vehicle",
    "point_num_in_lidar": 4277,
    "speed": 0.05730020503088,
    "if_vehicle": true,
    "motion_state": false,
    "pose": [
      [
        -0.9961715186140714,
        0.06690822321050946,
        0.05626362207455012,
        29.305817238476266
      ],
      [
        -0.06796554411537581,
        -0.9975412611660017,
        -0.017091433071682663,
        9.31913531509963
      ],
      [
        0.05498172710306639,
        -0.02084998652650755,
        0.9982696468122271,
        -0.6484324785820377
      ],
      [
        0.0,
        0.0,
        0.0,
        1.0
      ]
    ],
    "location": [
      29.305817238476266,
      9.31913531509963,
      -0.6484324785820377
    ],
    "rotation": [
      -0.020883090643658665,
      -0.055009466392772016,
      -3.073471472602132
    ]
  },
  {
    "label_id": "zbFoPzNLA8L8c6Arpaxyfg",
    "size": [
      1.8726330479653075,
      4.408855202769708,
      1.6299999999999955
    ],
    "obj_class": "vehicle",
    "point_num_in_lidar": 31,
    "speed": 1.7419169285135556e-12,
    "if_vehicle": true,
    "motion_state": false,
    "pose": [
      [
        -0.9935920937394657,
        0.09802630304911576,
        0.05626362207455012,
        82.70666968861588
      ],
      [
        -0.09912593944039275,
        -0.9949281034555291,
        -0.017091433071682663,
        13.151887658652413
      ],
      [
        0.05430284880634234,
        -0.022559097165160125,
        0.9982696468122271,
        -3.746896338401541
      ],
      [
        0.0,
        0.0,
        0.0,
        1.0
      ]
    ],
    "location": [
      82.70666968861588,
      13.151887658652413,
      -3.746896338401541
    ],
    "rotation": [
      -0.022594354404828532,
      -0.0543295723171331,
      -3.042156456344945
    ]
  }
]