[
  {
    "label_id": "-G86PjIy35Dnhvmt_7sZlw",
    "size": [
      2.2279015557208255,
      4.6671900838050675,
      1.8700000000000045
    ],
    "obj_class": "vehicle",
    "point_num_in_lidar": 882,
    "speed": 2.929642751054232e-13,
    "if_vehicle": true,
    "motion_state": false,
    "pose": [
      [
        -0.06841479776762692,
        -0.997639098613535,
        -0.005970290109205114,
        18.61779281734198
      ],
      [
        0.997656768804115,
        -0.06840982736517938,
        -0.0010330436578042468,
        -18.575805612310432
      ],
      [
        0.0006221782279094978,
        -0.00602697581210655,
        0.9999816440599362,
        0.30099682215666235
      ],
      [
        0.0,
        0.0,
        0.0,
        1.0
      ]
    ],
    "location": [
      18.61779281734198,
      -18.575805612310432,
      0.30099682215666235
    ],
    "rotation": [
      -0.006027013467013979,
      -0.0006221782680509661,
      1.6392646207690018
    ]
  },
  {
    "label_id": "-MaahtNQaZZ-XA0PJBa06A",
    "size": [
      1.9090471560674809,
      4.101369306850817,
      1.4399999999999977
    ],
    "obj_class": "vehicle",
    "point_num_in_lidar": 91,
    "speed": 0.01141650731598313,
    "if_vehicle": true,
    "motion_state": false,
    "pose": [
      [
        0.15932078621298212,
        0.9872088141403971,
        -0.005970290109205114,
        14.176888788912038
      ],
      [
        -0.9872268646904325,
        0.15931745181962767,
        -0.0010330436578042468,
        -53.68164675339358
      ],
      [
        -6.865839755370294e-05,
        0.006058616113556575,
        0.9999816440599362,
        1.149979654024122
      ],
      [
        0.0,
        0.0,
        0.0,
        1.0
      ]
    ],
    "location": [
      14.176888788912038,
      -53.68164675339358,
      1.149979654024122
    ],
    "rotation": [
      0.00605865319388034,
      6.865839760764527e-05,
      -1.4107937134404636
    ]
  },
  {
    "label_id": "10t7lCtA-oADlgKbKqqaGQ",
    "size": [
      1.940938061761765,
      4.35531691411666,
      1.5900000000000034
    ],
    "obj_class": "vehicle",
    "point_num_in_lidar": 65,
    "speed": 1.9945885082418897e-12,
    "if_vehicle": true,
    "motion_state": false,
    "pose": [
      [
        0.9946943575282245,
        -0.10270097729585889,
        -0.005970290109205114,
        57.06252341989193
      ],
      [
        0.10269661783109202,
        0.9947121882770189,
        -0.0010330436578042468,
        1.610238230023242
      ],
      [
        0.006044814932421848,
        0.00041443409581241576,
        0.9999816440599362,
        -2.163122784527303
      ],
      [
        0.0,
        0.0,
        0.0,
        1.0
      ]
    ],
    "location": [
      57.06252341989193,
      1.610238230023242,
      -2.163122784527303
    ],
    "rotation": [
      0.0004144416795510486,
      -0.006044851745736089,
      0.10287988286692444
    ]
  },
  {
    "label_id": "1cey-IEbE8XPL2SyOdH_ig",
    "size": [
      2.1449194355948222,
      4.755202036269388,
      1.5
    ],
    "obj_class": "vehicle",
    "point_num_in_lidar": 203,
    "speed": 0.30572852493670144,
    "if_vehicle": true,
    "motion_state": false,
    "pose": [
      [
        -0.9999532758117743,
        0.007602751430462728,
        -0.005970290109205114,
        42.18674502692966
      ],
      [
        -0.007596715372743174,
        -0.9999706109363147,
        -0.0010330436578042468,
        9.454414692861974
      ],
      [
        -0.005977968622115979,
        -0.000987640795025599,
        0.9999816440599362,
        -1.4346977610093745
      ],
      [
        0.0,
        0.0,
        0.0,
        1.0
      ]
    ],
    "location": [
      42.18674502692966,
      9.454414692861974,
      -1.4346977610093745
    ],
    "rotation": [
      -0.000987658603289874,
      0.005978004227578123,
      -3.1339957294012257
    ]
  },
  {
    "label_id": "1rM1fuuyGWlOowHu6wTmpA",
    "size": [
      0.4984617667257535,
      0.12735449629766027,
      0.20000000000001705
    ],
    "obj_class": "sign",
    "point_num_in_lidar": 41,
    "speed": 0.021112191782260113,
    "if_vehicle": false,
    "motion_state": false,
    "pose": [
      [
        0.9985413013060752,
        -0.05366213955836736,
        -0.005970290109205114,
        23.031224884812673
      ],
      [
        0.05365690853202235,
        0.9985588961035735,
        -0.0010330436578042468,
        10.79589655196287
      ],
      [
        0.006017121633800921,
        0.0007111894480705839,
        0.9999816440599362,
        1.3555204792723998
      ],
      [
        0.0,
        0.0,
        0.0,
        1.0
      ]
    ],
    "location": [
      23.031224884812673,
      10.79589655196287,
      1.3555204792723998
    ],
    "rotation": [
      0.0007112023829502604,
      -0.0060171579434621985,
      0.05368366166274917
    ]
  },
  {
    "label_id": "6GQJCYvdj35m3AkilVFa3A",
    "size": [
      1.9227345516098804,
      3.8913786098047867,
      1.7199999999999989
    ],
    "obj_class": "vehicle",
    "point_num_in_lidar": 93,
    "speed": 0.01474964328261437,
    "if_vehicle": true,
    "motion_state": false,
    "pose": [
      [
        0.9985018879960332,
        -0.0543905810262126,
        -0.005970290109205114,
        44.310343595194354
      ],
      [
        0.05438536283701442,
        0.9985194866049872,
        -0.0010330436578042468,
        0.20853364721915568
      ],
      [
        0.006017638859499742,
        0.0007067996488685097,
        0.9999816440599362,
        -1.3955512793345406
      ],
      [
        0.0,
        0.0,
        0.0,
        1.0
      ]
    ],
    "location": [
      44.310343595194354,
      0.20853364721915568,
      -1.3955512793345406
    ],
    "rotation": [
      0.0007068125053745783,
      -0.006017675178525352,
      0.05441319464904078
    ]
  },
  {
    "label_id": "6WHRUM96pXQy5acTD-HlJg",
    "size": [
      2.2127793109409692,
      4.633051613865279,
      1.5500000000000114
    ],
    "obj_class": "vehicle",
    "point_num_in_lidar": 53,
    "speed": 3.552713678800501e-13,
    "if_vehicle": true,
    "motion_state": false,
    "pose": [
      [
        -0.08876210628502484,
        -0.9960349612959666,
        -0.005970290109205114,
        21.967519011580407
      ],
      [
        0.9960527292504817,
        -0.08875749756199423,
        -0.0010330436578042468,
        -58.58787428602773
      ],
      [
        0.0004990395899059254,
        -0.006038418888642004,
        0.9999816440599362,
        0.9866167885269874
      ],
      [
        0.0,
        0.0,
        0.0,
        1.0
      ]
    ],
    "location": [
      21.967519011580407,
      -58.58787428602773,
      0.9866167885269874
    ],
    "rotation": [
      -0.006038456337140925,
      -0.0004990396106194402,
      1.6596754145333121
    ]
  },
  {
    "label_id": "6kV2629tjfAKv8UQAUpQIw",
    "size": [
      2.0185551680237106,
      4.332165675849257,
      1.5699999999999932
    ],
    "obj_class": "vehicle",
    "point_num_in_lidar": 630,
    "speed": 0.003140986348520452,
    "if_vehicle": true,
    "motion_state": false,
    "pose": [
      [
        0.9995166788706963,
        -0.030508429905602066,
        -0.005970290109205114,
        29.43503448309184
      ],
      [
        0.030502792557916363,
        0.9995341477243135,
        -0.0010330436578042468,
        -0.7800863850898168
      ],
      [
        0.005999025375994781,
        0.0008504338452652734,
        0.9999816440599362,
        -0.587164648631898
      ],
      [
        0.0,
        0.0,
        0.0,
        1.0
      ]
    ],
    "location": [
      29.43503448309184,
      -0.7800863850898168,
      -0.587164648631898
    ],
    "rotation": [
      0.0008504492510313681,
      -0.005999061359037138,
      0.030508073751537388
    ]
  },
  {
    "label_id": "9ojEvP_IkP8ziMOD-24fCQ",
    "size": [
      2.0470616308685883,
      4.486385603924427,
      1.4699999999999989
    ],
    "obj_class": "vehicle",
    "point_num_in_lidar": 1850,
    "speed": 0.008825975763336356,
    "if_vehicle": true,
    "motion_state": false,
    "pose": [
      [
        0.08843294245549718,
        0.9960642400591815,
        -0.005970290109205114,
        10.895814257818074
      ],
      [
        -0.9960820064896848,
        0.08842832786095463,
        -0.0010330436578042468,
        -9.82065402889748
      ],
      [
        -0.0005010350747569395,
        0.00603825364164717,
        0.9999816440599362,
        0.009809845077796808
      ],
      [
        0.0,
        0.0,
        0.0,
        1.0
      ]
    ],
    "location": [
      10.895814257818074,
      -9.82065402889748,
      0.009809845077796808
    ],
    "rotation": [
      0.0060382910931380375,
      0.0005010350957199276,
      -1.4822477023853138
    ]
  },
  {
    "label_id": "BjdebUXZ4pcJEcJJEXi93w",
    "size": [
      0.5575671146660425,
      0.12011896040538889,
      0.5600000000000023
    ],
    "obj_class": "sign",
    "point_num_in_lidar": 24,
    "speed": 0.0033948996408406096,
    "if_vehicle": false,
    "motion_state": false,
    "pose": [
      [
        -0.06454711528288604,
        -0.9978968010494219,
        -0.005970290109205114,
        11.235074922444255
      ],
      [
        0.9979144518403757,
        -0.06454207642246605,
        -0.0010330436578042468,
        -39.172673060471425
      ],
      [
        0.0006455360409746418,
        -0.006024518769727985,
        0.9999816440599362,
        1.3611783477808501
      ],
      [
        0.0,
        0.0,
        0.0,
        1.0
      ]
    ],
    "location": [
      11.235074922444255,
      -39.172673060471425,
      1.3611783477808501
    ],
    "rotation": [
      -0.0060245564687492386,
      -0.0006455360858089337,
      1.635388360560744
    ]
  },
  {
    "label_id": "C7N3XXk6WR3gQXpwt59PzA",
    "size": [
      2.307378830981945,
      5.053288138911819,
      2.0999999999999943
    ],
    "obj_class": "vehicle",
    "point_num_in_lidar": 1987,
    "speed": 1.412788824620242,
    "if_vehicle": true,
    "motion_state": true,
    "pose": [
      [
        0.07810987282736917,
        0.9969268796671619,
        -0.005970290109205114,
        11.422104900155318
      ],
      [
        -0.9969445973413488,
        0.07810507443628091,
        -0.0010330436578042468,
        14.411712921337312
      ],
      [
        -0.0005635590369490819,
        0.0060327393776687405,
        0.9999816440599362,
        0.3304003640830899
      ],
      [
        0.0,
        0.0,
        0.0,
        1.0
      ]
    ],
    "location": [
      11.422104900155318,
      14.411712921337312,
      0.3304003640830899
    ],
    "rotation": [
      0.006032776928811306,
      0.0005635590667800307,
      -1.4926067959588083
    ]
  },
  {
    "label_id": "CZqAJKroo0JigZQamJxBgw",
    "size": [
      2.0658167117408497,
      4.364933663449352,
      1.700000000000017
    ],
    "obj_class": "vehicle",
    "point_num_in_lidar": 162,
    "speed": 0.0280399864080115,
    "if_vehicle": true,
    "motion_state": false,
    "pose": [
      [
        -0.12761464243979007,
        -0.9918058573485924,
        -0.005970290109205114,
        13.434099181700276
      ],
      [
        0.9918237918202504,
        -0.12761073152404398,
        -0.0010330436578042468,
        49.53617737727291
      ],
      [
        0.0002627056624606377,
        -0.006053307271394136,
        0.9999816440599362,
        2.792206848573045
      ],
      [
        0.0,
        0.0,
        0.0,
        1.0
      ]
    ],
    "location": [
      13.434099181700276,
      49.53617737727291,
      2.792206848573045
    ],
    "rotation": [
      -0.006053344448970963,
      -0.0002627056654823775,
      1.6987599149580364
    ]
  },
  {
    "label_id": "Fz60h1BcAUsffihcCYYlSQ",
    "size": [
      1.9659452030174651,
      3.735738890448964,
      1.8600000000000136
    ],
    "obj_class": "vehicle",
    "point_num_in_lidar": 222,
    "speed": 0.021002584461944352,
    "if_vehicle": true,
    "motion_state": false,
    "pose": [
      [
        -0.9985222471707755,
        0.05401553055405653,
        -0.005970290109205114,
        35.61209541314338
      ],
      [
        -0.05401030575502455,
        -0.9985398438184876,
        -0.0010330436578042468,
        9.77598306965956
      ],
      [
        -0.006017372954458537,
        -0.000709059880371847,
        0.9999816440599362,
        -0.9856484765180653
      ],
      [
        0.0,
        0.0,
        0.0,
        1.0
      ]
    ],
    "location": [
      35.61209541314338,
      9.77598306965956,
      -0.9856484765180653
    ],
    "rotation": [
      -0.0007090727772345404,
      0.006017409268669756,
      -3.0875550749963625
    ]
  },
  {
    "label_id": "Ior1henF_Ts_9MLeXF_Xjg",
    "size": [
      2.21811450298343,
      4.448728327113863,
      1.6400000000000148
    ],
    "obj_class": "vehicle",
    "point_num_in_lidar": 177,
    "speed": 0.022990331480239212,
    "if_vehicle": true,
    "motion_state": false,
    "pose": [
      [
        -0.07056854698668141,
        -0.9974890655100939,
        -0.005970290109205114,
        20.774233960774836
      ],
      [
        0.9975067463906189,
        -0.07056361474586337,
        -0.0010330436578042468,
        -44.58270242907929
      ],
      [
        0.000609164501667299,
        -0.00602830505174634,
        0.9999816440599362,
        0.8732589897670948
      ],
      [
        0.0,
        0.0,
        0.0,
        1.0
      ]
    ],
    "location": [
      20.774233960774836,
      -44.58270242907929,
      0.8732589897670948
    ],
    "rotation": [
      -0.006028342682758223,
      -0.0006091645393422404,
      1.6414235895044396
    ]
  },
  {
    "label_id": "NXG3IQg-7AGdDP54x0y-Ww",
    "size": [
      2.150111749780425,
      4.509298866515579,
      1.740000000000009
    ],
    "obj_class": "vehicle",
    "point_num_in_lidar": 165,
    "speed": 0.022332087095234522,
    "if_vehicle": true,
    "motion_state": false,
    "pose": [
      [
        0.06641143821374794,
        0.9977744617449342,
        -0.005970290109205114,
        7.637256012701073
      ],
      [
        -0.9977921219195116,
        0.06640643234024518,
        -0.0010330436578042468,
        28.58111134853607
      ],
      [
        -0.0006342789134360859,
        0.006025714351591216,
        0.9999816440599362,
        0.9874770263548953
      ],
      [
        0.0,
        0.0,
        0.0,
        1.0
      ]
    ],
    "location": [
      7.637256012701073,
      28.58111134853607,
      0.9874770263548953
    ],
    "rotation": [
      0.006025752029156038,
      0.0006342789559655245,
      -1.5043359603378794
    ]
  },
  {
    "label_id": "Nx6yXW6ayqyL8X2hVv-MUA",
    "size": [
      2.1423545519136624,
      4.746408458305702,
      1.7700000000000102
    ],
    "obj_class": "vehicle",
    "point_num_in_lidar": 3630,
    "speed": 0.7154007775549416,
    "if_vehicle": true,
    "motion_state": false,
    "pose": [
      [
        -0.6515386003788436,
        -0.758591990369256,
        -0.005970290109205114,
        15.603881098757029
      ],
      [
        0.7586091242500395,
        -0.6515451860196567,
        -0.0010330436578042468,
        10.542360895831735
      ],
      [
        -0.003106255135281304,
        -0.005202184370198785,
        0.9999816440599362,
        -0.029564181023658875
      ],
      [
        0.0,
        0.0,
        0.0,
        1.0
      ]
    ],
    "location": [
      15.603881098757029,
      10.542360895831735,
      -0.029564181023658875
    ],
    "rotation": [
      -0.005202232932690347,
      0.0031062601305862727,
      2.2804113140002014
    ]
  },
  {
    "label_id": "Q_ayhpSYROnVtzXnObeFmw",
    "size": [
      2.13529099942369,
      4.52378229206138,
      1.5600000000000023
    ],
    "obj_class": "vehicle",
    "point_num_in_lidar": 54,
    "speed": 0.04972332833494072,
    "if_vehicle": true,
    "motion_state": false,
    "pose": [
      [
        0.09158294744001091,
        0.9957795536032119,
        -0.005970290109205114,
        12.182189222856323
      ],
      [
        -0.9957973345403296,
        0.09157838906191744,
        -0.0010330436578042468,
        -24.399042867480603
      ],
      [
        -0.00048193420198763847,
        0.006039808160194871,
        0.9999816440599362,
        0.30653100569639946
      ],
      [
        0.0,
        0.0,
        0.0,
        1.0
      ]
    ],
    "location": [
      12.182189222856323,
      -24.399042867480603,
      0.30653100569639946
    ],
    "rotation": [
      0.00603984558352673,
      0.0004819342206433596,
      -1.4790848586841854
    ]
  },
  {
    "label_id": "S5SSUX_8GvRVArk5o_q8sg",
    "size": [
      0.5220568985877745,
      0.08225925803241727,
      0.46999999999999886
    ],
    "obj_class": "sign",
    "point_num_in_lidar": 24,
    "speed": 0.005485073901553874,
    "if_vehicle": false,
    "motion_state": false,
    "pose": [
      [
        -0.08358871010999237,
        -0.9964824550277639,
        -0.005970290109205114,
        21.72963167926673
      ],
      [
        0.996500198810594,
        -0.08358400918385998,
        -0.0010330436578042468,
        -30.397581109165912
      ],
      [
        0.0005303890969615283,
        -0.006035746067622986,
        0.9999816440599362,
        2.688309480654709
      ],
      [
        0.0,
        0.0,
        0.0,
        1.0
      ]
    ],
    "location": [
      21.72963167926673,
      -30.397581109165912,
      2.688309480654709
    ],
    "rotation": [
      -0.00603578356447529,
      -0.0005303891218290536,
      1.6544826960997159
    ]
  },
  {
    "label_id": "UCqAckSueVCSvrwEUd1Muw",
    "size": [
      0.3525950699013389,
      0.08210614761395306,
      0.19422163845968043
    ],
    "obj_class": "sign",
    "point_num_in_lidar": 41,
    "speed": 0.012447772363799828,
    "if_vehicle": false,
    "motion_state": false,
    "pose": [
      [
        0.1257145974832542,
        0.992048484508512,
        -0.005970290109205114,
        19.19975551991547
      ],
      [
        -0.992066411455882,
        0.1257106522210811,
        -0.0010330436578042468,
        -7.359448947365308
      ],
      [
        -0.0002743003315785883,
        0.006052792951613154,
        0.9999816440599362,
        1.5544944370368512
      ],
      [
        0.0,
        0.0,
        0.0,
        1.0
      ]
    ],
    "location": [
      19.19975551991547,
      -7.359448947365308,
      1.5544944370368512
    ],
    "rotation": [
      0.006052830138593709,
      0.0002743003350183453,
      -1.4447482115527086
    ]
  },
  {
    "label_id": "X4H9yiCRjWTn4rPCsOkVdA",
    "size": [
      1.9697740761117513,
      4.4188602944795115,
      1.6500000000000057
    ],
    "obj_class": "vehicle",
    "point_num_in_lidar": 761,
    "speed": 0.0017591297883400535,
    "if_vehicle": true,
    "motion_state": false,
    "pose": [
      [
        -0.10370574492515662,
        -0.9945901035630357,
        -0.005970290109205114,
        15.974274636563678
      ],
      [
        0.994607938706575,
        -0.10370140347487426,
        -0.0010330436578042468,
        16.296071856781055
      ],
      [
        0.00040832753512393225,
        -0.006045230501069552,
        0.9999816440599362,
        0.1029234650411297
      ],
      [
        0.0,
        0.0,
        0.0,
        1.0
      ]
    ],
    "location": [
      15.974274636563678,
      16.296071856781055,
      0.1029234650411297
    ],
    "rotation": [
      -0.006045267825950989,
      -0.0004083275464707684,
      1.674688876367996
    ]
  },
  {
    "label_id": "XrzRs3LbaboaBImF0mOdjQ",
    "size": [
      1.8680092805957795,
      4.653371289880262,
      1.8600000000000136
    ],
    "obj_class": "vehicle",
    "point_num_in_lidar": 264,
    "speed": 0.0033221796360280833,
    "if_vehicle": true,
    "motion_state": false,
    "pose": [
      [
        -0.08259497577253638,
        -0.9965653142735532,
        -0.005970290109205114,
        14.993264935100342
      ],
      [
        0.9965830533597952,
        -0.08259025715463264,
        -0.0010330436578042468,
        31.57628277149888
      ],
      [
        0.0005364076820909798,
        -0.006035214162363734,
        0.9999816440599362,
        1.3886253133815671
      ],
      [
        0.0,
        0.0,
        0.0,
        1.0
      ]
    ],
    "location": [
      14.993264935100342,
      31.57628277149888,
      1.3886253133815671
    ],
    "rotation": [
      -0.006035251668828323,
      -0.0005364077078146997,
      1.6534855134809983
    ]
  },
  {
    "label_id": "ZF1-vGaHNjltsRoVWjqYiQ",
    "size": [
      2.0916384992245676,
      4.67170689046401,
      1.5999999999999943
    ],
    "obj_class": "vehicle",
    "point_num_in_lidar": 56,
    "speed": 0.00780766192890182,
    "if_vehicle": true,
    "motion_state": false,
    "pose": [
      [
        -0.9964526729701889,
        0.08394299355263266,
        -0.005970290109205114,
        50.54613051703291
      ],
      [
        -0.08393829893541041,
        -0.9964704184232619,
        -0.0010330436578042468,
        10.675011008086585
      ],
      [
        -0.006035934260334533,
        -0.0005282431181963599,
        0.9999816440599362,
        -1.8520202599585502
      ],
      [
        0.0,
        0.0,
        0.0,
        1.0
      ]
    ],
    "location": [
      50.54613051703291,
      10.675011008086585,
      -1.8520202599585502
    ],
    "rotation": [
      -0.0005282527656368762,
      0.006035970911633654,
      -3.0575539398519447
    ]
  },
  {
    "label_id": "aRFz7j2dwLW0x6klYx_7gQ",
    "size": [
      2.147368756994262,
      4.4856824184495885,
      1.920000000000016
    ],
    "obj_class": "vehicle",
    "point_num_in_lidar": 188,
    "speed": 0.0059655802790957325,
    "if_vehicle": true,
    "motion_state": false,
    "pose": [
      [
        0.9974572814783118,
        -0.0710163872772173,
        -0.005970290109205114,
        34.64093837150949
      ],
      [
        0.07101146297516528,
        0.9974749645715063,
        -0.0010330436578042468,
        -0.5719368482150458
      ],
      [
        0.006028577943637887,
        0.0006064578835210209,
        0.9999816440599362,
        -0.7882806739835644
      ],
      [
        0.0,
        0.0,
        0.0,
        1.0
      ]
    ],
    "location": [
      34.64093837150949,
      -0.5719368482150458,
      -0.7882806739835644
    ],
    "rotation": [
      0.0006064689414758977,
      -0.006028614461092094,
      0.07107257325266879
    ]
  },
  {
    "label_id": "asdOT76Zl6kcy5908IDPgQ",
    "size": [
      1.8829911936268868,
      3.830012521744248,
      1.460000000000008
    ],
    "obj_class": "vehicle",
    "point_num_in_lidar": 141,
    "speed": 4.549693413077341e-13,
    "if_vehicle": true,
    "motion_state": false,
    "pose": [
      [
        -0.0870654565833759,
        -0.9961847027062501,
        -0.005970290109205114,
        14.430674850681044
      ],
      [
        0.9962024627850712,
        -0.08706081760332682,
        -0.0010330436578042468,
        36.65093942277963
      ],
      [
        0.0005093239508958481,
        -0.006037560128068776,
        0.9999816440599362,
        1.5869204427531542
      ],
      [
        0.0,
        0.0,
        0.0,
        1.0
      ]
    ],
    "location": [
      14.430674850681044,
      36.65093942277963,
      1.5869204427531542
    ],
    "rotation": [
      -0.0060375975921127395,
      -0.0005093239729165469,
      1.6579721700469523
    ]
  },
  {
    "label_id": "cPrxNWhkfFseBGIlnuWdzg",
    "size": [
      0.8215701562711171,
      1.2015272597505833,
      1.740000000000009
    ],
    "obj_class": "pedestrian",
    "point_num_in_lidar": 31,
    "speed": 1.313230384766808,
    "if_vehicle": false,
    "motion_state": true,
    "pose": [
      [
        -0.9993625504113142,
        0.03519727931822628,
        -0.005970290109205114,
        43.97667762226911
      ],
      [
        -0.035191723986878476,
        -0.9993800455200376,
        -0.0010330436578042468,
        -2.6504350933482783
      ],
      [
        -0.006002949127276897,
        -0.000822280342904748,
        0.9999816440599362,
        -0.8346968194533417
      ],
      [
        0.0,
        0.0,
        0.0,
        1.0
      ]
    ],
    "location": [
      43.97667762226911,
      -2.6504350933482783,
      -0.8346968194533417
    ],
    "rotation": [
      -0.0008222952515734681,
      0.006002985180971932,
      -3.106393027158942
    ]
  },
  {
    "label_id": "efhaSh_nWNCRYbumf1d3vQ",
    "size": [
      0.8122852603967395,
      0.13981528753100092,
      0.7599999999999909
    ],
    "obj_class": "sign",
    "point_num_in_lidar": 217,
    "speed": 0.0165789497056705,
    "if_vehicle": false,
    "motion_state": false,
    "pose": [
      [
        0.9985413013062113,
        -0.053662139555835306,
        -0.005970290109205114,
        23.05167762619476
      ],
      [
        0.05365690852949026,
        0.9985588961037095,
        -0.0010330436578042468,
        10.796780955441136
      ],
      [
        0.006017121633799118,
        0.0007111894480858419,
        0.9999816440599362,
        1.8305924154392983
      ],
      [
        0.0,
        0.0,
        0.0,
        1.0
      ]
    ],
    "location": [
      23.05167762619476,
      10.796780955441136,
      1.8305924154392983
    ],
    "rotation": [
      0.0007112023829655186,
      -0.006017157943460395,
      0.05368366166021337
    ]
  },
  {
    "label_id": "euwNstBtr-W2yVtLjt81Sw",
    "size": [
      1.9549103620930244,
      4.0711504181074325,
      1.5699999999999932
    ],
    "obj_class": "vehicle",
    "point_num_in_lidar": 49,
    "speed": 2.0009065111038244e-12,
    "if_vehicle": true,
    "motion_state": false,
    "pose": [
      [
        0.05991712125300312,
        0.9981855009048993,
        -0.005970290109205114,
        5.8854230072447535
      ],
      [
        -0.9982031281303648,
        0.05991200056379018,
        -0.0010330436578042468,
        54.28629138298675
      ],
      [
        -0.0006734771766332737,
        0.006021459264958626,
        0.9999816440599362,
        3.1919706762029705
      ],
      [
        0.0,
        0.0,
        0.0,
        1.0
      ]
    ],
    "location": [
      5.8854230072447535,
      54.28629138298675,
      3.1919706762029705
    ],
    "rotation": [
      0.006021497018808659,
      0.0006734772275449604,
      -1.5108432828624632
    ]
  },
  {
    "label_id": "exueily1Lt7uON4yqBxITg",
    "size": [
      0.7588241951168542,
      0.07151227768081742,
      0.75
    ],
    "obj_class": "sign",
    "point_num_in_lidar": 94,
    "speed": 0.05349704147397762,
    "if_vehicle": false,
    "motion_state": false,
    "pose": [
      [
        -0.018864316793358423,
        -0.9998042274305162,
        -0.005970290109205114,
        7.526387492808226
      ],
      [
        0.9998216294371255,
        -0.018858476356594076,
        -0.0010330436578042468,
        13.209394660707403
      ],
      [
        0.0009202508413265175,
        -0.005988712848020002,
        0.9999816440599362,
        1.8624179380176997
      ],
      [
        0.0,
        0.0,
        0.0,
        1.0
      ]
    ],
    "location": [
      7.526387492808226,
      13.209394660707403,
      1.8624179380176997
    ],
    "rotation": [
      -0.005988751181663563,
      -0.0009202509712140853,
      1.5896617706069491
    ]
  },
  {
    "label_id": "fZoqQ9qukc5jFPQ00JLwfg",
    "size": [
      2.1630520422499457,
      4.678952886478576,
      1.8700000000000045
    ],
    "obj_class": "vehicle",
    "point_num_in_lidar": 2025,
    "speed": 0.0019929428453941424,
    "if_vehicle": true,
    "motion_state": false,
    "pose": [
      [
        -0.09803156641439612,
        -0.9951653971186657,
        -0.005970290109205114,
        17.986544542585307
      ],
      [
        0.995183207211336,
        -0.09802712331472353,
        -0.0010330436578042468,
        -10.531437428358913
      ],
      [
        0.0004427989371999581,
        -0.006042803346809873,
        0.9999816440599362,
        0.08682934747392324
      ],
      [
        0.0,
        0.0,
        0.0,
        1.0
      ]
    ],
    "location": [
      17.986544542585307,
      -10.531437428358913,
      0.08682934747392324
    ],
    "rotation": [
      -0.006042840715803725,
      -0.000442798951669957,
      1.6689856027735026
    ]
  },
  {
    "label_id": "iig7YiZ08rzCckmuNjqSSA",
    "size": [
      2.0715932585364207,
      4.577422277222199,
      1.6800000000000068
    ],
    "obj_class": "vehicle",
    "point_num_in_lidar": 435,
    "speed": 0.029382046489263527,
    "if_vehicle": true,
    "motion_state": false,
    "pose": [
      [
        0.08489730018734122,
        0.9963718201840678,
        -0.005970290109205114,
        8.221834630102876
      ],
      [
        -0.9963895701252367,
        0.08489262256784774,
        -0.0010330436578042468,
        22.490180730017528
      ],
      [
        -0.0005224620047947203,
        0.0060364374129570735,
        0.9999816440599362,
        0.6252614433595625
      ],
      [
        0.0,
        0.0,
        0.0,
        1.0
      ]
    ],
    "location": [
      8.221834630102876,
      22.490180730017528,
      0.6252614433595625
    ],
    "rotation": [
      0.00603647489731068,
      0.0005224620285638314,
      -1.4857966991672873
    ]
  },
  {
    "label_id": "isujN0ox5kMqQJUJ9izVYQ",
    "size": [
      0.7507542244137007,
      0.09968037086012213,
      0.7700000000000102
    ],
    "obj_class": "sign",
    "point_num_in_lidar": 158,
    "speed": 0.012090246488701481,
    "if_vehicle": false,
    "motion_state": false,
    "pose": [
      [
        0.12571459748055885,
        0.9920484845088534,
        -0.005970290109205114,
        19.18729484125015
      ],
      [
        -0.9920664114562235,
        0.1257106522183857,
        -0.0010330436578042468,
        -7.359576194838155
      ],
      [
        -0.00027430033159503333,
        0.006052792951612409,
        0.9999816440599362,
        2.0431036615978826
      ],
      [
        0.0,
        0.0,
        0.0,
        1.0
      ]
    ],
    "location": [
      19.18729484125015,
      -7.359576194838155,
      2.0431036615978826
    ],
    "rotation": [
      0.006052830138592964,
      0.00027430033503479033,
      -1.4447482115554255
    ]
  },
  {
    "label_id": "k_NOVkdWc5tiNnbaUVinuw",
    "size": [
      2.1554485014006715,
      4.4419784152818895,
      1.740000000000009
    ],
    "obj_class": "vehicle",
    "point_num_in_lidar": 838,
    "speed": 0.004863421476866268,
    "if_vehicle": true,
    "motion_state": false,
    "pose": [
      [
        -0.11261051656433133,
        -0.9936212694961428,
        -0.005970290109205114,
        15.575733700825822
      ],
      [
        0.9936391428122341,
        -0.11260633504456888,
        -0.0010330436578042468,
        21.40070140769967
      ],
      [
        0.00035416166236196765,
        -0.006048645526389773,
        0.9999816440599362,
        0.6186067461586333
      ],
      [
        0.0,
        0.0,
        0.0,
        1.0
      ]
    ],
    "location": [
      15.575733700825822,
      21.40070140769967,
      0.6186067461586333
    ],
    "rotation": [
      -0.006048682789084077,
      -0.00035416166976574615,
      1.6836462237213325
    ]
  },
  {
    "label_id": "lSgAzkWLTh17nT2ZDA4g_Q",
    "size": [
      0.5575671146660425,
      0.12011896040538889,
      0.5500000000000114
    ],
    "obj_class": "sign",
    "point_num_in_lidar": 29,
    "speed": 0.0034960017452938972,
    "if_vehicle": false,
    "motion_state": false,
    "pose": [
      [
        -0.06454711528288604,
        -0.9978968010494219,
        -0.005970290109205114,
        11.23436031671963
      ],
      [
        0.9979144518403757,
        -0.06454207642246605,
        -0.0010330436578042468,
        -39.1700002520447
      ],
      [
        0.0006455360409746418,
        -0.006024518769727985,
        0.9999816440599362,
        1.946155224196815
      ],
      [
        0.0,
        0.0,
        0.0,
        1.0
      ]
    ],
    "location": [
      11.23436031671963,
      -39.1700002520447,
      1.946155224196815
    ],
    "rotation": [
      -0.0060245564687492386,
      -0.0006455360858089337,
      1.635388360560744
    ]
  },
  {
    "label_id": "mmdNjYPoJf8KPcfkiO2WVw",
    "size": [
      2.0692855396313967,
      4.3057734004472925,
      1.740000000000009
    ],
    "obj_class": "vehicle",
    "point_num_in_lidar": 305,
    "speed": 0.008486720720697704,
    "if_vehicle": true,
    "motion_state": false,
    "pose": [
      [
        -0.08061722194653895,
        -0.9967272541481116,
        -0.005970290109205114,
        15.308175372586902
      ],
      [
        0.996744983835768,
        -0.0806124681363587,
        -0.0010330436578042468,
        26.456780923928818
      ],
      [
        0.0005483829472652335,
        -0.006034137828236168,
        0.9999816440599362,
        0.9586042036530671
      ],
      [
        0.0,
        0.0,
        0.0,
        1.0
      ]
    ],
    "location": [
      15.308175372586902,
      26.456780923928818,
      0.9586042036530671
    ],
    "rotation": [
      -0.006034175354141198,
      -0.0005483829747505431,
      1.6515011410043718
    ]
  },
  {
    "label_id": "neWc6a5SpHMFVBiTZbsQRA",
    "size": [
      2.1576676687073872,
      4.838558424228969,
      1.75
    ],
    "obj_class": "vehicle",
    "point_num_in_lidar": 1192,
    "speed": 0.010599032312672877,
    "if_vehicle": true,
    "motion_state": false,
    "pose": [
      [
        0.07898017423542897,
        0.9968583087449054,
        -0.005970290109205114,
        8.725192909461839
      ],
      [
        -0.9968760306014033,
        0.0789753913139478,
        -0.0010330436578042468,
        16.26864176674826
      ],
      [
        -0.0005582921559461261,
        0.006033229073689398,
        0.9999816440599362,
        0.17370707994243162
      ],
      [
        0.0,
        0.0,
        0.0,
        1.0
      ]
    ],
    "location": [
      8.725192909461839,
      16.26864176674826,
      0.17370707994243162
    ],
    "rotation": [
      0.00603326661599721,
      0.0005582921849484894,
      -1.4917337975470741
    ]
  },
  {
    "label_id": "p2KLoLcoeq8jqmt5_98t0A",
    "size": [
      0.4155281545393619,
      0.06448166061818679,
      0.17850084365227303
    ],
    "obj_class": "sign",
    "point_num_in_lidar": 24,
    "speed": 0.04455007834669465,
    "if_vehicle": false,
    "motion_state": false,
    "pose": [
      [
        -0.018864316800094844,
        -0.9998042274303892,
        -0.005970290109205114,
        7.527612333851266
      ],
      [
        0.9998216294369985,
        -0.018858476363330608,
        -0.0010330436578042468,
        13.2113852140792
      ],
      [
        0.0009202508412861672,
        -0.005988712848026202,
        0.9999816440599362,
        1.3719099013666494
      ],
      [
        0.0,
        0.0,
        0.0,
        1.0
      ]
    ],
    "location": [
      7.527612333851266,
      13.2113852140792,
      1.3719099013666494
    ],
    "rotation": [
      -0.005988751181669764,
      -0.000920250971173735,
      1.5896617706136866
    ]
  },
  {
    "label_id": "tBnMwtSfMUdPA9bwMuVXzA",
    "size": [
      2.1071184373222906,
      4.94391362798015,
      1.5800000000000125
    ],
    "obj_class": "vehicle",
    "point_num_in_lidar": 332,
    "speed": 9.37954160166471,
    "if_vehicle": true,
    "motion_state": true,
    "pose": [
      [
        0.06571794398777245,
        0.9978203783617731,
        -0.005970290109205114,
        15.68951887397452
      ],
      [
        -0.9978380350528776,
        0.06571292584121609,
        -0.0010330436578042468,
        -30.111629861045003
      ],
      [
        -0.0006384667822977218,
        0.006025272056505366,
        0.9999816440599362,
        0.5088575270015099
      ],
      [
        0.0,
        0.0,
        0.0,
        1.0
      ]
    ],
    "location": [
      15.68951887397452,
      -30.111629861045003,
      0.5088575270015099
    ],
    "rotation": [
      0.006025309742009816,
      0.0006384668256751452,
      -1.50503097290779
    ]
  },
  {
    "label_id": "v2-w0GThHRtGTQcRFq9OZA",
    "size": [
      1.9872198046921818,
      4.67854752596008,
      1.5300000000000011
    ],
    "obj_class": "vehicle",
    "point_num_in_lidar": 64,
    "speed": 0.007933318278740475,
    "if_vehicle": true,
    "motion_state": false,
    "pose": [
      [
        0.07121942384356111,
        0.9974428050286407,
        -0.005970290109205114,
        12.702760608987774
      ],
      [
        -0.9974604891238382,
        0.07121450314110413,
        -0.0010330436578042468,
        -35.3528407330723
      ],
      [
        -0.0006052307200220244,
        0.006028701266653012,
        0.9999816440599362,
        0.6422873530112554
      ],
      [
        0.0,
        0.0,
        0.0,
        1.0
      ]
    ],
    "location": [
      12.702760608987774,
      -35.3528407330723,
      0.6422873530112554
    ],
    "rotation": [
      0.006028738890538077,
      0.0006052307569717921,
      -1.4995165454345585
    ]
  },
  {
    "label_id": "vNvpD12q14e1m0Ldy5Yr0A",
    "size": [
      2.3958990595708056,
      5.002370273678711,
      1.9099999999999966
    ],
    "obj_class": "vehicle",
    "point_num_in_lidar": 911,
    "speed": 0.021437506878749225,
    "if_vehicle": true,
    "motion_state": false,
    "pose": [
      [
        0.057355166077191704,
        0.9983359858085201,
        -0.005970290109205114,
        11.69747341296852
      ],
      [
        -0.9983535998341231,
        0.05735000016607348,
        -0.0010330436578042468,
        -19.27259481027795
      ],
      [
        -0.0006889285197428219,
        0.00601971101313734,
        0.9999816440599362,
        0.38413433610850234
      ],
      [
        0.0,
        0.0,
        0.0,
        1.0
      ]
    ],
    "location": [
      11.69747341296852,
      -19.27259481027795,
      0.38413433610850234
    ],
    "rotation": [
      0.006019748798266834,
      0.0006889285742396636,
      -1.513409654372583
    ]
  },
  {
    "label_id": "vPy9W0Cmj-SFneQRaife3A",
    "size": [
      2.6728488425903927,
      6.188632361968968,
      2.259999999999991
    ],
    "obj_class": "vehicle",
    "point_num_in_lidar": 83,
    "speed": 0.0033202126254994286,
    "if_vehicle": true,
    "motion_state": false,
    "pose": [
      [
        -0.9957024024286636,
        0.09241797137894459,
        -0.005970290109205114,
        59.23680826459258
      ],
      [
        -0.0924134279134658,
        -0.9957201871821639,
        -0.0010330436578042468,
        11.41209612244711
      ],
      [
        -0.006040210184269693,
        -0.00047686907725987796,
        0.9999816440599362,
        -2.001896338401764
      ],
      [
        0.0,
        0.0,
        0.0,
        1.0
      ]
    ],
    "location": [
      59.23680826459258,
      11.41209612244711,
      -2.001896338401764
    ],
    "rotation": [
      -0.00047687779465144177,
      0.006040246913517441,
      -3.04904548563528
    ]
  },
  {
    "label_id": "weeQq-6LKvQs2E_0jsJGRA",
    "size": [
      2.109081333524188,
      4.508483162875747,
      1.8900000000000148
    ],
    "obj_class": "vehicle",
    "point_num_in_lidar": 207,
    "speed": 0.011134332436113696,
    "if_vehicle": true,
    "motion_state": false,
    "pose": [
      [
        0.08871941899305044,
        0.9960387644713169,
        -0.005970290109205114,
        7.405437622659974
      ],
      [
