[
  {
    "label_id": "-LkeMkCzLfKS3eoqBRh46Q",
    "size": [
      0.684943470682612,
      0.45657987973683417,
      1.6948055461919083
    ],
    "obj_class": "pedestrian",
    "point_num_in_lidar": 45,
    "speed": 0.029715558735758422,
    "if_vehicle": false,
    "motion_state": false,
    "pose": [
      [
        0.6722999100143157,
        -0.7400934824582139,
        0.016567082350744434,
        -49.5460761158148
      ],
      [
        0.7402073127758473,
        0.6723777430023803,
        -0.00114229076154727,
        -20.714015214820392
      ],
      [
        -0.010293935491434746,
        0.01303103748357912,
        0.9998621039694423,
        2.0455341061397974
      ],
      [
        0.0,
        0.0,
        0.0,
        1.0
      ]
    ],
    "location": [
      -49.5460761158148,
      -20.714015214820392,
      2.0455341061397974
    ],
    "rotation": [
      0.013032096838519507,
      0.010294117299768462,
      0.8334369672963778
    ]
  },
  {
    "label_id": "-h1T1LaQ9WWxLjpd8tPvDw",
    "size": [
      0.7635359400706284,
      0.09606209831191423,
      0.7399999999999984
    ],
    "obj_class": "sign",
    "point_num_in_lidar": 21,
    "speed": 0.02653336664829441,
    "if_vehicle": false,
    "motion_state": false,
    "pose": [
      [
        0.09020331606604653,
        0.995785566049776,
        0.016567082350744434,
        -23.84570435001524
      ],
      [
        -0.9959198924848098,
        0.0902344885554346,
        -0.00114229076154727,
        -45.94662158052415
      ],
      [
        -0.002632398855355969,
        -0.016396448458937212,
        0.9998621039694423,
        4.5237865822627725
      ],
      [
        0.0,
        0.0,
        0.0,
        1.0
      ]
    ],
    "location": [
      -23.84570435001524,
      -45.94662158052415,
      4.5237865822627725
    ],
    "rotation": [
      -0.01639724004538091,
      0.002632401895577173,
      -1.4804699215494324
    ]
  },
  {
    "label_id": "08izZfFATo8NaNCOSiMccQ",
    "size": [
      0.8599354084560086,
      1.2837768931797942,
      1.9100000000000001
    ],
    "obj_class": "pedestrian",
    "point_num_in_lidar": 243,
    "speed": 3.5564739943676957,
    "if_vehicle": false,
    "motion_state": true,
    "pose": [
      [
        0.9963861288344288,
        0.08330794709224812,
        0.016567082350744434,
        -41.64780985106813
      ],
      [
        -0.08330046655293075,
        0.9965238218145516,
        -0.00114229076154727,
        -18.306554582390163
      ],
      [
        -0.01660465411880719,
        -0.0002418830193364204,
        0.9998621039694423,
        2.0402319591926883
      ],
      [
        0.0,
        0.0,
        0.0,
        1.0
      ]
    ],
    "location": [
      -41.64780985106813,
      -18.306554582390163,
      2.0402319591926883
    ],
    "rotation": [
      -0.00024191637392549542,
      0.016605417237583263,
      -0.08340863117158072
    ]
  },
  {
    "label_id": "1zMPVmoaMduqtYee4942sw",
    "size": [
      0.8132070008217807,
      0.9549234822147807,
      1.6400000000000006
    ],
    "obj_class": "pedestrian",
    "point_num_in_lidar": 389,
    "speed": 1.6673294995632917,
    "if_vehicle": false,
    "motion_state": true,
    "pose": [
      [
        0.9956329760056394,
        -0.09187224212207679,
        0.016567082350744434,
        -54.53874933383918
      ],
      [
        0.0919036397144511,
        0.9957672500032586,
        -0.00114229076154727,
        -18.740897019533804
      ],
      [
        -0.016392013219559624,
        0.0026598775178655145,
        0.9998621039694423,
        2.1597521936763435
      ],
      [
        0.0,
        0.0,
        0.0,
        1.0
      ]
    ],
    "location": [
      -54.53874933383918,
      -18.740897019533804,
      2.1597521936763435
    ],
    "rotation": [
      0.0026602380796012454,
      0.016392747392129016,
      0.09204591004189175
    ]
  },
  {
    "label_id": "42zkZFUhYm9DrYMPgBIysg",
    "size": [
      0.824650628582589,
      0.8379667180029862,
      1.9499999999999993
    ],
    "obj_class": "pedestrian",
    "point_num_in_lidar": 597,
    "speed": 0.4795247578742946,
    "if_vehicle": false,
    "motion_state": false,
    "pose": [
      [
        -0.3017715130789496,
        -0.9532363220505318,
        0.016567082350744434,
        -48.83320116776372
      ],
      [
        0.9533608309411499,
        -0.3018307823914189,
        -0.00114229076154727,
        -15.508634594707473
      ],
      [
        0.00608932847211788,
        0.015449696584687948,
        0.9998621039694423,
        2.010566185482169
      ],
      [
        0.0,
        0.0,
        0.0,
        1.0
      ]
    ],
    "location": [
      -48.83320116776372,
      -15.508634594707473,
      2.010566185482169
    ],
    "rotation": [
      0.015450597752365607,
      -0.006089366104715846,
      1.8773524433521647
    ]
  },
  {
    "label_id": "4ieIaDhGopv8IzBazdrVAg",
    "size": [
      2.040133615370168,
      4.863289663388457,
      1.5500000000000007
    ],
    "obj_class": "vehicle",
    "point_num_in_lidar": 252,
    "speed": 0.027717925305129086,
    "if_vehicle": true,
    "motion_state": false,
    "pose": [
      [
        0.9846539439535889,
        -0.17373008501415743,
        0.016567082350744434,
        -20.619978520036625
      ],
      [
        0.1737724573515122,
        0.9847851685712132,
        -0.00114229076154727,
        0.2849059772906912
      ],
      [
        -0.016116566714396534,
        0.004003663714732995,
        0.9998621039694423,
        1.4791600473203417
      ],
      [
        0.0,
        0.0,
        0.0,
        1.0
      ]
    ],
    "location": [
      -20.619978520036625,
      0.2849059772906912,
      1.4791600473203417
    ],
    "rotation": [
      0.0040041944795557146,
      0.016117264492131616,
      0.17468204482734292
    ]
  },
  {
    "label_id": "4mh0IKVDaw5dWuiAD1j5lQ",
    "size": [
      0.7429254530998782,
      0.4885246229388896,
      1.796420732588878
    ],
    "obj_class": "pedestrian",
    "point_num_in_lidar": 32,
    "speed": 4.512910781954532e-28,
    "if_vehicle": false,
    "motion_state": false,
    "pose": [
      [
        0.990424265919859,
        -0.13705949532772999,
        0.016567082350744434,
        -49.897098360793166
      ],
      [
        0.1370969673374923,
        0.9905569729796861,
        -0.00114229076154727,
        -20.07375371022499
      ],
      [
        -0.016254077149163392,
        0.0034026492368900464,
        0.9998621039694423,
        2.06472651294132
      ],
      [
        0.0,
        0.0,
        0.0,
        1.0
      ]
    ],
    "location": [
      -49.897098360793166,
      -20.07375371022499,
      2.06472651294132
    ],
    "rotation": [
      0.0034031053760994285,
      0.01625479294198267,
      0.13754839687656173
    ]
  },
  {
    "label_id": "5_8SCmp05AepT5qREHEGCg",
    "size": [
      0.9905850335455286,
      0.9725125636682508,
      1.7300000000000004
    ],
    "obj_class": "pedestrian",
    "point_num_in_lidar": 189,
    "speed": 1.399914599583916,
    "if_vehicle": false,
    "motion_state": true,
    "pose": [
      [
        0.9975785002460243,
        -0.06754752126670871,
        0.016567082350744434,
        -36.12021953087003
      ],
      [
        0.06757563269473633,
        0.9977135004788309,
        -0.00114229076154727,
        3.036013145267134
      ],
      [
        -0.016452042815373907,
        0.0022590557765065694,
        0.9998621039694423,
        2.0169875363618743
      ],
      [
        0.0,
        0.0,
        0.0,
        1.0
      ]
    ],
    "location": [
      -36.12021953087003,
      3.036013145267134,
      2.0169875363618743
    ],
    "rotation": [
      0.0022593634898104807,
      0.016452785084070772,
      0.06763633712921886
    ]
  },
  {
    "label_id": "5t8pkk_JnoYw1nKx095DbQ",
    "size": [
      0.7978681582673545,
      0.9549442125635543,
      1.6799999999999997
    ],
    "obj_class": "pedestrian",
    "point_num_in_lidar": 257,
    "speed": 1.4495045676643667,
    "if_vehicle": false,
    "motion_state": true,
    "pose": [
      [
        -0.999150079943822,
        0.03774452981078973,
        0.016567082350744434,
        -41.69683838938772
      ],
      [
        -0.03776859961103728,
        -0.9992858590289552,
        -0.00114229076154727,
        -16.720162627798345
      ],
      [
        0.016512135890765285,
        -0.0017670354057473928,
        0.9998621039694423,
        1.9841946444390821
      ],
      [
        0.0,
        0.0,
        0.0,
        1.0
      ]
    ],
    "location": [
      -41.69683838938772,
      -16.720162627798345,
      1.9841946444390821
    ],
    "rotation": [
      -0.0017672772666247076,
      -0.016512886323555107,
      -3.1038099153855265
    ]
  },
  {
    "label_id": "6DfvY_wSmDg4gUB46NtKwg",
    "size": [
      0.836606626031349,
      0.7007453081157677,
      1.7697139242488191
    ],
    "obj_class": "pedestrian",
    "point_num_in_lidar": 116,
    "speed": 0.02483312733345541,
    "if_vehicle": false,
    "motion_state": false,
    "pose": [
      [
        0.6968066542083203,
        -0.7170676526196046,
        0.016567082350744434,
        -44.42588219273057
      ],
      [
        0.7171788012893163,
        0.6968882709251428,
        -0.00114229076154727,
        -27.79448628544742
      ],
      [
        -0.010726305618692977,
        0.012677516064855109,
        0.9998621039694423,
        1.5480799171113375
      ],
      [
        0.0,
        0.0,
        0.0,
        1.0
      ]
    ],
    "location": [
      -44.42588219273057,
      -27.79448628544742,
      1.5480799171113375
    ],
    "rotation": [
      0.01267858509526987,
      0.010726511312746418,
      0.7998047738518662
    ]
  },
  {
    "label_id": "6WHUSHTXwPUPbO8yIs4yQQ",
    "size": [
      0.8896040744646369,
      0.8916020213374418,
      1.7800000000000011
    ],
    "obj_class": "pedestrian",
    "point_num_in_lidar": 406,
    "speed": 0.9532777863881879,
    "if_vehicle": false,
    "motion_state": false,
    "pose": [
      [
        0.14657888430156812,
        0.9890602420779491,
        0.016567082350744434,
        -53.36366582072435
      ],
      [
        -0.9891925826004901,
        0.14661763093157779,
        -0.00114229076154727,
        5.467470694999065
      ],
      [
        -0.0035588207428538508,
        -0.016220599271312298,
        0.9998621039694423,
        2.482184562062816
      ],
      [
        0.0,
        0.0,
        0.0,
        1.0
      ]
    ],
    "location": [
      -53.36366582072435,
      5.467470694999065,
      2.482184562062816
    ],
    "rotation": [
      -0.016221413383116404,
      0.003558828255095757,
      -1.4236864798877156
    ]
  },
  {
    "label_id": "6k1Fgl9ysuxlrOUgJkRAwQ",
    "size": [
      0.4397877024101133,
      0.0907517669424712,
      0.620000000000001
    ],
    "obj_class": "sign",
    "point_num_in_lidar": 32,
    "speed": 0.01961231311124195,
    "if_vehicle": false,
    "motion_state": false,
    "pose": [
      [
        -0.9993362112039793,
        -0.0324448572020138,
        0.016567082350744434,
        -24.258308880660366
      ],
      [
        0.03243037242821693,
        -0.9994733443749177,
        -0.00114229076154727,
        1.4367122126132017
      ],
      [
        0.016595418664274796,
        -0.0006042558710543756,
        0.9998621039694423,
        3.871237625608252
      ],
      [
        0.0,
        0.0,
        0.0,
        1.0
      ]
    ],
    "location": [
      -24.258308880660366,
      1.4367122126132017,
      3.871237625608252
    ],
    "rotation": [
      -0.0006043391334587128,
      -0.016596180510321287,
      3.1091521247442064
    ]
  },
  {
    "label_id": "73DbqBTixcev79gSfQli1Q",
    "size": [
      1.0055937722553885,
      0.9917054885455836,
      1.9800000000000004
    ],
    "obj_class": "pedestrian",
    "point_num_in_lidar": 435,
    "speed": 0.8544260859168202,
    "if_vehicle": false,
    "motion_state": false,
    "pose": [
      [
        0.19150560260226085,
        -0.9813516882108719,
        0.016567082350744434,
        -47.58122225864213
      ],
      [
        0.9814893754814198,
        0.19151318750652227,
        -0.00114229076154727,
        -20.21898465861159
      ],
      [
        -0.002051825781402019,
        0.01647917039061851,
        0.9998621039694423,
        2.130320020174917
      ],
      [
        0.0,
        0.0,
        0.0,
        1.0
      ]
    ],
    "location": [
      -47.58122225864213,
      -20.21898465861159,
      2.130320020174917
    ],
    "rotation": [
      0.016479951030810614,
      0.002051827221098754,
      1.3781000039325302
    ]
  },
  {
    "label_id": "8bOLWx11Kp9fHLqHd13oAw",
    "size": [
      0.9103511528297583,
      0.9856897121378135,
      1.8299999999999983
    ],
    "obj_class": "pedestrian",
    "point_num_in_lidar": 62,
    "speed": 1.4972590906362488,
    "if_vehicle": false,
    "motion_state": true,
    "pose": [
      [
        0.9697652855331408,
        0.24347653430507313,
        0.016567082350744434,
        -34.040164593144254
      ],
      [
        -0.2434914382679995,
        0.9699023737789267,
        -0.00114229076154727,
        4.6149081340154225
      ],
      [
        -0.01634657349436822,
        -0.002926188782953395,
        0.9998621039694423,
        2.0786784194897905
      ],
      [
        0.0,
        0.0,
        0.0,
        1.0
      ]
    ],
    "location": [
      -34.040164593144254,
      4.6149081340154225,
      2.0786784194897905
    ],
    "rotation": [
      -0.0029265839930989117,
      0.016347301577837252,
      -0.2459975624624959
    ]
  },
  {
    "label_id": "9MJNWkZklOdq7gQT2jjjrg",
    "size": [
      2.1439849996011486,
      4.745664128628958,
      1.8900000000000006
    ],
    "obj_class": "vehicle",
    "point_num_in_lidar": 1137,
    "speed": 0.013954918928317366,
    "if_vehicle": true,
    "motion_state": false,
    "pose": [
      [
        -0.19945265071936782,
        -0.9797674070428153,
        0.016567082350744434,
        -39.22146124268977
      ],
      [
        0.9798974771937736,
        -0.19949844450795548,
        -0.00114229076154727,
        14.910714299532629
      ],
      [
        0.004424286416538849,
        0.016006209279673115,
        0.9998621039694423,
        2.650642195677918
      ],
      [
        0.0,
        0.0,
        0.0,
        1.0
      ]
    ],
    "location": [
      -39.22146124268977,
      14.910714299532629,
      2.650642195677918
    ],
    "rotation": [
      0.016007049497869182,
      -0.004424300850391848,
      1.7715976355132592
    ]
  },
  {
    "label_id": "BCrQdAU9RIUuQhcH0qFoKw",
    "size": [
      0.7857085800687134,
      0.788238268240093,
      1.7100000000000009
    ],
    "obj_class": "pedestrian",
    "point_num_in_lidar": 301,
    "speed": 1.14476982258169,
    "if_vehicle": false,
    "motion_state": true,
    "pose": [
      [
        -0.9664371604822592,
        -0.2563683806973306,
        0.016567082350744434,
        -50.48123587903842
      ],
      [
        0.2563851088114388,
        -0.9665740381117024,
        -0.00114229076154727,
        -19.042098414140128
      ],
      [
        0.016306158920311557,
        0.003143600971148817,
        0.9998621039694423,
        2.0909227922385902
      ],
      [
        0.0,
        0.0,
        0.0,
        1.0
      ]
    ],
    "location": [
      -50.48123587903842,
      -19.042098414140128,
      2.0909227922385902
    ],
    "rotation": [
      0.003144024161546082,
      -0.01630688161644374,
      2.8822769435100066
    ]
  },
  {
    "label_id": "DFFZT9hbqKnRJi5XKB72zQ",
    "size": [
      1.983544755465363,
      4.6246996539475065,
      1.5199999999999996
    ],
    "obj_class": "vehicle",
    "point_num_in_lidar": 529,
    "speed": 5.921008123475036,
    "if_vehicle": true,
    "motion_state": true,
    "pose": [
      [
        -0.14767489876051015,
        -0.9888971918548746,
        0.016567082350744434,
        -43.95902193838708
      ],
      [
        0.9890294893560386,
        -0.14771379203022772,
        -0.00114229076154727,
        18.97481479392627
      ],
      [
        0.0035767946832813806,
        0.01621664532490965,
        0.9998621039694423,
        2.9465858455346563
      ],
      [
        0.0,
        0.0,
        0.0,
        1.0
      ]
    ],
    "location": [
      -43.95902193838708,
      18.97481479392627,
      2.9465858455346563
    ],
    "rotation": [
      0.01621745993162246,
      -0.0035768023099220286,
      1.7190142634330985
    ]
  },
  {
    "label_id": "F5yeP9X05QiAK9kFJj2XZA",
    "size": [
      2.3386439375742634,
      5.031358297402567,
      1.9699999999999989
    ],
    "obj_class": "vehicle",
    "point_num_in_lidar": 486,
    "speed": 5.695433295429594e-13,
    "if_vehicle": true,
    "motion_state": false,
    "pose": [
      [
        0.18052526308488892,
        0.9834308115828562,
        0.016567082350744434,
        -43.11435147774489
      ],
      [
        -0.9835617404786129,
        0.18056854055592772,
        -0.00114229076154727,
        -24.706327424075425
      ],
      [
        -0.004114857812035822,
        -0.016088536011302945,
        0.9998621039694423,
        1.5936588559609177
      ],
      [
        0.0,
        0.0,
        0.0,
        1.0
      ]
    ],
    "location": [
      -43.11435147774489,
      -24.706327424075425,
      1.5936588559609177
    ],
    "rotation": [
      -0.016089366379607617,
      0.0041148694242906375,
      -1.3892743106826466
    ]
  },
  {
    "label_id": "G8kucBZ9BZFgHAyYWC4yDg",
    "size": [
      0.6424448436469207,
      0.7737368046697366,
      1.9600000000000009
    ],
    "obj_class": "pedestrian",
    "point_num_in_lidar": 44,
    "speed": 1.1872549078897794,
    "if_vehicle": false,
    "motion_state": true,
    "pose": [
      [
        0.9806865921420972,
        -0.1948828873326322,
        0.016567082350744434,
        -4.223408379390435
      ],
      [
        0.19492807424712175,
        0.9808168743665274,
        -0.00114229076154727,
        -13.4088853396388
      ],
      [
        -0.016026661006846295,
        0.004349618692701284,
        0.9998621039694423,
        1.3609786125200714
      ],
      [
        0.0,
        0.0,
        0.0,
        1.0
      ]
    ],
    "location": [
      -4.223408379390435,
      -13.4088853396388,
      1.3609786125200714
    ],
    "rotation": [
      0.004350191129124702,
      0.016027347171124206,
      0.19620964578248168
    ]
  },
  {
    "label_id": "HBbQKTfTGeE6i4ifq3lw6Q",
    "size": [
      0.7811786591794451,
      0.79152006098855,
      1.6699999999999982
    ],
    "obj_class": "pedestrian",
    "point_num_in_lidar": 264,
    "speed": 0.08973483867915563,
    "if_vehicle": false,
    "motion_state": false,
    "pose": [
      [
        -0.9697271649438456,
        0.24362831804278295,
        0.016567082350744434,
        -48.4146833230958
      ],
      [
        -0.2436799565972645,
        -0.9698550272718965,
        -0.00114229076154727,
        3.479423827435312
      ],
      [
        0.01578937372814543,
        -0.005144776289909491,
        0.9998621039694423,
        2.1498042880317705
      ],
      [
        0.0,
        0.0,
        0.0,
        1.0
      ]
    ],
    "location": [
      -48.4146833230958,
      3.479423827435312,
      2.1498042880317705
    ],
    "rotation": [
      -0.005145440422032814,
      -0.015790029861611633,
      -2.8954029409333764
    ]
  },
  {
    "label_id": "HCM_aM5QyvPrLtU-nuZPfg",
    "size": [
      0.525825576450652,
      0.10121620204894,
      0.5399999999999991
    ],
    "obj_class": "sign",
    "point_num_in_lidar": 28,
    "speed": 0.020163751963326055,
    "if_vehicle": false,
    "motion_state": false,
    "pose": [
      [
        -0.20979585746283688,
        -0.9776048434688818,
        0.016567082350744434,
        -27.03256316494992
      ],
      [
        0.9777344223997374,
        -0.20984302329710122,
        -0.00114229076154727,
        -24.360720990365735
      ],
      [
        0.004593195628830627,
        0.015958558823263306,
        0.9998621039694423,
        3.6763228059010657
      ],
      [
        0.0,
        0.0,
        0.0,
        1.0
      ]
    ],
    "location": [
      -27.03256316494992,
      -24.360720990365735,
      3.6763228059010657
    ],
    "rotation": [
      0.015959404643350168,
      -0.004593211779766818,
      1.7821647562674205
    ]
  },
  {
    "label_id": "IFH_3fO9CjAGjaIgv1VweQ",
    "size": [
      0.6876202711867228,
      0.8338225563048567,
      1.8599999999999994
    ],
    "obj_class": "pedestrian",
    "point_num_in_lidar": 44,
    "speed": 1.1085688851369568,
    "if_vehicle": false,
    "motion_state": true,
    "pose": [
      [
        0.15157985324302392,
        0.9883061670723333,
        0.016567082350744434,
        -24.710923865675454
      ],
      [
        -0.9884383099144826,
        0.1516192687794569,
        -0.00114229076154727,
        -37.927247880825234
      ],
      [
        -0.0036408219160558356,
        -0.016202390612987682,
        0.9998621039694423,
        0.6534445266880269
      ],
      [
        0.0,
        0.0,
        0.0,
        1.0
      ]
    ],
    "location": [
      -24.710923865675454,
      -37.927247880825234,
      0.6534445266880269
    ],
    "rotation": [
      -0.016203206999730574,
      0.0036408299596407414,
      -1.418628910947193
    ]
  },
  {
    "label_id": "J5q7gsPFfQ6QsKXpHpk9iQ",
    "size": [
      0.9988912744217542,
      0.9331657411694734,
      1.6799999999999997
    ],
    "obj_class": "pedestrian",
    "point_num_in_lidar": 657,
    "speed": 1.3235701345891793,
    "if_vehicle": false,
    "motion_state": true,
    "pose": [
      [
        0.9646930103978534,
        -0.26285533563523267,
        0.016567082350744434,
        -52.64184361996547
      ],
      [
        0.26290950549183867,
        0.9648198210515022,
        -0.00114229076154727,
        -0.40984775318611355
      ],
      [
        -0.01568399220747121,
        0.005457603341783479,
        0.9998621039694423,
        2.2245977288568284
      ],
      [
        0.0,
        0.0,
        0.0,
        1.0
      ]
    ],
    "location": [
      -52.64184361996547,
      -0.40984775318611355,
      2.2245977288568284
    ],
    "rotation": [
      0.005458301820264742,
      0.01568463528995655,
      0.2660700836442804
    ]
  },
  {
    "label_id": "JaO8P9RbFevS8CHXx_wjlQ",
    "size": [
      1.2514340385647318,
      0.9427540908313997,
      1.6999999999999993
    ],
    "obj_class": "pedestrian",
    "point_num_in_lidar": 247,
    "speed": 1.1983020753545497,
    "if_vehicle": false,
    "motion_state": true,
    "pose": [
      [
        -0.9900605047113312,
        -0.13966291130120315,
        0.016567082350744434,
        -36.689180890950524
      ],
      [
        0.13966324913729497,
        -0.9901984003280503,
        -0.00114229076154727,
        -16.691558071734107
      ],
      [
        0.016564234095120374,
        0.0011828755819255216,
        0.9998621039694423,
        1.9956798846925672
      ],
      [
        0.0,
        0.0,
        0.0,
        1.0
      ]
    ],
    "location": [
      -36.689180890950524,
      -16.691558071734107,
      1.9956798846925672
    ],
    "rotation": [
      0.0011830381663498805,
      -0.0165649916541086,
      3.001451977423958
    ]
  },
  {
    "label_id": "Jc8zsPXiAsLWPw7ILYVKKw",
    "size": [
      0.8520086459819196,
      0.7883763695938778,
      1.8500000000000014
    ],
    "obj_class": "pedestrian",
    "point_num_in_lidar": 150,
    "speed": 0.011937286654566543,
    "if_vehicle": false,
    "motion_state": false,
    "pose": [
      [
        0.0727611354986458,
        0.9972117874069336,
        0.016567082350744434,
        -33.01015808173213
      ],
      [
        -0.9973466388514759,
        0.07278995221512118,
        -0.00114229076154727,
        0.3034195079035271
      ],
      [
        -0.002345022944715645,
        -0.016440009525210776,
        0.9998621039694423,
        1.9835177469450151
      ],
      [
        0.0,
        0.0,
        0.0,
        1.0
      ]
    ],
    "location": [
      -33.01015808173213,
      0.3034195079035271,
      1.9835177469450151
    ],
    "rotation": [
      -0.01644079537543725,
      0.002345025093986322,
      -1.4979706354727202
    ]
  },
  {
    "label_id": "Jen578WRszpN8G3K2BI_Yg",
    "size": [
      0.7754214499116301,
      0.861130270595639,
      1.8699999999999974
    ],
    "obj_class": "pedestrian",
    "point_num_in_lidar": 33,
    "speed": 1.3586781648618877,
    "if_vehicle": false,
    "motion_state": true,
    "pose": [
      [
        0.9917021919139807,
        -0.12748448664598333,
        0.016567082350744434,
        1.644467420009164
      ],
      [
        0.12752067480750812,
        0.991835254802154,
        -0.00114229076154727,
        -13.139601780872908
      ],
      [
        -0.01628619199334257,
        0.003245457772988006,
        0.9998621039694423,
        1.0149797977114545
      ],
      [
        0.0,
        0.0,
        0.0,
        1.0
      ]
    ],
    "location": [
      1.644467420009164,
      -13.139601780872908,
      1.0149797977114545
    ],
    "rotation": [
      0.003245893971012944,
      0.01628691203768442,
      0.12788589645142195
    ]
  },
  {
    "label_id": "KEwfE1F6A1nr8DUnRv4xhA",
    "size": [
      0.7800767695030683,
      1.1437752229948788,
      0.6799999999999997
    ],
    "obj_class": "pedestrian",
    "point_num_in_lidar": 29,
    "speed": 0.006410587213285215,
    "if_vehicle": false,
    "motion_state": false,
    "pose": [
      [
        0.128196112870376,
        0.9916104519554589,
        0.016567082350744434,
        -11.825656607848941
      ],
      [
        -0.9917434888402511,
        0.12823239651033044,
        -0.00114229076154727,
        6.743552183803331
      ],
      [
        -0.0032571441313423914,
        -0.016283858815032935,
        0.9998621039694423,
        0.8372290916420084
      ],
      [
        0.0,
        0.0,
        0.0,
        1.0
      ]
    ],
    "location": [
      -11.825656607848941,
      6.743552183803331,
      0.8372290916420084
    ],
    "rotation": [
      -0.016284664939703743,
      0.003257149890536995,
      -1.4422457714208512
    ]
  },
  {
    "label_id": "MQRSR5TMzUjLo--CfbYRWg",
    "size": [
      1.9835447554662908,
      4.6246996539475065,
      1.5199999999999996
    ],
    "obj_class": "vehicle",
    "point_num_in_lidar": 120,
    "speed": 0.21191233155181718,
    "if_vehicle": true,
    "motion_state": false,
    "pose": [
      [
        -0.16281943920184636,
        -0.986516782422063,
        0.016567082350744434,
        -48.42283945172153
      ],
      [
        0.9866484680558449,
        -0.1628603563021711,
        -0.00114229076154727,
        48.42870026566743
      ],
      [
        0.0038250099412017093,
        0.016159899280316446,
        0.9998621039694423,
        4.843297207943067
      ],
      [
        0.0,
        0.0,
        0.0,
        1.0
      ]
    ],
    "location": [
      -48.42283945172153,
      48.42870026566743,
      4.843297207943067
    ],
    "rotation": [
      0.016160720934043377,
      -0.003825019268359278,
      1.7343450883586768
    ]
  },
  {
    "label_id": "MVS-FDvMfowZTvJj3Dw3dA",
    "size": [
      0.7225624525144175,
      0.7942545817179316,
      1.8900000000000006
    ],
    "obj_class": "pedestrian",
    "point_num_in_lidar": 20,
    "speed": 1.077624156334,
    "if_vehicle": false,
    "motion_state": true,
    "pose": [
      [
        0.9806865921415956,
        -0.19488288733515644,
        0.016567082350744434,
        -3.955028145753431
      ],
      [
        0.19492807424964628,
        0.9808168743660257,
        -0.00114229076154727,
        -14.38872458660262
      ],
      [
        -0.016026661006835096,
        0.004349618692742536,
        0.9998621039694423,
        1.36097861252005
      ],
      [
        0.0,
        0.0,
        0.0,
        1.0
      ]
    ],
    "location": [
      -3.955028145753431,
      -14.38872458660262,
      1.36097861252005
    ],
    "rotation": [
      0.004350191129165959,
      0.016027347171113003,
      0.1962096457850559
    ]
  },
  {
    "label_id": "Nw1AVxmvyVFj7svJBoV1Cw",
    "size": [
      0.7764260929757347,
      0.8406976919930116,
      1.6999999999999993
    ],
    "obj_class": "pedestrian",
    "point_num_in_lidar": 212,
    "speed": 0.041365404525698826,
    "if_vehicle": false,
    "motion_state": false,
    "pose": [
      [
        0.9707166829774736,
        -0.23965527987422774,
        0.016567082350744434,
        -49.918314982558854
      ],
      [
        0.23970639440442926,
        0.9708447556913742,
        -0.00114229076154727,
        4.120894161418619
      ],
      [
        -0.015810309005171,
        0.005080076275143182,
        0.9998621039694423,
        2.186872857271556
      ],
      [
        0.0,
        0.0,
        0.0,
        1.0
      ]
    ],
    "location": [
      -49.918314982558854,
      4.120894161418619,
      2.186872857271556
    ],
    "rotation": [
      0.00508073317589692,
      0.015810967752215736,
      0.24209428193609595
    ]
  },
  {
    "label_id": "OBSWm8PNaPcSVzPQrsJPEw",
    "size": [
      0.7562119436523222,
      0.8606054481484527,
      1.7899999999999991
    ],
    "obj_class": "pedestrian",
    "point_num_in_lidar": 80,
    "speed": 1.1192561235806318,
    "if_vehicle": false,
    "motion_state": true,
    "pose": [
      [
        -0.08509028135325668,
        -0.996235502178881,
        0.016567082350744434,
        -37.6102544839589
      ],
      [
        0.9963699868673542,
        -0.08512076386971842,
        -0.00114229076154727,
        26.284621970437
      ],
      [
        0.0025481933152522378,
        0.016409745781954324,
        0.9998621039694423,
        3.5213316613743295
      ],
      [
        0.0,
        0.0,
        0.0,
        1.0
      ]
    ],
    "location": [
      -37.6102544839589,
      26.284621970437,
      3.5213316613743295
    ],
    "rotation": [
      0.016410535623982387,
      -0.0025481960729529726,
      1.6559899020665443
    ]
  },
  {
    "label_id": "OQlhKA2gf7QxBoRjwYYG8g",
    "size": [
      0.8252768973508244,
      1.0533712119678817,
      1.7899999999999991
    ],
    "obj_class": "pedestrian",
    "point_num_in_lidar": 76,
    "speed": 1.4859568253140623,
    "if_vehicle": false,
    "motion_state": true,
    "pose": [
      [
        0.989603545917918,
        0.14286480913460323,
        0.016567082350744434,
        -29.180432819597286
      ],
      [
        -0.14286559303099672,
        0.9897414397203532,
        -0.00114229076154727,
        -15.916351874644533
      ],
      [
        -0.01656032108941612,
        -0.0012364510567360054,
        0.9998621039694423,
        1.774157186216307
      ],
      [
        0.0,
        0.0,
        0.0,
        1.0
      ]
    ],
    "location": [
      -29.180432819597286,
      -15.916351874644533,
      1.774157186216307
    ],
    "rotation": [
      -0.001236620951583218,
      0.016561078111607484,
      -0.14337590382164495
    ]
  },
  {
    "label_id": "Oggj4tjjPusfmBhJes7YdQ",
    "size": [
      0.5258255764473111,
      0.10121620204894,
      0.5399999999999991
    ],
    "obj_class": "sign",
    "point_num_in_lidar": 26,
    "speed": 0.00954037953279307,
    "if_vehicle": false,
    "motion_state": false,
    "pose": [
      [
        -0.9403152343221068,
        0.33990115016596356,
        0.016567082350744434,
        -20.304548365745973
      ],
      [
        -0.3399653837647433,
        -0.9404372562874712,
        -0.00114229076154727,
        -15.92362096384386
      ],
      [
        0.01519203552694881,
        -0.006706347914341236,
        0.9998621039694423,
        3.8662178216681937
      ],
      [
        0.0,
        0.0,
        0.0,
        1.0
      ]
    ],
    "location": [
      -20.304548365745973,
      -15.92362096384386,
      3.8662178216681937
    ],
    "rotation": [
      -0.006707172242189151,
      -0.01519261996940991,
      -2.7946708410352095
    ]
  },
  {
    "label_id": "P8be1mBpNNUndtHnp5yJsA",
    "size": [
      0.9597539979941803,
      1.2346786865784796,
      2.009999999999998
    ],
    "obj_class": "pedestrian",
    "point_num_in_lidar": 105,
    "speed": 1.7982075344038218,
    "if_vehicle": false,
    "motion_state": true,
    "pose": [
      [
        0.9899196380690951,
        -0.14065788974506646,
        0.016567082350744434,
        -25.09595597237353
      ],
      [
        0.14069584377793232,
        0.9900522080756304,
        -0.00114229076154727,
        -18.03354532560479
      ],
      [
        -0.01624160425473081,
        0.0034616956875170232,
        0.9998621039694423,
        1.8241553325238016
      ],
      [
        0.0,
        0.0,
        0.0,
        1.0
      ]
    ],
    "location": [
      -25.09595597237353,
      -18.03354532560479,
      1.8241553325238016
    ],
    "rotation": [
      0.003462159274267882,
      0.016242318400849748,
      0.1411829618786311
    ]
  },
  {
    "label_id": "Pfs8a-nzPYik9VWWQsxBkg",
    "size": [
      2.0167118969422644,
      4.533564042299038,
      2.1700000000000017
    ],
    "obj_class": "vehicle",
    "point_num_in_lidar": 194,
    "speed": 1.4238583238573984e-12,
    "if_vehicle": true,
    "motion_state": false,
    "pose": [
      [
        0.18052526308526975,
        0.9834308115827863,
        0.016567082350744434,
        -41.745054285518336
      ],
      [
        -0.983561740478543,
        0.18056854055630864,
        -0.00114229076154727,
        -31.797631435541916
      ],
      [
        -0.004114857812042052,
        -0.016088536011301353,
        0.9998621039694423,
        1.2344384237635637
      ],
      [
        0.0,
        0.0,
        0.0,
        1.0
      ]
    ],
    "location": [
      -41.745054285518336,
      -31.797631435541916,
      1.2344384237635637
    ],
    "rotation": [
      -0.016089366379606024,
      0.004114869424296868,
      -1.3892743106822594
    ]
  },
  {
    "label_id": "Q5PhKXgruUST0xy6Tmhvuw",
    "size": [
      2.194585937153162,
      3.7584377944850687,
      1.759999999999998
    ],
    "obj_class": "vehicle",
    "point_num_in_lidar": 520,
    "speed": 7.44947516087694,
    "if_vehicle": true,
    "motion_state": true,
    "pose": [
      [
        0.988771287629649,
        -0.1485155632975527,
        0.016567082350744434,
        -34.5317286671293
      ],
      [
        0.14855456902686615,
        0.988903552017616,
        -0.00114229076154727,
        -4.895878639345028
      ],
      [
        -0.016213598627318745,
        0.003590580085789986,
        0.9998621039694423,
        2.1029066277386796
      ],
      [
        0.0,
        0.0,
        0.0,
        1.0
      ]
    ],
    "location": [
      -34.5317286671293,
      -4.895878639345028,
      2.1029066277386796
    ],
    "rotation": [
      0.0035910598443139397,
      0.016214309085276706,
      0.14912621171232954
    ]
  },
  {
    "label_id": "R2x_jl3E2r_0AQzGO93SkQ",
    "size": [
      1.933337064442454,
      4.367710714817883,
      1.9299999999999997
    ],
    "obj_class": "vehicle",
    "point_num_in_lidar": 123,
    "speed": 5.077022611251297e-28,
    "if_vehicle": true,
    "motion_state": false,
    "pose": [
      [
        0.16750482713169887,
        0.985732045065982,
        0.016567082350744434,
        -40.706616637527645
      ],
      [
        -0.985863534804427,
        0.16754636944659862,
        -0.00114229076154727,
        -39.22384176878586
      ],
      [
        -0.0039017471086300187,
        -0.01614154315115383,
        0.9998621039694423,
        0.7315359199214626
      ],
      [
        0.0,
        0.0,
        0.0,
        1.0
      ]
    ],
    "location": [
      -40.706616637527645,
      -39.22384176878586,
      0.7315359199214626
    ],
    "rotation": [
      -0.016142367062145793,
      0.0039017570084905534,
      -1.4024968432314198
    ]
  },
  {
    "label_id": "RuyQ2rgW8uyRGQXvZRykig",
    "size": [
      0.8520086459822618,
      0.7883763695938778,
      1.7399999999999984
    ],
    "obj_class": "pedestrian",
    "point_num_in_lidar": 132,
    "speed": 0.04436294332775288,
    "if_vehicle": false,
    "motion_state": false,
    "pose": [
      [
        -0.7029667698922829,
        0.7110297126067193,
        0.016567082350744434,
        -32.34520194442052
      ],
      [
        -0.7111401530440188,
        -0.7030493424364648,
        -0.00114229076154727,
        0.05987654855380242
      ],
      [
        0.010835273680885368,
        -0.01258450992532394,
        0.9998621039694423,
        1.8961949078149587
      ],
      [
        0.0,
        0.0,
        0.0,
        1.0
      ]
    ],
    "location": [
      -32.34520194442052,
      0.05987654855380242,
      1.8961949078149587
    ],
    "rotation": [
      -0.012585580971062042,
      -0.010835485707974492,
      -2.3504146640670665
    ]
  },
  {
    "label_id": "SZT8wbUgy2ZsQ08TFaws3Q",
    "size": [
      2.175532474033551,
      4.653172966271873,
      1.8000000000000007
    ],
    "obj_class": "vehicle",
    "point_num_in_lidar": 1101,
    "speed": 6.7799594211734755,
    "if_vehicle": true,
    "motion_state": true,
    "pose": [
      [
        0.9992347506514916,
        0.035432257518189,
        0.016567082350744434,
        -38.02841858688976
      ],
      [
        -0.03541818277280931,
        0.9993719265122909,
        -0.00114229076154727,
        -12.118947730285072
      ],
      [
        -0.016597150945975032,
        0.0005546406735753385,
        0.9998621039694423,
        2.003435834942426
      ],
      [
        0.0,
        0.0,
        0.0,
        1.0
      ]
    ],
    "location": [
      -38.02841858688976,
      -12.118947730285072,
      2.003435834942426
    ],
    "rotation": [
      0.000554717109973193,
      0.01659791303063777,
      -0.03543047431295205
    ]
  },
  {
    "label_id": "Sd3gBm--9zx1QFKFx05RTA",
    "size": [
      2.2967811780768734,
      4.760516157978834,
      1.8200000000000003
    ],
    "obj_class": "vehicle",
    "point_num_in_lidar": 44,
    "speed": 3.384684431417798e-28,
    "if_vehicle": true,
    "motion_state": false,
    "pose": [
      [
        -0.179888948844524,
        -0.983547404991745,
        0.016567082350744434,
        -42.63481566304836
      ],
      [
        0.9836783618604774,
        -0.17993214159594575,
        -0.00114229076154727,
        34.35828001981463
      ],
      [
        0.004104447721631702,
        0.01609119494321836,
        0.9998621039694423,
        3.9030185086432354
      ],
      [
        0.0,
        0.0,
        0.0,
        1.0
      ]
    ],
    "location": [
      -42.63481566304836,
      34.35828001981463,
      3.9030185086432354
    ],
    "rotation": [
      0.01609202498976887,
      -0.004104459245976069,
      1.7516714244886558
    ]
  },
  {
    "label_id": "TXMWKgpsOY75H154LCp75g",
    "size": [
      2.6182996726780177,
      6.262179096259549,
      2.9199999999999946
    ],
    "obj_class": "vehicle",
    "point_num_in_lidar": 238,
    "speed": 0.0225057115159394,
    "if_vehicle": true,
    "motion_state": false,
    "pose": [
      [
        0.980799281059708,
        -0.19431495581952377,
        0.016567082350744434,
        -8.562613717455179
      ],
      [
        0.1943600672822283,
        0.9809295894292636,
        -0.00114229076154727,
        2.0686162271485955
      ],
      [
