[
  {
    "label_id": "-LkeMkCzLfKS3eoqBRh46Q",
    "size": [
      0.6849434706826117,
      0.45657987973683417,
      1.6948055461919083
    ],
    "obj_class": "pedestrian",
    "point_num_in_lidar": 211,
    "speed": 0.010757239420902382,
    "if_vehicle": false,
    "motion_state": false,
    "pose": [
      [
        0.67238944664731,
        -0.7401920478120618,
        -0.00285734021609567,
        -49.56447191030986
      ],
      [
        0.7401938600757099,
        0.672368863233025,
        0.005758581505063546,
        -20.69777643184534
      ],
      [
        -0.0023412696437594,
        -0.005986995115764528,
        0.9999793369594889,
        2.0455341061397796
      ],
      [
        0.0,
        0.0,
        0.0,
        1.0
      ]
    ],
    "location": [
      -49.56447191030986,
      -20.69777643184534,
      2.0455341061397796
    ],
    "rotation": [
      -0.005987047292109313,
      0.002341271782726593,
      0.8333616431793056
    ]
  },
  {
    "label_id": "-h1T1LaQ9WWxLjpd8tPvDw",
    "size": [
      0.7635359400706282,
      0.09606209831191423,
      0.7399999999999984
    ],
    "obj_class": "sign",
    "point_num_in_lidar": 27,
    "speed": 0.015338913942637184,
    "if_vehicle": false,
    "motion_state": false,
    "pose": [
      [
        0.09021532930761701,
        0.9959181843729973,
        -0.00285734021609567,
        -23.877272561967175
      ],
      [
        -0.9959042522055593,
        0.09023058892601452,
        0.005758581505063546,
        -45.95065559231807
      ],
      [
        0.0059928955275471065,
        0.002326124944383568,
        0.9999793369594889,
        4.505785460854522
      ],
      [
        0.0,
        0.0,
        0.0,
        1.0
      ]
    ],
    "location": [
      -23.877272561967175,
      -45.95065559231807,
      4.505785460854522
    ],
    "rotation": [
      0.0023261688145009072,
      -0.0059929314003977305,
      -1.4804565462315966
    ]
  },
  {
    "label_id": "08izZfFATo8NaNCOSiMccQ",
    "size": [
      0.8599354084571103,
      1.2837768931797942,
      1.9100000000000001
    ],
    "obj_class": "pedestrian",
    "point_num_in_lidar": 271,
    "speed": 3.5730371272493984,
    "if_vehicle": false,
    "motion_state": true,
    "pose": [
      [
        0.9998501129863469,
        0.017075923637649128,
        -0.00285734021609567,
        -37.424348095442156
      ],
      [
        -0.017059258315391117,
        0.9998378970837115,
        0.005758581505063546,
        -18.500822915306344
      ],
      [
        0.0029552101309554555,
        -0.005708974263637542,
        0.9999793369594889,
        1.9991585922981656
      ],
      [
        0.0,
        0.0,
        0.0,
        1.0
      ]
    ],
    "location": [
      -37.424348095442156,
      -18.500822915306344,
      1.9991585922981656
    ],
    "rotation": [
      -0.0057090302051765315,
      -0.002955214432412172,
      -0.01706016035266864
    ]
  },
  {
    "label_id": "36R0oUdPylF5K-WxzOUm4w",
    "size": [
      0.859685635262079,
      0.9487702636058615,
      1.6699999999999982
    ],
    "obj_class": "pedestrian",
    "point_num_in_lidar": 20,
    "speed": 1.4417338028368227,
    "if_vehicle": false,
    "motion_state": true,
    "pose": [
      [
        -0.15019213997181213,
        -0.9886526977142059,
        -0.00285734021609567,
        -57.875758787798986
      ],
      [
        0.9886378694761793,
        -0.15020653040614132,
        0.005758581505063546,
        37.96017880931504
      ],
      [
        -0.006122428300037871,
        -0.0019599810641618355,
        0.9999793369594889,
        4.606248646069179
      ],
      [
        0.0,
        0.0,
        0.0,
        1.0
      ]
    ],
    "location": [
      -57.875758787798986,
      37.96017880931504,
      4.606248646069179
    ],
    "rotation": [
      -0.0019600190542444287,
      0.0061224665496643705,
      1.7215617884463639
    ]
  },
  {
    "label_id": "3s4MKnrmFE2n-pb2Kb9lMA",
    "size": [
      0.8451266051880332,
      0.9451007430495503,
      1.8999999999999986
    ],
    "obj_class": "pedestrian",
    "point_num_in_lidar": 70,
    "speed": 1.2252759129993833,
    "if_vehicle": false,
    "motion_state": true,
    "pose": [
      [
        -0.2967052585757752,
        -0.9549648292687913,
        -0.00285734021609567,
        -56.26162540454118
      ],
      [
        0.9549480113072671,
        -0.29671726346700045,
        0.005758581505063546,
        30.17035120057517
      ],
      [
        -0.006347064973527543,
        -0.0010200099424992806,
        0.9999793369594889,
        4.0690688768643
      ],
      [
        0.0,
        0.0,
        0.0,
        1.0
      ]
    ],
    "location": [
      -56.26162540454118,
      30.17035120057517,
      4.0690688768643
    ],
    "rotation": [
      -0.0010200306656735051,
      0.006347107589799487,
      1.8720432786156884
    ]
  },
  {
    "label_id": "4ieIaDhGopv8IzBazdrVAg",
    "size": [
      2.040133615370168,
      4.863289663388457,
      1.5500000000000007
    ],
    "obj_class": "vehicle",
    "point_num_in_lidar": 373,
    "speed": 0.027717925307925502,
    "if_vehicle": true,
    "motion_state": false,
    "pose": [
      [
        0.9847850797718364,
        -0.17375322231736343,
        -0.00285734021609567,
        -20.648923000225068
      ],
      [
        0.17376725462844642,
        0.9847699121916461,
        0.005758581505063546,
        0.2685507225996844
      ],
      [
        0.0018132505812242278,
        -0.006167477311727022,
        0.9999793369594889,
        1.4791600473203346
      ],
      [
        0.0,
        0.0,
        0.0,
        1.0
      ]
    ],
    "location": [
      -20.648923000225068,
      0.2685507225996844,
      1.4791600473203346
    ],
    "rotation": [
      -0.006167526551090091,
      -0.0018132515748500474,
      0.17465413048076245
    ]
  },
  {
    "label_id": "5_8SCmp05AepT5qREHEGCg",
    "size": [
      0.9905850335452472,
      0.9725125636682508,
      1.7300000000000004
    ],
    "obj_class": "pedestrian",
    "point_num_in_lidar": 48,
    "speed": 1.3514628365554553,
    "if_vehicle": false,
    "motion_state": true,
    "pose": [
      [
        0.9995808290287036,
        0.02880975260530484,
        -0.00285734021609567,
        -34.49450151111262
      ],
      [
        -0.028792945055753957,
        0.9995688095644372,
        0.005758581505063546,
        3.1350301421116455
      ],
      [
        0.003022011466841705,
        -0.00567389643501314,
        0.9999793369594889,
        2.016987536361871
      ],
      [
        0.0,
        0.0,
        0.0,
        1.0
      ]
    ],
    "location": [
      -34.49450151111262,
      3.1350301421116455,
      2.016987536361871
    ],
    "rotation": [
      -0.005673952788016115,
      -0.0030220160666407435,
      -0.028797056459561602
    ]
  },
  {
    "label_id": "5t8pkk_JnoYw1nKx095DbQ",
    "size": [
      0.797868158266567,
      0.9549442125635543,
      1.6799999999999997
    ],
    "obj_class": "pedestrian",
    "point_num_in_lidar": 297,
    "speed": 1.4149521288775273,
    "if_vehicle": false,
    "motion_state": true,
    "pose": [
      [
        -0.99885960532825,
        0.04765841426633858,
        -0.00285734021609567,
        -43.42382917888483
      ],
      [
        -0.0476742541921562,
        -0.9988463366435658,
        0.005758581505063546,
        -16.70822927068002
      ],
      [
        -0.0025795989444367,
        0.00588823601317395,
        0.9999793369594889,
        1.9781994902162694
      ],
      [
        0.0,
        0.0,
        0.0,
        1.0
      ]
    ],
    "location": [
      -43.42382917888483,
      -16.70822927068002,
      1.9781994902162694
    ],
    "rotation": [
      0.0058882896307662445,
      0.002579601805362681,
      -3.0939001628188154
    ]
  },
  {
    "label_id": "6DfvY_wSmDg4gUB46NtKwg",
    "size": [
      0.8366066260329161,
      0.7007453081157677,
      1.7697139242488191
    ],
    "obj_class": "pedestrian",
    "point_num_in_lidar": 78,
    "speed": 0.025768871577696893,
    "if_vehicle": false,
    "motion_state": false,
    "pose": [
      [
        0.6712357391695675,
        0.7412384353690612,
        -0.00285734021609567,
        -44.475691033808516
      ],
      [
        -0.7412181260605027,
        0.6712395461669453,
        0.005758581505063546,
        -27.79993461160666
      ],
      [
        0.006186441694655135,
        -0.0017474533526277854,
        0.9999793369594889,
        1.5480799171113162
      ],
      [
        0.0,
        0.0,
        0.0,
        1.0
      ]
    ],
    "location": [
      -44.475691033808516,
      -27.79993461160666,
      1.5480799171113162
    ],
    "rotation": [
      -0.0017474876822957388,
      -0.006186481156646924,
      -0.8349043503710091
    ]
  },
  {
    "label_id": "6WHUSHTXwPUPbO8yIs4yQQ",
    "size": [
      0.889604074463424,
      0.8916020213374418,
      1.7800000000000011
    ],
    "obj_class": "pedestrian",
    "point_num_in_lidar": 419,
    "speed": 1.0042283687774685,
    "if_vehicle": false,
    "motion_state": true,
    "pose": [
      [
        0.1766015534493455,
        0.9842782771788511,
        -0.00285734021609567,
        -53.1772956430209
      ],
      [
        -0.9842630690655911,
        0.17661554182073858,
        0.005758581505063546,
        4.309184432795519
      ],
      [
        0.006172697373229866,
        0.0017954000109999706,
        0.9999793369594889,
        2.4462067192638486
      ],
      [
        0.0,
        0.0,
        0.0,
        1.0
      ]
    ],
    "location": [
      -53.1772956430209,
      4.309184432795519,
      2.4462067192638486
    ],
    "rotation": [
      0.0017954351809397638,
      -0.006172736572786283,
      -1.3932602491246429
    ]
  },
  {
    "label_id": "6k1Fgl9ysuxlrOUgJkRAwQ",
    "size": [
      0.43978770241011356,
      0.0907517669424712,
      0.620000000000001
    ],
    "obj_class": "sign",
    "point_num_in_lidar": 50,
    "speed": 0.011642327442953295,
    "if_vehicle": false,
    "motion_state": false,
    "pose": [
      [
        -0.9994693024007043,
        -0.03244917819512349,
        -0.00285734021609567,
        -24.27765227179873
      ],
      [
        0.03243232699240341,
        -0.9994573442148031,
        0.005758581505063546,
        1.4233259206921502
      ],
      [
        -0.003042650901306079,
        0.005662855247466501,
        0.9999793369594889,
        3.8712376256082486
      ],
      [
        0.0,
        0.0,
        0.0,
        1.0
      ]
    ],
    "location": [
      -24.27765227179873,
      1.4233259206921502,
      3.8712376256082486
    ],
    "rotation": [
      0.0056629117270896685,
      0.0030426555959962727,
      3.1091544880109057
    ]
  },
  {
    "label_id": "73DbqBTixcev79gSfQli1Q",
    "size": [
      1.00559377225537,
      0.9917054885455836,
      1.9800000000000004
    ],
    "obj_class": "pedestrian",
    "point_num_in_lidar": 457,
    "speed": 0.6118349597333895,
    "if_vehicle": false,
    "motion_state": false,
    "pose": [
      [
        0.3309860464736068,
        -0.9436313224171085,
        -0.00285734021609567,
        -47.169321398189595
      ],
      [
        0.9436249743694899,
        0.33096638271164247,
        0.005758581505063546,
        -19.349179399177956
      ],
      [
        -0.00448829432537213,
        -0.004602267713835205,
        0.9999793369594889,
        2.130320020174924
      ],
      [
        0.0,
        0.0,
        0.0,
        1.0
      ]
    ],
    "location": [
      -47.169321398189595,
      -19.349179399177956,
      2.130320020174924
    ],
    "rotation": [
      -0.004602330317701293,
      0.004488309394796815,
      1.2334444657993267
    ]
  },
  {
    "label_id": "8bOLWx11Kp9fHLqHd13oAw",
    "size": [
      0.9103511528310353,
      0.9856897121378135,
      1.8299999999999983
    ],
    "obj_class": "pedestrian",
    "point_num_in_lidar": 177,
    "speed": 1.384185853132811,
    "if_vehicle": false,
    "motion_state": true,
    "pose": [
      [
        0.9408674023731557,
        0.3387629949662149,
        -0.00285734021609567,
        -32.42090002875159
      ],
      [
        -0.3387432794806577,
        0.9408612168357982,
        0.005758581505063546,
        4.144707551882675
      ],
      [
        0.004639154910042014,
        -0.004450156826631017,
        0.9999793369594889,
        2.07867841948978
      ],
      [
        0.0,
        0.0,
        0.0,
        1.0
      ]
    ],
    "location": [
      -32.42090002875159,
      4.144707551882675,
      2.07867841948978
    ],
    "rotation": [
      -0.004450219404015867,
      -0.004639171550664942,
      -0.34558476216722733
    ]
  },
  {
    "label_id": "9MJNWkZklOdq7gQT2jjjrg",
    "size": [
      2.1439849996011495,
      4.745664128628958,
      1.8900000000000006
    ],
    "obj_class": "vehicle",
    "point_num_in_lidar": 1398,
    "speed": 0.03122155498046498,
    "if_vehicle": true,
    "motion_state": false,
    "pose": [
      [
        -0.19947921374357944,
        -0.9798978920740328,
        -0.00285734021609567,
        -39.230836683502275
      ],
      [
        0.9798823622728305,
        -0.19949284409639134,
        0.005758581505063546,
        14.87445883088185
      ],
      [
        -0.006212840804408202,
        -0.0016511399698565903,
        0.9999793369594889,
        2.6506421956779
      ],
      [
        0.0,
        0.0,
        0.0,
        1.0
      ]
    ],
    "location": [
      -39.230836683502275,
      14.87445883088185,
      2.6506421956779
    ],
    "rotation": [
      -0.001651172587562389,
      0.006212880773747557,
      1.7716266801095395
    ]
  },
  {
    "label_id": "ADFqdNGlbwpbwAp5geQE3w",
    "size": [
      0.8158004057840502,
      0.8888612554380027,
      1.7699999999999996
    ],
    "obj_class": "pedestrian",
    "point_num_in_lidar": 45,
    "speed": 1.260418788982655,
    "if_vehicle": false,
    "motion_state": true,
    "pose": [
      [
        -0.13300525592642584,
        -0.9911112134885951,
        -0.00285734021609567,
        -56.502119073284234
      ],
      [
        0.9910966373213879,
        -0.13301990162861818,
        0.005758581505063546,
        31.86203624265545
      ],
      [
        -0.006087477817921051,
        -0.0020659786730014263,
        0.9999793369594889,
        4.1040689166112685
      ],
      [
        0.0,
        0.0,
        0.0,
        1.0
      ]
    ],
    "location": [
      -56.502119073284234,
      31.86203624265545,
      4.1040689166112685
    ],
    "rotation": [
      -0.0020660184237263953,
      0.006087515416217435,
      1.7041993770257475
    ]
  },
  {
    "label_id": "DFFZT9hbqKnRJi5XKB72zQ",
    "size": [
      1.9835447554656358,
      4.6246996539475065,
      1.5199999999999996
    ],
    "obj_class": "vehicle",
    "point_num_in_lidar": 406,
    "speed": 4.627872967724066,
    "if_vehicle": true,
    "motion_state": true,
    "pose": [
      [
        -0.19352899412313118,
        -0.9810903954481353,
        -0.00285734021609567,
        -45.11394780064927
      ],
      [
        0.981074948649193,
        -0.19354271846812812,
        0.005758581505063546,
        25.23810651147869
      ],
      [
        -0.006202706399034577,
        -0.001688812419528318,
        0.9999793369594889,
        3.3365826689903315
      ],
      [
        0.0,
        0.0,
        0.0,
        1.0
      ]
    ],
    "location": [
      -45.11394780064927,
      25.23810651147869,
      3.3365826689903315
    ],
    "rotation": [
      -0.0016888457106051802,
      0.006202746173096225,
      1.7655579975444897
    ]
  },
  {
    "label_id": "F5yeP9X05QiAK9kFJj2XZA",
    "size": [
      2.338643937574261,
      5.031358297402567,
      1.9699999999999989
    ],
    "obj_class": "vehicle",
    "point_num_in_lidar": 804,
    "speed": 0.017563234413936268,
    "if_vehicle": true,
    "motion_state": false,
    "pose": [
      [
        0.1805493053671889,
        0.9835617845048246,
        -0.00285734021609567,
        -43.11444879961937
      ],
      [
        -0.9835465203890923,
        0.1805632326071909,
        0.005758581505063546,
        -24.70935374079454
      ],
      [
        0.006179851287413543,
        0.0017706191364691482,
        0.9999793369594889,
        1.5936588559609177
      ],
      [
        0.0,
        0.0,
        0.0,
        1.0
      ]
    ],
    "location": [
      -43.11444879961937,
      -24.70935374079454,
      1.5936588559609177
    ],
    "rotation": [
      0.0017706538731374994,
      -0.0061798906234217885,
      -1.389247915275461
    ]
  },
  {
    "label_id": "G8kucBZ9BZFgHAyYWC4yDg",
    "size": [
      0.6424448436463435,
      0.7737368046697366,
      1.9600000000000009
    ],
    "obj_class": "pedestrian",
    "point_num_in_lidar": 44,
    "speed": 1.1644821897000417,
    "if_vehicle": false,
    "motion_state": true,
    "pose": [
      [
        0.9808171995908989,
        -0.1949088417531548,
        -0.00285734021609567,
        -2.820391352975207
      ],
      [
        0.19492254435651873,
        0.9808017335020522,
        0.005758581505063546,
        -13.21157158585811
      ],
      [
        0.0016800857858586865,
        -0.006205075810425943,
        0.9999793369594889,
        1.301008819586471
      ],
      [
        0.0,
        0.0,
        0.0,
        1.0
      ]
    ],
    "location": [
      -2.820391352975207,
      -13.21157158585811,
      1.301008819586471
    ],
    "rotation": [
      -0.006205124387770599,
      -0.0016800865762527577,
      0.1961787596239744
    ]
  },
  {
    "label_id": "HBbQKTfTGeE6i4ifq3lw6Q",
    "size": [
      0.7811786591794463,
      0.79152006098855,
      1.6699999999999982
    ],
    "obj_class": "pedestrian",
    "point_num_in_lidar": 345,
    "speed": 0.03050914876586114,
    "if_vehicle": false,
    "motion_state": false,
    "pose": [
      [
        -0.9698563128196379,
        0.2436607643646923,
        -0.00285734021609567,
        -48.472934491139426
      ],
      [
        -0.24367367727560427,
        -0.9698401815464415,
        0.005758581505063546,
        3.5479008837883157
      ],
      [
        -0.0013680229827380084,
        0.006281255223255793,
        0.9999793369594889,
        2.1498042880317563
      ],
      [
        0.0,
        0.0,
        0.0,
        1.0
      ]
    ],
    "location": [
      -48.472934491139426,
      3.5479008837883157,
      2.1498042880317563
    ],
    "rotation": [
      0.006281302405372319,
      0.0013680234094445452,
      -2.895440505628903
    ]
  },
  {
    "label_id": "HCM_aM5QyvPrLtU-nuZPfg",
    "size": [
      0.5258255764506518,
      0.10121620204894,
      0.5399999999999991
    ],
    "obj_class": "sign",
    "point_num_in_lidar": 53,
    "speed": 0.017948612460041802,
    "if_vehicle": false,
    "motion_state": false,
    "pose": [
      [
        -0.20982379799117595,
        -0.9777350404907496,
        -0.00285734021609567,
        -27.03978367191553
      ],
      [
        0.9777193675089652,
        -0.20983726346128082,
        0.005758581505063546,
        -24.336224300870526
      ],
      [
        -0.006229943372745968,
        -0.0015853894264048125,
        0.9999793369594889,
        3.6806495104699977
      ],
      [
        0.0,
        0.0,
        0.0,
        1.0
      ]
    ],
    "location": [
      -27.03978367191553,
      -24.336224300870526,
      3.6806495104699977
    ],
    "rotation": [
      -0.001585420857696556,
      0.006229983673078746,
      1.7821952340504386
    ]
  },
  {
    "label_id": "HihNMpjxnDeHlSmzUHVkfQ",
    "size": [
      0.8435625032104586,
      1.0944192960465922,
      1.759999999999998
    ],
    "obj_class": "pedestrian",
    "point_num_in_lidar": 38,
    "speed": 1.0886541517569424,
    "if_vehicle": false,
    "motion_state": true,
    "pose": [
      [
        0.21807203507727582,
        0.9759284928334375,
        -0.00285734021609567,
        -56.29034291975984
      ],
      [
        -0.9759127067117701,
        0.2180853677291449,
        0.005758581505063546,
        25.51644926158042
      ],
      [
        0.006243107860849673,
        0.0015327290363187495,
        0.9999793369594889,
        3.7063972257963123
      ],
      [
        0.0,
        0.0,
        0.0,
        1.0
      ]
    ],
    "location": [
      -56.29034291975984,
      25.51644926158042,
      3.7063972257963123
    ],
    "rotation": [
      0.001532759507483832,
      -0.006243148417201472,
      -1.3509534492008983
    ]
  },
  {
    "label_id": "IFH_3fO9CjAGjaIgv1VweQ",
    "size": [
      0.6876202711858348,
      0.8338225563048567,
      1.8599999999999994
    ],
    "obj_class": "pedestrian",
    "point_num_in_lidar": 43,
    "speed": 1.1108103385149706,
    "if_vehicle": false,
    "motion_state": true,
    "pose": [
      [
        0.15218902334946222,
        0.9883472753940419,
        -0.00285734021609567,
        -24.415000047554486
      ],
      [
        -0.9883324181159726,
        0.15220338379971732,
        0.005758581505063546,
        -39.23799047131979
      ],
      [
        0.006126375190220853,
        0.0019476090700199513,
        0.9999793369594889,
        0.6391571862161527
      ],
      [
        0.0,
        0.0,
        0.0,
        1.0
      ]
    ],
    "location": [
      -24.415000047554486,
      -39.23799047131979,
      0.6391571862161527
    ],
    "rotation": [
      0.0019476468516849519,
      -0.00612641351387,
      -1.4180107170756042
    ]
  },
  {
    "label_id": "J5q7gsPFfQ6QsKXpHpk9iQ",
    "size": [
      0.9988912744235824,
      0.9331657411694734,
      1.6799999999999997
    ],
    "obj_class": "pedestrian",
    "point_num_in_lidar": 651,
    "speed": 1.2657853999109294,
    "if_vehicle": false,
    "motion_state": true,
    "pose": [
      [
        0.9457289609788019,
        -0.3249439458935115,
        -0.00285734021609567,
        -51.13216721398362
      ],
      [
        0.3249554458661496,
        0.9457117938045299,
        0.005758581505063546,
        0.05470405133382883
      ],
      [
        0.0008310041442689136,
        -0.006374565567408141,
        0.9999793369594889,
        2.1615996973715497
      ],
      [
        0.0,
        0.0,
        0.0,
        1.0
      ]
    ],
    "location": [
      -51.13216721398362,
      0.05470405133382883,
      2.1615996973715497
    ],
    "rotation": [
      -0.00637461094111545,
      -0.0008310042399130728,
      0.3309647354759774
    ]
  },
  {
    "label_id": "JaO8P9RbFevS8CHXx_wjlQ",
    "size": [
      1.2514340385656728,
      0.9427540908313997,
      1.6999999999999993
    ],
    "obj_class": "pedestrian",
    "point_num_in_lidar": 430,
    "speed": 1.1157403505111403,
    "if_vehicle": false,
    "motion_state": true,
    "pose": [
      [
        -0.9924315232311255,
        -0.1227660673966438,
        -0.00285734021609567,
        -38.071605900224995
      ],
      [
        0.12274820314791306,
        -0.9924211391153498,
        0.005758581505063546,
        -16.543730866194892
      ],
      [
        -0.0035426432372574618,
        0.005364264437412789,
        0.9999793369594889,
        2.0076768297583563
      ],
      [
        0.0,
        0.0,
        0.0,
        1.0
      ]
    ],
    "location": [
      -38.071605900224995,
      -16.543730866194892,
      2.0076768297583563
    ],
    "rotation": [
      0.005364323826583573,
      0.0035426506475176775,
      3.0185333217279675
    ]
  },
  {
    "label_id": "Jc8zsPXiAsLWPw7ILYVKKw",
    "size": [
      0.8520086459819229,
      0.7883763695938778,
      1.8500000000000014
    ],
    "obj_class": "pedestrian",
    "point_num_in_lidar": 292,
    "speed": 0.01193728665676818,
    "if_vehicle": false,
    "motion_state": false,
    "pose": [
      [
        0.07277082579755483,
        0.9973445956737477,
        -0.00285734021609567,
        -33.00679150865653
      ],
      [
        -0.9973309327161081,
        0.07278632692111717,
        0.005758581505063546,
        0.289502986068328
      ],
      [
        0.005951265441915519,
        0.0024306570512599396,
        0.9999793369594889,
        1.9835177469450258
      ],
      [
        0.0,
        0.0,
        0.0,
        1.0
      ]
    ],
    "location": [
      -33.00679150865653,
      0.289502986068328,
      1.9835177469450258
    ],
    "rotation": [
      0.0024307024899332306,
      -0.005951300572359262,
      -1.497959827868323
    ]
  },
  {
    "label_id": "Jen578WRszpN8G3K2BI_Yg",
    "size": [
      0.7754214499108263,
      0.861130270595639,
      1.8699999999999974
    ],
    "obj_class": "pedestrian",
    "point_num_in_lidar": 31,
    "speed": 1.3348050026837477,
    "if_vehicle": false,
    "motion_state": true,
    "pose": [
      [
        0.9884504369338534,
        -0.15151755453466081,
        -0.00285734021609567,
        3.248823704700044
      ],
      [
        0.1515319250748936,
        0.9884355894149839,
        0.005758581505063546,
        -12.906723898029668
      ],
      [
        0.0019517705734199055,
        -0.006125050668338158,
        0.9999793369594889,
        0.954995072382502
      ],
      [
        0.0,
        0.0,
        0.0,
        1.0
      ]
    ],
    "location": [
      3.248823704700044,
      -12.906723898029668,
      0.954995072382502
    ],
    "rotation": [
      -0.006125100633797513,
      -0.00195177181260389,
      0.15211820317845579
    ]
  },
  {
    "label_id": "KEwfE1F6A1nr8DUnRv4xhA",
    "size": [
      0.780076769503071,
      1.1437752229948788,
      0.6799999999999997
    ],
    "obj_class": "pedestrian",
    "point_num_in_lidar": 26,
    "speed": 0.006410587208194962,
    "if_vehicle": false,
    "motion_state": false,
    "pose": [
      [
        0.12821318597739603,
        0.9917425142386581,
        -0.00285734021609567,
        -11.824612824250949
      ],
      [
        -0.9917280090314293,
        0.12822790196212033,
        0.005758581505063546,
        6.735934309159347
      ],
      [
        0.0060774208413818965,
        0.0020953782421592867,
        0.9999793369594889,
        0.8372290916419871
      ],
      [
        0.0,
        0.0,
        0.0,
        1.0
      ]
    ],
    "location": [
      -11.824612824250949,
      6.735934309159347,
      0.8372290916419871
    ],
    "rotation": [
      0.002095418473094554,
      -0.006077458253638168,
      -1.4422268543771117
    ]
  },
  {
    "label_id": "L_aIsNaDxXc8uF3ViHxdrQ",
    "size": [
      0.8122322634863259,
      0.7338474175354834,
      1.7899999999999991
    ],
    "obj_class": "pedestrian",
    "point_num_in_lidar": 46,
    "speed": 1.1724916605443756,
    "if_vehicle": false,
    "motion_state": true,
    "pose": [
      [
        0.2174260326125518,
        0.9760726181741065,
        -0.00285734021609567,
        -39.5317735783492
      ],
      [
        -0.9760568408806103,
        0.2174393757101342,
        0.005758581505063546,
        34.81197250857622
      ],
      [
        0.006242091999395664,
        0.0015368609345214753,
        0.9999793369594889,
        4.175306085420669
      ],
      [
        0.0,
        0.0,
        0.0,
        1.0
      ]
    ],
    "location": [
      -39.5317735783492,
      34.81197250857622,
      4.175306085420669
    ],
    "rotation": [
      0.0015368914813322344,
      -0.006242132535952797,
      -1.3516153486889007
    ]
  },
  {
    "label_id": "MQRSR5TMzUjLo--CfbYRWg",
    "size": [
      1.9835447554659504,
      4.6246996539475065,
      1.5199999999999996
    ],
    "obj_class": "vehicle",
    "point_num_in_lidar": 97,
    "speed": 1.0314040747239404,
    "if_vehicle": true,
    "motion_state": true,
    "pose": [
      [
        -0.17092109268086972,
        -0.9852805771371254,
        -0.00285734021609567,
        -48.50205065079763
      ],
      [
        0.9852654499647208,
        -0.17093516854312388,
        0.005758581505063546,
        49.07147267901564
      ],
      [
        -0.0061622384402235456,
        -0.0018309755505764836,
        0.9999793369594889,
        4.843297207943056
      ],
      [
        0.0,
        0.0,
        0.0,
        1.0
      ]
    ],
    "location": [
      -48.50205065079763,
      49.07147267901564,
      4.843297207943056
    ],
    "rotation": [
      -0.0018310113386597435,
      0.006162277440857569,
      1.7425640632893724
    ]
  },
  {
    "label_id": "MVS-FDvMfowZTvJj3Dw3dA",
    "size": [
      0.7225624525131318,
      0.7942545817179316,
      1.8900000000000006
    ],
    "obj_class": "pedestrian",
    "point_num_in_lidar": 23,
    "speed": 1.3017426772180893,
    "if_vehicle": false,
    "motion_state": true,
    "pose": [
      [
        0.9808171995912606,
        -0.1949088417513341,
        -0.00285734021609567,
        -2.5153854136517566
      ],
      [
        0.19492254435469808,
        0.9808017335024142,
        0.005758581505063546,
        -14.173410159659397
      ],
      [
        0.001680085785870205,
        -0.006205075810422824,
        0.9999793369594889,
        1.301008819586471
      ],
      [
        0.0,
        0.0,
        0.0,
        1.0
      ]
    ],
    "location": [
      -2.5153854136517566,
      -14.173410159659397,
      1.301008819586471
    ],
    "rotation": [
      -0.00620512438776748,
      -0.0016800865762642762,
      0.19617875962211817
    ]
  },
  {
    "label_id": "Nn-KZts2aKZF9Jza95PVpw",
    "size": [
      0.8067437574391855,
      0.8096059456584044,
      1.7700000000000031
    ],
    "obj_class": "pedestrian",
    "point_num_in_lidar": 22,
    "speed": 1.0481742138665169,
    "if_vehicle": false,
    "motion_state": true,
    "pose": [
      [
        0.16162044014961396,
        0.9868488582010594,
        -0.00285734021609567,
        -45.93021099252769
      ],
      [
        -0.9868338644633956,
        0.16163465806345634,
        0.005758581505063546,
        -38.16386010624774
      ],
      [
        0.006144694791929284,
        0.0018890156100505667,
        0.9999793369594889,
        0.9280402178296541
      ],
      [
        0.0,
        0.0,
        0.0,
        1.0
      ]
    ],
    "location": [
      -45.93021099252769,
      -38.16386010624774,
      0.9280402178296541
    ],
    "rotation": [
      0.001889052396620226,
      -0.0061447334604072005,
      -1.408460774024774
    ]
  },
  {
    "label_id": "Nw1AVxmvyVFj7svJBoV1Cw",
    "size": [
      0.7764260929757345,
      0.8406976919930116,
      1.6999999999999993
    ],
    "obj_class": "pedestrian",
    "point_num_in_lidar": 124,
    "speed": 0.037050794332744774,
    "if_vehicle": false,
    "motion_state": false,
    "pose": [
      [
        0.9708459626368819,
        -0.2396871970685032,
        -0.00285734021609567,
        -49.874131558635554
      ],
      [
        0.23970017592809242,
        0.9708298843768105,
        0.005758581505063546,
        4.125661118689095
      ],
      [
        0.0013937330115781658,
        -0.006275600557190908,
        0.9999793369594889,
        2.1764410121516846
      ],
      [
        0.0,
        0.0,
        0.0,
        1.0
      ]
    ],
    "location": [
      -49.874131558635554,
      4.125661118689095,
      2.1764410121516846
    ],
    "rotation": [
      -0.006275647845366813,
      -0.0013937334627976963,
      0.2420572517319442
    ]
  },
  {
    "label_id": "OBSWm8PNaPcSVzPQrsJPEw",
    "size": [
      0.7562119436534073,
      0.8606054481484527,
      1.7899999999999991
    ],
    "obj_class": "pedestrian",
    "point_num_in_lidar": 89,
    "speed": 1.083672727516062,
    "if_vehicle": false,
    "motion_state": true,
    "pose": [
      [
        -0.023080041716459693,
        -0.9997295370655285,
        -0.00285734021609567,
        -37.679703561097995
      ],
      [
        0.9997166619291967,
        -0.023096203155368294,
        0.005758581505063546,
        27.629331206067945
      ],
      [
        -0.005823017732326243,
        -0.0027236223214667124,
        0.9999793369594889,
        3.6163366928250618
      ],
      [
        0.0,
        0.0,
        0.0,
        1.0
      ]
    ],
    "location": [
      -37.679703561097995,
      27.629331206067945,
      3.6163366928250618
    ],
    "rotation": [
      -0.0027236718658427096,
      0.00582305064019179,
      1.5938788094887086
    ]
  },
  {
    "label_id": "OQlhKA2gf7QxBoRjwYYG8g",
    "size": [
      0.8252768973475787,
      1.0533712119678817,
      1.7899999999999991
    ],
    "obj_class": "pedestrian",
    "point_num_in_lidar": 144,
    "speed": 1.5731308555630572,
    "if_vehicle": false,
    "motion_state": true,
    "pose": [
      [
        0.9866963433634101,
        0.1625489513966941,
        -0.00285734021609567,
        -27.37952354179413
      ],
      [
        -0.16253068428038314,
        0.98668668553214,
        0.005758581505063546,
        -16.21547332915179
      ],
      [
        0.0037553509324376004,
        -0.0052175658534624764,
        0.9999793369594889,
        1.7855789678590526
      ],
      [
        0.0,
        0.0,
        0.0,
        1.0
      ]
    ],
    "location": [
      -27.37952354179413,
      -16.21547332915179,
      1.7855789678590526
    ],
    "rotation": [
      -0.005217626318382845,
      -0.003755359759233572,
      -0.16325606272285542
    ]
  },
  {
    "label_id": "Oggj4tjjPusfmBhJes7YdQ",
    "size": [
      0.5258255764473141,
      0.10121620204894,
      0.5399999999999991
    ],
    "obj_class": "sign",
    "point_num_in_lidar": 45,
    "speed": 0.0021588384493952924,
    "if_vehicle": false,
    "motion_state": false,
    "pose": [
      [
        -0.9404404651287495,
        0.3399464180651279,
        -0.00285734021609567,
        -20.31503472376596
      ],
      [
        -0.33995764350680613,
        -0.9404231171979712,
        0.005758581505063546,
        -15.928201241213173
      ],
      [
        -0.0007294996371333687,
        0.006386977715664887,
        0.9999793369594889,
        3.8824322505733093
      ],
      [
        0.0,
        0.0,
        0.0,
        1.0
      ]
    ],
    "location": [
      -20.31503472376596,
      -15.928201241213173,
      3.8824322505733093
    ],
    "rotation": [
      0.00638702284048804,
      0.0007294997018363206,
      -2.7947206992241065
    ]
  },
  {
    "label_id": "P8be1mBpNNUndtHnp5yJsA",
    "size": [
      0.9597539979928198,
      1.2346786865784796,
      2.009999999999998
    ],
    "obj_class": "pedestrian",
    "point_num_in_lidar": 130,
    "speed": 1.8169672752106831,
    "if_vehicle": false,
    "motion_state": true,
    "pose": [
      [
        0.9890886625710005,
        -0.1472937649067297,
        -0.00285734021609567,
        -22.973264083757044
      ],
      [
        0.1473081987406457,
        0.9890738765748676,
        0.005758581505063546,
        -17.71465534417075
      ],
      [
        0.0019779174138239417,
        -0.006116657319571662,
        0.9999793369594889,
        1.803169296259604
      ],
      [
        0.0,
        0.0,
        0.0,
        1.0
      ]
    ],
    "location": [
      -22.973264083757044,
      -17.71465534417075,
      1.803169296259604
    ],
    "rotation": [
      -0.006116707426058672,
      -0.001977918703480219,
      0.14784651799534745
    ]
  },
  {
    "label_id": "Q5PhKXgruUST0xy6Tmhvuw",
    "size": [
      2.1945859371546135,
      3.7584377944850687,
      1.759999999999998
    ],
    "obj_class": "vehicle",
    "point_num_in_lidar": 440,
    "speed": 7.7964562430404705,
    "if_vehicle": true,
    "motion_state": true,
    "pose": [
      [
        0.9898350317254321,
        -0.14219158053837838,
        -0.00285734021609567,
        -25.474049477730546
      ],
      [
        0.14220609042424584,
        0.9898203203538009,
        0.005758581505063546,
        -3.5916196843718353
      ],
      [
        0.0020094316021915548,
        -0.006106376887900997,
        0.9999793369594889,
        1.8656328361471495
      ],
      [
        0.0,
        0.0,
        0.0,
        1.0
      ]
    ],
    "location": [
      -25.474049477730546,
      -3.5916196843718353,
      1.8656328361471495
    ],
    "rotation": [
      -0.0061064271659489085,
      -0.0020094329544796444,
      0.14269009086156198
    ]
  },
  {
    "label_id": "RuyQ2rgW8uyRGQXvZRykig",
    "size": [
      0.8520086459858904,
      0.7883763695938778,
      1.7399999999999984
    ],
    "obj_class": "pedestrian",
    "point_num_in_lidar": 220,
    "speed": 0.028139136283614283,
    "if_vehicle": false,
    "motion_state": false,
    "pose": [
      [
        -0.9341552016197716,
        0.356855565871703,
        -0.00285734021609567,
        -32.393398567663326
      ],
      [
        -0.35686647655018555,
        -0.9341376540177072,
        0.005758581505063546,
        0.03732847456558375
      ],
      [
        -0.0006141672245862826,
        0.006399097802129732,
        0.9999793369594889,
        1.8961949078149445
      ],
      [
        0.0,
        0.0,
        0.0,
        1.0
      ]
    ],
    "location": [
      -32.393398567663326,
      0.03732847456558375,
      1.8961949078149445
    ],
    "rotation": [
      0.006399142682026061,
      0.0006141672631970765,
      -2.7766812384480866
    ]
  },
  {
    "label_id": "Rvk2yDxLaZaP6XJXnmTF5Q",
    "size": [
      0.7725047827924004,
      0.8522831925361307,
      1.8200000000000003
    ],
    "obj_class": "pedestrian",
    "point_num_in_lidar": 25,
    "speed": 1.0743089082342376,
    "if_vehicle": false,
    "motion_state": true,
    "pose": [
      [
        0.17265058956635707,
        0.9849789893846866,
        -0.00285734021609567,
        -44.56641758370711
      ],
      [
        -0.9849638375239859,
        0.1726646388496293,
        0.005758581505063546,
        -38.529055561279165
      ],
      [
        0.00616544340762952,
        0.0018201542924420647,
        0.9999793369594889,
        0.9330402178296708
      ],
      [
        0.0,
        0.0,
        0.0,
        1.0
      ]
    ],
    "location": [
      -44.56641758370711,
      -38.529055561279165,
      0.9330402178296708
    ],
    "rotation": [
      0.0018201898929866996,
      -0.006165482469148339,
      -1.3972729572418867
    ]
  },
  {
    "label_id": "SZT8wbUgy2ZsQ08TFaws3Q",
    "size": [
      2.1755324740348727,
      4.653172966271873,
      1.8000000000000007
    ],
    "obj_class": "vehicle",
    "point_num_in_lidar": 906,
    "speed": 6.903313697801521,
    "if_vehicle": true,
    "motion_state": true,
    "pose": [
      [
        0.9999874910027177,
        -0.0041052947493647966,
        -0.00285734021609567,
        -29.925359039215436
      ],
      [
        0.00412169759334869,
        0.9999749248596181,
        0.005758581505063546,
        -12.45805947464396
      ],
      [
        0.0028336278934721053,
        -0.005770286563275209,
        0.9999793369594889,
        1.8774679117516584
      ],
      [
        0.0,
        0.0,
        0.0,
        1.0
      ]
    ],
    "location": [
      -29.925359039215436,
      -12.45805947464396,
      1.8774679117516584
    ],
    "rotation": [
      -0.0057703417518280425,
      -0.002833631685563323,
      0.004121725811322805
    ]
  },
  {
    "label_id": "Sd3gBm--9zx1QFKFx05RTA",
    "size": [
      2.2967811780768708,
      4.760516157978834,
      1.8200000000000003
    ],
    "obj_class": "vehicle",
    "point_num_in_lidar": 110,
    "speed": 0.015584723963036147,
    "if_vehicle": true,
    "motion_state": false,
    "pose": [
      [
        -0.17991290638274654,
        -0.9836783934415773,
        -0.00285734021609567,
        -42.634815663048016
      ],
      [
        0.9836631383399177,
