[
  {
    "label_id": "-h1T1LaQ9WWxLjpd8tPvDw",
    "size": [
      0.7635359400706319,
      0.09606209831191423,
      0.7399999999999984
    ],
    "obj_class": "sign",
    "point_num_in_lidar": 28,
    "speed": 0.00011888018241652871,
    "if_vehicle": false,
    "motion_state": false,
    "pose": [
      [
        0.09021313758308612,
        0.9958939891689413,
        0.007533401926597268,
        -23.879904104928414
      ],
      [
        -0.9958741599534526,
        0.09013166624597131,
        0.01053281903053598,
        -45.95099186968946
      ],
      [
        0.009810573093370197,
        -0.008452518967581264,
        0.999916150273953,
        4.527855456197255
      ],
      [
        0.0,
        0.0,
        0.0,
        1.0
      ]
    ],
    "location": [
      -23.879904104928414,
      -45.95099186968946,
      4.527855456197255
    ],
    "rotation": [
      -0.008453026429445594,
      -0.00981073047378789,
      -1.480456014161783
    ]
  },
  {
    "label_id": "08izZfFATo8NaNCOSiMccQ",
    "size": [
      0.8599354084558093,
      1.2837768931797942,
      1.9100000000000001
    ],
    "obj_class": "pedestrian",
    "point_num_in_lidar": 252,
    "speed": 3.788325582955333,
    "if_vehicle": false,
    "motion_state": true,
    "pose": [
      [
        0.9996723665387756,
        -0.024462367714026642,
        0.007533401926597268,
        -33.045139819981046
      ],
      [
        0.02438237834132573,
        0.9996472174470804,
        0.01053281903053598,
        -18.41074664750522
      ],
      [
        -0.007788401966023701,
        -0.010345685870608988,
        0.999916150273953,
        1.833153922171853
      ],
      [
        0.0,
        0.0,
        0.0,
        1.0
      ]
    ],
    "location": [
      -33.045139819981046,
      -18.41074664750522,
      1.833153922171853
    ],
    "rotation": [
      -0.010346184246449362,
      0.0077884807078852595,
      0.02438553463812848
    ]
  },
  {
    "label_id": "36R0oUdPylF5K-WxzOUm4w",
    "size": [
      0.8596856352628812,
      0.9487702636058615,
      1.6699999999999982
    ],
    "obj_class": "pedestrian",
    "point_num_in_lidar": 38,
    "speed": 1.4566449975365763,
    "if_vehicle": false,
    "motion_state": true,
    "pose": [
      [
        -0.09106288674246377,
        -0.9958166490441609,
        0.007533401926597268,
        -58.14632414926007
      ],
      [
        0.9957968893542098,
        -0.0909813985150244,
        0.01053281903053598,
        39.67837205515207
      ],
      [
        -0.00980335710911931,
        0.008460887111217135,
        0.999916150273953,
        4.606248646069169
      ],
      [
        0.0,
        0.0,
        0.0,
        1.0
      ]
    ],
    "location": [
      -58.14632414926007,
      39.67837205515207,
      4.606248646069169
    ],
    "rotation": [
      0.008461394676244348,
      0.009803514142507666,
      1.661989935652127
    ]
  },
  {
    "label_id": "4ieIaDhGopv8IzBazdrVAg",
    "size": [
      2.040133615370168,
      4.863289663388457,
      1.5500000000000007
    ],
    "obj_class": "vehicle",
    "point_num_in_lidar": 935,
    "speed": 0.018080165028004462,
    "if_vehicle": true,
    "motion_state": false,
    "pose": [
      [
        0.9847611550395332,
        -0.173749001092429,
        0.007533401926597268,
        -20.67789498782122
      ],
      [
        0.1736661494247793,
        0.9847482562905305,
        0.01053281903053598,
        0.25217992467514705
      ],
      [
        -0.009248571196395335,
        -0.009064014129671626,
        0.999916150273953,
        1.4791600473203559
      ],
      [
        0.0,
        0.0,
        0.0,
        1.0
      ]
    ],
    "location": [
      -20.67789498782122,
      0.25217992467514705,
      1.4791600473203559
    ],
    "rotation": [
      -0.009064525936183152,
      0.009248703049208178,
      0.17455871668201328
    ]
  },
  {
    "label_id": "5_8SCmp05AepT5qREHEGCg",
    "size": [
      0.9905850335481978,
      0.9725125636682508,
      1.7300000000000004
    ],
    "obj_class": "pedestrian",
    "point_num_in_lidar": 467,
    "speed": 1.3698624609032763,
    "if_vehicle": false,
    "motion_state": true,
    "pose": [
      [
        0.9823398795681489,
        0.18695349385728782,
        0.007533401926597268,
        -32.88109750631804
      ],
      [
        -0.18702637867079047,
        0.9822984238023393,
        0.01053281903053598,
        2.9262132281892264
      ],
      [
        -0.005430901520440769,
        -0.011755753059372865,
        0.999916150273953,
        2.01698753636186
      ],
      [
        0.0,
        0.0,
        0.0,
        1.0
      ]
    ],
    "location": [
      -32.88109750631804,
      2.9262132281892264,
      2.01698753636186
    ],
    "rotation": [
      -0.011756197227914442,
      0.005430928217922442,
      -0.18813704323532068
    ]
  },
  {
    "label_id": "6k1Fgl9ysuxlrOUgJkRAwQ",
    "size": [
      0.4397877024101131,
      0.0907517669424712,
      0.620000000000001
    ],
    "obj_class": "sign",
    "point_num_in_lidar": 47,
    "speed": 0.02598441850399082,
    "if_vehicle": false,
    "motion_state": false,
    "pose": [
      [
        -0.9994450209244747,
        -0.03244838986280386,
        0.007533401926597268,
        -24.262773431884852
      ],
      [
        0.032526818963656105,
        -0.9994153619848835,
        0.01053281903053598,
        1.4187108762380376
      ],
      [
        0.0071872245951906345,
        0.010772011137014627,
        0.999916150273953,
        3.871237625608231
      ],
      [
        0.0,
        0.0,
        0.0,
        1.0
      ]
    ],
    "location": [
      -24.262773431884852,
      1.4187108762380376,
      3.871237625608231
    ],
    "rotation": [
      0.010772497719299723,
      -0.007187286474077756,
      3.1090592557808887
    ]
  },
  {
    "label_id": "8bOLWx11Kp9fHLqHd13oAw",
    "size": [
      0.9103511528303292,
      0.9856897121378135,
      1.8299999999999983
    ],
    "obj_class": "pedestrian",
    "point_num_in_lidar": 177,
    "speed": 1.4549047913864406,
    "if_vehicle": false,
    "motion_state": true,
    "pose": [
      [
        0.9414911858189035,
        0.3369534016458766,
        0.007533401926597268,
        -30.79993657243392
      ],
      [
        -0.3370189801495262,
        0.94143893415465,
        0.01053281903053598,
        3.5045948493243486
      ],
      [
        -0.0035431686790747953,
        -0.01245545571343352,
        0.999916150273953,
        2.0620136322785463
      ],
      [
        0.0,
        0.0,
        0.0,
        1.0
      ]
    ],
    "location": [
      -30.79993657243392,
      3.5045948493243486,
      2.0620136322785463
    ],
    "rotation": [
      -0.012455855979089162,
      0.003543176092632763,
      -0.3437510904150395
    ]
  },
  {
    "label_id": "9MJNWkZklOdq7gQT2jjjrg",
    "size": [
      2.143984999601149,
      4.745664128628958,
      1.8900000000000006
    ],
    "obj_class": "vehicle",
    "point_num_in_lidar": 605,
    "speed": 0.028770453465237836,
    "if_vehicle": true,
    "motion_state": false,
    "pose": [
      [
        -0.19947436752191625,
        -0.9798740860728709,
        0.007533401926597268,
        -39.24022103427228
      ],
      [
        0.979863361130311,
        -0.19939120652044762,
        0.01053281903053598,
        14.838168906817373
      ],
      [
        -0.008818742321969691,
        0.009482731946880126,
        0.999916150273953,
        2.650642195677932
      ],
      [
        0.0,
        0.0,
        0.0,
        1.0
      ]
    ],
    "location": [
      -39.24022103427228,
      14.838168906817373,
      2.650642195677932
    ],
    "rotation": [
      0.009483242845806277,
      0.008818856631886274,
      1.7716257216596107
    ]
  },
  {
    "label_id": "DFFZT9hbqKnRJi5XKB72zQ",
    "size": [
      1.983544755465521,
      4.6246996539475065,
      1.5199999999999996
    ],
    "obj_class": "vehicle",
    "point_num_in_lidar": 292,
    "speed": 3.256407306764082,
    "if_vehicle": true,
    "motion_state": true,
    "pose": [
      [
        -0.1554061927377096,
        -0.9878219288486069,
        0.007533401926597268,
        -45.854797489077896
      ],
      [
        0.9878074916083155,
        -0.15532359526407424,
        0.01053281903053598,
        29.859798364397648
      ],
      [
        -0.009234434539148975,
        0.009078416164720188,
        0.999916150273953,
        3.5408676201835476
      ],
      [
        0.0,
        0.0,
        0.0,
        1.0
      ]
    ],
    "location": [
      -45.854797489077896,
      29.859798364397648,
      3.5408676201835476
    ],
    "rotation": [
      0.009078927993639359,
      0.009234565788249771,
      1.7268416633001917
    ]
  },
  {
    "label_id": "F5yeP9X05QiAK9kFJj2XZA",
    "size": [
      2.3386439375742625,
      5.031358297402567,
      1.9699999999999989
    ],
    "obj_class": "vehicle",
    "point_num_in_lidar": 771,
    "speed": 0.030283172484309576,
    "if_vehicle": true,
    "motion_state": false,
    "pose": [
      [
        0.18054491903570818,
        0.9835378894917073,
        0.007533401926597268,
        -43.115617384993925
      ],
      [
        -0.9835255631649482,
        0.18046198027380034,
        0.01053281903053598,
        -24.745692020360366
      ],
      [
        0.008999933969819244,
        -0.009310940331490367,
        0.999916150273953,
        1.593658855960939
      ],
      [
        0.0,
        0.0,
        0.0,
        1.0
      ]
    ],
    "location": [
      -43.115617384993925,
      -24.745692020360366,
      1.593658855960939
    ],
    "rotation": [
      -0.009311451996718232,
      -0.009000055471573768,
      -1.3892484456558727
    ]
  },
  {
    "label_id": "G7K72AJ4NpA_CgJC0kYWww",
    "size": [
      0.7960126752564867,
      0.5618731317594163,
      1.4994828004563132
    ],
    "obj_class": "sign",
    "point_num_in_lidar": 24,
    "speed": 0.0034203195336572102,
    "if_vehicle": false,
    "motion_state": false,
    "pose": [
      [
        -0.9440702569910107,
        -0.3296583044916953,
        0.007533401926597268,
        21.588312671972403
      ],
      [
        0.3297242853417024,
        -0.9440185143201237,
        0.01053281903053598,
        -12.157143221240403
      ],
      [
        0.0036394396313983563,
        0.012427666735437,
        0.999916150273953,
        0.21505437559869023
      ],
      [
        0.0,
        0.0,
        0.0,
        1.0
      ]
    ],
    "location": [
      21.588312671972403,
      -12.157143221240403,
      0.21505437559869023
    ],
    "rotation": [
      0.012428068972740918,
      -0.0036394476658251533,
      2.805578826982383
    ]
  },
  {
    "label_id": "G8kucBZ9BZFgHAyYWC4yDg",
    "size": [
      0.6424448436439686,
      0.7737368046697366,
      1.9600000000000009
    ],
    "obj_class": "pedestrian",
    "point_num_in_lidar": 58,
    "speed": 1.1208512333785723,
    "if_vehicle": false,
    "motion_state": true,
    "pose": [
      [
        0.9947689939234714,
        -0.10187196171615105,
        0.007533401926597268,
        -1.4734925450444507
      ],
      [
        0.10179026370631222,
        0.994750120350769,
        0.01053281903053598,
        -13.043413121566118
      ],
      [
        -0.008566851410175255,
        -0.009710894821470294,
        0.999916150273953,
        1.192981265461448
      ],
      [
        0.0,
        0.0,
        0.0,
        1.0
      ]
    ],
    "location": [
      -1.4734925450444507,
      -13.043413121566118,
      1.192981265461448
    ],
    "rotation": [
      -0.00971140383552174,
      0.008566956201853508,
      0.10197062252446107
    ]
  },
  {
    "label_id": "HCM_aM5QyvPrLtU-nuZPfg",
    "size": [
      0.5258255764506541,
      0.10121620204894,
      0.5399999999999991
    ],
    "obj_class": "sign",
    "point_num_in_lidar": 60,
    "speed": 0.017081717960592078,
    "if_vehicle": false,
    "motion_state": false,
    "pose": [
      [
        -0.20981870045435522,
        -0.9777112870347043,
        0.007533401926597268,
        -27.020321367666156
      ],
      [
        0.977701441550386,
        -0.2097354307540032,
        0.01053281903053598,
        -24.342688696602636
      ],
      [
        -0.008718034752331044,
        0.009575400324520564,
        0.999916150273953,
        3.6609477042357135
      ],
      [
        0.0,
        0.0,
        0.0,
        1.0
      ]
    ],
    "location": [
      -27.020321367666156,
      -24.342688696602636,
      3.6609477042357135
    ],
    "rotation": [
      0.009575910578321276,
      0.008718145190549304,
      1.7821940113124788
    ]
  },
  {
    "label_id": "HihNMpjxnDeHlSmzUHVkfQ",
    "size": [
      0.8435625032121321,
      1.0944192960465922,
      1.7600000000000016
    ],
    "obj_class": "pedestrian",
    "point_num_in_lidar": 76,
    "speed": 1.1456866903063387,
    "if_vehicle": false,
    "motion_state": true,
    "pose": [
      [
        0.1264661069040349,
        0.9919423227486313,
        0.007533401926597268,
        -56.0305437956722
      ],
      [
        -0.9919254773822147,
        0.12638396671783797,
        0.01053281903053598,
        24.11432552631959
      ],
      [
        0.009495847755877682,
        -0.008804617919868708,
        0.999916150273953,
        3.605500055600558
      ],
      [
        0.0,
        0.0,
        0.0,
        1.0
      ]
    ],
    "location": [
      -56.0305437956722,
      24.11432552631959,
      3.605500055600558
    ],
    "rotation": [
      -0.008805128684790357,
      -0.009495990470213878,
      -1.4439849123107347
    ]
  },
  {
    "label_id": "IFH_3fO9CjAGjaIgv1VweQ",
    "size": [
      0.6876202711852502,
      0.8338225563048567,
      1.8599999999999994
    ],
    "obj_class": "pedestrian",
    "point_num_in_lidar": 42,
    "speed": 1.1996992995053837,
    "if_vehicle": false,
    "motion_state": true,
    "pose": [
      [
        0.2237866218604373,
        0.9746090476348483,
        0.007533401926597268,
        -24.22350434897271
      ],
      [
        -0.9746003946074469,
        0.22370321981205138,
        0.01053281903053598,
        -40.607630533802876
      ],
      [
        0.008580134457142757,
        -0.00969916047990917,
        0.999916150273953,
        0.5520148367180013
      ],
      [
        0.0,
        0.0,
        0.0,
        1.0
      ]
    ],
    "location": [
      -24.22350434897271,
      -40.607630533802876,
      0.5520148367180013
    ],
    "rotation": [
      -0.00969966961535987,
      -0.008580239737031753,
      -1.3450899690777216
    ]
  },
  {
    "label_id": "JPy4Q0td0A-ZYAKcLWTBEA",
    "size": [
      0.5650784211359513,
      0.13220980686789907,
      0.6400000000000006
    ],
    "obj_class": "sign",
    "point_num_in_lidar": 21,
    "speed": 0.020422700953511404,
    "if_vehicle": false,
    "motion_state": false,
    "pose": [
      [
        0.05065781881039419,
        -0.9986876555003499,
        0.007533401926597268,
        -23.55171763641158
      ],
      [
        0.9986565721216651,
        0.05073569435294584,
        0.01053281903053598,
        -45.844554306651844
      ],
      [
        -0.01090120872100118,
        0.006989711706418811,
        0.999916150273953,
        2.354284877786604
      ],
      [
        0.0,
        0.0,
        0.0,
        1.0
      ]
    ],
    "location": [
      -23.55171763641158,
      -45.844554306651844,
      2.354284877786604
    ],
    "rotation": [
      0.006990183985729656,
      0.010901424642526776,
      1.5201138023197662
    ]
  },
  {
    "label_id": "JaO8P9RbFevS8CHXx_wjlQ",
    "size": [
      1.251434038565539,
      0.9427540908313997,
      1.6999999999999993
    ],
    "obj_class": "pedestrian",
    "point_num_in_lidar": 429,
    "speed": 1.117298902236167,
    "if_vehicle": false,
    "motion_state": true,
    "pose": [
      [
        -0.9856915304721369,
        -0.1683907794711717,
        0.007533401926597268,
        -39.39107496388522
      ],
      [
        0.16846443327964075,
        -0.9856514568766384,
        0.01053281903053598,
        -16.32760689101815
      ],
      [
        0.005651678977607125,
        0.011651220796627022,
        0.999916150273953,
        2.0156798846925668
      ],
      [
        0.0,
        0.0,
        0.0,
        1.0
      ]
    ],
    "location": [
      -39.39107496388522,
      -16.32760689101815,
      2.0156798846925668
    ],
    "rotation": [
      0.011651670519119634,
      -0.005651709065200307,
      2.9723182946168416
    ]
  },
  {
    "label_id": "Jc8zsPXiAsLWPw7ILYVKKw",
    "size": [
      0.8520086459819213,
      0.7883763695938778,
      1.8500000000000014
    ],
    "obj_class": "pedestrian",
    "point_num_in_lidar": 1012,
    "speed": 0.015368756653827729,
    "if_vehicle": false,
    "motion_state": false,
    "pose": [
      [
        0.07276905787624674,
        0.9973203658159276,
        0.007533401926597268,
        -33.00342173615513
      ],
      [
        -0.9972991137162054,
        0.07268794607183107,
        0.01053281903053598,
        0.27557323865403305
      ],
      [
        0.009957007415629177,
        -0.008279518382296515,
        0.999916150273953,
        1.9485185004634928
      ],
      [
        0.0,
        0.0,
        0.0,
        1.0
      ]
    ],
    "location": [
      -33.00342173615513,
      0.27557323865403305,
      1.9485185004634928
    ],
    "rotation": [
      -0.008280023447880145,
      -0.009957171949235783,
      -1.4979592755388704
    ]
  },
  {
    "label_id": "Jen578WRszpN8G3K2BI_Yg",
    "size": [
      0.775421449912396,
      0.861130270595639,
      1.8699999999999974
    ],
    "obj_class": "pedestrian",
    "point_num_in_lidar": 41,
    "speed": 1.3160438478529084,
    "if_vehicle": false,
    "motion_state": true,
    "pose": [
      [
        0.9899114652562387,
        -0.14148688564548592,
        0.007533401926597268,
        4.826093712305806
      ],
      [
        0.1414044995629557,
        0.9898958668600552,
        0.01053281903053598,
        -12.68860045736983
      ],
      [
        -0.008947539192232254,
        -0.009361301390359575,
        0.999916150273953,
        0.9149797977114673
      ],
      [
        0.0,
        0.0,
        0.0,
        1.0
      ]
    ],
    "location": [
      4.826093712305806,
      -12.68860045736983,
      0.9149797977114673
    ],
    "rotation": [
      -0.00936181288834158,
      0.008947658584231391,
      0.1418857449237959
    ]
  },
  {
    "label_id": "KEwfE1F6A1nr8DUnRv4xhA",
    "size": [
      0.780076769503071,
      1.1437752229948788,
      0.6799999999999997
    ],
    "obj_class": "pedestrian",
    "point_num_in_lidar": 42,
    "speed": 0.00641058716019346,
    "if_vehicle": false,
    "motion_state": false,
    "pose": [
      [
        0.12821007111891902,
        0.9917184204798729,
        0.007533401926597268,
        -11.823568048691072
      ],
      [
        -0.9917017195688659,
        0.12812790144002398,
        0.01053281903053598,
        6.728309194855683
      ],
      [
        0.009480351672604347,
        -0.008821301121797638,
        0.999916150273953,
        0.8372290916420084
      ],
      [
        0.0,
        0.0,
        0.0,
        1.0
      ]
    ],
    "location": [
      -11.823568048691072,
      6.728309194855683,
      0.8372290916420084
    ],
    "rotation": [
      -0.0088218119897376,
      -0.009480493689383309,
      -1.4422265727959007
    ]
  },
  {
    "label_id": "MQRSR5TMzUjLo--CfbYRWg",
    "size": [
      1.9835447554655778,
      4.6246996539475065,
      1.5199999999999996
    ],
    "obj_class": "vehicle",
    "point_num_in_lidar": 67,
    "speed": 2.3254313234954442,
    "if_vehicle": true,
    "motion_state": true,
    "pose": [
      [
        -0.193231062731979,
        -0.9811243571794976,
        0.007533401926597268,
        -48.834319174341545
      ],
      [
        0.9811131029340819,
        -0.19314797170648104,
        0.01053281903053598,
        51.00460724326149
      ],
      [
        -0.008878943998450633,
        0.009426387154687516,
        0.999916150273953,
        4.843297207943078
      ],
      [
        0.0,
        0.0,
        0.0,
        1.0
      ]
    ],
    "location": [
      -48.834319174341545,
      51.00460724326149,
      4.843297207943078
    ],
    "rotation": [
      0.009426898366141315,
      0.00887906066547133,
      1.765258302976824
    ]
  },
  {
    "label_id": "MVS-FDvMfowZTvJj3Dw3dA",
    "size": [
      0.7225624525165776,
      0.7942545817179316,
      1.8900000000000006
    ],
    "obj_class": "pedestrian",
    "point_num_in_lidar": 27,
    "speed": 1.1805400972486306,
    "if_vehicle": false,
    "motion_state": true,
    "pose": [
      [
        0.9947689939231782,
        -0.1018719617190128,
        0.007533401926597268,
        -1.1109650895884897
      ],
      [
        0.10179026370917392,
        0.9947501203504763,
        0.01053281903053598,
        -13.93199832953178
      ],
      [
        -0.008566851410203193,
        -0.009710894821445649,
        0.999916150273953,
        1.1929812654614196
      ],
      [
        0.0,
        0.0,
        0.0,
        1.0
      ]
    ],
    "location": [
      -1.1109650895884897,
      -13.93199832953178,
      1.1929812654614196
    ],
    "rotation": [
      -0.009711403835497096,
      0.008566956201881448,
      0.10197062252733785
    ]
  },
  {
    "label_id": "MptZm_aMyhLXo_gh28r5vg",
    "size": [
      1.9314862767453616,
      4.315802446791044,
      1.620000000000001
    ],
    "obj_class": "vehicle",
    "point_num_in_lidar": 20,
    "speed": 7.603173103161298,
    "if_vehicle": true,
    "motion_state": true,
    "pose": [
      [
        0.19364907821038796,
        0.9810419371075221,
        0.007533401926597268,
        -54.804310450439175
      ],
      [
        -0.9810307182661755,
        0.19356598239727435,
        0.01053281903053598,
        64.32674434967703
      ],
      [
        0.008874926840204671,
        -0.009430169399257633,
        0.999916150273953,
        5.930958038100286
      ],
      [
        0.0,
        0.0,
        0.0,
        1.0
      ]
    ],
    "location": [
      -54.804310450439175,
      64.32674434967703,
      5.930958038100286
    ],
    "rotation": [
      -0.009430680591610585,
      -0.008875043348940011,
      -1.3759082772854776
    ]
  },
  {
    "label_id": "Nn-KZts2aKZF9Jza95PVpw",
    "size": [
      0.8067437574377182,
      0.8096059456584044,
      1.7700000000000031
    ],
    "obj_class": "pedestrian",
    "point_num_in_lidar": 24,
    "speed": 1.0168740906747387,
    "if_vehicle": false,
    "motion_state": true,
    "pose": [
      [
        0.15761758407367554,
        0.9874714907510951,
        0.007533401926597268,
        -45.731242834123805
      ],
      [
        -0.9874572384867157,
        0.1575349544814084,
        0.01053281903053598,
        -39.40501643949392
      ],
      [
        0.009214084380298214,
        -0.009099069751926555,
        0.999916150273953,
        0.9280402178296328
      ],
      [
        0.0,
        0.0,
        0.0,
        1.0
      ]
    ],
    "location": [
      -45.731242834123805,
      -39.40501643949392,
      0.9280402178296328
    ],
    "rotation": [
      -0.00909958160640488,
      -0.009214214763576804,
      -1.4125119374717967
    ]
  },
  {
    "label_id": "OBSWm8PNaPcSVzPQrsJPEw",
    "size": [
      0.7562119436530904,
      0.8606054481484527,
      1.7899999999999991
    ],
    "obj_class": "pedestrian",
    "point_num_in_lidar": 62,
    "speed": 1.0564826335602788,
    "if_vehicle": false,
    "motion_state": true,
    "pose": [
      [
        -0.14556908570227833,
        -0.989319407038604,
        0.007533401926597268,
        -37.71424077448626
      ],
      [
        0.9893041486193042,
        -0.14548663597699896,
        0.01053281903053598,
        28.888079865839245
      ],
      [
        -0.009324312973971502,
        0.008986078615342015,
        0.999916150273953,
        3.616336692825069
      ],
      [
        0.0,
        0.0,
        0.0,
        1.0
      ]
    ],
    "location": [
      -37.71424077448626,
      28.888079865839245,
      3.616336692825069
    ],
    "rotation": [
      0.008986590235514912,
      0.009324448092923664,
      1.7168908844545812
    ]
  },
  {
    "label_id": "OQlhKA2gf7QxBoRjwYYG8g",
    "size": [
      0.8252768973485902,
      1.0533712119678817,
      1.7899999999999991
    ],
    "obj_class": "pedestrian",
    "point_num_in_lidar": 166,
    "speed": 1.536591930064579,
    "if_vehicle": false,
    "motion_state": true,
    "pose": [
      [
        0.9983554028109973,
        0.05683077980728077,
        0.007533401926597268,
        -25.504339955716546
      ],
      [
        -0.05690846170295624,
        0.9983238385964112,
        0.01053281903053598,
        -16.452900756665258
      ],
      [
        -0.006922186409975856,
        -0.010944211100998824,
        0.999916150273953,
        1.787489667115949
      ],
      [
        0.0,
        0.0,
        0.0,
        1.0
      ]
    ],
    "location": [
      -25.504339955716546,
      -16.452900756665258,
      1.787489667115949
    ],
    "rotation": [
      -0.010944691818144949,
      0.00692224169251542,
      -0.05694058928400781
    ]
  },
  {
    "label_id": "Oggj4tjjPusfmBhJes7YdQ",
    "size": [
      0.5258255764473112,
      0.10121620204894,
      0.5399999999999991
    ],
    "obj_class": "sign",
    "point_num_in_lidar": 71,
    "speed": 0.009188507674702083,
    "if_vehicle": false,
    "motion_state": false,
    "pose": [
      [
        -0.940417617720881,
        0.3399381592813542,
        0.007533401926597268,
        -20.305852528237665
      ],
      [
        -0.3398543228027516,
        -0.9404191081616501,
        0.01053281903053598,
        -15.927516620064125
      ],
      [
        0.010665062234517877,
        0.007344989370417148,
        0.999916150273953,
        3.867720153052254
      ],
      [
        0.0,
        0.0,
        0.0,
        1.0
      ]
    ],
    "location": [
      -20.305852528237665,
      -15.927516620064125,
      3.867720153052254
    ],
    "rotation": [
      0.007345473183831998,
      -0.010665264425211401,
      -2.7948101041528144
    ]
  },
  {
    "label_id": "P8be1mBpNNUndtHnp5yJsA",
    "size": [
      0.9597539979947691,
      1.2346786865784796,
      2.009999999999998
    ],
    "obj_class": "pedestrian",
    "point_num_in_lidar": 43,
    "speed": 1.8641645213408722,
    "if_vehicle": false,
    "motion_state": true,
    "pose": [
      [
        0.9898492783471018,
        -0.1419212951291455,
        0.007533401926597268,
        -20.778847992003648
      ],
      [
        0.1418389022091852,
        0.9898337161075911,
        0.01053281903053598,
        -17.394738490813324
      ],
      [
        -0.008951646542110435,
        -0.009357373857167544,
        0.999916150273953,
        1.7424903607039965
      ],
      [
        0.0,
        0.0,
        0.0,
        1.0
      ]
    ],
    "location": [
      -20.778847992003648,
      -17.394738490813324,
      1.7424903607039965
    ],
    "rotation": [
      -0.009357885369896679,
      0.008951766098608989,
      0.14232459375637943
    ]
  },
  {
    "label_id": "Pfs8a-nzPYik9VWWQsxBkg",
    "size": [
      2.0167118969422635,
      4.533564042299038,
      2.1700000000000017
    ],
    "obj_class": "vehicle",
    "point_num_in_lidar": 382,
    "speed": 0.004886036529733006,
    "if_vehicle": true,
    "motion_state": false,
    "pose": [
      [
        0.18054491903608796,
        0.9835378894916377,
        0.007533401926597268,
        -41.74505428551788
      ],
      [
        -0.9835255631648786,
        0.18046198027418014,
        0.01053281903053598,
        -31.797631435543735
      ],
      [
        0.008999933969815648,
        -0.009310940331493843,
        0.999916150273953,
        1.234438423763585
      ],
      [
        0.0,
        0.0,
        0.0,
        1.0
      ]
    ],
    "location": [
      -41.74505428551788,
      -31.797631435543735,
      1.234438423763585
    ],
    "rotation": [
      -0.009311451996721709,
      -0.00900005547157017,
      -1.3892484456554866
    ]
  },
  {
    "label_id": "Q5PhKXgruUST0xy6Tmhvuw",
    "size": [
      2.194585937155307,
      3.7584377944850687,
      1.759999999999998
    ],
    "obj_class": "vehicle",
    "point_num_in_lidar": 437,
    "speed": 8.130221734592425,
    "if_vehicle": true,
    "motion_state": true,
    "pose": [
      [
        0.9898723083371037,
        -0.1417605764759231,
        0.007533401926597268,
        -15.991827988235059
      ],
      [
        0.14167818608381033,
        0.9898567327200797,
        0.01053281903053598,
        -2.2380743365811213
      ],
      [
        -0.008950127115014079,
        -0.009358827167053043,
        0.999916150273953,
        1.5379086836419233
      ],
      [
        0.0,
        0.0,
        0.0,
        1.0
      ]
    ],
    "location": [
      -15.991827988235059,
      -2.2380743365811213,
      1.5379086836419233
    ],
    "rotation": [
      -0.009359338674358937,
      0.008950246610641959,
      0.14216222945808146
    ]
  },
  {
    "label_id": "R2x_jl3E2r_0AQzGO93SkQ",
    "size": [
      1.933337064442455,
      4.367710714817883,
      1.9299999999999997
    ],
    "obj_class": "vehicle",
    "point_num_in_lidar": 186,
    "speed": 2.9777166713245524e-13,
    "if_vehicle": true,
    "motion_state": false,
    "pose": [
      [
        0.167523065391475,
        0.9858393735377259,
        0.007533401926597268,
        -40.70661663752753
      ],
      [
        -0.9858259515266217,
        0.16744029688190712,
        0.01053281903053598,
        -39.22384176878586
      ],
      [
        0.009122272659529652,
        -0.009191113253729287,
        0.999916150273953,
        0.7315359199214626
      ],
      [
        0.0,
        0.0,
        0.0,
        1.0
      ]
    ],
    "location": [
      -40.70661663752753,
      -39.22384176878586,
      0.7315359199214626
    ],
    "rotation": [
      -0.0091916251274731,
      -0.009122399183892784,
      -1.4024725662207917
    ]
  },
  {
    "label_id": "RuyQ2rgW8uyRGQXvZRykig",
    "size": [
      0.8520086459856059,
      0.7883763695938778,
      1.7399999999999984
    ],
    "obj_class": "pedestrian",
    "point_num_in_lidar": 716,
    "speed": 0.06545452659930742,
    "if_vehicle": false,
    "motion_state": false,
    "pose": [
      [
        -0.9857191758324911,
        0.1682288746069672,
        0.007533401926597268,
        -32.36920253352537
      ],
      [
        -0.16814609650857504,
        -0.9857058130863382,
        0.01053281903053598,
        0.050007836864097044
      ],
      [
        0.009197642363308662,
        0.009115689566585195,
        0.999916150273953,
        1.8800364051360887
      ],
      [
        0.0,
        0.0,
        0.0,
        1.0
      ]
    ],
    "location": [
      -32.36920253352537,
      0.050007836864097044,
      1.8800364051360887
    ],
    "rotation": [
      0.009116201435994498,
      -0.009197772049829406,
      -2.972636752297603
    ]
  },
  {
    "label_id": "SCePO7EHI3iF8AghIVKjHg",
    "size": [
      2.1728948025148584,
      4.531856758098943,
      1.6300000000000026
    ],
    "obj_class": "vehicle",
    "point_num_in_lidar": 53,
    "speed": 0.016694523257671696,
    "if_vehicle": true,
    "motion_state": false,
    "pose": [
      [
        0.9769721937438725,
        -0.2132336289300957,
        0.007533401926597268,
        16.830054236250476
      ],
      [
        0.21315032533706196,
        0.9769626392713157,
        0.01053281903053598,
        5.736137410984156
      ],
      [
        -0.00960580345364524,
        -0.008684524243020889,
        0.999916150273953,
        0.3694166831757997
      ],
      [
        0.0,
        0.0,
        0.0,
        1.0
      ]
    ],
    "location": [
      16.830054236250476,
      5.736137410984156,
      0.3694166831757997
    ],
    "rotation": [
      -0.008685034122294532,
      0.00960595118336422,
      0.21480832237062858
    ]
  },
  {
    "label_id": "SZT8wbUgy2ZsQ08TFaws3Q",
    "size": [
      2.1755324740327824,
      4.653172966271873,
      1.8000000000000007
    ],
    "obj_class": "vehicle",
    "point_num_in_lidar": 1011,
    "speed": 7.025041805928072,
    "if_vehicle": true,
    "motion_state": true,
    "pose": [
      [
        0.9975141549682504,
        -0.07006253273604687,
        0.007533401926597268,
        -21.509703702311754
      ],
      [
        0.06998147889843265,
        0.9974926828475777,
        0.01053281903053598,
        -11.993812836119105
      ],
      [
        -0.008252469276860403,
        -0.009979437466719025,
        0.999916150273953,
        1.6334431736924415
      ],
      [
        0.0,
        0.0,
        0.0,
        1.0
      ]
    ],
    "location": [
      -21.509703702311754,
      -11.993812836119105,
      1.6334431736924415
    ],
    "rotation": [
      -0.0099799429651351,
      0.008252562949726405,
      0.07004111541644507
    ]
  },
  {
    "label_id": "Sd3gBm--9zx1QFKFx05RTA",
    "size": [
      2.2967811780762153,
      4.760516157978834,
      1.8200000000000003
    ],
    "obj_class": "vehicle",
    "point_num_in_lidar": 36,
    "speed": 0.014781027867349536,
    "if_vehicle": true,
    "motion_state": false,
    "pose": [
      [
        -0.17990853551064223,
        -0.9836544955958003,
        0.007533401926597268,
        -42.66826732221716
      ],
      [
        0.9836421156105186,
        -0.17982560474118603,
        0.01053281903053598,
        34.32780978111987
      ],
      [
        -0.009005956233474947,
        0.009305115455404843,
        0.999916150273953,
        3.8230080318826793
      ],
      [
        0.0,
        0.0,
        0.0,
        1.0
      ]
    ],
    "location": [
      -42.66826732221716,
      34.32780978111987,
      3.8230080318826793
    ],
    "rotation": [
      0.009305627136924408,
      0.009006077979305646,
      1.75169721303116
    ]
  },
  {
    "label_id": "TOHBNr01b_DMlRKa0BVzbQ",
    "size": [
      0.46319703676006607,
      0.09090655671475281,
      0.509999999999998
    ],
    "obj_class": "sign",
    "point_num_in_lidar": 54,
    "speed": 0.012242738686678703,
    "if_vehicle": false,
    "motion_state": false,
    "pose": [
      [
        -0.9800322954900378,
        0.1986956155830809,
        0.007533401926597268,
        -21.24369890723267
      ],
      [
        -0.1986124631307972,
        -0.9800215044642581,
        0.01053281903053598,
        2.2246246688191604
      ],
      [
        0.009475720850935329,
        0.008826275300081555,
        0.999916150273953,
        3.8504545127647205
      ],
      [
        0.0,
        0.0,
        0.0,
        1.0
      ]
    ],
    "location": [
      -21.24369890723267,
      2.2246246688191604,
      3.8504545127647205
    ],
    "rotation": [
      0.00882678619778696,
      -0.009475862659699574,
      -2.9416415790316854
    ]
  },
  {
    "label_id": "TXMWKgpsOY75H154LCp75g",
    "size": [
      2.618299672678017,
      6.262179096259549,
      2.9199999999999946
    ],
    "obj_class": "vehicle",
    "point_num_in_lidar": 853,
    "speed": 0.022505711327295737,
    "if_vehicle": true,
    "motion_state": false,
    "pose": [
      [
        0.9809060724422662,
        -0.19433611321959668,
        0.007533401926597268,
        -8.615345094725285
      ],
      [
        0.1942530095696351,
        0.9808949118006522,
        0.01053281903053598,
        2.0569165640681604
      ],
      [
        -0.009436382729988252,
        -0.008868320150449,
        0.999916150273953,
        1.78154678022468
      ],
      [
        0.0,
        0.0,
        0.0,
        1.0
      ]
    ],
    "location": [
      -8.615345094725285,
      2.0569165640681604,
      1.78154678022468
    ],
    "rotation": [
      -0.008868831282275641,
      0.009436522779885288,
      0.1955047140536853
    ]
  },
  {
    "label_id": "Ve0CxlvEk2pDEyL1_L0Fmw",
    "size": [
      2.0835415527777448,
      4.724636947852506,
      1.6099999999999994
    ],
    "obj_class": "vehicle",
    "point_num_in_lidar": 121,
    "speed": 3.552713678800501e-14,
    "if_vehicle": true,
    "motion_state": false,
    "pose": [
      [
        -0.1994743675220189,
        -0.9798740860728499,
        0.007533401926597268,
        -41.72151225871994
      ],
      [
        0.9798633611302902,
        -0.1993912065205503,
        0.01053281903053598,
        28.52424851523574
      ],
      [
        -0.008818742321968697,
        0.009482731946881052,
        0.999916150273953,
        3.450856615288238
      ],
      [
        0.0,
        0.0,
        0.0,
        1.0
      ]
    ],
    "location": [
      -41.72151225871994,
      28.52424851523574,
      3.450856615288238
    ],
    "rotation": [
      0.009483242845807203,
      0.008818856631885278,
      1.7716257216597155
    ]
  },
  {
    "label_id": "WLoeAc0DhdudwO48POEAkg",
    "size": [
      0.7991696349846958,
      0.9996157537304644,
      1.8200000000000003
    ],
    "obj_class": "pedestrian",
    "point_num_in_lidar": 92,
    "speed": 1.5130336448787574,
    "if_vehicle": false,
    "motion_state": true,
    "pose": [
      [
        -0.8318901531803586,
        -0.5548891969546458,
        0.007533401926597268,
        -19.2022501689288
      ],
      [
        0.5549401724783151,
        -0.8318235778655279,
        0.01053281903053598,
        -24.412755145800475
      ],
      [
        0.0004219138505584789,
        0.012942735801227932,
        0.999916150273953,
        1.5569765109914258
      ],
      [
        0.0,
        0.0,
        0.0,
        1.0
      ]
    ],
    "location": [
      -19.2022501689288,
      -24.412755145800475,
      1.5569765109914258
    ],
    "rotation": [
      0.012943098329668227,
      -0.00042191386307605187,
      2.5533015473690504
    ]
  },
  {
    "label_id": "WM02HP9oou4H6DzObgNI5A",
    "size": [
      0.7031396390523621,
      0.7449503725873117,
      1.8900000000000006
    ],
    "obj_class": "pedestrian",
    "point_num_in_lidar": 51,
    "speed": 1.1708383547934358,
    "if_vehicle": false,
    "motion_state": true,
    "pose": [
      [
        0.9960564475377877,
        -0.08840136409476246,
        0.007533401926597268,
        -1.745124675078273
      ],
      [
        0.08831992896364209,
        0.9960364701511322,
        0.01053281903053598,
        -13.664298108382354
      ],
      [
        -0.008434658633260334,
        -0.009825932783102438,
        0.999916150273953,
        1.192981265461448
      ],
      [
        0.0,
        0.0,
        0.0,
        1.0
      ]
    ],
    "location": [
      -1.745124675078273,
      -13.664298108382354,
      1.192981265461448
    ],
    "rotation": [
      -0.00982644046488173,
      0.008434758648270951,
      0.08843831001896411
    ]
  },
  {
    "label_id": "X1QVD9fiqiMe00eEkzSVqw",
    "size": [
      1.876268681233078,
      4.220020911314616,
      1.8299999999999983
    ],
    "obj_class": "vehicle",
    "point_num_in_lidar": 70,
    "speed": 1.4210854715202004e-12,
    "if_vehicle": true,
    "motion_state": false,
    "pose": [
      [
        0.19331141705201607,
        0.9811085280909313,
        0.007533401926597268,
        -39.32510846606726
      ],
      [
        -0.9810972806507833,
        0.193228325105064,
        0.01053281903053598,
        -45.90318196912267
      ],
      [
        0.008878171939077655,
        -0.009427114316579303,
        0.999916150273953,
