[
  {
    "label_id": "-h1T1LaQ9WWxLjpd8tPvDw",
    "size": [
      0.7635359400706307,
      0.09606209831191423,
      0.7399999999999984
    ],
    "obj_class": "sign",
    "point_num_in_lidar": 30,
    "speed": 0.0003209701684883029,
    "if_vehicle": false,
    "motion_state": false,
    "pose": [
      [
        0.09019665525576023,
        0.9957120350638021,
        0.020545233261643123,
        -23.88003503118057
      ],
      [
        -0.9959085178404551,
        0.0900611279468032,
        0.0074308361425534444,
        -45.95097531193824
      ],
      [
        0.005548646096253784,
        -0.02113140937210136,
        0.9997613095456571,
        4.53228388576105
      ],
      [
        0.0,
        0.0,
        0.0,
        1.0
      ]
    ],
    "location": [
      -23.88003503118057,
      -45.95097531193824,
      4.53228388576105
    ],
    "rotation": [
      -0.021133307717179348,
      -0.005548674568114022,
      -1.48047552925801
    ]
  },
  {
    "label_id": "08izZfFATo8NaNCOSiMccQ",
    "size": [
      0.8599354084543263,
      1.2837768931797942,
      1.9100000000000001
    ],
    "obj_class": "pedestrian",
    "point_num_in_lidar": 248,
    "speed": 3.763896583658887,
    "if_vehicle": false,
    "motion_state": true,
    "pose": [
      [
        0.9997635496383983,
        -0.007123075505328853,
        0.020545233261643123,
        -30.673807684467647
      ],
      [
        0.00697168592649897,
        0.9999480877873435,
        0.0074308361425534444,
        -18.243602526152245
      ],
      [
        -0.0205970971200361,
        -0.007285844205073698,
        0.9997613095456571,
        1.7671364090662394
      ],
      [
        0.0,
        0.0,
        0.0,
        1.0
      ]
    ],
    "location": [
      -30.673807684467647,
      -18.243602526152245,
      1.7671364090662394
    ],
    "rotation": [
      -0.007287454674052101,
      0.020598553751623182,
      0.006973221745617425
    ]
  },
  {
    "label_id": "0rY3ADqZNmW5LfvB4kESuQ",
    "size": [
      2.016711896942264,
      4.533564042299038,
      1.9200000000000017
    ],
    "obj_class": "vehicle",
    "point_num_in_lidar": 69,
    "speed": 0.03603403381230608,
    "if_vehicle": true,
    "motion_state": false,
    "pose": [
      [
        0.18051193270467125,
        0.9833581928989299,
        0.020545233261643123,
        -37.543568253280114
      ],
      [
        -0.9835662029235047,
        0.18039486450800485,
        0.0074308361425534444,
        -58.538431314644185
      ],
      [
        0.0036009190303499436,
        -0.021548951661036066,
        0.9997613095456571,
        -0.2894455798645481
      ],
      [
        0.0,
        0.0,
        0.0,
        1.0
      ]
    ],
    "location": [
      -37.543568253280114,
      -58.538431314644185,
      -0.2894455798645481
    ],
    "rotation": [
      -0.021550759487507763,
      -0.0036009268123521885,
      -1.3892882277267038
    ]
  },
  {
    "label_id": "36R0oUdPylF5K-WxzOUm4w",
    "size": [
      0.8596856352619531,
      0.9487702636058615,
      1.6699999999999982
    ],
    "obj_class": "pedestrian",
    "point_num_in_lidar": 40,
    "speed": 1.4759638159682538,
    "if_vehicle": false,
    "motion_state": true,
    "pose": [
      [
        -0.052177359753043294,
        -0.9984264702617947,
        0.020545233261643123,
        -58.20923014867617
      ],
      [
        0.9986176443291123,
        -0.05203444156322959,
        0.0074308361425534444,
        40.55389631255275
      ],
      [
        -0.006350083761347515,
        0.020904553852610107,
        0.9997613095456571,
        4.606248646069197
      ],
      [
        0.0,
        0.0,
        0.0,
        1.0
      ]
    ],
    "location": [
      -58.20923014867617,
      40.55389631255275,
      4.606248646069197
    ],
    "rotation": [
      0.02090649827966081,
      0.00635012643845651,
      1.6229984443311805
    ]
  },
  {
    "label_id": "4ieIaDhGopv8IzBazdrVAg",
    "size": [
      2.0401336153701686,
      4.863289663388457,
      1.5500000000000007
    ],
    "obj_class": "vehicle",
    "point_num_in_lidar": 1745,
    "speed": 0.02116335340074096,
    "if_vehicle": true,
    "motion_state": false,
    "pose": [
      [
        0.9845812349509601,
        -0.17371725640438537,
        0.020545233261643123,
        -20.68223268173574
      ],
      [
        0.17359875462948743,
        0.9847884316264653,
        0.0074308361425534444,
        0.2492849585287331
      ],
      [
        -0.021523572508608355,
        -0.0037496349181599304,
        0.9997613095456571,
        1.4791600473203772
      ],
      [
        0.0,
        0.0,
        0.0,
        1.0
      ]
    ],
    "location": [
      -20.68223268173574,
      0.2492849585287331,
      1.4791600473203772
    ],
    "rotation": [
      -0.0037505125484689748,
      0.02152523470515287,
      0.17452358529385353
    ]
  },
  {
    "label_id": "5_8SCmp05AepT5qREHEGCg",
    "size": [
      0.9905850335456405,
      0.9725125636682508,
      1.7300000000000004
    ],
    "obj_class": "pedestrian",
    "point_num_in_lidar": 703,
    "speed": 1.3640543271499743,
    "if_vehicle": false,
    "motion_state": true,
    "pose": [
      [
        0.9774397624423453,
        0.21021275933414785,
        0.020545233261643123,
        -32.075636051855554
      ],
      [
        -0.21040061907674912,
        0.9775870100233243,
        0.0074308361425534444,
        2.750674029241054
      ],
      [
        -0.01852269658479538,
        -0.011585924511251363,
        0.9997613095456571,
        1.992976353020449
      ],
      [
        0.0,
        0.0,
        0.0,
        1.0
      ]
    ],
    "location": [
      -32.075636051855554,
      2.750674029241054,
      1.992976353020449
    ],
    "rotation": [
      -0.011588171884519577,
      0.018523755907906447,
      -0.21202166316297824
    ]
  },
  {
    "label_id": "5qjHxdW2h3jFXIpQs6y-2Q",
    "size": [
      2.1073346552137435,
      4.046644760548517,
      2.0700000000000003
    ],
    "obj_class": "vehicle",
    "point_num_in_lidar": 25,
    "speed": 10.37534916239829,
    "if_vehicle": true,
    "motion_state": true,
    "pose": [
      [
        0.9934049569839805,
        -0.11280285825226434,
        0.020545233261643123,
        41.9730848534972
      ],
      [
        0.11267183140342428,
        0.9936044691336793,
        0.0074308361425534444,
        2.113776712121762
      ],
      [
        -0.021252055144246787,
        -0.005066960400348433,
        0.9997613095456571,
        -0.018107201053318533
      ],
      [
        0.0,
        0.0,
        0.0,
        1.0
      ]
    ],
    "location": [
      41.9730848534972,
      2.113776712121762,
      -0.018107201053318533
    ],
    "rotation": [
      -0.005068126730585632,
      0.02125365521738296,
      0.11293721326370347
    ]
  },
  {
    "label_id": "8bOLWx11Kp9fHLqHd13oAw",
    "size": [
      0.9103511528318106,
      0.9856897121378135,
      1.8299999999999983
    ],
    "obj_class": "pedestrian",
    "point_num_in_lidar": 271,
    "speed": 1.4172357254079448,
    "if_vehicle": false,
    "motion_state": true,
    "pose": [
      [
        0.9881802091489226,
        0.15191368482337725,
        0.020545233261643123,
        -29.94634573605117
      ],
      [
        -0.15209248747613946,
        0.9883383317101199,
        0.0074308361425534444,
        3.277561679862629
      ],
      [
        -0.019176795866673608,
        -0.010467780846040657,
        0.9997613095456571,
        2.0286784194898004
      ],
      [
        0.0,
        0.0,
        0.0,
        1.0
      ]
    ],
    "location": [
      -29.94634573605117,
      3.277561679862629,
      2.0286784194898004
    ],
    "rotation": [
      -0.010469897419459983,
      0.019177971437407005,
      -0.15271335007640338
    ]
  },
  {
    "label_id": "9MJNWkZklOdq7gQT2jjjrg",
    "size": [
      2.143984999601148,
      4.745664128628958,
      1.8900000000000006
    ],
    "obj_class": "vehicle",
    "point_num_in_lidar": 853,
    "speed": 0.025790235045957746,
    "if_vehicle": true,
    "motion_state": false,
    "pose": [
      [
        -0.1994379226990383,
        -0.9796950588727684,
        0.020545233261643123,
        -39.24195396060907
      ],
      [
        0.9799052873538053,
        -0.1993248867810507,
        0.0074308361425534444,
        14.822280600081285
      ],
      [
        -0.0031847771583854998,
        0.02161437322718916,
        0.9997613095456571,
        2.650642195677932
      ],
      [
        0.0,
        0.0,
        0.0,
        1.0
      ]
    ],
    "location": [
      -39.24195396060907,
      14.822280600081285,
      2.650642195677932
    ],
    "rotation": [
      0.021616166193959844,
      0.003184782542172645,
      1.771581645568585
    ]
  },
  {
    "label_id": "ADFqdNGlbwpbwAp5geQE3w",
    "size": [
      0.8158004057853913,
      0.8888612554380027,
      1.7699999999999996
    ],
    "obj_class": "pedestrian",
    "point_num_in_lidar": 32,
    "speed": 1.3628219211678994,
    "if_vehicle": false,
    "motion_state": true,
    "pose": [
      [
        -0.1314937092899731,
        -0.9911040802092326,
        0.020545233261643123,
        -56.81654375276969
      ],
      [
        0.9913060248674781,
        -0.13136646351204515,
        0.0074308361425534444,
        34.229659619715676
      ],
      [
        -0.004665777384638855,
        0.021343721722084884,
        0.9997613095456571,
        4.135382691845233
      ],
      [
        0.0,
        0.0,
        0.0,
        1.0
      ]
    ],
    "location": [
      -56.81654375276969,
      34.229659619715676,
      4.135382691845233
    ],
    "rotation": [
      0.02134557496988766,
      0.004665794313394851,
      1.7026733931163562
    ]
  },
  {
    "label_id": "BAybr6cmFzCsGbfkTlAkWw",
    "size": [
      0.8023994599927137,
      0.8819417450696909,
      1.7899999999999991
    ],
    "obj_class": "pedestrian",
    "point_num_in_lidar": 46,
    "speed": 1.390528889003144,
    "if_vehicle": false,
    "motion_state": true,
    "pose": [
      [
        0.11479543823591518,
        0.9931766714691042,
        0.020545233261643123,
        -40.06109489642142
      ],
      [
        -0.9933764460620532,
        0.11466481187943836,
        0.0074308361425534444,
        35.99331334004819
      ],
      [
        0.005024317799328059,
        -0.021262176892410632,
        0.9997613095456571,
        4.1424926560548165
      ],
      [
        0.0,
        0.0,
        0.0,
        1.0
      ]
    ],
    "location": [
      -40.06109489642142,
      35.99331334004819,
      4.1424926560548165
    ],
    "rotation": [
      -0.02126404768766425,
      -0.0050243389383548024,
      -1.4557457940643175
    ]
  },
  {
    "label_id": "DFFZT9hbqKnRJi5XKB72zQ",
    "size": [
      1.9835447554654935,
      4.6246996539475065,
      1.5199999999999996
    ],
    "obj_class": "vehicle",
    "point_num_in_lidar": 33,
    "speed": 2.5488592043133997,
    "if_vehicle": true,
    "motion_state": true,
    "pose": [
      [
        -0.15203118638370214,
        -0.9881621383948025,
        0.020545233261643123,
        -46.101560183042466
      ],
      [
        0.9883666799704982,
        -0.15190815843238087,
        0.0074308361425534444,
        31.615745231896653
      ],
      [
        -0.0042218823833470925,
        0.02143594282260496,
        0.9997613095456571,
        3.6630385419398976
      ],
      [
        0.0,
        0.0,
        0.0,
        1.0
      ]
    ],
    "location": [
      -46.101560183042466,
      31.615745231896653,
      3.6630385419398976
    ],
    "rotation": [
      0.02143777588353302,
      0.0042218949254576215,
      1.7234207223831204
    ]
  },
  {
    "label_id": "G7K72AJ4NpA_CgJC0kYWww",
    "size": [
      0.7960126752564891,
      0.5618731317594163,
      1.4994828004563132
    ],
    "obj_class": "sign",
    "point_num_in_lidar": 28,
    "speed": 0.003420319531435448,
    "if_vehicle": false,
    "motion_state": false,
    "pose": [
      [
        -0.9438977713041118,
        -0.329598074504927,
        0.020545233261643123,
        21.58793451504573
      ],
      [
        0.3298027177299839,
        -0.9440206300988019,
        0.0074308361425534444,
        -12.159161527248216
      ],
      [
        0.016945934764635972,
        0.013789823439968603,
        0.9997613095456571,
        0.20480259522763333
      ],
      [
        0.0,
        0.0,
        0.0,
        1.0
      ]
    ],
    "location": [
      21.58793451504573,
      -12.159161527248216,
      0.20480259522763333
    ],
    "rotation": [
      0.013792241111250235,
      -0.016946745915186964,
      2.805447888908407
    ]
  },
  {
    "label_id": "G8kucBZ9BZFgHAyYWC4yDg",
    "size": [
      0.6424448436467705,
      0.7737368046697366,
      1.9600000000000009
    ],
    "obj_class": "pedestrian",
    "point_num_in_lidar": 92,
    "speed": 1.1426013615751742,
    "if_vehicle": false,
    "motion_state": true,
    "pose": [
      [
        0.9944078792909132,
        -0.10358987882207997,
        0.020545233261643123,
        -0.7997869996743248
      ],
      [
        0.10345700827132859,
        0.9946061683469336,
        0.0074308361425534444,
        -12.953832742092345
      ],
      [
        -0.021204175147710686,
        -0.005263733642388653,
        0.9997613095456571,
        1.1689723421505178
      ],
      [
        0.0,
        0.0,
        0.0,
        1.0
      ]
    ],
    "location": [
      -0.7997869996743248,
      -12.953832742092345,
      1.1689723421505178
    ],
    "rotation": [
      -0.005264941697408158,
      0.021205764429044593,
      0.10366585044282298
    ]
  },
  {
    "label_id": "HCM_aM5QyvPrLtU-nuZPfg",
    "size": [
      0.5258255764506544,
      0.10121620204894,
      0.5399999999999991
    ],
    "obj_class": "sign",
    "point_num_in_lidar": 97,
    "speed": 0.017081717959819484,
    "if_vehicle": false,
    "motion_state": false,
    "pose": [
      [
        -0.20978036567745498,
        -0.9775326549872685,
        0.020545233261643123,
        -27.01058898068095
      ],
      [
        0.9777440663105769,
        -0.2096695578015102,
        0.0074308361425534444,
        -24.345921304624426
      ],
      [
        -0.0029561750103080284,
        0.021646823435812375,
        0.9997613095456571,
        3.6510955510622978
      ],
      [
        0.0,
        0.0,
        0.0,
        1.0
      ]
    ],
    "location": [
      -27.01058898068095,
      -24.345921304624426,
      3.6510955510622978
    ],
    "rotation": [
      0.021648608963322276,
      0.002956179315979423,
      1.782147585906892
    ]
  },
  {
    "label_id": "IFH_3fO9CjAGjaIgv1VweQ",
    "size": [
      0.6876202711859773,
      0.8338225563048567,
      1.8599999999999994
    ],
    "obj_class": "pedestrian",
    "point_num_in_lidar": 40,
    "speed": 1.1642723962465762,
    "if_vehicle": false,
    "motion_state": true,
    "pose": [
      [
        0.1980961775942241,
        0.97996724323458,
        0.020545233261643123,
        -24.065705171785453
      ],
      [
        -0.9801773167313131,
        0.19798285390312342,
        0.0074308361425534444,
        -41.318055036925216
      ],
      [
        0.003214372094300496,
        -0.021609991846185127,
        0.9997613095456571,
        0.5091571862161928
      ],
      [
        0.0,
        0.0,
        0.0,
        1.0
      ]
    ],
    "location": [
      -24.065705171785453,
      -41.318055036925216,
      0.5091571862161928
    ],
    "rotation": [
      -0.021611785813905493,
      -0.003214377629575674,
      -1.3713800585609746
    ]
  },
  {
    "label_id": "JPy4Q0td0A-ZYAKcLWTBEA",
    "size": [
      0.565078421135951,
      0.13220980686789907,
      0.6400000000000006
    ],
    "obj_class": "sign",
    "point_num_in_lidar": 23,
    "speed": 0.02190904326126714,
    "if_vehicle": false,
    "motion_state": false,
    "pose": [
      [
        0.05064856340952452,
        -0.9985051909803854,
        0.020545233261643123,
        -23.541080524970084
      ],
      [
        0.9986806746083512,
        0.05081036152233905,
        0.0074308361425534444,
        -45.83991896176849
      ],
      [
        -0.00846363919124915,
        0.02014176623817179,
        0.9997613095456571,
        2.354284877786611
      ],
      [
        0.0,
        0.0,
        0.0,
        1.0
      ]
    ],
    "location": [
      -23.541080524970084,
      -45.83991896176849,
      2.354284877786611
    ],
    "rotation": [
      0.020143849969511355,
      0.008463740240749907,
      1.5201242672627053
    ]
  },
  {
    "label_id": "Jc8zsPXiAsLWPw7ILYVKKw",
    "size": [
      0.8520086459819215,
      0.7883763695938778,
      1.8500000000000014
    ],
    "obj_class": "pedestrian",
    "point_num_in_lidar": 1044,
    "speed": 0.02794789021846982,
    "if_vehicle": false,
    "motion_state": false,
    "pose": [
      [
        0.07275576265712497,
        0.9971381511056553,
        0.020545233261643123,
        -32.9990276716793
      ],
      [
        -0.9973322317703239,
        0.07261681724123734,
        0.0074308361425534444,
        0.26699294066747825
      ],
      [
        0.005917640763415492,
        -0.021031059491808033,
        0.9997613095456571,
        1.923517746945052
      ],
      [
        0.0,
        0.0,
        0.0,
        1.0
      ]
    ],
    "location": [
      -32.9990276716793,
      0.26699294066747825,
      1.923517746945052
    ],
    "rotation": [
      -0.021032978488146104,
      -0.005917675301749526,
      -1.4979749458698923
    ]
  },
  {
    "label_id": "Jen578WRszpN8G3K2BI_Yg",
    "size": [
      0.77542144991175,
      0.861130270595639,
      1.8699999999999974
    ],
    "obj_class": "pedestrian",
    "point_num_in_lidar": 55,
    "speed": 1.3081837869188093,
    "if_vehicle": false,
    "motion_state": true,
    "pose": [
      [
        0.9898103956631445,
        -0.14090164664543134,
        0.020545233261643123,
        5.605603518977205
      ],
      [
        0.14077632475185906,
        0.9900135398385123,
        0.0074308361425534444,
        -12.585346238418424
      ],
      [
        -0.02138707615660542,
        -0.004462836432625051,
        0.9997613095456571,
        0.8749611588090715
      ],
      [
        0.0,
        0.0,
        0.0,
        1.0
      ]
    ],
    "location": [
      5.605603518977205,
      -12.585346238418424,
      0.8749611588090715
    ],
    "rotation": [
      -0.004463872273895685,
      0.021388706925445852,
      0.14127803581178763
    ]
  },
  {
    "label_id": "KEwfE1F6A1nr8DUnRv4xhA",
    "size": [
      0.7800767695030733,
      1.1437752229948788,
      0.6799999999999997
    ],
    "obj_class": "pedestrian",
    "point_num_in_lidar": 62,
    "speed": 0.0064105872127196315,
    "if_vehicle": false,
    "motion_state": false,
    "pose": [
      [
        0.12818664658877674,
        0.9915372292690521,
        0.020545233261643123,
        -11.823045594621703
      ],
      [
        -0.9917387483106628,
        0.12805872782993857,
        0.0074308361425534444,
        6.724496153903601
      ],
      [
        0.004736954245484415,
        -0.021328037885117154,
        0.9997613095456571,
        0.8372290916420155
      ],
      [
        0.0,
        0.0,
        0.0,
        1.0
      ]
    ],
    "location": [
      -11.823045594621703,
      6.724496153903601,
      0.8372290916420155
    ],
    "rotation": [
      -0.02132989452989933,
      -0.004736971960873879,
      -1.4422545519716135
    ]
  },
  {
    "label_id": "L_aIsNaDxXc8uF3ViHxdrQ",
    "size": [
      0.8122322634865085,
      0.7338474175354834,
      1.7899999999999991
    ],
    "obj_class": "pedestrian",
    "point_num_in_lidar": 85,
    "speed": 1.1446778436767762,
    "if_vehicle": false,
    "motion_state": true,
    "pose": [
      [
        0.07354317641693779,
        0.9970803852211375,
        0.020545233261643123,
        -38.979420996659314
      ],
      [
        -0.9972745755499897,
        0.07340438430918426,
        0.0074308361425534444,
        32.79843164000158
      ],
      [
        0.005901030765472852,
        -0.021035726073937843,
        0.9997613095456571,
        3.874568360891036
      ],
      [
        0.0,
        0.0,
        0.0,
        1.0
      ]
    ],
    "location": [
      -38.979420996659314,
      32.79843164000158,
      3.874568360891036
    ],
    "rotation": [
      -0.02103764411933265,
      -0.005901065013786465,
      -1.4971854102723494
    ]
  },
  {
    "label_id": "MQRSR5TMzUjLo--CfbYRWg",
    "size": [
      1.983544755465443,
      4.6246996539475065,
      1.5199999999999996
    ],
    "obj_class": "vehicle",
    "point_num_in_lidar": 50,
    "speed": 3.0328714260151752,
    "if_vehicle": true,
    "motion_state": true,
    "pose": [
      [
        -0.20134444774981503,
        -0.9793050121134613,
        0.020545233261643123,
        -49.14541623927232
      ],
      [
        0.979515460212189,
        -0.2012318212398971,
        0.0074308361425534444,
        52.542095336033526
      ],
      [
        -0.00314270037155749,
        0.02162053121288693,
        0.9997613095456571,
        4.843297207943074
      ],
      [
        0.0,
        0.0,
        0.0,
        1.0
      ]
    ],
    "location": [
      -49.14541623927232,
      52.542095336033526,
      4.843297207943074
    ],
    "rotation": [
      0.021622322771430655,
      0.0031427055447615588,
      1.7735276265684818
    ]
  },
  {
    "label_id": "MptZm_aMyhLXo_gh28r5vg",
    "size": [
      1.9314862767466205,
      4.315802446791044,
      1.620000000000001
    ],
    "obj_class": "vehicle",
    "point_num_in_lidar": 27,
    "speed": 7.676163918123237,
    "if_vehicle": true,
    "motion_state": true,
    "pose": [
      [
        0.20090376670311777,
        0.979395512504894,
        0.020545233261643123,
        -53.90096783016554
      ],
      [
        -0.9796059099034452,
        0.20079104550867208,
        0.0074308361425534444,
        59.851158532073896
      ],
      [
        0.003152428705351152,
        -0.021619114894243095,
        0.9997613095456571,
        5.563709915038544
      ],
      [
        0.0,
        0.0,
        0.0,
        1.0
      ]
    ],
    "location": [
      -53.90096783016554,
      59.851158532073896,
      5.563709915038544
    ],
    "rotation": [
      -0.021620906776820038,
      -0.0031524339267457093,
      -1.3685148969348282
    ]
  },
  {
    "label_id": "OBSWm8PNaPcSVzPQrsJPEw",
    "size": [
      0.7562119436525692,
      0.8606054481484527,
      1.7899999999999991
    ],
    "obj_class": "pedestrian",
    "point_num_in_lidar": 33,
    "speed": 1.071395671130424,
    "if_vehicle": false,
    "motion_state": true,
    "pose": [
      [
        -0.23779538000153191,
        -0.971097961402531,
        0.020545233261643123,
        -37.84007552666594
      ],
      [
        0.9713124708103461,
        -0.2376906954900067,
        0.0074308361425534444,
        29.518325185066715
      ],
      [
        -0.002332659046585524,
        0.021722859786989103,
        0.9997613095456571,
        3.61633669282509
      ],
      [
        0.0,
        0.0,
        0.0,
        1.0
      ]
    ],
    "location": [
      -37.84007552666594,
      29.518325185066715,
      3.61633669282509
    ],
    "rotation": [
      0.02172462770440421,
      0.0023326611620396263,
      1.8108924845034646
    ]
  },
  {
    "label_id": "OQlhKA2gf7QxBoRjwYYG8g",
    "size": [
      0.8252768973506321,
      1.0533712119678817,
      1.7899999999999991
    ],
    "obj_class": "pedestrian",
    "point_num_in_lidar": 276,
    "speed": 1.5276483715476068,
    "if_vehicle": false,
    "motion_state": true,
    "pose": [
      [
        0.9996019749883275,
        0.019333519846630582,
        0.020545233261643123,
        -24.59055508624033
      ],
      [
        -0.019489739363893692,
        0.9997824427012859,
        0.0074308361425534444,
        -16.476670596097392
      ],
      [
        -0.020397099278154154,
        -0.00782829972535089,
        0.9997613095456571,
        1.7681450709297692
      ],
      [
        0.0,
        0.0,
        0.0,
        1.0
      ]
    ],
    "location": [
      -24.59055508624033,
      -16.476670596097392,
      1.7681450709297692
    ],
    "rotation": [
      -0.007830008691192176,
      0.02039851388351442,
      -0.019495029745446205
    ]
  },
  {
    "label_id": "Oggj4tjjPusfmBhJes7YdQ",
    "size": [
      0.5258255764473119,
      0.10121620204894,
      0.5399999999999991
    ],
    "obj_class": "sign",
    "point_num_in_lidar": 31,
    "speed": 0.012069839756656178,
    "if_vehicle": false,
    "motion_state": false,
    "pose": [
      [
        -0.9402457993868503,
        0.3398760511210044,
        0.020545233261643123,
        -20.300366864539683
      ],
      [
        -0.3397948098952359,
        -0.9404702386798228,
        0.0074308361425534444,
        -15.926934887118477
      ],
      [
        0.021847743673968446,
        5.648838574558796e-06,
        0.9997613095456571,
        3.858957497229259
      ],
      [
        0.0,
        0.0,
        0.0,
        1.0
      ]
    ],
    "location": [
      -20.300366864539683,
      -15.926934887118477,
      3.858957497229259
    ],
    "rotation": [
      5.650187220253408e-06,
      -0.021849482122455074,
      -2.7948076772186856
    ]
  },
  {
    "label_id": "P8be1mBpNNUndtHnp5yJsA",
    "size": [
      0.9597539979959647,
      1.2346786865784796,
      2.009999999999998
    ],
    "obj_class": "pedestrian",
    "point_num_in_lidar": 252,
    "speed": 1.8306877059144633,
    "if_vehicle": false,
    "motion_state": true,
    "pose": [
      [
        0.9869279023254732,
        -0.15984745541192,
        0.020545233261643123,
        -19.636605440932613
      ],
      [
        0.15972605020425998,
        0.9871334112268557,
        0.0074308361425534444,
        -17.222788313787532
      ],
      [
        -0.021468686442987335,
        -0.00405209056728714,
        0.9997613095456571,
        1.7541549215593193
      ],
      [
        0.0,
        0.0,
        0.0,
        1.0
      ]
    ],
    "location": [
      -19.636605440932613,
      -17.222788313787532,
      1.7541549215593193
    ],
    "rotation": [
      -0.00405303580018822,
      0.02147033595415359,
      0.16045043500236744
    ]
  },
  {
    "label_id": "Pfs8a-nzPYik9VWWQsxBkg",
    "size": [
      2.016711896942264,
      4.533564042299038,
      2.1700000000000017
    ],
    "obj_class": "vehicle",
    "point_num_in_lidar": 332,
    "speed": 0.013181229696833038,
    "if_vehicle": true,
    "motion_state": false,
    "pose": [
      [
        0.18051193270467475,
        0.9833581928989292,
        0.020545233261643123,
        -41.74684089700497
      ],
      [
        -0.9835662029235042,
        0.18039486450800835,
        0.0074308361425534444,
        -31.802745565986697
      ],
      [
        0.0036009190303498673,
        -0.021548951661036084,
        0.9997613095456571,
        1.2344384237635637
      ],
      [
        0.0,
        0.0,
        0.0,
        1.0
      ]
    ],
    "location": [
      -41.74684089700497,
      -31.802745565986697,
      1.2344384237635637
    ],
    "rotation": [
      -0.02155075948750778,
      -0.003600926812352112,
      -1.3892882277267002
    ]
  },
  {
    "label_id": "Q5PhKXgruUST0xy6Tmhvuw",
    "size": [
      2.1945859371536174,
      3.7584377944850687,
      1.759999999999998
    ],
    "obj_class": "vehicle",
    "point_num_in_lidar": 476,
    "speed": 8.227017961156232,
    "if_vehicle": true,
    "motion_state": true,
    "pose": [
      [
        0.9889070349044937,
        -0.14710802053806254,
        0.020545233261643123,
        -11.127109024464175
      ],
      [
        0.14698397544719258,
        0.9891109612353719,
        0.0074308361425534444,
        -1.5395726465085318
      ],
      [
        -0.021414651016102498,
        -0.004328586075307475,
        0.9997613095456571,
        1.3891160675830534
      ],
      [
        0.0,
        0.0,
        0.0,
        1.0
      ]
    ],
    "location": [
      -11.127109024464175,
      -1.5395726465085318,
      1.3891160675830534
    ],
    "rotation": [
      -0.0043295924606814515,
      0.02141628810171463,
      0.14755251965718005
    ]
  },
  {
    "label_id": "R758UwW1EzTiP5uE3blV4A",
    "size": [
      0.8596856352614414,
      0.9487702636058615,
      1.6699999999999982
    ],
    "obj_class": "pedestrian",
    "point_num_in_lidar": 28,
    "speed": 1.3549708052474057,
    "if_vehicle": false,
    "motion_state": true,
    "pose": [
      [
        0.18903485155034097,
        0.981755426921372,
        0.020545233261643123,
        -59.487478146338844
      ],
      [
        -0.9819644445773074,
        0.18891959204964082,
        0.0074308361425534444,
        45.35058813224896
      ],
      [
        0.003413866623160987,
        -0.02157937557558311,
        0.9997613095456571,
        4.868861235105758
      ],
      [
        0.0,
        0.0,
        0.0,
        1.0
      ]
    ],
    "location": [
      -59.487478146338844,
      45.35058813224896,
      4.868861235105758
    ],
    "rotation": [
      -0.0215811765146119,
      -0.0034138732543388386,
      -1.3806160208451141
    ]
  },
  {
    "label_id": "RuyQ2rgW8uyRGQXvZRykig",
    "size": [
      0.8520086459841919,
      0.7883763695938778,
      1.7399999999999984
    ],
    "obj_class": "pedestrian",
    "point_num_in_lidar": 827,
    "speed": 0.07065948483442752,
    "if_vehicle": false,
    "motion_state": false,
    "pose": [
      [
        -0.9880359785250307,
        0.15284894023286463,
        0.020545233261643123,
        -32.33123756847124
      ],
      [
        -0.15272608160289017,
        -0.9882406218489754,
        0.0074308361425534444,
        0.06893454294731782
      ],
      [
        0.021439429523951815,
        0.004204140487698836,
        0.9997613095456571,
        1.8661864540600774
      ],
      [
        0.0,
        0.0,
        0.0,
        1.0
      ]
    ],
    "location": [
      -32.33123756847124,
      0.06893454294731782,
      1.8661864540600774
    ],
    "rotation": [
      0.004205119428890039,
      -0.021441072299654133,
      -2.988230993690931
    ]
  },
  {
    "label_id": "SCePO7EHI3iF8AghIVKjHg",
    "size": [
      2.172894802514859,
      4.531856758098943,
      1.6300000000000026
    ],
    "obj_class": "vehicle",
    "point_num_in_lidar": 97,
    "speed": 0.0071853503595638805,
    "if_vehicle": true,
    "motion_state": false,
    "pose": [
      [
        0.9767936967319506,
        -0.21319467023111707,
        0.020545233261643123,
        16.827050170926668
      ],
      [
        0.21308460172135082,
        0.9770054939372018,
        0.0074308361425534444,
        5.7373421932807105
      ],
      [
        -0.021657020431799817,
        -0.0028805210586646925,
        0.9997613095456571,
        0.3694166831758423
      ],
      [
        0.0,
        0.0,
        0.0,
        1.0
      ]
    ],
    "location": [
      16.827050170926668,
      5.7373421932807105,
      0.3694166831758423
    ],
    "rotation": [
      -0.0028812008030818523,
      0.021658713742089112,
      0.21478215157649475
    ]
  },
  {
    "label_id": "SZT8wbUgy2ZsQ08TFaws3Q",
    "size": [
      2.17553247403374,
      4.653172966271873,
      1.8000000000000007
    ],
    "obj_class": "vehicle",
    "point_num_in_lidar": 1104,
    "speed": 7.0435348551324575,
    "if_vehicle": true,
    "motion_state": true,
    "pose": [
      [
        0.9946491315752345,
        -0.10124721451406188,
        0.020545233261643123,
        -17.293612349113005
      ],
      [
        0.10111387725226093,
        0.9948471070979887,
        0.0074308361425534444,
        -11.567268480306666
      ],
      [
        -0.02119171733594299,
        -0.005313666521931798,
        0.9997613095456571,
        1.513398557137684
      ],
      [
        0.0,
        0.0,
        0.0,
        1.0
      ]
    ],
    "location": [
      -17.293612349113005,
      -11.567268480306666,
      1.513398557137684
    ],
    "rotation": [
      -0.005314885100686632,
      0.02119330381735609,
      0.10130980237975454
    ]
  },
  {
    "label_id": "Sd3gBm--9zx1QFKFx05RTA",
    "size": [
      2.296781178076216,
      4.760516157978834,
      1.8200000000000003
    ],
    "obj_class": "vehicle",
    "point_num_in_lidar": 45,
    "speed": 0.045937503449309205,
    "if_vehicle": true,
    "motion_state": false,
    "pose": [
      [
        -0.17987566544923025,
        -0.9834747776986563,
        0.020545233261643123,
        -42.66603177261754
      ],
      [
        0.9836827119369611,
        -0.17975846269527376,
        0.0074308361425534444,
        34.3298460845981
      ],
      [
        -0.003614860376584116,
        0.02154661736817656,
        0.9997613095456571,
        3.774998024145482
      ],
      [
        0.0,
        0.0,
        0.0,
        1.0
      ]
    ],
    "location": [
      -42.66603177261754,
      34.3298460845981,
      3.774998024145482
    ],
    "rotation": [
      0.021548425721443238,
      0.0036148682493236926,
      1.7516575751623042
    ]
  },
  {
    "label_id": "TXMWKgpsOY75H154LCp75g",
    "size": [
      2.6182996726780168,
      6.262179096259549,
      2.9199999999999946
    ],
    "obj_class": "vehicle",
    "point_num_in_lidar": 1356,
    "speed": 0.02250571151584142,
    "if_vehicle": true,
    "motion_state": false,
    "pose": [
      [
        0.980726856693826,
        -0.19430060717782727,
        0.020545233261643123,
        -8.62853587389759
      ],
      [
        0.19418647100597317,
        0.9809364898669377,
        0.0074308361425534444,
        2.0539898877686937
      ],
      [
        -0.02159738497351074,
        -0.003298014229620297,
        0.9997613095456571,
        1.7815467802247014
      ],
      [
        0.0,
        0.0,
        0.0,
        1.0
      ]
    ],
    "location": [
      -8.62853587389759,
      2.0539898877686937,
      1.7815467802247014
    ],
    "rotation": [
      -0.003298789656201983,
      0.02159906433207442,
      0.19547425070940985
    ]
  },
  {
    "label_id": "UBX5s_zLkYOWEFjNNTwuRA",
    "size": [
      2.016711896942264,
      4.533564042299038,
      2.1199999999999974
    ],
    "obj_class": "vehicle",
    "point_num_in_lidar": 87,
    "speed": 5.695433295429594e-13,
    "if_vehicle": true,
    "motion_state": false,
    "pose": [
      [
        0.18051193270467125,
        0.9833581928989299,
        0.020545233261643123,
        -38.52608570093366
      ],
      [
        -0.9835662029235047,
        0.18039486450800485,
        0.0074308361425534444,
        -51.61774913211593
      ],
      [
        0.0036009190303499436,
        -0.021548951661036066,
        0.9997613095456571,
        0.03798459254838349
      ],
      [
        0.0,
        0.0,
        0.0,
        1.0
      ]
    ],
    "location": [
      -38.52608570093366,
      -51.61774913211593,
      0.03798459254838349
    ],
    "rotation": [
      -0.021550759487507763,
      -0.0036009268123521885,
      -1.3892882277267038
    ]
  },
  {
    "label_id": "Ve0CxlvEk2pDEyL1_L0Fmw",
    "size": [
      2.0835415527777434,
      4.724636947852506,
      1.6099999999999994
    ],
    "obj_class": "vehicle",
    "point_num_in_lidar": 267,
    "speed": 1.7021903644088893e-28,
    "if_vehicle": true,
    "motion_state": false,
    "pose": [
      [
        -0.19943792269913574,
        -0.9796950588727487,
        0.020545233261643123,
        -41.72151225872017
      ],
      [
        0.9799052873537856,
        -0.19932488678114818,
        0.0074308361425534444,
        28.52424851523574
      ],
      [
        -0.0031847771583833496,
        0.021614373227189475,
        0.9997613095456571,
        3.4508566152882594
      ],
      [
        0.0,
        0.0,
        0.0,
        1.0
      ]
    ],
    "location": [
      -41.72151225872017,
      28.52424851523574,
      3.4508566152882594
    ],
    "rotation": [
      0.02161616619396016,
      0.003184782542170495,
      1.7715816455686844
    ]
  },
  {
    "label_id": "WLoeAc0DhdudwO48POEAkg",
    "size": [
      0.7991696349851957,
      0.9996157537304644,
      1.8200000000000003
    ],
    "obj_class": "pedestrian",
    "point_num_in_lidar": 48,
    "speed": 1.4361183719030566,
    "if_vehicle": false,
    "motion_state": true,
    "pose": [
      [
        -0.8346152248999454,
        -0.5504501065086993,
        0.020545233261643123,
        -19.945771445132664
      ],
      [
        0.5506785836484255,
        -0.8346842997116853,
        0.0074308361425534444,
        -23.92612898178959
      ],
      [
        0.013058479091290579,
        0.017515708931560042,
        0.9997613095456571,
        1.574979781197385
      ],
      [
        0.0,
        0.0,
        0.0,
        1.0
      ]
    ],
    "location": [
      -19.945771445132664,
      -23.92612898178959,
      1.574979781197385
    ],
    "rotation": [
      0.01751809853549962,
      -0.013058850250184377,
      2.5583594262000586
    ]
  },
  {
    "label_id": "WM02HP9oou4H6DzObgNI5A",
    "size": [
      0.7031396390496487,
      0.7449503725873117,
      1.8900000000000006
    ],
    "obj_class": "pedestrian",
    "point_num_in_lidar": 83,
    "speed": 1.1858302213572667,
    "if_vehicle": false,
    "motion_state": true,
    "pose": [
      [
        0.996708608392826,
        -0.07842093691011989,
        0.020545233261643123,
        -1.0401304307064265
      ],
      [
        0.07828309662273499,
        0.9969034754966892,
        0.0074308361425534444,
        -13.583389973042358
      ],
      [
        -0.021064347575746833,
        -0.005798033870281721,
        0.9997613095456571,
        1.1689723421505178
      ],
      [
        0.0,
        0.0,
        0.0,
        1.0
      ]
    ],
    "location": [
      -1.0401304307064265,
      -13.583389973042358,
      1.1689723421505178
    ],
    "rotation": [
      -0.0057993531195821655,
      0.02106590561901959,
      0.07838070087770552
    ]
  },
  {
    "label_id": "X1QVD9fiqiMe00eEkzSVqw",
    "size": [
      1.8762686812330787,
      4.220020911314616,
      1.8299999999999983
    ],
    "obj_class": "vehicle",
    "point_num_in_lidar": 89,
    "speed": 1.4210854715202004e-12,
    "if_vehicle": true,
    "motion_state": false,
    "pose": [
      [
        0.1932760982266364,
        0.9809292753529749,
        0.020545233261643123,
        -39.32510846606749
      ],
      [
        -0.9811387891925665,
        0.19316174314798237,
        0.0074308361425534444,
        -45.90318196912267
      ],
      [
        0.0033205716423807515,
        -0.021593928302201578,
        0.9997613095456571,
        0.40124580292371803
      ],
      [
        0.0,
        0.0,
        0.0,
        1.0
      ]
    ],
    "location": [
      -39.32510846606749,
      -45.90318196912267,
      0.40124580292371803
    ],
    "rotation": [
      -0.02159572593262931,
      -0.0033205777446233408,
      -1.376295127319717
    ]
  },
  {
    "label_id": "XD1OhGtSBLIHK7-rhSwK2w",
    "size": [
      2.407131183613111,
      5.5554074490899295,
      2.0
    ],
    "obj_class": "vehicle",
    "point_num_in_lidar": 95,
    "speed": 0.12370563536580202,
    "if_vehicle": true,
    "motion_state": false,
    "pose": [
      [
        0.9852529953974613,
        -0.16986591315079907,
        0.020545233261643123,
        -2.0641459711712287
      ],
      [
        0.16974660207921904,
        0.9854597271105409,
        0.0074308361425534444,
