[
  {
    "label_id": "-h1T1LaQ9WWxLjpd8tPvDw",
    "size": [
      0.7635359400706312,
      0.09606209831191423,
      0.7399999999999984
    ],
    "obj_class": "sign",
    "point_num_in_lidar": 22,
    "speed": 0.00043967552318478233,
    "if_vehicle": false,
    "motion_state": false,
    "pose": [
      [
        0.09018449155869837,
        0.9955777558101305,
        0.026299992744545954,
        -23.880296679847334
      ],
      [
        -0.9957334937726411,
        0.08961774833171778,
        0.02198791857549983,
        -45.95094222221451
      ],
      [
        0.019533736499425282,
        -0.028170752918887366,
        0.9994122481830778,
        4.528285017022057
      ],
      [
        0.0,
        0.0,
        0.0,
        1.0
      ]
    ],
    "location": [
      -23.880296679847334,
      -45.95094222221451,
      4.528285017022057
    ],
    "rotation": [
      -0.028179858447270865,
      -0.019534978950527613,
      -1.480471855844586
    ]
  },
  {
    "label_id": "08izZfFATo8NaNCOSiMccQ",
    "size": [
      0.8599354084562387,
      1.2837768931797942,
      1.9100000000000001
    ],
    "obj_class": "pedestrian",
    "point_num_in_lidar": 279,
    "speed": 3.58701568857958,
    "if_vehicle": false,
    "motion_state": true,
    "pose": [
      [
        0.9994781110814642,
        0.018756754801004968,
        0.026299992744545954,
        -28.516431990258297
      ],
      [
        -0.019337086045942548,
        0.9995712123405561,
        0.02198791857549983,
        -18.19875405286257
      ],
      [
        -0.025876293634908516,
        -0.022485008547162563,
        0.9994122481830778,
        1.7581474868702642
      ],
      [
        0.0,
        0.0,
        0.0,
        1.0
      ]
    ],
    "location": [
      -28.516431990258297,
      -18.19875405286257,
      1.7581474868702642
    ],
    "rotation": [
      -0.022494437096302625,
      0.025879182224569225,
      -0.019344769697847576
    ]
  },
  {
    "label_id": "0rY3ADqZNmW5LfvB4kESuQ",
    "size": [
      2.0167118969422617,
      4.533564042299038,
      1.9200000000000017
    ],
    "obj_class": "vehicle",
    "point_num_in_lidar": 70,
    "speed": 0.036034034112977516,
    "if_vehicle": true,
    "motion_state": false,
    "pose": [
      [
        0.18048758931346612,
        0.9832255796537488,
        0.026299992744545954,
        -37.56406790015387
      ],
      [
        -0.98343228967999,
        0.17993738647509955,
        0.02198791857549983,
        -58.54528331252732
      ],
      [
        0.016886732028007573,
        -0.029832808501048698,
        0.9994122481830778,
        -0.2894455798645481
      ],
      [
        0.0,
        0.0,
        0.0,
        1.0
      ]
    ],
    "location": [
      -37.56406790015387,
      -58.54528331252732,
      -0.2894455798645481
    ],
    "rotation": [
      -0.029841491848794685,
      -0.016887534705934765,
      -1.3892879980909236
    ]
  },
  {
    "label_id": "4ieIaDhGopv8IzBazdrVAg",
    "size": [
      2.0401336153701686,
      4.863289663388457,
      1.5500000000000007
    ],
    "obj_class": "vehicle",
    "point_num_in_lidar": 3929,
    "speed": 0.08695567709809598,
    "if_vehicle": true,
    "motion_state": false,
    "pose": [
      [
        0.9844484567693644,
        -0.17369382932635657,
        0.026299992744545954,
        -20.657012365661103
      ],
      [
        0.17314221221332907,
        0.9846513625576271,
        0.02198791857549983,
        0.2509633269710321
      ],
      [
        -0.029715489467467576,
        -0.01709233358423606,
        0.9994122481830778,
        1.4791600473203346
      ],
      [
        0.0,
        0.0,
        0.0,
        1.0
      ]
    ],
    "location": [
      -20.657012365661103,
      0.2509633269710321,
      1.4791600473203346
    ],
    "rotation": [
      -0.01710071840032379,
      0.029719864386700746,
      0.17409684504781078
    ]
  },
  {
    "label_id": "5_8SCmp05AepT5qREHEGCg",
    "size": [
      0.9905850335451072,
      0.9725125636682508,
      1.7300000000000004
    ],
    "obj_class": "pedestrian",
    "point_num_in_lidar": 759,
    "speed": 1.3368469607661684,
    "if_vehicle": false,
    "motion_state": true,
    "pose": [
      [
        0.9776517114370852,
        0.20857958074983055,
        0.026299992744545954,
        -31.269973421246164
      ],
      [
        -0.20916702486565952,
        0.9776326954155972,
        0.02198791857549983,
        2.5723161111745867
      ],
      [
        -0.02112550195822194,
        -0.026997617462641794,
        0.9994122481830778,
        1.9569875363619218
      ],
      [
        0.0,
        0.0,
        0.0,
        1.0
      ]
    ],
    "location": [
      -31.269973421246164,
      2.5723161111745867,
      1.9569875363619218
    ],
    "rotation": [
      -0.027006926726141574,
      0.021127073612770365,
      -0.21077081090583324
    ]
  },
  {
    "label_id": "5qjHxdW2h3jFXIpQs6y-2Q",
    "size": [
      2.107334655212734,
      4.046644760548517,
      2.0700000000000003
    ],
    "obj_class": "vehicle",
    "point_num_in_lidar": 31,
    "speed": 10.216606756871863,
    "if_vehicle": true,
    "motion_state": true,
    "pose": [
      [
        0.993704638409174,
        -0.10890088147361236,
        0.026299992744545954,
        48.09908437009483
      ],
      [
        0.10833716887356593,
        0.993871012394052,
        0.02198791857549983,
        2.7298147727942705
      ],
      [
        -0.028533304129620053,
        -0.019000229922097985,
        0.9994122481830778,
        -0.2100520412014859
      ],
      [
        0.0,
        0.0,
        0.0,
        1.0
      ]
    ],
    "location": [
      48.09908437009483,
      2.7298147727942705,
      -0.2100520412014859
    ],
    "rotation": [
      -0.01900911395325145,
      0.028537177277733937,
      0.1085946102210749
    ]
  },
  {
    "label_id": "8bOLWx11Kp9fHLqHd13oAw",
    "size": [
      0.910351152829894,
      0.9856897121378135,
      1.8299999999999983
    ],
    "obj_class": "pedestrian",
    "point_num_in_lidar": 689,
    "speed": 1.463855588205875,
    "if_vehicle": false,
    "motion_state": true,
    "pose": [
      [
        0.9984723335044982,
        0.04859330826069731,
        0.026299992744545954,
        -29.140698006869798
      ],
      [
        -0.04917616077216961,
        0.9985480642655249,
        0.02198791857549983,
        3.178291749625714
      ],
      [
        -0.025193341139913335,
        -0.023247661040498902,
        0.9994122481830778,
        1.9686784194897555
      ],
      [
        0.0,
        0.0,
        0.0,
        1.0
      ]
    ],
    "location": [
      -29.140698006869798,
      3.178291749625714,
      1.9686784194897555
    ],
    "rotation": [
      -0.02325713880422895,
      0.02519600695562321,
      -0.04921163529748131
    ]
  },
  {
    "label_id": "9MJNWkZklOdq7gQT2jjjrg",
    "size": [
      2.1439849996011473,
      4.745664128628958,
      1.8900000000000006
    ],
    "obj_class": "vehicle",
    "point_num_in_lidar": 1024,
    "speed": 0.02458628460487272,
    "if_vehicle": true,
    "motion_state": false,
    "pose": [
      [
        -0.19941102699579133,
        -0.9795629396287513,
        0.026299992744545954,
        -39.24220629811441
      ],
      [
        0.9797802193644625,
        -0.19886491188453312,
        0.02198791857549983,
        14.807535047237252
      ],
      [
        -0.01630840441642625,
        0.030152846085175263,
        0.9994122481830778,
        2.6506421956778894
      ],
      [
        0.0,
        0.0,
        0.0,
        1.0
      ]
    ],
    "location": [
      -39.24220629811441,
      14.807535047237252,
      2.6506421956778894
    ],
    "rotation": [
      0.030161429498663406,
      0.016309127411187507,
      1.771580233431795
    ]
  },
  {
    "label_id": "DFFZT9hbqKnRJi5XKB72zQ",
    "size": [
      1.9835447554658474,
      4.6246996539475065,
      1.5199999999999996
    ],
    "obj_class": "vehicle",
    "point_num_in_lidar": 206,
    "speed": 1.866741789570124,
    "if_vehicle": true,
    "motion_state": true,
    "pose": [
      [
        -0.14733293803415617,
        -0.9887372329147215,
        0.026299992744545954,
        -46.25990846195839
      ],
      [
        0.988925330194508,
        -0.1467760972924425,
        0.02198791857549983,
        32.86584328623758
      ],
      [
        -0.0178800634760299,
        0.029248273653997462,
        0.9994122481830778,
        3.7110170923376344
      ],
      [
        0.0,
        0.0,
        0.0,
        1.0
      ]
    ],
    "location": [
      -46.25990846195839,
      32.86584328623758,
      3.7110170923376344
    ],
    "rotation": [
      0.02925712379986767,
      0.017881016312573172,
      1.7186913821973433
    ]
  },
  {
    "label_id": "FffuTa5CoBCUrczn2a-vqw",
    "size": [
      0.8910036026489105,
      1.0492108890105931,
      1.8599999999999994
    ],
    "obj_class": "pedestrian",
    "point_num_in_lidar": 23,
    "speed": 1.2409017304378755,
    "if_vehicle": false,
    "motion_state": true,
    "pose": [
      [
        0.9780391226416064,
        -0.20675537469210678,
        0.026299992744545954,
        31.68851227505479
      ],
      [
        0.20621090527059346,
        0.9782604939300164,
        0.02198791857549983,
        11.073747148499024
      ],
      [
        -0.03027436423641237,
        -0.016081699279834074,
        0.9994122481830778,
        0.24590708664139527
      ],
      [
        0.0,
        0.0,
        0.0,
        1.0
      ]
    ],
    "location": [
      31.68851227505479,
      11.073747148499024,
      0.24590708664139527
    ],
    "rotation": [
      -0.016089768299546312,
      0.03027899074131464,
      0.20779769149689734
    ]
  },
  {
    "label_id": "G7K72AJ4NpA_CgJC0kYWww",
    "size": [
      0.7960126752564929,
      0.5618731317594163,
      1.4994828004563132
    ],
    "obj_class": "sign",
    "point_num_in_lidar": 47,
    "speed": 0.0034203195611643396,
    "if_vehicle": false,
    "motion_state": false,
    "pose": [
      [
        -0.9437704795934422,
        -0.32955362572668045,
        0.026299992744545954,
        21.587556689556664
      ],
      [
        0.330134045850486,
        -0.9436779340469429,
        0.02198791857549983,
        -12.161178064305204
      ],
      [
        0.017572524529883716,
        0.029434071469856413,
        0.9994122481830778,
        0.19455980008608265
      ],
      [
        0.0,
        0.0,
        0.0,
        1.0
      ]
    ],
    "location": [
      21.587556689556664,
      -12.161178064305204,
      0.19455980008608265
    ],
    "rotation": [
      0.029442870783881067,
      -0.017573429036149144,
      2.8050930621433254
    ]
  },
  {
    "label_id": "G8kucBZ9BZFgHAyYWC4yDg",
    "size": [
      0.6424448436461471,
      0.7737368046697366,
      1.9600000000000009
    ],
    "obj_class": "pedestrian",
    "point_num_in_lidar": 90,
    "speed": 1.1763046633097547,
    "if_vehicle": false,
    "motion_state": true,
    "pose": [
      [
        0.989636537373635,
        -0.14116598130129887,
        0.026299992744545954,
        -0.11969061280831284
      ],
      [
        0.1406079787243613,
        0.9898211594807249,
        0.02198791857549983,
        -12.858737167925938
      ],
      [
        -0.02913623541522462,
        -0.018062058782835108,
        0.9994122481830778,
        1.1449797977114784
      ],
      [
        0.0,
        0.0,
        0.0,
        1.0
      ]
    ],
    "location": [
      -0.11969061280831284,
      -12.858737167925938,
      1.1449797977114784
    ],
    "rotation": [
      -0.018070713775596187,
      0.029140359380700028,
      0.14113578738001914
    ]
  },
  {
    "label_id": "HCM_aM5QyvPrLtU-nuZPfg",
    "size": [
      0.5258255764506543,
      0.10121620204894,
      0.5399999999999991
    ],
    "obj_class": "sign",
    "point_num_in_lidar": 87,
    "speed": 0.01708171810340207,
    "if_vehicle": false,
    "motion_state": false,
    "pose": [
      [
        -0.20975207521802414,
        -0.9774008273596708,
        0.026299992744545954,
        -27.000865123700578
      ],
      [
        0.9776238663969071,
        -0.20920828685279005,
        0.02198791857549983,
        -24.34915107940833
      ],
      [
        -0.015988833381283343,
        0.030323512144069652,
        0.9994122481830778,
        3.641252032862912
      ],
      [
        0.0,
        0.0,
        0.0,
        1.0
      ]
    ],
    "location": [
      -27.000865123700578,
      -24.34915107940833,
      3.641252032862912
    ],
    "rotation": [
      0.030332039744837662,
      0.01598951469800121,
      1.7821451403365938
    ]
  },
  {
    "label_id": "IFH_3fO9CjAGjaIgv1VweQ",
    "size": [
      0.6876202711851785,
      0.8338225563048567,
      1.8599999999999994
    ],
    "obj_class": "pedestrian",
    "point_num_in_lidar": 33,
    "speed": 1.120054792323438,
    "if_vehicle": false,
    "motion_state": true,
    "pose": [
      [
        0.19528273853062406,
        0.980394289259998,
        0.026299992744545954,
        -23.94076227959806
      ],
      [
        -0.9806092664964283,
        0.1947357129497669,
        0.02198791857549983,
        -41.974954423838426
      ],
      [
        0.016435281966451012,
        -0.03008387754810258,
        0.9994122481830778,
        0.5091571862162212
      ],
      [
        0.0,
        0.0,
        0.0,
        1.0
      ]
    ],
    "location": [
      -23.94076227959806,
      -41.974954423838426,
      0.5091571862162212
    ],
    "rotation": [
      -0.03009248301741627,
      -0.016436021968671274,
      -1.3742236979166669
    ]
  },
  {
    "label_id": "Jen578WRszpN8G3K2BI_Yg",
    "size": [
      0.7754214499122964,
      0.861130270595639,
      1.8699999999999974
    ],
    "obj_class": "pedestrian",
    "point_num_in_lidar": 62,
    "speed": 1.3088865514600443,
    "if_vehicle": false,
    "motion_state": true,
    "pose": [
      [
        0.9892381722308551,
        -0.14393105635335882,
        0.026299992744545954,
        6.380596968695727
      ],
      [
        0.14337357189805328,
        0.9894243530042662,
        0.02198791857549983,
        -12.482170644660073
      ],
      [
        -0.02918659765287261,
        -0.017980564482109884,
        0.9994122481830778,
        0.8149797977114304
      ],
      [
        0.0,
        0.0,
        0.0,
        1.0
      ]
    ],
    "location": [
      6.380596968695727,
      -12.482170644660073,
      0.8149797977114304
    ],
    "rotation": [
      -0.017989198053142655,
      0.0291907430457472,
      0.14393111350117882
    ]
  },
  {
    "label_id": "K24I0eYDo2TDPl7gt2ZSIw",
    "size": [
      0.9334446770568956,
      0.7922187583946023,
      1.870000000000001
    ],
    "obj_class": "pedestrian",
    "point_num_in_lidar": 27,
    "speed": 0.035311768387956126,
    "if_vehicle": false,
    "motion_state": false,
    "pose": [
      [
        -0.1662497468121894,
        -0.9857328908312434,
        0.026299992744545954,
        14.623824174912897
      ],
      [
        0.98593162245387,
        -0.1656966121627021,
        0.02198791857549983,
        -26.66318007142945
      ],
      [
        -0.017316394843114532,
        0.029585480413259084,
        0.9994122481830778,
        1.3009743101084013
      ],
      [
        0.0,
        0.0,
        0.0,
        1.0
      ]
    ],
    "location": [
      14.623824174912897,
      -26.66318007142945,
      1.3009743101084013
    ],
    "rotation": [
      0.029594236801531757,
      0.01731726036847546,
      1.7378468703321397
    ]
  },
  {
    "label_id": "KEwfE1F6A1nr8DUnRv4xhA",
    "size": [
      0.7800767695030679,
      1.1437752229948788,
      0.6799999999999997
    ],
    "obj_class": "pedestrian",
    "point_num_in_lidar": 60,
    "speed": 0.0064105873185998545,
    "if_vehicle": false,
    "motion_state": false,
    "pose": [
      [
        0.12816935965578422,
        0.991403513019327,
        0.026299992744545954,
        -11.822523598460407
      ],
      [
        -0.9915807979933169,
        0.12760898278590757,
        0.02198791857549983,
        6.72068645490981
      ],
      [
        0.018442784398325193,
        -0.028896745236840656,
        0.9994122481830778,
        0.8372290916420368
      ],
      [
        0.0,
        0.0,
        0.0,
        1.0
      ]
    ],
    "location": [
      -11.822523598460407,
      6.72068645490981,
      0.8372290916420368
    ],
    "rotation": [
      -0.02890568604181734,
      -0.018443830068448075,
      -1.442251448408717
    ]
  },
  {
    "label_id": "MVS-FDvMfowZTvJj3Dw3dA",
    "size": [
      0.7225624525152083,
      0.7942545817179316,
      1.8900000000000006
    ],
    "obj_class": "pedestrian",
    "point_num_in_lidar": 28,
    "speed": 1.1890263578043638,
    "if_vehicle": false,
    "motion_state": true,
    "pose": [
      [
        0.9965741947435223,
        -0.07841036126008478,
        0.026299992744545954,
        0.46267903611544625
      ],
      [
        0.07784181678718605,
        0.9967232228637934,
        0.02198791857549983,
        -13.834277879514048
      ],
      [
        -0.0279378941685005,
        -0.01986535303173961,
        0.9994122481830778,
        1.1449797977114287
      ],
      [
        0.0,
        0.0,
        0.0,
        1.0
      ]
    ],
    "location": [
      0.46267903611544625,
      -13.834277879514048,
      1.1449797977114287
    ],
    "rotation": [
      -0.019874418633265528,
      0.02794152982076038,
      0.07795113281867522
    ]
  },
  {
    "label_id": "OQlhKA2gf7QxBoRjwYYG8g",
    "size": [
      0.825276897349107,
      1.0533712119678817,
      1.7899999999999991
    ],
    "obj_class": "pedestrian",
    "point_num_in_lidar": 44,
    "speed": 1.5410185019097793,
    "if_vehicle": false,
    "motion_state": true,
    "pose": [
      [
        0.9995954587152124,
        0.010827247921834206,
        0.026299992744545954,
        -23.672555924682683
      ],
      [
        -0.01140682232779856,
        0.9996931608454162,
        0.02198791857549983,
        -16.502356888868235
      ],
      [
        -0.02605385423130462,
        -0.02227902289912892,
        0.9994122481830778,
        1.7291571862163053
      ],
      [
        0.0,
        0.0,
        0.0,
        1.0
      ]
    ],
    "location": [
      -23.672555924682683,
      -16.502356888868235,
      1.7291571862163053
    ],
    "rotation": [
      -0.022288433629165164,
      0.026056802705832043,
      -0.011410943428511337
    ]
  },
  {
    "label_id": "P8be1mBpNNUndtHnp5yJsA",
    "size": [
      0.9597539979942677,
      1.2346786865784796,
      2.009999999999998
    ],
    "obj_class": "pedestrian",
    "point_num_in_lidar": 291,
    "speed": 1.7893079247497965,
    "if_vehicle": false,
    "motion_state": true,
    "pose": [
      [
        0.9835178319852044,
        -0.17888819007625967,
        0.026299992744545954,
        -18.605631205102895
      ],
      [
        0.17833765176351693,
        0.9837236468643984,
        0.02198791857549983,
        -17.05356637177283
      ],
      [
        -0.029805303732687298,
        -0.01693523105978294,
        0.9994122481830778,
        1.7401603718443113
      ],
      [
        0.0,
        0.0,
        0.0,
        1.0
      ]
    ],
    "location": [
      -18.605631205102895,
      -17.05356637177283,
      1.7401603718443113
    ],
    "rotation": [
      -0.016943569027955522,
      0.029809718451793563,
      0.1793773192743841
    ]
  },
  {
    "label_id": "Q5PhKXgruUST0xy6Tmhvuw",
    "size": [
      2.1945859371534384,
      3.7584377944850687,
      1.759999999999998
    ],
    "obj_class": "vehicle",
    "point_num_in_lidar": 452,
    "speed": 8.402653851741436,
    "if_vehicle": true,
    "motion_state": true,
    "pose": [
      [
        0.9884217409091759,
        -0.149434843593155,
        0.026299992744545954,
        -6.221681993003358
      ],
      [
        0.148878404039761,
        0.9886110217104049,
        0.02198791857549983,
        -0.7936831998740672
      ],
      [
        -0.02928622387143066,
        -0.017817835811299455,
        0.9994122481830778,
        1.1979324279195538
      ],
      [
        0.0,
        0.0,
        0.0,
        1.0
      ]
    ],
    "location": [
      -6.221681993003358,
      -0.7936831998740672,
      1.1979324279195538
    ],
    "rotation": [
      -0.017826425892894064,
      0.02929041187029976,
      0.14949854587456832
    ]
  },
  {
    "label_id": "SCePO7EHI3iF8AghIVKjHg",
    "size": [
      2.172894802514859,
      4.531856758098943,
      1.6300000000000026
    ],
    "obj_class": "vehicle",
    "point_num_in_lidar": 145,
    "speed": 0.0053911713980888745,
    "if_vehicle": true,
    "motion_state": false,
    "pose": [
      [
        0.9766619687584301,
        -0.21316591932704418,
        0.026299992744545954,
        16.824048739724958
      ],
      [
        0.21262291359930627,
        0.9768869064785642,
        0.02198791857549983,
        5.73854591916097
      ],
      [
        -0.030379193429862793,
        -0.015882782759861748,
        0.9994122481830778,
        0.3694166831758281
      ],
      [
        0.0,
        0.0,
        0.0,
        1.0
      ]
    ],
    "location": [
      16.824048739724958,
      5.73854591916097,
      0.3694166831758281
    ],
    "rotation": [
      -0.015890785684260056,
      0.03038386817450379,
      0.2143589521780092
    ]
  },
  {
    "label_id": "SZT8wbUgy2ZsQ08TFaws3Q",
    "size": [
      2.1755324740313227,
      4.653172966271873,
      1.8000000000000007
    ],
    "obj_class": "vehicle",
    "point_num_in_lidar": 1071,
    "speed": 6.856184131890876,
    "if_vehicle": true,
    "motion_state": true,
    "pose": [
      [
        0.9911748304063954,
        -0.12992600182600125,
        0.026299992744545954,
        -13.093714397523172
      ],
      [
        0.12936593999862275,
        0.9913531081330152,
        0.02198791857549983,
        -11.087139831253808
      ],
      [
        -0.02892938190017174,
        -0.01839154818170553,
        0.9994122481830778,
        1.393435834942487
      ],
      [
        0.0,
        0.0,
        0.0,
        1.0
      ]
    ],
    "location": [
      -13.093714397523172,
      -11.087139831253808,
      1.393435834942487
    ],
    "rotation": [
      -0.018400287324822344,
      0.028933418631300275,
      0.12978414677592393
    ]
  },
  {
    "label_id": "TXMWKgpsOY75H154LCp75g",
    "size": [
      2.6182996726780177,
      6.262179096259549,
      2.9199999999999946
    ],
    "obj_class": "vehicle",
    "point_num_in_lidar": 2150,
    "speed": 0.022505711892218304,
    "if_vehicle": true,
    "motion_state": false,
    "pose": [
      [
        0.9805945983041154,
        -0.19427440428020187,
        0.026299992744545954,
        -8.641715091938181
      ],
      [
        0.19372715790744569,
        0.9808090128693867,
        0.02198791857549983,
        2.051065776571704
      ],
      [
        -0.030066959704866968,
        -0.016466211335698526,
        0.9994122481830778,
        1.7815467802246872
      ],
      [
        0.0,
        0.0,
        0.0,
        1.0
      ]
    ],
    "location": [
      -8.641715091938181,
      2.051065776571704,
      1.7815467802246872
    ],
    "rotation": [
      -0.01647440449371454,
      0.03007149174796054,
      0.19504918151293887
    ]
  },
  {
    "label_id": "UBX5s_zLkYOWEFjNNTwuRA",
    "size": [
      2.0167118969422617,
      4.533564042299038,
      2.1200000000000045
    ],
    "obj_class": "vehicle",
    "point_num_in_lidar": 93,
    "speed": 5.695433295429594e-13,
    "if_vehicle": true,
    "motion_state": false,
    "pose": [
      [
        0.18048758931346612,
        0.9832255796537488,
        0.026299992744545954,
        -38.52608570093355
      ],
      [
        -0.98343228967999,
        0.17993738647509955,
        0.02198791857549983,
        -51.61774913211775
      ],
      [
        0.016886732028007573,
        -0.029832808501048698,
        0.9994122481830778,
        0.03493470482298022
      ],
      [
        0.0,
        0.0,
        0.0,
        1.0
      ]
    ],
    "location": [
      -38.52608570093355,
      -51.61774913211775,
      0.03493470482298022
    ],
    "rotation": [
      -0.029841491848794685,
      -0.016887534705934765,
      -1.3892879980909236
    ]
  },
  {
    "label_id": "Ve0CxlvEk2pDEyL1_L0Fmw",
    "size": [
      2.083541552777744,
      4.724636947852506,
      1.6099999999999994
    ],
    "obj_class": "vehicle",
    "point_num_in_lidar": 64,
    "speed": 3.8299278126278613e-28,
    "if_vehicle": true,
    "motion_state": false,
    "pose": [
      [
        -0.1994110269958905,
        -0.9795629396287311,
        0.026299992744545954,
        -41.72151225871971
      ],
      [
        0.9797802193644423,
        -0.19886491188463232,
        0.02198791857549983,
        28.52424851523392
      ],
      [
        -0.016308404416423197,
        0.030152846085176915,
        0.9994122481830778,
        3.4508566152883233
      ],
      [
        0.0,
        0.0,
        0.0,
        1.0
      ]
    ],
    "location": [
      -41.72151225871971,
      28.52424851523392,
      3.4508566152883233
    ],
    "rotation": [
      0.030161429498665057,
      0.016309127411184454,
      1.7715802334318962
    ]
  },
  {
    "label_id": "WLoeAc0DhdudwO48POEAkg",
    "size": [
      0.7991696349863441,
      0.9996157537304644,
      1.8200000000000003
    ],
    "obj_class": "pedestrian",
    "point_num_in_lidar": 35,
    "speed": 1.436719829738831,
    "if_vehicle": false,
    "motion_state": true,
    "pose": [
      [
        -0.8354556511162581,
        -0.5489281969434128,
        0.026299992744545954,
        -20.643480829729356
      ],
      [
        0.5494687542788007,
        -0.8352248915759276,
        0.02198791857549983,
        -23.467710644916224
      ],
      [
        0.009896620090323384,
        0.03282095508107264,
        0.9994122481830778,
        1.6038260679083294
      ],
      [
        0.0,
        0.0,
        0.0,
        1.0
      ]
    ],
    "location": [
      -20.643480829729356,
      -23.467710644916224,
      1.6038260679083294
    ],
    "rotation": [
      0.032828458754770355,
      -0.009896781648368125,
      2.5598321711549135
    ]
  },
  {
    "label_id": "WM02HP9oou4H6DzObgNI5A",
    "size": [
      0.7031396390496497,
      0.7449503725873117,
      1.8900000000000006
    ],
    "obj_class": "pedestrian",
    "point_num_in_lidar": 73,
    "speed": 1.1868802236956235,
    "if_vehicle": false,
    "motion_state": true,
    "pose": [
      [
        0.9965741947437484,
        -0.07841036125720986,
        0.026299992744545954,
        -0.3301462014720755
      ],
      [
        0.07784181678431068,
        0.996723222864018,
        0.02198791857549983,
        -13.48525480317221
      ],
      [
        -0.02793789416844319,
        -0.019865353031820205,
        0.9994122481830778,
        1.14497979771145
      ],
      [
        0.0,
        0.0,
        0.0,
        1.0
      ]
    ],
    "location": [
      -0.3301462014720755,
      -13.48525480317221,
      1.14497979771145
    ],
    "rotation": [
      -0.01987441863334614,
      0.027941529820703047,
      0.07795113281578984
    ]
  },
  {
    "label_id": "X1QVD9fiqiMe00eEkzSVqw",
    "size": [
      1.8762686812330758,
      4.220020911314616,
      1.8299999999999983
    ],
    "obj_class": "vehicle",
    "point_num_in_lidar": 142,
    "speed": 1.4210854715202004e-12,
    "if_vehicle": true,
    "motion_state": false,
    "pose": [
      [
        0.1932500334917414,
        0.9807969896655869,
        0.026299992744545954,
        -39.325108466067036
      ],
      [
        -0.9810108324962188,
        0.19270256345412962,
        0.02198791857549983,
        -45.90318196912449
      ],
      [
        0.016497608327163262,
        -0.030049743778100567,
        0.9994122481830778,
        0.4068703849893467
      ],
      [
        0.0,
        0.0,
        0.0,
        1.0
      ]
    ],
    "location": [
      -39.325108466067036,
      -45.90318196912449,
      0.4068703849893467
    ],
    "rotation": [
      -0.030058360057330216,
      -0.01649835678081596,
      -1.376295969590412
    ]
  },
  {
    "label_id": "XD1OhGtSBLIHK7-rhSwK2w",
    "size": [
      2.407131183613111,
      5.5554074490899295,
      2.0
    ],
    "obj_class": "vehicle",
    "point_num_in_lidar": 177,
    "speed": 0.12370563433112275,
    "if_vehicle": true,
    "motion_state": false,
    "pose": [
      [
        0.9851201266239195,
        -0.1698430054553606,
        0.026299992744545954,
        -1.9899438029493695
      ],
      [
        0.1692905991356268,
        0.9853208738685169,
        0.02198791857549983,
        3.3583460654026567
      ],
      [
        -0.029648426008362313,
        -0.017208399602306003,
        0.9994122481830778,
        1.0498516992921836
      ],
      [
        0.0,
        0.0,
        0.0,
        1.0
      ]
    ],
    "location": [
      -1.9899438029493695,
      3.3583460654026567,
      1.0498516992921836
    ],
    "rotation": [
      -0.01721681848710977,
      0.02965277136597025,
      0.17018538004986497
    ]
  },
  {
    "label_id": "_U7I_-9YDsN0M7ODAPdyuw",
    "size": [
      0.7754214499112393,
      0.861130270595639,
      1.9200000000000017
    ],
    "obj_class": "pedestrian",
    "point_num_in_lidar": 53,
    "speed": 0.8345060103875991,
    "if_vehicle": false,
    "motion_state": false,
    "pose": [
      [
        0.20782618869204417,
        0.9778121423235526,
        0.026299992744545954,
        -23.57339631432717
      ],
      [
        -0.9780341096649785,
        0.2072819619951286,
        0.02198791857549983,
        -36.120826502647105
      ],
      [
        0.016048539670998195,
        -0.030291955302924528,
        0.9994122481830778,
        1.0363064403748155
      ],
      [
        0.0,
        0.0,
        0.0,
        1.0
      ]
    ],
    "location": [
      -23.57339631432717,
      -36.120826502647105,
      1.0363064403748155
    ],
    "rotation": [
      -0.03030049335649971,
      -0.016049228649466223,
      -1.3614168618677285
    ]
  },
  {
    "label_id": "a6u1f60XbxGtEHNO2uP9Ug",
    "size": [
      0.5258255764473134,
      0.10121620204894,
      0.5700000000000003
    ],
    "obj_class": "sign",
    "point_num_in_lidar": 26,
    "speed": 0.006666979174888192,
    "if_vehicle": false,
    "motion_state": false,
    "pose": [
      [
        -0.9401190001720598,
        0.33983021628031157,
        0.026299992744545954,
        10.004301285601628
      ],
      [
        -0.3393215316452415,
        -0.9404134354626398,
        0.02198791857549983,
        -11.077299423106524
      ],
      [
        0.03220502565460695,
        0.011747106206725495,
        0.9994122481830778,
        3.3913074172086155
      ],
      [
        0.0,
        0.0,
        0.0,
        1.0
      ]
    ],
    "location": [
      10.004301285601628,
      -11.077299423106524,
      3.3913074172086155
    ],
    "rotation": [
      0.01175347339580466,
      -0.032210595234926795,
      -2.795209893992861
    ]
  },
  {
    "label_id": "bN1HpAOAVLxExyTvaQQIrQ",
    "size": [
      0.6465920005004251,
      0.8036470105207957,
      1.4799999999999969
    ],
    "obj_class": "pedestrian",
    "point_num_in_lidar": 28,
    "speed": 1.3756286246443514,
    "if_vehicle": false,
    "motion_state": true,
    "pose": [
      [
        0.9858327600799693,
        -0.16565651069229453,
        0.026299992744545954,
        18.221798236361792
      ],
      [
        0.16510325654789698,
        0.9860311587946887,
        0.02198791857549983,
        -10.390137267708269
      ],
      [
        -0.02957505419080014,
        -0.01733419600838803,
        0.9994122481830778,
        0.3140852119879014
      ],
      [
        0.0,
        0.0,
        0.0,
        1.0
      ]
    ],
    "location": [
      18.221798236361792,
      -10.390137267708269,
      0.3140852119879014
    ],
    "rotation": [
      -0.017342651293771768,
      0.029579367358992813,
      0.16593596353861895
    ]
  },
  {
    "label_id": "cL-4W0YVzpLc1qe6W9RJdQ",
    "size": [
      0.8876566171995752,
      0.811755056170917,
      1.8200000000000003
    ],
    "obj_class": "pedestrian",
    "point_num_in_lidar": 181,
    "speed": 0.12042651138878535,
    "if_vehicle": false,
    "motion_state": false,
    "pose": [
      [
        0.2581641830529915,
        0.9657430118671417,
        0.026299992744545954,
        -19.50835214787037
      ],
      [
        -0.9659928536111562,
        0.2576321761909652,
        0.02198791857549983,
        -21.90696931104685
      ],
      [
        0.014458954345208712,
        -0.03108209807733626,
        0.9994122481830778,
        1.6280750005827684
      ],
      [
        0.0,
        0.0,
        0.0,
        1.0
      ]
    ],
    "location": [
      -19.50835214787037,
      -21.90696931104685,
      1.6280750005827684
    ],
    "rotation": [
      -0.031090356087087056,
      -0.014459458194056137,
      -1.3096469031000426
    ]
  },
  {
    "label_id": "dCOQfxIaIeXqw2uAemwmwA",
    "size": [
      0.5390002265238352,
      0.10018230793895748,
      0.5599999999999987
    ],
    "obj_class": "sign",
    "point_num_in_lidar": 24,
    "speed": 0.01729087462344459,
    "if_vehicle": false,
    "motion_state": false,
    "pose": [
      [
        -0.9797210988081836,
        0.19863252234143827,
        0.026299992744545954,
        8.505029496859606
      ],
      [
        -0.1980862347341819,
        -0.979937944487074,
        0.02198791857549983,
        7.026982971628968
      ],
      [
        0.030139876557805017,
        0.016332361210990156,
        0.9994122481830778,
        3.2538963925266096
      ],
      [
        0.0,
        0.0,
        0.0,
        1.0
      ]
    ],
    "location": [
      8.505029496859606,
      7.026982971628968,
      3.2538963925266096
    ],
    "rotation": [
      0.016340511703322264,
      -0.03014444166258876,
      -2.942095719030937
    ]
  },
  {
    "label_id": "f_mcdQwU6Z8B_jkdkenPtw",
    "size": [
      0.8684886964710877,
      0.09669036367588968,
      0.9100000000000001
    ],
    "obj_class": "sign",
    "point_num_in_lidar": 30,
    "speed": 0.000675773964180966,
    "if_vehicle": false,
    "motion_state": false,
    "pose": [
      [
        0.23684807384387688,
        0.9711906611464519,
        0.026299992744545954,
        -27.286830046802265
      ],
      [
        -0.9714287342425278,
        0.236310697440208,
        0.02198791857549983,
        -24.513498169786544
      ],
      [
        0.015139491550437967,
        -0.030756364824865077,
        0.9994122481830778,
        4.81770772711236
      ],
      [
        0.0,
        0.0,
        0.0,
        1.0
      ]
    ],
    "location": [
      -27.286830046802265,
      -24.513498169786544,
      4.81770772711236
    ],
    "rotation": [
      -0.030764742926639894,
      -0.015140069949283094,
      -1.3316480576347245
    ]
  },
  {
    "label_id": "ivjxAlT3MnWJAeoZaN5ETg",
    "size": [
      0.7253230191465092,
      1.095294108187108,
      1.8299999999999983
    ],
    "obj_class": "pedestrian",
    "point_num_in_lidar": 794,
    "speed": 1.768931434556263,
    "if_vehicle": false,
    "motion_state": true,
    "pose": [
      [
        0.9962768923149297,
        -0.0821015482250053,
        0.026299992744545954,
        -23.738145989368604
      ],
      [
        0.08153355971519075,
        0.9964280255376635,
        0.02198791857549983,
        3.067353852533415
      ],
      [
        -0.02801129199939669,
        -0.019761723157926167,
        0.9994122481830778,
        1.7983599681448368
      ],
      [
        0.0,
        0.0,
        0.0,
        1.0
      ]
    ],
    "location": [
      -23.738145989368604,
      3.067353852533415,
      1.7983599681448368
    ],
    "rotation": [
      -0.019770768553516033,
      0.02801495638829934,
      0.08165627915681438
    ]
  },
  {
    "label_id": "jUwTOaYBTLX6LY3CRbHeFA",
    "size": [
      0.8554961916786549,
      0.9410819046885246,
      1.7800000000000011
    ],
    "obj_class": "pedestrian",
    "point_num_in_lidar": 42,
    "speed": 1.301784873274494,
    "if_vehicle": false,
    "motion_state": true,
    "pose": [
      [
        0.9875701323981717,
        -0.15496304067968705,
        0.026299992744545954,
        18.564011272352673
      ],
      [
        0.15440766892348562,
        0.9877625236939963,
        0.02198791857549983,
        -10.900883709602567
      ],
      [
        -0.02938546192716333,
        -0.017653691086376665,
        0.9994122481830778,
        0.42407941358728607
      ],
      [
        0.0,
        0.0,
        0.0,
        1.0
      ]
    ],
    "location": [
      18.564011272352673,
      -10.900883709602567,
      0.42407941358728607
    ],
    "rotation": [
      -0.01766223634302924,
      0.029389692655377136,
      0.15509542344815028
    ]
  },
  {
    "label_id": "k455g8kkGCU3KCCE8JRcGg",
    "size": [
      0.7862720029987088,
      1.0064637609853784,
      1.8200000000000003
    ],
    "obj_class": "pedestrian",
    "point_num_in_lidar": 850,
    "speed": 1.5245085287581182,
    "if_vehicle": false,
    "motion_state": true,
    "pose": [
      [
        0.9933656025490772,
        -0.11195128428895067,
        0.026299992744545954,
        -28.368437145864277
      ],
      [
        0.11138808515459407,
        0.9935337064852455,
        0.02198791857549983,
        2.237794953311095
      ],
      [
        -0.02859150499539189,
        -0.01891253615315675,
        0.9994122481830778,
        1.9089331815685924
      ],
      [
        0.0,
        0.0,
        0.0,
        1.0
      ]
    ],
    "location": [
      -28.368437145864277,
      2.237794953311095,
      1.9089331815685924
    ],
    "rotation": [
      -0.018921400168428953,
      0.028595401898501616,
      0.11166556020634855
    ]
  },
  {
    "label_id": "nFRMhx9fAdidol2xeZjsLw",
    "size": [
      0.7657368181463131,
      0.0970196937869913,
      0.7399999999999984
    ],
    "obj_class": "sign",
    "point_num_in_lidar": 22,
    "speed": 2.864289338439558e-13,
    "if_vehicle": false,
    "motion_state": false,
    "pose": [
      [
        0.09018449156125806,
        0.9955777558098987,
        0.026299992744545954,
        -23.879590662126134
      ],
      [
        -0.9957334937724106,
        0.08961774833427785,
        0.02198791857549983,
        -45.94978777382312
      ],
      [
        0.019533736499352854,
        -0.028170752918937586,
        0.9994122481830778,
        3.7465599842322916
      ],
      [
        0.0,
        0.0,
        0.0,
        1.0
      ]
    ],
    "location": [
      -23.879590662126134,
      -45.94978777382312,
      3.7465599842322916
    ],
    "rotation": [
      -0.028179858447321075,
      -0.01953497895045517,
      -1.4804718558420153
    ]
  },
  {
    "label_id": "oEyIati68b8p0p7sXAHEuA",
    "size": [
      0.862880894641475,
      1.0411388516494888,
      1.8599999999999994
    ],
    "obj_class": "pedestrian",
    "point_num_in_lidar": 244,
    "speed": 1.7914218844436642,
    "if_vehicle": false,
    "motion_state": true,
    "pose": [
      [
        0.9785784581442836,
        -0.2041874424091584,
        0.026299992744545954,
        -18.19651427770748
      ],
      [
        0.20364239379372037,
        0.9787983995117077,
        0.02198791857549983,
        -15.987776458519875
      ],
      [
        -0.030232047663363237,
        -0.01616110997815786,
