[
  {
    "label_id": "-h1T1LaQ9WWxLjpd8tPvDw",
    "size": [
      0.763535940070629,
      0.09606209831191423,
      0.7399999999999984
    ],
    "obj_class": "sign",
    "point_num_in_lidar": 25,
    "speed": 0.011149934755754895,
    "if_vehicle": false,
    "motion_state": false,
    "pose": [
      [
        0.09020865195738934,
        0.9958444707969869,
        -0.01249756356653233,
        -23.87990410492796
      ],
      [
        -0.9959225215128671,
        0.0901907484582026,
        -0.0019899839200248717,
        -45.95099186969128
      ],
      [
        -0.0008545498717621677,
        0.012626118786790543,
        0.9999199222282245,
        4.50642781917966
      ],
      [
        0.0,
        0.0,
        0.0,
        1.0
      ]
    ],
    "location": [
      -23.87990410492796,
      -45.95099186969128,
      4.50642781917966
    ],
    "rotation": [
      0.012626458894985548,
      0.0008545499757688235,
      -1.4804648445567044
    ]
  },
  {
    "label_id": "08izZfFATo8NaNCOSiMccQ",
    "size": [
      0.8599354084569866,
      1.2837768931797942,
      1.9100000000000001
    ],
    "obj_class": "pedestrian",
    "point_num_in_lidar": 226,
    "speed": 3.592574705947478,
    "if_vehicle": false,
    "motion_state": true,
    "pose": [
      [
        0.9998801623272159,
        0.009136295168211133,
        -0.01249756356653233,
        -36.711640377038634
      ],
      [
        -0.009161861507089891,
        0.9999560491630234,
        -0.0019899839200248717,
        -18.509246716323105
      ],
      [
        0.012478833207680071,
        0.00210424639155564,
        0.9999199222282245,
        1.9791559030012706
      ],
      [
        0.0,
        0.0,
        0.0,
        1.0
      ]
    ],
    "location": [
      -36.711640377038634,
      -18.509246716323105,
      1.9791559030012706
    ],
    "rotation": [
      0.0021044118019099447,
      -0.012479157100353536,
      -0.009162703147588306
    ]
  },
  {
    "label_id": "3RfY9bZ9PCoBf7Fj0vSoYA",
    "size": [
      1.998248207423186,
      4.135300167717992,
      1.5199999999999996
    ],
    "obj_class": "vehicle",
    "point_num_in_lidar": 27,
    "speed": 2.726673901017452,
    "if_vehicle": true,
    "motion_state": true,
    "pose": [
      [
        -0.1696812229937507,
        -0.9854197549614303,
        -0.01249756356653233,
        -50.51300645719016
      ],
      [
        0.9854989889021105,
        -0.1696696285046793,
        -0.0019899839200248717,
        59.76664139647801
      ],
      [
        -0.00015948750069905913,
        -0.012653999163845183,
        0.9999199222282245,
        5.416186695182681
      ],
      [
        0.0,
        0.0,
        0.0,
        1.0
      ]
    ],
    "location": [
      -50.51300645719016,
      59.76664139647801,
      5.416186695182681
    ],
    "rotation": [
      -0.012654337049978976,
      0.0001594875013751868,
      1.7413025214905682
    ]
  },
  {
    "label_id": "3s4MKnrmFE2n-pb2Kb9lMA",
    "size": [
      0.8451266051852783,
      0.9451007430495503,
      1.8999999999999986
    ],
    "obj_class": "pedestrian",
    "point_num_in_lidar": 74,
    "speed": 1.228918004959367,
    "if_vehicle": false,
    "motion_state": true,
    "pose": [
      [
        -0.282022401400355,
        -0.9593264178647836,
        -0.01249756356653233,
        -56.34532725569045
      ],
      [
        0.9594064598528058,
        -0.28202000772410546,
        -0.0019899839200248717,
        30.38607471045907
      ],
      [
        -0.001615518827959966,
        -0.012551463262025695,
        0.9999199222282245,
        4.0857437810890325
      ],
      [
        0.0,
        0.0,
        0.0,
        1.0
      ]
    ],
    "location": [
      -56.34532725569045,
      30.38607471045907,
      4.0857437810890325
    ],
    "rotation": [
      -0.012551809223728614,
      0.001615519530684848,
      1.8566981368997673
    ]
  },
  {
    "label_id": "4ieIaDhGopv8IzBazdrVAg",
    "size": [
      2.040133615370168,
      4.863289663388457,
      1.5500000000000007
    ],
    "obj_class": "vehicle",
    "point_num_in_lidar": 374,
    "speed": 0.027717925074136545,
    "if_vehicle": true,
    "motion_state": false,
    "pose": [
      [
        0.9847121902202959,
        -0.17374036185195466,
        -0.01249756356653233,
        -20.653750478647225
      ],
      [
        0.1737290939574239,
        0.9847914712652271,
        -0.0019899839200248717,
        0.26582292653074546
      ],
      [
        0.012653234538260763,
        -0.00021162897069811079,
        0.9999199222282245,
        1.4791600473203417
      ],
      [
        0.0,
        0.0,
        0.0,
        1.0
      ]
    ],
    "location": [
      -20.653750478647225,
      0.26582292653074546,
      1.4791600473203417
    ],
    "rotation": [
      -0.0002116459156715409,
      -0.012653572202225452,
      0.17462921420292551
    ]
  },
  {
    "label_id": "5_8SCmp05AepT5qREHEGCg",
    "size": [
      0.9905850335451515,
      0.9725125636682508,
      1.7300000000000004
    ],
    "obj_class": "pedestrian",
    "point_num_in_lidar": 74,
    "speed": 1.3506836427593698,
    "if_vehicle": false,
    "motion_state": true,
    "pose": [
      [
        0.9981988800997371,
        0.05867543500078234,
        -0.01249756356653233,
        -34.22356158706975
      ],
      [
        -0.0587047305982138,
        0.9982734067225217,
        -0.0019899839200248717,
        3.143678422562516
      ],
      [
        0.012359222185141475,
        0.0027200658226926443,
        0.9999199222282245,
        2.016987536361853
      ],
      [
        0.0,
        0.0,
        0.0,
        1.0
      ]
    ],
    "location": [
      -34.22356158706975,
      3.143678422562516,
      2.016987536361853
    ],
    "rotation": [
      0.0027202769469947888,
      -0.012359536852737978,
      -0.05874299332702697
    ]
  },
  {
    "label_id": "5t8pkk_JnoYw1nKx095DbQ",
    "size": [
      0.7978681582664874,
      0.9549442125635543,
      1.6799999999999997
    ],
    "obj_class": "pedestrian",
    "point_num_in_lidar": 291,
    "speed": 1.4006356761085144,
    "if_vehicle": false,
    "motion_state": true,
    "pose": [
      [
        -0.9983012852360004,
        0.05690654444833235,
        -0.01249756356653233,
        -43.71083357670659
      ],
      [
        -0.05688604477532599,
        -0.9983786946213433,
        -0.0019899839200248717,
        -16.73862962916064
      ],
      [
        -0.01259054430789817,
        -0.001275666544331563,
        0.9999199222282245,
        1.9721974958773885
      ],
      [
        0.0,
        0.0,
        0.0,
        1.0
      ]
    ],
    "location": [
      -43.71083357670659,
      -16.73862962916064,
      1.9721974958773885
    ],
    "rotation": [
      -0.0012757680129064353,
      0.01259087697759995,
      -3.0846713666110555
    ]
  },
  {
    "label_id": "6DfvY_wSmDg4gUB46NtKwg",
    "size": [
      0.8366066260350808,
      0.7007453081157677,
      1.7697139242488191
    ],
    "obj_class": "pedestrian",
    "point_num_in_lidar": 60,
    "speed": 0.017459141709125523,
    "if_vehicle": false,
    "motion_state": false,
    "pose": [
      [
        0.5792748448599031,
        0.8150364807893176,
        -0.01249756356653233,
        -44.47974360412013
      ],
      [
        -0.8151129327721328,
        0.5792986680388715,
        -0.0019899839200248717,
        -27.801406666139883
      ],
      [
        0.005617912436818905,
        0.011339673317768431,
        0.9999199222282245,
        1.5480799171113162
      ],
      [
        0.0,
        0.0,
        0.0,
        1.0
      ]
    ],
    "location": [
      -44.47974360412013,
      -27.801406666139883,
      1.5480799171113162
    ],
    "rotation": [
      0.011340095317629719,
      -0.005617941988338306,
      -0.9529463194106937
    ]
  },
  {
    "label_id": "6k1Fgl9ysuxlrOUgJkRAwQ",
    "size": [
      0.43978770241011383,
      0.0907517669424712,
      0.620000000000001
    ],
    "obj_class": "sign",
    "point_num_in_lidar": 60,
    "speed": 0.007504328811250222,
    "if_vehicle": false,
    "motion_state": false,
    "pose": [
      [
        -0.9993953259862285,
        -0.03244677644667695,
        -0.01249756356653233,
        -24.280878441441814
      ],
      [
        0.0324741051945464,
        -0.9994705960936578,
        -0.0019899839200248717,
        1.4210933003432729
      ],
      [
        -0.012426378744174918,
        -0.002394627822395711,
        0.9999199222282245,
        3.871237625608238
      ],
      [
        0.0,
        0.0,
        0.0,
        1.0
      ]
    ],
    "location": [
      -24.280878441441814,
      1.4210933003432729,
      3.871237625608238
    ],
    "rotation": [
      -0.0023948150160031496,
      0.012426698569380789,
      3.1091103291391606
    ]
  },
  {
    "label_id": "73DbqBTixcev79gSfQli1Q",
    "size": [
      1.005593772253351,
      0.9917054885455836,
      1.9800000000000004
    ],
    "obj_class": "pedestrian",
    "point_num_in_lidar": 469,
    "speed": 0.5258779054404479,
    "if_vehicle": false,
    "motion_state": false,
    "pose": [
      [
        0.29563599322229134,
        -0.9552189123004055,
        -0.01249756356653233,
        -47.11462451326645
      ],
      [
        0.95528427303199,
        0.2956822579421033,
        -0.0019899839200248717,
        -19.249411103633975
      ],
      [
        0.0055961780897087,
        -0.011350415053632977,
        0.9999199222282245,
        2.130320020174903
      ],
      [
        0.0,
        0.0,
        0.0,
        1.0
      ]
    ],
    "location": [
      -47.11462451326645,
      -19.249411103633975,
      2.130320020174903
    ],
    "rotation": [
      -0.011350836531014008,
      -0.005596207299567019,
      1.2706702787834074
    ]
  },
  {
    "label_id": "8Mj0pfyxSElq3GrlfFVqWQ",
    "size": [
      0.9499264308799945,
      0.13481949513188332,
      0.7399999999999984
    ],
    "obj_class": "sign",
    "point_num_in_lidar": 20,
    "speed": 1.8018688113793543e-27,
    "if_vehicle": false,
    "motion_state": false,
    "pose": [
      [
        -0.9991070639446377,
        0.040359455903493664,
        -0.01249756356653233,
        9.910507129233793
      ],
      [
        -0.04033767657013537,
        -0.9991841230788854,
        -0.0019899839200248717,
        -10.735183075024906
      ],
      [
        -0.012567681761117137,
        -0.0014840843145716017,
        0.9999199222282245,
        6.003872538836813
      ],
      [
        0.0,
        0.0,
        0.0,
        1.0
      ]
    ],
    "location": [
      9.910507129233793,
      -10.735183075024906,
      6.003872538836813
    ],
    "rotation": [
      -0.001484202076425338,
      0.012568012621786646,
      -3.1012408413346337
    ]
  },
  {
    "label_id": "8bOLWx11Kp9fHLqHd13oAw",
    "size": [
      0.9103511528306731,
      0.9856897121378135,
      1.8299999999999983
    ],
    "obj_class": "pedestrian",
    "point_num_in_lidar": 234,
    "speed": 1.3819308066396159,
    "if_vehicle": false,
    "motion_state": true,
    "pose": [
      [
        0.9334730907884288,
        0.3584296300235213,
        -0.01249756356653233,
        -32.17696023833105
      ],
      [
        -0.3584801338947303,
        0.9335352342396158,
        -0.0019899839200248717,
        4.061364193978079
      ],
      [
        0.010953646731299975,
        0.006337724701133304,
        0.9999199222282245,
        2.078678419489787
      ],
      [
        0.0,
        0.0,
        0.0,
        1.0
      ]
    ],
    "location": [
      -32.17696023833105,
      4.061364193978079,
      2.078678419489787
    ],
    "rotation": [
      0.00633814737902939,
      -0.0109538657838887,
      -0.3666623503013906
    ]
  },
  {
    "label_id": "9MJNWkZklOdq7gQT2jjjrg",
    "size": [
      2.143984999601148,
      4.745664128628958,
      1.8900000000000006
    ],
    "obj_class": "vehicle",
    "point_num_in_lidar": 1295,
    "speed": 0.0312215547183761,
    "if_vehicle": true,
    "motion_state": false,
    "pose": [
      [
        -0.1994644491510517,
        -0.9798253642510831,
        -0.01249756356653233,
        -39.23240035774779
      ],
      [
        0.9799049131518379,
        -0.19945526101080166,
        -0.0019899839200248717,
        14.868411995992574
      ],
      [
        -0.0005428680838696225,
        -0.012643354987699647,
        0.9999199222282245,
        2.650642195677907
      ],
      [
        0.0,
        0.0,
        0.0,
        1.0
      ]
    ],
    "location": [
      -39.23240035774779,
      14.868411995992574,
      2.650642195677907
    ],
    "rotation": [
      -0.012643693724491459,
      0.0005428681105340175,
      1.7716077137452775
    ]
  },
  {
    "label_id": "ADFqdNGlbwpbwAp5geQE3w",
    "size": [
      0.8158004057829187,
      0.8888612554380027,
      1.7699999999999996
    ],
    "obj_class": "pedestrian",
    "point_num_in_lidar": 52,
    "speed": 1.2751503952678955,
    "if_vehicle": false,
    "motion_state": true,
    "pose": [
      [
        -0.13275685549294738,
        -0.9910698402355533,
        -0.01249756356653233,
        -56.53659342358742
      ],
      [
        0.9911485858282326,
        -0.13274230966309403,
        -0.0019899839200248717,
        32.11031055171043
      ],
      [
        0.00031325759270753355,
        -0.012651126462970992,
        0.9999199222282245,
        4.104068916611251
      ],
      [
        0.0,
        0.0,
        0.0,
        1.0
      ]
    ],
    "location": [
      -56.53659342358742,
      32.11031055171043,
      4.104068916611251
    ],
    "rotation": [
      -0.012651464578966794,
      -0.0003132575978308784,
      1.7039462740621387
    ]
  },
  {
    "label_id": "BAybr6cmFzCsGbfkTlAkWw",
    "size": [
      0.8023994599909751,
      0.8819417450696909,
      1.7899999999999991
    ],
    "obj_class": "pedestrian",
    "point_num_in_lidar": 34,
    "speed": 1.232338434349124,
    "if_vehicle": false,
    "motion_state": true,
    "pose": [
      [
        0.171358330573405,
        0.9851295008515358,
        -0.01249756356653233,
        -40.33033583823919
      ],
      [
        -0.9852087544132387,
        0.171346870970884,
        -0.0019899839200248717,
        37.95822298405437
      ],
      [
        0.00018102654604835102,
        0.01265370935698697,
        0.9999199222282245,
        4.542492656054787
      ],
      [
        0.0,
        0.0,
        0.0,
        1.0
      ]
    ],
    "location": [
      -40.33033583823919,
      37.95822298405437,
      4.542492656054787
    ],
    "rotation": [
      0.012654047266319416,
      -0.0001810265470370761,
      -1.398588096060855
    ]
  },
  {
    "label_id": "DFFZT9hbqKnRJi5XKB72zQ",
    "size": [
      1.9835447554656156,
      4.6246996539475065,
      1.5199999999999996
    ],
    "obj_class": "vehicle",
    "point_num_in_lidar": 384,
    "speed": 4.386901485500276,
    "if_vehicle": true,
    "motion_state": true,
    "pose": [
      [
        -0.1952383293042884,
        -0.9806761981792821,
        -0.01249756356653233,
        -45.271193178957105
      ],
      [
        0.980755706728439,
        -0.1952287982947141,
        -0.0019899839200248717,
        26.12071025386831
      ],
      [
        -0.000488354451578012,
        -0.01264557792396606,
        0.9999199222282245,
        3.395161740563566
      ],
      [
        0.0,
        0.0,
        0.0,
        1.0
      ]
    ],
    "location": [
      -45.271193178957105,
      26.12071025386831,
      3.395161740563566
    ],
    "rotation": [
      -0.012645916483342673,
      0.0004883544709892954,
      1.767296800570188
    ]
  },
  {
    "label_id": "F5yeP9X05QiAK9kFJj2XZA",
    "size": [
      2.3386439375742616,
      5.031358297402567,
      1.9699999999999989
    ],
    "obj_class": "vehicle",
    "point_num_in_lidar": 697,
    "speed": 0.022128766267977232,
    "if_vehicle": true,
    "motion_state": false,
    "pose": [
      [
        0.1805359418849745,
        0.9834889854963326,
        -0.01249756356653233,
        -43.11464351600341
      ],
      [
        -0.9835683424591304,
        0.18052522171762278,
        -0.0019899839200248717,
        -24.715408632955587
      ],
      [
        0.000298998167119057,
        0.012651471503249466,
        0.9999199222282245,
        1.5936588559609177
      ],
      [
        0.0,
        0.0,
        0.0,
        1.0
      ]
    ],
    "location": [
      -43.11464351600341,
      -24.715408632955587,
      1.5936588559609177
    ],
    "rotation": [
      0.012651809591647563,
      -0.0002989981715741251,
      -1.3892649991684698
    ]
  },
  {
    "label_id": "G7K72AJ4NpA_CgJC0kYWww",
    "size": [
      0.7960126752564943,
      0.5618731317594163,
      1.4994828004563132
    ],
    "obj_class": "sign",
    "point_num_in_lidar": 21,
    "speed": 0.0034203195314289054,
    "if_vehicle": false,
    "motion_state": false,
    "pose": [
      [
        -0.944023315426294,
        -0.3296419130457292,
        -0.01249756356653233,
        21.588942884509947
      ],
      [
        0.32969048792798145,
        -0.9440869780554161,
        -0.0019899839200248717,
        -12.153779639456843
      ],
      [
        -0.011142804914255736,
        -0.0059989190479879,
        0.9999199222282245,
        0.23213934763531086
      ],
      [
        0.0,
        0.0,
        0.0,
        1.0
      ]
    ],
    "location": [
      21.588942884509947,
      -12.153779639456843,
      0.23213934763531086
    ],
    "rotation": [
      -0.005999327489700595,
      0.011143035512819052,
      2.805595257470425
    ]
  },
  {
    "label_id": "G8kucBZ9BZFgHAyYWC4yDg",
    "size": [
      0.6424448436463426,
      0.7737368046697366,
      1.9600000000000009
    ],
    "obj_class": "pedestrian",
    "point_num_in_lidar": 41,
    "speed": 1.1538597116276041,
    "if_vehicle": false,
    "motion_state": true,
    "pose": [
      [
        0.9807446037247661,
        -0.19489441543987854,
        -0.01249756356653233,
        -2.5867640886298204
      ],
      [
        0.19488485654896767,
        0.980824108926716,
        -0.0019899839200248717,
        -13.179750101362515
      ],
      [
        0.012645748401727068,
        -0.00048391989181180775,
        0.9999199222282245,
        1.262996188773549
      ],
      [
        0.0,
        0.0,
        0.0,
        1.0
      ]
    ],
    "location": [
      -2.5867640886298204,
      -13.179750101362515,
      1.262996188773549
    ],
    "rotation": [
      -0.0004839586083582128,
      -0.012646085466692868,
      0.1961559434884554
    ]
  },
  {
    "label_id": "HBbQKTfTGeE6i4ifq3lw6Q",
    "size": [
      0.7811786591794475,
      0.79152006098855,
      1.6699999999999982
    ],
    "obj_class": "pedestrian",
    "point_num_in_lidar": 330,
    "speed": 0.021067237665043162,
    "if_vehicle": false,
    "motion_state": false,
    "pose": [
      [
        -0.9697845282311499,
        0.24364272964401407,
        -0.01249756356653233,
        -48.47481484651837
      ],
      [
        -0.24363715425052135,
        -0.9698644116744906,
        -0.0019899839200248717,
        3.5506275256120716
      ],
      [
        -0.01260578725004198,
        0.0011150152053460377,
        0.9999199222282245,
        2.14980428803176
      ],
      [
        0.0,
        0.0,
        0.0,
        1.0
      ]
    ],
    "location": [
      -48.47481484651837,
      3.5506275256120716,
      2.14980428803176
    ],
    "rotation": [
      0.0011151040382348524,
      0.012606121129520408,
      -2.895458437142241
    ]
  },
  {
    "label_id": "HCM_aM5QyvPrLtU-nuZPfg",
    "size": [
      0.525825576450653,
      0.10121620204894,
      0.5399999999999991
    ],
    "obj_class": "sign",
    "point_num_in_lidar": 52,
    "speed": 0.01669604353768555,
    "if_vehicle": false,
    "motion_state": false,
    "pose": [
      [
        -0.20980826773703035,
        -0.9776626727527686,
        -0.01249756356653233,
        -27.036540751369557
      ],
      [
        0.9777423143129405,
        -0.20979992079591783,
        -0.0019899839200248717,
        -24.337301435494737
      ],
      [
        -0.0006764548484138829,
        -0.012636911803899368,
        0.9999199222282245,
        3.677366682732764
      ],
      [
        0.0,
        0.0,
        0.0,
        1.0
      ]
    ],
    "location": [
      -27.036540751369557,
      -24.337301435494737,
      3.677366682732764
    ],
    "rotation": [
      -0.012637251054223536,
      0.0006764549000038535,
      1.782175234641925
    ]
  },
  {
    "label_id": "HCyUjYeyD1jQGTdFw7eqJw",
    "size": [
      0.7485054882574442,
      0.9228523160117579,
      1.8699999999999974
    ],
    "obj_class": "pedestrian",
    "point_num_in_lidar": 20,
    "speed": 1.2073031258711295,
    "if_vehicle": false,
    "motion_state": true,
    "pose": [
      [
        0.3348772344323733,
        0.9421788836329466,
        -0.01249756356653233,
        -45.73393470040787
      ],
      [
        -0.9422589349979945,
        0.3348792907607803,
        -0.0019899839200248717,
        -39.30758406179484
      ],
      [
        0.0023102543951815653,
        0.012442341247973313,
        0.9999199222282245,
        0.8969280358534348
      ],
      [
        0.0,
        0.0,
        0.0,
        1.0
      ]
    ],
    "location": [
      -45.73393470040787,
      -39.30758406179484,
      0.8969280358534348
    ],
    "rotation": [
      0.012442695514134402,
      -0.002310256450263815,
      -1.2293204394563095
    ]
  },
  {
    "label_id": "HihNMpjxnDeHlSmzUHVkfQ",
    "size": [
      0.843562503210484,
      1.0944192960465922,
      1.7600000000000016
    ],
    "obj_class": "pedestrian",
    "point_num_in_lidar": 38,
    "speed": 1.120628939625534,
    "if_vehicle": false,
    "motion_state": true,
    "pose": [
      [
        0.22305380365019498,
        0.9747260187263295,
        -0.01249756356653233,
        -56.251512041901606
      ],
      [
        -0.9748057662062437,
        0.22304653804768265,
        -0.0019899839200248717,
        25.326756748827393
      ],
      [
        0.0008478491838506278,
        0.012626570510749056,
        0.9999199222282245,
        3.685500384419239
      ],
      [
        0.0,
        0.0,
        0.0,
        1.0
      ]
    ],
    "location": [
      -56.251512041901606,
      25.326756748827393,
      3.685500384419239
    ],
    "rotation": [
      0.012626910583098285,
      -0.0008478492854298094,
      -1.3458501617400729
    ]
  },
  {
    "label_id": "IFH_3fO9CjAGjaIgv1VweQ",
    "size": [
      0.6876202711856008,
      0.8338225563048567,
      1.8599999999999994
    ],
    "obj_class": "pedestrian",
    "point_num_in_lidar": 36,
    "speed": 1.1210084260700601,
    "if_vehicle": false,
    "motion_state": true,
    "pose": [
      [
        0.15534574664334608,
        0.9877811042456328,
        -0.01249756356653233,
        -24.40325369956372
      ],
      [
        -0.987860161361526,
        0.15533300215594203,
        -0.0019899839200248717,
        -39.45579330609871
      ],
      [
        -2.43844455290319e-05,
        0.01265498069932507,
        0.9999199222282245,
        0.6391571862161527
      ],
      [
        0.0,
        0.0,
        0.0,
        1.0
      ]
    ],
    "location": [
      -24.40325369956372,
      -39.45579330609871,
      0.6391571862161527
    ],
    "rotation": [
      0.012655318506872463,
      2.4384445531448403e-05,
      -1.4148188874953649
    ]
  },
  {
    "label_id": "JPy4Q0td0A-ZYAKcLWTBEA",
    "size": [
      0.5650784211359532,
      0.13220980686789907,
      0.6400000000000006
    ],
    "obj_class": "sign",
    "point_num_in_lidar": 25,
    "speed": 0.01777044351417559,
    "if_vehicle": false,
    "motion_state": false,
    "pose": [
      [
        0.05065529997530593,
        -0.998637998220232,
        -0.01249756356653233,
        -23.57256240582501
      ],
      [
        0.9987127577616186,
        0.05068399597684296,
        -0.0019899839200248717,
        -45.82206135477827
      ],
      [
        0.002620700019910552,
        -0.012380672942417736,
        0.9999199222282245,
        2.3542848777866077
      ],
      [
        0.0,
        0.0,
        0.0,
        1.0
      ]
    ],
    "location": [
      -23.57256240582501,
      -45.82206135477827,
      2.3542848777866077
    ],
    "rotation": [
      -0.012381031770486627,
      -0.0026207030197777405,
      1.5201191643499736
    ]
  },
  {
    "label_id": "JaO8P9RbFevS8CHXx_wjlQ",
    "size": [
      1.251434038565118,
      0.9427540908313997,
      1.6999999999999993
    ],
    "obj_class": "pedestrian",
    "point_num_in_lidar": 464,
    "speed": 1.109902244698142,
    "if_vehicle": false,
    "motion_state": true,
    "pose": [
      [
        -0.9907152019535006,
        -0.13537798758710692,
        -0.01249756356653233,
        -38.291026399612065
      ],
      [
        0.13541293588150233,
        -0.99078725100798,
        -0.0019899839200248717,
        -16.520234701634763
      ],
      [
        -0.012113026631958384,
        -0.0036638390951215013,
        0.9999199222282245,
        2.011678159317597
      ],
      [
        0.0,
        0.0,
        0.0,
        1.0
      ]
    ],
    "location": [
      -38.291026399612065,
      -16.520234701634763,
      2.011678159317597
    ],
    "rotation": [
      -0.0036641161127685534,
      0.012113322866326371,
      3.0057524005687624
    ]
  },
  {
    "label_id": "Jc8zsPXiAsLWPw7ILYVKKw",
    "size": [
      0.8520086459819223,
      0.7883763695938778,
      1.8500000000000014
    ],
    "obj_class": "pedestrian",
    "point_num_in_lidar": 317,
    "speed": 0.01193728655429991,
    "if_vehicle": false,
    "motion_state": false,
    "pose": [
      [
        0.07276543961434956,
        0.9972707765209159,
        -0.01249756356653233,
        -33.00623001787176
      ],
      [
        -0.9973485019321751,
        0.07274617280410126,
        -0.0019899839200248717,
        0.287181931813393
      ],
      [
        -0.0010754028903461397,
        0.012609228355649246,
        0.9999199222282245,
        1.9835177469450223
      ],
      [
        0.0,
        0.0,
        0.0,
        1.0
      ]
    ],
    "location": [
      -33.00623001787176,
      0.287181931813393,
      1.9835177469450223
    ],
    "rotation": [
      0.012609569800458815,
      0.0010754030976286091,
      -1.4979664783234228
    ]
  },
  {
    "label_id": "Jen578WRszpN8G3K2BI_Yg",
    "size": [
      0.7754214499131844,
      0.861130270595639,
      1.8699999999999974
    ],
    "obj_class": "pedestrian",
    "point_num_in_lidar": 26,
    "speed": 1.3306122084395298,
    "if_vehicle": false,
    "motion_state": true,
    "pose": [
      [
        0.9883512286553728,
        -0.1516761672785645,
        -0.01249756356653233,
        3.5126737500917216
      ],
      [
        0.15166312926980827,
        0.9884302378944543,
        -0.0019899839200248717,
        -12.866482493416697
      ],
      [
        0.01265480286310396,
        7.138345361237873e-05,
        0.9999199222282245,
        0.934988424586237
      ],
      [
        0.0,
        0.0,
        0.0,
        1.0
      ]
    ],
    "location": [
      3.5126737500917216,
      -12.866482493416697,
      0.934988424586237
    ],
    "rotation": [
      7.138917017678886e-05,
      -0.012655140652647102,
      0.15226293710942895
    ]
  },
  {
    "label_id": "KEwfE1F6A1nr8DUnRv4xhA",
    "size": [
      0.7800767695030774,
      1.1437752229948788,
      0.6799999999999997
    ],
    "obj_class": "pedestrian",
    "point_num_in_lidar": 28,
    "speed": 0.006410587157382421,
    "if_vehicle": false,
    "motion_state": false,
    "pose": [
      [
        0.1282036961894038,
        0.9916691097277737,
        -0.01249756356653233,
        -11.824438737765718
      ],
      [
        -0.9917477876842364,
        0.12818878885230442,
        -0.0019899839200248717,
        6.734663768960672
      ],
      [
        -0.00037135804514518475,
        0.012649554312456221,
        0.9999199222282245,
        0.8372290916419942
      ],
      [
        0.0,
        0.0,
        0.0,
        1.0
      ]
    ],
    "location": [
      -11.824438737765718,
      6.734663768960672,
      0.8372290916419942
    ],
    "rotation": [
      0.012649892554160805,
      0.00037135805368065174,
      -1.442238801771219
    ]
  },
  {
    "label_id": "L_aIsNaDxXc8uF3ViHxdrQ",
    "size": [
      0.8122322634856309,
      0.7338474175354834,
      1.7899999999999991
    ],
    "obj_class": "pedestrian",
    "point_num_in_lidar": 69,
    "speed": 1.1701448004907085,
    "if_vehicle": false,
    "motion_state": true,
    "pose": [
      [
        0.2672462704636695,
        0.9635472182660068,
        -0.01249756356653233,
        -39.47986027914078
      ],
      [
        -0.9636272140158656,
        0.2672426469933631,
        -0.0019899839200248717,
        34.58048995608442
      ],
      [
        0.0014224384979538663,
        0.012574808142513053,
        0.9999199222282245,
        4.1253049531661965
      ],
      [
        0.0,
        0.0,
        0.0,
        1.0
      ]
    ],
    "location": [
      -39.47986027914078,
      34.58048995608442,
      4.1253049531661965
    ],
    "rotation": [
      0.012575152288889004,
      -0.0014224389776316877,
      -1.3002618198203983
    ]
  },
  {
    "label_id": "MQRSR5TMzUjLo--CfbYRWg",
    "size": [
      1.9835447554653132,
      4.6246996539475065,
      1.5199999999999996
    ],
    "obj_class": "vehicle",
    "point_num_in_lidar": 102,
    "speed": 1.2114500724431199,
    "if_vehicle": true,
    "motion_state": true,
    "pose": [
      [
        -0.16877428932861901,
        -0.9855754918658032,
        -0.01249756356653233,
        -48.53289090167391
      ],
      [
        0.9856547151027581,
        -0.16876262192706892,
        -0.0019899839200248717,
        49.286909489081154
      ],
      [
        -0.0001478422144046541,
        -0.01265414057852661,
        0.9999199222282245,
        4.843297207943053
      ],
      [
        0.0,
        0.0,
        0.0,
        1.0
      ]
    ],
    "location": [
      -48.53289090167391,
      49.286909489081154,
      4.843297207943053
    ],
    "rotation": [
      -0.012654478453339573,
      0.00014784221494322657,
      1.740382315316773
    ]
  },
  {
    "label_id": "Nn-KZts2aKZF9Jza95PVpw",
    "size": [
      0.8067437574377356,
      0.8096059456584044,
      1.7700000000000031
    ],
    "obj_class": "pedestrian",
    "point_num_in_lidar": 27,
    "speed": 1.0445823925598028,
    "if_vehicle": false,
    "motion_state": true,
    "pose": [
      [
        0.16085699570394907,
        0.9868985955193167,
        -0.01249756356653233,
        -45.896580586080404
      ],
      [
        -0.9869777225417131,
        0.16084469270190777,
        -0.0019899839200248717,
        -38.36972915327715
      ],
      [
        4.6254435602880475e-05,
        0.012654919661090737,
        0.9999199222282245,
        0.9280402178296399
      ],
      [
        0.0,
        0.0,
        0.0,
        1.0
      ]
    ],
    "location": [
      -45.896580586080404,
      -38.36972915327715,
      0.9280402178296399
    ],
    "rotation": [
      0.012655257473525852,
      -4.6254435619373826e-05,
      -1.409237432004621
    ]
  },
  {
    "label_id": "Nw1AVxmvyVFj7svJBoV1Cw",
    "size": [
      0.7764260929757352,
      0.8406976919930116,
      1.6999999999999993
    ],
    "obj_class": "pedestrian",
    "point_num_in_lidar": 138,
    "speed": 0.036419561936285004,
    "if_vehicle": false,
    "motion_state": false,
    "pose": [
      [
        0.970774104798775,
        -0.23966945645417032,
        -0.01249756356653233,
        -49.86676246704178
      ],
      [
        0.23966355398779166,
        0.9708539647413194,
        -0.0019899839200248717,
        4.126456171257814
      ],
      [
        0.012610247502639475,
        -0.0010633856420173772,
        0.9999199222282245,
        2.1747011464882107
      ],
      [
        0.0,
        0.0,
        0.0,
        1.0
      ]
    ],
    "location": [
      -49.86676246704178,
      4.126456171257814,
      2.1747011464882107
    ],
    "rotation": [
      -0.0010634704014719429,
      -0.012610581736665741,
      0.2420389203301189
    ]
  },
  {
    "label_id": "OBSWm8PNaPcSVzPQrsJPEw",
    "size": [
      0.7562119436518422,
      0.8606054481484527,
      1.7899999999999991
    ],
    "obj_class": "pedestrian",
    "point_num_in_lidar": 66,
    "speed": 1.0686849593422554,
    "if_vehicle": false,
    "motion_state": true,
    "pose": [
      [
        -0.027320346766534755,
        -0.999548602899057,
        -0.01249756356653233,
        -37.68137307780569
      ],
      [
        0.999625371312012,
        -0.027297563871527757,
        -0.0019899839200248717,
        27.838563702873216
      ],
      [
        0.001647932607356555,
        -0.012547248671445261,
        0.9999199222282245,
        3.6163366928250618
      ],
      [
        0.0,
        0.0,
        0.0,
        1.0
      ]
    ],
    "location": [
      -37.68137307780569,
      27.838563702873216,
      3.6163366928250618
    ],
    "rotation": [
      -0.012547594959421484,
      -0.001647933353234253,
      1.5981201104713683
    ]
  },
  {
    "label_id": "OQlhKA2gf7QxBoRjwYYG8g",
    "size": [
      0.8252768973506781,
      1.0533712119678817,
      1.7899999999999991
    ],
    "obj_class": "pedestrian",
    "point_num_in_lidar": 143,
    "speed": 1.581253968346141,
    "if_vehicle": false,
    "motion_state": true,
    "pose": [
      [
        0.9857084619126382,
        0.16799594941164955,
        -0.01249756356653233,
        -27.06433704396352
      ],
      [
        -0.1680332561532701,
        0.9857793185041608,
        -0.0019899839200248717,
        -16.25878379373171
      ],
      [
        0.011985530457620174,
        0.004061550289105501,
        0.9999199222282245,
        1.7998673703258063
      ],
      [
        0.0,
        0.0,
        0.0,
        1.0
      ]
    ],
    "location": [
      -27.06433704396352,
      -16.25878379373171,
      1.7998673703258063
    ],
    "rotation": [
      0.004061853216534798,
      -0.011985817435620565,
      -0.1688464614038903
    ]
  },
  {
    "label_id": "Oggj4tjjPusfmBhJes7YdQ",
    "size": [
      0.5258255764473139,
      0.10121620204894,
      0.5399999999999991
    ],
    "obj_class": "sign",
    "point_num_in_lidar": 46,
    "speed": 0.0019324058156049446,
    "if_vehicle": false,
    "motion_state": false,
    "pose": [
      [
        -0.9403708577746521,
        0.3399212566949372,
        -0.01249756356653233,
        -20.31499459015197
      ],
      [
        -0.33992374196306285,
        -0.9404508969711428,
        -0.0019899839200248717,
        -15.928486099584916
      ],
      [
        -0.012429782700996777,
        0.002376895687125358,
        0.9999199222282245,
        3.8823234438256655
      ],
      [
        0.0,
        0.0,
        0.0,
        1.0
      ]
    ],
    "location": [
      -20.31499459015197,
      -15.928486099584916,
      3.8823234438256655
    ],
    "rotation": [
      0.002377081561622157,
      0.01243010278911591,
      -2.7947289186927664
    ]
  },
  {
    "label_id": "P8be1mBpNNUndtHnp5yJsA",
    "size": [
      0.9597539979938804,
      1.2346786865784796,
      2.009999999999998
    ],
    "obj_class": "pedestrian",
    "point_num_in_lidar": 127,
    "speed": 1.8090562200240397,
    "if_vehicle": false,
    "motion_state": true,
    "pose": [
      [
        0.9890873730304578,
        -0.1467991124517052,
        -0.01249756356653233,
        -22.622170174491657
      ],
      [
        0.14678568487513172,
        0.9891663169961544,
        -0.0019899839200248717,
        -17.66268812261478
      ],
      [
        0.012654296797784924,
        0.00013380454044631133,
        0.9999199222282245,
        1.7871627299758188
      ],
      [
        0.0,
        0.0,
        0.0,
        1.0
      ]
    ],
    "location": [
      -22.622170174491657,
      -17.66268812261478,
      1.7871627299758188
    ],
    "rotation": [
      0.00013381525527512533,
      -0.012654634546803148,
      0.14732985301252866
    ]
  },
  {
    "label_id": "Pfs8a-nzPYik9VWWQsxBkg",
    "size": [
      2.0167118969422626,
      4.533564042299038,
      2.1700000000000017
    ],
    "obj_class": "vehicle",
    "point_num_in_lidar": 116,
    "speed": 1.4238583238573984e-12,
    "if_vehicle": true,
    "motion_state": false,
    "pose": [
      [
        0.18053594188535424,
        0.9834889854962628,
        -0.01249756356653233,
        -41.74505428551811
      ],
      [
        -0.9835683424590608,
        0.1805252217180026,
        -0.0019899839200248717,
        -31.797631435543735
      ],
      [
        0.0002989981671239422,
        0.01265147150324935,
        0.9999199222282245,
        1.2344384237635424
      ],
      [
        0.0,
        0.0,
        0.0,
        1.0
      ]
    ],
    "location": [
      -41.74505428551811,
      -31.797631435543735,
      1.2344384237635424
    ],
    "rotation": [
      0.012651809591647446,
      -0.0002989981715790103,
      -1.3892649991680837
    ]
  },
  {
    "label_id": "Q5PhKXgruUST0xy6Tmhvuw",
    "size": [
      2.1945859371539918,
      3.7584377944850687,
      1.759999999999998
    ],
    "obj_class": "vehicle",
    "point_num_in_lidar": 396,
    "speed": 7.8537211235610265,
    "if_vehicle": true,
    "motion_state": true,
    "pose": [
      [
        0.989849266739822,
        -0.1415706185602686,
        -0.01249756356653233,
        -23.950394737629722
      ],
      [
        0.14155677402272243,
        0.9899281386506183,
        -0.0019899839200248717,
        -3.3743022901562654
      ],
      [
        0.012653413093568041,
        0.00020066934243843026,
        0.9999199222282245,
        1.8271516225987838
      ],
      [
        0.0,
        0.0,
        0.0,
        1.0
      ]
    ],
    "location": [
      -23.950394737629722,
      -3.3743022901562654,
      1.8271516225987838
    ],
    "rotation": [
      0.00020068541018494429,
      -0.012653750771828388,
      0.14204529746793035
    ]
  },
  {
    "label_id": "R2x_jl3E2r_0AQzGO93SkQ",
    "size": [
      1.933337064442454,
      4.367710714817883,
      1.9299999999999997
    ],
    "obj_class": "vehicle",
    "point_num_in_lidar": 29,
    "speed": 2.9777166713245524e-13,
    "if_vehicle": true,
    "motion_state": false,
    "pose": [
      [
        0.16751473572028938,
        0.9857903551067346,
        -0.01249756356653233,
        -40.70661663752719
      ],
      [
        -0.9858695633698404,
        0.16750296709299883,
        -0.0019899839200248717,
        -39.22384176878768
      ],
      [
        0.0001316720236495156,
        0.012654319166974645,
        0.9999199222282245,
        0.7315359199214484
      ],
      [
        0.0,
        0.0,
        0.0,
        1.0
      ]
    ],
    "location": [
      -40.70661663752719,
      -39.22384176878768,
      0.7315359199214484
    ],
    "rotation": [
      0.012654657027490144,
      -0.00013167202402999338,
      -1.402488084462308
    ]
  },
  {
    "label_id": "RuyQ2rgW8uyRGQXvZRykig",
    "size": [
      0.8520086459848321,
      0.7883763695938778,
      1.7399999999999984
    ],
    "obj_class": "pedestrian",
    "point_num_in_lidar": 228,
    "speed": 0.013199858852130134,
    "if_vehicle": false,
    "motion_state": false,
    "pose": [
      [
        -0.957070378614792,
        0.28958608613508874,
        -0.01249756356653233,
        -32.401436997002065
      ],
      [
