[
  {
    "label_id": "08izZfFATo8NaNCOSiMccQ",
    "size": [
      0.859935408454177,
      1.2837768931797942,
      1.9100000000000001
    ],
    "obj_class": "pedestrian",
    "point_num_in_lidar": 221,
    "speed": 3.5796518545577527,
    "if_vehicle": false,
    "motion_state": true,
    "pose": [
      [
        0.9950545173077961,
        0.09887368679857159,
        0.009513235212432363,
        -42.717519446206325
      ],
      [
        -0.09895853831427033,
        0.9950517178412142,
        0.00890429761137266,
        -18.199216941957275
      ],
      [
        -0.008585760307170223,
        -0.009801677412911537,
        0.9999151023161122,
        2.036306966251928
      ],
      [
        0.0,
        0.0,
        0.0,
        1.0
      ]
    ],
    "location": [
      -42.717519446206325,
      -18.199216941957275,
      2.036306966251928
    ],
    "rotation": [
      -0.00980219566962256,
      0.008585865794290382,
      -0.09912443321603967
    ]
  },
  {
    "label_id": "1zMPVmoaMduqtYee4942sw",
    "size": [
      0.8132070008205549,
      0.9549234822147807,
      1.6400000000000006
    ],
    "obj_class": "pedestrian",
    "point_num_in_lidar": 98,
    "speed": 1.6680357055453117,
    "if_vehicle": false,
    "motion_state": true,
    "pose": [
      [
        0.9951693404522655,
        -0.09771121828938631,
        0.009513235212432363,
        -55.03186502652363
      ],
      [
        0.09762745880000848,
        0.9951831955837582,
        0.00890429761137266,
        -18.788135126798807
      ],
      [
        -0.010337461586666867,
        -0.007932531002343882,
        0.9999151023161122,
        2.1897533292462548
      ],
      [
        0.0,
        0.0,
        0.0,
        1.0
      ]
    ],
    "location": [
      -55.03186502652363,
      -18.788135126798807,
      2.1897533292462548
    ],
    "rotation": [
      -0.007933038091967841,
      0.010337645711073904,
      0.0977884527797697
    ]
  },
  {
    "label_id": "42zkZFUhYm9DrYMPgBIysg",
    "size": [
      0.8246506285809306,
      0.8379667180029862,
      1.9499999999999993
    ],
    "obj_class": "pedestrian",
    "point_num_in_lidar": 394,
    "speed": 0.5734501917317117,
    "if_vehicle": false,
    "motion_state": false,
    "pose": [
      [
        -0.30130295839423327,
        -0.9534810043302783,
        0.009513235212432363,
        -48.76314993529172
      ],
      [
        0.9535118733688465,
        -0.30122387161159925,
        0.00890429761137266,
        -15.66444959074579
      ],
      [
        -0.00562446508710663,
        0.011753873941934145,
        0.9999151023161122,
        2.0105661854821903
      ],
      [
        0.0,
        0.0,
        0.0,
        1.0
      ]
    ],
    "location": [
      -48.76314993529172,
      -15.66444959074579,
      2.0105661854821903
    ],
    "rotation": [
      0.011754330530517844,
      0.005624494742153041,
      1.8768601444327262
    ]
  },
  {
    "label_id": "4ieIaDhGopv8IzBazdrVAg",
    "size": [
      2.0401336153701686,
      4.863289663388457,
      1.5500000000000007
    ],
    "obj_class": "vehicle",
    "point_num_in_lidar": 207,
    "speed": 0.027717925305812727,
    "if_vehicle": true,
    "motion_state": false,
    "pose": [
      [
        0.9847445363580543,
        -0.17374606893036118,
        0.009513235212432363,
        -20.612743133559206
      ],
      [
        0.1736636187271306,
        0.9847647744586755,
        0.00890429761137266,
        0.28899437645304715
      ],
      [
        -0.010915385634905291,
        -0.007116355570111933,
        0.9999151023161122,
        1.4791600473203843
      ],
      [
        0.0,
        0.0,
        0.0,
        1.0
      ]
    ],
    "location": [
      -20.612743133559206,
      0.28899437645304715,
      1.4791600473203843
    ],
    "rotation": [
      -0.007116839626512324,
      0.010915602399968494,
      0.17455911069201804
    ]
  },
  {
    "label_id": "4mh0IKVDaw5dWuiAD1j5lQ",
    "size": [
      0.7429254530998749,
      0.4885246229388896,
      1.796420732588878
    ],
    "obj_class": "pedestrian",
    "point_num_in_lidar": 73,
    "speed": 1.128227426498253e-27,
    "if_vehicle": false,
    "motion_state": false,
    "pose": [
      [
        0.9905153892188022,
        -0.13707210539171655,
        0.009513235212432363,
        -49.89709836079339
      ],
      [
        0.13698896076488873,
        0.9905325527778499,
        0.00890429761137266,
        -20.07375371022499
      ],
      [
        -0.010643699980772043,
        -0.007516635608985786,
        0.9999151023161122,
        2.0647265129413377
      ],
      [
        0.0,
        0.0,
        0.0,
        1.0
      ]
    ],
    "location": [
      -49.89709836079339,
      -20.07375371022499,
      2.0647265129413377
    ],
    "rotation": [
      -0.0075171322140307455,
      0.01064390095888487,
      0.13742890926531967
    ]
  },
  {
    "label_id": "5_8SCmp05AepT5qREHEGCg",
    "size": [
      0.9905850335456501,
      0.9725125636682508,
      1.7300000000000004
    ],
    "obj_class": "pedestrian",
    "point_num_in_lidar": 125,
    "speed": 1.4519659404409904,
    "if_vehicle": false,
    "motion_state": true,
    "pose": [
      [
        0.9979026147665614,
        -0.0640302256583015,
        0.009513235212432363,
        -36.544729127366054
      ],
      [
        0.06394604585188544,
        0.9979136318860249,
        0.00890429761137266,
        3.016272332493827
      ],
      [
        -0.010063531287209266,
        -0.008277288093954453,
        0.9999151023161122,
        2.0169875363619063
      ],
      [
        0.0,
        0.0,
        0.0,
        1.0
      ]
    ],
    "location": [
      -36.544729127366054,
      3.016272332493827,
      2.0169875363619063
    ],
    "rotation": [
      -0.008277801800505781,
      0.010063701158405908,
      0.06399295144571182
    ]
  },
  {
    "label_id": "5t8pkk_JnoYw1nKx095DbQ",
    "size": [
      0.7978681582668224,
      0.9549442125635543,
      1.6799999999999997
    ],
    "obj_class": "pedestrian",
    "point_num_in_lidar": 163,
    "speed": 1.5099158616921944,
    "if_vehicle": false,
    "motion_state": true,
    "pose": [
      [
        -0.9988650498165769,
        0.046670232597668414,
        0.009513235212432363,
        -41.26309647496146
      ],
      [
        -0.04658587396375557,
        -0.9988746016548229,
        0.00890429761137266,
        -16.713838238527387
      ],
      [
        0.009918094673908638,
        0.008451009300571442,
        0.9999151023161122,
        1.9781944173251382
      ],
      [
        0.0,
        0.0,
        0.0,
        1.0
      ]
    ],
    "location": [
      -41.26309647496146,
      -16.713838238527387,
      1.9781944173251382
    ],
    "rotation": [
      0.008451525600861874,
      -0.0099182572859581,
      -3.094987618745491
    ]
  },
  {
    "label_id": "6DfvY_wSmDg4gUB46NtKwg",
    "size": [
      0.8366066260314926,
      0.7007453081157677,
      1.7697139242488191
    ],
    "obj_class": "pedestrian",
    "point_num_in_lidar": 56,
    "speed": 0.024950664838351528,
    "if_vehicle": false,
    "motion_state": false,
    "pose": [
      [
        0.3018494220623034,
        -0.9533081478496062,
        0.009513235212432363,
        -44.42223186419369
      ],
      [
        0.9532879190545287,
        0.3019318745491018,
        0.00890429761137266,
        -27.803899238671875
      ],
      [
        -0.011360888404515568,
        0.006381095111272329,
        0.9999151023161122,
        1.548079917111373
      ],
      [
        0.0,
        0.0,
        0.0,
        1.0
      ]
    ],
    "location": [
      -44.42223186419369,
      -27.803899238671875,
      1.548079917111373
    ],
    "rotation": [
      0.006381550268244434,
      0.011361132809949184,
      1.264143924134969
    ]
  },
  {
    "label_id": "6WHUSHTXwPUPbO8yIs4yQQ",
    "size": [
      0.8896040744639054,
      0.8916020213374418,
      1.7800000000000011
    ],
    "obj_class": "pedestrian",
    "point_num_in_lidar": 323,
    "speed": 0.9470579434275214,
    "if_vehicle": false,
    "motion_state": false,
    "pose": [
      [
        0.13715956088084397,
        0.9905032827884859,
        0.009513235212432363,
        -53.39637087993674
      ],
      [
        -0.9905204536885928,
        0.13707641776977011,
        0.00890429761137266,
        5.749856518150409
      ],
      [
        0.007515695810668826,
        -0.010644363608993023,
        0.9999151023161122,
        2.482184562062848
      ],
      [
        0.0,
        0.0,
        0.0,
        1.0
      ]
    ],
    "location": [
      -53.39637087993674,
      5.749856518150409,
      2.482184562062848
    ],
    "rotation": [
      -0.010644865281549088,
      -0.0075157665673365355,
      -1.4331991149782104
    ]
  },
  {
    "label_id": "6k1Fgl9ysuxlrOUgJkRAwQ",
    "size": [
      0.4397877024101136,
      0.0907517669424712,
      0.620000000000001
    ],
    "obj_class": "sign",
    "point_num_in_lidar": 29,
    "speed": 0.019612313112770608,
    "if_vehicle": false,
    "motion_state": false,
    "pose": [
      [
        -0.9994281544402785,
        -0.03244784226865909,
        0.009513235212432363,
        -24.25347352311519
      ],
      [
        0.0325326920214191,
        -0.9994310068403359,
        0.00890429761137266,
        1.4400584463328414
      ],
      [
        0.009218897002263197,
        0.00920869687961454,
        0.9999151023161122,
        3.87123762560827
      ],
      [
        0.0,
        0.0,
        0.0,
        1.0
      ]
    ],
    "location": [
      -24.25347352311519,
      1.4400584463328414,
      3.87123762560827
    ],
    "rotation": [
      0.00920921839050416,
      -0.009219027589955773,
      3.1090528369309216
    ]
  },
  {
    "label_id": "73DbqBTixcev79gSfQli1Q",
    "size": [
      1.0055937722559354,
      0.9917054885455836,
      1.9800000000000004
    ],
    "obj_class": "pedestrian",
    "point_num_in_lidar": 361,
    "speed": 0.8264043544993822,
    "if_vehicle": false,
    "motion_state": false,
    "pose": [
      [
        0.09077015471136625,
        -0.9958264293387015,
        0.009513235212432363,
        -47.74778692874236
      ],
      [
        0.9958243206998918,
        0.0908550262046481,
        0.00890429761137266,
        -20.550345670457318
      ],
      [
        -0.009731460130618886,
        0.008665266521298403,
        0.9999151023161122,
        2.130320020174942
      ],
      [
        0.0,
        0.0,
        0.0,
        1.0
      ]
    ],
    "location": [
      -47.74778692874236,
      -20.550345670457318,
      2.130320020174942
    ],
    "rotation": [
      0.008665785316839508,
      0.009731613734178822,
      1.479896745616697
    ]
  },
  {
    "label_id": "8bOLWx11Kp9fHLqHd13oAw",
    "size": [
      0.910351152830814,
      0.9856897121378135,
      1.8299999999999983
    ],
    "obj_class": "pedestrian",
    "point_num_in_lidar": 108,
    "speed": 1.4880662248168974,
    "if_vehicle": false,
    "motion_state": true,
    "pose": [
      [
        0.9741503843039269,
        0.22570008222485152,
        0.009513235212432363,
        -34.48410852002314
      ],
      [
        -0.22578387361323174,
        0.9741367234121976,
        0.00890429761137266,
        4.72506834667729
      ],
      [
        -0.007257491075847045,
        -0.010822060036931988,
        0.9999151023161122,
        2.0786784194898082
      ],
      [
        0.0,
        0.0,
        0.0,
        1.0
      ]
    ],
    "location": [
      -34.48410852002314,
      4.72506834667729,
      2.0786784194898082
    ],
    "rotation": [
      -0.010822556322506291,
      0.007257554787456312,
      -0.2277537170599274
    ]
  },
  {
    "label_id": "9MJNWkZklOdq7gQT2jjjrg",
    "size": [
      2.1439849996011473,
      4.745664128628958,
      1.8900000000000006
    ],
    "obj_class": "vehicle",
    "point_num_in_lidar": 992,
    "speed": 0.00798516668649312,
    "if_vehicle": true,
    "motion_state": false,
    "pose": [
      [
        -0.19947100122242228,
        -0.9798575498648349,
        0.009513235212432363,
        -39.224275986877046
      ],
      [
        0.9798799398987265,
        -0.19938910920137107,
        0.00890429761137266,
        14.909994737534362
      ],
      [
        -0.006828107746116911,
        0.011097977507923601,
        0.9999151023161122,
        2.650642195677939
      ],
      [
        0.0,
        0.0,
        0.0,
        1.0
      ]
    ],
    "location": [
      -39.224275986877046,
      14.909994737534362,
      2.650642195677939
    ],
    "rotation": [
      0.011098464070269319,
      0.006828160805104394,
      1.7716191156958605
    ]
  },
  {
    "label_id": "BCrQdAU9RIUuQhcH0qFoKw",
    "size": [
      0.7857085800682457,
      0.788238268240093,
      1.7100000000000009
    ],
    "obj_class": "pedestrian",
    "point_num_in_lidar": 252,
    "speed": 1.1240476903637182,
    "if_vehicle": false,
    "motion_state": true,
    "pose": [
      [
        -0.8560565252815544,
        -0.5167946631677464,
        0.009513235212432363,
        -50.10946961997058
      ],
      [
        0.5168700815062046,
        -0.8560175420678116,
        0.00890429761137266,
        -19.161223677740054
      ],
      [
        0.0035418027388446054,
        0.012539688732902135,
        0.9999151023161122,
        2.084157186216263
      ],
      [
        0.0,
        0.0,
        0.0,
        1.0
      ]
    ],
    "location": [
      -50.10946961997058,
      -19.161223677740054,
      2.084157186216263
    ],
    "rotation": [
      0.012540096045680182,
      -0.00354181014383176,
      2.598398142611582
    ]
  },
  {
    "label_id": "DFFZT9hbqKnRJi5XKB72zQ",
    "size": [
      1.9835447554649697,
      4.6246996539475065,
      1.5199999999999996
    ],
    "obj_class": "vehicle",
    "point_num_in_lidar": 385,
    "speed": 6.10873677453187,
    "if_vehicle": true,
    "motion_state": true,
    "pose": [
      [
        -0.11857937455430642,
        -0.992899003064311,
        0.009513235212432363,
        -43.73979160962767
      ],
      [
        0.9929146133456879,
        -0.11849592435451722,
        0.00890429761137266,
        17.13756255004955
      ],
      [
        -0.007713788621220724,
        0.010501696304220837,
        0.9999151023161122,
        2.8040757598630996
      ],
      [
        0.0,
        0.0,
        0.0,
        1.0
      ]
    ],
    "location": [
      -43.73979160962767,
      17.13756255004955,
      2.8040757598630996
    ],
    "rotation": [
      0.010502201814775902,
      0.007713865121598558,
      1.689658919788487
    ]
  },
  {
    "label_id": "F5yeP9X05QiAK9kFJj2XZA",
    "size": [
      2.3386439375742634,
      5.031358297402567,
      1.9699999999999989
    ],
    "obj_class": "vehicle",
    "point_num_in_lidar": 535,
    "speed": 5.695433295429594e-13,
    "if_vehicle": true,
    "motion_state": false,
    "pose": [
      [
        0.18054187218674744,
        0.9835212914538745,
        0.009513235212432363,
        -43.11435147774523
      ],
      [
        -0.9835420984144696,
        0.18045956369921232,
        0.00890429761137266,
        -24.706327424075425
      ],
      [
        0.0070408120104233606,
        -0.010964265884811352,
        0.9999151023161122,
        1.5936588559609604
      ],
      [
        0.0,
        0.0,
        0.0,
        1.0
      ]
    ],
    "location": [
      -43.11435147774523,
      -24.706327424075425,
      1.5936588559609604
    ],
    "rotation": [
      -0.010964757367534715,
      -0.007040870184123023,
      -1.3892544280555659
    ]
  },
  {
    "label_id": "G8kucBZ9BZFgHAyYWC4yDg",
    "size": [
      0.6424448436439277,
      0.7737368046697366,
      1.9600000000000009
    ],
    "obj_class": "pedestrian",
    "point_num_in_lidar": 44,
    "speed": 1.1919339476642927,
    "if_vehicle": false,
    "motion_state": true,
    "pose": [
      [
        0.9807768195320126,
        -0.19490081740327084,
        0.009513235212432363,
        -4.5746872118523925
      ],
      [
        0.19481882189160693,
        0.9807988275486541,
        0.00890429761137266,
        -13.459838808101267
      ],
      [
        -0.011066024825406756,
        -0.0068797714149847495,
        0.9999151023161122,
        1.3339775905072102
      ],
      [
        0.0,
        0.0,
        0.0,
        1.0
      ]
    ],
    "location": [
      -4.5746872118523925,
      -13.459838808101267,
      1.3339775905072102
    ],
    "rotation": [
      -0.0068802469739306735,
      0.011066250689712634,
      0.1960848919500665
    ]
  },
  {
    "label_id": "HBbQKTfTGeE6i4ifq3lw6Q",
    "size": [
      0.7811786591794457,
      0.79152006098855,
      1.6699999999999982
    ],
    "obj_class": "pedestrian",
    "point_num_in_lidar": 201,
    "speed": 0.08227365980755866,
    "if_vehicle": false,
    "motion_state": false,
    "pose": [
      [
        -0.9698163840203414,
        0.2436507328975284,
        0.009513235212432363,
        -48.40187484139153
      ],
      [
        -0.24356993913121427,
        -0.9698424605242156,
        0.00890429761137266,
        3.458535626587036
      ],
      [
        0.011395878084919672,
        0.006318395590069321,
        0.9999151023161122,
        2.149804288031806
      ],
      [
        0.0,
        0.0,
        0.0,
        1.0
      ]
    ],
    "location": [
      -48.40187484139153,
      3.458535626587036,
      2.149804288031806
    ],
    "rotation": [
      0.006318847952106565,
      -0.011396124755590096,
      -2.8955313931127233
    ]
  },
  {
    "label_id": "HCM_aM5QyvPrLtU-nuZPfg",
    "size": [
      0.5258255764506543,
      0.10121620204894,
      0.5399999999999991
    ],
    "obj_class": "sign",
    "point_num_in_lidar": 24,
    "speed": 0.022375020926502655,
    "if_vehicle": false,
    "motion_state": false,
    "pose": [
      [
        -0.20981515958547442,
        -0.9776947873257353,
        0.009513235212432363,
        -27.02571514681597
      ],
      [
        0.9777180415577784,
        -0.20973350875925936,
        0.00890429761137266,
        -24.3591247073673
      ],
      [
        -0.006710441158680468,
        0.01116951832510458,
        0.9999151023161122,
        3.669237988745902
      ],
      [
        0.0,
        0.0,
        0.0,
        1.0
      ]
    ],
    "location": [
      -27.02571514681597,
      -24.3591247073673,
      3.669237988745902
    ],
    "rotation": [
      0.011170002092201531,
      0.006710491521584876,
      1.7821870659875794
    ]
  },
  {
    "label_id": "J5q7gsPFfQ6QsKXpHpk9iQ",
    "size": [
      0.9988912744214137,
      0.9331657411694734,
      1.6799999999999997
    ],
    "obj_class": "pedestrian",
    "point_num_in_lidar": 162,
    "speed": 1.3073614131657871,
    "if_vehicle": false,
    "motion_state": true,
    "pose": [
      [
        0.9677987529142031,
        -0.25154536810187184,
        0.009513235212432363,
        -53.028576467913695
      ],
      [
        0.25146478950711637,
        0.9678254869149654,
        0.00890429761137266,
        -0.5157754554766143
      ],
      [
        -0.011446986321950299,
        -0.006225324433637386,
        0.9999151023161122,
        2.2245977288568533
      ],
      [
        0.0,
        0.0,
        0.0,
        1.0
      ]
    ],
    "location": [
      -53.028576467913695,
      -0.5157754554766143,
      2.2245977288568533
    ],
    "rotation": [
      -0.006225772555402089,
      0.011447236326464575,
      0.2542104032438571
    ]
  },
  {
    "label_id": "JaO8P9RbFevS8CHXx_wjlQ",
    "size": [
      1.2514340385660223,
      0.9427540908313997,
      1.6999999999999993
    ],
    "obj_class": "pedestrian",
    "point_num_in_lidar": 199,
    "speed": 1.201684128878594,
    "if_vehicle": false,
    "motion_state": true,
    "pose": [
      [
        -0.9859176372544047,
        -0.16696080649806735,
        0.009513235212432363,
        -36.32690024886415
      ],
      [
        0.1670452655627392,
        -0.9859090184885836,
        0.00890429761137266,
        -16.730248723350087
      ],
      [
        0.007892515680446629,
        0.010368044964836138,
        0.9999151023161122,
        1.9956798846925992
      ],
      [
        0.0,
        0.0,
        0.0,
        1.0
      ]
    ],
    "location": [
      -36.32690024886415,
      -16.730248723350087,
      1.9956798846925992
    ],
    "rotation": [
      0.010368553682889475,
      -0.007892597622583259,
      2.9737553153689587
    ]
  },
  {
    "label_id": "Jc8zsPXiAsLWPw7ILYVKKw",
    "size": [
      0.8520086459819222,
      0.7883763695938778,
      1.8500000000000014
    ],
    "obj_class": "pedestrian",
    "point_num_in_lidar": 118,
    "speed": 0.011937286654859498,
    "if_vehicle": false,
    "motion_state": false,
    "pose": [
      [
        0.07276782983654467,
        0.9973035351870928,
        0.009513235212432363,
        -33.01099963967954
      ],
      [
        -0.9973152891669204,
        0.07268374975157961,
        0.00890429761137266,
        0.3068982856639195
      ],
      [
        0.00818882987867159,
        -0.010135641340198228,
        0.9999151023161122,
        1.9835177469450578
      ],
      [
        0.0,
        0.0,
        0.0,
        1.0
      ]
    ],
    "location": [
      -33.01099963967954,
      0.3068982856639195,
      1.9835177469450578
    ],
    "rotation": [
      -0.010136154756434562,
      -0.00818892140107188,
      -1.497961677533691
    ]
  },
  {
    "label_id": "Jen578WRszpN8G3K2BI_Yg",
    "size": [
      0.7754214499133903,
      0.861130270595639,
      1.8699999999999974
    ],
    "obj_class": "pedestrian",
    "point_num_in_lidar": 30,
    "speed": 1.353968593519473,
    "if_vehicle": false,
    "motion_state": true,
    "pose": [
      [
        0.9932368615202972,
        -0.11571531995852136,
        0.009513235212432363,
        1.2378256486491637
      ],
      [
        0.11563182508509781,
        0.9932522310629549,
        0.00890429761137266,
        -13.195714926612709
      ],
      [
        -0.010479405746480992,
        -0.007744043863485087,
        0.9999151023161122,
        1.0149797977114474
      ],
      [
        0.0,
        0.0,
        0.0,
        1.0
      ]
    ],
    "location": [
      1.2378256486491637,
      -13.195714926612709,
      1.0149797977114474
    ],
    "rotation": [
      -0.007744546532839219,
      0.010479597560427186,
      0.11589746069076487
    ]
  },
  {
    "label_id": "Nw1AVxmvyVFj7svJBoV1Cw",
    "size": [
      0.7764260929757366,
      0.8406976919930116,
      1.6999999999999993
    ],
    "obj_class": "pedestrian",
    "point_num_in_lidar": 33,
    "speed": 0.047709103787742506,
    "if_vehicle": false,
    "motion_state": false,
    "pose": [
      [
        0.9708059930938918,
        -0.23967732919234477,
        0.009513235212432363,
        -49.92935971875363
      ],
      [
        0.23959642932115535,
        0.9708317385317606,
        0.00890429761137266,
        4.11970254291009
      ],
      [
        -0.011369908950174848,
        -0.006365008297221126,
        0.9999151023161122,
        2.1894805541667246
      ],
      [
        0.0,
        0.0,
        0.0,
        1.0
      ]
    ],
    "location": [
      -49.92935971875363,
      4.11970254291009,
      2.1894805541667246
    ],
    "rotation": [
      -0.0063654627418628885,
      0.0113701539382672,
      0.24196610448358874
    ]
  },
  {
    "label_id": "OQlhKA2gf7QxBoRjwYYG8g",
    "size": [
      0.8252768973488162,
      1.0533712119678817,
      1.7899999999999991
    ],
    "obj_class": "pedestrian",
    "point_num_in_lidar": 63,
    "speed": 1.4879918621575796,
    "if_vehicle": false,
    "motion_state": true,
    "pose": [
      [
        0.990376059761887,
        0.13807519185687261,
        0.009513235212432363,
        -29.61955565477774
      ],
      [
        -0.1381598667343123,
        0.9903699130668324,
        0.00890429761137266,
        -15.867091565622104
      ],
      [
        -0.008192159329279997,
        -0.01013295049246026,
        0.9999151023161122,
        1.7941589728957794
      ],
      [
        0.0,
        0.0,
        0.0,
        1.0
      ]
    ],
    "location": [
      -29.61955565477774,
      -15.867091565622104,
      1.7941589728957794
    ],
    "rotation": [
      -0.010133463956633167,
      0.008192250963362676,
      -0.1386079028634155
    ]
  },
  {
    "label_id": "Oggj4tjjPusfmBhJes7YdQ",
    "size": [
      0.5258255764473155,
      0.10121620204894,
      0.5399999999999991
    ],
    "obj_class": "sign",
    "point_num_in_lidar": 24,
    "speed": 0.0095403795337681,
    "if_vehicle": false,
    "motion_state": false,
    "pose": [
      [
        -0.9404017473742851,
        0.33993242253598654,
        0.009513235212432363,
        -20.301927042007605
      ],
      [
        -0.33985466027776884,
        -0.9404358156575762,
        0.00890429761137266,
        -15.922476010584433
      ],
      [
        0.011973446574561512,
        0.005140499711611813,
        0.9999151023161122,
        3.8621646253806396
      ],
      [
        0.0,
        0.0,
        0.0,
        1.0
      ]
    ],
    "location": [
      -20.301927042007605,
      -15.922476010584433,
      3.8621646253806396
    ],
    "rotation": [
      0.005140890875584483,
      -0.011973732685400673,
      -2.794804392445207
    ]
  },
  {
    "label_id": "P8be1mBpNNUndtHnp5yJsA",
    "size": [
      0.9597539979929381,
      1.2346786865784796,
      2.009999999999998
    ],
    "obj_class": "pedestrian",
    "point_num_in_lidar": 103,
    "speed": 1.80602987569774,
    "if_vehicle": false,
    "motion_state": true,
    "pose": [
      [
        0.9907069333581575,
        -0.1356807670669216,
        0.009513235212432363,
        -25.632739656026274
      ],
      [
        0.135597598415464,
        0.9907239801216112,
        0.00890429761137266,
        -18.11581710935934
      ],
      [
        -0.010633132183597252,
        -0.007531577532304119,
        0.9999151023161122,
        1.8031540666690091
      ],
      [
        0.0,
        0.0,
        0.0,
        1.0
      ]
    ],
    "location": [
      -25.632739656026274,
      -18.11581710935934,
      1.8031540666690091
    ],
    "rotation": [
      -0.007532074559928765,
      0.010633332563649303,
      0.13602434458896898
    ]
  },
  {
    "label_id": "Pfs8a-nzPYik9VWWQsxBkg",
    "size": [
      2.016711896942264,
      4.533564042299038,
      2.1700000000000017
    ],
    "obj_class": "vehicle",
    "point_num_in_lidar": 77,
    "speed": 1.4238583238573984e-12,
    "if_vehicle": true,
    "motion_state": false,
    "pose": [
      [
        0.18054187218712656,
        0.983521291453805,
        0.009513235212432363,
        -41.745054285517995
      ],
      [
        -0.9835420984144,
        0.18045956369959143,
        0.00890429761137266,
        -31.797631435543735
      ],
      [
        0.007040812010419134,
        -0.010964265884814065,
        0.9999151023161122,
        1.2344384237635708
      ],
      [
        0.0,
        0.0,
        0.0,
        1.0
      ]
    ],
    "location": [
      -41.745054285517995,
      -31.797631435543735,
      1.2344384237635708
    ],
    "rotation": [
      -0.010964757367537428,
      -0.007040870184118796,
      -1.3892544280551804
    ]
  },
  {
    "label_id": "Q5PhKXgruUST0xy6Tmhvuw",
    "size": [
      2.1945859371542977,
      3.7584377944850687,
      1.759999999999998
    ],
    "obj_class": "vehicle",
    "point_num_in_lidar": 421,
    "speed": 7.363908300820458,
    "if_vehicle": true,
    "motion_state": true,
    "pose": [
      [
        0.9884807034675154,
        -0.1510476654177712,
        0.009513235212432363,
        -36.72171339325598
      ],
      [
        0.15096477148765494,
        0.9884990395815912,
        0.00890429761137266,
        -5.230534029440605
      ],
      [
        -0.010748797237186043,
        -0.007365562986820599,
        0.9999151023161122,
        2.1479055810978807
      ],
      [
        0.0,
        0.0,
        0.0,
        1.0
      ]
    ],
    "location": [
      -36.72171339325598,
      -5.230534029440605,
      2.1479055810978807
    ],
    "rotation": [
      -0.007366055131900541,
      0.010749004227937783,
      0.15155297986166855
    ]
  },
  {
    "label_id": "QR38KjHlelQRM2AqNMRE0g",
    "size": [
      0.8708842456761199,
      0.7957859262826162,
      1.7100000000000009
    ],
    "obj_class": "pedestrian",
    "point_num_in_lidar": 192,
    "speed": 1.3005880107432422,
    "if_vehicle": false,
    "motion_state": true,
    "pose": [
      [
        0.9902288248809602,
        -0.1391271818541074,
        0.009513235212432363,
        -62.52659107019451
      ],
      [
        0.13904407302157207,
        0.9902461609325329,
        0.00890429761137266,
        -1.5779424714564811
      ],
      [
        -0.010659274480219876,
        -0.007494533188551053,
        0.9999151023161122,
        2.3759561268385525
      ],
      [
        0.0,
        0.0,
        0.0,
        1.0
      ]
    ],
    "location": [
      -62.52659107019451,
      -1.5779424714564811,
      2.3759561268385525
    ],
    "rotation": [
      -0.007495029162353567,
      0.010659476341904077,
      0.1395040226524875
    ]
  },
  {
    "label_id": "RuyQ2rgW8uyRGQXvZRykig",
    "size": [
      0.8520086459851304,
      0.7883763695938778,
      1.7399999999999984
    ],
    "obj_class": "pedestrian",
    "point_num_in_lidar": 98,
    "speed": 0.04436294332650023,
    "if_vehicle": false,
    "motion_state": false,
    "pose": [
      [
        -0.6234292094769108,
        0.7818219228998295,
        0.009513235212432363,
        -32.333154010106
      ],
      [
        -0.7817734899517021,
        -0.623498936561069,
        0.00890429761137266,
        0.06551299559214385
      ],
      [
        0.012893067118802627,
        -0.0018859958719494687,
        0.9999151023161122,
        1.89619490781498
      ],
      [
        0.0,
        0.0,
        0.0,
        1.0
      ]
    ],
    "location": [
      -32.333154010106,
      0.06551299559214385,
      1.89619490781498
    ],
    "rotation": [
      -0.0018861537655105191,
      -0.012893424350485223,
      -2.2439835363426637
    ]
  },
  {
    "label_id": "SZT8wbUgy2ZsQ08TFaws3Q",
    "size": [
      2.1755324740334743,
      4.653172966271873,
      1.8000000000000007
    ],
    "obj_class": "vehicle",
    "point_num_in_lidar": 916,
    "speed": 6.812084154934684,
    "if_vehicle": true,
    "motion_state": true,
    "pose": [
      [
        0.9990800595627296,
        0.041815462928512515,
        0.009513235212432363,
        -40.060227858738244
      ],
      [
        -0.04190033569247277,
        0.9990821164213212,
        0.00890429761137266,
        -12.020829105604207
      ],
      [
        -0.009132165843377966,
        -0.009294713936856835,
        0.9999151023161122,
        2.003435834942426
      ],
      [
        0.0,
        0.0,
        0.0,
        1.0
      ]
    ],
    "location": [
      -40.060227858738244,
      -12.020829105604207,
      2.003435834942426
    ],
    "rotation": [
      -0.00929523538716874,
      0.009132292779848323,
      -0.04191435450806927
    ]
  },
  {
    "label_id": "Sd3gBm--9zx1QFKFx05RTA",
    "size": [
      2.296781178076869,
      4.760516157978834,
      1.8200000000000003
    ],
    "obj_class": "vehicle",
    "point_num_in_lidar": 190,
    "speed": 6.769366172931797e-28,
    "if_vehicle": true,
    "motion_state": false,
    "pose": [
      [
        -0.17990549940273087,
        -0.9836378955898594,
        0.009513235212432363,
        -42.63481566304824
      ],
      [
        0.9836586492927823,
        -0.17982317747038898,
        0.00890429761137266,
        34.35828001981281
      ],
      [
        -0.007047904380233635,
        0.010959708208070296,
        0.9999151023161122,
        3.903018508643239
      ],
      [
        0.0,
        0.0,
        0.0,
        1.0
      ]
    ],
    "location": [
      -42.63481566304824,
      34.35828001981281,
      3.903018508643239
    ],
    "rotation": [
      0.01096019985157225,
      0.007047962729912132,
      1.7516912516471719
    ]
  },
  {
    "label_id": "TXMWKgpsOY75H154LCp75g",
    "size": [
      2.618299672678018,
      6.262179096259549,
      2.9199999999999946
    ],
    "obj_class": "vehicle",
    "point_num_in_lidar": 198,
    "speed": 0.022505711515535338,
    "if_vehicle": true,
    "motion_state": false,
    "pose": [
      [
        0.9808895188185828,
        -0.19433283363251394,
        0.009513235212432363,
        -8.556026093785249
      ],
      [
        0.19425082539013183,
        0.9809114793493349,
        0.00890429761137266,
        2.070077842250612
      ],
      [
        -0.011062039011950488,
        -0.006886178407291331,
        0.9999151023161122,
        1.7815467802246872
      ],
      [
        0.0,
        0.0,
        0.0,
        1.0
      ]
    ],
    "location": [
      -8.556026093785249,
      2.070077842250612,
      1.7815467802246872
    ],
    "rotation": [
      -0.006886654206625826,
      0.011062264632276666,
      0.1955057872834151
    ]
  },
  {
    "label_id": "Ve0CxlvEk2pDEyL1_L0Fmw",
    "size": [
      2.0835415527777443,
      4.724636947852506,
      1.6099999999999994
    ],
    "obj_class": "vehicle",
    "point_num_in_lidar": 115,
    "speed": 3.552713678800501e-14,
    "if_vehicle": true,
    "motion_state": false,
    "pose": [
      [
        -0.19947100122252237,
        -0.9798575498648145,
        0.009513235212432363,
        -41.721512258720395
      ],
      [
        0.9798799398987061,
        -0.19938910920147113,
        0.00890429761137266,
        28.52424851523574
      ],
      [
        -0.006828107746115778,
        0.011097977507924297,
        0.9999151023161122,
        3.450856615288295
      ],
      [
        0.0,
        0.0,
        0.0,
        1.0
      ]
    ],
    "location": [
      -41.721512258720395,
      28.52424851523574,
      3.450856615288295
    ],
    "rotation": [
      0.011098464070270014,
      0.006828160805103261,
      1.7716191156959626
    ]
  },
  {
    "label_id": "WM02HP9oou4H6DzObgNI5A",
    "size": [
      0.7031396390518927,
      0.7449503725873117,
      1.8900000000000006
    ],
    "obj_class": "pedestrian",
    "point_num_in_lidar": 42,
    "speed": 1.146349189215276,
    "if_vehicle": false,
    "motion_state": true,
    "pose": [
      [
        0.9920931309048415,
        -0.12514279031259537,
        0.009513235212432363,
        -4.937755914385207
      ],
      [
        0.1250594451678002,
        0.9921092926983247,
        0.00890429761137266,
        -14.066333127906546
      ],
      [
        -0.010552477706740022,
        -0.007644172578357631,
        0.9999151023161122,
        1.333977590507203
      ],
      [
        0.0,
        0.0,
        0.0,
        1.0
      ]
    ],
    "location": [
      -4.937755914385207,
      -14.066333127906546,
      1.333977590507203
    ],
    "rotation": [
      -0.007644672681700326,
      0.010552673561370084,
      0.12539476516196835
    ]
  },
  {
    "label_id": "XAMg3Wi5NJ9NnCt1iKCgUw",
    "size": [
      1.9076155662963923,
      4.473452609374017,
      1.6400000000000006
    ],
    "obj_class": "vehicle",
    "point_num_in_lidar": 122,
    "speed": 6.858216549181358,
    "if_vehicle": true,
    "motion_state": true,
    "pose": [
      [
        0.15753380430308747,
        0.9874677710475362,
        0.009513235212432363,
        -48.4552173207386
      ],
      [
        -0.9874866509666419,
        0.15745103253625795,
        0.00890429761137266,
        24.137018212932162
      ],
      [
        0.007294838208088299,
        -0.010796920657149194,
        0.9999151023161122,
        3.199121627573618
      ],
      [
        0.0,
        0.0,
        0.0,
        1.0
      ]
    ],
    "location": [
      -48.4552173207386,
      24.137018212932162,
      3.199121627573618
    ],
    "rotation": [
      -0.010797417746086313,
      -0.007294902908365612,
      -1.4125993083704251
    ]
  },
  {
    "label_id": "XovAHQesTpvP2NhtwgmTFQ",
    "size": [
      0.486750415893545,
      0.06925714317952945,
      0.5899999999999999
    ],
    "obj_class": "sign",
    "point_num_in_lidar": 253,
    "speed": 0.028735463511991036,
    "if_vehicle": false,
    "motion_state": false,
    "pose": [
      [
        -0.6745647794568056,
        0.7381543582965451,
        0.009513235212432363,
        -57.353817632597384
      ],
      [
        -0.7381013485964045,
        -0.674631093772157,
        0.00890429761137266,
        -16.942369230928307
      ],
      [
        0.01299067036607929,
        -0.0010152061853777711,
        0.9999151023161122,
        3.796926892089303
      ],
      [
        0.0,
        0.0,
        0.0,
        1.0
      ]
    ],
    "location": [
      -57.353817632597384,
      -16.942369230928307,
      3.796926892089303
    ],
    "rotation": [
      -0.0010152920324888687,
      -0.012991035772707509,
      -2.3112484284999093
    ]
  },
  {
    "label_id": "YMhXkGQuZfbdQkEv_iKJuA",
    "size": [
      0.7709200612262408,
      0.7850228933688645,
      1.9800000000000004
    ],
    "obj_class": "pedestrian",
    "point_num_in_lidar": 402,
    "speed": 1.301461953974001,
    "if_vehicle": false,
    "motion_state": true,
    "pose": [
      [
        0.9907154754751388,
        -0.13561838005913024,
        0.009513235212432363,
        -62.44261627563981
      ],
      [
        0.13553521033436974,
        0.9907325170012673,
        0.00890429761137266,
        -2.3947928251855046
      ],
      [
        -0.010632657884456944,
        -0.007532247106345854,
        0.9999151023161122,
        2.4317900972577817
      ],
      [
        0.0,
        0.0,
        0.0,
        1.0
      ]
    ],
    "location": [
      -62.44261627563981,
      -2.3947928251855046,
      2.4317900972577817
    ],
    "rotation": [
      -0.007532744152828354,
      0.010632858237694958,
      0.1359613708741693
    ]
  },
  {
    "label_id": "_U7I_-9YDsN0M7ODAPdyuw",
    "size": [
      0.7754214499114838,
      0.861130270595639,
      1.9200000000000017
    ],
    "obj_class": "pedestrian",
    "point_num_in_lidar": 42,
    "speed": 0.7252835772441719,
    "if_vehicle": false,
    "motion_state": false,
    "pose": [
      [
        0.13575725362809762,
        0.9906964552491088,
        0.009513235212432363,
        -24.040593432539254
      ],
      [
        -0.9907135084335001,
        0.13567408629297356,
        0.00890429761137266,
        -32.96823406049589
      ],
      [
        0.007530756584933097,
        -0.010633713623069162,
        0.9999151023161122,
        1.1263064403747407
      ],
      [
        0.0,
        0.0,
        0.0,
        1.0
      ]
    ],
    "location": [
      -24.040593432539254,
      -32.96823406049589,
      1.1263064403747407
    ],
    "rotation": [
      -0.010634215597022784,
      -0.0075308277678309155,
      -1.4346146888912408
    ]
  },
  {
    "label_id": "c-K_TWAdXWEbtMF7qkoFYQ",
    "size": [
      0.7542958003227337,
      0.7512470854056542,
      1.6999999999999993
    ],
    "obj_class": "pedestrian",
    "point_num_in_lidar": 196,
    "speed": 0.04062198313940135,
    "if_vehicle": false,
    "motion_state": false,
    "pose": [
      [
        0.9708059930935657,
        -0.23967732919366527,
        0.009513235212432363,
        -49.77569539299361
      ],
      [
        0.2395964293224759,
        0.9708317385314347,
        0.00890429761137266,
        3.313674643592094
      ],
      [
