[
  {
    "label_id": "08izZfFATo8NaNCOSiMccQ",
    "size": [
      0.8599354084562386,
      1.2837768931797942,
      1.9100000000000001
    ],
    "obj_class": "pedestrian",
    "point_num_in_lidar": 198,
    "speed": 3.6299443903390567,
    "if_vehicle": false,
    "motion_state": true,
    "pose": [
      [
        0.9991934086320708,
        0.0380488998786805,
        0.01283796573627188,
        -46.33438071107446
      ],
      [
        -0.03806465095190073,
        0.9992747933774324,
        0.0009847174211497364,
        -17.89859783331667
      ],
      [
        -0.012791188143933523,
        -0.0014725958412616382,
        0.9999171050478909,
        2.097076397878997
      ],
      [
        0.0,
        0.0,
        0.0,
        1.0
      ]
    ],
    "location": [
      -46.33438071107446,
      -17.89859783331667,
      2.097076397878997
    ],
    "rotation": [
      -0.0014727168574196264,
      0.01279153697358017,
      -0.03807696564654766
    ]
  },
  {
    "label_id": "1zMPVmoaMduqtYee4942sw",
    "size": [
      0.8132070008222284,
      0.9549234822147807,
      1.6400000000000006
    ],
    "obj_class": "pedestrian",
    "point_num_in_lidar": 232,
    "speed": 1.7690819944506662,
    "if_vehicle": false,
    "motion_state": true,
    "pose": [
      [
        0.9874763956383742,
        -0.1572436157457582,
        0.01283796573627188,
        -56.733977853680585
      ],
      [
        0.15724401351063033,
        0.987559289636156,
        0.0009847174211497364,
        -19.0099572932686
      ],
      [
        -0.012833092850675394,
        0.0010463080479240882,
        0.9999171050478909,
        2.2197520376092577
      ],
      [
        0.0,
        0.0,
        0.0,
        1.0
      ]
    ],
    "location": [
      -56.733977853680585,
      -19.0099572932686,
      2.2197520376092577
    ],
    "rotation": [
      0.001046394406856355,
      0.012833445120097185,
      0.15791243843653296
    ]
  },
  {
    "label_id": "3d5h6MqHU-xw9T8tTj93KA",
    "size": [
      0.65166609215622,
      0.8010088737933407,
      1.4199999999999982
    ],
    "obj_class": "pedestrian",
    "point_num_in_lidar": 306,
    "speed": 1.2234338341645012,
    "if_vehicle": false,
    "motion_state": true,
    "pose": [
      [
        0.9784599850254089,
        -0.20603699750246582,
        0.01283796573627188,
        -65.88868075102198
      ],
      [
        0.20604150700473928,
        0.9785427572277138,
        0.0009847174211497364,
        -3.2042171772973234
      ],
      [
        -0.012765386609608466,
        0.001681647214024235,
        0.9999171050478909,
        2.2419722511916333
      ],
      [
        0.0,
        0.0,
        0.0,
        1.0
      ]
    ],
    "location": [
      -65.88868075102198,
      -3.2042171772973234,
      2.2419722511916333
    ],
    "rotation": [
      0.0016817850400567798,
      0.012765733332499422,
      0.20754509059144371
    ]
  },
  {
    "label_id": "42zkZFUhYm9DrYMPgBIysg",
    "size": [
      0.8246506285803247,
      0.8379667180029862,
      1.9499999999999993
    ],
    "obj_class": "pedestrian",
    "point_num_in_lidar": 154,
    "speed": 0.8717731725107088,
    "if_vehicle": false,
    "motion_state": false,
    "pose": [
      [
        -0.37665707081030886,
        -0.9262638056430536,
        0.01283796573627188,
        -48.53899078065456
      ],
      [
        0.9263444586074154,
        -0.3766762195028175,
        0.0009847174211497364,
        -16.337931780559302
      ],
      [
        0.0039236482936484286,
        0.012263279199013466,
        0.9999171050478909,
        2.0524689978717277
      ],
      [
        0.0,
        0.0,
        0.0,
        1.0
      ]
    ],
    "location": [
      -48.53899078065456,
      -16.337931780559302,
      2.0524689978717277
    ],
    "rotation": [
      0.012263680999734607,
      -0.003923658361156173,
      1.9569843938964138
    ]
  },
  {
    "label_id": "4ieIaDhGopv8IzBazdrVAg",
    "size": [
      2.0401336153701686,
      4.863289663388457,
      1.5500000000000007
    ],
    "obj_class": "vehicle",
    "point_num_in_lidar": 126,
    "speed": 0.027717925306496364,
    "if_vehicle": true,
    "motion_state": false,
    "pose": [
      [
        0.9847079433363429,
        -0.17373961254148076,
        0.01283796573627188,
        -20.588625096167448
      ],
      [
        0.17374139685887252,
        0.984790819082473,
        0.0009847174211497364,
        0.30262242027311004
      ],
      [
        -0.01281379521598931,
        0.0012608270332983961,
        0.9999171050478909,
        1.4791600473203488
      ],
      [
        0.0,
        0.0,
        0.0,
        1.0
      ]
    ],
    "location": [
      -20.588625096167448,
      0.30262242027311004,
      1.4791600473203488
    ],
    "rotation": [
      0.0012609308898881247,
      0.01281414589855665,
      0.17464206891163492
    ]
  },
  {
    "label_id": "5_8SCmp05AepT5qREHEGCg",
    "size": [
      0.9905850335482776,
      0.9725125636682508,
      1.7300000000000004
    ],
    "obj_class": "pedestrian",
    "point_num_in_lidar": 113,
    "speed": 1.580810691693123,
    "if_vehicle": false,
    "motion_state": true,
    "pose": [
      [
        0.9950619242146334,
        -0.09842232274248446,
        0.01283796573627188,
        -38.10653231883043
      ],
      [
        0.09841780525583847,
        0.9951446959815564,
        0.0009847174211497364,
        2.919770874252208
      ],
      [
        -0.012872551685478465,
        0.00028362959981660495,
        0.9999171050478909,
        2.01698753636186
      ],
      [
        0.0,
        0.0,
        0.0,
        1.0
      ]
    ],
    "location": [
      -38.10653231883043,
      2.919770874252208,
      2.01698753636186
    ],
    "rotation": [
      0.00028365310562035163,
      0.012872907214508577,
      0.0985855768343481
    ]
  },
  {
    "label_id": "5qjHxdW2h3jFXIpQs6y-2Q",
    "size": [
      2.107334655212771,
      4.046644760548517,
      2.0700000000000003
    ],
    "obj_class": "vehicle",
    "point_num_in_lidar": 23,
    "speed": 11.124736244145891,
    "if_vehicle": true,
    "motion_state": true,
    "pose": [
      [
        0.9905898344663548,
        -0.13626065641876983,
        0.01283796573627188,
        -5.917613131132839
      ],
      [
        0.13625929564372816,
        0.9906727182487036,
        0.0009847174211497364,
        -3.3554831415294757
      ],
      [
        -0.012852400654929045,
        0.000773841101509869,
        0.9999171050478909,
        1.2859131133052557
      ],
      [
        0.0,
        0.0,
        0.0,
        1.0
      ]
    ],
    "location": [
      -5.917613131132839,
      -3.3554831415294757,
      1.2859131133052557
    ],
    "rotation": [
      0.0007739050998440657,
      0.012852754516825523,
      0.13669586442441556
    ]
  },
  {
    "label_id": "5t8pkk_JnoYw1nKx095DbQ",
    "size": [
      0.7978681582654704,
      0.9549442125635543,
      1.6799999999999997
    ],
    "obj_class": "pedestrian",
    "point_num_in_lidar": 100,
    "speed": 1.531027938065989,
    "if_vehicle": false,
    "motion_state": true,
    "pose": [
      [
        -0.9975837035311331,
        0.06827840862866379,
        0.01283796573627188,
        -39.6466721826223
      ],
      [
        -0.06827138950838503,
        -0.9976663007770659,
        0.0009847174211497364,
        -16.574620130581025
      ],
      [
        0.012875240724074115,
        0.00010587229264586211,
        0.9999171050478909,
        1.956115600067939
      ],
      [
        0.0,
        0.0,
        0.0,
        1.0
      ]
    ],
    "location": [
      -39.6466721826223,
      -16.574620130581025,
      1.956115600067939
    ],
    "rotation": [
      0.00010588106925638966,
      -0.012875596475968799,
      -3.073262444563283
    ]
  },
  {
    "label_id": "6k1Fgl9ysuxlrOUgJkRAwQ",
    "size": [
      0.43978770241011345,
      0.0907517669424712,
      0.620000000000001
    ],
    "obj_class": "sign",
    "point_num_in_lidar": 22,
    "speed": 0.01961231311166767,
    "if_vehicle": false,
    "motion_state": false,
    "pose": [
      [
        -0.9993910157765905,
        -0.03244663650964505,
        0.01283796573627188,
        -24.237355609518886
      ],
      [
        0.032461931077211244,
        -0.9994724875464751,
        0.0009847174211497364,
        1.4512125968667533
      ],
      [
        0.012799242781239312,
        0.0014008629026781973,
        0.9999171050478909,
        3.8712376256082486
      ],
      [
        0.0,
        0.0,
        0.0,
        1.0
      ]
    ],
    "location": [
      -24.237355609518886,
      1.4512125968667533,
      3.8712376256082486
    ],
    "rotation": [
      0.0014009781201825145,
      -0.012799592270309648,
      3.1091223578389022
    ]
  },
  {
    "label_id": "73DbqBTixcev79gSfQli1Q",
    "size": [
      1.0055937722536388,
      0.9917054885455836,
      1.9800000000000004
    ],
    "obj_class": "pedestrian",
    "point_num_in_lidar": 95,
    "speed": 0.5742327753684634,
    "if_vehicle": false,
    "motion_state": false,
    "pose": [
      [
        0.19442677671732359,
        -0.980833021024,
        0.01283796573627188,
        -47.83932337161036
      ],
      [
        0.9809109242488419,
        0.1944551079835217,
        0.0009847174211497364,
        -21.213343108958725
      ],
      [
        -0.003462251376576759,
        0.012401445401669877,
        0.9999171050478909,
        2.1303200201749135
      ],
      [
        0.0,
        0.0,
        0.0,
        1.0
      ]
    ],
    "location": [
      -47.83932337161036,
      -21.213343108958725,
      2.1303200201749135
    ],
    "rotation": [
      0.012401837641066393,
      0.003462258293721799,
      1.3751220974046647
    ]
  },
  {
    "label_id": "8bOLWx11Kp9fHLqHd13oAw",
    "size": [
      0.9103511528312773,
      0.9856897121378135,
      1.8299999999999983
    ],
    "obj_class": "pedestrian",
    "point_num_in_lidar": 97,
    "speed": 1.2298309474928342,
    "if_vehicle": false,
    "motion_state": true,
    "pose": [
      [
        0.9927147791687019,
        -0.1198021446209953,
        0.01283796573627188,
        -35.83584950649288
      ],
      [
        0.11979940850106675,
        0.992797628952847,
        0.0009847174211497364,
        4.878986914216512
      ],
      [
        -0.012863473202448008,
        0.000560437164282099,
        0.9999171050478909,
        2.078678419489794
      ],
      [
        0.0,
        0.0,
        0.0,
        1.0
      ]
    ],
    "location": [
      -35.83584950649288,
      4.878986914216512,
      2.078678419489794
    ],
    "rotation": [
      0.0005604835668549449,
      0.012863827979751045,
      0.12009781800083809
    ]
  },
  {
    "label_id": "9MJNWkZklOdq7gQT2jjjrg",
    "size": [
      2.143984999601151,
      4.745664128628958,
      1.8900000000000006
    ],
    "obj_class": "vehicle",
    "point_num_in_lidar": 221,
    "speed": 0.009689795280790328,
    "if_vehicle": true,
    "motion_state": false,
    "pose": [
      [
        -0.19946358889728824,
        -0.9798211384431181,
        0.01283796573627188,
        -39.233658499582475
      ],
      [
        0.9799039390541219,
        -0.19946754261737967,
        0.0009847174211497364,
        14.907596189348624
      ],
      [
        0.0015959105329845654,
        0.012776388465286875,
        0.9999171050478909,
        2.6506421956779107
      ],
      [
        0.0,
        0.0,
        0.0,
        1.0
      ]
    ],
    "location": [
      -39.233658499582475,
      14.907596189348624,
      2.6506421956779107
    ],
    "rotation": [
      0.012776752357110073,
      -0.0015959112104308583,
      1.7716070650753308
    ]
  },
  {
    "label_id": "BCrQdAU9RIUuQhcH0qFoKw",
    "size": [
      0.7857085800690335,
      0.788238268240093,
      1.7100000000000009
    ],
    "obj_class": "pedestrian",
    "point_num_in_lidar": 158,
    "speed": 1.1279285472095628,
    "if_vehicle": false,
    "motion_state": true,
    "pose": [
      [
        -0.8328559106581279,
        -0.5533409606360034,
        0.01283796573627188,
        -49.173132398541156
      ],
      [
        0.5533968274280896,
        -0.8329171517768893,
        0.0009847174211497364,
        -19.62865880914069
      ],
      [
        0.010148077371890867,
        0.007924617233615965,
        0.9999171050478909,
        2.0641571862162316
      ],
      [
        0.0,
        0.0,
        0.0,
        1.0
      ]
    ],
    "location": [
      -49.173132398541156,
      -19.62865880914069,
      2.0641571862162316
    ],
    "rotation": [
      0.00792510827634617,
      -0.01014825156067429,
      2.555121473420707
    ]
  },
  {
    "label_id": "DFFZT9hbqKnRJi5XKB72zQ",
    "size": [
      1.9835447554659238,
      4.6246996539475065,
      1.5199999999999996
    ],
    "obj_class": "vehicle",
    "point_num_in_lidar": 302,
    "speed": 5.94172999636913,
    "if_vehicle": true,
    "motion_state": true,
    "pose": [
      [
        0.062375064368041654,
        -0.9979702089645949,
        0.01283796573627188,
        -43.434467705678344
      ],
      [
        0.9980511859144315,
        0.06239279306456193,
        0.0009847174211497364,
        10.914216288634634
      ],
      [
        -0.0017837151901090272,
        0.012751525115286443,
        0.9999171050478909,
        2.386582983198675
      ],
      [
        0.0,
        0.0,
        0.0,
        1.0
      ]
    ],
    "location": [
      -43.434467705678344,
      10.914216288634634,
      2.386582983198675
    ],
    "rotation": [
      0.012751890996943262,
      0.001783716135966945,
      1.508380645450844
    ]
  },
  {
    "label_id": "F5yeP9X05QiAK9kFJj2XZA",
    "size": [
      2.338643937574265,
      5.031358297402567,
      1.9699999999999989
    ],
    "obj_class": "vehicle",
    "point_num_in_lidar": 143,
    "speed": 5.695433295429594e-13,
    "if_vehicle": true,
    "motion_state": false,
    "pose": [
      [
        0.18053516326640792,
        0.9834847438878377,
        0.01283796573627188,
        -43.114351477745345
      ],
      [
        -0.983567605336834,
        0.18053751982224148,
        0.0009847174211497364,
        -24.706327424071787
      ],
      [
        -0.001349279932848101,
        -0.012804783337019803,
        0.9999171050478909,
        1.5936588559609248
      ],
      [
        0.0,
        0.0,
        0.0,
        1.0
      ]
    ],
    "location": [
      -43.114351477745345,
      -24.706327424071787,
      1.5936588559609248
    ],
    "rotation": [
      -0.012805144937057394,
      0.001349280342255125,
      -1.3892656319165788
    ]
  },
  {
    "label_id": "FAbdLuj3G3T6YouuEbngoQ",
    "size": [
      0.7784324660404194,
      0.802978868545074,
      1.8099999999999987
    ],
    "obj_class": "pedestrian",
    "point_num_in_lidar": 408,
    "speed": 1.2050670757183355,
    "if_vehicle": false,
    "motion_state": true,
    "pose": [
      [
        0.9758960214697681,
        -0.2178580774615265,
        0.01283796573627188,
        -65.79356145740394
      ],
      [
        0.21786358790590232,
        0.9759787330656173,
        0.0009847174211497364,
        -2.4660761022169027
      ],
      [
        -0.01274411017864099,
        0.0018359434631452331,
        0.9999171050478909,
        2.4073317525337607
      ],
      [
        0.0,
        0.0,
        0.0,
        1.0
      ]
    ],
    "location": [
      -65.79356145740394,
      -2.4660761022169027,
      2.4073317525337607
    ],
    "rotation": [
      0.001836093602900875,
      0.012744455170657091,
      0.21964306981422757
    ]
  },
  {
    "label_id": "G8kucBZ9BZFgHAyYWC4yDg",
    "size": [
      0.6424448436465833,
      0.7737368046697366,
      1.9600000000000009
    ],
    "obj_class": "pedestrian",
    "point_num_in_lidar": 34,
    "speed": 1.1831770353233615,
    "if_vehicle": false,
    "motion_state": true,
    "pose": [
      [
        0.9957722593690013,
        -0.09095490150018708,
        0.01283796573627188,
        -5.766290367317879
      ],
      [
        0.09094976321204123,
        0.9958549949180724,
        0.0009847174211497364,
        -13.60646363525484
      ],
      [
        -0.012874317179099615,
        0.00018705565253993663,
        0.9999171050478909,
        1.324979797711464
      ],
      [
        0.0,
        0.0,
        0.0,
        1.0
      ]
    ],
    "location": [
      -5.766290367317879,
      -13.60646363525484,
      1.324979797711464
    ],
    "rotation": [
      0.0001870711576125452,
      0.012874672854441405,
      0.09108318921788115
    ]
  },
  {
    "label_id": "HBbQKTfTGeE6i4ifq3lw6Q",
    "size": [
      0.7811786591794451,
      0.79152006098855,
      1.6699999999999982
    ],
    "obj_class": "pedestrian",
    "point_num_in_lidar": 59,
    "speed": 0.06570078655271921,
    "if_vehicle": false,
    "motion_state": false,
    "pose": [
      [
        -0.9697803457274785,
        0.24364167885738822,
        0.01283796573627188,
        -48.3760935855629
      ],
      [
        -0.24364937912731907,
        -0.969862882258349,
        0.0009847174211497364,
        3.398145432893216
      ],
      [
        0.012690984657003615,
        -0.0021730027797739774,
        0.9999171050478909,
        2.149804288031767
      ],
      [
        0.0,
        0.0,
        0.0,
        1.0
      ]
    ],
    "location": [
      -48.3760935855629,
      3.398145432893216,
      2.149804288031767
    ],
    "rotation": [
      -0.002173179504563812,
      -0.01269132535233725,
      -2.8954455605725324
    ]
  },
  {
    "label_id": "J5q7gsPFfQ6QsKXpHpk9iQ",
    "size": [
      0.9988912744208753,
      0.9331657411694734,
      1.6799999999999997
    ],
    "obj_class": "pedestrian",
    "point_num_in_lidar": 75,
    "speed": 1.2155922981829421,
    "if_vehicle": false,
    "motion_state": true,
    "pose": [
      [
        0.9752266678143132,
        -0.22083508104362784,
        0.01283796573627188,
        -54.249964843204225
      ],
      [
        0.22084084386281871,
        0.9753093622095291,
        0.0009847174211497364,
        -0.8058004880404042
      ],
      [
        -0.01273844832581579,
        0.0018748244973136742,
        0.9999171050478909,
        2.224597728856832
      ],
      [
        0.0,
        0.0,
        0.0,
        1.0
      ]
    ],
    "location": [
      -54.249964843204225,
      -0.8058004880404042,
      2.224597728856832
    ],
    "rotation": [
      0.0018749777264942431,
      0.012738792858202768,
      0.2226948900160228
    ]
  },
  {
    "label_id": "JaO8P9RbFevS8CHXx_wjlQ",
    "size": [
      1.2514340385635416,
      0.9427540908313997,
      1.6999999999999993
    ],
    "obj_class": "pedestrian",
    "point_num_in_lidar": 129,
    "speed": 1.1559471834222734,
    "if_vehicle": false,
    "motion_state": true,
    "pose": [
      [
        -0.9718044123147985,
        -0.23543867745390387,
        0.01283796573627188,
        -35.16856783845492
      ],
      [
        0.23547025474729635,
        -0.9718810572600145,
        0.0009847174211497364,
        -17.006983499208218
      ],
      [
        0.012245135145534443,
        0.003979911797113566,
        0.9999171050478909,
        1.9686798496260067
      ],
      [
        0.0,
        0.0,
        0.0,
        1.0
      ]
    ],
    "location": [
      -35.16856783845492,
      -17.006983499208218,
      1.9686798496260067
    ],
    "rotation": [
      0.003980220720501555,
      -0.012245441178917337,
      2.9038720872594896
    ]
  },
  {
    "label_id": "Jc8zsPXiAsLWPw7ILYVKKw",
    "size": [
      0.8520086459819147,
      0.7883763695938778,
      1.8500000000000014
    ],
    "obj_class": "pedestrian",
    "point_num_in_lidar": 80,
    "speed": 0.011937286653218714,
    "if_vehicle": false,
    "motion_state": false,
    "pose": [
      [
        0.07276512579028248,
        0.9972664754740724,
        0.01283796573627188,
        -33.013804842426225
      ],
      [
        -0.9973491034582923,
        0.07275847828632029,
        0.0009847174211497364,
        0.3184942511797999
      ],
      [
        4.795482066485397e-05,
        -0.01287558670431688,
        0.9999171050478909,
        1.9835177469450223
      ],
      [
        0.0,
        0.0,
        0.0,
        1.0
      ]
    ],
    "location": [
      -33.013804842426225,
      0.3184942511797999,
      1.9835177469450223
    ],
    "rotation": [
      -0.012875942499698784,
      -4.795482068323397e-05,
      -1.497966835085905
    ]
  },
  {
    "label_id": "Jen578WRszpN8G3K2BI_Yg",
    "size": [
      0.775421449910157,
      0.861130270595639,
      1.8699999999999974
    ],
    "obj_class": "pedestrian",
    "point_num_in_lidar": 26,
    "speed": 1.2965334346656316,
    "if_vehicle": false,
    "motion_state": true,
    "pose": [
      [
        0.9968585554178467,
        -0.07815501983876744,
        0.01283796573627188,
        -0.09315028735954911
      ],
      [
        0.07814881909683057,
        0.9969412181294197,
        0.0009847174211497364,
        -13.31911778137146
      ],
      [
        -0.012875657809008179,
        2.164787595310691e-05,
        0.9999171050478909,
        1.0149797977114474
      ],
      [
        0.0,
        0.0,
        0.0,
        1.0
      ]
    ],
    "location": [
      -0.09315028735954911,
      -13.31911778137146,
      1.0149797977114474
    ],
    "rotation": [
      2.1649670598132138e-05,
      0.012876013595478747,
      0.07823508261596762
    ]
  },
  {
    "label_id": "Nw1AVxmvyVFj7svJBoV1Cw",
    "size": [
      0.7764260929757356,
      0.8406976919930116,
      1.6999999999999993
    ],
    "obj_class": "pedestrian",
    "point_num_in_lidar": 51,
    "speed": 0.06802350252641125,
    "if_vehicle": false,
    "motion_state": false,
    "pose": [
      [
        0.9707699180272396,
        -0.23966842280354958,
        0.01283796573627188,
        -49.98953973967423
      ],
      [
        0.23967578502499468,
        0.9708524853984012,
        0.0009847174211497364,
        4.10431354298089
      ],
      [
        -0.01269977661375321,
        0.0021210154657554225,
        0.9999171050478909,
        2.198172906872209
      ],
      [
        0.0,
        0.0,
        0.0,
        1.0
      ]
    ],
    "location": [
      -49.98953973967423,
      4.10431354298089,
      2.198172906872209
    ],
    "rotation": [
      0.002121188120415526,
      0.012700118017684186,
      0.24205179938345428
    ]
  },
  {
    "label_id": "OBSWm8PNaPcSVzPQrsJPEw",
    "size": [
      0.7562119436523165,
      0.8606054481484527,
      1.7899999999999991
    ],
    "obj_class": "pedestrian",
    "point_num_in_lidar": 53,
    "speed": 1.0980389014404894,
    "if_vehicle": false,
    "motion_state": true,
    "pose": [
      [
        -0.2026267320717762,
        -0.9791718920014335,
        0.01283796573627188,
        -37.377344047560314
      ],
      [
        0.979254679412748,
        -0.20263095316322344,
        0.0009847174211497364,
        24.873829292904702
      ],
      [
        0.0016371616134636152,
        0.012771168094446483,
        0.9999171050478909,
        3.426336692825082
      ],
      [
        0.0,
        0.0,
        0.0,
        1.0
      ]
    ],
    "location": [
      -37.377344047560314,
      24.873829292904702,
      3.426336692825082
    ],
    "rotation": [
      0.012771532405369108,
      -0.0016371623448113708,
      1.7748361592412414
    ]
  },
  {
    "label_id": "OQlhKA2gf7QxBoRjwYYG8g",
    "size": [
      0.8252768973499879,
      1.0533712119678817,
      1.7899999999999991
    ],
    "obj_class": "pedestrian",
    "point_num_in_lidar": 68,
    "speed": 1.5448104470004194,
    "if_vehicle": false,
    "motion_state": true,
    "pose": [
      [
        0.991070307944562,
        0.1327208775830895,
        0.01283796573627188,
        -31.116077330861458
      ],
      [
        -0.13274428260551172,
        0.9911498301302122,
        0.0009847174211497364,
        -15.678309839770009
      ],
      [
        -0.01259365499841701,
        -0.0026800907495927954,
        0.9999171050478909,
        1.8528190680874843
      ],
      [
        0.0,
        0.0,
        0.0,
        1.0
      ]
    ],
    "location": [
      -31.116077330861458,
      -15.678309839770009,
      1.8528190680874843
    ],
    "rotation": [
      -0.0026803065155075506,
      0.012593987914765183,
      -0.13314787742908485
    ]
  },
  {
    "label_id": "P8be1mBpNNUndtHnp5yJsA",
    "size": [
      0.9597539979953665,
      1.2346786865784796,
      2.009999999999998
    ],
    "obj_class": "pedestrian",
    "point_num_in_lidar": 74,
    "speed": 1.9051934206716175,
    "if_vehicle": false,
    "motion_state": true,
    "pose": [
      [
        0.9907900682574093,
        -0.13479698541967713,
        0.01283796573627188,
        -27.478226393016143
      ],
      [
        0.13479550219154016,
        0.9908729499388561,
        0.0009847174211497364,
        -18.356362752047062
      ],
      [
        -0.0128535299201749,
        0.0007548517976233465,
        0.9999171050478909,
        1.8491571862161607
      ],
      [
        0.0,
        0.0,
        0.0,
        1.0
      ]
    ],
    "location": [
      -27.478226393016143,
      -18.356362752047062,
      1.8491571862161607
    ],
    "rotation": [
      0.0007549142328069688,
      0.012853883875359521,
      0.13521831716914767
    ]
  },
  {
    "label_id": "Q5PhKXgruUST0xy6Tmhvuw",
    "size": [
      2.1945859371534113,
      3.7584377944850687,
      1.759999999999998
    ],
    "obj_class": "vehicle",
    "point_num_in_lidar": 387,
    "speed": 7.081688584444224,
    "if_vehicle": true,
    "motion_state": true,
    "pose": [
      [
        0.9884211462750465,
        -0.15119134972635634,
        0.01283796573627188,
        -43.913958543124295
      ],
      [
        0.15119123967219208,
        0.9885040411540997,
        0.0009847174211497364,
        -6.31554163167857
      ],
      [
        -0.012839261766505307,
        0.0009676724323662417,
        0.9999171050478909,
        2.1379055810978507
      ],
      [
        0.0,
        0.0,
        0.0,
        1.0
      ]
    ],
    "location": [
      -43.913958543124295,
      -6.31554163167857,
      2.1379055810978507
    ],
    "rotation": [
      0.0009677523520616319,
      0.012839614544208178,
      0.1517858629804268
    ]
  },
  {
    "label_id": "QR38KjHlelQRM2AqNMRE0g",
    "size": [
      0.8708842456756869,
      0.7957859262826162,
      1.7100000000000009
    ],
    "obj_class": "pedestrian",
    "point_num_in_lidar": 270,
    "speed": 1.3894701565439156,
    "if_vehicle": false,
    "motion_state": true,
    "pose": [
      [
        0.9889164162738159,
        -0.14791723449249314,
        0.01283796573627188,
        -63.964180988205044
      ],
      [
        0.14791684992167511,
        0.9889993103338591,
        0.0009847174211497364,
        -1.7746243884303112
      ],
      [
        -0.012842395936955653,
        0.0009251482279459439,
        0.9999171050478909,
        2.3917901557020294
      ],
      [
        0.0,
        0.0,
        0.0,
        1.0
      ]
    ],
    "location": [
      -63.964180988205044,
      -1.7746243884303112,
      2.3917901557020294
    ],
    "rotation": [
      0.0009252246604116735,
      0.012842748973082284,
      0.14847395428088864
    ]
  },
  {
    "label_id": "RuyQ2rgW8uyRGQXvZRykig",
    "size": [
      0.8520086459826433,
      0.7883763695938778,
      1.7399999999999984
    ],
    "obj_class": "pedestrian",
    "point_num_in_lidar": 64,
    "speed": 0.044362943328402876,
    "if_vehicle": false,
    "motion_state": false,
    "pose": [
      [
        -0.3126662682286895,
        0.9497762848943427,
        0.01283796573627188,
        -32.29299409173814
      ],
      [
        -0.9498501485786237,
        -0.3127038944061407,
        0.0009847174211497364,
        0.08430121663332102
      ],
      [
        0.00494974313591515,
        -0.01188625574071446,
        0.9999171050478909,
        1.8961949078149587
      ],
      [
        0.0,
        0.0,
        0.0,
        1.0
      ]
    ],
    "location": [
      -32.29299409173814,
      0.08430121663332102,
      1.8961949078149587
    ],
    "rotation": [
      -0.011886681265645857,
      -0.00494976334755374,
      -1.8887991025042694
    ]
  },
  {
    "label_id": "SZT8wbUgy2ZsQ08TFaws3Q",
    "size": [
      2.175532474034526,
      4.653172966271873,
      1.8000000000000007
    ],
    "obj_class": "vehicle",
    "point_num_in_lidar": 776,
    "speed": 6.667635812470585,
    "if_vehicle": true,
    "motion_state": true,
    "pose": [
      [
        0.9999136847981783,
        0.0027945642028102164,
        0.01283796573627188,
        -46.883091789854234
      ],
      [
        -0.0028074359278404443,
        0.9999955743077623,
        0.0009847174211497364,
        -11.678531889929218
      ],
      [
        -0.012835157063331546,
        -0.0010206741913151868,
        0.9999171050478909,
        2.003435834942426
      ],
      [
        0.0,
        0.0,
        0.0,
        1.0
      ]
    ],
    "location": [
      -46.883091789854234,
      -11.678531889929218,
      2.003435834942426
    ],
    "rotation": [
      -0.001020758452541785,
      0.01283550950277749,
      -0.0028076708954959152
    ]
  },
  {
    "label_id": "TXMWKgpsOY75H154LCp75g",
    "size": [
      2.618299672678017,
      6.262179096259549,
      2.9199999999999946
    ],
    "obj_class": "vehicle",
    "point_num_in_lidar": 148,
    "speed": 0.02250571151621253,
    "if_vehicle": true,
    "motion_state": false,
    "pose": [
      [
        0.9808530690489892,
        -0.19432561224124134,
        0.01283796573627188,
        -8.534067273134951
      ],
      [
        0.19432913194948473,
        0.9809358892442258,
        0.0009847174211497364,
        2.0749499092562473
      ],
      [
        -0.012784577151346298,
        0.0015289276328462173,
        0.9999171050478909,
        1.7815467802246872
      ],
      [
        0.0,
        0.0,
        0.0,
        1.0
      ]
    ],
    "location": [
      -8.534067273134951,
      2.0749499092562473,
      1.7815467802246872
    ],
    "rotation": [
      0.0015290531920910263,
      0.012784925440379008,
      0.19558968975493962
    ]
  },
  {
    "label_id": "WLoeAc0DhdudwO48POEAkg",
    "size": [
      0.7991696349860639,
      0.9996157537304644,
      1.8200000000000003
    ],
    "obj_class": "pedestrian",
    "point_num_in_lidar": 27,
    "speed": 1.1936429329650766,
    "if_vehicle": false,
    "motion_state": true,
    "pose": [
      [
        -0.8854487865628304,
        -0.4645596119016005,
        0.01283796573627188,
        -14.62977016992329
      ],
      [
        0.46460886964427395,
        -0.8855154592549305,
        0.0009847174211497364,
        -27.364322069737682
      ],
      [
        0.010910757181851789,
        0.006836549594925511,
        0.9999171050478909,
        1.6209752755484956
      ],
      [
        0.0,
        0.0,
        0.0,
        1.0
      ]
    ],
    "location": [
      -14.62977016992329,
      -27.364322069737682,
      1.6209752755484956
    ],
    "rotation": [
      0.006837009824034598,
      -0.010910973671277264,
      2.6583685582836774
    ]
  },
  {
    "label_id": "WM02HP9oou4H6DzObgNI5A",
    "size": [
      0.7031396390512443,
      0.7449503725873117,
      1.8900000000000006
    ],
    "obj_class": "pedestrian",
    "point_num_in_lidar": 28,
    "speed": 1.1343449846458242,
    "if_vehicle": false,
    "motion_state": true,
    "pose": [
      [
        0.9902550985268025,
        -0.13867237099518773,
        0.01283796573627188,
        -6.060235330182422
      ],
      [
        0.13867121204889302,
        0.9903379853769577,
        0.0009847174211497364,
        -14.210190130475894
      ],
      [
        -0.012850478223149006,
        0.0008051348219892897,
        0.9999171050478909,
        1.3249797977114568
      ],
      [
        0.0,
        0.0,
        0.0,
        1.0
      ]
    ],
    "location": [
      -6.060235330182422,
      -14.210190130475894,
      1.3249797977114568
    ],
    "rotation": [
      0.0008052013951175061,
      0.012850831926271886,
      0.13913109978912816
    ]
  },
  {
    "label_id": "YMhXkGQuZfbdQkEv_iKJuA",
    "size": [
      0.7709200612267986,
      0.7850228933688645,
      1.9800000000000004
    ],
    "obj_class": "pedestrian",
    "point_num_in_lidar": 688,
    "speed": 1.3066193701235183,
    "if_vehicle": false,
    "motion_state": true,
    "pose": [
      [
        0.9892361354370837,
        -0.14576369569017647,
        0.01283796573627188,
        -63.79149844601159
      ],
      [
        0.1457631306333171,
        0.9893190284633036,
        0.0009847174211497364,
        -2.5502346182875044
      ],
      [
        -0.012844379840170962,
        0.0008971840204865111,
        0.9999171050478909,
        2.4517877756332602
      ],
      [
        0.0,
        0.0,
        0.0,
        1.0
      ]
    ],
    "location": [
      -63.79149844601159,
      -2.5502346182875044,
      2.4517877756332602
    ],
    "rotation": [
      0.0008972581578925546,
      0.012844733039942848,
      0.14629645316410567
    ]
  },
  {
    "label_id": "_U7I_-9YDsN0M7ODAPdyuw",
    "size": [
      0.7754214499126256,
      0.861130270595639,
      1.9200000000000017
    ],
    "obj_class": "pedestrian",
    "point_num_in_lidar": 50,
    "speed": 0.7456013099855375,
    "if_vehicle": false,
    "motion_state": false,
    "pose": [
      [
        0.22065692891619446,
        0.9752669923446747,
        0.01283796573627188,
        -24.15609191185706
      ],
      [
        -0.9753496877912275,
        0.22066267662918287,
        0.0009847174211497364,
        -32.224698267744316
      ],
      [
        -0.001872497484205384,
        -0.012738790594748431,
        0.9999171050478909,
        1.1263064403747194
      ],
      [
        0.0,
        0.0,
        0.0,
        1.0
      ]
    ],
    "location": [
      -24.15609191185706,
      -32.224698267744316,
      1.1263064403747194
    ],
    "rotation": [
      -0.012739157489452247,
      0.001872498578446838,
      -1.3483079804968858
    ]
  },
  {
    "label_id": "c-K_TWAdXWEbtMF7qkoFYQ",
    "size": [
      0.7542958003227347,
      0.7512470854056542,
      1.6999999999999993
    ],
    "obj_class": "pedestrian",
    "point_num_in_lidar": 84,
    "speed": 0.04062198313830338,
    "if_vehicle": false,
    "motion_state": false,
    "pose": [
      [
        0.9707699180269143,
        -0.23966842280486705,
        0.01283796573627188,
        -49.81093765497883
      ],
      [
        0.23967578502631223,
        0.970852485398076,
        0.0009847174211497364,
        3.29351929135737
      ],
      [
        -0.01269977661375033,
        0.002121015465772658,
        0.9999171050478909,
        2.1377398092941
      ],
      [
        0.0,
        0.0,
        0.0,
        1.0
      ]
    ],
    "location": [
      -49.81093765497883,
      3.29351929135737,
      2.1377398092941
    ],
    "rotation": [
      0.0021211881204327627,
      0.012700118017681306,
      0.2420517993848115
    ]
  },
  {
    "label_id": "c8pkr97KCPuiU6hRDvPTPQ",
    "size": [
      0.7542958003204578,
      0.7512470854056542,
      1.6999999999999993
    ],
    "obj_class": "pedestrian",
    "point_num_in_lidar": 89,
    "speed": 2.864289338439558e-13,
    "if_vehicle": false,
    "motion_state": false,
    "pose": [
      [
        -0.23359572129985343,
        -0.972249055348554,
        0.01283796573627188,
        -49.05623085346497
      ],
      [
        0.9723316671259284,
        -0.23360256727123743,
        0.0009847174211497364,
        3.06593984239953
      ],
      [
        0.002041591172035198,
        0.012712786403124789,
        0.9999171050478909,
        2.119529545781141
      ],
      [
        0.0,
        0.0,
        0.0,
        1.0
      ]
    ],
    "location": [
      -49.05623085346497,
      3.06593984239953,
      2.119529545781141
    ],
    "rotation": [
      0.01271315535366726,
      -0.0020415925902953517,
      1.806570909242804
    ]
  },
  {
    "label_id": "cL-4W0YVzpLc1qe6W9RJdQ",
    "size": [
      0.8876566171999247,
      0.811755056170917,
      1.8200000000000003
    ],
    "obj_class": "pedestrian",
    "point_num_in_lidar": 22,
    "speed": 1.98959896019249e-12,
    "if_vehicle": false,
    "motion_state": false,
    "pose": [
      [
        0.1678541850040661,
        0.985728238011053,
        0.01283796573627188,
        -19.581855356781148
      ],
      [
        -0.9858111229374031,
        0.16785547421665026,
        0.0009847174211497364,
        -21.842349969929273
      ],
      [
        -0.0011842590581503064,
        -0.012821098358892485,
        0.9999171050478909,
        1.668067226475685
      ],
      [
        0.0,
        0.0,
        0.0,
        1.0
      ]
    ],
    "location": [
      -19.581855356781148,
      -21.842349969929273,
      1.668067226475685
    ],
    "rotation": [
      -0.012821458632787575,
      0.0011842593349650193,
      -1.4021436418601978
    ]
  },
  {
    "label_id": "fxeWelWNimp4MRCqEsYphw",
    "size": [
      0.8124401710869711,
      0.9219532585151657,
      1.7800000000000011
    ],
    "obj_class": "pedestrian",
    "point_num_in_lidar": 127,
    "speed": 1.4681929976356647,
    "if_vehicle": false,
    "motion_state": true,
    "pose": [
      [
        -0.9975837035310583,
        0.06827840862975715,
        0.01283796573627188,
        -39.71709259251145
      ],
      [
        -0.06827138950947848,
        -0.9976663007769909,
        0.0009847174211497364,
        -17.293744753604187
      ],
      [
        0.012875240724074229,
        0.00010587229263175062,
        0.9999171050478909,
        1.9886848721541632
      ],
      [
        0.0,
        0.0,
        0.0,
        1.0
      ]
    ],
    "location": [
      -39.71709259251145,
      -17.293744753604187,
      1.9886848721541632
    ],
    "rotation": [
      0.00010588106924227699,
      -0.012875596475968913,
      -3.073262444562187
    ]
  },
  {
    "label_id": "heAkHabTm5FaDlTlph7IJA",
    "size": [
      0.8154775878972597,
      0.10907576020872345,
      1.0199999999999996
    ],
    "obj_class": "sign",
    "point_num_in_lidar": 374,
    "speed": 0.020553384337733696,
    "if_vehicle": false,
    "motion_state": false,
    "pose": [
      [
        -0.9819769855647135,
        0.18856401156369365,
        0.01283796573627188,
        -52.475303822808314
      ],
      [
        -0.18856704500232205,
        -0.9820598249957547,
        0.0009847174211497364,
        -15.858829918537594
      ],
      [
        0.012793332651453309,
        -0.0014538474178761715,
        0.9999171050478909,
        3.760095441770396
      ],
      [
        0.0,
        0.0,
        0.0,
        1.0
      ]
    ],
    "location": [
      -52.475303822808314,
      -15.858829918537594,
      3.760095441770396
    ],
    "rotation": [
      -0.0014539669199068097,
      -0.012793681656587164,
      -2.9518741282191163
    ]
  },
  {
    "label_id": "ivjxAlT3MnWJAeoZaN5ETg",
    "size": [
      0.7253230191467274,
      1.095294108187108,
      1.8299999999999983
    ],
    "obj_class": "pedestrian",
    "point_num_in_lidar": 65,
    "speed": 1.7911167946356497,
    "if_vehicle": false,
    "motion_state": true,
    "pose": [
      [
        0.9955866293775228,
        0.09296477849410034,
        0.01283796573627188,
        -32.233347265427255
      ],
      [
        -0.09298498332686851,
        0.995667024264288,
