[
  {
    "label_id": "08izZfFATo8NaNCOSiMccQ",
    "size": [
      0.8599354084575611,
      1.2837768931797942,
      1.9100000000000001
    ],
    "obj_class": "pedestrian",
    "point_num_in_lidar": 185,
    "speed": 3.5952791728848545,
    "if_vehicle": false,
    "motion_state": true,
    "pose": [
      [
        0.9980986230773181,
        -0.05839286831391079,
        0.01973351314986753,
        -47.81248357117238
      ],
      [
        0.05822586808620147,
        0.9982634543387309,
        0.008934428762531206,
        -17.893373501610768
      ],
      [
        -0.020220951925416033,
        -0.007768440112323274,
        0.9997653546915152,
        2.1410747711297056
      ],
      [
        0.0,
        0.0,
        0.0,
        1.0
      ]
    ],
    "location": [
      -47.81248357117238,
      -17.893373501610768,
      2.1410747711297056
    ],
    "rotation": [
      -0.007770106992121337,
      0.020222330192744803,
      0.0582707462280984
    ]
  },
  {
    "label_id": "1zMPVmoaMduqtYee4942sw",
    "size": [
      0.8132070008224723,
      0.9549234822147807,
      1.6400000000000006
    ],
    "obj_class": "pedestrian",
    "point_num_in_lidar": 92,
    "speed": 1.7910328031175669,
    "if_vehicle": false,
    "motion_state": true,
    "pose": [
      [
        0.9845977528999035,
        -0.17371774072680202,
        0.01973351314986753,
        -57.44393314155843
      ],
      [
        0.17357097708242747,
        0.9847808344486293,
        0.008934428762531206,
        -19.140392434810565
      ],
      [
        -0.020985254325641026,
        -0.005371653324341052,
        0.9997653546915152,
        2.229750876797013
      ],
      [
        0.0,
        0.0,
        0.0,
        1.0
      ]
    ],
    "location": [
      -57.44393314155843,
      -19.140392434810565,
      2.229750876797013
    ],
    "rotation": [
      -0.005372862352183213,
      0.020986794881816075,
      0.17449335488811454
    ]
  },
  {
    "label_id": "3d5h6MqHU-xw9T8tTj93KA",
    "size": [
      0.6516660921588185,
      0.8010088737933407,
      1.4199999999999982
    ],
    "obj_class": "pedestrian",
    "point_num_in_lidar": 299,
    "speed": 1.2659899572581654,
    "if_vehicle": false,
    "motion_state": true,
    "pose": [
      [
        0.9777643029521109,
        -0.20877633086951355,
        0.01973351314986753,
        -66.38241189955079
      ],
      [
        0.20863620048374953,
        0.9779525100077159,
        0.008934428762531206,
        -3.3103587463447184
      ],
      [
        -0.021163735971639532,
        -0.0046186403054871445,
        0.9997653546915152,
        2.2419722511916227
      ],
      [
        0.0,
        0.0,
        0.0,
        1.0
      ]
    ],
    "location": [
      -66.38241189955079,
      -3.3103587463447184,
      2.2419722511916227
    ],
    "rotation": [
      -0.004619691438050212,
      0.021165316176173805,
      0.2102280564185598
    ]
  },
  {
    "label_id": "42zkZFUhYm9DrYMPgBIysg",
    "size": [
      0.82465062858142,
      0.8379667180029862,
      1.9499999999999993
    ],
    "obj_class": "pedestrian",
    "point_num_in_lidar": 172,
    "speed": 0.926134446008802,
    "if_vehicle": false,
    "motion_state": false,
    "pose": [
      [
        -0.42372454131423765,
        -0.9055761158217475,
        0.01973351314986753,
        -48.35640306187099
      ],
      [
        0.905791058012162,
        -0.42363042290172614,
        0.008934428762531206,
        -16.708209547870865
      ],
      [
        0.00026891122515604695,
        0.02166017648362369,
        0.9997653546915152,
        2.077219960600093
      ],
      [
        0.0,
        0.0,
        0.0,
        1.0
      ]
    ],
    "location": [
      -48.35640306187099,
      -16.708209547870865,
      2.077219960600093
    ],
    "rotation": [
      0.021661871317760078,
      -0.000268911228397021,
      2.008349649055277
    ]
  },
  {
    "label_id": "4ieIaDhGopv8IzBazdrVAg",
    "size": [
      2.0401336153701695,
      4.863289663388457,
      1.5500000000000007
    ],
    "obj_class": "vehicle",
    "point_num_in_lidar": 131,
    "speed": 0.027717925306780508,
    "if_vehicle": true,
    "motion_state": false,
    "pose": [
      [
        0.9845973370916453,
        -0.17372009742918346,
        0.01973351314986753,
        -20.578977060763577
      ],
      [
        0.1735733342230277,
        0.9847804189916595,
        0.008934428762531206,
        0.30807410139641433
      ],
      [
        -0.020985267183004988,
        -0.005371603094666759,
        0.9997653546915152,
        1.4791600473203417
      ],
      [
        0.0,
        0.0,
        0.0,
        1.0
      ]
    ],
    "location": [
      -20.578977060763577,
      0.30807410139641433,
      1.4791600473203417
    ],
    "rotation": [
      -0.005372812112170321,
      0.020986807742012042,
      0.17449574894999823
    ]
  },
  {
    "label_id": "5_8SCmp05AepT5qREHEGCg",
    "size": [
      0.9905850335475191,
      0.9725125636682508,
      1.7300000000000004
    ],
    "obj_class": "pedestrian",
    "point_num_in_lidar": 99,
    "speed": 1.551650766880452,
    "if_vehicle": false,
    "motion_state": true,
    "pose": [
      [
        0.9930228418591737,
        -0.1162592964226712,
        0.01973351314986753,
        -38.72355650794111
      ],
      [
        0.11610215070064847,
        0.9931970935244278,
        0.008934428762531206,
        2.84303293211633
      ],
      [
        -0.020637978307344863,
        -0.006580988522577928,
        0.9997653546915152,
        2.0169875363618672
      ],
      [
        0.0,
        0.0,
        0.0,
        1.0
      ]
    ],
    "location": [
      -38.72355650794111,
      2.84303293211633,
      2.0169875363618672
    ],
    "rotation": [
      -0.006582438012402503,
      0.02063944363065196,
      0.11638948473854967
    ]
  },
  {
    "label_id": "5qjHxdW2h3jFXIpQs6y-2Q",
    "size": [
      2.1073346552138315,
      4.046644760548517,
      2.0700000000000003
    ],
    "obj_class": "vehicle",
    "point_num_in_lidar": 23,
    "speed": 11.016693860734646,
    "if_vehicle": true,
    "motion_state": true,
    "pose": [
      [
        0.98891926740916,
        -0.14713691245127486,
        0.01973351314986753,
        -10.25282530338859
      ],
      [
        0.14698527117669616,
        0.9890983298134722,
        0.008934428762531206,
        -4.0656920684850775
      ],
      [
        -0.020832969160520874,
        -0.00593489296495951,
        0.9997653546915152,
        1.445839932459819
      ],
      [
        0.0,
        0.0,
        0.0,
        1.0
      ]
    ],
    "location": [
      -10.25282530338859,
      -4.0656920684850775,
      1.445839932459819
    ],
    "rotation": [
      -0.005936216157504316,
      0.020834476416781017,
      0.14755200280036274
    ]
  },
  {
    "label_id": "5t8pkk_JnoYw1nKx095DbQ",
    "size": [
      0.7978681582683823,
      0.9549442125635543,
      1.6799999999999997
    ],
    "obj_class": "pedestrian",
    "point_num_in_lidar": 95,
    "speed": 1.3900097670907205,
    "if_vehicle": false,
    "motion_state": true,
    "pose": [
      [
        -0.997591872794656,
        0.0664909301545334,
        0.01973351314986753,
        -39.089248776739396
      ],
      [
        -0.06632527310035537,
        -0.9977580539042772,
        0.008934428762531206,
        -16.53014234445982
      ],
      [
        0.02028333015592641,
        0.007604082872669528,
        0.9997653546915152,
        1.9561156000679532
      ],
      [
        0.0,
        0.0,
        0.0,
        1.0
      ]
    ],
    "location": [
      -39.089248776739396,
      -16.53014234445982,
      1.9561156000679532
    ],
    "rotation": [
      0.007605720894393469,
      -0.02028472121939288,
      -3.0752049781409725
    ]
  },
  {
    "label_id": "8bOLWx11Kp9fHLqHd13oAw",
    "size": [
      0.910351152830647,
      0.9856897121378135,
      1.8299999999999983
    ],
    "obj_class": "pedestrian",
    "point_num_in_lidar": 110,
    "speed": 1.191756005859782,
    "if_vehicle": false,
    "motion_state": true,
    "pose": [
      [
        0.9824878264171443,
        -0.18527886927785195,
        0.01973351314986753,
        -36.29814830272824
      ],
      [
        0.1851342677439571,
        0.9826726204029478,
        0.008934428762531206,
        4.787063483210659
      ],
      [
        -0.021046943935501654,
        -0.005124617988161626,
        0.9997653546915152,
        2.078678419489787
      ],
      [
        0.0,
        0.0,
        0.0,
        1.0
      ]
    ],
    "location": [
      -36.29814830272824,
      4.787063483210659,
      2.078678419489787
    ],
    "rotation": [
      -0.0051257758466542475,
      0.021048498119624125,
      0.18625023036246435
    ]
  },
  {
    "label_id": "9MJNWkZklOdq7gQT2jjjrg",
    "size": [
      2.1439849996011486,
      4.745664128628958,
      1.8900000000000006
    ],
    "obj_class": "vehicle",
    "point_num_in_lidar": 368,
    "speed": 0.009689795281008228,
    "if_vehicle": true,
    "motion_state": false,
    "pose": [
      [
        -0.1994411843674248,
        -0.979711081103446,
        0.01973351314986753,
        -39.237411823838784
      ],
      [
        0.9798979430728741,
        -0.19929926528775146,
        0.008934428762531206,
        14.90663668847992
      ],
      [
        -0.004820284189666389,
        0.021118721999202318,
        0.9997653546915152,
        2.6506421956779107
      ],
      [
        0.0,
        0.0,
        0.0,
        1.0
      ]
    ],
    "location": [
      -39.237411823838784,
      14.90663668847992,
      2.6506421956779107
    ],
    "rotation": [
      0.021120537548062618,
      0.004820302856524299,
      1.7715863065006014
    ]
  },
  {
    "label_id": "BCrQdAU9RIUuQhcH0qFoKw",
    "size": [
      0.7857085800676077,
      0.788238268240093,
      1.7100000000000009
    ],
    "obj_class": "pedestrian",
    "point_num_in_lidar": 139,
    "speed": 1.1894556150934594,
    "if_vehicle": false,
    "motion_state": true,
    "pose": [
      [
        -0.8070891630897871,
        -0.5900997129992447,
        0.01973351314986753,
        -48.79036472356381
      ],
      [
        0.5903334275276942,
        -0.8071100422656701,
        0.008934428762531206,
        -19.93144087112705
      ],
      [
        0.01065491278385788,
        0.018860233087560758,
        0.9997653546915152,
        2.0641571862162422
      ],
      [
        0.0,
        0.0,
        0.0,
        1.0
      ]
    ],
    "location": [
      -48.79036472356381,
      -19.93144087112705,
      2.0641571862162422
    ],
    "rotation": [
      0.01886242224649722,
      -0.010655114397834104,
      2.510079268212304
    ]
  },
  {
    "label_id": "DFFZT9hbqKnRJi5XKB72zQ",
    "size": [
      1.9835447554657462,
      4.6246996539475065,
      1.5199999999999996
    ],
    "obj_class": "vehicle",
    "point_num_in_lidar": 224,
    "speed": 5.620868294894653,
    "if_vehicle": true,
    "motion_state": true,
    "pose": [
      [
        0.14452409653712636,
        -0.9893044900226073,
        0.01973351314986753,
        -43.56457832503975
      ],
      [
        0.9894321699652613,
        0.1447209626160678,
        0.008934428762531206,
        8.559202294507486
      ],
      [
        -0.011694723509404911,
        0.018233732491931314,
        0.9997653546915152,
        2.281591793397368
      ],
      [
        0.0,
        0.0,
        0.0,
        1.0
      ]
    ],
    "location": [
      -43.56457832503975,
      8.559202294507486,
      2.281591793397368
    ],
    "rotation": [
      0.018235990219283113,
      0.011694990100326012,
      1.425754335130939
    ]
  },
  {
    "label_id": "F5yeP9X05QiAK9kFJj2XZA",
    "size": [
      2.338643937574261,
      5.031358297402567,
      1.9699999999999989
    ],
    "obj_class": "vehicle",
    "point_num_in_lidar": 133,
    "speed": 4.512910781954532e-28,
    "if_vehicle": true,
    "motion_state": false,
    "pose": [
      [
        0.18051488485129086,
        0.9833742750376833,
        0.01973351314986753,
        -43.114351477745004
      ],
      [
        -0.9835583660150586,
        0.18036938937767436,
        0.008934428762531206,
        -24.706327424075425
      ],
      [
        0.005226565690112035,
        -0.021021859328700765,
        0.9997653546915152,
        1.593658855960932
      ],
      [
        0.0,
        0.0,
        0.0,
        1.0
      ]
    ],
    "location": [
      -43.114351477745004,
      -24.706327424075425,
      1.593658855960932
    ],
    "rotation": [
      -0.02102369515798622,
      -0.005226589486077387,
      -1.3892839093525928
    ]
  },
  {
    "label_id": "FAbdLuj3G3T6YouuEbngoQ",
    "size": [
      0.7784324660422367,
      0.802978868545074,
      1.8099999999999987
    ],
    "obj_class": "pedestrian",
    "point_num_in_lidar": 209,
    "speed": 1.2578292786645642,
    "if_vehicle": false,
    "motion_state": true,
    "pose": [
      [
        0.9722779288052743,
        -0.2329940291442892,
        0.01973351314986753,
        -66.28036355051063
      ],
      [
        0.2328586159672173,
        0.972469557853879,
        0.008934428762531206,
        -2.586463096025909
      ],
      [
        -0.021271909363240162,
        -0.004091629332043074,
        0.9997653546915152,
        2.4051836350689513
      ],
      [
        0.0,
        0.0,
        0.0,
        1.0
      ]
    ],
    "location": [
      -66.28036355051063,
      -2.586463096025909,
      2.4051836350689513
    ],
    "rotation": [
      -0.004092566789907535,
      0.02127351392566598,
      0.23507026373896128
    ]
  },
  {
    "label_id": "G8kucBZ9BZFgHAyYWC4yDg",
    "size": [
      0.6424448436458513,
      0.7737368046697366,
      1.9600000000000009
    ],
    "obj_class": "pedestrian",
    "point_num_in_lidar": 33,
    "speed": 1.1663811595291569,
    "if_vehicle": false,
    "motion_state": true,
    "pose": [
      [
        0.9966543148432254,
        -0.07931434399366169,
        0.01973351314986753,
        -6.229842576930764
      ],
      [
        0.0791508377071238,
        0.9968226125409413,
        0.008934428762531206,
        -13.661208239424013
      ],
      [
        -0.02037944048892024,
        -0.007342612880119586,
        0.9997653546915152,
        1.3249797977114852
      ],
      [
        0.0,
        0.0,
        0.0,
        1.0
      ]
    ],
    "location": [
      -6.229842576930764,
      -13.661208239424013,
      1.3249797977114852
    ],
    "rotation": [
      -0.007344204149037137,
      0.020380851422919222,
      0.07925020972953659
    ]
  },
  {
    "label_id": "HBbQKTfTGeE6i4ifq3lw6Q",
    "size": [
      0.781178659179446,
      0.79152006098855,
      1.6699999999999982
    ],
    "obj_class": "pedestrian",
    "point_num_in_lidar": 42,
    "speed": 0.0657007865529975,
    "if_vehicle": false,
    "motion_state": false,
    "pose": [
      [
        -0.9696714162088867,
        0.24361431207179898,
        0.01973351314986753,
        -48.36578020620493
      ],
      [
        -0.24348100292339564,
        -0.9698645148669501,
        0.008934428762531206,
        3.3739873010581505
      ],
      [
        0.02131538887445539,
        0.003858724618249282,
        0.9997653546915152,
        2.1498042880317882
      ],
      [
        0.0,
        0.0,
        0.0,
        1.0
      ]
    ],
    "location": [
      -48.36578020620493,
      3.3739873010581505,
      2.1498042880317882
    ],
    "rotation": [
      0.0038596110972438833,
      -0.021317003297466962,
      -2.8955823499886844
    ]
  },
  {
    "label_id": "J5q7gsPFfQ6QsKXpHpk9iQ",
    "size": [
      0.9988912744232064,
      0.9331657411694734,
      1.6799999999999997
    ],
    "obj_class": "pedestrian",
    "point_num_in_lidar": 79,
    "speed": 1.205879828240086,
    "if_vehicle": false,
    "motion_state": true,
    "pose": [
      [
        0.9774116295229474,
        -0.21042123213226535,
        0.01973351314986753,
        -54.720506380716074
      ],
      [
        0.2102814186240985,
        0.9776000720970328,
        0.008934428762531206,
        -0.9050067482639861
      ],
      [
        -0.021171477386648013,
        -0.0045830234360508685,
        0.9997653546915152,
        2.2245977288568213
      ],
      [
        0.0,
        0.0,
        0.0,
        1.0
      ]
    ],
    "location": [
      -54.720506380716074,
      -0.9050067482639861,
      2.2245977288568213
    ],
    "rotation": [
      -0.004584066963765471,
      0.021173059326103864,
      0.2119110273098575
    ]
  },
  {
    "label_id": "J7Oqt_4aTccy0l28VkQbRA",
    "size": [
      0.7642794459185307,
      0.7177096149160931,
      1.9499999999999993
    ],
    "obj_class": "pedestrian",
    "point_num_in_lidar": 449,
    "speed": 6.7114177682184695e-34,
    "if_vehicle": false,
    "motion_state": false,
    "pose": [
      [
        0.6075515918585175,
        -0.7940350443708044,
        0.01973351314986753,
        -70.3700831498071
      ],
      [
        0.7940508243241606,
        0.6077857059628897,
        0.008934428762531206,
        -19.681007009217865
      ],
      [
        -0.019087996759804462,
        0.010241285966441619,
        0.9997653546915152,
        2.6134955926811507
      ],
      [
        0.0,
        0.0,
        0.0,
        1.0
      ]
    ],
    "location": [
      -70.3700831498071,
      -19.681007009217865,
      2.6134955926811507
    ],
    "rotation": [
      0.010243331321741407,
      0.01908915607365153,
      0.917682539738972
    ]
  },
  {
    "label_id": "JaO8P9RbFevS8CHXx_wjlQ",
    "size": [
      1.2514340385652496,
      0.9427540908313997,
      1.6999999999999993
    ],
    "obj_class": "pedestrian",
    "point_num_in_lidar": 110,
    "speed": 1.1276267385108658,
    "if_vehicle": false,
    "motion_state": true,
    "pose": [
      [
        -0.9732730475954553,
        -0.22880158059554218,
        0.01973351314986753,
        -34.727129325636724
      ],
      [
        0.22900866749708285,
        -0.9733833808905398,
        0.008934428762531206,
        -17.102162487915848
      ],
      [
        0.01716406232408057,
        0.013214784261720564,
        0.9997653546915152,
        1.9476889223365461
      ],
      [
        0.0,
        0.0,
        0.0,
        1.0
      ]
    ],
    "location": [
      -34.727129325636724,
      -17.102162487915848,
      1.9476889223365461
    ],
    "rotation": [
      0.01321711608064751,
      -0.017164905205693026,
      2.9104988276440102
    ]
  },
  {
    "label_id": "Jc8zsPXiAsLWPw7ILYVKKw",
    "size": [
      0.8520086459819274,
      0.7883763695938778,
      1.8500000000000014
    ],
    "obj_class": "pedestrian",
    "point_num_in_lidar": 76,
    "speed": 0.011937286653509991,
    "if_vehicle": false,
    "motion_state": false,
    "pose": [
      [
        0.07275695252697546,
        0.9971544586059632,
        0.01973351314986753,
        -33.014927018952676
      ],
      [
        -0.997321677170424,
        0.07259234276877878,
        0.008934428762531206,
        0.3231330318540131
      ],
      [
        0.0074765035250479615,
        -0.02033070224042163,
        0.9997653546915152,
        1.9835177469450223
      ],
      [
        0.0,
        0.0,
        0.0,
        1.0
      ]
    ],
    "location": [
      -33.014927018952676,
      0.3231330318540131,
      1.9835177469450223
    ],
    "rotation": [
      -0.020332671439609647,
      -0.007476573180529896,
      -1.4979729911775164
    ]
  },
  {
    "label_id": "Jen578WRszpN8G3K2BI_Yg",
    "size": [
      0.775421449910075,
      0.861130270595639,
      1.8699999999999974
    ],
    "obj_class": "pedestrian",
    "point_num_in_lidar": 25,
    "speed": 1.2652003835736454,
    "if_vehicle": false,
    "motion_state": true,
    "pose": [
      [
        0.9973321018154072,
        -0.07027991994322634,
        0.01973351314986753,
        -0.5986581615264868
      ],
      [
        0.07011489534262395,
        0.9974989109937815,
        0.008934428762531206,
        -13.35339869782183
      ],
      [
        -0.020312068815243483,
        -0.007526979407010018,
        0.9997653546915152,
        1.0149797977114687
      ],
      [
        0.0,
        0.0,
        0.0,
        1.0
      ]
    ],
    "location": [
      -0.5986581615264868,
      -13.35339869782183,
      1.0149797977114687
    ],
    "rotation": [
      -0.007528603748605897,
      0.0203134658006559,
      0.07018697561587414
    ]
  },
  {
    "label_id": "OQlhKA2gf7QxBoRjwYYG8g",
    "size": [
      0.825276897349396,
      1.0533712119678817,
      1.7899999999999991
    ],
    "obj_class": "pedestrian",
    "point_num_in_lidar": 71,
    "speed": 1.5614154563263507,
    "if_vehicle": false,
    "motion_state": true,
    "pose": [
      [
        0.9903790542426972,
        0.13696684772639178,
        0.01973351314986753,
        -31.734396160326128
      ],
      [
        -0.13716273327048445,
        0.9905082334763589,
        0.008934428762531206,
        -15.588046458260578
      ],
      [
        -0.01832248670651788,
        -0.011555173708699285,
        0.9997653546915152,
        1.8714786910901182
      ],
      [
        0.0,
        0.0,
        0.0,
        1.0
      ]
    ],
    "location": [
      -31.734396160326128,
      -15.588046458260578,
      1.8714786910901182
    ],
    "rotation": [
      -0.011557371101286433,
      0.018323512045839742,
      -0.13761975283992733
    ]
  },
  {
    "label_id": "P8be1mBpNNUndtHnp5yJsA",
    "size": [
      0.9597539979924814,
      1.2346786865784796,
      2.009999999999998
    ],
    "obj_class": "pedestrian",
    "point_num_in_lidar": 30,
    "speed": 1.8925821090807946,
    "if_vehicle": false,
    "motion_state": true,
    "pose": [
      [
        0.9899873418050655,
        -0.1397699950794318,
        0.01973351314986753,
        -28.251081624669382
      ],
      [
        0.13961702482757996,
        0.9901652702256235,
        0.008934428762531206,
        -18.46547725014716
      ],
      [
        -0.020788204444716,
        -0.006089836985784558,
        0.9997653546915152,
        1.829167638479177
      ],
      [
        0.0,
        0.0,
        0.0,
        1.0
      ]
    ],
    "location": [
      -28.251081624669382,
      -18.46547725014716,
      1.829167638479177
    ],
    "rotation": [
      -0.0060911909386988814,
      0.02078970200445949,
      0.14010511690979438
    ]
  },
  {
    "label_id": "Q5PhKXgruUST0xy6Tmhvuw",
    "size": [
      2.194585937152463,
      3.7584377944850687,
      1.759999999999998
    ],
    "obj_class": "vehicle",
    "point_num_in_lidar": 430,
    "speed": 6.892725252024507,
    "if_vehicle": true,
    "motion_state": true,
    "pose": [
      [
        0.9889586187878684,
        -0.1468721851950043,
        0.01973351314986753,
        -46.67602605823731
      ],
      [
        0.14672049599297216,
        0.9891376405931904,
        0.008934428762531206,
        -6.735846796789701
      ],
      [
        -0.020831379713496724,
        -0.005940469491619063,
        0.9997653546915152,
        2.117905581097876
      ],
      [
        0.0,
        0.0,
        0.0,
        1.0
      ]
    ],
    "location": [
      -46.67602605823731,
      -6.735846796789701,
      2.117905581097876
    ],
    "rotation": [
      -0.005941793796238907,
      0.02083288662475086,
      0.14728426124903563
    ]
  },
  {
    "label_id": "QR38KjHlelQRM2AqNMRE0g",
    "size": [
      0.8708842456781182,
      0.7957859262826162,
      1.7100000000000009
    ],
    "obj_class": "pedestrian",
    "point_num_in_lidar": 333,
    "speed": 1.3123632782691148,
    "if_vehicle": false,
    "motion_state": true,
    "pose": [
      [
        0.9878573609167012,
        -0.15410523333571202,
        0.01973351314986753,
        -64.48439454299853
      ],
      [
        0.15395485823722554,
        0.9880374879567287,
        0.008934428762531206,
        -1.8573370550275285
      ],
      [
        -0.020874292990327357,
        -0.005787870999142063,
        0.9997653546915152,
        2.399788590983782
      ],
      [
        0.0,
        0.0,
        0.0,
        1.0
      ]
    ],
    "location": [
      -64.48439454299853,
      -1.8573370550275285,
      2.399788590983782
    ],
    "rotation": [
      -0.005789164740281238,
      0.02087580923485024,
      0.1546035713043448
    ]
  },
  {
    "label_id": "RuyQ2rgW8uyRGQXvZRykig",
    "size": [
      0.8520086459825175,
      0.7883763695938778,
      1.7399999999999984
    ],
    "obj_class": "pedestrian",
    "point_num_in_lidar": 58,
    "speed": 0.044362943327530935,
    "if_vehicle": false,
    "motion_state": false,
    "pose": [
      [
        -0.17502062288423434,
        0.9843669895033959,
        0.01973351314986753,
        -32.27692875823175
      ],
      [
        -0.9844885261239884,
        -0.1752213397760218,
        0.008934428762531206,
        0.09181714418264164
      ],
      [
        0.012252489356512925,
        -0.0178637079890284,
        0.9997653546915152,
        1.8961949078149587
      ],
      [
        0.0,
        0.0,
        0.0,
        1.0
      ]
    ],
    "location": [
      -32.27692875823175,
      0.09181714418264164,
      1.8961949078149587
    ],
    "rotation": [
      -0.017865999459110785,
      -0.012252795941646568,
      -1.74673638594254
    ]
  },
  {
    "label_id": "SZT8wbUgy2ZsQ08TFaws3Q",
    "size": [
      2.175532474033681,
      4.653172966271873,
      1.8000000000000007
    ],
    "obj_class": "vehicle",
    "point_num_in_lidar": 791,
    "speed": 6.569236706088356,
    "if_vehicle": true,
    "motion_state": true,
    "pose": [
      [
        0.9994117577840405,
        -0.028048651692700287,
        0.01973351314986753,
        -49.48016115825408
      ],
      [
        0.02787672176950118,
        0.9995714403513503,
        0.008934428762531206,
        -11.592304685404088
      ],
      [
        -0.01997565484283888,
        -0.008379067498743951,
        0.9997653546915152,
        2.0034358349424473
      ],
      [
        0.0,
        0.0,
        0.0,
        1.0
      ]
    ],
    "location": [
      -49.48016115825408,
      -11.592304685404088,
      2.0034358349424473
    ],
    "rotation": [
      -0.008380837844555159,
      0.01997698355166476,
      0.02788589919453119
    ]
  },
  {
    "label_id": "TXMWKgpsOY75H154LCp75g",
    "size": [
      2.6182996726780177,
      6.262179096259549,
      2.9199999999999946
    ],
    "obj_class": "vehicle",
    "point_num_in_lidar": 144,
    "speed": 0.02250571151609624,
    "if_vehicle": true,
    "motion_state": false,
    "pose": [
      [
        0.9807428957988383,
        -0.1943037848289965,
        0.01973351314986753,
        -8.525282997880595
      ],
      [
        0.19416088835589995,
        0.9809290114047677,
        0.008934428762531206,
        2.076898901792447
      ],
      [
        -0.021093168869487405,
        -0.004930901093312172,
        0.9997653546915152,
        1.7815467802247085
      ],
      [
        0.0,
        0.0,
        0.0,
        1.0
      ]
    ],
    "location": [
      -8.525282997880595,
      2.076898901792447,
      1.7815467802247085
    ],
    "rotation": [
      -0.004932018387153443,
      0.021094733317748457,
      0.19544603368215255
    ]
  },
  {
    "label_id": "WM02HP9oou4H6DzObgNI5A",
    "size": [
      0.7031396390512604,
      0.7449503725873117,
      1.8900000000000006
    ],
    "obj_class": "pedestrian",
    "point_num_in_lidar": 28,
    "speed": 1.1340353231667104,
    "if_vehicle": false,
    "motion_state": true,
    "pose": [
      [
        0.9893220948908867,
        -0.14440353534270312,
        0.01973351314986753,
        -6.508704263778441
      ],
      [
        0.14425139981960686,
        0.9895007375604988,
        0.008934428762531206,
        -14.276876400257606
      ],
      [
        -0.020816488916030763,
        -0.005992440884773754,
        0.9997653546915152,
        1.3249797977114426
      ],
      [
        0.0,
        0.0,
        0.0,
        1.0
      ]
    ],
    "location": [
      -6.508704263778441,
      -14.276876400257606,
      1.3249797977114426
    ],
    "rotation": [
      -0.005993775535742389,
      0.020817992597639643,
      0.1447880128584124
    ]
  },
  {
    "label_id": "XovAHQesTpvP2NhtwgmTFQ",
    "size": [
      0.48675041589354473,
      0.06925714317952945,
      0.5899999999999999
    ],
    "obj_class": "sign",
    "point_num_in_lidar": 43,
    "speed": 0.04865523276767753,
    "if_vehicle": false,
    "motion_state": false,
    "pose": [
      [
        -0.6744639457512255,
        0.7380440192430611,
        0.01973351314986753,
        -57.4120248377352
      ],
      [
        -0.7380393285438421,
        -0.6746985441700921,
        0.008934428762531206,
        -16.931602091855893
      ],
      [
        0.01990817430711633,
        -0.008538158718729278,
        0.9997653546915152,
        3.7720989742396256
      ],
      [
        0.0,
        0.0,
        0.0,
        1.0
      ]
    ],
    "location": [
      -57.4120248377352,
      -16.931602091855893,
      3.7720989742396256
    ],
    "rotation": [
      -0.00853995501309327,
      -0.019909489594097787,
      -2.311215830338203
    ]
  },
  {
    "label_id": "YMhXkGQuZfbdQkEv_iKJuA",
    "size": [
      0.7709200612248334,
      0.7850228933688645,
      1.9800000000000004
    ],
    "obj_class": "pedestrian",
    "point_num_in_lidar": 657,
    "speed": 1.2700585718299577,
    "if_vehicle": false,
    "motion_state": true,
    "pose": [
      [
        0.9857436461154432,
        -0.16709294599651997,
        0.01973351314986753,
        -64.29690509667319
      ],
      [
        0.16694495454974184,
        0.9859257366217152,
        0.008934428762531206,
        -2.6153929981846886
      ],
      [
        -0.02094865851114483,
        -0.005512645928424829,
        0.9997653546915152,
        2.446782565887787
      ],
      [
        0.0,
        0.0,
        0.0,
        1.0
      ]
    ],
    "location": [
      -64.29690509667319,
      -2.6153929981846886,
      2.446782565887787
    ],
    "rotation": [
      -0.005513883868457084,
      0.02095019102066199,
      0.16776748671600278
    ]
  },
  {
    "label_id": "_U7I_-9YDsN0M7ODAPdyuw",
    "size": [
      0.7754214499124256,
      0.861130270595639,
      1.9200000000000017
    ],
    "obj_class": "pedestrian",
    "point_num_in_lidar": 23,
    "speed": 0.7436502950381558,
    "if_vehicle": false,
    "motion_state": false,
    "pose": [
      [
        0.23249643090785846,
        0.972397037260949,
        0.01973351314986753,
        -24.22581245401534
      ],
      [
        -0.972588596986141,
        0.23236091968146652,
        0.008934428762531206,
        -31.94805214857479
      ],
      [
        0.004102514794254817,
        -0.021269812667526245,
        0.9997653546915152,
        1.1263064403747194
      ],
      [
        0.0,
        0.0,
        0.0,
        1.0
      ]
    ],
    "location": [
      -24.22581245401534,
      -31.94805214857479,
      1.1263064403747194
    ],
    "rotation": [
      -0.021271595790377514,
      -0.004102526302325123,
      -1.3361506490150952
    ]
  },
  {
    "label_id": "c-K_TWAdXWEbtMF7qkoFYQ",
    "size": [
      0.7542958003227325,
      0.7512470854056542,
      1.6999999999999993
    ],
    "obj_class": "pedestrian",
    "point_num_in_lidar": 112,
    "speed": 0.04062198313965437,
    "if_vehicle": false,
    "motion_state": false,
    "pose": [
      [
        0.9706608773556946,
        -0.23964150231092488,
        0.01973351314986753,
        -49.82503575864291
      ],
      [
        0.23950740354864983,
        0.9708534284989013,
        0.008934428762531206,
        3.285456464816889
      ],
      [
        -0.021299408828819963,
        -0.003945977963892582,
        0.9997653546915152,
        2.1377398092941036
      ],
      [
        0.0,
        0.0,
        0.0,
        1.0
      ]
    ],
    "location": [
      -49.82503575864291,
      3.285456464816889,
      2.1377398092941036
    ],
    "rotation": [
      -0.003946883591585537,
      0.02130101962308344,
      0.24191443188110376
    ]
  },
  {
    "label_id": "c8pkr97KCPuiU6hRDvPTPQ",
    "size": [
      0.7542958003204523,
      0.7512470854056542,
      1.6999999999999993
    ],
    "obj_class": "pedestrian",
    "point_num_in_lidar": 37,
    "speed": 2.815076401495593e-29,
    "if_vehicle": false,
    "motion_state": false,
    "pose": [
      [
        -0.23356948291549143,
        -0.9721398485348463,
        0.01973351314986753,
        -49.05623085346508
      ],
      [
        0.9723315577013988,
        -0.23343418318802078,
        0.008934428762531206,
        3.06593984239953
      ],
      [
        -0.0040790377003830655,
        0.021274327486141442,
        0.9997653546915152,
        2.115244386017462
      ],
      [
        0.0,
        0.0,
        0.0,
        1.0
      ]
    ],
    "location": [
      -49.05623085346508,
      3.06593984239953,
      2.115244386017462
    ],
    "rotation": [
      0.021276109625148885,
      0.004079049012012237,
      1.8065454221267425
    ]
  },
  {
    "label_id": "cGFTrk3xL7WnkwZRitc19A",
    "size": [
      0.8407234742883832,
      0.7502761060618303,
      1.9400000000000013
    ],
    "obj_class": "pedestrian",
    "point_num_in_lidar": 606,
    "speed": 0.017468559631439663,
    "if_vehicle": false,
    "motion_state": false,
    "pose": [
      [
        -0.32604536478026774,
        -0.9451481410678783,
        0.01973351314986753,
        -69.62787844308116
      ],
      [
        0.945351981760736,
        -0.3259291434709945,
        0.008934428762531206,
        -19.694046487924425
      ],
      [
        -0.0020126316977998214,
        0.02156814484831162,
        0.9997653546915152,
        2.5498231302573764
      ],
      [
        0.0,
        0.0,
        0.0,
        1.0
      ]
    ],
    "location": [
      -69.62787844308116,
      -19.694046487924425,
      2.5498231302573764
    ],
    "rotation": [
      0.02156986108743039,
      0.0020126330565589227,
      1.9029143345925918
    ]
  },
  {
    "label_id": "fxeWelWNimp4MRCqEsYphw",
    "size": [
      0.8124401710862004,
      0.9219532585151657,
      1.7800000000000011
    ],
    "obj_class": "pedestrian",
    "point_num_in_lidar": 106,
    "speed": 1.4307486763812556,
    "if_vehicle": false,
    "motion_state": true,
    "pose": [
      [
        -0.997591872794647,
        0.0664909301546672,
        0.01973351314986753,
        -39.13784205075615
      ],
      [
        -0.06632527310048918,
        -0.9977580539042683,
        0.008934428762531206,
        -17.24518025557336
      ],
      [
        0.02028333015592743,
        0.007604082872666808,
        0.9997653546915152,
        1.9553551628330936
      ],
      [
        0.0,
        0.0,
        0.0,
        1.0
      ]
    ],
    "location": [
      -39.13784205075615,
      -17.24518025557336,
      1.9553551628330936
    ],
    "rotation": [
      0.007605720894390749,
      -0.0202847212193939,
      -3.0752049781408384
    ]
  },
  {
    "label_id": "heAkHabTm5FaDlTlph7IJA",
    "size": [
      0.8154775878972597,
      0.10907576020872345,
      1.0199999999999996
    ],
    "obj_class": "sign",
    "point_num_in_lidar": 306,
    "speed": 0.023240937790676156,
    "if_vehicle": false,
    "motion_state": false,
    "pose": [
      [
        -0.9818666860718662,
        0.1885428313169587,
        0.01973351314986753,
        -52.475360705657636
      ],
      [
        -0.18839884468542803,
        -0.9820519595743816,
        0.008934428762531206,
        -15.868121643443374
      ],
      [
        0.021063857753201545,
        0.005054646881991935,
        0.9997653546915152,
        3.7600954417704244
      ],
      [
        0.0,
        0.0,
        0.0,
        1.0
      ]
    ],
    "location": [
      -52.475360705657636,
      -15.868121643443374,
      3.7600954417704244
    ],
    "rotation": [
      0.005055790132054047,
      -0.02106541568777187,
      -2.952018542067027
    ]
  },
  {
    "label_id": "ivjxAlT3MnWJAeoZaN5ETg",
    "size": [
      0.7253230191466049,
      1.095294108187108,
      1.8299999999999983
    ],
    "obj_class": "pedestrian",
    "point_num_in_lidar": 34,
    "speed": 1.8308421680960174,
    "if_vehicle": false,
    "motion_state": true,
    "pose": [
      [
        0.9944463314460235,
        0.10337834556767525,
        0.01973351314986753,
        -32.953998103049116
      ],
      [
        -0.10356974809224218,
        0.9945820646195047,
        0.008934428762531206,
        2.8491340076470806
      ],
      [
        -0.018702971786728667,
        -0.01092860489237172,
        0.9997653546915152,
        2.0283599681447626
      ],
      [
        0.0,
        0.0,
        0.0,
        1.0
      ]
    ],
    "location": [
      -32.953998103049116,
      2.8491340076470806,
      2.0283599681447626
    ],
    "rotation": [
      -0.010930734481081153,
      0.01870406234525407,
      -0.10377402490278156
    ]
  },
  {
    "label_id": "k455g8kkGCU3KCCE8JRcGg",
    "size": [
      0.7862720030009995,
      1.0064637609853784,
      1.8200000000000003
    ],
    "obj_class": "pedestrian",
    "point_num_in_lidar": 84,
    "speed": 1.4996366233444274,
    "if_vehicle": false,
    "motion_state": true,
    "pose": [
      [
        0.9797273789809993,
        -0.19936110787660008,
        0.01973351314986753,
        -35.73693558603418
      ],
      [
        0.19921917352440185,
        0.979914229350172,
        0.008934428762531206,
        1.0050172946175735
      ],
      [
        -0.021118327946966713,
        -0.004822010293757625,
        0.9997653546915152,
        1.9489331815685347
      ],
      [
        0.0,
        0.0,
        0.0,
        1.0
      ]
    ],
    "location": [
      -35.73693558603418,
      1.0050172946175735,
      1.9489331815685347
    ],
    "rotation": [
      -0.004823104622160147,
      0.02111989800068966,
      0.2006064061685602
    ]
  },
  {
    "label_id": "n3XQECFdyRuiEYoDxaOhLA",
    "size": [
      2.1914717213966313,
      4.838779943229555,
      1.6900000000000013
    ],
    "obj_class": "vehicle",
    "point_num_in_lidar": 5953,
    "speed": 3.052336667003324,
    "if_vehicle": true,
    "motion_state": true,
    "pose": [
      [
        0.9920599607017838,
        -0.12420798215549282,
        0.01973351314986753,
        -65.29392439412743
      ],
      [
        0.12405223693031682,
        0.9922354652476758,
        0.008934428762531206,
        -6.436279645913601
      ],
      [
        -0.02069001896953594,
        -0.006415502598314704,
        0.9997653546915152,
        2.207426488692299
      ],
      [
        0.0,
        0.0,
        0.0,
        1.0
      ]
    ],
    "location": [
      -65.29392439412743,
      -6.436279645913601,
      2.207426488692299
    ],
    "rotation": [
      -0.006416920241540283,
      0.020691495407111623,
      0.12439940039292084
    ]
  },
  {
    "label_id": "oEyIati68b8p0p7sXAHEuA",
    "size": [
      0.8628808946407925,
      1.0411388516494888,
      1.8599999999999994
    ],
    "obj_class": "pedestrian",
    "point_num_in_lidar": 57,
    "speed": 1.7378979674914878,
    "if_vehicle": false,
    "motion_state": true,
    "pose": [
      [
        0.9989392860767786,
        0.04160398047278338,
        0.01973351314986753,
        -27.405428426689923
      ],
      [
        -0.04178661113807175,
        0.9990866104158751,
        0.008934428762531206,
        -16.65502875682796
      ],
      [
