[
  {
    "label_id": "08izZfFATo8NaNCOSiMccQ",
    "size": [
      0.8599354084559196,
      1.2837768931797942,
      1.9100000000000001
    ],
    "obj_class": "pedestrian",
    "point_num_in_lidar": 98,
    "speed": 3.5668091512951543,
    "if_vehicle": false,
    "motion_state": true,
    "pose": [
      [
        0.9970713186909769,
        -0.07372410911567544,
        0.020335711911217916,
        -48.865003700201555
      ],
      [
        0.07361418730110564,
        0.9972681207978561,
        0.006103004859116348,
        -17.977512349261815
      ],
      [
        -0.020730095798953865,
        -0.004588134197322857,
        0.9997745806694395,
        2.1496441089560037
      ],
      [
        0.0,
        0.0,
        0.0,
        1.0
      ]
    ],
    "location": [
      -48.865003700201555,
      -17.977512349261815,
      2.1496441089560037
    ],
    "rotation": [
      -0.004589136468380737,
      0.020731580833903793,
      0.07369670195493228
    ]
  },
  {
    "label_id": "1zMPVmoaMduqtYee4942sw",
    "size": [
      0.8132070008232528,
      0.9549234822147807,
      1.6400000000000006
    ],
    "obj_class": "pedestrian",
    "point_num_in_lidar": 79,
    "speed": 1.8048310741728646,
    "if_vehicle": false,
    "motion_state": true,
    "pose": [
      [
        0.9827487137709824,
        -0.18382443907854998,
        0.020335711911217916,
        -57.968864390413955
      ],
      [
        0.1837370164093206,
        0.9829564904575842,
        0.006103004859116348,
        -19.246772900205542
      ],
      [
        -0.021111001456127987,
        -0.0022612971423079838,
        0.9997745806694395,
        2.229750876797013
      ],
      [
        0.0,
        0.0,
        0.0,
        1.0
      ]
    ],
    "location": [
      -57.968864390413955,
      -19.246772900205542,
      2.229750876797013
    ],
    "rotation": [
      -0.002261803140376883,
      0.021112569876123345,
      0.18482851656606392
    ]
  },
  {
    "label_id": "3d5h6MqHU-xw9T8tTj93KA",
    "size": [
      0.6516660921592807,
      0.8010088737933407,
      1.4199999999999982
    ],
    "obj_class": "pedestrian",
    "point_num_in_lidar": 271,
    "speed": 1.3012535281303301,
    "if_vehicle": false,
    "motion_state": true,
    "pose": [
      [
        0.9773400975091687,
        -0.21069597201140824,
        0.020335711911217916,
        -66.76148779519406
      ],
      [
        0.21061427809137423,
        0.977550192673368,
        0.006103004859116348,
        -3.393121379918739
      ],
      [
        -0.021165057637943047,
        -0.00168172008045238,
        0.9997745806694395,
        2.241972251191637
      ],
      [
        0.0,
        0.0,
        0.0,
        1.0
      ]
    ],
    "location": [
      -66.76148779519406,
      -3.393121379918739,
      2.241972251191637
    ],
    "rotation": [
      -0.001682097671667427,
      0.021166638138584912,
      0.2122515624763788
    ]
  },
  {
    "label_id": "42zkZFUhYm9DrYMPgBIysg",
    "size": [
      0.8246506285802448,
      0.8379667180029862,
      1.9499999999999993
    ],
    "obj_class": "pedestrian",
    "point_num_in_lidar": 151,
    "speed": 0.9566188870718066,
    "if_vehicle": false,
    "motion_state": false,
    "pose": [
      [
        -0.4111737242002035,
        -0.9113301417973614,
        0.020335711911217916,
        -48.25100184035523
      ],
      [
        0.9115527052858897,
        -0.4111379559438236,
        0.006103004859116348,
        -16.95379170963679
      ],
      [
        0.002798930744192114,
        0.02104646844331999,
        0.9997745806694395,
        2.095792374389717
      ],
      [
        0.0,
        0.0,
        0.0,
        1.0
      ]
    ],
    "location": [
      -48.25100184035523,
      -16.95379170963679,
      2.095792374389717
    ],
    "rotation": [
      0.021048104980000495,
      -0.0027989343986817815,
      1.9945393862160032
    ]
  },
  {
    "label_id": "4ieIaDhGopv8IzBazdrVAg",
    "size": [
      2.040133615370168,
      4.863289663388457,
      1.5500000000000007
    ],
    "obj_class": "vehicle",
    "point_num_in_lidar": 121,
    "speed": 0.027717925306699438,
    "if_vehicle": true,
    "motion_state": false,
    "pose": [
      [
        0.9845854534038002,
        -0.17371800069853702,
        0.020335711911217916,
        -20.5717374512285
      ],
      [
        0.1736284479507392,
        0.9847923209458465,
        0.006103004859116348,
        0.31216488682548515
      ],
      [
        -0.021086654733513538,
        -0.0024780717092205374,
        0.9997745806694395,
        1.4791600473203488
      ],
      [
        0.0,
        0.0,
        0.0,
        1.0
      ]
    ],
    "location": [
      -20.5717374512285,
      0.31216488682548515,
      1.4791600473203488
    ],
    "rotation": [
      -0.0024786253645418593,
      0.02108821773259817,
      0.17455210140765628
    ]
  },
  {
    "label_id": "5_8SCmp05AepT5qREHEGCg",
    "size": [
      0.9905850335462811,
      0.9725125636682508,
      1.7300000000000004
    ],
    "obj_class": "pedestrian",
    "point_num_in_lidar": 91,
    "speed": 1.5160803476616047,
    "if_vehicle": false,
    "motion_state": true,
    "pose": [
      [
        0.9916178298954434,
        -0.12759521250624994,
        0.020335711911217916,
        -39.17482978772159
      ],
      [
        0.12749610632269348,
        0.9918202943095297,
        0.006103004859116348,
        2.777960407009232
      ],
      [
        -0.02094808597470359,
        -0.003459124346257996,
        0.9997745806694395,
        2.016987536361853
      ],
      [
        0.0,
        0.0,
        0.0,
        1.0
      ]
    ],
    "location": [
      -39.17482978772159,
      2.777960407009232,
      2.016987536361853
    ],
    "rotation": [
      -0.003459890469563369,
      0.020949618358555074,
      0.12787228494098352
    ]
  },
  {
    "label_id": "5qjHxdW2h3jFXIpQs6y-2Q",
    "size": [
      2.107334655216158,
      4.046644760548517,
      2.0700000000000003
    ],
    "obj_class": "vehicle",
    "point_num_in_lidar": 23,
    "speed": 10.946761597808441,
    "if_vehicle": true,
    "motion_state": true,
    "pose": [
      [
        0.9876586316744396,
        -0.1552961239053871,
        0.020335711911217916,
        -13.505844396531643
      ],
      [
        0.15520272259961515,
        0.9878637903220041,
        0.006103004859116348,
        -4.598612513369517
      ],
      [
        -0.021036686446308572,
        -0.002871527573634864,
        0.9997745806694395,
        1.5658444387086803
      ],
      [
        0.0,
        0.0,
        0.0,
        1.0
      ]
    ],
    "location": [
      -13.505844396531643,
      -4.598612513369517,
      1.5658444387086803
    ],
    "rotation": [
      -0.0028721671195469835,
      0.021038238358884027,
      0.15586743398037958
    ]
  },
  {
    "label_id": "5t8pkk_JnoYw1nKx095DbQ",
    "size": [
      0.7978681582669148,
      0.9549442125635543,
      1.6799999999999997
    ],
    "obj_class": "pedestrian",
    "point_num_in_lidar": 101,
    "speed": 1.2562668469543838,
    "if_vehicle": false,
    "motion_state": true,
    "pose": [
      [
        -0.9976679566359201,
        0.06515448659126664,
        0.020335711911217916,
        -38.69745399064004
      ],
      [
        -0.06504287789776572,
        -0.9978638070230155,
        0.006103004859116348,
        -16.51138021664883
      ],
      [
        0.02068990905451093,
        0.004766079160328212,
        0.9997745806694395,
        1.9561156000679532
      ],
      [
        0.0,
        0.0,
        0.0,
        1.0
      ]
    ],
    "location": [
      -38.69745399064004,
      -16.51138021664883,
      1.9561156000679532
    ],
    "rotation": [
      0.004767117657042263,
      -0.020691385468553144,
      -3.076489871132505
    ]
  },
  {
    "label_id": "8bOLWx11Kp9fHLqHd13oAw",
    "size": [
      0.9103511528315688,
      0.9856897121378135,
      1.8299999999999983
    ],
    "obj_class": "pedestrian",
    "point_num_in_lidar": 91,
    "speed": 1.1825289378260742,
    "if_vehicle": false,
    "motion_state": true,
    "pose": [
      [
        0.9797784527572079,
        -0.1990493464790969,
        0.020335711911217916,
        -36.65114713801904
      ],
      [
        0.19896515792099867,
        0.9799875607706262,
        0.006103004859116348,
        4.708439477934007
      ],
      [
        -0.021143543841174478,
        -0.0019334945261833298,
        0.9997745806694395,
        2.078678419489801
      ],
      [
        0.0,
        0.0,
        0.0,
        1.0
      ]
    ],
    "location": [
      -36.65114713801904,
      4.708439477934007,
      2.078678419489801
    ],
    "rotation": [
      -0.0019339280604781927,
      0.021145119526439906,
      0.2003472495310896
    ]
  },
  {
    "label_id": "9MJNWkZklOdq7gQT2jjjrg",
    "size": [
      2.1439849996011544,
      4.745664128628958,
      1.8900000000000006
    ],
    "obj_class": "vehicle",
    "point_num_in_lidar": 439,
    "speed": 0.009689795280973017,
    "if_vehicle": true,
    "motion_state": false,
    "pose": [
      [
        -0.19943877719376274,
        -0.9796992563907152,
        0.020335711911217916,
        -39.24022821089977
      ],
      [
        0.979908397851235,
        -0.19935467175944327,
        0.006103004859116348,
        14.90591670649701
      ],
      [
        -0.001925090149169759,
        0.021144310704395586,
        0.9997745806694395,
        2.6506421956779214
      ],
      [
        0.0,
        0.0,
        0.0,
        1.0
      ]
    ],
    "location": [
      -39.24022821089977,
      14.90591670649701,
      2.6506421956779214
    ],
    "rotation": [
      0.02114592575012044,
      0.0019250913382268002,
      1.7715818625428401
    ]
  },
  {
    "label_id": "BCrQdAU9RIUuQhcH0qFoKw",
    "size": [
      0.7857085800685815,
      0.788238268240093,
      1.7100000000000009
    ],
    "obj_class": "pedestrian",
    "point_num_in_lidar": 60,
    "speed": 1.2425084491544178,
    "if_vehicle": false,
    "motion_state": true,
    "pose": [
      [
        -0.7867439193152147,
        -0.6169444579875879,
        0.020335711911217916,
        -48.50314681923396
      ],
      [
        0.6171582490914446,
        -0.7868153842611824,
        0.006103004859116348,
        -20.158639861523625
      ],
      [
        0.01223523595674648,
        0.01735185431961628,
        0.9997745806694395,
        2.0641571862162245
      ],
      [
        0.0,
        0.0,
        0.0,
        1.0
      ]
    ],
    "location": [
      -48.50314681923396,
      -20.158639861523625,
      2.0641571862162245
    ],
    "rotation": [
      0.01735402430987713,
      -0.012235541248487162,
      2.4764079750061545
    ]
  },
  {
    "label_id": "DFFZT9hbqKnRJi5XKB72zQ",
    "size": [
      1.9835447554649963,
      4.6246996539475065,
      1.5199999999999996
    ],
    "obj_class": "vehicle",
    "point_num_in_lidar": 248,
    "speed": 5.391188324388956,
    "if_vehicle": true,
    "motion_state": true,
    "pose": [
      [
        0.20555181840451933,
        -0.9784349282255101,
        0.020335711911217916,
        -43.69836463104923
      ],
      [
        0.9785935479884603,
        0.20571198595863693,
        0.006103004859116348,
        6.907689398376533
      ],
      [
        -0.01015469280442879,
        0.018645912723546956,
        0.9997745806694395,
        2.156585845534636
      ],
      [
        0.0,
        0.0,
        0.0,
        1.0
      ]
    ],
    "location": [
      -43.69836463104923,
      6.907689398376533,
      2.156585845534636
    ],
    "rotation": [
      0.01864795493438008,
      0.010154867334100783,
      1.363757963853231
    ]
  },
  {
    "label_id": "F5yeP9X05QiAK9kFJj2XZA",
    "size": [
      2.3386439375742603,
      5.031358297402567,
      1.9699999999999989
    ],
    "obj_class": "vehicle",
    "point_num_in_lidar": 27,
    "speed": 1.128227426498253e-27,
    "if_vehicle": true,
    "motion_state": false,
    "pose": [
      [
        0.18051270611033546,
        0.9833624061116977,
        0.020335711911217916,
        -43.11435147774523
      ],
      [
        -0.9835698871092605,
        0.1804245839778107,
        0.006103004859116348,
        -24.706327424075425
      ],
      [
        0.0023324031812979313,
        -0.02110326379132667,
        0.9997745806694395,
        1.593658855960932
      ],
      [
        0.0,
        0.0,
        0.0,
        1.0
      ]
    ],
    "location": [
      -43.11435147774523,
      -24.706327424075425,
      1.593658855960932
    ],
    "rotation": [
      -0.021104887902140008,
      -0.002332405296055988,
      -1.3892881320696422
    ]
  },
  {
    "label_id": "FAbdLuj3G3T6YouuEbngoQ",
    "size": [
      0.7784324660404246,
      0.802978868545074,
      1.8099999999999987
    ],
    "obj_class": "pedestrian",
    "point_num_in_lidar": 240,
    "speed": 1.3020588067217929,
    "if_vehicle": false,
    "motion_state": true,
    "pose": [
      [
        0.9698666224561524,
        -0.24278631235421594,
        0.020335711911217916,
        -66.65509247531156
      ],
      [
        0.2427115857347192,
        0.9700792954608545,
        0.006103004859116348,
        -2.6856451598105195
      ],
      [
        -0.021208979127553904,
        -0.0009833878245285408,
        0.9997745806694395,
        2.4051836350689655
      ],
      [
        0.0,
        0.0,
        0.0,
        1.0
      ]
    ],
    "location": [
      -66.65509247531156,
      -2.6856451598105195,
      2.4051836350689655
    ],
    "rotation": [
      -0.0009836092319247623,
      0.0212105694894726,
      0.24521633370933754
    ]
  },
  {
    "label_id": "G8kucBZ9BZFgHAyYWC4yDg",
    "size": [
      0.6424448436460862,
      0.7737368046697366,
      1.9600000000000009
    ],
    "obj_class": "pedestrian",
    "point_num_in_lidar": 29,
    "speed": 1.1524725369773636,
    "if_vehicle": false,
    "motion_state": true,
    "pose": [
      [
        0.9966422856322189,
        -0.079313386706471,
        0.020335711911217916,
        -6.574165447238329
      ],
      [
        0.07920457006100745,
        0.996839700961564,
        0.006103004859116348,
        -13.70156709857838
      ],
      [
        -0.020755494964881552,
        -0.004471831393201732,
        0.9997745806694395,
        1.324979797711464
      ],
      [
        0.0,
        0.0,
        0.0,
        1.0
      ]
    ],
    "location": [
      -6.574165447238329,
      -13.70156709857838,
      1.324979797711464
    ],
    "rotation": [
      -0.004472809829765159,
      0.02075698546576385,
      0.07930473750234414
    ]
  },
  {
    "label_id": "HBbQKTfTGeE6i4ifq3lw6Q",
    "size": [
      0.781178659179445,
      0.79152006098855,
      1.6699999999999982
    ],
    "obj_class": "pedestrian",
    "point_num_in_lidar": 20,
    "speed": 0.06570078655304322,
    "if_vehicle": false,
    "motion_state": false,
    "pose": [
      [
        -0.9696597126708112,
        0.24361137174652542,
        0.020335711911217916,
        -48.35804134161583
      ],
      [
        -0.24353682609291935,
        -0.9698724491747752,
        0.006103004859116348,
        3.3558597306018783
      ],
      [
        0.021209808102550614,
        0.0009653432029213357,
        0.9997745806694395,
        2.149804288031781
      ],
      [
        0.0,
        0.0,
        0.0,
        1.0
      ]
    ],
    "location": [
      -48.35804134161583,
      3.3558597306018783,
      2.149804288031781
    ],
    "rotation": [
      0.0009655605589373244,
      -0.021211398650984623,
      -2.895525344495382
    ]
  },
  {
    "label_id": "J5q7gsPFfQ6QsKXpHpk9iQ",
    "size": [
      0.9988912744235354,
      0.9331657411694734,
      1.6799999999999997
    ],
    "obj_class": "pedestrian",
    "point_num_in_lidar": 123,
    "speed": 1.204447674759571,
    "if_vehicle": false,
    "motion_state": true,
    "pose": [
      [
        0.9791446189052515,
        -0.20214419133369504,
        0.020335711911217916,
        -55.07382089231237
      ],
      [
        0.2020606639213953,
        0.9793539918881908,
        0.006103004859116348,
        -0.9864140377194417
      ],
      [
        -0.021149547620091188,
        -0.0018666769168614562,
        0.9997745806694395,
        2.224597728856846
      ],
      [
        0.0,
        0.0,
        0.0,
        1.0
      ]
    ],
    "location": [
      -55.07382089231237,
      -0.9864140377194417,
      2.224597728856846
    ],
    "rotation": [
      -0.0018670956272000777,
      0.02115112464818111,
      0.2035076889959901
    ]
  },
  {
    "label_id": "J7Oqt_4aTccy0l28VkQbRA",
    "size": [
      0.7642794459185313,
      0.7177096149160931,
      1.9499999999999993
    ],
    "obj_class": "pedestrian",
    "point_num_in_lidar": 477,
    "speed": 6.711049085586575e-34,
    "if_vehicle": false,
    "motion_state": false,
    "pose": [
      [
        0.6075442589588674,
        -0.7940254606920261,
        0.020335711911217916,
        -70.37008314980744
      ],
      [
        0.7940994631532017,
        0.6077571850266242,
        0.006103004859116348,
        -19.681007009214227
      ],
      [
        -0.017205116271539728,
        0.01244073234698211,
        0.9997745806694395,
        2.613495592681133
      ],
      [
        0.0,
        0.0,
        0.0,
        1.0
      ]
    ],
    "location": [
      -70.37008314980744,
      -19.681007009214227,
      2.613495592681133
    ],
    "rotation": [
      0.012442895161336601,
      0.01720596521632085,
      0.9177179247155687
    ]
  },
  {
    "label_id": "JaO8P9RbFevS8CHXx_wjlQ",
    "size": [
      1.251434038566683,
      0.9427540908313997,
      1.6999999999999993
    ],
    "obj_class": "pedestrian",
    "point_num_in_lidar": 76,
    "speed": 1.1044574415986221,
    "if_vehicle": false,
    "motion_state": true,
    "pose": [
      [
        -0.9762725577550713,
        -0.21558838511254458,
        0.020335711911217916,
        -34.40082461696784
      ],
      [
        0.2157501730647184,
        -0.9764295244175248,
        0.006103004859116348,
        -17.168057289398348
      ],
      [
        0.0185406525482514,
        0.010345629528040667,
        0.9997745806694395,
        1.9296894487456697
      ],
      [
        0.0,
        0.0,
        0.0,
        1.0
      ]
    ],
    "location": [
      -34.40082461696784,
      -17.168057289398348,
      1.9296894487456697
    ],
    "rotation": [
      0.010347592828102364,
      -0.01854171495540216,
      2.924094634988565
    ]
  },
  {
    "label_id": "Jc8zsPXiAsLWPw7ILYVKKw",
    "size": [
      0.8520086459819151,
      0.7883763695938778,
      1.8500000000000014
    ],
    "obj_class": "pedestrian",
    "point_num_in_lidar": 62,
    "speed": 0.011937286653343562,
    "if_vehicle": false,
    "motion_state": false,
    "pose": [
      [
        0.07275607438026094,
        0.9971424233587887,
        0.020335711911217916,
        -33.0157690680885
      ],
      [
        -0.997339118656066,
        0.07264596155349046,
        0.006103004859116348,
        0.3266138400613272
      ],
      [
        0.004608257709324544,
        -0.020725631670250703,
        0.9997745806694395,
        1.9835177469450187
      ],
      [
        0.0,
        0.0,
        0.0,
        1.0
      ]
    ],
    "location": [
      -33.0157690680885,
      0.3266138400613272,
      1.9835177469450187
    ],
    "rotation": [
      -0.020727335861846344,
      -0.0046082740196705715,
      -1.497975136044335
    ]
  },
  {
    "label_id": "Jen578WRszpN8G3K2BI_Yg",
    "size": [
      0.7754214499135008,
      0.861130270595639,
      1.8699999999999974
    ],
    "obj_class": "pedestrian",
    "point_num_in_lidar": 25,
    "speed": 1.2393464665032528,
    "if_vehicle": false,
    "motion_state": true,
    "pose": [
      [
        0.9976023330494167,
        -0.06615167356480461,
        0.020335711911217916,
        -0.9715143974315197
      ],
      [
        0.0660402606894135,
        0.9977982948972022,
        0.006103004859116348,
        -13.376056727467585
      ],
      [
        -0.020694662655738646,
        -0.004745396170144753,
        0.9997745806694395,
        1.0149797977114545
      ],
      [
        0.0,
        0.0,
        0.0,
        1.0
      ]
    ],
    "location": [
      -0.9715143974315197,
      -13.376056727467585,
      1.0149797977114545
    ],
    "rotation": [
      -0.004746430471556449,
      0.020696140087784153,
      0.06610253588753726
    ]
  },
  {
    "label_id": "Nw1AVxmvyVFj7svJBoV1Cw",
    "size": [
      0.7764260929757366,
      0.8406976919930116,
      1.6999999999999993
    ],
    "obj_class": "pedestrian",
    "point_num_in_lidar": 22,
    "speed": 0.06853218833546934,
    "if_vehicle": false,
    "motion_state": false,
    "pose": [
      [
        0.9706491618755533,
        -0.23963860993452185,
        0.020335711911217916,
        -50.03576674697649
      ],
      [
        0.23956319375812302,
        0.9708615913342631,
        0.006103004859116348,
        4.091540200635791
      ],
      [
        -0.021205677227902432,
        -0.0010521884586272435,
        0.9997745806694395,
        2.204259362572948
      ],
      [
        0.0,
        0.0,
        0.0,
        1.0
      ]
    ],
    "location": [
      -50.03576674697649,
      4.091540200635791,
      2.204259362572948
    ],
    "rotation": [
      -0.001052425307167784,
      0.02120726684705462,
      0.24197141693763877
    ]
  },
  {
    "label_id": "OQlhKA2gf7QxBoRjwYYG8g",
    "size": [
      0.825276897347691,
      1.0533712119678817,
      1.7899999999999991
    ],
    "obj_class": "pedestrian",
    "point_num_in_lidar": 67,
    "speed": 1.5709802774829738,
    "if_vehicle": false,
    "motion_state": true,
    "pose": [
      [
        0.9899199091723212,
        0.14016073717459868,
        0.020335711911217916,
        -32.198364906947745
      ],
      [
        -0.1403100241269812,
        0.9900888093808432,
        0.006103004859116348,
        -15.520315401090556
      ],
      [
        -0.019278759134055676,
        -0.008894790244717017,
        0.9997745806694395,
        1.88548033794995
      ],
      [
        0.0,
        0.0,
        0.0,
        1.0
      ]
    ],
    "location": [
      -32.198364906947745,
      -15.520315401090556,
      1.88548033794995
    ],
    "rotation": [
      -0.008896561029657775,
      0.019279953558349838,
      -0.14080087187494733
    ]
  },
  {
    "label_id": "Q5PhKXgruUST0xy6Tmhvuw",
    "size": [
      2.1945859371536702,
      3.7584377944850687,
      1.759999999999998
    ],
    "obj_class": "vehicle",
    "point_num_in_lidar": 415,
    "speed": 6.729077385321111,
    "if_vehicle": true,
    "motion_state": true,
    "pose": [
      [
        0.9894086363944611,
        -0.14372546416385923,
        0.020335711911217916,
        -48.68202543849293
      ],
      [
        0.14362966798256427,
        0.9896126877758328,
        0.006103004859116348,
        -7.0252507724890165
      ],
      [
        -0.021001635728466167,
        -0.003117554165569769,
        0.9997745806694395,
        2.1179055810978475
      ],
      [
        0.0,
        0.0,
        0.0,
        1.0
      ]
    ],
    "location": [
      -48.68202543849293,
      -7.0252507724890165,
      2.1179055810978475
    ],
    "rotation": [
      -0.003118246974233241,
      0.02100317989567975,
      0.1441601615456624
    ]
  },
  {
    "label_id": "QR38KjHlelQRM2AqNMRE0g",
    "size": [
      0.8708842456766936,
      0.7957859262826162,
      1.7100000000000009
    ],
    "obj_class": "pedestrian",
    "point_num_in_lidar": 369,
    "speed": 1.2486232500495114,
    "if_vehicle": false,
    "motion_state": true,
    "pose": [
      [
        0.987079945545378,
        -0.15893281575306384,
        0.020335711911217916,
        -64.85805125274442
      ],
      [
        0.15884017072136175,
        0.987285446817129,
        0.006103004859116348,
        -1.9200042049742478
      ],
      [
        -0.02104712016742519,
        -0.002794025752281458,
        0.9997745806694395,
        2.4027885032489102
      ],
      [
        0.0,
        0.0,
        0.0,
        1.0
      ]
    ],
    "location": [
      -64.85805125274442,
      -1.9200042049742478,
      2.4027885032489102
    ],
    "rotation": [
      -0.0027946484462233723,
      0.02104867439059403,
      0.15955144414602973
    ]
  },
  {
    "label_id": "RuyQ2rgW8uyRGQXvZRykig",
    "size": [
      0.8520086459837131,
      0.7883763695938778,
      1.7399999999999984
    ],
    "obj_class": "pedestrian",
    "point_num_in_lidar": 54,
    "speed": 0.04436294332744209,
    "if_vehicle": false,
    "motion_state": false,
    "pose": [
      [
        -0.06929024407649517,
        0.9973892524470491,
        0.020335711911217916,
        -32.26487379193293
      ],
      [
        -0.9975683576848196,
        -0.06942712062084666,
        0.006103004859116348,
        0.0974568810324854
      ],
      [
        0.007498921377885678,
        -0.019863384037337076,
        0.9997745806694395,
        1.8961949078149445
      ],
      [
        0.0,
        0.0,
        0.0,
        1.0
      ]
    ],
    "location": [
      -32.26487379193293,
      0.0974568810324854,
      1.8961949078149445
    ],
    "rotation": [
      -0.019865249096435236,
      -0.007498991661832359,
      -1.6401440893454917
    ]
  },
  {
    "label_id": "SZT8wbUgy2ZsQ08TFaws3Q",
    "size": [
      2.1755324740347715,
      4.653172966271873,
      1.8000000000000007
    ],
    "obj_class": "vehicle",
    "point_num_in_lidar": 805,
    "speed": 6.4909569976188735,
    "if_vehicle": true,
    "motion_state": true,
    "pose": [
      [
        0.9983169552319492,
        -0.054311285360172226,
        0.020335711911217916,
        -51.42204076660141
      ],
      [
        0.05419755539984882,
        0.9985115814653177,
        0.006103004859116348,
        -11.574852394531263
      ],
      [
        -0.020636905899151292,
        -0.004990587355815226,
        0.9997745806694395,
        2.003435834942433
      ],
      [
        0.0,
        0.0,
        0.0,
        1.0
      ]
    ],
    "location": [
      -51.42204076660141,
      -11.574852394531263,
      2.003435834942433
    ],
    "rotation": [
      -0.0049916711251196694,
      0.020638370994013937,
      0.05423568518660787
    ]
  },
  {
    "label_id": "TXMWKgpsOY75H154LCp75g",
    "size": [
      2.6182996726780177,
      6.262179096259549,
      2.9199999999999946
    ],
    "obj_class": "vehicle",
    "point_num_in_lidar": 137,
    "speed": 0.02250571151609101,
    "if_vehicle": true,
    "motion_state": false,
    "pose": [
      [
        0.9807310586325254,
        -0.19430143966165014,
        0.020335711911217916,
        -8.518691529231091
      ],
      [
        0.1942162392731984,
        0.9809397564245551,
        0.006103004859116348,
        2.0783613699950365
      ],
      [
        -0.021133930919298383,
        -0.0020358809259806926,
        0.9997745806694395,
        1.78154678022468
      ],
      [
        0.0,
        0.0,
        0.0,
        1.0
      ]
    ],
    "location": [
      -8.518691529231091,
      2.0783613699950365,
      1.78154678022468
    ],
    "rotation": [
      -0.0020363371416937804,
      0.021135504456094828,
      0.19550264225093003
    ]
  },
  {
    "label_id": "WM02HP9oou4H6DzObgNI5A",
    "size": [
      0.7031396390521104,
      0.7449503725873117,
      1.8900000000000006
    ],
    "obj_class": "pedestrian",
    "point_num_in_lidar": 24,
    "speed": 1.1338535906694283,
    "if_vehicle": false,
    "motion_state": true,
    "pose": [
      [
        0.9887225593793791,
        -0.14837169337630987,
        0.020335711911217916,
        -6.844831359041677
      ],
      [
        0.1482768567973744,
        0.9889270585184635,
        0.006103004859116348,
        -14.329158727307004
      ],
      [
        -0.02101604892887056,
        -0.0030188631412779825,
        0.9997745806694395,
        1.324979797711471
      ],
      [
        0.0,
        0.0,
        0.0,
        1.0
      ]
    ],
    "location": [
      -6.844831359041677,
      -14.329158727307004,
      1.324979797711471
    ],
    "rotation": [
      -0.0030195346278286544,
      0.02101759627792521,
      0.1488587624171649
    ]
  },
  {
    "label_id": "XovAHQesTpvP2NhtwgmTFQ",
    "size": [
      0.4867504158935458,
      0.06925714317952945,
      0.5899999999999999
    ],
    "obj_class": "sign",
    "point_num_in_lidar": 58,
    "speed": 0.0486552327676182,
    "if_vehicle": false,
    "motion_state": false,
    "pose": [
      [
        -0.6744558052467615,
        0.738035111353116,
        0.020335711911217916,
        -57.42600991596987
      ],
      [
        -0.7380902686913889,
        -0.6746743722676615,
        0.006103004859116348,
        -16.92742113291206
      ],
      [
        0.0182242155391035,
        -0.010893384011901297,
        0.9997745806694395,
        3.7690981938172783
      ],
      [
        0.0,
        0.0,
        0.0,
        1.0
      ]
    ],
    "location": [
      -57.42600991596987,
      -16.92742113291206,
      3.7690981938172783
    ],
    "rotation": [
      -0.010895408993314312,
      -0.018225224467149484,
      -2.311175450325251
    ]
  },
  {
    "label_id": "YMhXkGQuZfbdQkEv_iKJuA",
    "size": [
      0.7709200612249878,
      0.7850228933688645,
      1.9800000000000004
    ],
    "obj_class": "pedestrian",
    "point_num_in_lidar": 520,
    "speed": 1.2401627460693951,
    "if_vehicle": false,
    "motion_state": true,
    "pose": [
      [
        0.9821351169359961,
        -0.18707504083169724,
        0.020335711911217916,
        -64.66297535963588
      ],
      [
        0.18698830610903028,
        0.9823431817395412,
        0.006103004859116348,
        -2.6914169436313387
      ],
      [
        -0.021118367825019736,
        -0.0021914350671693172,
        0.9997745806694395,
        2.461782127213482
      ],
      [
        0.0,
        0.0,
        0.0,
        1.0
      ]
    ],
    "location": [
      -64.66297535963588,
      -2.6914169436313387,
      2.461782127213482
    ],
    "rotation": [
      -0.002191925659972012,
      0.02111993788763816,
      0.18813793926620684
    ]
  },
  {
    "label_id": "c-K_TWAdXWEbtMF7qkoFYQ",
    "size": [
      0.7542958003227349,
      0.7512470854056542,
      1.6999999999999993
    ],
    "obj_class": "pedestrian",
    "point_num_in_lidar": 75,
    "speed": 0.04062198313991085,
    "if_vehicle": false,
    "motion_state": false,
    "pose": [
      [
        0.9706491618752273,
        -0.23963860993584174,
        0.020335711911217916,
        -49.835614571992664
      ],
      [
        0.23956319375944315,
        0.9708615913339373,
        0.006103004859116348,
        3.279406350631689
      ],
      [
        -0.02120567722790386,
        -0.0010521884585984083,
        0.9997745806694395,
        2.137739809294107
      ],
      [
        0.0,
        0.0,
        0.0,
        1.0
      ]
    ],
    "location": [
      -49.835614571992664,
      3.279406350631689,
      2.137739809294107
    ],
    "rotation": [
      -0.0010524253071389422,
      0.021207266847056046,
      0.24197141693899887
    ]
  },
  {
    "label_id": "c8pkr97KCPuiU6hRDvPTPQ",
    "size": [
      0.7542958003204544,
      0.7512470854056542,
      1.6999999999999993
    ],
    "obj_class": "pedestrian",
    "point_num_in_lidar": 49,
    "speed": 7.037689325823094e-29,
    "if_vehicle": false,
    "motion_state": false,
    "pose": [
      [
        -0.2335666638271928,
        -0.9721281152038033,
        0.020335711911217916,
        -49.056230853464854
      ],
      [
        0.9723400691064374,
        -0.23348992128521961,
        0.006103004859116348,
        3.065939842397711
      ],
      [
        -0.001184718837343253,
        0.021198686009347188,
        0.9997745806694395,
        2.1120289248186737
      ],
      [
        0.0,
        0.0,
        0.0,
        1.0
      ]
    ],
    "location": [
      -49.056230853464854,
      3.065939842397711,
      2.1120289248186737
    ],
    "rotation": [
      0.021200288936739205,
      0.0011847191144805046,
      1.80654069299109
    ]
  },
  {
    "label_id": "cGFTrk3xL7WnkwZRitc19A",
    "size": [
      0.8407234742883835,
      0.7502761060618303,
      1.9400000000000013
    ],
    "obj_class": "pedestrian",
    "point_num_in_lidar": 675,
    "speed": 0.017468559631264053,
    "if_vehicle": false,
    "motion_state": false,
    "pose": [
      [
        -0.3260414295458392,
        -0.9451367335157222,
        0.020335711911217916,
        -69.63127367946993
      ],
      [
        0.9453550893431487,
        -0.32598544198276236,
        0.006103004859116348,
        -19.690054457634687
      ],
      [
        0.0008609719582366926,
        0.021214301179477448,
        0.9997745806694395,
        2.549823130257341
      ],
      [
        0.0,
        0.0,
        0.0,
        1.0
      ]
    ],
    "location": [
      -69.63127367946993,
      -19.690054457634687,
      2.549823130257341
    ],
    "rotation": [
      0.021215900603651097,
      -0.0008609720646058979,
      1.9029096011867435
    ]
  },
  {
    "label_id": "fxeWelWNimp4MRCqEsYphw",
    "size": [
      0.8124401710871976,
      0.9219532585151657,
      1.7800000000000011
    ],
    "obj_class": "pedestrian",
    "point_num_in_lidar": 89,
    "speed": 1.41541820927269,
    "if_vehicle": false,
    "motion_state": true,
    "pose": [
      [
        -0.9976679566359564,
        0.06515448659071195,
        0.020335711911217916,
        -38.711841580819055
      ],
      [
        -0.0650428778972109,
        -0.9978638070230517,
        0.006103004859116348,
        -17.232209039057125
      ],
      [
        0.02068990905450828,
        0.004766079160339716,
        0.9997745806694395,
        1.9470199081769692
      ],
      [
        0.0,
        0.0,
        0.0,
        1.0
      ]
    ],
    "location": [
      -38.711841580819055,
      -17.232209039057125,
      1.9470199081769692
    ],
    "rotation": [
      0.004767117657053769,
      -0.020691385468550493,
      -3.0764898711330613
    ]
  },
  {
    "label_id": "heAkHabTm5FaDlTlph7IJA",
    "size": [
      0.8154775878972595,
      0.10907576020872345,
      1.0199999999999996
    ],
    "obj_class": "sign",
    "point_num_in_lidar": 281,
    "speed": 0.023245426859728024,
    "if_vehicle": false,
    "motion_state": false,
    "pose": [
      [
        -0.9818548353418651,
        0.18854055568196118,
        0.020335711911217916,
        -52.475403388918494
      ],
      [
        -0.18845413156856036,
        -0.9820630293552596,
        0.006103004859116348,
        -15.875093887781986
      ],
      [
        0.02112161477109401,
        0.002159915902981283,
        0.9997745806694395,
        3.760095441770396
      ],
      [
        0.0,
        0.0,
        0.0,
        1.0
      ]
    ],
    "location": [
      -52.475403388918494,
      -15.875093887781986,
      3.760095441770396
    ],
    "rotation": [
      0.002160399538453936,
      -0.02112318555811148,
      -2.9519619998985744
    ]
  },
  {
    "label_id": "ivjxAlT3MnWJAeoZaN5ETg",
    "size": [
      0.7253230191464612,
      1.095294108187108,
      1.8299999999999983
    ],
    "obj_class": "pedestrian",
    "point_num_in_lidar": 26,
    "speed": 1.8888256649511184,
    "if_vehicle": false,
    "motion_state": true,
    "pose": [
      [
        0.994116761439627,
        0.10638760945641874,
        0.020335711911217916,
        -33.52359993883658
      ],
      [
        -0.10653106139949527,
        0.9942906447758556,
        0.006103004859116348,
        2.9124191134087596
      ],
      [
        -0.019570324010718617,
        -0.008233484399811456,
        0.9997745806694395,
        2.028359968144777
      ],
      [
        0.0,
        0.0,
        0.0,
        1.0
      ]
    ],
    "location": [
      -33.52359993883658,
      2.9124191134087596,
      2.028359968144777
    ],
    "rotation": [
      -0.008235154636492876,
      0.01957157345720014,
      -0.10675412185544395
    ]
  },
  {
    "label_id": "k455g8kkGCU3KCCE8JRcGg",
    "size": [
      0.7862720029991928,
      1.0064637609853784,
      1.8200000000000003
    ],
    "obj_class": "pedestrian",
    "point_num_in_lidar": 77,
    "speed": 1.5558204648362186,
    "if_vehicle": false,
    "motion_state": true,
    "pose": [
      [
        0.9842918345763009,
        -0.17537400949822513,
        0.020335711911217916,
        -36.197135035445285
      ],
      [
        0.17528480486654793,
        0.9844988524699182,
        0.006103004859116348,
        0.9139814353111433
      ],
      [
        -0.021090793472883274,
        -0.0024425965550275417,
        0.9997745806694395,
        1.9489331815685276
      ],
      [
        0.0,
        0.0,
        0.0,
        1.0
      ]
    ],
    "location": [
      -36.197135035445285,
      0.9139814353111433,
      1.9489331815685276
    ],
    "rotation": [
      -0.0024431424266477897,
      0.02109235739259464,
      0.17623465599716187
    ]
  },
  {
    "label_id": "n3XQECFdyRuiEYoDxaOhLA",
    "size": [
      2.1914717213957466,
      4.838779943229555,
      1.6900000000000013
    ],
    "obj_class": "vehicle",
    "point_num_in_lidar": 5955,
    "speed": 2.728034477317155,
    "if_vehicle": true,
    "motion_state": true,
    "pose": [
      [
        0.992684966927951,
        -0.11900846716228466,
        0.020335711911217916,
        -66.17119803698586
      ],
      [
        0.11890761245998291,
        0.9928865660440553,
        0.006103004859116348,
        -6.532767754886663
      ],
      [
        -0.020917364420957766,
        -0.0036402902256960777,
        0.9997745806694395,
        2.207426488692306
      ],
      [
        0.0,
        0.0,
        0.0,
        1.0
      ]
    ],
    "location": [
      -66.17119803698586,
      -6.532767754886663,
      2.207426488692306
    ],
    "rotation": [
      -0.003641094911722588,
      0.020918890071825662,
      0.1192158243338474
    ]
  },
  {
    "label_id": "oEyIati68b8p0p7sXAHEuA",
    "size": [
      0.8628808946431273,
      1.0411388516494888,
      1.8599999999999994
    ],
    "obj_class": "pedestrian",
    "point_num_in_lidar": 61,
    "speed": 1.7452423986727894,
    "if_vehicle": false,
    "motion_state": true,
    "pose": [
      [
        0.9986005759967543,
        0.04881954977275258,
        0.020335711911217916,
        -27.927607326526868
      ],
      [
        -0.048952724137342495,
        0.9987824508526484,
        0.006103004859116348,
        -16.624453476411873
      ],
      [
        -0.020013006233036645,
        -0.007089952662950897,
        0.9997745806694395,
        1.8491571862161678
      ],
      [
        0.0,
        0.0,
        0.0,
        1.0
      ]
    ],
    "location": [
      -27.927607326526868,
      -16.624453476411873,
      1.8491571862161678
    ],
    "rotation": [
      -0.007091432360998926,
      0.020014342410147382,
      -0.048982114719606076
    ]
  },
  {
    "label_id": "pcPk1ZzDtoUcD1bKmjg9UA",
    "size": [
      2.163481197686406,
      4.8129637743530775,
      1.9800000000000004
    ],
    "obj_class": "vehicle",
    "point_num_in_lidar": 64,
    "speed": 5.835841686799677,
    "if_vehicle": true,
    "motion_state": true,
    "pose": [
      [
        0.9885587099994197,
        -0.1494594784727511,
        0.020335711911217916,
        -2.484419257770128
      ],
      [
        0.1493648669582063,
        0.9887633133618211,
        0.006103004859116348,
        -8.882292216238056
