[
  {
    "label_id": "-h1T1LaQ9WWxLjpd8tPvDw",
    "size": [
      0.7635359400706302,
      0.09606209831191423,
      0.7399999999999984
    ],
    "obj_class": "sign",
    "point_num_in_lidar": 23,
    "speed": 0.0004396755269594541,
    "if_vehicle": false,
    "motion_state": false,
    "pose": [
      [
        0.09018723342230783,
        0.9956080241895221,
        0.025118222410547557,
        -23.88042759258019
      ],
      [
        -0.9956314641660916,
        0.08951986913168604,
        0.026536401284469935,
        -45.950925666169496
      ],
      [
        0.024171274068918613,
        -0.027401737172693518,
        0.9993322241926375,
        4.526284231624139
      ],
      [
        0.0,
        0.0,
        0.0,
        1.0
      ]
    ],
    "location": [
      -23.88042759258019,
      -45.950925666169496,
      4.526284231624139
    ],
    "rotation": [
      -0.02741317871223433,
      -0.02417362836773317,
      -1.4804599184262195
    ]
  },
  {
    "label_id": "08izZfFATo8NaNCOSiMccQ",
    "size": [
      0.8599354084546209,
      1.2837768931797942,
      1.9100000000000001
    ],
    "obj_class": "pedestrian",
    "point_num_in_lidar": 242,
    "speed": 3.5374784148095992,
    "if_vehicle": false,
    "motion_state": true,
    "pose": [
      [
        0.999680721548982,
        0.002744060174421077,
        0.025118222410547557,
        -27.433097272213786
      ],
      [
        -0.00341071407780519,
        0.9996420291466086,
        0.026536401284469935,
        -18.18022468595518
      ],
      [
        -0.025036413337098405,
        -0.026613599858157335,
        0.9993322241926375,
        1.7821535589734907
      ],
      [
        0.0,
        0.0,
        0.0,
        1.0
      ]
    ],
    "location": [
      -27.433097272213786,
      -18.18022468595518,
      1.7821535589734907
    ],
    "rotation": [
      -0.02662509039898723,
      0.025039029637561907,
      -0.0034117901549453834
    ]
  },
  {
    "label_id": "0rY3ADqZNmW5LfvB4kESuQ",
    "size": [
      2.0167118969422653,
      4.533564042299038,
      1.9200000000000017
    ],
    "obj_class": "vehicle",
    "point_num_in_lidar": 70,
    "speed": 0.036034033812131744,
    "if_vehicle": true,
    "motion_state": false,
    "pose": [
      [
        0.1804930766466182,
        0.9832554724920538,
        0.025118222410547557,
        -37.57432464944975
      ],
      [
        -0.9833395990672287,
        0.17983062117773893,
        0.026536401284469935,
        -58.54871162643212
      ],
      [
        0.021575036244230864,
        -0.029489379465432564,
        0.9993322241926375,
        -0.28944557986471864
      ],
      [
        0.0,
        0.0,
        0.0,
        1.0
      ]
    ],
    "location": [
      -37.57432464944975,
      -58.54871162643212,
      -0.28944557986471864
    ],
    "rotation": [
      -0.029500524023899657,
      -0.02157671039411661,
      -1.3892658638575128
    ]
  },
  {
    "label_id": "4ieIaDhGopv8IzBazdrVAg",
    "size": [
      2.040133615370169,
      4.863289663388457,
      1.5500000000000007
    ],
    "obj_class": "vehicle",
    "point_num_in_lidar": 5471,
    "speed": 0.11237168277658209,
    "if_vehicle": true,
    "motion_state": false,
    "pose": [
      [
        0.9844783867865916,
        -0.17369911010999536,
        0.025118222410547557,
        -20.616846905788066
      ],
      [
        0.17303608951692281,
        0.9845579369095356,
        0.026536401284469935,
        0.255319129457348
      ],
      [
        -0.02933969452399773,
        -0.02177815454611912,
        0.9993322241926375,
        1.4791600473202067
      ],
      [
        0.0,
        0.0,
        0.0,
        1.0
      ]
    ],
    "location": [
      -20.616846905788066,
      0.255319129457348,
      1.4791600473202067
    ],
    "rotation": [
      -0.021789258225506314,
      0.029343905510005847,
      0.1739870948807777
    ]
  },
  {
    "label_id": "5qjHxdW2h3jFXIpQs6y-2Q",
    "size": [
      2.107334655213603,
      4.046644760548517,
      2.0700000000000003
    ],
    "obj_class": "vehicle",
    "point_num_in_lidar": 32,
    "speed": 10.175386196791692,
    "if_vehicle": true,
    "motion_state": true,
    "pose": [
      [
        0.9939461193572775,
        -0.10695880850842855,
        0.025118222410547557,
        51.147434431476086
      ],
      [
        0.10629193422056858,
        0.9939808067193853,
        0.026536401284469935,
        3.0503348381262185
      ],
      [
        -0.02780533283848144,
        -0.023705888634206838,
        0.9993322241926375,
        -0.3080843264561395
      ],
      [
        0.0,
        0.0,
        0.0,
        1.0
      ]
    ],
    "location": [
      51.147434431476086,
      3.0503348381262185,
      -0.3080843264561395
    ],
    "rotation": [
      -0.023717281365545732,
      0.027808916972026688,
      0.10653445321175518
    ]
  },
  {
    "label_id": "8bOLWx11Kp9fHLqHd13oAw",
    "size": [
      0.910351152828811,
      0.9856897121378135,
      1.8299999999999983
    ],
    "obj_class": "pedestrian",
    "point_num_in_lidar": 553,
    "speed": 1.5470373179304986,
    "if_vehicle": false,
    "motion_state": true,
    "pose": [
      [
        0.9977881894269207,
        -0.06154513744465563,
        0.025118222410547557,
        -28.7234373641445
      ],
      [
        0.060877375201438017,
        0.9977924456496216,
        0.026536401284469935,
        3.1841424119684234
      ],
      [
        -0.026695959033730617,
        -0.0249485763414574,
        0.9993322241926375,
        1.968678419489656
      ],
      [
        0.0,
        0.0,
        0.0,
        1.0
      ]
    ],
    "location": [
      -28.7234373641445,
      3.1841424119684234,
      1.968678419489656
    ],
    "rotation": [
      -0.02496006282528824,
      0.026699130971422926,
      0.060936785347854246
    ]
  },
  {
    "label_id": "9MJNWkZklOdq7gQT2jjjrg",
    "size": [
      2.1439849996011477,
      4.745664128628958,
      1.8900000000000006
    ],
    "obj_class": "vehicle",
    "point_num_in_lidar": 967,
    "speed": 0.02458628419524809,
    "if_vehicle": true,
    "motion_state": false,
    "pose": [
      [
        -0.1994170896549698,
        -0.9795927211124407,
        0.025118222410547557,
        -39.24233255211948
      ],
      [
        0.9796896044596137,
        -0.19875637932060286,
        0.026536401284469935,
        14.800157288989794
      ],
      [
        -0.021002458601495515,
        0.029899873292183337,
        0.9993322241926375,
        2.650642195677886
      ],
      [
        0.0,
        0.0,
        0.0,
        1.0
      ]
    ],
    "location": [
      -39.24233255211948,
      14.800157288989794,
      2.650642195677886
    ],
    "rotation": [
      0.029910929778294154,
      0.021004002950248037,
      1.7716042516079
    ]
  },
  {
    "label_id": "FffuTa5CoBCUrczn2a-vqw",
    "size": [
      0.8910036026465507,
      1.0492108890105931,
      1.8599999999999994
    ],
    "obj_class": "pedestrian",
    "point_num_in_lidar": 23,
    "speed": 1.2387629485951308,
    "if_vehicle": false,
    "motion_state": true,
    "pose": [
      [
        0.97812688209706,
        -0.20648699092683342,
        0.025118222410547557,
        32.05280697993555
      ],
      [
        0.20582699756487333,
        0.9782285348937125,
        0.026536401284469935,
        11.151114452735783
      ],
      [
        -0.030050783559061506,
        -0.020785959147525283,
        0.9993322241926375,
        0.2301138444392521
      ],
      [
        0.0,
        0.0,
        0.0,
        1.0
      ]
    ],
    "location": [
      32.05280697993555,
      11.151114452735783,
      0.2301138444392521
    ],
    "rotation": [
      -0.020796849989817182,
      0.030055308289335853,
      0.20740375937744904
    ]
  },
  {
    "label_id": "G7K72AJ4NpA_CgJC0kYWww",
    "size": [
      0.7960126752564934,
      0.5618731317594163,
      1.4994828004563132
    ],
    "obj_class": "sign",
    "point_num_in_lidar": 47,
    "speed": 0.003420319534215922,
    "if_vehicle": false,
    "motion_state": false,
    "pose": [
      [
        -0.9437991728851222,
        -0.3295636450889168,
        0.025118222410547557,
        21.58736764916216
      ],
      [
        0.33018097664831464,
        -0.9435445628407992,
        0.026536401284469935,
        -12.16218701411708
      ],
      [
        0.014954729048845934,
        0.033338592790814595,
        0.9993322241926375,
        0.1894349419600303
      ],
      [
        0.0,
        0.0,
        0.0,
        1.0
      ]
    ],
    "location": [
      21.58736764916216,
      -12.16218701411708,
      0.1894349419600303
    ],
    "rotation": [
      0.03334850232989687,
      -0.014955286527325733,
      2.805058233602172
    ]
  },
  {
    "label_id": "G8kucBZ9BZFgHAyYWC4yDg",
    "size": [
      0.6424448436455056,
      0.7737368046697366,
      1.9600000000000009
    ],
    "obj_class": "pedestrian",
    "point_num_in_lidar": 117,
    "speed": 1.189531937682934,
    "if_vehicle": false,
    "motion_state": true,
    "pose": [
      [
        0.9899124764923604,
        -0.1394358769746734,
        0.025118222410547557,
        0.2375875890777479
      ],
      [
        0.13877049543906314,
        0.9899689737574944,
        0.026536401284469935,
        -12.797139990199867
      ],
      [
        -0.028566387247234176,
        -0.022783046544244425,
        0.9993322241926375,
        1.1269777583874117
      ],
      [
        0.0,
        0.0,
        0.0,
        1.0
      ]
    ],
    "location": [
      0.2375875890777479,
      -12.797139990199867,
      1.1269777583874117
    ],
    "rotation": [
      -0.022794322024096394,
      0.028570273886517745,
      0.13927699906971897
    ]
  },
  {
    "label_id": "HCM_aM5QyvPrLtU-nuZPfg",
    "size": [
      0.5258255764506539,
      0.10121620204894,
      0.5399999999999991
    ],
    "obj_class": "sign",
    "point_num_in_lidar": 74,
    "speed": 0.017081717959606592,
    "if_vehicle": false,
    "motion_state": false,
    "pose": [
      [
        -0.20975845227431433,
        -0.9774305431090327,
        0.025118222410547557,
        -26.995999909980128
      ],
      [
        0.9775344035426223,
        -0.20909880271641768,
        0.026536401284469935,
        -24.35076705798747
      ],
      [
        -0.020685298887228497,
        0.030120161024506077,
        0.9993322241926375,
        3.6363269481047134
      ],
      [
        0.0,
        0.0,
        0.0,
        1.0
      ]
    ],
    "location": [
      -26.995999909980128,
      -24.35076705798747,
      3.6363269481047134
    ],
    "rotation": [
      0.030131166100597587,
      0.02068677431443125,
      1.7821701482652215
    ]
  },
  {
    "label_id": "IFH_3fO9CjAGjaIgv1VweQ",
    "size": [
      0.6876202711852925,
      0.8338225563048567,
      1.8599999999999994
    ],
    "obj_class": "pedestrian",
    "point_num_in_lidar": 37,
    "speed": 1.1192411066839099,
    "if_vehicle": false,
    "motion_state": true,
    "pose": [
      [
        0.19389373566582901,
        0.9807009198387059,
        0.025118222410547557,
        -23.878248621222838
      ],
      [
        -0.9807940784216228,
        0.19323248986635078,
        0.026536401284469935,
        -42.30362605246228
      ],
      [
        0.02117061649148181,
        -0.029781045776915725,
        0.9993322241926375,
        0.5091571862161004
      ],
      [
        0.0,
        0.0,
        0.0,
        1.0
      ]
    ],
    "location": [
      -23.878248621222838,
      -42.30362605246228,
      0.5091571862161004
    ],
    "rotation": [
      -0.0297921287881289,
      -0.02117219823794048,
      -1.3756223603764068
    ]
  },
  {
    "label_id": "Jen578WRszpN8G3K2BI_Yg",
    "size": [
      0.7754214499124218,
      0.861130270595639,
      1.8699999999999974
    ],
    "obj_class": "pedestrian",
    "point_num_in_lidar": 75,
    "speed": 1.3138026946712156,
    "if_vehicle": false,
    "motion_state": true,
    "pose": [
      [
        0.9893200775333295,
        -0.1435787557140013,
        0.025118222410547557,
        6.770316088878076
      ],
      [
        0.1429136165251543,
        0.9893793598102655,
        0.026536401284469935,
        -12.420815715242497
      ],
      [
        -0.02866151428567102,
        -0.022663258570832814,
        0.9993322241926375,
        0.8149797977113309
      ],
      [
        0.0,
        0.0,
        0.0,
        1.0
      ]
    ],
    "location": [
      6.770316088878076,
      -12.420815715242497,
      0.8149797977113309
    ],
    "rotation": [
      -0.022674515949434128,
      0.02866543989194096,
      0.1434639741745486
    ]
  },
  {
    "label_id": "K24I0eYDo2TDPl7gt2ZSIw",
    "size": [
      0.933444677058479,
      0.7922187583946023,
      1.870000000000001
    ],
    "obj_class": "pedestrian",
    "point_num_in_lidar": 29,
    "speed": 0.029135695738938643,
    "if_vehicle": false,
    "motion_state": false,
    "pose": [
      [
        -0.1571363096626673,
        -0.9872574411411303,
        0.025118222410547557,
        14.619113368001535
      ],
      [
        0.9873258419308033,
        -0.15647204626545894,
        0.026536401284469935,
        -26.65368183883038
      ],
      [
        -0.02226795997007071,
        0.02896970225886831,
        0.9993322241926375,
        1.3009743101081952
      ],
      [
        0.0,
        0.0,
        0.0,
        1.0
      ]
    ],
    "location": [
      14.619113368001535,
      -26.65368183883038,
      1.3009743101081952
    ],
    "rotation": [
      0.02898094407418154,
      0.022269800686848137,
      1.7286260565752312
    ]
  },
  {
    "label_id": "KEwfE1F6A1nr8DUnRv4xhA",
    "size": [
      0.7800767695030719,
      1.1437752229948788,
      0.6799999999999997
    ],
    "obj_class": "pedestrian",
    "point_num_in_lidar": 114,
    "speed": 0.006410587159632698,
    "if_vehicle": false,
    "motion_state": false,
    "pose": [
      [
        0.12817325636679666,
        0.9914336544899338,
        0.025118222410547557,
        -11.822262424022256
      ],
      [
        -0.9914825838552379,
        0.12750727555167535,
        0.026536401284469935,
        6.718780318298741
      ],
      [
        0.023106325196203453,
        -0.02830553702234679,
        0.9993322241926375,
        0.8372290916418876
      ],
      [
        0.0,
        0.0,
        0.0,
        1.0
      ]
    ],
    "location": [
      -11.822262424022256,
      6.718780318298741,
      0.8372290916418876
    ],
    "rotation": [
      -0.028316880387695087,
      -0.023108381776903778,
      -1.4422349892686754
    ]
  },
  {
    "label_id": "MVS-FDvMfowZTvJj3Dw3dA",
    "size": [
      0.722562452515986,
      0.7942545817179316,
      1.8900000000000006
    ],
    "obj_class": "pedestrian",
    "point_num_in_lidar": 21,
    "speed": 1.1272564859990064,
    "if_vehicle": false,
    "motion_state": true,
    "pose": [
      [
        0.9951083562650657,
        -0.0955428395766699,
        0.025118222410547557,
        0.7553880111375975
      ],
      [
        0.09487561106609496,
        0.9951353866844977,
        0.026536401284469935,
        -13.717849186945386
      ],
      [
        -0.027531395102211708,
        -0.02402348796328428,
        0.9993322241926375,
        1.126977758387433
      ],
      [
        0.0,
        0.0,
        0.0,
        1.0
      ]
    ],
    "location": [
      0.7553880111375975,
      -13.717849186945386,
      1.126977758387433
    ],
    "rotation": [
      -0.024034911779046986,
      0.027534874319732845,
      0.09505466632287576
    ]
  },
  {
    "label_id": "OQlhKA2gf7QxBoRjwYYG8g",
    "size": [
      0.8252768973504886,
      1.0533712119678817,
      1.7899999999999991
    ],
    "obj_class": "pedestrian",
    "point_num_in_lidar": 141,
    "speed": 1.5459741226332622,
    "if_vehicle": false,
    "motion_state": true,
    "pose": [
      [
        0.9996838457390297,
        0.001132903949215016,
        0.025118222410547557,
        -23.206944196909717
      ],
      [
        -0.0017996193460684308,
        0.9996462278111586,
        0.026536401284469935,
        -16.499529213990172
      ],
      [
        -0.025079273088212443,
        -0.026573214927121905,
        0.9993322241926375,
        1.7171558266668683
      ],
      [
        0.0,
        0.0,
        0.0,
        1.0
      ]
    ],
    "location": [
      -23.206944196909717,
      -16.499529213990172,
      1.7171558266668683
    ],
    "rotation": [
      -0.026584707079497345,
      0.025081902850741713,
      -0.0018001865387210158
    ]
  },
  {
    "label_id": "P8be1mBpNNUndtHnp5yJsA",
    "size": [
      0.9597539979942892,
      1.2346786865784796,
      2.009999999999998
    ],
    "obj_class": "pedestrian",
    "point_num_in_lidar": 279,
    "speed": 1.8199641270944114,
    "if_vehicle": false,
    "motion_state": true,
    "pose": [
      [
        0.982552568172336,
        -0.1842811050565981,
        0.025118222410547557,
        -18.060491029210198
      ],
      [
        0.1836189787227677,
        0.9826392471602574,
        0.026536401284469935,
        -16.94196505765467
      ],
      [
        -0.029572308512431807,
        -0.021461226885751538,
        0.9993322241926375,
        1.7131566499150637
      ],
      [
        0.0,
        0.0,
        0.0,
        1.0
      ]
    ],
    "location": [
      -18.060491029210198,
      -16.94196505765467,
      1.7131566499150637
    ],
    "rotation": [
      -0.021472267152949295,
      0.029576620479147553,
      0.1847485015688465
    ]
  },
  {
    "label_id": "Q5PhKXgruUST0xy6Tmhvuw",
    "size": [
      2.194585937154981,
      3.7584377944850687,
      1.759999999999998
    ],
    "obj_class": "vehicle",
    "point_num_in_lidar": 466,
    "speed": 8.526566907576314,
    "if_vehicle": true,
    "motion_state": true,
    "pose": [
      [
        0.9892733326625777,
        -0.1439004801437818,
        0.025118222410547557,
        -3.733400938138857
      ],
      [
        0.1432353602690109,
        0.989332831243094,
        0.026536401284469935,
        -0.4259235810768587
      ],
      [
        -0.02866888297934404,
        -0.022653936499267162,
        0.9993322241926375,
        1.1312389038376622
      ],
      [
        0.0,
        0.0,
        0.0,
        1.0
      ]
    ],
    "location": [
      -3.733400938138857,
      -0.4259235810768587,
      1.1312389038376622
    ],
    "rotation": [
      -0.022665192441855456,
      0.028672811614885236,
      0.14378922946462872
    ]
  },
  {
    "label_id": "SCePO7EHI3iF8AghIVKjHg",
    "size": [
      2.172894802514859,
      4.531856758098943,
      1.6300000000000026
    ],
    "obj_class": "vehicle",
    "point_num_in_lidar": 164,
    "speed": 0.005391171263860291,
    "if_vehicle": true,
    "motion_state": false,
    "pose": [
      [
        0.9766916620444002,
        -0.21317240017385267,
        0.025118222410547557,
        16.822547010081962
      ],
      [
        0.2125131175401792,
        0.9767978267175985,
        0.026536401284469935,
        5.739148188786203
      ],
      [
        -0.030192253415419094,
        -0.020579930123673044,
        0.9993322241926375,
        0.3694166831757357
      ],
      [
        0.0,
        0.0,
        0.0,
        1.0
      ]
    ],
    "location": [
      16.822547010081962,
      5.739148188786203,
      0.3694166831757357
    ],
    "rotation": [
      -0.02059077156850984,
      0.03019684236773287,
      0.2142453008246563
    ]
  },
  {
    "label_id": "SZT8wbUgy2ZsQ08TFaws3Q",
    "size": [
      2.175532474033008,
      4.653172966271873,
      1.8000000000000007
    ],
    "obj_class": "vehicle",
    "point_num_in_lidar": 1091,
    "speed": 6.634101803328897,
    "if_vehicle": true,
    "motion_state": true,
    "pose": [
      [
        0.9908710225519363,
        -0.1324526012195094,
        0.025118222410547557,
        -11.014033704833196
      ],
      [
        0.1317868378654518,
        0.9909228268499495,
        0.026536401284469935,
        -10.844804583635778
      ],
      [
        -0.02840503533363831,
        -0.022983899971304053,
        0.9993322241926375,
        1.3304286973083919
      ],
      [
        0.0,
        0.0,
        0.0,
        1.0
      ]
    ],
    "location": [
      -11.014033704833196,
      -10.844804583635778,
      1.3304286973083919
    ],
    "rotation": [
      -0.022995204331841743,
      0.028408856469524443,
      0.13222499069401158
    ]
  },
  {
    "label_id": "TXMWKgpsOY75H154LCp75g",
    "size": [
      2.6182996726780177,
      6.262179096259549,
      2.9199999999999946
    ],
    "obj_class": "vehicle",
    "point_num_in_lidar": 2784,
    "speed": 0.02250571132813074,
    "if_vehicle": true,
    "motion_state": false,
    "pose": [
      [
        0.9806244111531456,
        -0.1942803107715254,
        0.025118222410547557,
        -8.648309153592095
      ],
      [
        0.19361910174633415,
        0.9807178303904811,
        0.026536401284469935,
        2.049602733055508
      ],
      [
        -0.029789388874042484,
        -0.021158875223112054,
        0.9993322241926375,
        1.7815467802245806
      ],
      [
        0.0,
        0.0,
        0.0,
        1.0
      ]
    ],
    "location": [
      -8.648309153592095,
      2.049602733055508,
      1.7815467802245806
    ],
    "rotation": [
      -0.021169850970884804,
      0.02979379652318322,
      0.1949373464940006
    ]
  },
  {
    "label_id": "UBX5s_zLkYOWEFjNNTwuRA",
    "size": [
      2.0167118969422653,
      4.533564042299038,
      2.1199999999999974
    ],
    "obj_class": "vehicle",
    "point_num_in_lidar": 63,
    "speed": 5.695433295429594e-13,
    "if_vehicle": true,
    "motion_state": false,
    "pose": [
      [
        0.1804930766466182,
        0.9832554724920538,
        0.025118222410547557,
        -38.52608570093378
      ],
      [
        -0.9833395990672287,
        0.17983062117773893,
        0.026536401284469935,
        -51.61774913211411
      ],
      [
        0.021575036244230864,
        -0.029489379465432564,
        0.9993322241926375,
        0.03340873054758475
      ],
      [
        0.0,
        0.0,
        0.0,
        1.0
      ]
    ],
    "location": [
      -38.52608570093378,
      -51.61774913211411,
      0.03340873054758475
    ],
    "rotation": [
      -0.029500524023899657,
      -0.02157671039411661,
      -1.3892658638575128
    ]
  },
  {
    "label_id": "WLoeAc0DhdudwO48POEAkg",
    "size": [
      0.7991696349863429,
      0.9996157537304644,
      1.8200000000000003
    ],
    "obj_class": "pedestrian",
    "point_num_in_lidar": 123,
    "speed": 1.4496529112218544,
    "if_vehicle": false,
    "motion_state": true,
    "pose": [
      [
        -0.8354810513308222,
        -0.5489448859130379,
        0.025118222410547557,
        -20.981274777209364
      ],
      [
        0.5494818832892133,
        -0.8350841151308107,
        0.026536401284469935,
        -23.24529586094468
      ],
      [
        0.00640880675972506,
        0.03597266859871052,
        0.9993322241926375,
        1.6209752755484175
      ],
      [
        0.0,
        0.0,
        0.0,
        1.0
      ]
    ],
    "location": [
      -20.981274777209364,
      -23.24529586094468,
      1.6209752755484175
    ],
    "rotation": [
      0.03598117067307692,
      -0.006408850631813351,
      2.5598351592809254
    ]
  },
  {
    "label_id": "WM02HP9oou4H6DzObgNI5A",
    "size": [
      0.7031396390502974,
      0.7449503725873117,
      1.8900000000000006
    ],
    "obj_class": "pedestrian",
    "point_num_in_lidar": 88,
    "speed": 1.1928859949080324,
    "if_vehicle": false,
    "motion_state": true,
    "pose": [
      [
        0.995108356264829,
        -0.09554283957913488,
        0.025118222410547557,
        0.02115119172356117
      ],
      [
        0.09487561106856002,
        0.9951353866842626,
        0.026536401284469935,
        -13.437432724616883
      ],
      [
        -0.027531395102271213,
        -0.024023487963216076,
        0.9993322241926375,
        1.1269777583874117
      ],
      [
        0.0,
        0.0,
        0.0,
        1.0
      ]
    ],
    "location": [
      0.02115119172356117,
      -13.437432724616883,
      1.1269777583874117
    ],
    "rotation": [
      -0.024034911778978776,
      0.027534874319792374,
      0.0950546663253531
    ]
  },
  {
    "label_id": "X1QVD9fiqiMe00eEkzSVqw",
    "size": [
      1.87626868123308,
      4.220020911314616,
      1.8299999999999983
    ],
    "obj_class": "vehicle",
    "point_num_in_lidar": 139,
    "speed": 1.4210854715202004e-12,
    "if_vehicle": true,
    "motion_state": false,
    "pose": [
      [
        0.19325590883929636,
        0.9808268086678869,
        0.025118222410547557,
        -39.32510846606715
      ],
      [
        -0.9809195371986763,
        0.1925946025952034,
        0.026536401284469935,
        -45.90318196912085
      ],
      [
        0.021189979722319726,
        -0.029767271449762236,
        0.9993322241926375,
        0.39286689411466824
      ],
      [
        0.0,
        0.0,
        0.0,
        1.0
      ]
    ],
    "location": [
      -39.32510846606715,
      -45.90318196912085,
      0.39286689411466824
    ],
    "rotation": [
      -0.029778357481258618,
      -0.021191565813461894,
      -1.3762725545481103
    ]
  },
  {
    "label_id": "XD1OhGtSBLIHK7-rhSwK2w",
    "size": [
      2.407131183613111,
      5.5554074490899295,
      2.0
    ],
    "obj_class": "vehicle",
    "point_num_in_lidar": 243,
    "speed": 0.12370563743567242,
    "if_vehicle": true,
    "motion_state": false,
    "pose": [
      [
        0.9851500770618093,
        -0.1698481691630653,
        0.025118222410547557,
        -1.9528176494420677
      ],
      [
        0.1691848425735491,
        0.9852270339623417,
        0.026536401284469935,
        3.3585175501521007
      ],
      [
        -0.029254310938293823,
        -0.021892715266082774,
        0.9993322241926375,
        1.0498516992920912
      ],
      [
        0.0,
        0.0,
        0.0,
        1.0
      ]
    ],
    "location": [
      -1.9528176494420677,
      3.3585175501521007,
      1.0498516992920912
    ],
    "rotation": [
      -0.02190384079291646,
      0.02925848525769138,
      0.17007603195330215
    ]
  },
  {
    "label_id": "_U7I_-9YDsN0M7ODAPdyuw",
    "size": [
      0.7754214499125001,
      0.861130270595639,
      1.9200000000000017
    ],
    "obj_class": "pedestrian",
    "point_num_in_lidar": 50,
    "speed": 0.8131116694824041,
    "if_vehicle": false,
    "motion_state": false,
    "pose": [
      [
        0.22395567099256403,
        0.9742755936249273,
        0.025118222410547557,
        -23.518779044012263
      ],
      [
        -0.9743890394851351,
        0.22329760217724118,
        0.026536401284469935,
        -36.36770018121024
      ],
      [
        0.02024492927886632,
        -0.03041789816357883,
        0.9993322241926375,
        1.0363064403746378
      ],
      [
        0.0,
        0.0,
        0.0,
        1.0
      ]
    ],
    "location": [
      -23.518779044012263,
      -36.36770018121024,
      1.0363064403746378
    ],
    "rotation": [
      -0.030428829104334382,
      -0.02024631245553022,
      -1.344877863999576
    ]
  },
  {
    "label_id": "a6u1f60XbxGtEHNO2uP9Ug",
    "size": [
      0.5258255764473146,
      0.10121620204894,
      0.5700000000000003
    ],
    "obj_class": "sign",
    "point_num_in_lidar": 30,
    "speed": 0.006666979006893936,
    "if_vehicle": false,
    "motion_state": false,
    "pose": [
      [
        -0.9401475824484288,
        0.33984054807999126,
        0.025118222410547557,
        10.002392949549062
      ],
      [
        -0.33920096842120395,
        -0.9403395782529772,
        0.026536401284469935,
        -11.077900948175738
      ],
      [
        0.03263780382458362,
        0.016428008147798875,
        0.9993322241926375,
        3.3897067015886577
      ],
      [
        0.0,
        0.0,
        0.0,
        1.0
      ]
    ],
    "location": [
      10.002392949549062,
      -11.077900948175738,
      3.3897067015886577
    ],
    "rotation": [
      0.016437505119603207,
      -0.032643601044755194,
      -2.7953330658302336
    ]
  },
  {
    "label_id": "bN1HpAOAVLxExyTvaQQIrQ",
    "size": [
      0.6465920004986769,
      0.8036470105207957,
      1.4799999999999969
    ],
    "obj_class": "pedestrian",
    "point_num_in_lidar": 31,
    "speed": 1.3615958712826541,
    "if_vehicle": false,
    "motion_state": true,
    "pose": [
      [
        0.9847610573660078,
        -0.17208932215078437,
        0.025118222410547557,
        18.6288788385275
      ],
      [
        0.1714261723847515,
        0.9848395233886499,
        0.026536401284469935,
        -10.312632334109367
      ],
      [
        -0.029304049496539395,
        -0.02182609386263425,
        0.9993322241926375,
        0.30208028143987775
      ],
      [
        0.0,
        0.0,
        0.0,
        1.0
      ]
    ],
    "location": [
      18.6288788385275,
      -10.312632334109367,
      0.30208028143987775
    ],
    "rotation": [
      -0.02183720675415018,
      0.029308245149356173,
      0.17235184737896914
    ]
  },
  {
    "label_id": "cL-4W0YVzpLc1qe6W9RJdQ",
    "size": [
      0.8876566171993983,
      0.811755056170917,
      1.8200000000000003
    ],
    "obj_class": "pedestrian",
    "point_num_in_lidar": 188,
    "speed": 0.12234288332804985,
    "if_vehicle": false,
    "motion_state": false,
    "pose": [
      [
        0.29154387417222855,
        0.9562276111552007,
        0.025118222410547557,
        -19.48077461243929
      ],
      [
        -0.9563868016874157,
        0.2908953505386177,
        0.026536401284469935,
        -21.93121372425412
      ],
      [
        0.018068065495881296,
        -0.031759261632360015,
        0.9993322241926375,
        1.6130703899959826
      ],
      [
        0.0,
        0.0,
        0.0,
        1.0
      ]
    ],
    "location": [
      -19.48077461243929,
      -21.93121372425412,
      1.6130703899959826
    ],
    "rotation": [
      -0.03176979092918579,
      -0.018069048708685868,
      -1.274906133355711
    ]
  },
  {
    "label_id": "f_mcdQwU6Z8B_jkdkenPtw",
    "size": [
      0.868488696471087,
      0.09669036367588968,
      0.9100000000000001
    ],
    "obj_class": "sign",
    "point_num_in_lidar": 41,
    "speed": 0.0019429170347229135,
    "if_vehicle": false,
    "motion_state": false,
    "pose": [
      [
        0.23685527469515763,
        0.9712201880891972,
        0.025118222410547557,
        -27.286759917507766
      ],
      [
        -0.9713423502377031,
        0.23619876807800047,
        0.026536401284469935,
        -24.513457552735417
      ],
      [
        0.019839795457032752,
        -0.030683679805708665,
        0.9993322241926375,
        4.817707727112236
      ],
      [
        0.0,
        0.0,
        0.0,
        1.0
      ]
    ],
    "location": [
      -27.286759917507766,
      -24.513457552735417,
      4.817707727112236
    ],
    "rotation": [
      -0.030694540013036762,
      -0.01984109723602168,
      -1.3316205940831818
    ]
  },
  {
    "label_id": "ivjxAlT3MnWJAeoZaN5ETg",
    "size": [
      0.7253230191468888,
      1.095294108187108,
      1.8299999999999983
    ],
    "obj_class": "pedestrian",
    "point_num_in_lidar": 842,
    "speed": 1.7780637687497924,
    "if_vehicle": false,
    "motion_state": true,
    "pose": [
      [
        0.9979257016128305,
        -0.059273678504663654,
        0.025118222410547557,
        -23.232798304790208
      ],
      [
        0.05860590830293363,
        0.9979284377744017,
        0.026536401284469935,
        3.1055429873158573
      ],
      [
        -0.026639098568234102,
        -0.025009280630759037,
        0.9993322241926375,
        1.7983599681446947
      ],
      [
        0.0,
        0.0,
        0.0,
        1.0
      ]
    ],
    "location": [
      -23.232798304790208,
      3.1055429873158573,
      1.7983599681446947
    ],
    "rotation": [
      -0.025020769749980524,
      0.026642250276766852,
      0.058660350253368805
    ]
  },
  {
    "label_id": "jUwTOaYBTLX6LY3CRbHeFA",
    "size": [
      0.8554961916776548,
      0.9410819046885246,
      1.7800000000000011
    ],
    "obj_class": "pedestrian",
    "point_num_in_lidar": 49,
    "speed": 1.302979734100331,
    "if_vehicle": false,
    "motion_state": true,
    "pose": [
      [
        0.9862922324884845,
        -0.16308496876111997,
        0.025118222410547557,
        18.950635071639226
      ],
      [
        0.16242112977652431,
        0.9863646364347148,
        0.026536401284469935,
        -10.840091612248216
      ],
      [
        -0.029103414490376373,
        -0.022092916403170997,
        0.9993322241926375,
        0.4240794135871795
      ],
      [
        0.0,
        0.0,
        0.0,
        1.0
      ]
    ],
    "location": [
      18.950635071639226,
      -10.840091612248216,
      0.4240794135871795
    ],
    "rotation": [
      -0.022104078726791668,
      0.029107524531509443,
      0.1632136278372498
    ]
  },
  {
    "label_id": "k455g8kkGCU3KCCE8JRcGg",
    "size": [
      0.7862720030022855,
      1.0064637609853784,
      1.8200000000000003
    ],
    "obj_class": "pedestrian",
    "point_num_in_lidar": 809,
    "speed": 1.5366573027396389,
    "if_vehicle": false,
    "motion_state": true,
    "pose": [
      [
        0.9925326412524924,
        -0.11936511614071094,
        0.025118222410547557,
        -27.913937031165688
      ],
      [
        0.11869872712768927,
        0.9925756553457958,
        0.026536401284469935,
        2.303522788793998
      ],
      [
        -0.02809925669154796,
        -0.023356743428368784,
        0.9993322241926375,
        1.8939314821318334
      ],
      [
        0.0,
        0.0,
        0.0,
        1.0
      ]
    ],
    "location": [
      -27.913937031165688,
      2.303522788793998,
      1.8939314821318334
    ],
    "rotation": [
      -0.023368096466875328,
      0.028102955719363613,
      0.11902646350023441
    ]
  },
  {
    "label_id": "nFRMhx9fAdidol2xeZjsLw",
    "size": [
      0.7657368181463129,
      0.0970196937869913,
      0.7399999999999984
    ],
    "obj_class": "sign",
    "point_num_in_lidar": 30,
    "speed": 2.864289338439558e-13,
    "if_vehicle": false,
    "motion_state": false,
    "pose": [
      [
        0.09018723342484748,
        0.9956080241892921,
        0.025118222410547557,
        -23.879590662125906
      ],
      [
        -0.9956314641658632,
        0.08951986913422573,
        0.026536401284469935,
        -45.94978777382312
      ],
      [
        0.024171274068848714,
        -0.027401737172755174,
        0.9993322241926375,
        3.7439839487491575
      ],
      [
        0.0,
        0.0,
        0.0,
        1.0
      ]
    ],
    "location": [
      -23.879590662125906,
      -45.94978777382312,
      3.7439839487491575
    ],
    "rotation": [
      -0.02741317871229598,
      -0.02417362836766325,
      -1.4804599184236689
    ]
  },
  {
    "label_id": "oEyIati68b8p0p7sXAHEuA",
    "size": [
      0.8628808946415388,
      1.0411388516494888,
      1.8599999999999994
    ],
    "obj_class": "pedestrian",
    "point_num_in_lidar": 233,
    "speed": 1.7755219600765408,
    "if_vehicle": false,
    "motion_state": true,
    "pose": [
      [
        0.9758710614668946,
        -0.21689800896829475,
        0.025118222410547557,
        -17.699362595316984
      ],
      [
        0.21623913627097147,
        0.9759797412608797,
        0.026536401284469935,
        -15.884042179808603
      ],
      [
        -0.030270568812964666,
        -0.020464563370268182,
        0.9993322241926375,
        1.6491532533684747
      ],
      [
        0.0,
        0.0,
        0.0,
        1.0
      ]
    ],
    "location": [
      -17.699362595316984,
      -15.884042179808603,
      1.6491532533684747
    ],
    "rotation": [
      -0.020475376389734696,
      0.030275193577565494,
      0.21806235845990482
    ]
  },
  {
    "label_id": "pcPk1ZzDtoUcD1bKmjg9UA",
    "size": [
      2.1634811976881476,
      4.8129637743530775,
      1.9799999999999969
    ],
    "obj_class": "vehicle",
    "point_num_in_lidar": 247,
    "speed": 0.9515498420073342,
    "if_vehicle": true,
    "motion_state": false,
    "pose": [
      [
        0.9948614774043152,
        -0.09808014926496228,
        0.025118222410547557,
        11.42588384768817
      ],
      [
        0.09741299185400225,
        0.9948902092316125,
        0.026536401284469935,
        -7.012843896660343
      ],
      [
        -0.027592567748491587,
        -0.023953202191795846,
        0.9993322241926375,
        0.6066371706115561
      ],
      [
        0.0,
        0.0,
        0.0,
        1.0
      ]
    ],
    "location": [
      11.42588384768817,
      -7.012843896660343,
      0.6066371706115561
    ],
    "rotation": [
      -0.02396461954417528,
      0.027596070214561414,
      0.09760499808787224
    ]
  },
  {
    "label_id": "qLypwlYfLdIxLz4CCeYWYg",
    "size": [
      0.8473926735873716,
      0.9331264342026916,
      1.8900000000000006
    ],
    "obj_class": "pedestrian",
    "point_num_in_lidar": 58,
    "speed": 1.329656061656855,
    "if_vehicle": false,
    "motion_state": true,
    "pose": [
      [
        0.9824299223991166,
        -0.1849338327018601,
        0.025118222410547557,
        19.1654261619924
      ],
      [
        0.1842717641001774,
        0.982517041257951,
        0.026536401284469935,
        -9.699301769574959
      ],
      [
        -0.02958655996012193,
        -0.021441575500001416,
        0.9993322241926375,
        0.4790794135871721
      ],
      [
        0.0,
        0.0,
        0.0,
        1.0
      ]
    ],
    "location": [
      19.1654261619924,
      -9.699301769574959,
      0.4790794135871721
    ],
    "rotation": [
      -0.021452611692510754,
      0.02959087816553367,
      0.18541299905578024
    ]
  },
  {
    "label_id": "tnRPM6MdPaKwSYNbbGXKGw",
    "size": [
      1.8538543203621751,
      3.6340820156792333,
      1.2800000000000011
    ],
    "obj_class": "vehicle",
    "point_num_in_lidar": 45,
    "speed": 10.35912560449305,
    "if_vehicle": true,
    "motion_state": true,
    "pose": [
      [
        0.9867205598224741,
        -0.16047308723445633,
        0.025118222410547557,
        41.510803282487245
      ],
      [
        0.15980905887967398,
        0.9867912059330801,
        0.026536401284469935,
        6.932318676192153
      ],
      [
        -0.029044819221610826,
        -0.02216989324692606,
        0.9993322241926375,
        -0.10809644492830728
      ],
      [
        0.0,
        0.0,
        0.0,
        1.0
      ]
    ],
    "location": [
      41.510803282487245,
      6.932318676192153,
      -0.10809644492830728
    ],
    "rotation": [
      -0.022181069247831194,
      0.02904890448160821,
      0.16056555166686604
    ]
  },
  {
    "label_id": "u9CC60NYBNzJ1AWC3rJE8g",
    "size": [
      0.7892061586504284,
      0.9844381235428028,
      1.9600000000000009
    ],
    "obj_class": "pedestrian",
    "point_num_in_lidar": 73,
    "speed": 1.97930400908378,
    "if_vehicle": false,
    "motion_state": true,
    "pose": [
      [
        0.12943148033820498,
        0.9912701785085613,
        0.025118222410547557,
        -25.478979343941774
      ],
      [
        -0.991319953097046,
        0.12876556216061866,
        0.026536401284469935,
        -28.612119174109466
      ],
      [
