[
  {
    "label_id": "08izZfFATo8NaNCOSiMccQ",
    "size": [
      0.8599354084565392,
      1.2837768931797942,
      1.9100000000000001
    ],
    "obj_class": "pedestrian",
    "point_num_in_lidar": 99,
    "speed": 3.6365894510859795,
    "if_vehicle": false,
    "motion_state": true,
    "pose": [
      [
        0.9963551118852233,
        0.08455346653808318,
        0.01127840044410227,
        -45.24033671380664
      ],
      [
        -0.08466994192737558,
        0.9963559903039909,
        0.01028306954990807,
        -17.918772850700407
      ],
      [
        -0.010367832666431556,
        -0.011200530422558013,
        0.9998835212983831,
        2.0640755582664454
      ],
      [
        0.0,
        0.0,
        0.0,
        1.0
      ]
    ],
    "location": [
      -45.24033671380664,
      -17.918772850700407,
      2.0640755582664454
    ],
    "rotation": [
      -0.01120136669347187,
      0.010368018418515802,
      -0.0847760035886456
    ]
  },
  {
    "label_id": "1zMPVmoaMduqtYee4942sw",
    "size": [
      0.8132070008223656,
      0.9549234822147807,
      1.6400000000000006
    ],
    "obj_class": "pedestrian",
    "point_num_in_lidar": 268,
    "speed": 1.7412532198288038,
    "if_vehicle": false,
    "motion_state": true,
    "pose": [
      [
        0.9903547103532099,
        -0.13809542122978608,
        0.01127840044410227,
        -56.196617557567265
      ],
      [
        0.13798202973974205,
        0.9903813497585324,
        0.01028306954990807,
        -18.9391856391685
      ],
      [
        -0.012589962275976982,
        -0.00862766978014628,
        0.9998835212983831,
        2.1997508767970047
      ],
      [
        0.0,
        0.0,
        0.0,
        1.0
      ]
    ],
    "location": [
      -56.196617557567265,
      -18.9391856391685,
      2.1997508767970047
    ],
    "rotation": [
      -0.008628460700017115,
      0.012590294899543036,
      0.13843470745380915
    ]
  },
  {
    "label_id": "3d5h6MqHU-xw9T8tTj93KA",
    "size": [
      0.6516660921577777,
      0.8010088737933407,
      1.4199999999999982
    ],
    "obj_class": "pedestrian",
    "point_num_in_lidar": 300,
    "speed": 1.2003494009997655,
    "if_vehicle": false,
    "motion_state": true,
    "pose": [
      [
        0.9790062155110787,
        -0.20351812615611828,
        0.01127840044410227,
        -65.5441331385324
      ],
      [
        0.20340675265024039,
        0.9790403216706223,
        0.01028306954990807,
        -3.133953971317169
      ],
      [
        -0.013134799844654307,
        -0.007773086194468839,
        0.9998835212983831,
        2.241972251191587
      ],
      [
        0.0,
        0.0,
        0.0,
        1.0
      ]
    ],
    "location": [
      -65.5441331385324,
      -3.133953971317169,
      2.241972251191587
    ],
    "rotation": [
      -0.007773835097681518,
      0.013135177549751574,
      0.20485408809930689
    ]
  },
  {
    "label_id": "42zkZFUhYm9DrYMPgBIysg",
    "size": [
      0.8246506285814671,
      0.8379667180029862,
      1.9499999999999993
    ],
    "obj_class": "pedestrian",
    "point_num_in_lidar": 181,
    "speed": 0.7959753676075356,
    "if_vehicle": false,
    "motion_state": false,
    "pose": [
      [
        -0.3359876637563254,
        -0.9417988572338516,
        0.01127840044410227,
        -48.62080252130147
      ],
      [
        0.9418479296631742,
        -0.33588202671447587,
        0.01028306954990807,
        -16.09392414829199
      ],
      [
        -0.005896371151697121,
        0.014077522622507372,
        0.9998835212983831,
        2.0319951293013787
      ],
      [
        0.0,
        0.0,
        0.0,
        1.0
      ]
    ],
    "location": [
      -48.62080252130147,
      -16.09392414829199,
      2.0319951293013787
    ],
    "rotation": [
      0.014078232385280524,
      0.005896405318943746,
      1.9134561864335489
    ]
  },
  {
    "label_id": "4ieIaDhGopv8IzBazdrVAg",
    "size": [
      2.040133615370168,
      4.863289663388457,
      1.5500000000000007
    ],
    "obj_class": "vehicle",
    "point_num_in_lidar": 154,
    "speed": 0.02771792530637264,
    "if_vehicle": true,
    "motion_state": false,
    "pose": [
      [
        0.9847264641633754,
        -0.173742880313753,
        0.01127840044410227,
        -20.595861570053103
      ],
      [
        0.17363052396973044,
        0.9847571780020842,
        0.01028306954990807,
        0.29853340665977157
      ],
      [
        -0.012893095915779283,
        -0.008167736139977127,
        0.9998835212983831,
        1.4791600473203275
      ],
      [
        0.0,
        0.0,
        0.0,
        1.0
      ]
    ],
    "location": [
      -20.595861570053103,
      0.29853340665977157,
      1.4791600473203275
    ],
    "rotation": [
      -0.008168505933460399,
      0.012893453149855662,
      0.17452965509021603
    ]
  },
  {
    "label_id": "5_8SCmp05AepT5qREHEGCg",
    "size": [
      0.9905850335485453,
      0.9725125636682508,
      1.7300000000000004
    ],
    "obj_class": "pedestrian",
    "point_num_in_lidar": 97,
    "speed": 1.5677129165498687,
    "if_vehicle": false,
    "motion_state": true,
    "pose": [
      [
        0.9968193120523428,
        -0.07889269169521726,
        0.01127840044410227,
        -37.60857568194501
      ],
      [
        0.0787779154193777,
        0.9968391537870134,
        0.01028306954990807,
        2.954863928083796
      ],
      [
        -0.01205401019045136,
        -0.009361873438274396,
        0.9998835212983831,
        2.0169875363618246
      ],
      [
        0.0,
        0.0,
        0.0,
        1.0
      ]
    ],
    "location": [
      -37.60857568194501,
      2.954863928083796,
      2.0169875363618246
    ],
    "rotation": [
      -0.009362690436846295,
      0.012054302115801767,
      0.07886536756677488
    ]
  },
  {
    "label_id": "5qjHxdW2h3jFXIpQs6y-2Q",
    "size": [
      2.107334655216236,
      4.046644760548517,
      2.0700000000000003
    ],
    "obj_class": "vehicle",
    "point_num_in_lidar": 23,
    "speed": 11.242600274134706,
    "if_vehicle": true,
    "motion_state": true,
    "pose": [
      [
        0.9909798557026849,
        -0.1335354757167856,
        0.01127840044410227,
        -2.6070523786004287
      ],
      [
        0.1334219628099799,
        0.991005972898531,
        0.01028306954990807,
        -2.859133433410534
      ],
      [
        -0.012550116789022564,
        -0.008685528454139498,
        0.9998835212983831,
        1.2459188911586594
      ],
      [
        0.0,
        0.0,
        0.0,
        1.0
      ]
    ],
    "location": [
      -2.6070523786004287,
      -2.859133433410534,
      1.2459188911586594
    ],
    "rotation": [
      -0.008686321777153574,
      0.012550446264301999,
      0.1338316212968656
    ]
  },
  {
    "label_id": "5t8pkk_JnoYw1nKx095DbQ",
    "size": [
      0.7978681582660434,
      0.9549442125635543,
      1.6799999999999997
    ],
    "obj_class": "pedestrian",
    "point_num_in_lidar": 122,
    "speed": 1.5724873216830841,
    "if_vehicle": false,
    "motion_state": true,
    "pose": [
      [
        -0.9978889880776105,
        0.06395596263730725,
        0.01127840044410227,
        -40.15699808174702
      ],
      [
        -0.06384090209221374,
        -0.997907108753457,
        0.01028306954990807,
        -16.625687348028805
      ],
      [
        0.011912459590468556,
        0.00954133860898074,
        0.9998835212983831,
        1.9641467254288614
      ],
      [
        0.0,
        0.0,
        0.0,
        1.0
      ]
    ],
    "location": [
      -40.15699808174702,
      -16.625687348028805,
      1.9641467254288614
    ],
    "rotation": [
      0.00954216047706932,
      -0.011912741351420267,
      -3.077703766657392
    ]
  },
  {
    "label_id": "6k1Fgl9ysuxlrOUgJkRAwQ",
    "size": [
      0.4397877024101129,
      0.0907517669424712,
      0.620000000000001
    ],
    "obj_class": "sign",
    "point_num_in_lidar": 23,
    "speed": 0.019612313110595008,
    "if_vehicle": false,
    "motion_state": false,
    "pose": [
      [
        -0.999409812769411,
        -0.032447246780477175,
        0.01127840044410227,
        -24.242191693771247
      ],
      [
        0.03256351765046629,
        -0.9994167678195416,
        0.01028306954990807,
        1.4478658602401993
      ],
      [
        0.010938165222672498,
        0.010644265005499007,
        0.9998835212983831,
        3.8712376256082024
      ],
      [
        0.0,
        0.0,
        0.0,
        1.0
      ]
    ],
    "location": [
      -24.242191693771247,
      1.4478658602401993,
      3.8712376256082024
    ],
    "rotation": [
      0.010645102867185128,
      -0.010938383347735827,
      3.109021429011909
    ]
  },
  {
    "label_id": "73DbqBTixcev79gSfQli1Q",
    "size": [
      1.0055937722541446,
      0.9917054885455836,
      1.9800000000000004
    ],
    "obj_class": "pedestrian",
    "point_num_in_lidar": 89,
    "speed": 0.6485251197619252,
    "if_vehicle": false,
    "motion_state": false,
    "pose": [
      [
        0.163499865221735,
        -0.9864788856107853,
        0.01127840044410227,
        -47.811858405548264
      ],
      [
        0.9864705010094067,
        0.16361604175288508,
        0.01028306954990807,
        -21.014414664978176
      ],
      [
        -0.011989358228219508,
        0.009444528851202586,
        0.9998835212983831,
        2.1303200201748957
      ],
      [
        0.0,
        0.0,
        0.0,
        1.0
      ]
    ],
    "location": [
      -47.811858405548264,
      -21.014414664978176,
      2.1303200201748957
    ],
    "rotation": [
      0.009445348168128809,
      0.011989645481272609,
      1.406547191926602
    ]
  },
  {
    "label_id": "8bOLWx11Kp9fHLqHd13oAw",
    "size": [
      0.9103511528288275,
      0.9856897121378135,
      1.8299999999999983
    ],
    "obj_class": "pedestrian",
    "point_num_in_lidar": 105,
    "speed": 1.296100857080536,
    "if_vehicle": false,
    "motion_state": true,
    "pose": [
      [
        0.9992629762764333,
        0.03669198722591723,
        0.01127840044410227,
        -35.50740708489923
      ],
      [
        -0.03680828658889917,
        0.9992694373986533,
        0.01028306954990807,
        4.919001816211676
      ],
      [
        -0.010892854609966356,
        -0.010690629279509584,
        0.9998835212983831,
        2.078678419489769
      ],
      [
        0.0,
        0.0,
        0.0,
        1.0
      ]
    ],
    "location": [
      -35.50740708489923,
      4.919001816211676,
      2.078678419489769
    ],
    "rotation": [
      -0.010691467265027491,
      0.010893070035442045,
      -0.03681878868383859
    ]
  },
  {
    "label_id": "9MJNWkZklOdq7gQT2jjjrg",
    "size": [
      2.1439849996011473,
      4.745664128628958,
      1.8900000000000006
    ],
    "obj_class": "vehicle",
    "point_num_in_lidar": 422,
    "speed": 0.009689795281408214,
    "if_vehicle": true,
    "motion_state": false,
    "pose": [
      [
        -0.19946734049759993,
        -0.9798395673569408,
        0.01127840044410227,
        -39.230843332366476
      ],
      [
        0.9798732125981472,
        -0.19935582688554065,
        0.01028306954990807,
        14.90831585948763
      ],
      [
        -0.007827343572402997,
        0.01310253901140288,
        0.9998835212983831,
        2.6506421956779036
      ],
      [
        0.0,
        0.0,
        0.0,
        1.0
      ]
    ],
    "location": [
      -39.230843332366476,
      14.90831585948763,
      2.6506421956779036
    ],
    "rotation": [
      0.013103315371651818,
      0.007827423501317477,
      1.771616870405301
    ]
  },
  {
    "label_id": "BCrQdAU9RIUuQhcH0qFoKw",
    "size": [
      0.7857085800679586,
      0.788238268240093,
      1.7100000000000009
    ],
    "obj_class": "pedestrian",
    "point_num_in_lidar": 116,
    "speed": 1.0995831239390568,
    "if_vehicle": false,
    "motion_state": true,
    "pose": [
      [
        -0.839989311324134,
        -0.5424857182863245,
        0.01127840044410227,
        -49.45407482106964
      ],
      [
        0.5425889679122345,
        -0.8399353965517632,
        0.01028306954990807,
        -19.48840767398906
      ],
      [
        0.0038947093785165142,
        0.014757204166191792,
        0.9998835212983831,
        2.0701580674392908
      ],
      [
        0.0,
        0.0,
        0.0,
        1.0
      ]
    ],
    "location": [
      -49.45407482106964,
      -19.48840767398906,
      2.0701580674392908
    ],
    "rotation": [
      0.014757851781611356,
      -0.003894719224903106,
      2.5680715913959378
    ]
  },
  {
    "label_id": "DFFZT9hbqKnRJi5XKB72zQ",
    "size": [
      1.9835447554658885,
      4.6246996539475065,
      1.5199999999999996
    ],
    "obj_class": "vehicle",
    "point_num_in_lidar": 341,
    "speed": 6.118636649942861,
    "if_vehicle": true,
    "motion_state": true,
    "pose": [
      [
        0.0004371350840143797,
        -0.9999363012694062,
        0.01127840044410227,
        -43.433566138083165
      ],
      [
        0.9999469748615615,
        0.0005531237143229249,
        0.01028306954990807,
        12.697412099858411
      ],
      [
        -0.010288652882176397,
        0.011273307314885734,
        0.9998835212983831,
        2.4765858455346184
      ],
      [
        0.0,
        0.0,
        0.0,
        1.0
      ]
    ],
    "location": [
      -43.433566138083165,
      12.697412099858411,
      2.4765858455346184
    ],
    "rotation": [
      0.011274142872244111,
      0.010288834410745368,
      1.570359168558353
    ]
  },
  {
    "label_id": "F5yeP9X05QiAK9kFJj2XZA",
    "size": [
      2.338643937574261,
      5.031358297402567,
      1.9699999999999989
    ],
    "obj_class": "vehicle",
    "point_num_in_lidar": 312,
    "speed": 5.695433295429594e-13,
    "if_vehicle": true,
    "motion_state": false,
    "pose": [
      [
        0.18053855885243292,
        0.9835032417083885,
        0.01127840044410227,
        -43.114351477745345
      ],
      [
        -0.9835347306678576,
        0.1804264172751215,
        0.01028306954990807,
        -24.706327424073606
      ],
      [
        0.008078510852323894,
        -0.012949189100274115,
        0.9998835212983831,
        1.5936588559609106
      ],
      [
        0.0,
        0.0,
        0.0,
        1.0
      ]
    ],
    "location": [
      -43.114351477745345,
      -24.706327424073606,
      1.5936588559609106
    ],
    "rotation": [
      -0.012949973620781739,
      -0.008078598725321658,
      -1.3892563567833265
    ]
  },
  {
    "label_id": "FAbdLuj3G3T6YouuEbngoQ",
    "size": [
      0.7784324660398851,
      0.802978868545074,
      1.8099999999999987
    ],
    "obj_class": "pedestrian",
    "point_num_in_lidar": 479,
    "speed": 1.1787667210306843,
    "if_vehicle": false,
    "motion_state": true,
    "pose": [
      [
        0.9793657442392544,
        -0.20178091261096506,
        0.01127840044410227,
        -65.45676725766566
      ],
      [
        0.20166947877129246,
        0.9793996527530254,
        0.01028306954990807,
        -2.4023124522755097
      ],
      [
        -0.01312098863678581,
        -0.007796376923873712,
        0.9998835212983831,
        2.4137769299485683
      ],
      [
        0.0,
        0.0,
        0.0,
        1.0
      ]
    ],
    "location": [
      -65.45676725766566,
      -2.4023124522755097,
      2.4137769299485683
    ],
    "rotation": [
      -0.0077971271284016964,
      0.013121365151606232,
      0.20307984889666741
    ]
  },
  {
    "label_id": "G8kucBZ9BZFgHAyYWC4yDg",
    "size": [
      0.6424448436469048,
      0.7737368046697366,
      1.9600000000000009
    ],
    "obj_class": "pedestrian",
    "point_num_in_lidar": 33,
    "speed": 1.1918956900461022,
    "if_vehicle": false,
    "motion_state": true,
    "pose": [
      [
        0.9919945619433551,
        -0.12577593870941053,
        0.01127840044410227,
        -5.408068045093387
      ],
      [
        0.12566222488460482,
        0.9920197899828825,
        0.01028306954990807,
        -13.563243615517422
      ],
      [
        -0.01248175916535503,
        -0.008783480180648702,
        0.9998835212983831,
        1.3249797977114497
      ],
      [
        0.0,
        0.0,
        0.0,
        1.0
      ]
    ],
    "location": [
      -5.408068045093387,
      -13.563243615517422,
      1.3249797977114497
    ],
    "rotation": [
      -0.008784277439271414,
      0.012482083285925474,
      0.12600518733301372
    ]
  },
  {
    "label_id": "HBbQKTfTGeE6i4ifq3lw6Q",
    "size": [
      0.7811786591794462,
      0.79152006098855,
      1.6699999999999982
    ],
    "obj_class": "pedestrian",
    "point_num_in_lidar": 114,
    "speed": 0.06570611274966699,
    "if_vehicle": false,
    "motion_state": false,
    "pose": [
      [
        -0.9697985857895853,
        0.24364626137895637,
        0.01127840044410227,
        -48.38382909826271
      ],
      [
        -0.24353638625171675,
        -0.9698372477132884,
        0.01028306954990807,
        3.4162651518581697
      ],
      [
        0.013443644296651368,
        0.007225805420220369,
        0.9998835212983831,
        2.149804288031767
      ],
      [
        0.0,
        0.0,
        0.0,
        1.0
      ]
    ],
    "location": [
      -48.38382909826271,
      3.4162651518581697,
      2.149804288031767
    ],
    "rotation": [
      0.0072265213721335346,
      -0.01344404927808352,
      -2.895559602511908
    ]
  },
  {
    "label_id": "J5q7gsPFfQ6QsKXpHpk9iQ",
    "size": [
      0.9988912744236375,
      0.9331657411694734,
      1.6799999999999997
    ],
    "obj_class": "pedestrian",
    "point_num_in_lidar": 121,
    "speed": 1.2390022218634826,
    "if_vehicle": false,
    "motion_state": true,
    "pose": [
      [
        0.9734513040207731,
        -0.22861617699471487,
        0.01127840044410227,
        -53.89703666283742
      ],
      [
        0.22850571698648509,
        0.9734882617603172,
        0.01028306954990807,
        -0.7313911487817677
      ],
      [
        -0.013330266492036658,
        -0.007432888482754032,
        0.9998835212983831,
        2.224597728856825
      ],
      [
        0.0,
        0.0,
        0.0,
        1.0
      ]
    ],
    "location": [
      -53.89703666283742,
      -0.7313911487817677,
      2.224597728856825
    ],
    "rotation": [
      -0.007433617429850328,
      0.013330661312791583,
      0.23056337020993364
    ]
  },
  {
    "label_id": "JaO8P9RbFevS8CHXx_wjlQ",
    "size": [
      1.2514340385642946,
      0.9427540908313997,
      1.6999999999999993
    ],
    "obj_class": "pedestrian",
    "point_num_in_lidar": 143,
    "speed": 1.1750925821149947,
    "if_vehicle": false,
    "motion_state": true,
    "pose": [
      [
        -0.9763901809758497,
        -0.21571975379498676,
        0.01127840044410227,
        -35.51447641876371
      ],
      [
        0.2158353201810817,
        -0.9763756311189672,
        0.01028306954990807,
        -16.919026201408997
      ],
      [
        0.008793694120059902,
        0.012474565309805258,
        0.9998835212983831,
        1.9776808966130233
      ],
      [
        0.0,
        0.0,
        0.0,
        1.0
      ]
    ],
    "location": [
      -35.51447641876371,
      -16.919026201408997,
      1.9776808966130233
    ],
    "rotation": [
      0.012475371258945071,
      -0.008793807458681828,
      2.924036873263889
    ]
  },
  {
    "label_id": "Jc8zsPXiAsLWPw7ILYVKKw",
    "size": [
      0.8520086459819246,
      0.7883763695938778,
      1.8500000000000014
    ],
    "obj_class": "pedestrian",
    "point_num_in_lidar": 87,
    "speed": 0.011937286652616097,
    "if_vehicle": false,
    "motion_state": false,
    "pose": [
      [
        0.072766494389285,
        0.9972852325075894,
        0.01127840044410227,
        -33.01296315800175
      ],
      [
        -0.9973043686534705,
        0.0726515983673732,
        0.01028306954990807,
        0.3150149505927402
      ],
      [
        0.00943575958768046,
        -0.011996260957034453,
        0.9998835212983831,
        1.9835177469449974
      ],
      [
        0.0,
        0.0,
        0.0,
        1.0
      ]
    ],
    "location": [
      -33.01296315800175,
      0.3150149505927402,
      1.9835177469449974
    ],
    "rotation": [
      -0.0119970828155439,
      -0.009435899609833523,
      -1.4979622147755256
    ]
  },
  {
    "label_id": "Jen578WRszpN8G3K2BI_Yg",
    "size": [
      0.7754214499129586,
      0.861130270595639,
      1.8699999999999974
    ],
    "obj_class": "pedestrian",
    "point_num_in_lidar": 25,
    "speed": 1.31899361392608,
    "if_vehicle": false,
    "motion_state": true,
    "pose": [
      [
        0.995933859485854,
        -0.08937866195593604,
        0.01127840044410227,
        0.30538456885153664
      ],
      [
        0.08926410084673075,
        0.995954908005707,
        0.01028306954990807,
        -13.284212510641737
      ],
      [
        -0.012151865273928015,
        -0.00923450086956925,
        0.9998835212983831,
        1.0149797977114403
      ],
      [
        0.0,
        0.0,
        0.0,
        1.0
      ]
    ],
    "location": [
      0.30538456885153664,
      -13.284212510641737,
      1.0149797977114403
    ],
    "rotation": [
      -0.009235314045449017,
      0.012152164367065175,
      0.0893896897092486
    ]
  },
  {
    "label_id": "Nw1AVxmvyVFj7svJBoV1Cw",
    "size": [
      0.7764260929757364,
      0.8406976919930116,
      1.6999999999999993
    ],
    "obj_class": "pedestrian",
    "point_num_in_lidar": 147,
    "speed": 0.06404283450854904,
    "if_vehicle": false,
    "motion_state": false,
    "pose": [
      [
        0.9707881767016641,
        -0.23967293059434408,
        0.01127840044410227,
        -49.9697311439586
      ],
      [
        0.2395628980692478,
        0.9708263883667846,
        0.01028306954990807,
        4.1097870094472455
      ],
      [
        -0.01341394218423408,
        -0.007280796043277023,
        0.9998835212983831,
        2.1955648180654386
      ],
      [
        0.0,
        0.0,
        0.0,
        1.0
      ]
    ],
    "location": [
      -49.9697311439586,
      4.1097870094472455,
      2.1955648180654386
    ],
    "rotation": [
      -0.007281515507222863,
      0.013414344487174955,
      0.24193781651378643
    ]
  },
  {
    "label_id": "OBSWm8PNaPcSVzPQrsJPEw",
    "size": [
      0.7562119436511481,
      0.8606054481484527,
      1.7899999999999991
    ],
    "obj_class": "pedestrian",
    "point_num_in_lidar": 73,
    "speed": 1.0986997259219449,
    "if_vehicle": false,
    "motion_state": true,
    "pose": [
      [
        -0.1757771570394243,
        -0.9843653736019771,
        0.01127840044410227,
        -37.44701373275507
      ],
      [
        0.9843963195264612,
        -0.17566486439635198,
        0.01028306954990807,
        25.195687282435756
      ],
      [
        -0.00814107891464939,
        0.012909944618441397,
        0.9998835212983831,
        3.4263366928250534
      ],
      [
        0.0,
        0.0,
        0.0,
        1.0
      ]
    ],
    "location": [
      -37.44701373275507,
      25.195687282435756,
      3.4263366928250534
    ],
    "rotation": [
      0.012910731129116297,
      0.008141168845271203,
      1.7474974056107768
    ]
  },
  {
    "label_id": "OQlhKA2gf7QxBoRjwYYG8g",
    "size": [
      0.8252768973492559,
      1.0533712119678817,
      1.7899999999999991
    ],
    "obj_class": "pedestrian",
    "point_num_in_lidar": 72,
    "speed": 1.5251832508560668,
    "if_vehicle": false,
    "motion_state": true,
    "pose": [
      [
        0.9915119499595623,
        0.12952548309428896,
        0.01127840044410227,
        -30.652309540265264
      ],
      [
        -0.1296418790427278,
        0.9915075600714814,
        0.01028306954990807,
        -15.746011560990155
      ],
      [
        -0.009850699754696943,
        -0.011657939367168902,
        0.9998835212983831,
        1.8388234856777288
      ],
      [
        0.0,
        0.0,
        0.0,
        1.0
      ]
    ],
    "location": [
      -30.652309540265264,
      -15.746011560990155,
      1.8388234856777288
    ],
    "rotation": [
      -0.011658769151496622,
      0.009850859074206493,
      -0.13001414624452767
    ]
  },
  {
    "label_id": "P8be1mBpNNUndtHnp5yJsA",
    "size": [
      0.9597539979944082,
      1.2346786865784796,
      2.009999999999998
    ],
    "obj_class": "pedestrian",
    "point_num_in_lidar": 78,
    "speed": 1.8883063569994212,
    "if_vehicle": false,
    "motion_state": true,
    "pose": [
      [
        0.9917989824644236,
        -0.1273089787326742,
        0.01127840044410227,
        -26.86282279772331
      ],
      [
        0.12719530403521484,
        0.9918243862257173,
        0.01028306954990807,
        -18.269477845691654
      ],
      [
        -0.01249531968071545,
        -0.00876417834269123,
        0.9998835212983831,
        1.8491571862161535
      ],
      [
        0.0,
        0.0,
        0.0,
        1.0
      ]
    ],
    "location": [
      -26.86282279772331,
      -18.269477845691654,
      1.8491571862161535
    ],
    "rotation": [
      -0.008764974839061536,
      0.012495644858883222,
      0.12755081214252756
    ]
  },
  {
    "label_id": "Q5PhKXgruUST0xy6Tmhvuw",
    "size": [
      2.1945859371540015,
      3.7584377944850687,
      1.759999999999998
    ],
    "obj_class": "vehicle",
    "point_num_in_lidar": 420,
    "speed": 7.199165134978796,
    "if_vehicle": true,
    "motion_state": true,
    "pose": [
      [
        0.9885968032489674,
        -0.15016377156073585,
        0.01127840044410227,
        -41.75256546715764
      ],
      [
        0.1500507134054821,
        0.9886248236247851,
        0.01028306954990807,
        -5.9885499122065085
      ],
      [
        -0.012694251156655862,
        -0.008473477651915664,
        0.9998835212983831,
        2.1454051368802105
      ],
      [
        0.0,
        0.0,
        0.0,
        1.0
      ]
    ],
    "location": [
      -41.75256546715764,
      -5.9885499122065085,
      2.1454051368802105
    ],
    "rotation": [
      -0.008474261886359262,
      0.012694592115142005,
      0.15063179654130923
    ]
  },
  {
    "label_id": "QR38KjHlelQRM2AqNMRE0g",
    "size": [
      0.8708842456761121,
      0.7957859262826162,
      1.7100000000000009
    ],
    "obj_class": "pedestrian",
    "point_num_in_lidar": 73,
    "speed": 1.411141338715178,
    "if_vehicle": false,
    "motion_state": true,
    "pose": [
      [
        0.9895430649776431,
        -0.14379610647745084,
        0.01127840044410227,
        -63.52392403542808
      ],
      [
        0.14368287027096457,
        0.9895703569081526,
        0.01028306954990807,
        -1.7143912299015938
      ],
      [
        -0.012639436116736968,
        -0.008555027211920368,
        0.9998835212983831,
        2.3767884107236057
      ],
      [
        0.0,
        0.0,
        0.0,
        1.0
      ]
    ],
    "location": [
      -63.52392403542808,
      -1.7143912299015938,
      2.3767884107236057
    ],
    "rotation": [
      -0.008555815032843672,
      0.012639772677179802,
      0.1441935024328513
    ]
  },
  {
    "label_id": "RuyQ2rgW8uyRGQXvZRykig",
    "size": [
      0.8520086459858072,
      0.7883763695938778,
      1.7399999999999984
    ],
    "obj_class": "pedestrian",
    "point_num_in_lidar": 66,
    "speed": 0.04436294332747983,
    "if_vehicle": false,
    "motion_state": false,
    "pose": [
      [
        -0.4119126936329589,
        0.9111535164325837,
        0.01127840044410227,
        -32.305043836741106
      ],
      [
        -0.9111155102336954,
        -0.4120227972967327,
        0.01028306954990807,
        0.07866392249161436
      ],
      [
        0.014016413080131294,
        -0.006040198698130489,
        0.9998835212983831,
        1.8961949078149232
      ],
      [
        0.0,
        0.0,
        0.0,
        1.0
      ]
    ],
    "location": [
      -32.305043836741106,
      0.07866392249161436,
      1.8961949078149232
    ],
    "rotation": [
      -0.006040828853655051,
      -0.01401687206441149,
      -1.9953928462050754
    ]
  },
  {
    "label_id": "SZT8wbUgy2ZsQ08TFaws3Q",
    "size": [
      2.1755324740325146,
      4.653172966271873,
      1.8000000000000007
    ],
    "obj_class": "vehicle",
    "point_num_in_lidar": 812,
    "speed": 6.743024714881732,
    "if_vehicle": true,
    "motion_state": true,
    "pose": [
      [
        0.9997999995486622,
        0.01651540450359385,
        0.01127840044410227,
        -44.84197789702125
      ],
      [
        -0.01663154976318957,
        0.9998088067391215,
        0.01028306954990807,
        -11.807722472909518
      ],
      [
        -0.011106415036788553,
        -0.010468590209592217,
        0.9998835212983831,
        2.003435834942408
      ],
      [
        0.0,
        0.0,
        0.0,
        1.0
      ]
    ],
    "location": [
      -44.84197789702125,
      -11.807722472909518,
      2.003435834942408
    ],
    "rotation": [
      -0.010469427188510662,
      0.011106643383390765,
      -0.0166333426045788
    ]
  },
  {
    "label_id": "TXMWKgpsOY75H154LCp75g",
    "size": [
      2.618299672678017,
      6.262179096259549,
      2.9199999999999946
    ],
    "obj_class": "vehicle",
    "point_num_in_lidar": 160,
    "speed": 0.022505711515923787,
    "if_vehicle": true,
    "motion_state": false,
    "pose": [
      [
        0.9808715173718239,
        -0.19432926720419164,
        0.01127840044410227,
        -8.540655886861146
      ],
      [
        0.1942175787891479,
        0.9809045777087151,
        0.01028306954990807,
        2.0734880744857946
      ],
      [
        -0.013061335995095296,
        -0.007895906405790333,
        0.9998835212983831,
        1.7815467802246587
      ],
      [
        0.0,
        0.0,
        0.0,
        1.0
      ]
    ],
    "location": [
      -8.540655886861146,
      2.0734880744857946,
      1.7815467802246587
    ],
    "rotation": [
      -0.007896662075659415,
      0.013061707397658716,
      0.19547666857143833
    ]
  },
  {
    "label_id": "Ve0CxlvEk2pDEyL1_L0Fmw",
    "size": [
      2.083541552777746,
      4.724636947852506,
      1.6099999999999994
    ],
    "obj_class": "vehicle",
    "point_num_in_lidar": 57,
    "speed": 2.553284532029056e-28,
    "if_vehicle": true,
    "motion_state": false,
    "pose": [
      [
        -0.19946734049770087,
        -0.9798395673569202,
        0.01127840044410227,
        -41.72151225871971
      ],
      [
        0.9798732125981267,
        -0.1993558268856416,
        0.01028306954990807,
        28.52424851523392
      ],
      [
        -0.007827343572401647,
        0.013102539011403685,
        0.9998835212983831,
        3.4508566152882523
      ],
      [
        0.0,
        0.0,
        0.0,
        1.0
      ]
    ],
    "location": [
      -41.72151225871971,
      28.52424851523392,
      3.4508566152882523
    ],
    "rotation": [
      0.013103315371652623,
      0.007827423501316128,
      1.771616870405404
    ]
  },
  {
    "label_id": "WLoeAc0DhdudwO48POEAkg",
    "size": [
      0.799169634984744,
      0.9996157537304644,
      1.8200000000000003
    ],
    "obj_class": "pedestrian",
    "point_num_in_lidar": 34,
    "speed": 1.2801388874527584,
    "if_vehicle": false,
    "motion_state": true,
    "pose": [
      [
        -0.8758460723284363,
        -0.4824587601757005,
        0.01127840044410227,
        -14.941251059558226
      ],
      [
        0.482565525087151,
        -0.8757995047258212,
        0.01028306954990807,
        -27.226922279731298
      ],
      [
        0.004916460537195109,
        0.014448953309218493,
        0.9998835212983831,
        1.6209752755484885
      ],
      [
        0.0,
        0.0,
        0.0,
        1.0
      ]
    ],
    "location": [
      -14.941251059558226,
      -27.226922279731298,
      1.6209752755484885
    ],
    "rotation": [
      0.01444963076165376,
      -0.004916480343850536,
      2.638004487698717
    ]
  },
  {
    "label_id": "WM02HP9oou4H6DzObgNI5A",
    "size": [
      0.7031396390500573,
      0.7449503725873117,
      1.8900000000000006
    ],
    "obj_class": "pedestrian",
    "point_num_in_lidar": 32,
    "speed": 1.1323536193971657,
    "if_vehicle": false,
    "motion_state": true,
    "pose": [
      [
        0.9910059196569595,
        -0.1333419097219115,
        0.01127840044410227,
        -5.7226897839964295
      ],
      [
        0.1332283917159218,
        0.9910320146803636,
        0.01028306954990807,
        -14.16689859401231
      ],
      [
        -0.012548420046078562,
        -0.008687979643907238,
        0.9998835212983831,
        1.3249797977114213
      ],
      [
        0.0,
        0.0,
        0.0,
        1.0
      ]
    ],
    "location": [
      -5.7226897839964295,
      -14.16689859401231,
      1.3249797977114213
    ],
    "rotation": [
      -0.008688773067449255,
      0.012548749387737163,
      0.13363628797492788
    ]
  },
  {
    "label_id": "YMhXkGQuZfbdQkEv_iKJuA",
    "size": [
      0.7709200612252819,
      0.7850228933688645,
      1.9800000000000004
    ],
    "obj_class": "pedestrian",
    "point_num_in_lidar": 743,
    "speed": 1.333835551245586,
    "if_vehicle": false,
    "motion_state": true,
    "pose": [
      [
        0.9898227104646086,
        -0.14185837843397947,
        0.01127840044410227,
        -63.38056485841139
      ],
      [
        0.1417450890089481,
        0.9898497806346561,
        0.01028306954990807,
        -2.5462942238445976
      ],
      [
        -0.012622661777178234,
        -0.00857975789895825,
        0.9998835212983831,
        2.4832180786187976
      ],
      [
        0.0,
        0.0,
        0.0,
        1.0
      ]
    ],
    "location": [
      -63.38056485841139,
      -2.5462942238445976,
      2.4832180786187976
    ],
    "rotation": [
      -0.008580546785075275,
      0.012622996999343172,
      0.14223549051843484
    ]
  },
  {
    "label_id": "_U7I_-9YDsN0M7ODAPdyuw",
    "size": [
      0.7754214499114019,
      0.861130270595639,
      1.9200000000000017
    ],
    "obj_class": "pedestrian",
    "point_num_in_lidar": 48,
    "speed": 0.7439531419933816,
    "if_vehicle": false,
    "motion_state": false,
    "pose": [
      [
        0.17674438585292046,
        0.9841921660696636,
        0.01127840044410227,
        -24.105878342548863
      ],
      [
        -0.9842232223266576,
        0.1766321236739292,
        0.01028306954990807,
        -32.47025673505232
      ],
      [
        0.008128388672082253,
        -0.012917938440066114,
        0.9998835212983831,
        1.1263064403746696
      ],
      [
        0.0,
        0.0,
        0.0,
        1.0
      ]
    ],
    "location": [
      -24.105878342548863,
      -32.47025673505232,
      1.1263064403746696
    ],
    "rotation": [
      -0.012918724548587151,
      -0.00812847818280176,
      -1.3931126197787038
    ]
  },
  {
    "label_id": "c-K_TWAdXWEbtMF7qkoFYQ",
    "size": [
      0.7542958003227345,
      0.7512470854056542,
      1.6999999999999993
    ],
    "obj_class": "pedestrian",
    "point_num_in_lidar": 90,
    "speed": 0.04062198314046615,
    "if_vehicle": false,
    "motion_state": false,
    "pose": [
      [
        0.9707881767013385,
        -0.239672930595662,
        0.01127840044410227,
        -49.800363423568
      ],
      [
        0.2395628980705658,
        0.9708263883664593,
        0.01028306954990807,
        3.2995667850955215
      ],
      [
        -0.013413942184243962,
        -0.007280796043258812,
        0.9998835212983831,
        2.1377398092940822
      ],
      [
        0.0,
        0.0,
        0.0,
        1.0
      ]
    ],
    "location": [
      -49.800363423568,
      3.2995667850955215,
      2.1377398092940822
    ],
    "rotation": [
      -0.007281515507204651,
      0.013414344487184838,
      0.24193781651514418
    ]
  },
  {
    "label_id": "c8pkr97KCPuiU6hRDvPTPQ",
    "size": [
      0.7542958003204586,
      0.7512470854056542,
      1.6999999999999993
    ],
    "obj_class": "pedestrian",
    "point_num_in_lidar": 146,
    "speed": 2.864289338439558e-13,
    "if_vehicle": false,
    "motion_state": false,
    "pose": [
      [
        -0.23360011487256996,
        -0.9722673418432528,
        0.01127840044410227,
        -49.0562308534644
      ],
      [
        0.972304864978413,
        -0.23348984564631853,
        0.01028306954990807,
        3.06593984239953
      ],
      [
        -0.007364500718447602,
        0.013368169849076485,
        0.9998835212983831,
        2.1227436142863354
      ],
      [
        0.0,
        0.0,
        0.0,
        1.0
      ]
    ],
    "location": [
      -49.0562308534644,
      3.06593984239953,
      2.1227436142863354
    ],
    "rotation": [
      0.013368930611817273,
      0.007364567290090656,
      1.8065814424272626
    ]
  },
  {
    "label_id": "cL-4W0YVzpLc1qe6W9RJdQ",
    "size": [
      0.8876566171999212,
      0.811755056170917,
      1.8200000000000003
    ],
    "obj_class": "pedestrian",
    "point_num_in_lidar": 52,
    "speed": 1.98959896019249e-12,
    "if_vehicle": false,
    "motion_state": false,
    "pose": [
      [
        0.16785734208059003,
        0.985746778028243,
        0.01127840044410227,
        -19.581855356781034
      ],
      [
        -0.9857768201383862,
        0.16774480426672958,
        0.01028306954990807,
        -21.842349969931092
      ],
      [
        0.008244609602124482,
        -0.012844074449111918,
        0.9998835212983831,
        1.6680672264756353
      ],
      [
        0.0,
        0.0,
        0.0,
        1.0
      ]
    ],
    "location": [
      -19.581855356781034,
      -21.842349969931092,
      1.6680672264756353
    ],
    "rotation": [
      -0.012844864210869273,
      -0.008244703007596962,
      -1.4021347714029684
    ]
  },
  {
    "label_id": "ceKAKJGJlK9ix4HrVwkXRw",
    "size": [
      0.7893375629883438,
      0.8227209084233,
      1.9499999999999993
    ],
    "obj_class": "pedestrian",
    "point_num_in_lidar": 206,
    "speed": 1.3190218754675052,
    "if_vehicle": false,
    "motion_state": true,
    "pose": [
      [
        0.16590595020936005,
        0.986077082873622,
        0.01127840044410227,
        -52.66753612648347
      ],
      [
        -0.9861069021817381,
        0.16579335315436386,
        0.01028306954990807,
        6.820348614226532
      ],
      [
        0.008270015396914535,
        -0.012827730948245266,
        0.9998835212983831,
        2.495005034373065
      ],
      [
        0.0,
        0.0,
        0.0,
        1.0
      ]
    ],
    "location": [
      -52.66753612648347,
      6.820348614226532,
      2.495005034373065
    ],
    "rotation": [
      -0.01282852149937049,
      -0.008270109668556309,
      -1.404113951210287
    ]
  },
  {
    "label_id": "f_mcdQwU6Z8B_jkdkenPtw",
    "size": [
      0.8684886964710905,
      0.09669036367588968,
      0.9100000000000001
    ],
    "obj_class": "sign",
    "point_num_in_lidar": 20,
    "speed": 0.0001350479169979699,
    "if_vehicle": false,
    "motion_state": false,
    "pose": [
      [
        0.23691495953538172,
        0.9714649245504291,
        0.01127840044410227,
        -27.28790483370949
      ],
      [
        -0.9715028235729235,
        0.2368048189342198,
        0.01028306954990807,
        -24.514120658202955
      ],
      [
        0.0073188618094149945,
