[
  {
    "label_id": "-Cs9zVetNWvCdv8--MqL8Q",
    "size": [
      0.8529865893736851,
      0.8339678676017309,
      1.740000000000002
    ],
    "obj_class": "pedestrian",
    "point_num_in_lidar": 40,
    "speed": 1.29010552107068,
    "if_vehicle": false,
    "motion_state": true,
    "pose": [
      [
        -0.9983435825994715,
        0.0464613184871273,
        0.033932830222221655,
        82.42181345258552
      ],
      [
        -0.04582317434852808,
        -0.998762177870965,
        0.019348094145713386,
        20.231573263208702
      ],
      [
        0.03478976537829471,
        0.017761135630491493,
        0.9992368159180478,
        -1.2733585746270535
      ],
      [
        0.0,
        0.0,
        0.0,
        1.0
      ]
    ],
    "location": [
      82.42181345258552,
      20.231573263208702,
      -1.2733585746270535
    ],
    "rotation": [
      0.017772829441137637,
      -0.03479678703985207,
      -3.095725642834419
    ]
  },
  {
    "label_id": "0azlkCJCVSaAazdrWPD_bQ",
    "size": [
      0.5997143060566765,
      0.5367652927583926,
      1.7299999999999969
    ],
    "obj_class": "pedestrian",
    "point_num_in_lidar": 24,
    "speed": 0.5228320951545938,
    "if_vehicle": false,
    "motion_state": false,
    "pose": [
      [
        0.8825513036849892,
        -0.4689901485074456,
        0.033932830222221655,
        95.07958412253652
      ],
      [
        0.4685923509025461,
        0.8832026154448106,
        0.019348094145713386,
        2.6944335703792603
      ],
      [
        -0.03904362994844503,
        -0.0011750210255114483,
        0.9992368159180478,
        -2.1621313393341026
      ],
      [
        0.0,
        0.0,
        0.0,
        1.0
      ]
    ],
    "location": [
      95.07958412253652,
      2.6944335703792603,
      -2.1621313393341026
    ],
    "rotation": [
      -0.0011759179257543292,
      0.03905355647708571,
      0.4881014885996406
    ]
  },
  {
    "label_id": "1a4IZcUFLKkimx_5GCJ-CQ",
    "size": [
      0.9515042209033671,
      0.975551333507289,
      1.5499999999999972
    ],
    "obj_class": "pedestrian",
    "point_num_in_lidar": 26,
    "speed": 1.3926619418299722,
    "if_vehicle": false,
    "motion_state": true,
    "pose": [
      [
        0.9861432499047673,
        -0.16238858857805757,
        0.033932830222221655,
        56.70295747399939
      ],
      [
        0.1618035246076519,
        0.9866333010178958,
        0.019348094145713386,
        16.595313948939292
      ],
      [
        -0.03662116999502814,
        -0.013589540910448684,
        0.9992368159180478,
        -0.7669303824036078
      ],
      [
        0.0,
        0.0,
        0.0,
        1.0
      ]
    ],
    "location": [
      56.70295747399939,
      16.595313948939292,
      -0.7669303824036078
    ],
    "rotation": [
      -0.013599081775497096,
      0.03662936044236511,
      0.16262804586321977
    ]
  },
  {
    "label_id": "1jfGLq5QfYJKXOi2khKr_w",
    "size": [
      0.6862912307103594,
      0.8478699398593197,
      1.7899999999999991
    ],
    "obj_class": "pedestrian",
    "point_num_in_lidar": 39,
    "speed": 1.3603228960311726,
    "if_vehicle": false,
    "motion_state": true,
    "pose": [
      [
        0.993726132412341,
        -0.10656892977749377,
        0.033932830222221655,
        74.79928001240933
      ],
      [
        0.1059571845094205,
        0.9941824411564335,
        0.019348094145713386,
        19.72753859788645
      ],
      [
        -0.035797329672017986,
        -0.015631279612186837,
        0.9992368159180478,
        -1.222218812007064
      ],
      [
        0.0,
        0.0,
        0.0,
        1.0
      ]
    ],
    "location": [
      74.79928001240933,
      19.72753859788645,
      -1.222218812007064
    ],
    "rotation": [
      -0.015641942435916767,
      0.0358049794917178,
      0.10622479474845847
    ]
  },
  {
    "label_id": "3HfnZ-jQRpz-Kq670Sffgw",
    "size": [
      1.9179525928726446,
      4.646399190909152,
      1.5200000000000031
    ],
    "obj_class": "vehicle",
    "point_num_in_lidar": 30,
    "speed": 2.8421709430404007e-13,
    "if_vehicle": true,
    "motion_state": false,
    "pose": [
      [
        0.9910163160560059,
        -0.1293646951215526,
        0.033932830222221655,
        81.5389830188202
      ],
      [
        0.1287635917194669,
        0.9914865549771369,
        0.019348094145713386,
        16.273254464085767
      ],
      [
        -0.03614690523799793,
        -0.014804963886369519,
        0.9992368159180478,
        -1.6591569914999695
      ],
      [
        0.0,
        0.0,
        0.0,
        1.0
      ]
    ],
    "location": [
      81.5389830188202,
      16.273254464085767,
      -1.6591569914999695
    ],
    "rotation": [
      -0.014815187406307365,
      0.0361547814534346,
      0.1292070020753774
    ]
  },
  {
    "label_id": "5qjHxdW2h3jFXIpQs6y-2Q",
    "size": [
      2.107334655213529,
      4.046644760548517,
      2.0700000000000003
    ],
    "obj_class": "vehicle",
    "point_num_in_lidar": 47,
    "speed": 4.337981224094282,
    "if_vehicle": true,
    "motion_state": true,
    "pose": [
      [
        0.7381585200671184,
        0.6737733760586208,
        0.033932830222221655,
        103.11321969092751
      ],
      [
        -0.6745204580757904,
        0.7380025764793471,
        0.019348094145713386,
        4.525030670745764
      ],
      [
        -0.012006285418378492,
        -0.03717034872602004,
        0.9992368159180478,
        -1.8340811088412892
      ],
      [
        0.0,
        0.0,
        0.0,
        1.0
      ]
    ],
    "location": [
      103.11321969092751,
      4.525030670745764,
      -1.8340811088412892
    ],
    "rotation": [
      -0.03718159457216318,
      0.012006573889878627,
      -0.7403808110195871
    ]
  },
  {
    "label_id": "7UguPnYQrmWFtcN1psI8ag",
    "size": [
      0.7446045321501414,
      0.9695763688623205,
      1.8599999999999994
    ],
    "obj_class": "pedestrian",
    "point_num_in_lidar": 39,
    "speed": 1.3352763827843932,
    "if_vehicle": false,
    "motion_state": true,
    "pose": [
      [
        -0.0492211446522648,
        -0.9982113212903522,
        0.033932830222221655,
        93.89453456882381
      ],
      [
        0.9986316791646469,
        -0.048584160193691696,
        0.019348094145713386,
        6.534739021497444
      ],
      [
        -0.017664888562300925,
        0.03483873456431788,
        0.9992368159180478,
        -1.8097645095446708
      ],
      [
        0.0,
        0.0,
        0.0,
        1.0
      ]
    ],
    "location": [
      93.89453456882381,
      6.534739021497444,
      -1.8097645095446708
    ],
    "rotation": [
      0.03485122618824989,
      0.017665807407704657,
      1.6200450588055035
    ]
  },
  {
    "label_id": "BXfe1U_KBcaTbugNjB5tCQ",
    "size": [
      0.8727048618407428,
      0.9350286660668522,
      1.7700000000000031
    ],
    "obj_class": "pedestrian",
    "point_num_in_lidar": 316,
    "speed": 1.5313654802658414,
    "if_vehicle": false,
    "motion_state": true,
    "pose": [
      [
        -0.9678725718132157,
        0.24914101983571774,
        0.033932830222221655,
        44.68010053212163
      ],
      [
        -0.2486016857525954,
        -0.9684125428214447,
        0.019348094145713386,
        14.593533200884849
      ],
      [
        0.03768138230797055,
        0.010290730844894918,
        0.9992368159180478,
        -0.3255994913083029
      ],
      [
        0.0,
        0.0,
        0.0,
        1.0
      ]
    ],
    "location": [
      44.68010053212163,
      14.593533200884849,
      -0.3255994913083029
    ],
    "rotation": [
      0.010298226495621886,
      -0.03769030522523205,
      -2.890173890451553
    ]
  },
  {
    "label_id": "F7lTnSl61ud08HVsq-smOQ",
    "size": [
      0.6928800511656392,
      0.7529766446113904,
      1.6400000000000006
    ],
    "obj_class": "pedestrian",
    "point_num_in_lidar": 55,
    "speed": 1.4572158544026004,
    "if_vehicle": false,
    "motion_state": true,
    "pose": [
      [
        0.9937787761283703,
        -0.10607689262939511,
        0.033932830222221655,
        73.93525045405102
      ],
      [
        0.1054649215039457,
        0.9942347819228089,
        0.019348094145713386,
        19.022575950330065
      ],
      [
        -0.0357895857612925,
        -0.015649002044750213,
        0.9992368159180478,
        -1.27821534273437
      ],
      [
        0.0,
        0.0,
        0.0,
        1.0
      ]
    ],
    "location": [
      73.93525045405102,
      19.022575950330065,
      -1.27821534273437
    ],
    "rotation": [
      -0.01565967406025671,
      0.03579723061558132,
      0.10572940745958911
    ]
  },
  {
    "label_id": "FffuTa5CoBCUrczn2a-vqw",
    "size": [
      0.8910036026489232,
      1.0492108890105931,
      1.8599999999999994
    ],
    "obj_class": "pedestrian",
    "point_num_in_lidar": 718,
    "speed": 1.3832300195735623,
    "if_vehicle": false,
    "motion_state": true,
    "pose": [
      [
        0.9881880393263098,
        -0.1494421693014846,
        0.033932830222221655,
        42.7286995598314
      ],
      [
        0.14885072902749655,
        0.9886703756666888,
        0.019348094145713386,
        12.885209630861937
      ],
      [
        -0.036439805164222606,
        -0.014068628702009402,
        0.9992368159180478,
        -0.23148749467323881
      ],
      [
        0.0,
        0.0,
        0.0,
        1.0
      ]
    ],
    "location": [
      42.7286995598314,
      12.885209630861937,
      -0.23148749467323881
    ],
    "rotation": [
      -0.01407844365434124,
      0.03644787447650297,
      0.14950599254715996
    ]
  },
  {
    "label_id": "GsKDCrOHfvk8e-YxrpZCcQ",
    "size": [
      0.759420280278627,
      0.7815636330990099,
      1.7700000000000031
    ],
    "obj_class": "pedestrian",
    "point_num_in_lidar": 39,
    "speed": 1.0196598345165282,
    "if_vehicle": false,
    "motion_state": true,
    "pose": [
      [
        0.9951596917123166,
        -0.09222662860669356,
        0.033932830222221655,
        76.33251861665826
      ],
      [
        0.0916083662120474,
        0.9956071305956422,
        0.019348094145713386,
        18.928677509527915
      ],
      [
        -0.035568177223559226,
        -0.016145912267660496,
        0.9992368159180478,
        -1.265326452216847
      ],
      [
        0.0,
        0.0,
        0.0,
        1.0
      ]
    ],
    "location": [
      76.33251861665826,
      18.928677509527915,
      -1.265326452216847
    ],
    "rotation": [
      -0.016156837956739847,
      0.03557568101809809,
      0.09179523027590077
    ]
  },
  {
    "label_id": "IDTT3SpxSzRAItkMn5Pw3A",
    "size": [
      0.9670891137608675,
      0.9012268701360178,
      1.7700000000000031
    ],
    "obj_class": "pedestrian",
    "point_num_in_lidar": 487,
    "speed": 0.8515738787844302,
    "if_vehicle": false,
    "motion_state": false,
    "pose": [
      [
        -0.996754798737937,
        0.07299612473278666,
        0.033932830222221655,
        43.313259892680776
      ],
      [
        -0.07236933898088584,
        -0.9971902175755628,
        0.019348094145713386,
        15.513084491332847
      ],
      [
        0.03524982224585404,
        0.016829609193240395,
        0.9992368159180478,
        -0.26960144350210413
      ],
      [
        0.0,
        0.0,
        0.0,
        1.0
      ]
    ],
    "location": [
      43.313259892680776,
      15.513084491332847,
      -0.26960144350210413
    ],
    "rotation": [
      0.01684087080487308,
      -0.03525712627487372,
      -3.069114873427736
    ]
  },
  {
    "label_id": "JJm71lZ4BoPLZadnyCnHGA",
    "size": [
      1.1080337822579902,
      1.2324287345086304,
      2.200000000000003
    ],
    "obj_class": "pedestrian",
    "point_num_in_lidar": 53,
    "speed": 0.0,
    "if_vehicle": false,
    "motion_state": false,
    "pose": [
      [
        0.033908578917509126,
        -0.9988487229350123,
        0.033932830222221655,
        79.16360678057777
      ],
      [
        0.9992146880300539,
        0.034578294896231834,
        0.019348094145713386,
        -7.464623948688313
      ],
      [
        -0.02049915853875995,
        0.03325011598723067,
        0.9992368159180478,
        -0.7564966274065839
      ],
      [
        0.0,
        0.0,
        0.0,
        1.0
      ]
    ],
    "location": [
      79.16360678057777,
      -7.464623948688313,
      -0.7564966274065839
    ],
    "rotation": [
      0.0332632379369407,
      0.020500594487672004,
      1.5368741157428718
    ]
  },
  {
    "label_id": "KApnY9cu-6X5mwhWn7kKNg",
    "size": [
      1.9637538912406534,
      4.408086105477256,
      2.1000000000000014
    ],
    "obj_class": "vehicle",
    "point_num_in_lidar": 336,
    "speed": 0.030844783241872415,
    "if_vehicle": true,
    "motion_state": false,
    "pose": [
      [
        0.9859396662937566,
        -0.16362010103182814,
        0.033932830222221655,
        74.29054063414844
      ],
      [
        0.16303564956483152,
        0.9864304477376508,
        0.019348094145713386,
        15.391353197368517
      ],
      [
        -0.036638114028006735,
        -0.013543792468591788,
        0.9992368159180478,
        -1.1604047851392139
      ],
      [
        0.0,
        0.0,
        0.0,
        1.0
      ]
    ],
    "location": [
      74.29054063414844,
      15.391353197368517,
      -1.1604047851392139
    ],
    "rotation": [
      -0.013553306830455683,
      0.03664631585395987,
      0.1638777151631435
    ]
  },
  {
    "label_id": "LOFTK7cAR19Z_eB-h15rrQ",
    "size": [
      0.7049898602968491,
      0.964005024151008,
      1.8400000000000034
    ],
    "obj_class": "pedestrian",
    "point_num_in_lidar": 21,
    "speed": 1.3327369186227211,
    "if_vehicle": false,
    "motion_state": true,
    "pose": [
      [
        0.20110446244425936,
        0.978981898820461,
        0.033932830222221655,
        91.78394188810694
      ],
      [
        -0.9794946139638103,
        0.20053915445322645,
        0.019348094145713386,
        21.608216820894086
      ],
      [
        0.012136572864358318,
        -0.037128012511709114,
        0.9992368159180478,
        -1.6348272802675154
      ],
      [
        0.0,
        0.0,
        0.0,
        1.0
      ]
    ],
    "location": [
      91.78394188810694,
      21.608216820894086,
      -1.6348272802675154
    ],
    "rotation": [
      -0.03713928450258686,
      -0.01213687082969257,
      -1.3682959172094038
    ]
  },
  {
    "label_id": "LuS7gN3gUPNcgKjs-EjAqA",
    "size": [
      0.7360979501279432,
      0.9737403987557425,
      1.7100000000000009
    ],
    "obj_class": "pedestrian",
    "point_num_in_lidar": 30,
    "speed": 0.49546848737544774,
    "if_vehicle": false,
    "motion_state": false,
    "pose": [
      [
        0.20839160707689075,
        -0.9774566492346455,
        0.033932830222221655,
        91.80885297697762
      ],
      [
        0.9776996128484102,
        0.20911508383901356,
        0.019348094145713386,
        5.196903196942003
      ],
      [
        -0.026007789909560357,
        0.029144134538216744,
        0.9992368159180478,
        -1.9664943541288906
      ],
      [
        0.0,
        0.0,
        0.0,
        1.0
      ]
    ],
    "location": [
      91.80885297697762,
      5.196903196942003,
      -1.9664943541288906
    ],
    "rotation": [
      0.029158127676091026,
      0.02601072276947048,
      1.360794055310248
    ]
  },
  {
    "label_id": "Lxz0wz_LuNSJzQ6POYpHkg",
    "size": [
      0.7847540206990798,
      1.0197341683430015,
      1.9699999999999989
    ],
    "obj_class": "pedestrian",
    "point_num_in_lidar": 198,
    "speed": 1.4068883286777072,
    "if_vehicle": false,
    "motion_state": true,
    "pose": [
      [
        0.9686754307462279,
        -0.24600096118047968,
        0.033932830222221655,
        57.594405870869764
      ],
      [
        0.24545987884205347,
        0.9692136498893179,
        0.019348094145713386,
        15.963628918920222
      ],
      [
        -0.0376478119876099,
        -0.010412875035602986,
        0.9992368159180478,
        -0.6009225736280257
      ],
      [
        0.0,
        0.0,
        0.0,
        1.0
      ]
    ],
    "location": [
      57.594405870869764,
      15.963628918920222,
      -0.6009225736280257
    ],
    "rotation": [
      -0.010420450858321306,
      0.03765671106770942,
      0.24817369310388646
    ]
  },
  {
    "label_id": "MnRuzWQWp8m6TF0j9kK7eQ",
    "size": [
      0.4610639659524605,
      0.10289208226310916,
      0.5300000000000011
    ],
    "obj_class": "sign",
    "point_num_in_lidar": 34,
    "speed": 0.0027111397072157087,
    "if_vehicle": false,
    "motion_state": false,
    "pose": [
      [
        -0.9969355453613755,
        0.0704846183796634,
        0.033932830222221655,
        67.43295273988576
      ],
      [
        -0.06985673760072908,
        -0.9973693836611949,
        0.019348094145713386,
        16.67853084644412
      ],
      [
        0.03520730899685158,
        0.01691836597197618,
        0.9992368159180478,
        0.776289643568056
      ],
      [
        0.0,
        0.0,
        0.0,
        1.0
      ]
    ],
    "location": [
      67.43295273988576,
      16.67853084644412,
      0.776289643568056
    ],
    "rotation": [
      0.01692967005047171,
      -0.03521458662071502,
      -3.071635532359868
    ]
  },
  {
    "label_id": "Njep4Sgekb4aPkRERmPvmQ",
    "size": [
      0.667842059019567,
      0.8693823080183134,
      1.8100000000000023
    ],
    "obj_class": "pedestrian",
    "point_num_in_lidar": 22,
    "speed": 0.9457184784102454,
    "if_vehicle": false,
    "motion_state": false,
    "pose": [
      [
        0.9932538071548781,
        -0.11088479429322184,
        0.033932830222221655,
        75.95613514452157
      ],
      [
        0.11027503705943732,
        0.9937127690909825,
        0.019348094145713386,
        19.398309499974857
      ],
      [
        -0.035864896122531374,
        -0.015475624061133739,
        0.9992368159180478,
        -1.2082165008554782
      ],
      [
        0.0,
        0.0,
        0.0,
        1.0
      ]
    ],
    "location": [
      75.95613514452157,
      19.398309499974857,
      -1.2082165008554782
    ],
    "rotation": [
      -0.015486205732424076,
      0.03587258935727684,
      0.11057119780059205
    ]
  },
  {
    "label_id": "OxgSifGtf3xSOt5KTJOZgg",
    "size": [
      0.765331597807229,
      0.9961299784013146,
      1.9600000000000009
    ],
    "obj_class": "pedestrian",
    "point_num_in_lidar": 34,
    "speed": 0.6213712510471776,
    "if_vehicle": false,
    "motion_state": false,
    "pose": [
      [
        0.3797368643247582,
        -0.9244719989842365,
        0.033932830222221655,
        92.24478046339004
      ],
      [
        0.9245817435010841,
        0.3804921166560801,
        0.019348094145713386,
        4.153410892726242
      ],
      [
        -0.030797945666807377,
        0.024026490727234562,
        0.9992368159180478,
        -1.8405700014178663
      ],
      [
        0.0,
        0.0,
        0.0,
        1.0
      ]
    ],
    "location": [
      92.24478046339004,
      4.153410892726242,
      -1.8405700014178663
    ],
    "rotation": [
      0.024040209097297854,
      0.030802816457085474,
      1.1810896674886144
    ]
  },
  {
    "label_id": "Q5PhKXgruUST0xy6Tmhvuw",
    "size": [
      2.19458593715345,
      3.7584377944850687,
      1.759999999999998
    ],
    "obj_class": "vehicle",
    "point_num_in_lidar": 515,
    "speed": 5.450681443652366,
    "if_vehicle": true,
    "motion_state": true,
    "pose": [
      [
        0.9896679871762029,
        -0.1393048390821839,
        0.033932830222221655,
        58.08792459407198
      ],
      [
        0.13870848566487742,
        0.9901442355826172,
        0.019348094145713386,
        9.758758030626268
      ],
      [
        -0.03629367938305193,
        -0.01444141789443609,
        0.9992368159180478,
        -0.8406719736753061
      ],
      [
        0.0,
        0.0,
        0.0,
        1.0
      ]
    ],
    "location": [
      58.08792459407198,
      9.758758030626268,
      -0.8406719736753061
    ],
    "rotation": [
      -0.014451441655379614,
      0.03630165197065818,
      0.13924951340608746
    ]
  },
  {
    "label_id": "Qmd53-c0mGJyoeMBj67yxA",
    "size": [
      0.7848630893671447,
      0.7549063254896076,
      1.7100000000000009
    ],
    "obj_class": "pedestrian",
    "point_num_in_lidar": 104,
    "speed": 1.0149211468331432,
    "if_vehicle": false,
    "motion_state": true,
    "pose": [
      [
        0.6470587864501681,
        0.7616846394084271,
        0.033932830222221655,
        33.53176820124918
      ],
      [
        -0.762406013408347,
        0.646809648947602,
        0.019348094145713386,
        -10.38883596649066
      ],
      [
        -0.0072109358912157626,
        -0.03838994813143518,
        0.9992368159180478,
        0.01578476904872872
      ],
      [
        0.0,
        0.0,
        0.0,
        1.0
      ]
    ],
    "location": [
      33.53176820124918,
      -10.38883596649066,
      0.01578476904872872
    ],
    "rotation": [
      -0.03840038303348635,
      0.007210998384567106,
      -0.8670538019199483
    ]
  },
  {
    "label_id": "ZfYfhl5Fd393ajA-1MAXQw",
    "size": [
      0.5726689959545799,
      0.5368842894175692,
      1.8800000000000026
    ],
    "obj_class": "pedestrian",
    "point_num_in_lidar": 22,
    "speed": 0.539827501178117,
    "if_vehicle": false,
    "motion_state": false,
    "pose": [
      [
        0.8506832170500398,
        -0.524582336018384,
        0.033932830222221655,
        95.25081812056737
      ],
      [
        0.5242270937736617,
        0.8513586819939932,
        0.019348094145713386,
        3.47357657561588
      ],
      [
        -0.03903867803877851,
        0.0013294099992478266,
        0.9992368159180478,
        -2.08713133933405
      ],
      [
        0.0,
        0.0,
        0.0,
        1.0
      ]
    ],
    "location": [
      95.25081812056737,
      3.47357657561588,
      -2.08713133933405
    ],
    "rotation": [
      0.0013304245737396575,
      0.03904860078922021,
      0.5522769368266269
    ]
  },
  {
    "label_id": "bcz7REbn_CUSYUPs1N5iZA",
    "size": [
      0.8876727643208567,
      0.9776859722758251,
      1.7800000000000011
    ],
    "obj_class": "pedestrian",
    "point_num_in_lidar": 231,
    "speed": 1.330916945767402,
    "if_vehicle": false,
    "motion_state": true,
    "pose": [
      [
        0.9846562504318209,
        -0.1711742723619912,
        0.033932830222221655,
        53.388997873077756
      ],
      [
        0.17059360078430608,
        0.9851514983109825,
        0.019348094145713386,
        15.511759775024984
      ],
      [
        -0.036740874472337634,
        -0.01326249814210869,
        0.9992368159180478,
        -0.5947446389050128
      ],
      [
        0.0,
        0.0,
        0.0,
        1.0
      ]
    ],
    "location": [
      53.388997873077756,
      15.511759775024984,
      -0.5947446389050128
    ],
    "rotation": [
      -0.013271848302199416,
      0.03674914553213448,
      0.17154904328631854
    ]
  },
  {
    "label_id": "cGSVUM5Oj38n194tI-f_BA",
    "size": [
      0.6327448607880687,
      0.1394795873197821,
      0.740000000000002
    ],
    "obj_class": "sign",
    "point_num_in_lidar": 55,
    "speed": 0.006559826342210902,
    "if_vehicle": false,
    "motion_state": false,
    "pose": [
      [
        -0.9798138674461143,
        0.19701103571474912,
        0.033932830222221655,
        51.01330099772781
      ],
      [
        -0.19644358976023338,
        -0.9803242153976621,
        0.019348094145713386,
        -6.892063074657926
      ],
      [
        0.03707696323057499,
        0.012291643973045196,
        0.9992368159180478,
        -1.0800951783741652
      ],
      [
        0.0,
        0.0,
        0.0,
        1.0
      ]
    ],
    "location": [
      51.01330099772781,
      -6.892063074657926,
      -1.0800951783741652
    ],
    "rotation": [
      0.012300411535992439,
      -0.03708546344764771,
      -2.9437252901725155
    ]
  },
  {
    "label_id": "ggzHMOp5JylcvbIJljZcRQ",
    "size": [
      0.539000226520153,
      0.10018230793895748,
      0.5
    ],
    "obj_class": "sign",
    "point_num_in_lidar": 89,
    "speed": 0.007133213284816812,
    "if_vehicle": false,
    "motion_state": false,
    "pose": [
      [
        -0.8488548213043505,
        0.5275358332677211,
        0.033932830222221655,
        50.446740352001484
      ],
      [
        -0.5271829408393784,
        -0.8495315168614247,
        0.019348094145713386,
        13.707970043218666
      ],
      [
        0.039033821697386374,
        -0.0014650862289148636,
        0.9992368159180478,
        1.1246178425860265
      ],
      [
        0.0,
        0.0,
        0.0,
        1.0
      ]
    ],
    "location": [
      50.446740352001484,
      13.707970043218666,
      1.1246178425860265
    ],
    "rotation": [
      -0.0014662041627339609,
      -0.039043740743477495,
      -2.5858374253605168
    ]
  },
  {
    "label_id": "i2Z_DWskPJWGzXDXCYvBrA",
    "size": [
      0.8354407080864501,
      0.875556846582244,
      1.6700000000000017
    ],
    "obj_class": "pedestrian",
    "point_num_in_lidar": 54,
    "speed": 1.2945227873404288,
    "if_vehicle": false,
    "motion_state": true,
    "pose": [
      [
        0.996563343730279,
        -0.07556497182051918,
        0.033932830222221655,
        73.2357251781782
      ],
      [
        0.07493931042256095,
        0.9970003766329879,
        0.019348094145713386,
        19.615580513584064
      ],
      [
        -0.0352930827006798,
        -0.016738698499121237,
        0.9992368159180478,
        -1.2302176600088615
      ],
      [
        0.0,
        0.0,
        0.0,
        1.0
      ]
    ],
    "location": [
      73.2357251781782,
      19.615580513584064,
      -1.2302176600088615
    ],
    "rotation": [
      -0.016749916337969524,
      0.035300413664470086,
      0.07505647795146826
    ]
  },
  {
    "label_id": "qGeZ7KUTeD5t013F2-GCFg",
    "size": [
      0.7376186579111438,
      0.9327574940093656,
      1.7199999999999989
    ],
    "obj_class": "pedestrian",
    "point_num_in_lidar": 856,
    "speed": 1.338075773908443,
    "if_vehicle": false,
    "motion_state": true,
    "pose": [
      [
        0.9993998932160212,
        0.006958194659187272,
        0.033932830222221655,
        37.91967251133997
      ],
      [
        -0.007617797291498266,
        0.9997837868346107,
        0.019348094145713386,
        12.295868577861256
      ],
      [
        -0.03379086569223853,
        -0.019594976645319194,
        0.9992368159180478,
        -0.17249460680136508
      ],
      [
        0.0,
        0.0,
        0.0,
        1.0
      ]
    ],
    "location": [
      37.91967251133997,
      12.295868577861256,
      -0.17249460680136508
    ],
    "rotation": [
      -0.019607429554373605,
      0.03379729952766548,
      -0.007622223912188126
    ]
  },
  {
    "label_id": "rnU7ADUc_Y7-oj7NrdnOsg",
    "size": [
      0.8706653190020296,
      0.9767878337282155,
      1.7700000000000031
    ],
    "obj_class": "pedestrian",
    "point_num_in_lidar": 171,
    "speed": 0.9326717120480571,
    "if_vehicle": false,
    "motion_state": false,
    "pose": [
      [
        -0.9897079929709722,
        0.13902032830661845,
        0.033932830222221655,
        48.16759629973569
      ],
      [
        -0.1384238380043399,
        -0.9901840699208794,
        0.019348094145713386,
        16.28676154742061
      ],
      [
        0.03628952633361809,
        0.01445185083105783,
        0.9992368159180478,
        -0.38447187712190356
      ],
      [
        0.0,
        0.0,
        0.0,
        1.0
      ]
    ],
    "location": [
      48.16759629973569,
      16.28676154742061,
      -0.38447187712190356
    ],
    "rotation": [
      0.014461880378388305,
      -0.03629749618356967,
      -3.002630774846124
    ]
  },
  {
    "label_id": "sNygxkvj9rIACrP7AQ4GwA",
    "size": [
      2.90673287644123,
      12.41259995732931,
      3.969999999999999
    ],
    "obj_class": "vehicle",
    "point_num_in_lidar": 2546,
    "speed": 2.864289338439558e-13,
    "if_vehicle": true,
    "motion_state": false,
    "pose": [
      [
        0.9848924602756354,
        -0.16980990761824183,
        0.033932830222221655,
        70.86191489125326
      ],
      [
        0.16922855045242724,
        0.9853869031830588,
        0.019348094145713386,
        1.236083266830974
      ],
      [
        -0.03672246456838413,
        -0.013313388373561387,
        0.9992368159180478,
        -0.27836205762744726
      ],
      [
        0.0,
        0.0,
        0.0,
        1.0
      ]
    ],
    "location": [
      70.86191489125326,
      1.236083266830974,
      -0.27836205762744726
    ],
    "rotation": [
      -0.013322768397247673,
      0.03673072319613486,
      0.17016277123374893
    ]
  },
  {
    "label_id": "tnRPM6MdPaKwSYNbbGXKGw",
    "size": [
      1.853854320363887,
      3.6340820156792333,
      1.2800000000000011
    ],
    "obj_class": "vehicle",
    "point_num_in_lidar": 30,
    "speed": 0.012874276325727275,
    "if_vehicle": true,
    "motion_state": false,
    "pose": [
      [
        0.9901175565649085,
        -0.1360727276681308,
        0.033932830222221655,
        81.25372663612666
      ],
      [
        0.13547482242911293,
        0.9905918552767983,
        0.019348094145713386,
        13.045524009427027
      ],
      [
        -0.036246333190210166,
        -0.01455984355086883,
        0.9992368159180478,
        -1.4767483814653914
      ],
      [
        0.0,
        0.0,
        0.0,
        1.0
      ]
    ],
    "location": [
      81.25372663612666,
      13.045524009427027,
      -1.4767483814653914
    ],
    "rotation": [
      -0.014569932808274162,
      0.03625427460477767,
      0.1359825978548503
    ]
  },
  {
    "label_id": "zO7B1d4f4777q1yNdUEaJg",
    "size": [
      1.1360877881840612,
      0.11753966349738357,
      1.2100000000000009
    ],
    "obj_class": "sign",
    "point_num_in_lidar": 205,
    "speed": 0.006379728381439424,
    "if_vehicle": false,
    "motion_state": false,
    "pose": [
      [
        -0.9540682278991229,
        0.2976615184173746,
        0.033932830222221655,
        56.30709600677608
      ],
      [
        -0.29715011776451766,
        -0.9546347253088283,
        0.019348094145713386,
        -3.2512630845467356
      ],
      [
        0.03815264114003703,
        0.008376257398209618,
        0.9992368159180478,
        1.1852736579679046
      ],
      [
        0.0,
        0.0,
        0.0,
        1.0
      ]
    ],
    "location": [
      56.30709600677608,
      -3.2512630845467356,
      1.1852736579679046
    ],
    "rotation": [
      0.008382458568621303,
      -0.03816190319176605,
      -2.8396593344103076
    ]
  },
  {
    "label_id": "zeb2WL1QCRb_7e3cxfpq9w",
    "size": [
      1.763238293009648,
      3.4409086866067753,
      1.6199999999999974
    ],
    "obj_class": "vehicle",
    "point_num_in_lidar": 83,
    "speed": 2.452875951029213,
    "if_vehicle": true,
    "motion_state": true,
    "pose": [
      [
        0.9769665220181297,
        -0.2106774261493362,
        0.033932830222221655,
        88.31679767842229
      ],
      [
        0.21011716386549859,
        0.977484746020135,
        0.019348094145713386,
        11.64592411798003
      ],
      [
        -0.03724503060702662,
        -0.011772570196994254,
        0.9992368159180478,
        -1.9155702797335863
      ],
      [
        0.0,
        0.0,
        0.0,
        1.0
      ]
    ],
    "location": [
      88.31679767842229,
      11.64592411798003,
      -1.9155702797335863
    ],
    "rotation": [
      -0.011781016628742856,
      0.03725364699008123,
      0.21184401913451062
    ]
  },
  {
    "label_id": "zyHAgN9yRytfPMOjQ31lzg",
    "size": [
      1.8490528228939525,
      4.667953402592577,
      1.6199999999999974
    ],
    "obj_class": "vehicle",
    "point_num_in_lidar": 39,
    "speed": 3.831395610465437,
    "if_vehicle": true,
    "motion_state": true,
    "pose": [
      [
        0.17060181829673193,
        0.9847555953773295,
        0.033932830222221655,
        102.57768441661779
      ],
      [
        -0.9852505056021954,
        0.17002085890721452,
        0.019348094145713386,
        27.43974528733088
      ],
      [
        0.013283855030343796,
        -0.03673315817479239,
        0.9992368159180478,
        -1.9392431465671365
      ],
      [
        0.0,
        0.0,
        0.0,
        1.0
      ]
    ],
    "location": [
      102.57768441661779,
      27.43974528733088,
      -1.9392431465671365
    ],
    "rotation": [
      -0.03674466762190343,
      -0.013284245741327432,
      -1.3993406394761847
    ]
  }
]