[
  {
    "label_id": "1a4IZcUFLKkimx_5GCJ-CQ",
    "size": [
      0.9515042209021873,
      0.975551333507289,
      1.5499999999999972
    ],
    "obj_class": "pedestrian",
    "point_num_in_lidar": 34,
    "speed": 1.4015937558939762,
    "if_vehicle": false,
    "motion_state": true,
    "pose": [
      [
        0.9654925645455423,
        -0.25908004649410316,
        0.02648843739984054,
        54.50421678091641
      ],
      [
        0.2584352701134457,
        0.9656929645779943,
        0.025461919133384137,
        16.114943603830397
      ],
      [
        -0.03217637283259688,
        -0.017737747128031372,
        0.9993247987307029,
        -0.6429237954689455
      ],
      [
        0.0,
        0.0,
        0.0,
        1.0
      ]
    ],
    "location": [
      54.50421678091641,
      16.114943603830397,
      -0.6429237954689455
    ],
    "rotation": [
      -0.017747868086450878,
      0.03218192755575189,
      0.26154069206259184
    ]
  },
  {
    "label_id": "2CLVxF92iFSuoWCjnXrzKw",
    "size": [
      0.5613898500952724,
      0.12600677176668668,
      0.5700000000000003
    ],
    "obj_class": "sign",
    "point_num_in_lidar": 23,
    "speed": 0.007675991859753681,
    "if_vehicle": false,
    "motion_state": false,
    "pose": [
      [
        -0.9542830208524005,
        0.29772853205047667,
        0.02648843739984054,
        56.52462146027051
      ],
      [
        -0.2970923436455899,
        -0.9545092089766424,
        0.025461919133384137,
        -3.5494930254481005
      ],
      [
        0.0328641972363195,
        0.016428365160677225,
        0.9993247987307029,
        2.085474695270854
      ],
      [
        0.0,
        0.0,
        0.0,
        1.0
      ]
    ],
    "location": [
      56.52462146027051,
      -3.5494930254481005,
      2.085474695270854
    ],
    "rotation": [
      0.01643798439371516,
      -0.032870115972701786,
      -2.8397784316114816
    ]
  },
  {
    "label_id": "5qjHxdW2h3jFXIpQs6y-2Q",
    "size": [
      2.1073346552142063,
      4.046644760548517,
      2.0700000000000003
    ],
    "obj_class": "vehicle",
    "point_num_in_lidar": 42,
    "speed": 4.172996731556775,
    "if_vehicle": true,
    "motion_state": true,
    "pose": [
      [
        0.9706016870503582,
        0.2392294458863985,
        0.02648843739984054,
        97.50522121309245
      ],
      [
        -0.239890853098365,
        0.9704659031999957,
        0.025461919133384137,
        7.746472278284273
      ],
      [
        -0.01961488452010902,
        -0.03106771551149282,
        0.9993247987307029,
        -1.834081108841346
      ],
      [
        0.0,
        0.0,
        0.0,
        1.0
      ]
    ],
    "location": [
      97.50522121309245,
      7.746472278284273,
      -1.834081108841346
    ],
    "rotation": [
      -0.03107869662530941,
      0.019616142521781905,
      -0.24230096992204114
    ]
  },
  {
    "label_id": "7UguPnYQrmWFtcN1psI8ag",
    "size": [
      0.744604532151426,
      0.9695763688623205,
      1.8599999999999994
    ],
    "obj_class": "pedestrian",
    "point_num_in_lidar": 20,
    "speed": 0.538944852112711,
    "if_vehicle": false,
    "motion_state": false,
    "pose": [
      [
        -0.4340163296164024,
        -0.900515512531806,
        0.02648843739984054,
        94.19775187662424
      ],
      [
        0.9008322616180322,
        -0.4334200354185141,
        0.025461919133384137,
        4.665529160563892
      ],
      [
        -0.011448233682422829,
        0.03491252765688706,
        0.9993247987307029,
        -1.8097645095446637
      ],
      [
        0.0,
        0.0,
        0.0,
        1.0
      ]
    ],
    "location": [
      94.19775187662424,
      4.665529160563892,
      -1.8097645095446637
    ],
    "rotation": [
      0.03492191341471805,
      0.011448483768677045,
      2.019774020179359
    ]
  },
  {
    "label_id": "BMsVsI9u-XO6uaeysrmA3w",
    "size": [
      0.6890163519237644,
      0.7958109185850852,
      1.7299999999999969
    ],
    "obj_class": "pedestrian",
    "point_num_in_lidar": 24,
    "speed": 1.1446233114219972,
    "if_vehicle": false,
    "motion_state": true,
    "pose": [
      [
        0.9757797854602936,
        -0.21714551105463412,
        0.02648843739984054,
        73.56138760578403
      ],
      [
        0.21649268226113372,
        0.9759521551804805,
        0.025461919133384137,
        18.502301576309037
      ],
      [
        -0.03138038901038808,
        -0.019110673127783306,
        0.9993247987307029,
        -1.2745038867314236
      ],
      [
        0.0,
        0.0,
        0.0,
        1.0
      ]
    ],
    "location": [
      73.56138760578403,
      18.502301576309037,
      -1.2745038867314236
    ],
    "rotation": [
      -0.019121254669835226,
      0.03138554148946686,
      0.21832977829000796
    ]
  },
  {
    "label_id": "BXfe1U_KBcaTbugNjB5tCQ",
    "size": [
      0.8727048618407567,
      0.9350286660668522,
      1.7700000000000031
    ],
    "obj_class": "pedestrian",
    "point_num_in_lidar": 151,
    "speed": 1.5191443377378127,
    "if_vehicle": false,
    "motion_state": true,
    "pose": [
      [
        -0.9498467271678736,
        0.3115919728949927,
        0.02648843739984054,
        47.07015387917136
      ],
      [
        -0.3109591453853347,
        -0.9500821546452007,
        0.025461919133384137,
        15.30285227803688
      ],
      [
        0.033099921294488945,
        0.015948098699810627,
        0.9993247987307029,
        -0.30960144350219565
      ],
      [
        0.0,
        0.0,
        0.0,
        1.0
      ]
    ],
    "location": [
      47.07015387917136,
      15.30285227803688,
      -0.30960144350219565
    ],
    "rotation": [
      0.01595751952673628,
      -0.03310596834834662,
      -2.8252112279906774
    ]
  },
  {
    "label_id": "DpKKPa5FRfdZLz9japNk8Q",
    "size": [
      0.7249968701666398,
      0.8849625433311452,
      1.8299999999999983
    ],
    "obj_class": "pedestrian",
    "point_num_in_lidar": 22,
    "speed": 1.6144364703803316,
    "if_vehicle": false,
    "motion_state": true,
    "pose": [
      [
        0.9707969699206523,
        -0.23843574790076047,
        0.02648843739984054,
        87.9481293347917
      ],
      [
        0.23778684533399733,
        0.970983577029061,
        0.025461919133384137,
        20.153226726437424
      ],
      [
        -0.031790869427964656,
        -0.018419751975918844,
        0.9993247987307029,
        -1.3733573465036955
      ],
      [
        0.0,
        0.0,
        0.0,
        1.0
      ]
    ],
    "location": [
      87.9481293347917,
      20.153226726437424,
      -1.3733573465036955
    ],
    "rotation": [
      -0.018430110423247097,
      0.031796226821573105,
      0.2402105097207918
    ]
  },
  {
    "label_id": "F7lTnSl61ud08HVsq-smOQ",
    "size": [
      0.6928800511645639,
      0.7529766446113904,
      1.6400000000000006
    ],
    "obj_class": "pedestrian",
    "point_num_in_lidar": 28,
    "speed": 1.2059908751749493,
    "if_vehicle": false,
    "motion_state": true,
    "pose": [
      [
        0.9655739287489516,
        -0.25877664269487133,
        0.02648843739984054,
        71.8545802523413
      ],
      [
        0.25813180337345704,
        0.9657741261605696,
        0.025461919133384137,
        18.667137438465943
      ],
      [
        -0.0321707974330954,
        -0.017747857176544056,
        0.9993247987307029,
        -1.2115414610433106
      ],
      [
        0.0,
        0.0,
        0.0,
        1.0
      ]
    ],
    "location": [
      71.8545802523413,
      18.667137438465943,
      -1.2115414610433106
    ],
    "rotation": [
      -0.017757981777728367,
      0.03217634926834982,
      0.2612263444027815
    ]
  },
  {
    "label_id": "FBUkJ1PIQeV9dPM2c7K9gg",
    "size": [
      0.7396785581081002,
      0.7964900012525988,
      2.030000000000001
    ],
    "obj_class": "pedestrian",
    "point_num_in_lidar": 52,
    "speed": 1.5780806273364583,
    "if_vehicle": false,
    "motion_state": true,
    "pose": [
      [
        0.9768373556240556,
        -0.21233733383820438,
        0.02648843739984054,
        67.53770802304336
      ],
      [
        0.21168366407100492,
        0.9770065081868793,
        0.025461919133384137,
        -2.0127103555041685
      ],
      [
        -0.0312858917545317,
        -0.019264984271054816,
        0.9993247987307029,
        -0.7815366797100296
      ],
      [
        0.0,
        0.0,
        0.0,
        1.0
      ]
    ],
    "location": [
      67.53770802304336,
      -2.0127103555041685,
      -0.7815366797100296
    ],
    "rotation": [
      -0.019275613166860328,
      0.03129099781230964,
      0.21340342290636333
    ]
  },
  {
    "label_id": "FffuTa5CoBCUrczn2a-vqw",
    "size": [
      0.8910036026481224,
      1.0492108890105931,
      1.8599999999999994
    ],
    "obj_class": "pedestrian",
    "point_num_in_lidar": 280,
    "speed": 1.3633231837509863,
    "if_vehicle": false,
    "motion_state": true,
    "pose": [
      [
        0.9881441911255645,
        -0.1512263873433418,
        0.02648843739984054,
        40.566125170196074
      ],
      [
        0.15056346970058263,
        0.9882723978062762,
        0.025461919133384137,
        12.539183241873616
      ],
      [
        -0.030028305588651848,
        -0.02117185644469573,
        0.9993247987307029,
        -0.12199090163686321
      ],
      [
        0.0,
        0.0,
        0.0,
        1.0
      ]
    ],
    "location": [
      40.566125170196074,
      12.539183241873616,
      -0.12199090163686321
    ],
    "rotation": [
      -0.021182992394050963,
      0.030032820170286086,
      0.1512069262549791
    ]
  },
  {
    "label_id": "G7K72AJ4NpA_CgJC0kYWww",
    "size": [
      0.7960126752564919,
      0.5618731317594163,
      1.4994828004563132
    ],
    "obj_class": "sign",
    "point_num_in_lidar": 28,
    "speed": 0.020083154536666366,
    "if_vehicle": false,
    "motion_state": false,
    "pose": [
      [
        -0.9437657821609685,
        -0.32955198543812475,
        0.02648843739984054,
        21.581452293450752
      ],
      [
        0.3301976700085495,
        -0.943568327888855,
        0.025461919133384137,
        -12.11632897898562
      ],
      [
        0.016602624582284432,
        0.03277650833783227,
        0.9993247987307029,
        0.04275467466779759
      ],
      [
        0.0,
        0.0,
        0.0,
        1.0
      ]
    ],
    "location": [
      21.581452293450752,
      -12.11632897898562,
      0.04275467466779759
    ],
    "rotation": [
      0.032786900546686,
      -0.016603387421250483,
      2.805031446753448
    ]
  },
  {
    "label_id": "IDTT3SpxSzRAItkMn5Pw3A",
    "size": [
      0.9670891137594115,
      0.9012268701360178,
      1.7700000000000031
    ],
    "obj_class": "pedestrian",
    "point_num_in_lidar": 120,
    "speed": 0.705666295803239,
    "if_vehicle": false,
    "motion_state": false,
    "pose": [
      [
        -0.9546232070390595,
        -0.2966359642163703,
        0.02648843739984054,
        44.541642882846304
      ],
      [
        0.29728810589955235,
        -0.9544482556769127,
        0.025461919133384137,
        15.316581921126271
      ],
      [
        0.017728921938954253,
        0.03218123628331781,
        0.9993247987307029,
        -0.21160819189398694
      ],
      [
        0.0,
        0.0,
        0.0,
        1.0
      ]
    ],
    "location": [
      44.541642882846304,
      15.316581921126271,
      -0.21160819189398694
    ],
    "rotation": [
      0.032191854858284366,
      -0.017729850813725783,
      2.8396926258990116
    ]
  },
  {
    "label_id": "JJm71lZ4BoPLZadnyCnHGA",
    "size": [
      1.108033782257989,
      1.2324287345086304,
      2.200000000000003
    ],
    "obj_class": "pedestrian",
    "point_num_in_lidar": 24,
    "speed": 0.0,
    "if_vehicle": false,
    "motion_state": false,
    "pose": [
      [
        0.033916212882675975,
        -0.9990735974830942,
        0.02648843739984054,
        79.1636067805789
      ],
      [
        0.9990771368532048,
        0.03459140487531195,
        0.025461919133384137,
        -7.464623948690132
      ],
      [
        -0.026354603410025955,
        0.0256004203274187,
        0.9993247987307029,
        -0.7564966274066762
      ],
      [
        0.0,
        0.0,
        0.0,
        1.0
      ]
    ],
    "location": [
      79.1636067805789,
      -7.464623948690132,
      -0.7564966274066762
    ],
    "rotation": [
      0.025612115623687547,
      0.02635765519535481,
      1.5368618167523596
    ]
  },
  {
    "label_id": "K24I0eYDo2TDPl7gt2ZSIw",
    "size": [
      0.9334446770568833,
      0.7922187583946023,
      1.870000000000001
    ],
    "obj_class": "pedestrian",
    "point_num_in_lidar": 45,
    "speed": 0.295794271426027,
    "if_vehicle": false,
    "motion_state": false,
    "pose": [
      [
        -0.854917009158305,
        -0.5180880910964208,
        0.02648843739984054,
        17.485556953312994
      ],
      [
        0.5186787975017548,
        -0.8545899576382691,
        0.025461919133384137,
        -26.30699405447558
      ],
      [
        0.00944523551596725,
        0.03550681861119319,
        0.9993247987307029,
        1.3009743101083089
      ],
      [
        0.0,
        0.0,
        0.0,
        1.0
      ]
    ],
    "location": [
      17.485556953312994,
      -26.30699405447558,
      1.3009743101083089
    ],
    "rotation": [
      0.03551586855466072,
      -0.009445375960410124,
      2.5962606873103016
    ]
  },
  {
    "label_id": "KApnY9cu-6X5mwhWn7kKNg",
    "size": [
      1.9637538912406538,
      4.408086105477256,
      2.1000000000000014
    ],
    "obj_class": "vehicle",
    "point_num_in_lidar": 172,
    "speed": 0.01723253320087496,
    "if_vehicle": true,
    "motion_state": false,
    "pose": [
      [
        0.9861616345776453,
        -0.16365693743700982,
        0.02648843739984054,
        74.30181306404734
      ],
      [
        0.1629956867066477,
        0.9862981784374709,
        0.025461919133384137,
        15.393168237622376
      ],
      [
        -0.030292517263756154,
        -0.020792066748288863,
        0.9993247987307029,
        -1.0866136562737196
      ],
      [
        0.0,
        0.0,
        0.0,
        1.0
      ]
    ],
    "location": [
      74.30181306404734,
      15.393168237622376,
      -1.0866136562737196
    ],
    "rotation": [
      -0.020803113559418714,
      0.030297152098339122,
      0.1638020399384047
    ]
  },
  {
    "label_id": "L3h4EMh185ybNmptkaD9hA",
    "size": [
      0.9402584928779193,
      1.0092154170585907,
      1.7899999999999991
    ],
    "obj_class": "pedestrian",
    "point_num_in_lidar": 20,
    "speed": 0.7783637310959629,
    "if_vehicle": false,
    "motion_state": false,
    "pose": [
      [
        0.9489661908425214,
        -0.3142634743681645,
        0.02648843739984054,
        94.30955255168772
      ],
      [
        0.31363131182360793,
        0.9492033980753797,
        0.025461919133384137,
        22.212418358756622
      ],
      [
        -0.03314466596057416,
        -0.015854897041678348,
        0.9993247987307029,
        -1.6833573465037546
      ],
      [
        0.0,
        0.0,
        0.0,
        1.0
      ]
    ],
    "location": [
      94.30955255168772,
      22.212418358756622,
      -1.6833573465037546
    ],
    "rotation": [
      -0.015864278504849158,
      0.03315073757903041,
      0.31919647703795395
    ]
  },
  {
    "label_id": "Lxz0wz_LuNSJzQ6POYpHkg",
    "size": [
      0.784754020699866,
      1.0197341683430015,
      1.9699999999999989
    ],
    "obj_class": "pedestrian",
    "point_num_in_lidar": 56,
    "speed": 1.4146199680569145,
    "if_vehicle": false,
    "motion_state": true,
    "pose": [
      [
        0.9666269532536043,
        -0.25481502296326514,
        0.02648843739984054,
        55.409698404850474
      ],
      [
        0.2541693681314545,
        0.966824504746183,
        0.025461919133384137,
        15.263925040188042
      ],
      [
        -0.03209774987926318,
        -0.0178796279191857,
        0.9993247987307029,
        -0.4089179008328898
      ],
      [
        0.0,
        0.0,
        0.0,
        1.0
      ]
    ],
    "location": [
      55.409698404850474,
      15.263925040188042,
      -0.4089179008328898
    ],
    "rotation": [
      -0.01788979966582776,
      0.032103263970393855,
      0.2571242537602075
    ]
  },
  {
    "label_id": "Q5PhKXgruUST0xy6Tmhvuw",
    "size": [
      2.1945859371520573,
      3.7584377944850687,
      1.759999999999998
    ],
    "obj_class": "vehicle",
    "point_num_in_lidar": 433,
    "speed": 6.729791134352668,
    "if_vehicle": true,
    "motion_state": true,
    "pose": [
      [
        0.9867759121196878,
        -0.15991141905590397,
        0.02648843739984054,
        48.2501316649591
      ],
      [
        0.1592496546511221,
        0.9869099443047188,
        0.025461919133384137,
        8.270397873106049
      ],
      [
        -0.030213353899501787,
        -0.020906933968990387,
        0.9993247987307029,
        -0.4701062081744283
      ],
      [
        0.0,
        0.0,
        0.0,
        1.0
      ]
    ],
    "location": [
      48.2501316649591,
      8.270397873106049,
      -0.4701062081744283
    ],
    "rotation": [
      -0.02091800837840683,
      0.030217952482434737,
      0.16000423722509874
    ]
  },
  {
    "label_id": "Qmd53-c0mGJyoeMBj67yxA",
    "size": [
      0.7848630893649386,
      0.7549063254896076,
      1.7100000000000009
    ],
    "obj_class": "pedestrian",
    "point_num_in_lidar": 199,
    "speed": 0.8849379083260783,
    "if_vehicle": false,
    "motion_state": false,
    "pose": [
      [
        0.883810034044837,
        0.467095478896744,
        0.02648843739984054,
        32.46795975991927
      ],
      [
        -0.4677043367928642,
        0.883518162812283,
        0.025461919133384137,
        -9.253060731742153
      ],
      [
        -0.011509868236037049,
        -0.03489225666289484,
        0.9993247987307029,
        0.01578476904858661
      ],
      [
        0.0,
        0.0,
        0.0,
        1.0
      ]
    ],
    "location": [
      32.46795975991927,
      -9.253060731742153,
      0.01578476904858661
    ],
    "rotation": [
      -0.03490165343807709,
      0.01151012238345214,
      -0.48672679955632003
    ]
  },
  {
    "label_id": "bN1HpAOAVLxExyTvaQQIrQ",
    "size": [
      0.6465920004993275,
      0.8036470105207957,
      1.4799999999999969
    ],
    "obj_class": "pedestrian",
    "point_num_in_lidar": 110,
    "speed": 1.3768669342553739,
    "if_vehicle": false,
    "motion_state": true,
    "pose": [
      [
        0.9957726952124479,
        -0.08794942952317614,
        0.02648843739984054,
        27.04312566610531
      ],
      [
        0.08727968928331516,
        0.9958583968178673,
        0.025461919133384137,
        -9.03588979014421
      ],
      [
        -0.028618094065562014,
        -0.023042381254872686,
        0.9993247987307029,
        0.01601406551902329
      ],
      [
        0.0,
        0.0,
        0.0,
        1.0
      ]
    ],
    "location": [
      27.04312566610531,
      -9.03588979014421,
      0.01601406551902329
    ],
    "rotation": [
      -0.023053864915534072,
      0.028622001853400688,
      0.08742678312078284
    ]
  },
  {
    "label_id": "bcz7REbn_CUSYUPs1N5iZA",
    "size": [
      0.8876727643197457,
      0.9776859722758251,
      1.7800000000000011
    ],
    "obj_class": "pedestrian",
    "point_num_in_lidar": 105,
    "speed": 1.257814363665492,
    "if_vehicle": false,
    "motion_state": true,
    "pose": [
      [
        0.9828376145365557,
        -0.1825611846373907,
        0.02648843739984054,
        51.425131799614405
      ],
      [
        0.18190267745908673,
        0.982986829315256,
        0.025461919133384137,
        15.161510887883196
      ],
      [
        -0.03068614321331695,
        -0.020206614177839546,
        0.9993247987307029,
        -0.43073292574167255
      ],
      [
        0.0,
        0.0,
        0.0,
        1.0
      ]
    ],
    "location": [
      51.425131799614405,
      15.161510887883196,
      -0.43073292574167255
    ],
    "rotation": [
      -0.020217511856214482,
      0.030690961135303722,
      0.18300822424182056
    ]
  },
  {
    "label_id": "cGSVUM5Oj38n194tI-f_BA",
    "size": [
      0.6327448607880686,
      0.1394795873197821,
      0.740000000000002
    ],
    "obj_class": "sign",
    "point_num_in_lidar": 37,
    "speed": 0.010000250737165033,
    "if_vehicle": false,
    "motion_state": false,
    "pose": [
      [
        -0.9800344566060015,
        0.1970553895459191,
        0.02648843739984054,
        51.015036227867995
      ],
      [
        -0.19639915771347688,
        -0.9801933796570357,
        0.025461919133384137,
        -6.907973138675516
      ],
      [
        0.03098119937019922,
        0.019751251287557232,
        0.9993247987307029,
        -1.0224792999851786
      ],
      [
        0.0,
        0.0,
        0.0,
        1.0
      ]
    ],
    "location": [
      51.015036227867995,
      -6.907973138675516,
      -1.0224792999851786
    ],
    "rotation": [
      0.019762023361992523,
      -0.03098615765054786,
      -2.943812260153772
    ]
  },
  {
    "label_id": "ggzHMOp5JylcvbIJljZcRQ",
    "size": [
      0.5390002265201519,
      0.10018230793895748,
      0.5
    ],
    "obj_class": "sign",
    "point_num_in_lidar": 50,
    "speed": 0.002764495491044305,
    "if_vehicle": false,
    "motion_state": false,
    "pose": [
      [
        -0.8490459271644678,
        0.5276545993825356,
        0.02648843739984054,
        50.449684161687514
      ],
      [
        -0.5270955202009411,
        -0.8494245129840228,
        0.025461919133384137,
        13.717949673124167
      ],
      [
        0.035935026777903646,
        0.007656402047411823,
        0.9993247987307029,
        1.1626295436637335
      ],
      [
        0.0,
        0.0,
        0.0,
        1.0
      ]
    ],
    "location": [
      50.449684161687514,
      13.717949673124167,
      1.1626295436637335
    ],
    "rotation": [
      0.007661425247151973,
      -0.03594276524884172,
      -2.5860126271358292
    ]
  },
  {
    "label_id": "jUwTOaYBTLX6LY3CRbHeFA",
    "size": [
      0.8554961916793161,
      0.9410819046885246,
      1.7800000000000011
    ],
    "obj_class": "pedestrian",
    "point_num_in_lidar": 126,
    "speed": 1.4291383583489954,
    "if_vehicle": false,
    "motion_state": true,
    "pose": [
      [
        0.9936904774877408,
        -0.10898439170037373,
        0.02648843739984054,
        27.267600531738708
      ],
      [
        0.10831661326258112,
        0.993790320925581,
        0.025461919133384137,
        -9.644972016947577
      ],
      [
        -0.02909890447268067,
        -0.022432128751638105,
        0.9993247987307029,
        0.11933793741264509
      ],
      [
        0.0,
        0.0,
        0.0,
        1.0
      ]
    ],
    "location": [
      27.267600531738708,
      -9.644972016947577,
      0.11933793741264509
    ],
    "rotation": [
      -0.022443516075931026,
      0.02910301260288369,
      0.10857570246732372
    ]
  },
  {
    "label_id": "qGeZ7KUTeD5t013F2-GCFg",
    "size": [
      0.7376186579085953,
      0.9327574940093656,
      1.7199999999999989
    ],
    "obj_class": "pedestrian",
    "point_num_in_lidar": 199,
    "speed": 1.229651864634264,
    "if_vehicle": false,
    "motion_state": true,
    "pose": [
      [
        0.9973853515079963,
        -0.06723706776314188,
        0.02648843739984054,
        35.886422753576085
      ],
      [
        0.06656569117187998,
        0.997457116588405,
        0.025461919133384137,
        12.361434714584902
      ],
      [
        -0.028133065173928398,
        -0.023632124021335053,
        0.9993247987307029,
        -0.09582303591120223
      ],
      [
        0.0,
        0.0,
        0.0,
        1.0
      ]
    ],
    "location": [
      35.886422753576085,
      12.361434714584902,
      -0.09582303591120223
    ],
    "rotation": [
      -0.023643684462928385,
      0.028136777572789214,
      0.06664136473032961
    ]
  },
  {
    "label_id": "qLypwlYfLdIxLz4CCeYWYg",
    "size": [
      0.8473926735889253,
      0.9331264342026916,
      1.8900000000000006
    ],
    "obj_class": "pedestrian",
    "point_num_in_lidar": 310,
    "speed": 1.3491429282408303,
    "if_vehicle": false,
    "motion_state": true,
    "pose": [
      [
        0.984544675743139,
        -0.17311887288782843,
        0.02648843739984054,
        27.497254823448884
      ],
      [
        0.17245896378711753,
        0.9846875628764276,
        0.025461919133384137,
        -8.373195595722791
      ],
      [
        -0.030490773609586293,
        -0.02050022845065928,
        0.9993247987307029,
        0.15776332244507074
      ],
      [
        0.0,
        0.0,
        0.0,
        1.0
      ]
    ],
    "location": [
      27.497254823448884,
      -8.373195595722791,
      0.15776332244507074
    ],
    "rotation": [
      -0.020511202680262346,
      0.03049550006791762,
      0.1734069372711106
    ]
  },
  {
    "label_id": "rnU7ADUc_Y7-oj7NrdnOsg",
    "size": [
      0.8706653190041035,
      0.9767878337282155,
      1.7700000000000031
    ],
    "obj_class": "pedestrian",
    "point_num_in_lidar": 68,
    "speed": 1.0541279247931108,
    "if_vehicle": false,
    "motion_state": true,
    "pose": [
      [
        -0.9954400133656852,
        0.09163810601839921,
        0.02648843739984054,
        49.757776917310935
      ],
      [
        -0.09096868789466149,
        -0.9955281957316772,
        0.025461919133384137,
        16.42834426245281
      ],
      [
        0.028703268337391695,
        0.022936194727808525,
        0.9993247987307029,
        -0.39053056551246357
      ],
      [
        0.0,
        0.0,
        0.0,
        1.0
      ]
    ],
    "location": [
      49.757776917310935,
      16.42834426245281,
      -0.39053056551246357
    ],
    "rotation": [
      0.022947662847296935,
      -0.02870721112937184,
      -3.050460377711224
    ]
  },
  {
    "label_id": "sNygxkvj9rIACrP7AQ4GwA",
    "size": [
      2.9067328764412292,
      12.41259995732931,
      3.969999999999999
    ],
    "obj_class": "vehicle",
    "point_num_in_lidar": 1277,
    "speed": 2.864289338439558e-13,
    "if_vehicle": true,
    "motion_state": false,
    "pose": [
      [
        0.9851141927981166,
        -0.16984813755773126,
        0.02648843739984054,
        70.8619148912536
      ],
      [
        0.1691877575525481,
        0.9852548875130664,
        0.025461919133384137,
        1.236083266830974
      ],
      [
        -0.03042252195422765,
        -0.02060137858942456,
        0.9993247987307029,
        -0.21402146243128328
      ],
      [
        0.0,
        0.0,
        0.0,
        1.0
      ]
    ],
    "location": [
      70.8619148912536,
      1.236083266830974,
      -0.21402146243128328
    ],
    "rotation": [
      -0.0206123783739376,
      0.030427216735135737,
      0.17008498269077066
    ]
  },
  {
    "label_id": "tnRPM6MdPaKwSYNbbGXKGw",
    "size": [
      1.8538543203628426,
      3.6340820156792333,
      1.2800000000000011
    ],
    "obj_class": "vehicle",
    "point_num_in_lidar": 46,
    "speed": 0.5891224134245652,
    "if_vehicle": true,
    "motion_state": false,
    "pose": [
      [
        0.9902626983751488,
        -0.1366680317077985,
        0.02648843739984054,
        81.21364971333355
      ],
      [
        0.13600329910653286,
        0.9903811353747525,
        0.025461919133384137,
        13.049848898552227
      ],
      [
        -0.029713479077819873,
        -0.02161147387227962,
        0.9993247987307029,
        -1.4607447623596812
      ],
      [
        0.0,
        0.0,
        0.0,
        1.0
      ]
    ],
    "location": [
      81.21364971333355,
      13.049848898552227,
      -1.4607447623596812
    ],
    "rotation": [
      -0.021622705359240997,
      0.02971785310892752,
      0.13648674258769444
    ]
  },
  {
    "label_id": "uc4fg8DBi_HIrjSbPzg4Ug",
    "size": [
      0.9820700944145728,
      0.8525162310058947,
      1.7700000000000031
    ],
    "obj_class": "pedestrian",
    "point_num_in_lidar": 24,
    "speed": 1.23259883779142,
    "if_vehicle": false,
    "motion_state": true,
    "pose": [
      [
        0.9974723620125718,
        -0.06593367656346463,
        0.02648843739984054,
        20.919147370925202
      ],
      [
        0.06526220676636954,
        0.9975432497100206,
        0.025461919133384137,
        10.14967083515694
      ],
      [
        -0.028102159864403023,
        -0.02366886674084334,
        0.9993247987307029,
        0.4803985564978035
      ],
      [
        0.0,
        0.0,
        0.0,
        1.0
      ]
    ],
    "location": [
      20.919147370925202,
      10.14967083515694,
      0.4803985564978035
    ],
    "rotation": [
      -0.023680431425876697,
      0.02810586003914291,
      0.06533446295521178
    ]
  },
  {
    "label_id": "zO7B1d4f4777q1yNdUEaJg",
    "size": [
      1.136087788184063,
      0.11753966349738357,
      1.2100000000000009
    ],
    "obj_class": "sign",
    "point_num_in_lidar": 133,
    "speed": 0.0070717260622288735,
    "if_vehicle": false,
    "motion_state": false,
    "pose": [
      [
        -0.9542830208469048,
        0.2977285320680918,
        0.02648843739984054,
        56.30086432678945
      ],
      [
        -0.2970923436632092,
        -0.9545092089711584,
        0.025461919133384137,
        -3.2488482053522603
      ],
      [
        0.03286419723662276,
        0.016428365160070586,
        0.9993247987307029,
        1.1852736579677625
      ],
      [
        0.0,
        0.0,
        0.0,
        1.0
      ]
    ],
    "location": [
      56.30086432678945,
      -3.2488482053522603,
      1.1852736579677625
    ],
    "rotation": [
      0.016437984393108278,
      -0.03287011597300521,
      -2.839778431593015
    ]
  },
  {
    "label_id": "zVW1ZwiQ2mZr9pYEiPJdiA",
    "size": [
      2.8190867680434715,
      8.171657067596211,
      3.3899999999999935
    ],
    "obj_class": "vehicle",
    "point_num_in_lidar": 45730,
    "speed": 0.08202486750362077,
    "if_vehicle": true,
    "motion_state": false,
    "pose": [
      [
        0.9836102427011023,
        -0.17835148762371897,
        0.02648843739984054,
        25.90565398443664
      ],
      [
        0.17769234761732924,
        0.983756636710669,
        0.025461919133384137,
        7.651522743042733
      ],
      [
        -0.030599347243382122,
        -0.020337811832131476,
        0.9993247987307029,
        0.7091889076748004
      ],
      [
        0.0,
        0.0,
        0.0,
        1.0
      ]
    ],
    "location": [
      25.90565398443664,
      7.651522743042733,
      0.7091889076748004
    ],
    "rotation": [
      -0.020348744150523262,
      0.030604124386875754,
      0.17872557617314105
    ]
  },
  {
    "label_id": "zeb2WL1QCRb_7e3cxfpq9w",
    "size": [
      1.7632382930083423,
      3.4409086866067753,
      1.6199999999999974
    ],
    "obj_class": "vehicle",
    "point_num_in_lidar": 65,
    "speed": 4.9673042145617226,
    "if_vehicle": true,
    "motion_state": true,
    "pose": [
      [
        0.9875276496265326,
        -0.15520149453923138,
        0.02648843739984054,
        82.01505592842898
      ],
      [
        0.15453909817256392,
        0.9876585228762295,
        0.025461919133384137,
        10.614235580791501
      ],
      [
        -0.030113258858964247,
        -0.0210508499289999,
        0.9993247987307029,
        -1.7155702797336971
      ],
      [
        0.0,
        0.0,
        0.0,
        1.0
      ]
    ],
    "location": [
      82.01505592842898,
      10.614235580791501,
      -1.7155702797336971
    ],
    "rotation": [
      -0.021061958136131147,
      0.03011781187627263,
      0.15523189951798727
    ]
  }
]