[
  {
    "label_id": "-6zITrm7_Cho5H0eemun7w",
    "size": [
      1.815112031352213,
      3.911679368408384,
      2.3500000000000014
    ],
    "obj_class": "vehicle",
    "point_num_in_lidar": 34,
    "speed": 1.421529491362787e-12,
    "if_vehicle": true,
    "motion_state": false,
    "pose": [
      [
        0.9908416493992527,
        -0.12872011934530447,
        0.04079162526179629,
        130.11324694825657
      ],
      [
        0.1278739088923416,
        0.991530006034195,
        0.022726868645332993,
        15.035945276682469
      ],
      [
        -0.04337152568634582,
        -0.017302543441924424,
        0.9989091714215457,
        -2.5500434063001265
      ],
      [
        0.0,
        0.0,
        0.0,
        1.0
      ]
    ],
    "location": [
      130.11324694825657,
      15.035945276682469,
      -2.5500434063001265
    ],
    "rotation": [
      -0.017319706143628818,
      0.0433851348278849,
      0.12834643082572542
    ]
  },
  {
    "label_id": "-Cs9zVetNWvCdv8--MqL8Q",
    "size": [
      0.8529865893726121,
      0.8339678676017309,
      1.740000000000002
    ],
    "obj_class": "pedestrian",
    "point_num_in_lidar": 137,
    "speed": 1.543058637037755,
    "if_vehicle": false,
    "motion_state": true,
    "pose": [
      [
        -0.9594599975636203,
        0.27887731421490475,
        0.04079162526179629,
        77.48955135794097
      ],
      [
        -0.2781464478588693,
        -0.9602697761489065,
        0.022726868645332993,
        20.663117073634567
      ],
      [
        0.0455089729472206,
        0.010459475666121158,
        0.9989091714215457,
        -1.2615414523744448
      ],
      [
        0.0,
        0.0,
        0.0,
        1.0
      ]
    ],
    "location": [
      77.48955135794097,
      20.663117073634567,
      -1.2615414523744448
    ],
    "rotation": [
      0.010470514970312128,
      -0.04552469629126194,
      -2.859428443164955
    ]
  },
  {
    "label_id": "-_ss2DWVkS47ff-UQnMrfw",
    "size": [
      1.6511216056301827,
      3.5853420680503785,
      2.049999999999997
    ],
    "obj_class": "vehicle",
    "point_num_in_lidar": 31,
    "speed": 1.7053950819000347e-12,
    "if_vehicle": true,
    "motion_state": false,
    "pose": [
      [
        0.9871826134863998,
        -0.15429365164731348,
        0.04079162526179629,
        124.26757887138194
      ],
      [
        0.1534655203550584,
        0.9878926173950937,
        0.022726868645332993,
        14.028780895638192
      ],
      [
        -0.043804357001473025,
        -0.016175461588731826,
        0.9989091714215457,
        -2.1640984228164655
      ],
      [
        0.0,
        0.0,
        0.0,
        1.0
      ]
    ],
    "location": [
      124.26757887138194,
      14.028780895638192,
      -2.1640984228164655
    ],
    "rotation": [
      -0.016191710362830066,
      0.043818377903213565,
      0.15422360848451488
    ]
  },
  {
    "label_id": "0azlkCJCVSaAazdrWPD_bQ",
    "size": [
      0.59971430605582,
      0.5367652927583926,
      1.7299999999999969
    ],
    "obj_class": "pedestrian",
    "point_num_in_lidar": 50,
    "speed": 0.008539093460623145,
    "if_vehicle": false,
    "motion_state": false,
    "pose": [
      [
        0.8846845195260524,
        -0.4644021363209464,
        0.04079162526179629,
        95.60597230629571
      ],
      [
        0.46384721401593787,
        0.8856236511584538,
        0.022726868645332993,
        2.9491639051320817
      ],
      [
        -0.046680434451817625,
        -0.0011850271349617616,
        0.9989091714215457,
        -2.1621313393340174
      ],
      [
        0.0,
        0.0,
        0.0,
        1.0
      ]
    ],
    "location": [
      95.60597230629571,
      2.9491639051320817,
      -2.1621313393340174
    ],
    "rotation": [
      -0.0011863206515129688,
      0.04669740436503542,
      0.4829044059828452
    ]
  },
  {
    "label_id": "0wBZnA_8JMJFPBxny6Tm-A",
    "size": [
      0.8268623261401875,
      0.9830332538591489,
      1.6300000000000026
    ],
    "obj_class": "pedestrian",
    "point_num_in_lidar": 169,
    "speed": 1.772569554087956,
    "if_vehicle": false,
    "motion_state": true,
    "pose": [
      [
        -0.9839582133445748,
        0.1736729043352852,
        0.04079162526179629,
        74.35840837584965
      ],
      [
        -0.17285889256327452,
        -0.984684361967517,
        0.022726868645332993,
        19.930270930180995
      ],
      [
        0.044113916778611435,
        0.01531109389856849,
        0.9989091714215457,
        -1.320979462377899
      ],
      [
        0.0,
        0.0,
        0.0,
        1.0
      ]
    ],
    "location": [
      74.35840837584965,
      19.930270930180995,
      -1.320979462377899
    ],
    "rotation": [
      0.015326613703413842,
      -0.04412823721332278,
      -2.9676901151832706
    ]
  },
  {
    "label_id": "1a4IZcUFLKkimx_5GCJ-CQ",
    "size": [
      0.95150422090228,
      0.975551333507289,
      1.5499999999999972
    ],
    "obj_class": "pedestrian",
    "point_num_in_lidar": 479,
    "speed": 1.3554387353781874,
    "if_vehicle": false,
    "motion_state": true,
    "pose": [
      [
        0.9985352465754416,
        -0.03554440399026142,
        0.04079162526179629,
        61.71438639168707
      ],
      [
        0.03463755854972142,
        0.9991414959750657,
        0.022726868645332993,
        16.9139099885233
      ],
      [
        -0.04156441848788875,
        -0.02128065707831149,
        0.9989091714215457,
        -1.0362593477259665
      ],
      [
        0.0,
        0.0,
        0.0,
        1.0
      ]
    ],
    "location": [
      61.71438639168707,
      16.9139099885233,
      -1.0362593477259665
    ],
    "rotation": [
      -0.021300673887359674,
      0.04157639558915864,
      0.034674465185635925
    ]
  },
  {
    "label_id": "1jfGLq5QfYJKXOi2khKr_w",
    "size": [
      0.6862912307103591,
      0.8478699398593197,
      1.7899999999999991
    ],
    "obj_class": "pedestrian",
    "point_num_in_lidar": 131,
    "speed": 1.2181732896495192,
    "if_vehicle": false,
    "motion_state": true,
    "pose": [
      [
        0.9934711540243835,
        -0.10654158544887916,
        0.04079162526179629,
        79.0138178763458
      ],
      [
        0.10568020088146896,
        0.9941404249819188,
        0.022726868645332993,
        19.963475357926654
      ],
      [
        -0.042973960291227534,
        -0.018267621268491307,
        0.9989091714215457,
        -1.3176870909903826
      ],
      [
        0.0,
        0.0,
        0.0,
        1.0
      ]
    ],
    "location": [
      79.0138178763458,
      19.963475357926654,
      -1.3176870909903826
    ],
    "rotation": [
      -0.018285531612221073,
      0.042987198403146964,
      0.10597617679411221
    ]
  },
  {
    "label_id": "3HfnZ-jQRpz-Kq670Sffgw",
    "size": [
      1.9179525928726446,
      4.646399190909152,
      1.519999999999996
    ],
    "obj_class": "vehicle",
    "point_num_in_lidar": 241,
    "speed": 2.8421709430404007e-13,
    "if_vehicle": true,
    "motion_state": false,
    "pose": [
      [
        0.9907620329749186,
        -0.12933150166880275,
        0.04079162526179629,
        81.53898301882055
      ],
      [
        0.1284857161329538,
        0.9914509116397947,
        0.022726868645332993,
        16.273254464087586
      ],
      [
        -0.04338219410320735,
        -0.017275777398215064,
        0.9989091714215457,
        -1.723934689466759
      ],
      [
        0.0,
        0.0,
        0.0,
        1.0
      ]
    ],
    "location": [
      81.53898301882055,
      16.273254464087586,
      -1.723934689466759
    ],
    "rotation": [
      -0.017292918895481266,
      0.043395813295522404,
      0.1289639777703881
    ]
  },
  {
    "label_id": "4MWHdcD0VcAXPixK5_J88w",
    "size": [
      0.9243939631573446,
      0.7994440539106427,
      1.6799999999999997
    ],
    "obj_class": "pedestrian",
    "point_num_in_lidar": 24,
    "speed": 1.242511905344397,
    "if_vehicle": false,
    "motion_state": true,
    "pose": [
      [
        -0.9930579673319383,
        0.11032641037874832,
        0.04079162526179629,
        118.34065398684288
      ],
      [
        -0.10946758230610165,
        -0.9937305157162251,
        0.022726868645332993,
        27.23153017558252
      ],
      [
        0.043043256645096735,
        0.018103737385009006,
        0.9989091714215457,
        -2.157273214843414
      ],
      [
        0.0,
        0.0,
        0.0,
        1.0
      ]
    ],
    "location": [
      118.34065398684288,
      27.23153017558252,
      -2.157273214843414
    ],
    "rotation": [
      0.018121523123903718,
      -0.04305655893621274,
      -3.031803093950252
    ]
  },
  {
    "label_id": "5_yjagwD-XEyaFu36rcIGw",
    "size": [
      0.6469077117508534,
      0.8526376858233217,
      1.75
    ],
    "obj_class": "pedestrian",
    "point_num_in_lidar": 61,
    "speed": 1.4508875585499934,
    "if_vehicle": false,
    "motion_state": true,
    "pose": [
      [
        0.0876777662120011,
        -0.9953133439377644,
        0.04079162526179629,
        92.45831026711369
      ],
      [
        0.9958033182244106,
        0.08865235955591352,
        0.022726868645332993,
        5.578891068711528
      ],
      [
        -0.026236629458199563,
        0.03862779471564707,
        0.9989091714215457,
        -2.0899672176393125
      ],
      [
        0.0,
        0.0,
        0.0,
        1.0
      ]
    ],
    "location": [
      92.45831026711369,
      5.578891068711528,
      -2.0899672176393125
    ],
    "rotation": [
      0.03865071903665943,
      0.026239640435194073,
      1.4829755253309111
    ]
  },
  {
    "label_id": "7UguPnYQrmWFtcN1psI8ag",
    "size": [
      0.7446045321513828,
      0.9695763688623205,
      1.8599999999999994
    ],
    "obj_class": "pedestrian",
    "point_num_in_lidar": 42,
    "speed": 1.3782653881676596,
    "if_vehicle": false,
    "motion_state": true,
    "pose": [
      [
        -0.07396898149354432,
        -0.9964259295528739,
        0.04079162526179629,
        93.78818314863997
      ],
      [
        0.9970666495170165,
        -0.07308615369882902,
        0.022726868645332993,
        11.214047863984888
      ],
      [
        -0.01966433822224331,
        0.04235305245436577,
        0.9989091714215457,
        -1.8097645095446282
      ],
      [
        0.0,
        0.0,
        0.0,
        1.0
      ]
    ],
    "location": [
      93.78818314863997,
      11.214047863984888,
      -1.8097645095446282
    ],
    "rotation": [
      0.0423739231070591,
      0.019665605764182106,
      1.6448472721943423
    ]
  },
  {
    "label_id": "BMsVsI9u-XO6uaeysrmA3w",
    "size": [
      0.6890163519217735,
      0.7958109185850852,
      1.7299999999999969
    ],
    "obj_class": "pedestrian",
    "point_num_in_lidar": 87,
    "speed": 1.0413189855417138,
    "if_vehicle": false,
    "motion_state": true,
    "pose": [
      [
        0.9970185959414665,
        0.06549780649310125,
        0.04079162526179629,
        79.40687292917232
      ],
      [
        -0.06646125020705033,
        0.997530145741217,
        0.022726868645332993,
        19.033669740359983
      ],
      [
        -0.039202315847694603,
        -0.02537017307979252,
        0.9989091714215457,
        -1.3364006290087076
      ],
      [
        0.0,
        0.0,
        0.0,
        1.0
      ]
    ],
    "location": [
      79.40687292917232,
      19.033669740359983,
      -1.3364006290087076
    ],
    "rotation": [
      -0.025392418937710257,
      0.03921236395896674,
      -0.06656151721993536
    ]
  },
  {
    "label_id": "CKZzEND_6K02uEXooYwMvQ",
    "size": [
      1.8366532480557631,
      4.781002948694367,
      1.6199999999999974
    ],
    "obj_class": "vehicle",
    "point_num_in_lidar": 59,
    "speed": 6.810867242068863,
    "if_vehicle": true,
    "motion_state": true,
    "pose": [
      [
        0.18267959759291078,
        0.9823259173674455,
        0.04079162526179629,
        101.81124857372356
      ],
      [
        -0.983059492631557,
        0.1818722721817806,
        0.022726868645332993,
        16.602885910753685
      ],
      [
        0.014906326518565553,
        -0.044252329652154435,
        0.9989091714215457,
        -1.911038615117974
      ],
      [
        0.0,
        0.0,
        0.0,
        1.0
      ]
    ],
    "location": [
      101.81124857372356,
      16.602885910753685,
      -1.911038615117974
    ],
    "rotation": [
      -0.04427170743023099,
      -0.014906878601176473,
      -1.387064455227533
    ]
  },
  {
    "label_id": "DpKKPa5FRfdZLz9japNk8Q",
    "size": [
      0.7249968701647458,
      0.8849625433311452,
      1.8299999999999983
    ],
    "obj_class": "pedestrian",
    "point_num_in_lidar": 64,
    "speed": 1.7643380601709597,
    "if_vehicle": false,
    "motion_state": true,
    "pose": [
      [
        0.05086040025623773,
        0.9978723680883624,
        0.04079162526179629,
        92.04558040471443
      ],
      [
        -0.9984924595442751,
        0.04996296303064656,
        0.022726868645332993,
        13.401956949501255
      ],
      [
        0.02064044376943647,
        -0.04188602787233194,
        0.9989091714215457,
        -1.7770484634863095
      ],
      [
        0.0,
        0.0,
        0.0,
        1.0
      ]
    ],
    "location": [
      92.04558040471443,
      13.401956949501255,
      -1.7770484634863095
    ],
    "rotation": [
      -0.041907218302969014,
      -0.020641909618026505,
      -1.519903122042153
    ]
  },
  {
    "label_id": "F7lTnSl61ud08HVsq-smOQ",
    "size": [
      0.6928800511638223,
      0.7529766446113904,
      1.6400000000000006
    ],
    "obj_class": "pedestrian",
    "point_num_in_lidar": 116,
    "speed": 1.405520999954678,
    "if_vehicle": false,
    "motion_state": true,
    "pose": [
      [
        0.9985937068935211,
        -0.033862248318115164,
        0.04079162526179629,
        78.76158127204258
      ],
      [
        0.03295438289309101,
        0.9991984277858494,
        0.022726868645332993,
        19.4127478714654
      ],
      [
        -0.04152851069797784,
        -0.02135064516891649,
        0.9989091714215457,
        -1.3452176600088706
      ],
      [
        0.0,
        0.0,
        0.0,
        1.0
      ]
    ],
    "location": [
      78.76158127204258,
      19.4127478714654,
      -1.3452176600088706
    ],
    "rotation": [
      -0.021370706516967753,
      0.04154045676869378,
      0.03298881963871169
    ]
  },
  {
    "label_id": "Ga-Dhcn3PxdzLUggW_4FEw",
    "size": [
      0.7123156861342845,
      0.678494126323846,
      1.75
    ],
    "obj_class": "pedestrian",
    "point_num_in_lidar": 49,
    "speed": 0.012571880164852372,
    "if_vehicle": false,
    "motion_state": false,
    "pose": [
      [
        0.2699778607479916,
        0.9620020779678384,
        0.04079162526179629,
        84.24061237620958
      ],
      [
        -0.9628050517881164,
        0.26923952475975793,
        0.022726868645332993,
        23.67671798601441
      ],
      [
        0.010880577062848283,
        -0.04541013425107282,
        0.9989091714215457,
        -1.0314706897763628
      ],
      [
        0.0,
        0.0,
        0.0,
        1.0
      ]
    ],
    "location": [
      84.24061237620958,
      23.67671798601441,
      -1.0314706897763628
    ],
    "rotation": [
      -0.04542844630654077,
      -0.010880791760688199,
      -1.2974096897114593
    ]
  },
  {
    "label_id": "GsKDCrOHfvk8e-YxrpZCcQ",
    "size": [
      0.7594202802803632,
      0.7815636330990099,
      1.7700000000000031
    ],
    "obj_class": "pedestrian",
    "point_num_in_lidar": 47,
    "speed": 1.2692776351795363,
    "if_vehicle": false,
    "motion_state": true,
    "pose": [
      [
        0.9988408415077678,
        -0.02555419035217843,
        0.04079162526179629,
        80.34673236949948
      ],
      [
        0.024641325917357553,
        0.9994379893213047,
        0.022726868645332993,
        18.828002180482144
      ],
      [
        -0.04134946666026962,
        -0.02169536486976627,
        0.9989091714215457,
        -1.3053264522168746
      ],
      [
        0.0,
        0.0,
        0.0,
        1.0
      ]
    ],
    "location": [
      80.34673236949948,
      18.828002180482144,
      -1.3053264522168746
    ],
    "rotation": [
      -0.021715642517895064,
      0.04136125880618179,
      0.024664919347465075
    ]
  },
  {
    "label_id": "I5xneQtkttgIrX3p2aNLJQ",
    "size": [
      0.5927357414433062,
      0.8028071134260143,
      1.75
    ],
    "obj_class": "pedestrian",
    "point_num_in_lidar": 72,
    "speed": 0.8623374504487284,
    "if_vehicle": false,
    "motion_state": false,
    "pose": [
      [
        0.994399254487427,
        -0.0974995691444333,
        0.04079162526179629,
        53.44100213241768
      ],
      [
        0.0966321318615244,
        0.9950606617354918,
        0.022726868645332993,
        -22.20164728466989
      ],
      [
        -0.042806001527191315,
        -0.018657799526609023,
        0.9989091714215457,
        0.7708275333503494
      ],
      [
        0.0,
        0.0,
        0.0,
        1.0
      ]
    ],
    "location": [
      53.44100213241768,
      -22.20164728466989,
      0.7708275333503494
    ],
    "rotation": [
      -0.018676002556418155,
      0.042819084941137134,
      0.0968722266126603
    ]
  },
  {
    "label_id": "KApnY9cu-6X5mwhWn7kKNg",
    "size": [
      1.963753891240654,
      4.408086105477256,
      2.1000000000000014
    ],
    "obj_class": "vehicle",
    "point_num_in_lidar": 1272,
    "speed": 0.017522403140809033,
    "if_vehicle": true,
    "motion_state": false,
    "pose": [
      [
        0.9856866858210336,
        -0.1635781180465402,
        0.04079162526179629,
        74.26159658637096
      ],
      [
        0.16275670594697988,
        0.9864044526008924,
        0.022726868645332993,
        15.38669274595486
      ],
      [
        -0.04395465918915739,
        -0.015762461276274668,
        0.9989091714215457,
        -1.27440247433654
      ],
      [
        0.0,
        0.0,
        0.0,
        1.0
      ]
    ],
    "location": [
      74.26159658637096,
      15.38669274595486,
      -1.27440247433654
    ],
    "rotation": [
      -0.015778364688421854,
      0.043968824997087125,
      0.1636435550463459
    ]
  },
  {
    "label_id": "KtpOcOD6i_wv5LraLF15Uw",
    "size": [
      1.7747149394938724,
      0.17030016092349531,
      1.8699999999999974
    ],
    "obj_class": "sign",
    "point_num_in_lidar": 89,
    "speed": 0.01514487510163034,
    "if_vehicle": false,
    "motion_state": false,
    "pose": [
      [
        -0.9890831959368247,
        0.14159969923660778,
        0.04079162526179629,
        114.81011994366543
      ],
      [
        -0.1407625156555466,
        -0.989782503193454,
        0.022726868645332993,
        12.033330429845591
      ],
      [
        0.043592954725719106,
        0.01673683208383358,
        0.9989091714215457,
        -1.4882140229528389
      ],
      [
        0.0,
        0.0,
        0.0,
        1.0
      ]
    ],
    "location": [
      114.81011994366543,
      12.033330429845591,
      -1.4882140229528389
    ],
    "rotation": [
      0.01675354139185111,
      -0.04360677349353634,
      -3.000225808942364
    ]
  },
  {
    "label_id": "LOFTK7cAR19Z_eB-h15rrQ",
    "size": [
      0.7049898602951159,
      0.964005024151008,
      1.8400000000000034
    ],
    "obj_class": "pedestrian",
    "point_num_in_lidar": 45,
    "speed": 1.515894981999211,
    "if_vehicle": false,
    "motion_state": true,
    "pose": [
      [
        -0.01123633701638063,
        0.9991044930531318,
        0.04079162526179629,
        92.52128137807756
      ],
      [
        -0.999667628133363,
        -0.012170567110621734,
        0.022726868645332993,
        16.446384756947737
      ],
      [
        0.02320297378938056,
        -0.04052270051773889,
        0.9989091714215457,
        -1.834827280267426
      ],
      [
        0.0,
        0.0,
        0.0,
        1.0
      ]
    ],
    "location": [
      92.52128137807756,
      16.446384756947737,
      -1.834827280267426
    ],
    "rotation": [
      -0.04054472068093127,
      -0.023205056289022863,
      -1.5820359263770822
    ]
  },
  {
    "label_id": "LuS7gN3gUPNcgKjs-EjAqA",
    "size": [
      0.7360979501273217,
      0.9737403987557425,
      1.7100000000000009
    ],
    "obj_class": "pedestrian",
    "point_num_in_lidar": 68,
    "speed": 1.4324106321536885,
    "if_vehicle": false,
    "motion_state": true,
    "pose": [
      [
        0.3234308592285305,
        -0.945372160901301,
        0.04079162526179629,
        92.8482979484262
      ],
      [
        0.9456145418518487,
        0.32449441856509076,
        0.022726868645332993,
        9.324480676405074
      ],
      [
        -0.03472200364341013,
        0.031222583379791793,
        0.9989091714215457,
        -1.993145108517865
      ],
      [
        0.0,
        0.0,
        0.0,
        1.0
      ]
    ],
    "location": [
      92.8482979484262,
      9.324480676405074,
      -1.993145108517865
    ],
    "rotation": [
      0.031246505971298594,
      0.03472898434071545,
      1.2412371043958366
    ]
  },
  {
    "label_id": "Lxz0wz_LuNSJzQ6POYpHkg",
    "size": [
      0.7847540207015906,
      1.0197341683430015,
      1.9699999999999989
    ],
    "obj_class": "pedestrian",
    "point_num_in_lidar": 713,
    "speed": 1.3229547080465203,
    "if_vehicle": false,
    "motion_state": true,
    "pose": [
      [
        0.9991676362971119,
        -0.0002790787402102468,
        0.04079162526179629,
        62.36081240535816
      ],
      [
        -0.000648599180943994,
        0.9997415009694657,
        0.022726868645332993,
        15.958238170995173
      ],
      [
        -0.04078742325208266,
        -0.02273440903952649,
        0.9989091714215457,
        -0.8989255531298355
      ],
      [
        0.0,
        0.0,
        0.0,
        1.0
      ]
    ],
    "location": [
      62.36081240535816,
      15.958238170995173,
      -0.8989255531298355
    ],
    "rotation": [
      -0.022755307054002548,
      0.04079874081410315,
      -0.0006491394099242589
    ]
  },
  {
    "label_id": "Njep4Sgekb4aPkRERmPvmQ",
    "size": [
      0.6678420590222831,
      0.8693823080183134,
      1.8100000000000023
    ],
    "obj_class": "pedestrian",
    "point_num_in_lidar": 81,
    "speed": 1.358584386566119,
    "if_vehicle": false,
    "motion_state": true,
    "pose": [
      [
        0.9990997274377006,
        0.011652379259762678,
        0.04079162526179629,
        79.82660723730373
      ],
      [
        -0.012586843771530687,
        0.9996624734406353,
        0.022726868645332993,
        19.513178100929508
      ],
      [
        -0.04051303491202855,
        -0.02321984608342167,
        0.9989091714215457,
        -1.2881496947738071
      ],
      [
        0.0,
        0.0,
        0.0,
        1.0
      ]
    ],
    "location": [
      79.82660723730373,
      19.513178100929508,
      -1.2881496947738071
    ],
    "rotation": [
      -0.02324101720496373,
      0.04052412548654296,
      -0.012597519131816299
    ]
  },
  {
    "label_id": "OxgSifGtf3xSOt5KTJOZgg",
    "size": [
      0.7653315978077979,
      0.9961299784013146,
      1.9600000000000009
    ],
    "obj_class": "pedestrian",
    "point_num_in_lidar": 83,
    "speed": 1.2851475143541287,
    "if_vehicle": false,
    "motion_state": true,
    "pose": [
      [
        0.08071261224893185,
        -0.9959023634535941,
        0.04079162526179629,
        92.49092516557198
      ],
      [
        0.9963991438056732,
        0.0816837539838815,
        0.022726868645332993,
        7.576595787222686
      ],
      [
        -0.025965755280273763,
        0.038810395548692526,
        0.9989091714215457,
        -2.0974941448852604
      ],
      [
        0.0,
        0.0,
        0.0,
        1.0
      ]
    ],
    "location": [
      92.49092516557198,
      7.576595787222686,
      -2.0974941448852604
    ],
    "rotation": [
      0.03883324503776143,
      0.025968673939735936,
      1.4899685106265326
    ]
  },
  {
    "label_id": "Q5PhKXgruUST0xy6Tmhvuw",
    "size": [
      2.194585937151614,
      3.7584377944850687,
      1.759999999999998
    ],
    "obj_class": "vehicle",
    "point_num_in_lidar": 1033,
    "speed": 1.699930620826978,
    "if_vehicle": true,
    "motion_state": true,
    "pose": [
      [
        0.9874340691983203,
        -0.15267613531573213,
        0.04079162526179629,
        70.012105329934
      ],
      [
        0.1518468419297022,
        0.988142715419971,
        0.022726868645332993,
        11.498584829112588
      ],
      [
        -0.043777797825183,
        -0.01624720491341325,
        0.9989091714215457,
        -1.3120944189021273
      ],
      [
        0.0,
        0.0,
        0.0,
        1.0
      ]
    ],
    "location": [
      70.012105329934,
      11.498584829112588,
      -1.3120944189021273
    ],
    "rotation": [
      -0.016263513121083793,
      0.04379179322452365,
      0.15258394245147047
    ]
  },
  {
    "label_id": "RY-ufUj8NMYO5iVLyZyw5A",
    "size": [
      1.9400777863094472,
      4.907976600450727,
      1.6199999999999974
    ],
    "obj_class": "vehicle",
    "point_num_in_lidar": 77,
    "speed": 2.8575276168773285,
    "if_vehicle": true,
    "motion_state": true,
    "pose": [
      [
        0.20062635379746585,
        0.9788182208512647,
        0.04079162526179629,
        103.25011851335285
      ],
      [
        -0.9795664479617857,
        0.19983258860633307,
        0.022726868645332993,
        26.877722552664636
      ],
      [
        0.014093977063420991,
        -0.04451771625383315,
        0.9989091714215457,
        -1.9369897771818643
      ],
      [
        0.0,
        0.0,
        0.0,
        1.0
      ]
    ],
    "location": [
      103.25011851335285,
      26.877722552664636,
      -1.9369897771818643
    ],
    "rotation": [
      -0.0445368603370552,
      -0.014094443710180553,
      -1.368778751725355
    ]
  },
  {
    "label_id": "Si6ywWpLkRk5GY_DaSJ7lg",
    "size": [
      0.6416873139732371,
      0.7010949696853519,
      1.7299999999999969
    ],
    "obj_class": "pedestrian",
    "point_num_in_lidar": 46,
    "speed": 0.008299118257667213,
    "if_vehicle": false,
    "motion_state": false,
    "pose": [
      [
        0.8846845195275836,
        -0.46440213631802923,
        0.04079162526179629,
        95.84485812510775
      ],
      [
        0.46384721401301765,
        0.8856236511599832,
        0.022726868645332993,
        2.4351873866944516
      ],
      [
        -0.04668043445181372,
        -0.001185027135115686,
        0.9989091714215457,
        -2.0828937556037914
      ],
      [
        0.0,
        0.0,
        0.0,
        1.0
      ]
    ],
    "location": [
      95.84485812510775,
      2.4351873866944516,
      -2.0828937556037914
    ],
    "rotation": [
      -0.0011863206516670613,
      0.04669740436503151,
      0.48290440597954426
    ]
  },
  {
    "label_id": "TyDn53lKdVBMPj-OW8x22A",
    "size": [
      0.7061786621858059,
      0.9443445160493246,
      1.8400000000000034
    ],
    "obj_class": "pedestrian",
    "point_num_in_lidar": 63,
    "speed": 1.3336400253261895,
    "if_vehicle": false,
    "motion_state": true,
    "pose": [
      [
        0.2088648587694228,
        -0.9770934008986706,
        0.04079162526179629,
        77.81240031737048
      ],
      [
        0.9774603797425133,
        0.20989210436602795,
        0.022726868645332993,
        -21.469627851442056
      ],
      [
        -0.030768113443154624,
        0.035125353308831,
        0.9989091714215457,
        -0.6554400417111523
      ],
      [
        0.0,
        0.0,
        0.0,
        1.0
      ]
    ],
    "location": [
      77.81240031737048,
      -21.469627851442056,
      -0.6554400417111523
    ],
    "rotation": [
      0.035149228480446194,
      0.030772970088946763,
      1.3602810868201631
    ]
  },
  {
    "label_id": "W1kdd1w2Xb7p8BBS2en2BA",
    "size": [
      2.214043056889427,
      3.7207583453108057,
      1.2800000000000011
    ],
    "obj_class": "vehicle",
    "point_num_in_lidar": 44,
    "speed": 0.005593532930655883,
    "if_vehicle": true,
    "motion_state": false,
    "pose": [
      [
        0.9875048404598656,
        -0.15221771702675202,
        0.04079162526179629,
        88.8259563945735
      ],
      [
        0.15138809475143167,
        0.9882131016178187,
        0.022726868645332993,
        14.476461983571426
      ],
      [
        -0.04377025058035094,
        -0.01626752636556417,
        0.9989091714215457,
        -1.730367710463753
      ],
      [
        0.0,
        0.0,
        0.0,
        1.0
      ]
    ],
    "location": [
      88.8259563945735,
      14.476461983571426,
      -1.730367710463753
    ],
    "rotation": [
      -0.016283851377474665,
      0.043784238738399345,
      0.1521193231619301
    ]
  },
  {
    "label_id": "YFsJo6nQebutOB3c0Rd3gA",
    "size": [
      0.891657819981834,
      0.8037033151583719,
      1.8699999999999974
    ],
    "obj_class": "pedestrian",
    "point_num_in_lidar": 21,
    "speed": 1.1792837553394997,
    "if_vehicle": false,
    "motion_state": true,
    "pose": [
      [
        -0.9528117092201156,
        0.30080872673767783,
        0.04079162526179629,
        114.40068179208038
      ],
      [
        -0.3000966245149005,
        -0.9536380368862919,
        0.022726868645332993,
        7.489462912477393
      ],
      [
        0.04573688585599776,
        0.009412997509638971,
        0.9989091714215457,
        -1.794091538145885
      ],
      [
        0.0,
        0.0,
        0.0,
        1.0
      ]
    ],
    "location": [
      114.40068179208038,
      7.489462912477393,
      -1.794091538145885
    ],
    "rotation": [
      0.009422997780855204,
      -0.04575284676631694,
      -2.8364691270904743
    ]
  },
  {
    "label_id": "ZfYfhl5Fd393ajA-1MAXQw",
    "size": [
      0.5726689959526434,
      0.5368842894175692,
      1.8800000000000026
    ],
    "obj_class": "pedestrian",
    "point_num_in_lidar": 38,
    "speed": 0.014989346294108653,
    "if_vehicle": false,
    "motion_state": false,
    "pose": [
      [
        0.8846845195258184,
        -0.4644021363213923,
        0.04079162526179629,
        95.55114717818606
      ],
      [
        0.4638472140163843,
        0.88562365115822,
        0.022726868645332993,
        3.650527497220537
      ],
      [
        -0.04668043445181822,
        -0.0011850271349382342,
        0.9989091714215457,
        -2.0871313393340074
      ],
      [
        0.0,
        0.0,
        0.0,
        1.0
      ]
    ],
    "location": [
      95.55114717818606,
      3.650527497220537,
      -2.0871313393340074
    ],
    "rotation": [
      -0.0011863206514894158,
      0.04669740436503602,
      0.48290440598334977
    ]
  },
  {
    "label_id": "a-l4H4ezAX14MhEB5DsssA",
    "size": [
      0.5602458060503784,
      0.6442986036973264,
      1.8500000000000014
    ],
    "obj_class": "pedestrian",
    "point_num_in_lidar": 36,
    "speed": 0.07084538798953727,
    "if_vehicle": false,
    "motion_state": false,
    "pose": [
      [
        0.8846845195266133,
        -0.46440213631987776,
        0.04079162526179629,
        96.15712381165906
      ],
      [
        0.4638472140148681,
        0.885623651159014,
        0.022726868645332993,
        3.1647354624328727
      ],
      [
        -0.04668043445181619,
        -0.001185027135018149,
        0.9989091714215457,
        -2.1133027980801913
      ],
      [
        0.0,
        0.0,
        0.0,
        1.0
      ]
    ],
    "location": [
      96.15712381165906,
      3.1647354624328727,
      -2.1133027980801913
    ],
    "rotation": [
      -0.0011863206515694178,
      0.04669740436503398,
      0.482904405981636
    ]
  },
  {
    "label_id": "alCtOgYcyvSmD9foO0clkg",
    "size": [
      0.9786878883518874,
      0.8466946051033566,
      1.8699999999999974
    ],
    "obj_class": "pedestrian",
    "point_num_in_lidar": 25,
    "speed": 1.1531197261920498,
    "if_vehicle": false,
    "motion_state": true,
    "pose": [
      [
        -0.9528117092202874,
        0.30080872673713366,
        0.04079162526179629,
        114.20564463415906
      ],
      [
        -0.30009662451435587,
        -0.9536380368864633,
        0.022726868645332993,
        8.379239082169079
      ],
      [
        0.04573688585599238,
        0.00941299750966509,
        0.9989091714215457,
        -1.8840943509714378
      ],
      [
        0.0,
        0.0,
        0.0,
        1.0
      ]
    ],
    "location": [
      114.20564463415906,
      8.379239082169079,
      -1.8840943509714378
    ],
    "rotation": [
      0.00942299778088135,
      -0.045752846766311556,
      -2.836469127091046
    ]
  },
  {
    "label_id": "bcz7REbn_CUSYUPs1N5iZA",
    "size": [
      0.8876727643204505,
      0.9776859722758251,
      1.7800000000000011
    ],
    "obj_class": "pedestrian",
    "point_num_in_lidar": 391,
    "speed": 1.3377822159377932,
    "if_vehicle": false,
    "motion_state": true,
    "pose": [
      [
        0.9904192708975789,
        -0.1319307058391237,
        0.04079162526179629,
        57.88126948910997
      ],
      [
        0.13108673075580776,
        0.9911103664382348,
        0.022726868645332993,
        16.2065086286093
      ],
      [
        -0.04342737448272191,
        -0.01716188787571085,
        0.9989091714215457,
        -0.7957360080514064
      ],
      [
        0.0,
        0.0,
        0.0,
        1.0
      ]
    ],
    "location": [
      57.88126948910997,
      16.2065086286093,
      -0.7957360080514064
    ],
    "rotation": [
      -0.01717893887106764,
      0.0434410362946305,
      0.13158995462610137
    ]
  },
  {
    "label_id": "fK-Tw46xvydKIOslVz5dCQ",
    "size": [
      0.6473743135477396,
      0.8376383631190127,
      1.7299999999999969
    ],
    "obj_class": "pedestrian",
    "point_num_in_lidar": 51,
    "speed": 1.4958615300200035,
    "if_vehicle": false,
    "motion_state": true,
    "pose": [
      [
        0.04280831564640288,
        -0.9982502148359493,
        0.04079162526179629,
        92.90493803139191
      ],
      [
        0.9987835414001658,
        0.043759877396093265,
        0.022726868645332993,
        5.404105030589562
      ],
      [
        -0.02447213802799565,
        0.03976910497182161,
        0.9989091714215457,
        -2.131232534831213
      ],
      [
        0.0,
        0.0,
        0.0,
        1.0
      ]
    ],
    "location": [
      92.90493803139191,
      5.404105030589562,
      -2.131232534831213
    ],
    "rotation": [
      0.0397915188125421,
      0.024474581354790755,
      1.527962089439819
    ]
  },
  {
    "label_id": "hXgWqzlFtVSZhB20i4m6ZA",
    "size": [
      0.697251948623114,
      0.7764543871808254,
      1.9099999999999966
    ],
    "obj_class": "pedestrian",
    "point_num_in_lidar": 30,
    "speed": 1.5186714013817,
    "if_vehicle": false,
    "motion_state": true,
    "pose": [
      [
        0.9989924970773869,
        -0.018709198047701048,
        0.04079162526179629,
        79.97420366461859
      ],
      [
        0.01779226318763706,
        0.9995833756181821,
        0.022726868645332993,
        19.97150578437322
      ],
      [
        -0.041199831962627866,
        -0.021978195926241634,
        0.9989091714215457,
        -1.201755501796704
      ],
      [
        0.0,
        0.0,
        0.0,
        1.0
      ]
    ],
    "location": [
      79.97420366461859,
      19.97150578437322,
      -1.201755501796704
    ],
    "rotation": [
      -0.021998647185342692,
      0.04121149648672756,
      0.017808324228408397
    ]
  },
  {
    "label_id": "i2Z_DWskPJWGzXDXCYvBrA",
    "size": [
      0.8354407080848627,
      0.875556846582244,
      1.6700000000000017
    ],
    "obj_class": "pedestrian",
    "point_num_in_lidar": 147,
    "speed": 1.2091107090304685,
    "if_vehicle": false,
    "motion_state": true,
    "pose": [
      [
        0.9972694974870073,
        -0.06155966772581875,
        0.04079162526179629,
        77.96181517840262
      ],
      [
        0.06066893260399593,
        0.997899178303234,
        0.022726868645332993,
        19.9478223754395
      ],
      [
        -0.04210498781265499,
        -0.020190028509569077,
        0.9989091714215457,
        -1.3100548629031579
      ],
      [
        0.0,
        0.0,
        0.0,
        1.0
      ]
    ],
    "location": [
      77.96181517840262,
      19.9478223754395,
      -1.3100548629031579
    ],
    "rotation": [
      -0.020209324694678434,
      0.04211743857902112,
      0.060760160863579694
    ]
  },
  {
    "label_id": "j8WoUJffrUm63kD-JaYkzQ",
    "size": [
      0.6529170834689715,
      0.7646726293301956,
      1.7299999999999969
    ],
    "obj_class": "pedestrian",
    "point_num_in_lidar": 61,
    "speed": 1.4737127461625936,
    "if_vehicle": false,
    "motion_state": true,
    "pose": [
      [
        0.07334488053524903,
        -0.9964720627332064,
        0.04079162526179629,
        94.00964525305301
      ],
      [
        0.9969760118974511,
        0.07431232160706157,
        0.022726868645332993,
        4.9075219127335
      ],
      [
        -0.025678010053810943,
        0.039001372406588734,
        0.9989091714215457,
        -2.139560842160435
      ],
      [
        0.0,
        0.0,
        0.0,
        1.0
      ]
    ],
    "location": [
      94.00964525305301,
      4.9075219127335,
      -2.139560842160435
    ],
    "rotation": [
      0.03902414086129512,
      0.025680832734390126,
      1.4973612694428742
    ]
  },
  {
    "label_id": "mkzmjAm__2usQG083TYBDA",
    "size": [
      0.8584394608394118,
      0.8690893098194084,
      1.75
    ],
    "obj_class": "pedestrian",
    "point_num_in_lidar": 25,
    "speed": 0.7300296964515953,
    "if_vehicle": false,
    "motion_state": false,
    "pose": [
      [
        -0.9761623403638062,
        -0.21317393969235018,
        0.04079162526179629,
        81.45600632070841
      ],
      [
        0.2142027944674958,
        -0.9765247832410059,
        0.022726868645332993,
        20.87540713442104
      ],
      [
        0.03498925689082778,
        0.03092279340791672,
        0.9989091714215457,
        -1.3395564357054468
      ],
      [
        0.0,
        0.0,
        0.0,
        1.0
      ]
    ],
    "location": [
      81.45600632070841,
      20.87540713442104,
      -1.3395564357054468
    ],
    "rotation": [
      0.030946678744455138,
      -0.034996400081993624,
      2.9255826861563157
    ]
  },
  {
    "label_id": "sNygxkvj9rIACrP7AQ4GwA",
    "size": [
      2.906732876441229,
      12.41259995732931,
      3.969999999999999
    ],
    "obj_class": "vehicle",
    "point_num_in_lidar": 11456,
    "speed": 2.864289338439558e-13,
    "if_vehicle": true,
    "motion_state": false,
    "pose": [
      [
        0.9846397485036074,
        -0.16976633640169655,
        0.04079162526179629,
        70.86191489125349
      ],
      [
        0.16894944905293063,
        0.9853626607022863,
        0.022726868645332993,
        1.236083266829155
      ],
      [
        -0.04405280163013496,
        -0.015486055613261107,
        0.9989091714215457,
        -0.4190704514272312
      ],
      [
        0.0,
        0.0,
        0.0,
        1.0
      ]
    ],
    "location": [
