[
  {
    "label_id": "FBUkJ1PIQeV9dPM2c7K9gg",
    "size": [
      0.7396785581084495,
      0.7964900012525988,
      2.030000000000001
    ],
    "obj_class": "pedestrian",
    "point_num_in_lidar": 30,
    "speed": 1.5555419331105909,
    "if_vehicle": false,
    "motion_state": true,
    "pose": [
      [
        0.9873365464430943,
        -0.15614269392290073,
        0.028035748470881718,
        63.5045768597837
      ],
      [
        0.1556715127179985,
        0.9876396869107674,
        0.01828193006471433,
        -2.7536925398562744
      ],
      [
        -0.030543807652505216,
        -0.013686050317765755,
        0.9994397269674576,
        -0.7815366797099372
      ],
      [
        0.0,
        0.0,
        0.0,
        1.0
      ]
    ],
    "location": [
      63.5045768597837,
      -2.7536925398562744,
      -0.7815366797099372
    ],
    "rotation": [
      -0.013692866697520118,
      0.030548558823540822,
      0.15638078017524265
    ]
  },
  {
    "label_id": "G7K72AJ4NpA_CgJC0kYWww",
    "size": [
      0.7960126752564902,
      0.5618731317594163,
      1.4994828004563132
    ],
    "obj_class": "sign",
    "point_num_in_lidar": 164,
    "speed": 0.01820093145944743,
    "if_vehicle": false,
    "motion_state": false,
    "pose": [
      [
        -0.9437259425540373,
        -0.3295380739128201,
        0.028035748470881718,
        21.582684125061064
      ],
      [
        0.3300966040615504,
        -0.9437701007237624,
        0.01828193006471433,
        -12.136329795768688
      ],
      [
        0.020434709137295275,
        0.026507637044591383,
        0.9994397269674576,
        0.1032038491999856
      ],
      [
        0.0,
        0.0,
        0.0,
        1.0
      ]
    ],
    "location": [
      21.582684125061064,
      -12.136329795768688,
      0.1032038491999856
    ],
    "rotation": [
      0.026516280487682287,
      -0.02043613158317546,
      2.8051137029018727
    ]
  },
  {
    "label_id": "G8kucBZ9BZFgHAyYWC4yDg",
    "size": [
      0.6424448436447077,
      0.7737368046697366,
      1.9600000000000009
    ],
    "obj_class": "pedestrian",
    "point_num_in_lidar": 306,
    "speed": 1.2329829908540644,
    "if_vehicle": false,
    "motion_state": true,
    "pose": [
      [
        0.9867555351046446,
        -0.15977331049966934,
        0.028035748470881718,
        4.705245255938962
      ],
      [
        0.15930324750931021,
        0.9870604066449511,
        0.01828193006471433,
        -12.004975432819265
      ],
      [
        -0.03059394177502692,
        -0.013573609905987244,
        0.9994397269674576,
        0.9399797977115227
      ],
      [
        0.0,
        0.0,
        0.0,
        1.0
      ]
    ],
    "location": [
      4.705245255938962,
      -12.004975432819265,
      0.9399797977115227
    ],
    "rotation": [
      -0.013580384172782784,
      0.0305987163865655,
      0.16006041833409135
    ]
  },
  {
    "label_id": "Jen578WRszpN8G3K2BI_Yg",
    "size": [
      0.7754214499122566,
      0.861130270595639,
      1.8699999999999974
    ],
    "obj_class": "pedestrian",
    "point_num_in_lidar": 166,
    "speed": 1.3145857575129454,
    "if_vehicle": false,
    "motion_state": true,
    "pose": [
      [
        0.9822721588859855,
        -0.18535210461481877,
        0.028035748470881718,
        11.832358638274513
      ],
      [
        0.18489011982292078,
        0.9825891382592089,
        0.01828193006471433,
        -11.57313713725489
      ],
      [
        -0.030936216144371337,
        -0.012774298019162961,
        0.9994397269674576,
        0.6469777808837947
      ],
      [
        0.0,
        0.0,
        0.0,
        1.0
      ]
    ],
    "location": [
      11.832358638274513,
      -11.57313713725489,
      0.6469777808837947
    ],
    "rotation": [
      -0.012780763176915141,
      0.03094115285231086,
      0.1860501453828914
    ]
  },
  {
    "label_id": "K24I0eYDo2TDPl7gt2ZSIw",
    "size": [
      0.9334446770588685,
      0.7922187583946023,
      1.870000000000001
    ],
    "obj_class": "pedestrian",
    "point_num_in_lidar": 79,
    "speed": 0.7677326424119915,
    "if_vehicle": false,
    "motion_state": false,
    "pose": [
      [
        0.9882352166937368,
        -0.1503501024075496,
        0.028035748470881718,
        16.85779742981981
      ],
      [
        0.1498771516378818,
        0.9885355888636606,
        0.01828193006471433,
        -26.443314209214805
      ],
      [
        -0.030463025181333994,
        -0.013864928994230856,
        0.9994397269674576,
        1.300974310108387
      ],
      [
        0.0,
        0.0,
        0.0,
        1.0
      ]
    ],
    "location": [
      16.85779742981981,
      -26.443314209214805,
      1.300974310108387
    ],
    "rotation": [
      -0.013871811655174635,
      0.030467738743735602,
      0.15051440631717083
    ]
  },
  {
    "label_id": "KApnY9cu-6X5mwhWn7kKNg",
    "size": [
      1.9637538912406538,
      4.408086105477256,
      2.1000000000000014
    ],
    "obj_class": "vehicle",
    "point_num_in_lidar": 89,
    "speed": 0.006035332069733502,
    "if_vehicle": true,
    "motion_state": false,
    "pose": [
      [
        0.986120005295641,
        -0.16365002891353964,
        0.028035748470881718,
        74.26483866883063
      ],
      [
        0.16318116769932123,
        0.986426721830565,
        0.01828193006471433,
        15.387214772723382
      ],
      [
        -0.030647049841883944,
        -0.013453270799427697,
        0.9994397269674576,
        -1.052904967328658
      ],
      [
        0.0,
        0.0,
        0.0,
        1.0
      ]
    ],
    "location": [
      74.26483866883063,
      15.387214772723382,
      -1.052904967328658
    ],
    "rotation": [
      -0.013459999614264483,
      0.030651849368404423,
      0.1639919158601172
    ]
  },
  {
    "label_id": "MVS-FDvMfowZTvJj3Dw3dA",
    "size": [
      0.7225624525144684,
      0.7942545817179316,
      1.8900000000000006
    ],
    "obj_class": "pedestrian",
    "point_num_in_lidar": 253,
    "speed": 1.1608640890798008,
    "if_vehicle": false,
    "motion_state": true,
    "pose": [
      [
        0.986755535104702,
        -0.1597733104993157,
        0.028035748470881718,
        5.227903815634249
      ],
      [
        0.1593032475089565,
        0.9870604066450082,
        0.01828193006471433,
        -12.867625728747953
      ],
      [
        -0.03059394177502206,
        -0.013573609905998209,
        0.9994397269674576,
        0.8988684301356074
      ],
      [
        0.0,
        0.0,
        0.0,
        1.0
      ]
    ],
    "location": [
      5.227903815634249,
      -12.867625728747953,
      0.8988684301356074
    ],
    "rotation": [
      -0.013580384172793754,
      0.03059871638656064,
      0.16006041833373283
    ]
  },
  {
    "label_id": "Q5PhKXgruUST0xy6Tmhvuw",
    "size": [
      2.1945859371543257,
      3.7584377944850687,
      1.759999999999998
    ],
    "obj_class": "vehicle",
    "point_num_in_lidar": 346,
    "speed": 8.436508700839079,
    "if_vehicle": true,
    "motion_state": true,
    "pose": [
      [
        0.9837836539218953,
        -0.17715450624740586,
        0.028035748470881718,
        28.7386853309888
      ],
      [
        0.1766898942321704,
        0.984096769789096,
        0.01828193006471433,
        4.735535477033409
      ],
      [
        -0.03082861580267836,
        -0.01303183052776939,
        0.9994397269674576,
        0.16588838020432206
      ],
      [
        0.0,
        0.0,
        0.0,
        1.0
      ]
    ],
    "location": [
      28.7386853309888,
      4.735535477033409,
      0.16588838020432206
    ],
    "rotation": [
      -0.013038397112164922,
      0.030833501163341038,
      0.17770777858178843
    ]
  },
  {
    "label_id": "Qmd53-c0mGJyoeMBj67yxA",
    "size": [
      0.7848630893660502,
      0.7549063254896076,
      1.7100000000000009
    ],
    "obj_class": "pedestrian",
    "point_num_in_lidar": 71,
    "speed": 1.0777971446134935,
    "if_vehicle": false,
    "motion_state": true,
    "pose": [
      [
        0.28970648237370406,
        -0.9567048399994286,
        0.028035748470881718,
        30.79383349836405
      ],
      [
        0.956772361848037,
        0.29026267179373527,
        0.01828193006471433,
        -10.172342618221592
      ],
      [
        -0.02562814223433852,
        0.021527435630612546,
        0.9994397269674576,
        0.10078071278272205
      ],
      [
        0.0,
        0.0,
        0.0,
        1.0
      ]
    ],
    "location": [
      30.79383349836405,
      -10.172342618221592,
      0.10078071278272205
    ],
    "rotation": [
      0.021536173474807012,
      0.0256309484982943,
      1.2767767190731243
    ]
  },
  {
    "label_id": "SCePO7EHI3iF8AghIVKjHg",
    "size": [
      2.1728948025148584,
      4.531856758098943,
      1.6300000000000026
    ],
    "obj_class": "vehicle",
    "point_num_in_lidar": 1452,
    "speed": 0.014787345261564644,
    "if_vehicle": true,
    "motion_state": false,
    "pose": [
      [
        0.9766158795518576,
        -0.21315585991201166,
        0.028035748470881718,
        16.755961775067703
      ],
      [
        0.21270305759605204,
        0.9769458430856848,
        0.01828193006471433,
        5.726237266228054
      ],
      [
        -0.03128630845021918,
        -0.011891133788306153,
        0.9994397269674576,
        0.36941668317589205
      ],
      [
        0.0,
        0.0,
        0.0,
        1.0
      ]
    ],
    "location": [
      16.755961775067703,
      5.726237266228054,
      0.36941668317589205
    ],
    "rotation": [
      -0.01189723844420684,
      0.031291414712082,
      0.21444710921856844
    ]
  },
  {
    "label_id": "SZT8wbUgy2ZsQ08TFaws3Q",
    "size": [
      2.1755324740319795,
      4.653172966271873,
      1.7999999999999972
    ],
    "obj_class": "vehicle",
    "point_num_in_lidar": 4023,
    "speed": 4.333134941189997,
    "if_vehicle": true,
    "motion_state": true,
    "pose": [
      [
        0.9846868038966586,
        -0.17206363659838378,
        0.028035748470881718,
        8.258281006223683
      ],
      [
        0.17159741124489444,
        0.9849975124268889,
        0.01828193006471433,
        -7.467132066023623
      ],
      [
        -0.030760797873816526,
        -0.013191113424569478,
        0.9994397269674576,
        0.6884358468648628
      ],
      [
        0.0,
        0.0,
        0.0,
        1.0
      ]
    ],
    "location": [
      8.258281006223683,
      -7.467132066023623,
      0.6884358468648628
    ],
    "rotation": [
      -0.013197741876776834,
      0.030765651055232674,
      0.17253336954873577
    ]
  },
  {
    "label_id": "WM02HP9oou4H6DzObgNI5A",
    "size": [
      0.7031396390526422,
      0.7449503725873117,
      1.8900000000000006
    ],
    "obj_class": "pedestrian",
    "point_num_in_lidar": 156,
    "speed": 1.2074596550832555,
    "if_vehicle": false,
    "motion_state": true,
    "pose": [
      [
        0.9867555351049675,
        -0.15977331049767549,
        0.028035748470881718,
        4.4641268704099275
      ],
      [
        0.15930324750731578,
        0.987060406645273,
        0.01828193006471433,
        -12.548654432821422
      ],
      [
        -0.03059394177499949,
        -0.013573609906049063,
        0.9994397269674576,
        0.9444241139236027
      ],
      [
        0.0,
        0.0,
        0.0,
        1.0
      ]
    ],
    "location": [
      4.4641268704099275,
      -12.548654432821422,
      0.9444241139236027
    ],
    "rotation": [
      -0.013580384172844627,
      0.03059871638653806,
      0.16006041833207002
    ]
  },
  {
    "label_id": "XD1OhGtSBLIHK7-rhSwK2w",
    "size": [
      2.407131183613112,
      5.5554074490899295,
      2.0
    ],
    "obj_class": "vehicle",
    "point_num_in_lidar": 7274,
    "speed": 0.07692764981703133,
    "if_vehicle": true,
    "motion_state": false,
    "pose": [
      [
        0.9850736382723019,
        -0.16983499047206793,
        0.028035748470881718,
        -1.482754615958811
      ],
      [
        0.16936806322321232,
        0.9853832910056506,
        0.01828193006471433,
        3.360688759225013
      ],
      [
        -0.03073086951239584,
        -0.013260686943961554,
        0.9994397269674576,
        1.0498516992922404
      ],
      [
        0.0,
        0.0,
        0.0,
        1.0
      ]
    ],
    "location": [
      -1.482754615958811,
      3.360688759225013,
      1.0498516992922404
    ],
    "rotation": [
      -0.01326734220970644,
      0.030735708538039776,
      0.17026963834161668
    ]
  },
  {
    "label_id": "bN1HpAOAVLxExyTvaQQIrQ",
    "size": [
      0.6465920004990373,
      0.8036470105207957,
      1.4799999999999969
    ],
    "obj_class": "pedestrian",
    "point_num_in_lidar": 91,
    "speed": 1.3126252956920588,
    "if_vehicle": false,
    "motion_state": true,
    "pose": [
      [
        0.9871341913894864,
        -0.15741691458512994,
        0.028035748470881718,
        23.621254439025734
      ],
      [
        0.1569461250346987,
        0.9874379397560646,
        0.01828193006471433,
        -9.49016602060874
      ],
      [
        -0.030561446733055143,
        -0.013646616166518558,
        0.9994397269674576,
        0.1442673358214961
      ],
      [
        0.0,
        0.0,
        0.0,
        1.0
      ]
    ],
    "location": [
      23.621254439025734,
      -9.49016602060874,
      0.1442673358214961
    ],
    "rotation": [
      -0.013653417816078794,
      0.030566206142573944,
      0.15767195804069714
    ]
  },
  {
    "label_id": "jUwTOaYBTLX6LY3CRbHeFA",
    "size": [
      0.8554961916788253,
      0.9410819046885246,
      1.7800000000000011
    ],
    "obj_class": "pedestrian",
    "point_num_in_lidar": 129,
    "speed": 1.315049450155902,
    "if_vehicle": false,
    "motion_state": true,
    "pose": [
      [
        0.9907527168799934,
        -0.1327518391683869,
        0.028035748470881718,
        23.834611477365456
      ],
      [
        0.13227362146145627,
        0.9910446307299082,
        0.01828193006471433,
        -10.057377149776585
      ],
      [
        -0.030211637830200217,
        -0.014404481900799746,
        0.9994397269674576,
        0.2645375838164341
      ],
      [
        0.0,
        0.0,
        0.0,
        1.0
      ]
    ],
    "location": [
      23.834611477365456,
      -10.057377149776585,
      0.2645375838164341
    ],
    "rotation": [
      -0.014411559058036594,
      0.030216235629386915,
      0.1327233500919558
    ]
  },
  {
    "label_id": "pcPk1ZzDtoUcD1bKmjg9UA",
    "size": [
      2.163481197687143,
      4.8129637743530775,
      1.9799999999999969
    ],
    "obj_class": "vehicle",
    "point_num_in_lidar": 696,
    "speed": 5.077046093912798,
    "if_vehicle": true,
    "motion_state": true,
    "pose": [
      [
        0.41705118734858787,
        0.9084504961409897,
        0.028035748470881718,
        18.686562402264826
      ],
      [
        -0.9088696488541802,
        0.4166794120481452,
        0.01828193006471433,
        -13.87150227994789
      ],
      [
        0.00492630924852793,
        -0.03310534150860735,
        0.9994397269674576,
        0.28090854218802264
      ],
      [
        0.0,
        0.0,
        0.0,
        1.0
      ]
    ],
    "location": [
      18.686562402264826,
      -13.87150227994789,
      0.28090854218802264
    ],
    "rotation": [
      -0.03311179347109694,
      -0.004926329174453602,
      -1.1405922989780262
    ]
  },
  {
    "label_id": "qLypwlYfLdIxLz4CCeYWYg",
    "size": [
      0.8473926735886673,
      0.9331264342026916,
      1.8900000000000006
    ],
    "obj_class": "pedestrian",
    "point_num_in_lidar": 172,
    "speed": 1.2655500622597364,
    "if_vehicle": false,
    "motion_state": true,
    "pose": [
      [
        0.9895041216286408,
        -0.14175891537257748,
        0.028035748470881718,
        24.05165657500345
      ],
      [
        0.14128337290163215,
        0.9898003735979528,
        0.01828193006471433,
        -8.926487289745637
      ],
      [
        -0.030341420887468183,
        -0.014129060044573448,
        0.9994397269674576,
        0.3030750908736479
      ],
      [
        0.0,
        0.0,
        0.0,
        1.0
      ]
    ],
    "location": [
      24.05165657500345,
      -8.926487289745637,
      0.3030750908736479
    ],
    "rotation": [
      -0.014136038948072404,
      0.030346078211675623,
      0.141823409280865
    ]
  },
  {
    "label_id": "sNygxkvj9rIACrP7AQ4GwA",
    "size": [
      2.9067328764412315,
      12.41259995732931,
      3.969999999999999
    ],
    "obj_class": "vehicle",
    "point_num_in_lidar": 468,
    "speed": 2.864289338439558e-13,
    "if_vehicle": true,
    "motion_state": false,
    "pose": [
      [
        0.9850726077322413,
        -0.16984096768235654,
        0.028035748470881718,
        70.8619148912536
      ],
      [
        0.16937404231241524,
        0.9853822632987976,
        0.01828193006471433,
        1.236083266830974
      ],
      [
        -0.030730949974805487,
        -0.013260500475459258,
        0.9994397269674576,
        -0.10951075434156365
      ],
      [
        0.0,
        0.0,
        0.0,
        1.0
      ]
    ],
    "location": [
      70.8619148912536,
      1.236083266830974,
      -0.10951075434156365
    ],
    "rotation": [
      -0.013267155669510944,
      0.030735789038470258,
      0.17027570845789544
    ]
  },
  {
    "label_id": "tnRPM6MdPaKwSYNbbGXKGw",
    "size": [
      1.8538543203645816,
      3.6340820156792333,
      1.2800000000000011
    ],
    "obj_class": "vehicle",
    "point_num_in_lidar": 24,
    "speed": 5.194754826458925,
    "if_vehicle": true,
    "motion_state": true,
    "pose": [
      [
        0.9878671259862288,
        -0.15274992046932692,
        0.028035748470881718,
        74.60761400962929
      ],
      [
        0.15227770064950863,
        0.9881686459901505,
        0.01828193006471433,
        12.102863160042034
      ],
      [
        -0.030496610969202535,
        -0.013790898397376732,
        0.9994397269674576,
        -1.1582362509980513
      ],
      [
        0.0,
        0.0,
        0.0,
        1.0
      ]
    ],
    "location": [
      74.60761400962929,
      12.102863160042034,
      -1.1582362509980513
    ],
    "rotation": [
      -0.013797753734340449,
      0.030501340143407055,
      0.15294414143665672
    ]
  },
  {
    "label_id": "uc4fg8DBi_HIrjSbPzg4Ug",
    "size": [
      0.9820700944156283,
      0.8525162310058947,
      1.7700000000000031
    ],
    "obj_class": "pedestrian",
    "point_num_in_lidar": 239,
    "speed": 1.2800230519586426,
    "if_vehicle": false,
    "motion_state": true,
    "pose": [
      [
        0.999497629089801,
        -0.014781280443314459,
        0.028035748470881718,
        17.596829581755173
      ],
      [
        0.014271926566481644,
        0.9997310053935456,
        0.01828193006471433,
        10.31301413890651
      ],
      [
        -0.02829843734108675,
        -0.017872621611454753,
        0.9994397269674576,
        0.6149655333223336
      ],
      [
        0.0,
        0.0,
        0.0,
        1.0
      ]
    ],
    "location": [
      17.596829581755173,
      10.31301413890651,
      0.6149655333223336
    ],
    "rotation": [
      -0.01788073491551121,
      0.028302215608226433,
      0.014278129621573305
    ]
  },
  {
    "label_id": "up0OoFtIrTKITzf9aQiHew",
    "size": [
      2.1000715778441505,
      4.55571181710356,
      1.8900000000000006
    ],
    "obj_class": "vehicle",
    "point_num_in_lidar": 5921,
    "speed": 0.08860934891804786,
    "if_vehicle": true,
    "motion_state": false,
    "pose": [
      [
        0.9850736382722955,
        -0.16983499047210465,
        0.028035748470881718,
        5.490285564499914
      ],
      [
        0.1693680632232491,
        0.9853832910056443,
        0.01828193006471433,
        4.527616155055512
      ],
      [
        -0.03073086951239633,
        -0.013260686943960407,
        0.9994397269674576,
        0.7715614352288469
      ],
      [
        0.0,
        0.0,
        0.0,
        1.0
      ]
    ],
    "location": [
      5.490285564499914,
      4.527616155055512,
      0.7715614352288469
    ],
    "rotation": [
      -0.013267342209705293,
      0.03073570853804027,
      0.170269638341654
    ]
  },
  {
    "label_id": "yYbPPUm2vx-CielBa9GMGw",
    "size": [
      0.6980665590555005,
      0.8695022407680985,
      1.8200000000000003
    ],
    "obj_class": "pedestrian",
    "point_num_in_lidar": 196,
    "speed": 1.2921129247830323,
    "if_vehicle": false,
    "motion_state": true,
    "pose": [
      [
        0.994075110321565,
        -0.10501748352939139,
        0.028035748470881718,
        3.947987010000361
      ],
      [
        0.10453129619301578,
        0.9943535483666345,
        0.01828193006471433,
        -13.252752790813247
      ],
      [
        -0.02979736826259231,
        -0.015242998518569407,
        0.9994397269674576,
        0.9388672760441352
      ],
      [
        0.0,
        0.0,
        0.0,
        1.0
      ]
    ],
    "location": [
      3.947987010000361,
      -13.252752790813247,
      0.9388672760441352
    ],
    "rotation": [
      -0.015250361160423958,
      0.029801779455526263,
      0.10476929627858848
    ]
  },
  {
    "label_id": "zO7B1d4f4777q1yNdUEaJg",
    "size": [
      1.1360877881840639,
      0.11753966349738357,
      1.2100000000000009
    ],
    "obj_class": "sign",
    "point_num_in_lidar": 60,
    "speed": 0.013604897948569396,
    "if_vehicle": false,
    "motion_state": false,
    "pose": [
      [
        -0.9542427372710738,
        0.29771596392045546,
        0.028035748470881718,
        56.33429141403849
      ],
      [
        -0.2972937407057766,
        -0.9546110217100341,
        0.01828193006471433,
        -3.237295560469647
      ],
      [
        0.03220605692373671,
        0.00911054645115666,
        0.9994397269674576,
        1.1852736579678762
      ],
      [
        0.0,
        0.0,
        0.0,
        1.0
      ]
    ],
    "location": [
      56.33429141403849,
      -3.237295560469647,
      1.1852736579678762
    ],
    "rotation": [
      0.009115401229841929,
      -0.03221162703928751,
      -2.839574057512276
    ]
  },
  {
    "label_id": "zVW1ZwiQ2mZr9pYEiPJdiA",
    "size": [
      2.8190867680434724,
      8.171657067596211,
      3.3899999999999935
    ],
    "obj_class": "vehicle",
    "point_num_in_lidar": 2287,
    "speed": 0.030486245569054278,
    "if_vehicle": true,
    "motion_state": false,
    "pose": [
      [
        0.9835687211221443,
        -0.1783439587926286,
        0.028035748470881718,
        25.842247339134587
      ],
      [
        0.17787972573385633,
        0.9838823985649692,
        0.01828193006471433,
        7.711687553370211
      ],
      [
        -0.030844351233206405,
        -0.012994543324651733,
        0.9994397269674576,
        0.7823049670061977
      ],
      [
        0.0,
        0.0,
        0.0,
        1.0
      ]
    ],
    "location": [
      25.842247339134587,
      7.711687553370211,
      0.7823049670061977
    ],
    "rotation": [
      -0.013001095330207133,
      0.030849244080530566,
      0.1789174423681763
    ]
  },
  {
    "label_id": "zeb2WL1QCRb_7e3cxfpq9w",
    "size": [
      1.7632382930104167,
      3.4409086866067753,
      1.6199999999999974
    ],
    "obj_class": "vehicle",
    "point_num_in_lidar": 47,
    "speed": 5.761320666352877,
    "if_vehicle": true,
    "motion_state": true,
    "pose": [
      [
        0.9862993914335902,
        -0.16256539381248047,
        0.028035748470881718,
        68.16755489297009
      ],
      [
        0.16209619555455673,
        0.9866055921288139,
        0.01828193006471433,
        8.422693352467832
      ],
      [
        -0.030632235381511264,
        -0.013486968330404794,
        0.9994397269674576,
        -1.5441485168244427
      ],
      [
        0.0,
        0.0,
        0.0,
        1.0
      ]
    ],
    "location": [
      68.16755489297009,
      8.422693352467832,
      -1.5441485168244427
    ],
    "rotation": [
      -0.013493709912245027,
      0.03063702794931507,
      0.16289169759032096
    ]
  }
]