[
  {
    "label_id": "2CLVxF92iFSuoWCjnXrzKw",
    "size": [
      0.5613898500952719,
      0.12600677176668668,
      0.5700000000000003
    ],
    "obj_class": "sign",
    "point_num_in_lidar": 22,
    "speed": 0.01520192153547369,
    "if_vehicle": false,
    "motion_state": false,
    "pose": [
      [
        -0.9541875713420606,
        0.2976987525804761,
        0.03002551262457302,
        56.53762699968104
      ],
      [
        -0.2970292902526404,
        -0.9545456114952785,
        0.024824913033431904,
        -3.545239915205457
      ],
      [
        0.03605106695165373,
        0.014769166771799637,
        0.9992408079559773,
        2.0863795958726925
      ],
      [
        0.0,
        0.0,
        0.0,
        1.0
      ]
    ],
    "location": [
      56.53762699968104,
      -3.545239915205457,
      2.0863795958726925
    ],
    "rotation": [
      0.014779311758581173,
      -0.03605888066075742,
      -2.8398102829741507
    ]
  },
  {
    "label_id": "5qjHxdW2h3jFXIpQs6y-2Q",
    "size": [
      2.107334655213982,
      4.046644760548517,
      2.0700000000000003
    ],
    "obj_class": "vehicle",
    "point_num_in_lidar": 39,
    "speed": 4.7515742017922316,
    "if_vehicle": true,
    "motion_state": true,
    "pose": [
      [
        0.9995026166884162,
        -0.009643019477355309,
        0.03002551262457302,
        93.5942662686416
      ],
      [
        0.008898711041437062,
        0.9996522078376477,
        0.024824913033431904,
        8.125950739648033
      ],
      [
        -0.03025445710651661,
        -0.024545377175260456,
        0.9992408079559773,
        -1.8265821816722791
      ],
      [
        0.0,
        0.0,
        0.0,
        1.0
      ]
    ],
    "location": [
      93.5942662686416,
      8.125950739648033,
      -1.8265821816722791
    ],
    "rotation": [
      -0.024559087202462023,
      0.030259074488336896,
      0.008902904087120444
    ]
  },
  {
    "label_id": "BMsVsI9u-XO6uaeysrmA3w",
    "size": [
      0.6890163519220814,
      0.7958109185850852,
      1.7299999999999969
    ],
    "obj_class": "pedestrian",
    "point_num_in_lidar": 27,
    "speed": 1.4849862220180454,
    "if_vehicle": false,
    "motion_state": true,
    "pose": [
      [
        0.952494532274486,
        -0.303071995702077,
        0.03002551262457302,
        72.30028379053749
      ],
      [
        0.3024045619858213,
        0.9528563399500715,
        0.024824913033431904,
        18.199498683290585
      ],
      [
        -0.03613373600074802,
        -0.014565741934899762,
        0.9992408079559773,
        -1.2020082931349876
      ],
      [
        0.0,
        0.0,
        0.0,
        1.0
      ]
    ],
    "location": [
      72.30028379053749,
      18.199498683290585,
      -1.2020082931349876
    ],
    "rotation": [
      -0.01457577622054896,
      0.03614160360743026,
      0.3074216462157205
    ]
  },
  {
    "label_id": "FBUkJ1PIQeV9dPM2c7K9gg",
    "size": [
      0.7396785581053941,
      0.7964900012525988,
      2.030000000000001
    ],
    "obj_class": "pedestrian",
    "point_num_in_lidar": 41,
    "speed": 1.5718869129911615,
    "if_vehicle": false,
    "motion_state": true,
    "pose": [
      [
        0.9815985946312418,
        -0.18858066605461643,
        0.03002551262457302,
        66.11582483934535
      ],
      [
        0.18787520782745726,
        0.981879132060903,
        0.024824913033431904,
        -2.2890195731815766
      ],
      [
        -0.03416292291009196,
        -0.018727050320991954,
        0.9992408079559773,
        -0.7815366797098662
      ],
      [
        0.0,
        0.0,
        0.0,
        1.0
      ]
    ],
    "location": [
      66.11582483934535,
      -2.2890195731815766,
      -0.7815366797098662
    ],
    "rotation": [
      -0.018739084811938752,
      0.03416957169068173,
      0.18911010429756875
    ]
  },
  {
    "label_id": "G7K72AJ4NpA_CgJC0kYWww",
    "size": [
      0.7960126752564911,
      0.5618731317594163,
      1.4994828004563132
    ],
    "obj_class": "sign",
    "point_num_in_lidar": 151,
    "speed": 0.0012127808414708191,
    "if_vehicle": false,
    "motion_state": false,
    "pose": [
      [
        -0.9436713846082374,
        -0.3295190229155269,
        0.03002551262457302,
        21.58617760049185
      ],
      [
        0.3302699979460483,
        -0.9435599886332611,
        0.024824913033431904,
        -12.124031616012871
      ],
      [
        0.020150591264010538,
        0.03334308604788454,
        0.9992408079559773,
        0.06735362550797674
      ],
      [
        0.0,
        0.0,
        0.0,
        1.0
      ]
    ],
    "location": [
      21.58617760049185,
      -12.124031616012871,
      0.06735362550797674
    ],
    "rotation": [
      0.03335604264923115,
      -0.02015195519217595,
      2.8049319823664893
    ]
  },
  {
    "label_id": "JJm71lZ4BoPLZadnyCnHGA",
    "size": [
      1.108033782257989,
      1.2324287345086304,
      2.200000000000003
    ],
    "obj_class": "pedestrian",
    "point_num_in_lidar": 22,
    "speed": 0.0,
    "if_vehicle": false,
    "motion_state": false,
    "pose": [
      [
        0.03391282050763117,
        -0.9989736679196548,
        0.03002551262457302,
        79.16360678057765
      ],
      [
        0.9990906887312466,
        0.03466293962441322,
        0.024824913033431904,
        -7.464623948688313
      ],
      [
        -0.025840206960091542,
        0.029156327267773063,
        0.9992408079559773,
        -0.7564966274065981
      ],
      [
        0.0,
        0.0,
        0.0,
        1.0
      ]
    ],
    "location": [
      79.16360678057765,
      -7.464623948688313,
      -0.7564966274065981
    ],
    "rotation": [
      0.02917020287112436,
      0.025843083479035175,
      1.5368656682484982
    ]
  },
  {
    "label_id": "K24I0eYDo2TDPl7gt2ZSIw",
    "size": [
      0.9334446770584326,
      0.7922187583946023,
      1.870000000000001
    ],
    "obj_class": "pedestrian",
    "point_num_in_lidar": 58,
    "speed": 0.06535592373971666,
    "if_vehicle": false,
    "motion_state": false,
    "pose": [
      [
        -0.08761510862250699,
        -0.9957017933762587,
        0.03002551262457302,
        17.756700888791897
      ],
      [
        0.9959090143673106,
        -0.08688474431575659,
        0.024824913033431904,
        -26.430167032114696
      ],
      [
        -0.022109451440462256,
        0.03207771613578018,
        0.9992408079559773,
        1.3009743101083728
      ],
      [
        0.0,
        0.0,
        0.0,
        1.0
      ]
    ],
    "location": [
      17.756700888791897,
      -26.430167032114696,
      1.3009743101083728
    ],
    "rotation": [
      0.032091067060611704,
      0.022111253122720588,
      1.6585454242166373
    ]
  },
  {
    "label_id": "KApnY9cu-6X5mwhWn7kKNg",
    "size": [
      1.9637538912406542,
      4.408086105477256,
      2.1000000000000014
    ],
    "obj_class": "vehicle",
    "point_num_in_lidar": 135,
    "speed": 0.017242302839783057,
    "if_vehicle": true,
    "motion_state": false,
    "pose": [
      [
        0.9860629964974553,
        -0.16364056810611194,
        0.03002551262457302,
        74.28649055297888
      ],
      [
        0.16292822603609824,
        0.9863255633175146,
        0.024824913033431904,
        15.390701069973147
      ],
      [
        -0.03367729352530474,
        -0.01958692462578844,
        0.9992408079559773,
        -1.0714414407854775
      ],
      [
        0.0,
        0.0,
        0.0,
        1.0
      ]
    ],
    "location": [
      74.28649055297888,
      15.390701069973147,
      -1.0714414407854775
    ],
    "rotation": [
      -0.019599296200439403,
      0.03368366268357501,
      0.16375153858530936
    ]
  },
  {
    "label_id": "Lxz0wz_LuNSJzQ6POYpHkg",
    "size": [
      0.7847540207014742,
      1.0197341683430015,
      1.9699999999999989
    ],
    "obj_class": "pedestrian",
    "point_num_in_lidar": 75,
    "speed": 1.4127997892153306,
    "if_vehicle": false,
    "motion_state": true,
    "pose": [
      [
        0.9747586441737766,
        -0.22123303144000114,
        0.03002551262457302,
        54.17394518896549
      ],
      [
        0.2205373280914362,
        0.9750625675366544,
        0.024824913033431904,
        14.964208495139246
      ],
      [
        -0.03476884419694093,
        -0.017576552241400978,
        0.9992408079559773,
        -0.4569206214340795
      ],
      [
        0.0,
        0.0,
        0.0,
        1.0
      ]
    ],
    "location": [
      54.17394518896549,
      14.964208495139246,
      -0.4569206214340795
    ],
    "rotation": [
      -0.017588092561216972,
      0.03477585319387649,
      0.22250211989231558
    ]
  },
  {
    "label_id": "Q5PhKXgruUST0xy6Tmhvuw",
    "size": [
      2.1945859371535446,
      3.7584377944850687,
      1.759999999999998
    ],
    "obj_class": "vehicle",
    "point_num_in_lidar": 380,
    "speed": 7.291570378226152,
    "if_vehicle": true,
    "motion_state": true,
    "pose": [
      [
        0.9840353830001929,
        -0.17542187319514968,
        0.03002551262457302,
        42.09428550153382
      ],
      [
        0.1747127222895969,
        0.9843064504325066,
        0.024824913033431904,
        7.230984871053806
      ],
      [
        -0.03390913850014119,
        -0.01918275375601983,
        0.9992408079559773,
        -0.2495962069536546
      ],
      [
        0.0,
        0.0,
        0.0,
        1.0
      ]
    ],
    "location": [
      42.09428550153382,
      7.230984871053806,
      -0.2495962069536546
    ],
    "rotation": [
      -0.01919497042499518,
      0.03391564015375426,
      0.1757160983376681
    ]
  },
  {
    "label_id": "Qmd53-c0mGJyoeMBj67yxA",
    "size": [
      0.7848630893671596,
      0.7549063254896076,
      1.7100000000000009
    ],
    "obj_class": "pedestrian",
    "point_num_in_lidar": 158,
    "speed": 0.8291815038048849,
    "if_vehicle": false,
    "motion_state": false,
    "pose": [
      [
        0.9829001118933194,
        -0.18167509084002673,
        0.03002551262457302,
        31.658518585748993
      ],
      [
        0.18096767778944686,
        0.9831756828199004,
        0.024824913033431904,
        -9.055668125574812
      ],
      [
        -0.03403042220712662,
        -0.01896676250419544,
        0.9992408079559773,
        0.015784769048686087
      ],
      [
        0.0,
        0.0,
        0.0,
        1.0
      ]
    ],
    "location": [
      31.658518585748993,
      -9.055668125574812,
      0.015784769048686087
    ],
    "rotation": [
      -0.018978893808792797,
      0.034036993898858225,
      0.18207692509183715
    ]
  },
  {
    "label_id": "SCePO7EHI3iF8AghIVKjHg",
    "size": [
      2.172894802514859,
      4.531856758098943,
      1.6300000000000026
    ],
    "obj_class": "vehicle",
    "point_num_in_lidar": 4467,
    "speed": 0.1302058602925514,
    "if_vehicle": true,
    "motion_state": false,
    "pose": [
      [
        0.9765594201987532,
        -0.21314353711221623,
        0.03002551262457302,
        16.947291845337872
      ],
      [
        0.21244533779621222,
        0.976857564920053,
        0.024824913033431904,
        5.757654533885216
      ],
      [
        -0.034621918920365535,
        -0.017864222506380877,
        0.9992408079559773,
        0.36941668317578547
      ],
      [
        0.0,
        0.0,
        0.0,
        1.0
      ]
    ],
    "location": [
      16.947291845337872,
      5.757654533885216,
      0.36941668317578547
    ],
    "rotation": [
      -0.017875890877581315,
      0.034628839405165694,
      0.21420716380103702
    ]
  },
  {
    "label_id": "bN1HpAOAVLxExyTvaQQIrQ",
    "size": [
      0.6465920004995922,
      0.8036470105207957,
      1.4799999999999969
    ],
    "obj_class": "pedestrian",
    "point_num_in_lidar": 147,
    "speed": 1.3557852570959352,
    "if_vehicle": false,
    "motion_state": true,
    "pose": [
      [
        0.9927599555958007,
        -0.11630193101172279,
        0.03002551262457302,
        25.804093575952606
      ],
      [
        0.1155778484214219,
        0.9929881593690618,
        0.024824913033431904,
        -9.157972743043501
      ],
      [
        -0.0327021638381735,
        -0.02117489541384108,
        0.9992408079559773,
        0.06633765111364909
      ],
      [
        0.0,
        0.0,
        0.0,
        1.0
      ]
    ],
    "location": [
      25.804093575952606,
      -9.157972743043501,
      0.06633765111364909
    ],
    "rotation": [
      -0.021187812302257053,
      0.032707995432492296,
      0.11589899548631367
    ]
  },
  {
    "label_id": "bcz7REbn_CUSYUPs1N5iZA",
    "size": [
      0.8876727643206644,
      0.9776859722758251,
      1.7800000000000011
    ],
    "obj_class": "pedestrian",
    "point_num_in_lidar": 43,
    "speed": 1.3208837963894628,
    "if_vehicle": false,
    "motion_state": true,
    "pose": [
      [
        0.9843275178016959,
        -0.17377516016388408,
        0.03002551262457302,
        50.268840640111534
      ],
      [
        0.17306555670660115,
        0.9845973983180724,
        0.024824913033431904,
        14.938035998820851
      ],
      [
        -0.03387699485176014,
        -0.019239462968068183,
        0.9992408079559773,
        -0.4307329257415944
      ],
      [
        0.0,
        0.0,
        0.0,
        1.0
      ]
    ],
    "location": [
      50.268840640111534,
      14.938035998820851,
      -0.4307329257415944
    ],
    "rotation": [
      -0.019251701753450482,
      0.03388347802710343,
      0.1740422658765093
    ]
  },
  {
    "label_id": "cGSVUM5Oj38n194tI-f_BA",
    "size": [
      0.6327448607880685,
      0.1394795873197821,
      0.740000000000002
    ],
    "obj_class": "sign",
    "point_num_in_lidar": 36,
    "speed": 0.010000250824612714,
    "if_vehicle": false,
    "motion_state": false,
    "pose": [
      [
        -0.9799364313797818,
        0.19703567962754814,
        0.03002551262457302,
        51.01601216311212
      ],
      [
        -0.19633266603003074,
        -0.9802230398957286,
        0.024824913033431904,
        -6.916921342071873
      ],
      [
        0.03432309287052357,
        0.018431847744793926,
        0.9992408079559773,
        -0.9900747415746451
      ],
      [
        0.0,
        0.0,
        0.0,
        1.0
      ]
    ],
    "location": [
      51.01601216311212,
      -6.916921342071873,
      -0.9900747415746451
    ],
    "rotation": [
      0.018443760052034564,
      -0.034329835640284564,
      -2.9438582213534943
    ]
  },
  {
    "label_id": "dWmo7I3qg5zAC5IO6GaeXw",
    "size": [
      0.6946780042892108,
      0.6722856049629502,
      1.5767922010623678
    ],
    "obj_class": "pedestrian",
    "point_num_in_lidar": 23,
    "speed": 7.125800970805403e-29,
    "if_vehicle": false,
    "motion_state": false,
    "pose": [
      [
        0.08308358309853198,
        0.9960901499418318,
        0.03002551262457302,
        75.96020003613069
      ],
      [
        -0.9962940455014825,
        0.08235228346058444,
        0.024824913033431904,
        -1.9602843901684537
      ],
      [
        0.022255181819055923,
        -0.031976782165918656,
        0.9992408079559773,
        -1.2989284415878402
      ],
      [
        0.0,
        0.0,
        0.0,
        1.0
      ]
    ],
    "location": [
      75.96020003613069,
      -1.9602843901684537,
      -1.2989284415878402
    ],
    "rotation": [
      -0.031990160066501384,
      -0.022257019368373605,
      -1.4875962050882208
    ]
  },
  {
    "label_id": "ggzHMOp5JylcvbIJljZcRQ",
    "size": [
      0.539000226520155,
      0.10018230793895748,
      0.5
    ],
    "obj_class": "sign",
    "point_num_in_lidar": 31,
    "speed": 0.015519863805192423,
    "if_vehicle": false,
    "motion_state": false,
    "pose": [
      [
        -0.8489610037023183,
        0.5276018221958524,
        0.03002551262457302,
        50.452333600681186
      ],
      [
        -0.527043618284586,
        -0.8494755724082794,
        0.024824913033431904,
        13.71836871913547
      ],
      [
        0.03860360887590342,
        0.005250628271180631,
        0.9992408079559773,
        1.160005133318954
      ],
      [
        0.0,
        0.0,
        0.0,
        1.0
      ]
    ],
    "location": [
      50.452333600681186,
      13.71836871913547,
      1.160005133318954
    ],
    "rotation": [
      0.005254569174050985,
      -0.0386132034095872,
      -2.586011930501193
    ]
  },
  {
    "label_id": "jUwTOaYBTLX6LY3CRbHeFA",
    "size": [
      0.8554961916782441,
      0.9410819046885246,
      1.7800000000000011
    ],
    "obj_class": "pedestrian",
    "point_num_in_lidar": 162,
    "speed": 1.3137048160585743,
    "if_vehicle": false,
    "motion_state": true,
    "pose": [
      [
        0.9937153330669519,
        -0.10783462068959321,
        0.03002551262457302,
        26.068743217586984
      ],
      [
        0.10710861901764483,
        0.9939373558856793,
        0.024824913033431904,
        -9.77845118665391
      ],
      [
        -0.032520463707792456,
        -0.02145290553086002,
        0.9992408079559773,
        0.16633765111373577
      ],
      [
        0.0,
        0.0,
        0.0,
        1.0
      ]
    ],
    "location": [
      26.068743217586984,
      -9.77845118665391,
      0.16633765111373577
    ],
    "rotation": [
      -0.021465907115305858,
      0.03252619860588311,
      0.10737149091347824
    ]
  },
  {
    "label_id": "pcPk1ZzDtoUcD1bKmjg9UA",
    "size": [
      2.163481197687245,
      4.8129637743530775,
      1.9799999999999969
    ],
    "obj_class": "vehicle",
    "point_num_in_lidar": 220,
    "speed": 6.6361616297331665,
    "if_vehicle": true,
    "motion_state": true,
    "pose": [
      [
        0.23752984567518318,
        0.9709160834001851,
        0.03002551262457302,
        21.349831640972752
      ],
      [
        -0.9712316176144014,
        0.2368393308532087,
        0.024824913033431904,
        -23.4749292467568
      ],
      [
        0.016991685014641468,
        -0.035058384957796604,
        0.9992408079559773,
        -1.1373639450846085
      ],
      [
        0.0,
        0.0,
        0.0,
        1.0
      ]
    ],
    "location": [
      21.349831640972752,
      -23.4749292467568,
      -1.1373639450846085
    ],
    "rotation": [
      -0.03507063577914221,
      -0.016992502753294364,
      -1.3309388944887195
    ]
  },
  {
    "label_id": "qLypwlYfLdIxLz4CCeYWYg",
    "size": [
      0.8473926735875565,
      0.9331264342026916,
      1.8900000000000006
    ],
    "obj_class": "pedestrian",
    "point_num_in_lidar": 259,
    "speed": 1.3847161622278756,
    "if_vehicle": false,
    "motion_state": true,
    "pose": [
      [
        0.9860514694016704,
        -0.1637100127739237,
        0.03002551262457302,
        26.26935510582655
      ],
      [
        0.16299768919736746,
        0.9863140863889154,
        0.024824913033431904,
        -8.594000108134423
      ],
      [
        -0.033678672882479256,
        -0.01958455279961242,
        0.9992408079559773,
        0.17348074523989965
      ],
      [
        0.0,
        0.0,
        0.0,
        1.0
      ]
    ],
    "location": [
      26.26935510582655,
      -8.594000108134423,
      0.17348074523989965
    ],
    "rotation": [
      -0.019596923483784164,
      0.03368504282365354,
      0.16382199163589412
    ]
  },
  {
    "label_id": "sNygxkvj9rIACrP7AQ4GwA",
    "size": [
      2.9067328764412284,
      12.41259995732931,
      3.969999999999999
    ],
    "obj_class": "vehicle",
    "point_num_in_lidar": 891,
    "speed": 2.864289338439558e-13,
    "if_vehicle": true,
    "motion_state": false,
    "pose": [
      [
        0.9850156594853839,
        -0.1698311489692211,
        0.03002551262457302,
        70.86191489125338
      ],
      [
        0.16912047022693133,
        0.9852826955971085,
        0.024824913033431904,
        1.236083266830974
      ],
      [
        -0.033799661518953035,
        -0.019374999269420778,
        0.9992408079559773,
        -0.17783476123879893
      ],
      [
        0.0,
        0.0,
        0.0,
        1.0
      ]
    ],
    "location": [
      70.86191489125338,
      1.236083266830974,
      -0.17783476123879893
    ],
    "rotation": [
      -0.019387290410752628,
      0.03380610038163082,
      0.17003531626745827
    ]
  },
  {
    "label_id": "tnRPM6MdPaKwSYNbbGXKGw",
    "size": [
      1.8538543203624243,
      3.6340820156792333,
      1.2800000000000011
    ],
    "obj_class": "vehicle",
    "point_num_in_lidar": 37,
    "speed": 1.9088325345491057,
    "if_vehicle": true,
    "motion_state": true,
    "pose": [
      [
        0.9900210114079857,
        -0.1376839335664865,
        0.03002551262457302,
        80.12664407144746
      ],
      [
        0.1369649406215575,
        0.9902647770840967,
        0.024824913033431904,
        12.967088700659588
      ],
      [
        -0.03315119924289737,
        -0.020464742955717066,
        0.9992408079559773,
        -1.4377419629430577
      ],
      [
        0.0,
        0.0,
        0.0,
        1.0
      ]
    ],
    "location": [
      80.12664407144746,
      12.967088700659588,
      -1.4377419629430577
    ],
    "rotation": [
      -0.02047742871667437,
      0.03315727445365201,
      0.13747286789689683
    ]
  },
  {
    "label_id": "uc4fg8DBi_HIrjSbPzg4Ug",
    "size": [
      0.9820700944138046,
      0.8525162310058947,
      1.7700000000000031
    ],
    "obj_class": "pedestrian",
    "point_num_in_lidar": 703,
    "speed": 1.2869115331779732,
    "if_vehicle": false,
    "motion_state": true,
    "pose": [
      [
        0.9958949451509035,
        0.08539160857198323,
        0.03002551262457302,
        19.702519150063836
      ],
      [
        -0.08614676486725559,
        0.9959731214223546,
        0.024824913033431904,
        10.128382064205653
      ],
      [
        -0.027784764274417957,
        -0.027309606179893517,
        0.9992408079559773,
        0.5203985564978524
      ],
      [
        0.0,
        0.0,
        0.0,
        1.0
      ]
    ],
    "location": [
      19.702519150063836,
      10.128382064205653,
      0.5203985564978524
    ],
    "rotation": [
      -0.027323553428598275,
      0.027788340458082685,
      -0.08628707110371384
    ]
  },
  {
    "label_id": "zO7B1d4f4777q1yNdUEaJg",
    "size": [
      1.1360877881840639,
      0.11753966349738357,
      1.2100000000000009
    ],
    "obj_class": "sign",
    "point_num_in_lidar": 96,
    "speed": 0.01360489783484193,
    "if_vehicle": false,
    "motion_state": false,
    "pose": [
      [
        -0.9541875713365638,
        0.2976987525980946,
        0.03002551262457302,
        56.312438413694395
      ],
      [
        -0.2970292902702655,
        -0.9545456114897941,
        0.024824913033431904,
        -3.2448481165938574
      ],
      [
        0.03605106695192643,
        0.014769166771133976,
        0.9992408079559773,
        1.1852736579678194
      ],
      [
        0.0,
        0.0,
        0.0,
        1.0
      ]
    ],
    "location": [
      56.312438413694395,
      -3.2448481165938574,
      1.1852736579678194
    ],
    "rotation": [
      0.014779311757915154,
      -0.03605888066103031,
      -2.8398102829556766
    ]
  },
  {
    "label_id": "zVW1ZwiQ2mZr9pYEiPJdiA",
    "size": [
      2.8190867680434715,
      8.171657067596211,
      3.3899999999999935
    ],
    "obj_class": "vehicle",
    "point_num_in_lidar": 16661,
    "speed": 0.07837659684708684,
    "if_vehicle": true,
    "motion_state": false,
    "pose": [
      [
        0.9835118598168031,
        -0.17833364851122355,
        0.03002551262457302,
        25.809397507762355
      ],
      [
        0.1776253030161189,
        0.9837850250035901,
        0.024824913033431904,
        7.6906177003093035
      ],
      [
        -0.03396576700333691,
        -0.01908230560914692,
        0.9992408079559773,
        0.723122126095781
      ],
      [
        0.0,
        0.0,
        0.0,
        1.0
      ]
    ],
    "location": [
      25.809397507762355,
      7.6906177003093035,
      0.723122126095781
    ],
    "rotation": [
      -0.019094482800614897,
      0.03397230129611349,
      0.17867706160447977
    ]
  },
  {
    "label_id": "zeb2WL1QCRb_7e3cxfpq9w",
    "size": [
      1.7632382930105381,
      3.4409086866067753,
      1.6199999999999974
    ],
    "obj_class": "vehicle",
    "point_num_in_lidar": 57,
    "speed": 5.330141783438053,
    "if_vehicle": true,
    "motion_state": true,
    "pose": [
      [
        0.9869449936755913,
        -0.158234155763914,
        0.03002551262457302,
        77.36578364912657
      ],
      [
        0.15752038543727687,
        0.987203652679919,
        0.024824913033431904,
        9.893284152261913
      ],
      [
        -0.033569444892323184,
        -0.019771193315202988,
        0.9992408079559773,
        -1.7078764860836344
      ],
      [
        0.0,
        0.0,
        0.0,
        1.0
      ]
    ],
    "location": [
      77.36578364912657,
      9.893284152261913,
      -1.7078764860836344
    ],
    "rotation": [
      -0.019783633395015994,
      0.03357575303569253,
      0.1582691393735314
    ]
  }
]