[
  {
    "label_id": "1a4IZcUFLKkimx_5GCJ-CQ",
    "size": [
      0.9515042209025044,
      0.975551333507289,
      1.5499999999999972
    ],
    "obj_class": "pedestrian",
    "point_num_in_lidar": 213,
    "speed": 1.5067825891721325,
    "if_vehicle": false,
    "motion_state": true,
    "pose": [
      [
        0.9962059014829924,
        -0.08354609953327558,
        0.02436906036830949,
        58.87188999531509
      ],
      [
        0.08319489380735687,
        0.9964190681284693,
        0.015088085179234711,
        16.893521717891417
      ],
      [
        -0.02554234708950823,
        -0.013003458108105114,
        0.9995891648984546,
        -0.850919972076106
      ],
      [
        0.0,
        0.0,
        0.0,
        1.0
      ]
    ],
    "location": [
      58.87188999531509,
      16.893521717891417,
      -0.850919972076106
    ],
    "rotation": [
      -0.013008068833358708,
      0.02554512525868922,
      0.08331841110524868
    ]
  },
  {
    "label_id": "1jfGLq5QfYJKXOi2khKr_w",
    "size": [
      0.6862912307103587,
      0.8478699398593197,
      1.7899999999999991
    ],
    "obj_class": "pedestrian",
    "point_num_in_lidar": 34,
    "speed": 1.1454969227560479,
    "if_vehicle": false,
    "motion_state": true,
    "pose": [
      [
        0.9940034569032402,
        -0.10659867054130596,
        0.02436906036830949,
        76.68852166257841
      ],
      [
        0.10625249659312651,
        0.9942247012890758,
        0.015088085179234711,
        19.820222871896476
      ],
      [
        -0.025836691586498352,
        -0.012408335322448349,
        0.9995891648984546,
        -1.221446835405942
      ],
      [
        0.0,
        0.0,
        0.0,
        1.0
      ]
    ],
    "location": [
      76.68852166257841,
      19.820222871896476,
      -1.221446835405942
    ],
    "rotation": [
      -0.012412797646934178,
      0.025839566931377612,
      0.10648912716629651
    ]
  },
  {
    "label_id": "3HfnZ-jQRpz-Kq670Sffgw",
    "size": [
      1.9179525928726455,
      4.646399190909152,
      1.519999999999996
    ],
    "obj_class": "vehicle",
    "point_num_in_lidar": 77,
    "speed": 2.8421709430404007e-13,
    "if_vehicle": true,
    "motion_state": false,
    "pose": [
      [
        0.9912928843038962,
        -0.12940079762206977,
        0.02436906036830949,
        81.53898301882032
      ],
      [
        0.1290597965299224,
        0.9915220212407183,
        0.015088085179234711,
        16.273254464089405
      ],
      [
        -0.026114870248906002,
        -0.011811645503187026,
        0.9995891648984546,
        -1.6837774612842153
      ],
      [
        0.0,
        0.0,
        0.0,
        1.0
      ]
    ],
    "location": [
      81.53898301882032,
      16.273254464089405,
      -1.6837774612842153
    ],
    "rotation": [
      -0.011815950204265357,
      0.026117839491506086,
      0.12946519068497334
    ]
  },
  {
    "label_id": "5_yjagwD-XEyaFu36rcIGw",
    "size": [
      0.6469077117485512,
      0.8526376858233217,
      1.75
    ],
    "obj_class": "pedestrian",
    "point_num_in_lidar": 37,
    "speed": 0.8780553590675237,
    "if_vehicle": false,
    "motion_state": false,
    "pose": [
      [
        0.20616193270741792,
        -0.978214396949415,
        0.02436906036830949,
        92.2182586071815
      ],
      [
        0.9783176850486086,
        0.20655957205309045,
        0.015088085179234711,
        3.2257758512496366
      ],
      [
        -0.01979304482574042,
        0.02073009392492915,
        0.9995891648984546,
        -1.9928948372969728
      ],
      [
        0.0,
        0.0,
        0.0,
        1.0
      ]
    ],
    "location": [
      92.2182586071815,
      3.2257758512496366,
      -1.9928948372969728
    ],
    "rotation": [
      0.020735641684919495,
      0.019794337422756183,
      1.3631040439438273
    ]
  },
  {
    "label_id": "7UguPnYQrmWFtcN1psI8ag",
    "size": [
      0.7446045321495669,
      0.9695763688623205,
      1.8599999999999994
    ],
    "obj_class": "pedestrian",
    "point_num_in_lidar": 49,
    "speed": 1.3676599370242328,
    "if_vehicle": false,
    "motion_state": true,
    "pose": [
      [
        -0.00844983401170072,
        -0.9996673192627338,
        0.02436906036830949,
        93.80222747898426
      ],
      [
        0.999853491793031,
        -0.008083602842048704,
        0.015088085179234711,
        8.528948507055247
      ],
      [
        -0.014886075858282022,
        0.024492981916288334,
        0.9995891648984546,
        -1.809764509544685
      ],
      [
        0.0,
        0.0,
        0.0,
        1.0
      ]
    ],
    "location": [
      93.80222747898426,
      8.528948507055247,
      -1.809764509544685
    ],
    "rotation": [
      0.024498146522737855,
      0.014886625693740154,
      1.5792471977730416
    ]
  },
  {
    "label_id": "BMsVsI9u-XO6uaeysrmA3w",
    "size": [
      0.6890163519214775,
      0.7958109185850852,
      1.7299999999999969
    ],
    "obj_class": "pedestrian",
    "point_num_in_lidar": 43,
    "speed": 1.2988050011476882,
    "if_vehicle": false,
    "motion_state": true,
    "pose": [
      [
        0.9957759713486717,
        -0.08852323865163952,
        0.02436906036830949,
        76.91497598744058
      ],
      [
        0.08817310253477943,
        0.9959908903574449,
        0.015088085179234711,
        19.077873380801975
      ],
      [
        -0.025607008298524546,
        -0.012875657016612758,
        0.9995891648984546,
        -1.280217660008887
      ],
      [
        0.0,
        0.0,
        0.0,
        1.0
      ]
    ],
    "location": [
      76.91497598744058,
      19.077873380801975,
      -1.280217660008887
    ],
    "rotation": [
      -0.01288023663610298,
      0.025609807624384768,
      0.0883167900752982
    ]
  },
  {
    "label_id": "BXfe1U_KBcaTbugNjB5tCQ",
    "size": [
      0.8727048618432119,
      0.9350286660668522,
      1.7700000000000031
    ],
    "obj_class": "pedestrian",
    "point_num_in_lidar": 520,
    "speed": 1.4699889968035378,
    "if_vehicle": false,
    "motion_state": true,
    "pose": [
      [
        -0.9737715427328721,
        0.22621921107723797,
        0.02436906036830949,
        42.49886010654586
      ],
      [
        -0.22590238595088136,
        -0.9740330906634146,
        0.015088085179234711,
        14.083698032996836
      ],
      [
        0.027149485913020455,
        0.00918731910128619,
        0.9995891648984546,
        -0.3196014435021155
      ],
      [
        0.0,
        0.0,
        0.0,
        1.0
      ]
    ],
    "location": [
      42.49886010654586,
      14.083698032996836,
      -0.3196014435021155
    ],
    "rotation": [
      0.009190836329215267,
      -0.027152822309640466,
      -2.9136378719631137
    ]
  },
  {
    "label_id": "CKZzEND_6K02uEXooYwMvQ",
    "size": [
      1.8366532480557576,
      4.781002948694367,
      1.6199999999999974
    ],
    "obj_class": "vehicle",
    "point_num_in_lidar": 31,
    "speed": 3.7420281022727733,
    "if_vehicle": true,
    "motion_state": true,
    "pose": [
      [
        0.1827774775115291,
        0.9828522486168957,
        0.02436906036830949,
        99.87010181482697
      ],
      [
        -0.983099477194956,
        0.182449356328348,
        0.015088085179234711,
        27.07612645851077
      ],
      [
        0.010383239067209372,
        -0.02671497265735698,
        0.9995891648984546,
        -1.9910386151179154
      ],
      [
        0.0,
        0.0,
        0.0,
        1.0
      ]
    ],
    "location": [
      99.87010181482697,
      27.07612645851077,
      -1.9910386151179154
    ],
    "rotation": [
      -0.02671959210214133,
      -0.01038342564862369,
      -1.3869755231338363
    ]
  },
  {
    "label_id": "DpKKPa5FRfdZLz9japNk8Q",
    "size": [
      0.724996870163858,
      0.8849625433311452,
      1.8299999999999983
    ],
    "obj_class": "pedestrian",
    "point_num_in_lidar": 29,
    "speed": 1.8531871518732665,
    "if_vehicle": false,
    "motion_state": true,
    "pose": [
      [
        0.34103517037254316,
        0.9397346228940041,
        0.02436906036830949,
        91.51136679890453
      ],
      [
        -0.9400321787210942,
        0.3407518931047884,
        0.015088085179234711,
        17.134211186936227
      ],
      [
        0.005874992582414414,
        -0.028053268611103584,
        0.9995891648984546,
        -1.7041406441491063
      ],
      [
        0.0,
        0.0,
        0.0,
        1.0
      ]
    ],
    "location": [
      91.51136679890453,
      17.134211186936227,
      -1.7041406441491063
    ],
    "rotation": [
      -0.028057433842515387,
      -0.005875026379360818,
      -1.2227722020318403
    ]
  },
  {
    "label_id": "F7lTnSl61ud08HVsq-smOQ",
    "size": [
      0.6928800511665095,
      0.7529766446113904,
      1.6400000000000006
    ],
    "obj_class": "pedestrian",
    "point_num_in_lidar": 79,
    "speed": 1.3418222315608535,
    "if_vehicle": false,
    "motion_state": true,
    "pose": [
      [
        0.9928724125119004,
        -0.11666413917551674,
        0.02436906036830949,
        76.02386063763902
      ],
      [
        0.11632022457606116,
        0.9930971528708554,
        0.015088085179234711,
        19.261746533087717
      ],
      [
        -0.025961082939148436,
        -0.012145928957342464,
        0.9995891648984546,
        -1.3071150898533475
      ],
      [
        0.0,
        0.0,
        0.0,
        1.0
      ]
    ],
    "location": [
      76.02386063763902,
      19.261746533087717,
      -1.3071150898533475
    ],
    "rotation": [
      -0.01215032302807508,
      0.025964000023003427,
      0.11662363102194834
    ]
  },
  {
    "label_id": "FffuTa5CoBCUrczn2a-vqw",
    "size": [
      0.891003602649118,
      1.0492108890105931,
      1.8599999999999994
    ],
    "obj_class": "pedestrian",
    "point_num_in_lidar": 969,
    "speed": 1.3608902250037729,
    "if_vehicle": false,
    "motion_state": true,
    "pose": [
      [
        0.9875765344741839,
        -0.15523768051838008,
        0.02436906036830949,
        44.78934971390538
      ],
      [
        0.15490277804755181,
        0.9878144962687961,
        0.015088085179234711,
        13.199388199454916
      ],
      [
        -0.026414350438953658,
        -0.011125803723700277,
        0.9995891648984546,
        -0.3544651227098825
      ],
      [
        0.0,
        0.0,
        0.0,
        1.0
      ]
    ],
    "location": [
      44.78934971390538,
      13.199388199454916,
      -0.3544651227098825
    ],
    "rotation": [
      -0.011129916877273736,
      0.026417423031322478,
      0.15558377113268435
    ]
  },
  {
    "label_id": "GsKDCrOHfvk8e-YxrpZCcQ",
    "size": [
      0.7594202802768139,
      0.7815636330990099,
      1.7700000000000031
    ],
    "obj_class": "pedestrian",
    "point_num_in_lidar": 97,
    "speed": 1.2007565205250663,
    "if_vehicle": false,
    "motion_state": true,
    "pose": [
      [
        0.9980869908781466,
        0.05681995720319067,
        0.02436906036830949,
        77.9702204735994
      ],
      [
        -0.05719755948278229,
        0.9982488611938599,
        0.015088085179234711,
        18.925169289450423
      ],
      [
        -0.023469082406867153,
        -0.016453072314611423,
        0.9995891648984546,
        -1.2653264522168826
      ],
      [
        0.0,
        0.0,
        0.0,
        1.0
      ]
    ],
    "location": [
      77.9702204735994,
      18.925169289450423,
      -1.2653264522168826
    ],
    "rotation": [
      -0.016458348367449496,
      0.02347123739431611,
      -0.05724457754001923
    ]
  },
  {
    "label_id": "I5xneQtkttgIrX3p2aNLJQ",
    "size": [
      0.5927357414427603,
      0.8028071134260143,
      1.75
    ],
    "obj_class": "pedestrian",
    "point_num_in_lidar": 77,
    "speed": 0.8348172792603248,
    "if_vehicle": false,
    "motion_state": false,
    "pose": [
      [
        0.9886509910818143,
        -0.14824090774719387,
        0.02436906036830949,
        51.64873092192795
      ],
      [
        0.14790432870050474,
        0.9888865755167665,
        0.015088085179234711,
        -22.468199754861416
      ],
      [
        -0.02633490809931565,
        -0.01131256085114034,
        0.9995891648984546,
        0.9108197213774005
      ],
      [
        0.0,
        0.0,
        0.0,
        1.0
      ]
    ],
    "location": [
      51.64873092192795,
      -22.468199754861416,
      0.9108197213774005
    ],
    "rotation": [
      -0.01131672722892787,
      0.02633795304635707,
      0.14850084424085885
    ]
  },
  {
    "label_id": "IDTT3SpxSzRAItkMn5Pw3A",
    "size": [
      0.9670891137608931,
      0.9012268701360178,
      1.7700000000000031
    ],
    "obj_class": "pedestrian",
    "point_num_in_lidar": 158,
    "speed": 0.9440668786778622,
    "if_vehicle": false,
    "motion_state": false,
    "pose": [
      [
        -0.9755687718905597,
        0.21833854494502494,
        0.02436906036830949,
        41.969324276365114
      ],
      [
        -0.21801961547135787,
        -0.9758277496337895,
        0.015088085179234711,
        15.20487794784458
      ],
      [
        0.02707431590393811,
        0.009406531557589021,
        0.9995891648984546,
        -0.31459940777052964
      ],
      [
        0.0,
        0.0,
        0.0,
        1.0
      ]
    ],
    "location": [
      41.969324276365114,
      15.20487794784458,
      -0.31459940777052964
    ],
    "rotation": [
      0.009410119912944775,
      -0.027077624658248537,
      -2.9217259211795574
    ]
  },
  {
    "label_id": "JJm71lZ4BoPLZadnyCnHGA",
    "size": [
      1.1080337822579938,
      1.2324287345086304,
      2.200000000000003
    ],
    "obj_class": "pedestrian",
    "point_num_in_lidar": 52,
    "speed": 0.0,
    "if_vehicle": false,
    "motion_state": false,
    "pose": [
      [
        0.03391804196681587,
        -0.9991274770147716,
        0.02436906036830949,
        79.16360678057822
      ],
      [
        0.9992979635053226,
        0.034291833134717856,
        0.015088085179234711,
        -7.464623948688313
      ],
      [
        -0.015910580229912676,
        0.023840194092281757,
        0.9995891648984546,
        -0.7564966274065981
      ],
      [
        0.0,
        0.0,
        0.0,
        1.0
      ]
    ],
    "location": [
      79.16360678057822,
      -7.464623948688313,
      -0.7564966274065981
    ],
    "rotation": [
      0.02384547191450989,
      0.01591125159117834,
      1.5368674816444376
    ]
  },
  {
    "label_id": "J_5vgAbm870OaHovJQu62g",
    "size": [
      1.6966627480858183,
      3.2757375367703965,
      1.5300000000000011
    ],
    "obj_class": "vehicle",
    "point_num_in_lidar": 21,
    "speed": 3.552713678800501e-14,
    "if_vehicle": true,
    "motion_state": false,
    "pose": [
      [
        0.9877115469587234,
        -0.15437632234630827,
        0.02436906036830949,
        117.92297787904681
      ],
      [
        0.15404121246826005,
        0.9879492165829845,
        0.015088085179234711,
        12.861400499628871
      ],
      [
        -0.026404637200952905,
        -0.011148836347180285,
        0.9995891648984546,
        -2.3764468027546073
      ],
      [
        0.0,
        0.0,
        0.0,
        1.0
      ]
    ],
    "location": [
      117.92297787904681,
      12.861400499628871,
      -2.3764468027546073
    ],
    "rotation": [
      -0.011152956107118788,
      0.02640770640424466,
      0.1547113868097805
    ]
  },
  {
    "label_id": "KApnY9cu-6X5mwhWn7kKNg",
    "size": [
      1.963753891240654,
      4.408086105477256,
      2.1000000000000014
    ],
    "obj_class": "vehicle",
    "point_num_in_lidar": 530,
    "speed": 0.00312576630610512,
    "if_vehicle": true,
    "motion_state": false,
    "pose": [
      [
        0.9862148177737208,
        -0.1636657633725284,
        0.02436906036830949,
        74.2821144899649
      ],
      [
        0.16333290526912014,
        0.9864556309038807,
        0.015088085179234711,
        15.38999645432341
      ],
      [
        -0.026508399798844662,
        -0.010899823746958772,
        0.9995891648984546,
        -1.2303984628244606
      ],
      [
        0.0,
        0.0,
        0.0,
        1.0
      ]
    ],
    "location": [
      74.2821144899649,
      15.38999645432341,
      -1.2303984628244606
    ],
    "rotation": [
      -0.010903871460625414,
      0.026511505335436558,
      0.16412618593520537
    ]
  },
  {
    "label_id": "KtpOcOD6i_wv5LraLF15Uw",
    "size": [
      1.7747149394938717,
      0.17030016092349531,
      1.8699999999999974
    ],
    "obj_class": "sign",
    "point_num_in_lidar": 68,
    "speed": 0.01514487510670101,
    "if_vehicle": false,
    "motion_state": false,
    "pose": [
      [
        -0.9896131477431678,
        0.14167556850291654,
        0.02436906036830949,
        114.81403662383912
      ],
      [
        -0.141337433201779,
        -0.9898464929783592,
        0.015088085179234711,
        12.06336884938355
      ],
      [
        0.02625924198813757,
        0.011487107025643439,
        0.9995891648984546,
        -1.4671601800000218
      ],
      [
        0.0,
        0.0,
        0.0,
        1.0
      ]
    ],
    "location": [
      114.81403662383912,
      12.06336884938355,
      -1.4671601800000218
    ],
    "rotation": [
      0.011491322433769111,
      -0.026262260758657775,
      -2.999731124306594
    ]
  },
  {
    "label_id": "LuS7gN3gUPNcgKjs-EjAqA",
    "size": [
      0.7360979501280831,
      0.9737403987557425,
      1.7100000000000009
    ],
    "obj_class": "pedestrian",
    "point_num_in_lidar": 36,
    "speed": 1.2481735439637291,
    "if_vehicle": false,
    "motion_state": true,
    "pose": [
      [
        0.2401849982010004,
        -0.9704212052175853,
        0.02436906036830949,
        92.06844767707139
      ],
      [
        0.9705105490728143,
        0.24058600088951354,
        0.015088085179234711,
        6.674149587064676
      ],
      [
        -0.02050465258350525,
        0.020026498446805565,
        0.9995891648984546,
        -1.993145108517922
      ],
      [
        0.0,
        0.0,
        0.0,
        1.0
      ]
    ],
    "location": [
      92.06844767707139,
      6.674149587064676,
      -1.993145108517922
    ],
    "rotation": [
      0.020032049479720957,
      0.020506089687432217,
      1.3281878721769738
    ]
  },
  {
    "label_id": "MnRuzWQWp8m6TF0j9kK7eQ",
    "size": [
      0.4610639659524617,
      0.10289208226310916,
      0.5300000000000011
    ],
    "obj_class": "sign",
    "point_num_in_lidar": 65,
    "speed": 0.007873783913202377,
    "if_vehicle": false,
    "motion_state": false,
    "pose": [
      [
        -0.9972137655203912,
        0.07050428890080236,
        0.02436906036830949,
        67.43956309700513
      ],
      [
        -0.07015032410244153,
        -0.9974223186363672,
        0.015088085179234711,
        16.679737664604545
      ],
      [
        0.025370019411985526,
        0.013336548753168179,
        0.9995891648984546,
        0.7333970927908737
      ],
      [
        0.0,
        0.0,
        0.0,
        1.0
      ]
    ],
    "location": [
      67.43956309700513,
      16.679737664604545,
      0.7333970927908737
    ],
    "rotation": [
      0.013341238541452525,
      -0.02537274171814595,
      -3.0713620235428816
    ]
  },
  {
    "label_id": "Njep4Sgekb4aPkRERmPvmQ",
    "size": [
      0.6678420590194827,
      0.8693823080183134,
      1.8100000000000023
    ],
    "obj_class": "pedestrian",
    "point_num_in_lidar": 30,
    "speed": 1.0803203529707932,
    "if_vehicle": false,
    "motion_state": true,
    "pose": [
      [
        0.9960270432060782,
        -0.08565207585880785,
        0.02436906036830949,
        77.38398773791869
      ],
      [
        0.08530132159140602,
        0.996240951888841,
        0.015088085179234711,
        19.56532539878026
      ],
      [
        -0.025569781714297232,
        -0.012949427813357043,
        0.9995891648984546,
        -1.2002176600089243
      ],
      [
        0.0,
        0.0,
        0.0,
        1.0
      ]
    ],
    "location": [
      77.38398773791869,
      19.56532539878026,
      -1.2002176600089243
    ],
    "rotation": [
      -0.012954025439703762,
      0.025572568846817075,
      0.08543310970156123
    ]
  },
  {
    "label_id": "OxgSifGtf3xSOt5KTJOZgg",
    "size": [
      0.7653315978058246,
      0.9961299784013146,
      1.9600000000000009
    ],
    "obj_class": "pedestrian",
    "point_num_in_lidar": 47,
    "speed": 0.9544725536599544,
    "if_vehicle": false,
    "motion_state": false,
    "pose": [
      [
        0.04551548748011549,
        -0.9986663553440726,
        0.02436906036830949,
        92.53506414736307
      ],
      [
        0.998832490680762,
        0.045891232780239086,
        0.015088085179234711,
        5.290120303712683
      ],
      [
        -0.016186289257065032,
        0.023653867711154034,
        0.9995891648984546,
        -1.951703181817173
      ],
      [
        0.0,
        0.0,
        0.0,
        1.0
      ]
    ],
    "location": [
      92.53506414736307,
      5.290120303712683,
      -1.951703181817173
    ],
    "rotation": [
      0.02365917409675675,
      0.01618699613080589,
      1.5252591394167752
    ]
  },
  {
    "label_id": "Q5PhKXgruUST0xy6Tmhvuw",
    "size": [
      2.194585937154767,
      3.7584377944850687,
      1.759999999999998
    ],
    "obj_class": "vehicle",
    "point_num_in_lidar": 588,
    "speed": 3.7202325130146146,
    "if_vehicle": true,
    "motion_state": true,
    "pose": [
      [
        0.9886635075663253,
        -0.14815740853368206,
        0.02436906036830949,
        64.96033948848151
      ],
      [
        0.14782080959139393,
        0.9888990635739167,
        0.015088085179234711,
        10.75437981696814
      ],
      [
        -0.026333952578288362,
        -0.011314784983136615,
        0.9995891648984546,
        -1.094592729936366
      ],
      [
        0.0,
        0.0,
        0.0,
        1.0
      ]
    ],
    "location": [
      64.96033948848151,
      10.75437981696814,
      -1.094592729936366
    ],
    "rotation": [
      -0.011318951990049432,
      0.026336997193829374,
      0.1484163631607057
    ]
  },
  {
    "label_id": "Si6ywWpLkRk5GY_DaSJ7lg",
    "size": [
      0.6416873139721748,
      0.7010949696853519,
      1.7299999999999969
    ],
    "obj_class": "pedestrian",
    "point_num_in_lidar": 23,
    "speed": 0.09916126797948709,
    "if_vehicle": false,
    "motion_state": false,
    "pose": [
      [
        0.873606308995699,
        -0.4860228037650878,
        0.02436906036830949,
        95.76238518714297
      ],
      [
        0.48579040599016937,
        0.8739450961779756,
        0.015088085179234711,
        2.406690588197307
      ],
      [
        -0.028630374269607243,
        -0.0013427906733239352,
        0.9995891648984546,
        -2.007411840323826
      ],
      [
        0.0,
        0.0,
        0.0,
        1.0
      ]
    ],
    "location": [
      95.76238518714297,
      2.406690588197307,
      -2.007411840323826
    ],
    "rotation": [
      -0.0013433417575525986,
      0.028634287091412462,
      0.5074951564731112
    ]
  },
  {
    "label_id": "Tb5x0wvMAkpe0WlvgMtulQ",
    "size": [
      1.9769816586274356,
      4.3758820982642375,
      1.6499999999999986
    ],
    "obj_class": "vehicle",
    "point_num_in_lidar": 128,
    "speed": 5.684341886080801e-13,
    "if_vehicle": true,
    "motion_state": false,
    "pose": [
      [
        -0.15004424111923048,
        -0.9883789124641015,
        0.02436906036830949,
        48.03899209784606
      ],
      [
        0.9886151105227619,
        -0.1497080924054936,
        0.015088085179234711,
        -20.428407428364153
      ],
      [
        -0.0112644996791638,
        0.026355501600012717,
        0.9995891648984546,
        -2.435513435578578
      ],
      [
        0.0,
        0.0,
        0.0,
        1.0
      ]
    ],
    "location": [
      48.03899209784606,
      -20.428407428364153,
      -2.435513435578578
    ],
    "rotation": [
      0.026360226548718328,
      0.011264737916195826,
      1.7214189765179204
    ]
  },
  {
    "label_id": "TyDn53lKdVBMPj-OW8x22A",
    "size": [
      0.706178662186568,
      0.9443445160493246,
      1.8399999999999963
    ],
    "obj_class": "pedestrian",
    "point_num_in_lidar": 47,
    "speed": 1.3548305417814392,
    "if_vehicle": false,
    "motion_state": true,
    "pose": [
      [
        0.087896127977001,
        -0.995831521685981,
        0.02436906036830949,
        77.3684815105878
      ],
      [
        0.9959815460171166,
        0.08827859128338375,
        0.015088085179234711,
        -24.382058288283588
      ],
      [
        -0.017176457143579096,
        0.02294495015477142,
        0.9995891648984546,
        -0.5274408528792449
      ],
      [
        0.0,
        0.0,
        0.0,
        1.0
      ]
    ],
    "location": [
      77.3684815105878,
      -24.382058288283588,
      -0.5274408528792449
    ],
    "rotation": [
      0.022950350312288877,
      0.017177301852702557,
      1.4827736072879802
    ]
  },
  {
    "label_id": "YFsJo6nQebutOB3c0Rd3gA",
    "size": [
      0.8916578199818638,
      0.8037033151583719,
      1.8699999999999974
    ],
    "obj_class": "pedestrian",
    "point_num_in_lidar": 28,
    "speed": 1.3588259899512802,
    "if_vehicle": false,
    "motion_state": true,
    "pose": [
      [
        -0.9448715553695266,
        0.32653314188660437,
        0.02436906036830949,
        116.78613847078327
      ],
      [
        -0.3262453190562302,
        -0.9451647165862271,
        0.015088085179234711,
        8.328288270724443
      ],
      [
        0.02795953589511411,
        0.00630601063589174,
        0.9995891648984546,
        -1.8674323312722407
      ],
      [
        0.0,
        0.0,
        0.0,
        1.0
      ]
    ],
    "location": [
      116.78613847078327,
      8.328288270724443,
      -1.8674323312722407
    ],
    "rotation": [
      0.006308518742313663,
      -0.027963180004837745,
      -2.8091288419260656
    ]
  },
  {
    "label_id": "ZfYfhl5Fd393ajA-1MAXQw",
    "size": [
      0.5726689959555371,
      0.5368842894175692,
      1.8800000000000026
    ],
    "obj_class": "pedestrian",
    "point_num_in_lidar": 30,
    "speed": 0.07194962084878798,
    "if_vehicle": false,
    "motion_state": false,
    "pose": [
      [
        0.8736063089943549,
        -0.48602280376750356,
        0.02436906036830949,
        95.51935825638907
      ],
      [
        0.4857904059925861,
        0.8739450961766321,
        0.015088085179234711,
        3.648486312957175
      ],
      [
        -0.02863037426961095,
        -0.00134279067324476,
        0.9995891648984546,
        -2.087131339334043
      ],
      [
        0.0,
        0.0,
        0.0,
        1.0
      ]
    ],
    "location": [
      95.51935825638907,
      3.648486312957175,
      -2.087131339334043
    ],
    "rotation": [
      -0.001343341757473391,
      0.028634287091416175,
      0.5074951564758776
    ]
  },
  {
    "label_id": "a-l4H4ezAX14MhEB5DsssA",
    "size": [
      0.5602458060479268,
      0.6442986036973264,
      1.8500000000000014
    ],
    "obj_class": "pedestrian",
    "point_num_in_lidar": 25,
    "speed": 0.016017623811119295,
    "if_vehicle": false,
    "motion_state": false,
    "pose": [
      [
        0.8736063089953261,
        -0.4860228037657582,
        0.02436906036830949,
        96.24063042236185
      ],
      [
        0.48579040599084,
        0.8739450961776027,
        0.015088085179234711,
        3.2042362308238808
      ],
      [
        -0.028630374269608273,
        -0.0013427906733019651,
        0.9995891648984546,
        -2.113302798080184
      ],
      [
        0.0,
        0.0,
        0.0,
        1.0
      ]
    ],
    "location": [
      96.24063042236185,
      3.2042362308238808,
      -2.113302798080184
    ],
    "rotation": [
      -0.0013433417575306195,
      0.028634287091413493,
      0.5074951564738788
    ]
  },
  {
    "label_id": "alCtOgYcyvSmD9foO0clkg",
    "size": [
      0.9786878883531169,
      0.8466946051033566,
      1.8699999999999974
    ],
    "obj_class": "pedestrian",
    "point_num_in_lidar": 22,
    "speed": 1.4273800880950656,
    "if_vehicle": false,
    "motion_state": true,
    "pose": [
      [
        -0.9448715553692739,
        0.32653314188733573,
        0.02436906036830949,
        116.59512980012744
      ],
      [
        -0.3262453190569618,
        -0.9451647165859746,
        0.015088085179234711,
        9.228478605096825
      ],
      [
        0.02795953589511899,
        0.006306010635870099,
        0.9995891648984546,
        -1.8840943509714165
      ],
      [
        0.0,
        0.0,
        0.0,
        1.0
      ]
    ],
    "location": [
      116.59512980012744,
      9.228478605096825,
      -1.8840943509714165
    ],
    "rotation": [
      0.006308518742292013,
      -0.027963180004842627,
      -2.809128841925291
    ]
  },
  {
    "label_id": "bcz7REbn_CUSYUPs1N5iZA",
    "size": [
      0.8876727643197392,
      0.9776859722758251,
      1.7800000000000011
    ],
    "obj_class": "pedestrian",
    "point_num_in_lidar": 415,
    "speed": 1.3464151840106815,
    "if_vehicle": false,
    "motion_state": true,
    "pose": [
      [
        0.9882818097963507,
        -0.15068249175805157,
        0.02436906036830949,
        55.39486545593286
      ],
      [
        0.15034649564796612,
        0.9885182248861174,
        0.015088085179234711,
        15.839194783426137
      ],
      [
        -0.02636277056808874,
        -0.01124747729868651,
        0.9995891648984546,
        -0.7387280399857445
      ],
      [
        0.0,
        0.0,
        0.0,
        1.0
      ]
    ],
    "location": [
      55.39486545593286,
      15.839194783426137,
      -0.7387280399857445
    ],
    "rotation": [
      -0.0112516252172138,
      0.02636582519208748,
      0.1509716163982511
    ]
  },
  {
    "label_id": "fK-Tw46xvydKIOslVz5dCQ",
    "size": [
      0.6473743135485056,
      0.8376383631190127,
      1.7299999999999969
    ],
    "obj_class": "pedestrian",
    "point_num_in_lidar": 29,
    "speed": 0.9216254598258824,
    "if_vehicle": false,
    "motion_state": false,
    "pose": [
      [
        0.26191722821951374,
        -0.964782625495802,
        0.02436906036830949,
        92.62649082196504
      ],
      [
        0.96486294147974,
        0.2623201361784646,
        0.015088085179234711,
        2.973230575560592
      ],
      [
        -0.020949217667282527,
        0.019560973818779363,
        0.9995891648984546,
        -2.0028948372969992
      ],
      [
        0.0,
        0.0,
        0.0,
        1.0
      ]
    ],
    "location": [
      92.62649082196504,
      2.973230575560592,
      -2.0028948372969992
    ],
    "rotation": [
      0.019566516069851627,
      0.020950750299535158,
      1.305728505972238
    ]
  },
  {
    "label_id": "ggzHMOp5JylcvbIJljZcRQ",
    "size": [
      0.5390002265201519,
      0.10018230793895748,
      0.5
    ],
    "obj_class": "sign",
    "point_num_in_lidar": 77,
    "speed": 0.022957853096347562,
    "if_vehicle": false,
    "motion_state": false,
    "pose": [
      [
        -0.8490917157800858,
        0.5276830555270802,
        0.02436906036830949,
        50.473643376126574
      ],
      [
        -0.5274673057171855,
        -0.8494413405792525,
        0.015088085179234711,
        13.704972861605711
      ],
      [
        0.028661814197344964,
        -4.271448265916373e-05,
        0.9995891648984546,
        1.089363732416544
      ],
      [
        0.0,
        0.0,
        0.0,
        1.0
      ]
    ],
    "location": [
      50.473643376126574,
      13.704972861605711,
      1.089363732416544
    ],
    "rotation": [
      -4.273203845452217e-05,
      -0.028665739926878223,
      -2.585720790819812
    ]
  },
  {
    "label_id": "hXgWqzlFtVSZhB20i4m6ZA",
    "size": [
      0.6972519486205951,
      0.7764543871808254,
      1.9099999999999966
    ],
    "obj_class": "pedestrian",
    "point_num_in_lidar": 21,
    "speed": 1.2448248973720282,
    "if_vehicle": false,
    "motion_state": true,
    "pose": [
      [
        0.998067301576684,
        0.057164765548388494,
        0.02436906036830949,
        77.20008591284193
      ],
      [
        -0.05754242372720985,
        0.9982290414314857,
        0.015088085179234711,
        20.174838298627947
      ],
      [
        -0.023463396920198516,
        -0.016461179258345164,
        0.9995891648984546,
        -1.1957530589188465
      ],
      [
        0.0,
        0.0,
        0.0,
        1.0
      ]
    ],
    "location": [
      77.20008591284193,
      20.174838298627947,
      -1.1957530589188465
    ],
    "rotation": [
      -0.01646645644539625,
      0.023465550341603098,
      -0.05759009850896539
    ]
  },
  {
    "label_id": "i2Z_DWskPJWGzXDXCYvBrA",
    "size": [
      0.8354407080874526,
      0.875556846582244,
      1.6700000000000017
    ],
    "obj_class": "pedestrian",
    "point_num_in_lidar": 64,
    "speed": 1.3920391978777313,
    "if_vehicle": false,
    "motion_state": true,
    "pose": [
      [
        0.9968551040021498,
        -0.0754059050846066,
        0.02436906036830949,
        75.29303590841891
      ],
      [
        0.07505296984539518,
        0.9970653947475113,
        0.015088085179234711,
        19.750337053885232
      ],
      [
        -0.02543527751468826,
        -0.013211664367555965,
        0.9995891648984546,
        -1.2652153707674856
      ],
      [
        0.0,
        0.0,
        0.0,
        1.0
      ]
    ],
    "location": [
      75.29303590841891,
      19.750337053885232,
      -1.2652153707674856
    ],
    "rotation": [
      -0.013216324856151542,
      0.02543802088640493,
      0.07514796903253446
    ]
  },
  {
    "label_id": "j8WoUJffrUm63kD-JaYkzQ",
    "size": [
      0.6529170834686174,
      0.7646726293301956,
      1.7299999999999969
    ],
    "obj_class": "pedestrian",
    "point_num_in_lidar": 39,
    "speed": 1.2430213664598333,
    "if_vehicle": false,
    "motion_state": true,
    "pose": [
      [
        0.18722092586494463,
        -0.9820155160765224,
        0.02436906036830949,
        93.64523866935792
      ],
      [
        0.982126468668872,
        0.1876164950787528,
        0.015088085179234711,
        2.237519721777062
      ],
      [
        -0.019388771448557465,
        0.02110869392752088,
        0.9995891648984546,
        -2.0195608421604803
      ],
      [
        0.0,
        0.0,
        0.0,
        1.0
      ]
    ],
    "location": [
      93.64523866935792,
      2.237519721777062,
      -2.0195608421604803
    ],
    "rotation": [
      0.021114231474016795,
      0.019389986439671148,
      1.3824282117786542
    ]
  },
  {
    "label_id": "rnU7ADUc_Y7-oj7NrdnOsg",
    "size": [
      0.8706653190026925,
      0.9767878337282155,
      1.7700000000000031
    ],
    "obj_class": "pedestrian",
    "point_num_in_lidar": 745,
    "speed": 0.9869136348599037,
    "if_vehicle": false,
    "motion_state": false,
    "pose": [
      [
        -0.9832448497320384,
        0.18065357558649883,
        0.02436906036830949,
        46.76798363452201
      ],
      [
        -0.18032492102598946,
        -0.9834913688195719,
        0.015088085179234711,
        16.04101861678828
      ],
      [
        0.026692477074857883,
        0.01044093315840785,
        0.9995891648984546,
        -0.40546756558781993
      ],
      [
        0.0,
        0.0,
        0.0,
        1.0
      ]
    ],
    "location": [
      46.76798363452201,
      16.04101861678828,
      -0.40546756558781993
    ],
    "rotation": [
      0.010444844580667542,
      -0.026695647771297428,
      -2.9602105305056234
    ]
  },
  {
    "label_id": "sNygxkvj9rIACrP7AQ4GwA",
    "size": [
      2.9067328764412306,
      12.41259995732931,
      3.969999999999999
    ],
    "obj_class": "vehicle",
    "point_num_in_lidar": 5059,
    "speed": 2.864289338439558e-13,
    "if_vehicle": true,
    "motion_state": false,
    "pose": [
      [
        0.9851673195061894,
        -0.16985729738152341,
        0.02436906036830949,
        70.86191489125304
      ],
      [
        0.16952595847683,
        0.9854102186846534,
        0.015088085179234711,
        1.236083266832793
      ],
      [
        -0.026576342477882393,
        -0.010733100116390325,
        0.9995891648984546,
        -0.33865705303303884
      ],
      [
        0.0,
        0.0,
        0.0,
        1.0
      ]
    ],
    "location": [
      70.86191489125304,
      1.236083266832793,
      -0.33865705303303884
    ],
    "rotation": [
      -0.010737098834118679,
      0.02657947195986283,
      0.1704094255584291
    ]
  },
  {
    "label_id": "tnRPM6MdPaKwSYNbbGXKGw",
    "size": [
      1.853854320363404,
      3.6340820156792333,
      1.2800000000000011
    ],
    "obj_class": "vehicle",
    "point_num_in_lidar": 27,
    "speed": 0.04053080093977121,
    "if_vehicle": true,
    "motion_state": false,
    "pose": [
      [
        0.9904664628819029,
        -0.13558146924627248,
        0.02436906036830949,
        81.3554783791584
      ],
      [
        0.13524190402928982,
        0.9906977223553897,
        0.015088085179234711,
        13.066641394003454
      ],
      [
        -0.026188037359538747,
        -0.011648524235522583,
        0.9995891648984546,
        -1.4917457270372765
      ],
      [
        0.0,
        0.0,
        0.0,
        1.0
      ]
    ],
    "location": [
      81.3554783791584,
      13.066641394003454,
      -1.4917457270372765
    ],
    "rotation": [
      -0.011652784362721135,
      0.026191031634435515,
      0.1357044351107916
    ]
  },
  {
    "label_id": "wAY75Hmuz5resyA5vxzqWg",
    "size": [
      0.6850588931318513,
      0.736135910590657,
      1.6799999999999997
    ],
    "obj_class": "pedestrian",
    "point_num_in_lidar": 21,
    "speed": 1.4904996582916403,
    "if_vehicle": false,
    "motion_state": true,
    "pose": [
      [
        -0.19858139420034093,
        -0.9797813933598731,
        0.02436906036830949,
        112.88155000870381
      ],
      [
        0.980033873864088,
        -0.19825729687598712,
        0.015088085179234711,
        7.324493493173577
      ],
      [
        -0.00995168108401425,
        0.02687871762588809,
        0.9995891648984546,
        -1.9411328300834185
      ],
      [
        0.0,
        0.0,
        0.0,
        1.0
      ]
    ],
    "location": [
      112.88155000870381,
      7.324493493173577,
      -1.9411328300834185
    ],
    "rotation": [
      0.0268832867291454,
      0.009951845353710883,
      1.7707166364084086
    ]
  },
  {
    "label_id": "zO7B1d4f4777q1yNdUEaJg",
    "size": [
      1.1360877881840623,
      0.11753966349738357,
      1.2100000000000009
    ],
    "obj_class": "sign",
    "point_num_in_lidar": 221,
    "speed": 0.006379728381703638,
    "if_vehicle": false,
    "motion_state": false,
    "pose": [
      [
        -0.9543344848455362,
        0.2977445884166003,
        0.02436906036830949,
        56.31652350325999
      ],
      [
        -0.2974480122689334,
        -0.9546187876230411,
        0.015088085179234711,
        -3.2528975473287574
      ],
      [
        0.02775555857599414,
        0.007150551429415227,
        0.9995891648984546,
        1.185273657967862
      ],
      [
        0.0,
        0.0,
        0.0,
