[
  {
    "label_id": "-Cs9zVetNWvCdv8--MqL8Q",
    "size": [
      0.852986589373416,
      0.8339678676017309,
      1.740000000000002
    ],
    "obj_class": "pedestrian",
    "point_num_in_lidar": 27,
    "speed": 1.2797649378140714,
    "if_vehicle": false,
    "motion_state": true,
    "pose": [
      [
        -0.9932087405179267,
        0.11127319121993731,
        0.03398050433005401,
        83.04949932188424
      ],
      [
        -0.11071978118759138,
        -0.9936929473461987,
        0.017761093665547407,
        20.303791371468833
      ],
      [
        0.03574252107176332,
        0.01387815946571169,
        0.9992646640791812,
        -1.2743589285595363
      ],
      [
        0.0,
        0.0,
        0.0,
        1.0
      ]
    ],
    "location": [
      83.04949932188424,
      20.303791371468833,
      -1.2743589285595363
    ],
    "rotation": [
      0.013887479226334622,
      -0.03575013579431174,
      -3.030574168869484
    ]
  },
  {
    "label_id": "1a4IZcUFLKkimx_5GCJ-CQ",
    "size": [
      0.9515042209014061,
      0.975551333507289,
      1.5499999999999972
    ],
    "obj_class": "pedestrian",
    "point_num_in_lidar": 108,
    "speed": 1.4009098177041472,
    "if_vehicle": false,
    "motion_state": true,
    "pose": [
      [
        0.9821636399895828,
        -0.18493217569662726,
        0.03398050433005401,
        56.02154455838945
      ],
      [
        0.1844163632036432,
        0.9826877166905799,
        0.017761093665547407,
        16.487798761991144
      ],
      [
        -0.036676821906416406,
        -0.011177739376375756,
        0.9992646640791812,
        -0.7379174360413643
      ],
      [
        0.0,
        0.0,
        0.0,
        1.0
      ]
    ],
    "location": [
      56.02154455838945,
      16.487798761991144,
      -0.7379174360413643
    ],
    "rotation": [
      -0.011185498302173498,
      0.03668504976585423,
      0.18560433831714382
    ]
  },
  {
    "label_id": "1jfGLq5QfYJKXOi2khKr_w",
    "size": [
      0.6862912307103585,
      0.8478699398593197,
      1.7899999999999991
    ],
    "obj_class": "pedestrian",
    "point_num_in_lidar": 32,
    "speed": 1.3886939946790566,
    "if_vehicle": false,
    "motion_state": true,
    "pose": [
      [
        0.9937245218592431,
        -0.10656875705897,
        0.03398050433005401,
        74.1112516230595
      ],
      [
        0.10601306034470484,
        0.9942061026709469,
        0.017761093665547407,
        19.69495376149098
      ],
      [
        -0.03567640245272157,
        -0.014047257054407812,
        0.9992646640791812,
        -1.235215954716253
      ],
      [
        0.0,
        0.0,
        0.0,
        1.0
      ]
    ],
    "location": [
      74.1112516230595,
      19.69495376149098,
      -1.235215954716253
    ],
    "rotation": [
      -0.01405666821648135,
      0.03568397497880176,
      0.10628056189759795
    ]
  },
  {
    "label_id": "5qjHxdW2h3jFXIpQs6y-2Q",
    "size": [
      2.107334655214715,
      4.046644760548517,
      2.0700000000000003
    ],
    "obj_class": "vehicle",
    "point_num_in_lidar": 51,
    "speed": 4.051689661922031,
    "if_vehicle": true,
    "motion_state": true,
    "pose": [
      [
        0.8522686644393604,
        0.5219994721646984,
        0.03398050433005401,
        101.52217119554109
      ],
      [
        -0.5227335849255185,
        0.8523110598500522,
        0.017761093665547407,
        5.955523555820037
      ],
      [
        -0.019690678141304103,
        -0.03289997442334472,
        0.9992646640791812,
        -1.8340811088413247
      ],
      [
        0.0,
        0.0,
        0.0,
        1.0
      ]
    ],
    "location": [
      101.52217119554109,
      5.955523555820037,
      -1.8340811088413247
    ],
    "rotation": [
      -0.03291229586391583,
      0.019691950784190376,
      -0.5501732867305692
    ]
  },
  {
    "label_id": "7UguPnYQrmWFtcN1psI8ag",
    "size": [
      0.7446045321512053,
      0.9695763688623205,
      1.8599999999999994
    ],
    "obj_class": "pedestrian",
    "point_num_in_lidar": 32,
    "speed": 1.3210804389189925,
    "if_vehicle": false,
    "motion_state": true,
    "pose": [
      [
        -0.08161598242494403,
        -0.9960844124562367,
        0.03398050433005401,
        93.92432922801504
      ],
      [
        0.9965519068252271,
        -0.08104838403575612,
        0.017761093665547407,
        5.864108383320854
      ],
      [
        -0.01493748358375609,
        0.035312925493453315,
        0.9992646640791812,
        -1.8097645095446637
      ],
      [
        0.0,
        0.0,
        0.0,
        1.0
      ]
    ],
    "location": [
      93.92432922801504,
      5.864108383320854,
      -1.8097645095446637
    ],
    "rotation": [
      0.0353242116112109,
      0.014938039135714358,
      1.6525123289764971
    ]
  },
  {
    "label_id": "BMsVsI9u-XO6uaeysrmA3w",
    "size": [
      0.6890163519242314,
      0.7958109185850852,
      1.7299999999999969
    ],
    "obj_class": "pedestrian",
    "point_num_in_lidar": 24,
    "speed": 1.0476844507724419,
    "if_vehicle": false,
    "motion_state": true,
    "pose": [
      [
        0.9876653011687058,
        -0.15284821946233068,
        0.03398050433005401,
        74.54300952439553
      ],
      [
        0.15231561310904612,
        0.9881723015522237,
        0.017761093665547407,
        18.75401708608115
      ],
      [
        -0.03629334471421738,
        -0.012366254573481703,
        0.9992646640791812,
        -1.2802176600088657
      ],
      [
        0.0,
        0.0,
        0.0,
        1.0
      ]
    ],
    "location": [
      74.54300952439553,
      18.75401708608115,
      -1.2802176600088657
    ],
    "rotation": [
      -0.012374722914923869,
      0.036301317081189555,
      0.15301240403114183
    ]
  },
  {
    "label_id": "BXfe1U_KBcaTbugNjB5tCQ",
    "size": [
      0.8727048618413789,
      0.9350286660668522,
      1.7700000000000031
    ],
    "obj_class": "pedestrian",
    "point_num_in_lidar": 323,
    "speed": 1.5597020196823748,
    "if_vehicle": false,
    "motion_state": true,
    "pose": [
      [
        -0.962500169781446,
        0.26914447513586937,
        0.03398050433005401,
        45.424145293986726
      ],
      [
        -0.2686758981775237,
        -0.9630668747757366,
        0.017761093665547407,
        14.784070214313033
      ],
      [
        0.03750579834090128,
        0.007965313147191054,
        0.9992646640791812,
        -0.3276007356370769
      ],
      [
        0.0,
        0.0,
        0.0,
        1.0
      ]
    ],
    "location": [
      45.424145293986726,
      14.784070214313033,
      -0.3276007356370769
    ],
    "rotation": [
      0.007971005816187012,
      -0.03751459705178506,
      -2.86937813554893
    ]
  },
  {
    "label_id": "F7lTnSl61ud08HVsq-smOQ",
    "size": [
      0.6928800511651824,
      0.7529766446113904,
      1.6400000000000006
    ],
    "obj_class": "pedestrian",
    "point_num_in_lidar": 49,
    "speed": 1.3645786649931197,
    "if_vehicle": false,
    "motion_state": true,
    "pose": [
      [
        0.9906556322371959,
        -0.13208612206510081,
        0.03398050433005401,
        73.23091489967248
      ],
      [
        0.13154299245156578,
        0.991151342978806,
        0.017761093665547407,
        18.943020071546925
      ],
      [
        -0.03602581648774735,
        -0.013125230249878234,
        0.9992646640791812,
        -1.2559893487813056
      ],
      [
        0.0,
        0.0,
        0.0,
        1.0
      ]
    ],
    "location": [
      73.23091489967248,
      18.943020071546925,
      -1.2559893487813056
    ],
    "rotation": [
      -0.013134133516720718,
      0.036033613783597436,
      0.13201153230631738
    ]
  },
  {
    "label_id": "FffuTa5CoBCUrczn2a-vqw",
    "size": [
      0.8910036026469241,
      1.0492108890105931,
      1.8599999999999994
    ],
    "obj_class": "pedestrian",
    "point_num_in_lidar": 504,
    "speed": 1.3729838137514425,
    "if_vehicle": false,
    "motion_state": true,
    "pose": [
      [
        0.9881540942550631,
        -0.14965564250114627,
        0.03398050433005401,
        42.04444613490671
      ],
      [
        0.1491214004862194,
        0.9886593707990796,
        0.017761093665547407,
        12.783609605099628
      ],
      [
        -0.036253191914427135,
        -0.012483477029132644,
        0.9992646640791812,
        -0.18567570630283114
      ],
      [
        0.0,
        0.0,
        0.0,
        1.0
      ]
    ],
    "location": [
      42.04444613490671,
      12.783609605099628,
      -0.18567570630283114
    ],
    "rotation": [
      -0.012492013498092543,
      0.036261137839777774,
      0.1497788801026285
    ]
  },
  {
    "label_id": "IDTT3SpxSzRAItkMn5Pw3A",
    "size": [
      0.9670891137619595,
      0.9012268701360178,
      1.7700000000000031
    ],
    "obj_class": "pedestrian",
    "point_num_in_lidar": 345,
    "speed": 0.8018592676252053,
    "if_vehicle": false,
    "motion_state": false,
    "pose": [
      [
        -0.9979348364475309,
        -0.05451043505526965,
        0.03398050433005401,
        43.73349257680957
      ],
      [
        0.05513630059440681,
        -0.9983208561923199,
        0.017761093665547407,
        15.564734993347884
      ],
      [
        0.032955281233859976,
        0.019597973403348734,
        0.9992646640791812,
        -0.26460026643248113
      ],
      [
        0.0,
        0.0,
        0.0,
        1.0
      ]
    ],
    "location": [
      43.73349257680957,
      15.564734993347884,
      -0.26460026643248113
    ],
    "rotation": [
      0.019609881072094323,
      -0.03296124933468006,
      3.086398368386631
    ]
  },
  {
    "label_id": "JJm71lZ4BoPLZadnyCnHGA",
    "size": [
      1.1080337822579984,
      1.2324287345086304,
      2.200000000000003
    ],
    "obj_class": "pedestrian",
    "point_num_in_lidar": 50,
    "speed": 0.0,
    "if_vehicle": false,
    "motion_state": false,
    "pose": [
      [
        0.03390852396115517,
        -0.9988471040796237,
        0.03398050433005401,
        79.16360678057833
      ],
      [
        0.9992459550798711,
        0.03452629155179758,
        0.017761093665547407,
        -7.464623948690132
      ],
      [
        -0.018913837772695546,
        0.033352629033245984,
        0.9992646640791812,
        -0.7564966274065767
      ],
      [
        0.0,
        0.0,
        0.0,
        1.0
      ]
    ],
    "location": [
      79.16360678057833,
      -7.464623948690132,
      -0.7564966274065767
    ],
    "rotation": [
      0.03336478629197586,
      0.01891496563907423,
      1.5368752313112222
    ]
  },
  {
    "label_id": "KApnY9cu-6X5mwhWn7kKNg",
    "size": [
      1.9637538912406534,
      4.408086105477256,
      2.1000000000000014
    ],
    "obj_class": "vehicle",
    "point_num_in_lidar": 275,
    "speed": 0.01935276793616614,
    "if_vehicle": true,
    "motion_state": false,
    "pose": [
      [
        0.9859380683603514,
        -0.1636198358492456,
        0.03398050433005401,
        74.30953296137454
      ],
      [
        0.16309279531727128,
        0.9864508521296953,
        0.017761093665547407,
        15.394411263707298
      ],
      [
        -0.03642616468223853,
        -0.011969362943097939,
        0.9992646640791812,
        -1.1185409502078159
      ],
      [
        0.0,
        0.0,
        0.0,
        1.0
      ]
    ],
    "location": [
      74.30953296137454,
      15.394411263707298,
      -1.1185409502078159
    ],
    "rotation": [
      -0.011977598109425792,
      0.036434224932565026,
      0.1639343935908846
    ]
  },
  {
    "label_id": "L3h4EMh185ybNmptkaD9hA",
    "size": [
      0.9402584928805835,
      1.0092154170585907,
      1.7899999999999991
    ],
    "obj_class": "pedestrian",
    "point_num_in_lidar": 24,
    "speed": 0.4394087932148939,
    "if_vehicle": false,
    "motion_state": false,
    "pose": [
      [
        0.9709999195991326,
        -0.236652659955372,
        0.03398050433005401,
        94.91961343538708
      ],
      [
        0.2361653063770263,
        0.9715505605040062,
        0.017761093665547407,
        22.38262259779367
      ],
      [
        -0.03721698808774109,
        -0.009221004305286128,
        0.9992646640791812,
        -1.683357346503719
      ],
      [
        0.0,
        0.0,
        0.0,
        1.0
      ]
    ],
    "location": [
      94.91961343538708,
      22.38262259779367,
      -1.683357346503719
    ],
    "rotation": [
      -0.009227527922089444,
      0.03722558501502419,
      0.23858611928120785
    ]
  },
  {
    "label_id": "LOFTK7cAR19Z_eB-h15rrQ",
    "size": [
      0.7049898602959103,
      0.964005024151008,
      1.8400000000000034
    ],
    "obj_class": "pedestrian",
    "point_num_in_lidar": 35,
    "speed": 1.3027746302344145,
    "if_vehicle": false,
    "motion_state": true,
    "pose": [
      [
        0.2494108789874654,
        0.9678013942788959,
        0.03398050433005401,
        91.64376957125182
      ],
      [
        -0.9683584012485544,
        0.24893081424995786,
        0.017761093665547407,
        22.223438998255006
      ],
      [
        0.008730416601930286,
        -0.03733511682957357,
        0.9992646640791812,
        -1.6348272802674444
      ],
      [
        0.0,
        0.0,
        0.0,
        1.0
      ]
    ],
    "location": [
      91.64376957125182,
      22.223438998255006,
      -1.6348272802674444
    ],
    "rotation": [
      -0.037345219831422805,
      -0.008730527511379899,
      -1.318714649642642
    ]
  },
  {
    "label_id": "LuS7gN3gUPNcgKjs-EjAqA",
    "size": [
      0.7360979501289029,
      0.9737403987557425,
      1.7100000000000009
    ],
    "obj_class": "pedestrian",
    "point_num_in_lidar": 25,
    "speed": 0.22739437283206237,
    "if_vehicle": false,
    "motion_state": false,
    "pose": [
      [
        0.22733354309772394,
        -0.9732239133457985,
        0.03398050433005401,
        91.77872802225204
      ],
      [
        0.9734951341980871,
        0.228017032794596,
        0.017761093665547407,
        5.058863523374384
      ],
      [
        -0.025033654852688162,
        0.029042163270625178,
        0.9992646640791812,
        -1.9151460364930415
      ],
      [
        0.0,
        0.0,
        0.0,
        1.0
      ]
    ],
    "location": [
      91.77872802225204,
      5.058863523374384,
      -1.9151460364930415
    ],
    "rotation": [
      0.02905535566003802,
      0.02503627028830101,
      1.3413844896500446
    ]
  },
  {
    "label_id": "Lxz0wz_LuNSJzQ6POYpHkg",
    "size": [
      0.7847540207006107,
      1.0197341683430015,
      1.9699999999999989
    ],
    "obj_class": "pedestrian",
    "point_num_in_lidar": 167,
    "speed": 1.4467063572039702,
    "if_vehicle": false,
    "motion_state": true,
    "pose": [
      [
        0.9502969506998694,
        -0.3094851059679688,
        0.03398050433005401,
        56.95129441459471
      ],
      [
        0.30904083848906205,
        0.9508829074590525,
        0.017761093665547407,
        15.76447060109058
      ],
      [
        -0.03780827470947564,
        -0.006376949601023377,
        0.9992646640791812,
        -0.5769135427836076
      ],
      [
        0.0,
        0.0,
        0.0,
        1.0
      ]
    ],
    "location": [
      56.95129441459471,
      15.76447060109058,
      -0.5769135427836076
    ],
    "rotation": [
      -0.006381555622366994,
      0.037817288113550486,
      0.3144168453058948
    ]
  },
  {
    "label_id": "MnRuzWQWp8m6TF0j9kK7eQ",
    "size": [
      0.46106396595246146,
      0.10289208226310916,
      0.5300000000000011
    ],
    "obj_class": "sign",
    "point_num_in_lidar": 28,
    "speed": 0.005220495464409793,
    "if_vehicle": false,
    "motion_state": false,
    "pose": [
      [
        -0.9969339296067156,
        0.0704845041437287,
        0.03398050433005401,
        67.43548352701532
      ],
      [
        -0.0699117191956557,
        -0.9973950546653574,
        0.017761093665547407,
        16.677887157482473
      ],
      [
        0.035143868853897066,
        0.015331001425257626,
        0.9992646640791812,
        0.7849606183611044
      ],
      [
        0.0,
        0.0,
        0.0,
        1.0
      ]
    ],
    "location": [
      67.43548352701532,
      16.677887157482473,
      0.7849606183611044
    ],
    "rotation": [
      0.015341079542710238,
      -0.03515110719334638,
      -3.0715805383367947
    ]
  },
  {
    "label_id": "OxgSifGtf3xSOt5KTJOZgg",
    "size": [
      0.7653315978059873,
      0.9961299784013146,
      1.9600000000000009
    ],
    "obj_class": "pedestrian",
    "point_num_in_lidar": 26,
    "speed": 0.40972526361515454,
    "if_vehicle": false,
    "motion_state": false,
    "pose": [
      [
        0.3659082433456157,
        -0.9300303665887478,
        0.03398050433005401,
        92.12563727226029
      ],
      [
        0.9301997229762953,
        0.36662381118338044,
        0.017761093665547407,
        3.9072868308012403
      ],
      [
        -0.02897641845620391,
        0.02510972513135365,
        0.9992646640791812,
        -1.805570777201936
      ],
      [
        0.0,
        0.0,
        0.0,
        1.0
      ]
    ],
    "location": [
      92.12563727226029,
      3.9072868308012403,
      -1.805570777201936
    ],
    "rotation": [
      0.025122915932630815,
      0.028980474914417128,
      1.1960226175533786
    ]
  },
  {
    "label_id": "Q5PhKXgruUST0xy6Tmhvuw",
    "size": [
      2.1945859371547694,
      3.7584377944850687,
      1.759999999999998
    ],
    "obj_class": "vehicle",
    "point_num_in_lidar": 491,
    "speed": 5.968830596058624,
    "if_vehicle": true,
    "motion_state": true,
    "pose": [
      [
        0.9884859644920659,
        -0.1474476969222139,
        0.03398050433005401,
        55.23811745207536
      ],
      [
        0.14691232743432572,
        0.9889900462591283,
        0.017761093665547407,
        9.340381798650924
      ],
      [
        -0.03622521290509332,
        -0.01256443682390214,
        0.9992646640791812,
        -0.7200866323866606
      ],
      [
        0.0,
        0.0,
        0.0,
        1.0
      ]
    ],
    "location": [
      55.23811745207536,
      9.340381798650924,
      -0.7200866323866606
    ],
    "rotation": [
      -0.012573020144713143,
      0.03623314044019363,
      0.147543549092786
    ]
  },
  {
    "label_id": "Qmd53-c0mGJyoeMBj67yxA",
    "size": [
      0.7848630893670505,
      0.7549063254896076,
      1.7100000000000009
    ],
    "obj_class": "pedestrian",
    "point_num_in_lidar": 172,
    "speed": 1.0201537323214613,
    "if_vehicle": false,
    "motion_state": true,
    "pose": [
      [
        0.6775066214013519,
        0.7347313136669761,
        0.03398050433005401,
        33.17576182561811
      ],
      [
        -0.735449140030943,
        0.6773471089327465,
        0.017761093665547407,
        -9.983690654353268
      ],
      [
        -0.009966964686988903,
        -0.03702419124909394,
        0.9992646640791812,
        0.01578476904872872
      ],
      [
        0.0,
        0.0,
        0.0,
        1.0
      ]
    ],
    "location": [
      33.17576182561811,
      -9.983690654353268,
      0.01578476904872872
    ],
    "rotation": [
      -0.03703449560521139,
      0.00996712971471794,
      -0.8263832197698856
    ]
  },
  {
    "label_id": "ZfYfhl5Fd393ajA-1MAXQw",
    "size": [
      0.5726689959532488,
      0.5368842894175692,
      1.8800000000000026
    ],
    "obj_class": "pedestrian",
    "point_num_in_lidar": 21,
    "speed": 0.6932179213678591,
    "if_vehicle": false,
    "motion_state": false,
    "pose": [
      [
        0.8287843335757472,
        -0.5585354543311282,
        0.03398050433005401,
        94.94797637197973
      ],
      [
        0.5582691654439164,
        0.8294697598263343,
        0.017761093665547407,
        3.284977574241566
      ],
      [
        -0.038106001285331856,
        0.004250151616525503,
        0.9992646640791812,
        -2.087131339333993
      ],
      [
        0.0,
        0.0,
        0.0,
        1.0
      ]
    ],
    "location": [
      94.94797637197973,
      3.284977574241566,
      -2.087131339333993
    ],
    "rotation": [
      0.0042532535579669385,
      0.038115229396480925,
      0.5927872878587784
    ]
  },
  {
    "label_id": "bcz7REbn_CUSYUPs1N5iZA",
    "size": [
      0.8876727643213495,
      0.9776859722758251,
      1.7800000000000011
    ],
    "obj_class": "pedestrian",
    "point_num_in_lidar": 201,
    "speed": 1.2732386305935555,
    "if_vehicle": false,
    "motion_state": true,
    "pose": [
      [
        0.9836857990324329,
        -0.17665665599517932,
        0.03398050433005401,
        52.73308216601629
      ],
      [
        0.17613644951240084,
        0.9842055144658401,
        0.017761093665547407,
        15.393832627200027
      ],
      [
        -0.03658141515974229,
        -0.01148613022874741,
        0.9992646640791812,
        -0.5590611956338094
      ],
      [
        0.0,
        0.0,
        0.0,
        1.0
      ]
    ],
    "location": [
      52.73308216601629,
      15.393832627200027,
      -0.5590611956338094
    ],
    "rotation": [
      -0.011494076406142036,
      0.036589578951417255,
      0.17717999470478057
    ]
  },
  {
    "label_id": "cGSVUM5Oj38n194tI-f_BA",
    "size": [
      0.6327448607880692,
      0.1394795873197821,
      0.740000000000002
    ],
    "obj_class": "sign",
    "point_num_in_lidar": 49,
    "speed": 0.009543149068545302,
    "if_vehicle": false,
    "motion_state": false,
    "pose": [
      [
        -0.9798122794409238,
        0.19701071641475748,
        0.03398050433005401,
        51.01384329682662
      ],
      [
        -0.19650139553648358,
        -0.9803426671853153,
        0.017761093665547407,
        -6.89703533348802
      ],
      [
        0.03681166403458642,
        0.010725321147914626,
        0.9992646640791812,
        -1.0620888988434345
      ],
      [
        0.0,
        0.0,
        0.0,
        1.0
      ]
    ],
    "location": [
      51.01384329682662,
      -6.89703533348802,
      -1.0620888988434345
    ],
    "rotation": [
      0.010732801531840315,
      -0.03681998301424049,
      -2.9436682614793956
    ]
  },
  {
    "label_id": "ggzHMOp5JylcvbIJljZcRQ",
    "size": [
      0.5390002265201512,
      0.10018230793895748,
      0.5
    ],
    "obj_class": "sign",
    "point_num_in_lidar": 84,
    "speed": 0.00722878157734376,
    "if_vehicle": false,
    "motion_state": false,
    "pose": [
      [
        -0.8488534455472678,
        0.5275349782791722,
        0.03398050433005401,
        50.44779173064592
      ],
      [
        -0.5272435483316069,
        -0.849528565908469,
        0.017761093665547407,
        13.711534257918174
      ],
      [
        0.0382370072734262,
        -0.002839436122387536,
        0.9992646640791812,
        1.1386399150890227
      ],
      [
        0.0,
        0.0,
        0.0,
        1.0
      ]
    ],
    "location": [
      50.44779173064592,
      13.711534257918174,
      1.1386399150890227
    ],
    "rotation": [
      -0.0028415179505207476,
      -0.03824633093113264,
      -2.5857851751208396
    ]
  },
  {
    "label_id": "i2Z_DWskPJWGzXDXCYvBrA",
    "size": [
      0.8354407080859048,
      0.875556846582244,
      1.6700000000000017
    ],
    "obj_class": "pedestrian",
    "point_num_in_lidar": 44,
    "speed": 1.2917133219044108,
    "if_vehicle": false,
    "motion_state": true,
    "pose": [
      [
        0.9970629161395133,
        -0.0686357529633429,
        0.03398050433005401,
        72.59118472585783
      ],
      [
        0.06806211392870105,
        0.9975229782813828,
        0.017761093665547407,
        19.571211679336557
      ],
      [
        -0.035115379920006205,
        -0.015396142886930884,
        0.9992646640791812,
        -1.2302176600088828
      ],
      [
        0.0,
        0.0,
        0.0,
        1.0
      ]
    ],
    "location": [
      72.59118472585783,
      19.571211679336557,
      -1.2302176600088828
    ],
    "rotation": [
      -0.015406253534190489,
      0.03512260066420581,
      0.06815687273521578
    ]
  },
  {
    "label_id": "qGeZ7KUTeD5t013F2-GCFg",
    "size": [
      0.7376186579101007,
      0.9327574940093656,
      1.7199999999999989
    ],
    "obj_class": "pedestrian",
    "point_num_in_lidar": 643,
    "speed": 1.3035228706853699,
    "if_vehicle": false,
    "motion_state": true,
    "pose": [
      [
        0.9987118882134385,
        0.03768142336249328,
        0.03398050433005401,
        37.3334204642282
      ],
      [
        -0.03830069320372308,
        0.9991084027531336,
        0.017761093665547407,
        12.305892857464642
      ],
      [
        -0.033280944116153816,
        -0.01903969226270778,
        0.9992646640791812,
        -0.14374188923058995
      ],
      [
        0.0,
        0.0,
        0.0,
        1.0
      ]
    ],
    "location": [
      37.3334204642282,
      12.305892857464642,
      -0.14374188923058995
    ],
    "rotation": [
      -0.01905139786216229,
      0.033287090960521265,
      -0.038331308111094295
    ]
  },
  {
    "label_id": "rnU7ADUc_Y7-oj7NrdnOsg",
    "size": [
      0.8706653190017296,
      0.9767878337282155,
      1.7700000000000031
    ],
    "obj_class": "pedestrian",
    "point_num_in_lidar": 152,
    "speed": 0.970104337370752,
    "if_vehicle": false,
    "motion_state": false,
    "pose": [
      [
        -0.9910717581152226,
        0.12892670627870992,
        0.03398050433005401,
        48.621737430135
      ],
      [
        -0.1283819988329796,
        -0.9915657345468591,
        0.017761093665547407,
        16.378258866532633
      ],
      [
        0.03598378304250942,
        0.013240033257918164,
        0.9992646640791812,
        -0.37746832666667984
      ],
      [
        0.0,
        0.0,
        0.0,
        1.0
      ]
    ],
    "location": [
      48.621737430135,
      16.378258866532633,
      -0.37746832666667984
    ],
    "rotation": [
      0.01324900101426389,
      -0.035991553066902576,
      -3.0127714570425654
    ]
  },
  {
    "label_id": "sNygxkvj9rIACrP7AQ4GwA",
    "size": [
      2.9067328764412297,
      12.41259995732931,
      3.969999999999999
    ],
    "obj_class": "vehicle",
    "point_num_in_lidar": 2074,
    "speed": 2.864289338439558e-13,
    "if_vehicle": true,
    "motion_state": false,
    "pose": [
      [
        0.9848908640394588,
        -0.16980963240371064,
        0.03398050433005401,
        70.86191489125304
      ],
      [
        0.16928582324468106,
        0.9854069482199596,
        0.017761093665547407,
        1.236083266832793
      ],
      [
        -0.03650062985728813,
        -0.011740321236764105,
        0.9992646640791812,
        -0.2582541503167448
      ],
      [
        0.0,
        0.0,
        0.0,
        1.0
      ]
    ],
    "location": [
      70.86191489125304,
      1.236083266832793,
      -0.2582541503167448
    ],
    "rotation": [
      -0.011748420113034654,
      0.03650873966073016,
      0.1702195249775075
    ]
  },
  {
    "label_id": "tnRPM6MdPaKwSYNbbGXKGw",
    "size": [
      1.8538543203627345,
      3.6340820156792333,
      1.2800000000000011
    ],
    "obj_class": "vehicle",
    "point_num_in_lidar": 33,
    "speed": 0.019164272436330867,
    "if_vehicle": true,
    "motion_state": false,
    "pose": [
      [
        0.9900916879669361,
        -0.136248944011534,
        0.03398050433005401,
        81.29534198807835
      ],
      [
        0.1357079027997949,
        0.9905896772475902,
        0.017761093665547407,
        13.048964672974762
      ],
      [
        -0.03608066707343933,
        -0.012973688228749714,
        0.9992646640791812,
        -1.471746884531271
      ],
      [
        0.0,
        0.0,
        0.0,
        1.0
      ]
    ],
    "location": [
      81.29534198807835,
      13.048964672974762,
      -1.471746884531271
    ],
    "rotation": [
      -0.012982505838037069,
      0.03608850005247643,
      0.13621718616372777
    ]
  },
  {
    "label_id": "zO7B1d4f4777q1yNdUEaJg",
    "size": [
      1.13608778818406,
      0.11753966349738357,
      1.2100000000000009
    ],
    "obj_class": "sign",
    "point_num_in_lidar": 177,
    "speed": 0.006379728382171645,
    "if_vehicle": false,
    "motion_state": false,
    "pose": [
      [
        -0.9540666816204321,
        0.29766103599102833,
        0.03398050433005401,
        56.30395201075817
      ],
      [
        -0.2972095267102571,
        -0.954647076559955,
        0.017761093665547407,
        -3.2507180040465755
      ],
      [
        0.03772617465953949,
        0.0068459380861273,
        0.9992646640791812,
        1.1852736579678265
      ],
      [
        0.0,
        0.0,
        0.0,
        1.0
      ]
    ],
    "location": [
      56.30395201075817,
      -3.2507180040465755,
      1.1852736579678265
    ],
    "rotation": [
      0.006850868672279975,
      -0.03773512944863155,
      -2.8396021123778716
    ]
  },
  {
    "label_id": "zeb2WL1QCRb_7e3cxfpq9w",
    "size": [
      1.763238293008482,
      3.4409086866067753,
      1.6199999999999974
    ],
    "obj_class": "vehicle",
    "point_num_in_lidar": 73,
    "speed": 3.491487161873082,
    "if_vehicle": true,
    "motion_state": true,
    "pose": [
      [
        0.9781560222271928,
        -0.20507589206474408,
        0.03398050433005401,
        86.82920418051754
      ],
      [
        0.20457095789483698,
        0.9786905878457156,
        0.017761093665547407,
        11.368705977682112
      ],
      [
        -0.036898771885582056,
        -0.010421696409747641,
        0.9992646640791812,
        -1.8555702797336124
      ],
      [
        0.0,
        0.0,
        0.0,
        1.0
      ]
    ],
    "location": [
      86.82920418051754,
      11.368705977682112,
      -1.8555702797336124
    ],
    "rotation": [
      -0.010428987381689927,
      0.03690715008520566,
      0.20616779557625053
    ]
  }
]