[
  {
    "label_id": "2CLVxF92iFSuoWCjnXrzKw",
    "size": [
      0.5613898500952734,
      0.12600677176668668,
      0.5700000000000003
    ],
    "obj_class": "sign",
    "point_num_in_lidar": 22,
    "speed": 0.0152019214084436,
    "if_vehicle": false,
    "motion_state": false,
    "pose": [
      [
        -0.9542093944294512,
        0.2977055612060503,
        0.029254579292318294,
        56.536182249404874
      ],
      [
        -0.29706926408867773,
        -0.9545489661218676,
        0.02420998986957894,
        -3.5457123817468528
      ],
      [
        0.03513237703872842,
        0.014410763431001205,
        0.9992787628989942,
        2.086279072906727
      ],
      [
        0.0,
        0.0,
        0.0,
        1.0
      ]
    ],
    "location": [
      56.536182249404874,
      -3.5457123817468528,
      2.086279072906727
    ],
    "rotation": [
      0.014420164911488141,
      -0.03513960827720006,
      -2.8397785823686754
    ]
  },
  {
    "label_id": "5qjHxdW2h3jFXIpQs6y-2Q",
    "size": [
      2.107334655214933,
      4.046644760548517,
      2.0700000000000003
    ],
    "obj_class": "vehicle",
    "point_num_in_lidar": 49,
    "speed": 4.655125076647195,
    "if_vehicle": true,
    "motion_state": true,
    "pose": [
      [
        0.9995702927036347,
        0.0018437827418520854,
        0.029254579292318294,
        94.06978074528104
      ],
      [
        -0.0025525862450587245,
        0.9997036364313057,
        0.02420998986957894,
        8.13281996808837
      ],
      [
        -0.029201271339296626,
        -0.02427426149699361,
        0.9992787628989942,
        -1.8340811088413531
      ],
      [
        0.0,
        0.0,
        0.0,
        1.0
      ]
    ],
    "location": [
      94.06978074528104,
      8.13281996808837,
      -1.8340811088413531
    ],
    "rotation": [
      -0.024287005204379944,
      0.029205422989258628,
      -0.0025536780304359287
    ]
  },
  {
    "label_id": "BMsVsI9u-XO6uaeysrmA3w",
    "size": [
      0.6890163519223996,
      0.7958109185850852,
      1.7299999999999969
    ],
    "obj_class": "pedestrian",
    "point_num_in_lidar": 27,
    "speed": 1.4752863271200047,
    "if_vehicle": false,
    "motion_state": true,
    "pose": [
      [
        0.957459079488644,
        -0.28708235873210325,
        0.029254579292318294,
        72.45181935384915
      ],
      [
        0.28644232700715716,
        0.957791558581114,
        0.02420998986957894,
        18.240198324372614
      ],
      [
        -0.03497005009266337,
        -0.014800324846849403,
        0.9992787628989942,
        -1.2133732194137394
      ],
      [
        0.0,
        0.0,
        0.0,
        1.0
      ]
    ],
    "location": [
      72.45181935384915,
      18.240198324372614,
      -1.2133732194137394
    ],
    "rotation": [
      -0.014809924227071416,
      0.034977181522544545,
      0.2906944761402658
    ]
  },
  {
    "label_id": "FBUkJ1PIQeV9dPM2c7K9gg",
    "size": [
      0.7396785581083675,
      0.7964900012525988,
      2.030000000000001
    ],
    "obj_class": "pedestrian",
    "point_num_in_lidar": 39,
    "speed": 1.581521148598627,
    "if_vehicle": false,
    "motion_state": true,
    "pose": [
      [
        0.9815182787900705,
        -0.18911911059278694,
        0.029254579292318294,
        66.2702940159362
      ],
      [
        0.18844882777862781,
        0.9817845566616822,
        0.02420998986957894,
        -2.2597792062842927
      ],
      [
        -0.0333002659124279,
        -0.018249556411519867,
        0.9992787628989942,
        -0.7815366797099017
      ],
      [
        0.0,
        0.0,
        0.0,
        1.0
      ]
    ],
    "location": [
      66.2702940159362,
      -2.2597792062842927,
      -0.7815366797099017
    ],
    "rotation": [
      -0.01826069820241331,
      0.03330642347253268,
      0.18968891691589532
    ]
  },
  {
    "label_id": "G7K72AJ4NpA_CgJC0kYWww",
    "size": [
      0.7960126752564891,
      0.5618731317594163,
      1.4994828004563132
    ],
    "obj_class": "sign",
    "point_num_in_lidar": 137,
    "speed": 0.0016091354083979936,
    "if_vehicle": false,
    "motion_state": false,
    "pose": [
      [
        -0.9436929671814279,
        -0.3295265592979445,
        0.029254579292318294,
        21.58565267888457
      ],
      [
        0.33023989530200976,
        -0.9435865026278366,
        0.02420998986957894,
        -12.123175950853692
      ],
      [
        0.01962639149792691,
        0.0325078263780548,
        0.9992787628989942,
        0.06462099444097191
      ],
      [
        0.0,
        0.0,
        0.0,
        1.0
      ]
    ],
    "location": [
      21.58565267888457,
      -12.123175950853692,
      0.06462099444097191
    ],
    "rotation": [
      0.03251982064269517,
      -0.019627651715156954,
      2.8049675315106626
    ]
  },
  {
    "label_id": "JJm71lZ4BoPLZadnyCnHGA",
    "size": [
      1.108033782257986,
      1.2324287345086304,
      2.200000000000003
    ],
    "obj_class": "pedestrian",
    "point_num_in_lidar": 21,
    "speed": 0.0,
    "if_vehicle": false,
    "motion_state": false,
    "pose": [
      [
        0.03391359612289081,
        -0.9989965153034532,
        0.029254579292318294,
        79.1636067805789
      ],
      [
        0.9991070487390568,
        0.03462631297794678,
        0.02420998986957894,
        -7.464623948690132
      ],
      [
        -0.025198673733855242,
        0.02840740856027468,
        0.9992787628989942,
        -0.7564966274065128
      ],
      [
        0.0,
        0.0,
        0.0,
        1.0
      ]
    ],
    "location": [
      79.1636067805789,
      -7.464623948690132,
      -0.7564966274065128
    ],
    "rotation": [
      0.028420257566738966,
      0.025201341243040225,
      1.5368654480090709
    ]
  },
  {
    "label_id": "K24I0eYDo2TDPl7gt2ZSIw",
    "size": [
      0.933444677056717,
      0.7922187583946023,
      1.870000000000001
    ],
    "obj_class": "pedestrian",
    "point_num_in_lidar": 58,
    "speed": 0.05053297039697793,
    "if_vehicle": false,
    "motion_state": false,
    "pose": [
      [
        -0.3367838367719797,
        -0.9411274179831197,
        0.029254579292318294,
        17.71429527198461
      ],
      [
        0.9414929284367979,
        -0.3361620771205716,
        0.02420998986957894,
        -26.434901827447902
      ],
      [
        -0.012950405115160137,
        0.03569651280459882,
        0.9992787628989942,
        1.3009743101083444
      ],
      [
        0.0,
        0.0,
        0.0,
        1.0
      ]
    ],
    "location": [
      17.71429527198461,
      -26.434901827447902,
      1.3009743101083444
    ],
    "rotation": [
      0.03570709381886499,
      0.012950767134349006,
      1.9143254244857901
    ]
  },
  {
    "label_id": "KApnY9cu-6X5mwhWn7kKNg",
    "size": [
      1.963753891240654,
      4.408086105477256,
      2.1000000000000014
    ],
    "obj_class": "vehicle",
    "point_num_in_lidar": 139,
    "speed": 0.01724230283939396,
    "if_vehicle": true,
    "motion_state": false,
    "pose": [
      [
        0.9860855486031351,
        -0.16364431070612653,
        0.029254579292318294,
        74.28819268938537
      ],
      [
        0.16296735866377843,
        0.9863343836654311,
        0.02420998986957894,
        15.390975140968294
      ],
      [
        -0.03281662454008981,
        -0.019105579626130915,
        0.9992787628989942,
        -1.073126881260933
      ],
      [
        0.0,
        0.0,
        0.0,
        1.0
      ]
    ],
    "location": [
      74.28819268938537,
      15.390975140968294,
      -1.073126881260933
    ],
    "rotation": [
      -0.019117040038481345,
      0.03282251760229855,
      0.16378649008734497
    ]
  },
  {
    "label_id": "Lxz0wz_LuNSJzQ6POYpHkg",
    "size": [
      0.7847540207023842,
      1.0197341683430015,
      1.9699999999999989
    ],
    "obj_class": "pedestrian",
    "point_num_in_lidar": 77,
    "speed": 1.4127024860045387,
    "if_vehicle": false,
    "motion_state": true,
    "pose": [
      [
        0.9737984918512219,
        -0.22552309606493734,
        0.029254579292318294,
        54.312943224727974
      ],
      [
        0.22486318942666078,
        0.9740895351205577,
        0.02420998986957894,
        14.990019747750921
      ],
      [
        -0.03395649141409004,
        -0.016997373617723497,
        0.9992787628989942,
        -0.4569206214340511
      ],
      [
        0.0,
        0.0,
        0.0,
        1.0
      ]
    ],
    "location": [
      54.312943224727974,
      14.990019747750921,
      -0.4569206214340511
    ],
    "rotation": [
      -0.01700800143237029,
      0.03396302035319621,
      0.2269357905388822
    ]
  },
  {
    "label_id": "Q5PhKXgruUST0xy6Tmhvuw",
    "size": [
      2.1945859371529317,
      3.7584377944850687,
      1.759999999999998
    ],
    "obj_class": "vehicle",
    "point_num_in_lidar": 335,
    "speed": 7.218826118471503,
    "if_vehicle": true,
    "motion_state": true,
    "pose": [
      [
        0.9845690319433273,
        -0.1725340283208167,
        0.029254579292318294,
        42.81649338727709
      ],
      [
        0.17185934879744288,
        0.9848239642806391,
        0.02420998986957894,
        7.3631918959708855
      ],
      [
        -0.032987657829827814,
        -0.018808733342728125,
        0.9992787628989942,
        -0.2620944189021941
      ],
      [
        0.0,
        0.0,
        0.0,
        1.0
      ]
    ],
    "location": [
      42.81649338727709,
      7.3631918959708855,
      -0.2620944189021941
    ],
    "rotation": [
      -0.018820086377644325,
      0.03299364354359808,
      0.1728117885763204
    ]
  },
  {
    "label_id": "Qmd53-c0mGJyoeMBj67yxA",
    "size": [
      0.7848630893646682,
      0.7549063254896076,
      1.7100000000000009
    ],
    "obj_class": "pedestrian",
    "point_num_in_lidar": 161,
    "speed": 0.8383098999231543,
    "if_vehicle": false,
    "motion_state": false,
    "pose": [
      [
        0.9939679706622107,
        -0.10569693887750958,
        0.029254579292318294,
        31.746881837052683
      ],
      [
        0.10500659329445598,
        0.9941767909960518,
        0.02420998986957894,
        -9.048711292522057
      ],
      [
        -0.03164314558224657,
        -0.020992030790669178,
        0.9992787628989942,
        0.015784769048750036
      ],
      [
        0.0,
        0.0,
        0.0,
        1.0
      ]
    ],
    "location": [
      31.746881837052683,
      -9.048711292522057,
      0.015784769048750036
    ],
    "rotation": [
      -0.021004092599315828,
      0.031648428616840814,
      0.10525343407401765
    ]
  },
  {
    "label_id": "SCePO7EHI3iF8AghIVKjHg",
    "size": [
      2.1728948025148593,
      4.531856758098943,
      1.6300000000000026
    ],
    "obj_class": "vehicle",
    "point_num_in_lidar": 4412,
    "speed": 0.11966672339403038,
    "if_vehicle": true,
    "motion_state": false,
    "pose": [
      [
        0.9765817549494995,
        -0.21314841188755113,
        0.029254579292318294,
        16.9659482318674
      ],
      [
        0.21248486532980565,
        0.9768644012329905,
        0.02420998986957894,
        5.758055517266257
      ],
      [
        -0.03373807797622801,
        -0.01742687905293463,
        0.9992787628989942,
        0.3694166831758281
      ],
      [
        0.0,
        0.0,
        0.0,
        1.0
      ]
    ],
    "location": [
      16.9659482318674,
      5.758055517266257,
      0.3694166831758281
    ],
    "rotation": [
      -0.01743768937780106,
      0.03374448169585424,
      0.21424105947868066
    ]
  },
  {
    "label_id": "bN1HpAOAVLxExyTvaQQIrQ",
    "size": [
      0.646592000498976,
      0.8036470105207957,
      1.4799999999999969
    ],
    "obj_class": "pedestrian",
    "point_num_in_lidar": 142,
    "speed": 1.36274545459336,
    "if_vehicle": false,
    "motion_state": true,
    "pose": [
      [
        0.9932871949622982,
        -0.11191388615519791,
        0.029254579292318294,
        25.942091785004664
      ],
      [
        0.11122486062286542,
        0.9935003305333818,
        0.02420998986957894,
        -9.144353050767677
      ],
      [
        -0.03177386824661581,
        -0.02079363642325106,
        0.9992787628989942,
        0.061338947902491725
      ],
      [
        0.0,
        0.0,
        0.0,
        1.0
      ]
    ],
    "location": [
      25.942091785004664,
      -9.144353050767677,
      0.061338947902491725
    ],
    "rotation": [
      -0.020805641790845913,
      0.03177921704710557,
      0.11151201197030625
    ]
  },
  {
    "label_id": "bcz7REbn_CUSYUPs1N5iZA",
    "size": [
      0.8876727643219003,
      0.9776859722758251,
      1.7800000000000011
    ],
    "obj_class": "pedestrian",
    "point_num_in_lidar": 42,
    "speed": 1.3154627263511864,
    "if_vehicle": false,
    "motion_state": true,
    "pose": [
      [
        0.9841774563735906,
        -0.1747538381736966,
        0.029254579292318294,
        50.39728983665327
      ],
      [
        0.17407973524994547,
        0.9844339094961244,
        0.02420998986957894,
        14.962861208034155
      ],
      [
        -0.0330299885152565,
        -0.018734296830617295,
        0.9992787628989942,
        -0.430732925741637
      ],
      [
        0.0,
        0.0,
        0.0,
        1.0
      ]
    ],
    "location": [
      50.39728983665327,
      14.962861208034155,
      -0.430732925741637
    ],
    "rotation": [
      -0.01874562241718424,
      0.033035997309277594,
      0.17506766811776867
    ]
  },
  {
    "label_id": "cGSVUM5Oj38n194tI-f_BA",
    "size": [
      0.6327448607880691,
      0.1394795873197821,
      0.740000000000002
    ],
    "obj_class": "sign",
    "point_num_in_lidar": 36,
    "speed": 0.010000250989868918,
    "if_vehicle": false,
    "motion_state": false,
    "pose": [
      [
        -0.9799588433656634,
        0.19704018600240014,
        0.029254579292318294,
        51.015903749100175
      ],
      [
        -0.19637207564616746,
        -0.9802305260993103,
        0.02420998986957894,
        -6.91592731030687
      ],
      [
        0.033446572557541215,
        0.017980011212699078,
        0.9992787628989942,
        -0.9936744765227843
      ],
      [
        0.0,
        0.0,
        0.0,
        1.0
      ]
    ],
    "location": [
      51.015903749100175,
      -6.91592731030687,
      -0.9936744765227843
    ],
    "rotation": [
      0.017991047071464983,
      -0.03345281166298286,
      -2.943823963298754
    ]
  },
  {
    "label_id": "dWmo7I3qg5zAC5IO6GaeXw",
    "size": [
      0.6946780042892144,
      0.6722856049629502,
      1.5767922010623678
    ],
    "obj_class": "pedestrian",
    "point_num_in_lidar": 23,
    "speed": 9.501069149633022e-29,
    "if_vehicle": false,
    "motion_state": false,
    "pose": [
      [
        0.0830854832912606,
        0.9961129313771039,
        0.029254579292318294,
        75.96020003613194
      ],
      [
        -0.9963060123052446,
        0.08239057127448764,
        0.02420998986957894,
        -1.9602843901720917
      ],
      [
        0.02170558247730737,
        -0.03115801194518772,
        0.9992787628989942,
        -1.298928441587769
      ],
      [
        0.0,
        0.0,
        0.0,
        1.0
      ]
    ],
    "location": [
      75.96020003613194,
      -1.9602843901720917,
      -1.298928441587769
    ],
    "rotation": [
      -0.031170401563102513,
      -0.021707287205621966,
      -1.487595305747882
    ]
  },
  {
    "label_id": "ggzHMOp5JylcvbIJljZcRQ",
    "size": [
      0.5390002265201547,
      0.10018230793895748,
      0.5
    ],
    "obj_class": "sign",
    "point_num_in_lidar": 33,
    "speed": 0.013402001499876876,
    "if_vehicle": false,
    "motion_state": false,
    "pose": [
      [
        -0.8489804201679263,
        0.5276138889016482,
        0.029254579292318294,
        50.44968416168683
      ],
      [
        -0.5270831549948678,
        -0.8494687893684917,
        0.02420998986957894,
        13.717949673124167
      ],
      [
        0.03762437896028822,
        0.005134211420293714,
        0.9992787628989942,
        1.157630414310745
      ],
      [
        0.0,
        0.0,
        0.0,
        1.0
      ]
    ],
    "location": [
      50.44968416168683,
      13.717949673124167,
      1.157630414310745
    ],
    "rotation": [
      0.005137871866853772,
      -0.037633261426578635,
      -2.5859885647517418
    ]
  },
  {
    "label_id": "jUwTOaYBTLX6LY3CRbHeFA",
    "size": [
      0.855496191677575,
      0.9410819046885246,
      1.7800000000000011
    ],
    "obj_class": "pedestrian",
    "point_num_in_lidar": 146,
    "speed": 1.319877152283457,
    "if_vehicle": false,
    "motion_state": true,
    "pose": [
      [
        0.9937526020384608,
        -0.10770299685810818,
        0.029254579292318294,
        26.19713576787342
      ],
      [
        0.10701307417445413,
        0.9939628153740196,
        0.02420998986957894,
        -9.763437668947518
      ],
      [
        -0.03168545245883328,
        -0.020928117964467547,
        0.9992787628989942,
        0.1613389479024292
      ],
      [
        0.0,
        0.0,
        0.0,
        1.0
      ]
    ],
    "location": [
      26.19713576787342,
      -9.763437668947518,
      0.1613389479024292
    ],
    "rotation": [
      -0.020940161770515206,
      0.03169075671841859,
      0.10727245262341922
    ]
  },
  {
    "label_id": "pcPk1ZzDtoUcD1bKmjg9UA",
    "size": [
      2.1634811976875357,
      4.8129637743530775,
      1.9799999999999969
    ],
    "obj_class": "vehicle",
    "point_num_in_lidar": 204,
    "speed": 6.726848287367072,
    "if_vehicle": true,
    "motion_state": true,
    "pose": [
      [
        0.23676579633133865,
        0.9711262159359185,
        0.029254579292318294,
        21.502615942065972
      ],
      [
        -0.971424868724215,
        0.23610929845022258,
        0.02420998986957894,
        -24.120269467573962
      ],
      [
        0.01660367765672544,
        -0.034150723379266945,
        0.9992787628989942,
        -1.2153490691343052
      ],
      [
        0.0,
        0.0,
        0.0,
        1.0
      ]
    ],
    "location": [
      21.502615942065972,
      -24.120269467573962,
      -1.2153490691343052
    ],
    "rotation": [
      -0.034162076130781927,
      -0.016604440640869193,
      -1.3317270887849961
    ]
  },
  {
    "label_id": "qLypwlYfLdIxLz4CCeYWYg",
    "size": [
      0.8473926735872259,
      0.9331264342026916,
      1.8900000000000006
    ],
    "obj_class": "pedestrian",
    "point_num_in_lidar": 273,
    "speed": 1.3821366735261094,
    "if_vehicle": false,
    "motion_state": true,
    "pose": [
      [
        0.9855390328970712,
        -0.1669041168657468,
        0.029254579292318294,
        26.390365211408948
      ],
      [
        0.16622799135028754,
        0.9857901050843245,
        0.02420998986957894,
        -8.5711058754423
      ],
      [
        -0.03287962177328291,
        -0.018996960048952936,
        0.9992787628989942,
        0.1691962670902427
      ],
      [
        0.0,
        0.0,
        0.0,
        1.0
      ]
    ],
    "location": [
      26.390365211408948,
      -8.5711058754423,
      0.1691962670902427
    ],
    "rotation": [
      -0.019008381559038858,
      0.03288554885001276,
      0.16709439233316767
    ]
  },
  {
    "label_id": "sNygxkvj9rIACrP7AQ4GwA",
    "size": [
      2.906732876441229,
      12.41259995732931,
      3.969999999999999
    ],
    "obj_class": "vehicle",
    "point_num_in_lidar": 929,
    "speed": 2.864289338439558e-13,
    "if_vehicle": true,
    "motion_state": false,
    "pose": [
      [
        0.9850381876375681,
        -0.16983503315312862,
        0.029254579292318294,
        70.86191489125349
      ],
      [
        0.1691596574863247,
        0.9852912699651936,
        0.02420998986957894,
        1.236083266829155
      ],
      [
        -0.032935986015362594,
        -0.01889906993085884,
        0.9992787628989942,
        -0.18185464422218445
      ],
      [
        0.0,
        0.0,
        0.0,
        1.0
      ]
    ],
    "location": [
      70.86191489125349,
      1.236083266829155,
      -0.18185464422218445
    ],
    "rotation": [
      -0.018910455996797273,
      0.032941943635992475,
      0.17007014514531768
    ]
  },
  {
    "label_id": "tnRPM6MdPaKwSYNbbGXKGw",
    "size": [
      1.853854320363168,
      3.6340820156792333,
      1.2800000000000011
    ],
    "obj_class": "vehicle",
    "point_num_in_lidar": 34,
    "speed": 1.775679012079534,
    "if_vehicle": true,
    "motion_state": true,
    "pose": [
      [
        0.9901472989777336,
        -0.1369397528752259,
        0.029254579292318294,
        80.36409093257589
      ],
      [
        0.13625632428809611,
        0.9903777514070133,
        0.02420998986957894,
        13.005834433513883
      ],
      [
        -0.03228839448773623,
        -0.01998533463467594,
        0.9992787628989942,
        -1.4527438230132432
      ],
      [
        0.0,
        0.0,
        0.0,
        1.0
      ]
    ],
    "location": [
      80.36409093257589,
      13.005834433513883,
      -1.4527438230132432
    ],
    "rotation": [
      -0.019997093272453997,
      0.032294007447467826,
      0.13675325526543153
    ]
  },
  {
    "label_id": "uc4fg8DBi_HIrjSbPzg4Ug",
    "size": [
      0.9820700944137035,
      0.8525162310058947,
      1.7700000000000031
    ],
    "obj_class": "pedestrian",
    "point_num_in_lidar": 745,
    "speed": 1.2921991107110424,
    "if_vehicle": false,
    "motion_state": true,
    "pose": [
      [
        0.9972140612982526,
        0.0686169479026424,
        0.029254579292318294,
        19.837670737917733
      ],
      [
        -0.06933307608763428,
        0.9972997548133364,
        0.02420998986957894,
        10.130746970056862
      ],
      [
        -0.027514369141791947,
        -0.02617085229381841,
        0.9992787628989942,
        0.5159550762123999
      ],
      [
        0.0,
        0.0,
        0.0,
        1.0
      ]
    ],
    "location": [
      19.837670737917733,
      10.130746970056862,
      0.5159550762123999
    ],
    "rotation": [
      -0.026183755899852255,
      0.027517841906987407,
      -0.06941506706540565
    ]
  },
  {
    "label_id": "zO7B1d4f4777q1yNdUEaJg",
    "size": [
      1.1360877881840623,
      0.11753966349738357,
      1.2100000000000009
    ],
    "obj_class": "sign",
    "point_num_in_lidar": 100,
    "speed": 0.013604897948164461,
    "if_vehicle": false,
    "motion_state": false,
    "pose": [
      [
        -0.9542093944239658,
        0.29770556122363184,
        0.029254579292318294,
        56.31115267961388
      ],
      [
        -0.2970692641062655,
        -0.954548966116394,
        0.02420998986957894,
        -3.2452924756598804
      ],
      [
        0.03513237703899394,
        0.014410763430353881,
        0.9992787628989942,
        1.1852736579678478
      ],
      [
        0.0,
        0.0,
        0.0,
        1.0
      ]
    ],
    "location": [
      56.31115267961388,
      -3.2452924756598804,
      1.1852736579678478
    ],
    "rotation": [
      0.014420164910840486,
      -0.03513960827746574,
      -2.839778582350241
    ]
  },
  {
    "label_id": "zVW1ZwiQ2mZr9pYEiPJdiA",
    "size": [
      2.8190867680434715,
      8.171657067596211,
      3.3899999999999935
    ],
    "obj_class": "vehicle",
    "point_num_in_lidar": 19141,
    "speed": 0.08369652687426213,
    "if_vehicle": true,
    "motion_state": false,
    "pose": [
      [
        0.9835343535758011,
        -0.17833772715457696,
        0.029254579292318294,
        25.824983313344433
      ],
      [
        0.17766456288115656,
        0.9837932605414423,
        0.02420998986957894,
        7.675136290406954
      ],
      [
        -0.03309801251553402,
        -0.018613854694211156,
        0.9992787628989942,
        0.7196400689698237
      ],
      [
        0.0,
        0.0,
        0.0,
        1.0
      ]
    ],
    "location": [
      25.824983313344433,
      7.675136290406954,
      0.7196400689698237
    ],
    "rotation": [
      -0.01862513542791854,
      0.03310405852295843,
      0.1787117176599869
    ]
  },
  {
    "label_id": "zeb2WL1QCRb_7e3cxfpq9w",
    "size": [
      1.7632382930105381,
      3.4409086866067753,
      1.6199999999999974
    ],
    "obj_class": "vehicle",
    "point_num_in_lidar": 61,
    "speed": 5.312704603896559,
    "if_vehicle": true,
    "motion_state": true,
    "pose": [
      [
        0.9869675659533023,
        -0.15823777471464603,
        0.029254579292318294,
        77.90162371196118
      ],
      [
        0.15755946913884133,
        0.9872126873552635,
        0.02420998986957894,
        9.976621876125137
      ],
      [
        -0.032711426763443484,
        -0.019285138790154626,
        0.9992787628989942,
        -1.7155702797336119
      ],
      [
        0.0,
        0.0,
        0.0,
        1.0
      ]
    ],
    "location": [
      77.90162371196118,
      9.976621876125137,
      -1.7155702797336119
    ],
    "rotation": [
      -0.019296662520626475,
      0.032717263316175985,
      0.15830419575172955
    ]
  }
]