[
  {
    "label_id": "FBUkJ1PIQeV9dPM2c7K9gg",
    "size": [
      0.7396785581067206,
      0.7964900012525988,
      2.030000000000001
    ],
    "obj_class": "pedestrian",
    "point_num_in_lidar": 30,
    "speed": 1.5596821026084338,
    "if_vehicle": false,
    "motion_state": true,
    "pose": [
      [
        0.9866143336684545,
        -0.1608417174150744,
        0.026871891241981832,
        63.96756959223228
      ],
      [
        0.16030721674978268,
        0.9868437991402457,
        0.020997913143564546,
        -2.68103545617123
      ],
      [
        -0.02989569965546433,
        -0.016409083990761044,
        0.9994183253796652,
        -0.7815366797099017
      ],
      [
        0.0,
        0.0,
        0.0,
        1.0
      ]
    ],
    "location": [
      63.96756959223228,
      -2.68103545617123,
      -0.7815366797099017
    ],
    "rotation": [
      -0.016417159199965708,
      0.02990015467529031,
      0.1610745123256719
    ]
  },
  {
    "label_id": "G7K72AJ4NpA_CgJC0kYWww",
    "size": [
      0.7960126752564911,
      0.5618731317594163,
      1.4994828004563132
    ],
    "obj_class": "sign",
    "point_num_in_lidar": 174,
    "speed": 0.01818457191341449,
    "if_vehicle": false,
    "motion_state": false,
    "pose": [
      [
        -0.9437561200311497,
        -0.32954861153527776,
        0.026871891241981832,
        21.58211363349176
      ],
      [
        0.33012782411562996,
        -0.9437026583560604,
        0.020997913143564546,
        -12.130900976795601
      ],
      [
        0.018439242078513135,
        0.02868806802270887,
        0.9994183253796652,
        0.09452602931114029
      ],
      [
        0.0,
        0.0,
        0.0,
        1.0
      ]
    ],
    "location": [
      21.58211363349176,
      -12.130900976795601,
      0.09452602931114029
    ],
    "rotation": [
      0.028696884858157506,
      -0.018440287146162283,
      2.8050941938197336
    ]
  },
  {
    "label_id": "G8kucBZ9BZFgHAyYWC4yDg",
    "size": [
      0.6424448436447081,
      0.7737368046697366,
      1.9600000000000009
    ],
    "obj_class": "pedestrian",
    "point_num_in_lidar": 281,
    "speed": 1.2417374971849748,
    "if_vehicle": false,
    "motion_state": true,
    "pose": [
      [
        0.9867870885368796,
        -0.15977841956280528,
        0.026871891241981832,
        5.100207282707061
      ],
      [
        0.15924367192916403,
        0.9870159778818843,
        0.020997913143564546,
        -11.950448441129993
      ],
      [
        -0.029877999387936137,
        -0.016441290943234002,
        0.9994183253796652,
        0.9399797977114943
      ],
      [
        0.0,
        0.0,
        0.0,
        1.0
      ]
    ],
    "location": [
      5.100207282707061,
      -11.950448441129993,
      0.9399797977114943
    ],
    "rotation": [
      -0.016449376195466228,
      0.029882446497312257,
      0.15999654683594436
    ]
  },
  {
    "label_id": "Jen578WRszpN8G3K2BI_Yg",
    "size": [
      0.7754214499109487,
      0.861130270595639,
      1.8699999999999974
    ],
    "obj_class": "pedestrian",
    "point_num_in_lidar": 141,
    "speed": 1.2708154774204874,
    "if_vehicle": false,
    "motion_state": true,
    "pose": [
      [
        0.9821359459379799,
        -0.18624415469374764,
        0.026871891241981832,
        12.19372866609092
      ],
      [
        0.18571575248849997,
        0.9823791258578563,
        0.020997913143564546,
        -11.508796886777418
      ],
      [
        -0.030309123612201404,
        -0.015632271785184514,
        0.9994183253796652,
        0.6229756228588812
      ],
      [
        0.0,
        0.0,
        0.0,
        1.0
      ]
    ],
    "location": [
      12.19372866609092,
      -11.508796886777418,
      0.6229756228588812
    ],
    "rotation": [
      -0.015640094593815455,
      0.030313766075512193,
      0.18688711083470166
    ]
  },
  {
    "label_id": "K24I0eYDo2TDPl7gt2ZSIw",
    "size": [
      0.9334446770577056,
      0.7922187583946023,
      1.870000000000001
    ],
    "obj_class": "pedestrian",
    "point_num_in_lidar": 71,
    "speed": 0.667603716099748,
    "if_vehicle": false,
    "motion_state": false,
    "pose": [
      [
        0.9868788503123469,
        -0.15921066631120967,
        0.026871891241981832,
        17.122668018796958
      ],
      [
        0.1586757870794896,
        0.987107431963877,
        0.020997913143564546,
        -26.41844597650561
      ],
      [
        -0.029868535298617098,
        -0.016458477888943585,
        0.9994183253796652,
        1.3009743101083728
      ],
      [
        0.0,
        0.0,
        0.0,
        1.0
      ]
    ],
    "location": [
      17.122668018796958,
      -26.41844597650561,
      1.3009743101083728
    ],
    "rotation": [
      -0.016466568486575565,
      0.02987297818223071,
      0.15942103929479395
    ]
  },
  {
    "label_id": "KApnY9cu-6X5mwhWn7kKNg",
    "size": [
      1.9637538912406542,
      4.408086105477256,
      2.1000000000000014
    ],
    "obj_class": "vehicle",
    "point_num_in_lidar": 96,
    "speed": 0.00828043459520492,
    "if_vehicle": true,
    "motion_state": false,
    "pose": [
      [
        0.9861515384055703,
        -0.16365526194230973,
        0.026871891241981832,
        74.2663046494988
      ],
      [
        0.16312141797407653,
        0.9863825275428099,
        0.020997913143564546,
        15.387450818896468
      ],
      [
        -0.029942382978873458,
        -0.016323743346795476,
        0.9994183253796652,
        -1.0529049673287147
      ],
      [
        0.0,
        0.0,
        0.0,
        1.0
      ]
    ],
    "location": [
      74.2663046494988,
      15.387450818896468,
      -1.0529049673287147
    ],
    "rotation": [
      -0.016331791779772963,
      0.02994685890700769,
      0.1639277909911532
    ]
  },
  {
    "label_id": "MVS-FDvMfowZTvJj3Dw3dA",
    "size": [
      0.7225624525144703,
      0.7942545817179316,
      1.8900000000000006
    ],
    "obj_class": "pedestrian",
    "point_num_in_lidar": 245,
    "speed": 1.1417031778794913,
    "if_vehicle": false,
    "motion_state": true,
    "pose": [
      [
        0.9867870885369378,
        -0.15977841956244596,
        0.026871891241981832,
        5.552250787876005
      ],
      [
        0.1592436719288046,
        0.9870159778819423,
        0.020997913143564546,
        -12.8160054434411
      ],
      [
        -0.02987799938793015,
        -0.016441290943244882,
        0.9994183253796652,
        0.8955348680156234
      ],
      [
        0.0,
        0.0,
        0.0,
        1.0
      ]
    ],
    "location": [
      5.552250787876005,
      -12.8160054434411,
      0.8955348680156234
    ],
    "rotation": [
      -0.016449376195477112,
      0.029882446497306266,
      0.1599965468355801
    ]
  },
  {
    "label_id": "Q5PhKXgruUST0xy6Tmhvuw",
    "size": [
      2.194585937155069,
      3.7584377944850687,
      1.759999999999998
    ],
    "obj_class": "vehicle",
    "point_num_in_lidar": 342,
    "speed": 8.324163374709027,
    "if_vehicle": true,
    "motion_state": true,
    "pose": [
      [
        0.9829905656582455,
        -0.18167952357919048,
        0.026871891241981832,
        31.238688829183047
      ],
      [
        0.18114999735661705,
        0.983231288202991,
        0.020997913143564546,
        5.197101519108401
      ],
      [
        -0.030236175098384496,
        -0.01577290749118291,
        0.9994183253796652,
        0.08788728887150654
      ],
      [
        0.0,
        0.0,
        0.0,
        1.0
      ]
    ],
    "location": [
      31.238688829183047,
      5.197101519108401,
      0.08788728887150654
    ],
    "rotation": [
      -0.015780777422673056,
      0.03024078411246322,
      0.18223992670274353
    ]
  },
  {
    "label_id": "Qmd53-c0mGJyoeMBj67yxA",
    "size": [
      0.7848630893680663,
      0.7549063254896076,
      1.7100000000000009
    ],
    "obj_class": "pedestrian",
    "point_num_in_lidar": 91,
    "speed": 0.9898446450979658,
    "if_vehicle": false,
    "motion_state": false,
    "pose": [
      [
        0.36615531846539356,
        -0.9301656756839534,
        0.026871891241981832,
        30.836244398749727
      ],
      [
        0.9300896338127153,
        0.36673200121852584,
        0.020997913143564546,
        -9.8388797793923
      ],
      [
        -0.029386320518835253,
        0.01730476991091944,
        0.9994183253796652,
        0.07978277596981798
      ],
      [
        0.0,
        0.0,
        0.0,
        1.0
      ]
    ],
    "location": [
      30.836244398749727,
      -9.8388797793923,
      0.07978277596981798
    ],
    "rotation": [
      0.01731311147458116,
      0.029390551617999413,
      1.1957522755879555
    ]
  },
  {
    "label_id": "SCePO7EHI3iF8AghIVKjHg",
    "size": [
      2.1728948025148584,
      4.531856758098943,
      1.6300000000000026
    ],
    "obj_class": "vehicle",
    "point_num_in_lidar": 2148,
    "speed": 0.04346326636368928,
    "if_vehicle": true,
    "motion_state": false,
    "pose": [
      [
        0.9766471087488359,
        -0.21316267598624994,
        0.026871891241981832,
        16.764754778512156
      ],
      [
        0.21264115585113152,
        0.9769047171970818,
        0.020997913143564546,
        5.736666625789439
      ],
      [
        -0.030727248670108065,
        -0.014793481147820572,
        0.9994183253796652,
        0.3694166831758423
      ],
      [
        0.0,
        0.0,
        0.0,
        1.0
      ]
    ],
    "location": [
      16.764754778512156,
      5.736666625789439,
      0.3694166831758423
    ],
    "rotation": [
      -0.014801010235220884,
      0.030732085985004785,
      0.21437994787023043
    ]
  },
  {
    "label_id": "SZT8wbUgy2ZsQ08TFaws3Q",
    "size": [
      2.175532474033823,
      4.653172966271873,
      1.7999999999999972
    ],
    "obj_class": "vehicle",
    "point_num_in_lidar": 4118,
    "speed": 3.8919774575924553,
    "if_vehicle": true,
    "motion_state": true,
    "pose": [
      [
        0.9874474486630149,
        -0.1556452298979368,
        0.026871891241981832,
        9.58291344166787
      ],
      [
        0.15510952856633886,
        0.9876740969528074,
        0.020997913143564546,
        -7.30659464175551
      ],
      [
        -0.02980889593444547,
        -0.016566249378630663,
        0.9994183253796652,
        0.683435834942415
      ],
      [
        0.0,
        0.0,
        0.0,
        1.0
      ]
    ],
    "location": [
      9.58291344166787,
      -7.30659464175551,
      0.683435834942415
    ],
    "rotation": [
      -0.016574373272504876,
      0.0298133122503854,
      0.15580812679355555
    ]
  },
  {
    "label_id": "WM02HP9oou4H6DzObgNI5A",
    "size": [
      0.7031396390526403,
      0.7449503725873117,
      1.8900000000000006
    ],
    "obj_class": "pedestrian",
    "point_num_in_lidar": 147,
    "speed": 1.2507744810782069,
    "if_vehicle": false,
    "motion_state": true,
    "pose": [
      [
        0.9867870885372025,
        -0.15977841956080963,
        0.026871891241981832,
        4.8443257329232665
      ],
      [
        0.15924367192716787,
        0.9870159778822063,
        0.020997913143564546,
        -12.478186895083127
      ],
      [
        -0.029877999387902886,
        -0.016441290943294423,
        0.9994183253796652,
        0.9427573328635361
      ],
      [
        0.0,
        0.0,
        0.0,
        1.0
      ]
    ],
    "location": [
      4.8443257329232665,
      -12.478186895083127,
      0.9427573328635361
    ],
    "rotation": [
      -0.016449376195526666,
      0.02988244649727899,
      0.15999654683392134
    ]
  },
  {
    "label_id": "bN1HpAOAVLxExyTvaQQIrQ",
    "size": [
      0.6465920005016391,
      0.8036470105207957,
      1.4799999999999969
    ],
    "obj_class": "pedestrian",
    "point_num_in_lidar": 111,
    "speed": 1.2979229961600693,
    "if_vehicle": false,
    "motion_state": true,
    "pose": [
      [
        0.9878524778676246,
        -0.15305353126234417,
        0.026871891241981832,
        24.005358993738014
      ],
      [
        0.1525172370269307,
        0.9880777196421779,
        0.020997913143564546,
        -9.428163403783401
      ],
      [
        -0.029765321776612563,
        -0.01664441392300415,
        0.9994183253796652,
        0.1310644143453601
      ],
      [
        0.0,
        0.0,
        0.0,
        1.0
      ]
    ],
    "location": [
      24.005358993738014,
      -9.428163403783401,
      0.1310644143453601
    ],
    "rotation": [
      -0.01665256172507674,
      0.02976971874861368,
      0.15318321921828018
    ]
  },
  {
    "label_id": "cGSVUM5Oj38n194tI-f_BA",
    "size": [
      0.6327448607880702,
      0.1394795873197821,
      0.740000000000002
    ],
    "obj_class": "sign",
    "point_num_in_lidar": 23,
    "speed": 0.010000250989036702,
    "if_vehicle": false,
    "motion_state": false,
    "pose": [
      [
        -0.9800244231630393,
        0.19705337212296406,
        0.026871891241981832,
        51.017529642881414
      ],
      [
        -0.1965276811825932,
        -0.9802734099079748,
        0.020997913143564546,
        -6.93083488571574
      ],
      [
        0.030479510050938276,
        0.015297397241371918,
        0.9994183253796652,
        -0.9396889582397918
      ],
      [
        0.0,
        0.0,
        0.0,
        1.0
      ]
    ],
    "location": [
      51.017529642881414,
      -6.93083488571574,
      -0.9396889582397918
    ],
    "rotation": [
      0.015305105361421902,
      -0.03048423127175907,
      -2.9436842112337875
    ]
  },
  {
    "label_id": "dWmo7I3qg5zAC5IO6GaeXw",
    "size": [
      0.6946780042892076,
      0.6722856049629502,
      1.5767922010623678
    ],
    "obj_class": "pedestrian",
    "point_num_in_lidar": 23,
    "speed": 1.422084321207637e-12,
    "if_vehicle": false,
    "motion_state": false,
    "pose": [
      [
        0.08309104345246615,
        0.9961795922217337,
        0.026871891241981832,
        75.96020003613114
      ],
      [
        -0.9963664990524168,
        0.08254021571116617,
        0.020997913143564546,
        -1.9602843901702727
      ],
      [
        0.01869968085318333,
        -0.028518990713113767,
        0.9994183253796652,
        -1.2989284415878473
      ],
      [
        0.0,
        0.0,
        0.0,
        1.0
      ]
    ],
    "location": [
      75.96020003613114,
      -1.9602843901702727,
      -1.2989284415878473
    ],
    "rotation": [
      -0.028527847604615287,
      -0.01870077083607283,
      -1.487594791485408
    ]
  },
  {
    "label_id": "jUwTOaYBTLX6LY3CRbHeFA",
    "size": [
      0.8554961916797299,
      0.9410819046885246,
      1.7800000000000011
    ],
    "obj_class": "pedestrian",
    "point_num_in_lidar": 120,
    "speed": 1.3227013621990826,
    "if_vehicle": false,
    "motion_state": true,
    "pose": [
      [
        0.9913909572178503,
        -0.12814784979762114,
        0.026871891241981832,
        24.227793585326708
      ],
      [
        0.1276060576389316,
        0.9916026329621483,
        0.020997913143564546,
        -10.003951471284381
      ],
      [
        -0.029337075527806684,
        -0.017388125108284296,
        0.9994183253796652,
        0.24798736932874732
      ],
      [
        0.0,
        0.0,
        0.0,
        1.0
      ]
    ],
    "location": [
      24.227793585326708,
      -10.003951471284381,
      0.24798736932874732
    ],
    "rotation": [
      -0.017396490067952065,
      0.029341285385948164,
      0.12801032970676202
    ]
  },
  {
    "label_id": "pcPk1ZzDtoUcD1bKmjg9UA",
    "size": [
      2.1634811976869925,
      4.8129637743530775,
      1.9799999999999969
    ],
    "obj_class": "vehicle",
    "point_num_in_lidar": 587,
    "speed": 5.3562467857590494,
    "if_vehicle": true,
    "motion_state": true,
    "pose": [
      [
        0.34712099713422884,
        0.9374352856648921,
        0.026871891241981832,
        19.158802685971864
      ],
      [
        -0.9377630249467469,
        0.3466404429467838,
        0.020997913143564546,
        -15.374587417551083
      ],
      [
        0.010369300423165638,
        -0.03248828256525293,
        0.9994183253796652,
        0.05375949394750279
      ],
      [
        0.0,
        0.0,
        0.0,
        1.0
      ]
    ],
    "location": [
      19.158802685971864,
      -15.374587417551083,
      0.05375949394750279
    ],
    "rotation": [
      -0.032495748122013536,
      -0.010369486254153433,
      -1.2162769608410289
    ]
  },
  {
    "label_id": "qLypwlYfLdIxLz4CCeYWYg",
    "size": [
      0.8473926735900389,
      0.9331264342026916,
      1.8900000000000006
    ],
    "obj_class": "pedestrian",
    "point_num_in_lidar": 209,
    "speed": 1.267999743953038,
    "if_vehicle": false,
    "motion_state": true,
    "pose": [
      [
        0.9890444688800456,
        -0.14515143829417512,
        0.026871891241981832,
        24.42906779701093
      ],
      [
        0.14461336054276216,
        0.9892654161528869,
        0.020997913143564546,
        -8.871252996303156
      ],
      [
        -0.029631309966278833,
        -0.01688183535602351,
        0.9994183253796652,
        0.27007951326141466
      ],
      [
        0.0,
        0.0,
        0.0,
        1.0
      ]
    ],
    "location": [
      24.42906779701093,
      -8.871252996303156,
      0.27007951326141466
    ],
    "rotation": [
      -0.01689005452563994,
      0.029635647800521282,
      0.1451864177826942
    ]
  },
  {
    "label_id": "sNygxkvj9rIACrP7AQ4GwA",
    "size": [
      2.9067328764412297,
      12.41259995732931,
      3.969999999999999
    ],
    "obj_class": "vehicle",
    "point_num_in_lidar": 520,
    "speed": 2.864289338439558e-13,
    "if_vehicle": true,
    "motion_state": false,
    "pose": [
      [
        0.9851041073495914,
        -0.16984639867846457,
        0.026871891241981832,
        70.8619148912536
      ],
      [
        0.16931401616601166,
        0.9853384451919813,
        0.020997913143564546,
        1.236083266829155
      ],
      [
        -0.030044327462940033,
        -0.016135342655339183,
        0.9994183253796652,
        -0.12156813162485491
      ],
      [
        0.0,
        0.0,
        0.0,
        1.0
      ]
    ],
    "location": [
      70.8619148912536,
      1.236083266829155,
      -0.12156813162485491
    ],
    "rotation": [
      -0.016143331135160498,
      0.030048849276778138,
      0.17021118353727402
    ]
  },
  {
    "label_id": "tnRPM6MdPaKwSYNbbGXKGw",
    "size": [
      1.8538543203619726,
      3.6340820156792333,
      1.2800000000000011
    ],
    "obj_class": "vehicle",
    "point_num_in_lidar": 29,
    "speed": 4.406507646209901,
    "if_vehicle": true,
    "motion_state": true,
    "pose": [
      [
        0.9883769063857368,
        -0.14962951708950842,
        0.026871891241981832,
        76.06333341767447
      ],
      [
        0.14909244556863147,
        0.9886002884472471,
        0.020997913143564546,
        12.306070327354973
      ],
      [
        -0.029707467036505297,
        -0.016747456451071365,
        0.9994183253796652,
        -1.2124318735785593
      ],
      [
        0.0,
        0.0,
        0.0,
        1.0
      ]
    ],
    "location": [
      76.06333341767447,
      12.306070327354973,
      -1.2124318735785593
    ],
    "rotation": [
      -0.01675563545946387,
      0.02971183841240383,
      0.14971697412543292
    ]
  },
  {
    "label_id": "uc4fg8DBi_HIrjSbPzg4Ug",
    "size": [
      0.9820700944151477,
      0.8525162310058947,
      1.7700000000000031
    ],
    "obj_class": "pedestrian",
    "point_num_in_lidar": 281,
    "speed": 1.265302967974591,
    "if_vehicle": false,
    "motion_state": true,
    "pose": [
      [
        0.9995501875913093,
        0.013316303813655448,
        0.026871891241981832,
        17.97958433407473
      ],
      [
        -0.013882582480230145,
        0.9996831305705299,
        0.020997913143564546,
        10.336534354521064
      ],
      [
        -0.026583761770262747,
        -0.021361519268242545,
        0.9994183253796652,
        0.5969665678195781
      ],
      [
        0.0,
        0.0,
        0.0,
        1.0
      ]
    ],
    "location": [
      17.97958433407473,
      10.336534354521064,
      0.5969665678195781
    ],
    "rotation": [
      -0.021370697978638553,
      0.026586893874494703,
      -0.01388793690170303
    ]
  },
  {
    "label_id": "up0OoFtIrTKITzf9aQiHew",
    "size": [
      2.1000715778441514,
      4.55571181710356,
      1.8900000000000006
    ],
    "obj_class": "vehicle",
    "point_num_in_lidar": 5269,
    "speed": 0.06686801812145404,
    "if_vehicle": true,
    "motion_state": false,
    "pose": [
      [
        0.9851051379226002,
        -0.1698404212770736,
        0.026871891241981832,
        5.517182812828196
      ],
      [
        0.16930803734271924,
        0.9853394725346041,
        0.020997913143564546,
        4.522300205999272
      ],
      [
        -0.030044229556624027,
        -0.01613552495751098,
        0.9994183253796652,
        0.7715614352288824
      ],
      [
        0.0,
        0.0,
        0.0,
        1.0
      ]
    ],
    "location": [
      5.517182812828196,
      4.522300205999272,
      0.7715614352288824
    ],
    "rotation": [
      -0.01614351349590125,
      0.0300487513262442,
      0.17020511380453954
    ]
  },
  {
    "label_id": "yYbPPUm2vx-CielBa9GMGw",
    "size": [
      0.6980665590537141,
      0.8695022407680985,
      1.8200000000000003
    ],
    "obj_class": "pedestrian",
    "point_num_in_lidar": 153,
    "speed": 1.3059596603364312,
    "if_vehicle": false,
    "motion_state": true,
    "pose": [
      [
        0.994258758756118,
        -0.10357326922436391,
        0.026871891241981832,
        4.33710125847756
      ],
      [
        0.1030264043763392,
        0.9944569611827847,
        0.020997913143564546,
        -13.204938694369048
      ],
      [
        -0.028897761816903757,
        -0.018108844725135832,
        0.9994183253796652,
        0.9205326843844119
      ],
      [
        0.0,
        0.0,
        0.0,
        1.0
      ]
    ],
    "location": [
      4.33710125847756,
      -13.204938694369048,
      0.9205326843844119
    ],
    "rotation": [
      -0.018117401764016532,
      0.02890178532262809,
      0.1032528167700807
    ]
  },
  {
    "label_id": "zO7B1d4f4777q1yNdUEaJg",
    "size": [
      1.136087788184063,
      0.11753966349738357,
      1.2100000000000009
    ],
    "obj_class": "sign",
    "point_num_in_lidar": 63,
    "speed": 0.013604897948417297,
    "if_vehicle": false,
    "motion_state": false,
    "pose": [
      [
        -0.9542732510432037,
        0.29772548396889675,
        0.026871891241981832,
        56.33043493837374
      ],
      [
        -0.2972284807088549,
        -0.9545754647481368,
        0.020997913143564546,
        -3.23862838655441
      ],
      [
        0.031902861923980806,
        0.012050655433004312,
        0.9994183253796652,
        1.1852736579678549
      ],
      [
        0.0,
        0.0,
        0.0,
        1.0
      ]
    ],
    "location": [
      56.33043493837374,
      -3.23862838655441,
      1.1852736579678549
    ],
    "rotation": [
      0.012057084779733884,
      -0.03190827615355935,
      -2.8396454763275396
    ]
  },
  {
    "label_id": "zVW1ZwiQ2mZr9pYEiPJdiA",
    "size": [
      2.8190867680434724,
      8.171657067596211,
      3.3899999999999935
    ],
    "obj_class": "vehicle",
    "point_num_in_lidar": 2926,
    "speed": 0.030486245568667657,
    "if_vehicle": true,
    "motion_state": false,
    "pose": [
      [
        0.9836001726497889,
        -0.17834966168845015,
        0.026871891241981832,
        25.833164225416567
      ],
      [
        0.17781932331420522,
        0.983839100615387,
        0.020997913143564546,
        7.710640636691096
      ],
      [
        -0.030182588016664097,
        -0.01587520947647323,
        0.9994183253796652,
        0.7718607633659431
      ],
      [
        0.0,
        0.0,
        0.0,
        1.0
      ]
    ],
    "location": [
      25.833164225416567,
      7.710640636691096,
      0.7718607633659431
    ],
    "rotation": [
      -0.015883113294152432,
      0.030187172562021553,
      0.17885237726094505
    ]
  },
  {
    "label_id": "zeb2WL1QCRb_7e3cxfpq9w",
    "size": [
      1.763238293009582,
      3.4409086866067753,
      1.6199999999999974
    ],
    "obj_class": "vehicle",
    "point_num_in_lidar": 52,
    "speed": 5.5961226898583725,
    "if_vehicle": true,
    "motion_state": true,
    "pose": [
      [
        0.986754820509698,
        -0.15997757862260883,
        0.026871891241981832,
        69.82928024748935
      ],
      [
        0.1594428771963812,
        0.986983817777655,
        0.020997913143564546,
        8.705146751066422
      ],
      [
        -0.029881317109752465,
        -0.016435260359726436,
        0.9994183253796652,
        -1.587002330855924
      ],
      [
        0.0,
        0.0,
        0.0,
        1.0
      ]
    ],
    "location": [
      69.82928024748935,
      8.705146751066422,
      -1.587002330855924
    ],
    "rotation": [
      -0.016443343734050764,
      0.02988576570114204,
      0.16019843874999284
    ]
  }
]