[
  {
    "label_id": "-Cs9zVetNWvCdv8--MqL8Q",
    "size": [
      0.8529865893741221,
      0.8339678676017309,
      1.740000000000002
    ],
    "obj_class": "pedestrian",
    "point_num_in_lidar": 105,
    "speed": 1.4599191631459212,
    "if_vehicle": false,
    "motion_state": true,
    "pose": [
      [
        -0.993846775632103,
        0.10316663292081672,
        0.04031417142213913,
        78.38520018773966
      ],
      [
        -0.10198538056392957,
        -0.9943231235063739,
        0.030339878242318333,
        20.848265214768617
      ],
      [
        0.04321537593152031,
        0.026041734049592317,
        0.9987263185531798,
        -1.2506307782245543
      ],
      [
        0.0,
        0.0,
        0.0,
        1.0
      ]
    ],
    "location": [
      78.38520018773966,
      20.848265214768617,
      -1.2506307782245543
    ],
    "rotation": [
      0.026069038157287096,
      -0.043228838529335414,
      -3.039333782162276
    ]
  },
  {
    "label_id": "-_ss2DWVkS47ff-UQnMrfw",
    "size": [
      1.6511216056301827,
      3.5853420680503785,
      2.049999999999997
    ],
    "obj_class": "vehicle",
    "point_num_in_lidar": 24,
    "speed": 1.7053950819000347e-12,
    "if_vehicle": true,
    "motion_state": false,
    "pose": [
      [
        0.9872017591235903,
        -0.15429664405240662,
        0.04031417142213913,
        124.26757887138149
      ],
      [
        0.15314153669171174,
        0.9877384074378915,
        0.030339878242318333,
        14.028780895640011
      ],
      [
        -0.04450119687143021,
        -0.023777807010372725,
        0.9987263185531798,
        -2.1640984228164513
      ],
      [
        0.0,
        0.0,
        0.0,
        1.0
      ]
    ],
    "location": [
      124.26757887138149,
      14.028780895640011,
      -2.1640984228164513
    ],
    "rotation": [
      -0.023803634149727554,
      0.04451589801553092,
      0.153900208747447
    ]
  },
  {
    "label_id": "0azlkCJCVSaAazdrWPD_bQ",
    "size": [
      0.5997143060585013,
      0.5367652927583926,
      1.7299999999999969
    ],
    "obj_class": "pedestrian",
    "point_num_in_lidar": 40,
    "speed": 0.029272269211089486,
    "if_vehicle": false,
    "motion_state": false,
    "pose": [
      [
        0.8812918113607235,
        -0.4708497752055118,
        0.04031417142213913,
        95.61214650786144
      ],
      [
        0.4699358857627365,
        0.8821789813074404,
        0.030339878242318333,
        2.953610928496346
      ],
      [
        -0.04984983952759442,
        -0.007793210396582776,
        0.9987263185531798,
        -2.162131339334124
      ],
      [
        0.0,
        0.0,
        0.0,
        1.0
      ]
    ],
    "location": [
      95.61214650786144,
      2.953610928496346,
      -2.162131339334124
    ],
    "rotation": [
      -0.007802990752963084,
      0.04987050884535453,
      0.48988098401889796
    ]
  },
  {
    "label_id": "0wBZnA_8JMJFPBxny6Tm-A",
    "size": [
      0.8268623261418475,
      0.9830332538591489,
      1.6300000000000026
    ],
    "obj_class": "pedestrian",
    "point_num_in_lidar": 99,
    "speed": 1.7477651707276862,
    "if_vehicle": false,
    "motion_state": true,
    "pose": [
      [
        -0.9324892394031189,
        0.3589409226877581,
        0.04031417142213913,
        75.37757538178028
      ],
      [
        -0.3579249046372824,
        -0.9332573355879039,
        0.030339878242318333,
        20.125879023606103
      ],
      [
        0.04851372009839156,
        0.013862164023962452,
        0.9987263185531798,
        -1.321648357829723
      ],
      [
        0.0,
        0.0,
        0.0,
        1.0
      ]
    ],
    "location": [
      75.37757538178028,
      20.125879023606103,
      -1.321648357829723
    ],
    "rotation": [
      0.013878951307528397,
      -0.048532770443684994,
      -2.7750961088526855
    ]
  },
  {
    "label_id": "1HYaZFDc4DDvb3HfoqZuzg",
    "size": [
      0.6972519486213631,
      0.7764543871808254,
      1.7800000000000011
    ],
    "obj_class": "pedestrian",
    "point_num_in_lidar": 43,
    "speed": 1.0872356692401548,
    "if_vehicle": false,
    "motion_state": true,
    "pose": [
      [
        0.998437159504976,
        -0.03870408379204303,
        0.04031417142213913,
        80.43766475303244
      ],
      [
        0.03749450891005846,
        0.9988361495209486,
        0.030339878242318333,
        19.38253044022349
      ],
      [
        -0.04144152894414799,
        -0.028780901792398117,
        0.9987263185531798,
        -1.2569658408849662
      ],
      [
        0.0,
        0.0,
        0.0,
        1.0
      ]
    ],
    "location": [
      80.43766475303244,
      19.38253044022349,
      -1.2569658408849662
    ],
    "rotation": [
      -0.02880963297904251,
      0.04145340006998903,
      0.037535560449848
    ]
  },
  {
    "label_id": "1a4IZcUFLKkimx_5GCJ-CQ",
    "size": [
      0.9515042209008417,
      0.975551333507289,
      1.5499999999999972
    ],
    "obj_class": "pedestrian",
    "point_num_in_lidar": 49,
    "speed": 1.3845708726367287,
    "if_vehicle": false,
    "motion_state": true,
    "pose": [
      [
        0.9983864154767013,
        -0.03999166130745444,
        0.04031417142213913,
        60.88342673831028
      ],
      [
        0.03878260197888303,
        0.9987869650591104,
        0.030339878242318333,
        16.95848546972411
      ],
      [
        -0.04147861105836727,
        -0.02872743381997447,
        0.9987263185531798,
        -0.972245116825718
      ],
      [
        0.0,
        0.0,
        0.0,
        1.0
      ]
    ],
    "location": [
      60.88342673831028,
      16.95848546972411,
      -0.972245116825718
    ],
    "rotation": [
      -0.02875614115864851,
      0.041490514096274064,
      0.03882576118917197
    ]
  },
  {
    "label_id": "1jfGLq5QfYJKXOi2khKr_w",
    "size": [
      0.6862912307103587,
      0.8478699398593197,
      1.7899999999999991
    ],
    "obj_class": "pedestrian",
    "point_num_in_lidar": 94,
    "speed": 1.2072127680930538,
    "if_vehicle": false,
    "motion_state": true,
    "pose": [
      [
        0.9934904216229166,
        -0.10654365173986614,
        0.04031417142213913,
        78.22648259509424
      ],
      [
        0.10536402508559613,
        0.9939707812637166,
        0.030339878242318333,
        19.90793145407224
      ],
      [
        -0.04330362988574254,
        -0.025894715057921503,
        0.9987263185531798,
        -1.3176870909903684
      ],
      [
        0.0,
        0.0,
        0.0,
        1.0
      ]
    ],
    "location": [
      78.22648259509424,
      19.90793145407224,
      -1.3176870909903684
    ],
    "rotation": [
      -0.025921931126330105,
      0.04331717517821479,
      0.10565943960985427
    ]
  },
  {
    "label_id": "3HfnZ-jQRpz-Kq670Sffgw",
    "size": [
      1.9179525928726455,
      4.646399190909152,
      1.5200000000000031
    ],
    "obj_class": "vehicle",
    "point_num_in_lidar": 183,
    "speed": 2.8421709430404007e-13,
    "if_vehicle": true,
    "motion_state": false,
    "pose": [
      [
        0.9907812480321606,
        -0.12933400995245023,
        0.04031417142213913,
        81.53898301882043
      ],
      [
        0.12816572737099427,
        0.9912885745915289,
        0.030339878242318333,
        16.273254464087586
      ],
      [
        -0.04388695563943898,
        -0.02489328732639054,
        0.9987263185531798,
        -1.7023199594477063
      ],
      [
        0.0,
        0.0,
        0.0,
        1.0
      ]
    ],
    "location": [
      81.53898301882043,
      16.273254464087586,
      -1.7023199594477063
    ],
    "rotation": [
      -0.0249198741829018,
      0.04390105605138982,
      0.12864386668387967
    ]
  },
  {
    "label_id": "5_yjagwD-XEyaFu36rcIGw",
    "size": [
      0.6469077117504862,
      0.8526376858233217,
      1.75
    ],
    "obj_class": "pedestrian",
    "point_num_in_lidar": 50,
    "speed": 1.2900078454276025,
    "if_vehicle": false,
    "motion_state": true,
    "pose": [
      [
        0.01916867905015057,
        -0.9990031678258177,
        0.04031417142213913,
        92.44510149108646
      ],
      [
        0.9993314561740938,
        0.020399325704702497,
        0.030339878242318333,
        4.741773315008686
      ],
      [
        -0.03113201638888104,
        0.03970564424329069,
        0.9987263185531798,
        -2.0720600018723303
      ],
      [
        0.0,
        0.0,
        0.0,
        1.0
      ]
    ],
    "location": [
      92.44510149108646,
      4.741773315008686,
      -2.0720600018723303
    ],
    "rotation": [
      0.039735355167942785,
      0.031137047454508623,
      1.551617176034066
    ]
  },
  {
    "label_id": "7UguPnYQrmWFtcN1psI8ag",
    "size": [
      0.7446045321494514,
      0.9695763688623205,
      1.8599999999999994
    ],
    "obj_class": "pedestrian",
    "point_num_in_lidar": 70,
    "speed": 1.300858148503167,
    "if_vehicle": false,
    "motion_state": true,
    "pose": [
      [
        -0.02944800899269942,
        -0.9987530136870237,
        0.04031417142213913,
        93.82918283267031
      ],
      [
        0.9991407751373257,
        -0.028234787872856243,
        0.030339878242318333,
        10.476834482300546
      ],
      [
        -0.02916378275103873,
        0.041172981491052314,
        0.9987263185531798,
        -1.809764509544621
      ],
      [
        0.0,
        0.0,
        0.0,
        1.0
      ]
    ],
    "location": [
      93.82918283267031,
      10.476834482300546,
      -1.809764509544621
    ],
    "rotation": [
      0.04120215861569872,
      0.029167918427781863,
      1.6002611301811045
    ]
  },
  {
    "label_id": "BMsVsI9u-XO6uaeysrmA3w",
    "size": [
      0.6890163519245173,
      0.7958109185850852,
      1.7299999999999969
    ],
    "obj_class": "pedestrian",
    "point_num_in_lidar": 116,
    "speed": 1.1831828485637055,
    "if_vehicle": false,
    "motion_state": true,
    "pose": [
      [
        0.9977494764444287,
        0.053579378844987244,
        0.04031417142213913,
        78.7877228610447
      ],
      [
        -0.054820606387009634,
        0.9980351661658028,
        0.030339878242318333,
        19.093159240677778
      ],
      [
        -0.03860936894367534,
        -0.03248164495501235,
        0.9987263185531798,
        -1.2882435743314034
      ],
      [
        0.0,
        0.0,
        0.0,
        1.0
      ]
    ],
    "location": [
      78.7877228610447,
      19.093159240677778,
      -1.2882435743314034
    ],
    "rotation": [
      -0.03251160916441973,
      0.03861896777474169,
      -0.054889069780329675
    ]
  },
  {
    "label_id": "CKZzEND_6K02uEXooYwMvQ",
    "size": [
      1.8366532480557562,
      4.781002948694367,
      1.6199999999999974
    ],
    "obj_class": "vehicle",
    "point_num_in_lidar": 52,
    "speed": 6.088985432079513,
    "if_vehicle": true,
    "motion_state": true,
    "pose": [
      [
        0.18268314052129084,
        0.9823449688128019,
        0.04031417142213913,
        101.09479331502439
      ],
      [
        -0.9829146837504569,
        0.18154397884804757,
        0.030339878242318333,
        20.353012087247407
      ],
      [
        0.022485431661797013,
        -0.04516797529439389,
        0.9987263185531798,
        -1.991038615117894
      ],
      [
        0.0,
        0.0,
        0.0,
        1.0
      ]
    ],
    "location": [
      101.09479331502439,
      20.353012087247407,
      -1.991038615117894
    ],
    "rotation": [
      -0.04519478196944405,
      -0.022487326845292796,
      -1.3870345077919548
    ]
  },
  {
    "label_id": "F7lTnSl61ud08HVsq-smOQ",
    "size": [
      0.6928800511644491,
      0.7529766446113904,
      1.6400000000000006
    ],
    "obj_class": "pedestrian",
    "point_num_in_lidar": 110,
    "speed": 1.340854975331463,
    "if_vehicle": false,
    "motion_state": true,
    "pose": [
      [
        0.9983538362436002,
        -0.04079687782457319,
        0.04031417142213913,
        77.87919733856916
      ],
      [
        0.03958814194487089,
        0.998755360839477,
        0.030339878242318333,
        19.391251578292213
      ],
      [
        -0.04150176713152739,
        -0.02869397069373274,
        0.9987263185531798,
        -1.3452176600088848
      ],
      [
        0.0,
        0.0,
        0.0,
        1.0
      ]
    ],
    "location": [
      77.87919733856916,
      19.391251578292213,
      -1.3452176600088848
    ],
    "rotation": [
      -0.028722663023298668,
      0.04151369012605049,
      0.03963265395737463
    ]
  },
  {
    "label_id": "Ga-Dhcn3PxdzLUggW_4FEw",
    "size": [
      0.7123156861342876,
      0.678494126323846,
      1.75
    ],
    "obj_class": "pedestrian",
    "point_num_in_lidar": 21,
    "speed": 0.01796335200533482,
    "if_vehicle": false,
    "motion_state": false,
    "pose": [
      [
        0.2699830967581328,
        0.9620207352481728,
        0.04031417142213913,
        84.2307810100333
      ],
      [
        -0.9626902463118355,
        0.2688995750169541,
        0.030339878242318333,
        23.672294299018176
      ],
      [
        0.01834712841144127,
        -0.04700131389936248,
        0.9987263185531798,
        -1.0172844522066242
      ],
      [
        0.0,
        0.0,
        0.0,
        1.0
      ]
    ],
    "location": [
      84.2307810100333,
      23.672294299018176,
      -1.0172844522066242
    ],
    "rotation": [
      -0.04702655788715388,
      -0.018348157893649745,
      -1.29737364531716
    ]
  },
  {
    "label_id": "GsKDCrOHfvk8e-YxrpZCcQ",
    "size": [
      0.759420280279797,
      0.7815636330990099,
      1.7700000000000031
    ],
    "obj_class": "pedestrian",
    "point_num_in_lidar": 86,
    "speed": 1.1886381810136415,
    "if_vehicle": false,
    "motion_state": true,
    "pose": [
      [
        0.9990315624140188,
        0.017626822832001277,
        0.04031417142213913,
        79.62319075033747
      ],
      [
        -0.018856961349851892,
        0.9993617497167336,
        0.030339878242318333,
        18.81423481935417
      ],
      [
        -0.03975364523228747,
        -0.031070698736232957,
        0.9987263185531798,
        -1.3053264522168746
      ],
      [
        0.0,
        0.0,
        0.0,
        1.0
      ]
    ],
    "location": [
      79.62319075033747,
      18.81423481935417,
      -1.3053264522168746
    ],
    "rotation": [
      -0.03110029247048583,
      0.03976412347986844,
      -0.01887299973121722
    ]
  },
  {
    "label_id": "I5xneQtkttgIrX3p2aNLJQ",
    "size": [
      0.5927357414399961,
      0.8028071134260143,
      1.75
    ],
    "obj_class": "pedestrian",
    "point_num_in_lidar": 37,
    "speed": 0.9267410262921001,
    "if_vehicle": false,
    "motion_state": false,
    "pose": [
      [
        0.9897594843019137,
        -0.1369340381970684,
        0.04031417142213913,
        52.88174445063953
      ],
      [
        0.1357696835435742,
        0.9902757620070881,
        0.030339878242318333,
        -22.270919445350955
      ],
      [
        -0.04407670887087123,
        -0.024555739946594612,
        0.9987263185531798,
        0.7958306919748566
      ],
      [
        0.0,
        0.0,
        0.0,
        1.0
      ]
    ],
    "location": [
      52.88174445063953,
      -22.270919445350955,
      0.7958306919748566
    ],
    "rotation": [
      -0.02458210333702438,
      0.04409099307927822,
      0.1363236100829475
    ]
  },
  {
    "label_id": "KApnY9cu-6X5mwhWn7kKNg",
    "size": [
      1.9637538912406538,
      4.408086105477256,
      2.1000000000000014
    ],
    "obj_class": "vehicle",
    "point_num_in_lidar": 1021,
    "speed": 0.011874639427855207,
    "if_vehicle": true,
    "motion_state": false,
    "pose": [
      [
        0.9857058024458742,
        -0.16358129051661535,
        0.04031417142213913,
        74.27030174898323
      ],
      [
        0.16243128521951786,
        0.9862532987879821,
        0.030339878242318333,
        15.388094415400701
      ],
      [
        -0.04472302098998433,
        -0.023357911352296496,
        0.9987263185531798,
        -1.2611991864492609
      ],
      [
        0.0,
        0.0,
        0.0,
        1.0
      ]
    ],
    "location": [
      74.27030174898323,
      15.388094415400701,
      -1.2611991864492609
    ],
    "rotation": [
      -0.0233834369941326,
      0.0447379432062341,
      0.16331904278606182
    ]
  },
  {
    "label_id": "KtpOcOD6i_wv5LraLF15Uw",
    "size": [
      1.7747149394938713,
      0.17030016092349531,
      1.8699999999999974
    ],
    "obj_class": "sign",
    "point_num_in_lidar": 69,
    "speed": 0.015144875358663726,
    "if_vehicle": false,
    "motion_state": false,
    "pose": [
      [
        -0.9891023784343299,
        0.14160244545239262,
        0.04031417142213913,
        114.81129513324731
      ],
      [
        -0.1404405396859739,
        -0.9896241441077281,
        0.030339878242318333,
        12.0423433786018
      ],
      [
        0.04419207834288679,
        0.024347501739366954,
        0.9987263185531798,
        -1.4818968727637483
      ],
      [
        0.0,
        0.0,
        0.0,
        1.0
      ]
    ],
    "location": [
      114.81129513324731,
      12.0423433786018,
      -1.4818968727637483
    ],
    "rotation": [
      0.024373724467059345,
      -0.04420647507667867,
      -3.0005475901029617
    ]
  },
  {
    "label_id": "LOFTK7cAR19Z_eB-h15rrQ",
    "size": [
      0.7049898602973769,
      0.964005024151008,
      1.8400000000000034
    ],
    "obj_class": "pedestrian",
    "point_num_in_lidar": 48,
    "speed": 1.4393214390508888,
    "if_vehicle": false,
    "motion_state": true,
    "pose": [
      [
        0.09535573167451644,
        0.9946265892380738,
        0.04031417142213913,
        92.46926200973758
      ],
      [
        -0.9950936424259311,
        0.09417077355386996,
        0.030339878242318333,
        17.32948025830956
      ],
      [
        0.026380432906049366,
        -0.04300945697055182,
        0.9987263185531798,
        -1.8348272802675112
      ],
      [
        0.0,
        0.0,
        0.0,
        1.0
      ]
    ],
    "location": [
      92.46926200973758,
      17.32948025830956,
      -1.8348272802675112
    ],
    "rotation": [
      -0.043037715347424364,
      -0.02638349367499065,
      -1.4752621438536986
    ]
  },
  {
    "label_id": "LuS7gN3gUPNcgKjs-EjAqA",
    "size": [
      0.736097950129086,
      0.9737403987557425,
      1.7100000000000009
    ],
    "obj_class": "pedestrian",
    "point_num_in_lidar": 63,
    "speed": 1.4496236504293016,
    "if_vehicle": false,
    "motion_state": true,
    "pose": [
      [
        0.33000057012996703,
        -0.9431195000085848,
        0.04031417142213913,
        92.53239853389152
      ],
      [
        0.9430473046253296,
        0.331272203825105,
        0.030339878242318333,
        8.477019589166957
      ],
      [
        -0.04196909521061171,
        0.028005993580212975,
        0.9987263185531798,
        -1.993145108517865
      ],
      [
        0.0,
        0.0,
        0.0,
        1.0
      ]
    ],
    "location": [
      92.53239853389152,
      8.477019589166957,
      -1.993145108517865
    ],
    "rotation": [
      0.028034363169003557,
      0.04198142574872417,
      1.2341838442315551
    ]
  },
  {
    "label_id": "Lxz0wz_LuNSJzQ6POYpHkg",
    "size": [
      0.7847540206997915,
      1.0197341683430015,
      1.9699999999999989
    ],
    "obj_class": "pedestrian",
    "point_num_in_lidar": 535,
    "speed": 1.3041819421859295,
    "if_vehicle": false,
    "motion_state": true,
    "pose": [
      [
        0.9991163950126681,
        0.011882625948691817,
        0.04031417142213913,
        61.555262597448404
      ],
      [
        -0.013110845731208067,
        0.9994536495067962,
        0.030339878242318333,
        16.011708272022588
      ],
      [
        -0.039931628330217225,
        -0.03084162265688552,
        0.9987263185531798,
        -0.850920205691807
      ],
      [
        0.0,
        0.0,
        0.0,
        1.0
      ]
    ],
    "location": [
      61.555262597448404,
      16.011708272022588,
      -0.850920205691807
    ],
    "rotation": [
      -0.03087114439943799,
      0.03994224801481077,
      -0.013121687641813894
    ]
  },
  {
    "label_id": "Njep4Sgekb4aPkRERmPvmQ",
    "size": [
      0.6678420590202122,
      0.8693823080183134,
      1.8100000000000023
    ],
    "obj_class": "pedestrian",
    "point_num_in_lidar": 70,
    "speed": 1.280312841076322,
    "if_vehicle": false,
    "motion_state": true,
    "pose": [
      [
        0.9975549321982922,
        0.057086993522228485,
        0.04031417142213913,
        79.01840924887972
      ],
      [
        -0.05832921783725273,
        0.9978362561736948,
        0.030339878242318333,
        19.575887552840868
      ],
      [
        -0.03849492944992745,
        -0.03261718926973061,
        0.9987263185531798,
        -1.2521456412812597
      ],
      [
        0.0,
        0.0,
        0.0,
        1.0
      ]
    ],
    "location": [
      79.01840924887972,
      19.575887552840868,
      -1.2521456412812597
    ],
    "rotation": [
      -0.03264718233781644,
      0.03850444314212421,
      -0.058405683932061164
    ]
  },
  {
    "label_id": "OxgSifGtf3xSOt5KTJOZgg",
    "size": [
      0.7653315978065218,
      0.9961299784013146,
      1.9600000000000009
    ],
    "obj_class": "pedestrian",
    "point_num_in_lidar": 77,
    "speed": 1.1953033258097452,
    "if_vehicle": false,
    "motion_state": true,
    "pose": [
      [
        -0.011638443853665281,
        -0.9991192692602878,
        0.04031417142213913,
        92.45394454928862
      ],
      [
        0.9994853408561245,
        -0.010418502865463277,
        0.030339878242318333,
        6.8331182067413465
      ],
      [
        -0.029893143668430863,
        0.04064653233463923,
        0.9987263185531798,
        -1.9920628028325496
      ],
      [
        0.0,
        0.0,
        0.0,
        1.0
      ]
    ],
    "location": [
      92.45394454928862,
      6.8331182067413465,
      -1.9920628028325496
    ],
    "rotation": [
      0.040675921051041265,
      0.02989759754537806,
      1.5824402373062207
    ]
  },
  {
    "label_id": "Q5PhKXgruUST0xy6Tmhvuw",
    "size": [
      2.1945859371524197,
      3.7584377944850687,
      1.759999999999998
    ],
    "obj_class": "vehicle",
    "point_num_in_lidar": 899,
    "speed": 2.128049655383332,
    "if_vehicle": true,
    "motion_state": true,
    "pose": [
      [
        0.9893353769418447,
        -0.1399652796727972,
        0.04031417142213913,
        68.98003934443477
      ],
      [
        0.1388025119715374,
        0.9898552189379174,
        0.030339878242318333,
        11.33729098497497
      ],
      [
        -0.044151722522786964,
        -0.0244206066157896,
        0.9987263185531798,
        -1.2720944189021708
      ],
      [
        0.0,
        0.0,
        0.0,
        1.0
      ]
    ],
    "location": [
      68.98003934443477,
      11.33729098497497,
      -1.2720944189021708
    ],
    "rotation": [
      -0.024446878967151663,
      0.04416607982860291,
      0.1393889318135789
    ]
  },
  {
    "label_id": "RY-ufUj8NMYO5iVLyZyw5A",
    "size": [
      1.9400777863103258,
      4.907976600450727,
      1.6199999999999974
    ],
    "obj_class": "vehicle",
    "point_num_in_lidar": 26,
    "speed": 3.05511153385572,
    "if_vehicle": true,
    "motion_state": true,
    "pose": [
      [
        0.14236204239234357,
        0.9889933348958561,
        0.04031417142213913,
        102.90095658805546
      ],
      [
        -0.9895159927684897,
        0.1412005376888887,
        0.030339878242318333,
        28.570906972405282
      ],
      [
        0.024313554681916552,
        -0.04421076438992855,
        0.9987263185531798,
        -1.9369897771818003
      ],
      [
        0.0,
        0.0,
        0.0,
        1.0
      ]
    ],
    "location": [
      102.90095658805546,
      28.570906972405282,
      -1.9369897771818003
    ],
    "rotation": [
      -0.0442382655734888,
      -0.024315950808066433,
      -1.4279064404615356
    ]
  },
  {
    "label_id": "Si6ywWpLkRk5GY_DaSJ7lg",
    "size": [
      0.6416873139713176,
      0.7010949696853519,
      1.7299999999999969
    ],
    "obj_class": "pedestrian",
    "point_num_in_lidar": 45,
    "speed": 0.013833997503959663,
    "if_vehicle": false,
    "motion_state": false,
    "pose": [
      [
        0.881291811361386,
        -0.47084977520427196,
        0.04031417142213913,
        95.84404815095297
      ],
      [
        0.46993588576149536,
        0.8821789813081016,
        0.030339878242318333,
        2.4401018264252343
      ],
      [
        -0.049849839527583456,
        -0.007793210396652909,
        0.9987263185531798,
        -2.060245605503752
      ],
      [
        0.0,
        0.0,
        0.0,
        1.0
      ]
    ],
    "location": [
      95.84404815095297,
      2.4401018264252343,
      -2.060245605503752
    ],
    "rotation": [
      -0.0078029907530333025,
      0.04987050884534355,
      0.48988098401748936
    ]
  },
  {
    "label_id": "Tb5x0wvMAkpe0WlvgMtulQ",
    "size": [
      1.9769816586274351,
      4.3758820982642375,
      1.6499999999999986
    ],
    "obj_class": "vehicle",
    "point_num_in_lidar": 109,
    "speed": 8.445888414894092e-28,
    "if_vehicle": true,
    "motion_state": false,
    "pose": [
      [
        -0.1499667987433818,
        -0.9878687801814613,
        0.04031417142213913,
        48.03899209784629
      ],
      [
        0.9884003587972945,
        -0.14880934956386563,
        0.030339878242318333,
        -20.428407428364153
      ],
      [
        -0.023972692882558364,
        0.04439651591252242,
        0.9987263185531798,
        -2.483014375934104
      ],
      [
        0.0,
        0.0,
        0.0,
        1.0
      ]
    ],
    "location": [
      48.03899209784629,
      -20.428407428364153,
      -2.483014375934104
    ],
    "rotation": [
      0.04442388871222842,
      0.023974989621063578,
      1.721374622514594
    ]
  },
  {
    "label_id": "TyDn53lKdVBMPj-OW8x22A",
    "size": [
      0.7061786621877767,
      0.9443445160493246,
      1.8399999999999963
    ],
    "obj_class": "pedestrian",
    "point_num_in_lidar": 42,
    "speed": 1.4038524641119783,
    "if_vehicle": false,
    "motion_state": true,
    "pose": [
      [
        0.18655805601543124,
        -0.9816164522451167,
        0.04031417142213913,
        77.64760020898973
      ],
      [
        0.9817335465620196,
        0.1878263435809789,
        0.030339878242318333,
        -22.364165839771886
      ],
      [
        -0.03735418705449051,
        0.033917625782334086,
        0.9987263185531798,
        -0.6254400417112436
      ],
      [
        0.0,
        0.0,
        0.0,
        1.0
      ]
    ],
    "location": [
      77.64760020898973,
      -22.364165839771886,
      -0.6254400417112436
    ],
    "rotation": [
      0.03394783399010979,
      0.037362879449467354,
      1.3830061825379718
    ]
  },
  {
    "label_id": "W1kdd1w2Xb7p8BBS2en2BA",
    "size": [
      2.214043056889427,
      3.7207583453108057,
      1.2800000000000011
    ],
    "obj_class": "vehicle",
    "point_num_in_lidar": 35,
    "speed": 0.005593533025161077,
    "if_vehicle": true,
    "motion_state": false,
    "pose": [
      [
        0.9875239923463971,
        -0.15222066917071153,
        0.04031417142213913,
        88.82422388879309
      ],
      [
        0.15106443603721756,
        0.9880582108119939,
        0.030339878242318333,
        14.479337345732347
      ],
      [
        -0.044451104654330414,
        -0.023871320118964628,
        0.9987263185531798,
        -1.701628372585688
      ],
      [
        0.0,
        0.0,
        0.0,
        1.0
      ]
    ],
    "location": [
      88.82422388879309,
      14.479337345732347,
      -1.701628372585688
    ],
    "rotation": [
      -0.0238972132640683,
      0.0444657561803923,
      0.1517961804486238
    ]
  },
  {
    "label_id": "YFsJo6nQebutOB3c0Rd3gA",
    "size": [
      0.8916578199835743,
      0.8037033151583719,
      1.8699999999999974
    ],
    "obj_class": "pedestrian",
    "point_num_in_lidar": 31,
    "speed": 1.2826996337964685,
    "if_vehicle": false,
    "motion_state": true,
    "pose": [
      [
        -0.9247701250994609,
        0.3783847027907891,
        0.04031417142213913,
        115.11105622332116
      ],
      [
        -0.37738498817447635,
        -0.9255593241325979,
        0.030339878242318333,
        7.694448357440706
      ],
      [
        0.04879330306586914,
        0.012843449892243343,
        0.9987263185531798,
        -1.8240937073587915
      ],
      [
        0.0,
        0.0,
        0.0,
        1.0
      ]
    ],
    "location": [
      115.11105622332116,
      7.694448357440706,
      -1.8240937073587915
    ],
    "rotation": [
      0.012859120389484826,
      -0.048812684910126136,
      -2.754135779049175
    ]
  },
  {
    "label_id": "a-l4H4ezAX14MhEB5DsssA",
    "size": [
      0.5602458060473774,
      0.6442986036973264,
      1.8500000000000014
    ],
    "obj_class": "pedestrian",
    "point_num_in_lidar": 33,
    "speed": 0.061586911027504986,
    "if_vehicle": false,
    "motion_state": false,
    "pose": [
      [
        0.8812918113602599,
        -0.4708497752063799,
        0.04031417142213913,
        96.22425395564392
      ],
      [
        0.46993588576360545,
        0.8821789813069776,
        0.030339878242318333,
        3.188916085899109
      ],
      [
        -0.049849839527602094,
        -0.007793210396533675,
        0.9987263185531798,
        -2.1133027980801558
      ],
      [
        0.0,
        0.0,
        0.0,
        1.0
      ]
    ],
    "location": [
      96.22425395564392,
      3.188916085899109,
      -2.1133027980801558
    ],
    "rotation": [
      -0.007802990752913923,
      0.04987050884536221,
      0.4898809840198841
    ]
  },
  {
    "label_id": "alCtOgYcyvSmD9foO0clkg",
    "size": [
      0.9786878883536121,
      0.8466946051033566,
      1.8699999999999974
    ],
    "obj_class": "pedestrian",
    "point_num_in_lidar": 32,
    "speed": 1.211103342855326,
    "if_vehicle": false,
    "motion_state": true,
    "pose": [
      [
        -0.9247701250993977,
        0.37838470279094355,
        0.04031417142213913,
        114.87910098526743
      ],
      [
        -0.3773849881746309,
        -0.9255593241325348,
        0.030339878242318333,
        8.56330519023686
      ],
      [
        0.04879330306587129,
        0.012843449892235195,
        0.9987263185531798,
        -1.8840943509713952
      ],
      [
        0.0,
        0.0,
        0.0,
        1.0
      ]
    ],
    "location": [
      114.87910098526743,
      8.56330519023686,
      -1.8840943509713952
    ],
    "rotation": [
      0.012859120389476668,
      -0.04881268491012829,
      -2.754135779049008
    ]
  },
  {
    "label_id": "bcz7REbn_CUSYUPs1N5iZA",
    "size": [
      0.8876727643216596,
      0.9776859722758251,
      1.7800000000000011
    ],
    "obj_class": "pedestrian",
    "point_num_in_lidar": 696,
    "speed": 1.223039736949396,
    "if_vehicle": false,
    "motion_state": true,
    "pose": [
      [
        0.9891769133774374,
        -0.14108083365089685,
        0.04031417142213913,
        57.19732961932357
      ],
      [
        0.139918652898722,
        0.9896980662602348,
        0.030339878242318333,
        16.10792120991573
      ],
      [
        -0.0441792328146677,
        -0.024370802553869857,
        0.9987263185531798,
        -0.7657326659026467
      ],
      [
        0.0,
        0.0,
        0.0,
        1.0
      ]
    ],
    "location": [
      57.19732961932357,
      16.10792120991573,
      -0.7657326659026467
    ],
    "rotation": [
      -0.02439704112654702,
      0.04419361699044222,
      0.14051736601032544
    ]
  },
  {
    "label_id": "fK-Tw46xvydKIOslVz5dCQ",
    "size": [
      0.6473743135480327,
      0.8376383631190127,
      1.7299999999999969
    ],
    "obj_class": "pedestrian",
    "point_num_in_lidar": 39,
    "speed": 1.3575422434092075,
    "if_vehicle": false,
    "motion_state": true,
    "pose": [
      [
        0.04713307816176311,
        -0.9980747670017228,
        0.04031417142213913,
        92.87250725969636
      ],
      [
        0.99836846874546,
        0.04837243433078777,
        0.030339878242318333,
        4.512010407919661
      ],
      [
        -0.03223156151728006,
        0.03881838573884947,
        0.9987263185531798,
        -2.0670583212963294
      ],
      [
        0.0,
        0.0,
        0.0,
        1.0
      ]
    ],
    "location": [
      92.87250725969636,
      4.512010407919661,
      -2.0670583212963294
    ],
    "rotation": [
      0.03884833603053534,
      0.03223714488068935,
      1.5236212509076272
    ]
  },
  {
    "label_id": "i2Z_DWskPJWGzXDXCYvBrA",
    "size": [
      0.8354407080873267,
      0.875556846582244,
      1.6700000000000017
    ],
    "obj_class": "pedestrian",
    "point_num_in_lidar": 103,
    "speed": 1.3004036855107342,
    "if_vehicle": false,
    "motion_state": true,
    "pose": [
      [
        0.9976591744541481,
        -0.05523530763935487,
        0.04031417142213913,
        77.10248196936016
      ],
      [
        0.05403250690929291,
        0.9980781432259392,
        0.030339878242318333,
        19.871537844115664
      ],
      [
        -0.041912525867155874,
        -0.028090582134361525,
        0.9987263185531798,
        -1.3002176600089044
      ],
      [
        0.0,
        0.0,
        0.0,
        1.0
      ]
    ],
    "location": [
      77.10248196936016,
      19.871537844115664,
      -1.3002176600089044
    ],
    "rotation": [
      -0.028118992850732362,
      0.04192480658589467,
      0.05410642350168123
    ]
  },
  {
    "label_id": "j8WoUJffrUm63kD-JaYkzQ",
    "size": [
      0.6529170834688282,
      0.7646726293301956,
      1.7299999999999969
    ],
    "obj_class": "pedestrian",
    "point_num_in_lidar": 44,
    "speed": 1.4389236218745018,
    "if_vehicle": false,
    "motion_state": true,
    "pose": [
      [
        0.07844820401438031,
        -0.9961027290743986,
        0.04031417142213913,
        93.9246634806077
      ],
      [
        0.9963573716885454,
        0.07969617098791534,
        0.030339878242318333,
        4.047506359898762
      ],
      [
        -0.03343452061585319,
        0.037787212921839175,
        0.9987263185531798,
        -2.109557481008217
      ],
      [
        0.0,
        0.0,
        0.0,
        1.0
      ]
    ],
    "location": [
      93.9246634806077,
      4.047506359898762,
      -2.109557481008217
    ],
    "rotation": [
      0.03781736464698009,
      0.0334407529769744,
      1.492223415974644
    ]
  },
  {
    "label_id": "mkzmjAm__2usQG083TYBDA",
    "size": [
      0.8584394608386239,
      0.8690893098194084,
      1.75
    ],
    "obj_class": "pedestrian",
    "point_num_in_lidar": 33,
    "speed": 0.7332461838610107,
    "if_vehicle": false,
    "motion_state": false,
    "pose": [
      [
        -0.9746720311430683,
        -0.21997545156219575,
        0.04031417142213913,
        81.88304894051043
      ],
      [
        0.2212469984334001,
        -0.9747457399098763,
        0.030339878242318333,
        20.776929914878565
      ],
      [
        0.032622038435030594,
        0.038490820172551635,
        0.9987263185531798,
        -1.3395564357054255
      ],
      [
        0.0,
        0.0,
        0.0,
        1.0
      ]
    ],
    "location": [
      81.88304894051043,
      20.776929914878565,
      -1.3395564357054255
    ],
    "rotation": [
      0.038520843302326344,
      -0.032627827255696344,
      2.9183788660937844
    ]
  },
  {
    "label_id": "sNygxkvj9rIACrP7AQ4GwA",
    "size": [
      2.906732876441228,
      12.41259995732931,
      3.969999999999999
    ],
    "obj_class": "vehicle",
    "point_num_in_lidar": 9014,
    "speed": 2.864289338439558e-13,
    "if_vehicle": true,
    "motion_state": false,
    "pose": [
      [
        0.984658844823915,
        -0.16976962888744201,
        0.04031417142213913,
        70.86191489125349
      ],
      [
        0.16862308529497008,
        0.9852135539535815,
        0.030339878242318333,
        1.236083266830974
      ],
      [
        -0.04486885797118816,
        -0.023076529495867987,
        0.9987263185531798,
        -0.39494262279266223
      ],
      [
        0.0,
        0.0,
        0.0,
        1.0
      ]
    ],
    "location": [
      70.86191489125349,
      1.236083266830974,
      -0.39494262279266223
    ],
    "rotation": [
      -0.023101848466341807,
      0.0448839267319548,
      0.16960505004908993
    ]
  },
  {
    "label_id": "tnRPM6MdPaKwSYNbbGXKGw",
    "size": [
      1.8538543203635267,
      3.6340820156792333,
      1.2800000000000011
    ],
    "obj_class": "vehicle",
    "point_num_in_lidar": 50,
    "speed": 0.019599740263919106,
    "if_vehicle": true,
    "motion_state": false,
    "pose": [
      [
        0.9900227250486184,
        -0.13501767095404263,
        0.04031417142213913,
        81.113637927995
      ],
      [
        0.1338523190020636,
        0.9905367476706812,
        0.030339878242318333,
        13.060916338490642
      ],
      [
        -0.04402908794283108,
        -0.024641023601603237,
        0.9987263185531798,
        -1.5057457967729704
      ],
      [
        0.0,
        0.0,
        0.0,
        1.0
      ]
    ],
    "location": [
      81.113637927995,
      13.060916338490642,
      -1.5057457967729704
    ],
    "rotation": [
      -0.02466744398497492,
      0.044043325875905086,
      0.1343863795180847
    ]
  },
  {
    "label_id": "zO7B1d4f4777q1yNdUEaJg",
    "size": [
      1.136087788184061,
      0.11753966349738357,
      1.2100000000000009
    ],
    "obj_class": "sign",
    "point_num_in_lidar": 37,
    "speed": 0.006379728381837421,
    "if_vehicle": false,
    "motion_state": false,
    "pose": [
      [
        -0.953841923922776,
        0.2975909134194854,
        0.04031417142213913,
        56.32532410117858
      ],
      [
        -0.296527133042745,
        -0.9545423778741787,
        0.030339878242318333,
        -3.2544233235348656
      ],
      [
        0.047510457130483436,
        0.01698520216143501,
        0.9987263185531798,
        1.1852736579678833
      ],
      [
        0.0,
        0.0,
        0.0,
        1.0
      ]
    ],
    "location": [
      56.32532410117858,
      -3.2544233235348656,
      1.1852736579678833
    ],
    "rotation": [
      0.01700522412139891,
      -0.04752834908909105,
      -2.8401874385439494
    ]
  },
  {
    "label_id": "zeb2WL1QCRb_7e3cxfpq9w",
    "size": [
      1.7632382930096482,
      3.4409086866067753,
      1.6199999999999974
    ],
    "obj_class": "vehicle",
    "point_num_in_lidar": 202,
    "speed": 2.8421709430404007e-13,
    "if_vehicle": true,
    "motion_state": false,
    "pose": [
      [
        0.9767347865905958,
        -0.21062745368628905,
        0.04031417142213913,
        89.57929718414107
      ],
      [
        0.20950500499158192,
        0.9773367611380012,
        0.030339878242318333,
        11.907776920692413
      ],
      [
        -0.04579093302500718,
        -0.021187993815168702,
        0.9987263185531798,
        -2.0155702797336446
      ],
      [
        0.0,
        0.0,
        0.0,
        1.0
      ]
    ],
    "location": [
