[
  {
    "label_id": "FBUkJ1PIQeV9dPM2c7K9gg",
    "size": [
      0.7396785581078972,
      0.7964900012525988,
      2.030000000000001
    ],
    "obj_class": "pedestrian",
    "point_num_in_lidar": 26,
    "speed": 1.560088892076265,
    "if_vehicle": false,
    "motion_state": true,
    "pose": [
      [
        0.987188751581798,
        -0.15739985664094258,
        0.026146775705276033,
        63.80599650769409
      ],
      [
        0.15688351905738898,
        0.9873989033113274,
        0.020759749221939208,
        -2.707960289391849
      ],
      [
        -0.02908487920795196,
        -0.01639179273290942,
        0.9994425340821053,
        -0.7815366797099372
      ],
      [
        0.0,
        0.0,
        0.0,
        1.0
      ]
    ],
    "location": [
      63.80599650769409,
      -2.707960289391849,
      -0.7815366797099372
    ],
    "rotation": [
      -0.016399465366531182,
      0.029088981399326457,
      0.15760153185209713
    ]
  },
  {
    "label_id": "G7K72AJ4NpA_CgJC0kYWww",
    "size": [
      0.7960126752564911,
      0.5618731317594163,
      1.4994828004563132
    ],
    "obj_class": "sign",
    "point_num_in_lidar": 163,
    "speed": 0.01820093100558466,
    "if_vehicle": false,
    "motion_state": false,
    "pose": [
      [
        -0.9437742741569128,
        -0.329554950743894,
        0.026146775705276033,
        21.582303804150456
      ],
      [
        0.33010919667797345,
        -0.9437144436114483,
        0.020759749221939208,
        -12.132710647852946
      ],
      [
        0.017833611754646133,
        0.028223808377403035,
        0.9994425340821053,
        0.0974187394181314
      ],
      [
        0.0,
        0.0,
        0.0,
        1.0
      ]
    ],
    "location": [
      21.582303804150456,
      -12.132710647852946,
      0.0974187394181314
    ],
    "rotation": [
      0.028232047801771444,
      -0.017834557183461233,
      2.805117774518624
    ]
  },
  {
    "label_id": "G8kucBZ9BZFgHAyYWC4yDg",
    "size": [
      0.6424448436447093,
      0.7737368046697366,
      1.9600000000000009
    ],
    "obj_class": "pedestrian",
    "point_num_in_lidar": 299,
    "speed": 1.2432714136774077,
    "if_vehicle": false,
    "motion_state": true,
    "pose": [
      [
        0.986806070407856,
        -0.15978149306607375,
        0.026146775705276033,
        4.968548564117555
      ],
      [
        0.1592656640836088,
        0.9870174674524506,
        0.020759749221939208,
        -11.968624755225392
      ],
      [
        -0.029124348065027516,
        -0.016321562956008416,
        0.9994425340821053,
        0.9399797977114801
      ],
      [
        0.0,
        0.0,
        0.0,
        1.0
      ]
    ],
    "location": [
      4.968548564117555,
      -11.968624755225392,
      0.9399797977114801
    ],
    "rotation": [
      -0.016329215232871785,
      0.02912846698364311,
      0.16001524194053499
    ]
  },
  {
    "label_id": "Jen578WRszpN8G3K2BI_Yg",
    "size": [
      0.7754214499127943,
      0.861130270595639,
      1.8699999999999974
    ],
    "obj_class": "pedestrian",
    "point_num_in_lidar": 143,
    "speed": 1.2838776391168831,
    "if_vehicle": false,
    "motion_state": true,
    "pose": [
      [
        0.9822108045792609,
        -0.1859523634912422,
        0.026146775705276033,
        12.07326768104872
      ],
      [
        0.18544233523588632,
        0.982435836639983,
        0.020759749221939208,
        -11.530244404151745
      ],
      [
        -0.02954785389875591,
        -0.015541730840469267,
        0.9994425340821053,
        0.6309766284106786
      ],
      [
        0.0,
        0.0,
        0.0,
        1.0
      ]
    ],
    "location": [
      12.07326768104872,
      -11.530244404151745,
      0.6309766284106786
    ],
    "rotation": [
      -0.015549146400518054,
      0.0295521551742629,
      0.18660442224072712
    ]
  },
  {
    "label_id": "K24I0eYDo2TDPl7gt2ZSIw",
    "size": [
      0.9334446770587592,
      0.7922187583946023,
      1.870000000000001
    ],
    "obj_class": "pedestrian",
    "point_num_in_lidar": 75,
    "speed": 0.7009204897740786,
    "if_vehicle": false,
    "motion_state": false,
    "pose": [
      [
        0.9873693374340805,
        -0.1562630398245311,
        0.026146775705276033,
        17.03437480443199
      ],
      [
        0.15574646060109026,
        0.9875788944800691,
        0.020759749221939208,
        -26.426735670764174
      ],
      [
        -0.029065985364649993,
        -0.016425272062336464,
        0.9994425340821053,
        1.300974310108252
      ],
      [
        0.0,
        0.0,
        0.0,
        1.0
      ]
    ],
    "location": [
      17.03437480443199,
      -26.426735670764174,
      1.300974310108252
    ],
    "rotation": [
      -0.016432954343319102,
      0.029070079564711245,
      0.1564497356292243
    ]
  },
  {
    "label_id": "KApnY9cu-6X5mwhWn7kKNg",
    "size": [
      1.9637538912406531,
      4.408086105477256,
      2.1000000000000014
    ],
    "obj_class": "vehicle",
    "point_num_in_lidar": 93,
    "speed": 0.007438830004366307,
    "if_vehicle": true,
    "motion_state": false,
    "pose": [
      [
        0.9861705080510836,
        -0.1636584100206456,
        0.026146775705276033,
        74.26581597179506
      ],
      [
        0.16314341581269562,
        0.9863839306726403,
        0.020759749221939208,
        15.38737213402419
      ],
      [
        -0.029188266944675974,
        -0.01620697813616574,
        0.9994425340821053,
        -1.052904967328793
      ],
      [
        0.0,
        0.0,
        0.0,
        1.0
      ]
    ],
    "location": [
      74.26581597179506,
      15.38737213402419,
      -1.052904967328793
    ],
    "rotation": [
      -0.016214596853824374,
      0.029192413049045216,
      0.16394640611236125
    ]
  },
  {
    "label_id": "MVS-FDvMfowZTvJj3Dw3dA",
    "size": [
      0.7225624525144692,
      0.7942545817179316,
      1.8900000000000006
    ],
    "obj_class": "pedestrian",
    "point_num_in_lidar": 241,
    "speed": 1.1460713501800976,
    "if_vehicle": false,
    "motion_state": true,
    "pose": [
      [
        0.9868060704079136,
        -0.15978149306571834,
        0.026146775705276033,
        5.444131262834844
      ],
      [
        0.15926566408325332,
        0.987017467452508,
        0.020759749221939208,
        -12.833212820747576
      ],
      [
        -0.029124348065021642,
        -0.016321562956018904,
        0.9994425340821053,
        0.8966460951395092
      ],
      [
        0.0,
        0.0,
        0.0,
        1.0
      ]
    ],
    "location": [
      5.444131262834844,
      -12.833212820747576,
      0.8966460951395092
    ],
    "rotation": [
      -0.016329215232882277,
      0.029128466983637236,
      0.16001524194017475
    ]
  },
  {
    "label_id": "Q5PhKXgruUST0xy6Tmhvuw",
    "size": [
      2.1945859371535787,
      3.7584377944850687,
      1.759999999999998
    ],
    "obj_class": "vehicle",
    "point_num_in_lidar": 374,
    "speed": 8.366464270072436,
    "if_vehicle": true,
    "motion_state": true,
    "pose": [
      [
        0.9832866457380606,
        -0.1801769087131089,
        0.026146775705276033,
        30.405325843770584
      ],
      [
        0.17966556679967216,
        0.9835086765854152,
        0.020759749221939208,
        5.043240912487818
      ],
      [
        -0.029456008211340087,
        -0.015715108901731598,
        0.9994425340821053,
        0.11388854142392546
      ],
      [
        0.0,
        0.0,
        0.0,
        1.0
      ]
    ],
    "location": [
      30.405325843770584,
      5.043240912487818,
      0.11388854142392546
    ],
    "rotation": [
      -0.015722578759926352,
      0.029460269491117665,
      0.18072576095285267
    ]
  },
  {
    "label_id": "Qmd53-c0mGJyoeMBj67yxA",
    "size": [
      0.7848630893658065,
      0.7549063254896076,
      1.7100000000000009
    ],
    "obj_class": "pedestrian",
    "point_num_in_lidar": 70,
    "speed": 1.0215118485268897,
    "if_vehicle": false,
    "motion_state": true,
    "pose": [
      [
        0.34092329514236924,
        -0.9397274354564131,
        0.026146775705276033,
        30.82210692623198
      ],
      [
        0.9396609189346283,
        0.3414767784772077,
        0.020759749221939208,
        -9.95003803533109
      ],
      [
        -0.028437022632454977,
        0.01749162117532454,
        0.9994425340821053,
        0.08678233862756457
      ],
      [
        0.0,
        0.0,
        0.0,
        1.0
      ]
    ],
    "location": [
      30.82210692623198,
      -9.95003803533109,
      0.08678233862756457
    ],
    "rotation": [
      0.017499591044914522,
      0.02844085669512275,
      1.222750746656697
    ]
  },
  {
    "label_id": "SCePO7EHI3iF8AghIVKjHg",
    "size": [
      2.172894802514859,
      4.531856758098943,
      1.6300000000000026
    ],
    "obj_class": "vehicle",
    "point_num_in_lidar": 1862,
    "speed": 0.03178287613160886,
    "if_vehicle": true,
    "motion_state": false,
    "pose": [
      [
        0.9766658955668057,
        -0.21316677639094578,
        0.026146775705276033,
        16.76182367251272
      ],
      [
        0.21266319645472712,
        0.9769050095510312,
        0.020759749221939208,
        5.733190048240431
      ],
      [
        -0.029968204990416577,
        -0.01471488216711875,
        0.9994425340821053,
        0.36941668317576415
      ],
      [
        0.0,
        0.0,
        0.0,
        1.0
      ]
    ],
    "location": [
      16.76182367251272,
      5.733190048240431,
      0.36941668317576415
    ],
    "rotation": [
      -0.014722026087911216,
      0.029972692511653173,
      0.21439749507455588
    ]
  },
  {
    "label_id": "SZT8wbUgy2ZsQ08TFaws3Q",
    "size": [
      2.1755324740323805,
      4.653172966271873,
      1.7999999999999972
    ],
    "obj_class": "vehicle",
    "point_num_in_lidar": 4147,
    "speed": 4.063260224737704,
    "if_vehicle": true,
    "motion_state": true,
    "pose": [
      [
        0.9865870753568968,
        -0.1611281752485977,
        0.026146775705276033,
        9.15079134968255
      ],
      [
        0.1606126352694155,
        0.9867991762278969,
        0.020759749221939208,
        -7.3513416527130175
      ],
      [
        -0.029146597237731536,
        -0.016281797720192902,
        0.9994425340821053,
        0.6834358349424434
      ],
      [
        0.0,
        0.0,
        0.0,
        1.0
      ]
    ],
    "location": [
      9.15079134968255,
      -7.3513416527130175,
      0.6834358349424434
    ],
    "rotation": [
      -0.01628943839921438,
      0.029150725605755816,
      0.1613804790161585
    ]
  },
  {
    "label_id": "WM02HP9oou4H6DzObgNI5A",
    "size": [
      0.7031396390526422,
      0.7449503725873117,
      1.8900000000000006
    ],
    "obj_class": "pedestrian",
    "point_num_in_lidar": 154,
    "speed": 1.2371847296407594,
    "if_vehicle": false,
    "motion_state": true,
    "pose": [
      [
        0.9868060704081789,
        -0.15978149306407935,
        0.026146775705276033,
        4.71758824512699
      ],
      [
        0.159265664081614,
        0.9870174674527724,
        0.020759749221939208,
        -12.501676914607742
      ],
      [
        -0.029124348064994532,
        -0.01632156295606728,
        0.9994425340821053,
        0.9433129464254506
      ],
      [
        0.0,
        0.0,
        0.0,
        1.0
      ]
    ],
    "location": [
      4.71758824512699,
      -12.501676914607742,
      0.9433129464254506
    ],
    "rotation": [
      -0.016329215232930665,
      0.029128466983610116,
      0.16001524193851338
    ]
  },
  {
    "label_id": "bN1HpAOAVLxExyTvaQQIrQ",
    "size": [
      0.6465920005013809,
      0.8036470105207957,
      1.4799999999999969
    ],
    "obj_class": "pedestrian",
    "point_num_in_lidar": 87,
    "speed": 1.3027488406772592,
    "if_vehicle": false,
    "motion_state": true,
    "pose": [
      [
        0.9875375615240534,
        -0.1551963617464808,
        0.026146775705276033,
        23.87945999417468
      ],
      [
        0.15467955645443338,
        0.9877465604229163,
        0.020759749221939208,
        -9.449014466017616
      ],
      [
        -0.029048225319050172,
        -0.016456660455679055,
        0.9994425340821053,
        0.13558586716924736
      ],
      [
        0.0,
        0.0,
        0.0,
        1.0
      ]
    ],
    "location": [
      23.87945999417468,
      -9.449014466017616,
      0.13558586716924736
    ],
    "rotation": [
      -0.016464351748021216,
      0.02905231201682039,
      0.15536919435445012
    ]
  },
  {
    "label_id": "dWmo7I3qg5zAC5IO6GaeXw",
    "size": [
      0.6946780042892202,
      0.6722856049629502,
      1.5767922010623678
    ],
    "obj_class": "pedestrian",
    "point_num_in_lidar": 20,
    "speed": 1.422084321207637e-12,
    "if_vehicle": false,
    "motion_state": false,
    "pose": [
      [
        0.08309264179470507,
        0.9961987547672376,
        0.026146775705276033,
        75.96020003613114
      ],
      [
        -0.9963696826413018,
        0.08256202714028808,
        0.020759749221939208,
        -1.9602843901702727
      ],
      [
        0.01852210551876594,
        -0.02777683701740568,
        0.9994425340821053,
        -1.2989284415878757
      ],
      [
        0.0,
        0.0,
        0.0,
        1.0
      ]
    ],
    "location": [
      75.96020003613114,
      -1.9602843901702727,
      -1.2989284415878757
    ],
    "rotation": [
      -0.027785177883956163,
      -0.01852316474045964,
      -1.487593463018324
    ]
  },
  {
    "label_id": "jUwTOaYBTLX6LY3CRbHeFA",
    "size": [
      0.8554961916792296,
      0.9410819046885246,
      1.7800000000000011
    ],
    "obj_class": "pedestrian",
    "point_num_in_lidar": 138,
    "speed": 1.3201788993146857,
    "if_vehicle": false,
    "motion_state": true,
    "pose": [
      [
        0.9911747659748117,
        -0.12995741385159743,
        0.026146775705276033,
        24.0954355439693
      ],
      [
        0.12943544590226577,
        0.9913705150731101,
        0.020759749221939208,
        -10.02035882556629
      ],
      [
        -0.02861902581953151,
        -0.017192220004432438,
        0.9994425340821053,
        0.25404752813510356
      ],
      [
        0.0,
        0.0,
        0.0,
        1.0
      ]
    ],
    "location": [
      24.0954355439693,
      -10.02035882556629,
      0.25404752813510356
    ],
    "rotation": [
      -0.017200113043391592,
      0.02862293398916822,
      0.1298531047092022
    ]
  },
  {
    "label_id": "pcPk1ZzDtoUcD1bKmjg9UA",
    "size": [
      2.1634811976875135,
      4.8129637743530775,
      1.9799999999999969
    ],
    "obj_class": "vehicle",
    "point_num_in_lidar": 622,
    "speed": 5.2677428923499505,
    "if_vehicle": true,
    "motion_state": true,
    "pose": [
      [
        0.37068472021212295,
        0.928390642090644,
        0.026146775705276033,
        19.001383626910183
      ],
      [
        -0.9287092194641835,
        0.37022725250104066,
        0.020759749221939208,
        -14.873541115031912
      ],
      [
        0.009592907978671582,
        -0.03197807348876035,
        0.9994425340821053,
        0.1294785519662085
      ],
      [
        0.0,
        0.0,
        0.0,
        1.0
      ]
    ],
    "location": [
      19.001383626910183,
      -14.873541115031912,
      0.1294785519662085
    ],
    "rotation": [
      -0.03198499834069904,
      -0.00959305511420568,
      -1.1910318066544554
    ]
  },
  {
    "label_id": "qLypwlYfLdIxLz4CCeYWYg",
    "size": [
      0.8473926735900018,
      0.9331264342026916,
      1.8900000000000006
    ],
    "obj_class": "pedestrian",
    "point_num_in_lidar": 184,
    "speed": 1.2617170630760464,
    "if_vehicle": false,
    "motion_state": true,
    "pose": [
      [
        0.9892285570778939,
        -0.14402502554002908,
        0.026146775705276033,
        24.30325955595754
      ],
      [
        0.1435058910942559,
        0.9894317015506859,
        0.020759749221939208,
        -8.88966508608246
      ],
      [
        -0.028860372188029792,
        -0.016783920421290573,
        0.9994425340821053,
        0.28107843258301557
      ],
      [
        0.0,
        0.0,
        0.0,
        1.0
      ]
    ],
    "location": [
      24.30325955595754,
      -8.88966508608246,
      0.28107843258301557
    ],
    "rotation": [
      -0.016791703722081077,
      0.028864380092507885,
      0.14406349878013824
    ]
  },
  {
    "label_id": "sNygxkvj9rIACrP7AQ4GwA",
    "size": [
      2.906732876441231,
      12.41259995732931,
      3.969999999999999
    ],
    "obj_class": "vehicle",
    "point_num_in_lidar": 502,
    "speed": 2.864289338439558e-13,
    "if_vehicle": true,
    "motion_state": false,
    "pose": [
      [
        0.9851230568466827,
        -0.16984966584973216,
        0.026146775705276033,
        70.86191489125292
      ],
      [
        0.16933602238422146,
        0.9853397101179535,
        0.020759749221939208,
        1.236083266832793
      ],
      [
        -0.029289492862426443,
        -0.016023316616783453,
        0.9994425340821053,
        -0.11754886208743898
      ],
      [
        0.0,
        0.0,
        0.0,
        1.0
      ]
    ],
    "location": [
      70.86191489125292,
      1.236083266832793,
      -0.11754886208743898
    ],
    "rotation": [
      -0.01603088065677612,
      0.029293682264233508,
      0.1702296698106435
    ]
  },
  {
    "label_id": "tnRPM6MdPaKwSYNbbGXKGw",
    "size": [
      1.8538543203619744,
      3.6340820156792333,
      1.2800000000000011
    ],
    "obj_class": "vehicle",
    "point_num_in_lidar": 21,
    "speed": 4.672320393839204,
    "if_vehicle": true,
    "motion_state": true,
    "pose": [
      [
        0.9882376112966372,
        -0.1506743831543188,
        0.026146775705276033,
        75.57807625648218
      ],
      [
        0.1501566266053074,
        0.9884442423823189,
        0.020759749221939208,
        12.238332181803344
      ],
      [
        -0.028972592311196026,
        -0.01658945334569657,
        0.9994425340821053,
        -1.1943660198041002
      ],
      [
        0.0,
        0.0,
        0.0,
        1.0
      ]
    ],
    "location": [
      75.57807625648218,
      12.238332181803344,
      -1.1943660198041002
    ],
    "rotation": [
      -0.01659718240189463,
      0.02897664716233091,
      0.150790478395541
    ]
  },
  {
    "label_id": "uc4fg8DBi_HIrjSbPzg4Ug",
    "size": [
      0.9820700944131012,
      0.8525162310058947,
      1.7700000000000031
    ],
    "obj_class": "pedestrian",
    "point_num_in_lidar": 264,
    "speed": 1.2705474409871593,
    "if_vehicle": false,
    "motion_state": true,
    "pose": [
      [
        0.9996503102796519,
        0.003950098481541372,
        0.026146775705276033,
        17.851994852532357
      ],
      [
        -0.004493579183955269,
        0.9997743948303336,
        0.020759749221939208,
        10.328694002188058
      ],
      [
        -0.026058873803628053,
        -0.020869982358076064,
        0.9994425340821053,
        0.6029664376130981
      ],
      [
        0.0,
        0.0,
        0.0,
        1.0
      ]
    ],
    "location": [
      17.851994852532357,
      10.328694002188058,
      0.6029664376130981
    ],
    "rotation": [
      -0.02087858885557082,
      0.026061823983003062,
      -0.004495120815535269
    ]
  },
  {
    "label_id": "up0OoFtIrTKITzf9aQiHew",
    "size": [
      2.1000715778441505,
      4.55571181710356,
      1.8900000000000006
    ],
    "obj_class": "vehicle",
    "point_num_in_lidar": 5366,
    "speed": 0.07594438369889106,
    "if_vehicle": true,
    "motion_state": false,
    "pose": [
      [
        0.9851240874395153,
        -0.16984368833336233,
        0.026146775705276033,
        5.508216742653303
      ],
      [
        0.16933004355325598,
        0.9853407375941049,
        0.020759749221939208,
        4.524072252406768
      ],
      [
        -0.02928939563587411,
        -0.01602349433878444,
        0.9994425340821053,
        0.7715614352287901
      ],
      [
        0.0,
        0.0,
        0.0,
        1.0
      ]
    ],
    "location": [
      5.508216742653303,
      4.524072252406768,
      0.7715614352287901
    ],
    "rotation": [
      -0.016031058432211635,
      0.029293584995950375,
      0.1702236002029717
    ]
  },
  {
    "label_id": "yYbPPUm2vx-CielBa9GMGw",
    "size": [
      0.6980665590545666,
      0.8695022407680985,
      1.8200000000000003
    ],
    "obj_class": "pedestrian",
    "point_num_in_lidar": 186,
    "speed": 1.3010169439279107,
    "if_vehicle": false,
    "motion_state": true,
    "pose": [
      [
        0.9942274954553809,
        -0.10405783680597333,
        0.026146775705276033,
        4.2073918690500705
      ],
      [
        0.1035309402492304,
        0.9944095621137965,
        0.020759749221939208,
        -13.220877296667823
      ],
      [
        -0.028160818376440667,
        -0.017932913201957446,
        0.9994425340821053,
        0.9266444335657908
      ],
      [
        0.0,
        0.0,
        0.0,
        1.0
      ]
    ],
    "location": [
      4.2073918690500705,
      -13.220877296667823,
      0.9266444335657908
    ],
    "rotation": [
      -0.01794099057453698,
      0.028164541775580986,
      0.10375808826724402
    ]
  },
  {
    "label_id": "zO7B1d4f4777q1yNdUEaJg",
    "size": [
      1.1360877881840612,
      0.11753966349738357,
      1.2100000000000009
    ],
    "obj_class": "sign",
    "point_num_in_lidar": 62,
    "speed": 0.013604897833787119,
    "if_vehicle": false,
    "motion_state": false,
    "pose": [
      [
        -0.954291607476868,
        0.2977312110267134,
        0.026146775705276033,
        56.3317204762476
      ],
      [
        -0.29725046248783304,
        -0.9545738291840038,
        0.020759749221939208,
        -3.238184095296674
      ],
      [
        0.03113985308225945,
        0.012038713284862087,
        0.9994425340821053,
        1.1852736579678051
      ],
      [
        0.0,
        0.0,
        0.0,
        1.0
      ]
    ],
    "location": [
      56.3317204762476,
      -3.238184095296674,
      1.1852736579678051
    ],
    "rotation": [
      0.012044845684803858,
      -0.03114488794927843,
      -2.8396299403199587
    ]
  },
  {
    "label_id": "zVW1ZwiQ2mZr9pYEiPJdiA",
    "size": [
      2.819086768043472,
      8.171657067596211,
      3.3899999999999935
    ],
    "obj_class": "vehicle",
    "point_num_in_lidar": 2702,
    "speed": 0.03048624531441505,
    "if_vehicle": true,
    "motion_state": false,
    "pose": [
      [
        0.983619093217139,
        -0.17835309242878614,
        0.026146775705276033,
        25.836192038299487
      ],
      [
        0.17784133963813176,
        0.9838401753984012,
        0.020759749221939208,
        7.710989621402405
      ],
      [
        -0.02942681386776037,
        -0.015769708086455003,
        0.9994425340821053,
        0.7753422891197204
      ],
      [
        0.0,
        0.0,
        0.0,
        1.0
      ]
    ],
    "location": [
      25.836192038299487,
      7.710989621402405,
      0.7753422891197204
    ],
    "rotation": [
      -0.015777194848548427,
      0.029431062486525314,
      0.1788706843436486
    ]
  },
  {
    "label_id": "zeb2WL1QCRb_7e3cxfpq9w",
    "size": [
      1.7632382930110106,
      3.4409086866067753,
      1.6199999999999974
    ],
    "obj_class": "vehicle",
    "point_num_in_lidar": 48,
    "speed": 5.640882576390537,
    "if_vehicle": true,
    "motion_state": true,
    "pose": [
      [
        0.9866332545604227,
        -0.16084516503683396,
        0.026146775705276033,
        69.27535198098508
      ],
      [
        0.16032956423749492,
        0.9868452075394891,
        0.020759749221939208,
        8.61099225012731
      ],
      [
        -0.02914192558708769,
        -0.016290157783657656,
        0.9994425340821053,
        -1.5727172151748405
      ],
      [
        0.0,
        0.0,
        0.0,
        1.0
      ]
    ],
    "location": [
      69.27535198098508,
      8.61099225012731,
      -1.5727172151748405
    ],
    "rotation": [
      -0.01629780090524087,
      0.029146051969825233,
      0.16109354410808924
    ]
  }
]