[
  {
    "label_id": "-_ss2DWVkS47ff-UQnMrfw",
    "size": [
      1.6511216056301823,
      3.5853420680503785,
      2.049999999999997
    ],
    "obj_class": "vehicle",
    "point_num_in_lidar": 21,
    "speed": 1.7053950819000347e-12,
    "if_vehicle": true,
    "motion_state": false,
    "pose": [
      [
        0.9874202928631116,
        -0.1543308002138071,
        0.0343972287763573,
        124.26757887138115
      ],
      [
        0.1535212185633735,
        0.9878273643805295,
        0.025066583968175016,
        14.02878089564183
      ],
      [
        -0.037847069806578176,
        -0.019470549205983644,
        0.9990938379455022,
        -2.164098422816494
      ],
      [
        0.0,
        0.0,
        0.0,
        1.0
      ]
    ],
    "location": [
      124.26757887138115,
      14.02878089564183,
      -2.164098422816494
    ],
    "rotation": [
      -0.019485742099184945,
      0.037856110997067635,
      0.15424214826415372
    ]
  },
  {
    "label_id": "0wBZnA_8JMJFPBxny6Tm-A",
    "size": [
      0.8268623261392862,
      0.9830332538591489,
      1.6300000000000026
    ],
    "obj_class": "pedestrian",
    "point_num_in_lidar": 55,
    "speed": 1.4993767199593688,
    "if_vehicle": false,
    "motion_state": true,
    "pose": [
      [
        -0.9669021789513202,
        0.252818130266989,
        0.0343972287763573,
        76.7746502993549
      ],
      [
        -0.2520535747479615,
        -0.9673885785065587,
        0.025066583968175016,
        20.781152355735685
      ],
      [
        0.03961277314153967,
        0.015566990183190348,
        0.9990938379455022,
        -1.284991003892607
      ],
      [
        0.0,
        0.0,
        0.0,
        1.0
      ]
    ],
    "location": [
      76.7746502993549,
      20.781152355735685,
      -1.284991003892607
    ],
    "rotation": [
      0.015579848496441317,
      -0.039623140338165594,
      -2.8865862910041855
    ]
  },
  {
    "label_id": "1HYaZFDc4DDvb3HfoqZuzg",
    "size": [
      0.6972519486217543,
      0.7764543871808254,
      1.7800000000000011
    ],
    "obj_class": "pedestrian",
    "point_num_in_lidar": 22,
    "speed": 1.1005410002963463,
    "if_vehicle": false,
    "motion_state": true,
    "pose": [
      [
        0.9972446988695486,
        -0.06572549907829196,
        0.0343972287763573,
        79.4864980400173
      ],
      [
        0.0648828631950897,
        0.9975780071913043,
        0.025066583968175016,
        19.336607014527544
      ],
      [
        -0.03596143267711811,
        -0.022765727292044353,
        0.9990938379455022,
        -1.200965213287141
      ],
      [
        0.0,
        0.0,
        0.0,
        1.0
      ]
    ],
    "location": [
      79.4864980400173,
      19.336607014527544,
      -1.200965213287141
    ],
    "rotation": [
      -0.022782432963320175,
      0.03596918822645585,
      0.0649705570066542
    ]
  },
  {
    "label_id": "1a4IZcUFLKkimx_5GCJ-CQ",
    "size": [
      0.9515042209030202,
      0.975551333507289,
      1.5499999999999972
    ],
    "obj_class": "pedestrian",
    "point_num_in_lidar": 48,
    "speed": 1.4578181063873175,
    "if_vehicle": false,
    "motion_state": true,
    "pose": [
      [
        0.9980442318380675,
        -0.0521971450107112,
        0.0343972287763573,
        59.62522887888849
      ],
      [
        0.05135006704489963,
        0.9983660836500061,
        0.025066583968175016,
        16.997176668091925
      ],
      [
        -0.03564943070017513,
        -0.02325125953749695,
        0.9990938379455022,
        -0.8809223416128731
      ],
      [
        0.0,
        0.0,
        0.0,
        1.0
      ]
    ],
    "location": [
      59.62522887888849,
      16.997176668091925,
      -0.8809223416128731
    ],
    "rotation": [
      -0.023268147969494054,
      0.03565698605795053,
      0.05140536500244268
    ]
  },
  {
    "label_id": "1jfGLq5QfYJKXOi2khKr_w",
    "size": [
      0.6862912307103595,
      0.8478699398593197,
      1.7899999999999991
    ],
    "obj_class": "pedestrian",
    "point_num_in_lidar": 57,
    "speed": 1.0999712559938195,
    "if_vehicle": false,
    "motion_state": true,
    "pose": [
      [
        0.9937103474638186,
        -0.10656723697198885,
        0.0343972287763573,
        77.24951444102214
      ],
      [
        0.10573897895157434,
        0.9940779319039554,
        0.025066583968175016,
        19.851082542145377
      ],
      [
        -0.03686480263904325,
        -0.021271796015170447,
        0.9990938379455022,
        -1.2376861944220465
      ],
      [
        0.0,
        0.0,
        0.0,
        1.0
      ]
    ],
    "location": [
      77.24951444102214,
      19.851082542145377,
      -1.2376861944220465
    ],
    "rotation": [
      -0.021287872909088363,
      0.03687315771145867,
      0.10600934626845088
    ]
  },
  {
    "label_id": "3HfnZ-jQRpz-Kq670Sffgw",
    "size": [
      1.9179525928726453,
      4.646399190909152,
      1.519999999999996
    ],
    "obj_class": "vehicle",
    "point_num_in_lidar": 111,
    "speed": 2.8421709430404007e-13,
    "if_vehicle": true,
    "motion_state": false,
    "pose": [
      [
        0.991000574151851,
        -0.1293626402142779,
        0.0343972287763573,
        81.53898301882009
      ],
      [
        0.12854304335795036,
        0.9913870850341167,
        0.025066583968175016,
        16.273254464089405
      ],
      [
        -0.037343647853120505,
        -0.02041947463449439,
        0.9990938379455022,
        -1.6885025715880744
      ],
      [
        0.0,
        0.0,
        0.0,
        1.0
      ]
    ],
    "location": [
      81.53898301882009,
      16.273254464089405,
      -1.6885025715880744
    ],
    "rotation": [
      -0.02043514975345747,
      0.037352332889612504,
      0.12899016918411332
    ]
  },
  {
    "label_id": "5_yjagwD-XEyaFu36rcIGw",
    "size": [
      0.6469077117512673,
      0.8526376858233217,
      1.75
    ],
    "obj_class": "pedestrian",
    "point_num_in_lidar": 40,
    "speed": 1.0367523859513128,
    "if_vehicle": false,
    "motion_state": true,
    "pose": [
      [
        0.15029839424937894,
        -0.9880421161765147,
        0.0343972287763573,
        92.30937333795043
      ],
      [
        0.9881863913150992,
        0.15119299715201118,
        0.025066583968175016,
        3.7238164261907514
      ],
      [
        -0.029967460781652803,
        0.030223406056014476,
        0.9990938379455022,
        -2.016229142652165
      ],
      [
        0.0,
        0.0,
        0.0,
        1.0
      ]
    ],
    "location": [
      92.30937333795043,
      3.7238164261907514,
      -2.016229142652165
    ],
    "rotation": [
      0.03024159563393107,
      0.029971947968487987,
      1.4198579287589588
    ]
  },
  {
    "label_id": "7UguPnYQrmWFtcN1psI8ag",
    "size": [
      0.7446045321502174,
      0.9695763688623205,
      1.8599999999999994
    ],
    "obj_class": "pedestrian",
    "point_num_in_lidar": 68,
    "speed": 1.398532054208716,
    "if_vehicle": false,
    "motion_state": true,
    "pose": [
      [
        -0.007863754631338924,
        -0.9993773021314848,
        0.0343972287763573,
        93.82380158789795
      ],
      [
        0.999661253189383,
        -0.00700323068296202,
        0.025066583968175016,
        9.246982875329195
      ],
      [
        -0.024810083331791626,
        0.03458269429058683,
        0.9990938379455022,
        -1.8097645095446566
      ],
      [
        0.0,
        0.0,
        0.0,
        1.0
      ]
    ],
    "location": [
      93.82380158789795,
      9.246982875329195,
      -1.8097645095446566
    ],
    "rotation": [
      0.03460024608335709,
      0.024812629304492025,
      1.5786625838972663
    ]
  },
  {
    "label_id": "BMsVsI9u-XO6uaeysrmA3w",
    "size": [
      0.6890163519221614,
      0.7958109185850852,
      1.7299999999999969
    ],
    "obj_class": "pedestrian",
    "point_num_in_lidar": 82,
    "speed": 1.3413901483846935,
    "if_vehicle": false,
    "motion_state": true,
    "pose": [
      [
        0.9988527952493321,
        -0.033315523035108034,
        0.0343972287763573,
        77.57167237423016
      ],
      [
        0.03246251054038101,
        0.9991585718881575,
        0.025066583968175016,
        19.123990714486354
      ],
      [
        -0.03520339233669859,
        -0.023921207062251315,
        0.9990938379455022,
        -1.2802176600088657
      ],
      [
        0.0,
        0.0,
        0.0,
        1.0
      ]
    ],
    "location": [
      77.57167237423016,
      19.123990714486354,
      -1.2802176600088657
    ],
    "rotation": [
      -0.02393832959521493,
      0.03521066753111644,
      0.03248835921386867
    ]
  },
  {
    "label_id": "DpKKPa5FRfdZLz9japNk8Q",
    "size": [
      0.7249968701656095,
      0.8849625433311452,
      1.8299999999999983
    ],
    "obj_class": "pedestrian",
    "point_num_in_lidar": 22,
    "speed": 1.9284635595820376,
    "if_vehicle": false,
    "motion_state": true,
    "pose": [
      [
        0.20802639810443227,
        0.977518208702121,
        0.0343972287763573,
        91.74429287756175
      ],
      [
        -0.9779688863367968,
        0.20724025604436003,
        0.025066583968175016,
        16.21051624784741
      ],
      [
        0.01737455176002303,
        -0.03885393069516792,
        0.9990938379455022,
        -1.6551697714731333
      ],
      [
        0.0,
        0.0,
        0.0,
        1.0
      ]
    ],
    "location": [
      91.74429287756175,
      16.21051624784741,
      -1.6551697714731333
    ],
    "rotation": [
      -0.038869583449533604,
      -0.017375426036070108,
      -1.361207436536568
    ]
  },
  {
    "label_id": "F7lTnSl61ud08HVsq-smOQ",
    "size": [
      0.6928800511634077,
      0.7529766446113904,
      1.6400000000000006
    ],
    "obj_class": "pedestrian",
    "point_num_in_lidar": 83,
    "speed": 1.3294297180249464,
    "if_vehicle": false,
    "motion_state": true,
    "pose": [
      [
        0.9954507227146412,
        -0.08885206412574648,
        0.0343972287763573,
        76.78547763222696
      ],
      [
        0.08801739069460972,
        0.9958034973344285,
        0.025066583968175016,
        19.35851028302568
      ],
      [
        -0.03648009844026274,
        -0.021924994803086545,
        0.9990938379455022,
        -1.313217310919505
      ],
      [
        0.0,
        0.0,
        0.0,
        1.0
      ]
    ],
    "location": [
      76.78547763222696,
      19.35851028302568,
      -1.313217310919505
    ],
    "rotation": [
      -0.021941358716302425,
      0.036488194560768246,
      0.08819028849127061
    ]
  },
  {
    "label_id": "FffuTa5CoBCUrczn2a-vqw",
    "size": [
      0.8910036026471515,
      1.0492108890105931,
      1.8599999999999994
    ],
    "obj_class": "pedestrian",
    "point_num_in_lidar": 1069,
    "speed": 1.3647635599587713,
    "if_vehicle": false,
    "motion_state": true,
    "pose": [
      [
        0.9834023528223175,
        -0.1781478125491228,
        0.0343972287763573,
        45.43924287224911
      ],
      [
        0.1773483046561384,
        0.983828869877155,
        0.025066583968175016,
        13.30198470600044
      ],
      [
        -0.03830654381595885,
        -0.018550247443165187,
        0.9990938379455022,
        -0.3814698561664258
      ],
      [
        0.0,
        0.0,
        0.0,
        1.0
      ]
    ],
    "location": [
      45.43924287224911,
      13.30198470600044,
      -0.3814698561664258
    ],
    "rotation": [
      -0.01856493908021838,
      0.038315918455780806,
      0.1784237496660604
    ]
  },
  {
    "label_id": "GsKDCrOHfvk8e-YxrpZCcQ",
    "size": [
      0.759420280278463,
      0.7815636330990099,
      1.7700000000000031
    ],
    "obj_class": "pedestrian",
    "point_num_in_lidar": 95,
    "speed": 1.1894383237706718,
    "if_vehicle": false,
    "motion_state": true,
    "pose": [
      [
        0.997148762132791,
        0.06716529482961865,
        0.0343972287763573,
        78.57083206527034
      ],
      [
        -0.0680447032213389,
        0.9973673268819702,
        0.025066583968175016,
        18.87740763216243
      ],
      [
        -0.032623067614229194,
        -0.027335662398487115,
        0.9990938379455022,
        -1.2733260935895032
      ],
      [
        0.0,
        0.0,
        0.0,
        1.0
      ]
    ],
    "location": [
      78.57083206527034,
      18.87740763216243,
      -1.2733260935895032
    ],
    "rotation": [
      -0.027353631174195807,
      0.03262885698297463,
      -0.06813364362194815
    ]
  },
  {
    "label_id": "I5xneQtkttgIrX3p2aNLJQ",
    "size": [
      0.5927357414421831,
      0.8028071134260143,
      1.75
    ],
    "obj_class": "pedestrian",
    "point_num_in_lidar": 67,
    "speed": 0.8701602282233438,
    "if_vehicle": false,
    "motion_state": false,
    "pose": [
      [
        0.9863645488213836,
        -0.16094038486624618,
        0.0343972287763573,
        52.06668783608745
      ],
      [
        0.16013354765080445,
        0.9867770332171976,
        0.025066583968175016,
        -22.39417525889621
      ],
      [
        -0.03797662103394723,
        -0.019216639512947845,
        0.9990938379455022,
        0.8608149416991253
      ],
      [
        0.0,
        0.0,
        0.0,
        1.0
      ]
    ],
    "location": [
      52.06668783608745,
      -22.39417525889621,
      0.8608149416991253
    ],
    "rotation": [
      -0.019231697345117274,
      0.037985755427520224,
      0.16094305667293332
    ]
  },
  {
    "label_id": "KApnY9cu-6X5mwhWn7kKNg",
    "size": [
      1.9637538912406538,
      4.408086105477256,
      2.1000000000000014
    ],
    "obj_class": "vehicle",
    "point_num_in_lidar": 739,
    "speed": 0.006122259517385786,
    "if_vehicle": true,
    "motion_state": false,
    "pose": [
      [
        0.9859240050301846,
        -0.16361750199091651,
        0.0343972287763573,
        74.27789483228946
      ],
      [
        0.16281178753097092,
        0.9863386782485702,
        0.025066583968175016,
        15.389317022418254
      ],
      [
        -0.03802864901900429,
        -0.019113472555138046,
        0.9990938379455022,
        -1.2414008635424594
      ],
      [
        0.0,
        0.0,
        0.0,
        1.0
      ]
    ],
    "location": [
      74.27789483228946,
      15.389317022418254,
      -1.2414008635424594
    ],
    "rotation": [
      -0.019128474799007974,
      0.03803782102274055,
      0.1636592494473809
    ]
  },
  {
    "label_id": "KtpOcOD6i_wv5LraLF15Uw",
    "size": [
      1.7747149394938724,
      0.17030016092349531,
      1.8699999999999974
    ],
    "obj_class": "sign",
    "point_num_in_lidar": 74,
    "speed": 0.015144875106705603,
    "if_vehicle": false,
    "motion_state": false,
    "pose": [
      [
        -0.9893213329079539,
        0.14163379153908373,
        0.0343972287763573,
        114.81305732937756
      ],
      [
        -0.14081904749997504,
        -0.9897179710550711,
        0.025066583968175016,
        12.055858290294054
      ],
      [
        0.037593830802798885,
        0.019955121269918687,
        0.9990938379455022,
        -1.4724243095386385
      ],
      [
        0.0,
        0.0,
        0.0,
        1.0
      ]
    ],
    "location": [
      114.81305732937756,
      12.055858290294054,
      -1.4724243095386385
    ],
    "rotation": [
      0.019970564910654666,
      -0.03760269164180165,
      -3.0002033778391426
    ]
  },
  {
    "label_id": "L3h4EMh185ybNmptkaD9hA",
    "size": [
      0.940258492878417,
      1.0092154170585907,
      1.7899999999999991
    ],
    "obj_class": "pedestrian",
    "point_num_in_lidar": 21,
    "speed": 0.044597320086541055,
    "if_vehicle": false,
    "motion_state": false,
    "pose": [
      [
        0.9599151496381682,
        -0.27817213402431296,
        0.0343972287763573,
        95.25420471379391
      ],
      [
        0.27742064156861385,
        0.9604214980933242,
        0.025066583968175016,
        22.34899559879159
      ],
      [
        -0.04000866314677475,
        -0.014519292425409,
        0.9990938379455022,
        -1.683357346503712
      ],
      [
        0.0,
        0.0,
        0.0,
        1.0
      ]
    ],
    "location": [
      95.25420471379391,
      22.34899559879159,
      -1.683357346503712
    ],
    "rotation": [
      -0.014531438271325562,
      0.04001934444111354,
      0.28133971560104787
    ]
  },
  {
    "label_id": "LOFTK7cAR19Z_eB-h15rrQ",
    "size": [
      0.7049898602961807,
      0.964005024151008,
      1.8399999999999963
    ],
    "obj_class": "pedestrian",
    "point_num_in_lidar": 20,
    "speed": 1.5256973607945525,
    "if_vehicle": false,
    "motion_state": true,
    "pose": [
      [
        0.1365343234249603,
        0.9900379837053704,
        0.0343972287763573,
        92.30240512821922
      ],
      [
        -0.9904304185281244,
        0.13571754647933695,
        0.025066583968175016,
        18.588187286517496
      ],
      [
        0.0201485627550177,
        -0.037490510775844935,
        0.9990938379455022,
        -1.714827280267528
      ],
      [
        0.0,
        0.0,
        0.0,
        1.0
      ]
    ],
    "location": [
      92.30240512821922,
      18.588187286517496,
      -1.714827280267528
    ],
    "rotation": [
      -0.037506916311293485,
      -0.020149926271264818,
      -1.4338062167073349
    ]
  },
  {
    "label_id": "LuS7gN3gUPNcgKjs-EjAqA",
    "size": [
      0.736097950126762,
      0.9737403987557425,
      1.7100000000000009
    ],
    "obj_class": "pedestrian",
    "point_num_in_lidar": 47,
    "speed": 1.296625354899178,
    "if_vehicle": false,
    "motion_state": true,
    "pose": [
      [
        0.2862584531738915,
        -0.9575348184995667,
        0.0343972287763573,
        92.19203356270327
      ],
      [
        0.9575532663981249,
        0.2871644274252091,
        0.025066583968175016,
        7.294027273130268
      ],
      [
        -0.03387978743694718,
        0.025761657216761262,
        0.9990938379455022,
        -1.993145108517858
      ],
      [
        0.0,
        0.0,
        0.0,
        1.0
      ]
    ],
    "location": [
      92.19203356270327,
      7.294027273130268,
      -1.993145108517858
    ],
    "rotation": [
      0.025779310364156944,
      0.0338862722162597,
      1.2803051223975115
    ]
  },
  {
    "label_id": "MnRuzWQWp8m6TF0j9kK7eQ",
    "size": [
      0.4610639659524607,
      0.10289208226310916,
      0.5300000000000011
    ],
    "obj_class": "sign",
    "point_num_in_lidar": 31,
    "speed": 0.007873783913310959,
    "if_vehicle": false,
    "motion_state": false,
    "pose": [
      [
        -0.9969197094325917,
        0.0704834987592419,
        0.0343972287763573,
        67.44348827127828
      ],
      [
        -0.06964246298257325,
        -0.9972570349302569,
        0.025066583968175016,
        16.68005242340587
      ],
      [
        0.036069658919347075,
        0.022593863874260132,
        0.9990938379455022,
        0.7170469241152873
      ],
      [
        0.0,
        0.0,
        0.0,
        1.0
      ]
    ],
    "location": [
      67.44348827127828,
      16.68005242340587,
      0.7170469241152873
    ],
    "rotation": [
      0.022610502265625637,
      -0.03607748472828333,
      -3.0718483143929047
    ]
  },
  {
    "label_id": "Njep4Sgekb4aPkRERmPvmQ",
    "size": [
      0.6678420590202162,
      0.8693823080183134,
      1.8100000000000023
    ],
    "obj_class": "pedestrian",
    "point_num_in_lidar": 47,
    "speed": 1.1411188989360757,
    "if_vehicle": false,
    "motion_state": true,
    "pose": [
      [
        0.9988741587701192,
        -0.03266872501022946,
        0.0343972287763573,
        77.93576445954534
      ],
      [
        0.0318155146935989,
        0.9991793829903357,
        0.025066583968175016,
        19.597261119661198
      ],
      [
        -0.03518789516394024,
        -0.023943997436898092,
        0.9990938379455022,
        -1.2094027475171032
      ],
      [
        0.0,
        0.0,
        0.0,
        1.0
      ]
    ],
    "location": [
      77.93576445954534,
      19.597261119661198,
      -1.2094027475171032
    ],
    "rotation": [
      -0.02396112755868976,
      0.035195160750999016,
      0.031840609656024345
    ]
  },
  {
    "label_id": "OxgSifGtf3xSOt5KTJOZgg",
    "size": [
      0.7653315978078339,
      0.9961299784013146,
      1.9600000000000009
    ],
    "obj_class": "pedestrian",
    "point_num_in_lidar": 63,
    "speed": 1.0727471143228224,
    "if_vehicle": false,
    "motion_state": true,
    "pose": [
      [
        -0.03546619329040486,
        -0.9987787441600842,
        0.0343972287763573,
        92.52835829371213
      ],
      [
        0.9990863568116402,
        -0.03461384117677201,
        0.025066583968175016,
        5.81034126627128
      ],
      [
        -0.023845351042331216,
        0.03525481829473278,
        0.9990938379455022,
        -1.984563783045438
      ],
      [
        0.0,
        0.0,
        0.0,
        1.0
      ]
    ],
    "location": [
      92.52835829371213,
      5.81034126627128,
      -1.984563783045438
    ],
    "rotation": [
      0.03527215890470804,
      0.023847611368208708,
      1.6062800532003119
    ]
  },
  {
    "label_id": "Q5PhKXgruUST0xy6Tmhvuw",
    "size": [
      2.1945859371552654,
      3.7584377944850687,
      1.759999999999998
    ],
    "obj_class": "vehicle",
    "point_num_in_lidar": 777,
    "speed": 3.0989608081778623,
    "if_vehicle": true,
    "motion_state": true,
    "pose": [
      [
        0.9885683160244673,
        -0.14679753133161486,
        0.0343972287763573,
        66.61063282826171
      ],
      [
        0.14598486941658112,
        0.9889692028923806,
        0.025066583968175016,
        10.996325780881307
      ],
      [
        -0.03769751257010565,
        -0.019758555750695895,
        0.9990938379455022,
        -1.1721000691988621
      ],
      [
        0.0,
        0.0,
        0.0,
        1.0
      ]
    ],
    "location": [
      66.61063282826171,
      10.996325780881307,
      -1.1721000691988621
    ],
    "rotation": [
      -0.019773898795301247,
      0.037706446956061096,
      0.14661340004892692
    ]
  },
  {
    "label_id": "Tb5x0wvMAkpe0WlvgMtulQ",
    "size": [
      1.9769816586274354,
      4.3758820982642375,
      1.6499999999999986
    ],
    "obj_class": "vehicle",
    "point_num_in_lidar": 115,
    "speed": 5.684341886080801e-13,
    "if_vehicle": true,
    "motion_state": false,
    "pose": [
      [
        -0.14999999642058637,
        -0.9880874615773299,
        0.0343972287763573,
        48.038992097846176
      ],
      [
        0.9884909795908717,
        -0.14918863775651792,
        0.025066583968175016,
        -20.428407428362334
      ],
      [
        -0.019636301619785,
        0.03776133787385533,
        0.9990938379455022,
        -2.44593296217068
      ],
      [
        0.0,
        0.0,
        0.0,
        1.0
      ]
    ],
    "location": [
      48.038992097846176,
      -20.428407428362334,
      -2.44593296217068
    ],
    "rotation": [
      0.037777605131104564,
      0.019637563747197002,
      1.7213938542342926
    ]
  },
  {
    "label_id": "TyDn53lKdVBMPj-OW8x22A",
    "size": [
      0.7061786621868876,
      0.9443445160493246,
      1.8399999999999963
    ],
    "obj_class": "pedestrian",
    "point_num_in_lidar": 52,
    "speed": 1.4238240344589947,
    "if_vehicle": false,
    "motion_state": true,
    "pose": [
      [
        0.09766575500683122,
        -0.9946246683807178,
        0.0343972287763573,
        77.42941959749805
      ],
      [
        0.9948162038192795,
        0.09855144335201067,
        0.025066583968175016,
        -23.624315208176995
      ],
      [
        -0.028321739310002817,
        0.0317707737045051,
        0.9990938379455022,
        -0.5387726172044367
      ],
      [
        0.0,
        0.0,
        0.0,
        1.0
      ]
    ],
    "location": [
      77.42941959749805,
      -23.624315208176995,
      -0.5387726172044367
    ],
    "rotation": [
      0.03178887705565245,
      0.02832552692057053,
      1.4729352539624658
    ]
  },
  {
    "label_id": "W1kdd1w2Xb7p8BBS2en2BA",
    "size": [
      2.214043056889427,
      3.7207583453108057,
      1.2800000000000011
    ],
    "obj_class": "vehicle",
    "point_num_in_lidar": 26,
    "speed": 0.005593532935929087,
    "if_vehicle": true,
    "motion_state": false,
    "pose": [
      [
        0.9877425974176708,
        -0.15225436578009977,
        0.0343972287763573,
        88.82162599733147
      ],
      [
        0.15144393003388182,
        0.9881479658553467,
        0.025066583968175016,
        14.483648949706549
      ],
      [
        -0.03780604849076656,
        -0.019550081248947252,
        0.9990938379455022,
        -1.658533751284402
      ],
      [
        0.0,
        0.0,
        0.0,
        1.0
      ]
    ],
    "location": [
      88.82162599733147,
      14.483648949706549,
      -1.658533751284402
    ],
    "rotation": [
      -0.019565315931451197,
      0.03781506030207581,
      0.1521384992746471
    ]
  },
  {
    "label_id": "YFsJo6nQebutOB3c0Rd3gA",
    "size": [
      0.891657819982496,
      0.8037033151583719,
      1.8699999999999974
    ],
    "obj_class": "pedestrian",
    "point_num_in_lidar": 26,
    "speed": 1.2876554115530539,
    "if_vehicle": false,
    "motion_state": true,
    "pose": [
      [
        -0.9391762246990799,
        0.34170872042207345,
        0.0343972287763573,
        116.20126330425273
      ],
      [
        -0.34099275163177567,
        -0.9397316689900138,
        0.025066583968175016,
        8.15384754403749
      ],
      [
        0.040889635539755116,
        0.01181273400837532,
        0.9990938379455022,
        -1.8340943509714336
      ],
      [
        0.0,
        0.0,
        0.0,
        1.0
      ]
    ],
    "location": [
      116.20126330425273,
      8.15384754403749,
      -1.8340943509714336
    ],
    "rotation": [
      0.011822897065763999,
      -0.04090103844266775,
      -2.793316278064856
    ]
  },
  {
    "label_id": "alCtOgYcyvSmD9foO0clkg",
    "size": [
      0.9786878883522411,
      0.8466946051033566,
      1.8699999999999974
    ],
    "obj_class": "pedestrian",
    "point_num_in_lidar": 33,
    "speed": 1.3424190699590735,
    "if_vehicle": false,
    "motion_state": true,
    "pose": [
      [
        -0.9391762246995949,
        0.34170872042065753,
        0.0343972287763573,
        115.93370112342177
      ],
      [
        -0.34099275163035886,
        -0.939731668990528,
        0.025066583968175016,
        9.041545179750756
      ],
      [
        0.04088963553973731,
        0.011812734008436968,
        0.9990938379455022,
        -1.8840943509714023
      ],
      [
        0.0,
        0.0,
        0.0,
        1.0
      ]
    ],
    "location": [
      115.93370112342177,
      9.041545179750756,
      -1.8840943509714023
    ],
    "rotation": [
      0.011822897065825694,
      -0.04090103844264993,
      -2.793316278066365
    ]
  },
  {
    "label_id": "bcz7REbn_CUSYUPs1N5iZA",
    "size": [
      0.8876727643219959,
      0.9776859722758251,
      1.7800000000000011
    ],
    "obj_class": "pedestrian",
    "point_num_in_lidar": 574,
    "speed": 1.326756959361421,
    "if_vehicle": false,
    "motion_state": true,
    "pose": [
      [
        0.9884218886040953,
        -0.14778024489362715,
        0.0343972287763573,
        56.05929002055859
      ],
      [
        0.14696798192223512,
        0.9888235831824967,
        0.025066583968175016,
        15.939148142690101
      ],
      [
        -0.03771713692764928,
        -0.01972106896969802,
        0.9990938379455022,
        -0.7507329257415947
      ],
      [
        0.0,
        0.0,
        0.0,
        1.0
      ]
    ],
    "location": [
      56.05929002055859,
      15.939148142690101,
      -0.7507329257415947
    ],
    "rotation": [
      -0.01973639265557199,
      0.0377260852798714,
      0.14760806453089612
    ]
  },
  {
    "label_id": "fK-Tw46xvydKIOslVz5dCQ",
    "size": [
      0.6473743135463018,
      0.8376383631190127,
      1.7299999999999969
    ],
    "obj_class": "pedestrian",
    "point_num_in_lidar": 37,
    "speed": 1.0470965264477612,
    "if_vehicle": false,
    "motion_state": true,
    "pose": [
      [
        0.17932229174680928,
        -0.9831888660553371,
        0.0343972287763573,
        92.73763723671937
      ],
      [
        0.983306740557216,
        0.1802207544732584,
        0.025066583968175016,
        3.470925135678044
      ],
      [
        -0.03084428078941527,
        0.0293280296288438,
        0.9990938379455022,
        -2.0062271820620623
      ],
      [
        0.0,
        0.0,
        0.0,
        1.0
      ]
    ],
    "location": [
      92.73763723671937,
      3.470925135678044,
      -2.0062271820620623
    ],
    "rotation": [
      0.02934620246476692,
      0.03084917360320638,
      1.390412024532472
    ]
  },
  {
    "label_id": "hXgWqzlFtVSZhB20i4m6ZA",
    "size": [
      0.6972519486225268,
      0.7764543871808254,
      1.9099999999999966
    ],
    "obj_class": "pedestrian",
    "point_num_in_lidar": 23,
    "speed": 1.328296140499284,
    "if_vehicle": false,
    "motion_state": true,
    "pose": [
      [
        0.9966216571078469,
        0.07457950949232997,
        0.0343972287763573,
        77.85948453170761
      ],
      [
        -0.07546051908904625,
        0.9968336754077776,
        0.025066583968175016,
        20.134185502831315
      ],
      [
        -0.03241886244798362,
        -0.02757753319108417,
        0.9990938379455022,
        -1.2017555017967254
      ],
      [
        0.0,
        0.0,
        0.0,
        1.0
      ]
    ],
    "location": [
      77.85948453170761,
      20.134185502831315,
      -1.2017555017967254
    ],
    "rotation": [
      -0.027595538642065716,
      0.03242454374560595,
      -0.07557211756881897
    ]
  },
  {
    "label_id": "i2Z_DWskPJWGzXDXCYvBrA",
    "size": [
      0.8354407080871281,
      0.875556846582244,
      1.6700000000000017
    ],
    "obj_class": "pedestrian",
    "point_num_in_lidar": 84,
    "speed": 1.3071411486515199,
    "if_vehicle": false,
    "motion_state": true,
    "pose": [
      [
        0.9975373047863442,
        -0.06112410500042827,
        0.0343972287763573,
        75.97522753628766
      ],
      [
        0.06027994039780147,
        0.9978667221396874,
        0.025066583968175016,
        19.793518306199985
      ],
      [
        -0.03585602244022537,
        -0.02293138971132553,
        0.9990938379455022,
        -1.2842174806952684
      ],
      [
        0.0,
        0.0,
        0.0,
        1.0
      ]
    ],
    "location": [
      75.97522753628766,
      19.793518306199985,
      -1.2842174806952684
    ],
    "rotation": [
      -0.022948158960007063,
      0.035863709963806036,
      0.06035536416333655
    ]
  },
  {
    "label_id": "j8WoUJffrUm63kD-JaYkzQ",
    "size": [
      0.6529170834691556,
      0.7646726293301956,
      1.7299999999999969
    ],
    "obj_class": "pedestrian",
    "point_num_in_lidar": 43,
    "speed": 1.260442370351746,
    "if_vehicle": false,
    "motion_state": true,
    "pose": [
      [
        0.15135254725936687,
        -0.9878811857154727,
        0.0343972287763573,
        93.74963754581745
      ],
      [
        0.9880245062327802,
        0.15224730359398006,
        0.025066583968175016,
        2.830282470642487
      ],
      [
        -0.029999692024622847,
        0.030191413642862295,
        0.9990938379455022,
        -2.0195608421604803
      ],
      [
        0.0,
        0.0,
        0.0,
        1.0
      ]
    ],
    "location": [
      93.74963754581745,
      2.830282470642487,
      -2.0195608421604803
    ],
    "rotation": [
      0.030209603449627045,
      0.03000419370941867,
      1.418790938589637
    ]
  },
  {
    "label_id": "mkzmjAm__2usQG083TYBDA",
    "size": [
      0.8584394608360705,
      0.8690893098194084,
      1.75
    ],
    "obj_class": "pedestrian",
    "point_num_in_lidar": 49,
    "speed": 0.7305270491548275,
    "if_vehicle": false,
    "motion_state": false,
    "pose": [
      [
        -0.9934918961030537,
        -0.10858491161329158,
        0.0343972287763573,
        82.5384681101416
      ],
      [
        0.10947265037039638,
        -0.9936736915049365,
        0.025066583968175016,
        20.682570723018216
      ],
      [
        0.03145776849111135,
        0.028669003834913304,
        0.9990938379455022,
        -1.3395564357054468
      ],
      [
        0.0,
        0.0,
        0.0,
        1.0
      ]
    ],
    "location": [
      82.5384681101416,
      20.682570723018216,
      -1.3395564357054468
    ],
    "rotation": [
      0.028687134194359202,
      -0.03146295919141607,
      3.0318456226460064
    ]
  },
  {
    "label_id": "pVpcbv1cT0b_RshXs9zNUA",
    "size": [
      1.0026784788150647,
      0.12874078397309718,
      0.45000000000000284
    ],
    "obj_class": "sign",
    "point_num_in_lidar": 20,
    "speed": 0.02425123234936939,
    "if_vehicle": false,
    "motion_state": false,
    "pose": [
      [
        -0.9581187780168203,
        0.28429779785299464,
        0.0343972287763573,
        107.362217935947
      ],
      [
        -0.28354955496501716,
        -0.9586299162071396,
        0.025066583968175016,
        26.25022604667174
      ],
      [
        0.04010058716148654,
        0.01426344588907787,
        0.9990938379455022,
        0.07513585907049247
      ],
      [
        0.0,
        0.0,
        0.0,
        1.0
      ]
    ],
    "location": [
      107.362217935947,
      26.25022604667174,
      0.07513585907049247
    ],
    "rotation": [
      0.01427541280974538,
      -0.04011134228491028,
      -2.8538610521636882
    ]
  },
  {
    "label_id": "rnU7ADUc_Y7-oj7NrdnOsg",
    "size": [
      0.8706653190015909,
      0.9767878337282155,
      1.7700000000000031
    ],
    "obj_class": "pedestrian",
    "point_num_in_lidar": 757,
    "speed": 0.9183650991691263,
    "if_vehicle": false,
    "motion_state": false,
    "pose": [
      [
        -0.985677700071613,
        0.1650948280051269,
        0.0343972287763573,
        46.259399692438365
      ],
      [
        -0.16428973588090337,
        -0.98609358027134,
        0.025066583968175016,
        15.914056107192664
      ],
      [
        0.03805724984439245,
        0.019056461203699963,
        0.9990938379455022,
        -0.40646797273421953
      ],
      [
        0.0,
        0.0,
        0.0,
        1.0
      ]
    ],
    "location": [
      46.259399692438365,
      15.914056107192664,
      -0.40646797273421953
    ],
    "rotation": [
      0.01907143255374844,
      -0.03806644256712293,
      -2.9764339874192527
    ]
  },
  {
    "label_id": "sNygxkvj9rIACrP7AQ4GwA",
    "size": [
      2.906732876441228,
      12.41259995732931,
      3.969999999999999
    ],
    "obj_class": "vehicle",
    "point_num_in_lidar": 6213,
    "speed": 2.864289338439558e-13,
    "if_vehicle": true,
    "motion_state": false,
    "pose": [
      [
        0.9848768156465183,
        -0.16980721025469217,
        0.0343972287763573,
        70.86191489125338
      ],
      [
        0.16900411639839713,
        0.9852965416607142,
        0.025066583968175016,
        1.236083266832793
      ],
      [
        -0.038147957250308034,
        -0.01887422414181049,
        0.9990938379455022,
        -0.3587629570591204
      ],
      [
        0.0,
        0.0,
        0.0,
        1.0
      ]
    ],
    "location": [
      70.86191489125338,
      1.236083266832793,
      -0.3587629570591204
    ],
    "rotation": [
      -0.018889095908912273,
      0.038157215889739075,
      0.1699440687422766
    ]
  },
  {
    "label_id": "tnRPM6MdPaKwSYNbbGXKGw",
    "size": [
      1.853854320361664,
      3.6340820156792333,
      1.2800000000000011
    ],
    "obj_class": "vehicle",
    "point_num_in_lidar": 38,
    "speed": 0.1547843301211935,
    "if_vehicle": true,
    "motion_state": false,
    "pose": [
      [
        0.9901985318431016,
        -0.13536505527008527,
        0.0343972287763573,
        81.29538215410821
      ],
      [
        0.1345478154530206,
        0.9905900018297108,
        0.025066583968175016,
        13.066582004794327
      ],
      [
        -0.037466690440793,
        -0.020192822654112076,
        0.9990938379455022,
        -1.4967467256887872
      ],
      [
        0.0,
        0.0,
        0.0,
        1.0
      ]
    ],
    "location": [
      81.29538215410821,
      13.066582004794327,
      -1.4967467256887872
    ],
    "rotation": [
      -0.0202083858777744,
      0.0374754616451086,
      0.1350525179573657
    ]
  },
  {
    "label_id": "wAY75Hmuz5resyA5vxzqWg",
    "size": [
      0.6850588931321627,
      0.736135910590657,
      1.6799999999999997
    ],
    "obj_class": "pedestrian",
    "point_num_in_lidar": 23,
    "speed": 1.5343569909443153,
    "if_vehicle": false,
    "motion_state": true,
    "pose": [
      [
        -0.1820755346562679,
        -0.9826827210916763,
        0.0343972287763573,
        112.74631645558134
      ],
      [
        0.9831124291433407,
        -0.18127773727638602,
        0.025066583968175016,
        8.04136743462368
      ],
      [
        -0.01839704714116297,
        0.03838035481613554,
        0.9990938379455022,
        -1.967920698897153
      ],
      [
        0.0,
        0.0,
        0.0,
        1.0
      ]
    ],
    "location": [
      112.74631645558134,
      8.04136743462368,
      -1.967920698897153
    ],
    "rotation": [
      0.03839628515655429,
      0.018398085050134436,
      1.7539245288762788
    ]
  },
  {
    "label_id": "zO7B1d4f4777q1yNdUEaJg",
    "size": [
      1.136087788184062,
      0.11753966349738357,
      1.2100000000000009
    ],
    "obj_class": "sign",
    "point_num_in_lidar": 150,
    "speed": 0.00637972838144338,
    "if_vehicle": false,
    "motion_state": false,
    "pose": [
      [
        -0.9540530729008029,
        0.2976567901813135,
        0.0343972287763573,
        56.31966718605315
      ],
      [
        -0.2969157619041704,
        -0.9545746155754575,
        0.025066583968175016,
        -3.253442573526627
      ],
      [
        0.04029596036082968,
        0.013701772072439191,
        0.9990938379455022,
        1.185273657967869
      ],
      [
        0.0,
        0.0,
        0.0,
        1.0
      ]
    ],
    "location": [
      56.31966718605315,
      -3.253442573526627,
      1.185273657967869
    ],
    "rotation": [
      0.01371333967101063,
      -0.040306873528024124,
      -2.839878760432665
    ]
  },
  {
    "label_id": "zeb2WL1QCRb_7e3cxfpq9w",
    "size": [
      1.7632382930096482,
      3.4409086866067753,
      1.6199999999999974
    ],
    "obj_class": "vehicle",
    "point_num_in_lidar": 147,
    "speed": 0.0004229585357043152,
    "if_vehicle": true,
    "motion_state": false,
    "pose": [
      [
        0.976951003289422,
        -0.2106740796213411,
        0.0343972287763573,
        89.57929718414096
      ],
      [
        0.20988916149290837,
        0.9774038092088503,
        0.025066583968175016,
        11.907776920692413
      ],
      [
        -0.03890086193898623,
        -0.017269218851197747,
        0.9990938379455022,
        -2.015570279733666
      ],
      [
        0.0,
        0.0,
        0.0,
        1.0
      ]
    ],
    "location": [
      89.57929718414096,
      11.907776920692413,
