[
  {
    "label_id": "-Cs9zVetNWvCdv8--MqL8Q",
    "size": [
      0.8529865893730321,
      0.8339678676017309,
      1.740000000000002
    ],
    "obj_class": "pedestrian",
    "point_num_in_lidar": 26,
    "speed": 1.3088324357101926,
    "if_vehicle": false,
    "motion_state": true,
    "pose": [
      [
        -0.993799334668567,
        0.10820547276134061,
        0.025582378247700627,
        83.43692197812629
      ],
      [
        -0.10789321067628994,
        -0.994073645324835,
        0.013290702033970668,
        20.34636659268108
      ],
      [
        0.026868894697686434,
        0.010448125912758519,
        0.999584363204345,
        -1.2773603788487122
      ],
      [
        0.0,
        0.0,
        0.0,
        1.0
      ]
    ],
    "location": [
      83.43692197812629,
      20.34636659268108,
      -1.2773603788487122
    ],
    "rotation": [
      0.010452089710450304,
      -0.02687212869221833,
      -3.033449812807662
    ]
  },
  {
    "label_id": "0wBZnA_8JMJFPBxny6Tm-A",
    "size": [
      0.8268623261392908,
      0.9830332538591489,
      1.6300000000000026
    ],
    "obj_class": "pedestrian",
    "point_num_in_lidar": 22,
    "speed": 1.7537797195132292,
    "if_vehicle": false,
    "motion_state": true,
    "pose": [
      [
        -0.9959754051957866,
        -0.08589839444529992,
        0.025582378247700627,
        81.08256714372999
      ],
      [
        0.08625778338802628,
        -0.9961841958415264,
        0.013290702033970668,
        20.243415352399097
      ],
      [
        0.02434311093663044,
        0.015443891585061119,
        0.999584363204345,
        -1.250553804385774
      ],
      [
        0.0,
        0.0,
        0.0,
        1.0
      ]
    ],
    "location": [
      81.08256714372999,
      20.243415352399097,
      -1.250553804385774
    ],
    "rotation": [
      0.01544908408716424,
      -0.02434551581336337,
      3.0552018803194296
    ]
  },
  {
    "label_id": "1a4IZcUFLKkimx_5GCJ-CQ",
    "size": [
      0.9515042209024446,
      0.975551333507289,
      1.5499999999999972
    ],
    "obj_class": "pedestrian",
    "point_num_in_lidar": 71,
    "speed": 1.4107991842530003,
    "if_vehicle": false,
    "motion_state": true,
    "pose": [
      [
        0.9779581164983471,
        -0.20722804901411648,
        0.025582378247700627,
        55.60466683215725
      ],
      [
        0.20694484077932698,
        0.978262331951028,
        0.013290702033970668,
        16.388713739310333
      ],
      [
        -0.027780483253976557,
        -0.007703608734855781,
        0.999584363204345,
        -0.7109043834388729
      ],
      [
        0.0,
        0.0,
        0.0,
        1.0
      ]
    ],
    "location": [
      55.60466683215725,
      16.388713739310333,
      -0.7109043834388729
    ],
    "rotation": [
      -0.007706659393019076,
      0.027784057784479618,
      0.20853283412400433
    ]
  },
  {
    "label_id": "1jfGLq5QfYJKXOi2khKr_w",
    "size": [
      0.6862912307103597,
      0.8478699398593197,
      1.7899999999999991
    ],
    "obj_class": "pedestrian",
    "point_num_in_lidar": 20,
    "speed": 1.4046948529281988,
    "if_vehicle": false,
    "motion_state": true,
    "pose": [
      [
        0.9939733167771884,
        -0.10659543826143243,
        0.025582378247700627,
        73.69168463142762
      ],
      [
        0.10628273222006081,
        0.9942471212285621,
        0.013290702033970668,
        19.674481326415844
      ],
      [
        -0.02685193413506975,
        -0.010491638126150475,
        0.999584363204345,
        -1.2502204212426022
      ],
      [
        0.0,
        0.0,
        0.0,
        1.0
      ]
    ],
    "location": [
      73.69168463142762,
      19.674481326415844,
      -1.2502204212426022
    ],
    "rotation": [
      -0.010495615241463368,
      0.026855162007919577,
      0.10652240705322605
    ]
  },
  {
    "label_id": "5qjHxdW2h3jFXIpQs6y-2Q",
    "size": [
      2.107334655214158,
      4.046644760548517,
      2.0700000000000003
    ],
    "obj_class": "vehicle",
    "point_num_in_lidar": 47,
    "speed": 4.016684407248906,
    "if_vehicle": true,
    "motion_state": true,
    "pose": [
      [
        0.8946573592267958,
        0.44601990034585665,
        0.025582378247700627,
        100.4828686345561
      ],
      [
        -0.44643087880864385,
        0.8947194128248175,
        0.013290702033970668,
        6.540048539342024
      ],
      [
        -0.016961132847727017,
        -0.02331138798711853,
        0.999584363204345,
        -1.8340811088413247
      ],
      [
        0.0,
        0.0,
        0.0,
        1.0
      ]
    ],
    "location": [
      100.4828686345561,
      6.540048539342024,
      -1.8340811088413247
    ],
    "rotation": [
      -0.023316854564925323,
      0.01696194618288316,
      -0.46284447593162376
    ]
  },
  {
    "label_id": "7UguPnYQrmWFtcN1psI8ag",
    "size": [
      0.7446045321509304,
      0.9695763688623205,
      1.8599999999999994
    ],
    "obj_class": "pedestrian",
    "point_num_in_lidar": 28,
    "speed": 1.2208351308280245,
    "if_vehicle": false,
    "motion_state": true,
    "pose": [
      [
        -0.1700204409316523,
        -0.9851084161596623,
        0.025582378247700627,
        93.94829658040237
      ],
      [
        0.985401681213767,
        -0.16972590815937846,
        0.013290702033970668,
        5.502651865324879
      ],
      [
        -0.008750790049367128,
        0.0274686095548376,
        0.999584363204345,
        -1.8097645095446424
      ],
      [
        0.0,
        0.0,
        0.0,
        1.0
      ]
    ],
    "location": [
      93.94829658040237,
      5.502651865324879,
      -1.8097645095446424
    ],
    "rotation": [
      0.027473117198136592,
      0.008750901737108498,
      1.7416533451572613
    ]
  },
  {
    "label_id": "BXfe1U_KBcaTbugNjB5tCQ",
    "size": [
      0.8727048618429156,
      0.9350286660668522,
      1.7700000000000031
    ],
    "obj_class": "pedestrian",
    "point_num_in_lidar": 230,
    "speed": 1.564892604889569,
    "if_vehicle": false,
    "motion_state": true,
    "pose": [
      [
        -0.9586601679917909,
        0.2834011718909134,
        0.025582378247700627,
        45.87910651906566
      ],
      [
        -0.2831427330818414,
        -0.9589856880800617,
        0.013290702033970668,
        14.926238554344309
      ],
      [
        0.02829973513827582,
        0.0054978021488277535,
        0.999584363204345,
        -0.3215978350587676
      ],
      [
        0.0,
        0.0,
        0.0,
        1.0
      ]
    ],
    "location": [
      45.87910651906566,
      14.926238554344309,
      -0.3215978350587676
    ],
    "rotation": [
      0.005500032727863544,
      -0.02830351392539067,
      -2.85440500197596
    ]
  },
  {
    "label_id": "F7lTnSl61ud08HVsq-smOQ",
    "size": [
      0.6928800511645157,
      0.7529766446113904,
      1.6400000000000006
    ],
    "obj_class": "pedestrian",
    "point_num_in_lidar": 48,
    "speed": 1.3191683022282967,
    "if_vehicle": false,
    "motion_state": true,
    "pose": [
      [
        0.9865451203858816,
        -0.1614752840715819,
        0.025582378247700627,
        72.83370357759338
      ],
      [
        0.16117822038702787,
        0.9868358214578121,
        0.013290702033970668,
        18.888558972423198
      ],
      [
        -0.027391727139360278,
        -0.008988555038884277,
        0.999584363204345,
        -1.2382033559847656
      ],
      [
        0.0,
        0.0,
        0.0,
        1.0
      ]
    ],
    "location": [
      72.83370357759338,
      18.888558972423198,
      -1.2382033559847656
    ],
    "rotation": [
      -0.00899205020207849,
      0.027395153662548688,
      0.16194566861630721
    ]
  },
  {
    "label_id": "FBUkJ1PIQeV9dPM2c7K9gg",
    "size": [
      0.7396785581083796,
      0.7964900012525988,
      2.030000000000001
    ],
    "obj_class": "pedestrian",
    "point_num_in_lidar": 31,
    "speed": 1.5035418131741356,
    "if_vehicle": false,
    "motion_state": true,
    "pose": [
      [
        0.9719483933659281,
        -0.23379876508780537,
        0.025582378247700627,
        68.72774827110288
      ],
      [
        0.23352395135185752,
        0.9722602127951444,
        0.013290702033970668,
        -1.725207391422373
      ],
      [
        -0.027980078241607607,
        -0.0069437784352422045,
        0.999584363204345,
        -0.7815366797098875
      ],
      [
        0.0,
        0.0,
        0.0,
        1.0
      ]
    ],
    "location": [
      68.72774827110288,
      -1.725207391422373,
      -0.7815366797098875
    ],
    "rotation": [
      -0.006946553988544744,
      0.02798373039129187,
      0.23579433714063863
    ]
  },
  {
    "label_id": "FffuTa5CoBCUrczn2a-vqw",
    "size": [
      0.8910036026471903,
      1.0492108890105931,
      1.8599999999999994
    ],
    "obj_class": "pedestrian",
    "point_num_in_lidar": 414,
    "speed": 1.3671871115104697,
    "if_vehicle": false,
    "motion_state": true,
    "pose": [
      [
        0.9883378811750927,
        -0.15011253964116406,
        0.025582378247700627,
        41.64102474984293
      ],
      [
        0.1498121505625047,
        0.9886251447253815,
        0.013290702033970668,
        12.716907701824312
      ],
      [
        -0.027286483433485807,
        -0.009303153185792595,
        0.999584363204345,
        -0.16829665755825118
      ],
      [
        0.0,
        0.0,
        0.0,
        1.0
      ]
    ],
    "location": [
      41.64102474984293,
      12.716907701824312,
      -0.16829665755825118
    ],
    "rotation": [
      -0.009306752813611985,
      0.027289870603587247,
      0.15043471626217617
    ]
  },
  {
    "label_id": "IDTT3SpxSzRAItkMn5Pw3A",
    "size": [
      0.9670891137596357,
      0.9012268701360178,
      1.7700000000000031
    ],
    "obj_class": "pedestrian",
    "point_num_in_lidar": 256,
    "speed": 0.7800926346277062,
    "if_vehicle": false,
    "motion_state": false,
    "pose": [
      [
        -0.9903738804984726,
        -0.13603352068364863,
        0.025582378247700627,
        43.96027318606548
      ],
      [
        0.1364029849934574,
        -0.9905642750091075,
        0.013290702033970668,
        15.495402324046154
      ],
      [
        0.02353300897190397,
        0.016652276904150536,
        0.999584363204345,
        -0.24959479299566567
      ],
      [
        0.0,
        0.0,
        0.0,
        1.0
      ]
    ],
    "location": [
      43.96027318606548,
      15.495402324046154,
      -0.24959479299566567
    ],
    "rotation": [
      0.01665766020064976,
      -0.02353518161997335,
      3.0047249644467247
    ]
  },
  {
    "label_id": "JJm71lZ4BoPLZadnyCnHGA",
    "size": [
      1.108033782257994,
      1.2324287345086304,
      2.200000000000003
    ],
    "obj_class": "pedestrian",
    "point_num_in_lidar": 43,
    "speed": 0.0,
    "if_vehicle": false,
    "motion_state": false,
    "pose": [
      [
        0.03391701350554632,
        -0.9990971815184228,
        0.025582378247700627,
        79.163606780578
      ],
      [
        0.9993244038467856,
        0.034265042181657615,
        0.013290702033970668,
        -7.464623948690132
      ],
      [
        -0.014155284212305845,
        0.02511431397098203,
        0.999584363204345,
        -0.7564966274065483
      ],
      [
        0.0,
        0.0,
        0.0,
        1.0
      ]
    ],
    "location": [
      79.163606780578,
      -7.464623948690132,
      -0.7564966274065483
    ],
    "rotation": [
      0.025119472049759443,
      0.014155756975537444,
      1.5368694066248092
    ]
  },
  {
    "label_id": "KApnY9cu-6X5mwhWn7kKNg",
    "size": [
      1.9637538912406542,
      4.408086105477256,
      2.1000000000000014
    ],
    "obj_class": "vehicle",
    "point_num_in_lidar": 230,
    "speed": 0.0062607564768683,
    "if_vehicle": true,
    "motion_state": false,
    "pose": [
      [
        0.9861849138144181,
        -0.16366080070695063,
        0.025582378247700627,
        74.315431380993
      ],
      [
        0.16336438186533397,
        0.9864762723842887,
        0.013290702033970668,
        15.395361002952995
      ],
      [
        -0.027411576069353762,
        -0.008927840430823697,
        0.999584363204345,
        -1.1000983937547915
      ],
      [
        0.0,
        0.0,
        0.0,
        1.0
      ]
    ],
    "location": [
      74.315431380993,
      15.395361002952995,
      -1.1000983937547915
    ],
    "rotation": [
      -0.008931315226312185,
      0.02741501004853112,
      0.1641621390609109
    ]
  },
  {
    "label_id": "L3h4EMh185ybNmptkaD9hA",
    "size": [
      0.9402584928800699,
      1.0092154170585907,
      1.7899999999999991
    ],
    "obj_class": "pedestrian",
    "point_num_in_lidar": 26,
    "speed": 0.513709247656865,
    "if_vehicle": false,
    "motion_state": false,
    "pose": [
      [
        0.9483610063266459,
        -0.3161596805449789,
        0.025582378247700627,
        94.80409603211228
      ],
      [
        0.3159125743766063,
        0.9486952105867243,
        0.013290702033970668,
        22.377286702920173
      ],
      [
        -0.028471863828290252,
        -0.004522588584816822,
        0.999584363204345,
        -1.6833573465036764
      ],
      [
        0.0,
        0.0,
        0.0,
        1.0
      ]
    ],
    "location": [
      94.80409603211228,
      22.377286702920173,
      -1.6833573465036764
    ],
    "rotation": [
      -0.004524438247844472,
      0.028475712004210646,
      0.3215533750047888
    ]
  },
  {
    "label_id": "LuS7gN3gUPNcgKjs-EjAqA",
    "size": [
      0.7360979501292287,
      0.9737403987557425,
      1.7100000000000009
    ],
    "obj_class": "pedestrian",
    "point_num_in_lidar": 22,
    "speed": 0.13868520721793895,
    "if_vehicle": false,
    "motion_state": false,
    "pose": [
      [
        0.23641560087082947,
        -0.9713151937389203,
        0.025582378247700627,
        91.76730324965376
      ],
      [
        0.9714668806101467,
        0.23680256991222673,
        0.013290702033970668,
        5.021453400820974
      ],
      [
        -0.01896743373457464,
        0.021710303887526268,
        0.999584363204345,
        -1.8971395578251489
      ],
      [
        0.0,
        0.0,
        0.0,
        1.0
      ]
    ],
    "location": [
      91.76730324965376,
      5.021453400820974,
      -1.8971395578251489
    ],
    "rotation": [
      0.021715916991742818,
      0.018968571217260758,
      1.3320773356307634
    ]
  },
  {
    "label_id": "Lxz0wz_LuNSJzQ6POYpHkg",
    "size": [
      0.784754020698851,
      1.0197341683430015,
      1.9699999999999989
    ],
    "obj_class": "pedestrian",
    "point_num_in_lidar": 96,
    "speed": 1.4492219280337768,
    "if_vehicle": false,
    "motion_state": true,
    "pose": [
      [
        0.9531238727887094,
        -0.30149697352285953,
        0.025582378247700627,
        56.504491101292956
      ],
      [
        0.3012447428226311,
        0.9534542265684132,
        0.013290702033970668,
        15.597657822096153
      ],
      [
        -0.028398733105178268,
        -0.0049611284386790536,
        0.999584363204345,
        -0.5168845370003368
      ],
      [
        0.0,
        0.0,
        0.0,
        1.0
      ]
    ],
    "location": [
      56.504491101292956,
      15.597657822096153,
      -0.5168845370003368
    ],
    "rotation": [
      -0.004963150571011818,
      0.028402551697625556,
      0.3061252398660766
    ]
  },
  {
    "label_id": "MnRuzWQWp8m6TF0j9kK7eQ",
    "size": [
      0.4610639659524619,
      0.10289208226310916,
      0.5300000000000011
    ],
    "obj_class": "sign",
    "point_num_in_lidar": 20,
    "speed": 0.0052210363933649535,
    "if_vehicle": false,
    "motion_state": false,
    "pose": [
      [
        -0.9971835280515117,
        0.07050215107308173,
        0.025582378247700627,
        67.43700275255821
      ],
      [
        -0.07017972733002867,
        -0.9974458196370002,
        0.013290702033970668,
        16.677500752515698
      ],
      [
        0.02645405932220783,
        0.011457904814638988,
        0.999584363204345,
        0.790165784072471
      ],
      [
        0.0,
        0.0,
        0.0,
        1.0
      ]
    ],
    "location": [
      67.43700275255821,
      16.677500752515698,
      0.790165784072471
    ],
    "rotation": [
      0.011462167123943448,
      -0.02645714579548667,
      -3.0713305599363494
    ]
  },
  {
    "label_id": "Njep4Sgekb4aPkRERmPvmQ",
    "size": [
      0.6678420590208779,
      0.8693823080183134,
      1.8100000000000023
    ],
    "obj_class": "pedestrian",
    "point_num_in_lidar": 23,
    "speed": 0.9799607555699508,
    "if_vehicle": false,
    "motion_state": false,
    "pose": [
      [
        0.9952158772344831,
        -0.09429156708629746,
        0.025582378247700627,
        75.1503297971226
      ],
      [
        0.0939754979374298,
        0.9954857924786552,
        0.013290702033970668,
        19.31748367604814
      ],
      [
        -0.026720095205861105,
        -0.01082300094954891,
        0.999584363204345,
        -1.2228853195703593
      ],
      [
        0.0,
        0.0,
        0.0,
        1.0
      ]
    ],
    "location": [
      75.1503297971226,
      19.31748367604814,
      -1.2228853195703593
    ],
    "rotation": [
      -0.010827078167314796,
      0.026723275756553748,
      0.09414808776980564
    ]
  },
  {
    "label_id": "Q5PhKXgruUST0xy6Tmhvuw",
    "size": [
      2.194585937152271,
      3.7584377944850687,
      1.759999999999998
    ],
    "obj_class": "vehicle",
    "point_num_in_lidar": 453,
    "speed": 6.2223172110759775,
    "if_vehicle": true,
    "motion_state": true,
    "pose": [
      [
        0.9886683014842288,
        -0.14792069349310666,
        0.025582378247700627,
        53.43855812452023
      ],
      [
        0.14761966819309058,
        0.988954898264833,
        0.013290702033970668,
        9.07228241922894
      ],
      [
        -0.027265788139202433,
        -0.009363633616943062,
        0.999584363204345,
        -0.6540547784594963
      ],
      [
        0.0,
        0.0,
        0.0,
        1.0
      ]
    ],
    "location": [
      53.43855812452023,
      9.07228241922894,
      -0.6540547784594963
    ],
    "rotation": [
      -0.009367253118388767,
      0.027269167606484145,
      0.14821664987409086
    ]
  },
  {
    "label_id": "Qmd53-c0mGJyoeMBj67yxA",
    "size": [
      0.7848630893660999,
      0.7549063254896076,
      1.7100000000000009
    ],
    "obj_class": "pedestrian",
    "point_num_in_lidar": 202,
    "speed": 0.9743187110077438,
    "if_vehicle": false,
    "motion_state": false,
    "pose": [
      [
        0.699031438625543,
        0.7146331854429204,
        0.025582378247700627,
        32.969006775633716
      ],
      [
        -0.7150417985942373,
        0.6989553515801723,
        0.013290702033970668,
        -9.75231765949502
      ],
      [
        -0.008382963451069383,
        -0.027583088317703893,
        0.999584363204345,
        0.01578476904866477
      ],
      [
        0.0,
        0.0,
        0.0,
        1.0
      ]
    ],
    "location": [
      32.969006775633716,
      -9.75231765949502,
      0.01578476904866477
    ],
    "rotation": [
      -0.027587556782416575,
      0.008383061638343178,
      -0.7967198371768248
    ]
  },
  {
    "label_id": "bN1HpAOAVLxExyTvaQQIrQ",
    "size": [
      0.6465920005002888,
      0.8036470105207957,
      1.4799999999999969
    ],
    "obj_class": "pedestrian",
    "point_num_in_lidar": 65,
    "speed": 1.3933618410469943,
    "if_vehicle": false,
    "motion_state": true,
    "pose": [
      [
        0.9948922148174755,
        -0.09764744143483697,
        0.025582378247700627,
        28.134337412854507
      ],
      [
        0.09733228438484665,
        0.9951631944841366,
        0.013290702033970668,
        -8.929004881720175
      ],
      [
        -0.026756444307973266,
        -0.010732824668210291,
        0.999584363204345,
        -0.04528439050924504
      ],
      [
        0.0,
        0.0,
        0.0,
        1.0
      ]
    ],
    "location": [
      28.134337412854507,
      -8.929004881720175,
      -0.04528439050924504
    ],
    "rotation": [
      -0.010736874876909018,
      0.026759637859263195,
      0.09752164954876388
    ]
  },
  {
    "label_id": "bcz7REbn_CUSYUPs1N5iZA",
    "size": [
      0.8876727643220096,
      0.9776859722758251,
      1.7800000000000011
    ],
    "obj_class": "pedestrian",
    "point_num_in_lidar": 165,
    "speed": 1.2405399884016906,
    "if_vehicle": false,
    "motion_state": true,
    "pose": [
      [
        0.9836432112751562,
        -0.1783019204481272,
        0.025582378247700627,
        52.376153332774265
      ],
      [
        0.17800986527192447,
        0.983938943789357,
        0.013290702033970668,
        15.33043394672859
      ],
      [
        -0.027541255929423178,
        -0.008519393123587557,
        0.999584363204345,
        -0.5240414725455409
      ],
      [
        0.0,
        0.0,
        0.0,
        1.0
      ]
    ],
    "location": [
      52.376153332774265,
      15.33043394672859,
      -0.5240414725455409
    ],
    "rotation": [
      -0.00852272920830756,
      0.02754473888755401,
      0.17903229144992322
    ]
  },
  {
    "label_id": "cGSVUM5Oj38n194tI-f_BA",
    "size": [
      0.6327448607880681,
      0.1394795873197821,
      0.740000000000002
    ],
    "obj_class": "sign",
    "point_num_in_lidar": 51,
    "speed": 0.010000250822065987,
    "if_vehicle": false,
    "motion_state": false,
    "pose": [
      [
        -0.9800575912052,
        0.19706004121651027,
        0.025582378247700627,
        51.01416883769616
      ],
      [
        -0.19677368874959755,
        -0.9803588489197823,
        0.013290702033970668,
        -6.900020168732226
      ],
      [
        0.02769897718215688,
        0.007991714486051828,
        0.999584363204345,
        -1.0512797717224487
      ],
      [
        0.0,
        0.0,
        0.0,
        1.0
      ]
    ],
    "location": [
      51.01416883769616,
      -6.900020168732226,
      -1.0512797717224487
    ],
    "rotation": [
      0.007994867175095103,
      -0.027702520335366815,
      -2.943449437129438
    ]
  },
  {
    "label_id": "ggzHMOp5JylcvbIJljZcRQ",
    "size": [
      0.5390002265201523,
      0.10018230793895748,
      0.5
    ],
    "obj_class": "sign",
    "point_num_in_lidar": 84,
    "speed": 0.0067793427938575256,
    "if_vehicle": false,
    "motion_state": false,
    "pose": [
      [
        -0.8490659696610323,
        0.5276670551462943,
        0.025582378247700627,
        50.44842287076506
      ],
      [
        -0.5275042777133716,
        -0.8494484058690899,
        0.013290702033970668,
        13.71367384759651
      ],
      [
        0.028743976023941548,
        -0.002210131149794429,
        0.999584363204345,
        1.147057332131041
      ],
      [
        0.0,
        0.0,
        0.0,
        1.0
      ]
    ],
    "location": [
      50.44842287076506,
      13.71367384759651,
      1.147057332131041
    ],
    "rotation": [
      -0.0022110465405166023,
      -0.028747935619189403,
      -2.585675780886281
    ]
  },
  {
    "label_id": "jUwTOaYBTLX6LY3CRbHeFA",
    "size": [
      0.8554961916793032,
      0.9410819046885246,
      1.7800000000000011
    ],
    "obj_class": "pedestrian",
    "point_num_in_lidar": 101,
    "speed": 1.3901259221005666,
    "if_vehicle": false,
    "motion_state": true,
    "pose": [
      [
        0.9927675144468822,
        -0.11729537152910761,
        0.025582378247700627,
        28.467162807061072
      ],
      [
        0.11698563278363529,
        0.9930446711813405,
        0.013290702033970668,
        -9.53153969792038
      ],
      [
        -0.0269633822279818,
        -0.010201806516101617,
        0.999584363204345,
        0.0713366928250494
      ],
      [
        0.0,
        0.0,
        0.0,
        1.0
      ]
    ],
    "location": [
      28.467162807061072,
      -9.53153969792038,
      0.0713366928250494
    ],
    "rotation": [
      -0.010205694181890714,
      0.02696665046825036,
      0.11729696996640937
    ]
  },
  {
    "label_id": "m1vmaSVVKexup9Iy_8lFyQ",
    "size": [
      0.4610639659524619,
      0.10289208226310916,
      0.5300000000000011
    ],
    "obj_class": "sign",
    "point_num_in_lidar": 25,
    "speed": 0.005221036437822234,
    "if_vehicle": false,
    "motion_state": false,
    "pose": [
      [
        -0.9971835280515117,
        0.07050215107308173,
        0.025582378247700627,
        67.43672281971942
      ],
      [
        -0.07017972733002867,
        -0.9974458196370002,
        0.013290702033970668,
        16.679271584709568
      ],
      [
        0.02645405932220783,
        0.011457904814638988,
        0.999584363204345,
        1.3366360973258864
      ],
      [
        0.0,
        0.0,
        0.0,
        1.0
      ]
    ],
    "location": [
      67.43672281971942,
      16.679271584709568,
      1.3366360973258864
    ],
    "rotation": [
      0.011462167123943448,
      -0.02645714579548667,
      -3.0713305599363494
    ]
  },
  {
    "label_id": "qGeZ7KUTeD5t013F2-GCFg",
    "size": [
      0.7376186579108843,
      0.9327574940093656,
      1.7199999999999989
    ],
    "obj_class": "pedestrian",
    "point_num_in_lidar": 527,
    "speed": 1.2952407952935288,
    "if_vehicle": false,
    "motion_state": true,
    "pose": [
      [
        0.9977606290917711,
        0.061800234284223286,
        0.025582378247700627,
        36.9018121012798
      ],
      [
        -0.062154471691992653,
        0.9979780452936494,
        0.013290702033970668,
        12.336364726956162
      ],
      [
        -0.024709283338101858,
        -0.014850998427096413,
        0.999584363204345,
        -0.10748862024082229
      ],
      [
        0.0,
        0.0,
        0.0,
        1.0
      ]
    ],
    "location": [
      36.9018121012798,
      12.336364726956162,
      -0.10748862024082229
    ],
    "rotation": [
      -0.01485608059080542,
      0.024711798399235416,
      -0.06221358003408529
    ]
  },
  {
    "label_id": "qLypwlYfLdIxLz4CCeYWYg",
    "size": [
      0.8473926735884482,
      0.9331264342026916,
      1.8900000000000006
    ],
    "obj_class": "pedestrian",
    "point_num_in_lidar": 264,
    "speed": 1.3233764637754875,
    "if_vehicle": false,
    "motion_state": true,
    "pose": [
      [
        0.9888216202653131,
        -0.14689229121731573,
        0.025582378247700627,
        28.554593553459426
      ],
      [
        0.14659096798839227,
        0.9891079037919323,
        0.013290702033970668,
        -8.212650666540867
      ],
      [
        -0.027256034196252082,
        -0.009391987928918743,
        0.999584363204345,
        0.10633669282503888
      ],
      [
        0.0,
        0.0,
        0.0,
        1.0
      ]
    ],
    "location": [
      28.554593553459426,
      -8.212650666540867,
      0.10633669282503888
    ],
    "rotation": [
      -0.009395616723893403,
      0.027259410037155558,
      0.14717620031711773
    ]
  },
  {
    "label_id": "rnU7ADUc_Y7-oj7NrdnOsg",
    "size": [
      0.8706653190021896,
      0.9767878337282155,
      1.7700000000000031
    ],
    "obj_class": "pedestrian",
    "point_num_in_lidar": 129,
    "speed": 1.0021575939619618,
    "if_vehicle": false,
    "motion_state": true,
    "pose": [
      [
        -0.9927865120614389,
        0.11713446713958432,
        0.025582378247700627,
        48.929546606835856
      ],
      [
        -0.11682468347798733,
        -0.9930636185913329,
        0.013290702033970668,
        16.388943001134976
      ],
      [
        0.026961728415493928,
        0.010206176473751835,
        0.999584363204345,
        -0.3804697769558345
      ],
      [
        0.0,
        0.0,
        0.0,
        1.0
      ]
    ],
    "location": [
      48.929546606835856,
      16.388943001134976,
      -0.3804697769558345
    ],
    "rotation": [
      0.010210065501084713,
      -0.026964996054290726,
      -3.0244578091761096
    ]
  },
  {
    "label_id": "sNygxkvj9rIACrP7AQ4GwA",
    "size": [
      2.906732876441229,
      12.41259995732931,
      3.969999999999999
    ],
    "obj_class": "vehicle",
    "point_num_in_lidar": 1785,
    "speed": 2.864289338439558e-13,
    "if_vehicle": true,
    "motion_state": false,
    "pose": [
      [
        0.9851374473090799,
        -0.1698521469765436,
        0.025582378247700627,
        70.86191489125315
      ],
      [
        0.16955756410848993,
        0.9854306620422563,
        0.013290702033970668,
        1.236083266830974
      ],
      [
        -0.027467114208542476,
        -0.008755482534909324,
        0.999584363204345,
        -0.24618342099756063
      ],
      [
        0.0,
        0.0,
        0.0,
        1.0
      ]
    ],
    "location": [
      70.86191489125315,
      1.236083266830974,
      -0.24618342099756063
    ],
    "rotation": [
      -0.00875889915258756,
      0.027470569107363757,
      0.1704456529662085
    ]
  },
  {
    "label_id": "tnRPM6MdPaKwSYNbbGXKGw",
    "size": [
      1.8538543203640698,
      3.6340820156792333,
      1.2800000000000011
    ],
    "obj_class": "vehicle",
    "point_num_in_lidar": 38,
    "speed": 0.015468484349467362,
    "if_vehicle": true,
    "motion_state": false,
    "pose": [
      [
        0.9903249890362827,
        -0.13638899520664413,
        0.025582378247700627,
        81.34135899330454
      ],
      [
        0.13608465043257825,
        0.9906080582935347,
        0.013290702033970668,
        13.05587815032959
      ],
      [
        -0.02715481553848964,
        -0.00968074534500417,
        0.999584363204345,
        -1.46874449772141
      ],
      [
        0.0,
        0.0,
        0.0,
        1.0
      ]
    ],
    "location": [
      81.34135899330454,
      13.05587815032959,
      -1.46874449772141
    ],
    "rotation": [
      -0.0096844679154441,
      0.02715815390080126,
      0.13655888848426714
    ]
  },
  {
    "label_id": "zO7B1d4f4777q1yNdUEaJg",
    "size": [
      1.136087788184062,
      0.11753966349738357,
      1.2100000000000009
    ],
    "obj_class": "sign",
    "point_num_in_lidar": 167,
    "speed": 0.00481732803280492,
    "if_vehicle": false,
    "motion_state": false,
    "pose": [
      [
        -0.9543055475601855,
        0.29773556021920905,
        0.025582378247700627,
        56.30206467736525
      ],
      [
        -0.29748202858342876,
        -0.9546349039865095,
        0.013290702033970668,
        -3.250390793507904
      ],
      [
        0.028378945818031097,
        0.005073092904873086,
        0.999584363204345,
        1.1852736579678549
      ],
      [
        0.0,
        0.0,
        0.0,
        1.0
      ]
    ],
    "location": [
      56.30206467736525,
      -3.250390793507904,
      1.1852736579678549
    ],
    "rotation": [
      0.005075158771242744,
      -0.028382756432108622,
      -2.8394129098115872
    ]
  },
  {
    "label_id": "zVW1ZwiQ2mZr9pYEiPJdiA",
    "size": [
      2.819086768043472,
      8.171657067596211,
      3.3899999999999935
    ],
    "obj_class": "vehicle",
    "point_num_in_lidar": 23602,
    "speed": 0.08175197710260963,
    "if_vehicle": true,
    "motion_state": false,
    "pose": [
      [
        0.9836334617099641,
        -0.17835569777179577,
        0.025582378247700627,
        25.95987895758742
      ],
      [
        0.17806365876427202,
        0.9839292101909186,
        0.013290702033970668,
        7.688086995867707
      ],
      [
        -0.027541721659211277,
        -0.00851788737955313,
        0.999584363204345,
        0.7091889076748856
      ],
      [
        0.0,
        0.0,
        0.0,
        1.0
      ]
    ],
    "location": [
      25.95987895758742,
      7.688086995867707,
      0.7091889076748856
    ],
    "rotation": [
      -0.008521222947566368,
      0.027545204794078508,
      0.17908698205695853
    ]
  },
  {
    "label_id": "zeb2WL1QCRb_7e3cxfpq9w",
    "size": [
      1.7632382930093793,
      3.4409086866067753,
      1.6199999999999974
    ],
    "obj_class": "vehicle",
    "point_num_in_lidar": 63,
    "speed": 4.008631452378576,
    "if_vehicle": true,
    "motion_state": true,
    "pose": [
      [
        0.9817826074128649,
        -0.18827759745861458,
        0.025582378247700627,
        85.70707953871226
      ],
      [
        0.1879885592806385,
        0.982081289313178,
        0.013290702033970668,
        11.176008777067182
      ],
      [
        -0.02762631646069355,
        -0.008239385667501603,
        0.999584363204345,
        -1.8555702797335911
      ],
      [
        0.0,
        0.0,
        0.0,
        1.0
      ]
    ],
    "location": [
      85.70707953871226,
      11.176008777067182,
      -1.8555702797335911
    ],
    "rotation": [
      -0.008242625007900507,
      0.027629831797129575,
      0.18918687258038727
    ]
  }
]