[
  {
    "label_id": "-6zITrm7_Cho5H0eemun7w",
    "size": [
      1.8151120313522129,
      3.911679368408384,
      2.3500000000000014
    ],
    "obj_class": "vehicle",
    "point_num_in_lidar": 41,
    "speed": 4.504131313865988e-28,
    "if_vehicle": true,
    "motion_state": false,
    "pose": [
      [
        0.9911033718112622,
        -0.1287541196723201,
        0.03371176429308839,
        130.1132469482567
      ],
      [
        0.1281329897374579,
        0.9915555576426242,
        0.019987822516850065,
        15.03594527668065
      ],
      [
        -0.036000601735073585,
        -0.015490409143417275,
        0.99923170681243,
        -2.5673127974948358
      ],
      [
        0.0,
        0.0,
        0.0,
        1.0
      ]
    ],
    "location": [
      130.1132469482567,
      15.03594527668065,
      -2.5673127974948358
    ],
    "rotation": [
      -0.015501077799890187,
      0.03600838266384855,
      0.12857002665800185
    ]
  },
  {
    "label_id": "-Cs9zVetNWvCdv8--MqL8Q",
    "size": [
      0.8529865893730774,
      0.8339678676017309,
      1.740000000000002
    ],
    "obj_class": "pedestrian",
    "point_num_in_lidar": 226,
    "speed": 1.499250827911411,
    "if_vehicle": false,
    "motion_state": true,
    "pose": [
      [
        -0.9552048716748645,
        0.2940189961156472,
        0.03371176429308839,
        75.59503112397715
      ],
      [
        -0.29348300108586334,
        -0.955755311272017,
        0.019987822516850065,
        19.97425096542065
      ],
      [
        0.038096997286411555,
        0.009198635685632901,
        0.99923170681243,
        -1.2890180651982064
      ],
      [
        0.0,
        0.0,
        0.0,
        1.0
      ]
    ],
    "location": [
      75.59503112397715,
      19.97425096542065,
      -1.2890180651982064
    ],
    "rotation": [
      0.009205448335758235,
      -0.038106218854774214,
      -2.8435013615881757
    ]
  },
  {
    "label_id": "-_ss2DWVkS47ff-UQnMrfw",
    "size": [
      1.6511216056301832,
      3.5853420680503785,
      2.049999999999997
    ],
    "obj_class": "vehicle",
    "point_num_in_lidar": 41,
    "speed": 1.4075365228319075e-29,
    "if_vehicle": true,
    "motion_state": false,
    "pose": [
      [
        0.9874433693951263,
        -0.154334407005849,
        0.03371176429308839,
        124.26757887138194
      ],
      [
        0.15372517519577794,
        0.9879114623598929,
        0.019987822516850065,
        14.028780895640011
      ],
      [
        -0.0363890470969932,
        -0.014554495940796422,
        0.99923170681243,
        -2.164098422816444
      ],
      [
        0.0,
        0.0,
        0.0,
        1.0
      ]
    ],
    "location": [
      124.26757887138194,
      14.028780895640011,
      -2.164098422816444
    ],
    "rotation": [
      -0.014564656708121978,
      0.03639708272289973,
      0.15444026951301945
    ]
  },
  {
    "label_id": "0azlkCJCVSaAazdrWPD_bQ",
    "size": [
      0.5997143060542867,
      0.5367652927583926,
      1.7299999999999969
    ],
    "obj_class": "pedestrian",
    "point_num_in_lidar": 51,
    "speed": 0.05519028888435152,
    "if_vehicle": false,
    "motion_state": false,
    "pose": [
      [
        0.8921430079210994,
        -0.45049347427653186,
        0.03371176429308839,
        95.63297867155552
      ],
      [
        0.45005769810594365,
        0.8927757587023821,
        0.019987822516850065,
        2.985327434314968
      ],
      [
        -0.03910142955279636,
        -0.002659757065138188,
        0.99923170681243,
        -2.16213133933406
      ],
      [
        0.0,
        0.0,
        0.0,
        1.0
      ]
    ],
    "location": [
      95.63297867155552,
      2.985327434314968,
      -2.16213133933406
    ],
    "rotation": [
      -0.0026617958231340373,
      0.03911140025227362,
      0.46721570571215704
    ]
  },
  {
    "label_id": "0wBZnA_8JMJFPBxny6Tm-A",
    "size": [
      0.8268623261386899,
      0.9830332538591489,
      1.6300000000000026
    ],
    "obj_class": "pedestrian",
    "point_num_in_lidar": 255,
    "speed": 1.7797096655018976,
    "if_vehicle": false,
    "motion_state": true,
    "pose": [
      [
        -0.9822243966528048,
        0.1846584727768552,
        0.03371176429308839,
        72.0367473601907
      ],
      [
        -0.18406393935797727,
        -0.9827110222130703,
        0.019987822516850065,
        19.52677664051589
      ],
      [
        0.036819843129163365,
        0.013427406773522957,
        0.99923170681243,
        -1.3552574820237027
      ],
      [
        0.0,
        0.0,
        0.0,
        1.0
      ]
    ],
    "location": [
      72.0367473601907,
      19.52677664051589,
      -1.3552574820237027
    ],
    "rotation": [
      0.013436922149522907,
      -0.03682816765742976,
      -2.956346140914099
    ]
  },
  {
    "label_id": "1HYaZFDc4DDvb3HfoqZuzg",
    "size": [
      0.6972519486232249,
      0.7764543871808254,
      1.7800000000000011
    ],
    "obj_class": "pedestrian",
    "point_num_in_lidar": 41,
    "speed": 1.2973544477148233,
    "if_vehicle": false,
    "motion_state": true,
    "pose": [
      [
        0.9828044032072374,
        -0.18154619793516255,
        0.03371176429308839,
        82.73014317127058
      ],
      [
        0.18095012603699956,
        0.9832891430490976,
        0.019987822516850065,
        19.686634005993255
      ],
      [
        -0.03677712500536103,
        -0.013543971982321044,
        0.99923170681243,
        -1.2569658408849662
      ],
      [
        0.0,
        0.0,
        0.0,
        1.0
      ]
    ],
    "location": [
      82.73014317127058,
      19.686634005993255,
      -1.2569658408849662
    ],
    "rotation": [
      -0.013553555739242289,
      0.03678542058130402,
      0.1820769937372291
    ]
  },
  {
    "label_id": "1a4IZcUFLKkimx_5GCJ-CQ",
    "size": [
      0.9515042209033148,
      0.975551333507289,
      1.5499999999999972
    ],
    "obj_class": "pedestrian",
    "point_num_in_lidar": 591,
    "speed": 1.4287520275287813,
    "if_vehicle": false,
    "motion_state": true,
    "pose": [
      [
        0.987469641226047,
        -0.15416622394399193,
        0.03371176429308839,
        63.45843678424524
      ],
      [
        0.15355691241741548,
        0.98793763041999,
        0.019987822516850065,
        17.129008881280242
      ],
      [
        -0.03638656765527646,
        -0.014560693492613509,
        0.99923170681243,
        -1.153158190700708
      ],
      [
        0.0,
        0.0,
        0.0,
        1.0
      ]
    ],
    "location": [
      63.45843678424524,
      17.129008881280242,
      -1.153158190700708
    ],
    "rotation": [
      -0.014570857708977137,
      0.03639460163807078,
      0.15426985526475032
    ]
  },
  {
    "label_id": "1jfGLq5QfYJKXOi2khKr_w",
    "size": [
      0.6862912307103586,
      0.8478699398593197,
      1.7899999999999991
    ],
    "obj_class": "pedestrian",
    "point_num_in_lidar": 108,
    "speed": 0.9896296035840823,
    "if_vehicle": false,
    "motion_state": false,
    "pose": [
      [
        0.9937335709977213,
        -0.10656972750440878,
        0.03371176429308839,
        80.40067475209491
      ],
      [
        0.10593864589796192,
        0.9941717609429173,
        0.019987822516850065,
        20.104279771439906
      ],
      [
        -0.03564538087077945,
        -0.01629119158609703,
        0.99923170681243,
        -1.3176870909903755
      ],
      [
        0.0,
        0.0,
        0.0,
        1.0
      ]
    ],
    "location": [
      80.40067475209491,
      20.104279771439906,
      -1.3176870909903755
    ],
    "rotation": [
      -0.016302273281330146,
      0.0356529336529648,
      0.10620555972994088
    ]
  },
  {
    "label_id": "3HfnZ-jQRpz-Kq670Sffgw",
    "size": [
      1.917952592872645,
      4.646399190909152,
      1.5200000000000031
    ],
    "obj_class": "vehicle",
    "point_num_in_lidar": 380,
    "speed": 1.4075410355831213e-29,
    "if_vehicle": true,
    "motion_state": false,
    "pose": [
      [
        0.9910237343569239,
        -0.12936566348727976,
        0.03371176429308839,
        81.53898301882077
      ],
      [
        0.1287448126955819,
        0.9914763033754334,
        0.019987822516850065,
        16.273254464085767
      ],
      [
        -0.03601015336313352,
        -0.015468191732760893,
        0.99923170681243,
        -1.7707442589670208
      ],
      [
        0.0,
        0.0,
        0.0,
        1.0
      ]
    ],
    "location": [
      81.53898301882077,
      16.273254464085767,
      -1.7707442589670208
    ],
    "rotation": [
      -0.015478848641119548,
      0.036017940489239016,
      0.12918741104828227
    ]
  },
  {
    "label_id": "5_yjagwD-XEyaFu36rcIGw",
    "size": [
      0.6469077117509916,
      0.8526376858233217,
      1.75
    ],
    "obj_class": "pedestrian",
    "point_num_in_lidar": 62,
    "speed": 1.4407054489094706,
    "if_vehicle": false,
    "motion_state": true,
    "pose": [
      [
        0.1085245301167621,
        -0.9935219893445656,
        0.03371176429308839,
        92.63917369518231
      ],
      [
        0.9938150005575483,
        0.10923475462431781,
        0.019987822516850065,
        7.538518410470715
      ],
      [
        -0.023540837490115332,
        0.0313340880030332,
        0.99923170681243,
        -2.042046986605115
      ],
      [
        0.0,
        0.0,
        0.0,
        1.0
      ]
    ],
    "location": [
      92.63917369518231,
      7.538518410470715,
      -2.042046986605115
    ],
    "rotation": [
      0.03134790780242456,
      0.023543012307533816,
      1.4620273718780403
    ]
  },
  {
    "label_id": "6hUeg_R1dQZFukt6NQ88NQ",
    "size": [
      0.6948317036349781,
      0.9151849473009006,
      1.7800000000000011
    ],
    "obj_class": "pedestrian",
    "point_num_in_lidar": 41,
    "speed": 1.4739599685813647,
    "if_vehicle": false,
    "motion_state": true,
    "pose": [
      [
        -0.2004845501409826,
        -0.9791166744076085,
        0.03371176429308839,
        114.16237155848853
      ],
      [
        0.9796128305702149,
        -0.1998979467959749,
        0.019987822516850065,
        3.2814369981624623
      ],
      [
        -0.012831497846289524,
        0.03703172644825672,
        0.99923170681243,
        -2.0611579410162193
      ],
      [
        0.0,
        0.0,
        0.0,
        1.0
      ]
    ],
    "location": [
      114.16237155848853,
      3.2814369981624623,
      -2.0611579410162193
    ],
    "rotation": [
      0.03704324663470574,
      0.012831849984372158,
      1.7726656632595579
    ]
  },
  {
    "label_id": "7UguPnYQrmWFtcN1psI8ag",
    "size": [
      0.7446045321496451,
      0.9695763688623205,
      1.8599999999999994
    ],
    "obj_class": "pedestrian",
    "point_num_in_lidar": 87,
    "speed": 1.400635822496711,
    "if_vehicle": false,
    "motion_state": true,
    "pose": [
      [
        -0.13054689778307293,
        -0.9908688230171858,
        0.03371176429308839,
        93.58055200355727
      ],
      [
        0.9913221317845395,
        -0.12992658690657102,
        0.019987822516850065,
        13.172373272778714
      ],
      [
        -0.015425255698747843,
        0.03602856626825575,
        0.99923170681243,
        -1.8097645095446495
      ],
      [
        0.0,
        0.0,
        0.0,
        1.0
      ]
    ],
    "location": [
      93.58055200355727,
      13.172373272778714,
      -1.8097645095446495
    ],
    "rotation": [
      0.036040655192667734,
      0.015425867474655937,
      1.7017325728933457
    ]
  },
  {
    "label_id": "BMsVsI9u-XO6uaeysrmA3w",
    "size": [
      0.6890163519218958,
      0.7958109185850852,
      1.7299999999999969
    ],
    "obj_class": "pedestrian",
    "point_num_in_lidar": 31,
    "speed": 1.1680242362772058,
    "if_vehicle": false,
    "motion_state": true,
    "pose": [
      [
        0.998504227820297,
        -0.043044441839097954,
        0.03371176429308839,
        80.75133359892277
      ],
      [
        0.042386726010312244,
        0.9989013226586305,
        0.019987822516850065,
        19.008467151259538
      ],
      [
        -0.03453509060533876,
        -0.018528993971581156,
        0.99923170681243,
        -1.3002176600088688
      ],
      [
        0.0,
        0.0,
        0.0,
        1.0
      ]
    ],
    "location": [
      80.75133359892277,
      19.008467151259538,
      -1.3002176600088688
    ],
    "rotation": [
      -0.01854111568001829,
      0.03454195913437971,
      0.042424750670142064
    ]
  },
  {
    "label_id": "CKZzEND_6K02uEXooYwMvQ",
    "size": [
      1.836653248055758,
      4.781002948694367,
      1.6199999999999974
    ],
    "obj_class": "vehicle",
    "point_num_in_lidar": 113,
    "speed": 7.692840225734121,
    "if_vehicle": true,
    "motion_state": true,
    "pose": [
      [
        0.1827278508581378,
        0.9825853904211141,
        0.03371176429308839,
        103.68265255816937
      ],
      [
        -0.9830708466658651,
        0.18213236227176635,
        0.019987822516850065,
        7.152745946723371
      ],
      [
        0.013499739124337886,
        -0.036793384518044404,
        0.99923170681243,
        -2.121031843781651
      ],
      [
        0.0,
        0.0,
        0.0,
        1.0
      ]
    ],
    "location": [
      103.68265255816937,
      7.152745946723371,
      -2.121031843781651
    ],
    "rotation": [
      -0.03680504650405674,
      -0.0135001491966967,
      -1.387019084372566
    ]
  },
  {
    "label_id": "DpKKPa5FRfdZLz9japNk8Q",
    "size": [
      0.7249968701633973,
      0.8849625433311452,
      1.8299999999999983
    ],
    "obj_class": "pedestrian",
    "point_num_in_lidar": 48,
    "speed": 1.7802479641297169,
    "if_vehicle": false,
    "motion_state": true,
    "pose": [
      [
        0.026823156309397807,
        0.999071586641242,
        0.03371176429308839,
        92.13468026504461
      ],
      [
        -0.9994579478729287,
        0.02615907843691903,
        0.019987822516850065,
        11.09505381384588
      ],
      [
        0.019087396869023113,
        -0.034229627247199974,
        0.99923170681243,
        -1.8475374983301265
      ],
      [
        0.0,
        0.0,
        0.0,
        1.0
      ]
    ],
    "location": [
      92.13468026504461,
      11.09505381384588,
      -1.8475374983301265
    ],
    "rotation": [
      -0.03424255584382349,
      -0.019088556073558152,
      -1.5439650636637556
    ]
  },
  {
    "label_id": "F7lTnSl61ud08HVsq-smOQ",
    "size": [
      0.6928800511633552,
      0.7529766446113904,
      1.6400000000000006
    ],
    "obj_class": "pedestrian",
    "point_num_in_lidar": 49,
    "speed": 1.3934705259955136,
    "if_vehicle": false,
    "motion_state": true,
    "pose": [
      [
        0.9937335853142022,
        -0.10656959400705454,
        0.03371176429308839,
        80.5353044847999
      ],
      [
        0.1059385123417416,
        0.9941717751746192,
        0.019987822516850065,
        19.493510056183368
      ],
      [
        -0.035645378682233816,
        -0.016291196374668127,
        0.99923170681243,
        -1.3452176600088421
      ],
      [
        0.0,
        0.0,
        0.0,
        1.0
      ]
    ],
    "location": [
      80.5353044847999,
      19.493510056183368,
      -1.3452176600088421
    ],
    "rotation": [
      -0.016302278072309603,
      0.035652931463027455,
      0.10620542532319625
    ]
  },
  {
    "label_id": "Ga-Dhcn3PxdzLUggW_4FEw",
    "size": [
      0.7123156861342815,
      0.678494126323846,
      1.75
    ],
    "obj_class": "pedestrian",
    "point_num_in_lidar": 73,
    "speed": 0.013888687530403315,
    "if_vehicle": false,
    "motion_state": false,
    "pose": [
      [
        0.27004917310848753,
        0.9622561826518286,
        0.03371176429308839,
        84.13472137322549
      ],
      [
        -0.9627930515871157,
        0.26949958583753775,
        0.019987822516850065,
        23.66841927582027
      ],
      [
        0.010148099279746392,
        -0.037855147361042715,
        0.99923170681243,
        -1.0621928719588283
      ],
      [
        0.0,
        0.0,
        0.0,
        1.0
      ]
    ],
    "location": [
      84.13472137322549,
      23.66841927582027,
      -1.0621928719588283
    ],
    "rotation": [
      -0.037866145128744026,
      -0.010148273469657978,
      -1.2973377820627305
    ]
  },
  {
    "label_id": "GsKDCrOHfvk8e-YxrpZCcQ",
    "size": [
      0.759420280278925,
      0.7815636330990099,
      1.7700000000000031
    ],
    "obj_class": "pedestrian",
    "point_num_in_lidar": 35,
    "speed": 1.4743147799693286,
    "if_vehicle": false,
    "motion_state": true,
    "pose": [
      [
        0.9883026143964684,
        -0.14873284548260585,
        0.03371176429308839,
        82.15383486475275
      ],
      [
        0.14812096924845716,
        0.9887672453211284,
        0.019987822516850065,
        18.93710535331593
      ],
      [
        -0.036305934032924606,
        -0.014760598047327737,
        0.99923170681243,
        -1.3053264522168888
      ],
      [
        0.0,
        0.0,
        0.0,
        1.0
      ]
    ],
    "location": [
      82.15383486475275,
      18.93710535331593,
      -1.3053264522168888
    ],
    "rotation": [
      -0.014770872910113208,
      0.03631391470234754,
      0.14876682009412492
    ]
  },
  {
    "label_id": "Hgi_GlV_TIcL_7-shzFl0Q",
    "size": [
      0.5520715502381232,
      0.08602512440427632,
      0.6000000000000014
    ],
    "obj_class": "sign",
    "point_num_in_lidar": 25,
    "speed": 0.0052127285483640935,
    "if_vehicle": false,
    "motion_state": false,
    "pose": [
      [
        -0.9936175576091929,
        0.10764602249497847,
        0.03371176429308839,
        85.22658628417378
      ],
      [
        -0.10701541588195383,
        -0.9940564308502045,
        0.019987822516850065,
        1.0892836329439888
      ],
      [
        0.035663005683125304,
        0.01625257291517934,
        0.99923170681243,
        0.6902736579679072
      ],
      [
        0.0,
        0.0,
        0.0,
        1.0
      ]
    ],
    "location": [
      85.22658628417378,
      1.0892836329439888,
      0.6902736579679072
    ],
    "rotation": [
      0.01626363516325528,
      -0.03567056967852304,
      -3.034303403254509
    ]
  },
  {
    "label_id": "I5xneQtkttgIrX3p2aNLJQ",
    "size": [
      0.5927357414419842,
      0.8028071134260143,
      1.75
    ],
    "obj_class": "pedestrian",
    "point_num_in_lidar": 90,
    "speed": 0.6816676116894328,
    "if_vehicle": false,
    "motion_state": false,
    "pose": [
      [
        0.9978991884821502,
        -0.05532383369681774,
        0.03371176429308839,
        54.40785972244862
      ],
      [
        0.05467105231405431,
        0.9983043438700989,
        0.019987822516850065,
        -22.13789132660895
      ],
      [
        -0.034760403702198774,
        -0.018102774239823427,
        0.99923170681243,
        0.7708275333504915
      ],
      [
        0.0,
        0.0,
        0.0,
        1.0
      ]
    ],
    "location": [
      54.40785972244862,
      -22.13789132660895,
      0.7708275333504915
    ],
    "rotation": [
      -0.01811471150777189,
      0.0347674075940037,
      0.05473143224600951
    ]
  },
  {
    "label_id": "J_5vgAbm870OaHovJQu62g",
    "size": [
      1.6966627480858183,
      3.2757375367703965,
      1.5300000000000011
    ],
    "obj_class": "vehicle",
    "point_num_in_lidar": 21,
    "speed": 0.0,
    "if_vehicle": true,
    "motion_state": false,
    "pose": [
      [
        0.9874433693951641,
        -0.15433440700560694,
        0.03371176429308839,
        117.92297787904715
      ],
      [
        0.15372517519553575,
        0.9879114623599305,
        0.019987822516850065,
        12.861400499625233
      ],
      [
        -0.036389047096989625,
        -0.01455449594080534,
        0.99923170681243,
        -2.376446802754508
      ],
      [
        0.0,
        0.0,
        0.0,
        1.0
      ]
    ],
    "location": [
      117.92297787904715,
      12.861400499625233,
      -2.376446802754508
    ],
    "rotation": [
      -0.014564656708130902,
      0.03639708272289616,
      0.15444026951277418
    ]
  },
  {
    "label_id": "KApnY9cu-6X5mwhWn7kKNg",
    "size": [
      1.963753891240654,
      4.408086105477256,
      2.1000000000000014
    ],
    "obj_class": "vehicle",
    "point_num_in_lidar": 1824,
    "speed": 0.020834541225242583,
    "if_vehicle": true,
    "motion_state": false,
    "pose": [
      [
        0.9859470465931652,
        -0.1636213258180661,
        0.03371176429308839,
        74.23486204795074
      ],
      [
        0.16301652665435368,
        0.9864208528759847,
        0.019987822516850065,
        15.38238806064146
      ],
      [
        -0.03652442130636563,
        -0.014211359855867158,
        0.99923170681243,
        -1.3029959483910218
      ],
      [
        0.0,
        0.0,
        0.0,
        1.0
      ]
    ],
    "location": [
      74.23486204795074,
      15.38238806064146,
      -1.3029959483910218
    ],
    "rotation": [
      -0.014221327927956698,
      0.036532546984640764,
      0.16385763099878323
    ]
  },
  {
    "label_id": "KtpOcOD6i_wv5LraLF15Uw",
    "size": [
      1.7747149394938722,
      0.17030016092349531,
      1.8699999999999974
    ],
    "obj_class": "sign",
    "point_num_in_lidar": 99,
    "speed": 0.030659774612555795,
    "if_vehicle": false,
    "motion_state": false,
    "pose": [
      [
        -0.9893444538682754,
        0.14163710159534798,
        0.03371176429308839,
        114.80624308470385
      ],
      [
        -0.14102190699171693,
        -0.9898046820961468,
        0.019987822516850065,
        12.026663824444768
      ],
      [
        0.03619907938750948,
        0.015020744063282451,
        0.99923170681243,
        -1.5018946509575954
      ],
      [
        0.0,
        0.0,
        0.0,
        1.0
      ]
    ],
    "location": [
      114.80624308470385,
      12.026663824444768,
      -1.5018946509575954
    ],
    "rotation": [
      0.015031161143648643,
      -0.036206989771042836,
      -3.000005671242731
    ]
  },
  {
    "label_id": "L3h4EMh185ybNmptkaD9hA",
    "size": [
      0.9402584928776571,
      1.0092154170585907,
      1.7899999999999991
    ],
    "obj_class": "pedestrian",
    "point_num_in_lidar": 28,
    "speed": 0.04718813277415785,
    "if_vehicle": false,
    "motion_state": false,
    "pose": [
      [
        0.9673381749207105,
        -0.251237680870756,
        0.03371176429308839,
        95.14267802725294
      ],
      [
        0.25067773125017123,
        0.9678642270516571,
        0.019987822516850065,
        22.41982427201583
      ],
      [
        -0.03765010486486735,
        -0.010884195164656895,
        0.99923170681243,
        -1.6833573465035983
      ],
      [
        0.0,
        0.0,
        0.0,
        1.0
      ]
    ],
    "location": [
      95.14267802725294,
      22.41982427201583,
      -1.6833573465035983
    ],
    "rotation": [
      -0.01089213308447435,
      0.037659005571709064,
      0.2535640077213054
    ]
  },
  {
    "label_id": "LOFTK7cAR19Z_eB-h15rrQ",
    "size": [
      0.7049898602974066,
      0.964005024151008,
      1.8400000000000034
    ],
    "obj_class": "pedestrian",
    "point_num_in_lidar": 30,
    "speed": 1.4567381344853643,
    "if_vehicle": false,
    "motion_state": true,
    "pose": [
      [
        -0.06387712442329282,
        0.9973882042232394,
        0.03371176429308839,
        92.39809470389628
      ],
      [
        -0.997712759313925,
        -0.06457349962042178,
        0.019987822516850065,
        14.4529965442307
      ],
      [
        0.02211250500519741,
        -0.032357892748338356,
        0.99923170681243,
        -1.8348272802674401
      ],
      [
        0.0,
        0.0,
        0.0,
        1.0
      ]
    ],
    "location": [
      92.39809470389628,
      14.4529965442307,
      -1.8348272802674401
    ],
    "rotation": [
      -0.03237145999569124,
      -0.022114307434166366,
      -1.634732625151797
    ]
  },
  {
    "label_id": "LuS7gN3gUPNcgKjs-EjAqA",
    "size": [
      0.7360979501269547,
      0.9737403987557425,
      1.7100000000000009
    ],
    "obj_class": "pedestrian",
    "point_num_in_lidar": 24,
    "speed": 1.4165083917784427,
    "if_vehicle": false,
    "motion_state": true,
    "pose": [
      [
        0.21379449023611374,
        -0.9762967954945501,
        0.03371176429308839,
        93.39087991653616
      ],
      [
        0.9765124431376005,
        0.21453189820739774,
        0.019987822516850065,
        10.917822573814192
      ],
      [
        -0.02674629585783116,
        0.028646670986402806,
        0.99923170681243,
        -1.9931451085178509
      ],
      [
        0.0,
        0.0,
        0.0,
        1.0
      ]
    ],
    "location": [
      93.39087991653616,
      10.917822573814192,
      -1.9931451085178509
    ],
    "rotation": [
      0.02866084661012239,
      0.026749485775873744,
      1.3552603833124732
    ]
  },
  {
    "label_id": "Lxz0wz_LuNSJzQ6POYpHkg",
    "size": [
      0.7847540207022959,
      1.0197341683430015,
      1.9699999999999989
    ],
    "obj_class": "pedestrian",
    "point_num_in_lidar": 805,
    "speed": 1.3859571129152584,
    "if_vehicle": false,
    "motion_state": true,
    "pose": [
      [
        0.9772072037738361,
        -0.209593887889813,
        0.03371176429308839,
        64.10950392179154
      ],
      [
        0.20901193043920832,
        0.977708801169914,
        0.019987822516850065,
        16.215988028367065
      ],
      [
        -0.03714961408407633,
        -0.012486083217808794,
        0.99923170681243,
        -1.010980105705066
      ],
      [
        0.0,
        0.0,
        0.0,
        1.0
      ]
    ],
    "location": [
      64.10950392179154,
      16.215988028367065,
      -1.010980105705066
    ],
    "rotation": [
      -0.012495033259833137,
      0.03715816438741712,
      0.21071210530400436
    ]
  },
  {
    "label_id": "Njep4Sgekb4aPkRERmPvmQ",
    "size": [
      0.6678420590211528,
      0.8693823080183134,
      1.8100000000000023
    ],
    "obj_class": "pedestrian",
    "point_num_in_lidar": 28,
    "speed": 1.4189270114954227,
    "if_vehicle": false,
    "motion_state": true,
    "pose": [
      [
        0.9836317025721086,
        -0.17700901288731588,
        0.03371176429308839,
        81.64726055959704
      ],
      [
        0.17641071045384363,
        0.9841136866176615,
        0.019987822516850065,
        19.642407627934517
      ],
      [
        -0.03671423337433137,
        -0.013713539603362117,
        0.99923170681243,
        -1.306145156406842
      ],
      [
        0.0,
        0.0,
        0.0,
        1.0
      ]
    ],
    "location": [
      81.64726055959704,
      19.642407627934517,
      -1.306145156406842
    ],
    "rotation": [
      -0.01372322217486247,
      0.036722486447664134,
      0.17745968530353948
    ]
  },
  {
    "label_id": "OxgSifGtf3xSOt5KTJOZgg",
    "size": [
      0.765331597807645,
      0.9961299784013146,
      1.9600000000000009
    ],
    "obj_class": "pedestrian",
    "point_num_in_lidar": 93,
    "speed": 1.2483494273061768,
    "if_vehicle": false,
    "motion_state": true,
    "pose": [
      [
        0.21034687807390987,
        -0.977045397017358,
        0.03371176429308839,
        92.78922100281886
      ],
      [
        0.9772636463310987,
        0.21108352022524124,
        0.019987822516850065,
        9.257446616384186
      ],
      [
        -0.026645007866476954,
        0.028740905631403295,
        0.99923170681243,
        -1.9750750182285728
      ],
      [
        0.0,
        0.0,
        0.0,
        1.0
      ]
    ],
    "location": [
      92.78922100281886,
      9.257446616384186,
      -1.9750750182285728
    ],
    "rotation": [
      0.028755076008987225,
      0.02664816167333381,
      1.3587901454379252
    ]
  },
  {
    "label_id": "Q5PhKXgruUST0xy6Tmhvuw",
    "size": [
      2.194585937154154,
      3.7584377944850687,
      1.759999999999998
    ],
    "obj_class": "vehicle",
    "point_num_in_lidar": 1419,
    "speed": 1.3974459111772493,
    "if_vehicle": true,
    "motion_state": true,
    "pose": [
      [
        0.9890149241019582,
        -0.1439201057943081,
        0.03371176429308839,
        71.96368339314404
      ],
      [
        0.14330597502402778,
        0.9894765709573154,
        0.019987822516850065,
        11.792839373581955
      ],
      [
        -0.036233650464869295,
        -0.014937157517664643,
        0.99923170681243,
        -1.3954258554549952
      ],
      [
        0.0,
        0.0,
        0.0,
        1.0
      ]
    ],
    "location": [
      71.96368339314404,
      11.792839373581955,
      -1.3954258554549952
    ],
    "rotation": [
      -0.014947529123025539,
      0.03624158354287801,
      0.1438962141999257
    ]
  },
  {
    "label_id": "RY-ufUj8NMYO5iVLyZyw5A",
    "size": [
      1.9400777863100762,
      4.907976600450727,
      1.6199999999999974
    ],
    "obj_class": "vehicle",
    "point_num_in_lidar": 225,
    "speed": 2.072801635764471,
    "if_vehicle": true,
    "motion_state": true,
    "pose": [
      [
        0.27608137472938554,
        0.9605428629039828,
        0.03371176429308839,
        104.20885587865257
      ],
      [
        -0.961083169566041,
        0.2755351667717339,
        0.019987822516850065,
        23.634158027698504
      ],
      [
        0.00991038366688636,
        -0.03791807479676362,
        0.99923170681243,
        -1.9369897771817506
      ],
      [
        0.0,
        0.0,
        0.0,
        1.0
      ]
    ],
    "location": [
      104.20885587865257,
      23.634158027698504,
      -1.9369897771817506
    ],
    "rotation": [
      -0.03792903054404732,
      -0.009910545899942181,
      -1.2910675961694944
    ]
  },
  {
    "label_id": "Si6ywWpLkRk5GY_DaSJ7lg",
    "size": [
      0.6416873139743502,
      0.7010949696853519,
      1.7299999999999969
    ],
    "obj_class": "pedestrian",
    "point_num_in_lidar": 53,
    "speed": 0.004503106716984166,
    "if_vehicle": false,
    "motion_state": false,
    "pose": [
      [
        0.8921430079199912,
        -0.4504934742787263,
        0.03371176429308839,
        95.84661223174999
      ],
      [
        0.4500576981081397,
        0.892775758701275,
        0.019987822516850065,
        2.4245445145443227
      ],
      [
        -0.039101429552802894,
        -0.002659757065042003,
        0.99923170681243,
        -2.131941333585239
      ],
      [
        0.0,
        0.0,
        0.0,
        1.0
      ]
    ],
    "location": [
      95.84661223174999,
      2.4245445145443227,
      -2.131941333585239
    ],
    "rotation": [
      -0.002661795823037779,
      0.03911140025228017,
      0.46721570571461873
    ]
  },
  {
    "label_id": "W1kdd1w2Xb7p8BBS2en2BA",
    "size": [
      2.214043056889427,
      3.7207583453108057,
      1.2800000000000011
    ],
    "obj_class": "vehicle",
    "point_num_in_lidar": 54,
    "speed": 0.0005848015637925461,
    "if_vehicle": true,
    "motion_state": false,
    "pose": [
      [
        0.9877656814821133,
        -0.15225792404477156,
        0.03371176429308839,
        88.82970836601396
      ],
      [
        0.1516477093958763,
        0.9882324924763497,
        0.019987822516850065,
        14.470235004806455
      ],
      [
        -0.03635836521572489,
        -0.014630973294959387,
        0.99923170681243,
        -1.7926065648286809
      ],
      [
        0.0,
        0.0,
        0.0,
        1.0
      ]
    ],
    "location": [
      88.82970836601396,
      14.470235004806455,
      -1.7926065648286809
    ],
    "rotation": [
      -0.01464117654464923,
      0.03636638052469,
      0.15233655734255552
    ]
  },
  {
    "label_id": "YFsJo6nQebutOB3c0Rd3gA",
    "size": [
      0.8916578199837676,
      0.8037033151583719,
      1.8699999999999974
    ],
    "obj_class": "pedestrian",
    "point_num_in_lidar": 22,
    "speed": 1.0780436910895406,
    "if_vehicle": false,
    "motion_state": true,
    "pose": [
      [
        -0.9331413039122236,
        0.35792572397250544,
        0.03371176429308839,
        113.04689763871954
      ],
      [
        -0.35742816941740335,
        -0.9337267216150338,
        0.019987822516850065,
        7.046364895537408
      ],
      [
        0.0386317309982217,
        0.006601928566630006,
        0.99923170681243,
        -1.7840943509713938
      ],
      [
        0.0,
        0.0,
        0.0,
        1.0
      ]
    ],
    "location": [
      113.04689763871954,
      7.046364895537408,
      -1.7840943509713938
    ],
    "rotation": [
      0.006606908548388396,
      -0.038641346524994014,
      -2.7757940414701903
    ]
  },
  {
    "label_id": "ZfYfhl5Fd393ajA-1MAXQw",
    "size": [
      0.5726689959525311,
      0.5368842894175692,
      1.8800000000000026
    ],
    "obj_class": "pedestrian",
    "point_num_in_lidar": 54,
    "speed": 0.0149893462938365,
    "if_vehicle": false,
    "motion_state": false,
    "pose": [
      [
        0.8921430079194872,
        -0.45049347427972475,
        0.03371176429308839,
        95.54828662261355
      ],
      [
        0.4500576981091388,
        0.8927757587007714,
        0.019987822516850065,
        3.631256834070882
      ],
      [
        -0.03910142955280587,
        -0.0026597570649982464,
        0.99923170681243,
        -2.0871313393339364
      ],
      [
        0.0,
        0.0,
        0.0,
        1.0
      ]
    ],
    "location": [
      95.54828662261355,
      3.631256834070882,
      -2.0871313393339364
    ],
    "rotation": [
      -0.002661795822993989,
      0.03911140025228315,
      0.4672157057157386
    ]
  },
  {
    "label_id": "a-l4H4ezAX14MhEB5DsssA",
    "size": [
      0.5602458060477886,
      0.6442986036973264,
      1.8500000000000014
    ],
    "obj_class": "pedestrian",
    "point_num_in_lidar": 27,
    "speed": 0.03325601818406609,
    "if_vehicle": false,
    "motion_state": false,
    "pose": [
      [
        0.8921430079196278,
        -0.4504934742794462,
        0.03371176429308839,
        96.14973573953989
      ],
      [
        0.4500576981088601,
        0.8927757587009119,
        0.019987822516850065,
        3.1868587781791575
      ],
      [
        -0.03910142955280504,
        -0.0026597570650104545,
        0.99923170681243,
        -2.1133027980801202
      ],
      [
        0.0,
        0.0,
        0.0,
        1.0
      ]
    ],
    "location": [
      96.14973573953989,
      3.1868587781791575,
      -2.1133027980801202
    ],
    "rotation": [
      -0.0026617958230062064,
      0.03911140025228231,
      0.4672157057154262
    ]
  },
  {
    "label_id": "alCtOgYcyvSmD9foO0clkg",
    "size": [
      0.9786878883544463,
      0.8466946051033566,
      1.8699999999999974
    ],
    "obj_class": "pedestrian",
    "point_num_in_lidar": 21,
    "speed": 1.0254712158460473,
    "if_vehicle": false,
    "motion_state": true,
    "pose": [
      [
        -0.9331413039125994,
        0.35792572397152583,
        0.03371176429308839,
        112.78897020925854
      ],
      [
        -0.3574281694164231,
        -0.933726721615409,
        0.019987822516850065,
        7.947769327725837
      ],
      [
        0.038631730998214764,
        0.006601928566670562,
        0.99923170681243,
        -1.7640943509713694
      ],
      [
        0.0,
        0.0,
        0.0,
        1.0
      ]
    ],
    "location": [
      112.78897020925854,
      7.947769327725837,
      -1.7640943509713694
    ],
    "rotation": [
      0.006606908548428981,
      -0.03864134652498707,
      -2.775794041471241
    ]
  },
  {
    "label_id": "bcz7REbn_CUSYUPs1N5iZA",
    "size": [
      0.8876727643208986,
      0.9776859722758251,
      1.7800000000000011
    ],
    "obj_class": "pedestrian",
    "point_num_in_lidar": 901,
    "speed": 1.4049808279142624,
    "if_vehicle": false,
    "motion_state": true,
    "pose": [
      [
        0.9924068224629329,
        -0.11828869632078877,
        0.03371176429308839,
        59.83997872475197
      ],
      [
        0.11766282944234371,
        0.9928524288728193,
        0.019987822516850065,
        16.447565721391584
      ],
      [
        -0.035835140527790306,
        -0.015869429859682087,
        0.99923170681243,
        -0.9128825553464353
      ],
      [
        0.0,
        0.0,
        0.0,
        1.0
      ]
    ],
    "location": [
      59.83997872475197,
      16.447565721391584,
      -0.9128825553464353
    ],
    "rotation": [
      -0.01588029655644052,
      0.03584281462278407,
      0.11801218389116928
    ]
  },
  {
    "label_id": "fK-Tw46xvydKIOslVz5dCQ",
    "size": [
      0.64737431354858,
      0.8376383631190127,
      1.7299999999999969
    ],
    "obj_class": "pedestrian",
    "point_num_in_lidar": 38,
    "speed": 1.4717287693507624,
    "if_vehicle": false,
    "motion_state": true,
    "pose": [
      [
        0.13966102461317925,
        -0.9896253407993573,
        0.03371176429308839,
        93.08300959920416
      ],
      [
        0.9898959112613327,
        0.14038009766035378,
        0.019987822516850065,
        7.364920805877773
      ],
      [
        -0.024512916433841393,
        0.030579617862644348,
        0.99923170681243,
        -2.0407150857401675
      ],
      [
        0.0,
        0.0,
        0.0,
        1.0
      ]
    ],
    "location": [
      93.08300959920416,
      7.364920805877773,
      -2.0407150857401675
    ],
    "rotation": [
      0.030593581600817325,
      0.024515371997299407,
      1.4306348562860418
    ]
  },
  {
    "label_id": "hXgWqzlFtVSZhB20i4m6ZA",
    "size": [
      0.6972519486206095,
      0.7764543871808254,
      1.9099999999999966
    ],
    "obj_class": "pedestrian",
    "point_num_in_lidar": 31,
    "speed": 1.6479350817258922,
    "if_vehicle": false,
    "motion_state": true,
    "pose": [
      [
        0.9793454877141721,
        -0.19936381979220222,
        0.03371176429308839,
        82.12124302076609
      ],
      [
        0.1987766489806518,
        0.9798409721842916,
        0.019987822516850065,
        20.224523531454906
      ],
      [
        -0.03701701654527524,
        -0.012873872253703135,
        0.99923170681243,
        -1.201755501796704
      ],
      [
        0.0,
        0.0,
        0.0,
        1.0
      ]
    ],
    "location": [
      82.12124302076609,
      20.224523531454906,
      -1.201755501796704
    ],
    "rotation": [
      -0.012883057972313417,
      0.03702547558214773,
      0.200248607849463
    ]
  },
  {
    "label_id": "i2Z_DWskPJWGzXDXCYvBrA",
    "size": [
      0.8354407080883245,
      0.875556846582244,
      1.6700000000000017
    ],
    "obj_class": "pedestrian",
    "point_num_in_lidar": 168,
    "speed": 1.1696410507424435,
    "if_vehicle": false,
    "motion_state": true,
    "pose": [
      [
        0.9991073020417185,
        0.025458121595386365,
        0.03371176429308839,
        79.47760637343163
      ],
      [
        -0.026141494899328245,
        0.9994584079367501,
        0.019987822516850065,
        20.017964776532608
      ],
      [
        -0.03318465385304814,
        -0.02085125534281391,
        0.99923170681243,
        -1.3795564357054033
      ],
      [
        0.0,
        0.0,
        0.0,
        1.0
      ]
    ],
    "location": [
      79.47760637343163,
      20.017964776532608,
