[
  {
    "label_id": "Dr5Bt8rXiqfaViFgbMwubg",
    "size": [
      2.531468319597953,
      5.74686633680221,
      2.5400000000000205
    ],
    "obj_class": "vehicle",
    "point_num_in_lidar": 989,
    "speed": 0.021448210842731415,
    "if_vehicle": true,
    "motion_state": false,
    "pose": [
      [
        -0.023707643608991205,
        -0.9997189331461038,
        4.8412033495793036e-05,
        -24.31477032798466
      ],
      [
        0.9996951046545975,
        -0.023707412832183226,
        -0.006903354723438835,
        6.016050598479069
      ],
      [
        0.006902562143309521,
        -0.00011526500059761523,
        0.9999761703909936,
        1.501533902192591
      ],
      [
        0.0,
        0.0,
        0.0,
        1.0
      ]
    ],
    "location": [
      -24.31477032798466,
      6.016050598479069,
      1.501533902192591
    ],
    "rotation": [
      -0.00011526774687245888,
      -0.0069026169569992284,
      1.5945067567472693
    ]
  },
  {
    "label_id": "GKqqT-P7XGtWMFB3FN24Zg",
    "size": [
      1.9944445603378669,
      4.635124279183967,
      1.8600000000000136
    ],
    "obj_class": "vehicle",
    "point_num_in_lidar": 4348,
    "speed": 0.05478932023052837,
    "if_vehicle": true,
    "motion_state": false,
    "pose": [
      [
        0.9990887621895255,
        -0.04268070902500276,
        4.8412033495793036e-05,
        -49.056825488464256
      ],
      [
        0.042680025961324294,
        0.9990649423723681,
        -0.006903354723438835,
        -7.627066862305583
      ],
      [
        0.0002462733087928677,
        0.006899130352442162,
        0.9999761703909936,
        0.8847953697825801
      ],
      [
        0.0,
        0.0,
        0.0,
        1.0
      ]
    ],
    "location": [
      -49.056825488464256,
      -7.627066862305583,
      0.8847953697825801
    ],
    "rotation": [
      0.006899185293638117,
      -0.00024627331128230275,
      0.04269299543624003
    ]
  },
  {
    "label_id": "J1XQITk__hlP14Y2xEc20w",
    "size": [
      2.077129562957544,
      4.862762984558531,
      1.7200000000000273
    ],
    "obj_class": "vehicle",
    "point_num_in_lidar": 94,
    "speed": 0.0,
    "if_vehicle": true,
    "motion_state": false,
    "pose": [
      [
        0.04511403405202113,
        0.9989818424715377,
        4.8412033495793036e-05,
        19.691284077259752
      ],
      [
        -0.9989580243887544,
        0.04511329297312844,
        -0.006903354723438835,
        -11.390462643395495
      ],
      [
        -0.006898510047106041,
        0.0002630765907288009,
        0.9999761703909936,
        1.1363536955208815
      ],
      [
        0.0,
        0.0,
        0.0,
        1.0
      ]
    ],
    "location": [
      19.691284077259752,
      -11.390462643395495,
      1.1363536955208815
    ],
    "rotation": [
      0.0002630828538209398,
      0.006898564764317161,
      -1.5256659008494187
    ]
  },
  {
    "label_id": "ND-bI6w7fY7VtaV6CzEQMw",
    "size": [
      2.2087934662488315,
      5.1961808477803935,
      2.009999999999991
    ],
    "obj_class": "vehicle",
    "point_num_in_lidar": 3820,
    "speed": 0.007595611006541196,
    "if_vehicle": true,
    "motion_state": false,
    "pose": [
      [
        0.04972939695543309,
        0.9987627269450557,
        4.8412033495793036e-05,
        -43.996252589885444
      ],
      [
        -0.9987389125407168,
        0.04972854583183427,
        -0.006903354723438835,
        -12.916631336874161
      ],
      [
        -0.006897220848677311,
        0.00029494868567858076,
        0.9999761703909936,
        1.167318400871352
      ],
      [
        0.0,
        0.0,
        0.0,
        1.0
      ]
    ],
    "location": [
      -43.996252589885444,
      -12.916631336874161,
      1.167318400871352
    ],
    "rotation": [
      0.0002949557058043236,
      0.006897275535216952,
      -1.5210452257263662
    ]
  },
  {
    "label_id": "V-n--U3b8PiVmCN1M34Fmg",
    "size": [
      2.3169765699161715,
      5.297860991632643,
      2.0500000000000114
    ],
    "obj_class": "vehicle",
    "point_num_in_lidar": 3574,
    "speed": 0.011903891316534231,
    "if_vehicle": true,
    "motion_state": false,
    "pose": [
      [
        -0.03168838412565208,
        -0.9994977958794007,
        4.8412033495793036e-05,
        -44.306258527909904
      ],
      [
        0.9994739699897839,
        -0.03168796311571695,
        -0.006903354723438835,
        5.587773409680722
      ],
      [
        0.006901421908982538,
        -0.00017036958891864586,
        0.9999761703909936,
        1.2053518533846272
      ],
      [
        0.0,
        0.0,
        0.0,
        1.0
      ]
    ],
    "location": [
      -44.306258527909904,
      5.587773409680722,
      1.2053518533846272
    ],
    "rotation": [
      -0.00017037364720759424,
      -0.006901476695512322,
      1.6024907717121064
    ]
  },
  {
    "label_id": "bJdt8E68uaS0DfkRbSnNLQ",
    "size": [
      2.061873312110158,
      4.821125258720578,
      1.6499999999999773
    ],
    "obj_class": "vehicle",
    "point_num_in_lidar": 96,
    "speed": 0.030615846042149703,
    "if_vehicle": true,
    "motion_state": false,
    "pose": [
      [
        -0.04808630000376813,
        -0.9988431835920104,
        4.8412033495793036e-05,
        11.874981526075771
      ],
      [
        0.9988193678197416,
        -0.0480854880575654,
        -0.006903354723438835,
        7.115807507429054
      ],
      [
        0.006897696725683094,
        -0.0002836019095725735,
        0.9999761703909936,
        1.128169452092834
      ],
      [
        0.0,
        0.0,
        0.0,
        1.0
      ]
    ],
    "location": [
      11.874981526075771,
      7.115807507429054,
      1.128169452092834
    ],
    "rotation": [
      -0.00028360866025232484,
      -0.00689775142354305,
      1.6189023230004447
    ]
  },
  {
    "label_id": "mPXHOCaID-XFTqY0OH397w",
    "size": [
      2.150079157159676,
      4.74676163231082,
      2.1399999999999864
    ],
    "obj_class": "vehicle",
    "point_num_in_lidar": 287,
    "speed": 0.00010791029884637214,
    "if_vehicle": true,
    "motion_state": false,
    "pose": [
      [
        0.0242384896836623,
        0.9997062034788672,
        4.8412033495793036e-05,
        -11.620702373854783
      ],
      [
        -0.9996823751132624,
        0.024238246253989723,
        -0.006903354723438835,
        -12.259822521601563
      ],
      [
        -0.006902499964626471,
        0.00011893023561759641,
        0.9999761703909936,
        1.2362742581532302
      ],
      [
        0.0,
        0.0,
        0.0,
        1.0
      ]
    ],
    "location": [
      -11.620702373854783,
      -12.259822521601563,
      1.2362742581532302
    ],
    "rotation": [
      0.00011893306918537399,
      0.006902554776834876,
      -1.5465548855079665
    ]
  },
  {
    "label_id": "tz2RhKx6kf8FueDYjfUrGQ",
    "size": [
      2.3360933041956153,
      5.4823868462221625,
      2.1999999999999886
    ],
    "obj_class": "vehicle",
    "point_num_in_lidar": 30,
    "speed": 0.030221644246840422,
    "if_vehicle": true,
    "motion_state": false,
    "pose": [
      [
        0.06719729527418929,
        0.9977397061178372,
        4.8412033495793036e-05,
        23.618025340788336
      ],
      [
        -0.9977159102514205,
        0.0671960275964432,
        -0.006903354723438835,
        -11.17326659338596
      ],
      [
        -0.006891004209329832,
        0.0004155853096670113,
        0.9999761703909936,
        1.394647362423484
      ],
      [
        0.0,
        0.0,
        0.0,
        1.0
      ]
    ],
    "location": [
      23.618025340788336,
      -11.17326659338596,
      1.394647362423484
    ],
    "rotation": [
      0.0004155951892113318,
      0.006891058748129532,
      -1.5035467580486306
    ]
  },
  {
    "label_id": "uwMPmlHlIb-6-6EZIi_qHg",
    "size": [
      2.2503041610926044,
      4.813912400449311,
      1.6899999999999977
    ],
    "obj_class": "vehicle",
    "point_num_in_lidar": 145,
    "speed": 0.014492255048797783,
    "if_vehicle": true,
    "motion_state": false,
    "pose": [
      [
        -0.9957926610580179,
        0.09163500335170323,
        4.8412033495793036e-05,
        -13.664391006564074
      ],
      [
        -0.0916331527394895,
        -0.9957689034171452,
        -0.006903354723438835,
        1.4330757133961924
      ],
      [
        -0.0005843817357140142,
        -0.0068787461175403445,
        0.9999761703909936,
        0.8345362833003946
      ],
      [
        0.0,
        0.0,
        0.0,
        1.0
      ]
    ],
    "location": [
      -13.664391006564074,
      1.4330757133961924,
      0.8345362833003946
    ],
    "rotation": [
      -0.006878801540384546,
      0.0005843817689752757,
      -3.04983076314991
    ]
  },
  {
    "label_id": "uyM3cP5UJOV8VksMY2nU3Q",
    "size": [
      2.205502969341008,
      4.629358215735893,
      1.6999999999999886
    ],
    "obj_class": "vehicle",
    "point_num_in_lidar": 109,
    "speed": 0.006069990257991795,
    "if_vehicle": true,
    "motion_state": false,
    "pose": [
      [
        0.9994035025552394,
        -0.034534573062289645,
        4.8412033495793036e-05,
        1.7102516067443503
      ],
      [
        0.034534084203942175,
        0.9993796779611628,
        -0.006903354723438835,
        1.209456777469768
      ],
      [
        0.0001900224056270301,
        0.0069009087552272565,
        0.9999761703909936,
        1.0207017638071534
      ],
      [
        0.0,
        0.0,
        0.0,
        1.0
      ]
    ],
    "location": [
      1.7102516067443503,
      1.209456777469768,
      1.0207017638071534
    ],
    "rotation": [
      0.006900963654130605,
      -0.00019002240677060123,
      0.03454095275616902
    ]
  }
]