[
  {
    "label_id": "-p3GvvA-sgqoIf7veEKtKg",
    "size": [
      2.1002824607575943,
      4.506576856352175,
      1.8700000000000045
    ],
    "obj_class": "vehicle",
    "point_num_in_lidar": 57,
    "speed": 0.014645592399707955,
    "if_vehicle": true,
    "motion_state": false,
    "pose": [
      [
        0.6528419741549972,
        0.757481333327318,
        0.004403003755877527,
        48.996780468543875
      ],
      [
        -0.7572896269181163,
        0.6527897553552333,
        -0.01944109733206548,
        -8.148021361634164
      ],
      [
        -0.01760050407306659,
        0.009357615290397522,
        0.9998013089071502,
        1.2063072081872974
      ],
      [
        0.0,
        0.0,
        0.0,
        1.0
      ]
    ],
    "location": [
      48.996780468543875,
      -8.148021361634164,
      1.2063072081872974
    ],
    "rotation": [
      0.009359201653110476,
      0.01760141290717016,
      -0.8593325885619675
    ]
  },
  {
    "label_id": "5sSq6-HBx5fWIwENoIgcew",
    "size": [
      1.0452475631213805,
      1.4277462463540846,
      1.329999999999984
    ],
    "obj_class": "pedestrian",
    "point_num_in_lidar": 118,
    "speed": 7.105427357601002e-14,
    "if_vehicle": false,
    "motion_state": false,
    "pose": [
      [
        -0.024349598967481588,
        -0.9996938084173816,
        0.004403003755877527,
        11.178844431592552
      ],
      [
        0.9995124708459004,
        -0.024430807560297307,
        -0.01944109733206548,
        -15.31982824634224
      ],
      [
        0.01954271356915265,
        0.003927474239657357,
        0.9998013089071502,
        1.2268294526776913
      ],
      [
        0.0,
        0.0,
        0.0,
        1.0
      ]
    ],
    "location": [
      11.178844431592552,
      -15.31982824634224,
      1.2268294526776913
    ],
    "rotation": [
      0.003928234543197744,
      -0.019543957734209083,
      1.5951529850456925
    ]
  },
  {
    "label_id": "9pLXtlW92jkIDAnlQkn0dg",
    "size": [
      2.1279412710348,
      4.671806951627692,
      1.6999999999999886
    ],
    "obj_class": "vehicle",
    "point_num_in_lidar": 139,
    "speed": 0.016744008620214895,
    "if_vehicle": true,
    "motion_state": false,
    "pose": [
      [
        0.6061293547615826,
        0.7953538953536553,
        0.004403003755877527,
        46.11461634636544
      ],
      [
        -0.7951593967278121,
        0.606088753838897,
        -0.01944109733206548,
        -10.630543024533381
      ],
      [
        -0.018131163552555632,
        0.008282729971428107,
        0.9998013089071502,
        1.1874224950750545
      ],
      [
        0.0,
        0.0,
        0.0,
        1.0
      ]
    ],
    "location": [
      46.11461634636544,
      -10.630543024533381,
      1.1874224950750545
    ],
    "rotation": [
      0.008284186489599221,
      0.018132157103247677,
      -0.9194860091682403
    ]
  },
  {
    "label_id": "J1XQITk__hlP14Y2xEc20w",
    "size": [
      2.0771295629575537,
      4.862762984558531,
      1.7200000000000273
    ],
    "obj_class": "vehicle",
    "point_num_in_lidar": 508,
    "speed": 0.0,
    "if_vehicle": true,
    "motion_state": false,
    "pose": [
      [
        0.04511359680246842,
        0.9989721602434525,
        0.004403003755877527,
        19.691284077260207
      ],
      [
        -0.9987891746527822,
        0.04519102046800326,
        -0.01944109733206548,
        -11.39046264339595
      ],
      [
        -0.01962009123216923,
        -0.0035206146608896694,
        0.9998013089071502,
        1.0405766050509442
      ],
      [
        0.0,
        0.0,
        0.0,
        1.0
      ]
    ],
    "location": [
      19.691284077260207,
      -11.39046264339595,
      1.0405766050509442
    ],
    "rotation": [
      -0.003521299760427102,
      0.01962135023602211,
      -1.525658718597231
    ]
  },
  {
    "label_id": "OTlTr3XwDdud2Dgf1nIesQ",
    "size": [
      2.695611277453993,
      6.038662456016443,
      2.420000000000016
    ],
    "obj_class": "vehicle",
    "point_num_in_lidar": 38,
    "speed": 0.023960408624671487,
    "if_vehicle": true,
    "motion_state": false,
    "pose": [
      [
        0.9008232285702806,
        0.4341637069426021,
        0.004403003755877527,
        59.52519823993816
      ],
      [
        -0.43400874659677807,
        0.9006988684416224,
        -0.01944109733206548,
        -2.371091001856257
      ],
      [
        -0.012406399385384586,
        0.015602049924270984,
        0.9998013089071502,
        1.712340373672589
      ],
      [
        0.0,
        0.0,
        0.0,
        1.0
      ]
    ],
    "location": [
      59.52519823993816,
      -2.371091001856257,
      1.712340373672589
    ],
    "rotation": [
      0.01560388398788928,
      0.01240671767033595,
      -0.44897478243119143
    ]
  },
  {
    "label_id": "U_5Tgc-tOQ5hbsJrYWX_dg",
    "size": [
      2.4734179715539844,
      5.7395499897824545,
      2.0
    ],
    "obj_class": "vehicle",
    "point_num_in_lidar": 103,
    "speed": 0.01126970552896955,
    "if_vehicle": true,
    "motion_state": false,
    "pose": [
      [
        0.8929134884959677,
        0.4502067476392227,
        0.004403003755877527,
        54.18131396338322
      ],
      [
        -0.45004958772656434,
        0.8927919199464535,
        -0.01944109733206548,
        -2.6421963632374172
      ],
      [
        -0.012683479377148114,
        0.015377648013873044,
        0.9998013089071502,
        1.4023965792460444
      ],
      [
        0.0,
        0.0,
        0.0,
        1.0
      ]
    ],
    "location": [
      54.18131396338322,
      -2.6421963632374172,
      1.4023965792460444
    ],
    "rotation": [
      0.015379491344055711,
      0.012683819468361899,
      -0.46686140994642605
    ]
  },
  {
    "label_id": "bBpuQJceUOo4TjDNwEZYPA",
    "size": [
      2.1302569595178653,
      4.675593737670226,
      2.009999999999991
    ],
    "obj_class": "vehicle",
    "point_num_in_lidar": 36,
    "speed": 0.02472680280511263,
    "if_vehicle": true,
    "motion_state": false,
    "pose": [
      [
        0.9076104110743319,
        0.41979037062253804,
        0.004403003755877527,
        54.426607051680094
      ],
      [
        -0.4196374065439045,
        0.9074836035783959,
        -0.01944109733206548,
        0.01619555403249251
      ],
      [
        -0.012156839169289555,
        0.015797277264172533,
        0.9998013089071502,
        1.1509508730917446
      ],
      [
        0.0,
        0.0,
        0.0,
        1.0
      ]
    ],
    "location": [
      54.426607051680094,
      0.01619555403249251,
      1.1509508730917446
    ],
    "rotation": [
      0.01579910198846392,
      0.01215713862985993,
      -0.4330799819441124
    ]
  },
  {
    "label_id": "bJdt8E68uaS0DfkRbSnNLQ",
    "size": [
      2.0618733121101678,
      4.821125258720578,
      1.6499999999999773
    ],
    "obj_class": "vehicle",
    "point_num_in_lidar": 386,
    "speed": 0.030615846041663904,
    "if_vehicle": true,
    "motion_state": false,
    "pose": [
      [
        -0.0480858339467271,
        -0.9988335027078203,
        0.004403003755877527,
        11.881259250196763
      ],
      [
        0.9986502875534459,
        -0.0481627127967792,
        -0.01944109733206548,
        6.993502992072081
      ],
      [
        0.019630479950008096,
        0.003462219588854135,
        0.9998013089071502,
        1.034128171138832
      ],
      [
        0.0,
        0.0,
        0.0,
        1.0
      ]
    ],
    "location": [
      11.881259250196763,
      6.993502992072081,
      1.034128171138832
    ],
    "rotation": [
      0.0034628937957730424,
      -0.01963174095505598,
      1.61890998959773
    ]
  },
  {
    "label_id": "gaDcJK-aVJhF5BY-ZhzFPg",
    "size": [
      2.5885603987617842,
      6.17289627131434,
      2.2200000000000273
    ],
    "obj_class": "vehicle",
    "point_num_in_lidar": 95,
    "speed": 0.02238252713326787,
    "if_vehicle": true,
    "motion_state": false,
    "pose": [
      [
        0.04014314748331386,
        0.9991842379001276,
        0.004403003755877527,
        41.6648448502242
      ],
      [
        -0.9990016397570657,
        0.040221480544840975,
        -0.01944109733206548,
        11.279543946329795
      ],
      [
        -0.01960233335158794,
        -0.003618181134539606,
        0.9998013089071502,
        1.2729130666525066
      ],
      [
        0.0,
        0.0,
        0.0,
        1.0
      ]
    ],
    "location": [
      41.6648448502242,
      11.279543946329795,
      1.2729130666525066
    ],
    "rotation": [
      -0.003618884379660446,
      0.01960358893961795,
      -1.5306346689107746
    ]
  },
  {
    "label_id": "iao-69Ye3m68p1sAWCZfKg",
    "size": [
      2.1121220402564043,
      4.53887100429458,
      1.8500000000000227
    ],
    "obj_class": "vehicle",
    "point_num_in_lidar": 25,
    "speed": 0.006646792424962812,
    "if_vehicle": true,
    "motion_state": false,
    "pose": [
      [
        0.029300392759143062,
        0.9995609538902995,
        0.004403003755877527,
        8.525506100816528
      ],
      [
        -0.9993792163483893,
        0.02938070226193225,
        -0.01944109733206548,
        -17.61347474849663
      ],
      [
        -0.019561925136323138,
        -0.003830638655629652,
        0.9998013089071502,
        1.3779924712707725
      ],
      [
        0.0,
        0.0,
        0.0,
        1.0
      ]
    ],
    "location": [
      8.525506100816528,
      -17.61347474849663,
      1.3779924712707725
    ],
    "rotation": [
      -0.0038313811729936893,
      0.019563172974658774,
      -1.541486129760384
    ]
  },
  {
    "label_id": "kCciq8jtEdufyIuvSt-R-Q",
    "size": [
      2.135038233564976,
      5.047466922604698,
      1.5199999999999818
    ],
    "obj_class": "vehicle",
    "point_num_in_lidar": 119,
    "speed": 0.017528355090788674,
    "if_vehicle": true,
    "motion_state": false,
    "pose": [
      [
        0.07252691660405164,
        -0.9973567365420632,
        0.004403003755877527,
        52.43370312485058
      ],
      [
        0.9971841107419408,
        0.07242853732010472,
        -0.01944109733206548,
        5.688799271495554
      ],
      [
        0.019070806268052305,
        0.0058006082297921225,
        0.9998013089071502,
        0.955062665070443
      ],
      [
        0.0,
        0.0,
        0.0,
        1.0
      ]
    ],
    "location": [
      52.43370312485058,
      5.688799271495554,
      0.955062665070443
    ],
    "rotation": [
      0.005801695892747003,
      -0.01907196245217264,
      1.4981924481216122
    ]
  },
  {
    "label_id": "mPXHOCaID-XFTqY0OH397w",
    "size": [
      2.150079157159678,
      4.74676163231082,
      2.1399999999999864
    ],
    "obj_class": "vehicle",
    "point_num_in_lidar": 5280,
    "speed": 0.015152033301346141,
    "if_vehicle": true,
    "motion_state": false,
    "pose": [
      [
        0.02423825476188935,
        0.9996965142302054,
        0.004403003755877527,
        -11.642146485113244
      ],
      [
        -0.9995151857047124,
        0.024319483551245986,
        -0.01944109733206548,
        -12.26444133281575
      ],
      [
        -0.019542276013093145,
        -0.003929650846729183,
        0.9998013089071502,
        1.1570226161970822
      ],
      [
        0.0,
        0.0,
        0.0,
        1.0
      ]
    ],
    "location": [
      -11.642146485113244,
      -12.26444133281575,
      1.1570226161970822
    ],
    "rotation": [
      -0.003930411549215549,
      0.019543520094572317,
      -1.546551067116229
    ]
  },
  {
    "label_id": "pTCBySy6WZ3NJyU7-hnc2Q",
    "size": [
      2.5899617804956887,
      5.748041104335103,
      2.3000000000000114
    ],
    "obj_class": "vehicle",
    "point_num_in_lidar": 155,
    "speed": 0.04005371086871262,
    "if_vehicle": true,
    "motion_state": false,
    "pose": [
      [
        -0.8520658400841875,
        -0.5234161038022747,
        0.004403003755877527,
        52.27453083040473
      ],
      [
        0.5232493134519056,
        -0.8519578626356087,
        -0.01944109733206548,
        -4.8538767756076595
      ],
      [
        0.013926957088224485,
        -0.014261226238015751,
        0.9998013089071502,
        1.3985706708082262
      ],
      [
        0.0,
        0.0,
        0.0,
        1.0
      ]
    ],
    "location": [
      52.27453083040473,
      -4.8538767756076595,
      1.3985706708082262
    ],
    "rotation": [
      -0.01426309309301388,
      -0.013927407339934387,
      2.5908736457465658
    ]
  },
  {
    "label_id": "rBcbIMFHFDHbMVr-oyIhrA",
    "size": [
      0.597786083904708,
      1.1959041209712264,
      1.1000000000000227
    ],
    "obj_class": "cyclist",
    "point_num_in_lidar": 68,
    "speed": 0.2675748219736391,
    "if_vehicle": false,
    "motion_state": false,
    "pose": [
      [
        0.5089741320498866,
        0.8607705539003935,
        0.004403003755877527,
        11.749690726130666
      ],
      [
        -0.8605726421089926,
        0.5089565515720106,
        -0.01944109733206548,
        -12.888774126821772
      ],
      [
        -0.018975261727103503,
        0.006105911065274052,
        0.9998013089071502,
        0.9307067423207513
      ],
      [
        0.0,
        0.0,
        0.0,
        1.0
      ]
    ],
    "location": [
      11.749690726130666,
      -12.888774126821772,
      0.9307067423207513
    ],
    "rotation": [
      0.006107048572467873,
      0.01897640061886437,
      -1.0366972605685978
    ]
  },
  {
    "label_id": "tz2RhKx6kf8FueDYjfUrGQ",
    "size": [
      2.3360933041956238,
      5.4823868462221625,
      2.1999999999999886
    ],
    "obj_class": "vehicle",
    "point_num_in_lidar": 274,
    "speed": 0.030221644245976603,
    "if_vehicle": true,
    "motion_state": false,
    "pose": [
      [
        0.06719664399154185,
        0.9977300359286573,
        0.004403003755877527,
        23.633473437184875
      ],
      [
        -0.997545382732609,
        0.067270001660309,
        -0.01944109733206548,
        -11.293164180890471
      ],
      [
        -0.019693156809582443,
        -0.003085819570602246,
        0.9998013089071502,
        1.394647362423484
      ],
      [
        0.0,
        0.0,
        0.0,
        1.0
      ]
    ],
    "location": [
      23.633473437184875,
      -11.293164180890471,
      1.394647362423484
    ],
    "rotation": [
      -0.0030864230168452535,
      0.019694429933187124,
      -1.5035359465023317
    ]
  },
  {
    "label_id": "uwMPmlHlIb-6-6EZIi_qHg",
    "size": [
      2.250304161092605,
      4.813912400449311,
      1.6899999999999977
    ],
    "obj_class": "vehicle",
    "point_num_in_lidar": 4986,
    "speed": 0.05212946826960999,
    "if_vehicle": true,
    "motion_state": false,
    "pose": [
      [
        -0.9957830097397856,
        0.09163411521644012,
        0.004403003755877527,
        -13.636866236838614
      ],
      [
        -0.09170292438085216,
        -0.9955966137922151,
        -0.01944109733206548,
        1.3816490018225522
      ],
      [
        0.0026021478770055567,
        -0.019762882734442124,
        0.9998013089071502,
        0.7736710083505614
      ],
      [
        0.0,
        0.0,
        0.0,
        1.0
      ]
    ],
    "location": [
      -13.636866236838614,
      1.3816490018225522,
      0.7736710083505614
    ],
    "rotation": [
      -0.019764236352870022,
      -0.0026021508136136614,
      -3.0497604004304812
    ]
  },
  {
    "label_id": "uyM3cP5UJOV8VksMY2nU3Q",
    "size": [
      2.205502969341009,
      4.629358215735893,
      1.6999999999999886
    ],
    "obj_class": "vehicle",
    "point_num_in_lidar": 1204,
    "speed": 0.048184780799859,
    "if_vehicle": true,
    "motion_state": false,
    "pose": [
      [
        0.9993938162403841,
        -0.0345342383498889,
        0.004403003755877527,
        1.6604732193586642
      ],
      [
        0.034613595074498016,
        0.9992116606458032,
        -0.01944109733206548,
        1.1539420414051165
      ],
      [
        -0.003728149205691155,
        0.01958171624371111,
        0.9998013089071502,
        0.9085984552058335
      ],
      [
        0.0,
        0.0,
        0.0,
        1.0
      ]
    ],
    "location": [
      1.6604732193586642,
      1.1539420414051165,
      0.9085984552058335
    ],
    "rotation": [
      0.01958310398528796,
      0.003728157842062768,
      0.03462075126279746
    ]
  }
]