[
  {
    "label_id": "-p3GvvA-sgqoIf7veEKtKg",
    "size": [
      2.100282460757599,
      4.506576856352175,
      1.8700000000000045
    ],
    "obj_class": "vehicle",
    "point_num_in_lidar": 77,
    "speed": 0.018144787778858463,
    "if_vehicle": true,
    "motion_state": false,
    "pose": [
      [
        0.6528483023804627,
        0.7574886758586721,
        4.982340938369429e-06,
        49.0095902979092
      ],
      [
        -0.7573394409424388,
        0.6527198134786,
        -0.019844804999195508,
        -8.154848801485969
      ],
      [
        -0.01503546713416214,
        0.012951873931495255,
        0.9998030724546311,
        1.1773722588224018
      ],
      [
        0.0,
        0.0,
        0.0,
        1.0
      ]
    ],
    "location": [
      49.0095902979092,
      -8.154848801485969,
      1.1773722588224018
    ],
    "rotation": [
      0.012953700429441052,
      0.015036033691293945,
      -0.8593603243794949
    ]
  },
  {
    "label_id": "5sSq6-HBx5fWIwENoIgcew",
    "size": [
      1.0452475631213787,
      1.4277462463540846,
      1.329999999999984
    ],
    "obj_class": "pedestrian",
    "point_num_in_lidar": 185,
    "speed": 7.105427357601002e-14,
    "if_vehicle": false,
    "motion_state": false,
    "pose": [
      [
        -0.024349834996651627,
        -0.999703498798925,
        4.982340938369429e-06,
        11.178844431591642
      ],
      [
        0.9995066272600657,
        -0.02434513868828816,
        -0.019844804999195508,
        -15.31982824634224
      ],
      [
        0.01983904228645928,
        -0.00047823784448396855,
        0.9998030724546311,
        1.1821520257410612
      ],
      [
        0.0,
        0.0,
        0.0,
        1.0
      ]
    ],
    "location": [
      11.178844431591642,
      -15.31982824634224,
      1.1821520257410612
    ],
    "rotation": [
      -0.00047833200475768983,
      -0.019840343917179513,
      1.595153363395469
    ]
  },
  {
    "label_id": "9pLXtlW92jkIDAnlQkn0dg",
    "size": [
      2.1279412710348047,
      4.671806951627692,
      1.6999999999999886
    ],
    "obj_class": "vehicle",
    "point_num_in_lidar": 187,
    "speed": 0.016744008760608397,
    "if_vehicle": true,
    "motion_state": false,
    "pose": [
      [
        0.6061352301852992,
        0.7953616049969917,
        4.982340938369429e-06,
        46.11151684049355
      ],
      [
        -0.795204916477416,
        0.6060159441175536,
        -0.019844804999195508,
        -10.64357458281529
      ],
      [
        -0.015786815333060145,
        0.012024673464159988,
        0.9998030724546311,
        1.151431584152533
      ],
      [
        0.0,
        0.0,
        0.0,
        1.0
      ]
    ],
    "location": [
      46.11151684049355,
      -10.64357458281529,
      1.151431584152533
    ],
    "rotation": [
      0.01202646206750956,
      0.01578747114760892,
      -0.9195089347514038
    ]
  },
  {
    "label_id": "J1XQITk__hlP14Y2xEc20w",
    "size": [
      2.0771295629575595,
      4.862762984558531,
      1.7200000000000273
    ],
    "obj_class": "vehicle",
    "point_num_in_lidar": 727,
    "speed": 0.0,
    "if_vehicle": true,
    "motion_state": false,
    "pose": [
      [
        0.045114034104329626,
        0.9989818436298077,
        4.982340938369429e-06,
        19.691284077259752
      ],
      [
        -0.9987851121516809,
        0.04510524868236704,
        -0.019844804999195508,
        -11.39046264339595
      ],
      [
        -0.0198248246142974,
        0.00089030292157457,
        0.9998030724546311,
        1.02142168817727
      ],
      [
        0.0,
        0.0,
        0.0,
        1.0
      ]
    ],
    "location": [
      19.691284077259752,
      -11.39046264339595,
      1.02142168817727
    ],
    "rotation": [
      0.0008904780459081012,
      0.019826123448247565,
      -1.5256580983095462
    ]
  },
  {
    "label_id": "OTlTr3XwDdud2Dgf1nIesQ",
    "size": [
      2.695611277453982,
      6.038662456016443,
      2.420000000000016
    ],
    "obj_class": "vehicle",
    "point_num_in_lidar": 48,
    "speed": 0.010731187035895163,
    "if_vehicle": true,
    "motion_state": false,
    "pose": [
      [
        0.9008319605647349,
        0.43416791544317535,
        4.982340938369429e-06,
        59.515654429629194
      ],
      [
        -0.43408232676359987,
        0.9006546048880465,
        -0.019844804999195508,
        -2.372408732490385
      ],
      [
        -0.008620464987186284,
        0.017874671848302884,
        0.9998030724546311,
        1.6746316381055522
      ],
      [
        0.0,
        0.0,
        0.0,
        1.0
      ]
    ],
    "location": [
      59.515654429629194,
      -2.372408732490385,
      1.6746316381055522
    ],
    "rotation": [
      0.01787628812124103,
      0.008620571758687719,
      -0.44903728252498293
    ]
  },
  {
    "label_id": "U_5Tgc-tOQ5hbsJrYWX_dg",
    "size": [
      2.473417971553979,
      5.7395499897824545,
      2.0
    ],
    "obj_class": "vehicle",
    "point_num_in_lidar": 140,
    "speed": 0.01126970524581842,
    "if_vehicle": true,
    "motion_state": false,
    "pose": [
      [
        0.8929221438185451,
        0.4502111116506008,
        4.982340938369429e-06,
        54.19024409870826
      ],
      [
        -0.45012236440624637,
        0.892746347388705,
        -0.019844804999195508,
        -2.6434354248854106
      ],
      [
        -0.008938799685851383,
        0.017717623160459176,
        0.9998030724546311,
        1.361344839086712
      ],
      [
        0.0,
        0.0,
        0.0,
        1.0
      ]
    ],
    "location": [
      54.19024409870826,
      -2.6434354248854106,
      1.361344839086712
    ],
    "rotation": [
      0.017719258251818183,
      0.008938918728335445,
      -0.46692250525613666
    ]
  },
  {
    "label_id": "bBpuQJceUOo4TjDNwEZYPA",
    "size": [
      2.1302569595178658,
      4.675593737670226,
      2.009999999999991
    ],
    "obj_class": "vehicle",
    "point_num_in_lidar": 59,
    "speed": 0.02472680259821095,
    "if_vehicle": true,
    "motion_state": false,
    "pose": [
      [
        0.907619208859315,
        0.41979443979734554,
        4.982340938369429e-06,
        54.44579823672302
      ],
      [
        -0.4197116809796111,
        0.9074405151654917,
        -0.019844804999195508,
        0.020991079386931233
      ],
      [
        -0.008335259975552685,
        0.01800943506664675,
        0.9998030724546311,
        1.1509508730916878
      ],
      [
        0.0,
        0.0,
        0.0,
        1.0
      ]
    ],
    "location": [
      54.44579823672302,
      0.020991079386931233,
      1.1509508730916878
    ],
    "rotation": [
      0.018011034488924303,
      0.008335356496100427,
      -0.4331437092385195
    ]
  },
  {
    "label_id": "bJdt8E68uaS0DfkRbSnNLQ",
    "size": [
      2.061873312110169,
      4.821125258720578,
      1.6499999999999773
    ],
    "obj_class": "vehicle",
    "point_num_in_lidar": 548,
    "speed": 0.0306158460421752,
    "if_vehicle": true,
    "motion_state": false,
    "pose": [
      [
        -0.0480863000595246,
        -0.9988431847501196,
        4.982340938369429e-06,
        11.882514762167375
      ],
      [
        0.9986464802838635,
        -0.04807692930288734,
        -0.019844804999195508,
        6.969042729044304
      ],
      [
        0.01982208776179459,
        -0.0009492876505723921,
        0.9998030724546311,
        0.9843958262866295
      ],
      [
        0.0,
        0.0,
        0.0,
        1.0
      ]
    ],
    "location": [
      11.882514762167375,
      6.969042729044304,
      0.9843958262866295
    ],
    "rotation": [
      -0.0009494743429627029,
      -0.01982338605783655,
      1.6189106384096177
    ]
  },
  {
    "label_id": "gaDcJK-aVJhF5BY-ZhzFPg",
    "size": [
      2.5885603987617825,
      6.17289627131434,
      2.2200000000000273
    ],
    "obj_class": "vehicle",
    "point_num_in_lidar": 129,
    "speed": 0.003125763263662289,
    "if_vehicle": true,
    "motion_state": false,
    "pose": [
      [
        0.040143536604876316,
        0.9991939233422256,
        4.982340938369429e-06,
        41.667337435780155
      ],
      [
        -0.9989971505912176,
        0.040135730031631275,
        -0.019844804999195508,
        11.279743850378964
      ],
      [
        -0.0198290085349984,
        0.0007916633115011322,
        0.9998030724546311,
        1.259579881138336
      ],
      [
        0.0,
        0.0,
        0.0,
        1.0
      ]
    ],
    "location": [
      41.667337435780155,
      11.279743850378964,
      1.259579881138336
    ],
    "rotation": [
      0.0007918190770366608,
      0.01983030819155457,
      -1.5306340997472034
    ]
  },
  {
    "label_id": "iao-69Ye3m68p1sAWCZfKg",
    "size": [
      2.1121220402564065,
      4.53887100429458,
      1.8500000000000227
    ],
    "obj_class": "vehicle",
    "point_num_in_lidar": 214,
    "speed": 0.002792140065628863,
    "if_vehicle": true,
    "motion_state": false,
    "pose": [
      [
        0.02930067677809239,
        0.9995706429840375,
        4.982340938369429e-06,
        8.527069926954482
      ],
      [
        -0.9993737971186369,
        0.02929500549959634,
        -0.019844804999195508,
        -17.618556978263314
      ],
      [
        -0.019836430450643885,
        0.0005764869960235817,
        0.9998030724546311,
        1.3779924712707725
      ],
      [
        0.0,
        0.0,
        0.0,
        1.0
      ]
    ],
    "location": [
      8.527069926954482,
      -17.618556978263314,
      1.3779924712707725
    ],
    "rotation": [
      0.0005766004806530457,
      0.01983773156728695,
      -1.5414856869603484
    ]
  },
  {
    "label_id": "kCciq8jtEdufyIuvSt-R-Q",
    "size": [
      2.135038233564965,
      5.047466922604698,
      1.5199999999999818
    ],
    "obj_class": "vehicle",
    "point_num_in_lidar": 134,
    "speed": 0.017528354944661175,
    "if_vehicle": true,
    "motion_state": false,
    "pose": [
      [
        0.07252761963280725,
        -0.9973664042695519,
        4.982340938369429e-06,
        52.43289129485538
      ],
      [
        0.9971700025475448,
        0.07251323833531025,
        -0.019844804999195508,
        5.702798313545827
      ],
      [
        0.019792180519802118,
        0.0014442647095950902,
        0.9998030724546311,
        0.9283958558551717
      ],
      [
        0.0,
        0.0,
        0.0,
        1.0
      ]
    ],
    "location": [
      52.43289129485538,
      5.702798313545827,
      0.9283958558551717
    ],
    "rotation": [
      0.0014445481763297365,
      -0.01979347294747327,
      1.4981907231971427
    ]
  },
  {
    "label_id": "mPXHOCaID-XFTqY0OH397w",
    "size": [
      2.150079157159678,
      4.74676163231082,
      2.1399999999999864
    ],
    "obj_class": "vehicle",
    "point_num_in_lidar": 5030,
    "speed": 0.03273408283192385,
    "if_vehicle": true,
    "motion_state": false,
    "pose": [
      [
        0.024238489711765523,
        0.9997062046379771,
        4.982340938369429e-06,
        -11.651163378056935
      ],
      [
        -0.9995093325772727,
        0.02423381533062047,
        -0.019844804999195508,
        -12.284610032965702
      ],
      [
        -0.01983909542865671,
        0.00047602820553901135,
        0.9998030724546311,
        1.133562081771629
      ],
      [
        0.0,
        0.0,
        0.0,
        1.0
      ]
    ],
    "location": [
      -11.651163378056935,
      -12.284610032965702,
      1.133562081771629
    ],
    "rotation": [
      0.0004761219310915869,
      0.01984039706983811,
      -1.5465506902645434
    ]
  },
  {
    "label_id": "pTCBySy6WZ3NJyU7-hnc2Q",
    "size": [
      2.5899617804956856,
      5.748041104335103,
      2.3000000000000114
    ],
    "obj_class": "vehicle",
    "point_num_in_lidar": 209,
    "speed": 0.040053711873196986,
    "if_vehicle": true,
    "motion_state": false,
    "pose": [
      [
        -0.8520740994562294,
        -0.5234211774575347,
        4.982340938369429e-06,
        52.27702998894256
      ],
      [
        0.5233180171752342,
        -0.8519063543690264,
        -0.019844804999195508,
        -4.885821856550592
      ],
      [
        0.010391435686999113,
        -0.01690663699979323,
        0.9998030724546311,
        1.361641442092889
      ],
      [
        0.0,
        0.0,
        0.0,
        1.0
      ]
    ],
    "location": [
      52.27702998894256,
      -4.885821856550592,
      1.361641442092889
    ],
    "rotation": [
      -0.016908355529870536,
      -0.010391622710643672,
      2.590819419174863
    ]
  },
  {
    "label_id": "rBcbIMFHFDHbMVr-oyIhrA",
    "size": [
      0.597786083904536,
      1.1959041209712264,
      1.1000000000000227
    ],
    "obj_class": "cyclist",
    "point_num_in_lidar": 105,
    "speed": 0.20590353791167904,
    "if_vehicle": false,
    "motion_state": false,
    "pose": [
      [
        0.39445626054855987,
        0.9189147177454625,
        4.982340938369429e-06,
        11.824198378517394
      ],
      [
        -0.9187337191471955,
        0.3943786721115964,
        -0.019844804999195508,
        -13.039695468965874
      ],
      [
        -0.018237648313552762,
        0.007823330126677658,
        0.9998030724546311,
        0.8977685188665987
      ],
      [
        0.0,
        0.0,
        0.0,
        1.0
      ]
    ],
    "location": [
      11.824198378517394,
      -13.039695468965874,
      0.8977685188665987
    ],
    "rotation": [
      0.00782471136320972,
      0.01823865947446012,
      -1.1652488621953703
    ]
  },
  {
    "label_id": "tz2RhKx6kf8FueDYjfUrGQ",
    "size": [
      2.336093304195627,
      5.4823868462221625,
      2.1999999999999886
    ],
    "obj_class": "vehicle",
    "point_num_in_lidar": 421,
    "speed": 0.022528536893886234,
    "if_vehicle": true,
    "motion_state": false,
    "pose": [
      [
        0.06719729535210224,
        0.9977397072746672,
        4.982340938369429e-06,
        23.63656297562102
      ],
      [
        -0.9975432182239217,
        0.06718416100544199,
        -0.019844804999195508,
        -11.31714307094353
      ],
      [
        -0.019800284665215964,
        0.0013285471223218655,
        0.9998030724546311,
        1.394647362423484
      ],
      [
        0.0,
        0.0,
        0.0,
        1.0
      ]
    ],
    "location": [
      23.63656297562102,
      -11.31714307094353,
      1.394647362423484
    ],
    "rotation": [
      0.0013288080192711052,
      0.01980157868132414,
      -1.5035351509826909
    ]
  },
  {
    "label_id": "uyM3cP5UJOV8VksMY2nU3Q",
    "size": [
      2.2055029693410075,
      4.629358215735893,
      1.6999999999999886
    ],
    "obj_class": "vehicle",
    "point_num_in_lidar": 3567,
    "speed": 0.06586244032840832,
    "if_vehicle": true,
    "motion_state": false,
    "pose": [
      [
        0.9994035037139983,
        -0.03453457310233356,
        4.982340938369429e-06,
        1.6694784720898497
      ],
      [
        0.034527871109085895,
        0.9992066902454257,
        -0.019844804999195508,
        1.1213222037058586
      ],
      [
        0.0006803534805475693,
        0.0198331396763428,
        0.9998030724546311,
        0.8235853389493286
      ],
      [
        0.0,
        0.0,
        0.0,
        1.0
      ]
    ],
    "location": [
      1.6694784720898497,
      1.1213222037058586,
      0.8235853389493286
    ],
    "rotation": [
      0.019834444736563733,
      -0.0006803535330346806,
      0.034534743325842006
    ]
  }
]