[
  {
    "label_id": "5sSq6-HBx5fWIwENoIgcew",
    "size": [
      1.045247563121376,
      1.4277462463540846,
      1.329999999999984
    ],
    "obj_class": "pedestrian",
    "point_num_in_lidar": 60,
    "speed": 7.105427357601002e-14,
    "if_vehicle": false,
    "motion_state": false,
    "pose": [
      [
        -0.024349772946777322,
        -0.9997009512877058,
        0.002257554406123776,
        11.178844431590733
      ],
      [
        0.9995635984352856,
        -0.024384081629997754,
        -0.016674209011665858,
        -15.31982824634224
      ],
      [
        0.016724271001855476,
        0.0018505560023473432,
        0.9998584270795234,
        1.2917279200224243
      ],
      [
        0.0,
        0.0,
        0.0,
        1.0
      ]
    ],
    "location": [
      11.178844431590733,
      -15.31982824634224,
      1.2917279200224243
    ],
    "rotation": [
      0.0018508159147225841,
      -0.01672505073322519,
      1.5951519136494412
    ]
  },
  {
    "label_id": "9pLXtlW92jkIDAnlQkn0dg",
    "size": [
      2.1279412710347994,
      4.671806951627692,
      1.6999999999999886
    ],
    "obj_class": "vehicle",
    "point_num_in_lidar": 60,
    "speed": 0.015316874214679949,
    "if_vehicle": true,
    "motion_state": false,
    "pose": [
      [
        0.6061336855910268,
        0.7953595782034324,
        0.002257554406123776,
        46.12042667260266
      ],
      [
        -0.795228213096639,
        0.6060809020658561,
        -0.016674209011665858,
        -10.60611409677631
      ],
      [
        -0.014630252457320674,
        0.008311528806205884,
        0.9998584270795234,
        1.254890969975122
      ],
      [
        0.0,
        0.0,
        0.0,
        1.0
      ]
    ],
    "location": [
      46.12042667260266,
      -10.60611409677631,
      1.254890969975122
    ],
    "rotation": [
      0.008312514195861253,
      0.0146307744279243,
      -0.9195242874782338
    ]
  },
  {
    "label_id": "Dr5Bt8rXiqfaViFgbMwubg",
    "size": [
      2.5314683195979533,
      5.74686633680221,
      2.5400000000000205
    ],
    "obj_class": "vehicle",
    "point_num_in_lidar": 4356,
    "speed": 0.09324437465588238,
    "if_vehicle": true,
    "motion_state": false,
    "pose": [
      [
        -0.02370758322307888,
        -0.9997163867546757,
        0.002257554406123776,
        -24.31272049099198
      ],
      [
        0.999579055969697,
        -0.02374198013150665,
        -0.016674209011665858,
        5.924233226674005
      ],
      [
        0.01672307879699083,
        0.0018612989042503534,
        0.9998584270795234,
        1.4228531016063926
      ],
      [
        0.0,
        0.0,
        0.0,
        1.0
      ]
    ],
    "location": [
      -24.31272049099198,
      5.924233226674005,
      1.4228531016063926
    ],
    "rotation": [
      0.001861560300725676,
      -0.01672385836160686,
      1.594509448061092
    ]
  },
  {
    "label_id": "J1XQITk__hlP14Y2xEc20w",
    "size": [
      2.077129562957556,
      4.862762984558531,
      1.7200000000000273
    ],
    "obj_class": "vehicle",
    "point_num_in_lidar": 247,
    "speed": 0.0,
    "if_vehicle": true,
    "motion_state": false,
    "pose": [
      [
        0.04511391914173512,
        0.9989792979575586,
        0.002257554406123776,
        19.691284077259752
      ],
      [
        -0.9988412619668974,
        0.0451453668299563,
        -0.016674209011665858,
        -11.39046264339595
      ],
      [
        -0.016759107734274595,
        -0.001502699574866917,
        0.9998584270795234,
        1.0764843660711563
      ],
      [
        0.0,
        0.0,
        0.0,
        1.0
      ]
    ],
    "location": [
      19.691284077259752,
      -11.39046264339595,
      1.0764843660711563
    ],
    "rotation": [
      -0.0015029112149930622,
      0.016759892348764783,
      -1.5256607471696788
    ]
  },
  {
    "label_id": "bJdt8E68uaS0DfkRbSnNLQ",
    "size": [
      2.0618733121101736,
      4.821125258720578,
      1.6499999999999773
    ],
    "obj_class": "vehicle",
    "point_num_in_lidar": 290,
    "speed": 0.030615846042735602,
    "if_vehicle": true,
    "motion_state": false,
    "pose": [
      [
        -0.04808617752280393,
        -0.9988406394312103,
        0.002257554406123776,
        11.878905670479071
      ],
      [
        0.9987025104791613,
        -0.04811721434638702,
        -0.016674209011665858,
        7.039356142210181
      ],
      [
        0.01676350482048006,
        0.0014528262783518053,
        0.9998584270795234,
        1.1107960076210475
      ],
      [
        0.0,
        0.0,
        0.0,
        1.0
      ]
    ],
    "location": [
      11.878905670479071,
      7.039356142210181,
      1.1107960076210475
    ],
    "rotation": [
      0.0014530309657388072,
      -0.016764290052762178,
      1.6189078208045304
    ]
  },
  {
    "label_id": "mPXHOCaID-XFTqY0OH397w",
    "size": [
      2.1500791571596802,
      4.74676163231082,
      2.1399999999999864
    ],
    "obj_class": "vehicle",
    "point_num_in_lidar": 1947,
    "speed": 0.00685534433018375,
    "if_vehicle": true,
    "motion_state": false,
    "pose": [
      [
        0.024238427945627822,
        0.9997036571198626,
        0.002257554406123776,
        -11.632096248034031
      ],
      [
        -0.9995663080895324,
        0.024272751926743094,
        -0.016674209011665858,
        -12.262276629080588
      ],
      [
        -0.016724064786604296,
        -0.0018524187093607982,
        0.9998584270795234,
        1.1999159229562224
      ],
      [
        0.0,
        0.0,
        0.0,
        1.0
      ]
    ],
    "location": [
      -11.632096248034031,
      -12.262276629080588,
      1.1999159229562224
    ],
    "rotation": [
      -0.0018526788790941891,
      0.016724844489128983,
      -1.5465521334865937
    ]
  },
  {
    "label_id": "tz2RhKx6kf8FueDYjfUrGQ",
    "size": [
      2.336093304195622,
      5.4823868462221625,
      2.1999999999999886
    ],
    "obj_class": "vehicle",
    "point_num_in_lidar": 130,
    "speed": 0.030221644246567612,
    "if_vehicle": true,
    "motion_state": false,
    "pose": [
      [
        0.06719712411546706,
        0.9977371647677128,
        0.002257554406123776,
        23.62768179587556
      ],
      [
        -0.9975984670188781,
        0.06722551119493055,
        -0.016674209011665858,
        -11.24821341137067
      ],
      [
        -0.016788243273045778,
        -0.0011316739222766424,
        0.9998584270795234,
        1.3946473624234272
      ],
      [
        0.0,
        0.0,
        0.0,
        1.0
      ]
    ],
    "location": [
      23.62768179587556,
      -11.24821341137067,
      1.3946473624234272
    ],
    "rotation": [
      -0.001131833676032939,
      0.016789031987134193,
      -1.5035390356771743
    ]
  },
  {
    "label_id": "uwMPmlHlIb-6-6EZIi_qHg",
    "size": [
      2.2503041610926044,
      4.813912400449311,
      1.6899999999999977
    ],
    "obj_class": "vehicle",
    "point_num_in_lidar": 1162,
    "speed": 0.01449225504816449,
    "if_vehicle": true,
    "motion_state": false,
    "pose": [
      [
        -0.995790124667226,
        0.09163476994751417,
        0.002257554406123776,
        -13.66337993690695
      ],
      [
        -0.09165974855614437,
        -0.9956507727353301,
        -0.016674209011665858,
        1.3968533166635098
      ],
      [
        0.0007197984821084179,
        -0.01681093953967125,
        0.9998584270795234,
        0.8037352541414862
      ],
      [
        0.0,
        0.0,
        0.0,
        1.0
      ]
    ],
    "location": [
      -13.66337993690695,
      1.3968533166635098,
      0.8037352541414862
    ],
    "rotation": [
      -0.016811735812753505,
      -0.0007197985442642135,
      -3.049804046801899
    ]
  },
  {
    "label_id": "uyM3cP5UJOV8VksMY2nU3Q",
    "size": [
      2.205502969341008,
      4.629358215735893,
      1.6999999999999886
    ],
    "obj_class": "vehicle",
    "point_num_in_lidar": 360,
    "speed": 0.0193644116913898,
    "if_vehicle": true,
    "motion_state": false,
    "pose": [
      [
        0.9994009569672467,
        -0.03453448509902633,
        0.002257554406123776,
        1.7252653248606293
      ],
      [
        0.034567392509909124,
        0.9992632616727692,
        -0.016674209011665858,
        1.2116800058083754
      ],
      [
        -0.0016800559566155504,
        0.0167422582121997,
        0.9998584270795234,
        0.9563170549466804
      ],
      [
        0.0,
        0.0,
        0.0,
        1.0
      ]
    ],
    "location": [
      1.7252653248606293,
      1.2116800058083754,
      0.9563170549466804
    ],
    "rotation": [
      0.016743064093938317,
      0.0016800567469675229,
      0.03457432915107938
    ]
  }
]