[
  {
    "label_id": "-DVbk5tkWcaP8CxvcoCTMQ",
    "size": [
      2.500868864935083,
      5.782342346281149,
      2.5400000000000205
    ],
    "obj_class": "vehicle",
    "point_num_in_lidar": 5655,
    "speed": 0.01042771965451126,
    "if_vehicle": true,
    "motion_state": false,
    "pose": [
      [
        0.11974392271011232,
        0.9928016819157212,
        0.0024926610900722823,
        -61.727569059291454
      ],
      [
        -0.9927611087433686,
        0.11976183184049495,
        -0.009082103327230149,
        -12.728084159724858
      ],
      [
        -0.00931525311691104,
        -0.001387090308640511,
        0.9999556500364621,
        1.3989335317705809
      ],
      [
        0.0,
        0.0,
        0.0,
        1.0
      ]
    ],
    "location": [
      -61.727569059291454,
      -12.728084159724858,
      1.3989335317705809
    ],
    "rotation": [
      -0.001387150939059916,
      0.009315387842375393,
      -1.4507591482624353
    ]
  },
  {
    "label_id": "Dr5Bt8rXiqfaViFgbMwubg",
    "size": [
      2.5314683195979577,
      5.74686633680221,
      2.5400000000000205
    ],
    "obj_class": "vehicle",
    "point_num_in_lidar": 401,
    "speed": 0.022132200037914194,
    "if_vehicle": true,
    "motion_state": false,
    "pose": [
      [
        -0.023707569984603872,
        -0.9997158285063387,
        0.0024926610900722823,
        -24.319164905660273
      ],
      [
        0.9996771657928952,
        -0.023729298165728604,
        -0.009082103327230149,
        6.057867759791407
      ],
      [
        0.0091386715505945,
        0.0022765417735679744,
        0.9999556500364621,
        1.5730557220615538
      ],
      [
        0.0,
        0.0,
        0.0,
        1.0
      ]
    ],
    "location": [
      -24.319164905660273,
      6.057867759791407,
      1.5730557220615538
    ],
    "rotation": [
      0.0022766388092455105,
      -0.009138798758551605,
      1.594507108456535
    ]
  },
  {
    "label_id": "GKqqT-P7XGtWMFB3FN24Zg",
    "size": [
      1.9944445603378667,
      4.635124279183967,
      1.8600000000000136
    ],
    "obj_class": "vehicle",
    "point_num_in_lidar": 653,
    "speed": 0.016091946886806395,
    "if_vehicle": true,
    "motion_state": false,
    "pose": [
      [
        0.9990856595067641,
        -0.04268057647952086,
        0.0024926610900722823,
        -49.10659952204287
      ],
      [
        0.04270156682387401,
        0.9990465913008961,
        -0.009082103327230149,
        -7.631400654693152
      ],
      [
        -0.0021026551596523314,
        0.009180239726501303,
        0.9999556500364621,
        0.9400519959289682
      ],
      [
        0.0,
        0.0,
        0.0,
        1.0
      ]
    ],
    "location": [
      -49.10659952204287,
      -7.631400654693152,
      0.9400519959289682
    ],
    "rotation": [
      0.009180388972836183,
      0.0021026567090174464,
      0.04271464914104775
    ]
  },
  {
    "label_id": "ND-bI6w7fY7VtaV6CzEQMw",
    "size": [
      2.2087934662488284,
      5.1961808477803935,
      2.009999999999991
    ],
    "obj_class": "vehicle",
    "point_num_in_lidar": 408,
    "speed": 0.013336211683082275,
    "if_vehicle": true,
    "motion_state": false,
    "pose": [
      [
        0.049729242520163176,
        0.9987596252748009,
        0.0024926610900722823,
        -43.99887664202333
      ],
      [
        -0.9987204099298869,
        0.04974995666965272,
        -0.009082103327230149,
        -12.941831635926974
      ],
      [
        -0.009194847897034631,
        -0.002037825386740259,
        0.9999556500364621,
        1.192279980914293
      ],
      [
        0.0,
        0.0,
        0.0,
        1.0
      ]
    ],
    "location": [
      -43.99887664202333,
      -12.941831635926974,
      1.192279980914293
    ],
    "rotation": [
      -0.0020379129470141834,
      0.009194977465382581,
      -1.5210444597926045
    ]
  },
  {
    "label_id": "V-n--U3b8PiVmCN1M34Fmg",
    "size": [
      2.3169765699161733,
      5.297860991632643,
      2.0500000000000114
    ],
    "obj_class": "vehicle",
    "point_num_in_lidar": 1166,
    "speed": 0.01190389141600953,
    "if_vehicle": true,
    "motion_state": false,
    "pose": [
      [
        -0.03168828571697523,
        -0.99949469192638,
        0.0024926610900722823,
        -44.309020264518495
      ],
      [
        0.9994558569729889,
        -0.03170970453255661,
        -0.009082103327230149,
        5.6102195305334135
      ],
      [
        0.009156555613759443,
        0.0022035084407770566,
        0.9999556500364621,
        1.2641518481624416
      ],
      [
        0.0,
        0.0,
        0.0,
        1.0
      ]
    ],
    "location": [
      -44.309020264518495,
      5.6102195305334135,
      1.2641518481624416
    ],
    "rotation": [
      0.0022036026038249434,
      -0.00915668357002253,
      1.6024912473586965
    ]
  },
  {
    "label_id": "Z60rnZCpgJjUuzNiRSJR6w",
    "size": [
      2.2560184563160868,
      5.641626324669515,
      2.1100000000000136
    ],
    "obj_class": "vehicle",
    "point_num_in_lidar": 3889,
    "speed": 0.0148987187480163,
    "if_vehicle": true,
    "motion_state": false,
    "pose": [
      [
        0.04585774364715344,
        0.9989448703448464,
        0.0024926610900722823,
        -66.48461651934531
      ],
      [
        -0.998905735581151,
        0.04587860963709679,
        -0.009082103327230149,
        5.13118360182807
      ],
      [
        -0.009186880355787425,
        -0.0020734486935760866,
        0.9999556500364621,
        1.141607896885148
      ],
      [
        0.0,
        0.0,
        0.0,
        1.0
      ]
    ],
    "location": [
      -66.48461651934531,
      5.13118360182807,
      1.141607896885148
    ],
    "rotation": [
      -0.0020735376832578803,
      0.009187009587597028,
      -1.52492055796513
    ]
  },
  {
    "label_id": "mPXHOCaID-XFTqY0OH397w",
    "size": [
      2.1500791571596722,
      4.74676163231082,
      2.1399999999999864
    ],
    "obj_class": "vehicle",
    "point_num_in_lidar": 115,
    "speed": 7.105427357601002e-14,
    "if_vehicle": true,
    "motion_state": false,
    "pose": [
      [
        0.02423841441072489,
        0.9997030988786341,
        0.0024926610900722823,
        -11.620702373855238
      ],
      [
        -0.9996644246330062,
        0.02426012205893724,
        -0.009082103327230149,
        -12.259822521601563
      ],
      [
        -0.009139879102864651,
        -0.0022716888302457615,
        0.9999556500364621,
        1.2071458395632249
      ],
      [
        0.0,
        0.0,
        0.0,
        1.0
      ]
    ],
    "location": [
      -11.620702373855238,
      -12.259822521601563,
      1.2071458395632249
    ],
    "rotation": [
      -0.002271785675786595,
      0.009140006361256135,
      -1.5465545256408606
    ]
  },
  {
    "label_id": "uwMPmlHlIb-6-6EZIi_qHg",
    "size": [
      2.2503041610926044,
      4.813912400449311,
      1.6899999999999977
    ],
    "obj_class": "vehicle",
    "point_num_in_lidar": 44,
    "speed": 0.014492255169727051,
    "if_vehicle": true,
    "motion_state": false,
    "pose": [
      [
        -0.9957895686113402,
        0.09163471877804329,
        0.0024926610900722823,
        -13.665159226778087
      ],
      [
        -0.09165376754668084,
        -0.9957495178475623,
        -0.009082103327230149,
        1.4605978303338816
      ],
      [
        0.0016498300942929876,
        -0.009272325534428269,
        0.9999556500364621,
        0.8579391942841994
      ],
      [
        0.0,
        0.0,
        0.0,
        1.0
      ]
    ],
    "location": [
      -13.665159226778087,
      1.4605978303338816,
      0.8579391942841994
    ],
    "rotation": [
      -0.009272471025766654,
      -0.0016498308427501441,
      -3.049809951673682
    ]
  },
  {
    "label_id": "uyM3cP5UJOV8VksMY2nU3Q",
    "size": [
      2.2055029693410084,
      4.629358215735893,
      1.6999999999999886
    ],
    "obj_class": "vehicle",
    "point_num_in_lidar": 51,
    "speed": 0.006069990308595945,
    "if_vehicle": true,
    "motion_state": false,
    "pose": [
      [
        0.9994003988950476,
        -0.03453446581474467,
        0.0024926610900722823,
        1.6988440428340255
      ],
      [
        0.034555773951331664,
        0.9993615031037458,
        -0.009082103327230149,
        1.2077675477157754
      ],
      [
        -0.0021774239468226484,
        0.009162793521205668,
        0.9999556500364621,
        1.06962186976898
      ],
      [
        0.0,
        0.0,
        0.0,
        1.0
      ]
    ],
    "location": [
      1.6988440428340255,
      1.2077675477157754,
      1.06962186976898
    ],
    "rotation": [
      0.009162943461357431,
      0.0021774256674176656,
      0.03456273679977808
    ]
  }
]