[
  {
    "label_id": "-p3GvvA-sgqoIf7veEKtKg",
    "size": [
      2.1002824607575983,
      4.506576856352175,
      1.8700000000000045
    ],
    "obj_class": "vehicle",
    "point_num_in_lidar": 195,
    "speed": 0.01814478793032527,
    "if_vehicle": true,
    "motion_state": false,
    "pose": [
      [
        0.6528475713237881,
        0.7574878276261643,
        0.0014965342715202294,
        49.03201081875568
      ],
      [
        -0.7573632114487817,
        0.6527736688131293,
        -0.01695592074276996,
        -8.16679859044325
      ],
      [
        -0.013820801735767078,
        0.009936211674554284,
        0.9998551180730831,
        1.1267285994206304
      ],
      [
        0.0,
        0.0,
        0.0,
        1.0
      ]
    ],
    "location": [
      49.03201081875568,
      -8.16679859044325,
      1.1267285994206304
    ],
    "rotation": [
      0.009937324342757793,
      0.013821241769320388,
      -0.8593763999246569
    ]
  },
  {
    "label_id": "5sSq6-HBx5fWIwENoIgcew",
    "size": [
      1.0452475631213776,
      1.4277462463540846,
      1.329999999999984
    ],
    "obj_class": "pedestrian",
    "point_num_in_lidar": 450,
    "speed": 7.105427357601002e-14,
    "if_vehicle": false,
    "motion_state": false,
    "pose": [
      [
        -0.024349807729816344,
        -0.9997023793353177,
        0.0014965342715202294,
        11.178844431591642
      ],
      [
        0.9995591612765653,
        -0.02437170203031529,
        -0.01695592074276996,
        -15.31982824634133
      ],
      [
        0.01698734739771184,
        0.0010830011312939428,
        0.9998551180730831,
        1.1039549511865516
      ],
      [
        0.0,
        0.0,
        0.0,
        1.0
      ]
    ],
    "location": [
      11.178844431591642,
      -15.31982824634133,
      1.1039549511865516
    ],
    "rotation": [
      0.0010831576377229764,
      -0.016988164510216362,
      1.5951520565016974
    ]
  },
  {
    "label_id": "9pLXtlW92jkIDAnlQkn0dg",
    "size": [
      2.1279412710347976,
      4.671806951627692,
      1.6999999999999886
    ],
    "obj_class": "vehicle",
    "point_num_in_lidar": 340,
    "speed": 0.016744009041184664,
    "if_vehicle": true,
    "motion_state": false,
    "pose": [
      [
        0.6061345514377213,
        0.7953607143545417,
        0.0014965342715202294,
        46.10609190203422
      ],
      [
        -0.7952318812399078,
        0.606068273226212,
        -0.01695592074276996,
        -10.666383186719486
      ],
      [
        -0.014393075176272618,
        0.009087477649551395,
        0.9998551180730831,
        1.0884381635894442
      ],
      [
        0.0,
        0.0,
        0.0,
        1.0
      ]
    ],
    "location": [
      46.10609190203422,
      -10.666383186719486,
      1.0884381635894442
    ],
    "rotation": [
      0.009088544200464116,
      0.014393572168984287,
      -0.9195258226410219
    ]
  },
  {
    "label_id": "J1XQITk__hlP14Y2xEc20w",
    "size": [
      2.0771295629575577,
      4.862762984558531,
      1.7200000000000273
    ],
    "obj_class": "vehicle",
    "point_num_in_lidar": 1917,
    "speed": 0.0,
    "if_vehicle": true,
    "motion_state": false,
    "pose": [
      [
        0.04511398358583252,
        0.9989807249743068,
        0.0014965342715202294,
        19.691284077259297
      ],
      [
        -0.9988370829596702,
        0.04513289771754079,
        -0.01695592074276996,
        -11.390462643395495
      ],
      [
        -0.017006180924426538,
        -0.0007298447962424398,
        0.9998551180730831,
        0.9772385770808114
      ],
      [
        0.0,
        0.0,
        0.0,
        1.0
      ]
    ],
    "location": [
      19.691284077259297,
      -11.390462643395495,
      0.9772385770808114
    ],
    "rotation": [
      -0.0007299504232391525,
      0.017007000757929595,
      -1.525660494196754
    ]
  },
  {
    "label_id": "OTlTr3XwDdud2Dgf1nIesQ",
    "size": [
      2.6956112774539895,
      6.038662456016443,
      2.420000000000016
    ],
    "obj_class": "vehicle",
    "point_num_in_lidar": 64,
    "speed": 0.010204786086344588,
    "if_vehicle": true,
    "motion_state": false,
    "pose": [
      [
        0.9008309518170415,
        0.43416742926384666,
        0.0014965342715202294,
        59.50163258356088
      ],
      [
        -0.4340826397376598,
        0.9007134719932584,
        -0.01695592074276996,
        -2.3696601795581955
      ],
      [
        -0.008709657099347854,
        0.014624798674604403,
        0.9998551180730831,
        1.6092061420550863
      ],
      [
        0.0,
        0.0,
        0.0,
        1.0
      ]
    ],
    "location": [
      59.50163258356088,
      -2.3696601795581955,
      1.6092061420550863
    ],
    "rotation": [
      0.014625874857470227,
      0.008709767219485727,
      -0.4490380023956165
    ]
  },
  {
    "label_id": "U_5Tgc-tOQ5hbsJrYWX_dg",
    "size": [
      2.4734179715539772,
      5.7395499897824545,
      2.0
    ],
    "obj_class": "vehicle",
    "point_num_in_lidar": 217,
    "speed": 0.011269705246242724,
    "if_vehicle": true,
    "motion_state": false,
    "pose": [
      [
        0.8929211439282329,
        0.4502106075061651,
        0.0014965342715202294,
        54.2058741496262
      ],
      [
        -0.4501237302515614,
        0.8928051994786907,
        -0.01695592074276996,
        -2.645604103850019
      ],
      [
        -0.008969848957240165,
        0.014466674557244616,
        0.9998551180730831,
        1.2894936559288794
      ],
      [
        0.0,
        0.0,
        0.0,
        1.0
      ]
    ],
    "location": [
      54.2058741496262,
      -2.645604103850019,
      1.2894936559288794
    ],
    "rotation": [
      0.01446776129091288,
      0.008969969244564445,
      -0.4669241750565398
    ]
  },
  {
    "label_id": "bBpuQJceUOo4TjDNwEZYPA",
    "size": [
      2.1302569595178658,
      4.675593737670226,
      2.009999999999991
    ],
    "obj_class": "vehicle",
    "point_num_in_lidar": 110,
    "speed": 0.01570215073969754,
    "if_vehicle": true,
    "motion_state": false,
    "pose": [
      [
        0.9076181925112935,
        0.41979396971336647,
        0.0014965342715202294,
        54.47938778362686
      ],
      [
        -0.41971105822786536,
        0.9074993798086094,
        -0.01695592074276996,
        0.02938449143903199
      ],
      [
        -0.00847609720201955,
        0.014761390154143596,
        0.9998551180730831,
        1.1509508730916878
      ],
      [
        0.0,
        0.0,
        0.0,
        1.0
      ]
    ],
    "location": [
      54.47938778362686,
      0.02938449143903199,
      1.1509508730916878
    ],
    "rotation": [
      0.014762456634522312,
      0.008476198698404977,
      -0.43314357058041164
    ]
  },
  {
    "label_id": "bJdt8E68uaS0DfkRbSnNLQ",
    "size": [
      2.061873312110168,
      4.821125258720578,
      1.6499999999999773
    ],
    "obj_class": "vehicle",
    "point_num_in_lidar": 2131,
    "speed": 0.03013324723135643,
    "if_vehicle": true,
    "motion_state": false,
    "pose": [
      [
        -0.048086246212695964,
        -0.9988420662498884,
        0.0014965342715202294,
        11.884712233463688
      ],
      [
        0.9986983685922177,
        -0.048104732854552294,
        -0.01695592074276996,
        6.926230930274414
      ],
      [
        0.017008277291216848,
        0.0006792397559098011,
        0.9998551180730831,
        0.925895175757887
      ],
      [
        0.0,
        0.0,
        0.0,
        1.0
      ]
    ],
    "location": [
      11.884712233463688,
      6.926230930274414,
      0.925895175757887
    ],
    "rotation": [
      0.0006793380752293995,
      -0.017009097427968384,
      1.6189080886491845
    ]
  },
  {
    "label_id": "gaDcJK-aVJhF5BY-ZhzFPg",
    "size": [
      2.5885603987617745,
      6.17289627131434,
      2.2200000000000273
    ],
    "obj_class": "vehicle",
    "point_num_in_lidar": 269,
    "speed": 0.003125763210753917,
    "if_vehicle": true,
    "motion_state": false,
    "pose": [
      [
        0.04014349165231946,
        0.9991928044492387,
        0.0014965342715202294,
        41.671700106417575
      ],
      [
        -0.999049258310122,
        0.04016312016963069,
        -0.01695592074276996,
        11.280093734267666
      ],
      [
        -0.01700233948477237,
        -0.0008144415912031877,
        0.9998551180730831,
        1.2362433514142026
      ],
      [
        0.0,
        0.0,
        0.0,
        1.0
      ]
    ],
    "location": [
      41.671700106417575,
      11.280093734267666,
      1.2362433514142026
    ],
    "rotation": [
      -0.0008145594260131607,
      0.017003158762788684,
      -1.5306362371719533
    ]
  },
  {
    "label_id": "iao-69Ye3m68p1sAWCZfKg",
    "size": [
      2.112122040256407,
      4.53887100429458,
      1.8500000000000227
    ],
    "obj_class": "vehicle",
    "point_num_in_lidar": 2165,
    "speed": 0.01643576368286397,
    "if_vehicle": true,
    "motion_state": false,
    "pose": [
      [
        0.029300643967322796,
        0.9995695236692015,
        0.0014965342715202294,
        8.519738167027754
      ],
      [
        -0.9994261989330034,
        0.029321828696276867,
        -0.01695592074276996,
        -17.56787820016598
      ],
      [
        -0.016992502741770926,
        -0.000998856161736388,
        0.9998551180730831,
        1.3779924712707725
      ],
      [
        0.0,
        0.0,
        0.0,
        1.0
      ]
    ],
    "location": [
      8.519738167027754,
      -17.56787820016598,
      1.3779924712707725
    ],
    "rotation": [
      -0.0009990005665765828,
      0.01699332059850108,
      -1.5414872556943173
    ]
  },
  {
    "label_id": "kCciq8jtEdufyIuvSt-R-Q",
    "size": [
      2.135038233564971,
      5.047466922604698,
      1.5199999999999818
    ],
    "obj_class": "vehicle",
    "point_num_in_lidar": 227,
    "speed": 0.017528355090993254,
    "if_vehicle": true,
    "motion_state": false,
    "pose": [
      [
        0.07252753841669773,
        -0.9973652874230127,
        0.0014965342715202294,
        52.4314703819914
      ],
      [
        0.997224861012651,
        0.07249188458071869,
        -0.01695592074276996,
        5.727300264754376
      ],
      [
        0.016802760175452448,
        0.0027221523739791595,
        0.9998551180730831,
        0.8817220294663457
      ],
      [
        0.0,
        0.0,
        0.0,
        1.0
      ]
    ],
    "location": [
      52.4314703819914,
      5.727300264754376,
      0.8817220294663457
    ],
    "rotation": [
      0.0027225400950960195,
      -0.01680355093750264,
      1.4981947843060297
    ]
  },
  {
    "label_id": "pTCBySy6WZ3NJyU7-hnc2Q",
    "size": [
      2.589961780495687,
      5.748041104335103,
      2.3000000000000114
    ],
    "obj_class": "vehicle",
    "point_num_in_lidar": 357,
    "speed": 0.040053711203809315,
    "if_vehicle": true,
    "motion_state": false,
    "pose": [
      [
        -0.8520731453073781,
        -0.5234205913327886,
        0.0014965342715202294,
        52.28140416400083
      ],
      [
        0.5233243077384808,
        -0.8519648852398818,
        -0.01695592074276996,
        -4.941734026239374
      ],
      [
        0.01015007271066583,
        -0.013664511957224377,
        0.9998551180730831,
        1.2970057222426021
      ],
      [
        0.0,
        0.0,
        0.0,
        1.0
      ]
    ],
    "location": [
      52.28140416400083,
      -4.941734026239374,
      1.2970057222426021
    ],
    "rotation": [
      -0.013665641236336474,
      -0.010150247002220855,
      2.5908135592073207
    ]
  },
  {
    "label_id": "rBcbIMFHFDHbMVr-oyIhrA",
    "size": [
      0.5977860839049834,
      1.1959041209712264,
      1.1000000000000227
    ],
    "obj_class": "cyclist",
    "point_num_in_lidar": 259,
    "speed": 0.15710006225737477,
    "if_vehicle": false,
    "motion_state": false,
    "pose": [
      [
        0.3553616806904431,
        0.9347276802802184,
        0.0014965342715202294,
        11.859032844887224
      ],
      [
        -0.934585330899874,
        0.3553347098420564,
        -0.01695592074276996,
        -13.095464002726658
      ],
      [
        -0.01638093903404393,
        0.0046268455154529434,
        0.9998551180730831,
        0.8320143568569165
      ],
      [
        0.0,
        0.0,
        0.0,
        1.0
      ]
    ],
    "location": [
      11.859032844887224,
      -13.095464002726658,
      0.8320143568569165
    ],
    "rotation": [
      0.0046274829282455365,
      0.01638167171951246,
      -1.2074443334174965
    ]
  },
  {
    "label_id": "tz2RhKx6kf8FueDYjfUrGQ",
    "size": [
      2.3360933041956264,
      5.4823868462221625,
      2.1999999999999886
    ],
    "obj_class": "vehicle",
    "point_num_in_lidar": 1326,
    "speed": 0.025443287384128228,
    "if_vehicle": true,
    "motion_state": false,
    "pose": [
      [
        0.06719722010486395,
        0.9977385900101051,
        0.0014965342715202294,
        23.667866211185355
      ],
      [
        -0.9975945648109144,
        0.06721295270621187,
        -0.01695592074276996,
        -11.322564781285564
      ],
      [
        -0.01701816294142931,
        -0.0003535437170893007,
        0.9998551180730831,
        1.3154031847089414
      ],
      [
        0.0,
        0.0,
        0.0,
        1.0
      ]
    ],
    "location": [
      23.667866211185355,
      -11.322564781285564,
      1.3154031847089414
    ],
    "rotation": [
      -0.00035359493186992784,
      0.017018984509190583,
      -1.503538677598832
    ]
  },
  {
    "label_id": "uyM3cP5UJOV8VksMY2nU3Q",
    "size": [
      2.2055029693410075,
      4.629358215735893,
      1.6999999999999886
    ],
    "obj_class": "vehicle",
    "point_num_in_lidar": 6196,
    "speed": 0.1423761930618217,
    "if_vehicle": true,
    "motion_state": false,
    "pose": [
      [
        0.9994023845863244,
        -0.03453453443066952,
        0.0014965342715202294,
        1.8629262881418072
      ],
      [
        0.034554968342531425,
        0.9992589508804071,
        -0.01695592074276996,
        1.0783585845028938
      ],
      [
        -0.0009098604374209859,
        0.01699750031755691,
        0.9998551180730831,
        0.8165170450633923
      ],
      [
        0.0,
        0.0,
        0.0,
        1.0
      ]
    ],
    "location": [
      1.8629262881418072,
      1.0783585845028938,
      0.8165170450633923
    ],
    "rotation": [
      0.016998325932845948,
      0.0009098605629584224,
      0.03456186305448992
    ]
  }
]