[
  {
    "label_id": "-p3GvvA-sgqoIf7veEKtKg",
    "size": [
      2.1002824607575987,
      4.506576856352175,
      1.8700000000000045
    ],
    "obj_class": "vehicle",
    "point_num_in_lidar": 57,
    "speed": 0.016992571498701304,
    "if_vehicle": true,
    "motion_state": false,
    "pose": [
      [
        0.6528482713017859,
        0.7574886397986149,
        -0.00030860057356646377,
        48.99998292397595
      ],
      [
        -0.7573830110742202,
        0.6527503205296021,
        -0.016970373733342557,
        -8.149728220579618
      ],
      [
        -0.012653426192832667,
        0.01131280798678492,
        0.9998559452146277,
        1.1990734751577747
      ],
      [
        0.0,
        0.0,
        0.0,
        1.0
      ]
    ],
    "location": [
      48.99998292397595,
      -8.149728220579618,
      1.1990734751577747
    ],
    "rotation": [
      0.011313955111190665,
      0.012653763872141795,
      -0.8593887981011021
    ]
  },
  {
    "label_id": "5sSq6-HBx5fWIwENoIgcew",
    "size": [
      1.045247563121376,
      1.4277462463540846,
      1.329999999999984
    ],
    "obj_class": "pedestrian",
    "point_num_in_lidar": 138,
    "speed": 7.105427357601002e-14,
    "if_vehicle": false,
    "motion_state": false,
    "pose": [
      [
        -0.024349833837483913,
        -0.9997034512082936,
        -0.00030860057356646377,
        11.178844431591642
      ],
      [
        0.9995596618562854,
        -0.024341092931482056,
        -0.016970373733342557,
        -15.31982824634224
      ],
      [
        0.016957829514277236,
        -0.000721690465529643,
        0.9998559452146277,
        1.215660102600964
      ],
      [
        0.0,
        0.0,
        0.0,
        1.0
      ]
    ],
    "location": [
      11.178844431591642,
      -15.31982824634224,
      1.215660102600964
    ],
    "rotation": [
      -0.0007217943181247598,
      -0.01695864237427188,
      1.5951520704128432
    ]
  },
  {
    "label_id": "9pLXtlW92jkIDAnlQkn0dg",
    "size": [
      2.1279412710348042,
      4.671806951627692,
      1.6999999999999886
    ],
    "obj_class": "vehicle",
    "point_num_in_lidar": 147,
    "speed": 0.016744009041408485,
    "if_vehicle": true,
    "motion_state": false,
    "pose": [
      [
        0.6061352013303861,
        0.7953615671340037,
        -0.00030860057356646377,
        46.11384147035915
      ],
      [
        -0.7952502415999696,
        0.6060437770083451,
        -0.016970373733342557,
        -10.633800912162314
      ],
      [
        -0.013310557590209906,
        0.010531755580198105,
        0.9998559452146277,
        1.1784247727075012
      ],
      [
        0.0,
        0.0,
        0.0,
        1.0
      ]
    ],
    "location": [
      46.11384147035915,
      -10.633800912162314,
      1.1784247727075012
    ],
    "rotation": [
      0.010532883419523267,
      0.01331095066222329,
      -0.9195364367139287
    ]
  },
  {
    "label_id": "J1XQITk__hlP14Y2xEc20w",
    "size": [
      2.0771295629575617,
      4.862762984558531,
      1.7200000000000273
    ],
    "obj_class": "vehicle",
    "point_num_in_lidar": 529,
    "speed": 0.0,
    "if_vehicle": true,
    "motion_state": false,
    "pose": [
      [
        0.045114031956689477,
        0.9989817960735304,
        -0.00030860057356646377,
        19.691284077259752
      ],
      [
        -0.9988382193541899,
        0.04510230562512032,
        -0.016970373733342557,
        -11.390462643395495
      ],
      [
        -0.016939175834788527,
        0.001073844030315788,
        0.9998559452146277,
        1.03578787868679
      ],
      [
        0.0,
        0.0,
        0.0,
        1.0
      ]
    ],
    "location": [
      19.691284077259752,
      -11.390462643395495,
      1.03578787868679
    ],
    "rotation": [
      0.001073998332031811,
      0.016939986015054597,
      -1.525660497150283
    ]
  },
  {
    "label_id": "OTlTr3XwDdud2Dgf1nIesQ",
    "size": [
      2.695611277453993,
      6.038662456016443,
      2.420000000000016
    ],
    "obj_class": "vehicle",
    "point_num_in_lidar": 42,
    "speed": 0.019360980839144167,
    "if_vehicle": true,
    "motion_state": false,
    "pose": [
      [
        0.9008319176808544,
        0.4341678947747295,
        -0.00030860057356646377,
        59.521662903711785
      ],
      [
        -0.43411010987118037,
        0.9006999605434556,
        -0.016970373733342557,
        -2.3735865095800364
      ],
      [
        -0.007090034912910701,
        0.015421420942865019,
        0.9998559452146277,
        1.7026669906139205
      ],
      [
        0.0,
        0.0,
        0.0,
        1.0
      ]
    ],
    "location": [
      59.521662903711785,
      -2.3735865095800364,
      1.7026669906139205
    ],
    "rotation": [
      0.015422419929884837,
      0.007090094315270118,
      -0.44906233061165235
    ]
  },
  {
    "label_id": "U_5Tgc-tOQ5hbsJrYWX_dg",
    "size": [
      2.4734179715539755,
      5.7395499897824545,
      2.0
    ],
    "obj_class": "vehicle",
    "point_num_in_lidar": 110,
    "speed": 0.011269705245896542,
    "if_vehicle": true,
    "motion_state": false,
    "pose": [
      [
        0.8929221013112144,
        0.45021109021841227,
        -0.00030860057356646377,
        54.18354649588355
      ],
      [
        -0.45015095431918684,
        0.8927911988482391,
        -0.016970373733342557,
        -2.642506128464902
      ],
      [
        -0.0073647345838624015,
        0.015292138616707265,
        0.9998559452146277,
        1.3921336503233874
      ],
      [
        0.0,
        0.0,
        0.0,
        1.0
      ]
    ],
    "location": [
      54.18354649588355,
      -2.642506128464902,
      1.3921336503233874
    ],
    "rotation": [
      0.015293149472211845,
      0.007364801161847863,
      -0.46694805466961387
    ]
  },
  {
    "label_id": "bBpuQJceUOo4TjDNwEZYPA",
    "size": [
      2.130256959517866,
      4.675593737670226,
      2.009999999999991
    ],
    "obj_class": "vehicle",
    "point_num_in_lidar": 38,
    "speed": 0.02472680280538837,
    "if_vehicle": true,
    "motion_state": false,
    "pose": [
      [
        0.9076191656523327,
        0.4197944198131386,
        -0.00030860057356646377,
        54.43140484508149
      ],
      [
        -0.41973873965406533,
        0.9074863067005295,
        -0.016970373733342557,
        0.017394434656125668
      ],
      [
        -0.006844017400649168,
        0.01553216806446994,
        0.9998559452146277,
        1.1509508730916878
      ],
      [
        0.0,
        0.0,
        0.0,
        1.0
      ]
    ],
    "location": [
      54.43140484508149,
      0.017394434656125668,
      1.1509508730916878
    ],
    "rotation": [
      0.01553315647483034,
      0.0068440708313928615,
      -0.43316828777515215
    ]
  },
  {
    "label_id": "bJdt8E68uaS0DfkRbSnNLQ",
    "size": [
      2.0618733121101656,
      4.821125258720578,
      1.6499999999999773
    ],
    "obj_class": "vehicle",
    "point_num_in_lidar": 331,
    "speed": 0.030615845786442553,
    "if_vehicle": true,
    "motion_state": false,
    "pose": [
      [
        -0.04808629777038849,
        -0.9988431372004433,
        -0.00030860057356646377,
        11.881573128001946
      ],
      [
        0.9986995960083307,
        -0.048074144278892304,
        -0.016970373733342557,
        6.987387929959823
      ],
      [
        0.016935905630777695,
        -0.001124241712765056,
        0.9998559452146277,
        1.0216950923365289
      ],
      [
        0.0,
        0.0,
        0.0,
        1.0
      ]
    ],
    "location": [
      11.881573128001946,
      6.987387929959823,
      1.0216950923365289
    ],
    "rotation": [
      -0.0011244032146423655,
      -0.01693671534186428,
      1.6189080811157643
    ]
  },
  {
    "label_id": "gaDcJK-aVJhF5BY-ZhzFPg",
    "size": [
      2.5885603987617793,
      6.17289627131434,
      2.2200000000000273
    ],
    "obj_class": "vehicle",
    "point_num_in_lidar": 99,
    "speed": 0.01033474878557288,
    "if_vehicle": true,
    "motion_state": false,
    "pose": [
      [
        0.040143534693853886,
        0.9991938757758523,
        -0.00030860057356646377,
        41.66546799624166
      ],
      [
        -0.9990502424947801,
        0.04013252280223164,
        -0.016970373733342557,
        11.279593922312415
      ],
      [
        -0.016944308584427827,
        0.0009895582645877074,
        0.9998559452146277,
        1.2695797722607836
      ],
      [
        0.0,
        0.0,
        0.0,
        1.0
      ]
    ],
    "location": [
      41.66546799624166,
      11.279593922312415,
      1.2695797722607836
    ],
    "rotation": [
      0.0009897005125894932,
      0.016945119501460156,
      -1.5306362336789425
    ]
  },
  {
    "label_id": "iao-69Ye3m68p1sAWCZfKg",
    "size": [
      2.1121220402564065,
      4.53887100429458,
      1.8500000000000227
    ],
    "obj_class": "vehicle",
    "point_num_in_lidar": 41,
    "speed": 0.006646792425020797,
    "if_vehicle": true,
    "motion_state": false,
    "pose": [
      [
        0.02930067538324134,
        0.9995705953997306,
        -0.00030860057356646377,
        8.525897057117618
      ],
      [
        -0.9994268511014786,
        0.029291222452020163,
        -0.016970373733342557,
        -17.614745305180804
      ],
      [
        -0.016954047288744008,
        0.0008056671113805966,
        0.9998559452146277,
        1.3779924712708294
      ],
      [
        0.0,
        0.0,
        0.0,
        1.0
      ]
    ],
    "location": [
      8.525897057117618,
      -17.614745305180804,
      1.3779924712708294
    ],
    "rotation": [
      0.0008057830139101845,
      0.01695485960491919,
      -1.54148724340184
    ]
  },
  {
    "label_id": "kCciq8jtEdufyIuvSt-R-Q",
    "size": [
      2.135038233564958,
      5.047466922604698,
      1.5199999999999818
    ],
    "obj_class": "vehicle",
    "point_num_in_lidar": 103,
    "speed": 0.017528355091201944,
    "if_vehicle": true,
    "motion_state": false,
    "pose": [
      [
        0.0725276161801492,
        -0.9973663567901773,
        -0.00030860057356646377,
        52.433500167472175
      ],
      [
        0.9972223965315129,
        0.0725223984110893,
        -0.016970373733342557,
        5.6922990299221965
      ],
      [
        0.01694806027753766,
        0.0009230773490226063,
        0.9998559452146277,
        0.9483959667402928
      ],
      [
        0.0,
        0.0,
        0.0,
        1.0
      ]
    ],
    "location": [
      52.433500167472175,
      5.6922990299221965,
      0.9483959667402928
    ],
    "rotation": [
      0.000923210079601002,
      -0.016948871733378838,
      1.4981945279426239
    ]
  },
  {
    "label_id": "mPXHOCaID-XFTqY0OH397w",
    "size": [
      2.150079157159678,
      4.74676163231082,
      2.1399999999999864
    ],
    "obj_class": "vehicle",
    "point_num_in_lidar": 4646,
    "speed": 0.019844266503991057,
    "if_vehicle": true,
    "motion_state": false,
    "pose": [
      [
        0.024238488557898598,
        0.999706157047217,
        -0.00030860057356646377,
        -11.643486806777673
      ],
      [
        -0.9995623667225547,
        0.024229763666944067,
        -0.016970373733342557,
        -12.264730022454387
      ],
      [
        -0.01695790978964992,
        0.0007198017292449187,
        0.9998559452146277,
        1.1513022707115397
      ],
      [
        0.0,
        0.0,
        0.0,
        1.0
      ]
    ],
    "location": [
      -11.643486806777673,
      -12.264730022454387,
      1.1513022707115397
    ],
    "rotation": [
      0.0007199053107009105,
      0.01695872266118942,
      -1.5465519773237777
    ]
  },
  {
    "label_id": "pTCBySy6WZ3NJyU7-hnc2Q",
    "size": [
      2.5899617804956936,
      5.748041104335103,
      2.3000000000000114
    ],
    "obj_class": "vehicle",
    "point_num_in_lidar": 178,
    "speed": 0.04005371120339537,
    "if_vehicle": true,
    "motion_state": false,
    "pose": [
      [
        -0.8520740588934553,
        -0.5234211525402069,
        -0.00030860057356646377,
        52.27515561966675
      ],
      [
        0.5233502634283148,
        -0.8519486534908451,
        -0.016970373733342557,
        -4.861863041083325
      ],
      [
        0.008619740735427761,
        -0.01462152141937821,
        0.9998559452146277,
        1.3893383691324175
      ],
      [
        0.0,
        0.0,
        0.0,
        1.0
      ]
    ],
    "location": [
      52.27515561966675,
      -4.861863041083325,
      1.3893383691324175
    ],
    "rotation": [
      -0.014622585733336269,
      -0.008619847480019508,
      2.590791919244201
    ]
  },
  {
    "label_id": "rBcbIMFHFDHbMVr-oyIhrA",
    "size": [
      0.597786083905098,
      1.1959041209712264,
      1.1000000000000227
    ],
    "obj_class": "cyclist",
    "point_num_in_lidar": 68,
    "speed": 0.24382416696421474,
    "if_vehicle": false,
    "motion_state": false,
    "pose": [
      [
        0.48106380058217374,
        0.876685533435519,
        -0.00030860057356646377,
        11.768317628123441
      ],
      [
        -0.8765618455313146,
        0.48098995558544305,
        -0.016970373733342557,
        -12.92650443986895
      ],
      [
        -0.014729247372842163,
        0.008434339973759104,
        0.9998559452146277,
        0.9224721913654435
      ],
      [
        0.0,
        0.0,
        0.0,
        1.0
      ]
    ],
    "location": [
      11.768317628123441,
      -12.92650443986895,
      0.9224721913654435
    ],
    "rotation": [
      0.008435355076983104,
      0.014729780011667996,
      -1.0688690488945218
    ]
  },
  {
    "label_id": "tz2RhKx6kf8FueDYjfUrGQ",
    "size": [
      2.33609330419563,
      5.4823868462221625,
      2.1999999999999886
    ],
    "obj_class": "vehicle",
    "point_num_in_lidar": 295,
    "speed": 0.029789690458069857,
    "if_vehicle": true,
    "motion_state": false,
    "pose": [
      [
        0.06719729215319248,
        0.9977396597775215,
        -0.00030860057356646377,
        23.634245821333025
      ],
      [
        -0.9975963775271074,
        0.06718239323024848,
        -0.016970373733342557,
        -11.299158899830672
      ],
      [
        -0.016911282389918167,
        0.0014482219760009753,
        0.9998559452146277,
        1.394647362423541
      ],
      [
        0.0,
        0.0,
        0.0,
        1.0
      ]
    ],
    "location": [
      23.634245821333025,
      -11.299158899830672,
      1.394647362423541
    ],
    "rotation": [
      0.0014484296164533885,
      0.016912088574099506,
      -1.5035387275476755
    ]
  },
  {
    "label_id": "uwMPmlHlIb-6-6EZIi_qHg",
    "size": [
      2.2503041610926044,
      4.813912400449311,
      1.6899999999999977
    ],
    "obj_class": "vehicle",
    "point_num_in_lidar": 4946,
    "speed": 0.05950017579036155,
    "if_vehicle": true,
    "motion_state": false,
    "pose": [
      [
        -0.9957926148081332,
        0.09163499909568985,
        -0.00030860057356646377,
        -13.623828367341503
      ],
      [
        -0.09161659232789654,
        -0.9956497408353877,
        -0.016970373733342557,
        1.382012925678282
      ],
      [
        -0.0018623382628014653,
        -0.01687069990125585,
        0.9998559452146277,
        0.7654104748818895
      ],
      [
        0.0,
        0.0,
        0.0,
        1.0
      ]
    ],
    "location": [
      -13.623828367341503,
      1.382012925678282,
      0.7654104748818895
    ],
    "rotation": [
      -0.016871529555586885,
      0.0018623393393289594,
      -3.0498472496796216
    ]
  },
  {
    "label_id": "uyM3cP5UJOV8VksMY2nU3Q",
    "size": [
      2.205502969341009,
      4.629358215735893,
      1.6999999999999886
    ],
    "obj_class": "vehicle",
    "point_num_in_lidar": 1540,
    "speed": 0.04222383526073562,
    "if_vehicle": true,
    "motion_state": false,
    "pose": [
      [
        0.9994034561376481,
        -0.034534571458323525,
        -0.00030860057356646377,
        1.6577725253982862
      ],
      [
        0.034524365933020947,
        0.9992597633109589,
        -0.016970373733342557,
        1.1455432630282303
      ],
      [
        0.0008944367204682257,
        0.016949595921921162,
        0.9998559452146277,
        0.881928768200396
      ],
      [
        0.0,
        0.0,
        0.0,
        1.0
      ]
    ],
    "location": [
      1.6577725253982862,
      1.1455432630282303,
      0.881928768200396
    ],
    "rotation": [
      0.016950414379337628,
      -0.0008944368397290393,
      0.03453124188110066
    ]
  }
]