[
  {
    "label_id": "-p3GvvA-sgqoIf7veEKtKg",
    "size": [
      2.100282460757595,
      4.506576856352175,
      1.8700000000000045
    ],
    "obj_class": "vehicle",
    "point_num_in_lidar": 121,
    "speed": 0.018144787778615917,
    "if_vehicle": true,
    "motion_state": false,
    "pose": [
      [
        0.6528471164518639,
        0.7574872998460789,
        -0.0019060725020421903,
        49.019200523634936
      ],
      [
        -0.7573983433073723,
        0.6527272364450014,
        -0.017172779568815872,
        -8.159970902352143
      ],
      [
        -0.011764016989712434,
        0.012654855778235417,
        0.9998507201225081,
        1.155664600835678
      ],
      [
        0.0,
        0.0,
        0.0,
        1.0
      ]
    ],
    "location": [
      49.019200523634936,
      -8.159970902352143,
      1.155664600835678
    ],
    "rotation": [
      0.012656069399059198,
      0.011764288347772897,
      -0.859399684011452
    ]
  },
  {
    "label_id": "5sSq6-HBx5fWIwENoIgcew",
    "size": [
      1.0452475631213773,
      1.4277462463540846,
      1.329999999999984
    ],
    "obj_class": "pedestrian",
    "point_num_in_lidar": 260,
    "speed": 7.105427357601002e-14,
    "if_vehicle": false,
    "motion_state": false,
    "pose": [
      [
        -0.02434979076407488,
        -0.9997016827921033,
        -0.0019060725020421903,
        11.178844431591187
      ],
      [
        0.9995568759808895,
        -0.02431352136581524,
        -0.017172779568815872,
        -15.31982824634133
      ],
      [
        0.017121313298659877,
        -0.0023233814648726155,
        0.9998507201225081,
        1.1486340025563209
      ],
      [
        0.0,
        0.0,
        0.0,
        1.0
      ]
    ],
    "location": [
      11.178844431591187,
      -15.31982824634133,
      1.1486340025563209
    ],
    "rotation": [
      -0.002323724168280616,
      -0.01712214989751894,
      1.5951520952012015
    ]
  },
  {
    "label_id": "9pLXtlW92jkIDAnlQkn0dg",
    "size": [
      2.1279412710348002,
      4.671806951627692,
      1.6999999999999886
    ],
    "obj_class": "vehicle",
    "point_num_in_lidar": 232,
    "speed": 0.016744008620939034,
    "if_vehicle": true,
    "motion_state": false,
    "pose": [
      [
        0.6061341291131176,
        0.7953601601865027,
        -0.0019060725020421903,
        46.10919152060069
      ],
      [
        -0.7952641585268093,
        0.60601981304618,
        -0.017172779568815872,
        -10.65335115462176
      ],
      [
        -0.01250342700736082,
        0.01192483893282342,
        0.9998507201225081,
        1.1244303831108482
      ],
      [
        0.0,
        0.0,
        0.0,
        1.0
      ]
    ],
    "location": [
      46.10919152060069,
      -10.65335115462176,
      1.1244303831108482
    ],
    "rotation": [
      0.011926053887685835,
      0.01250375281892422,
      -0.9195457264833229
    ]
  },
  {
    "label_id": "J1XQITk__hlP14Y2xEc20w",
    "size": [
      2.0771295629575555,
      4.862762984558531,
      1.7200000000000273
    ],
    "obj_class": "vehicle",
    "point_num_in_lidar": 1041,
    "speed": 0.0,
    "if_vehicle": true,
    "motion_state": false,
    "pose": [
      [
        0.04511395215263833,
        0.9989800289339054,
        -0.0019060725020421903,
        19.691284077259752
      ],
      [
        -0.9988360068963119,
        0.04507468213212097,
        -0.017172779568815872,
        -11.39046264339504
      ],
      [
        -0.017069348218380926,
        0.0026785858025900476,
        0.9998507201225081,
        1.0029515601099206
      ],
      [
        0.0,
        0.0,
        0.0,
        1.0
      ]
    ],
    "location": [
      19.691284077259752,
      -11.39046264339504,
      1.0029515601099206
    ],
    "rotation": [
      0.0026789793122827823,
      0.01707017722216332,
      -1.5256604770429099
    ]
  },
  {
    "label_id": "OTlTr3XwDdud2Dgf1nIesQ",
    "size": [
      2.6956112774539847,
      6.038662456016443,
      2.420000000000016
    ],
    "obj_class": "vehicle",
    "point_num_in_lidar": 63,
    "speed": 0.010204786000822901,
    "if_vehicle": true,
    "motion_state": false,
    "pose": [
      [
        0.9008303241625532,
        0.43416712675743496,
        -0.0019060725020421903,
        59.50964417203022
      ],
      [
        -0.4341333780825591,
        0.9006849092088237,
        -0.017172779568815872,
        -2.371230605796427
      ],
      [
        -0.005739085625384264,
        0.016297250279930318,
        0.9998507201225081,
        1.6465879637611351
      ],
      [
        0.0,
        0.0,
        0.0,
        1.0
      ]
    ],
    "location": [
      59.50964417203022,
      -2.371230605796427,
      1.6465879637611351
    ],
    "rotation": [
      0.016298240226504127,
      0.005739117130661069,
      -0.44908398402238053
    ]
  },
  {
    "label_id": "U_5Tgc-tOQ5hbsJrYWX_dg",
    "size": [
      2.473417971553976,
      5.7395499897824545,
      2.0
    ],
    "obj_class": "vehicle",
    "point_num_in_lidar": 153,
    "speed": 0.011269705340252864,
    "if_vehicle": true,
    "motion_state": false,
    "pose": [
      [
        0.8929205217849072,
        0.4502102938216605,
        -0.0019060725020421903,
        54.196943689607906
      ],
      [
        -0.4501739495938657,
        0.8927757337366091,
        -0.017172779568815872,
        -2.6443649971515697
      ],
      [
        -0.006029666858845311,
        0.016191991479540854,
        0.9998507201225081,
        1.3305468886946414
      ],
      [
        0.0,
        0.0,
        0.0,
        1.0
      ]
    ],
    "location": [
      54.196943689607906,
      -2.6443649971515697,
      1.3305468886946414
    ],
    "rotation": [
      0.01619299349245817,
      0.006029703396091264,
      -0.4669692996462344
    ]
  },
  {
    "label_id": "bBpuQJceUOo4TjDNwEZYPA",
    "size": [
      2.1302569595178635,
      4.675593737670226,
      2.009999999999991
    ],
    "obj_class": "vehicle",
    "point_num_in_lidar": 75,
    "speed": 0.02472604412718775,
    "if_vehicle": true,
    "motion_state": false,
    "pose": [
      [
        0.9076175601277905,
        0.41979367722167227,
        -0.0019060725020421903,
        54.460195900808685
      ],
      [
        -0.4197622441652659,
        0.9074716271130578,
        -0.017172779568815872,
        0.024588791723090253
      ],
      [
        -0.005479317568486733,
        0.01638641356385996,
        0.9998507201225081,
        1.1509508730916878
      ],
      [
        0.0,
        0.0,
        0.0,
        1.0
      ]
    ],
    "location": [
      54.460195900808685,
      0.024588791723090253,
      1.1509508730916878
    ],
    "rotation": [
      0.01638739300679849,
      0.0054793449863769226,
      -0.4331902956666492
    ]
  },
  {
    "label_id": "bJdt8E68uaS0DfkRbSnNLQ",
    "size": [
      2.061873312110166,
      4.821125258720578,
      1.6499999999999773
    ],
    "obj_class": "vehicle",
    "point_num_in_lidar": 1414,
    "speed": 0.030615846554810405,
    "if_vehicle": true,
    "motion_state": false,
    "pose": [
      [
        -0.048086212708575396,
        -0.9988413703060975,
        -0.0019060725020421903,
        11.883456676590413
      ],
      [
        0.9986974657538172,
        -0.04804651432501897,
        -0.017172779568815872,
        6.950692068076478
      ],
      [
        0.017061302536706704,
        -0.0027293637084761305,
        0.9998507201225081,
        0.9470854589162059
      ],
      [
        0.0,
        0.0,
        0.0,
        1.0
      ]
    ],
    "location": [
      11.883456676590413,
      6.950692068076478,
      0.9470854589162059
    ],
    "rotation": [
      -0.0027297644279840327,
      -0.017062130368679974,
      1.6189080986056725
    ]
  },
  {
    "label_id": "gaDcJK-aVJhF5BY-ZhzFPg",
    "size": [
      2.5885603987617745,
      6.17289627131434,
      2.2200000000000273
    ],
    "obj_class": "vehicle",
    "point_num_in_lidar": 157,
    "speed": 0.003125763211529996,
    "if_vehicle": true,
    "motion_state": false,
    "pose": [
      [
        0.04014346368231776,
        0.9991921082610707,
        -0.0019060725020421903,
        41.66920743023229
      ],
      [
        -0.9990478926372796,
        0.040104910658072125,
        -0.017172779568815872,
        11.279893822949361
      ],
      [
        -0.01708246295466556,
        0.002593632569324325,
        0.9998507201225081,
        1.249577021711616
      ],
      [
        0.0,
        0.0,
        0.0,
        1.0
      ]
    ],
    "location": [
      41.66920743023229,
      11.279893822949361,
      1.249577021711616
    ],
    "rotation": [
      0.002594013985972955,
      0.017083293870906662,
      -1.5306362102846771
    ]
  },
  {
    "label_id": "iao-69Ye3m68p1sAWCZfKg",
    "size": [
      2.112122040256408,
      4.53887100429458,
      1.8500000000000227
    ],
    "obj_class": "vehicle",
    "point_num_in_lidar": 724,
    "speed": 0.02976231166330504,
    "if_vehicle": true,
    "motion_state": false,
    "pose": [
      [
        0.029300623552081528,
        0.9995688272185543,
        -0.0019060725020421903,
        8.528243144937733
      ],
      [
        -0.99942420181143,
        0.029263637427141193,
        -0.017172779568815872,
        -17.622369782777696
      ],
      [
        -0.017109596519074424,
        0.0024081481384369816,
        0.9998507201225081,
        1.3779924712707157
      ],
      [
        0.0,
        0.0,
        0.0,
        1.0
      ]
    ],
    "location": [
      8.528243144937733,
      -17.622369782777696,
      1.3779924712707157
    ],
    "rotation": [
      0.0024085030230064685,
      0.017110431401406626,
      -1.5414872175698118
    ]
  },
  {
    "label_id": "kCciq8jtEdufyIuvSt-R-Q",
    "size": [
      2.1350382335649774,
      5.047466922604698,
      1.5199999999999818
    ],
    "obj_class": "vehicle",
    "point_num_in_lidar": 136,
    "speed": 0.01752835494446071,
    "if_vehicle": true,
    "motion_state": false,
    "pose": [
      [
        0.07252748788309012,
        -0.9973645925081686,
        -0.0019060725020421903,
        52.432282241504254
      ],
      [
        0.9972169550346915,
        0.07254957086860665,
        -0.017172779568815872,
        5.713300713709941
      ],
      [
        0.017265807038952256,
        -0.0006552692544655979,
        0.9998507201225081,
        0.9083898082640189
      ],
      [
        0.0,
        0.0,
        0.0,
        1.0
      ]
    ],
    "location": [
      52.432282241504254,
      5.713300713709941,
      0.9083898082640189
    ],
    "rotation": [
      -0.0006553669937561325,
      -0.01726666500018581,
      1.4981942611464478
    ]
  },
  {
    "label_id": "pTCBySy6WZ3NJyU7-hnc2Q",
    "size": [
      2.589961780495687,
      5.748041104335103,
      2.3000000000000114
    ],
    "obj_class": "vehicle",
    "point_num_in_lidar": 247,
    "speed": 0.04005371120325369,
    "if_vehicle": true,
    "motion_state": false,
    "pose": [
      [
        -0.8520725516249175,
        -0.5234202266391883,
        -0.0019060725020421903,
        52.27890491459539
      ],
      [
        0.5233718825191545,
        -0.8519313166155107,
        -0.017172779568815872,
        -4.909787783800766
      ],
      [
        0.007364737317705002,
        -0.015630038859305005,
        0.9998507201225081,
        1.3339362936733323
      ],
      [
        0.0,
        0.0,
        0.0,
        1.0
      ]
    ],
    "location": [
      52.27890491459539,
      -4.909787783800766,
      1.3339362936733323
    ],
    "rotation": [
      -0.015631099278101114,
      -0.007364803895764606,
      2.5907727081136387
    ]
  },
  {
    "label_id": "rBcbIMFHFDHbMVr-oyIhrA",
    "size": [
      0.597786083905155,
      1.1959041209712264,
      1.1000000000000227
    ],
    "obj_class": "cyclist",
    "point_num_in_lidar": 158,
    "speed": 0.08234802899920374,
    "if_vehicle": false,
    "motion_state": false,
    "pose": [
      [
        0.3041586893768706,
        0.9526194720685492,
        -0.0019060725020421903,
        11.880095716197957
      ],
      [
        -0.9524906815495899,
        0.3040832076966416,
        -0.017172779568815872,
        -13.15292009697032
      ],
      [
        -0.015779519566271587,
        0.0070387664231620324,
        0.9998507201225081,
        0.8730575134864011
      ],
      [
        0.0,
        0.0,
        0.0,
        1.0
      ]
    ],
    "location": [
      11.880095716197957,
      -13.15292009697032,
      0.8730575134864011
    ],
    "rotation": [
      0.007039701034186733,
      0.01578017447193223,
      -1.2617014176787937
    ]
  },
  {
    "label_id": "tz2RhKx6kf8FueDYjfUrGQ",
    "size": [
      2.3360933041956247,
      5.4823868462221625,
      2.1999999999999886
    ],
    "obj_class": "vehicle",
    "point_num_in_lidar": 636,
    "speed": 0.02183472799602966,
    "if_vehicle": true,
    "motion_state": false,
    "pose": [
      [
        0.06719717328516099,
        0.9977378948351621,
        -0.0019060725020421903,
        23.6475146147709
      ],
      [
        -0.9975947765540907,
        0.06715472756161736,
        -0.017172779568815872,
        -11.322947402745285
      ],
      [
        -0.017005931155871293,
        0.003055450216244267,
        0.9998507201225081,
        1.3682268748548836
      ],
      [
        0.0,
        0.0,
        0.0,
        1.0
      ]
    ],
    "location": [
      23.6475146147709,
      -11.322947402745285,
      1.3682268748548836
    ],
    "rotation": [
      0.0030558968890383844,
      0.017006750953249238,
      -1.5035387385521064
    ]
  },
  {
    "label_id": "uyM3cP5UJOV8VksMY2nU3Q",
    "size": [
      2.205502969341009,
      4.629358215735893,
      1.6999999999999886
    ],
    "obj_class": "vehicle",
    "point_num_in_lidar": 6479,
    "speed": 0.13016737040319507,
    "if_vehicle": true,
    "motion_state": false,
    "pose": [
      [
        0.9994016882521313,
        -0.034534510368712024,
        -0.0019060725020421903,
        1.720804292909179
      ],
      [
        0.03449676741322499,
        0.9992572585074971,
        -0.017172779568815872,
        1.0990445626384826
      ],
      [
        0.002497710316986082,
        0.017096751553280595,
        0.9998507201225081,
        0.8085563423898066
      ],
      [
        0.0,
        0.0,
        0.0,
        1.0
      ]
    ],
    "location": [
      1.720804292909179,
      1.0990445626384826,
      0.8085563423898066
    ],
    "rotation": [
      0.017097637894078425,
      -0.002497712914011331,
      0.03450372076330052
    ]
  }
]