[
  {
    "label_id": "5sSq6-HBx5fWIwENoIgcew",
    "size": [
      1.0452475631213753,
      1.4277462463540846,
      1.329999999999984
    ],
    "obj_class": "pedestrian",
    "point_num_in_lidar": 54,
    "speed": 7.105427357601002e-14,
    "if_vehicle": false,
    "motion_state": false,
    "pose": [
      [
        -0.024349834801205613,
        -0.9997034907743817,
        0.00012680169488087946,
        11.178844431592097
      ],
      [
        0.9995959055312665,
        -0.024349074811480832,
        -0.014667931038564449,
        -15.319828246341785
      ],
      [
        0.014666669365645658,
        -0.0002304112426471685,
        0.999892412072608,
        1.2949539370655998
      ],
      [
        0.0,
        0.0,
        0.0,
        1.0
      ]
    ],
    "location": [
      11.178844431592097,
      -15.319828246341785,
      1.2949539370655998
    ],
    "rotation": [
      -0.00023043603070377065,
      -0.014667195244003076,
      1.5951511886270489
    ]
  },
  {
    "label_id": "9pLXtlW92jkIDAnlQkn0dg",
    "size": [
      2.1279412710348016,
      4.671806951627692,
      1.6999999999999886
    ],
    "obj_class": "vehicle",
    "point_num_in_lidar": 52,
    "speed": 0.01626128389229839,
    "if_vehicle": true,
    "motion_state": false,
    "pose": [
      [
        0.6061352253198975,
        0.795361598612686,
        0.00012680169488087946,
        46.12081394110146
      ],
      [
        -0.7952749127315978,
        0.6060715015398738,
        -0.014667931038564449,
        -10.604485865628703
      ],
      [
        -0.01174315997278751,
        0.008789907478206368,
        0.999892412072608,
        1.2593878628973698
      ],
      [
        0.0,
        0.0,
        0.0,
        1.0
      ]
    ],
    "location": [
      46.12081394110146,
      -10.604485865628703,
      1.2593878628973698
    ],
    "rotation": [
      0.008790626828642413,
      0.011743429890032797,
      -0.9195513740307746
    ]
  },
  {
    "label_id": "Dr5Bt8rXiqfaViFgbMwubg",
    "size": [
      2.5314683195979537,
      5.74686633680221,
      2.5400000000000205
    ],
    "obj_class": "vehicle",
    "point_num_in_lidar": 4362,
    "speed": 0.08862983213766447,
    "if_vehicle": true,
    "motion_state": false,
    "pose": [
      [
        -0.023707643446179975,
        -0.9997189262805616,
        0.00012680169488087946,
        -24.30400016870726
      ],
      [
        0.9996113405714442,
        -0.023706952566876386,
        -0.014667931038564449,
        5.934270505648783
      ],
      [
        0.014666814350396915,
        -0.00022098966694883513,
        0.999892412072608,
        1.4224360940169731
      ],
      [
        0.0,
        0.0,
        0.0,
        1.0
      ]
    ],
    "location": [
      -24.30400016870726,
      5.934270505648783,
      1.4224360940169731
    ],
    "rotation": [
      -0.00022101344172873336,
      -0.014667340244350924,
      1.5945087426944597
    ]
  },
  {
    "label_id": "J1XQITk__hlP14Y2xEc20w",
    "size": [
      2.077129562957561,
      4.862762984558531,
      1.7200000000000273
    ],
    "obj_class": "vehicle",
    "point_num_in_lidar": 237,
    "speed": 0.0,
    "if_vehicle": true,
    "motion_state": false,
    "pose": [
      [
        0.045114033742203206,
        0.9989818356110574,
        0.00012680169488087946,
        19.691284077260207
      ],
      [
        -0.9988742893780048,
        0.04511103876695537,
        -0.014667931038564449,
        -11.39046264339595
      ],
      [
        -0.014658716829695002,
        0.0005350705829360412,
        0.999892412072608,
        1.0788776988400741
      ],
      [
        0.0,
        0.0,
        0.0,
        1.0
      ]
    ],
    "location": [
      19.691284077260207,
      -11.39046264339595,
      1.0788776988400741
    ],
    "rotation": [
      0.000535128105185123,
      0.01465924185303851,
      -1.5256621230389982
    ]
  },
  {
    "label_id": "bJdt8E68uaS0DfkRbSnNLQ",
    "size": [
      2.0618733121101624,
      4.821125258720578,
      1.6499999999999773
    ],
    "obj_class": "vehicle",
    "point_num_in_lidar": 280,
    "speed": 0.030615846554777625,
    "if_vehicle": true,
    "motion_state": false,
    "pose": [
      [
        -0.04808629967354247,
        -0.9988431767324821,
        0.00012680169488087946,
        11.878748799114874
      ],
      [
        0.9987356398870493,
        -0.048082984708254145,
        -0.014667931038564449,
        7.042412357458943
      ],
      [
        0.014657059838608629,
        -0.0005786851556356475,
        0.999892412072608,
        1.1114905274085913
      ],
      [
        0.0,
        0.0,
        0.0,
        1.0
      ]
    ],
    "location": [
      11.878748799114874,
      7.042412357458943,
      1.1114905274085913
    ],
    "rotation": [
      -0.0005787473572543876,
      -0.014657584683918121,
      1.6189063493653875
    ]
  },
  {
    "label_id": "mPXHOCaID-XFTqY0OH397w",
    "size": [
      2.150079157159678,
      4.74676163231082,
      2.1399999999999864
    ],
    "obj_class": "vehicle",
    "point_num_in_lidar": 1779,
    "speed": 0.006855344329453871,
    "if_vehicle": true,
    "motion_state": false,
    "pose": [
      [
        0.024238489517205274,
        0.9997061966134123,
        0.00012680169488087946,
        -11.631426377201024
      ],
      [
        -0.9995986112863181,
        0.024237741510131375,
        -0.014667931038564449,
        -12.26213234672423
      ],
      [
        -0.014666694937454651,
        0.00022877769460565573,
        0.999892412072608,
        1.2027748580087518
      ],
      [
        0.0,
        0.0,
        0.0,
        1.0
      ]
    ],
    "location": [
      -11.631426377201024,
      -12.26213234672423,
      1.2027748580087518
    ],
    "rotation": [
      0.00022880230697943757,
      0.01466722081856291,
      -1.5465528550989567
    ]
  },
  {
    "label_id": "tz2RhKx6kf8FueDYjfUrGQ",
    "size": [
      2.336093304195629,
      5.4823868462221625,
      2.1999999999999886
    ],
    "obj_class": "vehicle",
    "point_num_in_lidar": 130,
    "speed": 0.030221644499709755,
    "if_vehicle": true,
    "motion_state": false,
    "pose": [
      [
        0.06719729481271408,
        0.9977396992658873,
        0.00012680169488087946,
        23.627295769999364
      ],
      [
        -0.9976322455786731,
        0.06719192198993645,
        -0.014667931038564449,
        -11.245217341811895
      ],
      [
        -0.014643297152860696,
        0.000859143826683781,
        0.999892412072608,
        1.394647362423541
      ],
      [
        0.0,
        0.0,
        0.0,
        1.0
      ]
    ],
    "location": [
      23.627295769999364,
      -11.245217341811895,
      1.394647362423541
    ],
    "rotation": [
      0.0008592360586790048,
      0.014643820521005295,
      -1.5035411357330373
    ]
  },
  {
    "label_id": "uwMPmlHlIb-6-6EZIi_qHg",
    "size": [
      2.250304161092605,
      4.813912400449311,
      1.6899999999999977
    ],
    "obj_class": "vehicle",
    "point_num_in_lidar": 1028,
    "speed": 0.014492255048521606,
    "if_vehicle": true,
    "motion_state": false,
    "pose": [
      [
        -0.9957926542194389,
        0.09163500272240538,
        0.00012680169488087946,
        -13.663420355367634
      ],
      [
        -0.09162699746882191,
        -0.995685364527317,
        -0.014667931038564449,
        1.3983013410511376
      ],
      [
        -0.0012178413088607576,
        -0.014617836439375675,
        0.999892412072608,
        0.8049665542592948
      ],
      [
        0.0,
        0.0,
        0.0,
        1.0
      ]
    ],
    "location": [
      -13.663420355367634,
      1.3983013410511376,
      0.8049665542592948
    ],
    "rotation": [
      -0.014618367923405585,
      0.0012178416098986347,
      -3.0498368919022183
    ]
  },
  {
    "label_id": "uyM3cP5UJOV8VksMY2nU3Q",
    "size": [
      2.2055029693410075,
      4.629358215735893,
      1.6999999999999886
    ],
    "obj_class": "vehicle",
    "point_num_in_lidar": 341,
    "speed": 0.013204626073492966,
    "if_vehicle": true,
    "motion_state": false,
    "pose": [
      [
        0.9994034956918633,
        -0.034534572825124774,
        0.00012680169488087946,
        1.7246651373548048
      ],
      [
        0.03453271668631797,
        0.9992959237769912,
        -0.014667931038564449,
        1.2115911301643791
      ],
      [
        0.0003798383158227354,
        0.014663560361513159,
        0.999892412072608,
        0.95889089425566
      ],
      [
        0.0,
        0.0,
        0.0,
        1.0
      ]
    ],
    "location": [
      1.7246651373548048,
      1.2115911301643791,
      0.95889089425566
    ],
    "rotation": [
      0.014664086963418909,
      -0.0003798383249564006,
      0.03453958629116275
    ]
  }
]