[
  {
    "label_id": "-DVbk5tkWcaP8CxvcoCTMQ",
    "size": [
      2.5008688649350854,
      5.782342346281149,
      2.5400000000000205
    ],
    "obj_class": "vehicle",
    "point_num_in_lidar": 4325,
    "speed": 0.008420548698326499,
    "if_vehicle": true,
    "motion_state": false,
    "pose": [
      [
        0.11974349066625209,
        0.992798099822686,
        0.0036646188785732624,
        -61.72492568613552
      ],
      [
        -0.9927678442114826,
        0.11977008549351721,
        -0.008193541393134118,
        -12.725995534559843
      ],
      [
        -0.00857344404230995,
        -0.0026569925366055733,
        0.9999597174126135,
        1.4151468855122857
      ],
      [
        0.0,
        0.0,
        0.0,
        1.0
      ]
    ],
    "location": [
      -61.72492568613552,
      -12.725995534559843,
      1.4151468855122857
    ],
    "rotation": [
      -0.0026570933182789806,
      0.008573549076107504,
      -1.4507603838091658
    ]
  },
  {
    "label_id": "Dr5Bt8rXiqfaViFgbMwubg",
    "size": [
      2.531468319597948,
      5.74686633680221,
      2.5400000000000205
    ],
    "obj_class": "vehicle",
    "point_num_in_lidar": 356,
    "speed": 0.02213220040811107,
    "if_vehicle": true,
    "motion_state": false,
    "pose": [
      [
        -0.023707484446152016,
        -0.999712221466613,
        0.0036646188785732624,
        -24.32009036093814
      ],
      [
        0.9996846638226071,
        -0.02373686578552578,
        -0.008193541393134118,
        6.066674046883236
      ],
      [
        0.008278170034284552,
        0.0034692150365278614,
        0.9999597174126135,
        1.588117521075901
      ],
      [
        0.0,
        0.0,
        0.0,
        1.0
      ]
    ],
    "location": [
      -24.32009036093814,
      6.066674046883236,
      1.588117521075901
    ],
    "rotation": [
      0.0034693408716757177,
      -0.008278264585076408,
      1.594506845165618
    ]
  },
  {
    "label_id": "GKqqT-P7XGtWMFB3FN24Zg",
    "size": [
      1.9944445603378669,
      4.635124279183967,
      1.8600000000000136
    ],
    "obj_class": "vehicle",
    "point_num_in_lidar": 497,
    "speed": 0.01609194715610473,
    "if_vehicle": true,
    "motion_state": false,
    "pose": [
      [
        0.9990820547407292,
        -0.04268042248522544,
        0.0036646188785732624,
        -49.113007870003
      ],
      [
        0.0427092754127244,
        0.9990539443259102,
        -0.008193541393134118,
        -7.632019524283351
      ],
      [
        -0.0033114481367806647,
        0.008342533387623304,
        0.9999597174126135,
        0.9537394244446773
      ],
      [
        0.0,
        0.0,
        0.0,
        1.0
      ]
    ],
    "location": [
      -49.113007870003,
      -7.632019524283351,
      0.9537394244446773
    ],
    "rotation": [
      0.008342675903850934,
      0.0033114541888621327,
      0.042722504671216986
    ]
  },
  {
    "label_id": "ND-bI6w7fY7VtaV6CzEQMw",
    "size": [
      2.208793466248828,
      5.1961808477803935,
      2.009999999999991
    ],
    "obj_class": "vehicle",
    "point_num_in_lidar": 334,
    "speed": 0.013336211906707264,
    "if_vehicle": true,
    "motion_state": false,
    "pose": [
      [
        0.049729063093821614,
        0.9987560216851187,
        0.0036646188785732624,
        -43.99942924185871
      ],
      [
        -0.9987277083786533,
        0.04975771695086645,
        -0.008193541393134118,
        -12.947138573586926
      ],
      [
        -0.008365691874211824,
        -0.003252499277777619,
        0.9999597174126135,
        1.1975366466755872
      ],
      [
        0.0,
        0.0,
        0.0,
        1.0
      ]
    ],
    "location": [
      -43.99942924185871,
      -12.947138573586926,
      1.1975366466755872
    ],
    "rotation": [
      -0.003252618831701422,
      0.0083657894558312,
      -1.5210450019775745
    ]
  },
  {
    "label_id": "V-n--U3b8PiVmCN1M34Fmg",
    "size": [
      2.316976569916169,
      5.297860991632643,
      2.0500000000000114
    ],
    "obj_class": "vehicle",
    "point_num_in_lidar": 968,
    "speed": 0.011903891615153235,
    "if_vehicle": true,
    "motion_state": false,
    "pose": [
      [
        -0.031688171383578434,
        -0.9994910856845296,
        0.0036646188785732624,
        -44.30960185936283
      ],
      [
        0.9994632943458251,
        -0.03171733177348611,
        -0.008193541393134118,
        5.614946465076628
      ],
      [
        0.00830560351541984,
        0.0034030137129966585,
        0.9999597174126135,
        1.2765345546567914
      ],
      [
        0.0,
        0.0,
        0.0,
        1.0
      ]
    ],
    "location": [
      -44.30960185936283,
      5.614946465076628,
      1.2765345546567914
    ],
    "rotation": [
      0.003403137663017116,
      -0.008305699009360987,
      1.6024908973831753
    ]
  },
  {
    "label_id": "Z60rnZCpgJjUuzNiRSJR6w",
    "size": [
      2.2560184563160868,
      5.641626324669515,
      2.1100000000000136
    ],
    "obj_class": "vehicle",
    "point_num_in_lidar": 4089,
    "speed": 0.020159535865396195,
    "if_vehicle": true,
    "motion_state": false,
    "pose": [
      [
        0.04585757818943226,
        0.9989412660867878,
        0.0036646188785732624,
        -66.48370207418748
      ],
      [
        -0.9989130640534251,
        0.04588634157172217,
        -0.008193541393134118,
        5.139626663567469
      ],
      [
        -0.008353022566584292,
        -0.0032848997074996465,
        0.9999597174126135,
        1.1470565964634716
      ],
      [
        0.0,
        0.0,
        0.0,
        1.0
      ]
    ],
    "location": [
      -66.48370207418748,
      5.139626663567469,
      1.1470565964634716
    ],
    "rotation": [
      -0.0032850202204291615,
      0.00835311970552204,
      -1.5249210593476492
    ]
  },
  {
    "label_id": "mPXHOCaID-XFTqY0OH397w",
    "size": [
      2.1500791571596842,
      4.74676163231082,
      2.1399999999999864
    ],
    "obj_class": "vehicle",
    "point_num_in_lidar": 92,
    "speed": 7.105427357601002e-14,
    "if_vehicle": true,
    "motion_state": false,
    "pose": [
      [
        0.02423832695695182,
        0.9996994918848378,
        0.0036646188785732624,
        -11.620702373854783
      ],
      [
        -0.9996719186432649,
        0.024267693659111283,
        -0.008193541393134118,
        -12.259822521601563
      ],
      [
        -0.008280011015776172,
        -0.00346481885021756,
        0.9999597174126135,
        1.2010116781673332
      ],
      [
        0.0,
        0.0,
        0.0,
        1.0
      ]
    ],
    "location": [
      -11.620702373854783,
      -12.259822521601563,
      1.2010116781673332
    ],
    "rotation": [
      -0.003464944561117349,
      0.008280105629664782,
      -1.5465547947286762
    ]
  },
  {
    "label_id": "uwMPmlHlIb-6-6EZIi_qHg",
    "size": [
      2.250304161092606,
      4.813912400449311,
      1.6899999999999977
    ],
    "obj_class": "vehicle",
    "point_num_in_lidar": 41,
    "speed": 0.014492255412329213,
    "if_vehicle": true,
    "motion_state": false,
    "pose": [
      [
        -0.9957859757378154,
        0.0916343881540196,
        0.0036646188785732624,
        -13.665321006476006
      ],
      [
        -0.09166182752531649,
        -0.9957564839126873,
        -0.008193541393134118,
        1.4663937202394663
      ],
      [
        0.002898257857033689,
        -0.008494919274504036,
        0.9999597174126135,
        0.8628676195148728
      ],
      [
        0.0,
        0.0,
        0.0,
        1.0
      ]
    ],
    "location": [
      -13.665321006476006,
      1.4663937202394663,
      0.8628676195148728
    ],
    "rotation": [
      -0.008495057128299656,
      -0.002898261914561048,
      -3.049801596284175
    ]
  },
  {
    "label_id": "uyM3cP5UJOV8VksMY2nU3Q",
    "size": [
      2.205502969341009,
      4.629358215735893,
      1.6999999999999886
    ],
    "obj_class": "vehicle",
    "point_num_in_lidar": 49,
    "speed": 0.006069990410551323,
    "if_vehicle": true,
    "motion_state": false,
    "pose": [
      [
        0.9993967929934127,
        -0.03453434121214099,
        0.0036646188785732624,
        1.6964417209242129
      ],
      [
        0.0345634223410904,
        0.999368918725968,
        -0.008193541393134118,
        1.2074118123737207
      ],
      [
        -0.003379347652016236,
        0.008315260761576276,
        0.9999597174126135,
        1.0799239678573258
      ],
      [
        0.0,
        0.0,
        0.0,
        1.0
      ]
    ],
    "location": [
      1.6964417209242129,
      1.2074118123737207,
      1.0799239678573258
    ],
    "rotation": [
      0.008315404071163216,
      0.0033793540840690007,
      0.03457050527104955
    ]
  }
]