[
  {
    "label_id": "5sSq6-HBx5fWIwENoIgcew",
    "size": [
      1.0452475631213771,
      1.4277462463540846,
      1.329999999999984
    ],
    "obj_class": "pedestrian",
    "point_num_in_lidar": 31,
    "speed": 3.1848953808892127e-28,
    "if_vehicle": false,
    "motion_state": false,
    "pose": [
      [
        -0.02434982142674259,
        -0.9997029416740651,
        0.00105574841070009,
        11.178844431592097
      ],
      [
        0.9996219006724713,
        -0.024361313111020966,
        -0.012750769367494827,
        -15.31982824634133
      ],
      [
        0.012772701062891663,
        0.0007448702757838861,
        0.9999181482880637,
        1.314318549781433
      ],
      [
        0.0,
        0.0,
        0.0,
        1.0
      ]
    ],
    "location": [
      11.178844431592097,
      -15.31982824634133,
      1.314318549781433
    ],
    "rotation": [
      0.0007449311118889396,
      -0.012773048382160812,
      1.5951505421583319
    ]
  },
  {
    "label_id": "Dr5Bt8rXiqfaViFgbMwubg",
    "size": [
      2.531468319597953,
      5.74686633680221,
      2.5400000000000205
    ],
    "obj_class": "vehicle",
    "point_num_in_lidar": 3396,
    "speed": 0.051102441869459364,
    "if_vehicle": true,
    "motion_state": false,
    "pose": [
      [
        -0.02370763042444458,
        -0.9997183771717669,
        0.00105574841070009,
        -24.308207673106608
      ],
      [
        0.9996373435688851,
        -0.023719174165211358,
        -0.012750769367494827,
        5.9861140342623
      ],
      [
        0.012772219940191443,
        0.0007530750089574139,
        0.9999181482880637,
        1.3804108278491185
      ],
      [
        0.0,
        0.0,
        0.0,
        1.0
      ]
    ],
    "location": [
      -24.308207673106608,
      5.9861140342623,
      1.3804108278491185
    ],
    "rotation": [
      0.0007531365120851962,
      -0.012772567220211634,
      1.5945081130889207
    ]
  },
  {
    "label_id": "J1XQITk__hlP14Y2xEc20w",
    "size": [
      2.07712956295756,
      4.862762984558531,
      1.7200000000000273
    ],
    "obj_class": "vehicle",
    "point_num_in_lidar": 189,
    "speed": 0.0,
    "if_vehicle": true,
    "motion_state": false,
    "pose": [
      [
        0.045114008962724515,
        0.9989812869071194,
        0.00105574841070009,
        19.69128407726066
      ],
      [
        -0.998900024650317,
        0.04512381449005681,
        -0.012750769367494827,
        -11.390462643394585
      ],
      [
        -0.01278541938722846,
        -0.00047934878994605805,
        0.9999181482880637,
        1.0932440092316256
      ],
      [
        0.0,
        0.0,
        0.0,
        1.0
      ]
    ],
    "location": [
      19.69128407726066,
      -11.390462643394585,
      1.0932440092316256
    ],
    "rotation": [
      -0.0004793879919537106,
      0.012785767745103942,
      -1.5256633090368845
    ]
  },
  {
    "label_id": "bJdt8E68uaS0DfkRbSnNLQ",
    "size": [
      2.0618733121101642,
      4.821125258720578,
      1.6499999999999773
    ],
    "obj_class": "vehicle",
    "point_num_in_lidar": 199,
    "speed": 0.030615846042604606,
    "if_vehicle": true,
    "motion_state": false,
    "pose": [
      [
        -0.0480862732615071,
        -0.9988426281047046,
        0.00105574841070009,
        11.877807157091866
      ],
      [
        0.9987613370313342,
        -0.04809583694997848,
        -0.012750769367494827,
        7.06075771146061
      ],
      [
        0.012786789088806722,
        0.0004413037141397176,
        0.9999181482880637,
        1.1156594783245168
      ],
      [
        0.0,
        0.0,
        0.0,
        1.0
      ]
    ],
    "location": [
      11.877807157091866,
      7.06075771146061,
      1.1156594783245168
    ],
    "rotation": [
      0.00044133980990620277,
      -0.012787137558658396,
      1.6189050870673816
    ]
  },
  {
    "label_id": "mPXHOCaID-XFTqY0OH397w",
    "size": [
      2.1500791571596816,
      4.74676163231082,
      2.1399999999999864
    ],
    "obj_class": "vehicle",
    "point_num_in_lidar": 1016,
    "speed": 0.006855344387194431,
    "if_vehicle": true,
    "motion_state": false,
    "pose": [
      [
        0.024238476203895014,
        0.9997056475116096,
        0.00105574841070009,
        -11.627405385044767
      ],
      [
        -0.999624607790441,
        0.02424997691429956,
        -0.012750769367494827,
        -12.261266271957084
      ],
      [
        -0.012772618021389397,
        -0.0007462928710760819,
        0.9999181482880637,
        1.219936010392189
      ],
      [
        0.0,
        0.0,
        0.0,
        1.0
      ]
    ],
    "location": [
      -11.627405385044767,
      -12.261266271957084,
      1.219936010392189
    ],
    "rotation": [
      -0.000746353822841524,
      0.012772965333883987,
      -1.5465534986446272
    ]
  },
  {
    "label_id": "tz2RhKx6kf8FueDYjfUrGQ",
    "size": [
      2.336093304195628,
      5.4823868462221625,
      2.1999999999999886
    ],
    "obj_class": "vehicle",
    "point_num_in_lidar": 96,
    "speed": 0.03022164500377526,
    "if_vehicle": true,
    "motion_state": false,
    "pose": [
      [
        0.067197257903713,
        0.9977391512442093,
        0.00105574841070009,
        23.624978596375968
      ],
      [
        -0.9976576919976643,
        0.06720526377026265,
        -0.012750769367494827,
        -11.2272330206265
      ],
      [
        -0.012792893656851085,
        -0.00019645878509094047,
        0.9999181482880637,
        1.394647362423484
      ],
      [
        0.0,
        0.0,
        0.0,
        1.0
      ]
    ],
    "location": [
      23.624978596375968,
      -11.2272330206265,
      1.394647362423484
    ],
    "rotation": [
      -0.0001964748643670163,
      0.012793242626056781,
      -1.5035428828154385
    ]
  },
  {
    "label_id": "uwMPmlHlIb-6-6EZIi_qHg",
    "size": [
      2.2503041610926044,
      4.813912400449311,
      1.6899999999999977
    ],
    "obj_class": "vehicle",
    "point_num_in_lidar": 595,
    "speed": 0.014492255170492484,
    "if_vehicle": true,
    "motion_state": false,
    "pose": [
      [
        -0.9957921072672011,
        0.09163495239067053,
        0.00105574841070009,
        -13.66366297275863
      ],
      [
        -0.09164095901589561,
        -0.995710476248585,
        -0.012750769367494827,
        1.4069933073615175
      ],
      [
        -0.00011719639111793517,
        -0.012793865294571813,
        0.9999181482880637,
        0.8123576032211304
      ],
      [
        0.0,
        0.0,
        0.0,
        1.0
      ]
    ],
    "location": [
      -13.66366297275863,
      1.4069933073615175,
      0.8123576032211304
    ],
    "rotation": [
      -0.01279421443117054,
      0.00011719639138621713,
      -3.0498229389701663
    ]
  },
  {
    "label_id": "uyM3cP5UJOV8VksMY2nU3Q",
    "size": [
      2.205502969341009,
      4.629358215735893,
      1.6999999999999886
    ],
    "obj_class": "vehicle",
    "point_num_in_lidar": 239,
    "speed": 0.006069990308679211,
    "if_vehicle": true,
    "motion_state": false,
    "pose": [
      [
        0.9994029467563231,
        -0.03453455385655663,
        0.00105574841070009,
        1.7210624289800762
      ],
      [
        0.03454521921566676,
        0.9993217928724853,
        -0.012750769367494827,
        1.2110576418381243
      ],
      [
        -0.0006146902631688081,
        0.012779627539568812,
        0.9999181482880637,
        0.9743407200755883
      ],
      [
        0.0,
        0.0,
        0.0,
        1.0
      ]
    ],
    "location": [
      1.7210624289800762,
      1.2110576418381243,
      0.9743407200755883
    ],
    "rotation": [
      0.012779977838764302,
      0.0006146903018783317,
      0.03455210032220165
    ]
  }
]