[
  {
    "label_id": "Dr5Bt8rXiqfaViFgbMwubg",
    "size": [
      2.53146831959795,
      5.74686633680221,
      2.5400000000000205
    ],
    "obj_class": "vehicle",
    "point_num_in_lidar": 941,
    "speed": 0.02177630825044732,
    "if_vehicle": true,
    "motion_state": false,
    "pose": [
      [
        -0.023707570809022138,
        -0.999715863270853,
        0.0024786712061336995,
        -24.315001718551684
      ],
      [
        0.9996864693983686,
        -0.02372670971184128,
        -0.008000384245436927,
        6.018252424771163
      ],
      [
        0.008056921754604545,
        0.0022882243908611127,
        0.99996492440534,
        1.5052997872630272
      ],
      [
        0.0,
        0.0,
        0.0,
        1.0
      ]
    ],
    "location": [
      -24.315001718551684,
      6.018252424771163,
      1.5052997872630272
    ],
    "rotation": [
      0.002288300660407829,
      -0.008057008924971493,
      1.5945068886984999
    ]
  },
  {
    "label_id": "GKqqT-P7XGtWMFB3FN24Zg",
    "size": [
      1.9944445603378675,
      4.635124279183967,
      1.8600000000000136
    ],
    "obj_class": "vehicle",
    "point_num_in_lidar": 4625,
    "speed": 0.05147187488799367,
    "if_vehicle": true,
    "motion_state": false,
    "pose": [
      [
        0.9990856942493649,
        -0.042680577963713086,
        0.0024786712061336995,
        -49.06326527514011
      ],
      [
        0.042699155443688935,
        0.9990559423657521,
        -0.008000384245436927,
        -7.627570477212885
      ],
      [
        -0.002134870174131726,
        0.008098906615238533,
        0.99996492440534,
        0.8857820836597057
      ],
      [
        0.0,
        0.0,
        0.0,
        1.0
      ]
    ],
    "location": [
      -49.06326527514011,
      -7.627570477212885,
      0.8857820836597057
    ],
    "rotation": [
      0.008099013612231252,
      0.002134871795807578,
      0.04271223847129924
    ]
  },
  {
    "label_id": "J1XQITk__hlP14Y2xEc20w",
    "size": [
      2.0771295629575617,
      4.862762984558531,
      1.7200000000000273
    ],
    "obj_class": "vehicle",
    "point_num_in_lidar": 94,
    "speed": 0.0,
    "if_vehicle": true,
    "motion_state": false,
    "pose": [
      [
        0.04511389551863278,
        0.9989787748596992,
        0.0024786712061336995,
        19.69128407726066
      ],
      [
        -0.998948977815707,
        0.04513240047769994,
        -0.008000384245436927,
        -11.39046264339595
      ],
      [
        -0.008104082433441191,
        -0.0021151375687509274,
        0.99996492440534,
        1.1387488721869659
      ],
      [
        0.0,
        0.0,
        0.0,
        1.0
      ]
    ],
    "location": [
      19.69128407726066,
      -11.39046264339595,
      1.1387488721869659
    ],
    "rotation": [
      -0.002115208606498772,
      0.008104171143554717,
      -1.5256656310957772
    ]
  },
  {
    "label_id": "ND-bI6w7fY7VtaV6CzEQMw",
    "size": [
      2.208793466248831,
      5.1961808477803935,
      2.009999999999991
    ],
    "obj_class": "vehicle",
    "point_num_in_lidar": 3511,
    "speed": 0.007605748630230321,
    "if_vehicle": true,
    "motion_state": false,
    "pose": [
      [
        0.049729244249467404,
        0.9987596600060641,
        0.0024786712061336995,
        -43.996390755815355
      ],
      [
        -0.9987297777770802,
        0.049747611332298124,
        -0.008000384245436927,
        -12.917958224670201
      ],
      [
        -0.008113769020673756,
        -0.002077669680653433,
        0.99996492440534,
        1.1686327192400654
      ],
      [
        0.0,
        0.0,
        0.0,
        1.0
      ]
    ],
    "location": [
      -43.996390755815355,
      -12.917958224670201,
      1.1686327192400654
    ],
    "rotation": [
      -0.002077739568835639,
      0.00811385804927223,
      -1.5210449239563582
    ]
  },
  {
    "label_id": "V-n--U3b8PiVmCN1M34Fmg",
    "size": [
      2.31697656991617,
      5.297860991632643,
      2.0500000000000114
    ],
    "obj_class": "vehicle",
    "point_num_in_lidar": 3417,
    "speed": 0.011903891317168933,
    "if_vehicle": true,
    "motion_state": false,
    "pose": [
      [
        -0.031688286818915404,
        -0.9994947266832046,
        0.0024786712061336995,
        -44.30640394343072
      ],
      [
        0.9994651809474943,
        -0.03170719043872979,
        -0.008000384245436927,
        5.588955279934453
      ],
      [
        0.008074933564721476,
        0.0022238270949168247,
        0.99996492440534,
        1.2084478878937261
      ],
      [
        0.0,
        0.0,
        0.0,
        1.0
      ]
    ],
    "location": [
      -44.30640394343072,
      5.588955279934453,
      1.2084478878937261
    ],
    "rotation": [
      0.002223901433425776,
      -0.008075021321034137,
      1.6024909529773306
    ]
  },
  {
    "label_id": "bJdt8E68uaS0DfkRbSnNLQ",
    "size": [
      2.0618733121101696,
      4.821125258720578,
      1.6499999999999773
    ],
    "obj_class": "vehicle",
    "point_num_in_lidar": 94,
    "speed": 0.030615846554415536,
    "if_vehicle": true,
    "motion_state": false,
    "pose": [
      [
        -0.048086152343327894,
        -0.9988401164059572,
        0.0024786712061336995,
        11.874824533852916
      ],
      [
        0.9988102644324537,
        -0.048104568559516454,
        -0.008000384245436927,
        7.118866077280018
      ],
      [
        0.008110340139976566,
        0.002091014547208269,
        0.99996492440534,
        1.1288645069598715
      ],
      [
        0.0,
        0.0,
        0.0,
        1.0
      ]
    ],
    "location": [
      11.874824533852916,
      7.118866077280018,
      1.1288645069598715
    ],
    "rotation": [
      0.0020910848455034437,
      -0.008110429055749987,
      1.6189026132790016
    ]
  },
  {
    "label_id": "mPXHOCaID-XFTqY0OH397w",
    "size": [
      2.150079157159677,
      4.74676163231082,
      2.1399999999999864
    ],
    "obj_class": "vehicle",
    "point_num_in_lidar": 285,
    "speed": 7.105427357601002e-14,
    "if_vehicle": true,
    "motion_state": false,
    "pose": [
      [
        0.024238415253603176,
        0.9997031336427059,
        0.0024786712061336995,
        -11.620702373854783
      ],
      [
        -0.9996737296116335,
        0.024257538545617126,
        -0.008000384245436927,
        -12.259822521601109
      ],
      [
        -0.008058135662833732,
        -0.0022839458535873565,
        0.99996492440534,
        1.2347405405145082
      ],
      [
        0.0,
        0.0,
        0.0,
        1.0
      ]
    ],
    "location": [
      -11.620702373854783,
      -12.259822521601109,
      1.2347405405145082
    ],
    "rotation": [
      -0.0022840219954192408,
      0.008058222872608347,
      -1.546554750352875
    ]
  },
  {
    "label_id": "uwMPmlHlIb-6-6EZIi_qHg",
    "size": [
      2.250304161092605,
      4.813912400449311,
      1.6899999999999977
    ],
    "obj_class": "vehicle",
    "point_num_in_lidar": 135,
    "speed": 0.014492255047949428,
    "if_vehicle": true,
    "motion_state": false,
    "pose": [
      [
        -0.9957896032393211,
        0.09163472196458713,
        0.0024786712061336995,
        -13.664431456164948
      ],
      [
        -0.09165181774220736,
        -0.9957589759356802,
        -0.008000384245436927,
        1.434524853385028
      ],
      [
        0.001735046115960474,
        -0.008193874175153179,
        0.99996492440534,
        0.8357685320497126
      ],
      [
        0.0,
        0.0,
        0.0,
        1.0
      ]
    ],
    "location": [
      -13.664431456164948,
      1.434524853385028,
      0.8357685320497126
    ],
    "rotation": [
      -0.008193978200593671,
      -0.0017350469864877937,
      -3.0498118964479963
    ]
  },
  {
    "label_id": "uyM3cP5UJOV8VksMY2nU3Q",
    "size": [
      2.2055029693410084,
      4.629358215735893,
      1.6999999999999886
    ],
    "obj_class": "vehicle",
    "point_num_in_lidar": 113,
    "speed": 0.00606999025803086,
    "if_vehicle": true,
    "motion_state": false,
    "pose": [
      [
        0.9994004336485935,
        -0.03453446701565194,
        0.0024786712061336995,
        1.7096509568350484
      ],
      [
        0.03455328642001782,
        0.9993708341999489,
        -0.008000384245436927,
        1.2093678333530988
      ],
      [
        -0.0022008227051446456,
        0.00808123372037163,
        0.99996492440534,
        1.023277586081008
      ],
      [
        0.0,
        0.0,
        0.0,
        1.0
      ]
    ],
    "location": [
      1.7096509568350484,
      1.2093678333530988,
      1.023277586081008
    ],
    "rotation": [
      0.008081341254179234,
      0.0022008244818068757,
      0.03456024954713518
    ]
  }
]