[
  {
    "label_id": "Dr5Bt8rXiqfaViFgbMwubg",
    "size": [
      2.5314683195979506,
      5.74686633680221,
      2.5400000000000205
    ],
    "obj_class": "vehicle",
    "point_num_in_lidar": 1203,
    "speed": 0.01946797688518082,
    "if_vehicle": true,
    "motion_state": false,
    "pose": [
      [
        -0.023707622117488412,
        -0.999718026878742,
        0.001347363057753116,
        -24.313844745311144
      ],
      [
        0.9996863892066142,
        -0.023717703696454172,
        -0.008037024723691753,
        6.007243099139032
      ],
      [
        0.008066714856520123,
        0.0011564017650573992,
        0.9999667948719005,
        1.4864700298138587
      ],
      [
        0.0,
        0.0,
        0.0,
        1.0
      ]
    ],
    "location": [
      -24.313844745311144,
      6.007243099139032,
      1.4864700298138587
    ],
    "rotation": [
      0.0011564396492783871,
      -0.00806680234514374,
      1.5945069418954885
    ]
  },
  {
    "label_id": "GKqqT-P7XGtWMFB3FN24Zg",
    "size": [
      1.9944445603378673,
      4.635124279183967,
      1.8600000000000136
    ],
    "obj_class": "vehicle",
    "point_num_in_lidar": 3546,
    "speed": 0.06252751823006672,
    "if_vehicle": true,
    "motion_state": false,
    "pose": [
      [
        0.9990878564934276,
        -0.04268067033399449,
        0.001347363057753116,
        -49.03106577385961
      ],
      [
        0.04269014952881637,
        0.9990560331466891,
        -0.008037024723691753,
        -7.625052358267112
      ],
      [
        -0.0010030655889891702,
        0.008087212934182958,
        0.9999667948719005,
        0.8808484272601618
      ],
      [
        0.0,
        0.0,
        0.0,
        1.0
      ]
    ],
    "location": [
      -49.03106577385961,
      -7.625052358267112,
      0.8808484272601618
    ],
    "rotation": [
      0.008087305160032398,
      0.001003065757193411,
      0.04270314843930334
    ]
  },
  {
    "label_id": "J1XQITk__hlP14Y2xEc20w",
    "size": [
      2.077129562957563,
      4.862762984558531,
      1.7200000000000273
    ],
    "obj_class": "vehicle",
    "point_num_in_lidar": 104,
    "speed": 0.0,
    "if_vehicle": true,
    "motion_state": false,
    "pose": [
      [
        0.0451139931551478,
        0.998980936872365,
        0.001347363057753116,
        19.691284077259752
      ],
      [
        -0.9989490905318217,
        0.04512339481064592,
        -0.008037024723691753,
        -11.39046264339595
      ],
      [
        -0.00808963208334822,
        -0.0009833648227862658,
        0.9999667948719005,
        1.1267727776361767
      ],
      [
        0.0,
        0.0,
        0.0,
        1.0
      ]
    ],
    "location": [
      19.691284077259752,
      -11.39046264339595,
      1.1267727776361767
    ],
    "rotation": [
      -0.0009833971596207055,
      0.008089720319762373,
      -1.5256655386408822
    ]
  },
  {
    "label_id": "ND-bI6w7fY7VtaV6CzEQMw",
    "size": [
      2.2087934662488307,
      5.1961808477803935,
      2.009999999999991
    ],
    "obj_class": "vehicle",
    "point_num_in_lidar": 5036,
    "speed": 0.02259873975225303,
    "if_vehicle": true,
    "motion_state": false,
    "pose": [
      [
        0.04972935187463237,
        0.9987618215445161,
        0.001347363057753116,
        -43.99569991397948
      ],
      [
        -0.9987299321031166,
        0.04973860628219494,
        -0.008037024723691753,
        -12.911323668674868
      ],
      [
        -0.008094089413481442,
        -0.0009459757846784296,
        0.9999667948719005,
        1.1620610114924261
      ],
      [
        0.0,
        0.0,
        0.0,
        1.0
      ]
    ],
    "location": [
      -43.99569991397948,
      -12.911323668674868,
      1.1620610114924261
    ],
    "rotation": [
      -0.0009460069147654534,
      0.008094177795831766,
      -1.5210448241358627
    ]
  },
  {
    "label_id": "V-n--U3b8PiVmCN1M34Fmg",
    "size": [
      2.31697656991617,
      5.297860991632643,
      2.0500000000000114
    ],
    "obj_class": "vehicle",
    "point_num_in_lidar": 4103,
    "speed": 0.011588423921952484,
    "if_vehicle": true,
    "motion_state": false,
    "pose": [
      [
        -0.03168835539942942,
        -0.9994968898125047,
        0.001347363057753116,
        -44.305676853004115
      ],
      [
        0.9994651726599815,
        -0.03169818407013932,
        -0.008037024723691753,
        5.583045824440433
      ],
      [
        0.008075690176890075,
        0.001091962355354553,
        0.9999667948719005,
        1.192967442322015
      ],
      [
        0.0,
        0.0,
        0.0,
        1.0
      ]
    ],
    "location": [
      -44.305676853004115,
      5.583045824440433,
      1.192967442322015
    ],
    "rotation": [
      0.0010919981812535244,
      -0.008075777957873531,
      1.6024910217882706
    ]
  },
  {
    "label_id": "bJdt8E68uaS0DfkRbSnNLQ",
    "size": [
      2.061873312110174,
      4.821125258720578,
      1.6499999999999773
    ],
    "obj_class": "vehicle",
    "point_num_in_lidar": 97,
    "speed": 0.030615846554501065,
    "if_vehicle": true,
    "motion_state": false,
    "pose": [
      [
        -0.04808625641247497,
        -0.9988422781185349,
        0.001347363057753116,
        11.875609508811067
      ],
      [
        0.998810403944388,
        -0.04809556326772093,
        -0.008037024723691753,
        7.103572958301811
      ],
      [
        0.008092522269496014,
        0.0009592898083172928,
        0.9999667948719005,
        1.1253891713316193
      ],
      [
        0.0,
        0.0,
        0.0,
        1.0
      ]
    ],
    "location": [
      11.875609508811067,
      7.103572958301811,
      1.1253891713316193
    ],
    "rotation": [
      0.0009593213684288683,
      -0.008092610600518597,
      1.618902710522124
    ]
  },
  {
    "label_id": "mPXHOCaID-XFTqY0OH397w",
    "size": [
      2.150079157159677,
      4.74676163231082,
      2.1399999999999864
    ],
    "obj_class": "vehicle",
    "point_num_in_lidar": 361,
    "speed": 0.0013818045311915098,
    "if_vehicle": true,
    "motion_state": false,
    "pose": [
      [
        0.02423846771093489,
        0.999705297223045,
        0.001347363057753116,
        -11.620702373855693
      ],
      [
        -0.9996736542020724,
        0.024248532488917743,
        -0.008037024723691753,
        -12.259822521602018
      ],
      [
        -0.008067327767067518,
        -0.001152118187223747,
        0.9999667948719005,
        1.242409263960326
      ],
      [
        0.0,
        0.0,
        0.0,
        1.0
      ]
    ],
    "location": [
      -11.620702373855693,
      -12.259822521602018,
      1.242409263960326
    ],
    "rotation": [
      -0.0011521559349109082,
      0.008067415275635245,
      -1.5465546960813221
    ]
  },
  {
    "label_id": "tz2RhKx6kf8FueDYjfUrGQ",
    "size": [
      2.3360933041956224,
      5.4823868462221625,
      2.1999999999999886
    ],
    "obj_class": "vehicle",
    "point_num_in_lidar": 61,
    "speed": 0.03022164449818662,
    "if_vehicle": true,
    "motion_state": false,
    "pose": [
      [
        0.06719723435835019,
        0.9977388016446889,
        0.001347363057753116,
        23.619570667988683
      ],
      [
        -0.997706755159299,
        0.06720592937452431,
        -0.008037024723691753,
        -11.18526036908861
      ],
      [
        -0.008109402203106145,
        -0.0008042073904706027,
        0.9999667948719005,
        1.3946473624234272
      ],
      [
        0.0,
        0.0,
        0.0,
        1.0
      ]
    ],
    "location": [
      23.619570667988683,
      -11.18526036908861,
      1.3946473624234272
    ],
    "rotation": [
      -0.0008042339217759671,
      0.008109491088033985,
      -1.5035462035965084
    ]
  },
  {
    "label_id": "uwMPmlHlIb-6-6EZIi_qHg",
    "size": [
      2.250304161092606,
      4.813912400449311,
      1.6899999999999977
    ],
    "obj_class": "vehicle",
    "point_num_in_lidar": 194,
    "speed": 0.01449225504808355,
    "if_vehicle": true,
    "motion_state": false,
    "pose": [
      [
        -0.9957917583499084,
        0.09163492028254565,
        0.001347363057753116,
        -13.664229204595813
      ],
      [
        -0.09164282712053644,
        -0.9957595083507595,
        -0.008037024723691753,
        1.427279025644566
      ],
      [
        0.0006051774560938764,
        -0.008126679141276962,
        0.9999667948719005,
        0.8296071796366391
      ],
      [
        0.0,
        0.0,
        0.0,
        1.0
      ]
    ],
    "location": [
      -13.664229204595813,
      1.427279025644566,
      0.8296071796366391
    ],
    "rotation": [
      -0.008126770083736629,
      -0.0006051774930338895,
      -3.0498210467508344
    ]
  },
  {
    "label_id": "uyM3cP5UJOV8VksMY2nU3Q",
    "size": [
      2.205502969341009,
      4.629358215735893,
      1.6999999999999886
    ],
    "obj_class": "vehicle",
    "point_num_in_lidar": 130,
    "speed": 0.006069990257616971,
    "if_vehicle": true,
    "motion_state": false,
    "pose": [
      [
        0.9994025965738222,
        -0.03453454175593898,
        0.001347363057753116,
        1.712654259349165
      ],
      [
        0.03454428006435088,
        0.9993708515603337,
        -0.008037024723691753,
        1.2098125617812912
      ],
      [
        -0.0010689604004738193,
        0.008078767064400926,
        0.9999667948719005,
        1.010398247561227
      ],
      [
        0.0,
        0.0,
        0.0,
        1.0
      ]
    ],
    "location": [
      1.712654259349165,
      1.2098125617812912,
      1.010398247561227
    ],
    "rotation": [
      0.008078859561622432,
      0.0010689606040532164,
      0.034551173828036
    ]
  }
]