[
  {
    "label_id": "-DVbk5tkWcaP8CxvcoCTMQ",
    "size": [
      2.5008688649350845,
      5.782342346281149,
      2.5400000000000205
    ],
    "obj_class": "vehicle",
    "point_num_in_lidar": 5318,
    "speed": 0.009402608157687115,
    "if_vehicle": true,
    "motion_state": false,
    "pose": [
      [
        0.1197435367904606,
        0.9927984822403597,
        0.003557957019126681,
        -61.72690833178194
      ],
      [
        -0.9927535155827635,
        0.11977302153630451,
        -0.009740667848145349,
        -12.727562094915356
      ],
      [
        -0.010096667518323277,
        -0.002365792320192333,
        0.9999462287201858,
        1.4029861600611753
      ],
      [
        0.0,
        0.0,
        0.0,
        1.0
      ]
    ],
    "location": [
      -61.72690833178194,
      -12.727562094915356,
      1.4029861600611753
    ],
    "rotation": [
      -0.0023659151242577977,
      0.010096839073109517,
      -1.4507586221039726
    ]
  },
  {
    "label_id": "Dr5Bt8rXiqfaViFgbMwubg",
    "size": [
      2.531468319597948,
      5.74686633680221,
      2.5400000000000205
    ],
    "obj_class": "vehicle",
    "point_num_in_lidar": 393,
    "speed": 0.02213219985270436,
    "if_vehicle": true,
    "motion_state": false,
    "pose": [
      [
        -0.023707493578080597,
        -0.9997126065475495,
        0.003557957019126681,
        -24.319396228944242
      ],
      [
        0.9996706839828666,
        -0.02374116625399548,
        -0.009740667848145349,
        6.060068945848798
      ],
      [
        0.009822338493098952,
        0.0033258585064358886,
        0.9999462287201858,
        1.5768205121082701
      ],
      [
        0.0,
        0.0,
        0.0,
        1.0
      ]
    ],
    "location": [
      -24.319396228944242,
      6.060068945848798,
      1.5768205121082701
    ],
    "rotation": [
      0.0033260250870125493,
      -0.009822496440431141,
      1.5945071857495994
    ]
  },
  {
    "label_id": "GKqqT-P7XGtWMFB3FN24Zg",
    "size": [
      1.994444560337868,
      4.635124279183967,
      1.8600000000000136
    ],
    "obj_class": "vehicle",
    "point_num_in_lidar": 589,
    "speed": 0.01609194675223941,
    "if_vehicle": true,
    "motion_state": false,
    "pose": [
      [
        0.9990824395789304,
        -0.04268043892537614,
        0.003557957019126681,
        -49.108201328347604
      ],
      [
        0.0427133097315859,
        0.9990398853707723,
        -0.009740667848145349,
        -7.631555344984463
      ],
      [
        -0.0031388049933573107,
        0.009883702317022734,
        0.9999462287201858,
        0.9434732535485182
      ],
      [
        0.0,
        0.0,
        0.0,
        1.0
      ]
    ],
    "location": [
      -49.108201328347604,
      -7.631555344984463,
      0.9434732535485182
    ],
    "rotation": [
      0.009883911933577138,
      0.0031388101473485922,
      0.0427265188924175
    ]
  },
  {
    "label_id": "ND-bI6w7fY7VtaV6CzEQMw",
    "size": [
      2.2087934662488347,
      5.1961808477803935,
      2.009999999999991
    ],
    "obj_class": "vehicle",
    "point_num_in_lidar": 381,
    "speed": 0.013336211571329417,
    "if_vehicle": true,
    "motion_state": false,
    "pose": [
      [
        0.049729082249049004,
        0.9987564063977349,
        0.003557957019126681,
        -43.99901476777859
      ],
      [
        -0.9987136213066339,
        0.04976165196676848,
        -0.009740667848145349,
        -12.943158137898536
      ],
      [
        -0.009905604234826108,
        -0.0030689856664442763,
        0.9999462287201858,
        1.1935939171126506
      ],
      [
        0.0,
        0.0,
        0.0,
        1.0
      ]
    ],
    "location": [
      -43.99901476777859,
      -12.943158137898536,
      1.1935939171126506
    ],
    "rotation": [
      -0.0030691410618477813,
      0.009905766233270186,
      -1.5210442822493297
    ]
  },
  {
    "label_id": "V-n--U3b8PiVmCN1M34Fmg",
    "size": [
      2.3169765699161706,
      5.297860991632643,
      2.0500000000000114
    ],
    "obj_class": "vehicle",
    "point_num_in_lidar": 1102,
    "speed": 0.011903891316711091,
    "if_vehicle": true,
    "motion_state": false,
    "pose": [
      [
        -0.03168818358960208,
        -0.9994914706802863,
        0.003557957019126681,
        -44.30916563775554
      ],
      [
        0.9994492806178077,
        -0.03172152049349094,
        -0.009740667848145349,
        5.611401057129569
      ],
      [
        0.009848578239448161,
        0.0032473335121778763,
        0.9999462287201858,
        1.2672469824235009
      ],
      [
        0.0,
        0.0,
        0.0,
        1.0
      ]
    ],
    "location": [
      -44.30916563775554,
      5.611401057129569,
      1.2672469824235009
    ],
    "rotation": [
      0.0032474967185105513,
      -0.00984873745604041,
      1.6024913536899315
    ]
  },
  {
    "label_id": "Z60rnZCpgJjUuzNiRSJR6w",
    "size": [
      2.2560184563160877,
      5.641626324669515,
      2.1100000000000136
    ],
    "obj_class": "vehicle",
    "point_num_in_lidar": 3992,
    "speed": 0.01650196360187947,
    "if_vehicle": true,
    "motion_state": false,
    "pose": [
      [
        0.045857595853394356,
        0.9989416508707588,
        0.003557957019126681,
        -66.48438794810863
      ],
      [
        -0.998898992339078,
        0.045890331158611894,
        -0.009740667848145349,
        5.133293997456349
      ],
      [
        -0.009893634646665867,
        -0.003107356071668989,
        0.9999462287201858,
        1.142969833126699
      ],
      [
        0.0,
        0.0,
        0.0,
        1.0
      ]
    ],
    "location": [
      -66.48438794810863,
      5.133293997456349,
      1.142969833126699
    ],
    "rotation": [
      -0.00310751316441813,
      0.009893796058542187,
      -1.5249203963525677
    ]
  },
  {
    "label_id": "mPXHOCaID-XFTqY0OH397w",
    "size": [
      2.15007915715968,
      4.74676163231082,
      2.1399999999999864
    ],
    "obj_class": "vehicle",
    "point_num_in_lidar": 109,
    "speed": 7.105427357601002e-14,
    "if_vehicle": true,
    "motion_state": false,
    "pose": [
      [
        0.024238336293357244,
        0.9996998769608708,
        0.003557957019126681,
        -11.620702373854783
      ],
      [
        -0.9996579365219523,
        0.024271986703699157,
        -0.009740667848145349,
        -12.259822521602018
      ],
      [
        -0.00982410313476819,
        -0.0033206423889487347,
        0.9999462287201858,
        1.2056125678906255
      ],
      [
        0.0,
        0.0,
        0.0,
        1.0
      ]
    ],
    "location": [
      -11.620702373854783,
      -12.259822521602018,
      1.2056125678906255
    ],
    "rotation": [
      -0.003320808746648437,
      0.00982426116724668,
      -1.5465544464633616
    ]
  },
  {
    "label_id": "uwMPmlHlIb-6-6EZIi_qHg",
    "size": [
      2.250304161092604,
      4.813912400449311,
      1.6899999999999977
    ],
    "obj_class": "vehicle",
    "point_num_in_lidar": 42,
    "speed": 0.014492255048596598,
    "if_vehicle": true,
    "motion_state": false,
    "pose": [
      [
        -0.9957863593063945,
        0.09163442345083225,
        0.003557957019126681,
        -13.665199664616466
      ],
      [
        -0.09166516739120437,
        -0.99574224399541,
        -0.009740667848145349,
        1.462046548950184
      ],
      [
        0.002650227623973563,
        -0.010025764899446465,
        0.9999462287201858,
        0.8591710847268246
      ],
      [
        0.0,
        0.0,
        0.0,
        1.0
      ]
    ],
    "location": [
      -13.665199664616466,
      1.462046548950184,
      0.8591710847268246
    ],
    "rotation": [
      -0.010025968076247675,
      -0.002650230726386849,
      -3.049798305625783
    ]
  },
  {
    "label_id": "uyM3cP5UJOV8VksMY2nU3Q",
    "size": [
      2.205502969341008,
      4.629358215735893,
      1.6999999999999886
    ],
    "obj_class": "vehicle",
    "point_num_in_lidar": 48,
    "speed": 0.006069990258332826,
    "if_vehicle": true,
    "motion_state": false,
    "pose": [
      [
        0.9993971779528487,
        -0.03453435451448809,
        0.003557957019126681,
        1.6982435675777197
      ],
      [
        0.03456757113655283,
        0.9993548931263566,
        -0.009740667848145349,
        1.2076786294614976
      ],
      [
        -0.0032192740799217873,
        0.009857785891171967,
        0.9999462287201858,
        1.0721969430591116
      ],
      [
        0.0,
        0.0,
        0.0,
        1.0
      ]
    ],
    "location": [
      1.6982435675777197,
      1.2076786294614976,
      1.0721969430591116
    ],
    "rotation": [
      0.009857996639333363,
      0.0032192796405599204,
      0.034574638303430334
    ]
  }
]