[
  {
    "label_id": "-DVbk5tkWcaP8CxvcoCTMQ",
    "size": [
      2.500868864935084,
      5.782342346281149,
      2.5400000000000205
    ],
    "obj_class": "vehicle",
    "point_num_in_lidar": 7126,
    "speed": 0.034490793512881084,
    "if_vehicle": true,
    "motion_state": false,
    "pose": [
      [
        0.11974395072892743,
        0.9928019142208429,
        0.0023969529111371097,
        -61.73420089471392
      ],
      [
        -0.9927480068577583,
        0.11976257647749272,
        -0.010407696931643123,
        -12.750592358449012
      ],
      [
        -0.010619846692698692,
        -0.0011333114764789833,
        0.9999429656041994,
        1.3691863007719576
      ],
      [
        0.0,
        0.0,
        0.0,
        1.0
      ]
    ],
    "location": [
      -61.73420089471392,
      -12.750592358449012,
      1.3691863007719576
    ],
    "rotation": [
      -0.0011333756326119323,
      0.010620046322573165,
      -1.4507575514159379
    ]
  },
  {
    "label_id": "Dr5Bt8rXiqfaViFgbMwubg",
    "size": [
      2.5314683195979586,
      5.74686633680221,
      2.5400000000000205
    ],
    "obj_class": "vehicle",
    "point_num_in_lidar": 666,
    "speed": 0.0221322004080107,
    "if_vehicle": true,
    "motion_state": false,
    "pose": [
      [
        -0.023707575531927868,
        -0.9997160624292978,
        0.0023969529111371097,
        -24.316620480234633
      ],
      [
        0.9996641962544577,
        -0.023731299406228066,
        -0.010407696931643123,
        6.033655956896382
      ],
      [
        0.010461624602656571,
        0.002149406744251318,
        0.9999429656041994,
        1.531645158766139
      ],
      [
        0.0,
        0.0,
        0.0,
        1.0
      ]
    ],
    "location": [
      -24.316620480234633,
      6.033655956896382,
      1.531645158766139
    ],
    "rotation": [
      0.002149526030751213,
      -0.010461815441833973,
      1.5945074215085118
    ]
  },
  {
    "label_id": "GKqqT-P7XGtWMFB3FN24Zg",
    "size": [
      1.9944445603378675,
      4.635124279183967,
      1.8600000000000136
    ],
    "obj_class": "vehicle",
    "point_num_in_lidar": 2531,
    "speed": 0.025870348587305334,
    "if_vehicle": true,
    "motion_state": false,
    "pose": [
      [
        0.9990858932822704,
        -0.04268058646632648,
        0.0023969529111371097,
        -49.08898055776535
      ],
      [
        0.04270332150727154,
        0.99903358611051,
        -0.010407696931643123,
        -7.629699148895725
      ],
      [
        -0.0019504298537450179,
        0.010500541036763893,
        0.9999429656041994,
        0.9024200952267165
      ],
      [
        0.0,
        0.0,
        0.0,
        1.0
      ]
    ],
    "location": [
      -49.08898055776535,
      -7.629699148895725,
      0.9024200952267165
    ],
    "rotation": [
      0.010500753987779816,
      0.0019504310903770742,
      0.04271639224465561
    ]
  },
  {
    "label_id": "ND-bI6w7fY7VtaV6CzEQMw",
    "size": [
      2.208793466248833,
      5.1961808477803935,
      2.009999999999991
    ],
    "obj_class": "vehicle",
    "point_num_in_lidar": 1306,
    "speed": 0.013336211906487887,
    "if_vehicle": true,
    "motion_state": false,
    "pose": [
      [
        0.049729254156280975,
        0.9987598589740186,
        0.0023969529111371097,
        -43.99735733676289
      ],
      [
        -0.9987073926819044,
        0.04975161954239721,
        -0.010407696931643123,
        -12.927240863755742
      ],
      [
        -0.010514042208988147,
        -0.0018762875863678169,
        0.9999429656041994,
        1.177827425145722
      ],
      [
        0.0,
        0.0,
        0.0,
        1.0
      ]
    ],
    "location": [
      -43.99735733676289,
      -12.927240863755742,
      1.177827425145722
    ],
    "rotation": [
      -0.0018763924032328893,
      0.010514235931237516,
      -1.5210438007692098
    ]
  },
  {
    "label_id": "V-n--U3b8PiVmCN1M34Fmg",
    "size": [
      2.316976569916169,
      5.297860991632643,
      2.0500000000000114
    ],
    "obj_class": "vehicle",
    "point_num_in_lidar": 2199,
    "speed": 0.011903891615523202,
    "if_vehicle": true,
    "motion_state": false,
    "pose": [
      [
        -0.031688293131699866,
        -0.9994949257975957,
        0.0023969529111371097,
        -44.307421241047905
      ],
      [
        0.9994428718705141,
        -0.031711602163849203,
        -0.010407696931643123,
        5.597223405574368
      ],
      [
        0.010478451489539967,
        0.0020658153500494616,
        0.9999429656041994,
        1.230107120134221
      ],
      [
        0.0,
        0.0,
        0.0,
        1.0
      ]
    ],
    "location": [
      -44.307421241047905,
      5.597223405574368,
      1.230107120134221
    ],
    "rotation": [
      0.0020659302401183407,
      -0.010478643251089348,
      1.6024916662855844
    ]
  },
  {
    "label_id": "bJdt8E68uaS0DfkRbSnNLQ",
    "size": [
      2.0618733121101585,
      4.821125258720578,
      1.6499999999999773
    ],
    "obj_class": "vehicle",
    "point_num_in_lidar": 77,
    "speed": 0.030615845786240596,
    "if_vehicle": true,
    "motion_state": false,
    "pose": [
      [
        -0.04808616192281128,
        -0.99884031538994,
        0.0023969529111371097,
        11.873726247963077
      ],
      [
        0.998787885961334,
        -0.04810861358912825,
        -0.010407696931643123,
        7.14026321433721
      ],
      [
        0.01051094136707856,
        0.001893581330964962,
        0.9999429656041994,
        1.1337269704549726
      ],
      [
        0.0,
        0.0,
        0.0,
        1.0
      ]
    ],
    "location": [
      11.873726247963077,
      7.14026321433721,
      1.1337269704549726
    ],
    "rotation": [
      0.0018936870727695471,
      -0.010511134917972854,
      1.6189036990373462
    ]
  },
  {
    "label_id": "mPXHOCaID-XFTqY0OH397w",
    "size": [
      2.1500791571596785,
      4.74676163231082,
      2.1399999999999864
    ],
    "obj_class": "vehicle",
    "point_num_in_lidar": 191,
    "speed": 7.105427357601002e-14,
    "if_vehicle": true,
    "motion_state": false,
    "pose": [
      [
        0.024238420082260216,
        0.9997033327986146,
        0.0023969529111371097,
        -11.620702373855238
      ],
      [
        -0.9996514540337411,
        0.024262116412346327,
        -0.010407696931643123,
        -12.259822521601563
      ],
      [
        -0.010462764459886467,
        -0.0021438513325506034,
        0.9999429656041994,
        1.224010961618717
      ],
      [
        0.0,
        0.0,
        0.0,
        1.0
      ]
    ],
    "location": [
      -11.620702373855238,
      -12.259822521601563,
      1.224010961618717
    ],
    "rotation": [
      -0.0021439703277865802,
      0.01046295536145196,
      -1.5465542055535788
    ]
  },
  {
    "label_id": "uwMPmlHlIb-6-6EZIi_qHg",
    "size": [
      2.2503041610926053,
      4.813912400449311,
      1.6899999999999977
    ],
    "obj_class": "vehicle",
    "point_num_in_lidar": 92,
    "speed": 0.014492255412595474,
    "if_vehicle": true,
    "motion_state": false,
    "pose": [
      [
        -0.9957898016155957,
        0.0916347402196036,
        0.0023969529111371097,
        -13.664714433401059
      ],
      [
        -0.09165488220863878,
        -0.9957364422435786,
        -0.010407696931643123,
        1.4446627441238888
      ],
      [
        0.0014330267593455708,
        -0.010583570899566075,
        0.9999429656041994,
        0.8443890954699782
      ],
      [
        0.0,
        0.0,
        0.0,
        1.0
      ]
    ],
    "location": [
      -13.664714433401059,
      1.4446627441238888,
      0.8443890954699782
    ],
    "rotation": [
      -0.01058377935828997,
      -0.0014330272498151223,
      -3.0498088630580504
    ]
  },
  {
    "label_id": "uyM3cP5UJOV8VksMY2nU3Q",
    "size": [
      2.205502969341009,
      4.629358215735893,
      1.6999999999999886
    ],
    "obj_class": "vehicle",
    "point_num_in_lidar": 83,
    "speed": 0.0060699904103691145,
    "if_vehicle": true,
    "motion_state": false,
    "pose": [
      [
        0.9994006327441997,
        -0.03453447389544099,
        0.0023969529111371097,
        1.70544893135866
      ],
      [
        0.034557634596631095,
        0.9993485126499487,
        -0.010407696931643123,
        1.2087455982709798
      ],
      [
        -0.002035966988639344,
        0.010484291921742411,
        0.9999429656041994,
        1.0412975185701043
      ],
      [
        0.0,
        0.0,
        0.0,
        1.0
      ]
    ],
    "location": [
      1.70544893135866,
      1.2087455982709798,
      1.0412975185701043
    ],
    "rotation": [
      0.01048450573493465,
      0.002035968395210657,
      0.03456458825682043
    ]
  }
]