[
  {
    "label_id": "-DVbk5tkWcaP8CxvcoCTMQ",
    "size": [
      2.5008688649350836,
      5.782342346281149,
      2.5400000000000205
    ],
    "obj_class": "vehicle",
    "point_num_in_lidar": 3702,
    "speed": 0.008420548557336514,
    "if_vehicle": true,
    "motion_state": false,
    "pose": [
      [
        0.11974406320772055,
        0.9928028467870353,
        0.0019664023148035165,
        -61.72360398538058
      ],
      [
        -0.9927732817600827,
        0.1197558083634866,
        -0.007730290196568433,
        -12.724951210776453
      ],
      [
        -0.007910142212420177,
        -0.0010265353214161971,
        0.9999681874316868,
        1.4232536493395287
      ],
      [
        0.0,
        0.0,
        0.0,
        1.0
      ]
    ],
    "location": [
      -61.72360398538058,
      -12.724951210776453,
      1.4232536493395287
    ],
    "rotation": [
      -0.00102656761856697,
      0.007910224704803803,
      -1.4507604665250842
    ]
  },
  {
    "label_id": "Dr5Bt8rXiqfaViFgbMwubg",
    "size": [
      2.531468319597951,
      5.74686633680221,
      2.5400000000000205
    ],
    "obj_class": "vehicle",
    "point_num_in_lidar": 328,
    "speed": 0.022132200038011782,
    "if_vehicle": true,
    "motion_state": false,
    "pose": [
      [
        -0.023707597801105693,
        -0.9997170014901403,
        0.0019664023148035165,
        -24.320553093541093
      ],
      [
        0.9996887030832088,
        -0.02372213188751718,
        -0.007730290196568433,
        6.07107723765921
      ],
      [
        0.00777474979101771,
        0.0017825235689596724,
        0.9999681874316868,
        1.595648501363371
      ],
      [
        0.0,
        0.0,
        0.0,
        1.0
      ]
    ],
    "location": [
      -24.320553093541093,
      6.07107723765921,
      1.595648501363371
    ],
    "rotation": [
      0.0017825783893155804,
      -0.0077748281195208395,
      1.5945068627252512
    ]
  },
  {
    "label_id": "GKqqT-P7XGtWMFB3FN24Zg",
    "size": [
      1.9944445603378675,
      4.635124279183967,
      1.8600000000000136
    ],
    "obj_class": "vehicle",
    "point_num_in_lidar": 420,
    "speed": 0.016091946886723444,
    "if_vehicle": true,
    "motion_state": false,
    "pose": [
      [
        0.9990868317511777,
        -0.042680626557376235,
        0.0019664023148035165,
        -49.11621207835287
      ],
      [
        0.042694620845537205,
        0.9990582625474516,
        -0.007730290196568433,
        -7.632328962397878
      ],
      [
        -0.001634616851037004,
        0.007807185942267067,
        0.9999681874316868,
        0.9605832121118283
      ],
      [
        0.0,
        0.0,
        0.0,
        1.0
      ]
    ],
    "location": [
      -49.11621207835287,
      -7.632328962397878,
      0.9605832121118283
    ],
    "rotation": [
      0.007807275685871217,
      0.0016346175789796902,
      0.042707659432237526
    ]
  },
  {
    "label_id": "ND-bI6w7fY7VtaV6CzEQMw",
    "size": [
      2.2087934662488338,
      5.1961808477803935,
      2.009999999999991
    ],
    "obj_class": "vehicle",
    "point_num_in_lidar": 269,
    "speed": 0.01333621168341639,
    "if_vehicle": true,
    "motion_state": false,
    "pose": [
      [
        0.049729300868339835,
        0.9987607971366731,
        0.0019664023148035165,
        -43.99970554474021
      ],
      [
        -0.9987321298979607,
        0.04974309321865748,
        -0.007730290196568433,
        -12.949792070880903
      ],
      [
        -0.007818525732473151,
        -0.0015794872451152665,
        0.9999681874316868,
        1.2001650077490922
      ],
      [
        0.0,
        0.0,
        0.0,
        1.0
      ]
    ],
    "location": [
      -43.99970554474021,
      -12.949792070880903,
      1.2001650077490922
    ],
    "rotation": [
      -0.001579536180645267,
      0.007818605391556781,
      -1.521044984382434
    ]
  },
  {
    "label_id": "Rx-SZ1OSbuEr8hjlgDySJg",
    "size": [
      2.0967319346933344,
      4.825180480479417,
      1.6800000000000068
    ],
    "obj_class": "vehicle",
    "point_num_in_lidar": 4473,
    "speed": 0.04474676185766738,
    "if_vehicle": true,
    "motion_state": false,
    "pose": [
      [
        0.9999738329791636,
        -0.006961797102470863,
        0.0019664023148035165,
        -76.51936183561202
      ],
      [
        0.0069768030700703525,
        0.9999457819464005,
        -0.007730290196568433,
        -8.057339105745541
      ],
      [
        -0.0019124789884056852,
        0.007743807119610703,
        0.9999681874316868,
        0.7502235395313619
      ],
      [
        0.0,
        0.0,
        0.0,
        1.0
      ]
    ],
    "location": [
      -76.51936183561202,
      -8.057339105745541,
      0.7502235395313619
    ],
    "rotation": [
      0.0077438986788416365,
      0.0019124801542471077,
      0.006976872430972171
    ]
  },
  {
    "label_id": "V-n--U3b8PiVmCN1M34Fmg",
    "size": [
      2.3169765699161715,
      5.297860991632643,
      2.0500000000000114
    ],
    "obj_class": "vehicle",
    "point_num_in_lidar": 875,
    "speed": 0.011903891416116641,
    "if_vehicle": true,
    "motion_state": false,
    "pose": [
      [
        -0.0316883228973874,
        -0.9994958646507184,
        0.0019664023148035165,
        -44.30989265990502
      ],
      [
        0.999467451109305,
        -0.031702630593464426,
        -0.007730290196568433,
        5.617309957700854
      ],
      [
        0.007788733210204487,
        0.001720395177592739,
        0.9999681874316868,
        1.282725974315781
      ],
      [
        0.0,
        0.0,
        0.0,
        1.0
      ]
    ],
    "location": [
      -44.30989265990502,
      5.617309957700854,
      1.282725974315781
    ],
    "rotation": [
      0.0017204482120453358,
      -0.0077888119621134354,
      1.6024909170967103
    ]
  },
  {
    "label_id": "Z60rnZCpgJjUuzNiRSJR6w",
    "size": [
      2.2560184563160863,
      5.641626324669515,
      2.1100000000000136
    ],
    "obj_class": "vehicle",
    "point_num_in_lidar": 3811,
    "speed": 0.02103327787712143,
    "if_vehicle": true,
    "motion_state": false,
    "pose": [
      [
        0.04585779745283378,
        0.9989460424240696,
        0.0019664023148035165,
        -66.48324484670457
      ],
      [
        -0.998917428858915,
        0.04587170081184571,
        -0.007730290196568433,
        5.143848239717954
      ],
      [
        -0.007812345017312007,
        -0.0016097794623198853,
        0.9999681874316868,
        1.1497809754756076
      ],
      [
        0.0,
        0.0,
        0.0,
        1.0
      ]
    ],
    "location": [
      -66.48324484670457,
      5.143848239717954,
      1.1497809754756076
    ],
    "rotation": [
      -0.0016098292845155681,
      0.007812424487624756,
      -1.5249210404807478
    ]
  },
  {
    "label_id": "mPXHOCaID-XFTqY0OH397w",
    "size": [
      2.150079157159684,
      4.74676163231082,
      2.1399999999999864
    ],
    "obj_class": "vehicle",
    "point_num_in_lidar": 84,
    "speed": 1.4929179297934157e-29,
    "if_vehicle": true,
    "motion_state": false,
    "pose": [
      [
        0.024238442850076508,
        0.9997042718474999,
        0.0019664023148035165,
        -11.620702373854783
      ],
      [
        -0.9996759657269774,
        0.024252961908022733,
        -0.007730290196568433,
        -12.259822521602018
      ],
      [
        -0.007775695212567089,
        -0.0017783949359149384,
        0.9999681874316868,
        1.1979445645702071
      ],
      [
        0.0,
        0.0,
        0.0,
        1.0
      ]
    ],
    "location": [
      -11.620702373854783,
      -12.259822521602018,
      1.1979445645702071
    ],
    "rotation": [
      -0.0017784496380133725,
      0.007775773569648812,
      -1.5465547769669663
    ]
  },
  {
    "label_id": "uwMPmlHlIb-6-6EZIi_qHg",
    "size": [
      2.250304161092605,
      4.813912400449311,
      1.6899999999999977
    ],
    "obj_class": "vehicle",
    "point_num_in_lidar": 36,
    "speed": 0.01449225516982148,
    "if_vehicle": true,
    "motion_state": false,
    "pose": [
      [
        -0.9957907369883933,
        0.09163482629464104,
        0.0019664023148035165,
        -13.665401897193533
      ],
      [
        -0.09164740240808564,
        -0.9957615157482876,
        -0.007730290196568433,
        1.469291696277196
      ],
      [
        0.0012497039501899762,
        -0.00787796703621602,
        0.9999681874316868,
        0.8653318585626266
      ],
      [
        0.0,
        0.0,
        0.0,
        1.0
      ]
    ],
    "location": [
      -13.665401897193533,
      1.469291696277196,
      0.8653318585626266
    ],
    "rotation": [
      -0.00787805467798054,
      -0.001249704275479804,
      -3.049816397112262
    ]
  },
  {
    "label_id": "uyM3cP5UJOV8VksMY2nU3Q",
    "size": [
      2.2055029693410084,
      4.629358215735893,
      1.6999999999999886
    ],
    "obj_class": "vehicle",
    "point_num_in_lidar": 42,
    "speed": 0.006069990308671329,
    "if_vehicle": true,
    "motion_state": false,
    "pose": [
      [
        0.9994015715087505,
        -0.03453450633462276,
        0.0019664023148035165,
        1.695240547085632
      ],
      [
        0.03454873305809059,
        0.9993731173378427,
        -0.007730290196568433,
        1.2072339427950283
      ],
      [
        -0.0016982078555236753,
        0.007793600879328138,
        0.9999681874316868,
        1.0850750721544955
      ],
      [
        0.0,
        0.0,
        0.0,
        1.0
      ]
    ],
    "location": [
      1.695240547085632,
      1.2072339427950283,
      1.0850750721544955
    ],
    "rotation": [
      0.007793691017370204,
      0.0016982086717711484,
      0.03455565958070807
    ]
  }
]