[
  {
    "label_id": "-p3GvvA-sgqoIf7veEKtKg",
    "size": [
      2.100282460757598,
      4.506576856352175,
      1.8700000000000045
    ],
    "obj_class": "vehicle",
    "point_num_in_lidar": 306,
    "speed": 0.018144787778498785,
    "if_vehicle": true,
    "motion_state": false,
    "pose": [
      [
        0.6528475985951946,
        0.7574878592687095,
        -0.0014683558816357373,
        49.04321653616307
      ],
      [
        -0.7573715002793262,
        0.6527106782645794,
        -0.0188992339536624,
        -8.17277106356596
      ],
      [
        -0.013357528705941993,
        0.013450410398955694,
        0.9998203153001891,
        1.101417031520441
      ],
      [
        0.0,
        0.0,
        0.0,
        1.0
      ]
    ],
    "location": [
      49.04321653616307,
      -8.17277106356596,
      1.101417031520441
    ],
    "rotation": [
      0.013452016196522093,
      0.013357925954171438,
      -0.859381791609134
    ]
  },
  {
    "label_id": "5sSq6-HBx5fWIwENoIgcew",
    "size": [
      1.0452475631213773,
      1.4277462463540846,
      1.329999999999984
    ],
    "obj_class": "pedestrian",
    "point_num_in_lidar": 535,
    "speed": 7.105427357601002e-14,
    "if_vehicle": false,
    "motion_state": false,
    "pose": [
      [
        -0.02434980874698296,
        -0.999702421095893,
        -0.0014683558816357373,
        11.178844431591187
      ],
      [
        0.9995256206393638,
        -0.02431774334635905,
        -0.0188992339536624,
        -15.31982824634224
      ],
      [
        0.01885790283886327,
        -0.0019278520561475867,
        0.9998203153001891,
        1.068374778025202
      ],
      [
        0.0,
        0.0,
        0.0,
        1.0
      ]
    ],
    "location": [
      11.178844431591187,
      -15.31982824634224,
      1.068374778025202
    ],
    "rotation": [
      -0.0019281961342775872,
      -0.01885902072723844,
      1.5951528744899532
    ]
  },
  {
    "label_id": "9pLXtlW92jkIDAnlQkn0dg",
    "size": [
      2.127941271034798,
      4.671806951627692,
      1.6999999999999886
    ],
    "obj_class": "vehicle",
    "point_num_in_lidar": 457,
    "speed": 0.01674400862066589,
    "if_vehicle": true,
    "motion_state": false,
    "pose": [
      [
        0.6061345767577833,
        0.7953607475791521,
        -0.0014683558816357373,
        46.10338053204623
      ],
      [
        -0.7952363687266819,
        0.6060048983385907,
        -0.0188992339536624,
        -10.677782867021051
      ],
      [
        -0.014141877989282682,
        0.012623169172859956,
        0.9998203153001891,
        1.0569542175103948
      ],
      [
        0.0,
        0.0,
        0.0,
        1.0
      ]
    ],
    "location": [
      46.10338053204623,
      -10.677782867021051,
      1.0569542175103948
    ],
    "rotation": [
      0.012624766996348976,
      0.014142349410468092,
      -0.9195285230762299
    ]
  },
  {
    "label_id": "J1XQITk__hlP14Y2xEc20w",
    "size": [
      2.077129562957558,
      4.862762984558531,
      1.7200000000000273
    ],
    "obj_class": "vehicle",
    "point_num_in_lidar": 3376,
    "speed": 0.0007509962817371288,
    "if_vehicle": true,
    "motion_state": false,
    "pose": [
      [
        0.045113985470379,
        0.9989807667047366,
        -0.0014683558816357373,
        19.691284077259752
      ],
      [
        -0.9988046705865851,
        0.04507825385247439,
        -0.0188992339536624,
        -11.390462643395495
      ],
      [
        -0.018813780305983702,
        0.002319220478647876,
        0.9998203153001891,
        0.9547463223108252
      ],
      [
        0.0,
        0.0,
        0.0,
        1.0
      ]
    ],
    "location": [
      19.691284077259752,
      -11.390462643395495,
      0.9547463223108252
    ],
    "rotation": [
      0.0023196331215526445,
      0.01881489036517888,
      -1.5256590295921373
    ]
  },
  {
    "label_id": "OTlTr3XwDdud2Dgf1nIesQ",
    "size": [
      2.695611277453986,
      6.038662456016443,
      2.420000000000016
    ],
    "obj_class": "vehicle",
    "point_num_in_lidar": 100,
    "speed": 0.010204786000950077,
    "if_vehicle": true,
    "motion_state": false,
    "pose": [
      [
        0.9008309894474613,
        0.4341674474003236,
        -0.0014683558816357373,
        59.494624501738144
      ],
      [
        -0.434115368917381,
        0.9006590172899459,
        -0.0188992339536624,
        -2.3682864600241373
      ],
      [
        -0.006882944198097175,
        0.01766245147753506,
        0.9998203153001891,
        1.5765066510379029
      ],
      [
        0.0,
        0.0,
        0.0,
        1.0
      ]
    ],
    "location": [
      59.494624501738144,
      -2.3682864600241373,
      1.5765066510379029
    ],
    "rotation": [
      0.017663788401422808,
      0.00688299854574522,
      -0.44906747133480585
    ]
  },
  {
    "label_id": "U_5Tgc-tOQ5hbsJrYWX_dg",
    "size": [
      2.473417971553977,
      5.7395499897824545,
      2.0
    ],
    "obj_class": "vehicle",
    "point_num_in_lidar": 263,
    "speed": 0.011269705340757313,
    "if_vehicle": true,
    "motion_state": false,
    "pose": [
      [
        0.8929211812282357,
        0.4502106263128148,
        -0.0014683558816357373,
        54.21368600800588
      ],
      [
        -0.45015548019615537,
        0.8927501680791405,
        -0.0188992339536624,
        -2.6466880038988165
      ],
      [
        -0.007197760994980464,
        0.017536514753209595,
        0.9998203153001891,
        1.2535826233793728
      ],
      [
        0.0,
        0.0,
        0.0,
        1.0
      ]
    ],
    "location": [
      54.21368600800588,
      -2.6466880038988165,
      1.2535826233793728
    ],
    "rotation": [
      0.01753786806110812,
      0.007197823146412477,
      -0.4669525103376731
    ]
  },
  {
    "label_id": "_EujTmJf8bwNtKTgC6_tRw",
    "size": [
      2.805716501280093,
      9.357663246581296,
      3.3700000000000045
    ],
    "obj_class": "vehicle",
    "point_num_in_lidar": 178,
    "speed": 0.01078304316983862,
    "if_vehicle": true,
    "motion_state": false,
    "pose": [
      [
        0.026883687306683557,
        0.9996374899371278,
        -0.0014683558816357373,
        41.38098598634815
      ],
      [
        -0.9994607713250754,
        0.026851173870993974,
        -0.0188992339536624,
        19.099132233779073
      ],
      [
        -0.018852955712091325,
        0.0019756451979854816,
        0.9998203153001891,
        1.6899050658340116
      ],
      [
        0.0,
        0.0,
        0.0,
        1.0
      ]
    ],
    "location": [
      41.38098598634815,
      19.099132233779073,
      1.6899050658340116
    ],
    "rotation": [
      0.001975997683189098,
      0.01885407272081283,
      -1.5439046194585457
    ]
  },
  {
    "label_id": "bBpuQJceUOo4TjDNwEZYPA",
    "size": [
      2.130256959517865,
      4.675593737670226,
      2.009999999999991
    ],
    "obj_class": "vehicle",
    "point_num_in_lidar": 147,
    "speed": 0.02141034792961263,
    "if_vehicle": true,
    "motion_state": false,
    "pose": [
      [
        0.907618230425236,
        0.41979398724942235,
        -0.0014683558816357373,
        54.475539833704715
      ],
      [
        -0.41974464882446416,
        0.907445452211422,
        -0.0188992339536624,
        0.042848236158988584
      ],
      [
        -0.00660133191034936,
        0.01776962380130213,
        0.9998203153001891,
        1.1366537170128481
      ],
      [
        0.0,
        0.0,
        0.0,
        1.0
      ]
    ],
    "location": [
      54.475539833704715,
      0.042848236158988584,
      1.1366537170128481
    ],
    "rotation": [
      0.01777094634130979,
      0.006601379856304444,
      -0.4331740438627295
    ]
  },
  {
    "label_id": "bJdt8E68uaS0DfkRbSnNLQ",
    "size": [
      2.0618733121101673,
      4.821125258720578,
      1.6499999999999773
    ],
    "obj_class": "vehicle",
    "point_num_in_lidar": 1865,
    "speed": 0.017728922583094452,
    "if_vehicle": true,
    "motion_state": false,
    "pose": [
      [
        -0.048086248221403234,
        -0.998842107974526,
        -0.0014683558816357373,
        11.885810523842792
      ],
      [
        0.998666118955173,
        -0.0480499927885235,
        -0.0188992339536624,
        6.904833705738383
      ],
      [
        0.018806796191856302,
        -0.0023751905246483453,
        0.9998203153001891,
        0.9073591104952925
      ],
      [
        0.0,
        0.0,
        0.0,
        1.0
      ]
    ],
    "location": [
      11.885810523842792,
      6.904833705738383,
      0.9073591104952925
    ],
    "rotation": [
      -0.0023756129177823367,
      -0.018807905015139605,
      1.6189096419186233
    ]
  },
  {
    "label_id": "gaDcJK-aVJhF5BY-ZhzFPg",
    "size": [
      2.5885603987617793,
      6.17289627131434,
      2.2200000000000273
    ],
    "obj_class": "vehicle",
    "point_num_in_lidar": 404,
    "speed": 0.0031257632115243156,
    "if_vehicle": true,
    "motion_state": false,
    "pose": [
      [
        0.04014349332923332,
        0.9991928461885277,
        -0.0014683558816357373,
        41.67388055773881
      ],
      [
        -0.9990165744846773,
        0.040108638232507224,
        -0.0188992339536624,
        11.280268605315086
      ],
      [
        -0.018825085610089692,
        0.002225593135142629,
        0.9998203153001891,
        1.224579815176014
      ],
      [
        0.0,
        0.0,
        0.0,
        1.0
      ]
    ],
    "location": [
      41.67388055773881,
      11.280268605315086,
      1.224579815176014
    ],
    "rotation": [
      0.002225989435425417,
      0.018826197671822628,
      -1.5306349230309584
    ]
  },
  {
    "label_id": "iao-69Ye3m68p1sAWCZfKg",
    "size": [
      2.112122040256408,
      4.53887100429458,
      1.8500000000000227
    ],
    "obj_class": "vehicle",
    "point_num_in_lidar": 2375,
    "speed": 0.05002598554698089,
    "if_vehicle": true,
    "motion_state": false,
    "pose": [
      [
        0.02930064519129918,
        0.9995695654242271,
        -0.0014683558816357373,
        8.519772360144543
      ],
      [
        -0.9993929259434091,
        0.02926770456042421,
        -0.0188992339536624,
        -17.597437267227633
      ],
      [
        -0.018848123663779845,
        0.00202122422933777,
        0.9998203153001891,
        1.3678535819005333
      ],
      [
        0.0,
        0.0,
        0.0,
        1.0
      ]
    ],
    "location": [
      8.519772360144543,
      -17.597437267227633,
      1.3678535819005333
    ],
    "rotation": [
      0.0020215847237316214,
      0.018849239813755574,
      -1.5414862792366029
    ]
  },
  {
    "label_id": "kCciq8jtEdufyIuvSt-R-Q",
    "size": [
      2.135038233564968,
      5.047466922604698,
      1.5199999999999818
    ],
    "obj_class": "vehicle",
    "point_num_in_lidar": 271,
    "speed": 0.01752835494465706,
    "if_vehicle": true,
    "motion_state": false,
    "pose": [
      [
        0.07252754144639015,
        -0.9973653290859609,
        -0.0014683558816357373,
        52.43076021347633
      ],
      [
        0.9971862551011753,
        0.07254234345028004,
        -0.0188992339536624,
        5.739546275588054
      ],
      [
        0.01895595866833992,
        -9.350932888485199e-05,
        0.9998203153001891,
        0.8583945736750707
      ],
      [
        0.0,
        0.0,
        0.0,
        1.0
      ]
    ],
    "location": [
      52.43076021347633,
      5.739546275588054,
      0.8583945736750707
    ],
    "rotation": [
      -9.352613382748692e-05,
      -0.018957094087562888,
      1.4981919803934345
    ]
  },
  {
    "label_id": "pTCBySy6WZ3NJyU7-hnc2Q",
    "size": [
      2.5899617804956874,
      5.748041104335103,
      2.3000000000000114
    ],
    "obj_class": "vehicle",
    "point_num_in_lidar": 451,
    "speed": 0.031809396790652235,
    "if_vehicle": true,
    "motion_state": false,
    "pose": [
      [
        -0.852073180901036,
        -0.5234206131976418,
        -0.0014683558816357373,
        52.28359036520169
      ],
      [
        0.5233513366170405,
        -0.8519073878169634,
        -0.0188992339536624,
        -4.969678781737912
      ],
      [
        0.00864134540148169,
        -0.016871996404773538,
        0.9998203153001891,
        1.2647009592950553
      ],
      [
        0.0,
        0.0,
        0.0,
        1.0
      ]
    ],
    "location": [
      52.28359036520169,
      -4.969678781737912,
      1.2647009592950553
    ],
    "rotation": [
      -0.01687342704806837,
      -0.008641452950744345,
      2.5907905452080167
    ]
  },
  {
    "label_id": "rBcbIMFHFDHbMVr-oyIhrA",
    "size": [
      0.5977860839048001,
      1.1959041209712264,
      1.1000000000000227
    ],
    "obj_class": "cyclist",
    "point_num_in_lidar": 399,
    "speed": 0.052674104380170485,
    "if_vehicle": false,
    "motion_state": false,
    "pose": [
      [
        0.4754294507785427,
        0.8797526250392312,
        -0.0014683558816357373,
        11.845481311597268
      ],
      [
        -0.8796096370001965,
        0.4753206343641601,
        -0.0188992339536624,
        -12.94037996861016
      ],
      [
        -0.01592871083283362,
        0.010276832402757615,
        0.9998203153001891,
        0.7943271919128279
      ],
      [
        0.0,
        0.0,
        0.0,
        1.0
      ]
    ],
    "location": [
      11.845481311597268,
      -12.94037996861016,
      0.7943271919128279
    ],
    "rotation": [
      0.010278317362009518,
      0.015929384492002024,
      -1.0752756386299995
    ]
  },
  {
    "label_id": "tz2RhKx6kf8FueDYjfUrGQ",
    "size": [
      2.336093304195628,
      5.4823868462221625,
      2.1999999999999886
    ],
    "obj_class": "vehicle",
    "point_num_in_lidar": 3143,
    "speed": 0.025443287384059855,
    "if_vehicle": true,
    "motion_state": false,
    "pose": [
      [
        0.06719722291189387,
        0.9977386316886473,
        -0.0014683558816357373,
        23.68566862994794
      ],
      [
        -0.9975633689143563,
        0.06715760534894599,
        -0.0188992339536624,
        -11.32223008579922
      ],
      [
        -0.018757884560080047,
        0.002734754076898041,
        0.9998203153001891,
        1.2691960256519224
      ],
      [
        0.0,
        0.0,
        0.0,
        1.0
      ]
    ],
    "location": [
      23.68566862994794,
      -11.32223008579922,
      1.2691960256519224
    ],
    "rotation": [
      0.0027352387373969903,
      0.01875898475364264,
      -1.5035365778475558
    ]
  }
]