[
  {
    "label_id": "_EujTmJf8bwNtKTgC6_tRw",
    "size": [
      2.805716501280025,
      9.357663246581296,
      3.3700000000000045
    ],
    "obj_class": "vehicle",
    "point_num_in_lidar": 19223,
    "speed": 0.04948666199482128,
    "if_vehicle": true,
    "motion_state": false,
    "pose": [
      [
        0.033436319202112985,
        0.9989971317195179,
        0.02977823658967362,
        41.427696310996
      ],
      [
        -0.9994403782727153,
        0.03345040578217115,
        2.5121707991558303e-05,
        19.145113809387112
      ],
      [
        -0.0009709975831746165,
        -0.029762412018925117,
        0.9995565296642852,
        1.692169481929227
      ],
      [
        0.0,
        0.0,
        0.0,
        1.0
      ]
    ],
    "location": [
      41.427696310996,
      19.145113809387112,
      1.692169481929227
    ],
    "rotation": [
      -0.02976682173797939,
      0.0009709977357566438,
      -1.5373537584541568
    ]
  },
  {
    "label_id": "dLWsp-L7X2eBuheHGqxkrQ",
    "size": [
      1.9919397396317036,
      4.414554076291429,
      1.7699999999999818
    ],
    "obj_class": "vehicle",
    "point_num_in_lidar": 69,
    "speed": 0.012804508162319365,
    "if_vehicle": true,
    "motion_state": false,
    "pose": [
      [
        0.4693425393617472,
        -0.8825139304119092,
        0.02977823658967362,
        47.248475336503816
      ],
      [
        0.8829051208231782,
        0.46955143168039537,
        2.5121707991558303e-05,
        85.14055767424179
      ],
      [
        -0.01400458388085707,
        0.026279566887885106,
        0.9995565296642852,
        1.4059034786611733
      ],
      [
        0.0,
        0.0,
        0.0,
        1.0
      ]
    ],
    "location": [
      47.248475336503816,
      85.14055767424179,
      1.4059034786611733
    ],
    "rotation": [
      0.02628517102897029,
      0.014005041703965423,
      1.082198126962971
    ]
  },
  {
    "label_id": "gaDcJK-aVJhF5BY-ZhzFPg",
    "size": [
      2.588560398761781,
      6.17289627131434,
      2.2200000000000273
    ],
    "obj_class": "vehicle",
    "point_num_in_lidar": 8687,
    "speed": 0.028289113833794916,
    "if_vehicle": true,
    "motion_state": false,
    "pose": [
      [
        0.04012573415039137,
        0.9987508108054288,
        0.02977823658967362,
        41.765939211706154
      ],
      [
        -0.9991939530829589,
        0.040142788783910165,
        2.5121707991558303e-05,
        11.335903806294027
      ],
      [
        -0.001170291135551187,
        -0.02975524196085186,
        0.9995565296642852,
        1.0468739806809708
      ],
      [
        0.0,
        0.0,
        0.0,
        1.0
      ]
    ],
    "location": [
      41.765939211706154,
      11.335903806294027,
      1.0468739806809708
    ],
    "rotation": [
      -0.029759654851327717,
      0.001170291402686169,
      -1.5306597897651504
    ]
  },
  {
    "label_id": "mPXHOCaID-XFTqY0OH397w",
    "size": [
      2.150079157159684,
      4.74676163231082,
      2.1399999999999864
    ],
    "obj_class": "vehicle",
    "point_num_in_lidar": 106,
    "speed": 0.021351158608025892,
    "if_vehicle": true,
    "motion_state": false,
    "pose": [
      [
        0.024227740668550102,
        0.9992628649197901,
        0.02977823658967362,
        -11.690876655293323
      ],
      [
        -0.999706222475026,
        0.024237741512230418,
        2.5121707991558303e-05,
        -12.419641509902704
      ],
      [
        -0.0006966540112512279,
        -0.029770097055256583,
        0.9995565296642852,
        1.0793115354845213
      ],
      [
        0.0,
        0.0,
        0.0,
        1.0
      ]
    ],
    "location": [
      -11.690876655293323,
      -12.419641509902704,
      1.0793115354845213
    ],
    "rotation": [
      -0.0297745033717106,
      0.000696654067602052,
      -1.546566209405468
    ]
  },
  {
    "label_id": "mXlqoSS9QQPj-Kfg45y0sA",
    "size": [
      2.0420233218085357,
      4.450866263378696,
      1.6299999999999955
    ],
    "obj_class": "vehicle",
    "point_num_in_lidar": 4419,
    "speed": 0.04924760077284547,
    "if_vehicle": true,
    "motion_state": false,
    "pose": [
      [
        0.9991918948404089,
        -0.026996553684545153,
        0.02977823658967362,
        54.5333985748307
      ],
      [
        0.027007783010824706,
        0.9996352229817336,
        2.5121707991558303e-05,
        16.12781808824866
      ],
      [
        -0.029768052372859642,
        0.0007791427452491928,
        0.9995565296642852,
        0.8759034786611437
      ],
      [
        0.0,
        0.0,
        0.0,
        1.0
      ]
    ],
    "location": [
      54.5333985748307,
      16.12781808824866,
      0.8759034786611437
    ],
    "rotation": [
      0.0007794882673699165,
      0.0297724505553954,
      0.027023046054035705
    ]
  },
  {
    "label_id": "y9WVnbYRiMEkmJ-hLwmHwQ",
    "size": [
      1.9528716444822107,
      4.39227615042644,
      1.759999999999991
    ],
    "obj_class": "vehicle",
    "point_num_in_lidar": 100,
    "speed": 0.02466510706887533,
    "if_vehicle": true,
    "motion_state": false,
    "pose": [
      [
        -0.030849215244815018,
        0.9990803684110645,
        0.02977823658967362,
        40.417978563506495
      ],
      [
        -0.9995236037601747,
        -0.030863650062382144,
        2.5121707991558303e-05,
        56.610190346114905
      ],
      [
        0.0009441636788538317,
        -0.02976327536475652,
        0.9995565296642852,
        1.0406153224553236
      ],
      [
        0.0,
        0.0,
        0.0,
        1.0
      ]
    ],
    "location": [
      40.417978563506495,
      56.610190346114905,
      1.0406153224553236
    ],
    "rotation": [
      -0.029767684701733986,
      -0.0009441638191322281,
      -1.6016504509595475
    ]
  }
]