[
  {
    "label_id": "-p3GvvA-sgqoIf7veEKtKg",
    "size": [
      2.100282460757596,
      4.506576856352175,
      1.8700000000000045
    ],
    "obj_class": "vehicle",
    "point_num_in_lidar": 2596,
    "speed": 0.018144787778431943,
    "if_vehicle": true,
    "motion_state": false,
    "pose": [
      [
        0.6528464944867476,
        0.7574865781906324,
        0.0023534012433693106,
        49.09760863366773
      ],
      [
        -0.7571825792349415,
        0.6526667299621478,
        -0.026470385407819326,
        -8.201761205707498
      ],
      [
        -0.021586948359755005,
        0.015499143897778907,
        0.9996468277341499,
        0.9662145765692571
      ],
      [
        0.0,
        0.0,
        0.0,
        1.0
      ]
    ],
    "location": [
      49.09760863366773,
      -8.201761205707498,
      0.9662145765692571
    ],
    "rotation": [
      0.015503377476737256,
      0.021588625284579905,
      -0.8592592516940999
    ]
  },
  {
    "label_id": "9pLXtlW92jkIDAnlQkn0dg",
    "size": [
      2.1279412710348007,
      4.671806951627692,
      1.6999999999999886
    ],
    "obj_class": "vehicle",
    "point_num_in_lidar": 2263,
    "speed": 0.016744008760799334,
    "if_vehicle": true,
    "motion_state": false,
    "pose": [
      [
        0.6061335516512972,
        0.7953594024497177,
        0.0023534012433693106,
        46.09021965216698
      ],
      [
        -0.7950451475678368,
        0.6059723855302303,
        -0.026470385407819326,
        -10.733116452539889
      ],
      [
        -0.022479566086131213,
        0.014173528481999313,
        0.9996468277341499,
        0.9041324210364223
      ],
      [
        0.0,
        0.0,
        0.0,
        1.0
      ]
    ],
    "location": [
      46.09021965216698,
      -10.733116452539889,
      0.9041324210364223
    ],
    "rotation": [
      0.014177585954390004,
      0.02248145978664975,
      -0.9194133919180475
    ]
  },
  {
    "label_id": "OTlTr3XwDdud2Dgf1nIesQ",
    "size": [
      2.6956112774539873,
      6.038662456016443,
      2.420000000000016
    ],
    "obj_class": "vehicle",
    "point_num_in_lidar": 521,
    "speed": 0.01828350849081565,
    "if_vehicle": true,
    "motion_state": false,
    "pose": [
      [
        0.9008294659447188,
        0.4341667131279648,
        0.0023534012433693106,
        59.46060755700137
      ],
      [
        -0.4339596634045231,
        0.900543352223642,
        -0.026470385407819326,
        -2.361618481161713
      ],
      [
        -0.013611900072574443,
        0.022824021938848426,
        0.9996468277341499,
        1.4177846487673946
      ],
      [
        0.0,
        0.0,
        0.0,
        1.0
      ]
    ],
    "location": [
      59.46060755700137,
      -2.361618481161713,
      1.4177846487673946
    ],
    "rotation": [
      0.02282811935189105,
      0.013612320451774265,
      -0.44892785211694924
    ]
  },
  {
    "label_id": "RyC6A2S0_qzyhiw5bvAnLg",
    "size": [
      2.1975047633842535,
      4.391386662060993,
      1.8999999999999773
    ],
    "obj_class": "vehicle",
    "point_num_in_lidar": 26,
    "speed": 0.015375853938854638,
    "if_vehicle": true,
    "motion_state": false,
    "pose": [
      [
        0.9157559642527415,
        0.4017281113366594,
        0.0023534012433693106,
        59.245214650089565
      ],
      [
        -0.401531408571159,
        0.9154626407599725,
        -0.026470385407819326,
        -5.082955944971673
      ],
      [
        -0.012788348853259397,
        0.023295448797096083,
        0.9996468277341499,
        1.1389273486384468
      ],
      [
        0.0,
        0.0,
        0.0,
        1.0
      ]
    ],
    "location": [
      59.245214650089565,
      -5.082955944971673,
      1.1389273486384468
    ],
    "rotation": [
      0.02329946194092627,
      0.012788697450654552,
      -0.41322421555067174
    ]
  },
  {
    "label_id": "U_5Tgc-tOQ5hbsJrYWX_dg",
    "size": [
      2.4734179715539777,
      5.7395499897824545,
      2.0
    ],
    "obj_class": "vehicle",
    "point_num_in_lidar": 1318,
    "speed": 0.014101048919377988,
    "if_vehicle": true,
    "motion_state": false,
    "pose": [
      [
        0.8929196711027132,
        0.45020986490792314,
        0.0023534012433693106,
        54.25160445153233
      ],
      [
        -0.44999773075914407,
        0.8926373065293555,
        -0.026470385407819326,
        -2.6519492107436236
      ],
      [
        -0.014017962385579013,
        0.02257690261323015,
        0.9996468277341499,
        1.0792719288527906
      ],
      [
        0.0,
        0.0,
        0.0,
        1.0
      ]
    ],
    "location": [
      54.25160445153233,
      -2.6519492107436236,
      1.0792719288527906
    ],
    "rotation": [
      0.022581040133619328,
      0.01401842152208661,
      -0.46681231490845654
    ]
  },
  {
    "label_id": "_EujTmJf8bwNtKTgC6_tRw",
    "size": [
      2.8057165012806546,
      9.357663246581296,
      3.3700000000000045
    ],
    "obj_class": "vehicle",
    "point_num_in_lidar": 1997,
    "speed": 0.0383713751404236,
    "if_vehicle": true,
    "motion_state": false,
    "pose": [
      [
        0.029653715645420565,
        0.9995574614053003,
        0.0023534012433693106,
        41.37710969563659
      ],
      [
        -0.9992081322522608,
        0.02970567517007596,
        -0.026470385407819326,
        19.110986499324554
      ],
      [
        -0.02652858061354017,
        -0.0015665923789190326,
        0.9996468277341499,
        1.6940242466450854
      ],
      [
        0.0,
        0.0,
        0.0,
        1.0
      ]
    ],
    "location": [
      41.37710969563659,
      19.110986499324554,
      1.6940242466450854
    ],
    "rotation": [
      -0.0015671445684302448,
      0.02653169324975755,
      -1.5411278187269482
    ]
  },
  {
    "label_id": "bBpuQJceUOo4TjDNwEZYPA",
    "size": [
      2.130256959517862,
      4.675593737670226,
      2.009999999999991
    ],
    "obj_class": "vehicle",
    "point_num_in_lidar": 793,
    "speed": 0.023840385339545713,
    "if_vehicle": true,
    "motion_state": false,
    "pose": [
      [
        0.907616695443782,
        0.4197932772857338,
        0.0023534012433693106,
        54.44016948189983
      ],
      [
        -0.4195908014658578,
        0.9073273268350296,
        -0.026470385407819326,
        0.11569826431605179
      ],
      [
        -0.013247395100481448,
        0.023037498217092205,
        0.9996468277341499,
        1.0556908173609258
      ],
      [
        0.0,
        0.0,
        0.0,
        1.0
      ]
    ],
    "location": [
      54.44016948189983,
      0.11569826431605179,
      1.0556908173609258
    ],
    "rotation": [
      0.023041558739899902,
      0.01324778260298855,
      -0.43303503826880557
    ]
  },
  {
    "label_id": "gaDcJK-aVJhF5BY-ZhzFPg",
    "size": [
      2.5885603987617807,
      6.17289627131434,
      2.2200000000000273
    ],
    "obj_class": "vehicle",
    "point_num_in_lidar": 2263,
    "speed": 0.02224357136779943,
    "if_vehicle": true,
    "motion_state": false,
    "pose": [
      [
        0.04014342543778223,
        0.9991911563343168,
        0.0023534012433693106,
        41.70377889062456
      ],
      [
        -0.9988413010573103,
        0.04019171554563481,
        -0.026470385407819326,
        11.2896950931854
      ],
      [
        -0.026543562237592255,
        -0.0012880624169087395,
        0.9996468277341499,
        1.073122307793085
      ],
      [
        0.0,
        0.0,
        0.0,
        1.0
      ]
    ],
    "location": [
      41.70377889062456,
      11.2896950931854,
      1.073122307793085
    ],
    "rotation": [
      -0.0012885167724506267,
      0.026546680151350442,
      -1.5306279510764174
    ]
  },
  {
    "label_id": "kCciq8jtEdufyIuvSt-R-Q",
    "size": [
      2.13503823356497,
      5.047466922604698,
      1.5199999999999818
    ],
    "obj_class": "vehicle",
    "point_num_in_lidar": 1081,
    "speed": 0.016519788368604477,
    "if_vehicle": true,
    "motion_state": false,
    "pose": [
      [
        0.07252741878641236,
        -0.9973636423224821,
        0.0023534012433693106,
        52.4139029006501
      ],
      [
        0.9970214412730344,
        0.07244007411787118,
        -0.026470385407819326,
        5.793333477973647
      ],
      [
        0.026230119443523797,
        0.004266220227468471,
        0.9996468277341499,
        0.7299850179055625
      ],
      [
        0.0,
        0.0,
        0.0,
        1.0
      ]
    ],
    "location": [
      52.4139029006501,
      5.793333477973647,
      0.7299850179055625
    ],
    "rotation": [
      0.0042677015606508075,
      -0.026233128179298154,
      1.4981801429674173
    ]
  },
  {
    "label_id": "mXlqoSS9QQPj-Kfg45y0sA",
    "size": [
      2.042023321808534,
      4.450866263378696,
      1.6299999999999955
    ],
    "obj_class": "vehicle",
    "point_num_in_lidar": 248,
    "speed": 0.022020225922801305,
    "if_vehicle": true,
    "motion_state": false,
    "pose": [
      [
        0.9996324348416123,
        -0.0270084563649546,
        0.0023534012433693106,
        54.55747773648909
      ],
      [
        0.027061340146684206,
        0.9992832444136283,
        -0.026470385407819326,
        16.072112373141863
      ],
      [
        -0.0016367901806305315,
        0.026524342007962762,
        0.9996468277341499,
        1.0072686541985831
      ],
      [
        0.0,
        0.0,
        0.0,
        1.0
      ]
    ],
    "location": [
      54.55747773648909,
      16.072112373141863,
      1.0072686541985831
    ],
    "rotation": [
      0.026527488695160074,
      0.0016367909114806238,
      0.027064680408053564
    ]
  },
  {
    "label_id": "or5bnihWtNQG6Xa0s1S9Fw",
    "size": [
      0.30625508978341087,
      0.062424291648593824,
      0.2400000000000091
    ],
    "obj_class": "sign",
    "point_num_in_lidar": 30,
    "speed": 0.011966555854725664,
    "if_vehicle": false,
    "motion_state": false,
    "pose": [
      [
        -0.6976505378563457,
        -0.716434357447589,
        0.0023534012433693106,
        44.84296442086179
      ],
      [
        0.7161418386061774,
        -0.6974526404668099,
        -0.026470385407819326,
        -15.697268894217359
      ],
      [
        0.02060567947230687,
        -0.01678170952362535,
        0.9996468277341499,
        1.0290231845536937
      ],
      [
        0.0,
        0.0,
        0.0,
        1.0
      ]
    ],
    "location": [
      44.84296442086179,
      -15.697268894217359,
      1.0290231845536937
    ],
    "rotation": [
      -0.01678606166091118,
      -0.020607137925722867,
      2.343116016468027
    ]
  },
  {
    "label_id": "pTCBySy6WZ3NJyU7-hnc2Q",
    "size": [
      2.589961780495689,
      5.748041104335103,
      2.3000000000000114
    ],
    "obj_class": "vehicle",
    "point_num_in_lidar": 2661,
    "speed": 0.006745771545878748,
    "if_vehicle": true,
    "motion_state": false,
    "pose": [
      [
        -0.8520717398584392,
        -0.523419727978608,
        0.0023534012433693106,
        52.264660696469036
      ],
      [
        0.5231846881221451,
        -0.8518081361497407,
        -0.026470385407819326,
        -4.984450242194271
      ],
      [
        0.0158597682563766,
        -0.021323403853625612,
        0.9996468277341499,
        1.140490938287428
      ],
      [
        0.0,
        0.0,
        0.0,
        1.0
      ]
    ],
    "location": [
      52.264660696469036,
      -4.984450242194271,
      1.140490938287428
    ],
    "rotation": [
      -0.02132770297669448,
      -0.015860433205508027,
      2.5909318107913846
    ]
  }
]