[
  {
    "label_id": "_EujTmJf8bwNtKTgC6_tRw",
    "size": [
      2.8057165012804153,
      9.357663246581296,
      3.3700000000000045
    ],
    "obj_class": "vehicle",
    "point_num_in_lidar": 35862,
    "speed": 0.035725911197746825,
    "if_vehicle": true,
    "motion_state": false,
    "pose": [
      [
        0.03415115689151405,
        0.9991072800402333,
        0.02486647247958377,
        41.44973137997749
      ],
      [
        -0.9994151767752377,
        0.03418367429175235,
        -0.0008836533457081191,
        19.1718778605059
      ],
      [
        -0.0017328918867558058,
        -0.02482175220491281,
        0.999690390922703,
        1.6883269429956727
      ],
      [
        0.0,
        0.0,
        0.0,
        1.0
      ]
    ],
    "location": [
      41.44973137997749,
      19.1718778605059,
      1.6883269429956727
    ],
    "rotation": [
      -0.024824339052660915,
      0.0017328927540446132,
      -1.5366384766859893
    ]
  },
  {
    "label_id": "dLWsp-L7X2eBuheHGqxkrQ",
    "size": [
      1.9919397396317082,
      4.414554076291429,
      1.7699999999999818
    ],
    "obj_class": "vehicle",
    "point_num_in_lidar": 99,
    "speed": 0.020589649460950953,
    "if_vehicle": true,
    "motion_state": false,
    "pose": [
      [
        0.4694055772501333,
        -0.8826324617828709,
        0.02486647247958377,
        47.255479470079536
      ],
      [
        0.8829154483916298,
        0.4695311812309931,
        -0.0008836533457081191,
        85.15460037882985
      ],
      [
        -0.010895643068501921,
        0.022369784508060958,
        0.999690390922703,
        1.4059034786611733
      ],
      [
        0.0,
        0.0,
        0.0,
        1.0
      ]
    ],
    "location": [
      47.255479470079536,
      85.15460037882985,
      1.4059034786611733
    ],
    "rotation": [
      0.022372978860935748,
      0.010895858659465964,
      1.0821473096559044
    ]
  },
  {
    "label_id": "mXlqoSS9QQPj-Kfg45y0sA",
    "size": [
      2.042023321808535,
      4.450866263378696,
      1.6299999999999955
    ],
    "obj_class": "vehicle",
    "point_num_in_lidar": 4630,
    "speed": 0.050159257634420466,
    "if_vehicle": true,
    "motion_state": false,
    "pose": [
      [
        0.9993260973510656,
        -0.027000179619966307,
        0.02486647247958377,
        54.53203340677237
      ],
      [
        0.027030492727140573,
        0.9996342189119439,
        -0.0008836533457081191,
        16.14935689079539
      ],
      [
        -0.02483351799516817,
        0.001555210852886737,
        0.999690390922703,
        0.8759034786611437
      ],
      [
        0.0,
        0.0,
        0.0,
        1.0
      ]
    ],
    "location": [
      54.53203340677237,
      16.14935689079539,
      0.8759034786611437
    ],
    "rotation": [
      0.0015556912543927461,
      0.02483607119051015,
      0.02704212724439314
    ]
  },
  {
    "label_id": "y9WVnbYRiMEkmJ-hLwmHwQ",
    "size": [
      1.9528716444822094,
      4.39227615042644,
      1.759999999999991
    ],
    "obj_class": "vehicle",
    "point_num_in_lidar": 154,
    "speed": 0.02466510686379075,
    "if_vehicle": true,
    "motion_state": false,
    "pose": [
      [
        -0.030853358635247394,
        0.9992145559424896,
        0.02486647247958377,
        40.43694282151273
      ],
      [
        -0.9995239150677202,
        -0.030840920292059933,
        -0.0008836533457081191,
        56.621644200148694
      ],
      [
        -0.00011605438975128872,
        -0.02488189760030166,
        0.999690390922703,
        1.0431178944956514
      ],
      [
        0.0,
        0.0,
        0.0,
        1.0
      ]
    ],
    "location": [
      40.43694282151273,
      56.621644200148694,
      1.0431178944956514
    ],
    "rotation": [
      -0.024884465917208512,
      0.00011605439001180417,
      -1.6016545827743602
    ]
  }
]