[
  {
    "label_id": "-p3GvvA-sgqoIf7veEKtKg",
    "size": [
      2.100282460757596,
      4.506576856352175,
      1.8700000000000045
    ],
    "obj_class": "vehicle",
    "point_num_in_lidar": 2889,
    "speed": 0.015407873922777192,
    "if_vehicle": true,
    "motion_state": false,
    "pose": [
      [
        0.6527603120139113,
        0.7573865821471536,
        0.01641768080315305,
        49.11929581607001
      ],
      [
        -0.7571731745384734,
        0.6529663798969118,
        -0.017991400269362006,
        -8.207281624383086
      ],
      [
        -0.024346638758391336,
        -0.0006869554388868402,
        0.9997033406333068,
        0.9323572516266836
      ],
      [
        0.0,
        0.0,
        0.0,
        1.0
      ]
    ],
    "location": [
      49.11929581607001,
      -8.207281624383086,
      0.9323572516266836
    ],
    "rotation": [
      -0.0006871591829708951,
      0.024349044681011425,
      -0.8593183990494833
    ]
  },
  {
    "label_id": "9pLXtlW92jkIDAnlQkn0dg",
    "size": [
      2.1279412710347994,
      4.671806951627692,
      1.6999999999999886
    ],
    "obj_class": "vehicle",
    "point_num_in_lidar": 2638,
    "speed": 0.015396715440165165,
    "if_vehicle": true,
    "motion_state": false,
    "pose": [
      [
        0.606053535768864,
        0.7952544068026937,
        0.01641768080315305,
        46.09411842344525
      ],
      [
        -0.7950537718050917,
        0.6062720589428848,
        -0.017991400269362006,
        -10.749642770687387
      ],
      [
        -0.024261321492355978,
        -0.002149187300159146,
        0.9997033406333068,
        0.8593878628973357
      ],
      [
        0.0,
        0.0,
        0.0,
        1.0
      ]
    ],
    "location": [
      46.09411842344525,
      -10.749642770687387,
      0.8593878628973357
    ],
    "rotation": [
      -0.0021498217539277823,
      0.02426370220603318,
      -0.9194822732729008
    ]
  },
  {
    "label_id": "OTlTr3XwDdud2Dgf1nIesQ",
    "size": [
      2.6956112774539873,
      6.038662456016443,
      2.420000000000016
    ],
    "obj_class": "vehicle",
    "point_num_in_lidar": 1570,
    "speed": 0.04810188540922847,
    "if_vehicle": true,
    "motion_state": false,
    "pose": [
      [
        0.900710547161155,
        0.4341093986424374,
        0.01641768080315305,
        59.531382193847094
      ],
      [
        -0.4338315018320876,
        0.9008143746269056,
        -0.017991400269362006,
        -2.3519735373788535
      ],
      [
        -0.022599518817184597,
        0.00908253686138068,
        0.9997033406333068,
        1.3790791156037017
      ],
      [
        0.0,
        0.0,
        0.0,
        1.0
      ]
    ],
    "location": [
      59.531382193847094,
      -2.3519735373788535,
      1.3790791156037017
    ],
    "rotation": [
      0.009084982123569452,
      0.022601442999241245,
      -0.44886398412372946
    ]
  },
  {
    "label_id": "RyC6A2S0_qzyhiw5bvAnLg",
    "size": [
      2.1975047633842544,
      4.391386662060993,
      1.8999999999999773
    ],
    "obj_class": "vehicle",
    "point_num_in_lidar": 333,
    "speed": 0.04600562948365759,
    "if_vehicle": true,
    "motion_state": false,
    "pose": [
      [
        0.9156350750174012,
        0.4016750790812445,
        0.01641768080315305,
        59.25538689586256
      ],
      [
        -0.4013936525465555,
        0.9157289146967473,
        -0.017991400269362006,
        -5.096190029888021
      ],
      [
        -0.022260842149687272,
        0.009883604271384301,
        0.9997033406333068,
        1.1389273486384468
      ],
      [
        0.0,
        0.0,
        0.0,
        1.0
      ]
    ],
    "location": [
      59.25538689586256,
      -5.096190029888021,
      1.1389273486384468
    ],
    "rotation": [
      0.009886215108834893,
      0.022262681101644102,
      -0.41314657988900255
    ]
  },
  {
    "label_id": "U_5Tgc-tOQ5hbsJrYWX_dg",
    "size": [
      2.473417971553977,
      5.7395499897824545,
      2.0
    ],
    "obj_class": "vehicle",
    "point_num_in_lidar": 3536,
    "speed": 0.044467266800188705,
    "if_vehicle": true,
    "motion_state": false,
    "pose": [
      [
        0.8928017964936759,
        0.4501504325608394,
        0.01641768080315305,
        54.24783922109145
      ],
      [
        -0.4498744373078264,
        0.8929105779266556,
        -0.017991400269362006,
        -2.6147779045768402
      ],
      [
        -0.02275835746778726,
        0.008676859568705219,
        0.9997033406333068,
        1.038439552891532
      ],
      [
        0.0,
        0.0,
        0.0,
        1.0
      ]
    ],
    "location": [
      54.24783922109145,
      -2.6147779045768402,
      1.038439552891532
    ],
    "rotation": [
      0.008679216466002688,
      0.022760322513853147,
      -0.4667552466801828
    ]
  },
  {
    "label_id": "_EujTmJf8bwNtKTgC6_tRw",
    "size": [
      2.805716501280154,
      9.357663246581296,
      3.3700000000000045
    ],
    "obj_class": "vehicle",
    "point_num_in_lidar": 1888,
    "speed": 0.021316181220548677,
    "if_vehicle": true,
    "motion_state": false,
    "pose": [
      [
        0.03078488878334218,
        0.9993911898649313,
        0.01641768080315305,
        41.42537176847782
      ],
      [
        -0.999354984342593,
        0.0310793305263052,
        -0.017991400269362006,
        19.122052914469805
      ],
      [
        -0.01849069745069051,
        -0.015853227885627805,
        0.9997033406333068,
        1.6957124742104384
      ],
      [
        0.0,
        0.0,
        0.0,
        1.0
      ]
    ],
    "location": [
      41.42537176847782,
      19.122052914469805,
      1.6957124742104384
    ],
    "rotation": [
      -0.015856603204334994,
      0.01849175129257512,
      -1.540001306801397
    ]
  },
  {
    "label_id": "bBpuQJceUOo4TjDNwEZYPA",
    "size": [
      2.130256959517863,
      4.675593737670226,
      2.009999999999991
    ],
    "obj_class": "vehicle",
    "point_num_in_lidar": 2494,
    "speed": 0.021977253719185057,
    "if_vehicle": true,
    "motion_state": false,
    "pose": [
      [
        0.9074968806758986,
        0.41973786024203213,
        0.01641768080315305,
        54.42567310369941
      ],
      [
        -0.41945834821255584,
        0.9075962778852401,
        -0.017991400269362006,
        0.145555517811772
      ],
      [
        -0.022452297840269596,
        0.009440606352265976,
        0.9997033406333068,
        1.0225085402931313
      ],
      [
        0.0,
        0.0,
        0.0,
        1.0
      ]
    ],
    "location": [
      54.42567310369941,
      0.145555517811772,
      1.0225085402931313
    ],
    "rotation": [
      0.009443127128082627,
      0.022454184656792713,
      -0.43296507088333663
    ]
  },
  {
    "label_id": "gaDcJK-aVJhF5BY-ZhzFPg",
    "size": [
      2.5885603987617825,
      6.17289627131434,
      2.2200000000000273
    ],
    "obj_class": "vehicle",
    "point_num_in_lidar": 3715,
    "speed": 0.022243570995346868,
    "if_vehicle": true,
    "motion_state": false,
    "pose": [
      [
        0.04013812609145578,
        0.9990592527928022,
        0.01641768080315305,
        41.73263554511868
      ],
      [
        -0.9990202927980639,
        0.04043221604139774,
        -0.017991400269362006,
        11.300931953437612
      ],
      [
        -0.018638278126936816,
        -0.01567945519045761,
        0.9997033406333068,
        1.0468739806810277
      ],
      [
        0.0,
        0.0,
        0.0,
        1.0
      ]
    ],
    "location": [
      41.73263554511868,
      11.300931953437612,
      1.0468739806810277
    ],
    "rotation": [
      -0.015682822166708455,
      0.018639357406648287,
      -1.530640436191029
    ]
  },
  {
    "label_id": "kCciq8jtEdufyIuvSt-R-Q",
    "size": [
      2.1350382335649725,
      5.047466922604698,
      1.5199999999999818
    ],
    "obj_class": "vehicle",
    "point_num_in_lidar": 3392,
    "speed": 0.01724472041228435,
    "if_vehicle": true,
    "motion_state": false,
    "pose": [
      [
        0.07251784441885124,
        -0.997231980031672,
        0.01641768080315305,
        52.404700243795105
      ],
      [
        0.9972263545660965,
        0.07222123839399007,
        -0.017991400269362006,
        5.814410747679631
      ],
      [
        0.016755894474997278,
        0.017676841543368974,
        0.9997033406333068,
        0.6747606252633318
      ],
      [
        0.0,
        0.0,
        0.0,
        1.0
      ]
    ],
    "location": [
      52.404700243795105,
      5.814410747679631,
      0.6747606252633318
    ],
    "rotation": [
      0.01768024464100621,
      -0.016756678638228578,
      1.498204562478449
    ]
  },
  {
    "label_id": "mXlqoSS9QQPj-Kfg45y0sA",
    "size": [
      2.042023321808537,
      4.450866263378696,
      1.6299999999999955
    ],
    "obj_class": "vehicle",
    "point_num_in_lidar": 725,
    "speed": 0.023046068478548603,
    "if_vehicle": true,
    "motion_state": false,
    "pose": [
      [
        0.9995004730467819,
        -0.027004890970061944,
        0.01641768080315305,
        54.575491468298424
      ],
      [
        0.0272994675393402,
        0.9994653813856766,
        -0.017991400269362006,
        16.0473067725311
      ],
      [
        -0.015923047802718804,
        0.01843060702415825,
        0.9997033406333068,
        0.9623190286886825
      ],
      [
        0.0,
        0.0,
        0.0,
        1.0
      ]
    ],
    "location": [
      54.575491468298424,
      16.0473067725311,
      0.9623190286886825
    ],
    "rotation": [
      0.01843398794545099,
      0.01592372074358311,
      0.02730632229769406
    ]
  },
  {
    "label_id": "pTCBySy6WZ3NJyU7-hnc2Q",
    "size": [
      2.589961780495689,
      5.748041104335103,
      2.3000000000000114
    ],
    "obj_class": "vehicle",
    "point_num_in_lidar": 4235,
    "speed": 0.00832102239428734,
    "if_vehicle": true,
    "motion_state": false,
    "pose": [
      [
        -0.8519592575977633,
        -0.5233506311742767,
        0.01641768080315305,
        52.25528599634799
      ],
      [
        0.5230847174627415,
        -0.8520907744326723,
        -0.017991400269362006,
        -4.983890370680911
      ],
      [
        0.02340516503662676,
        -0.006740102092319062,
        0.9997033406333068,
        1.0913676182674976
      ],
      [
        0.0,
        0.0,
        0.0,
        1.0
      ]
    ],
    "location": [
      52.25528599634799,
      -4.983890370680911,
      1.0913676182674976
    ],
    "rotation": [
      -0.006742000046671634,
      -0.023407302461962973,
      2.5909581544976086
    ]
  }
]