[
  {
    "label_id": "-p3GvvA-sgqoIf7veEKtKg",
    "size": [
      2.1002824607575943,
      4.506576856352175,
      1.8700000000000045
    ],
    "obj_class": "vehicle",
    "point_num_in_lidar": 1665,
    "speed": 0.01814478793060951,
    "if_vehicle": true,
    "motion_state": false,
    "pose": [
      [
        0.6528482199058224,
        0.7574885801647594,
        0.000502678600996146,
        49.08484556299982
      ],
      [
        -0.7572650149891403,
        0.6526713785920273,
        -0.023869826984699135,
        -8.194958687514827
      ],
      [
        -0.018409205286919073,
        0.015202713138102729,
        0.9997149487098533,
        0.9997356708488496
      ],
      [
        0.0,
        0.0,
        0.0,
        1.0
      ]
    ],
    "location": [
      49.08484556299982,
      -8.194958687514827,
      0.9997356708488496
    ],
    "rotation": [
      0.015205875857582082,
      0.018410245255244054,
      -0.8593117842717232
    ]
  },
  {
    "label_id": "9pLXtlW92jkIDAnlQkn0dg",
    "size": [
      2.1279412710348,
      4.671806951627692,
      1.6999999999999886
    ],
    "obj_class": "vehicle",
    "point_num_in_lidar": 1698,
    "speed": 0.016744008620376307,
    "if_vehicle": true,
    "motion_state": false,
    "pose": [
      [
        0.6061351536119426,
        0.7953615045185747,
        0.000502678600996146,
        46.09330784415897
      ],
      [
        -0.7951277136875056,
        0.6059720705492956,
        -0.023869826984699135,
        -10.720132462316087
      ],
      [
        -0.019289750695814834,
        0.014068647559331404,
        0.9997149487098533,
        0.9399919572082922
      ],
      [
        0.0,
        0.0,
        0.0,
        1.0
      ]
    ],
    "location": [
      46.09330784415897,
      -10.720132462316087,
      0.9399919572082922
    ],
    "rotation": [
      0.01407173011743461,
      0.01929094716446393,
      -0.9194621857889885
    ]
  },
  {
    "label_id": "OTlTr3XwDdud2Dgf1nIesQ",
    "size": [
      2.6956112774539873,
      6.038662456016443,
      2.420000000000016
    ],
    "obj_class": "vehicle",
    "point_num_in_lidar": 317,
    "speed": 0.010164587514319178,
    "if_vehicle": true,
    "motion_state": false,
    "pose": [
      [
        0.9008318467621955,
        0.4341678605945358,
        0.000502678600996146,
        59.46858961118687
      ],
      [
        -0.43403340121248307,
        0.9005805005615235,
        -0.023869826984699135,
        -2.363183118109646
      ],
      [
        -0.01081621426081522,
        0.021284521021613524,
        0.9997149487098533,
        1.4550286644314383
      ],
      [
        0.0,
        0.0,
        0.0,
        1.0
      ]
    ],
    "location": [
      59.46858961118687,
      -2.363183118109646,
      1.4550286644314383
    ],
    "rotation": [
      0.021287373874746673,
      0.010816425170954998,
      -0.44899325401310436
    ]
  },
  {
    "label_id": "U_5Tgc-tOQ5hbsJrYWX_dg",
    "size": [
      2.4734179715539772,
      5.7395499897824545,
      2.0
    ],
    "obj_class": "vehicle",
    "point_num_in_lidar": 817,
    "speed": 0.011269705528658734,
    "if_vehicle": true,
    "motion_state": false,
    "pose": [
      [
        0.8929220310152594,
        0.45021105477521134,
        0.000502678600996146,
        54.24270691316633
      ],
      [
        -0.4500721212214182,
        0.8926731300195909,
        -0.023869826984699135,
        -2.6507146719441153
      ],
      [
        -0.0111951876642283,
        0.021087652766917445,
        0.9997149487098533,
        1.1201738211204315
      ],
      [
        0.0,
        0.0,
        0.0,
        1.0
      ]
    ],
    "location": [
      54.24270691316633,
      -2.6507146719441153,
      1.1201738211204315
    ],
    "rotation": [
      0.02109053788741227,
      0.011195421530385111,
      -0.46687768818008063
    ]
  },
  {
    "label_id": "_EujTmJf8bwNtKTgC6_tRw",
    "size": [
      2.805716501280558,
      9.357663246581296,
      3.3700000000000045
    ],
    "obj_class": "vehicle",
    "point_num_in_lidar": 1760,
    "speed": 0.022665739235368507,
    "if_vehicle": true,
    "motion_state": false,
    "pose": [
      [
        0.02900381592711069,
        0.9995791744408695,
        0.000502678600996146,
        41.39158582019627
      ],
      [
        -0.9992941476025358,
        0.029007549483568044,
        -0.023869826984699135,
        19.093027640229593
      ],
      [
        -0.02387436342580468,
        0.00018999228397571422,
        0.9997149487098533,
        1.6930576835192142
      ],
      [
        0.0,
        0.0,
        0.0,
        1.0
      ]
    ],
    "location": [
      41.39158582019627,
      19.093027640229593,
      1.6930576835192142
    ],
    "rotation": [
      0.00019004645467544866,
      0.023876632013481218,
      -1.541780169999554
    ]
  },
  {
    "label_id": "bBpuQJceUOo4TjDNwEZYPA",
    "size": [
      2.1302569595178644,
      4.675593737670226,
      2.009999999999991
    ],
    "obj_class": "vehicle",
    "point_num_in_lidar": 572,
    "speed": 0.023840385539139593,
    "if_vehicle": true,
    "motion_state": false,
    "pose": [
      [
        0.9076190941993422,
        0.41979438676450853,
        0.000502678600996146,
        54.448469112183375
      ],
      [
        -0.419663939489584,
        0.9073656425343661,
        -0.023869826984699135,
        0.09860405210247336
      ],
      [
        -0.010476532672997836,
        0.021453754664556488,
        0.9997149487098533,
        1.0746887096487399
      ],
      [
        0.0,
        0.0,
        0.0,
        1.0
      ]
    ],
    "location": [
      54.448469112183375,
      0.09860405210247336,
      1.0746887096487399
    ],
    "rotation": [
      0.021456578461649892,
      0.010476724329216777,
      -0.4331004223899751
    ]
  },
  {
    "label_id": "gaDcJK-aVJhF5BY-ZhzFPg",
    "size": [
      2.5885603987617825,
      6.17289627131434,
      2.2200000000000273
    ],
    "obj_class": "vehicle",
    "point_num_in_lidar": 1852,
    "speed": 0.017044407797610628,
    "if_vehicle": true,
    "motion_state": false,
    "pose": [
      [
        0.040143531533522986,
        0.9991937971135735,
        0.000502678600996146,
        41.68725755266087
      ],
      [
        -0.9989087463663684,
        0.04014408788963449,
        -0.023869826984699135,
        11.283261638955992
      ],
      [
        -0.0238707626352242,
        0.0004560891011137474,
        0.9997149487098533,
        1.1533821055488147
      ],
      [
        0.0,
        0.0,
        0.0,
        1.0
      ]
    ],
    "location": [
      41.68725755266087,
      11.283261638955992,
      1.1533821055488147
    ],
    "rotation": [
      0.00045621911531832233,
      0.02387303019641802,
      -1.5306305542480578
    ]
  },
  {
    "label_id": "kCciq8jtEdufyIuvSt-R-Q",
    "size": [
      2.1350382335649685,
      5.047466922604698,
      1.5199999999999818
    ],
    "obj_class": "vehicle",
    "point_num_in_lidar": 774,
    "speed": 0.0165197885061583,
    "if_vehicle": true,
    "motion_state": false,
    "pose": [
      [
        0.07252761047035997,
        -0.997366278271771,
        0.000502678600996146,
        52.41917170976103
      ],
      [
        0.997083099924126,
        0.07249498745027681,
        -0.023869826984699135,
        5.781266081309241
      ],
      [
        0.02377051882384973,
        0.0022324338512879063,
        0.9997149487098533,
        0.7616027113187442
      ],
      [
        0.0,
        0.0,
        0.0,
        1.0
      ]
    ],
    "location": [
      52.41917170976103,
      5.781266081309241,
      0.7616027113187442
    ],
    "rotation": [
      0.0022330666790828088,
      -0.023772757932574155,
      1.498184426480972
    ]
  },
  {
    "label_id": "mXlqoSS9QQPj-Kfg45y0sA",
    "size": [
      2.0420233218085353,
      4.450866263378696,
      1.6299999999999955
    ],
    "obj_class": "vehicle",
    "point_num_in_lidar": 182,
    "speed": 0.022020226107010557,
    "if_vehicle": true,
    "motion_state": false,
    "pose": [
      [
        0.9996350767871314,
        -0.027008527746062563,
        0.000502678600996146,
        54.54716431116549
      ],
      [
        0.027012830228716898,
        0.9993500579690556,
        -0.023869826984699135,
        16.086314355952254
      ],
      [
        0.00014233699536465708,
        0.02387469510245358,
        0.9997149487098533,
        1.0330037218092798
      ],
      [
        0.0,
        0.0,
        0.0,
        1.0
      ]
    ],
    "location": [
      54.54716431116549,
      16.086314355952254,
      1.0330037218092798
    ],
    "rotation": [
      0.023876964026614735,
      -0.0001423369958452774,
      0.027016116760491524
    ]
  },
  {
    "label_id": "pTCBySy6WZ3NJyU7-hnc2Q",
    "size": [
      2.5899617804956896,
      5.748041104335103,
      2.3000000000000114
    ],
    "obj_class": "vehicle",
    "point_num_in_lidar": 1752,
    "speed": 0.006745771375805083,
    "if_vehicle": true,
    "motion_state": false,
    "pose": [
      [
        -0.8520739918132945,
        -0.5234211113334865,
        0.000502678600996146,
        52.270028004814776
      ],
      [
        0.5232618177821605,
        -0.8518376027219211,
        -0.023869826984699135,
        -4.9847707861054005
      ],
      [
        0.012922171902081432,
        -0.02007582624422785,
        0.9997149487098533,
        1.1686155718331293
      ],
      [
        0.0,
        0.0,
        0.0,
        1.0
      ]
    ],
    "location": [
      52.270028004814776,
      -4.9847707861054005,
      1.1686155718331293
    ],
    "rotation": [
      -0.02007885174901383,
      -0.012922531558593152,
      2.5908672554672982
    ]
  }
]