[
  {
    "label_id": "-p3GvvA-sgqoIf7veEKtKg",
    "size": [
      2.1002824607575983,
      4.506576856352175,
      1.8700000000000045
    ],
    "obj_class": "vehicle",
    "point_num_in_lidar": 1364,
    "speed": 0.018144787930906153,
    "if_vehicle": true,
    "motion_state": false,
    "pose": [
      [
        0.65284793076392,
        0.7574882446783768,
        -0.0010669917241937906,
        49.08004807782254
      ],
      [
        -0.7572378640923807,
        0.6525945748872419,
        -0.026667171063861596,
        -8.1924017025176
      ],
      [
        -0.01950375558904407,
        0.018217573982602278,
        0.9996437983182366,
        1.0123358481217792
      ],
      [
        0.0,
        0.0,
        0.0,
        1.0
      ]
    ],
    "location": [
      49.08004807782254,
      -8.1924017025176,
      1.0123358481217792
    ],
    "rotation": [
      0.01822204832264479,
      0.019504992327427584,
      -0.8592942715157255
    ]
  },
  {
    "label_id": "9pLXtlW92jkIDAnlQkn0dg",
    "size": [
      2.127941271034801,
      4.671806951627692,
      1.6999999999999886
    ],
    "obj_class": "vehicle",
    "point_num_in_lidar": 1443,
    "speed": 0.016744009040374954,
    "if_vehicle": true,
    "motion_state": false,
    "pose": [
      [
        0.6061348851589307,
        0.7953611522585389,
        -0.0010669917241937906,
        46.09446865848804
      ],
      [
        -0.7950959952228777,
        0.6058970377613613,
        -0.026667171063861596,
        -10.715251936126151
      ],
      [
        -0.020563544779823622,
        0.017012263517149743,
        0.9996437983182366,
        0.9534711267402258
      ],
      [
        0.0,
        0.0,
        0.0,
        1.0
      ]
    ],
    "location": [
      46.09446865848804,
      -10.715251936126151,
      0.9534711267402258
    ],
    "rotation": [
      0.017016682790310853,
      0.02056499430361086,
      -0.9194431660070568
    ]
  },
  {
    "label_id": "OTlTr3XwDdud2Dgf1nIesQ",
    "size": [
      2.6956112774539878,
      6.038662456016443,
      2.420000000000016
    ],
    "obj_class": "vehicle",
    "point_num_in_lidar": 273,
    "speed": 0.010204786086021898,
    "if_vehicle": true,
    "motion_state": false,
    "pose": [
      [
        0.9008314477900838,
        0.43416766830463327,
        -0.0010669917241937906,
        59.47158996961616
      ],
      [
        -0.43403914313561515,
        0.9004992416507367,
        -0.026667171063861596,
        -2.3637712463714706
      ],
      [
        -0.010617198242593455,
        0.02448574249162614,
        0.9996437983182366,
        1.4690282431984656
      ],
      [
        0.0,
        0.0,
        0.0,
        1.0
      ]
    ],
    "location": [
      59.47158996961616,
      -2.3637712463714706,
      1.4690282431984656
    ],
    "rotation": [
      0.02448957050334181,
      0.010617397723144928,
      -0.44899860030160843
    ]
  },
  {
    "label_id": "U_5Tgc-tOQ5hbsJrYWX_dg",
    "size": [
      2.4734179715539764,
      5.7395499897824545,
      2.0
    ],
    "obj_class": "vehicle",
    "point_num_in_lidar": 696,
    "speed": 0.011269705245847717,
    "if_vehicle": true,
    "motion_state": false,
    "pose": [
      [
        0.89292163554635,
        0.4502108553798897,
        -0.0010669917241937906,
        54.23936243521621
      ],
      [
        -0.4500764087955861,
        0.8925917814057662,
        -0.026667171063861596,
        -2.650250623617012
      ],
      [
        -0.011053461851379627,
        0.024291921805177346,
        0.9996437983182366,
        1.1355483518286178
      ],
      [
        0.0,
        0.0,
        0.0,
        1.0
      ]
    ],
    "location": [
      54.23936243521621,
      -2.650250623617012,
      1.1355483518286178
    ],
    "rotation": [
      0.02429579609574909,
      0.011053686947276486,
      -0.4668816951349289
    ]
  },
  {
    "label_id": "_EujTmJf8bwNtKTgC6_tRw",
    "size": [
      2.8057165012805223,
      9.357663246581296,
      3.3700000000000045
    ],
    "obj_class": "vehicle",
    "point_num_in_lidar": 1380,
    "speed": 0.015637703505001047,
    "if_vehicle": true,
    "motion_state": false,
    "pose": [
      [
        0.028759481035318432,
        0.9995857911051156,
        -0.0010669917241937906,
        41.401863822280575
      ],
      [
        -0.9992316928741325,
        0.02872082769256865,
        -0.026667171063861596,
        19.085741771597895
      ],
      [
        -0.026625480398945574,
        0.0018331059473255707,
        0.9996437983182366,
        1.692694364033514
      ],
      [
        0.0,
        0.0,
        0.0,
        1.0
      ]
    ],
    "location": [
      41.401863822280575,
      19.085741771597895,
      1.692694364033514
    ],
    "rotation": [
      0.0018337570799738549,
      0.0266286272753679,
      -1.5420226760751756
    ]
  },
  {
    "label_id": "bBpuQJceUOo4TjDNwEZYPA",
    "size": [
      2.1302569595178644,
      4.675593737670226,
      2.009999999999991
    ],
    "obj_class": "vehicle",
    "point_num_in_lidar": 472,
    "speed": 0.023840385539110408,
    "if_vehicle": true,
    "motion_state": false,
    "pose": [
      [
        0.9076186922212058,
        0.41979420084051716,
        -0.0010669917241937906,
        54.451588843657646
      ],
      [
        -0.419670972288915,
        0.9072844851564075,
        -0.026667171063861596,
        0.09217854276676007
      ],
      [
        -0.010226658728279834,
        0.02465140838053788,
        0.9996437983182366,
        1.0818297894907118
      ],
      [
        0.0,
        0.0,
        0.0,
        1.0
      ]
    ],
    "location": [
      54.451588843657646,
      0.09217854276676007,
      1.0818297894907118
    ],
    "rotation": [
      0.024655195378468858,
      0.01022683699508445,
      -0.43310697489090094
    ]
  },
  {
    "label_id": "gaDcJK-aVJhF5BY-ZhzFPg",
    "size": [
      2.588560398761781,
      6.17289627131434,
      2.2200000000000273
    ],
    "obj_class": "vehicle",
    "point_num_in_lidar": 1648,
    "speed": 0.01262664468251061,
    "if_vehicle": true,
    "motion_state": false,
    "pose": [
      [
        0.04014351375423384,
        0.9991933545776435,
        -0.0010669917241937906,
        41.6810473798846
      ],
      [
        -0.9988397196042531,
        0.04010082952194218,
        -0.026667171063861596,
        11.280843380677652
      ],
      [
        -0.026602872859162515,
        0.002136267663002419,
        0.9996437983182366,
        1.1862434904913357
      ],
      [
        0.0,
        0.0,
        0.0,
        1.0
      ]
    ],
    "location": [
      41.6810473798846,
      11.280843380677652,
      1.1862434904913357
    ],
    "rotation": [
      0.0021370256230973843,
      0.02660601172470548,
      -1.530627799270159
    ]
  },
  {
    "label_id": "kCciq8jtEdufyIuvSt-R-Q",
    "size": [
      2.135038233564968,
      5.047466922604698,
      1.5199999999999818
    ],
    "obj_class": "vehicle",
    "point_num_in_lidar": 659,
    "speed": 0.01651978850651599,
    "if_vehicle": true,
    "motion_state": false,
    "pose": [
      [
        0.07252757834838751,
        -0.9973658365452364,
        -0.0010669917241937906,
        52.42115219190919
      ],
      [
        0.997009644549441,
        0.07253020517583106,
        -0.026667171063861596,
        5.776730091645277
      ],
      [
        0.02667431450507993,
        0.0008703042989884282,
        0.9996437983182366,
        0.773487423036272
      ],
      [
        0.0,
        0.0,
        0.0,
        1.0
      ]
    ],
    "location": [
      52.42115219190919,
      5.776730091645277,
      0.773487423036272
    ],
    "rotation": [
      0.0008706141933403376,
      -0.02667747873215673,
      1.4981791275842606
    ]
  },
  {
    "label_id": "mXlqoSS9QQPj-Kfg45y0sA",
    "size": [
      2.0420233218085366,
      4.450866263378696,
      1.6299999999999955
    ],
    "obj_class": "vehicle",
    "point_num_in_lidar": 166,
    "speed": 0.02202022610727681,
    "if_vehicle": true,
    "motion_state": false,
    "pose": [
      [
        0.9996346340557616,
        -0.02700851578417521,
        -0.0010669917241937906,
        54.54328761829038
      ],
      [
        0.026970482755714783,
        0.9992804686610133,
        -0.026667171063861596,
        16.09165271094662
      ],
      [
        0.0017864647008074,
        0.026628650505827824,
        0.9996437983182366,
        1.0426772250463614
      ],
      [
        0.0,
        0.0,
        0.0,
        1.0
      ]
    ],
    "location": [
      54.54328761829038,
      16.09165271094662,
      1.0426772250463614
    ],
    "rotation": [
      0.026631841013911896,
      -0.0017864656510460505,
      0.02697379663251984
    ]
  },
  {
    "label_id": "pTCBySy6WZ3NJyU7-hnc2Q",
    "size": [
      2.5899617804956896,
      5.748041104335103,
      2.3000000000000114
    ],
    "obj_class": "vehicle",
    "point_num_in_lidar": 1460,
    "speed": 0.006745771432763433,
    "if_vehicle": true,
    "motion_state": false,
    "pose": [
      [
        -0.8520736144356951,
        -0.5234208795139442,
        -0.0010669917241937906,
        52.27204551164368
      ],
      [
        0.5232592764371896,
        -0.8517561808463027,
        -0.026667171063861596,
        -4.984891274717029
      ],
      [
        0.013049337336401326,
        -0.023280706152725643,
        0.9996437983182366,
        1.179187284243767
      ],
      [
        0.0,
        0.0,
        0.0,
        1.0
      ]
    ],
    "location": [
      52.27204551164368,
      -4.984891274717029,
      1.179187284243767
    ],
    "rotation": [
      -0.02328479262634447,
      -0.013049707716297357,
      2.590869223745882
    ]
  }
]