[
  {
    "label_id": "-p3GvvA-sgqoIf7veEKtKg",
    "size": [
      2.1002824607575934,
      4.506576856352175,
      1.8700000000000045
    ],
    "obj_class": "vehicle",
    "point_num_in_lidar": 1760,
    "speed": 0.018144788233593095,
    "if_vehicle": true,
    "motion_state": false,
    "pose": [
      [
        0.6528482359905948,
        0.7574885988276446,
        0.00045101008887740463,
        49.08644328037781
      ],
      [
        -0.7572420450795735,
        0.6526507042282668,
        -0.025130527930241717,
        -8.19581024603167
      ],
      [
        -0.019330440441797676,
        0.01606489702671763,
        0.9996840766741496,
        0.9955394052121278
      ],
      [
        0.0,
        0.0,
        0.0,
        1.0
      ]
    ],
    "location": [
      49.08644328037781,
      -8.19581024603167,
      0.9955394052121278
    ],
    "rotation": [
      0.016068590795513094,
      0.019331644498763782,
      -0.8592967708777051
    ]
  },
  {
    "label_id": "9pLXtlW92jkIDAnlQkn0dg",
    "size": [
      2.1279412710348002,
      4.671806951627692,
      1.6999999999999886
    ],
    "obj_class": "vehicle",
    "point_num_in_lidar": 1799,
    "speed": 0.01674400876042082,
    "if_vehicle": true,
    "motion_state": false,
    "pose": [
      [
        0.6061351685458053,
        0.7953615241145677,
        0.00045101008887740463,
        46.092921255527926
      ],
      [
        -0.7951035425789796,
        0.6059528142886245,
        -0.025130527930241717,
        -10.721757835030076
      ],
      [
        -0.02026114582902859,
        0.014873897063236843,
        0.9996840766741496,
        0.9355029587844683
      ],
      [
        0.0,
        0.0,
        0.0,
        1.0
      ]
    ],
    "location": [
      46.092921255527926,
      -10.721757835030076,
      0.9355029587844683
    ],
    "rotation": [
      0.014877499800133694,
      0.020262532332613305,
      -0.9194475172162029
    ]
  },
  {
    "label_id": "OTlTr3XwDdud2Dgf1nIesQ",
    "size": [
      2.695611277453986,
      6.038662456016443,
      2.420000000000016
    ],
    "obj_class": "vehicle",
    "point_num_in_lidar": 342,
    "speed": 0.009134699631492941,
    "if_vehicle": true,
    "motion_state": false,
    "pose": [
      [
        0.9008318689567504,
        0.4341678712914945,
        0.00045101008887740463,
        59.46759039500921
      ],
      [
        -0.43402058567981383,
        0.9005523792495908,
        -0.025130527930241717,
        -2.362987252419316
      ],
      [
        -0.011317026024508608,
        0.022442632780347384,
        0.9996840766741496,
        1.4503663529389428
      ],
      [
        0.0,
        0.0,
        0.0,
        1.0
      ]
    ],
    "location": [
      59.46759039500921,
      -2.362987252419316,
      1.4503663529389428
    ],
    "rotation": [
      0.02244595483205503,
      0.011317267609930893,
      -0.44898169832401336
    ]
  },
  {
    "label_id": "U_5Tgc-tOQ5hbsJrYWX_dg",
    "size": [
      2.4734179715539795,
      5.7395499897824545,
      2.0
    ],
    "obj_class": "vehicle",
    "point_num_in_lidar": 870,
    "speed": 0.011269705339883458,
    "if_vehicle": true,
    "motion_state": false,
    "pose": [
      [
        0.8929220530149321,
        0.45021106586744253,
        0.00045101008887740463,
        54.24382073224979
      ],
      [
        -0.4500588047495259,
        0.8926452424302589,
        -0.025130527930241717,
        -2.650869215010971
      ],
      [
        -0.01171663377541012,
        0.02223662153129038,
        0.9996840766741496,
        1.1150536062620517
      ],
      [
        0.0,
        0.0,
        0.0,
        1.0
      ]
    ],
    "location": [
      54.24382073224979,
      -2.650869215010971,
      1.1150536062620517
    ],
    "rotation": [
      0.022239981337292977,
      0.011716901867590172,
      -0.46686578614470564
    ]
  },
  {
    "label_id": "_EujTmJf8bwNtKTgC6_tRw",
    "size": [
      2.8057165012802776,
      9.357663246581296,
      3.3700000000000045
    ],
    "obj_class": "vehicle",
    "point_num_in_lidar": 1837,
    "speed": 0.022004566075363857,
    "if_vehicle": true,
    "motion_state": false,
    "pose": [
      [
        0.02908518342137063,
        0.9995768348132348,
        0.00045101008887740463,
        41.38816291383364
      ],
      [
        -0.9992609187798946,
        0.02908732997557754,
        -0.025130527930241717,
        19.095454069598418
      ],
      [
        -0.025133012244974096,
        0.0002802492585363205,
        0.9996840766741496,
        1.6931786806321725
      ],
      [
        0.0,
        0.0,
        0.0,
        1.0
      ]
    ],
    "location": [
      41.38816291383364,
      19.095454069598418,
      1.6931786806321725
    ],
    "rotation": [
      0.0002803378164501248,
      0.02513565895191019,
      -1.541697846713914
    ]
  },
  {
    "label_id": "bBpuQJceUOo4TjDNwEZYPA",
    "size": [
      2.130256959517862,
      4.675593737670226,
      2.009999999999991
    ],
    "obj_class": "vehicle",
    "point_num_in_lidar": 566,
    "speed": 0.023840385937741404,
    "if_vehicle": true,
    "motion_state": false,
    "pose": [
      [
        0.9076191165611206,
        0.419794397107335,
        0.00045101008887740463,
        54.44743014093001
      ],
      [
        -0.41965157256113034,
        0.9073373210735453,
        -0.025130527930241717,
        0.10074395406127223
      ],
      [
        -0.010958873107284032,
        0.02261968046572221,
        0.9996840766741496,
        1.0723104996204142
      ],
      [
        0.0,
        0.0,
        0.0,
        1.0
      ]
    ],
    "location": [
      54.44743014093001,
      0.10074395406127223,
      1.0723104996204142
    ],
    "rotation": [
      0.022622968549784187,
      0.010959092473587131,
      -0.4330891872539175
    ]
  },
  {
    "label_id": "gaDcJK-aVJhF5BY-ZhzFPg",
    "size": [
      2.5885603987617807,
      6.17289627131434,
      2.2200000000000273
    ],
    "obj_class": "vehicle",
    "point_num_in_lidar": 1882,
    "speed": 0.01836065704278652,
    "if_vehicle": true,
    "motion_state": false,
    "pose": [
      [
        0.040143532522573515,
        0.9991938217315542,
        0.00045101008887740463,
        41.68932574059636
      ],
      [
        -0.9988779012863971,
        0.04014218339390595,
        -0.025130527930241717,
        11.284066996999627
      ],
      [
        -0.02512837277445,
        0.0005583241542402469,
        0.9996840766741496,
        1.1424382039335796
      ],
      [
        0.0,
        0.0,
        0.0,
        1.0
      ]
    ],
    "location": [
      41.68932574059636,
      11.284066996999627,
      1.1424382039335796
    ],
    "rotation": [
      0.0005585005395368311,
      0.025131018015659028,
      -1.5306293142848937
    ]
  },
  {
    "label_id": "kCciq8jtEdufyIuvSt-R-Q",
    "size": [
      2.1350382335649742,
      5.047466922604698,
      1.5199999999999818
    ],
    "obj_class": "vehicle",
    "point_num_in_lidar": 799,
    "speed": 0.01651978878328368,
    "if_vehicle": true,
    "motion_state": false,
    "pose": [
      [
        0.07252761225728123,
        -0.9973663028447257,
        0.00045101008887740463,
        52.41851214529561
      ],
      [
        0.9970522364125146,
        0.07249340956770119,
        -0.025130527930241717,
        5.782776712243503
      ],
      [
        0.02503164647122914,
        0.0022723378033051704,
        0.9996840766741496,
        0.7576447187998951
      ],
      [
        0.0,
        0.0,
        0.0,
        1.0
      ]
    ],
    "location": [
      52.41851214529561,
      5.782776712243503,
      0.7576447187998951
    ],
    "rotation": [
      0.0022730519999060216,
      -0.02503426127728645,
      1.4981821849069608
    ]
  },
  {
    "label_id": "mXlqoSS9QQPj-Kfg45y0sA",
    "size": [
      2.0420233218085384,
      4.450866263378696,
      1.6299999999999955
    ],
    "obj_class": "vehicle",
    "point_num_in_lidar": 194,
    "speed": 0.02202022647500539,
    "if_vehicle": true,
    "motion_state": false,
    "pose": [
      [
        0.9996351014159843,
        -0.027008528411494488,
        0.00045101008887740463,
        54.548455374992955
      ],
      [
        0.027011331267580416,
        0.9993191905237788,
        -0.025130527930241717,
        16.084536511471924
      ],
      [
        0.00022803554066476344,
        0.02513354021910009,
        0.9996840766741496,
        1.0297821330695456
      ],
      [
        0.0,
        0.0,
        0.0,
        1.0
      ]
    ],
    "location": [
      54.548455374992955,
      16.084536511471924,
      1.0297821330695456
    ],
    "rotation": [
      0.025136187746552168,
      -0.00022803554264107942,
      0.027014617681011568
    ]
  },
  {
    "label_id": "pTCBySy6WZ3NJyU7-hnc2Q",
    "size": [
      2.5899617804956865,
      5.748041104335103,
      2.3000000000000114
    ],
    "obj_class": "vehicle",
    "point_num_in_lidar": 1868,
    "speed": 0.006745771376088794,
    "if_vehicle": true,
    "motion_state": false,
    "pose": [
      [
        -0.8520740128065613,
        -0.5234211242294525,
        0.00045101008887740463,
        52.26935610993587
      ],
      [
        0.5232462122101266,
        -0.8518109285361997,
        -0.025130527930241717,
        -4.984730659509296
      ],
      [
        0.01353802450431263,
        -0.02117708045679477,
        0.9996840766741496,
        1.16509485045367
      ],
      [
        0.0,
        0.0,
        0.0,
        1.0
      ]
    ],
    "location": [
      52.26935610993587,
      -4.984730659509296,
      1.16509485045367
    ],
    "rotation": [
      -0.02118060500256117,
      -0.013538438075674591,
      2.590880565885389
    ]
  }
]