[
  {
    "label_id": "OTlTr3XwDdud2Dgf1nIesQ",
    "size": [
      2.6956112774539873,
      6.038662456016443,
      2.420000000000016
    ],
    "obj_class": "vehicle",
    "point_num_in_lidar": 2564,
    "speed": 0.009155044185998934,
    "if_vehicle": true,
    "motion_state": false,
    "pose": [
      [
        0.9004118014763818,
        0.4339654141959659,
        0.03053861561663112,
        59.56111768025812
      ],
      [
        -0.433977512298761,
        0.9008996993695261,
        -0.006576510843606715,
        -2.3723415386753004
      ],
      [
        -0.030366207880394545,
        -0.007331504458232787,
        0.9995119521353127,
        1.3581364075278088
      ],
      [
        0.0,
        0.0,
        0.0,
        1.0
      ]
    ],
    "location": [
      59.56111768025812,
      -2.3723415386753004,
      1.3581364075278088
    ],
    "rotation": [
      -0.007334952783746808,
      0.03037087663129738,
      -0.4491252897938916
    ]
  },
  {
    "label_id": "RyC6A2S0_qzyhiw5bvAnLg",
    "size": [
      2.1975047633842535,
      4.391386662060993,
      1.8999999999999773
    ],
    "obj_class": "vehicle",
    "point_num_in_lidar": 502,
    "speed": 0.03158607574465921,
    "if_vehicle": true,
    "motion_state": false,
    "pose": [
      [
        0.9153313791981946,
        0.4015418523782425,
        0.03053861561663112,
        59.27669571932984
      ],
      [
        -0.40153652362536535,
        0.9158193979710084,
        -0.006576510843606715,
        -5.050547871673189
      ],
      [
        -0.03060860091521859,
        -0.006242682810242936,
        0.9995119521353127,
        1.1389273486383331
      ],
      [
        0.0,
        0.0,
        0.0,
        1.0
      ]
    ],
    "location": [
      59.27669571932984,
      -5.050547871673189,
      1.1389273486383331
    ],
    "rotation": [
      -0.006245649814268936,
      0.03061338239526818,
      -0.41339948037427293
    ]
  },
  {
    "label_id": "_EujTmJf8bwNtKTgC6_tRw",
    "size": [
      2.8057165012808736,
      9.357663246581296,
      3.3700000000000045
    ],
    "obj_class": "vehicle",
    "point_num_in_lidar": 9413,
    "speed": 0.017367398698782847,
    "if_vehicle": true,
    "motion_state": false,
    "pose": [
      [
        0.03198972203772364,
        0.9990215466345901,
        0.03053861561663112,
        41.38707626060068
      ],
      [
        -0.9994596546789309,
        0.03220478495807428,
        -0.006576510843606715,
        19.130833974122652
      ],
      [
        -0.007553565583290028,
        -0.030311733464705694,
        0.9995119521353127,
        1.6975202865565393
      ],
      [
        0.0,
        0.0,
        0.0,
        1.0
      ]
    ],
    "location": [
      41.38707626060068,
      19.130833974122652,
      1.6975202865565393
    ],
    "rotation": [
      -0.030317242300759936,
      0.0075536374149517615,
      -1.5388002330555526
    ]
  },
  {
    "label_id": "bBpuQJceUOo4TjDNwEZYPA",
    "size": [
      2.130256959517863,
      4.675593737670226,
      2.009999999999991
    ],
    "obj_class": "vehicle",
    "point_num_in_lidar": 2889,
    "speed": 0.03984392241189041,
    "if_vehicle": true,
    "motion_state": false,
    "pose": [
      [
        0.9071958841150154,
        0.4195986425156724,
        0.03053861561663112,
        54.43115868406812
      ],
      [
        -0.4196029840059254,
        0.9076839126691884,
        -0.006576510843606715,
        0.15603959641066467
      ],
      [
        -0.030478905132871097,
        -0.0068479106709905925,
        0.9995119521353127,
        1.0201110794249075
      ],
      [
        0.0,
        0.0,
        0.0,
        1.0
      ]
    ],
    "location": [
      54.43115868406812,
      0.15603959641066467,
      1.0201110794249075
    ],
    "rotation": [
      -0.00685114721551615,
      0.030483626072516944,
      -0.4332227675921938
    ]
  },
  {
    "label_id": "gaDcJK-aVJhF5BY-ZhzFPg",
    "size": [
      2.588560398761781,
      6.17289627131434,
      2.2200000000000273
    ],
    "obj_class": "vehicle",
    "point_num_in_lidar": 8057,
    "speed": 0.021926117236171463,
    "if_vehicle": true,
    "motion_state": false,
    "pose": [
      [
        0.040124813166452396,
        0.9987278870265798,
        0.03053861561663112,
        41.76353624673811
      ],
      [
        -0.9991642290431728,
        0.04034343695925949,
        -0.006576510843606715,
        11.312964771237148
      ],
      [
        -0.007800177492795339,
        -0.030249211059750168,
        0.9995119521353127,
        1.046873980680914
      ],
      [
        0.0,
        0.0,
        0.0,
        1.0
      ]
    ],
    "location": [
      41.76353624673811,
      11.312964771237148,
      1.046873980680914
    ],
    "rotation": [
      -0.030254746725603136,
      0.007800256592360498,
      -1.5306595172993394
    ]
  },
  {
    "label_id": "kCciq8jtEdufyIuvSt-R-Q",
    "size": [
      2.135038233564972,
      5.047466922604698,
      1.5199999999999818
    ],
    "obj_class": "vehicle",
    "point_num_in_lidar": 6644,
    "speed": 0.0473729236868605,
    "if_vehicle": true,
    "motion_state": false,
    "pose": [
      [
        0.0724937918603936,
        -0.996901220331243,
        0.03053861561663112,
        52.43019248825203
      ],
      [
        0.9973593886850113,
        0.07232564764303501,
        -0.006576510843606715,
        5.850674924611667
      ],
      [
        0.004347406532918638,
        0.030934731210953803,
        0.9995119521353127,
        0.6550533015224005
      ],
      [
        0.0,
        0.0,
        0.0,
        1.0
      ]
    ],
    "location": [
      52.43019248825203,
      5.850674924611667,
      0.6550533015224005
    ],
    "rotation": [
      0.03093995968429913,
      -0.004347420227324795,
      1.4982382007114856
    ]
  },
  {
    "label_id": "mXlqoSS9QQPj-Kfg45y0sA",
    "size": [
      2.042023321808534,
      4.450866263378696,
      1.6299999999999955
    ],
    "obj_class": "vehicle",
    "point_num_in_lidar": 2526,
    "speed": 0.05776539162296552,
    "if_vehicle": true,
    "motion_state": false,
    "pose": [
      [
        0.9991689609376003,
        -0.026995934047474905,
        0.03053861561663112,
        54.58030282752043
      ],
      [
        0.02720880449514607,
        0.9996081384537986,
        -0.006576510843606715,
        16.101467211337877
      ],
      [
        -0.03034910965450023,
        0.007401964728066713,
        0.9995119521353127,
        0.8759034786611437
      ],
      [
        0.0,
        0.0,
        0.0,
        1.0
      ]
    ],
    "location": [
      54.58030282752043,
      16.101467211337877,
      0.8759034786611437
    ],
    "rotation": [
      0.007405443629138142,
      0.03035377052119779,
      0.02722470670823693
    ]
  },
  {
    "label_id": "uwMPmlHlIb-6-6EZIi_qHg",
    "size": [
      2.250304161092605,
      4.813912400449311,
      1.6899999999999977
    ],
    "obj_class": "vehicle",
    "point_num_in_lidar": 30,
    "speed": 0.0067735231787648354,
    "if_vehicle": true,
    "motion_state": false,
    "pose": [
      [
        -0.9953282122869013,
        0.09159226376709197,
        0.03053861561663112,
        -13.463703695546883
      ],
      [
        -0.09183310582609919,
        -0.9957526952910829,
        -0.006576510843606715,
        1.3864824586667055
      ],
      [
        0.02980655129486403,
        -0.009350242700757145,
        0.9995119521353127,
        0.69518780150986
      ],
      [
        0.0,
        0.0,
        0.0,
        1.0
      ]
    ],
    "location": [
      -13.463703695546883,
      1.3864824586667055,
      0.69518780150986
    ],
    "rotation": [
      -0.009354535421936752,
      -0.029810966568502753,
      -3.04958898495948
    ]
  },
  {
    "label_id": "uyM3cP5UJOV8VksMY2nU3Q",
    "size": [
      2.2055029693410084,
      4.629358215735893,
      1.6999999999999886
    ],
    "obj_class": "vehicle",
    "point_num_in_lidar": 127,
    "speed": 7.105427357601002e-14,
    "if_vehicle": true,
    "motion_state": false,
    "pose": [
      [
        0.9989373696474938,
        -0.03451846575336048,
        0.03053861561663112,
        1.9254138320011407
      ],
      [
        0.034734636977654866,
        0.9993749318945089,
        -0.006576510843606715,
        1.0717303874921527
      ],
      [
        -0.030292515837691672,
        0.007630270170814536,
        0.9995119521353127,
        0.7042510607413988
      ],
      [
        0.0,
        0.0,
        0.0,
        1.0
      ]
    ],
    "location": [
      1.9254138320011407,
      1.0717303874921527,
      0.7042510607413988
    ],
    "rotation": [
      0.00763384763367601,
      0.030297150671619883,
      0.034757582795983635
    ]
  },
  {
    "label_id": "y9WVnbYRiMEkmJ-hLwmHwQ",
    "size": [
      1.9528716444822134,
      4.39227615042644,
      1.759999999999991
    ],
    "obj_class": "vehicle",
    "point_num_in_lidar": 72,
    "speed": 0.02466510706929206,
    "if_vehicle": true,
    "motion_state": false,
    "pose": [
      [
        -0.030848507179717117,
        0.9990574370680609,
        0.03053861561663112,
        40.40116077229641
      ],
      [
        -0.9995081931386316,
        -0.03066139843307612,
        -0.006576510843606715,
        56.60003289489032
      ],
      [
        -0.005633955407247949,
        -0.03072647205791066,
        0.9995119521353127,
        1.0383960036687085
      ],
      [
        0.0,
        0.0,
        0.0,
        1.0
      ]
    ],
    "location": [
      40.40116077229641,
      56.60003289489032,
      1.0383960036687085
    ],
    "rotation": [
      -0.03073179689935621,
      0.00563398521266264,
      -1.6016502186335593
    ]
  }
]