[
  {
    "label_id": "Dr5Bt8rXiqfaViFgbMwubg",
    "size": [
      2.531468319597954,
      5.74686633680221,
      2.5400000000000205
    ],
    "obj_class": "vehicle",
    "point_num_in_lidar": 59,
    "speed": 2.111305993696472e-28,
    "if_vehicle": true,
    "motion_state": false,
    "pose": [
      [
        -0.02369827490568126,
        -0.9993238677302646,
        0.028110481161293034,
        -24.445578420647962
      ],
      [
        0.9996537846278705,
        -0.024008909979719627,
        -0.010764902264349695,
        5.861470617251143
      ],
      [
        0.011432525778236308,
        0.027845639267403688,
        0.9995468561944055,
        1.157412039060432
      ],
      [
        0.0,
        0.0,
        0.0,
        1.0
      ]
    ],
    "location": [
      -24.445578420647962,
      5.861470617251143,
      1.157412039060432
    ],
    "rotation": [
      0.027851059647588973,
      -0.011432774836446226,
      1.5944983697529918
    ]
  },
  {
    "label_id": "OTlTr3XwDdud2Dgf1nIesQ",
    "size": [
      2.6956112774539873,
      6.038662456016443,
      2.420000000000016
    ],
    "obj_class": "vehicle",
    "point_num_in_lidar": 2356,
    "speed": 0.013663951367333917,
    "if_vehicle": true,
    "motion_state": false,
    "pose": [
      [
        0.9004759719112564,
        0.43399634198845355,
        0.028110481161293034,
        59.559426228692246
      ],
      [
        -0.4338700330099034,
        0.9009111561831301,
        -0.010764902264349695,
        -2.372118080690143
      ],
      [
        -0.029996974288475593,
        -0.002502759560354501,
        0.9995468561944055,
        1.3581364075278088
      ],
      [
        0.0,
        0.0,
        0.0,
        1.0
      ]
    ],
    "location": [
      59.559426228692246,
      -2.372118080690143,
      1.3581364075278088
    ],
    "rotation": [
      -0.0025038889518038342,
      0.0300014747496001,
      -0.44900055201632827
    ]
  },
  {
    "label_id": "RyC6A2S0_qzyhiw5bvAnLg",
    "size": [
      2.197504763384253,
      4.391386662060993,
      1.8999999999999773
    ],
    "obj_class": "vehicle",
    "point_num_in_lidar": 553,
    "speed": 0.027890131659194392,
    "if_vehicle": true,
    "motion_state": false,
    "pose": [
      [
        0.9153966129196554,
        0.40157046941241004,
        0.028110481161293034,
        59.282774091247575
      ],
      [
        -0.401428703822192,
        0.915827010208191,
        -0.010764902264349695,
        -5.052139960599561
      ],
      [
        -0.0300672047729343,
        -0.0014301989451991715,
        0.9995468561944055,
        1.1389273486383331
      ],
      [
        0.0,
        0.0,
        0.0,
        1.0
      ]
    ],
    "location": [
      59.282774091247575,
      -5.052139960599561,
      1.1389273486383331
    ],
    "rotation": [
      -0.0014308463483329679,
      0.03007173692687741,
      -0.4132744807456874
    ]
  },
  {
    "label_id": "U_5Tgc-tOQ5hbsJrYWX_dg",
    "size": [
      2.4734179715539772,
      5.7395499897824545,
      2.0
    ],
    "obj_class": "vehicle",
    "point_num_in_lidar": 3158,
    "speed": 0.034407996376274085,
    "if_vehicle": true,
    "motion_state": false,
    "pose": [
      [
        0.8925692809478297,
        0.45003319828336535,
        0.028110481161293034,
        54.23207568781618
      ],
      [
        -0.44991469339647117,
        0.8930066548157402,
        -0.010764902264349695,
        -2.630681097917659
      ],
      [
        -0.029947410142340307,
        -0.003038897439346164,
        0.9995468561944055,
        1.0384395528914183
      ],
      [
        0.0,
        0.0,
        0.0,
        1.0
      ]
    ],
    "location": [
      54.23207568781618,
      -2.630681097917659,
      1.0384395528914183
    ],
    "rotation": [
      -0.003040265753872459,
      0.029951888325912265,
      -0.46689588968195755
    ]
  },
  {
    "label_id": "_EujTmJf8bwNtKTgC6_tRw",
    "size": [
      2.8057165012802545,
      9.357663246581296,
      3.3700000000000045
    ],
    "obj_class": "vehicle",
    "point_num_in_lidar": 7841,
    "speed": 0.009839715326205435,
    "if_vehicle": true,
    "motion_state": false,
    "pose": [
      [
        0.031829860118582354,
        0.9990979235559005,
        0.028110481161293034,
        41.39218633247992
      ],
      [
        -0.9994253016204209,
        0.03214316972810562,
        -0.010764902264349695,
        19.129662248024488
      ],
      [
        -0.011658751466700147,
        -0.02775168078005599,
        0.9995468561944055,
        1.6972790558862698
      ],
      [
        0.0,
        0.0,
        0.0,
        1.0
      ]
    ],
    "location": [
      41.39218633247992,
      19.129662248024488,
      1.6972790558862698
    ],
    "rotation": [
      -0.027757131214781156,
      0.011659015605042868,
      -1.5389589249624576
    ]
  },
  {
    "label_id": "bBpuQJceUOo4TjDNwEZYPA",
    "size": [
      2.130256959517863,
      4.675593737670226,
      2.009999999999991
    ],
    "obj_class": "vehicle",
    "point_num_in_lidar": 3056,
    "speed": 0.028168745797886516,
    "if_vehicle": true,
    "motion_state": false,
    "pose": [
      [
        0.9072605380370373,
        0.4196285464188848,
        0.028110481161293034,
        54.427974784813614
      ],
      [
        -0.4194953361903049,
        0.9076936596637779,
        -0.010764902264349695,
        0.15714847620301953
      ],
      [
        -0.03003296580973418,
        -0.0020256447249578286,
        0.9995468561944055,
        1.0165638098574732
      ],
      [
        0.0,
        0.0,
        0.0,
        1.0
      ]
    ],
    "location": [
      54.427974784813614,
      0.15714847620301953,
      1.0165638098574732
    ],
    "rotation": [
      -0.002026560275120867,
      0.030037482494175573,
      -0.43309786661471894
    ]
  },
  {
    "label_id": "gaDcJK-aVJhF5BY-ZhzFPg",
    "size": [
      2.588560398761781,
      6.17289627131434,
      2.2200000000000273
    ],
    "obj_class": "vehicle",
    "point_num_in_lidar": 7616,
    "speed": 0.021059727560244892,
    "if_vehicle": true,
    "motion_state": false,
    "pose": [
      [
        0.040127672776583995,
        0.9987990642398581,
        0.028110481161293034,
        41.75941292222433
      ],
      [
        -0.9991238285341203,
        0.0404436909116982,
        -0.010764902264349695,
        11.311359137384898
      ],
      [
        -0.011888865919732454,
        -0.027653881084271626,
        0.9995468561944055,
        1.046873980680914
      ],
      [
        0.0,
        0.0,
        0.0,
        1.0
      ]
    ],
    "location": [
      41.75941292222433,
      11.311359137384898,
      1.046873980680914
    ],
    "rotation": [
      -0.02765936228189189,
      0.011889146009770191,
      -1.5306550385635325
    ]
  },
  {
    "label_id": "kCciq8jtEdufyIuvSt-R-Q",
    "size": [
      2.1350382335649716,
      5.047466922604698,
      1.5199999999999818
    ],
    "obj_class": "vehicle",
    "point_num_in_lidar": 6803,
    "speed": 0.04296175060966188,
    "if_vehicle": true,
    "motion_state": false,
    "pose": [
      [
        0.07249895833882239,
        -0.9969722673618692,
        0.028110481161293034,
        52.42443340799764
      ],
      [
        0.997330523949979,
        0.07222148487049686,
        -0.010764902264349695,
        5.844922595445496
      ],
      [
        0.00870212832852492,
        0.02881588510586298,
        0.9995468561944055,
        0.6550533015224573
      ],
      [
        0.0,
        0.0,
        0.0,
        1.0
      ]
    ],
    "location": [
      52.42443340799764,
      5.844922595445496,
      0.6550533015224573
    ],
    "rotation": [
      0.028820966086314976,
      -0.00870223816333412,
      1.4982309550188029
    ]
  },
  {
    "label_id": "mXlqoSS9QQPj-Kfg45y0sA",
    "size": [
      2.042023321808534,
      4.450866263378696,
      1.6299999999999955
    ],
    "obj_class": "vehicle",
    "point_num_in_lidar": 2166,
    "speed": 0.05030463918726151,
    "if_vehicle": true,
    "motion_state": false,
    "pose": [
      [
        0.9992401695852784,
        -0.026997857990303315,
        0.028110481161293034,
        54.591716177751096
      ],
      [
        0.02730958073832781,
        0.9995690589844884,
        -0.010764902264349695,
        16.094808317546267
      ],
      [
        -0.02780773789938246,
        0.011524408219065311,
        0.9995468561944055,
        0.8759034786610869
      ],
      [
        0.0,
        0.0,
        0.0,
        1.0
      ]
    ],
    "location": [
      54.591716177751096,
      16.094808317546267,
      0.8759034786610869
    ],
    "rotation": [
      0.011529121954115892,
      0.027811322963267892,
      0.027323545433822965
    ]
  },
  {
    "label_id": "uwMPmlHlIb-6-6EZIi_qHg",
    "size": [
      2.250304161092606,
      4.813912400449311,
      1.6899999999999977
    ],
    "obj_class": "vehicle",
    "point_num_in_lidar": 37,
    "speed": 0.006773523178786623,
    "if_vehicle": true,
    "motion_state": false,
    "pose": [
      [
        -0.9953991472125888,
        0.09159879135300705,
        0.028110481161293034,
        -13.465050628070458
      ],
      [
        -0.09193114217257921,
        -0.9957071768236303,
        -0.010764902264349695,
        1.3864448619660834
      ],
      [
        0.02700375579981725,
        -0.01329960317393899,
        0.9995468561944055,
        0.69518780150986
      ],
      [
        0.0,
        0.0,
        0.0,
        1.0
      ]
    ],
    "location": [
      -13.465050628070458,
      1.3864448619660834,
      0.69518780150986
    ],
    "rotation": [
      -0.0133048474132058,
      -0.02700703874638112,
      -3.049497847078284
    ]
  },
  {
    "label_id": "y9WVnbYRiMEkmJ-hLwmHwQ",
    "size": [
      1.9528716444822076,
      4.39227615042644,
      1.759999999999991
    ],
    "obj_class": "vehicle",
    "point_num_in_lidar": 58,
    "speed": 0.023491778750830406,
    "if_vehicle": true,
    "motion_state": false,
    "pose": [
      [
        -0.03085070568724597,
        0.9991286377676698,
        0.028110481161293034,
        40.396960746643344
      ],
      [
        -0.9994750087445582,
        -0.030558530303412615,
        -0.010764902264349695,
        56.597496202933144
      ],
      [
        -0.00989650714467093,
        -0.02842782823600651,
        0.9995468561944055,
        1.0378417575302024
      ],
      [
        0.0,
        0.0,
        0.0,
        1.0
      ]
    ],
    "location": [
      40.396960746643344,
      56.597496202933144,
      1.0378417575302024
    ],
    "rotation": [
      -0.028433051368107934,
      0.009896668697184205,
      -1.601653439957742
    ]
  }
]