[
  {
    "label_id": "-p3GvvA-sgqoIf7veEKtKg",
    "size": [
      2.1002824607575965,
      4.506576856352175,
      1.8700000000000045
    ],
    "obj_class": "vehicle",
    "point_num_in_lidar": 1433,
    "speed": 0.018144787778607646,
    "if_vehicle": true,
    "motion_state": false,
    "pose": [
      [
        0.6528482045414057,
        0.7574885623376912,
        -0.000547498529903435,
        49.081648039983975
      ],
      [
        -0.7572529904022176,
        0.6526268018369513,
        -0.025419796438441764,
        -8.19325445746972
      ],
      [
        -0.018897892844490706,
        0.017009863363654922,
        0.9996767148405468,
        1.0081336867553432
      ],
      [
        0.0,
        0.0,
        0.0,
        1.0
      ]
    ],
    "location": [
      49.081648039983975,
      -8.19325445746972,
      1.0081336867553432
    ],
    "rotation": [
      0.017013722352646046,
      0.018899017860493347,
      -0.8593039429475952
    ]
  },
  {
    "label_id": "9pLXtlW92jkIDAnlQkn0dg",
    "size": [
      2.1279412710347994,
      4.671806951627692,
      1.6999999999999886
    ],
    "obj_class": "vehicle",
    "point_num_in_lidar": 1542,
    "speed": 0.016744008760351696,
    "if_vehicle": true,
    "motion_state": false,
    "pose": [
      [
        0.6061351393468921,
        0.7953614858001884,
        -0.000547498529903435,
        46.09408152670221
      ],
      [
        -0.7951130313395397,
        0.6059282971961918,
        -0.025419796438441764,
        -10.716879592480382
      ],
      [
        -0.019886182212075575,
        0.015843155072149995,
        0.9996767148405468,
        0.9489758212987454
      ],
      [
        0.0,
        0.0,
        0.0,
        1.0
      ]
    ],
    "location": [
      46.09408152670221,
      -10.716879592480382,
      0.9489758212987454
    ],
    "rotation": [
      0.015846951925545232,
      0.019887493144453608,
      -0.9194532942319068
    ]
  },
  {
    "label_id": "OTlTr3XwDdud2Dgf1nIesQ",
    "size": [
      2.695611277453987,
      6.038662456016443,
      2.420000000000016
    ],
    "obj_class": "vehicle",
    "point_num_in_lidar": 288,
    "speed": 0.010204786001030697,
    "if_vehicle": true,
    "motion_state": false,
    "pose": [
      [
        0.9008318255616242,
        0.4341678503766383,
        -0.000547498529903435,
        59.4705893495443
      ],
      [
        -0.4340401576072805,
        0.9005348274960138,
        -0.025419796438441764,
        -2.363575105491691
      ],
      [
        -0.010543416882509076,
        0.02313659797925541,
        0.9996767148405468,
        1.4643593811842948
      ],
      [
        0.0,
        0.0,
        0.0,
        1.0
      ]
    ],
    "location": [
      59.4705893495443,
      -2.363575105491691,
      1.4643593811842948
    ],
    "rotation": [
      0.023139949080970588,
      0.010543612233047051,
      -0.4489993502859082
    ]
  },
  {
    "label_id": "U_5Tgc-tOQ5hbsJrYWX_dg",
    "size": [
      2.473417971553976,
      5.7395499897824545,
      2.0
    ],
    "obj_class": "vehicle",
    "point_num_in_lidar": 738,
    "speed": 0.011269705245796867,
    "if_vehicle": true,
    "motion_state": false,
    "pose": [
      [
        0.8929220100008411,
        0.4502110441797462,
        -0.000547498529903435,
        54.24047781920899
      ],
      [
        -0.4500780596080718,
        0.8926273434129505,
        -0.025419796438441764,
        -2.650405383816178
      ],
      [
        -0.010955560939117263,
        0.022944312805602853,
        0.9996767148405468,
        1.130420943096908
      ],
      [
        0.0,
        0.0,
        0.0,
        1.0
      ]
    ],
    "location": [
      54.24047781920899,
      -2.650405383816178,
      1.130420943096908
    ],
    "rotation": [
      0.02294770384668384,
      0.010955780106572,
      -0.4668830008060999
    ]
  },
  {
    "label_id": "_EujTmJf8bwNtKTgC6_tRw",
    "size": [
      2.8057165012806635,
      9.357663246581296,
      3.3700000000000045
    ],
    "obj_class": "vehicle",
    "point_num_in_lidar": 1504,
    "speed": 0.019757722513874493,
    "if_vehicle": true,
    "motion_state": false,
    "pose": [
      [
        0.028840974767673687,
        0.9995838626247474,
        -0.000547498529903435,
        41.39843610675371
      ],
      [
        -0.9992614129181097,
        0.028817748037129522,
        -0.025419796438441764,
        19.088171610085283
      ],
      [
        -0.025393440636386964,
        0.001280225862242395,
        0.9996767148405468,
        1.6928155311467776
      ],
      [
        0.0,
        0.0,
        0.0,
        1.0
      ]
    ],
    "location": [
      41.39843610675371,
      19.088171610085283,
      1.6928155311467776
    ],
    "rotation": [
      0.0012806391740094265,
      0.025396170490548806,
      -1.5419420451111452
    ]
  },
  {
    "label_id": "bBpuQJceUOo4TjDNwEZYPA",
    "size": [
      2.130256959517862,
      4.675593737670226,
      2.009999999999991
    ],
    "obj_class": "vehicle",
    "point_num_in_lidar": 498,
    "speed": 0.023840385339259005,
    "if_vehicle": true,
    "motion_state": false,
    "pose": [
      [
        0.9076190728390372,
        0.41979437688488186,
        -0.000547498529903435,
        54.45054841265528
      ],
      [
        -0.4196714209992628,
        0.9073200826309797,
        -0.025419796438441764,
        0.0943214512758459
      ],
      [
        -0.010174331195023876,
        0.023301261561255157,
        0.9996767148405468,
        1.0794482380905492
      ],
      [
        0.0,
        0.0,
        0.0,
        1.0
      ]
    ],
    "location": [
      54.45054841265528,
      0.0943214512758459,
      1.0794482380905492
    ],
    "rotation": [
      0.023304577101648374,
      0.01017450673926759,
      -0.43310722244030236
    ]
  },
  {
    "label_id": "gaDcJK-aVJhF5BY-ZhzFPg",
    "size": [
      2.58856039876178,
      6.17289627131434,
      2.2200000000000273
    ],
    "obj_class": "vehicle",
    "point_num_in_lidar": 1718,
    "speed": 0.014143413380421877,
    "if_vehicle": true,
    "motion_state": false,
    "pose": [
      [
        0.04014353058876746,
        0.9991937735981086,
        -0.000547498529903435,
        41.68311847361292
      ],
      [
        -0.9988716071856913,
        0.04011665872554982,
        -0.025419796438441764,
        11.281649870244564
      ],
      [
        -0.02537733851574551,
        0.0015673211123832767,
        0.9996767148405468,
        1.1752842127554572
      ],
      [
        0.0,
        0.0,
        0.0,
        1.0
      ]
    ],
    "location": [
      41.68311847361292,
      11.281649870244564,
      1.1752842127554572
    ],
    "rotation": [
      0.0015678266832818736,
      0.025380063179150057,
      -1.5306290633890915
    ]
  },
  {
    "label_id": "kCciq8jtEdufyIuvSt-R-Q",
    "size": [
      2.1350382335649702,
      5.047466922604698,
      1.5199999999999818
    ],
    "obj_class": "vehicle",
    "point_num_in_lidar": 736,
    "speed": 0.016519788368998853,
    "if_vehicle": true,
    "motion_state": false,
    "pose": [
      [
        0.07252760876346168,
        -0.9973662547993158,
        -0.000547498529903435,
        52.42049170076052
      ],
      [
        0.9970431105703238,
        0.07251806404807933,
        -0.025419796438441764,
        5.778242845006844
      ],
      [
        0.025392550705027418,
        0.0012977574136465403,
        0.9996767148405468,
        0.7695238695600324
      ],
      [
        0.0,
        0.0,
        0.0,
        1.0
      ]
    ],
    "location": [
      52.42049170076052,
      5.778242845006844,
      0.7695238695600324
    ],
    "rotation": [
      0.001298176365779503,
      -0.02539528027213468,
      1.498181526096143
    ]
  },
  {
    "label_id": "mXlqoSS9QQPj-Kfg45y0sA",
    "size": [
      2.042023321808532,
      4.450866263378696,
      1.6299999999999955
    ],
    "obj_class": "vehicle",
    "point_num_in_lidar": 173,
    "speed": 0.022020225922524103,
    "if_vehicle": true,
    "motion_state": false,
    "pose": [
      [
        0.9996350532612812,
        -0.02700852711043198,
        -0.000547498529903435,
        54.54458049605546
      ],
      [
        0.026985891521477876,
        0.9993125615180765,
        -0.025419796438441764,
        16.089872368604574
      ],
      [
        0.0012336734195944996,
        0.02539574483069652,
        0.9996767148405468,
        1.0394511099925126
      ],
      [
        0.0,
        0.0,
        0.0,
        1.0
      ]
    ],
    "location": [
      54.54458049605546,
      16.089872368604574,
      1.0394511099925126
    ],
    "rotation": [
      0.02539849475997377,
      -0.0012336737325262792,
      0.026989188498544116
    ]
  },
  {
    "label_id": "pTCBySy6WZ3NJyU7-hnc2Q",
    "size": [
      2.589961780495687,
      5.748041104335103,
      2.3000000000000114
    ],
    "obj_class": "vehicle",
    "point_num_in_lidar": 1549,
    "speed": 0.0067457715457781686,
    "if_vehicle": true,
    "motion_state": false,
    "pose": [
      [
        -0.8520739717602128,
        -0.5234210990150623,
        -0.000547498529903435,
        52.27137267275657
      ],
      [
        0.5232639001624813,
        -0.8517914796097559,
        -0.025419796438441764,
        -4.984851091743167
      ],
      [
        0.012838903205677743,
        -0.021946033128729683,
        0.9996767148405468,
        1.1756616162704177
      ],
      [
        0.0,
        0.0,
        0.0,
        1.0
      ]
    ],
    "location": [
      52.27137267275657,
      -4.984851091743167,
      1.1756616162704177
    ],
    "rotation": [
      -0.02194960457271667,
      -0.012839255953824012,
      2.5908654703360026
    ]
  }
]