[
  {
    "label_id": "_EujTmJf8bwNtKTgC6_tRw",
    "size": [
      2.8057165012809504,
      9.357663246581296,
      3.3700000000000045
    ],
    "obj_class": "vehicle",
    "point_num_in_lidar": 16212,
    "speed": 0.04804279117549355,
    "if_vehicle": true,
    "motion_state": false,
    "pose": [
      [
        0.03304817352949716,
        0.9990716522218239,
        0.027634253257848945,
        41.415352452725074
      ],
      [
        -0.9994514435264874,
        0.033094990605404336,
        -0.0012383980170531904,
        19.1411987649185
      ],
      [
        -0.0021518037049614363,
        -0.027578167516767508,
        0.9996173339919793,
        1.6937337599921989
      ],
      [
        0.0,
        0.0,
        0.0,
        1.0
      ]
    ],
    "location": [
      41.415352452725074,
      19.1411987649185,
      1.6937337599921989
    ],
    "rotation": [
      -0.027581728372309138,
      0.002151805365533041,
      -1.5377420579851517
    ]
  },
  {
    "label_id": "dLWsp-L7X2eBuheHGqxkrQ",
    "size": [
      1.9919397396316993,
      4.414554076291429,
      1.7699999999999818
    ],
    "obj_class": "vehicle",
    "point_num_in_lidar": 55,
    "speed": 0.011181041269951134,
    "if_vehicle": true,
    "motion_state": false,
    "pose": [
      [
        0.46937145012865084,
        -0.8825682918907797,
        0.027634253257848945,
        47.24768500213031
      ],
      [
        0.8829208701784007,
        0.4695201842027315,
        -0.0012383980170531904,
        85.13888172005045
      ],
      [
        -0.011881868857338608,
        0.024980127606251,
        0.9996173339919793,
        1.4059034786611164
      ],
      [
        0.0,
        0.0,
        0.0,
        1.0
      ]
    ],
    "location": [
      47.24768500213031,
      85.13888172005045,
      1.4059034786611164
    ],
    "rotation": [
      0.024984490367081433,
      0.0118821484531146,
      1.082179990282374
    ]
  },
  {
    "label_id": "gaDcJK-aVJhF5BY-ZhzFPg",
    "size": [
      2.5885603987617807,
      6.17289627131434,
      2.2200000000000273
    ],
    "obj_class": "vehicle",
    "point_num_in_lidar": 9120,
    "speed": 0.027647391568189263,
    "if_vehicle": true,
    "motion_state": false,
    "pose": [
      [
        0.04012820583290398,
        0.9988123322944671,
        0.027634253257848945,
        41.76584177299219
      ],
      [
        -0.9991917822468958,
        0.0401777134817713,
        -0.0012383980170531904,
        11.329575152321468
      ],
      [
        -0.002347208321398301,
        -0.027562224073240806,
        0.9996173339919793,
        1.046873980680914
      ],
      [
        0.0,
        0.0,
        0.0,
        1.0
      ]
    ],
    "location": [
      41.76584177299219,
      11.329575152321468,
      1.046873980680914
    ],
    "rotation": [
      -0.027565790948995732,
      0.0023472104766834425,
      -1.530657232959745
    ]
  },
  {
    "label_id": "kCciq8jtEdufyIuvSt-R-Q",
    "size": [
      2.1350382335649716,
      5.047466922604698,
      1.5199999999999818
    ],
    "obj_class": "vehicle",
    "point_num_in_lidar": 5208,
    "speed": 0.041815163353215286,
    "if_vehicle": true,
    "motion_state": false,
    "pose": [
      [
        0.0724999214155538,
        -0.9969855111492942,
        0.027634253257848945,
        52.43973568381898
      ],
      [
        0.9973681219050922,
        0.07249341885896025,
        -0.0012383980170531904,
        5.880941614832409
      ],
      [
        -0.0007686366162377833,
        0.02765130703094801,
        0.9996173339919793,
        0.6590518915206189
      ],
      [
        0.0,
        0.0,
        0.0,
        1.0
      ]
    ],
    "location": [
      52.43973568381898,
      5.880941614832409,
      0.6590518915206189
    ],
    "rotation": [
      0.027654840089409386,
      0.0007686366919231769,
      1.498232720392929
    ]
  },
  {
    "label_id": "mXlqoSS9QQPj-Kfg45y0sA",
    "size": [
      2.0420233218085353,
      4.450866263378696,
      1.6299999999999955
    ],
    "obj_class": "vehicle",
    "point_num_in_lidar": 3920,
    "speed": 0.06095376080269204,
    "if_vehicle": true,
    "motion_state": false,
    "pose": [
      [
        0.9992534434995344,
        -0.026998216630060995,
        0.027634253257848945,
        54.54543418456524
      ],
      [
        0.027042733221950183,
        0.9996335113181419,
        -0.0012383980170531904,
        16.121303523879305
      ],
      [
        -0.027590691078859704,
        0.001984779221603213,
        0.9996173339919793,
        0.8759034786610869
      ],
      [
        0.0,
        0.0,
        0.0,
        1.0
      ]
    ],
    "location": [
      54.54543418456524,
      16.121303523879305,
      0.8759034786610869
    ],
    "rotation": [
      0.0019855364106599192,
      0.027594192830168965,
      0.02705633314725475
    ]
  },
  {
    "label_id": "y9WVnbYRiMEkmJ-hLwmHwQ",
    "size": [
      1.9528716444822114,
      4.39227615042644,
      1.759999999999991
    ],
    "obj_class": "vehicle",
    "point_num_in_lidar": 94,
    "speed": 0.02466510686315603,
    "if_vehicle": true,
    "motion_state": false,
    "pose": [
      [
        -0.03085111550825687,
        0.9991419102003365,
        0.027634253257848945,
        40.413770916755766
      ],
      [
        -0.9995239167385025,
        -0.03082865936226366,
        -0.0012383980170531904,
        56.60764905123824
      ],
      [
        -0.0003854083799300832,
        -0.027659303012698207,
        0.9996173339919793,
        1.0400600706171872
      ],
      [
        0.0,
        0.0,
        0.0,
        1.0
      ]
    ],
    "location": [
      40.413770916755766,
      56.60764905123824,
      1.0400600706171872
    ],
    "rotation": [
      -0.027662833014324,
      0.00038540838947148626,
      -1.6016523406635577
    ]
  }
]