[
  {
    "label_id": "-p3GvvA-sgqoIf7veEKtKg",
    "size": [
      2.100282460757597,
      4.506576856352175,
      1.8700000000000045
    ],
    "obj_class": "vehicle",
    "point_num_in_lidar": 2664,
    "speed": 0.01514550154174907,
    "if_vehicle": true,
    "motion_state": false,
    "pose": [
      [
        0.6527983644765556,
        0.7574307337661981,
        0.01236846324863406,
        49.11641537405649
      ],
      [
        -0.7571281914447667,
        0.6528965110222362,
        -0.021978344218061063,
        -8.208765186276196
      ],
      [
        -0.024722399889792,
        0.004982914949063653,
        0.9996819361688495,
        0.9283731689097863
      ],
      [
        0.0,
        0.0,
        0.0,
        1.0
      ]
    ],
    "location": [
      49.11641537405649,
      -8.208765186276196,
      0.9283731689097863
    ],
    "rotation": [
      0.004984459058577916,
      0.024724918959034586,
      -0.8592601885257741
    ]
  },
  {
    "label_id": "9pLXtlW92jkIDAnlQkn0dg",
    "size": [
      2.1279412710348,
      4.671806951627692,
      1.6999999999999886
    ],
    "obj_class": "vehicle",
    "point_num_in_lidar": 2767,
    "speed": 0.013086395636317714,
    "if_vehicle": true,
    "motion_state": false,
    "pose": [
      [
        0.6060888654742783,
        0.7953007659149897,
        0.01236846324863406,
        46.09024295161089
      ],
      [
        -0.7950046702402688,
        0.6062050203368443,
        -0.021978344218061063,
        -10.749480172270069
      ],
      [
        -0.02497721850534097,
        0.0034878436657685896,
        0.9996819361688495,
        0.8593878628972789
      ],
      [
        0.0,
        0.0,
        0.0,
        1.0
      ]
    ],
    "location": [
      46.09024295161089,
      -10.749480172270069,
      0.8593878628972789
    ],
    "rotation": [
      0.003488939218977182,
      0.024979816288637716,
      -0.919424390989983
    ]
  },
  {
    "label_id": "OTlTr3XwDdud2Dgf1nIesQ",
    "size": [
      2.6956112774539873,
      6.038662456016443,
      2.420000000000016
    ],
    "obj_class": "vehicle",
    "point_num_in_lidar": 1302,
    "speed": 0.05541426220005993,
    "if_vehicle": true,
    "motion_state": false,
    "pose": [
      [
        0.9007630538068835,
        0.434134704916993,
        0.01236846324863406,
        59.52034590275389
      ],
      [
        -0.43381812544608883,
        0.9007323611483458,
        -0.021978344218061063,
        -2.35342662478115
      ],
      [
        -0.020682237087390736,
        0.014431616914308274,
        0.9996819361688495,
        1.3843161478093293
      ],
      [
        0.0,
        0.0,
        0.0,
        1.0
      ]
    ],
    "location": [
      59.52034590275389,
      -2.35342662478115,
      1.3843161478093293
    ],
    "rotation": [
      0.014435205820387799,
      0.020683711859436328,
      -0.44882914048450895
    ]
  },
  {
    "label_id": "RyC6A2S0_qzyhiw5bvAnLg",
    "size": [
      2.1975047633842513,
      4.391386662060993,
      1.8999999999999773
    ],
    "obj_class": "vehicle",
    "point_num_in_lidar": 504,
    "speed": 0.03807211477841634,
    "if_vehicle": true,
    "motion_state": false,
    "pose": [
      [
        0.9156884516839141,
        0.40169849460706614,
        0.01236846324863406,
        59.24712031675699
      ],
      [
        -0.40138321276934186,
        0.9156464759351142,
        -0.021978344218061063,
        -5.101093282353759
      ],
      [
        -0.020153807572695796,
        0.01516082247185617,
        0.9996819361688495,
        1.13892734863839
      ],
      [
        0.0,
        0.0,
        0.0,
        1.0
      ]
    ],
    "location": [
      59.24712031675699,
      -5.101093282353759,
      1.13892734863839
    ],
    "rotation": [
      0.01516448359231272,
      0.02015517215414959,
      -0.41311558183184166
    ]
  },
  {
    "label_id": "U_5Tgc-tOQ5hbsJrYWX_dg",
    "size": [
      2.473417971553977,
      5.7395499897824545,
      2.0
    ],
    "obj_class": "vehicle",
    "point_num_in_lidar": 3474,
    "speed": 0.04498154859234651,
    "if_vehicle": true,
    "motion_state": false,
    "pose": [
      [
        0.8928538421012047,
        0.4501766739425581,
        0.01236846324863406,
        54.271365582896124
      ],
      [
        -0.4498595961347986,
        0.8928288168237338,
        -0.021978344218061063,
        -2.6228944976628554
      ],
      [
        -0.020937058307057166,
        0.014059377196279999,
        0.9996819361688495,
        1.038439552891532
      ],
      [
        0.0,
        0.0,
        0.0,
        1.0
      ]
    ],
    "location": [
      54.271365582896124,
      -2.6228944976628554,
      1.038439552891532
    ],
    "rotation": [
      0.014062923269935303,
      0.020938588271793113,
      -0.46671856492636277
    ]
  },
  {
    "label_id": "_EujTmJf8bwNtKTgC6_tRw",
    "size": [
      2.805716501280022,
      9.357663246581296,
      3.3700000000000045
    ],
    "obj_class": "vehicle",
    "point_num_in_lidar": 1498,
    "speed": 0.01123159970679301,
    "if_vehicle": true,
    "motion_state": false,
    "pose": [
      [
        0.0306246044682421,
        0.9994544285349037,
        0.01236846324863406,
        41.43047803707623
      ],
      [
        -0.9992810821924678,
        0.030891279638159002,
        -0.021978344218061063,
        19.120882060454278
      ],
      [
        -0.02234843111751347,
        -0.011686493241607815,
        0.9996819361688495,
        1.695471423081301
      ],
      [
        0.0,
        0.0,
        0.0,
        1.0
      ]
    ],
    "location": [
      41.43047803707623,
      19.120882060454278,
      1.695471423081301
    ],
    "rotation": [
      -0.011689678986548564,
      0.022350291865247462,
      -1.5401592791179357
    ]
  },
  {
    "label_id": "bBpuQJceUOo4TjDNwEZYPA",
    "size": [
      2.1302569595178618,
      4.675593737670226,
      2.009999999999991
    ],
    "obj_class": "vehicle",
    "point_num_in_lidar": 1996,
    "speed": 0.023751542192281917,
    "if_vehicle": true,
    "motion_state": false,
    "pose": [
      [
        0.9075497829288629,
        0.41976232873215424,
        0.01236846324863406,
        54.427742948076684
      ],
      [
        -0.41944627711177823,
        0.9075140621513816,
        -0.021978344218061063,
        0.14129239309067998
      ],
      [
        -0.02045023527598816,
        0.01475853566100374,
        0.9996819361688495,
        1.0272464236919063
      ],
      [
        0.0,
        0.0,
        0.0,
        1.0
      ]
    ],
    "location": [
      54.427742948076684,
      0.14129239309067998,
      1.0272464236919063
    ],
    "rotation": [
      0.014762158887642112,
      0.020451660967030938,
      -0.4329319108132914
    ]
  },
  {
    "label_id": "gaDcJK-aVJhF5BY-ZhzFPg",
    "size": [
      2.5885603987617816,
      6.17289627131434,
      2.2200000000000273
    ],
    "obj_class": "vehicle",
    "point_num_in_lidar": 3210,
    "speed": 0.02224357080951816,
    "if_vehicle": true,
    "motion_state": false,
    "pose": [
      [
        0.0401404659312348,
        0.9991174926462305,
        0.01236846324863406,
        41.728515289478764
      ],
      [
        -0.9989416147635564,
        0.040405478329194146,
        -0.021978344218061063,
        11.299327514613196
      ],
      [
        -0.022458701841423064,
        -0.01147315167242418,
        0.9996819361688495,
        1.0468739806810277
      ],
      [
        0.0,
        0.0,
        0.0,
        1.0
      ]
    ],
    "location": [
      41.728515289478764,
      11.299327514613196,
      1.0468739806810277
    ],
    "rotation": [
      -0.011476298171279814,
      0.022460590273164178,
      -1.5306349383132336
    ]
  },
  {
    "label_id": "kCciq8jtEdufyIuvSt-R-Q",
    "size": [
      2.1350382335649707,
      5.047466922604698,
      1.5199999999999818
    ],
    "obj_class": "vehicle",
    "point_num_in_lidar": 2693,
    "speed": 0.016554493125784473,
    "if_vehicle": true,
    "motion_state": false,
    "pose": [
      [
        0.07252207182440071,
        -0.997290113364794,
        0.01236846324863406,
        52.40601423183307
      ],
      [
        0.9971451678844888,
        0.07223895451933934,
        -0.021978344218061063,
        5.811401260234561
      ],
      [
        0.021025300542708385,
        0.013927068420495965,
        0.9996819361688495,
        0.6826457602278424
      ],
      [
        0.0,
        0.0,
        0.0,
        1.0
      ]
    ],
    "location": [
      52.40601423183307,
      5.811401260234561,
      0.6826457602278424
    ],
    "rotation": [
      0.013930598325394285,
      -0.0210268499364403,
      1.498194455662324
    ]
  },
  {
    "label_id": "mXlqoSS9QQPj-Kfg45y0sA",
    "size": [
      2.042023321808535,
      4.450866263378696,
      1.6299999999999955
    ],
    "obj_class": "vehicle",
    "point_num_in_lidar": 602,
    "speed": 0.018633038943644355,
    "if_vehicle": true,
    "motion_state": false,
    "pose": [
      [
        0.9995587386210101,
        -0.027006465211917886,
        0.01236846324863406,
        54.57291940367804
      ],
      [
        0.02727376613337357,
        0.9993863587553787,
        -0.021978344218061063,
        16.050848604307703
      ],
      [
        -0.011767316060911493,
        0.022305980597655956,
        0.9996819361688495,
        0.9687370959011332
      ],
      [
        0.0,
        0.0,
        0.0,
        1.0
      ]
    ],
    "location": [
      54.57291940367804,
      16.050848604307703,
      0.9687370959011332
    ],
    "rotation": [
      0.022309375656888817,
      0.01176758764734238,
      0.02727903776312303
    ]
  },
  {
    "label_id": "pTCBySy6WZ3NJyU7-hnc2Q",
    "size": [
      2.589961780495689,
      5.748041104335103,
      2.3000000000000114
    ],
    "obj_class": "vehicle",
    "point_num_in_lidar": 4122,
    "speed": 0.005403656318841444,
    "if_vehicle": true,
    "motion_state": false,
    "pose": [
      [
        -0.8520089223019852,
        -0.5233811397391742,
        0.01236846324863406,
        52.25662455071097
      ],
      [
        0.5230630800410824,
        -0.8520105437630269,
        -0.021978344218061063,
        -4.983970311206576
      ],
      [
        0.022041111944410406,
        -0.012256258889006812,
        0.9996819361688495,
        1.0983816276204834
      ],
      [
        0.0,
        0.0,
        0.0,
        1.0
      ]
    ],
    "location": [
      52.25662455071097,
      -4.983970311206576,
      1.0983816276204834
    ],
    "rotation": [
      -0.012259544176484793,
      -0.02204289696903161,
      2.5910025905119203
    ]
  }
]