[
  {
    "label_id": "-p3GvvA-sgqoIf7veEKtKg",
    "size": [
      2.1002824607575983,
      4.506576856352175,
      1.8700000000000045
    ],
    "obj_class": "vehicle",
    "point_num_in_lidar": 684,
    "speed": 0.01814478823396932,
    "if_vehicle": true,
    "motion_state": false,
    "pose": [
      [
        0.6528469460383165,
        0.757487102118168,
        0.0020384241618662574,
        49.06243556362551
      ],
      [
        -0.7572648748478517,
        0.6527162716734277,
        -0.022613668751619943,
        -8.183014506336349
      ],
      [
        -0.018460075029947134,
        0.0132196375653947,
        0.9997422001758896,
        1.05800493206101
      ],
      [
        0.0,
        0.0,
        0.0,
        1.0
      ]
    ],
    "location": [
      49.06243556362551,
      -8.183014506336349,
      1.05800493206101
    ],
    "rotation": [
      0.013222275866657668,
      0.01846112364416523,
      -0.8593126577328624
    ]
  },
  {
    "label_id": "9pLXtlW92jkIDAnlQkn0dg",
    "size": [
      2.1279412710347967,
      4.671806951627692,
      1.6999999999999886
    ],
    "obj_class": "vehicle",
    "point_num_in_lidar": 815,
    "speed": 0.016744008760723485,
    "if_vehicle": true,
    "motion_state": false,
    "pose": [
      [
        0.6061339708931245,
        0.795359952572588,
        0.0020384241618662574,
        46.09873023681075
      ],
      [
        -0.7951302723182886,
        0.6060168908773389,
        -0.022613668751619943,
        -10.697334562000833
      ],
      [
        -0.019221325978644083,
        0.012086100077956264,
        0.9997422001758896,
        1.0029558163073489
      ],
      [
        0.0,
        0.0,
        0.0,
        1.0
      ]
    ],
    "location": [
      46.09873023681075,
      -10.697334562000833,
      1.0029558163073489
    ],
    "rotation": [
      0.01208862778457424,
      0.019222509758638075,
      -0.919464678001616
    ]
  },
  {
    "label_id": "J1XQITk__hlP14Y2xEc20w",
    "size": [
      2.0771295629575577,
      4.862762984558531,
      1.7200000000000273
    ],
    "obj_class": "vehicle",
    "point_num_in_lidar": 4895,
    "speed": 0.03802343683070831,
    "if_vehicle": true,
    "motion_state": false,
    "pose": [
      [
        0.04511394037648345,
        0.9989797681688272,
        0.0020384241618662574,
        19.69386962187218
      ],
      [
        -0.998724301649201,
        0.04514854683052656,
        -0.022613668751619943,
        -11.409344897285791
      ],
      [
        -0.022682629455672433,
        -0.0010156320437706068,
        0.9997422001758896,
        0.9290273392668951
      ],
      [
        0.0,
        0.0,
        0.0,
        1.0
      ]
    ],
    "location": [
      19.69386962187218,
      -11.409344897285791,
      0.9290273392668951
    ],
    "rotation": [
      -0.0010158935915689105,
      0.022684574947960938,
      -1.5256554473135129
    ]
  },
  {
    "label_id": "OTlTr3XwDdud2Dgf1nIesQ",
    "size": [
      2.695611277453987,
      6.038662456016443,
      2.420000000000016
    ],
    "obj_class": "vehicle",
    "point_num_in_lidar": 173,
    "speed": 0.010204786256765755,
    "if_vehicle": true,
    "motion_state": false,
    "pose": [
      [
        0.9008300890176211,
        0.4341670134262173,
        0.0020384241618662574,
        59.48260487710331
      ],
      [
        -0.4340153637675858,
        0.9006216108884365,
        -0.022613668751619943,
        -2.3659303812046346
      ],
      [
        -0.011653957876834504,
        0.01948636583041177,
        0.9997422001758896,
        1.520423457696836
      ],
      [
        0.0,
        0.0,
        0.0,
        1.0
      ]
    ],
    "location": [
      59.48260487710331,
      -2.3659303812046346,
      1.520423457696836
    ],
    "rotation": [
      0.01948892291725106,
      0.011654221689490056,
      -0.44897776627047037
    ]
  },
  {
    "label_id": "U_5Tgc-tOQ5hbsJrYWX_dg",
    "size": [
      2.4734179715539786,
      5.7395499897824545,
      2.0
    ],
    "obj_class": "vehicle",
    "point_num_in_lidar": 430,
    "speed": 0.01126970534025691,
    "if_vehicle": true,
    "motion_state": false,
    "pose": [
      [
        0.8929202887046812,
        0.45021017630267446,
        0.0020384241618662574,
        54.22708419709761
      ],
      [
        -0.4500548219783229,
        0.8927145563950732,
        -0.022613668751619943,
        -2.648547010693619
      ],
      [
        -0.012000634716922528,
        0.019274801007083474,
        0.9997422001758896,
        1.191991286055611
      ],
      [
        0.0,
        0.0,
        0.0,
        1.0
      ]
    ],
    "location": [
      54.22708419709761,
      -2.648547010693619,
      1.191991286055611
    ],
    "rotation": [
      0.019277383036118683,
      0.0120009227812935,
      -0.4668630234952697
    ]
  },
  {
    "label_id": "_EujTmJf8bwNtKTgC6_tRw",
    "size": [
      2.8057165012801706,
      9.357663246581296,
      3.3700000000000045
    ],
    "obj_class": "vehicle",
    "point_num_in_lidar": 336,
    "speed": 0.010783043440550845,
    "if_vehicle": true,
    "motion_state": false,
    "pose": [
      [
        0.027862469974299395,
        0.9996096876250589,
        0.0020384241618662574,
        41.39188022764483
      ],
      [
        -0.9993548565604438,
        0.027901481226759377,
        -0.022613668751619943,
        19.09214497099265
      ],
      [
        -0.022661717410347844,
        -0.0014070364192904328,
        0.9997422001758896,
        1.6913605465519481
      ],
      [
        0.0,
        0.0,
        0.0,
        1.0
      ]
    ],
    "location": [
      41.39188022764483,
      19.09214497099265,
      1.6913605465519481
    ],
    "rotation": [
      -0.0014073983173237825,
      0.02266365752588038,
      -1.5429230905704903
    ]
  },
  {
    "label_id": "bBpuQJceUOo4TjDNwEZYPA",
    "size": [
      2.130256959517863,
      4.675593737670226,
      2.009999999999991
    ],
    "obj_class": "vehicle",
    "point_num_in_lidar": 269,
    "speed": 0.023840385937772438,
    "if_vehicle": true,
    "motion_state": false,
    "pose": [
      [
        0.9076173232111784,
        0.41979356764237313,
        0.0020384241618662574,
        54.46304199313863
      ],
      [
        -0.4196452508791947,
        0.9074064609645063,
        -0.022613668751619943,
        0.06858923082654655
      ],
      [
        -0.011342751937388984,
        0.019669142481524984,
        0.9997422001758896,
        1.1080461018764822
      ],
      [
        0.0,
        0.0,
        0.0,
        1.0
      ]
    ],
    "location": [
      54.46304199313863,
      0.06858923082654655,
      1.1080461018764822
    ],
    "rotation": [
      0.019671676616281296,
      0.011342995174142171,
      -0.43308420153655636
    ]
  },
  {
    "label_id": "gaDcJK-aVJhF5BY-ZhzFPg",
    "size": [
      2.5885603987617833,
      6.17289627131434,
      2.2200000000000273
    ],
    "obj_class": "vehicle",
    "point_num_in_lidar": 1100,
    "speed": 0.0031257631855475454,
    "if_vehicle": true,
    "motion_state": false,
    "pose": [
      [
        0.0401434532036156,
        0.9991918474406332,
        0.0020384241618662574,
        41.67762026955688
      ],
      [
        -0.9989365562497758,
        0.04017933017648131,
        -0.022613668751619943,
        11.280568528233744
      ],
      [
        -0.022677295974780985,
        -0.001128465659138295,
        0.9997422001758896,
        1.2045755784878907
      ],
      [
        0.0,
        0.0,
        0.0,
        1.0
      ]
    ],
    "location": [
      41.67762026955688,
      11.280568528233744,
      1.2045755784878907
    ],
    "rotation": [
      -0.0011287561730253326,
      0.022679240094820228,
      -1.5306317495273045
    ]
  },
  {
    "label_id": "kCciq8jtEdufyIuvSt-R-Q",
    "size": [
      2.1350382335649694,
      5.047466922604698,
      1.5199999999999818
    ],
    "obj_class": "vehicle",
    "point_num_in_lidar": 469,
    "speed": 0.01662499006143919,
    "if_vehicle": true,
    "motion_state": false,
    "pose": [
      [
        0.07252746895114674,
        -0.9973643321647696,
        0.0020384241618662574,
        52.42842293244394
      ],
      [
        0.9971146982437505,
        0.07246309772474821,
        -0.022613668751619943,
        5.7600775790488115
      ],
      [
        0.022406356103008937,
        0.003672654851306676,
        0.9997422001758896,
        0.8171185435246002
      ],
      [
        0.0,
        0.0,
        0.0,
        1.0
      ]
    ],
    "location": [
      52.42842293244394,
      5.7600775790488115,
      0.8171185435246002
    ],
    "rotation": [
      0.0036735853798498417,
      -0.022408231359102967,
      1.4981868606367286
    ]
  },
  {
    "label_id": "mXlqoSS9QQPj-Kfg45y0sA",
    "size": [
      2.0420233218085317,
      4.450866263378696,
      1.6299999999999955
    ],
    "obj_class": "vehicle",
    "point_num_in_lidar": 51,
    "speed": 0.022020226474995127,
    "if_vehicle": true,
    "motion_state": false,
    "pose": [
      [
        0.9996331262531459,
        -0.02700847504578065,
        0.0020384241618662574,
        54.52905551422509
      ],
      [
        0.02704770399082365,
        0.9993783286095497,
        -0.022613668751619943,
        16.11125086489983
      ],
      [
        -0.0014263962237115455,
        0.022660507083572815,
        0.9997422001758896,
        1.000907539144464
      ],
      [
        0.0,
        0.0,
        0.0,
        1.0
      ]
    ],
    "location": [
      54.52905551422509,
      16.11125086489983,
      1.000907539144464
    ],
    "rotation": [
      0.022662469946778643,
      0.0014263967074044186,
      0.02705103052167503
    ]
  },
  {
    "label_id": "pTCBySy6WZ3NJyU7-hnc2Q",
    "size": [
      2.5899617804956865,
      5.748041104335103,
      2.3000000000000114
    ],
    "obj_class": "vehicle",
    "point_num_in_lidar": 837,
    "speed": 0.006582550698429198,
    "if_vehicle": true,
    "motion_state": false,
    "pose": [
      [
        -0.8520723292072933,
        -0.5234200900101128,
        0.0020384241618662574,
        52.279452177084295
      ],
      [
        0.5232480492511135,
        -0.8518803325235867,
        -0.022613668751619943,
        -4.985333612171871
      ],
      [
        0.013572941986266523,
        -0.01820187993887213,
        0.9997422001758896,
        1.217998125341012
      ],
      [
        0.0,
        0.0,
        0.0,
        1.0
      ]
    ],
    "location": [
      52.279452177084295,
      -4.985333612171871,
      1.217998125341012
    ],
    "rotation": [
      -0.018204562289459728,
      -0.013573358766135753,
      2.5908781192039827
    ]
  },
  {
    "label_id": "tz2RhKx6kf8FueDYjfUrGQ",
    "size": [
      2.3360933041956273,
      5.4823868462221625,
      2.1999999999999886
    ],
    "obj_class": "vehicle",
    "point_num_in_lidar": 7375,
    "speed": 0.015518634105569922,
    "if_vehicle": true,
    "motion_state": false,
    "pose": [
      [
        0.06719715574459478,
        0.9977376343943196,
        0.0020384241618662574,
        23.689231227640448
      ],
      [
        -0.9974814649789713,
        0.06722610362796205,
        -0.022613668751619943,
        -11.301306908442712
      ],
      [
        -0.02269954367916139,
        -0.0005137160981676044,
        0.9997422001758896,
        1.2031534413546296
      ],
      [
        0.0,
        0.0,
        0.0,
        1.0
      ]
    ],
    "location": [
      23.689231227640448,
      -11.301306908442712,
      1.2031534413546296
    ],
    "rotation": [
      -0.0005138485230125373,
      0.022701493527575795,
      -1.5035311387759869
    ]
  }
]