[
  {
    "label_id": "-p3GvvA-sgqoIf7veEKtKg",
    "size": [
      2.100282460757596,
      4.506576856352175,
      1.8700000000000045
    ],
    "obj_class": "vehicle",
    "point_num_in_lidar": 2011,
    "speed": 0.018144787778741327,
    "if_vehicle": true,
    "motion_state": false,
    "pose": [
      [
        0.6528469445041963,
        0.7574871003381529,
        0.0020395766305364316,
        49.08963569536536
      ],
      [
        -0.757175337513009,
        0.6526510999036588,
        -0.027056423573812674,
        -8.197511753575782
      ],
      [
        -0.021826023769705605,
        0.016119386335764842,
        0.9996318272596979,
        0.9871548050989531
      ],
      [
        0.0,
        0.0,
        0.0,
        1.0
      ]
    ],
    "location": [
      49.08963569536536,
      -8.197511753575782,
      0.9871548050989531
    ],
    "rotation": [
      0.01612392579019445,
      0.02182775703777638,
      -0.8592541808266287
    ]
  },
  {
    "label_id": "9pLXtlW92jkIDAnlQkn0dg",
    "size": [
      2.1279412710347985,
      4.671806951627692,
      1.6999999999999886
    ],
    "obj_class": "vehicle",
    "point_num_in_lidar": 1967,
    "speed": 0.016744008760351696,
    "if_vehicle": true,
    "motion_state": false,
    "pose": [
      [
        0.6061339694687738,
        0.7953599507035766,
        0.0020395766305364316,
        46.09214880893933
      ],
      [
        -0.7950369794193748,
        0.605957219033746,
        -0.027056423573812674,
        -10.725005508420509
      ],
      [
        -0.022755491902928807,
        0.014778278576787552,
        0.9996318272596979,
        0.9265334463771637
      ],
      [
        0.0,
        0.0,
        0.0,
        1.0
      ]
    ],
    "location": [
      46.09214880893933,
      -10.725005508420509,
      0.9265334463771637
    ],
    "rotation": [
      0.014782644645654042,
      0.022757456206700413,
      -0.9194081060413476
    ]
  },
  {
    "label_id": "OTlTr3XwDdud2Dgf1nIesQ",
    "size": [
      2.6956112774539878,
      6.038662456016443,
      2.420000000000016
    ],
    "obj_class": "vehicle",
    "point_num_in_lidar": 388,
    "speed": 0.004795906853652036,
    "if_vehicle": true,
    "motion_state": false,
    "pose": [
      [
        0.900830086900766,
        0.4341670124059711,
        0.0020395766305364316,
        59.46559385122555
      ],
      [
        -0.43395925807106395,
        0.9005261308134298,
        -0.027056423573812674,
        -2.362595891235287
      ],
      [
        -0.0135836986410272,
        0.02348814723785493,
        0.9996318272596979,
        1.4410505419648416
      ],
      [
        0.0,
        0.0,
        0.0,
        1.0
      ]
    ],
    "location": [
      59.46559385122555,
      -2.362595891235287,
      1.4410505419648416
    ],
    "rotation": [
      0.023492475359936777,
      0.013584116412640049,
      -0.44892721739338787
    ]
  },
  {
    "label_id": "U_5Tgc-tOQ5hbsJrYWX_dg",
    "size": [
      2.473417971553979,
      5.7395499897824545,
      2.0
    ],
    "obj_class": "vehicle",
    "point_num_in_lidar": 961,
    "speed": 0.011269705246430289,
    "if_vehicle": true,
    "motion_state": false,
    "pose": [
      [
        0.8929202866064134,
        0.4502101752447281,
        0.0020395766305364316,
        54.24604626524069
      ],
      [
        -0.44999701746127996,
        0.8926200951240943,
        -0.027056423573812674,
        -2.6511780090522734
      ],
      [
        -0.014001644284624104,
        0.02324142609144821,
        0.9996318272596979,
        1.1048228540176979
      ],
      [
        0.0,
        0.0,
        0.0,
        1.0
      ]
    ],
    "location": [
      54.24604626524069,
      -2.6511780090522734,
      1.1048228540176979
    ],
    "rotation": [
      0.023245798108918875,
      0.014002101819481461,
      -0.46681140083608474
    ]
  },
  {
    "label_id": "_EujTmJf8bwNtKTgC6_tRw",
    "size": [
      2.805716501280332,
      9.357663246581296,
      3.3700000000000045
    ],
    "obj_class": "vehicle",
    "point_num_in_lidar": 1963,
    "speed": 0.019215909447549185,
    "if_vehicle": true,
    "motion_state": false,
    "pose": [
      [
        0.02924770475659821,
        0.9995701135456377,
        0.0020395766305364316,
        41.38132357058021
      ],
      [
        -0.9992046416469719,
        0.029292218327417355,
        -0.027056423573812674,
        19.100302342256327
      ],
      [
        -0.02710453610777197,
        -0.0012466161477703564,
        0.9996318272596979,
        1.6934204461671243
      ],
      [
        0.0,
        0.0,
        0.0,
        1.0
      ]
    ],
    "location": [
      41.38132357058021,
      19.100302342256327,
      1.6934204461671243
    ],
    "rotation": [
      -0.0012470746404142127,
      0.02710785595654195,
      -1.541533696522277
    ]
  },
  {
    "label_id": "bBpuQJceUOo4TjDNwEZYPA",
    "size": [
      2.1302569595178618,
      4.675593737670226,
      2.009999999999991
    ],
    "obj_class": "vehicle",
    "point_num_in_lidar": 635,
    "speed": 0.023840385339987592,
    "if_vehicle": true,
    "motion_state": false,
    "pose": [
      [
        0.9076173210783745,
        0.41979356665590173,
        0.0020395766305364316,
        54.445354162131935
      ],
      [
        -0.41959066991605437,
        0.9073101011576975,
        -0.027056423573812674,
        0.10501971345229322
      ],
      [
        -0.013208641031974524,
        0.023701091357273725,
        0.9996318272596979,
        1.0675585745042895
      ],
      [
        0.0,
        0.0,
        0.0,
        1.0
      ]
    ],
    "location": [
      54.445354162131935,
      0.10501971345229322,
      1.0675585745042895
    ],
    "rotation": [
      0.02370537929541315,
      0.013209025143431762,
      -0.4330346562946495
    ]
  },
  {
    "label_id": "gaDcJK-aVJhF5BY-ZhzFPg",
    "size": [
      2.588560398761781,
      6.17289627131434,
      2.2200000000000273
    ],
    "obj_class": "vehicle",
    "point_num_in_lidar": 1999,
    "speed": 0.020555064652052157,
    "if_vehicle": true,
    "motion_state": false,
    "pose": [
      [
        0.0401434531092828,
        0.9991918450926385,
        0.0020395766305364316,
        41.69345820748458
      ],
      [
        -0.9988259096194733,
        0.04018397959668147,
        -0.027056423573812674,
        11.28567619091882
      ],
      [
        -0.027116516098033186,
        -0.0009510437121939286,
        0.9996318272596979,
        1.1205710852465245
      ],
      [
        0.0,
        0.0,
        0.0,
        1.0
      ]
    ],
    "location": [
      41.69345820748458,
      11.28567619091882,
      1.1205710852465245
    ],
    "rotation": [
      -0.0009513937024747261,
      0.027119840351761924,
      -1.5306273051068875
    ]
  },
  {
    "label_id": "kCciq8jtEdufyIuvSt-R-Q",
    "size": [
      2.1350382335649694,
      5.047466922604698,
      1.5199999999999818
    ],
    "obj_class": "vehicle",
    "point_num_in_lidar": 877,
    "speed": 0.016519788368055104,
    "if_vehicle": true,
    "motion_state": false,
    "pose": [
      [
        0.0725274687807133,
        -0.9973643298210694,
        0.0020395766305364316,
        52.41719426297732
      ],
      [
        0.9970052772082421,
        0.07244602930672583,
        -0.027056423573812674,
        5.785795118939404
      ],
      [
        0.0268373525367015,
        0.003995802579982881,
        0.9996318272596979,
        0.749736214573943
      ],
      [
        0.0,
        0.0,
        0.0,
        1.0
      ]
    ],
    "location": [
      52.41719426297732,
      5.785795118939404,
      0.749736214573943
    ],
    "rotation": [
      0.0039972529778564275,
      -0.026840575152705666,
      1.4981789199229467
    ]
  },
  {
    "label_id": "mXlqoSS9QQPj-Kfg45y0sA",
    "size": [
      2.042023321808536,
      4.450866263378696,
      1.6299999999999955
    ],
    "obj_class": "vehicle",
    "point_num_in_lidar": 201,
    "speed": 0.022020225922680842,
    "if_vehicle": true,
    "motion_state": false,
    "pose": [
      [
        0.9996331239041142,
        -0.027008474982312524,
        0.0020395766305364316,
        54.55103506247042
      ],
      [
        0.027053807142129488,
        0.999267752638156,
        -0.027056423573812674,
        16.08098418273039
      ],
      [
        -0.001307330416725272,
        0.027101675531577402,
        0.9996318272596979,
        1.0233450445604149
      ],
      [
        0.0,
        0.0,
        0.0,
        1.0
      ]
    ],
    "location": [
      54.55103506247042,
      16.08098418273039,
      1.0233450445604149
    ],
    "rotation": [
      0.027105017497559926,
      0.0013073307891214205,
      0.027057131508851022
    ]
  },
  {
    "label_id": "pTCBySy6WZ3NJyU7-hnc2Q",
    "size": [
      2.5899617804956905,
      5.748041104335103,
      2.3000000000000114
    ],
    "obj_class": "vehicle",
    "point_num_in_lidar": 2057,
    "speed": 0.006745771545803584,
    "if_vehicle": true,
    "motion_state": false,
    "pose": [
      [
        -0.8520723272050122,
        -0.5234200887801335,
        0.0020395766305364316,
        52.26801359009551
      ],
      [
        0.523182535684114,
        -0.8517910449743736,
        -0.027056423573812674,
        -4.984650482158941
      ],
      [
        0.015899168738507864,
        -0.021986958927097004,
        0.9996318272596979,
        1.1580600620412156
      ],
      [
        0.0,
        0.0,
        0.0,
        1.0
      ]
    ],
    "location": [
      52.26801359009551,
      -4.984650482158941,
      1.1580600620412156
    ],
    "rotation": [
      -0.021991510995270996,
      -0.015899838656145426,
      2.590933952653824
    ]
  }
]