[
  {
    "label_id": "-p3GvvA-sgqoIf7veEKtKg",
    "size": [
      2.100282460757595,
      4.506576856352175,
      1.8700000000000045
    ],
    "obj_class": "vehicle",
    "point_num_in_lidar": 2850,
    "speed": 0.015752729407683234,
    "if_vehicle": true,
    "motion_state": false,
    "pose": [
      [
        0.6528309380473456,
        0.7574685283210998,
        0.007293485537789511,
        49.11035000857419
      ],
      [
        -0.7570295261512172,
        0.6527326966407628,
        -0.029091635762559638,
        -8.208552160395811
      ],
      [
        -0.026796695010511278,
        0.013470535963539965,
        0.9995501397115447,
        0.9327504643177917
      ],
      [
        0.0,
        0.0,
        0.0,
        1.0
      ]
    ],
    "location": [
      49.11035000857419,
      -8.208552160395811,
      0.9327504643177917
    ],
    "rotation": [
      0.013475782771471182,
      0.0267999029991365,
      -0.8591710583759602
    ]
  },
  {
    "label_id": "9pLXtlW92jkIDAnlQkn0dg",
    "size": [
      2.127941271034799,
      4.671806951627692,
      1.6999999999999886
    ],
    "obj_class": "vehicle",
    "point_num_in_lidar": 2626,
    "speed": 0.011692432800018583,
    "if_vehicle": true,
    "motion_state": false,
    "pose": [
      [
        0.606119108317458,
        0.7953404501225622,
        0.007293485537789511,
        46.08713670974839
      ],
      [
        -0.7948963364905467,
        0.6060474329312567,
        -0.029091635762559638,
        -10.746078371465046
      ],
      [
        -0.02755795286949439,
        0.01183543139366325,
        0.9995501397115447,
        0.8683338419762663
      ],
      [
        0.0,
        0.0,
        0.0,
        1.0
      ]
    ],
    "location": [
      46.08713670974839,
      -10.746078371465046,
      0.8683338419762663
    ],
    "rotation": [
      0.011840204754941614,
      0.027561442167562216,
      -0.919334625822448
    ]
  },
  {
    "label_id": "OTlTr3XwDdud2Dgf1nIesQ",
    "size": [
      2.6956112774539847,
      6.038662456016443,
      2.420000000000016
    ],
    "obj_class": "vehicle",
    "point_num_in_lidar": 926,
    "speed": 0.05308222998414363,
    "if_vehicle": true,
    "motion_state": false,
    "pose": [
      [
        0.9008080004101471,
        0.434156367528777,
        0.007293485537789511,
        59.49826626530148
      ],
      [
        -0.43379300048560415,
        0.9005427860231602,
        -0.029091635762559638,
        -2.356333728516347
      ],
      [
        -0.019198414694163748,
        0.0230421152644956,
        0.9995501397115447,
        1.3947935601445351
      ],
      [
        0.0,
        0.0,
        0.0,
        1.0
      ]
    ],
    "location": [
      59.49826626530148,
      -2.356333728516347,
      1.3947935601445351
    ],
    "rotation": [
      0.023048403468885308,
      0.0191995942456359,
      -0.4487869934155989
    ]
  },
  {
    "label_id": "RyC6A2S0_qzyhiw5bvAnLg",
    "size": [
      2.197504763384253,
      4.391386662060993,
      1.8999999999999773
    ],
    "obj_class": "vehicle",
    "point_num_in_lidar": 290,
    "speed": 0.013745872469992667,
    "if_vehicle": true,
    "motion_state": false,
    "pose": [
      [
        0.9157341430401228,
        0.40171853870500157,
        0.007293485537789511,
        59.24648527334284
      ],
      [
        -0.40136487212044375,
        0.9154561246484718,
        -0.029091635762559638,
        -5.095049205048326
      ],
      [
        -0.018363515412678087,
        0.023712855254475747,
        0.9995501397115447,
        1.1389273486383331
      ],
      [
        0.0,
        0.0,
        0.0,
        1.0
      ]
    ],
    "location": [
      59.24648527334284,
      -5.095049205048326,
      1.1389273486383331
    ],
    "rotation": [
      0.023719078450395278,
      0.01836454765612105,
      -0.41308043470397676
    ]
  },
  {
    "label_id": "U_5Tgc-tOQ5hbsJrYWX_dg",
    "size": [
      2.473417971553979,
      5.7395499897824545,
      2.0
    ],
    "obj_class": "vehicle",
    "point_num_in_lidar": 2599,
    "speed": 0.03197466655012338,
    "if_vehicle": true,
    "motion_state": false,
    "pose": [
      [
        0.8928983940477381,
        0.45019913702236275,
        0.007293485537789511,
        54.260486867761756
      ],
      [
        -0.44983108437477615,
        0.8926397214211743,
        -0.029091635762559638,
        -2.6531816513374906
      ],
      [
        -0.01960748421351505,
        0.022695038344275643,
        0.9995501397115447,
        1.0384395528914183
      ],
      [
        0.0,
        0.0,
        0.0,
        1.0
      ]
    ],
    "location": [
      54.260486867761756,
      -2.6531816513374906,
      1.0384395528914183
    ],
    "rotation": [
      0.022701352007287755,
      0.019608740791703706,
      -0.46667304724488556
    ]
  },
  {
    "label_id": "_EujTmJf8bwNtKTgC6_tRw",
    "size": [
      2.805716501280765,
      9.357663246581296,
      3.3700000000000045
    ],
    "obj_class": "vehicle",
    "point_num_in_lidar": 1353,
    "speed": 0.025628192425865042,
    "if_vehicle": true,
    "motion_state": false,
    "pose": [
      [
        0.030301852557327907,
        0.9995141833912633,
        0.007293485537789511,
        41.44069383860369
      ],
      [
        -0.9991112598775849,
        0.030501919849142543,
        -0.029091635762559638,
        19.118539603920908
      ],
      [
        -0.029299967874025404,
        -0.0064054730670312565,
        0.9995501397115447,
        1.6949891667240422
      ],
      [
        0.0,
        0.0,
        0.0,
        1.0
      ]
    ],
    "location": [
      41.44069383860369,
      19.118539603920908,
      1.6949891667240422
    ],
    "rotation": [
      -0.0064082682100014155,
      0.02930416177345671,
      -1.5404768138626266
    ]
  },
  {
    "label_id": "bBpuQJceUOo4TjDNwEZYPA",
    "size": [
      2.1302569595178635,
      4.675593737670226,
      2.009999999999991
    ],
    "obj_class": "vehicle",
    "point_num_in_lidar": 1422,
    "speed": 0.02384038593761357,
    "if_vehicle": true,
    "motion_state": false,
    "pose": [
      [
        0.90759506817881,
        0.4197832741858726,
        0.007293485537789511,
        54.43188396003961
      ],
      [
        -0.41942416860145765,
        0.9073241116170311,
        -0.029091635762559638,
        0.13276341832261096
      ],
      [
        -0.018829737397996642,
        0.0233443610354593,
        0.9995501397115447,
        1.0367252193179866
      ],
      [
        0.0,
        0.0,
        0.0,
        1.0
      ]
    ],
    "location": [
      54.43188396003961,
      0.13276341832261096,
      1.0367252193179866
    ],
    "rotation": [
      0.023350622549157034,
      0.018830850284411775,
      -0.43289283641223636
    ]
  },
  {
    "label_id": "gaDcJK-aVJhF5BY-ZhzFPg",
    "size": [
      2.5885603987617802,
      6.17289627131434,
      2.2200000000000273
    ],
    "obj_class": "vehicle",
    "point_num_in_lidar": 2601,
    "speed": 0.022243570809610157,
    "if_vehicle": true,
    "motion_state": false,
    "pose": [
      [
        0.04014246887483849,
        0.9991673469751414,
        0.007293485537789511,
        41.7202721442045
      ],
      [
        -0.9987624729593881,
        0.04033855893194683,
        -0.029091635762559638,
        11.296117611278078
      ],
      [
        -0.029361621220229284,
        -0.0061166495690994985,
        0.9995501397115447,
        1.0468739806809708
      ],
      [
        0.0,
        0.0,
        0.0,
        1.0
      ]
    ],
    "location": [
      41.7202721442045,
      11.296117611278078,
      1.0468739806809708
    ],
    "rotation": [
      -0.006119326062367744,
      0.0293658416568424,
      -1.5306257403693952
    ]
  },
  {
    "label_id": "kCciq8jtEdufyIuvSt-R-Q",
    "size": [
      2.1350382335649734,
      5.047466922604698,
      1.5199999999999818
    ],
    "obj_class": "vehicle",
    "point_num_in_lidar": 1841,
    "speed": 0.01651978878302321,
    "if_vehicle": true,
    "motion_state": false,
    "pose": [
      [
        0.0725256905571814,
        -0.9973398765104673,
        0.007293485537789511,
        52.40864304791421
      ],
      [
        0.9969596345644905,
        0.07228529433913944,
        -0.029091635762559638,
        5.805380361442985
      ],
      [
        0.02848703667006135,
        0.009381201649573663,
        0.9995501397115447,
        0.6984210709564991
      ],
      [
        0.0,
        0.0,
        0.0,
        1.0
      ]
    ],
    "location": [
      52.40864304791421,
      5.805380361442985,
      0.6984210709564991
    ],
    "rotation": [
      0.009385148218211284,
      -0.028490891002914787,
      1.4981773812973722
    ]
  },
  {
    "label_id": "mXlqoSS9QQPj-Kfg45y0sA",
    "size": [
      2.042023321808535,
      4.450866263378696,
      1.6299999999999955
    ],
    "obj_class": "vehicle",
    "point_num_in_lidar": 414,
    "speed": 0.021254799460669764,
    "if_vehicle": true,
    "motion_state": false,
    "pose": [
      [
        0.9996086149673734,
        -0.02700781279036653,
        0.007293485537789511,
        54.567773630169995
      ],
      [
        0.027209206820655123,
        0.9992063529586116,
        -0.029091635762559638,
        16.057934532078434
      ],
      [
        -0.006501995632130294,
        0.02927869968818872,
        0.9995501397115447,
        0.9815773332606454
      ],
      [
        0.0,
        0.0,
        0.0,
        1.0
      ]
    ],
    "location": [
      54.567773630169995,
      16.057934532078434,
      0.9815773332606454
    ],
    "rotation": [
      0.02928350363658904,
      0.006502041446005878,
      0.027213140666698155
    ]
  },
  {
    "label_id": "pTCBySy6WZ3NJyU7-hnc2Q",
    "size": [
      2.58996178049569,
      5.748041104335103,
      2.3000000000000114
    ],
    "obj_class": "vehicle",
    "point_num_in_lidar": 3919,
    "speed": 0.005174142317373638,
    "if_vehicle": true,
    "motion_state": false,
    "pose": [
      [
        -0.8520514361538197,
        -0.5234072556021011,
        0.007293485537789511,
        52.25930251193404
      ],
      [
        0.5230188296302799,
        -0.8518245010451571,
        -0.029091635762559638,
        -4.984130243170512
      ],
      [
        0.0214395429145649,
        -0.02097293976165272,
        0.9995501397115447,
        1.1124141134035312
      ],
      [
        0.0,
        0.0,
        0.0,
        1.0
      ]
    ],
    "location": [
      52.25930251193404,
      -4.984130243170512,
      1.1124141134035312
    ],
    "rotation": [
      -0.02097930047820679,
      -0.02144118571633629,
      2.5910625580316498
    ]
  }
]