[
  {
    "label_id": "_EujTmJf8bwNtKTgC6_tRw",
    "size": [
      2.8057165012804246,
      9.357663246581296,
      3.3700000000000045
    ],
    "obj_class": "vehicle",
    "point_num_in_lidar": 29614,
    "speed": 0.03599566839568098,
    "if_vehicle": true,
    "motion_state": false,
    "pose": [
      [
        0.03418954665334522,
        0.9989891654173324,
        0.029184281358644357,
        41.45133316790316
      ],
      [
        -0.999413564586524,
        0.03411945279157689,
        0.002896525791562855,
        19.16051637700275
      ],
      [
        0.0018978461730507908,
        -0.029266197566222053,
        0.999569851416057,
        1.6887542706880367
      ],
      [
        0.0,
        0.0,
        0.0,
        1.0
      ]
    ],
    "location": [
      41.45133316790316,
      19.16051637700275,
      1.6887542706880367
    ],
    "rotation": [
      -0.029270429705849615,
      -0.0018978473123360518,
      -1.536600054190378
    ]
  },
  {
    "label_id": "dLWsp-L7X2eBuheHGqxkrQ",
    "size": [
      1.9919397396317065,
      4.414554076291429,
      1.7699999999999818
    ],
    "obj_class": "vehicle",
    "point_num_in_lidar": 72,
    "speed": 0.018423618465482294,
    "if_vehicle": true,
    "motion_state": false,
    "pose": [
      [
        0.4693507650288446,
        -0.882529397294174,
        0.029184281358644357,
        47.25256873731314
      ],
      [
        0.8828620561663221,
        0.46962346610887407,
        0.002896525791562855,
        85.14883323186677
      ],
      [
        -0.01626189252861816,
        0.024406208051833415,
        0.999569851416057,
        1.4059034786611733
      ],
      [
        0.0,
        0.0,
        0.0,
        1.0
      ]
    ],
    "location": [
      47.25256873731314,
      85.14883323186677,
      1.4059034786611733
    ],
    "rotation": [
      0.024411860383233015,
      0.016262609354530905,
      1.082170646075404
    ]
  },
  {
    "label_id": "gaDcJK-aVJhF5BY-ZhzFPg",
    "size": [
      2.5885603987617816,
      6.17289627131434,
      2.2200000000000273
    ],
    "obj_class": "vehicle",
    "point_num_in_lidar": 7317,
    "speed": 0.02410639662785272,
    "if_vehicle": true,
    "motion_state": false,
    "pose": [
      [
        0.040126437391421986,
        0.9987683148477688,
        0.029184281358644357,
        41.76525840307568
      ],
      [
        -0.9991931231239407,
        0.04005886718523592,
        0.002896525791562855,
        11.352596732555867
      ],
      [
        0.001723868932909841,
        -0.029276960497699442,
        0.999569851416057,
        1.0468739806809708
      ],
      [
        0.0,
        0.0,
        0.0,
        1.0
      ]
    ],
    "location": [
      41.76525840307568,
      11.352596732555867,
      1.0468739806809708
    ],
    "rotation": [
      -0.029281188043027682,
      -0.0017238697867214576,
      -1.5306590537866527
    ]
  },
  {
    "label_id": "mPXHOCaID-XFTqY0OH397w",
    "size": [
      2.1500791571596714,
      4.74676163231082,
      2.1399999999999864
    ],
    "obj_class": "vehicle",
    "point_num_in_lidar": 40,
    "speed": 0.02135115860814537,
    "if_vehicle": true,
    "motion_state": false,
    "pose": [
      [
        0.024228165282369825,
        0.9992803779363577,
        0.029184281358644357,
        -11.700822296952538
      ],
      [
        -0.999704057194235,
        0.024153843746375747,
        0.002896525791562855,
        -12.411618426364385
      ],
      [
        0.0021895288159083748,
        -0.029245821986157477,
        0.999569851416057,
        1.0682007388925854
      ],
      [
        0.0,
        0.0,
        0.0,
        1.0
      ]
    ],
    "location": [
      -11.700822296952538,
      -12.411618426364385,
      1.0682007388925854
    ],
    "rotation": [
      -0.02925006280481175,
      -0.0021895305653589687,
      -1.5465657324552697
    ]
  },
  {
    "label_id": "mXlqoSS9QQPj-Kfg45y0sA",
    "size": [
      2.0420233218085353,
      4.450866263378696,
      1.6299999999999955
    ],
    "obj_class": "vehicle",
    "point_num_in_lidar": 3866,
    "speed": 0.02815396918192599,
    "if_vehicle": true,
    "motion_state": false,
    "pose": [
      [
        0.9992094066131594,
        -0.026997026824405544,
        0.029184281358644357,
        54.5104697570805
      ],
      [
        0.02692387956718117,
        0.9996332901856515,
        0.002896525791562855,
        16.145426788004897
      ],
      [
        -0.029251776780737836,
        -0.0021084817408723606,
        0.999569851416057,
        0.8759034786611437
      ],
      [
        0.0,
        0.0,
        0.0,
        1.0
      ]
    ],
    "location": [
      54.5104697570805,
      16.145426788004897,
      0.8759034786611437
    ],
    "rotation": [
      -0.0021093859630201555,
      0.029255950015148267,
      0.026938663970429943
    ]
  },
  {
    "label_id": "y9WVnbYRiMEkmJ-hLwmHwQ",
    "size": [
      1.9528716444822096,
      4.39227615042644,
      1.759999999999991
    ],
    "obj_class": "vehicle",
    "point_num_in_lidar": 131,
    "speed": 0.02466510748136418,
    "if_vehicle": true,
    "motion_state": false,
    "pose": [
      [
        -0.030849755906174267,
        0.9990978782292099,
        0.029184281358644357,
        40.43061440526435
      ],
      [
        -0.9995168206122946,
        -0.030947301197825957,
        0.002896525791562855,
        56.61782202287441
      ],
      [
        0.0037970875180346948,
        -0.02908082300180121,
        0.999569851416057,
        1.0422827804849817
      ],
      [
        0.0,
        0.0,
        0.0,
        1.0
      ]
    ],
    "location": [
      40.43061440526435,
      56.61782202287441,
      1.0422827804849817
    ],
    "rotation": [
      -0.02908513320947905,
      -0.0037970966424152207,
      -1.601651200623865
    ]
  }
]