[
  {
    "label_id": "_EujTmJf8bwNtKTgC6_tRw",
    "size": [
      2.8057165012804752,
      9.357663246581296,
      3.3700000000000045
    ],
    "obj_class": "vehicle",
    "point_num_in_lidar": 37622,
    "speed": 0.03796100632708692,
    "if_vehicle": true,
    "motion_state": false,
    "pose": [
      [
        0.03410759584507579,
        0.9990752445443911,
        0.026178763229651,
        41.44812825680037
      ],
      [
        -0.9994099388510028,
        0.03420190032463123,
        -0.0031629321868855346,
        19.183248814947547
      ],
      [
        -0.004055370698692636,
        -0.026055436145824715,
        0.9996522736510667,
        1.6878992590828261
      ],
      [
        0.0,
        0.0,
        0.0,
        1.0
      ]
    ],
    "location": [
      41.44812825680037,
      19.183248814947547,
      1.6878992590828261
    ],
    "rotation": [
      -0.026058599487232915,
      0.00405538181456728,
      -1.536681833797383
    ]
  },
  {
    "label_id": "dLWsp-L7X2eBuheHGqxkrQ",
    "size": [
      1.9919397396317031,
      4.414554076291429,
      1.7699999999999818
    ],
    "obj_class": "vehicle",
    "point_num_in_lidar": 98,
    "speed": 0.02155226870129262,
    "if_vehicle": true,
    "motion_state": false,
    "pose": [
      [
        0.46938984541327966,
        -0.8826028809032198,
        0.026178763229651,
        47.258392629233185
      ],
      [
        0.882939946034124,
        0.4694752896130314,
        -0.0031629321868855346,
        85.16037233329052
      ],
      [
        -0.009498669388704688,
        0.024598924043483048,
        0.9996522736510667,
        1.4059034786611733
      ],
      [
        0.0,
        0.0,
        0.0,
        1.0
      ]
    ],
    "location": [
      47.258392629233185,
      85.16037233329052,
      1.4059034786611733
    ],
    "rotation": [
      0.02460251567625954,
      0.009498812230302201,
      1.0821727015204008
    ]
  },
  {
    "label_id": "mXlqoSS9QQPj-Kfg45y0sA",
    "size": [
      2.042023321808535,
      4.450866263378696,
      1.6299999999999955
    ],
    "obj_class": "vehicle",
    "point_num_in_lidar": 4236,
    "speed": 0.06831338005776554,
    "if_vehicle": true,
    "motion_state": false,
    "pose": [
      [
        0.9992926055565771,
        -0.02699927472568853,
        0.026178763229651,
        54.55361503193353
      ],
      [
        0.027091195791258228,
        0.9996279622792578,
        -0.0031629321868855346,
        16.1532902697204
      ],
      [
        -0.026083626867194742,
        0.0038699087464590747,
        0.9996522736510667,
        0.8759034786610869
      ],
      [
        0.0,
        0.0,
        0.0,
        1.0
      ]
    ],
    "location": [
      54.55361503193353,
      16.1532902697204,
      0.8759034786610869
    ],
    "rotation": [
      0.003871235544958134,
      0.026086585463314917,
      0.02710373465456187
    ]
  },
  {
    "label_id": "y9WVnbYRiMEkmJ-hLwmHwQ",
    "size": [
      1.9528716444822098,
      4.39227615042644,
      1.759999999999991
    ],
    "obj_class": "vehicle",
    "point_num_in_lidar": 162,
    "speed": 0.02164026434913213,
    "if_vehicle": true,
    "motion_state": false,
    "pose": [
      [
        -0.03085232460406159,
        0.9991810678862423,
        0.026178763229651,
        40.44327651313233
      ],
      [
        -0.9995211804209939,
        -0.03077995694935731,
        -0.0031629321868855346,
        56.625469563592105
      ],
      [
        -0.0023545607549479803,
        -0.026263812135792906,
        0.9996522736510667,
        1.043953704657838
      ],
      [
        0.0,
        0.0,
        0.0,
        1.0
      ]
    ],
    "location": [
      40.44327651313233,
      56.625469563592105,
      1.043953704657838
    ],
    "rotation": [
      -0.0262669053112097,
      0.0023545629305504155,
      -1.6016536336058598
    ]
  }
]