[
  {
    "label_id": "-p3GvvA-sgqoIf7veEKtKg",
    "size": [
      2.100282460757599,
      4.506576856352175,
      1.8700000000000045
    ],
    "obj_class": "vehicle",
    "point_num_in_lidar": 367,
    "speed": 0.01814478793083071,
    "if_vehicle": true,
    "motion_state": false,
    "pose": [
      [
        0.6528482878104083,
        0.757488658953289,
        -0.00021132952071785844,
        49.048021370335846
      ],
      [
        -0.7572912955331221,
        0.652671768939002,
        -0.023009905254035734,
        -8.175331965461737
      ],
      [
        -0.01729181346140581,
        0.015182015254305766,
        0.9997352147444013,
        1.090563832032558
      ],
      [
        0.0,
        0.0,
        0.0,
        1.0
      ]
    ],
    "location": [
      49.048021370335846,
      -8.175331965461737,
      1.090563832032558
    ],
    "rotation": [
      0.015184869074855478,
      0.017292675305713028,
      -0.8593288955139959
    ]
  },
  {
    "label_id": "5sSq6-HBx5fWIwENoIgcew",
    "size": [
      1.0452475631213776,
      1.4277462463540846,
      1.329999999999984
    ],
    "obj_class": "pedestrian",
    "point_num_in_lidar": 464,
    "speed": 7.105427357601002e-14,
    "if_vehicle": false,
    "motion_state": false,
    "pose": [
      [
        -0.024349834453225278,
        -0.9997034764878705,
        -0.00021132952071785844,
        11.178844431591642
      ],
      [
        0.999438932787699,
        -0.024338526832696005,
        -0.023009905254035734,
        -15.31982824634133
      ],
      [
        0.02299793882690551,
        -0.0007714983343729609,
        0.9997352147444013,
        1.06212314413375
      ],
      [
        0.0,
        0.0,
        0.0,
        1.0
      ]
    ],
    "location": [
      11.178844431591642,
      -15.31982824634133,
      1.06212314413375
    ],
    "rotation": [
      -0.0007717025166722875,
      -0.022999966597768835,
      1.5951550119619424
    ]
  },
  {
    "label_id": "9pLXtlW92jkIDAnlQkn0dg",
    "size": [
      2.127941271034801,
      4.671806951627692,
      1.6999999999999886
    ],
    "obj_class": "vehicle",
    "point_num_in_lidar": 533,
    "speed": 0.016744009040875276,
    "if_vehicle": true,
    "motion_state": false,
    "pose": [
      [
        0.6061352166577723,
        0.7953615872463727,
        -0.00021132952071785844,
        46.10221793953178
      ],
      [
        -0.7951539701738061,
        0.6059708804695441,
        -0.023009905254035734,
        -10.682670869410686
      ],
      [
        -0.018173135229499905,
        0.014115153413843493,
        0.9997352147444013,
        1.043454400003725
      ],
      [
        0.0,
        0.0,
        0.0,
        1.0
      ]
    ],
    "location": [
      46.10221793953178,
      -10.682670869410686,
      1.043454400003725
    ],
    "rotation": [
      0.014117953832504415,
      0.018174135696749184,
      -0.9194780562122173
    ]
  },
  {
    "label_id": "J1XQITk__hlP14Y2xEc20w",
    "size": [
      2.0771295629575564,
      4.862762984558531,
      1.7200000000000273
    ],
    "obj_class": "vehicle",
    "point_num_in_lidar": 4415,
    "speed": 0.006682301049142124,
    "if_vehicle": true,
    "motion_state": false,
    "pose": [
      [
        0.04511403309749026,
        0.998981821334859,
        -0.00021132952071785844,
        19.691284077259297
      ],
      [
        -0.998717569655608,
        0.045097231859575364,
        -0.023009905254035734,
        -11.39046264339504
      ],
      [
        -0.022976946683024572,
        0.001249128132528507,
        0.9997352147444013,
        0.9451019996470791
      ],
      [
        0.0,
        0.0,
        0.0,
        1.0
      ]
    ],
    "location": [
      19.691284077259297,
      -11.39046264339504,
      0.9451019996470791
    ],
    "rotation": [
      0.001249458320645396,
      0.022978968905327597,
      -1.52565505079736
    ]
  },
  {
    "label_id": "OTlTr3XwDdud2Dgf1nIesQ",
    "size": [
      2.6956112774539895,
      6.038662456016443,
      2.420000000000016
    ],
    "obj_class": "vehicle",
    "point_num_in_lidar": 114,
    "speed": 0.010204786086300809,
    "if_vehicle": true,
    "motion_state": false,
    "pose": [
      [
        0.9008319404602606,
        0.4341679057535637,
        -0.00021132952071785844,
        59.491619547231494
      ],
      [
        -0.4340573443292171,
        0.9005913424489866,
        -0.023009905254035734,
        -2.367697430841872
      ],
      [
        -0.009799840838970219,
        0.020819786730340913,
        0.9997352147444013,
        1.562485627110732
      ],
      [
        0.0,
        0.0,
        0.0,
        1.0
      ]
    ],
    "location": [
      59.491619547231494,
      -2.367697430841872,
      1.562485627110732
    ],
    "rotation": [
      0.020822291149279634,
      0.009799997703440005,
      -0.44901478436035874
    ]
  },
  {
    "label_id": "U_5Tgc-tOQ5hbsJrYWX_dg",
    "size": [
      2.4734179715539764,
      5.7395499897824545,
      2.0
    ],
    "obj_class": "vehicle",
    "point_num_in_lidar": 297,
    "speed": 0.01126970524615079,
    "if_vehicle": true,
    "motion_state": false,
    "pose": [
      [
        0.8929221238906034,
        0.45021110160293437,
        -0.00021132952071785844,
        54.217035609172854
      ],
      [
        -0.4500962544303291,
        0.8926835419161647,
        -0.023009905254035734,
        -2.6471527630747005
      ],
      [
        -0.01017066440713271,
        0.020641172095680806,
        0.9997352147444013,
        1.2381845413002566
      ],
      [
        0.0,
        0.0,
        0.0,
        1.0
      ]
    ],
    "location": [
      54.217035609172854,
      -2.6471527630747005,
      1.2381845413002566
    ],
    "rotation": [
      0.020643705996170613,
      0.010170839761642618,
      -0.4668991979138369
    ]
  },
  {
    "label_id": "_EujTmJf8bwNtKTgC6_tRw",
    "size": [
      2.805716501280197,
      9.357663246581296,
      3.3700000000000045
    ],
    "obj_class": "vehicle",
    "point_num_in_lidar": 305,
    "speed": 0.01078304325976983,
    "if_vehicle": true,
    "motion_state": false,
    "pose": [
      [
        0.027128424966241998,
        0.9996319342131307,
        -0.00021132952071785844,
        41.38370959049416
      ],
      [
        -0.99936742296448,
        0.027116382087859645,
        -0.023009905254035734,
        19.097385389976807
      ],
      [
        -0.022995705603122387,
        0.0008354183266805707,
        0.9997352147444013,
        1.6902689418680552
      ],
      [
        0.0,
        0.0,
        0.0,
        1.0
      ]
    ],
    "location": [
      41.38370959049416,
      19.097385389976807,
      1.6902689418680552
    ],
    "rotation": [
      0.0008356393972162958,
      0.022997732783226907,
      -1.5436573949144954
    ]
  },
  {
    "label_id": "bBpuQJceUOo4TjDNwEZYPA",
    "size": [
      2.130256959517863,
      4.675593737670226,
      2.009999999999991
    ],
    "obj_class": "vehicle",
    "point_num_in_lidar": 148,
    "speed": 0.023840385538628245,
    "if_vehicle": true,
    "motion_state": false,
    "pose": [
      [
        0.9076191886033693,
        0.419794430428508,
        -0.00021132952071785844,
        54.47241532329144
      ],
      [
        -0.419687707250912,
        0.9073768636254032,
        -0.023009905254035734,
        0.04928358836878033
      ],
      [
        -0.009467674552631433,
        0.02097292393853283,
        0.9997352147444013,
        1.129501698156048
      ],
      [
        0.0,
        0.0,
        0.0,
        1.0
      ]
    ],
    "location": [
      54.47241532329144,
      0.04928358836878033,
      1.129501698156048
    ],
    "rotation": [
      0.020975402023930202,
      0.009467816000442358,
      -0.4331219569929613
    ]
  },
  {
    "label_id": "bJdt8E68uaS0DfkRbSnNLQ",
    "size": [
      2.061873312110168,
      4.821125258720578,
      1.6499999999999773
    ],
    "obj_class": "vehicle",
    "point_num_in_lidar": 2076,
    "speed": 0.010531512727111583,
    "if_vehicle": true,
    "motion_state": false,
    "pose": [
      [
        -0.048086298986349404,
        -0.9988431624582657,
        -0.00021132952071785844,
        11.885967520181566
      ],
      [
        0.9985789619408052,
        -0.04806871154321087,
        -0.023009905254035734,
        6.9017750557
      ],
      [
        0.02297312819403416,
        -0.0013174903971190212,
        0.9997352147444013,
        0.9036763887498864
      ],
      [
        0.0,
        0.0,
        0.0,
        1.0
      ]
    ],
    "location": [
      11.885967520181566,
      6.9017750557,
      0.9036763887498864
    ],
    "rotation": [
      -0.0013178385786492778,
      -0.022975149408138846,
      1.61891388553999
    ]
  },
  {
    "label_id": "gaDcJK-aVJhF5BY-ZhzFPg",
    "size": [
      2.5885603987617816,
      6.17289627131434,
      2.2200000000000273
    ],
    "obj_class": "vehicle",
    "point_num_in_lidar": 515,
    "speed": 0.0031257632116659696,
    "if_vehicle": true,
    "motion_state": false,
    "pose": [
      [
        0.040143535708965325,
        0.9991939010425438,
        -0.00021132952071785844,
        41.67481550073626
      ],
      [
        -0.9989295690472814,
        0.04012804933227328,
        -0.023009905254035734,
        11.280343587251991
      ],
      [
        -0.022982876751966558,
        0.001134802260282951,
        0.9997352147444013,
        1.219578675537889
      ],
      [
        0.0,
        0.0,
        0.0,
        1.0
      ]
    ],
    "location": [
      41.67481550073626,
      11.280343587251991,
      1.219578675537889
    ],
    "rotation": [
      0.0011351023312624036,
      0.022984900540654555,
      -1.5306313864299987
    ]
  },
  {
    "label_id": "iao-69Ye3m68p1sAWCZfKg",
    "size": [
      2.112122040256408,
      4.53887100429458,
      1.8500000000000227
    ],
    "obj_class": "vehicle",
    "point_num_in_lidar": 2274,
    "speed": 0.062437305594037006,
    "if_vehicle": true,
    "motion_state": false,
    "pose": [
      [
        0.029300676124168788,
        0.9995706206759483,
        -0.00021132952071785844,
        8.520410990249275
      ],
      [
        -0.9993061362224265,
        0.029288058460843418,
        -0.023009905254035734,
        -17.616161951154936
      ],
      [
        -0.022993835845113973,
        0.000885388668314611,
        0.9997352147444013,
        1.362781697145067
      ],
      [
        0.0,
        0.0,
        0.0,
        1.0
      ]
    ],
    "location": [
      8.520410990249275,
      -17.616161951154936,
      1.362781697145067
    ],
    "rotation": [
      0.0008856229367318951,
      0.022995862530696236,
      -1.5414837041895515
    ]
  },
  {
    "label_id": "kCciq8jtEdufyIuvSt-R-Q",
    "size": [
      2.1350382335649707,
      5.047466922604698,
      1.5199999999999818
    ],
    "obj_class": "vehicle",
    "point_num_in_lidar": 330,
    "speed": 0.01743757543237097,
    "if_vehicle": true,
    "motion_state": false,
    "pose": [
      [
        0.07252761801415973,
        -0.9973663820106561,
        -0.00021132952071785844,
        52.43045570446293
      ],
      [
        0.9971019859509749,
        0.07251326687456842,
        -0.023009905254035734,
        5.74479717110853
      ],
      [
        0.02296463014755989,
        0.0014581365340088663,
        0.9997352147444013,
        0.8483921300395991
      ],
      [
        0.0,
        0.0,
        0.0,
        1.0
      ]
    ],
    "location": [
      52.43045570446293,
      5.74479717110853,
      0.8483921300395991
    ],
    "rotation": [
      0.001458521695090965,
      -0.022966649119122506,
      1.4981857894620438
    ]
  },
  {
    "label_id": "pTCBySy6WZ3NJyU7-hnc2Q",
    "size": [
      2.589961780495686,
      5.748041104335103,
      2.3000000000000114
    ],
    "obj_class": "vehicle",
    "point_num_in_lidar": 516,
    "speed": 0.02296629231603023,
    "if_vehicle": true,
    "motion_state": false,
    "pose": [
      [
        -0.8520740804399196,
        -0.5234211657759928,
        -0.00021132952071785844,
        52.284527773656464
      ],
      [
        0.5232867382958849,
        -0.8518459566047459,
        -0.023009905254035734,
        -4.981661050369439
      ],
      [
        0.011863851234727798,
        -0.01971672979594425,
        0.9997352147444013,
        1.2508491885134276
      ],
      [
        0.0,
        0.0,
        0.0,
        1.0
      ]
    ],
    "location": [
      52.284527773656464,
      -4.981661050369439,
      1.2508491885134276
    ],
    "rotation": [
      -0.019719395488111968,
      -0.011864129560443932,
      2.5908460644600253
    ]
  },
  {
    "label_id": "rBcbIMFHFDHbMVr-oyIhrA",
    "size": [
      0.5977860839048896,
      1.1959041209712264,
      1.1000000000000227
    ],
    "obj_class": "cyclist",
    "point_num_in_lidar": 390,
    "speed": 0.1931643131087277,
    "if_vehicle": false,
    "motion_state": false,
    "pose": [
      [
        0.48965103670460247,
        0.8719184695795483,
        -0.00021132952071785844,
        11.866481625824235
      ],
      [
        -0.8716900183670486,
        0.489517166337867,
        -0.023009905254035734,
        -12.996948458130191
      ],
      [
        -0.0199593119461239,
        0.011451037795909325,
        0.9997352147444013,
        0.7889399582402348
      ],
      [
        0.0,
        0.0,
        0.0,
        1.0
      ]
    ],
    "location": [
      11.866481625824235,
      -12.996948458130191,
      0.7889399582402348
    ],
    "rotation": [
      0.01145356979595875,
      0.019960637396015384,
      -1.0589949473283669
    ]
  },
  {
    "label_id": "tz2RhKx6kf8FueDYjfUrGQ",
    "size": [
      2.3360933041956278,
      5.4823868462221625,
      2.1999999999999886
    ],
    "obj_class": "vehicle",
    "point_num_in_lidar": 4977,
    "speed": 0.019957565791846897,
    "if_vehicle": true,
    "motion_state": false,
    "pose": [
      [
        0.06719729385241413,
        0.9977396850074403,
        -0.00021132952071785844,
        23.693302025199046
      ],
      [
        -0.9974758695557788,
        0.06717465231873891,
        -0.023009905254035734,
        -11.322086573673914
      ],
      [
        -0.022943699633133748,
        0.0017569994623124986,
        0.9997352147444013,
        1.2493831275731964
      ],
      [
        0.0,
        0.0,
        0.0,
        1.0
      ]
    ],
    "location": [
      23.693302025199046,
      -11.322086573673914,
      1.2493831275731964
    ],
    "rotation": [
      0.0017574630036686115,
      0.022945713088438076,
      -1.5035306247517481
    ]
  }
]