[
  {
    "label_id": "-9nK50GgpR1aiB9xKeeNGQ",
    "size": [
      2.290349904084534,
      5.034674882507156,
      1.850566636766004
    ],
    "obj_class": "vehicle",
    "point_num_in_lidar": 245,
    "speed": 4.4193405742647025,
    "if_vehicle": true,
    "motion_state": true,
    "pose": [
      [
        0.9998214842515777,
        -0.018889326289342916,
        0.00043929637753045237,
        19.64400042442844
      ],
      [
        0.018883907155251917,
        0.9997703245022664,
        0.01013391805694307,
        52.128836935866275
      ],
      [
        -0.0006306183666833521,
        -0.010123813360969758,
        0.9999485540384105,
        -0.027578777918755293
      ],
      [
        0.0,
        0.0,
        0.0,
        1.0
      ]
    ],
    "location": [
      19.64400042442844,
      52.128836935866275,
      -0.027578777918755293
    ],
    "rotation": [
      -0.010123988316366388,
      0.0006306184084806949,
      0.018885033430619518
    ]
  },
  {
    "label_id": "0-gFFwLHDFdIB2aYMAKcoQ",
    "size": [
      0.5074151418358464,
      0.08388944527878506,
      0.5600000000000023
    ],
    "obj_class": "sign",
    "point_num_in_lidar": 25,
    "speed": 0.03195786027279885,
    "if_vehicle": false,
    "motion_state": false,
    "pose": [
      [
        -0.22900408610872663,
        -0.9734253620921328,
        0.00043929637753045237,
        8.638734385188172
      ],
      [
        0.9733764906107121,
        -0.2289880154750229,
        0.01013391805694307,
        4.427286705482402
      ],
      [
        -0.009764019248295742,
        0.00274830940962956,
        0.9999485540384105,
        2.864084684660355
      ],
      [
        0.0,
        0.0,
        0.0,
        1.0
      ]
    ],
    "location": [
      8.638734385188172,
      4.427286705482402,
      2.864084684660355
    ],
    "rotation": [
      0.002748443885773051,
      0.009764174398825466,
      1.801861998962485
    ]
  },
  {
    "label_id": "1eK3OmHl_2tqAnFvzWn4tA",
    "size": [
      2.24409056850351,
      4.881987409548864,
      1.4872722474731432
    ],
    "obj_class": "vehicle",
    "point_num_in_lidar": 274,
    "speed": 0.03246884799303795,
    "if_vehicle": true,
    "motion_state": false,
    "pose": [
      [
        0.09390841594736545,
        0.9955807433015915,
        0.00043929637753045237,
        -7.096737488385088
      ],
      [
        -0.9955301348724941,
        0.09389917073951601,
        0.01013391805694307,
        7.35511203776332
      ],
      [
        0.010047884106129817,
        -0.0013889929740398164,
        0.9999485540384105,
        0.3946617830699708
      ],
      [
        0.0,
        0.0,
        0.0,
        1.0
      ]
    ],
    "location": [
      -7.096737488385088,
      7.35511203776332,
      0.3946617830699708
    ],
    "rotation": [
      -0.0013890635423965138,
      -0.010048053186166282,
      -1.4767445718613121
    ]
  },
  {
    "label_id": "1yaIJWr37eHUtmYcb-ixqQ",
    "size": [
      0.9521050738759992,
      0.09268519735418204,
      1.2299999999999969
    ],
    "obj_class": "sign",
    "point_num_in_lidar": 33,
    "speed": 0.02475474491235265,
    "if_vehicle": false,
    "motion_state": false,
    "pose": [
      [
        -0.1275327481474839,
        -0.9918342629535659,
        0.00043929637753045237,
        -6.283950792258793
      ],
      [
        0.9917839962314012,
        -0.12752179627062668,
        0.01013391805694307,
        -30.280467527440123
      ],
      [
        -0.009995147283682098,
        0.0017280935361404899,
        0.9999485540384105,
        3.875202582864951
      ],
      [
        0.0,
        0.0,
        0.0,
        1.0
      ]
    ],
    "location": [
      -6.283950792258793,
      -30.280467527440123,
      3.875202582864951
    ],
    "rotation": [
      0.0017281807236795973,
      0.009995313715312938,
      1.6986837649437518
    ]
  },
  {
    "label_id": "6hIIee9ufQhM-2w_W5IIEQ",
    "size": [
      0.8935107866392645,
      0.10748276377607566,
      1.2800000000000011
    ],
    "obj_class": "sign",
    "point_num_in_lidar": 34,
    "speed": 0.026807307851071955,
    "if_vehicle": false,
    "motion_state": false,
    "pose": [
      [
        -0.049066131312354974,
        -0.9987954354004286,
        0.00043929637753045237,
        -8.49544878019492
      ],
      [
        0.9987444625801193,
        -0.049059170094531146,
        0.01013391805694307,
        0.8944745871103805
      ],
      [
        -0.010100159582289539,
        0.0009359769785806585,
        0.9999485540384105,
        3.5515043667868795
      ],
      [
        0.0,
        0.0,
        0.0,
        1.0
      ]
    ],
    "location": [
      -8.49544878019492,
      0.8944745871103805,
      3.5515043667868795
    ],
    "rotation": [
      0.0009360248599298846,
      0.01010033131514617,
      1.6198846730384104
    ]
  },
  {
    "label_id": "7Rmbrf_QC8HYMBMvc67d_A",
    "size": [
      0.8992428883505807,
      1.1317922750854086,
      1.8688524052985755
    ],
    "obj_class": "pedestrian",
    "point_num_in_lidar": 42,
    "speed": 1.5956497626058348,
    "if_vehicle": false,
    "motion_state": true,
    "pose": [
      [
        0.12198726297825863,
        0.9925315686111783,
        0.00043929637753045237,
        -11.104193003994851
      ],
      [
        -0.9924812414626539,
        0.1219765922198369,
        0.01013391805694307,
        -10.45893136126142
      ],
      [
        0.010004649710129165,
        -0.0016722023411539077,
        0.9999485540384105,
        1.0340897063271441
      ],
      [
        0.0,
        0.0,
        0.0,
        1.0
      ]
    ],
    "location": [
      -11.104193003994851,
      -10.45893136126142,
      1.0340897063271441
    ],
    "rotation": [
      -0.001672286814761499,
      -0.010004816616907353,
      -1.4484983217217795
    ]
  },
  {
    "label_id": "9lYwPu5yc5uujsti712OXw",
    "size": [
      0.8351853978995849,
      0.9282536612455977,
      1.8999999999999986
    ],
    "obj_class": "pedestrian",
    "point_num_in_lidar": 82,
    "speed": 1.3694572269743615,
    "if_vehicle": false,
    "motion_state": true,
    "pose": [
      [
        -0.12075156864617619,
        0.9926826611199476,
        0.00043929637753045237,
        -11.83268321576611
      ],
      [
        -0.9926312456041207,
        -0.12074979898627879,
        0.01013391805694307,
        13.052694967467687
      ],
      [
        0.010112809693619934,
        0.0007876271914902544,
        0.9999485540384105,
        0.6866694174204753
      ],
      [
        0.0,
        0.0,
        0.0,
        1.0
      ]
    ],
    "location": [
      -11.83268321576611,
      13.052694967467687,
      0.6866694174204753
    ],
    "rotation": [
      0.0007876675509182185,
      -0.010112982072573858,
      -1.6918495035541883
    ]
  },
  {
    "label_id": "BCFugmMeTE1MZhUx7Md3MA",
    "size": [
      1.9755133702178598,
      5.636981406052898,
      2.0752408288585755
    ],
    "obj_class": "vehicle",
    "point_num_in_lidar": 194,
    "speed": 0.05006099416041972,
    "if_vehicle": true,
    "motion_state": false,
    "pose": [
      [
        0.07775480732035717,
        0.9969724153442096,
        0.00043929637753045237,
        -6.931407343990031
      ],
      [
        -0.996921663675215,
        0.07774638383781421,
        0.01013391805694307,
        -0.06257268633089552
      ],
      [
        0.010069083057344785,
        -0.0012259049214520504,
        0.9999485540384105,
        0.7712785839722329
      ],
      [
        0.0,
        0.0,
        0.0,
        1.0
      ]
    ],
    "location": [
      -6.931407343990031,
      -0.06257268633089552,
      0.7712785839722329
    ],
    "rotation": [
      -0.0012259673783459088,
      -0.010069253209844744,
      -1.4929590031701592
    ]
  },
  {
    "label_id": "CIORug2cCRbXeVxdAFexLg",
    "size": [
      0.7856885753912479,
      0.09106751623065597,
      0.5932061658348502
    ],
    "obj_class": "sign",
    "point_num_in_lidar": 41,
    "speed": 0.022225477661428548,
    "if_vehicle": false,
    "motion_state": false,
    "pose": [
      [
        0.018734317500641848,
        0.9998244007656936,
        0.00043929637753045237,
        5.8049940623020575
      ],
      [
        -0.999773240176835,
        0.018728906298231048,
        0.01013391805694307,
        37.994228121388005
      ],
      [
        0.010123911007999824,
        -0.0006290488011658254,
        0.9999485540384105,
        1.762788674786755
      ],
      [
        0.0,
        0.0,
        0.0,
        1.0
      ]
    ],
    "location": [
      5.8049940623020575,
      37.994228121388005,
      1.762788674786755
    ],
    "rotation": [
      -0.0006290810818664427,
      -0.010124083955280479,
      -1.5520599529267753
    ]
  },
  {
    "label_id": "CwlUZaiwe8TBlM2O3R4nSQ",
    "size": [
      0.633411732222465,
      0.12472124207279026,
      0.9799999999999969
    ],
    "obj_class": "sign",
    "point_num_in_lidar": 60,
    "speed": 0.027177312333971332,
    "if_vehicle": false,
    "motion_state": false,
    "pose": [
      [
        -0.8352818406571304,
        -0.5498218381322527,
        0.00043929637753045237,
        6.913785456460346
      ],
      [
        0.5497973766219663,
        -0.8352365822714058,
        0.01013391805694307,
        23.98650972723408
      ],
      [
        -0.00520493304857732,
        0.008706201723597711,
        0.9999485540384105,
        -0.012930959042371626
      ],
      [
        0.0,
        0.0,
        0.0,
        1.0
      ]
    ],
    "location": [
      6.913785456460346,
      23.98650972723408,
      -0.012930959042371626
    ],
    "rotation": [
      0.008706429650870515,
      0.0052049565502886065,
      2.5594620951999802
    ]
  },
  {
    "label_id": "EyxD8CxOxMr5IYCbewub_Q",
    "size": [
      0.56037322471327,
      0.09966899333537328,
      0.5899999999999963
    ],
    "obj_class": "sign",
    "point_num_in_lidar": 21,
    "speed": 0.034525366296117396,
    "if_vehicle": false,
    "motion_state": false,
    "pose": [
      [
        -0.8568350050129535,
        0.5155905169833371,
        0.00043929637753045237,
        19.479380111508135
      ],
      [
        -0.5155602769744011,
        -0.8567933849598127,
        0.01013391805694307,
        54.63453502650373
      ],
      [
        0.0056013382803509525,
        0.008456611967048222,
        0.9999485540384105,
        0.27255426779454694
      ],
      [
        0.0,
        0.0,
        0.0,
        1.0
      ]
    ],
    "location": [
      19.479380111508135,
      54.63453502650373,
      0.27255426779454694
    ],
    "rotation": [
      0.008456845435979254,
      -0.005601367571087087,
      -2.5999218162590885
    ]
  },
  {
    "label_id": "Im-r1sT-zfG7KFGudl9kcQ",
    "size": [
      1.8653725858870003,
      4.360587515094883,
      1.5051311337171924
    ],
    "obj_class": "vehicle",
    "point_num_in_lidar": 24,
    "speed": 14.658715648006451,
    "if_vehicle": true,
    "motion_state": true,
    "pose": [
      [
        0.07321367530267202,
        0.9973161809413141,
        0.00043929637753045237,
        2.5193800753784217
      ],
      [
        -0.9972653914371189,
        0.07320548303635,
        0.01013391805694307,
        -31.7328587071097
      ],
      [
        0.010074561551009446,
        -0.0011800364600597297,
        0.9999485540384105,
        1.3340477457477817
      ],
      [
        0.0,
        0.0,
        0.0,
        1.0
      ]
    ],
    "location": [
      2.5193800753784217,
      -31.7328587071097,
      1.3340477457477817
    ],
    "rotation": [
      -0.0011800966234812877,
      -0.010074731981404149,
      -1.4975133602863508
    ]
  },
  {
    "label_id": "InPwvU2homAc1AtpmC4pDQ",
    "size": [
      2.1166185057523768,
      4.313385827928875,
      1.7074263757876054
    ],
    "obj_class": "vehicle",
    "point_num_in_lidar": 321,
    "speed": 12.563791074470323,
    "if_vehicle": true,
    "motion_state": true,
    "pose": [
      [
        0.07316691241197139,
        0.997319612735452,
        0.00043929637753045237,
        -0.4284510602224145
      ],
      [
        -0.9972688228471883,
        0.0731587225271097,
        0.01013391805694307,
        10.942437067908031
      ],
      [
        0.010074616870252349,
        -0.0011795640761632768,
        0.9999485540384105,
        0.5343556561509217
      ],
      [
        0.0,
        0.0,
        0.0,
        1.0
      ]
    ],
    "location": [
      -0.4284510602224145,
      10.942437067908031,
      0.5343556561509217
    ],
    "rotation": [
      -0.0011796242159389661,
      -0.010074787303454645,
      -1.497560251284322
    ]
  },
  {
    "label_id": "JTRdyrcCjTKdVPUli4WKCA",
    "size": [
      2.013092403648908,
      4.7002573309096345,
      2.3828669641917486
    ],
    "obj_class": "vehicle",
    "point_num_in_lidar": 85,
    "speed": 3.1776437161565096e-13,
    "if_vehicle": true,
    "motion_state": false,
    "pose": [
      [
        -0.9898021758223122,
        0.1424480949543007,
        0.00043929637753045237,
        63.640714290147116
      ],
      [
        -0.14243638766775416,
        -0.989752079650746,
        0.01013391805694307,
        61.84575804797532
      ],
      [
        0.0018783518248783326,
        0.0099680023532363,
        0.9999485540384105,
        0.6558430123369234
      ],
      [
        0.0,
        0.0,
        0.0,
        1.0
      ]
    ],
    "location": [
      63.640714290147116,
      61.84575804797532,
      0.6558430123369234
    ],
    "rotation": [
      0.00996818501801659,
      -0.001878352929415317,
      -2.998669933257229
    ]
  },
  {
    "label_id": "Kn0RnWXHMkuVO9dGiGe3HQ",
    "size": [
      2.7036649749499553,
      5.803628056546428,
      2.725293277478478
    ],
    "obj_class": "vehicle",
    "point_num_in_lidar": 128,
    "speed": 0.024698883320648662,
    "if_vehicle": true,
    "motion_state": false,
    "pose": [
      [
        -0.10019857387648039,
        -0.9949673626867429,
        0.00043929637753045237,
        8.255681760005245
      ],
      [
        0.9949168136977257,
        -0.10018900900987278,
        0.01013391805694307,
        -15.037107011756234
      ],
      [
        -0.010038905054073802,
        0.0014524674892883594,
        0.9999485540384105,
        1.418929947171499
      ],
      [
        0.0,
        0.0,
        0.0,
        1.0
      ]
    ],
    "location": [
      8.255681760005245,
      -15.037107011756234,
      1.418929947171499
    ],
    "rotation": [
      0.0014525411951580205,
      0.010039073681218494,
      1.6711683991238027
    ]
  },
  {
    "label_id": "M7C7zwJiceV-e8OIJRuKbw",
    "size": [
      0.5074151418358464,
      0.08388944527878506,
      0.6000000000000014
    ],
    "obj_class": "sign",
    "point_num_in_lidar": 20,
    "speed": 0.03195786027213254,
    "if_vehicle": false,
    "motion_state": false,
    "pose": [
      [
        -0.22900408610872663,
        -0.9734253620921328,
        0.00043929637753045237,
        8.640618578336671
      ],
      [
        0.9733764906107121,
        -0.2289880154750229,
        0.01013391805694307,
        4.429159840734428
      ],
      [
        -0.009764019248295742,
        0.00274830940962956,
        0.9999485540384105,
        2.2606701483686678
      ],
      [
        0.0,
        0.0,
        0.0,
        1.0
      ]
    ],
    "location": [
      8.640618578336671,
      4.429159840734428,
      2.2606701483686678
    ],
    "rotation": [
      0.002748443885773051,
      0.009764174398825466,
      1.801861998962485
    ]
  },
  {
    "label_id": "MyAUfK8qrWz8-Ndd-6UhVg",
    "size": [
      0.7201404903570908,
      0.3479562038888118,
      1.0499999999999972
    ],
    "obj_class": "sign",
    "point_num_in_lidar": 20,
    "speed": 0.02120017103631375,
    "if_vehicle": false,
    "motion_state": false,
    "pose": [
      [
        -0.9977283081307871,
        0.06736490312596205,
        0.00043929637753045237,
        12.104417454992472
      ],
      [
        -0.06735700879199744,
        -0.9976774714663101,
        0.01013391805694307,
        5.652500619135026
      ],
      [
        0.0011209465073512986,
        0.010081307227726228,
        0.9999485540384105,
        0.3853097835504542
      ],
      [
        0.0,
        0.0,
        0.0,
        1.0
      ]
    ],
    "location": [
      12.104417454992472,
      5.652500619135026,
      0.3853097835504542
    ],
    "rotation": [
      0.010081484334723898,
      -0.0011209467421002491,
      -3.0741845653656674
    ]
  },
  {
    "label_id": "NdPelArZnGXiUa_wkMiATQ",
    "size": [
      0.9394738368670759,
      0.866268146219321,
      2.049999999999997
    ],
    "obj_class": "pedestrian",
    "point_num_in_lidar": 44,
    "speed": 0.0,
    "if_vehicle": false,
    "motion_state": false,
    "pose": [
      [
        -0.4584148114017071,
        0.8887382447640195,
        0.00043929637753045237,
        52.59608619225196
      ],
      [
        -0.8886906535030259,
        -0.45839527275178116,
        0.01013391805694307,
        59.575350353514295
      ],
      [
        0.009207771929306927,
        0.00425513955000486,
        0.9999485540384105,
        0.4687579461121629
      ],
      [
        0.0,
        0.0,
        0.0,
        1.0
      ]
    ],
    "location": [
      52.59608619225196,
      59.575350353514295,
      0.4687579461121629
    ],
    "rotation": [
      0.0042553327858412425,
      -0.009207902044790515,
      -2.047028931128366
    ]
  },
  {
    "label_id": "PBPtoWWiZmUSarH7z_93VQ",
    "size": [
      0.5274503365652943,
      0.08355648896149048,
      0.509999999999998
    ],
    "obj_class": "sign",
    "point_num_in_lidar": 32,
    "speed": 0.1183636514367595,
    "if_vehicle": false,
    "motion_state": false,
    "pose": [
      [
        -0.997461415779489,
        0.07120766145486311,
        0.00043929637753045237,
        28.17780190663575
      ],
      [
        -0.07119957135619348,
        -0.9974106099012129,
        0.01013391805694307,
        49.425349221088254
      ],
      [
        0.001159771474050168,
        0.010076914538693263,
        0.9999485540384105,
        2.243894595954565
      ],
      [
        0.0,
        0.0,
        0.0,
        1.0
      ]
    ],
    "location": [
      28.17780190663575,
      49.425349221088254,
      2.243894595954565
    ],
    "rotation": [
      0.010077091865963327,
      -0.0011597717340459366,
      -3.070332740314099
    ]
  },
  {
    "label_id": "UzRjOTVRec06lSAMK79AGg",
    "size": [
      2.1862905007105553,
      4.690650091409834,
      1.4663315120900506
    ],
    "obj_class": "vehicle",
    "point_num_in_lidar": 205,
    "speed": 1.7763568394002505e-13,
    "if_vehicle": true,
    "motion_state": false,
    "pose": [
      [
        0.9940489574597046,
        -0.10893336124423683,
        0.00043929637753045237,
        -34.95715860215182
      ],
      [
        0.10892335278220928,
        0.9939984944271786,
        0.01013391805694307,
        46.4501791745588
      ],
      [
        -0.0015405816943890567,
        -0.010025761045180635,
        0.9999485540384105,
        -0.03497573919671737
      ],
      [
        0.0,
        0.0,
        0.0,
        1.0
      ]
    ],
    "location": [
      -34.95715860215182,
      46.4501791745588,
      -0.03497573919671737
    ],
    "rotation": [
      -0.010025940908967608,
      0.001540582303790408,
      0.10914002408234316
    ]
  },
  {
    "label_id": "XH8EEUqMWDsB2IqwYEVCqg",
    "size": [
      0.7772861356849986,
      0.12044237215146732,
      0.46637168141589314
    ],
    "obj_class": "sign",
    "point_num_in_lidar": 78,
    "speed": 0.01314461139535364,
    "if_vehicle": false,
    "motion_state": false,
    "pose": [
      [
        -0.005019387202487612,
        0.9999873063048373,
        0.00043929637753045237,
        6.5348847216198465
      ],
      [
        -0.9999360316199744,
        -0.005023581681726638,
        0.01013391805694307,
        28.095287135112812
      ],
      [
        0.01013599626131146,
        -0.00038840221784675234,
        0.9999485540384105,
        1.9552332450690741
      ],
      [
        0.0,
        0.0,
        0.0,
        1.0
      ]
    ],
    "location": [
      6.5348847216198465,
      28.095287135112812,
      1.9552332450690741
    ],
    "rotation": [
      -0.0003884221810663804,
      -0.010136169828709853,
      -1.5758159929393112
    ]
  },
  {
    "label_id": "Y9pQw1kOX1aM7nlzOdz2MQ",
    "size": [
      1.5565745696068893,
      0.1425648570649699,
      1.7299999999999969
    ],
    "obj_class": "sign",
    "point_num_in_lidar": 537,
    "speed": 0.0042371091396746115,
    "if_vehicle": false,
    "motion_state": false,
    "pose": [
      [
        -0.9884052362418103,
        0.15183838773006017,
        0.00043929637753045237,
        11.408323906611031
      ],
      [
        -0.151826205381818,
        -0.9883552534712269,
        0.01013391805694307,
        48.547265008130125
      ],
      [
        0.0019728986617178813,
        0.009949720969089533,
        0.9999485540384105,
        0.30389152715751067
      ],
      [
        0.0,
        0.0,
        0.0,
        1.0
      ]
    ],
    "location": [
      11.408323906611031,
      48.547265008130125,
      0.30389152715751067
    ],
    "rotation": [
      0.009949904506546606,
      -0.0019728999415819445,
      -2.9891767184145714
    ]
  },
  {
    "label_id": "YMCH2TkTYWdgEE8q3XIBEg",
    "size": [
      0.6750242326116296,
      0.6473499822288307,
      1.6199999999999974
    ],
    "obj_class": "pedestrian",
    "point_num_in_lidar": 31,
    "speed": 1.3481990809707014,
    "if_vehicle": false,
    "motion_state": true,
    "pose": [
      [
        -0.14337140812826588,
        -0.9896688569162977,
        0.00043929637753045237,
        -10.813711586156387
      ],
      [
        0.9896187716881243,
        -0.14335965411266668,
        0.01013391805694307,
        8.039349888678771
      ],
      [
        -0.00996624572276256,
        0.0018876500432191165,
        0.9999485540384105,
        0.49666941742049175
      ],
      [
        0.0,
        0.0,
        0.0,
        1.0
      ]
    ],
    "location": [
      -10.813711586156387,
      8.039349888678771,
      0.49666941742049175
    ],
    "rotation": [
      0.0018877449178065853,
      0.009966410714780419,
      1.7146707049218293
    ]
  },
  {
    "label_id": "_u2qr1tSBDL1NeHlhe8NYw",
    "size": [
      2.416545086336352,
      4.640755453339751,
      1.6182138818528458
    ],
    "obj_class": "vehicle",
    "point_num_in_lidar": 33,
    "speed": 3.6288409103435777,
    "if_vehicle": true,
    "motion_state": true,
    "pose": [
      [
        0.9920620644140554,
        -0.12574842889362686,
        0.00043929637753045237,
        56.21434905111846
      ],
      [
        0.12573756745434156,
        0.9920117780729623,
        0.01013391805694307,
        54.174693070768626
      ],
      [
        -0.0017101114547723418,
        -0.00999823961027163,
        0.9999485540384105,
        0.008962660204424822
      ],
      [
        0.0,
        0.0,
        0.0,
        1.0
      ]
    ],
    "location": [
      56.21434905111846,
      54.174693070768626,
      0.008962660204424822
    ],
    "rotation": [
      -0.009998420817022832,
      0.0017101122883049016,
      0.12607144950058968
    ]
  },
  {
    "label_id": "b6NI0yciWBZiww40xt4BNQ",
    "size": [
      2.739238590186245,
      5.915526156687571,
      2.3682138818528387
    ],
    "obj_class": "vehicle",
    "point_num_in_lidar": 219,
    "speed": 2.252065656932994e-28,
    "if_vehicle": true,
    "motion_state": false,
    "pose": [
      [
        -0.9984050173471217,
        0.05645554317147603,
        0.00043929637753045237,
        32.47391990697042
      ],
      [
        -0.0564482049622597,
        -0.998354097433047,
        0.01013391805694307,
        59.818731559566004
      ],
      [
        0.0010106891868549718,
        0.010092957141478537,
        0.9999485540384105,
        0.385268907731394
      ],
      [
        0.0,
        0.0,
        0.0,
        1.0
      ]
    ],
    "location": [
      32.47391990697042,
      59.818731559566004,
      0.385268907731394
    ],
    "rotation": [
      0.010093133662404118,
      -0.0010106893589236438,
      -3.0851143989259686
    ]
  },
  {
    "label_id": "c3POzVNyXEnuovQBHtzfjw",
    "size": [
      0.9163554137445007,
      0.8839332918725881,
      1.6102138473786525
    ],
    "obj_class": "pedestrian",
    "point_num_in_lidar": 268,
    "speed": 0.025189974106636988,
    "if_vehicle": false,
    "motion_state": false,
    "pose": [
      [
        0.9821321852748449,
        -0.18819186397384613,
        0.00043929637753045237,
        -15.415568142677557
      ],
      [
        0.18817784632757614,
        0.9820826858550813,
        0.01013391805694307,
        43.89140881492858
      ],
      [
        -0.0023385462948258473,
        -0.009870181240438518,
        0.9999485540384105,
        -0.15073785078957513
      ],
      [
        0.0,
        0.0,
        0.0,
        1.0
      ]
    ],
    "location": [
      -15.415568142677557,
      43.89140881492858,
      -0.15073785078957513
    ],
    "rotation": [
      -0.009870368497536157,
      0.002338548426337611,
      0.1893070408667753
    ]
  },
  {
    "label_id": "dOzfdH28bWp78162th45ZQ",
    "size": [
      2.2250475077825103,
      4.952390760509612,
      1.4772722474731381
    ],
    "obj_class": "vehicle",
    "point_num_in_lidar": 837,
    "speed": 0.09390087642151954,
    "if_vehicle": true,
    "motion_state": false,
    "pose": [
      [
        0.13570252541387276,
        0.9907495302118443,
        0.00043929637753045237,
        -8.23714994906004
      ],
      [
        -0.9906993554556444,
        0.13569115964050868,
        0.01013391805694307,
        24.36058463013069
      ],
      [
        0.009980565919228688,
        -0.0018104089107378392,
        0.9999485540384105,
        0.11509525871876036
      ],
      [
        0.0,
        0.0,
        0.0,
        1.0
      ]
    ],
    "location": [
      -8.23714994906004,
      24.36058463013069,
      0.11509525871876036
    ],
    "rotation": [
      -0.001810500075535277,
      -0.009980731623506356,
      -1.4346669915910808
    ]
  },
  {
    "label_id": "e3SoTY4ZM2RgUcGSgbCw2Q",
    "size": [
      2.215539066553544,
      4.6419119317498865,
      1.793922421779314
    ],
    "obj_class": "vehicle",
    "point_num_in_lidar": 229,
    "speed": 2.929642751054232e-13,
    "if_vehicle": true,
    "motion_state": false,
    "pose": [
      [
        -0.04697092127473842,
        -0.9988961605558885,
        0.00043929637753045237,
        6.38120442402419
      ],
      [
        0.9988451732456695,
        -0.04696406699428639,
        0.01013391805694307,
        10.562579060029748
      ],
      [
        -0.010102100693963731,
        0.0009147885335779227,
        0.9999485540384105,
        0.45041869653379507
      ],
      [
        0.0,
        0.0,
        0.0,
        1.0
      ]
    ],
    "location": [
      6.38120442402419,
      10.562579060029748,
      0.45041869653379507
    ],
    "rotation": [
      0.0009148353429590868,
      0.010102272525856501,
      1.6177869365563091
    ]
  },
  {
    "label_id": "eLUo0F52wL4hudq3-AynTQ",
    "size": [
      2.3554925008237935,
      5.367170119819076,
      1.96821388185284
    ],
    "obj_class": "vehicle",
    "point_num_in_lidar": 111,
    "speed": 2.267721505970885,
    "if_vehicle": true,
    "motion_state": true,
    "pose": [
      [
        0.997002338681551,
        -0.07737017307858995,
        0.00043929637753045237,
        44.80441395549019
      ],
      [
        0.07736176917648946,
        0.9969515837665832,
        0.01013391805694307,
        53.16570409660926
      ],
      [
        -0.0012220202133518404,
        -0.010069555257820858,
        0.9999485540384105,
        0.20241136448565555
      ],
      [
        0.0,
        0.0,
        0.0,
        1.0
      ]
    ],
    "location": [
      44.80441395549019,
      53.16570409660926,
      0.20241136448565555
    ],
    "rotation": [
      -0.010069732953252355,
      0.0012220205174993117,
      0.0774392020245499
    ]
  },
  {
    "label_id": "fSlk5jeQXY6tiYMoLySQDA",
    "size": [
      1.9519783021925163,
      4.2425275019101365,
      1.7076778351213875
    ],
    "obj_class": "vehicle",
    "point_num_in_lidar": 227,
    "speed": 0.054279429529922416,
    "if_vehicle": true,
    "motion_state": false,
    "pose": [
      [
        -0.9978582181926902,
        0.06541241016812092,
        0.00043929637753045237,
        -39.98748501836394
      ],
      [
        -0.06540461532692582,
        -0.9978073661778369,
        0.01013391805694307,
        54.46210345288455
      ],
      [
        0.0011012171659860123,
        0.010083481405025047,
        0.9999485540384105,
        0.2337344503701857
      ],
      [
        0.0,
        0.0,
        0.0,
        1.0
      ]
    ],
    "location": [
      -39.98748501836394,
      54.46210345288455,
      0.2337344503701857
    ],
    "rotation": [
      0.010083658402854181,
      -0.0011012173885566676,
      -3.076141277611934
    ]
  },
  {
    "label_id": "fwu2l9rbw4VbqDoPx91Eow",
    "size": [
      0.7856885754143774,
      0.09106751623065597,
      0.5132061658348519
    ],
    "obj_class": "sign",
    "point_num_in_lidar": 38,
    "speed": 0.02230810192015556,
    "if_vehicle": false,
    "motion_state": false,
    "pose": [
      [
        0.20681938933168076,
        -0.9783790406663276,
        0.00043929637753045237,
        5.782168054514386
      ],
      [
        0.9783279750975814,
        0.20681314476183882,
        0.01013391805694307,
        38.22089580358079
      ],
      [
        -0.01000566529206269,
        -0.001666114808577188,
        0.9999485540384105,
        1.8195361914582477
      ],
      [
        0.0,
        0.0,
        0.0,
        1.0
      ]
    ],
    "location": [
      5.782168054514386,
      38.22089580358079,
      1.8195361914582477
    ],
    "rotation": [
      -0.0016661989859527047,
      0.010005832249676185,
      1.3624628061614223
    ]
  },
  {
    "label_id": "gzHVXsws0eboEaFBL3fSzQ",
    "size": [
      0.7296529798989294,
      0.8022160096950426,
      1.7100000000000009
    ],
    "obj_class": "pedestrian",
    "point_num_in_lidar": 46,
    "speed": 1.3194641317418616,
    "if_vehicle": false,
    "motion_state": true,
    "pose": [
      [
        -0.16171846644289048,
        -0.9868368378967481,
        0.00043929637753045237,
        -11.465083268035414
      ],
      [
        0.9867869794953483,
        -0.16170578469325805,
        0.01013391805694307,
        7.884394831866302
      ],
      [
        -0.009929486885376988,
        0.0020723336327132724,
        0.9999485540384105,
        0.8418410090260409
      ],
      [
        0.0,
        0.0,
        0.0,
        1.0
      ]
    ],
    "location": [
      -11.465083268035414,
      7.884394831866302,
      0.8418410090260409
    ],
    "rotation": [
      0.0020724372843529235,
      0.00992965005842969,
      1.733236199912385
    ]
  },
  {
    "label_id": "ho3rcpWrA33tetBa8wR4Pg",
    "size": [
      0.6359592087323284,
      0.6286638680823156,
      1.6188524052985755
    ],
    "obj_class": "pedestrian",
    "point_num_in_lidar": 48,
    "speed": 3.552713678800501e-14,
    "if_vehicle": false,
    "motion_state": false,
    "pose": [
      [
        -0.14464144444199312,
        0.9894840370457861,
        0.00043929637753045237,
        -12.57336487916109
      ],
      [
        -0.9894326791161936,
        -0.1446384361149097,
        0.01013391805694307,
        7.363843063334571
      ],
      [
        0.010090889291112164,
        0.001031130353867047,
        0.9999485540384105,
        0.6194297969450844
      ],
      [
        0.0,
        0.0,
        0.0,
        1.0
      ]
    ],
    "location": [
      -12.57336487916109,
      7.363843063334571,
      0.6194297969450844
    ],
    "rotation": [
      0.001031183038589829,
      -0.010091060551520401,
      -1.7159543665108106
    ]
  },
  {
    "label_id": "iK821UNKaU58mEdNH7bCAg",
    "size": [
      0.6736724280060861,
      0.5654848181123928,
      1.1000000000000014
    ],
    "obj_class": "sign",
    "point_num_in_lidar": 68,
    "speed": 1.421529491362787e-12,
    "if_vehicle": false,
    "motion_state": false,
    "pose": [
      [
        -0.10233761507469738,
        -0.9947496265691764,
        0.00043929637753045237,
        -10.359018133466861
      ],
      [
        0.9946990982623578,
        -0.10232794154514867,
        0.01013391805694307,
        23.398864004037023
      ],
      [
        -0.01003575890878582,
        0.001474048715909426,
        0.9999485540384105,
        -0.015079578159713947
      ],
      [
        0.0,
        0.0,
        0.0,
        1.0
      ]
    ],
    "location": [
      -10.359018133466861,
      23.398864004037023,
      -0.015079578159713947
    ],
    "rotation": [
      0.0014741234858872052,
      0.01003592737743456,
      1.6733186002384677
    ]
  },
  {
    "label_id": "iMO8XPPJOQopigo1OG2RUg",
    "size": [
      0.5857817631658333,
      0.5345773345299226,
      1.5950292733247764
    ],
    "obj_class": "pedestrian",
    "point_num_in_lidar": 33,
    "speed": 1.0658141036401503e-13,
    "if_vehicle": false,
    "motion_state": false,
    "pose": [
      [
        -0.99871436853025,
        0.050689418125649414,
        0.00043929637753045237,
        -13.831254563431003
      ],
      [
        -0.05068237407041554,
        -0.9986634070913991,
        0.01013391805694307,
        23.76100108580613
      ],
      [
        0.000952391626746927,
        0.010098624989643416,
        0.9999485540384105,
        0.21197520533410596
      ],
      [
        0.0,
        0.0,
        0.0,
        1.0
      ]
    ],
    "location": [
      -13.831254563431003,
      23.76100108580613,
      0.21197520533410596
    ],
    "rotation": [
      0.010098801224446197,
      -0.0009523917707247598,
      -3.0908885333898444
    ]
  },
  {
    "label_id": "jCjquE8-FjABU4aeRJWSqQ",
    "size": [
      0.5813068380702814,
      0.09089592981572317,
      0.6000000000000014
    ],
    "obj_class": "sign",
    "point_num_in_lidar": 75,
    "speed": 0.014899534930916523,
    "if_vehicle": false,
    "motion_state": false,
    "pose": [
      [
        -0.034547735589972824,
        -0.9994029522591468,
        0.00043929637753045237,
        -11.62132428308314
      ],
      [
        0.9993518836688696,
        -0.03454151577880216,
        0.01013391805694307,
        36.83439931063367
      ],
      [
        -0.010112693661305138,
        0.0007891155838956886,
        0.9999485540384105,
        1.844959696056435
      ],
      [
        0.0,
        0.0,
        0.0,
        1.0
      ]
    ],
    "location": [
      -11.62132428308314,
      36.83439931063367,
      1.844959696056435
    ],
    "rotation": [
      0.0007891560189741486,
      0.010112866034325424,
      1.6053527061941621
    ]
  },
  {
    "label_id": "kl6OZnUr7FMaib_vCX4org",
    "size": [
      0.77671759868862,
      0.3510486088676036,
      1.1099999999999994
    ],
    "obj_class": "sign",
    "point_num_in_lidar": 134,
    "speed": 2.929642751054232e-13,
    "if_vehicle": false,
    "motion_state": false,
    "pose": [
      [
        -0.033763878702100084,
        -0.9994297411592686,
        0.00043929637753045237,
        -11.22023133788639
      ],
      [
        0.9993786677064107,
        -0.033757698946680126,
        0.01013391805694307,
        34.88375931574046
      ],
      [
        -0.010113309465718808,
        0.0007811838085562833,
        0.9999485540384105,
        -0.2394192954747396
      ],
      [
        0.0,
        0.0,
        0.0,
        1.0
      ]
    ],
    "location": [
      -11.22023133788639,
      34.88375931574046,
      -0.2394192954747396
    ],
    "rotation": [
      0.0007812238404463558,
      0.010113481870231531,
      1.604568351710347
    ]
  },
  {
    "label_id": "lLNzlQwvuqVjvE6i_V72ww",
    "size": [
      2.356000289077154,
      5.907938778904348,
      2.3115983138329668
    ],
    "obj_class": "vehicle",
    "point_num_in_lidar": 102,
    "speed": 9.151846711106623,
    "if_vehicle": true,
    "motion_state": true,
    "pose": [
      [
        -0.07800869710473252,
        -0.9969525817182656,
        0.00043929637753045237,
        4.984892024696819
      ],
      [
        0.9969018321960688,
        -0.07800026069787416,
        0.01013391805694307,
        -22.248433327720704
      ],
      [
        -0.010068770537819734,
        0.001228469107825455,
        0.9999485540384105,
        1.4819912590884243
      ],
      [
        0.0,
        0.0,
        0.0,
        1.0
      ]
    ],
    "location": [
      4.984892024696819,
      -22.248433327720704,
      1.4819912590884243
    ],
    "rotation": [
      0.0012285316927809085,
      0.010068940674476362,
      1.6488883264613505
    ]
  },
  {
    "label_id": "nIflfxa4C8DxMvjsHgEFRw",
    "size": [
      2.129718775987207,
      5.000213637888109,
      1.5364430207010855
    ],
    "obj_class": "vehicle",
    "point_num_in_lidar": 59,
    "speed": 0.02469180871532752,
    "if_vehicle": true,
    "motion_state": false,
    "pose": [
      [
        -0.10019857387589581,
        -0.9949673626868017,
        0.00043929637753045237,
        6.60141165342543
      ],
      [
        0.9949168136977844,
        -0.10018900900928823,
        0.01013391805694307,
        4.210314645775725
      ],
      [
        -0.010038905054074655,
        0.0014524674892824612,
        0.9999485540384105,
        0.4291583970729107
      ],
      [
        0.0,
        0.0,
        0.0,
        1.0
      ]
    ],
    "location": [
      6.60141165342543,
      4.210314645775725,
      0.4291583970729107
    ],
    "rotation": [
      0.0014525411951521218,
      0.010039073681219347,
      1.6711683991232151
    ]
  },
  {
    "label_id": "nJ9ixIFXA5MXpTlWNgnlUg",
    "size": [
      0.7622913343030553,
      0.5963576801591205,
      1.755029273324773
    ],
    "obj_class": "pedestrian",
    "point_num_in_lidar": 231,
    "speed": 0.008693317138248257,
    "if_vehicle": false,
    "motion_state": false,
    "pose": [
      [
        -0.9953613017230099,
        0.09620647613839933,
        0.00043929637753045237,
        -16.405353462195762
      ],
      [
        -0.09619711412500229,
        -0.995310714771441,
        0.01013391805694307,
        36.72014888366175
      ],
      [
        0.0014121849372501266,
        0.01004465082494917,
        0.9999485540384105,
        0.18210619413822116
      ],
      [
        0.0,
        0.0,
        0.0,
        1.0
      ]
    ],
    "location": [
      -16.405353462195762,
      36.72014888366175,
      0.18210619413822116
    ],
    "rotation": [
      0.010044829758184402,
      -0.001412185406629352,
      -3.045246455669922
    ]
  },
  {
    "label_id": "nU0auBR5nl4XSMT9UA4Tpg",
    "size": [
      3.0110832539020276,
      7.279748086054844,
      2.8682138818528244
    ],
    "obj_class": "vehicle",
    "point_num_in_lidar": 288,
    "speed": 0.14375227749157793,
    "if_vehicle": true,
    "motion_state": false,
    "pose": [
      [
        -0.9984050173471287,
        0.05645554317135323,
        0.00043929637753045237,
        44.79702881270032
      ],
      [
        -0.056448204962136886,
        -0.9983540974330539,
        0.01013391805694307,
