[
  {
    "label_id": "-9nK50GgpR1aiB9xKeeNGQ",
    "size": [
      2.2903499040853816,
      5.034674882507156,
      1.850566636766004
    ],
    "obj_class": "vehicle",
    "point_num_in_lidar": 730,
    "speed": 3.065632797195073,
    "if_vehicle": true,
    "motion_state": true,
    "pose": [
      [
        0.9793743961183038,
        0.20180113504282174,
        -0.010104163663399914,
        5.745756712420871
      ],
      [
        -0.20158588087842108,
        0.9792850092241537,
        0.0190788715421053,
        51.8808941383686
      ],
      [
        0.01374499393884798,
        -0.016648501562541856,
        0.9997669241064855,
        -0.06471357416499757
      ],
      [
        0.0,
        0.0,
        0.0,
        1.0
      ]
    ],
    "location": [
      5.745756712420871,
      51.8808941383686,
      -0.06471357416499757
    ],
    "rotation": [
      -0.016650843842056076,
      -0.013745426770818933,
      -0.20299621606477095
    ]
  },
  {
    "label_id": "1eK3OmHl_2tqAnFvzWn4tA",
    "size": [
      2.24409056850351,
      4.881987409548864,
      1.4872722474731432
    ],
    "obj_class": "vehicle",
    "point_num_in_lidar": 43,
    "speed": 0.03246884799503533,
    "if_vehicle": true,
    "motion_state": false,
    "pose": [
      [
        0.09390363113713218,
        0.9955300165921291,
        -0.010104163663399914,
        -7.085743837768405
      ],
      [
        -0.9953815027756966,
        0.09408326414764606,
        0.0190788715421053,
        7.242001897324371
      ],
      [
        0.019944222001805886,
        0.008265922295764009,
        0.9997669241064855,
        0.3946617830699637
      ],
      [
        0.0,
        0.0,
        0.0,
        1.0
      ]
    ],
    "location": [
      -7.085743837768405,
      7.242001897324371,
      0.3946617830699637
    ],
    "rotation": [
      0.008267660950485336,
      -0.019945544447350496,
      -1.4767353751858805
    ]
  },
  {
    "label_id": "2zj9ofJlwtiSYPfUbLNFiQ",
    "size": [
      2.772887874216789,
      7.818916382383117,
      2.8078157631268397
    ],
    "obj_class": "vehicle",
    "point_num_in_lidar": 8024,
    "speed": 0.018969884350883977,
    "if_vehicle": true,
    "motion_state": false,
    "pose": [
      [
        -0.03590623211236829,
        -0.9993040820351712,
        -0.010104163663399914,
        1.424137271242671
      ],
      [
        0.9991662554850209,
        -0.03609419012419883,
        0.0190788715421053,
        64.59624665938281
      ],
      [
        -0.019430295816963258,
        -0.009410688982334211,
        0.9997669241064855,
        0.3034253216242604
      ],
      [
        0.0,
        0.0,
        0.0,
        1.0
      ]
    ],
    "location": [
      1.424137271242671,
      64.59624665938281,
      0.3034253216242604
    ],
    "rotation": [
      -0.009412604911977254,
      0.019431518632028206,
      1.6067170630335292
    ]
  },
  {
    "label_id": "6hIIee9ufQhM-2w_W5IIEQ",
    "size": [
      0.8935107866392652,
      0.10748276377607566,
      1.2800000000000011
    ],
    "obj_class": "sign",
    "point_num_in_lidar": 30,
    "speed": 0.01973087639546242,
    "if_vehicle": false,
    "motion_state": false,
    "pose": [
      [
        -0.04906363130078355,
        -0.9987445448963634,
        -0.010104163663399914,
        -8.437378758738305
      ],
      [
        0.9986042549525602,
        -0.049249757880844854,
        0.0190788715421053,
        0.8115117087327235
      ],
      [
        -0.019552546489467006,
        -0.009153982108031335,
        0.9997669241064855,
        3.4762323046986694
      ],
      [
        0.0,
        0.0,
        0.0,
        1.0
      ]
    ],
    "location": [
      -8.437378758738305,
      0.8115117087327235,
      3.4762323046986694
    ],
    "rotation": [
      -0.009155860324831039,
      0.019553792533689832,
      1.6198890566731357
    ]
  },
  {
    "label_id": "BCFugmMeTE1MZhUx7Md3MA",
    "size": [
      1.9755133702178598,
      5.636981406052898,
      2.0752408288585755
    ],
    "obj_class": "vehicle",
    "point_num_in_lidar": 37,
    "speed": 0.05006099415816931,
    "if_vehicle": true,
    "motion_state": false,
    "pose": [
      [
        0.07775084556683481,
        0.9969216177264417,
        -0.010104163663399914,
        -6.8773108341238185
      ],
      [
        -0.9967760358050051,
        0.07793286280856872,
        0.0190788715421053,
        -0.22922953992747352
      ],
      [
        0.019807585882725652,
        0.008588189806669035,
        0.9997669241064855,
        0.7712785839722827
      ],
      [
        0.0,
        0.0,
        0.0,
        1.0
      ]
    ],
    "location": [
      -6.8773108341238185,
      -0.22922953992747352,
      0.7712785839722827
    ],
    "rotation": [
      0.008589980688601203,
      -0.01980888133100874,
      -1.4929516276402561
    ]
  },
  {
    "label_id": "ER4NMkg4wde6l-AMD922EA",
    "size": [
      1.956918996524054,
      4.657267391618751,
      1.462875516477304
    ],
    "obj_class": "vehicle",
    "point_num_in_lidar": 567,
    "speed": 0.0228127351266391,
    "if_vehicle": true,
    "motion_state": false,
    "pose": [
      [
        -0.9940015005263815,
        0.10889868147946302,
        -0.010104163663399914,
        -22.172605509331333
      ],
      [
        -0.10907605551983646,
        -0.9938502959565456,
        0.0190788715421053,
        55.96016818749922
      ],
      [
        -0.007964362092212062,
        0.020066549257933265,
        0.9997669241064855,
        -0.24630948496341887
      ],
      [
        0.0,
        0.0,
        0.0,
        1.0
      ]
    ],
    "location": [
      -22.172605509331333,
      55.96016818749922,
      -0.24630948496341887
    ],
    "rotation": [
      0.020068532769273794,
      0.007964446292608481,
      -3.0322956611766947
    ]
  },
  {
    "label_id": "FzhIiYZfV0ZRgWwzC5IjNA",
    "size": [
      1.8776833819729004,
      4.564797332079824,
      1.7476778351213866
    ],
    "obj_class": "vehicle",
    "point_num_in_lidar": 46,
    "speed": 0.044956168186553645,
    "if_vehicle": true,
    "motion_state": false,
    "pose": [
      [
        -0.9971366609907453,
        0.07494254589277781,
        -0.010104163663399914,
        -28.971075499097196
      ],
      [
        -0.07512497246755374,
        -0.9969915923278536,
        0.0190788715421053,
        55.453057566202915
      ],
      [
        -0.00864394701378768,
        0.0197833172819868,
        0.9997669241064855,
        0.017207297424604917
      ],
      [
        0.0,
        0.0,
        0.0,
        1.0
      ]
    ],
    "location": [
      -28.971075499097196,
      55.453057566202915,
      0.017207297424604917
    ],
    "rotation": [
      0.019785347243201853,
      0.008644054660219929,
      -3.066394021781005
    ]
  },
  {
    "label_id": "Im-r1sT-zfG7KFGudl9kcQ",
    "size": [
      1.8653725858875847,
      4.360587515094883,
      1.5051311337171924
    ],
    "obj_class": "vehicle",
    "point_num_in_lidar": 40,
    "speed": 13.257431086459126,
    "if_vehicle": true,
    "motion_state": true,
    "pose": [
      [
        0.07904908888466536,
        0.9968195159722585,
        -0.010104163663399914,
        -1.4283748272841876
      ],
      [
        -0.9966736971298956,
        0.07923091637804727,
        0.0190788715421053,
        17.90794536449357
      ],
      [
        0.01981875364218324,
        0.008562386742455345,
        0.9997669241064855,
        0.4209664792038197
      ],
      [
        0.0,
        0.0,
        0.0,
        1.0
      ]
    ],
    "location": [
      -1.4283748272841876,
      17.90794536449357,
      0.4209664792038197
    ],
    "rotation": [
      0.008564173507545327,
      -0.019820051283129272,
      -1.491649101203686
    ]
  },
  {
    "label_id": "InPwvU2homAc1AtpmC4pDQ",
    "size": [
      2.116618505751396,
      4.313385827928875,
      1.7074263757876054
    ],
    "obj_class": "vehicle",
    "point_num_in_lidar": 515,
    "speed": 9.098639039234754,
    "if_vehicle": true,
    "motion_state": true,
    "pose": [
      [
        0.0780744455758697,
        0.9968963270193566,
        -0.010104163663399914,
        -3.295559399221247
      ],
      [
        -0.9967506860221818,
        0.07825641555163365,
        0.0190788715421053,
        49.11654050686229
      ],
      [
        0.019810372594443636,
        0.008581759745311154,
        0.9997669241064855,
        -0.05564358676298298
      ],
      [
        0.0,
        0.0,
        0.0,
        1.0
      ]
    ],
    "location": [
      -3.295559399221247,
      49.11654050686229,
      -0.05564358676298298
    ],
    "rotation": [
      0.008583549602405259,
      -0.019811668589634474,
      -1.4926269725400612
    ]
  },
  {
    "label_id": "PcVh6dv8Ot__fqMN510DCA",
    "size": [
      0.9066269636194508,
      0.12044237213813053,
      0.759999999999998
    ],
    "obj_class": "sign",
    "point_num_in_lidar": 34,
    "speed": 0.012223398245284298,
    "if_vehicle": false,
    "motion_state": false,
    "pose": [
      [
        -0.005019131457233803,
        0.9999363550727008,
        -0.010104163663399914,
        6.570845108434469
      ],
      [
        -0.9998063359329477,
        -0.0048256905219707545,
        0.0190788715421053,
        28.063184255164742
      ],
      [
        0.019028897701890136,
        0.0101979662142962,
        0.9997669241064855,
        3.4118419977646255
      ],
      [
        0.0,
        0.0,
        0.0,
        1.0
      ]
    ],
    "location": [
      6.570845108434469,
      28.063184255164742,
      3.4118419977646255
    ],
    "rotation": [
      0.010199989918838111,
      -0.01903004627969356,
      -1.5758163882951801
    ]
  },
  {
    "label_id": "Ra8Q_h14wX_wKN0lzRI2oA",
    "size": [
      0.7878855284745468,
      0.08952097384951267,
      0.7893254617679233
    ],
    "obj_class": "sign",
    "point_num_in_lidar": 45,
    "speed": 1.1457157353758233e-12,
    "if_vehicle": false,
    "motion_state": false,
    "pose": [
      [
        0.07638617928519334,
        -0.9970271097070901,
        -0.010104163663399914,
        5.819937976630172
      ],
      [
        0.9969112309259999,
        0.07618395050328856,
        0.0190788715421053,
        38.1757413531177
      ],
      [
        -0.018252377045688505,
        -0.011530316337332196,
        0.9997669241064855,
        2.414871797171962
      ],
      [
        0.0,
        0.0,
        0.0,
        1.0
      ]
    ],
    "location": [
      5.819937976630172,
      38.1757413531177,
      2.414871797171962
    ],
    "rotation": [
      -0.01153249310773768,
      0.018253390658661967,
      1.4943229036751813
    ]
  },
  {
    "label_id": "TPNK48HJfnl6RAqdbIuuCg",
    "size": [
      0.9892035034162923,
      0.65742699531001,
      1.703407367217686
    ],
    "obj_class": "pedestrian",
    "point_num_in_lidar": 99,
    "speed": 8.526512829121202e-13,
    "if_vehicle": false,
    "motion_state": false,
    "pose": [
      [
        0.6800411915279637,
        -0.7331042788729928,
        -0.010104163663399914,
        4.751878320692185
      ],
      [
        0.733139354806198,
        0.6798107700640169,
        0.0190788715421053,
        64.99197075194024
      ],
      [
        -0.007117883082716813,
        -0.020382178565543484,
        0.9997669241064855,
        -0.16235111352492027
      ],
      [
        0.0,
        0.0,
        0.0,
        1.0
      ]
    ],
    "location": [
      4.751878320692185,
      64.99197075194024,
      -0.16235111352492027
    ],
    "rotation": [
      -0.02038410651928957,
      0.007117943187799847,
      0.8229540136462781
    ]
  },
  {
    "label_id": "USGqx7dcWPiv_I1IR97_8Q",
    "size": [
      0.9222865930313388,
      0.1261789293901471,
      1.259999999999998
    ],
    "obj_class": "sign",
    "point_num_in_lidar": 61,
    "speed": 0.014270745678530913,
    "if_vehicle": false,
    "motion_state": false,
    "pose": [
      [
        0.1785543822395145,
        -0.9838781624061633,
        -0.010104163663399914,
        -11.224803435190779
      ],
      [
        0.9837837036659651,
        0.17834130497996342,
        0.0190788715421053,
        36.87368273822358
      ],
      [
        -0.016969295340167934,
        -0.013346927673254296,
        0.9997669241064855,
        2.9149952973633972
      ],
      [
        0.0,
        0.0,
        0.0,
        1.0
      ]
    ],
    "location": [
      -11.224803435190779,
      36.87368273822358,
      2.9149952973633972
    ],
    "rotation": [
      -0.013349246233258802,
      0.016970109850235848,
      1.3912531666151986
    ]
  },
  {
    "label_id": "UzRjOTVRec06lSAMK79AGg",
    "size": [
      2.1862905007105544,
      4.690650091409834,
      1.4663315120900506
    ],
    "obj_class": "vehicle",
    "point_num_in_lidar": 140,
    "speed": 1.7763568394002505e-13,
    "if_vehicle": true,
    "motion_state": false,
    "pose": [
      [
        0.9939983087976094,
        -0.10892781088480466,
        -0.010104163663399914,
        -34.957158602151594
      ],
      [
        0.1091051804940158,
        0.9938470990298499,
        0.0190788715421053,
        46.45017917455698
      ],
      [
        0.007963774033758897,
        -0.020066782646855824,
        0.9997669241064855,
        -0.03497573919667474
      ],
      [
        0.0,
        0.0,
        0.0,
        1.0
      ]
    ],
    "location": [
      -34.957158602151594,
      46.45017917455698,
      -0.03497573919667474
    ],
    "rotation": [
      -0.020068766118599524,
      -0.007963858215505219,
      0.1093262926807344
    ]
  },
  {
    "label_id": "WdmppTeaPxbSEqVNWeF6XQ",
    "size": [
      0.6816729836272372,
      0.7295156156403522,
      1.8369166936414274
    ],
    "obj_class": "pedestrian",
    "point_num_in_lidar": 68,
    "speed": 9.078348664026449e-28,
    "if_vehicle": false,
    "motion_state": false,
    "pose": [
      [
        -0.9552290175614621,
        -0.2956948255976547,
        -0.010104163663399914,
        6.336017731714037
      ],
      [
        0.2954719269414753,
        -0.9551608958966921,
        0.0190788715421053,
        64.15530765169387
      ],
      [
        -0.015292625610262746,
        0.01523919501158977,
        0.9997669241064855,
        -0.051115211632996704
      ],
      [
        0.0,
        0.0,
        0.0,
        1.0
      ]
    ],
    "location": [
      6.336017731714037,
      64.15530765169387,
      -0.051115211632996704
    ],
    "rotation": [
      0.01524156738627335,
      0.015293221739781445,
      2.8416070186288525
    ]
  },
  {
    "label_id": "XRz4v8ok9fxZb7WbkDQ34Q",
    "size": [
      0.6378657800204002,
      0.7440812774472998,
      1.5660355873188152
    ],
    "obj_class": "pedestrian",
    "point_num_in_lidar": 83,
    "speed": 4.2554728672693885e-28,
    "if_vehicle": false,
    "motion_state": false,
    "pose": [
      [
        -0.9929600824062099,
        0.11801771318118406,
        -0.010104163663399914,
        5.880349963254957
      ],
      [
        -0.11819369189172614,
        -0.9928072561467727,
        0.0190788715421053,
        65.16863516609737
      ],
      [
        -0.007779842212841153,
        0.020138806265521832,
        0.9997669241064855,
        -0.23090443046219633
      ],
      [
        0.0,
        0.0,
        0.0,
        1.0
      ]
    ],
    "location": [
      5.880349963254957,
      65.16863516609737,
      -0.23090443046219633
    ],
    "rotation": [
      0.020140777413173636,
      0.007779920695362236,
      -3.023118425557941
    ]
  },
  {
    "label_id": "Y9pQw1kOX1aM7nlzOdz2MQ",
    "size": [
      1.5565745696068929,
      0.1425648570649699,
      1.7299999999999969
    ],
    "obj_class": "sign",
    "point_num_in_lidar": 74,
    "speed": 0.004782953720199095,
    "if_vehicle": false,
    "motion_state": false,
    "pose": [
      [
        -0.9883548751379183,
        0.15183065127889503,
        -0.010104163663399914,
        11.398836440014065
      ],
      [
        -0.1520013127944726,
        -0.9881961331483933,
        0.0190788715421053,
        48.542543527759335
      ],
      [
        -0.007088137968966073,
        0.020392541842296854,
        0.9997669241064855,
        0.303891527157532
      ],
      [
        0.0,
        0.0,
        0.0,
        1.0
      ]
    ],
    "location": [
      11.398836440014065,
      48.542543527759335,
      0.303891527157532
    ],
    "rotation": [
      0.020394467903375835,
      0.007088197323658094,
      -2.9889959903028935
    ]
  },
  {
    "label_id": "_pclsoVG-Y3xL9lwt3wKKQ",
    "size": [
      2.9864107222653886,
      8.609215710861044,
      3.416564765589179
    ],
    "obj_class": "vehicle",
    "point_num_in_lidar": 30079,
    "speed": 0.022721930370975914,
    "if_vehicle": true,
    "motion_state": false,
    "pose": [
      [
        -0.05059953786507005,
        -0.998667909089155,
        -0.010104163663399914,
        1.2444893859606054
      ],
      [
        0.9985273330680525,
        -0.05078544847377386,
        0.0190788715421053,
        73.54553370477879
      ],
      [
        -0.01956660123383305,
        -0.009123901512680273,
        0.9997669241064855,
        0.4468224808682706
      ],
      [
        0.0,
        0.0,
        0.0,
        1.0
      ]
    ],
    "location": [
      1.2444893859606054,
      73.54553370477879,
      0.4468224808682706
    ],
    "rotation": [
      -0.009125775230672642,
      0.019567849967338135,
      1.6214271826282625
    ]
  },
  {
    "label_id": "aQGEemetOzSFSxoULJXzMw",
    "size": [
      0.6111848615330148,
      0.5514643377672034,
      1.8816667629758612
    ],
    "obj_class": "pedestrian",
    "point_num_in_lidar": 126,
    "speed": 0.014918827708691197,
    "if_vehicle": false,
    "motion_state": false,
    "pose": [
      [
        0.996397700595005,
        -0.08419933566038482,
        -0.010104163663399914,
        4.719183730404438
      ],
      [
        0.08438040717224765,
        0.9962509440628529,
        0.0190788715421053,
        65.55645436700433
      ],
      [
        0.00845985427963265,
        -0.019862737178553906,
        0.9997669241064855,
        -0.13735111352489326
      ],
      [
        0.0,
        0.0,
        0.0,
        1.0
      ]
    ],
    "location": [
      4.719183730404438,
      65.55645436700433,
      -0.13735111352489326
    ],
    "rotation": [
      -0.019864754437107425,
      -0.0084599551936241,
      0.08448389201461222
    ]
  },
  {
    "label_id": "bSuLGh3Quq0PVev0FYi_DQ",
    "size": [
      1.856323870336149,
      4.2105346985256356,
      1.6576778351213832
    ],
    "obj_class": "vehicle",
    "point_num_in_lidar": 34,
    "speed": 0.11349311264889203,
    "if_vehicle": true,
    "motion_state": false,
    "pose": [
      [
        -0.9978073754416101,
        0.06540907728281499,
        -0.010104163663399914,
        -34.387518963244474
      ],
      [
        -0.0655928820065625,
        -0.9976640569303643,
        0.0190788715421053,
        55.12562473043545
      ],
      [
        -0.008832629529149464,
        0.019699799954764095,
        0.9997669241064855,
        0.10433036350484315
      ],
      [
        0.0,
        0.0,
        0.0,
        1.0
      ]
    ],
    "location": [
      -34.387518963244474,
      55.12562473043545,
      0.10433036350484315
    ],
    "rotation": [
      0.01970184300482438,
      0.00883274437995401,
      -3.075950081232509
    ]
  },
  {
    "label_id": "c3POzVNyXEnuovQBHtzfjw",
    "size": [
      0.916355413744501,
      0.8839332918725881,
      1.6102138473786525
    ],
    "obj_class": "pedestrian",
    "point_num_in_lidar": 82,
    "speed": 3.552713678800501e-13,
    "if_vehicle": false,
    "motion_state": false,
    "pose": [
      [
        0.9820821437946833,
        -0.1881822752447807,
        -0.010104163663399914,
        -15.41556814267733
      ],
      [
        0.18834696551836172,
        0.981917215064847,
        0.0190788715421053,
        43.8914088149304
      ],
      [
        0.006331146789028792,
        -0.020640107630356407,
        0.9997669241064855,
        -0.2074437069413264
      ],
      [
        0.0,
        0.0,
        0.0,
        1.0
      ]
    ],
    "location": [
      -15.41556814267733,
      43.8914088149304,
      -0.2074437069413264
    ],
    "rotation": [
      -0.02064198717095234,
      -0.00633118908546067,
      0.1894825589637041
    ]
  },
  {
    "label_id": "dOzfdH28bWp78162th45ZQ",
    "size": [
      2.2250475077825103,
      4.952390760509612,
      1.4772722474731381
    ],
    "obj_class": "vehicle",
    "point_num_in_lidar": 29,
    "speed": 0.3949912091662525,
    "if_vehicle": true,
    "motion_state": false,
    "pose": [
      [
        0.1356956111152284,
        0.9906990496617669,
        -0.010104163663399914,
        -8.346898357041937
      ],
      [
        -0.9905431113635107,
        0.1358688381895401,
        0.0190788715421053,
        25.395214742480675
      ],
      [
        0.020274260883205757,
        0.0074196905795753595,
        0.9997669241064855,
        0.115095258718803
      ],
      [
        0.0,
        0.0,
        0.0,
        1.0
      ]
    ],
    "location": [
      -8.346898357041937,
      25.395214742480675,
      0.115095258718803
    ],
    "rotation": [
      0.007421284087210471,
      -0.0202756500813204,
      -1.4346526351986344
    ]
  },
  {
    "label_id": "fwu2l9rbw4VbqDoPx91Eow",
    "size": [
      0.785688575414377,
      0.09106751623065597,
      0.5132061658348519
    ],
    "obj_class": "sign",
    "point_num_in_lidar": 40,
    "speed": 0.02744317405931437,
    "if_vehicle": false,
    "motion_state": false,
    "pose": [
      [
        0.20680885149525194,
        -0.9783291904159245,
        -0.010104163663399914,
        5.8422924385408805
      ],
      [
        0.9782409059049645,
        0.20659314285550343,
        0.0190788715421053,
        38.20804876764669
      ],
      [
        -0.01657796602268913,
        -0.013829985726944596,
        0.9997669241064855,
        1.7481049125725647
      ],
      [
        0.0,
        0.0,
        0.0,
        1.0
      ]
    ],
    "location": [
      5.8422924385408805,
      38.20804876764669,
      1.7481049125725647
    ],
    "rotation": [
      -0.013832327652271685,
      0.016578725467468827,
      1.3624551065808723
    ]
  },
  {
    "label_id": "iMO8XPPJOQopigo1OG2RUg",
    "size": [
      0.585781763165838,
      0.5345773345299226,
      1.5950292733247764
    ],
    "obj_class": "pedestrian",
    "point_num_in_lidar": 26,
    "speed": 1.0658141036401503e-13,
    "if_vehicle": false,
    "motion_state": false,
    "pose": [
      [
        -0.9986634821566941,
        0.050686835404567525,
        -0.010104163663399914,
        -13.831254563430548
      ],
      [
        -0.05087273372422393,
        -0.998522889884906,
        0.0190788715421053,
        23.761001085807948
      ],
      [
        -0.009122191079488562,
        0.019567398717413254,
        0.9997669241064855,
        0.15852052445234222
      ],
      [
        0.0,
        0.0,
        0.0,
        1.0
      ]
    ],
    "location": [
      -13.831254563430548,
      23.761001085807948,
      0.15852052445234222
    ],
    "rotation": [
      0.019569461954743708,
      0.009122317600457137,
      -3.0906958313196364
    ]
  },
  {
    "label_id": "jCjquE8-FjABU4aeRJWSqQ",
    "size": [
      0.5813068380702832,
      0.09089592981572317,
      0.6000000000000014
    ],
    "obj_class": "sign",
    "point_num_in_lidar": 39,
    "speed": 0.01604618868743621,
    "if_vehicle": false,
    "motion_state": false,
    "pose": [
      [
        -0.03454597531793133,
        -0.9993520308009567,
        -0.010104163663399914,
        -11.57528470472539
      ],
      [
        0.9992144602214443,
        -0.03473412076111356,
        0.0190788715421053,
        36.802233934567994
      ],
      [
        -0.019417468261868097,
        -0.009437128215525723,
        0.9997669241064855,
        1.8449596960564278
      ],
      [
        0.0,
        0.0,
        0.0,
        1.0
      ]
    ],
    "location": [
      -11.57528470472539,
      36.802233934567994,
      1.8449596960564278
    ],
    "rotation": [
      -0.009439047959448202,
      0.01941868865641188,
      1.605355695448317
    ]
  },
  {
    "label_id": "kl6OZnUr7FMaib_vCX4org",
    "size": [
      0.7767175986886211,
      0.3510486088676036,
      1.1099999999999994
    ],
    "obj_class": "sign",
    "point_num_in_lidar": 41,
    "speed": 2.929642751054232e-13,
    "if_vehicle": false,
    "motion_state": false,
    "pose": [
      [
        -0.03376215836904692,
        -0.9993788183361336,
        -0.010104163663399914,
        -11.22023133788639
      ],
      [
        0.9992413953641403,
        -0.03395041165296549,
        0.0190788715421053,
        34.88375931574046
      ],
      [
        -0.01941006061271744,
        -0.00945235471549611,
        0.9997669241064855,
        -0.23941929547475382
      ],
      [
        0.0,
        0.0,
        0.0,
        1.0
      ]
    ],
    "location": [
      -11.22023133788639,
      34.88375931574046,
      -0.23941929547475382
    ],
    "rotation": [
      -0.009454276650095234,
      0.019411279610916304,
      1.6045712679914257
    ]
  },
  {
    "label_id": "kwKUJvCDrF9bT8Mzr9G6yQ",
    "size": [
      0.9066269636194508,
      0.12044237213813053,
      0.6899999999999977
    ],
    "obj_class": "sign",
    "point_num_in_lidar": 37,
    "speed": 0.012223398244906682,
    "if_vehicle": false,
    "motion_state": false,
    "pose": [
      [
        -0.005019131457233803,
        0.9999363550727008,
        -0.010104163663399914,
        6.566849556411171
      ],
      [
        -0.9998063359329477,
        -0.0048256905219707545,
        0.0190788715421053,
        28.061073384902556
      ],
      [
        0.019028897701890136,
        0.0101979662142962,
        0.9997669241064855,
        2.571189267221193
      ],
      [
        0.0,
        0.0,
        0.0,
        1.0
      ]
    ],
    "location": [
      6.566849556411171,
      28.061073384902556,
      2.571189267221193
    ],
    "rotation": [
      0.010199989918838111,
      -0.01903004627969356,
      -1.5758163882951801
    ]
  },
  {
    "label_id": "nJ9ixIFXA5MXpTlWNgnlUg",
    "size": [
      0.762291334303052,
      0.5963576801591205,
      1.755029273324773
    ],
    "obj_class": "pedestrian",
    "point_num_in_lidar": 39,
    "speed": 0.00935113235591449,
    "if_vehicle": false,
    "motion_state": false,
    "pose": [
      [
        -0.9953105861945092,
        0.09620157423767024,
        -0.010104163663399914,
        -16.374406880451033
      ],
      [
        -0.09638086392355438,
        -0.9951616580887898,
        0.0190788715421053,
        36.67133155364718
      ],
      [
        -0.00821985878784074,
        0.01996325084160603,
        0.9997669241064855,
        0.18210619413822116
      ],
      [
        0.0,
        0.0,
        0.0,
        1.0
      ]
    ],
    "location": [
      -16.374406880451033,
      36.67133155364718,
      0.18210619413822116
    ],
    "rotation": [
      0.019965251664368633,
      0.008219951354592577,
      -3.045058673011443
    ]
  },
  {
    "label_id": "pdUa5SYgjcgD0TDMBTMdpA",
    "size": [
      2.106731684363165,
      4.356208741592688,
      1.3984952537723458
    ],
    "obj_class": "vehicle",
    "point_num_in_lidar": 61,
    "speed": 1.281400861316223,
    "if_vehicle": true,
    "motion_state": true,
    "pose": [
      [
        -0.1607570268932769,
        -0.986942290197911,
        -0.010104163663399914,
        4.728418599300994
      ],
      [
        0.9867820122831054,
        -0.1609262467566593,
        0.0190788715421053,
        26.35435369373772
      ],
      [
        -0.020455770309123118,
        -0.006903544286620003,
        0.9997669241064855,
        0.03813228053730455
      ],
      [
        0.0,
        0.0,
        0.0,
        1.0
      ]
    ],
    "location": [
      4.728418599300994,
      26.35435369373772,
      0.03813228053730455
    ],
    "rotation": [
      -0.0069050439660793,
      0.02045719715825152,
      1.7322880218992551
    ]
  },
  {
    "label_id": "rK5ux_2MIdHEgX0iTZECcg",
    "size": [
      2.4040817558075718,
      4.960022983072791,
      1.8172722474731415
    ],
    "obj_class": "vehicle",
    "point_num_in_lidar": 225,
    "speed": 0.025000789576034563,
    "if_vehicle": true,
    "motion_state": false,
    "pose": [
      [
        0.08754173972482286,
        0.9961096072634853,
        -0.010104163663399914,
        -9.135629427999902
      ],
      [
        -0.9959622440689494,
        0.08772231785482153,
        0.0190788715421053,
        32.01670021771861
      ],
      [
        0.019891007895374894,
        0.008393167909857403,
        0.9997669241064855,
        0.12820062916395614
      ],
      [
        0.0,
        0.0,
        0.0,
        1.0
      ]
    ],
    "location": [
      -9.135629427999902,
      32.01670021771861,
      0.12820062916395614
    ],
    "rotation": [
      0.00839492739517468,
      -0.019892319782450676,
      -1.4831249962376072
    ]
  },
  {
    "label_id": "tFMYVPCUjzCvUWFmOTKG0w",
    "size": [
      2.1177477799472584,
      4.607182423773619,
      1.4772722474731381
    ],
    "obj_class": "vehicle",
    "point_num_in_lidar": 41,
    "speed": 2.8421709430404007e-13,
    "if_vehicle": true,
    "motion_state": false,
    "pose": [
      [
        0.050588214042583284,
        0.9986684827692547,
        -0.010104163663399914,
        -7.946387811617797
      ],
      [
        -0.9985279088561875,
        0.050774126245255916,
        0.0190788715421053,
        17.864816684294055
      ],
      [
        0.019566497777352,
        0.009124123376292415,
        0.9997669241064855,
        0.24037341180204663
      ],
      [
        0.0,
        0.0,
        0.0,
        1.0
      ]
    ],
    "location": [
      -7.946387811617797,
      17.864816684294055,
      0.24037341180204663
    ],
    "rotation": [
      0.009125997127526903,
      -0.01956774649104725,
      -1.520176811584168
    ]
  },
  {
    "label_id": "vYYZO_DaSxReGu-PHeTJsQ",
    "size": [
      2.1654614852936525,
      4.986316617771135,
      1.5956842595324616
    ],
    "obj_class": "vehicle",
    "point_num_in_lidar": 267,
    "speed": 0.023745784137162752,
    "if_vehicle": true,
    "motion_state": false,
    "pose": [
      [
        0.9969414232619902,
        -0.07749648031375835,
        -0.010104163663399914,
        -27.641984171180184
      ],
      [
        0.07767853469452776,
        0.9967958877866576,
        0.0190788715421053,
        47.061661630972594
      ],
      [
        0.008593243396328916,
        -0.01980539397710573,
        0.9997669241064855,
        -0.10997573919671311
      ],
      [
        0.0,
        0.0,
        0.0,
        1.0
      ]
    ],
    "location": [
      -27.641984171180184,
      47.061661630972594,
      -0.10997573919671311
    ],
    "rotation": [
      -0.019807420432391865,
      -0.008593349159513815,
      0.07775974259148258
    ]
  },
  {
    "label_id": "vefZ7XEI8eeOhf6ZvvGjXw",
    "size": [
      1.07330091036035,
      1.273663023199288,
      1.8399999999999963
    ],
    "obj_class": "pedestrian",
    "point_num_in_lidar": 121,
    "speed": 1.7041673522109013,
    "if_vehicle": false,
    "motion_state": true,
    "pose": [
      [
        -0.08643535155561505,
        -0.9962062215616406,
        -0.010104163663399914,
        -15.824361747552757
      ],
      [
        0.9960590590180088,
        -0.08661609324391482,
        0.0190788715421053,
        49.00878219478
      ],
      [
        -0.019881673712641452,
        -0.008415254781703784,
        0.9997669241064855,
        -0.052661097947215296
      ],
      [
        0.0,
        0.0,
        0.0,
        1.0
      ]
    ],
    "location": [
      -15.824361747552757,
      49.00878219478,
      -0.052661097947215296
    ],
    "rotation": [
      -0.008417017855143951,
      0.019882983753491068,
      1.6573568216325405
    ]
  }
]