[
  {
    "label_id": "-9nK50GgpR1aiB9xKeeNGQ",
    "size": [
      2.2903499040849824,
      5.034674882507156,
      1.850566636766004
    ],
    "obj_class": "vehicle",
    "point_num_in_lidar": 295,
    "speed": 0.8620661498441776,
    "if_vehicle": true,
    "motion_state": false,
    "pose": [
      [
        0.7973360712469829,
        0.6034926198500229,
        -0.007200505189368196,
        1.4915114341688422
      ],
      [
        -0.6032517066577344,
        0.7972702035117231,
        0.021156583063110832,
        53.45298873535285
      ],
      [
        0.018508589977546175,
        -0.01252518977626701,
        0.9997502446701935,
        -0.021212673443116614
      ],
      [
        0.0,
        0.0,
        0.0,
        1.0
      ]
    ],
    "location": [
      1.4915114341688422,
      53.45298873535285,
      -0.021212673443116614
    ],
    "rotation": [
      -0.012527663375871544,
      -0.01850964688195785,
      -0.6477015632532295
    ]
  },
  {
    "label_id": "2zj9ofJlwtiSYPfUbLNFiQ",
    "size": [
      2.7728878742167886,
      7.818916382383117,
      2.8078157631268397
    ],
    "obj_class": "vehicle",
    "point_num_in_lidar": 695,
    "speed": 0.018969884510290712,
    "if_vehicle": true,
    "motion_state": false,
    "pose": [
      [
        -0.035907134280641816,
        -0.999329190223507,
        -0.007200505189368196,
        1.4643136655631679
      ],
      [
        0.9991259343649631,
        -0.0360522713907634,
        0.021156583063110832,
        64.62484305466933
      ],
      [
        -0.021401985587592605,
        -0.006434539206260591,
        0.9997502446701935,
        0.27239150915994514
      ],
      [
        0.0,
        0.0,
        0.0,
        1.0
      ]
    ],
    "location": [
      1.4643136655631679,
      64.62484305466933,
      0.27239150915994514
    ],
    "rotation": [
      -0.006436057800124412,
      0.021403619769821757,
      1.6067194132110048
    ]
  },
  {
    "label_id": "A11mD957-dgBIjZwIc5ZXw",
    "size": [
      1.9781556489937704,
      4.646538738710864,
      1.7578157631268425
    ],
    "obj_class": "vehicle",
    "point_num_in_lidar": 3596,
    "speed": 1.2482725622916577e-27,
    "if_vehicle": true,
    "motion_state": false,
    "pose": [
      [
        -0.048357138761526426,
        -0.9988041549051628,
        -0.007200505189368196,
        -0.2618514232030975
      ],
      [
        0.998599106252531,
        -0.04849973180069995,
        0.021156583063110832,
        96.14694660449277
      ],
      [
        -0.021480505637545194,
        -0.006167346223767181,
        0.9997502446701935,
        -0.8475814167880316
      ],
      [
        0.0,
        0.0,
        0.0,
        1.0
      ]
    ],
    "location": [
      -0.2618514232030975,
      96.14694660449277,
      -0.8475814167880316
    ],
    "rotation": [
      -0.006168808685272968,
      0.021482157874914146,
      1.6191835051302694
    ]
  },
  {
    "label_id": "Im-r1sT-zfG7KFGudl9kcQ",
    "size": [
      1.8653725858870864,
      4.360587515094883,
      1.5051311337171924
    ],
    "obj_class": "vehicle",
    "point_num_in_lidar": 27,
    "speed": 9.843416518420876,
    "if_vehicle": true,
    "motion_state": true,
    "pose": [
      [
        0.06269571004472548,
        0.9980067137384426,
        -0.007200505189368196,
        -3.6868598628993823
      ],
      [
        -0.9977996384902604,
        0.06283534373105186,
        0.021156583063110832,
        47.90165349594463
      ],
      [
        0.021566858155360805,
        0.005858234477636883,
        0.9997502446701935,
        0.15739294214965582
      ],
      [
        0.0,
        0.0,
        0.0,
        1.0
      ]
    ],
    "location": [
      -3.6868598628993823,
      47.90165349594463,
      0.15739294214965582
    ],
    "rotation": [
      0.005859630903502973,
      -0.02156853040192634,
      -1.508044855723916
    ]
  },
  {
    "label_id": "InPwvU2homAc1AtpmC4pDQ",
    "size": [
      2.1166185057527587,
      4.313385827928875,
      1.7074263757876054
    ],
    "obj_class": "vehicle",
    "point_num_in_lidar": 505,
    "speed": 5.555254541063391,
    "if_vehicle": true,
    "motion_state": true,
    "pose": [
      [
        0.07527855462896837,
        0.997136546285408,
        -0.007200505189368196,
        -4.870157950116663
      ],
      [
        -0.9969277263134524,
        0.07541556537336211,
        0.021156583063110832,
        68.15264366202064
      ],
      [
        0.02163903233658072,
        0.0055857462728663545,
        0.9997502446701935,
        -0.22564020898041548
      ],
      [
        0.0,
        0.0,
        0.0,
        1.0
      ]
    ],
    "location": [
      -4.870157950116663,
      68.15264366202064,
      -0.22564020898041548
    ],
    "rotation": [
      0.00558708355601571,
      -0.021640721430443828,
      -1.4954288105173121
    ]
  },
  {
    "label_id": "JJpkp7XxRxb-DD-JvuxUBQ",
    "size": [
      1.9379770966289442,
      4.555830646254989,
      1.607815763126844
    ],
    "obj_class": "vehicle",
    "point_num_in_lidar": 4501,
    "speed": 1.2415089639680041e-27,
    "if_vehicle": true,
    "motion_state": false,
    "pose": [
      [
        -0.08005677853742796,
        -0.9967642975825465,
        -0.007200505189368196,
        0.1670584861074076
      ],
      [
        0.9965548233422004,
        -0.08019278687319535,
        0.021156583063110832,
        90.33779124908324
      ],
      [
        -0.021665555234178804,
        -0.005481970292073255,
        0.9997502446701935,
        -0.8108567958036161
      ],
      [
        0.0,
        0.0,
        0.0,
        1.0
      ]
    ],
    "location": [
      0.1670584861074076,
      90.33779124908324,
      -0.8108567958036161
    ],
    "rotation": [
      -0.0054832848305143,
      0.021667250547486278,
      1.6509577243960647
    ]
  },
  {
    "label_id": "Kvr0Sz5zxahFEB-f-_NRMA",
    "size": [
      2.1080539647994074,
      4.655247950804728,
      1.8672722474731387
    ],
    "obj_class": "vehicle",
    "point_num_in_lidar": 6073,
    "speed": 6.808759428467001e-28,
    "if_vehicle": true,
    "motion_state": false,
    "pose": [
      [
        0.06650908919155649,
        0.9977598377264579,
        -0.007200505189368196,
        -13.541343233774342
      ],
      [
        -0.9975522303865586,
        0.06664793052973333,
        0.021156583063110832,
        86.72251042479911
      ],
      [
        0.021589087653535784,
        0.00577577494163122,
        0.9997502446701935,
        -0.6442102719563536
      ],
      [
        0.0,
        0.0,
        0.0,
        1.0
      ]
    ],
    "location": [
      -13.541343233774342,
      86.72251042479911,
      -0.6442102719563536
    ],
    "rotation": [
      0.005777153559915826,
      -0.021590765077035928,
      -1.5042225669679938
    ]
  },
  {
    "label_id": "MqYunU1fToKflIfeagOCSQ",
    "size": [
      0.8270674695752608,
      0.6168054861699046,
      1.7307541147541983
    ],
    "obj_class": "pedestrian",
    "point_num_in_lidar": 163,
    "speed": 0.860327827331869,
    "if_vehicle": false,
    "motion_state": false,
    "pose": [
      [
        -0.5746561752406218,
        -0.8183632646831344,
        -0.007200505189368196,
        -17.97631388052241
      ],
      [
        0.818113749042653,
        -0.5746671146154692,
        0.021156583063110832,
        91.97959200317018
      ],
      [
        -0.02145166392601522,
        0.006266928808732698,
        0.9997502446701935,
        -0.7655481447488057
      ],
      [
        0.0,
        0.0,
        0.0,
        1.0
      ]
    ],
    "location": [
      -17.97631388052241,
      91.97959200317018,
      -0.7655481447488057
    ],
    "rotation": [
      0.0062684122957686415,
      0.021453309516059355,
      2.183141918188577
    ]
  },
  {
    "label_id": "Ra8Q_h14wX_wKN0lzRI2oA",
    "size": [
      0.787885528474545,
      0.08952097384951267,
      0.7893254617679233
    ],
    "obj_class": "sign",
    "point_num_in_lidar": 30,
    "speed": 1.2415089639680041e-27,
    "if_vehicle": false,
    "motion_state": false,
    "pose": [
      [
        0.07638809853944699,
        -0.9970521606849593,
        -0.007200505189368196,
        5.819937976629944
      ],
      [
        0.996866463220107,
        0.07622108304221913,
        0.021156583063110832,
        38.1757413531177
      ],
      [
        -0.0205453865518007,
        -0.008794053293306405,
        0.9997502446701935,
        2.3732771715861105
      ],
      [
        0.0,
        0.0,
        0.0,
        1.0
      ]
    ],
    "location": [
      5.819937976629944,
      38.1757413531177,
      2.3732771715861105
    ],
    "rotation": [
      -0.008796023347135848,
      0.020546832238572732,
      1.4943175687003947
    ]
  },
  {
    "label_id": "USGqx7dcWPiv_I1IR97_8Q",
    "size": [
      0.9222865930313403,
      0.1261789293901471,
      1.259999999999998
    ],
    "obj_class": "sign",
    "point_num_in_lidar": 58,
    "speed": 0.014270745799513618,
    "if_vehicle": false,
    "motion_state": false,
    "pose": [
      [
        0.17855886853866712,
        -0.9839028830078754,
        -0.007200505189368196,
        -11.199194246141133
      ],
      [
        0.9837353533325016,
        0.17837363481431875,
        0.021156583063110832,
        36.846841416067036
      ],
      [
        -0.01953164278726336,
        -0.01086108705052903,
        0.9997502446701935,
        2.914995297363447
      ],
      [
        0.0,
        0.0,
        0.0,
        1.0
      ]
    ],
    "location": [
      -11.199194246141133,
      36.846841416067036,
      2.914995297363447
    ],
    "rotation": [
      -0.010863372983109116,
      0.019532884838848588,
      1.3912401155347942
    ]
  },
  {
    "label_id": "_pclsoVG-Y3xL9lwt3wKKQ",
    "size": [
      2.986410722265388,
      8.609215710861044,
      3.416564765589179
    ],
    "obj_class": "vehicle",
    "point_num_in_lidar": 5143,
    "speed": 0.03333702128197038,
    "if_vehicle": true,
    "motion_state": false,
    "pose": [
      [
        -0.050600809212550134,
        -0.9986930012932168,
        -0.007200505189368196,
        1.3308326445155672
      ],
      [
        0.9984876328257362,
        -0.05074294125443905,
        0.021156583063110832,
        73.55297342255653
      ],
      [
        -0.021494306248233782,
        -0.006119075158515738,
        0.9997502446701935,
        0.44682248086819953
      ],
      [
        0.0,
        0.0,
        0.0,
        1.0
      ]
    ],
    "location": [
      1.3308326445155672,
      73.55297342255653,
      0.44682248086819953
    ],
    "rotation": [
      -0.006120527384063626,
      0.021495961672636916,
      1.6214304623028162
    ]
  },
  {
    "label_id": "c3POzVNyXEnuovQBHtzfjw",
    "size": [
      0.9163554137445035,
      0.8839332918725881,
      1.6102138473786525
    ],
    "obj_class": "pedestrian",
    "point_num_in_lidar": 37,
    "speed": 0.0,
    "if_vehicle": false,
    "motion_state": false,
    "pose": [
      [
        0.9821068192702154,
        -0.18818700345124423,
        -0.007200505189368196,
        -15.415568142677557
      ],
      [
        0.1882993778269811,
        0.9818837728076911,
        0.021156583063110832,
        43.89140881492858
      ],
      [
        0.003088665231544029,
        -0.022133875145935865,
        0.9997502446701935,
        -0.1403505155777367
      ],
      [
        0.0,
        0.0,
        0.0,
        1.0
      ]
    ],
    "location": [
      -15.415568142677557,
      43.89140881492858,
      -0.1403505155777367
    ],
    "rotation": [
      -0.02213578841006224,
      -0.0030886701424671123,
      0.18943117511584964
    ]
  },
  {
    "label_id": "gzXempHMiwZXNygADpnVJA",
    "size": [
      2.2118252908070533,
      4.968762252722076,
      1.540971381222171
    ],
    "obj_class": "vehicle",
    "point_num_in_lidar": 2750,
    "speed": 0.08838421785782721,
    "if_vehicle": true,
    "motion_state": false,
    "pose": [
      [
        0.10409362509666853,
        0.9945414370146939,
        -0.007200505189368196,
        -13.02254286486209
      ],
      [
        -0.9943287408021068,
        0.10422453745635214,
        0.021156583063110832,
        80.13593211689476
      ],
      [
        0.02179156784472094,
        0.004957403832385527,
        0.9997502446701935,
        -0.757629774808521
      ],
      [
        0.0,
        0.0,
        0.0,
        1.0
      ]
    ],
    "location": [
      -13.02254286486209,
      80.13593211689476,
      -0.757629774808521
    ],
    "rotation": [
      0.004958601639070672,
      -0.02179329291584079,
      -1.4664889355406743
    ]
  },
  {
    "label_id": "mayg6loOgXrJjkvmhPE2_w",
    "size": [
      2.213575868519125,
      4.8062935700704585,
      1.7078157631268382
    ],
    "obj_class": "vehicle",
    "point_num_in_lidar": 3036,
    "speed": 0.03524976946924651,
    "if_vehicle": true,
    "motion_state": false,
    "pose": [
      [
        -0.1384507566750747,
        -0.9903431429060926,
        -0.007200505189368196,
        0.6563565160386133
      ],
      [
        0.9901260434417597,
        -0.13857422953587098,
        0.021156583063110832,
        83.37937504743604
      ],
      [
        -0.021950081422760722,
        -0.004200262780184226,
        0.9997502446701935,
        -0.6847168423288537
      ],
      [
        0.0,
        0.0,
        0.0,
        1.0
      ]
    ],
    "location": [
      0.6563565160386133,
      83.37937504743604,
      -0.6847168423288537
    ],
    "rotation": [
      -0.004201287361377914,
      0.021951844418788214,
      1.709726950899355
    ]
  },
  {
    "label_id": "rK5ux_2MIdHEgX0iTZECcg",
    "size": [
      2.4040817558075718,
      4.960022983072791,
      1.8172722474731415
    ],
    "obj_class": "vehicle",
    "point_num_in_lidar": 107,
    "speed": 0.0250007897872076,
    "if_vehicle": true,
    "motion_state": false,
    "pose": [
      [
        0.08754393927001687,
        0.9961346351884898,
        -0.007200505189368196,
        -9.131435484296844
      ],
      [
        -0.9959241449309888,
        0.08767836983300029,
        0.021156583063110832,
        31.951843424525578
      ],
      [
        0.02170613370838475,
        0.005319026350954626,
        0.9997502446701935,
        0.12820062916392772
      ],
      [
        0.0,
        0.0,
        0.0,
        1.0
      ]
    ],
    "location": [
      -9.131435484296844,
      31.951843424525578,
      0.12820062916392772
    ],
    "rotation": [
      0.005320304939218103,
      -0.02170783856659993,
      -1.4831194679128175
    ]
  },
  {
    "label_id": "vInzvTHH1z1mBUt4OGO_ZA",
    "size": [
      0.8801279541340512,
      0.08562255666252712,
      0.46000000000000085
    ],
    "obj_class": "sign",
    "point_num_in_lidar": 24,
    "speed": 0.010914594298992962,
    "if_vehicle": false,
    "motion_state": false,
    "pose": [
      [
        0.013650721948518817,
        0.9998808981650276,
        -0.007200505189368196,
        -13.528452348580458
      ],
      [
        -0.9996809237884331,
        0.013800348060786878,
        0.021156583063110832,
        65.24690878674664
      ],
      [
        0.021253432753073048,
        0.006909405046675735,
        0.9997502446701935,
        2.1612438922566213
      ],
      [
        0.0,
        0.0,
        0.0,
        1.0
      ]
    ],
    "location": [
      -13.528452348580458,
      65.24690878674664,
      2.1612438922566213
    ],
    "rotation": [
      0.006911021107856948,
      -0.021255033137433228,
      -1.5571420964546276
    ]
  },
  {
    "label_id": "vefZ7XEI8eeOhf6ZvvGjXw",
    "size": [
      1.0733009103601248,
      1.273663023199288,
      1.8399999999999963
    ],
    "obj_class": "pedestrian",
    "point_num_in_lidar": 45,
    "speed": 0.8547518838997993,
    "if_vehicle": false,
    "motion_state": false,
    "pose": [
      [
        0.021605496887177222,
        -0.9997406439818661,
        -0.007200505189368196,
        -15.493400376286445
      ],
      [
        0.9995460685075243,
        0.021448914290598007,
        0.021156583063110832,
        45.382728197744655
      ],
      [
        -0.020996652957314493,
        -0.007654335142814353,
        0.9997502446701935,
        -0.13166062785569466
      ],
      [
        0.0,
        0.0,
        0.0,
        1.0
      ]
    ],
    "location": [
      -15.493400376286445,
      45.382728197744655,
      -0.13166062785569466
    ],
    "rotation": [
      -0.0076560977383698615,
      0.020998196025553095,
      1.5491843834744798
    ]
  },
  {
    "label_id": "weIgOqZ1JshYQDqWX_Cndg",
    "size": [
      0.4671913823782095,
      0.09412770210278251,
      0.5799999999999983
    ],
    "obj_class": "sign",
    "point_num_in_lidar": 48,
    "speed": 0.1583710145869104,
    "if_vehicle": false,
    "motion_state": false,
    "pose": [
      [
        8.970888077882573e-05,
        -0.9999740720025369,
        -0.007200505189368196,
        -14.5434356834553
      ],
      [
        0.9997761724846003,
        -6.265090908493017e-05,
        0.021156583063110832,
        75.28580914101076
      ],
      [
        -0.02115648563347482,
        -0.007200791451569732,
        0.9997502446701935,
        1.6113329640852996
      ],
      [
        0.0,
        0.0,
        0.0,
        1.0
      ]
    ],
    "location": [
      -14.5434356834553,
      75.28580914101076,
      1.6113329640852996
    ],
    "rotation": [
      -0.007202465790440061,
      0.021158064214293285,
      1.5707065978305474
    ]
  },
  {
    "label_id": "xcy8jBMqzWpL33dU9AmV6w",
    "size": [
      0.7809214450060293,
      0.8245629786783305,
      1.6019748562274287
    ],
    "obj_class": "pedestrian",
    "point_num_in_lidar": 274,
    "speed": 1.1197806065885143,
    "if_vehicle": false,
    "motion_state": true,
    "pose": [
      [
        0.08818340695885339,
        0.9960782295894973,
        -0.007200505189368196,
        3.09733414311836
      ],
      [
        -0.9958676530753626,
        0.08831770236630193,
        0.021156583063110832,
        95.31800664192633
      ],
      [
        0.02170954387586821,
        0.005305090629779987,
        0.9997502446701935,
        -0.8136746148566445
      ],
      [
        0.0,
        0.0,
        0.0,
        1.0
      ]
    ],
    "location": [
      3.09733414311836,
      95.31800664192633,
      -0.8136746148566445
    ],
    "rotation": [
      0.0053063661301749315,
      -0.021711249537854537,
      -1.4824773584565094
    ]
  },
  {
    "label_id": "z2-2vupTYMYdLYdy-4TqSQ",
    "size": [
      2.224452680310457,
      5.038364944862607,
      1.9009713812221705
    ],
    "obj_class": "vehicle",
    "point_num_in_lidar": 6571,
    "speed": 3.3780906743667005e-28,
    "if_vehicle": true,
    "motion_state": false,
    "pose": [
      [
        0.0615645743640912,
        0.9980771292382099,
        -0.007200505189368196,
        -13.740226187367853
      ],
      [
        -0.9978702123774896,
        0.061704442650405714,
        0.021156583063110832,
        92.02301917212935
      ],
      [
        0.021560204847630708,
        0.005882673611261099,
        0.9997502446701935,
        -0.7488932244461921
      ],
      [
        0.0,
        0.0,
        0.0,
        1.0
      ]
    ],
    "location": [
      -13.740226187367853,
      92.02301917212935,
      -0.7488932244461921
    ],
    "rotation": [
      0.005884075299625321,
      -0.021561875546809463,
      -1.5091784545272435
    ]
  },
  {
    "label_id": "zsdo2OBXYk2cPp4CmEy9bg",
    "size": [
      0.9682931651229074,
      1.119141525452803,
      1.658847091146427
    ],
    "obj_class": "pedestrian",
    "point_num_in_lidar": 121,
    "speed": 1.7433718964623024,
    "if_vehicle": false,
    "motion_state": true,
    "pose": [
      [
        -0.16463289449055846,
        -0.986328628184683,
        -0.007200505189368196,
        6.607814780312083
      ],
      [
        0.9861083345227736,
        -0.1647505738315209,
        0.021156583063110832,
        71.99079564279236
      ],
      [
        -0.022053630911538658,
        -0.0036174086728005986,
        0.9997502446701935,
        -0.3411192927745006
      ],
      [
        0.0,
        0.0,
        0.0,
        1.0
      ]
    ],
    "location": [
      6.607814780312083,
      71.99079564279236,
      -0.3411192927745006
    ],
    "rotation": [
      -0.0036182965751853113,
      0.02205541897992064,
      1.7362227469826303
    ]
  }
]