[
  {
    "label_id": "-9nK50GgpR1aiB9xKeeNGQ",
    "size": [
      2.290349904086757,
      5.034674882507156,
      1.850566636766004
    ],
    "obj_class": "vehicle",
    "point_num_in_lidar": 836,
    "speed": 4.162724065313232,
    "if_vehicle": true,
    "motion_state": true,
    "pose": [
      [
        0.9995649051963069,
        -0.02910144404731724,
        0.004806896530911598,
        14.485079727364791
      ],
      [
        0.029072585582262916,
        0.9995594860443976,
        0.005968134232886637,
        51.98295988673635
      ],
      [
        -0.004978460350351823,
        -0.005825788617914154,
        0.9999706371286705,
        -0.07721371725218518
      ],
      [
        0.0,
        0.0,
        0.0,
        1.0
      ]
    ],
    "location": [
      14.485079727364791,
      51.98295988673635,
      -0.07721371725218518
    ],
    "rotation": [
      -0.00582589377162946,
      0.004978480915827135,
      0.029077043014816277
    ]
  },
  {
    "label_id": "1eK3OmHl_2tqAnFvzWn4tA",
    "size": [
      2.2440905685035095,
      4.881987409548864,
      1.4872722474731432
    ],
    "obj_class": "vehicle",
    "point_num_in_lidar": 147,
    "speed": 0.03246884880971274,
    "if_vehicle": true,
    "motion_state": false,
    "pose": [
      [
        0.093907340066409,
        0.9955693372273943,
        0.004806896530911598,
        -7.092968796256855
      ],
      [
        -0.9955658022825092,
        0.09387819075462693,
        0.005968134232886637,
        7.316337174821456
      ],
      [
        0.005490428693252398,
        -0.0053460334122556775,
        0.9999706371286705,
        0.39466178306992816
      ],
      [
        0.0,
        0.0,
        0.0,
        1.0
      ]
    ],
    "location": [
      -7.092968796256855,
      7.316337174821456,
      0.39466178306992816
    ],
    "rotation": [
      -0.0053461394581342655,
      -0.005490456278279029,
      -1.4767489926930002
    ]
  },
  {
    "label_id": "4kOLGqY6_RSgRJTBTfGFlw",
    "size": [
      1.1462456551698188,
      0.9608929514239334,
      1.7630608345357004
    ],
    "obj_class": "pedestrian",
    "point_num_in_lidar": 282,
    "speed": 1.1762985792255443,
    "if_vehicle": false,
    "motion_state": true,
    "pose": [
      [
        -0.0935301964007937,
        -0.9956048393348488,
        0.004806896530911598,
        6.891266591882413
      ],
      [
        0.9956012933480113,
        -0.09350104843019444,
        0.005968134232886637,
        57.57479504044568
      ],
      [
        -0.005492453458726212,
        0.0053439531701138425,
        0.9999706371286705,
        -0.09236441690934072
      ],
      [
        0.0,
        0.0,
        0.0,
        1.0
      ]
    ],
    "location": [
      6.891266591882413,
      57.57479504044568,
      -0.09236441690934072
    ],
    "rotation": [
      0.005344059214342634,
      0.005492481074282871,
      1.6644648452566053
    ]
  },
  {
    "label_id": "6hIIee9ufQhM-2w_W5IIEQ",
    "size": [
      0.8935107866392641,
      0.10748276377607566,
      1.2800000000000011
    ],
    "obj_class": "sign",
    "point_num_in_lidar": 36,
    "speed": 0.030367476476118864,
    "if_vehicle": false,
    "motion_state": false,
    "pose": [
      [
        -0.04906556917620059,
        -0.998783992496454,
        0.004806896530911598,
        -8.475624336736018
      ],
      [
        0.9987791509786526,
        -0.04903660820387425,
        0.005968134232886637,
        0.8609263049274887
      ],
      [
        -0.005725163035014401,
        0.005093857939042665,
        0.9999706371286705,
        3.5095047056207633
      ],
      [
        0.0,
        0.0,
        0.0,
        1.0
      ]
    ],
    "location": [
      -8.475624336736018,
      0.8609263049274887,
      3.5095047056207633
    ],
    "rotation": [
      0.005093963453097335,
      0.005725194311556446,
      1.6198824094299635
    ]
  },
  {
    "label_id": "6liW7d_ylGXEg1uK7GbB-A",
    "size": [
      0.7528699415204337,
      0.6360830778483343,
      1.6244726227275734
    ],
    "obj_class": "pedestrian",
    "point_num_in_lidar": 114,
    "speed": 8.556067554929069e-13,
    "if_vehicle": false,
    "motion_state": false,
    "pose": [
      [
        -0.06316042405429369,
        -0.997991810877736,
        0.004806896530911598,
        16.712609709358276
      ],
      [
        0.997987378681838,
        -0.06313139762061282,
        0.005968134232886637,
        45.04486901962082
      ],
      [
        -0.005652682994425818,
        0.005174171957441353,
        0.9999706371286705,
        -0.01314620041068082
      ],
      [
        0.0,
        0.0,
        0.0,
        1.0
      ]
    ],
    "location": [
      16.712609709358276,
      45.04486901962082,
      -0.01314620041068082
    ],
    "rotation": [
      0.0051742777127159155,
      0.005652713098057123,
      1.6339998312068695
    ]
  },
  {
    "label_id": "72nLBfdms0aEGknAAr387A",
    "size": [
      0.8951216988715835,
      0.9497266214725659,
      1.6007817180603112
    ],
    "obj_class": "pedestrian",
    "point_num_in_lidar": 85,
    "speed": 1.666801086623406,
    "if_vehicle": false,
    "motion_state": true,
    "pose": [
      [
        0.9692472910793337,
        -0.2460418307546799,
        0.004806896530911598,
        26.075577796957077
      ],
      [
        0.24601248472332368,
        0.9692482853913309,
        0.005968134232886637,
        63.6772793030068
      ],
      [
        -0.006127486893488707,
        -0.004602041378645722,
        0.9999706371286705,
        0.052655238109522884
      ],
      [
        0.0,
        0.0,
        0.0,
        1.0
      ]
    ],
    "location": [
      26.075577796957077,
      63.6772793030068,
      0.052655238109522884
    ],
    "rotation": [
      -0.0046021440207652505,
      0.006127525238004716,
      0.2485689076798873
    ]
  },
  {
    "label_id": "7Rmbrf_QC8HYMBMvc67d_A",
    "size": [
      0.8992428883489757,
      1.1317922750854086,
      1.8688524052985755
    ],
    "obj_class": "pedestrian",
    "point_num_in_lidar": 24,
    "speed": 1.5357161982234515,
    "if_vehicle": false,
    "motion_state": true,
    "pose": [
      [
        0.10383588134378703,
        0.9945828288741466,
        0.004806896530911598,
        -11.318958976357408
      ],
      [
        -0.9945795849402058,
        0.10380669821329533,
        0.005968134232886637,
        -8.589625815193358
      ],
      [
        0.005436815770918149,
        -0.005400547634614381,
        0.9999706371286705,
        1.0636617268159227
      ],
      [
        0.0,
        0.0,
        0.0,
        1.0
      ]
    ],
    "location": [
      -11.318958976357408,
      -8.589625815193358,
      1.0636617268159227
    ],
    "rotation": [
      -0.00540065370717905,
      -0.005436842555716269,
      -1.4667714000903476
    ]
  },
  {
    "label_id": "9lYwPu5yc5uujsti712OXw",
    "size": [
      0.8351853978990458,
      0.9282536612455977,
      1.8999999999999986
    ],
    "obj_class": "pedestrian",
    "point_num_in_lidar": 46,
    "speed": 1.3923831214056142,
    "if_vehicle": false,
    "motion_state": true,
    "pose": [
      [
        -0.1061473829161866,
        0.9943387887665781,
        0.004806896530911598,
        -11.74282794966689
      ],
      [
        -0.9943295221776748,
        -0.10617524523021116,
        0.005968134232886637,
        14.720921461806938
      ],
      [
        0.006444720782290639,
        -0.004146137301025431,
        0.9999706371286705,
        0.636671548469991
      ],
      [
        0.0,
        0.0,
        0.0,
        1.0
      ]
    ],
    "location": [
      -11.74282794966689,
      14.720921461806938,
      0.636671548469991
    ],
    "rotation": [
      -0.004146235287253577,
      -0.006444765396087526,
      -1.677146276002825
    ]
  },
  {
    "label_id": "BCFugmMeTE1MZhUx7Md3MA",
    "size": [
      1.9755133702178587,
      5.636981406052898,
      2.0752408288585755
    ],
    "obj_class": "vehicle",
    "point_num_in_lidar": 107,
    "speed": 0.05006099541683409,
    "if_vehicle": true,
    "motion_state": false,
    "pose": [
      [
        0.07775391650652103,
        0.9969609933260369,
        0.004806896530911598,
        -6.912862722371756
      ],
      [
        -0.9969569862504772,
        0.07772482833782364,
        0.005968134232886637,
        -0.11970369714072149
      ],
      [
        0.005576381825419002,
        -0.005256314889519077,
        0.9999706371286705,
        0.7712785839722258
      ],
      [
        0.0,
        0.0,
        0.0,
        1.0
      ]
    ],
    "location": [
      -6.912862722371756,
      -0.11970369714072149,
      0.7712785839722258
    ],
    "rotation": [
      -0.005256420822448361,
      -0.005576410726383473,
      -1.492962637982581
    ]
  },
  {
    "label_id": "BhQ3l28Gc10ONPRWnXjzgg",
    "size": [
      0.8141605972511908,
      1.142668182000707,
      1.718852405298577
    ],
    "obj_class": "pedestrian",
    "point_num_in_lidar": 20,
    "speed": 1.656861015578221,
    "if_vehicle": false,
    "motion_state": true,
    "pose": [
      [
        0.042593253640688396,
        0.9990809319019361,
        0.004806896530911598,
        -10.385504293135455
      ],
      [
        -0.9990759028428585,
        0.04256432464524263,
        0.005968134232886637,
        -12.247213127146097
      ],
      [
        0.005758046806630415,
        -0.005056656746635723,
        0.9999706371286705,
        1.094077186554351
      ],
      [
        0.0,
        0.0,
        0.0,
        1.0
      ]
    ],
    "location": [
      -10.385504293135455,
      -12.247213127146097,
      1.094077186554351
    ],
    "rotation": [
      -0.005056762126625645,
      -0.0057580786252109965,
      -1.5281894772026414
    ]
  },
  {
    "label_id": "CIORug2cCRbXeVxdAFexLg",
    "size": [
      0.7856885753912465,
      0.09106751623065597,
      0.5932061658348502
    ],
    "obj_class": "sign",
    "point_num_in_lidar": 30,
    "speed": 0.0034050910369393477,
    "if_vehicle": false,
    "motion_state": false,
    "pose": [
      [
        0.018734102867115396,
        0.999812946073167,
        0.004806896530911598,
        5.802680015507121
      ],
      [
        -0.9998072279420566,
        0.018705302152032047,
        0.005968134232886637,
        38.020794655507416
      ],
      [
        0.005877103417918251,
        -0.004917777536218663,
        0.9999706371286705,
        1.7423664808715031
      ],
      [
        0.0,
        0.0,
        0.0,
        1.0
      ]
    ],
    "location": [
      5.802680015507121,
      38.020794655507416,
      1.7423664808715031
    ],
    "rotation": [
      -0.004917882292888255,
      -0.005877137251307001,
      -1.552060804307551
    ]
  },
  {
    "label_id": "CwlUZaiwe8TBlM2O3R4nSQ",
    "size": [
      0.633411732222463,
      0.12472124207279026,
      0.9799999999999969
    ],
    "obj_class": "sign",
    "point_num_in_lidar": 34,
    "speed": 0.023779193754664647,
    "if_vehicle": false,
    "motion_state": false,
    "pose": [
      [
        -0.8352722710800744,
        -0.5498155389860093,
        0.004806896530911598,
        6.938196576292739
      ],
      [
        0.5498360619360221,
        -0.8352512713958987,
        0.005968134232886637,
        23.97066752669525
      ],
      [
        0.000733593498917028,
        0.007628022093504316,
        0.9999706371286705,
        -0.030180374509349406
      ],
      [
        0.0,
        0.0,
        0.0,
        1.0
      ]
    ],
    "location": [
      6.938196576292739,
      23.97066752669525,
      -0.030180374509349406
    ],
    "rotation": [
      0.007628098122980168,
      -0.0007335935647154195,
      2.559424520212188
    ]
  },
  {
    "label_id": "ER4NMkg4wde6l-AMD922EA",
    "size": [
      1.9569189965240557,
      4.657267391618751,
      1.462875516477304
    ],
    "obj_class": "vehicle",
    "point_num_in_lidar": 644,
    "speed": 0.02026272718965715,
    "if_vehicle": true,
    "motion_state": false,
    "pose": [
      [
        -0.9940407607895612,
        0.10890298267105243,
        0.004806896530911598,
        -22.225259173013455
      ],
      [
        -0.1088737833882345,
        -0.9940376656166053,
        0.005968134232886637,
        55.91818043762578
      ],
      [
        0.005428183825390491,
        0.00540922368167673,
        0.9999706371286705,
        -0.22410353573610564
      ],
      [
        0.0,
        0.0,
        0.0,
        1.0
      ]
    ],
    "location": [
      -22.225259173013455,
      55.91818043762578,
      -0.22410353573610564
    ],
    "rotation": [
      0.0054093297555360235,
      -0.005428210482812544,
      -3.032501011873295
    ]
  },
  {
    "label_id": "EyxD8CxOxMr5IYCbewub_Q",
    "size": [
      0.5603732247132707,
      0.09966899333537328,
      0.5899999999999963
    ],
    "obj_class": "sign",
    "point_num_in_lidar": 32,
    "speed": 0.025193695355162544,
    "if_vehicle": false,
    "motion_state": false,
    "pose": [
      [
        -0.8568251885076609,
        0.5155846100152259,
        0.004806896530911598,
        19.520772220535264
      ],
      [
        -0.515556802781655,
        -0.856834619094803,
        0.005968134232886637,
        54.63618753953233
      ],
      [
        0.007195793519073143,
        0.002635419532353104,
        0.9999706371286705,
        0.19699929609205924
      ],
      [
        0.0,
        0.0,
        0.0,
        1.0
      ]
    ],
    "location": [
      19.520772220535264,
      54.63618753953233,
      0.19699929609205924
    ],
    "rotation": [
      0.002635490816218606,
      -0.007195855619551844,
      -2.5999197319822014
    ]
  },
  {
    "label_id": "FzhIiYZfV0ZRgWwzC5IjNA",
    "size": [
      1.8776833819729017,
      4.564797332079824,
      1.7476778351213866
    ],
    "obj_class": "vehicle",
    "point_num_in_lidar": 374,
    "speed": 0.06726300361295069,
    "if_vehicle": true,
    "motion_state": false,
    "pose": [
      [
        -0.9971760450839442,
        0.0749455059125283,
        0.004806896530911598,
        -29.060308422410344
      ],
      [
        -0.0749164291457954,
        -0.99717195609274,
        0.005968134232886637,
        55.36779323116025
      ],
      [
        0.005240587255902091,
        0.005591164967510787,
        0.9999706371286705,
        0.04001957536991796
      ],
      [
        0.0,
        0.0,
        0.0,
        1.0
      ]
    ],
    "location": [
      -29.060308422410344,
      55.36779323116025,
      0.04001957536991796
    ],
    "rotation": [
      0.005591270878912505,
      -0.0052406112438991076,
      -3.0666049374789237
    ]
  },
  {
    "label_id": "Im-r1sT-zfG7KFGudl9kcQ",
    "size": [
      1.8653725858861054,
      4.360587515094883,
      1.5051311337171924
    ],
    "obj_class": "vehicle",
    "point_num_in_lidar": 41,
    "speed": 14.422992902680658,
    "if_vehicle": true,
    "motion_state": true,
    "pose": [
      [
        0.08861945527025043,
        0.9960539573202575,
        0.004806896530911598,
        1.4178931817491502
      ],
      [
        -0.9960502676397984,
        0.0885903251403019,
        0.005968134232886637,
        -14.296342616817128
      ],
      [
        0.005518739193895985,
        -0.005316803380829463,
        0.9999706371286705,
        0.9034451457490036
      ],
      [
        0.0,
        0.0,
        0.0,
        1.0
      ]
    ],
    "location": [
      1.4178931817491502,
      -14.296342616817128,
      0.9034451457490036
    ],
    "rotation": [
      -0.005316909399291911,
      -0.005518767207843684,
      -1.4820591106699417
    ]
  },
  {
    "label_id": "InPwvU2homAc1AtpmC4pDQ",
    "size": [
      2.1166185057518443,
      4.313385827928875,
      1.7074263757876054
    ],
    "obj_class": "vehicle",
    "point_num_in_lidar": 334,
    "speed": 11.459665671013981,
    "if_vehicle": true,
    "motion_state": true,
    "pose": [
      [
        0.07513452943180793,
        0.9971618204849211,
        0.004806896530911598,
        -1.51413378572056
      ],
      [
        -0.9971577370055872,
        0.07510545189048755,
        0.005968134232886637,
        25.215104849899944
      ],
      [
        0.005590171460418683,
        -0.0052416470239576175,
        0.9999706371286705,
        0.27768866164183237
      ],
      [
        0.0,
        0.0,
        0.0,
        1.0
      ]
    ],
    "location": [
      -1.51413378572056,
      25.215104849899944,
      0.27768866164183237
    ],
    "rotation": [
      -0.005241752930334447,
      -0.005590200576320282,
      -1.4955897483006688
    ]
  },
  {
    "label_id": "Kn0RnWXHMkuVO9dGiGe3HQ",
    "size": [
      2.7036649749499553,
      5.803628056546428,
      2.725293277478478
    ],
    "obj_class": "vehicle",
    "point_num_in_lidar": 78,
    "speed": 0.0246988839408005,
    "if_vehicle": true,
    "motion_state": false,
    "pose": [
      [
        -0.10019742593105462,
        -0.9949559636398648,
        0.004806896530911598,
        8.280396402404904
      ],
      [
        0.9949526129881466,
        -0.10016825486069764,
        0.005968134232886637,
        -15.020754352191943
      ],
      [
        -0.005456532310016433,
        0.005380625951540401,
        0.9999706371286705,
        1.4189299471714847
      ],
      [
        0.0,
        0.0,
        0.0,
        1.0
      ]
    ],
    "location": [
      8.280396402404904,
      -15.020754352191943,
      1.4189299471714847
    ],
    "rotation": [
      0.005380732018057661,
      0.005456559387279348,
      1.6711636696670251
    ]
  },
  {
    "label_id": "Lgh47Nm-gwc_mRkw0twn5g",
    "size": [
      0.6875981022749316,
      0.10098434456347616,
      0.7100000000000009
    ],
    "obj_class": "sign",
    "point_num_in_lidar": 35,
    "speed": 0.15234476974434982,
    "if_vehicle": false,
    "motion_state": false,
    "pose": [
      [
        0.9999884468061324,
        -5.507357360714756e-15,
        0.004806896530911598,
        -42.08491912216755
      ],
      [
        -2.868853517877375e-05,
        0.9999821901167772,
        0.005968134232886637,
        59.34691900457619
      ],
      [
        -0.0048068109206457505,
        -0.005968203184695043,
        0.9999706371286705,
        2.3091614113864054
      ],
      [
        0.0,
        0.0,
        0.0,
        1.0
      ]
    ],
    "location": [
      -42.08491912216755,
      59.34691900457619,
      2.3091614113864054
    ],
    "rotation": [
      -0.005968307567325035,
      0.004806829431411408,
      -2.8688866618940933e-05
    ]
  },
  {
    "label_id": "MgWhrhP47pwT0J5qUjq5Ug",
    "size": [
      2.05125401075963,
      4.445365804963032,
      1.6782138818528338
    ],
    "obj_class": "vehicle",
    "point_num_in_lidar": 1008,
    "speed": 5.783398860650275e-13,
    "if_vehicle": true,
    "motion_state": false,
    "pose": [
      [
        -0.9989612266436938,
        0.04531403103088278,
        0.004806896530911598,
        11.191210171072953
      ],
      [
        -0.04528508844638959,
        -0.998956276389603,
        0.005968134232886637,
        56.5989074658828
      ],
      [
        0.005072319679335049,
        0.005744253959503679,
        0.9999706371286705,
        -0.10449739148686632
      ],
      [
        0.0,
        0.0,
        0.0,
        1.0
      ]
    ],
    "location": [
      11.191210171072953,
      56.5989074658828,
      -0.10449739148686632
    ],
    "rotation": [
      0.0057443594479285225,
      -0.005072341430054581,
      -3.0962914896911813
    ]
  },
  {
    "label_id": "NdPelArZnGXiUa_wkMiATQ",
    "size": [
      0.9394738368670775,
      0.866268146219321,
      2.049999999999997
    ],
    "obj_class": "pedestrian",
    "point_num_in_lidar": 22,
    "speed": 0.0,
    "if_vehicle": false,
    "motion_state": false,
    "pose": [
      [
        -0.45840955947875456,
        0.8887280627527384,
        0.004806896530911598,
        52.59608619225219
      ],
      [
        -0.8887093509423714,
        -0.4584321879202718,
        0.005968134232886637,
        59.575350353514295
      ],
      [
        0.007507684468813808,
        -0.0015360841114259443,
        0.9999706371286705,
        0.4687579461121558
      ],
      [
        0.0,
        0.0,
        0.0,
        1.0
      ]
    ],
    "location": [
      52.59608619225219,
      59.575350353514295,
      0.4687579461121558
    ],
    "rotation": [
      -0.0015361280083277494,
      -0.0075077549994499925,
      -2.0470156916760285
    ]
  },
  {
    "label_id": "PBPtoWWiZmUSarH7z_93VQ",
    "size": [
      0.5274503365652944,
      0.08355648896149048,
      0.509999999999998
    ],
    "obj_class": "sign",
    "point_num_in_lidar": 38,
    "speed": 0.00736594364667645,
    "if_vehicle": false,
    "motion_state": false,
    "pose": [
      [
        -0.9974499881589826,
        0.07120684564974612,
        0.004806896530911598,
        28.171736491128286
      ],
      [
        -0.071177784415803,
        -0.9974457901958561,
        0.005968134232886637,
        49.37240130059945
      ],
      [
        0.0052195907218029625,
        0.005610771174937696,
        0.9999706371286705,
        2.221037273991648
      ],
      [
        0.0,
        0.0,
        0.0,
        1.0
      ]
    ],
    "location": [
      28.171736491128286,
      49.37240130059945,
      2.221037273991648
    ],
    "rotation": [
      0.005610877046952089,
      -0.005219614422625882,
      -3.0703536586038465
    ]
  },
  {
    "label_id": "UzRjOTVRec06lSAMK79AGg",
    "size": [
      2.1862905007105553,
      4.690650091409834,
      1.4663315120900506
    ],
    "obj_class": "vehicle",
    "point_num_in_lidar": 143,
    "speed": 1.7763568394002505e-13,
    "if_vehicle": true,
    "motion_state": false,
    "pose": [
      [
        0.9940375689347245,
        -0.1089321132269274,
        0.004806896530911598,
        -34.95715860215182
      ],
      [
        0.10890291385341723,
        0.994034474617462,
        0.005968134232886637,
        46.4501791745588
      ],
      [
        -0.005428342341655518,
        -0.005409064605126582,
        0.9999706371286705,
        -0.034975739196724476
      ],
      [
        0.0,
        0.0,
        0.0,
        1.0
      ]
    ],
    "location": [
      -34.95715860215182,
      46.4501791745588,
      -0.034975739196724476
    ],
    "rotation": [
      -0.005409170678969464,
      0.005428369001413046,
      0.1091209469590964
    ]
  },
  {
    "label_id": "XH8EEUqMWDsB2IqwYEVCqg",
    "size": [
      0.7772861356849984,
      0.12044237215146732,
      0.46637168141589314
    ],
    "obj_class": "sign",
    "point_num_in_lidar": 34,
    "speed": 0.013144611724520057,
    "if_vehicle": false,
    "motion_state": false,
    "pose": [
      [
        -0.005019329696875306,
        0.9999758497459502,
        0.004806896530911598,
        6.54600097454977
      ],
      [
        -0.9999694491365315,
        -0.005047986465914704,
        0.005968134232886637,
        28.08409924202533
      ],
      [
        0.005992255249559803,
        -0.004776793642681908,
        0.9999706371286705,
        1.9510597214271783
      ],
      [
        0.0,
        0.0,
        0.0,
        1.0
      ]
    ],
    "location": [
      6.54600097454977,
      28.08409924202533,
      1.9510597214271783
    ],
    "rotation": [
      -0.004776897572568102,
      -0.005992291110913619,
      -1.5758157676863072
    ]
  },
  {
    "label_id": "Y9pQw1kOX1aM7nlzOdz2MQ",
    "size": [
      1.55657456960689,
      0.1425648570649699,
      1.7299999999999969
    ],
    "obj_class": "sign",
    "point_num_in_lidar": 516,
    "speed": 0.0027523772128291123,
    "if_vehicle": false,
    "motion_state": false,
    "pose": [
      [
        -0.9883939123752751,
        0.15183664816255132,
        0.004806896530911598,
        11.40977949653734
      ],
      [
        -0.15180734225570308,
        -0.9883920842515072,
        0.005968134232886637,
        48.5436794626894
      ],
      [
        0.005657279978674739,
        0.005169145357167784,
        0.9999706371286705,
        0.30389152715749645
      ],
      [
        0.0,
        0.0,
        0.0,
        1.0
      ]
    ],
    "location": [
      11.40977949653734,
      48.5436794626894,
      0.30389152715749645
    ],
    "rotation": [
      0.005169251099292573,
      -0.005657310155810867,
      -2.989193643871299
    ]
  },
  {
    "label_id": "_u2qr1tSBDL1NeHlhe8NYw",
    "size": [
      2.4165450863340876,
      4.640755453339751,
      1.6182138818528458
    ],
    "obj_class": "vehicle",
    "point_num_in_lidar": 23,
    "speed": 3.4606096548045935,
    "if_vehicle": true,
    "motion_state": true,
    "pose": [
      [
        0.9922809557867742,
        -0.123916901706857,
        0.004806896530911598,
        51.92031533755153
      ],
      [
        0.12388765897233739,
        0.9922783023568197,
        0.005968134232886637,
        53.564364773523266
      ],
      [
        -0.005509331832407787,
        -0.00532655078273563,
        0.9999706371286705,
        0.008962660204424822
      ],
      [
        0.0,
        0.0,
        0.0,
        1.0
      ]
    ],
    "location": [
      51.92031533755153,
      53.564364773523266,
      0.008962660204424822
    ],
    "rotation": [
      -0.005326656811352784,
      0.005509359703338716,
      0.12420867053271453
    ]
  },
  {
    "label_id": "b6NI0yciWBZiww40xt4BNQ",
    "size": [
      2.7392385901862446,
      5.915526156687571,
      2.3682138818528387
    ],
    "obj_class": "vehicle",
    "point_num_in_lidar": 266,
    "speed": 3.1776437161565096e-13,
    "if_vehicle": true,
    "motion_state": false,
    "pose": [
      [
        -0.9983935789160515,
        0.056454896377012245,
        0.004806896530911598,
        32.47391990697065
      ],
      [
        -0.056425900371950076,
        -0.9983889518323973,
        0.005968134232886637,
        59.818731559564185
      ],
      [
        0.005136082788745331,
        0.005687313431471601,
        0.9999706371286705,
        0.37241136448574963
      ],
      [
        0.0,
        0.0,
        0.0,
        1.0
      ]
    ],
    "location": [
      32.47391990697065,
      59.818731559564185,
      0.37241136448574963
    ],
    "rotation": [
      0.005687419108285916,
      -0.005136105370097904,
      -3.0851360225581983
    ]
  },
  {
    "label_id": "bSuLGh3Quq0PVev0FYi_DQ",
    "size": [
      1.856323870336148,
      4.2105346985256356,
      1.6576778351213832
    ],
    "obj_class": "vehicle",
    "point_num_in_lidar": 166,
    "speed": 0.04162114717598063,
    "if_vehicle": true,
    "motion_state": false,
    "pose": [
      [
        -0.9978467860261431,
        0.0654116607573747,
        0.004806896530911598,
        -34.437849310373394
      ],
      [
        -0.06538262439884102,
        -0.9978424193230605,
        0.005968134232886637,
        54.86946296093993
      ],
      [
        0.00518691083563651,
        0.005640996052453846,
        0.9999706371286705,
        0.10433036350481473
      ],
      [
        0.0,
        0.0,
        0.0,
        1.0
      ]
    ],
    "location": [
      -34.437849310373394,
      54.86946296093993,
      0.10433036350481473
    ],
    "rotation": [
      0.005641101855292702,
      -0.005186934094064336,
      -3.076162474021784
    ]
  },
  {
    "label_id": "c3POzVNyXEnuovQBHtzfjw",
    "size": [
      0.9163554137445021,
      0.8839332918725881,
      1.6102138473786525
    ],
    "obj_class": "pedestrian",
    "point_num_in_lidar": 266,
    "speed": 3.552713678800501e-13,
    "if_vehicle": false,
    "motion_state": false,
    "pose": [
      [
        0.9821209332768,
        -0.18818970791530737,
        0.004806896530911598,
        -15.41556814267733
      ],
      [
        0.18816035452069008,
        0.9821201873296499,
        0.005968134232886637,
        43.8914088149304
      ],
      [
        -0.005844091559499425,
        -0.00495696220732324,
        0.9999706371286705,
        -0.1766813342344875
      ],
      [
        0.0,
        0.0,
        0.0,
        1.0
      ]
    ],
    "location": [
      -15.41556814267733,
      43.8914088149304,
      -0.1766813342344875
    ],
    "rotation": [
      -0.004957067159306127,
      0.005844124825949475,
      0.1892919786786122
    ]
  },
  {
    "label_id": "dOzfdH28bWp78162th45ZQ",
    "size": [
      2.2250475077825107,
      4.952390760509612,
      1.4772722474731381
    ],
    "obj_class": "vehicle",
    "point_num_in_lidar": 205,
    "speed": 0.2493076525255264,
    "if_vehicle": true,
    "motion_state": false,
    "pose": [
      [
        0.13570097071016293,
        0.9907381794874268,
        0.004806896530911598,
        -8.253807175924976
      ],
      [
        -0.9907358737818398,
        0.13567169850603591,
        0.005968134232886637,
        24.517617144951146
      ],
      [
        0.005260698627935149,
        -0.005572246443462866,
        0.9999706371286705,
        0.11509525871875326
      ],
      [
        0.0,
        0.0,
        0.0,
        1.0
      ]
    ],
    "location": [
      -8.253807175924976,
      24.517617144951146,
      0.11509525871875326
    ],
    "rotation": [
      -0.005572352388795121,
      -0.005260722893165972,
      -1.4346734878775822
    ]
  },
  {
    "label_id": "e3SoTY4ZM2RgUcGSgbCw2Q",
    "size": [
      2.2155390665535437,
      4.6419119317498865,
      1.793922421779314
    ],
    "obj_class": "vehicle",
    "point_num_in_lidar": 80,
    "speed": 2.929642751054232e-13,
    "if_vehicle": true,
    "motion_state": false,
    "pose": [
      [
        -0.046970383142784136,
        -0.9988847164979356,
        0.004806896530911598,
        6.38120442402419
      ],
      [
        0.9988798142414156,
        -0.04694143238987997,
        0.005968134232886637,
        10.562579060029748
      ],
      [
        -0.005735835462727656,
        0.005081837465440932,
        0.9999706371286705,
        0.45041869653378797
      ],
      [
        0.0,
        0.0,
        0.0,
        1.0
      ]
    ],
    "location": [
      6.38120442402419,
      10.562579060029748,
      0.45041869653378797
    ],
    "rotation": [
      0.005081942937713433,
      0.0057358669145079755,
      1.617784771780248
    ]
  },
  {
    "label_id": "eLUo0F52wL4hudq3-AynTQ",
    "size": [
      2.3554925008249263,
      5.367170119819076,
      1.9682138818528472
    ],
    "obj_class": "vehicle",
    "point_num_in_lidar": 153,
    "speed": 2.2737197907220374,
    "if_vehicle": true,
    "motion_state": true,
    "pose": [
      [
        0.9968462084782841,
        -0.07921193336998178,
        0.004806896530911598,
        42.09325201490037
      ],
      [
        0.07918283937186761,
        0.9968422439497572,
        0.005968134232886637,
        52.953689262709304
      ],
      [
        -0.005264464975506744,
        -0.0055686882658581354,
        0.9999706371286705,
        0.1724113644856189
      ],
      [
        0.0,
        0.0,
        0.0,
        1.0
      ]
    ],
    "location": [
      42.09325201490037,
      52.953689262709304,
      0.1724113644856189
    ],
    "rotation": [
      -0.005568794217125946,
      0.0052644892928927125,
      0.0792669194866483
    ]
  },
  {
    "label_id": "fSlk5jeQXY6tiYMoLySQDA",
    "size": [
      1.9519783021925177,
      4.2425275019101365,
      1.7076778351213875
    ],
    "obj_class": "vehicle",
    "point_num_in_lidar": 138,
    "speed": 0.08537146451160396,
    "if_vehicle": true,
    "motion_state": false,
    "pose": [
      [
        -0.997846786026136,
        0.06541166075748281,
        0.004806896530911598,
        -40.040434802490836
      ],
      [
        -0.06538262439894914,
        -0.9978424193230534,
        0.005968134232886637,
        54.54978898085756
      ],
      [
        0.0051869108356371214,
        0.005640996052453284,
        0.9999706371286705,
        0.2337344503701928
      ],
      [
        0.0,
        0.0,
        0.0,
        1.0
      ]
    ],
    "location": [
      -40.040434802490836,
      54.54978898085756,
      0.2337344503701928
    ],
    "rotation": [
      0.00564110185529214,
      -0.0051869340940649475,
      -3.0761624740216758
    ]
  },
  {
    "label_id": "fwu2l9rbw4VbqDoPx91Eow",
    "size": [
      0.7856885754143778,
      0.09106751623065597,
      0.5132061658348519
    ],
    "obj_class": "sign",
    "point_num_in_lidar": 112,
    "speed": 0.015494514376453437,
    "if_vehicle": false,
    "motion_state": false,
    "pose": [
      [
        0.2068170198630876,
        -0.9783678316669515,
        0.004806896530911598,
        5.794704691879815
      ],
      [
        0.9783557769067316,
        0.2068437941225311,
        0.005968134232886637,
        38.24454459761364
      ],
      [
        -0.0068333072649347905,
        0.0034685432538218,
        0.9999706371286705,
        1.7950491026990676
      ],
      [
        0.0,
        0.0,
        0.0,
        1.0
      ]
    ],
    "location": [
      5.794704691879815,
      38.24454459761364,
      1.7950491026990676
    ],
    "rotation": [
      0.003468631192302215,
      0.006833360445227569,
      1.3624708748242966
    ]
  },
  {
    "label_id": "gzHVXsws0eboEaFBL3fSzQ",
    "size": [
      0.7296529799015959,
      0.8022160096950426,
      1.7100000000000009
    ],
    "obj_class": "pedestrian",
    "point_num_in_lidar": 26,
    "speed": 1.2963108889330763,
    "if_vehicle": false,
    "motion_state": true,
    "pose": [
      [
        -0.16838278753708164,
        -0.9857099627207707,
        0.004806896530911598,
        -11.193975899171846
      ],
      [
        0.9857086260798218,
        -0.16835345510445696,
        0.005968134232886637,
        6.3361062733074505
      ],
      [
        -0.005073591732902645,
        0.005743130453721666,
        0.9999706371286705,
        0.8418410090260409
      ],
      [
        0.0,
        0.0,
        0.0,
        1.0
      ]
    ],
    "location": [
      -11.193975899171846,
      6.3361062733074505,
      0.8418410090260409
    ],
    "rotation": [
      0.005743235946222684,
      0.0050736134999905666,
      1.7399873258447343
    ]
  },
  {
    "label_id": "ho3rcpWrA33tetBa8wR4Pg",
    "size": [
      0.6359592087323278,
      0.6286638680823156,
      1.6188524052985755
    ],
    "obj_class": "pedestrian",
    "point_num_in_lidar": 42,
    "speed": 3.552713678800501e-14,
    "if_vehicle": false,
    "motion_state": false,
    "pose": [
      [
        -0.1446397873277325,
        0.9894727008197495,
        0.004806896530911598,
        -12.573364879160636
      ],
      [
        -0.989462360373342,
        -0.14466726920140954,
        0.005968134232886637,
        7.363843063334571
      ],
      [
        0.006600706492729854,
        -0.0038930135213581353,
        0.9999706371286705,
        0.6117710468683768
      ],
      [
        0.0,
        0.0,
        0.0,
        1.0
      ]
    ],
    "location": [
      -12.573364879160636,
      7.363843063334571,
      0.6117710468683768
    ],
    "rotation": [
      -0.0038931081662902365,
      -0.00660075442505869,
      -1.7159484333365709
    ]
  },
  {
    "label_id": "iMO8XPPJOQopigo1OG2RUg",
    "size": [
      0.5857817631658349,
      0.5345773345299226,
      1.5950292733247764
    ],
    "obj_class": "pedestrian",
    "point_num_in_lidar": 61,
    "speed": 1.0658141036401503e-13,
    "if_vehicle": false,
    "motion_state": false,
    "pose": [
      [
        -0.9987029265550351,
        0.05068883739196756,
        0.004806896530911598,
        -13.831254563430548
      ],
      [
        -0.05065986858892891,
        -0.9986981321141694,
        0.005968134232886637,
        23.76100108580613
      ],
      [
        0.005103156372351718,
        0.005716876377880612,
        0.9999706371286705,
        0.19365060670217815
      ],
      [
        0.0,
        0.0,
        0.0,
        1.0
      ]
    ],
    "location": [
      -13.831254563430548,
      23.76100108580613,
      0.19365060670217815
    ],
    "rotation": [
      0.0057169819615115565,
      -0.005103178522185326,
      -3.0909104303261645
    ]
  },
  {
    "label_id": "jCjquE8-FjABU4aeRJWSqQ",
    "size": [
      0.5813068380702833,
      0.09089592981572317,
      0.6000000000000014
    ],
    "obj_class": "sign",
    "point_num_in_lidar": 86,
    "speed": 0.016046189090684896,
    "if_vehicle": false,
    "motion_state": false,
    "pose": [
      [
        -0.034547339786764934,
        -0.9993915023950318,
        0.004806896530911598,
        -11.605541621748216
      ],
      [
        0.9993862405646392,
        -0.03451845222276888,
        0.005968134232886637,
        36.823372814407776
      ],
      [
        -0.0057985760092577315,
        0.005010129414047505,
        0.9999706371286705,
        1.8449596960564136
      ],
      [
        0.0,
        0.0,
        0.0,
        1.0
      ]
    ],
    "location": [
      -11.605541621748216,
      36.823372814407776,
      1.8449596960564136
    ],
    "rotation": [
      0.005010234606675705,
      0.0057986085044704275,
      1.6053511235869988
    ]
  },
  {
    "label_id": "jCyvsrLYqmyjU5Z9KZmeCg",
    "size": [
      2.1888457675207267,
      4.810296796965218,
      1.6900082432865844
    ],
    "obj_class": "vehicle",
    "point_num_in_lidar": 40,
    "speed": 1.4426817432597938e-12,
    "if_vehicle": true,
    "motion_state": false,
    "pose": [
      [
        0.9971436737641309,
        -0.07537498005249181,
        0.004806896530911598,
        -62.46071409282922
      ],
      [
        0.07534590152733806,
        0.9971395972965927,
        0.005968134232886637,
        44.58848528859198
      ],
      [
        -0.005242994869834002,
        -0.005588907341827885,
        0.9999706371286705,
        0.6083464542368375
      ],
      [
        0.0,
        0.0,
        0.0,
        1.0
      ]
    ],
    "location": [
      -62.46071409282922,
      44.58848528859198,
      0.6083464542368375
    ],
    "rotation": [
      -0.005589013257488721,
      0.005243018890907951,
      0.07541841267275164
    ]
  },
  {
    "label_id": "kl6OZnUr7FMaib_vCX4org",
    "size": [
      0.7767175986886207,
      0.3510486088676036,
      1.1099999999999994
    ],
    "obj_class": "sign",
    "point_num_in_lidar": 94,
    "speed": 2.929642751054232e-13,
    "if_vehicle": false,
    "motion_state": false,
    "pose": [
      [
        -0.03376349187932744,
        -0.9994182909882408,
        0.004806896530911598,
        -11.220231337886162
      ],
      [
        0.9994130065025301,
        -0.033734608451146515,
        0.005968134232886637,
        34.88375931574046
      ],
      [
        -0.005802503743084499,
        0.0050055799656117455,
        0.9999706371286705,
        -0.23941929547476803
      ],
      [
        0.0,
        0.0,
        0.0,
        1.0
      ]
    ],
    "location": [
      -11.220231337886162,
      34.88375931574046,
      -0.23941929547476803
    ],
    "rotation": [
      0.005005685138752188,
      0.005802536304375648,
      1.6045668056118774
    ]
  },
  {
    "label_id": "kwKUJvCDrF9bT8Mzr9G6yQ",
    "size": [
      0.9066269636194515,
      0.12044237213813053,
      0.6899999999999977
    ],
    "obj_class": "sign",
    "point_num_in_lidar": 32,
    "speed": 0.012223398551297001,
    "if_vehicle": false,
    "motion_state": false,
    "pose": [
      [
        -0.005019329698800837,
        0.9999758497459406,
        0.004806896530911598,
        6.548651219334488
      ],
      [
        -0.9999694491365217,
        -0.005047986467840207,
        0.005968134232886637,
