[
  {
    "label_id": "-9nK50GgpR1aiB9xKeeNGQ",
    "size": [
      2.290349904087115,
      5.034674882507156,
      1.850566636766004
    ],
    "obj_class": "vehicle",
    "point_num_in_lidar": 337,
    "speed": 4.454787041372024,
    "if_vehicle": true,
    "motion_state": true,
    "pose": [
      [
        0.9998143390485882,
        -0.019021852903309294,
        -0.003075149583273306,
        20.51534146549716
      ],
      [
        0.019047129559664658,
        0.999783210178539,
        0.008410677774857258,
        52.149635901085276
      ],
      [
        0.002914496246693715,
        -0.008467689012947515,
        0.999959901173246,
        -0.016549657819851404
      ],
      [
        0.0,
        0.0,
        0.0,
        1.0
      ]
    ],
    "location": [
      20.51534146549716,
      52.149635901085276,
      -0.016549657819851404
    ],
    "rotation": [
      -0.008467826172590993,
      -0.00291450037280475,
      0.01904836235349771
    ]
  },
  {
    "label_id": "0-gFFwLHDFdIB2aYMAKcoQ",
    "size": [
      0.5074151418358466,
      0.08388944527878506,
      0.5600000000000023
    ],
    "obj_class": "sign",
    "point_num_in_lidar": 27,
    "speed": 0.03195786053958406,
    "if_vehicle": false,
    "motion_state": false,
    "pose": [
      [
        -0.22900302540906986,
        -0.9734208533869271,
        -0.003075149583273306,
        8.633831887341557
      ],
      [
        0.9733851022573751,
        -0.2290211850523153,
        0.008410677774857258,
        4.431386151416518
      ],
      [
        -0.008891403538938398,
        -0.0010672341353880753,
        0.999959901173246,
        2.862133657311226
      ],
      [
        0.0,
        0.0,
        0.0,
        1.0
      ]
    ],
    "location": [
      8.633831887341557,
      4.431386151416518,
      2.862133657311226
    ],
    "rotation": [
      -0.0010672765267031913,
      0.008891520697805692,
      1.801858994138091
    ]
  },
  {
    "label_id": "1eK3OmHl_2tqAnFvzWn4tA",
    "size": [
      2.244090568503509,
      4.881987409548864,
      1.4872722474731432
    ],
    "obj_class": "vehicle",
    "point_num_in_lidar": 314,
    "speed": 0.03246884826545949,
    "if_vehicle": true,
    "motion_state": false,
    "pose": [
      [
        0.0939079809829769,
        0.9955761319772292,
        -0.003075149583273306,
        -7.097365590759182
      ],
      [
        -0.995543196096702,
        0.09393085331737785,
        0.008410677774857258,
        7.361574381367973
      ],
      [
        0.00866232147083468,
        0.0022716144760721066,
        0.999959901173246,
        0.3946617830699566
      ],
      [
        0.0,
        0.0,
        0.0,
        1.0
      ]
    ],
    "location": [
      -7.097365590759182,
      7.361574381367973,
      0.3946617830699566
    ],
    "rotation": [
      0.002271701660989349,
      -0.008662429805215472,
      -1.4767462315863966
    ]
  },
  {
    "label_id": "1yaIJWr37eHUtmYcb-ixqQ",
    "size": [
      0.9521050738760005,
      0.09268519735418204,
      1.2299999999999969
    ],
    "obj_class": "sign",
    "point_num_in_lidar": 30,
    "speed": 0.02475474470508196,
    "if_vehicle": false,
    "motion_state": false,
    "pose": [
      [
        -0.1275321574421805,
        -0.9918296689821208,
        -0.003075149583273306,
        -6.2868449635020625
      ],
      [
        0.9917959782358281,
        -0.12755390254556706,
        0.008410677774857258,
        -30.27645151980505
      ],
      [
        -0.008734207083609839,
        -0.001977289106985504,
        0.999959901173246,
        3.875202582864958
      ],
      [
        0.0,
        0.0,
        0.0,
        1.0
      ]
    ],
    "location": [
      -6.2868449635020625,
      -30.27645151980505,
      3.875202582864958
    ],
    "rotation": [
      -0.0019773658199835654,
      0.00873431813758603,
      1.6986816508074885
    ]
  },
  {
    "label_id": "7Rmbrf_QC8HYMBMvc67d_A",
    "size": [
      0.8992428883497566,
      1.1317922750854086,
      1.8688524052985755
    ],
    "obj_class": "pedestrian",
    "point_num_in_lidar": 37,
    "speed": 1.5990283494688131,
    "if_vehicle": false,
    "motion_state": true,
    "pose": [
      [
        0.11915441115245708,
        0.9928709733686203,
        -0.003075149583273306,
        -11.063828934524508
      ],
      [
        -0.9928374673989355,
        0.11917643990418131,
        0.008410677774857258,
        -10.776131190501474
      ],
      [
        0.008717203208519687,
        0.0020509543664737864,
        0.999959901173246,
        1.045625739740366
      ],
      [
        0.0,
        0.0,
        0.0,
        1.0
      ]
    ],
    "location": [
      -11.063828934524508,
      -10.776131190501474,
      1.045625739740366
    ],
    "rotation": [
      0.002051033734575869,
      -0.008717313615138781,
      -1.4513535843062613
    ]
  },
  {
    "label_id": "8CQI1mkFehwAph_t4RcAIQ",
    "size": [
      0.6972622612882022,
      0.7243517246121429,
      1.5888524052985744
    ],
    "obj_class": "pedestrian",
    "point_num_in_lidar": 26,
    "speed": 0.012679445982900394,
    "if_vehicle": false,
    "motion_state": false,
    "pose": [
      [
        -0.14464077449248666,
        0.9894794539601386,
        -0.003075149583273306,
        -13.247022293195187
      ],
      [
        -0.9894528748028688,
        -0.1446107500973076,
        0.008410677774857258,
        7.598337118719428
      ],
      [
        0.007877493164201858,
        0.004259242542980715,
        0.999959901173246,
        0.6099454535871587
      ],
      [
        0.0,
        0.0,
        0.0,
        1.0
      ]
    ],
    "location": [
      -13.247022293195187,
      7.598337118719428,
      0.6099454535871587
    ],
    "rotation": [
      0.0042593875817917215,
      -0.007877574639316907,
      -1.7159507822138838
    ]
  },
  {
    "label_id": "9lYwPu5yc5uujsti712OXw",
    "size": [
      0.8351853978999356,
      0.9282536612455977,
      1.8999999999999986
    ],
    "obj_class": "pedestrian",
    "point_num_in_lidar": 97,
    "speed": 1.350496341445939,
    "if_vehicle": false,
    "motion_state": true,
    "pose": [
      [
        -0.13826957903936193,
        0.9903898560502921,
        -0.003075149583273306,
        -11.88384365744082
      ],
      [
        -0.9903630842092156,
        -0.13823972632704917,
        0.008410677774857258,
        12.787022445832918
      ],
      [
        0.00790474211391983,
        0.0042084555010604655,
        0.999959901173246,
        0.6866694174204468
      ],
      [
        0.0,
        0.0,
        0.0,
        1.0
      ]
    ],
    "location": [
      -11.88384365744082,
      12.787022445832918,
      0.6866694174204468
    ],
    "rotation": [
      0.00420859941377511,
      -0.007904824437467818,
      -1.709514685956918
    ]
  },
  {
    "label_id": "BCFugmMeTE1MZhUx7Md3MA",
    "size": [
      1.975513370217859,
      5.636981406052898,
      2.0752408288585755
    ],
    "obj_class": "vehicle",
    "point_num_in_lidar": 235,
    "speed": 0.05006099457774015,
    "if_vehicle": true,
    "motion_state": false,
    "pose": [
      [
        0.0777544471761463,
        0.9969677975739097,
        -0.003075149583273306,
        -6.934498050386992
      ],
      [
        -0.9969352368496096,
        0.07777785049087077,
        0.008410677774857258,
        -0.053051047969347565
      ],
      [
        0.008624353421828167,
        0.002411757377387825,
        0.999959901173246,
        0.7712785839722258
      ],
      [
        0.0,
        0.0,
        0.0,
        1.0
      ]
    ],
    "location": [
      -6.934498050386992,
      -0.053051047969347565,
      0.7712785839722258
    ],
    "rotation": [
      0.002411849413306095,
      -0.008624460337882332,
      -1.4929604177095988
    ]
  },
  {
    "label_id": "CIORug2cCRbXeVxdAFexLg",
    "size": [
      0.7856885753912456,
      0.09106751623065597,
      0.5932061658348502
    ],
    "obj_class": "sign",
    "point_num_in_lidar": 37,
    "speed": 0.022225477848038917,
    "if_vehicle": false,
    "motion_state": false,
    "pose": [
      [
        0.018734230727173354,
        0.9998197697855857,
        -0.003075149583273306,
        5.805379728797789
      ],
      [
        -0.9997886481882816,
        0.018759516337474233,
        0.008410677774857258,
        37.989800457206
      ],
      [
        0.008466850235446119,
        0.0029169320668314914,
        0.999959901173246,
        1.7661923034330655
      ],
      [
        0.0,
        0.0,
        0.0,
        1.0
      ]
    ],
    "location": [
      5.805379728797789,
      37.989800457206,
      1.7661923034330655
    ],
    "rotation": [
      0.0029170407632240418,
      -0.008466951400005368,
      -1.5520603283718435
    ]
  },
  {
    "label_id": "CwlUZaiwe8TBlM2O3R4nSQ",
    "size": [
      0.6334117322224622,
      0.12472124207279026,
      0.9799999999999969
    ],
    "obj_class": "sign",
    "point_num_in_lidar": 78,
    "speed": 0.028094307764784728,
    "if_vehicle": false,
    "motion_state": false,
    "pose": [
      [
        -0.8352779718041842,
        -0.5498192914710514,
        -0.003075149583273306,
        6.908413261488704
      ],
      [
        0.5497808396832441,
        -0.8352665974505112,
        0.008410677774857258,
        23.989070739389717
      ],
      [
        -0.007192922624035388,
        0.005334595553237723,
        0.999959901173246,
        -0.01363045681195274
      ],
      [
        0.0,
        0.0,
        0.0,
        1.0
      ]
    ],
    "location": [
      6.908413261488704,
      23.989070739389717,
      -0.01363045681195274
    ],
    "rotation": [
      0.005334758863801918,
      0.00719298465021418,
      2.5594737815800115
    ]
  },
  {
    "label_id": "Im-r1sT-zfG7KFGudl9kcQ",
    "size": [
      1.8653725858868493,
      4.360587515094883,
      1.5051311337171924
    ],
    "obj_class": "vehicle",
    "point_num_in_lidar": 24,
    "speed": 14.70524136462504,
    "if_vehicle": true,
    "motion_state": true,
    "pose": [
      [
        0.07064380177929121,
        0.9974968655214955,
        -0.003075149583273306,
        2.703827528921238
      ],
      [
        -0.9974644724973206,
        0.07066743666646776,
        0.008410677774857258,
        -34.65265830719363
      ],
      [
        0.008606937655747302,
        0.0024731902033735573,
        0.999959901173246,
        1.405813362636259
      ],
      [
        0.0,
        0.0,
        0.0,
        1.0
      ]
    ],
    "location": [
      2.703827528921238,
      -34.65265830719363,
      1.405813362636259
    ],
    "rotation": [
      0.002473284336225158,
      -0.008607043925384777,
      -1.5000910108091183
    ]
  },
  {
    "label_id": "InPwvU2homAc1AtpmC4pDQ",
    "size": [
      2.116618505751975,
      4.313385827928875,
      1.7074263757876054
    ],
    "obj_class": "vehicle",
    "point_num_in_lidar": 304,
    "speed": 12.771159903428709,
    "if_vehicle": true,
    "motion_state": true,
    "pose": [
      [
        0.0728669522773879,
        0.9973369293878801,
        -0.003075149583273306,
        -0.2435940294762986
      ],
      [
        -0.9973044837642463,
        0.07289051490487419,
        0.008410677774857258,
        8.433625430610846
      ],
      [
        0.008612428782581328,
        0.0024540000116032106,
        0.999959901173246,
        0.5768602099489684
      ],
      [
        0.0,
        0.0,
        0.0,
        1.0
      ]
    ],
    "location": [
      -0.2435940294762986,
      8.433625430610846,
      0.5768602099489684
    ],
    "rotation": [
      0.0024540934914047204,
      -0.008612535255749532,
      -1.4978620278852668
    ]
  },
  {
    "label_id": "JTRdyrcCjTKdVPUli4WKCA",
    "size": [
      2.0130924036489057,
      4.7002573309096345,
      2.3828669641917486
    ],
    "obj_class": "vehicle",
    "point_num_in_lidar": 80,
    "speed": 3.1776437161565096e-13,
    "if_vehicle": true,
    "motion_state": false,
    "pose": [
      [
        -0.9897975912630804,
        0.14244743516414896,
        -0.003075149583273306,
        63.64071429014689
      ],
      [
        -0.14246867066672783,
        -0.9897635770111076,
        0.008410677774857258,
        61.84575804797714
      ],
      [
        -0.0018455915743642764,
        0.008762981075673928,
        0.999959901173246,
        0.6558430123368808
      ],
      [
        0.0,
        0.0,
        0.0,
        1.0
      ]
    ],
    "location": [
      63.64071429014689,
      61.84575804797714,
      0.6558430123368808
    ],
    "rotation": [
      0.008763108155745204,
      0.0018455926221107597,
      -2.998637326353486
    ]
  },
  {
    "label_id": "Kn0RnWXHMkuVO9dGiGe3HQ",
    "size": [
      2.7036649749499544,
      5.803628056546428,
      2.725293277478478
    ],
    "obj_class": "vehicle",
    "point_num_in_lidar": 146,
    "speed": 0.02469888352721148,
    "if_vehicle": true,
    "motion_state": false,
    "pose": [
      [
        -0.10019810977738529,
        -0.9949627542034322,
        -0.003075149583273306,
        8.251562738062376
      ],
      [
        0.9949296744283674,
        -0.10022077350145515,
        0.008410677774857258,
        -15.039832398691942
      ],
      [
        -0.0086765049934579,
        -0.0022168235587172783,
        0.999959901173246,
        1.4189299471714705
      ],
      [
        0.0,
        0.0,
        0.0,
        1.0
      ]
    ],
    "location": [
      8.251562738062376,
      -15.039832398691942,
      1.4189299471714705
    ],
    "rotation": [
      -0.0022169088224959286,
      0.008676613860876602,
      1.6711666486028407
    ]
  },
  {
    "label_id": "M7C7zwJiceV-e8OIJRuKbw",
    "size": [
      0.5074151418358466,
      0.08388944527878506,
      0.6000000000000014
    ],
    "obj_class": "sign",
    "point_num_in_lidar": 23,
    "speed": 0.03195786054122494,
    "if_vehicle": false,
    "motion_state": false,
    "pose": [
      [
        -0.22900302540906986,
        -0.9734208533869271,
        -0.003075149583273306,
        8.635716080489829
      ],
      [
        0.9733851022573751,
        -0.2290211850523153,
        0.008410677774857258,
        4.4332592866703635
      ],
      [
        -0.008891403538938398,
        -0.0010672341353880753,
        0.999959901173246,
        2.2592068778567977
      ],
      [
        0.0,
        0.0,
        0.0,
        1.0
      ]
    ],
    "location": [
      8.635716080489829,
      4.4332592866703635,
      2.2592068778567977
    ],
    "rotation": [
      -0.0010672765267031913,
      0.008891520697805692,
      1.801858994138091
    ]
  },
  {
    "label_id": "MyAUfK8qrWz8-Ndd-6UhVg",
    "size": [
      0.7201404903570939,
      0.3479562038888118,
      1.0499999999999972
    ],
    "obj_class": "sign",
    "point_num_in_lidar": 24,
    "speed": 0.021200171035373135,
    "if_vehicle": false,
    "motion_state": false,
    "pose": [
      [
        -0.9977236868593486,
        0.06736459110563137,
        -0.003075149583273306,
        12.101698524779067
      ],
      [
        -0.06738833234283916,
        -0.997691371699394,
        0.008410677774857258,
        5.655753297549381
      ],
      [
        -0.002501468336692284,
        0.008598761640638131,
        0.999959901173246,
        0.38480984256092654
      ],
      [
        0.0,
        0.0,
        0.0,
        1.0
      ]
    ],
    "location": [
      12.101698524779067,
      5.655753297549381,
      0.38480984256092654
    ],
    "rotation": [
      0.008598894511534332,
      0.0025014709454575447,
      -3.074153001578672
    ]
  },
  {
    "label_id": "NdPelArZnGXiUa_wkMiATQ",
    "size": [
      0.9394738368670854,
      0.866268146219321,
      2.049999999999997
    ],
    "obj_class": "pedestrian",
    "point_num_in_lidar": 44,
    "speed": 0.0,
    "if_vehicle": false,
    "motion_state": false,
    "pose": [
      [
        -0.4584126881189706,
        0.8887341283120502,
        -0.003075149583273306,
        52.59608619225219
      ],
      [
        -0.8887187517530971,
        -0.45837565465651015,
        0.008410677774857258,
        59.575350353512476
      ],
      [
        0.006065282677351704,
        0.006588504506775507,
        0.999959901173246,
        0.46875794611218424
      ],
      [
        0.0,
        0.0,
        0.0,
        1.0
      ]
    ],
    "location": [
      52.59608619225219,
      59.575350353512476,
      0.46875794611218424
    ],
    "rotation": [
      0.006588673367556814,
      -0.006065319865887391,
      -2.0470141626351235
    ]
  },
  {
    "label_id": "UzRjOTVRec06lSAMK79AGg",
    "size": [
      2.1862905007105558,
      4.690650091409834,
      1.4663315120900506
    ],
    "obj_class": "vehicle",
    "point_num_in_lidar": 156,
    "speed": 3.096584042030478e-28,
    "if_vehicle": true,
    "motion_state": false,
    "pose": [
      [
        0.9940443532302574,
        -0.10893285668740907,
        -0.003075149583273306,
        -34.957158602151594
      ],
      [
        0.1089552290025395,
        0.9940110756789239,
        0.008410677774857258,
        46.45017917455698
      ],
      [
        0.0021405335884505912,
        -0.00869564037599869,
        0.999959901173246,
        -0.03497573919671737
      ],
      [
        0.0,
        0.0,
        0.0,
        1.0
      ]
    ],
    "location": [
      -34.957158602151594,
      46.45017917455698,
      -0.03497573919671737
    ],
    "rotation": [
      -0.008695769887349962,
      -0.002140535223066744,
      0.10917221222598282
    ]
  },
  {
    "label_id": "XH8EEUqMWDsB2IqwYEVCqg",
    "size": [
      0.7772861356849976,
      0.12044237215146732,
      0.46637168141589314
    ],
    "obj_class": "sign",
    "point_num_in_lidar": 75,
    "speed": 0.01314461150526156,
    "if_vehicle": false,
    "motion_state": false,
    "pose": [
      [
        -0.005019363953725403,
        0.999982674570185,
        -0.003075149583273306,
        6.533032051085684
      ],
      [
        -0.9999521623520334,
        -0.00499334625877531,
        0.008410677774857258,
        28.097151745425435
      ],
      [
        0.00839517676958296,
        0.0031172187281996145,
        0.999959901173246,
        1.9559288179679726
      ],
      [
        0.0,
        0.0,
        0.0,
        1.0
      ]
    ],
    "location": [
      6.533032051085684,
      28.097151745425435,
      1.9559288179679726
    ],
    "rotation": [
      0.003117333632143842,
      -0.008395275386644807,
      -1.5758158887166196
    ]
  },
  {
    "label_id": "Y9pQw1kOX1aM7nlzOdz2MQ",
    "size": [
      1.5565745696068904,
      0.1425648570649699,
      1.7299999999999969
    ],
    "obj_class": "sign",
    "point_num_in_lidar": 492,
    "speed": 0.0042371090334758065,
    "if_vehicle": false,
    "motion_state": false,
    "pose": [
      [
        -0.9884006581529143,
        0.15183768444601015,
        -0.003075149583273306,
        11.407842595970578
      ],
      [
        -0.15185859607645488,
        -0.988366443833994,
        0.008410677774857258,
        48.54796232328954
      ],
      [
        -0.0017623168199215789,
        0.008780107346621983,
        0.999959901173246,
        0.30389152715748935
      ],
      [
        0.0,
        0.0,
        0.0,
        1.0
      ]
    ],
    "location": [
      11.407842595970578,
      48.54796232328954,
      0.30389152715748935
    ],
    "rotation": [
      0.008780233795711542,
      0.0017623177321452036,
      -2.989144008094061
    ]
  },
  {
    "label_id": "YMCH2TkTYWdgEE8q3XIBEg",
    "size": [
      0.6750242326117746,
      0.6473499822288307,
      1.6199999999999974
    ],
    "obj_class": "pedestrian",
    "point_num_in_lidar": 36,
    "speed": 1.3432143997352808,
    "if_vehicle": false,
    "motion_state": true,
    "pose": [
      [
        -0.13378629405955123,
        -0.9910054343831076,
        -0.003075149583273306,
        -10.863807589609905
      ],
      [
        0.9909716071343865,
        -0.1338078262018276,
        0.008410677774857258,
        8.305544185914187
      ],
      [
        -0.008746506462712023,
        -0.0019221525146878018,
        0.999959901173246,
        0.49666941742049175
      ],
      [
        0.0,
        0.0,
        0.0,
        1.0
      ]
    ],
    "location": [
      -10.863807589609905,
      8.305544185914187,
      0.49666941742049175
    ],
    "rotation": [
      -0.0019222272263197924,
      0.00874661798651359,
      1.7049901359464896
    ]
  },
  {
    "label_id": "b6NI0yciWBZiww40xt4BNQ",
    "size": [
      2.7392385901862433,
      5.915526156687571,
      2.3682138818528387
    ],
    "obj_class": "vehicle",
    "point_num_in_lidar": 141,
    "speed": 4.504131313865988e-28,
    "if_vehicle": true,
    "motion_state": false,
    "pose": [
      [
        -0.9984003929413052,
        0.056455281681059045,
        -0.003075149583273306,
        32.473919906970195
      ],
      [
        -0.056479374710115667,
        -0.9983683392073898,
        0.008410677774857258,
        59.81873155956782
      ],
      [
        -0.002595304799358678,
        0.008570906520923538,
        0.999959901173246,
        0.38741178732081494
      ],
      [
        0.0,
        0.0,
        0.0,
        1.0
      ]
    ],
    "location": [
      32.473919906970195,
      59.81873155956782,
      0.38741178732081494
    ],
    "rotation": [
      0.008571040327819735,
      0.0025953077128597055,
      -3.085083017732194
    ]
  },
  {
    "label_id": "c3POzVNyXEnuovQBHtzfjw",
    "size": [
      0.9163554137445008,
      0.8839332918725881,
      1.6102138473786525
    ],
    "obj_class": "pedestrian",
    "point_num_in_lidar": 248,
    "speed": 0.07677977867768525,
    "if_vehicle": false,
    "motion_state": false,
    "pose": [
      [
        0.9821276362414249,
        -0.18819099230800568,
        -0.003075149583273306,
        -15.415568142677557
      ],
      [
        0.18821062773206082,
        0.9820926738898274,
        0.008410677774857258,
        43.8914088149304
      ],
      [
        0.001437268080414793,
        -0.0088391349156467,
        0.999959901173246,
        -0.14641402623843902
      ],
      [
        0.0,
        0.0,
        0.0,
        1.0
      ]
    ],
    "location": [
      -15.415568142677557,
      43.8914088149304,
      -0.14641402623843902
    ],
    "rotation": [
      -0.00883925915045909,
      -0.0014372685752521693,
      0.18934009269103125
    ]
  },
  {
    "label_id": "dOzfdH28bWp78162th45ZQ",
    "size": [
      2.2250475077825107,
      4.952390760509612,
      1.4772722474731381
    ],
    "obj_class": "vehicle",
    "point_num_in_lidar": 1057,
    "speed": 0.09391327036582366,
    "if_vehicle": true,
    "motion_state": false,
    "pose": [
      [
        0.13570189686780318,
        0.990744941264663,
        -0.003075149583273306,
        -8.235780189689649
      ],
      [
        -0.9907110724523246,
        0.13572336357360162,
        0.008410677774857258,
        24.347671510777218
      ],
      [
        0.008750206102980773,
        0.0019052398136040123,
        0.999959901173246,
        0.11509525871876036
      ],
      [
        0.0,
        0.0,
        0.0,
        1.0
      ]
    ],
    "location": [
      -8.235780189689649,
      24.347671510777218,
      0.11509525871876036
    ],
    "rotation": [
      0.001905313908975217,
      -0.00875031776836412,
      -1.4346692045122404
    ]
  },
  {
    "label_id": "e3SoTY4ZM2RgUcGSgbCw2Q",
    "size": [
      2.2155390665535455,
      4.6419119317498865,
      1.793922421779314
    ],
    "obj_class": "vehicle",
    "point_num_in_lidar": 273,
    "speed": 2.929642751054232e-13,
    "if_vehicle": true,
    "motion_state": false,
    "pose": [
      [
        -0.04697070371513051,
        -0.998891533875198,
        -0.003075149583273306,
        6.38120442402419
      ],
      [
        0.9988597104037805,
        -0.04699510007908081,
        0.008410677774857258,
        10.562579060029748
      ],
      [
        -0.008545871785881275,
        -0.0026765875683904274,
        0.999959901173246,
        0.45041869653378797
      ],
      [
        0.0,
        0.0,
        0.0,
        1.0
      ]
    ],
    "location": [
      6.38120442402419,
      10.562579060029748,
      0.45041869653378797
    ],
    "rotation": [
      -0.0026766885081749535,
      0.00854597580954394,
      1.6177860363454293
    ]
  },
  {
    "label_id": "fSlk5jeQXY6tiYMoLySQDA",
    "size": [
      1.9519783021925192,
      4.2425275019101365,
      1.7076778351213875
    ],
    "obj_class": "vehicle",
    "point_num_in_lidar": 298,
    "speed": 0.07098234762816956,
    "if_vehicle": true,
    "motion_state": false,
    "pose": [
      [
        -0.9978535963195344,
        0.06541210719134653,
        -0.003075149583273306,
        -39.97588410803314
      ],
      [
        -0.06543591161770443,
        -0.9978213276785215,
        0.008410677774857258,
        54.48407159559065
      ],
      [
        -0.0025182896838309835,
        0.008593850281468387,
        0.999959901173246,
        0.2337344503701999
      ],
      [
        0.0,
        0.0,
        0.0,
        1.0
      ]
    ],
    "location": [
      -39.97588410803314,
      54.48407159559065,
      0.2337344503701999
    ],
    "rotation": [
      0.008593983318365936,
      0.002518292345579669,
      -3.0761097459400384
    ]
  },
  {
    "label_id": "fwu2l9rbw4VbqDoPx91Eow",
    "size": [
      0.7856885754143746,
      0.09106751623065597,
      0.5132061658348519
    ],
    "obj_class": "sign",
    "point_num_in_lidar": 43,
    "speed": 0.02230810210926407,
    "if_vehicle": false,
    "motion_state": false,
    "pose": [
      [
        0.20681843138699452,
        -0.9783745090166973,
        -0.003075149583273306,
        5.780078658133334
      ],
      [
        0.9783498783273595,
        0.20678678893055077,
        0.008410677774857258,
        38.21695441936208
      ],
      [
        -0.00759289243066741,
        -0.004748055404931305,
        0.999959901173246,
        1.823617288577978
      ],
      [
        0.0,
        0.0,
        0.0,
        1.0
      ]
    ],
    "location": [
      5.780078658133334,
      38.21695441936208,
      1.823617288577978
    ],
    "rotation": [
      -0.004748210120105997,
      0.007592965390152216,
      1.362468273789417
    ]
  },
  {
    "label_id": "gzHVXsws0eboEaFBL3fSzQ",
    "size": [
      0.729652979900562,
      0.8022160096950426,
      1.7100000000000009
    ],
    "obj_class": "pedestrian",
    "point_num_in_lidar": 52,
    "speed": 1.3177428942031186,
    "if_vehicle": false,
    "motion_state": true,
    "pose": [
      [
        -0.1597258680395138,
        -0.9871566190499177,
        -0.003075149583273306,
        -11.512067081907844
      ],
      [
        0.9871222388289169,
        -0.15974650577948185,
        0.008410677774857258,
        8.14412731495213
      ],
      [
        -0.008793900636823516,
        -0.0016921457329848349,
        0.999959901173246,
        0.841841009026048
      ],
      [
        0.0,
        0.0,
        0.0,
        1.0
      ]
    ],
    "location": [
      -11.512067081907844,
      8.14412731495213,
      0.841841009026048
    ],
    "rotation": [
      -0.001692211973500288,
      0.008794013983430967,
      1.73121553300686
    ]
  },
  {
    "label_id": "ho3rcpWrA33tetBa8wR4Pg",
    "size": [
      0.6359592087323285,
      0.6286638680823156,
      1.6188524052985755
    ],
    "obj_class": "pedestrian",
    "point_num_in_lidar": 54,
    "speed": 3.552713678800501e-14,
    "if_vehicle": false,
    "motion_state": false,
    "pose": [
      [
        -0.1446407744927055,
        0.9894794539601066,
        -0.003075149583273306,
        -12.573364879160863
      ],
      [
        -0.9894528748028367,
        -0.1446107500975264,
        0.008410677774857258,
        7.36384306333639
      ],
      [
        0.007877493164200914,
        0.004259242542982457,
        0.999959901173246,
        0.6207062289123684
      ],
      [
        0.0,
        0.0,
        0.0,
        1.0
      ]
    ],
    "location": [
      -12.573364879160863,
      7.36384306333639,
      0.6207062289123684
    ],
    "rotation": [
      0.004259387581793463,
      -0.007877574639315963,
      -1.715950782214105
    ]
  },
  {
    "label_id": "iK821UNKaU58mEdNH7bCAg",
    "size": [
      0.6736724280060834,
      0.5654848181123928,
      1.1000000000000014
    ],
    "obj_class": "sign",
    "point_num_in_lidar": 65,
    "speed": 1.421529491362787e-12,
    "if_vehicle": false,
    "motion_state": false,
    "pose": [
      [
        -0.10233714106799643,
        -0.9947450190943755,
        -0.003075149583273306,
        -10.359018133466634
      ],
      [
        0.9947118906666487,
        -0.1023597336150727,
        0.008410677774857258,
        23.398864004038842
      ],
      [
        -0.008681251315917382,
        -0.0021981631381375174,
        0.999959901173246,
        -0.015079578159721052
      ],
      [
        0.0,
        0.0,
        0.0,
        1.0
      ]
    ],
    "location": [
      -10.359018133466634,
      23.398864004038842,
      -0.015079578159721052
    ],
    "rotation": [
      -0.0021982477445689594,
      0.008681360362099634,
      1.6733168194435017
    ]
  },
  {
    "label_id": "iMO8XPPJOQopigo1OG2RUg",
    "size": [
      0.5857817631658387,
      0.5345773345299226,
      1.5950292733247764
    ],
    "obj_class": "pedestrian",
    "point_num_in_lidar": 65,
    "speed": 0.00014985486131718442,
    "if_vehicle": false,
    "motion_state": false,
    "pose": [
      [
        -0.9987097426915824,
        0.050689183342737726,
        -0.003075149583273306,
        -13.831254563430775
      ],
      [
        -0.05071346106100149,
        -0.9986778286147049,
        0.008410677774857258,
        23.76100108580613
      ],
      [
        -0.0026447533207223707,
        0.00855577731503759,
        0.999959901173246,
        0.21502924199122475
      ],
      [
        0.0,
        0.0,
        0.0,
        1.0
      ]
    ],
    "location": [
      -13.831254563430775,
      23.76100108580613,
      0.21502924199122475
    ],
    "rotation": [
      0.008555911624735596,
      0.00264475640395029,
      -3.090857251793591
    ]
  },
  {
    "label_id": "jCjquE8-FjABU4aeRJWSqQ",
    "size": [
      0.5813068380702836,
      0.09089592981572317,
      0.6000000000000014
    ],
    "obj_class": "sign",
    "point_num_in_lidar": 21,
    "speed": 0.017530390694289303,
    "if_vehicle": false,
    "motion_state": false,
    "pose": [
      [
        -0.03454757557199586,
        -0.9993983232311018,
        -0.003075149583273306,
        -11.624122138663552
      ],
      [
        0.9993668055463262,
        -0.03457236572030997,
        0.008410677774857258,
        36.83010609928715
      ],
      [
        -0.00851193246146702,
        -0.002782633889574373,
        0.999959901173246,
        1.8545869602945118
      ],
      [
        0.0,
        0.0,
        0.0,
        1.0
      ]
    ],
    "location": [
      -11.624122138663552,
      36.83010609928715,
      1.8545869602945118
    ],
    "rotation": [
      -0.002782738291546672,
      0.008512035250650632,
      1.6053520307038076
    ]
  },
  {
    "label_id": "kl6OZnUr7FMaib_vCX4org",
    "size": [
      0.7767175986886202,
      0.3510486088676036,
      1.1099999999999994
    ],
    "obj_class": "sign",
    "point_num_in_lidar": 130,
    "speed": 0.00026058156038017045,
    "if_vehicle": false,
    "motion_state": false,
    "pose": [
      [
        -0.03376372231479608,
        -0.9994251120071428,
        -0.003075149583273306,
        -11.220231337886617
      ],
      [
        0.9993936137753349,
        -0.03378853717526365,
        0.008410677774857258,
        34.88375931574228
      ],
      [
        -0.008509747383206628,
        -0.002789309066057717,
        0.999959901173246,
        -0.23941929547476093
      ],
      [
        0.0,
        0.0,
        0.0,
        1.0
      ]
    ],
    "location": [
      -11.220231337886617,
      34.88375931574228,
      -0.23941929547476093
    ],
    "rotation": [
      -0.0027894136838913417,
      0.008509850093248526,
      1.6045676907252178
    ]
  },
  {
    "label_id": "lLNzlQwvuqVjvE6i_V72ww",
    "size": [
      2.3560002890769636,
      5.907938778904348,
      2.3115983138329668
    ],
    "obj_class": "vehicle",
    "point_num_in_lidar": 112,
    "speed": 9.15184678766951,
    "if_vehicle": true,
    "motion_state": true,
    "pose": [
      [
        -0.07829576475712695,
        -0.9969254318534245,
        -0.003075149583273306,
        4.847992843802331
      ],
      [
        0.9968928584264987,
        -0.07831915038872744,
        0.008410677774857258,
        -20.423465976884472
      ],
      [
        -0.008625661675559787,
        -0.0024070742096501626,
        0.999959901173246,
        1.4478011519631977
      ],
      [
        0.0,
        0.0,
        0.0,
        1.0
      ]
    ],
    "location": [
      4.847992843802331,
      -20.423465976884472,
      1.4478011519631977
    ],
    "rotation": [
      -0.0024071660849616125,
      0.008625768640277658,
      1.649175229982284
    ]
  },
  {
    "label_id": "nIflfxa4C8DxMvjsHgEFRw",
    "size": [
      2.129718775987207,
      5.000213637888109,
      1.5364430207010855
    ],
    "obj_class": "vehicle",
    "point_num_in_lidar": 73,
    "speed": 0.024691808924543292,
    "if_vehicle": true,
    "motion_state": false,
    "pose": [
      [
        -0.10019810977679586,
        -0.9949627542034916,
        -0.003075149583273306,
        6.600818700815125
      ],
      [
        0.994929674428427,
        -0.10022077350086575,
        0.008410677774857258,
        4.215216534223146
      ],
      [
        -0.008676504993456586,
        -0.0022168235587224183,
        0.999959901173246,
        0.4291583970729036
      ],
      [
        0.0,
        0.0,
        0.0,
        1.0
      ]
    ],
    "location": [
      6.600818700815125,
      4.215216534223146,
      0.4291583970729036
    ],
    "rotation": [
      -0.002216908822501069,
      0.008676613860875287,
      1.6711666486022483
    ]
  },
  {
    "label_id": "nJ9ixIFXA5MXpTlWNgnlUg",
    "size": [
      0.7622913343030556,
      0.5963576801591205,
      1.755029273324773
    ],
    "obj_class": "pedestrian",
    "point_num_in_lidar": 283,
    "speed": 0.0030189240982772146,
    "if_vehicle": false,
    "motion_state": false,
    "pose": [
      [
        -0.9953566914150553,
        0.09620603052987262,
        -0.003075149583273306,
        -16.404499562316687
      ],
      [
        -0.09622882677044127,
        -0.9953237028212237,
        0.008410677774857258,
        36.70503437787738
      ],
      [
        -0.0022516113471678914,
        0.008667542439082061,
        0.999959901173246,
        0.18210619413822826
      ],
      [
        0.0,
        0.0,
        0.0,
        1.0
      ]
    ],
    "location": [
      -16.404499562316687,
      36.70503437787738,
      0.18210619413822826
    ],
    "rotation": [
      0.008667672941533169,
      0.002251613249691376,
      -3.0452144465184943
    ]
  },
  {
    "label_id": "nU0auBR5nl4XSMT9UA4Tpg",
    "size": [
      3.0110832539020294,
      7.279748086054844,
      2.8682138818528244
    ],
    "obj_class": "vehicle",
    "point_num_in_lidar": 239,
    "speed": 0.14950429649975017,
    "if_vehicle": true,
    "motion_state": false,
    "pose": [
      [
        -0.9984003929413122,
        0.0564552816809369,
        -0.003075149583273306,
        44.80845774753129
      ],
      [
        -0.05647937470999353,
        -0.9983683392073968,
        0.008410677774857258,
        60.15460493087812
      ],
      [
        -0.0025953047993597265,
        0.008570906520923221,
        0.999959901173246,
        0.7763403973466083
      ],
      [
        0.0,
        0.0,
        0.0,
        1.0
      ]
    ],
    "location": [
      44.80845774753129,
      60.15460493087812,
      0.7763403973466083
    ],
    "rotation": [
      0.008571040327819418,
      0.002595307712860754,
      -3.085083017732316
    ]
  },
  {
    "label_id": "pdUa5SYgjcgD0TDMBTMdpA",
    "size": [
      2.1067316843631643,
      4.356208741592688,
      1.3984952537723458
    ],
    "obj_class": "vehicle",
    "point_num_in_lidar": 713,
    "speed": 0.06954962524594296,
    "if_vehicle": true,
    "motion_state": false,
    "pose": [
      [
        -0.16076447355191792,
        -0.9869880077785217,
        -0.003075149583273306,
        5.0917323697933625
      ],
      [
        0.9869536058613612,
        -0.1607850751053235,
        0.008410677774857258,
        23.926818679643475
      ],
      [
        -0.008795676257780157,
        -0.0016828917850849078,
        0.999959901173246,
        0.03813228053724771
      ],
      [
        0.0,
        0.0,
        0.0,
        1.0
      ]
    ],
    "location": [
      5.0917323697933625,
      23.926818679643475,
      0.03813228053724771
    ],
    "rotation": [
      -0.0016829576808688371,
      0.008795789673062228,
      1.7322677802363504
    ]
  },
  {
    "label_id": "qYJMUdZlFcC9_U347E8qQA",
    "size": [
      1.9384174750954113,
      4.511891662081819,
      1.5672722474731415
    ],
    "obj_class": "vehicle",
    "point_num_in_lidar": 49,
    "speed": 0.024499099519712006,
    "if_vehicle": true,
    "motion_state": false,
    "pose": [
      [
        0.07775444717627777,
        0.9969677975738995,
        -0.003075149583273306,
        -5.287775582734412
      ],
      [
        -0.9969352368495993,
        0.07777785049100226,
        0.008410677774857258,
        -20.140717633010354
      ],
      [
        0.008624353421828485,
        0.0024117573773866875,
        0.999959901173246,
        0.8452628746649964
      ],
      [
        0.0,
        0.0,
        0.0,
        1.0
      ]
    ],
    "location": [
      -5.287775582734412,
      -20.140717633010354,
      0.8452628746649964
    ],
    "rotation": [
      0.0024118494133049573,
      -0.00862446033788265,
      -1.4929604177094669
    ]
  },
  {
    "label_id": "rK5ux_2MIdHEgX0iTZECcg",
    "size": [
      2.4040817558075727,
      4.960022983072791,
      1.8172722474731415
    ],
    "obj_class": "vehicle",
    "point_num_in_lidar": 4093,
    "speed": 0.10678927015515229,
    "if_vehicle": true,
    "motion_state": false,
    "pose": [
      [
        0.08754579487230493,
        0.9961557494966421,
        -0.003075149583273306,
        -9.137081602277703
      ],
      [
        -0.9961229604088683,
        0.0875688771518719,
        0.008410677774857258,
        32.03915721129306
      ],
      [
        0.008647632418668972,
        0.0023269076353755955,
        0.999959901173246,
        0.1282006291638922
      ],
      [
        0.0,
        0.0,
        0.0,
        1.0
      ]
    ],
    "location": [
      -9.137081602277703,
      32.03915721129306,
      0.1282006291638922
    ],
    "rotation": [
      0.0023269967452119603,
      -0.008647740202850364,
      -1.4831350292118737
    ]
  },
  {
    "label_id": "s5aO23RLZZP2IHQPJCo9cQ",
    "size": [
      2.3287764407312217,
      5.353293031458655,
      1.9558168788117456
    ],
    "obj_class": "vehicle",
    "point_num_in_lidar": 124,
    "speed": 0.017778869227090245,
    "if_vehicle": true,
    "motion_state": false,
    "pose": [
      [
        -0.10019810977700794,
        -0.9949627542034702,
        -0.003075149583273306,
        7.299639965692222
      ],
      [
        0.9949296744284055,
        -0.10022077350107783,
        0.008410677774857258,
        -2.422646729850385
      ],
