[
  {
    "label_id": "-9nK50GgpR1aiB9xKeeNGQ",
    "size": [
      2.29034990408668,
      5.034674882507156,
      1.850566636766004
    ],
    "obj_class": "vehicle",
    "point_num_in_lidar": 724,
    "speed": 4.213596285623952,
    "if_vehicle": true,
    "motion_state": true,
    "pose": [
      [
        0.9997543464034071,
        -0.0218962584446843,
        0.0034352166772736495,
        15.310075967113562
      ],
      [
        0.02190331309476092,
        0.9997580334855809,
        -0.002029619796153954,
        52.01780710055209
      ],
      [
        -0.0033899443902669405,
        0.002104363839181982,
        0.9999920399332503,
        -0.07721371725214254
      ],
      [
        0.0,
        0.0,
        0.0,
        1.0
      ]
    ],
    "location": [
      15.310075967113562,
      52.01780710055209,
      -0.07721371725214254
    ],
    "rotation": [
      0.0021043774838414714,
      0.0033899508830174856,
      0.021905190728777505
    ]
  },
  {
    "label_id": "1eK3OmHl_2tqAnFvzWn4tA",
    "size": [
      2.24409056850351,
      4.881987409548864,
      1.4872722474731432
    ],
    "obj_class": "vehicle",
    "point_num_in_lidar": 165,
    "speed": 0.03246884799360716,
    "if_vehicle": true,
    "motion_state": false,
    "pose": [
      [
        0.0939078709137993,
        0.9955749650663266,
        0.0034352166772736495,
        -7.093596760090122
      ],
      [
        -0.9955781340126623,
        0.09391517299855515,
        -0.002029619796153954,
        7.322798093025995
      ],
      [
        -0.002343257626187574,
        -0.0032294293356679602,
        0.9999920399332503,
        0.3946617830699566
      ],
      [
        0.0,
        0.0,
        0.0,
        1.0
      ]
    ],
    "location": [
      -7.093596760090122,
      7.322798093025995,
      0.3946617830699566
    ],
    "rotation": [
      -0.00322944381534478,
      0.0023432597706080235,
      -1.4767496222506866
    ]
  },
  {
    "label_id": "4kOLGqY6_RSgRJTBTfGFlw",
    "size": [
      1.1462456551695672,
      0.9608929514239334,
      1.7630608345357004
    ],
    "obj_class": "pedestrian",
    "point_num_in_lidar": 286,
    "speed": 1.1633002065911981,
    "if_vehicle": false,
    "motion_state": true,
    "pose": [
      [
        -0.07884393217072283,
        -0.9968810529076367,
        0.0034352166772736495,
        6.8878129345991965
      ],
      [
        0.9968843319000424,
        -0.07885118550591864,
        -0.002029619796153954,
        57.80243003261057
      ],
      [
        0.0022941604268648663,
        0.003264490476715507,
        0.9999920399332503,
        -0.09851679003565295
      ],
      [
        0.0,
        0.0,
        0.0,
        1.0
      ]
    ],
    "location": [
      6.8878129345991965,
      57.80243003261057,
      -0.09851679003565295
    ],
    "rotation": [
      0.003264504865834253,
      -0.0022941624392964774,
      1.6497223835752095
    ]
  },
  {
    "label_id": "6liW7d_ylGXEg1uK7GbB-A",
    "size": [
      0.7528699415204313,
      0.6360830778483343,
      1.6244726227275734
    ],
    "obj_class": "pedestrian",
    "point_num_in_lidar": 111,
    "speed": 7.037681052603184e-29,
    "if_vehicle": false,
    "motion_state": false,
    "pose": [
      [
        -0.06316078109290892,
        -0.9979974524106331,
        0.0034352166772736495,
        16.712609709358276
      ],
      [
        0.9980008450378876,
        -0.06316798197778319,
        -0.002029619796153954,
        45.04486901962264
      ],
      [
        0.0022425510910836365,
        0.0033001567751606317,
        0.9999920399332503,
        -0.01314620041068082
      ],
      [
        0.0,
        0.0,
        0.0,
        1.0
      ]
    ],
    "location": [
      16.712609709358276,
      45.04486901962264,
      -0.01314620041068082
    ],
    "rotation": [
      0.003300171063922778,
      -0.0022425529707326927,
      1.6339993369770038
    ]
  },
  {
    "label_id": "72nLBfdms0aEGknAAr387A",
    "size": [
      0.8951216988735352,
      0.9497266214725659,
      1.6007817180603112
    ],
    "obj_class": "pedestrian",
    "point_num_in_lidar": 78,
    "speed": 1.6649604294888987,
    "if_vehicle": false,
    "motion_state": true,
    "pose": [
      [
        0.9694845687338328,
        -0.245128273100747,
        0.0034352166772736495,
        26.40786478974678
      ],
      [
        0.24513597406733637,
        0.9694865831261107,
        -0.002029619796153954,
        63.76741796742863
      ],
      [
        -0.0028328792830655527,
        0.0028097802590838004,
        0.9999920399332503,
        0.07744228954731369
      ],
      [
        0.0,
        0.0,
        0.0,
        1.0
      ]
    ],
    "location": [
      26.40786478974678,
      63.76741796742863,
      0.07744228954731369
    ],
    "rotation": [
      0.002809795230879993,
      0.002832883072152083,
      0.24766095802254917
    ]
  },
  {
    "label_id": "7Rmbrf_QC8HYMBMvc67d_A",
    "size": [
      0.8992428883497722,
      1.1317922750854086,
      1.8688524052985755
    ],
    "obj_class": "pedestrian",
    "point_num_in_lidar": 24,
    "speed": 1.5452155992220398,
    "if_vehicle": false,
    "motion_state": true,
    "pose": [
      [
        0.10696562511083593,
        0.9942567849057045,
        0.0034352166772736495,
        -11.289570276028144
      ],
      [
        -0.9942598577471796,
        0.10697296815570359,
        -0.002029619796153954,
        -8.893186180564953
      ],
      [
        -0.002385438577330937,
        -0.0031983984946439025,
        0.9999920399332503,
        1.0449171894554112
      ],
      [
        0.0,
        0.0,
        0.0,
        1.0
      ]
    ],
    "location": [
      -11.289570276028144,
      -8.893186180564953,
      1.0449171894554112
    ],
    "rotation": [
      -0.00319841304784311,
      0.00238544083965376,
      -1.4636253610410432
    ]
  },
  {
    "label_id": "9lYwPu5yc5uujsti712OXw",
    "size": [
      0.8351853979010944,
      0.9282536612455977,
      1.8999999999999986
    ],
    "obj_class": "pedestrian",
    "point_num_in_lidar": 59,
    "speed": 1.3923830864591493,
    "if_vehicle": false,
    "motion_state": true,
    "pose": [
      [
        -0.10858288589001641,
        0.9940814635522462,
        0.0034352166772736495,
        -11.757800205773947
      ],
      [
        -0.9940860385819315,
        -0.10857637192301928,
        -0.002029619796153954,
        14.442950949867736
      ],
      [
        -0.0016446240538275118,
        -0.0036352829131074504,
        0.9999920399332503,
        0.6450025114868012
      ],
      [
        0.0,
        0.0,
        0.0,
        1.0
      ]
    ],
    "location": [
      -11.757800205773947,
      14.442950949867736,
      0.6450025114868012
    ],
    "rotation": [
      -0.0036352958364142206,
      0.0016446247952217248,
      -1.6795938702415638
    ]
  },
  {
    "label_id": "BCFugmMeTE1MZhUx7Md3MA",
    "size": [
      1.97551337021786,
      5.636981406052898,
      2.0752408288585755
    ],
    "obj_class": "vehicle",
    "point_num_in_lidar": 108,
    "speed": 0.05006099415980227,
    "if_vehicle": true,
    "motion_state": false,
    "pose": [
      [
        0.07775435604046183,
        0.9969666290318414,
        0.0034352166772736495,
        -6.915952747050824
      ],
      [
        -0.9969699159497333,
        0.07776160578759062,
        -0.002029619796153954,
        -0.11018415896978695
      ],
      [
        -0.002290591171441011,
        -0.003266995901753708,
        0.9999920399332503,
        0.7712785839722542
      ],
      [
        0.0,
        0.0,
        0.0,
        1.0
      ]
    ],
    "location": [
      -6.915952747050824,
      -0.11018415896978695,
      0.7712785839722542
    ],
    "rotation": [
      -0.003267010284095054,
      0.002290593174494388,
      -1.4929632051312103
    ]
  },
  {
    "label_id": "BhQ3l28Gc10ONPRWnXjzgg",
    "size": [
      0.8141605972525807,
      1.142668182000707,
      1.718852405298577
    ],
    "obj_class": "pedestrian",
    "point_num_in_lidar": 22,
    "speed": 1.6533239188257556,
    "if_vehicle": false,
    "motion_state": true,
    "pose": [
      [
        0.042837835655242275,
        0.9990761327960721,
        0.0034352166772736495,
        -10.369372338438325
      ],
      [
        -0.9990796712631883,
        0.04284496600678529,
        -0.002029619796153954,
        -12.576101130189272
      ],
      [
        -0.0021749264387515756,
        -0.00334511062937811,
        0.9999920399332503,
        1.0986547338825048
      ],
      [
        0.0,
        0.0,
        0.0,
        1.0
      ]
    ],
    "location": [
      -10.369372338438325,
      -12.576101130189272,
      1.0986547338825048
    ],
    "rotation": [
      -0.0033451247796790246,
      0.0021749281534327986,
      -1.5279452770866524
    ]
  },
  {
    "label_id": "CIORug2cCRbXeVxdAFexLg",
    "size": [
      0.7856885753912458,
      0.09106751623065597,
      0.5932061658348502
    ],
    "obj_class": "sign",
    "point_num_in_lidar": 29,
    "speed": 0.008421883796440911,
    "if_vehicle": false,
    "motion_state": false,
    "pose": [
      [
        0.018734208768835813,
        0.9998185979007321,
        0.0034352166772736495,
        5.8030655969362215
      ],
      [
        -0.9998223072763277,
        0.018741251722431473,
        -0.002029619796153954,
        38.016367967935366
      ],
      [
        -0.002093631879332096,
        -0.00339658294328335,
        0.9999920399332503,
        1.745769358778574
      ],
      [
        0.0,
        0.0,
        0.0,
        1.0
      ]
    ],
    "location": [
      5.8030655969362215,
      38.016367967935366,
      1.745769358778574
    ],
    "rotation": [
      -0.0033965969184321667,
      0.002093633408835945,
      -1.5520609809274821
    ]
  },
  {
    "label_id": "CwlUZaiwe8TBlM2O3R4nSQ",
    "size": [
      0.6334117322224634,
      0.12472124207279026,
      0.9799999999999969
    ],
    "obj_class": "sign",
    "point_num_in_lidar": 46,
    "speed": 0.02377954022206373,
    "if_vehicle": false,
    "motion_state": false,
    "pose": [
      [
        -0.8352769927781267,
        -0.5498186470300088,
        0.0034352166772736495,
        6.934247529585036
      ],
      [
        0.5498149349407749,
        -0.8352840343018382,
        -0.002029619796153954,
        23.973314463679344
      ],
      [
        0.003985304455200778,
        0.00019343871410824762,
        0.9999920399332503,
        -0.026981312387128753
      ],
      [
        0.0,
        0.0,
        0.0,
        1.0
      ]
    ],
    "location": [
      6.934247529585036,
      23.973314463679344,
      -0.026981312387128753
    ],
    "rotation": [
      0.00019344025149279205,
      -0.003985315004809876,
      2.559444763331558
    ]
  },
  {
    "label_id": "ER4NMkg4wde6l-AMD922EA",
    "size": [
      1.9569189965240559,
      4.657267391618751,
      1.462875516477304
    ],
    "obj_class": "vehicle",
    "point_num_in_lidar": 617,
    "speed": 0.016110007827143998,
    "if_vehicle": true,
    "motion_state": false,
    "pose": [
      [
        -0.9940463799876268,
        0.10890359828708507,
        0.0034352166772736495,
        -22.22874351548171
      ],
      [
        -0.1089109473081121,
        -0.9940494385089369,
        -0.002029619796153954,
        55.91719575535717
      ],
      [
        0.003193742310244541,
        -0.002391668913648561,
        0.9999920399332503,
        -0.22296483087420427
      ],
      [
        0.0,
        0.0,
        0.0,
        1.0
      ]
    ],
    "location": [
      -22.22874351548171,
      55.91719575535717,
      -0.22296483087420427
    ],
    "rotation": [
      -0.0023916833913717253,
      -0.0031937477396260365,
      -3.032464680484904
    ]
  },
  {
    "label_id": "EyxD8CxOxMr5IYCbewub_Q",
    "size": [
      0.5603732247132728,
      0.09966899333537328,
      0.5899999999999963
    ],
    "obj_class": "sign",
    "point_num_in_lidar": 33,
    "speed": 0.02967656316898272,
    "if_vehicle": false,
    "motion_state": false,
    "pose": [
      [
        -0.8568300320418828,
        0.5155875245557112,
        0.0034352166772736495,
        19.513875199876566
      ],
      [
        -0.5155954788156346,
        -0.8568297280489043,
        -0.002029619796153954,
        54.63591218713373
      ],
      [
        0.0018969491248891574,
        -0.0035102213825257923,
        0.9999920399332503,
        0.20958875367155372
      ],
      [
        0.0,
        0.0,
        0.0,
        1.0
      ]
    ],
    "location": [
      19.513875199876566,
      54.63591218713373,
      0.20958875367155372
    ],
    "rotation": [
      -0.003510234906862393,
      -0.0018969502625596746,
      -2.5998890896506466
    ]
  },
  {
    "label_id": "FzhIiYZfV0ZRgWwzC5IjNA",
    "size": [
      1.8776833819729024,
      4.564797332079824,
      1.7476778351213866
    ],
    "obj_class": "vehicle",
    "point_num_in_lidar": 382,
    "speed": 0.06726300529936173,
    "if_vehicle": true,
    "motion_state": false,
    "pose": [
      [
        -0.9971816820054111,
        0.07494592957085396,
        0.0034352166772736495,
        -29.06731412502654
      ],
      [
        -0.07495317003108769,
        -0.9971849893303519,
        -0.002029619796153954,
        55.35631461959565
      ],
      [
        0.0032734347633764055,
        -0.0022813800618655994,
        0.9999920399332503,
        0.04388950636836597
      ],
      [
        0.0,
        0.0,
        0.0,
        1.0
      ]
    ],
    "location": [
      -29.06731412502654,
      55.35631461959565,
      0.04388950636836597
    ],
    "rotation": [
      -0.002281394263903114,
      -0.003273440609418181,
      -3.066568721954915
    ]
  },
  {
    "label_id": "Im-r1sT-zfG7KFGudl9kcQ",
    "size": [
      1.865372585886648,
      4.360587515094883,
      1.5051311337171924
    ],
    "obj_class": "vehicle",
    "point_num_in_lidar": 38,
    "speed": 14.468012746929976,
    "if_vehicle": true,
    "motion_state": true,
    "pose": [
      [
        0.08605416217001635,
        0.9962845379004919,
        0.0034352166772736495,
        1.600995171507975
      ],
      [
        -0.9962877643302253,
        0.08606143903842492,
        -0.002029619796153954,
        -17.19484355138229
      ],
      [
        -0.0023177185113798992,
        -0.003247807112309161,
        0.9999920399332503,
        0.9751949332764767
      ],
      [
        0.0,
        0.0,
        0.0,
        1.0
      ]
    ],
    "location": [
      1.600995171507975,
      -17.19484355138229,
      0.9751949332764767
    ],
    "rotation": [
      -0.0032478215455143448,
      0.002317720586445676,
      -1.4846353673777515
    ]
  },
  {
    "label_id": "InPwvU2homAc1AtpmC4pDQ",
    "size": [
      2.1166185057520925,
      4.313385827928875,
      1.7074263757876054
    ],
    "obj_class": "vehicle",
    "point_num_in_lidar": 357,
    "speed": 11.620560299638559,
    "if_vehicle": true,
    "motion_state": true,
    "pose": [
      [
        0.0756871507058551,
        0.9971256964417321,
        0.0034352166772736495,
        -1.343930364071639
      ],
      [
        -0.9971289983836585,
        0.0756943936225448,
        -0.002029619796153954,
        22.936816692908906
      ],
      [
        -0.0022838126961002196,
        -0.0032717380252536223,
        0.9999920399332503,
        0.3243433662770414
      ],
      [
        0.0,
        0.0,
        0.0,
        1.0
      ]
    ],
    "location": [
      -1.343930364071639,
      22.936816692908906,
      0.3243433662770414
    ],
    "rotation": [
      -0.003271752394654789,
      0.00228381468142342,
      -1.4950365283437093
    ]
  },
  {
    "label_id": "Kn0RnWXHMkuVO9dGiGe3HQ",
    "size": [
      2.703664974949955,
      5.803628056546428,
      2.725293277478478
    ],
    "obj_class": "vehicle",
    "point_num_in_lidar": 86,
    "speed": 0.024698883320542396,
    "if_vehicle": true,
    "motion_state": false,
    "pose": [
      [
        -0.10019799233557139,
        -0.9949615880114674,
        0.0034352166772736495,
        8.276278288996082
      ],
      [
        0.9949647107456105,
        -0.10020531430211946,
        -0.002029619796153954,
        -15.023479137989852
      ],
      [
        0.0023636207022829374,
        0.003214555538872916,
        0.9999920399332503,
        1.4189299471714918
      ],
      [
        0.0,
        0.0,
        0.0,
        1.0
      ]
    ],
    "location": [
      8.276278288996082,
      -15.023479137989852,
      1.4189299471714918
    ],
    "rotation": [
      0.00321457005456312,
      -0.0023636229030962125,
      1.6711630210370536
    ]
  },
  {
    "label_id": "Lgh47Nm-gwc_mRkw0twn5g",
    "size": [
      0.6875981022749321,
      0.10098434456347616,
      0.7100000000000009
    ],
    "obj_class": "sign",
    "point_num_in_lidar": 27,
    "speed": 0.15234476846684303,
    "if_vehicle": false,
    "motion_state": false,
    "pose": [
      [
        0.9999940996257829,
        2.0592820125777826e-14,
        0.0034352166772736495,
        -42.084325843960414
      ],
      [
        6.972224890422265e-06,
        0.9999979402953144,
        -0.002029619796153954,
        59.31646711816575
      ],
      [
        -0.0034352096017418047,
        0.002029631771740859,
        0.9999920399332503,
        2.3091614113864196
      ],
      [
        0.0,
        0.0,
        0.0,
        1.0
      ]
    ],
    "location": [
      -42.084325843960414,
      59.31646711816575,
      2.3091614113864196
    ],
    "rotation": [
      0.002029645140855668,
      0.0034352163580706396,
      6.972266029287999e-06
    ]
  },
  {
    "label_id": "MgWhrhP47pwT0J5qUjq5Ug",
    "size": [
      2.05125401075963,
      4.445365804963032,
      1.6782138818528338
    ],
    "obj_class": "vehicle",
    "point_num_in_lidar": 1042,
    "speed": 5.783398860650275e-13,
    "if_vehicle": true,
    "motion_state": false,
    "pose": [
      [
        -0.9989668736565868,
        0.04531428718588866,
        0.0034352166772736495,
        11.191210171072953
      ],
      [
        -0.04532142628693595,
        -0.9989703944375933,
        -0.002029619796153954,
        56.59890746588462
      ],
      [
        0.003339708984753571,
        -0.002183211861894145,
        0.9999920399332503,
        -0.10088407216832707
      ],
      [
        0.0,
        0.0,
        0.0,
        1.0
      ]
    ],
    "location": [
      11.191210171072953,
      56.59890746588462,
      -0.10088407216832707
    ],
    "rotation": [
      -0.0021832257717744963,
      -0.0033397151931123152,
      -3.096255444658177
    ]
  },
  {
    "label_id": "NdPelArZnGXiUa_wkMiATQ",
    "size": [
      0.9394738368670814,
      0.866268146219321,
      2.049999999999997
    ],
    "obj_class": "pedestrian",
    "point_num_in_lidar": 38,
    "speed": 0.0,
    "if_vehicle": false,
    "motion_state": false,
    "pose": [
      [
        -0.4584121508152557,
        0.8887330866302388,
        0.0034352166772736495,
        52.59608619225219
      ],
      [
        -0.8887396961519423,
        -0.4584077149516971,
        -0.002029619796153954,
        59.575350353512476
      ],
      [
        -0.0002290604387287644,
        -0.003983415802068423,
        0.9999920399332503,
        0.46875794611217714
      ],
      [
        0.0,
        0.0,
        0.0,
        1.0
      ]
    ],
    "location": [
      52.59608619225219,
      59.575350353512476,
      0.46875794611217714
    ],
    "rotation": [
      -0.003983426441189166,
      0.00022906044073184778,
      -2.0470040837594055
    ]
  },
  {
    "label_id": "PBPtoWWiZmUSarH7z_93VQ",
    "size": [
      0.5274503365652944,
      0.08355648896149048,
      0.509999999999998
    ],
    "obj_class": "sign",
    "point_num_in_lidar": 42,
    "speed": 0.014018952802485909,
    "if_vehicle": false,
    "motion_state": false,
    "pose": [
      [
        -0.9974556266290188,
        0.07120724817384678,
        0.0034352166772736495,
        28.171736491128286
      ],
      [
        -0.07121447618497086,
        -0.9974589610731778,
        -0.002029619796153954,
        49.37240130059945
      ],
      [
        0.003281964017451341,
        -0.002269092841845322,
        0.9999920399332503,
        2.2210372739916693
      ],
      [
        0.0,
        0.0,
        0.0,
        1.0
      ]
    ],
    "location": [
      28.171736491128286,
      49.37240130059945,
      2.2210372739916693
    ],
    "rotation": [
      -0.002269107009683574,
      -0.003281969909309736,
      -3.0703174610448873
    ]
  },
  {
    "label_id": "UzRjOTVRec06lSAMK79AGg",
    "size": [
      2.1862905007105566,
      4.690650091409834,
      1.4663315120900506
    ],
    "obj_class": "vehicle",
    "point_num_in_lidar": 102,
    "speed": 1.7763568394002505e-13,
    "if_vehicle": true,
    "motion_state": false,
    "pose": [
      [
        0.994043188114747,
        -0.10893272900762972,
        0.0034352166772736495,
        -34.95715860215182
      ],
      [
        0.10894007811828431,
        0.994046246420691,
        -0.002029619796153954,
        46.45017917455698
      ],
      [
        -0.0031936722204426696,
        0.0023917625060051037,
        0.9999920399332503,
        -0.03497573919668895
      ],
      [
        0.0,
        0.0,
        0.0,
        1.0
      ]
    ],
    "location": [
      -34.95715860215182,
      46.45017917455698,
      -0.03497573919668895
    ],
    "rotation": [
      0.002391776983937889,
      0.003193677649466713,
      0.10915727841009759
    ]
  },
  {
    "label_id": "XH8EEUqMWDsB2IqwYEVCqg",
    "size": [
      0.7772861356849959,
      0.12044237215146732,
      0.46637168141589314
    ],
    "obj_class": "sign",
    "point_num_in_lidar": 39,
    "speed": 0.013144611394522134,
    "if_vehicle": false,
    "motion_state": false,
    "pose": [
      [
        -0.005019358070549904,
        0.9999815024943911,
        0.0034352166772736495,
        6.544148712659307
      ],
      [
        -0.9999853781118407,
        -0.0050124052112787984,
        -0.002029619796153954,
        28.08596344106263
      ],
      [
        -0.002012363555275352,
        -0.0034453538364235645,
        0.9999920399332503,
        1.9517551409034084
      ],
      [
        0.0,
        0.0,
        0.0,
        1.0
      ]
    ],
    "location": [
      6.544148712659307,
      28.08596344106263,
      1.9517551409034084
    ],
    "rotation": [
      -0.0034453676290114514,
      0.0020123649134914435,
      -1.5758157161053057
    ]
  },
  {
    "label_id": "Y9pQw1kOX1aM7nlzOdz2MQ",
    "size": [
      1.5565745696068891,
      0.1425648570649699,
      1.7299999999999969
    ],
    "obj_class": "sign",
    "point_num_in_lidar": 544,
    "speed": 0.0023112453054079172,
    "if_vehicle": false,
    "motion_state": false,
    "pose": [
      [
        -0.9883994996523563,
        0.15183750647765518,
        0.0034352166772736495,
        11.410730624509142
      ],
      [
        -0.15184498102305616,
        -0.9884022371391066,
        -0.002029619796153954,
        48.54377819374349
      ],
      [
        0.00308720343992914,
        -0.0025276956021737886,
        0.9999920399332503,
        0.30389152715751777
      ],
      [
        0.0,
        0.0,
        0.0,
        1.0
      ]
    ],
    "location": [
      11.410730624509142,
      48.54377819374349,
      0.30389152715751777
    ],
    "rotation": [
      -0.002527710339496204,
      -0.0030872083438828342,
      -2.9891572893774483
    ]
  },
  {
    "label_id": "YMCH2TkTYWdgEE8q3XIBEg",
    "size": [
      0.675024232614713,
      0.6473499822288307,
      1.6199999999999974
    ],
    "obj_class": "pedestrian",
    "point_num_in_lidar": 22,
    "speed": 1.3163225409033994,
    "if_vehicle": false,
    "motion_state": true,
    "pose": [
      [
        -0.16756051573906566,
        -0.9858558073327146,
        0.0034352166772736495,
        -10.590904642613623
      ],
      [
        0.985858425424922,
        -0.167568032936406,
        -0.002029619796153954,
        6.726076844764975
      ],
      [
        0.0025765449640368977,
        0.0030465531646526587,
        0.9999920399332503,
        0.4966694174205202
      ],
      [
        0.0,
        0.0,
        0.0,
        1.0
      ]
    ],
    "location": [
      -10.590904642613623,
      6.726076844764975,
      0.4966694174205202
    ],
    "rotation": [
      0.003046567989925947,
      -0.0025765478148137557,
      1.7391515681809353
    ]
  },
  {
    "label_id": "apo-d-drZ1EW6cVkAZw35A",
    "size": [
      1.0000000000015574,
      1.0,
      1.3699999999999974
    ],
    "obj_class": "sign",
    "point_num_in_lidar": 28,
    "speed": 2.8421709430404007e-13,
    "if_vehicle": false,
    "motion_state": false,
    "pose": [
      [
        -0.9923135189206126,
        0.12370157417660903,
        0.0034352166772736495,
        51.10015270164263
      ],
      [
        -0.12370896795013815,
        -0.9923164676111118,
        -0.002029619796153954,
        49.916199131968824
      ],
      [
        0.0031577549149067155,
        -0.0024389862718230924,
        0.9999920399332503,
        0.015589731606816315
      ],
      [
        0.0,
        0.0,
        0.0,
        1.0
      ]
    ],
    "location": [
      51.10015270164263,
      49.916199131968824,
      0.015589731606816315
    ],
    "rotation": [
      -0.0024390008501444216,
      -0.0031577601628116313,
      -3.0175653325831835
    ]
  },
  {
    "label_id": "b6NI0yciWBZiww40xt4BNQ",
    "size": [
      2.7392385901862455,
      5.915526156687571,
      2.3682138818528387
    ],
    "obj_class": "vehicle",
    "point_num_in_lidar": 339,
    "speed": 3.1776437161565096e-13,
    "if_vehicle": true,
    "motion_state": false,
    "pose": [
      [
        -0.9983992227200973,
        0.056455215510046286,
        0.0034352166772736495,
        32.47391990697042
      ],
      [
        -0.05646239344215666,
        -0.998402663643415,
        -0.002029619796153954,
        59.81873155956782
      ],
      [
        0.0033151468577869653,
        -0.0022203313824887124,
        0.9999920399332503,
        0.37455377141968427
      ],
      [
        0.0,
        0.0,
        0.0,
        1.0
      ]
    ],
    "location": [
      32.47391990697042,
      59.81873155956782,
      0.37455377141968427
    ],
    "rotation": [
      -0.0022203454078896425,
      -0.0033151529301707716,
      -3.0850999058931134
    ]
  },
  {
    "label_id": "bSuLGh3Quq0PVev0FYi_DQ",
    "size": [
      1.856323870336148,
      4.2105346985256356,
      1.6576778351213832
    ],
    "obj_class": "vehicle",
    "point_num_in_lidar": 212,
    "speed": 0.014678132093921836,
    "if_vehicle": true,
    "motion_state": false,
    "pose": [
      [
        -0.9978524267392314,
        0.0654120305219687,
        0.0034352166772736495,
        -34.438822303729694
      ],
      [
        -0.06541923904204151,
        -0.9978558031131769,
        -0.002029619796153954,
        54.863919905676084
      ],
      [
        0.003295089344314662,
        -0.0022499902999219795,
        0.9999920399332503,
        0.10433036350483604
      ],
      [
        0.0,
        0.0,
        0.0,
        1.0
      ]
    ],
    "location": [
      -34.438822303729694,
      54.863919905676084,
      0.10433036350483604
    ],
    "rotation": [
      -0.002250004413232489,
      -0.003295095307145045,
      -3.0761263063394853
    ]
  },
  {
    "label_id": "c3POzVNyXEnuovQBHtzfjw",
    "size": [
      0.9163554137445,
      0.8839332918725881,
      1.6102138473786525
    ],
    "obj_class": "pedestrian",
    "point_num_in_lidar": 290,
    "speed": 3.552713678800501e-13,
    "if_vehicle": false,
    "motion_state": false,
    "pose": [
      [
        0.982126485093452,
        -0.1881907717300755,
        0.0034352166772736495,
        -15.415568142677557
      ],
      [
        0.1881983421600521,
        0.9821289450228472,
        -0.002029619796153954,
        43.89140881493222
      ],
      [
        -0.002991870015418809,
        0.0026398454400962347,
        0.9999920399332503,
        -0.17235846339045224
      ],
      [
        0.0,
        0.0,
        0.0,
        1.0
      ]
    ],
    "location": [
      -15.415568142677557,
      43.89140881493222,
      -0.17235846339045224
    ],
    "rotation": [
      0.002639860321317775,
      0.002991874478950913,
      0.18932824328424408
    ]
  },
  {
    "label_id": "dOzfdH28bWp78162th45ZQ",
    "size": [
      2.22504750778251,
      4.952390760509612,
      1.4772722474731381
    ],
    "obj_class": "vehicle",
    "point_num_in_lidar": 305,
    "speed": 0.2065857216027548,
    "if_vehicle": true,
    "motion_state": false,
    "pose": [
      [
        0.13570173781214107,
        0.99074378001638,
        0.0034352166772736495,
        -8.250328731046238
      ],
      [
        -0.9907466390096618,
        0.13570916672996772,
        -0.002029619796153954,
        24.48482483495718
      ],
      [
        -0.0024770235816473384,
        -0.0031280064438427907,
        0.9999920399332503,
        0.11509525871878168
      ],
      [
        0.0,
        0.0,
        0.0,
        1.0
      ]
    ],
    "location": [
      -8.250328731046238,
      24.48482483495718,
      0.11509525871878168
    ],
    "rotation": [
      -0.003128021141083244,
      0.002477026114677565,
      -1.4346741887458474
    ]
  },
  {
    "label_id": "e3SoTY4ZM2RgUcGSgbCw2Q",
    "size": [
      2.215539066553545,
      4.6419119317498865,
      1.793922421779314
    ],
    "obj_class": "vehicle",
    "point_num_in_lidar": 107,
    "speed": 2.929642751054232e-13,
    "if_vehicle": true,
    "motion_state": false,
    "pose": [
      [
        -0.04697064866095086,
        -0.9988903630783259,
        0.0034352166772736495,
        6.381204424024418
      ],
      [
        0.998893872016886,
        -0.04697779359012063,
        -0.002029619796153954,
        10.562579060027929
      ],
      [
        0.002188746555093482,
        0.003336084329618399,
        0.9999920399332503,
        0.4504186965338022
      ],
      [
        0.0,
        0.0,
        0.0,
        1.0
      ]
    ],
    "location": [
      6.381204424024418,
      10.562579060027929,
      0.4504186965338022
    ],
    "rotation": [
      0.003336098508799954,
      -0.002188748302669646,
      1.6177843766944395
    ]
  },
  {
    "label_id": "eLUo0F52wL4hudq3-AynTQ",
    "size": [
      2.3554925008264047,
      5.367170119819076,
      1.9682138818528472
    ],
    "obj_class": "vehicle",
    "point_num_in_lidar": 80,
    "speed": 2.2644807296479814,
    "if_vehicle": true,
    "motion_state": true,
    "pose": [
      [
        0.9968826601075506,
        -0.07882360854004362,
        0.0034352166772736495,
        42.54500860035091
      ],
      [
        0.07883086180838847,
        0.9968859392478308,
        -0.002029619796153954,
        52.98901695597306
      ],
      [
        -0.003264537247546592,
        0.0022940938725649284,
        0.9999920399332503,
        0.17786457265811606
      ],
      [
        0.0,
        0.0,
        0.0,
        1.0
      ]
    ],
    "location": [
      42.54500860035091,
      52.98901695597306,
      0.17786457265811606
    ],
    "rotation": [
      0.0022941081092638332,
      0.0032645430460473313,
      0.07891315884891294
    ]
  },
  {
    "label_id": "fSlk5jeQXY6tiYMoLySQDA",
    "size": [
      1.9519783021925183,
      4.2425275019101365,
      1.7076778351213875
    ],
    "obj_class": "vehicle",
    "point_num_in_lidar": 170,
    "speed": 0.08537146236892224,
    "if_vehicle": true,
    "motion_state": false,
    "pose": [
      [
        -0.9978524267392247,
        0.0654120305220724,
        0.0034352166772736495,
        -40.031611972586916
      ],
      [
        -0.06541923904214521,
        -0.9978558031131701,
        -0.002029619796153954,
        54.53517826032294
      ],
      [
        0.0032950893443144283,
        -0.002249990299922322,
        0.9999920399332503,
        0.2337344503701999
      ],
      [
        0.0,
        0.0,
        0.0,
        1.0
      ]
    ],
    "location": [
      -40.031611972586916,
      54.53517826032294,
      0.2337344503701999
    ],
    "rotation": [
      -0.0022500044132328315,
      -0.0032950953071448114,
      -3.0761263063393813
    ]
  },
  {
    "label_id": "fwu2l9rbw4VbqDoPx91Eow",
    "size": [
      0.7856885754143774,
      0.09106751623065597,
      0.5132061658348519
    ],
    "obj_class": "sign",
    "point_num_in_lidar": 102,
    "speed": 0.01647255674414826,
    "if_vehicle": false,
    "motion_state": false,
    "pose": [
      [
        0.20681818897592882,
        -0.9783733622677476,
        0.0034352166772736495,
        5.792615756357691
      ],
      [
        0.9783785618901194,
        0.20681216182155462,
        -0.002029619796153954,
        38.24060408274454
      ],
      [
        0.0012752813567359033,
        0.0037807046430422017,
        0.9999920399332503,
        1.7991292996501755
      ],
      [
        0.0,
        0.0,
        0.0,
        1.0
      ]
    ],
    "location": [
      5.792615756357691,
      38.24060408274454,
      1.7991292996501755
    ],
    "rotation": [
      0.003780716724213301,
      -0.0012752817024102095,
      1.3624744434245757
    ]
  },
  {
    "label_id": "gzHVXsws0eboEaFBL3fSzQ",
    "size": [
      0.7296529798991882,
      0.8022160096950426,
      1.7100000000000009
    ],
    "obj_class": "pedestrian",
    "point_num_in_lidar": 28,
    "speed": 1.3005005596207004,
    "if_vehicle": false,
    "motion_state": true,
    "pose": [
      [
        -0.16903106908322524,
        -0.9856047366824908,
        0.0034352166772736495,
        -11.235549751846293
      ],
      [
        0.9856073435573239,
        -0.16903859017797693,
        -0.002029619796153954,
        6.5907132005686435
      ],
      [
        0.0025810870688361006,
        0.003042705979855118,
        0.9999920399332503,
        0.8418410090260693
      ],
      [
        0.0,
        0.0,
        0.0,
        1.0
      ]
    ],
    "location": [
      -11.235549751846293,
      6.5907132005686435,
      0.8418410090260693
    ],
    "rotation": [
      0.0030427208101673556,
      -0.0025810899347161994,
      1.7406434074670794
    ]
  },
  {
    "label_id": "ho3rcpWrA33tetBa8wR4Pg",
    "size": [
      0.635959208732327,
      0.6286638680823156,
      1.6188524052985755
    ],
    "obj_class": "pedestrian",
    "point_num_in_lidar": 49,
    "speed": 3.552713678800501e-14,
    "if_vehicle": false,
    "motion_state": false,
    "pose": [
      [
        -0.14464060495980283,
        0.9894782941950988,
        0.0034352166772736495,
        -12.573364879160863
      ],
      [
        -0.9894831029494379,
        -0.14463426157392728,
        -0.002029619796153954,
        7.36384306333639
      ],
      [
        -0.0015114147062991043,
        -0.0036926542922864876,
        0.9999920399332503,
        0.6130471972927864
      ],
      [
        0.0,
        0.0,
        0.0,
        1.0
      ]
    ],
    "location": [
      -12.573364879160863,
      7.36384306333639,
      0.6130471972927864
    ],
    "rotation": [
      -0.0036926669020615134,
      0.00151141528173921,
      -1.7159462421006952
    ]
  },
  {
    "label_id": "iMO8XPPJOQopigo1OG2RUg",
    "size": [
      0.5857817631658351,
      0.5345773345299226,
      1.5950292733247764
    ],
    "obj_class": "pedestrian",
    "point_num_in_lidar": 65,
    "speed": 1.0658141036401503e-13,
    "if_vehicle": false,
    "motion_state": false,
    "pose": [
      [
        -0.9987085721077874,
        0.05068912393013459,
        0.0034352166772736495,
        -13.831254563430548
      ],
      [
        -0.05069628187332829,
        -0.9987120544219454,
        -0.002029619796153954,
        23.76100108580613
      ],
      [
        0.0033279126557661932,
        -0.0022011514015056366,
        0.9999920399332503,
        0.1967039697296613
      ],
      [
        0.0,
        0.0,
        0.0,
        1.0
      ]
    ],
    "location": [
      -13.831254563430548,
      23.76100108580613,
      0.1967039697296613
    ],
    "rotation": [
      -0.0022011653679735984,
      -0.0033279187985703848,
      -3.090874349605813
    ]
  },
  {
    "label_id": "jCjquE8-FjABU4aeRJWSqQ",
    "size": [
      0.5813068380702814,
      0.09089592981572317,
      0.6000000000000014
    ],
    "obj_class": "sign",
    "point_num_in_lidar": 95,
    "speed": 0.0160461886879417,
    "if_vehicle": false,
    "motion_state": false,
    "pose": [
      [
        -0.03454753507891803,
        -0.9993971518402237,
        0.0034352166772736495,
        -11.608171429191316
      ],
      [
        0.9994007493424565,
        -0.03455463582819853,
        -0.002029619796153954,
        36.825210119359326
      ],
      [
        0.002147098904868942,
        0.0033630397603164938,
        0.9999920399332503,
        1.8449596960564278
      ],
      [
        0.0,
        0.0,
        0.0,
        1.0
      ]
    ],
    "location": [
      -11.608171429191316,
      36.825210119359326,
      1.8449596960564278
    ],
    "rotation": [
      0.0033630538516330926,
      -0.002147100554572085,
      1.6053508175137612
    ]
  },
  {
    "label_id": "jCyvsrLYqmyjU5Z9KZmeCg",
    "size": [
      2.1888457675207267,
      4.810296796965218,
      1.6900082432865844
    ],
    "obj_class": "vehicle",
    "point_num_in_lidar": 35,
    "speed": 1.4102268706358389e-28,
    "if_vehicle": true,
    "motion_state": false,
    "pose": [
      [
        0.9971493105026066,
        -0.07537540613858339,
        0.0034352166772736495,
        -62.46071409282922
      ],
      [
        0.07538264802260168,
        0.9971526147087935,
        -0.002029619796153954,
        44.588485288590164
      ],
      [
        -0.00327245187539266,
        0.0022827897099816467,
        0.9999920399332503,
        0.6083464542368588
      ],
      [
        0.0,
        0.0,
        0.0,
        1.0
      ]
    ],
    "location": [
      -62.46071409282922,
      44.588485288590164,
      0.6083464542368588
    ],
    "rotation": [
      0.002282803915898684,
      0.0032724577161699674,
      0.07545463019462113
    ]
  },
  {
    "label_id": "kl6OZnUr7FMaib_vCX4org",
    "size": [
      0.7767175986886214,
      0.3510486088676036,
      1.1099999999999994
    ],
    "obj_class": "sign",
    "point_num_in_lidar": 104,
    "speed": 2.929642751054232e-13,
    "if_vehicle": false,
    "motion_state": false,
    "pose": [
      [
        -0.033763682740473144,
        -0.9994239405848655,
        0.0034352166772736495,
        -11.220231337886162
      ],
      [
        0.9994275436552128,
        -0.033770780665996335,
        -0.002029619796153954,
        34.88375931574046
      ],
      [
        0.0021444605635096174,
        0.003364722726809899,
        0.9999920399332503,
        -0.2394192954747396
      ],
      [
        0.0,
        0.0,
        0.0,
        1.0
      ]
    ],
    "location": [
      -11.220231337886162,
      34.88375931574046,
      -0.2394192954747396
    ],
    "rotation": [
      0.003364736812478951,
      -0.002144462207138788,
      1.6045665055302105
    ]
  },
  {
    "label_id": "nIflfxa4C8DxMvjsHgEFRw",
    "size": [
      2.1297187759872083,
      5.000213637888109,
      1.5364430207010855
    ],
    "obj_class": "vehicle",
    "point_num_in_lidar": 33,
    "speed": 0.02469180871755067,
    "if_vehicle": true,
    "motion_state": false,
    "pose": [
      [
        -0.10019799233498196,
        -0.9949615880115267,
        0.0034352166772736495,
