[
  {
    "label_id": "0-gFFwLHDFdIB2aYMAKcoQ",
    "size": [
      0.5074151418358482,
      0.08388944527878506,
      0.5600000000000023
    ],
    "obj_class": "sign",
    "point_num_in_lidar": 33,
    "speed": 0.014957527420846264,
    "if_vehicle": false,
    "motion_state": false,
    "pose": [
      [
        -0.22900044475363643,
        -0.9734098838207909,
        -0.005656357717769139,
        8.600201601447225
      ],
      [
        0.9732514194382662,
        -0.22906558060617546,
        0.01762482178507495,
        4.446730510744601
      ],
      [
        -0.018451852590908955,
        -0.0014689661501836645,
        0.9998286709603866,
        2.852803743272588
      ],
      [
        0.0,
        0.0,
        0.0,
        1.0
      ]
    ],
    "location": [
      8.600201601447225,
      4.446730510744601,
      2.852803743272588
    ],
    "rotation": [
      -0.0014692168127198673,
      0.018452899804394896,
      1.8018871018327844
    ]
  },
  {
    "label_id": "1eK3OmHl_2tqAnFvzWn4tA",
    "size": [
      2.2440905685035095,
      4.881987409548864,
      1.4872722474731432
    ],
    "obj_class": "vehicle",
    "point_num_in_lidar": 1506,
    "speed": 0.00892535452455103,
    "if_vehicle": true,
    "motion_state": false,
    "pose": [
      [
        0.09390692272559197,
        0.995564912741293,
        -0.005656357717769139,
        -7.103840480028111
      ],
      [
        -0.995416829511036,
        0.09399309114632448,
        0.01762482178507495,
        7.396485796054549
      ],
      [
        0.01807831270906147,
        0.003975340888578674,
        0.9998286709603866,
        0.3946617830699708
      ],
      [
        0.0,
        0.0,
        0.0,
        1.0
      ]
    ],
    "location": [
      -7.103840480028111,
      7.396485796054549,
      0.3946617830699708
    ],
    "rotation": [
      0.003976001144842659,
      -0.018079297595851886,
      -1.476735416123169
    ]
  },
  {
    "label_id": "1yaIJWr37eHUtmYcb-ixqQ",
    "size": [
      0.9521050738759989,
      0.09268519735418204,
      1.2299999999999969
    ],
    "obj_class": "sign",
    "point_num_in_lidar": 61,
    "speed": 0.024150757645308177,
    "if_vehicle": false,
    "motion_state": false,
    "pose": [
      [
        -0.12753072027095708,
        -0.9918184919654097,
        -0.005656357717769139,
        -6.312898829711457
      ],
      [
        0.9916675786172566,
        -0.12761183008025337,
        0.01762482178507495,
        -30.240298674365476
      ],
      [
        -0.01820244232398522,
        -0.0033615203448752913,
        0.9998286709603866,
        3.875202582864951
      ],
      [
        0.0,
        0.0,
        0.0,
        1.0
      ]
    ],
    "location": [
      -6.312898829711457,
      -30.240298674365476,
      3.875202582864951
    ],
    "rotation": [
      -0.003362083701669358,
      0.01820344763976833,
      1.6986966035548263
    ]
  },
  {
    "label_id": "46ZddQXs6mtOXSiX4Xuk4A",
    "size": [
      1.8700097023729139,
      4.3588427751254395,
      1.6140189276900898
    ],
    "obj_class": "vehicle",
    "point_num_in_lidar": 152,
    "speed": 2.929642751054232e-13,
    "if_vehicle": true,
    "motion_state": false,
    "pose": [
      [
        -0.10019698063519905,
        -0.9949515418797833,
        -0.005656357717769139,
        7.640549380705352
      ],
      [
        0.9948029170256965,
        -0.10028221145452243,
        0.01762482178507495,
        -8.622329005118445
      ],
      [
        -0.01810307567113246,
        -0.003861007230279563,
        0.9998286709603866,
        0.7819164808291532
      ],
      [
        0.0,
        0.0,
        0.0,
        1.0
      ]
    ],
    "location": [
      7.640549380705352,
      -8.622329005118445,
      0.7819164808291532
    ],
    "rotation": [
      -0.003861649650771494,
      0.018104064611045516,
      1.6711782283713545
    ]
  },
  {
    "label_id": "7Rmbrf_QC8HYMBMvc67d_A",
    "size": [
      0.8992428883493174,
      1.1317922750854086,
      1.8688524052985755
    ],
    "obj_class": "pedestrian",
    "point_num_in_lidar": 35,
    "speed": 1.6089178978424397,
    "if_vehicle": false,
    "motion_state": true,
    "pose": [
      [
        0.09361568854517019,
        0.9955923405066867,
        -0.005656357717769139,
        -10.700464096276164
      ],
      [
        -0.9954442824894024,
        0.09370190028064009,
        0.01762482178507495,
        -13.631622872984735
      ],
      [
        0.018077149038838038,
        0.003980629122972389,
        0.9998286709603866,
        1.1494752516995774
      ],
      [
        0.0,
        0.0,
        0.0,
        1.0
      ]
    ],
    "location": [
      -10.700464096276164,
      -13.631622872984735,
      1.1494752516995774
    ],
    "rotation": [
      0.003981290201695086,
      -0.01807813373543559,
      -1.477027989170726
    ]
  },
  {
    "label_id": "8CQI1mkFehwAph_t4RcAIQ",
    "size": [
      0.6972622612882022,
      0.7243517246121429,
      1.5888524052985744
    ],
    "obj_class": "pedestrian",
    "point_num_in_lidar": 109,
    "speed": 0.012679445877657082,
    "if_vehicle": false,
    "motion_state": false,
    "pose": [
      [
        -0.14463914452274973,
        0.9894683034282078,
        -0.005656357717769139,
        -13.252577946560905
      ],
      [
        -0.9893448516603063,
        -0.14452034510853892,
        0.01762482178507495,
        7.576198444910915
      ],
      [
        0.01662174374047328,
        0.0081453275325831,
        0.9998286709603866,
        0.6176059050963048
      ],
      [
        0.0,
        0.0,
        0.0,
        1.0
      ]
    ],
    "location": [
      -13.252577946560905,
      7.576198444910915,
      0.6176059050963048
    ],
    "rotation": [
      0.008146543079806522,
      -0.016622509218091785,
      -1.7159647963574793
    ]
  },
  {
    "label_id": "9lYwPu5yc5uujsti712OXw",
    "size": [
      0.8351853979002348,
      0.9282536612455977,
      1.8999999999999986
    ],
    "obj_class": "pedestrian",
    "point_num_in_lidar": 246,
    "speed": 1.2403904669084724,
    "if_vehicle": false,
    "motion_state": true,
    "pose": [
      [
        -0.016693564517870435,
        0.9998446531942132,
        -0.005656357717769139,
        -12.347439388957355
      ],
      [
        -0.9997069999980834,
        -0.01659155845231497,
        0.01762482178507495,
        10.536922192295606
      ],
      [
        0.0175282360356065,
        0.005948921504532109,
        0.9998286709603866,
        0.6866694174204682
      ],
      [
        0.0,
        0.0,
        0.0,
        1.0
      ]
    ],
    "location": [
      -12.347439388957355,
      10.536922192295606,
      0.6866694174204682
    ],
    "rotation": [
      0.005949870690817853,
      -0.017529133719513156,
      -1.5874932321629356
    ]
  },
  {
    "label_id": "BCFugmMeTE1MZhUx7Md3MA",
    "size": [
      1.9755133702178593,
      5.636981406052898,
      2.0752408288585755
    ],
    "obj_class": "vehicle",
    "point_num_in_lidar": 1123,
    "speed": 0.04797244211669698,
    "if_vehicle": true,
    "motion_state": false,
    "pose": [
      [
        0.07775357095436985,
        0.9969565626551703,
        -0.005656357717769139,
        -6.962321162495073
      ],
      [
        -0.996809895929908,
        0.07784212891005837,
        0.01762482178507495,
        0.032664506186847575
      ],
      [
        0.018011484670886268,
        0.00426792051676784,
        0.9998286709603866,
        0.7712785839722471
      ],
      [
        0.0,
        0.0,
        0.0,
        1.0
      ]
    ],
    "location": [
      -6.962321162495073,
      0.032664506186847575,
      0.7712785839722471
    ],
    "rotation": [
      0.0042686259341534385,
      -0.018012458674788023,
      -1.4929515436625196
    ]
  },
  {
    "label_id": "BhQ3l28Gc10ONPRWnXjzgg",
    "size": [
      0.8141605972505097,
      1.142668182000707,
      1.718852405298577
    ],
    "obj_class": "pedestrian",
    "point_num_in_lidar": 24,
    "speed": 1.647025623468553,
    "if_vehicle": false,
    "motion_state": true,
    "pose": [
      [
        0.046503595704123935,
        0.9989021079184668,
        -0.005656357717769139,
        -10.127298809904687
      ],
      [
        -0.9987582855841326,
        0.046596701965790584,
        0.01762482178507495,
        -17.511341830018864
      ],
      [
        0.017869039247585466,
        0.004829716550199321,
        0.9998286709603866,
        1.167344675960429
      ],
      [
        0.0,
        0.0,
        0.0,
        1.0
      ]
    ],
    "location": [
      -10.127298809904687,
      -17.511341830018864,
      1.167344675960429
    ],
    "rotation": [
      0.004830506590992399,
      -0.017869990322588344,
      -1.5242685192517802
    ]
  },
  {
    "label_id": "G-TxU3ng_fUHgcrddwVbtA",
    "size": [
      0.7407855025654054,
      0.9350570491587076,
      1.676242476920173
    ],
    "obj_class": "pedestrian",
    "point_num_in_lidar": 39,
    "speed": 1.2051997083639254,
    "if_vehicle": false,
    "motion_state": true,
    "pose": [
      [
        0.07775528841138074,
        0.9969564287076099,
        -0.005656357717769139,
        -11.480671722540137
      ],
      [
        -0.9968097618297892,
        0.07784384611440635,
        0.01762482178507495,
        -0.23118802707722352
      ],
      [
        0.018011492023206458,
        0.0042678894883758575,
        0.9998286709603866,
        0.8324727086162582
      ],
      [
        0.0,
        0.0,
        0.0,
        1.0
      ]
    ],
    "location": [
      -11.480671722540137,
      -0.23118802707722352,
      0.8324727086162582
    ],
    "rotation": [
      0.004268594901009943,
      -0.018012466028301102,
      -1.492949820698659
    ]
  },
  {
    "label_id": "Ijb7IUwsYwZudsLlkk9G4w",
    "size": [
      0.9010333411118565,
      0.7952315151847923,
      1.0300000000000011
    ],
    "obj_class": "sign",
    "point_num_in_lidar": 172,
    "speed": 0.0026568039747330505,
    "if_vehicle": false,
    "motion_state": false,
    "pose": [
      [
        0.9994204571726338,
        -0.03356717745376136,
        -0.005656357717769139,
        -10.262600655762071
      ],
      [
        0.033662137941579975,
        0.9992778523144834,
        0.01762482178507495,
        21.95628889132422
      ],
      [
        0.0050606574716842686,
        -0.017805012539768263,
        0.9998286709603866,
        -0.02007957815973782
      ],
      [
        0.0,
        0.0,
        0.0,
        1.0
      ]
    ],
    "location": [
      -10.262600655762071,
      21.95628889132422,
      -0.02007957815973782
    ],
    "rotation": [
      -0.017806181462952392,
      -0.005060679072720461,
      0.03366892980264339
    ]
  },
  {
    "label_id": "InPwvU2homAc1AtpmC4pDQ",
    "size": [
      2.1166185057516897,
      4.313385827928875,
      1.7074263757876054
    ],
    "obj_class": "vehicle",
    "point_num_in_lidar": 191,
    "speed": 14.574361612413098,
    "if_vehicle": true,
    "motion_state": true,
    "pose": [
      [
        0.08075575910308828,
        0.9967178703068651,
        -0.005656357717769139,
        1.6979075973756608
      ],
      [
        -0.9965709375361756,
        0.08084387493998718,
        0.01762482178507495,
        -16.305874767524074
      ],
      [
        0.0180242567101091,
        0.0042136558515268,
        0.9998286709603866,
        1.0686393261025984
      ],
      [
        0.0,
        0.0,
        0.0,
        1.0
      ]
    ],
    "location": [
      1.6979075973756608,
      -16.305874767524074,
      1.0686393261025984
    ],
    "rotation": [
      0.004214352946614986,
      -0.018025232787696667,
      -1.489939370501435
    ]
  },
  {
    "label_id": "Kn0RnWXHMkuVO9dGiGe3HQ",
    "size": [
      2.703664974949955,
      5.803628056546428,
      2.725293277478478
    ],
    "obj_class": "vehicle",
    "point_num_in_lidar": 326,
    "speed": 0.02469888332066091,
    "if_vehicle": true,
    "motion_state": false,
    "pose": [
      [
        -0.10019698063597715,
        -0.994951541879705,
        -0.005656357717769139,
        8.214482538727907
      ],
      [
        0.9948029170256181,
        -0.10028221145530042,
        0.01762482178507495,
        -15.064366837288617
      ],
      [
        -0.018103075671135473,
        -0.0038610072302654053,
        0.9998286709603866,
        1.418929947171513
      ],
      [
        0.0,
        0.0,
        0.0,
        1.0
      ]
    ],
    "location": [
      8.214482538727907,
      -15.064366837288617,
      1.418929947171513
    ],
    "rotation": [
      -0.0038616496507573343,
      0.01810406461104853,
      1.6711782283721368
    ]
  },
  {
    "label_id": "M7C7zwJiceV-e8OIJRuKbw",
    "size": [
      0.5074151418358482,
      0.08388944527878506,
      0.6000000000000014
    ],
    "obj_class": "sign",
    "point_num_in_lidar": 64,
    "speed": 0.015281797098047169,
    "if_vehicle": false,
    "motion_state": false,
    "pose": [
      [
        -0.22900044475363643,
        -0.9734098838207909,
        -0.005656357717769139,
        8.601844270748643
      ],
      [
        0.9732514194382662,
        -0.22906558060617546,
        0.01762482178507495,
        4.448513232204277
      ],
      [
        -0.018451852590908955,
        -0.0014689661501836645,
        0.9998286709603866,
        2.2533980442176045
      ],
      [
        0.0,
        0.0,
        0.0,
        1.0
      ]
    ],
    "location": [
      8.601844270748643,
      4.448513232204277,
      2.2533980442176045
    ],
    "rotation": [
      -0.0014692168127198673,
      0.018452899804394896,
      1.8018871018327844
    ]
  },
  {
    "label_id": "MyAUfK8qrWz8-Ndd-6UhVg",
    "size": [
      0.7201404903570995,
      0.3479562038888118,
      1.0499999999999972
    ],
    "obj_class": "sign",
    "point_num_in_lidar": 45,
    "speed": 0.02120017103813963,
    "if_vehicle": false,
    "motion_state": false,
    "pose": [
      [
        -0.9977124434224262,
        0.06736383196805887,
        -0.005656357717769139,
        12.077222210817581
      ],
      [
        -0.06745391297868414,
        -0.9975667071834887,
        0.01762482178507495,
        5.685034511780032
      ],
      [
        -0.004455318609970102,
        0.017966047469342637,
        0.9998286709603866,
        0.38030928106726947
      ],
      [
        0.0,
        0.0,
        0.0,
        1.0
      ]
    ],
    "location": [
      12.077222210817581,
      5.685034511780032,
      0.38030928106726947
    ],
    "rotation": [
      0.017967192463052808,
      0.004455333349679782,
      -3.07408681168436
    ]
  },
  {
    "label_id": "P9RCk7j3jrOVoApXvIJi3g",
    "size": [
      0.7005023510633692,
      0.6973264422665828,
      1.1400000000000006
    ],
    "obj_class": "sign",
    "point_num_in_lidar": 309,
    "speed": 8.526512829121202e-13,
    "if_vehicle": false,
    "motion_state": false,
    "pose": [
      [
        0.9855986411710275,
        -0.16900687601157807,
        -0.005656357717769139,
        -10.545588712041308
      ],
      [
        0.1690815864789873,
        0.9854444595058582,
        0.01762482178507495,
        21.080834272775974
      ],
      [
        0.0025953103038024784,
        -0.01832738633886446,
        0.9998286709603866,
        0.02492042184027099
      ],
      [
        0.0,
        0.0,
        0.0,
        1.0
      ]
    ],
    "location": [
      -10.545588712041308,
      21.080834272775974,
      0.02492042184027099
    ],
    "rotation": [
      -0.018328474235028338,
      -0.0025953132173220433,
      0.16989834230549747
    ]
  },
  {
    "label_id": "RW1h8pkgwsPTQlzyEdXiow",
    "size": [
      0.8287961078561937,
      0.8205065068317773,
      1.6288524052985736
    ],
    "obj_class": "pedestrian",
    "point_num_in_lidar": 199,
    "speed": 0.03529149438775436,
    "if_vehicle": false,
    "motion_state": false,
    "pose": [
      [
        -0.9961414506485347,
        0.08757976888072824,
        -0.005656357717769139,
        -17.94528740900455
      ],
      [
        -0.0876668763997054,
        -0.9959939178726762,
        0.01762482178507495,
        19.822705253292952
      ],
      [
        -0.004090120065709347,
        0.01805269075332264,
        0.9998286709603866,
        0.4748561508552669
      ],
      [
        0.0,
        0.0,
        0.0,
        1.0
      ]
    ],
    "location": [
      -17.94528740900455,
      19.822705253292952,
      0.4748561508552669
    ],
    "rotation": [
      0.018053822487048125,
      0.004090131469787629,
      -3.053812357214816
    ]
  },
  {
    "label_id": "YC-GkZvNrYchckx8d4PMKQ",
    "size": [
      2.0107742145022636,
      4.02043724942621,
      1.6445065240339432
    ],
    "obj_class": "vehicle",
    "point_num_in_lidar": 33,
    "speed": 0.023809645632375923,
    "if_vehicle": true,
    "motion_state": false,
    "pose": [
      [
        0.10059214612930133,
        0.9949116673124655,
        -0.005656357717769139,
        -4.878425327512105
      ],
      [
        -0.9947630086182494,
        0.10067731791130008,
        0.01762482178507495,
        -25.270065115944817
      ],
      [
        0.018104607752445857,
        0.0038538167726419317,
        0.9998286709603866,
        1.0403191071789593
      ],
      [
        0.0,
        0.0,
        0.0,
        1.0
      ]
    ],
    "location": [
      -4.878425327512105,
      -25.270065115944817,
      1.0403191071789593
    ],
    "rotation": [
      0.003854458068033338,
      -0.018105596943489774,
      -1.4700171845245515
    ]
  },
  {
    "label_id": "YMCH2TkTYWdgEE8q3XIBEg",
    "size": [
      0.6750242326146771,
      0.6473499822288307,
      1.6199999999999974
    ],
    "obj_class": "pedestrian",
    "point_num_in_lidar": 91,
    "speed": 1.2258418210919821,
    "if_vehicle": false,
    "motion_state": true,
    "pose": [
      [
        -0.10681977844868222,
        -0.9942623097299541,
        -0.005656357717769139,
        -11.13439396044214
      ],
      [
        0.9941131206498155,
        -0.10690401773988469,
        0.01762482178507495,
        10.606045814860408
      ],
      [
        -0.018128383382410955,
        -0.0037403798640439343,
        0.9998286709603866,
        0.49666941742047754
      ],
      [
        0.0,
        0.0,
        0.0,
        1.0
      ]
    ],
    "location": [
      -11.13439396044214,
      10.606045814860408,
      0.49666941742047754
    ],
    "rotation": [
      -0.0037410033575357143,
      0.018129376476085098,
      1.6778379572702422
    ]
  },
  {
    "label_id": "aFdj7fOiFejXkhWxdgC_AQ",
    "size": [
      0.9121538735743705,
      0.8866121494929322,
      1.7299999999999969
    ],
    "obj_class": "pedestrian",
    "point_num_in_lidar": 31,
    "speed": 1.2561247976674152,
    "if_vehicle": false,
    "motion_state": true,
    "pose": [
      [
        -0.26697941173861406,
        -0.9636856330386337,
        -0.005656357717769139,
        13.467733228754923
      ],
      [
        0.9635247372930202,
        -0.26703828617159103,
        0.01762482178507495,
        -25.811237995023475
      ],
      [
        -0.018495251610069575,
        -0.0007445760318716396,
        0.9998286709603866,
        1.2345478206703575
      ],
      [
        0.0,
        0.0,
        0.0,
        1.0
      ]
    ],
    "location": [
      13.467733228754923,
      -25.811237995023475,
      1.2345478206703575
    ],
    "rotation": [
      -0.0007447034835611308,
      0.018496306230892712,
      1.841101028418537
    ]
  },
  {
    "label_id": "aRabAmGdRRZDbmFNAdMYpA",
    "size": [
      0.634746579377279,
      0.44083906771219405,
      1.7100000000000009
    ],
    "obj_class": "pedestrian",
    "point_num_in_lidar": 20,
    "speed": 0.024239657841556805,
    "if_vehicle": false,
    "motion_state": false,
    "pose": [
      [
        0.6327291357080537,
        0.7743525336973517,
        -0.005656357717769139,
        11.5593289014314
      ],
      [
        -0.7741815558616099,
        0.6327181712427276,
        0.01762482178507495,
        -16.53922284440887
      ],
      [
        0.01722670571631864,
        -0.006772690436626608,
        0.9998286709603866,
        0.9878888564963688
      ],
      [
        0.0,
        0.0,
        0.0,
        1.0
      ]
    ],
    "location": [
      11.5593289014314,
      -16.53922284440887,
      0.9878888564963688
    ],
    "rotation": [
      -0.006773747390683879,
      -0.017227557861233325,
      -0.8856025801085465
    ]
  },
  {
    "label_id": "dOzfdH28bWp78162th45ZQ",
    "size": [
      2.22504750778251,
      4.952390760509612,
      1.4772722474731381
    ],
    "obj_class": "vehicle",
    "point_num_in_lidar": 4533,
    "speed": 0.08174919631968526,
    "if_vehicle": true,
    "motion_state": false,
    "pose": [
      [
        0.13570036763106433,
        0.9907337764718445,
        -0.005656357717769139,
        -8.212894512204684
      ],
      [
        -0.9905821997900208,
        0.1357802309476884,
        0.01762482178507495,
        24.13192158326092
      ],
      [
        0.018229527804011967,
        0.003211392475200355,
        0.9998286709603866,
        0.11509525871876036
      ],
      [
        0.0,
        0.0,
        0.0,
        1.0
      ]
    ],
    "location": [
      -8.212894512204684,
      24.13192158326092,
      0.11509525871876036
    ],
    "rotation": [
      0.0032119317289218755,
      -0.018230537614695157,
      -1.4346532280128999
    ]
  },
  {
    "label_id": "e3SoTY4ZM2RgUcGSgbCw2Q",
    "size": [
      2.215539066553544,
      4.6419119317498865,
      1.793922421779314
    ],
    "obj_class": "vehicle",
    "point_num_in_lidar": 1867,
    "speed": 1.992959203378431e-07,
    "if_vehicle": true,
    "motion_state": false,
    "pose": [
      [
        -0.04697017439809577,
        -0.9988802772777031,
        -0.005656357717769139,
        6.381204424024418
      ],
      [
        0.9987364114694413,
        -0.04706321347068375,
        0.01762482178507495,
        10.562579060027929
      ],
      [
        -0.017871293242383682,
        -0.004821369456051902,
        0.9998286709603866,
        0.45041869653378797
      ],
      [
        0.0,
        0.0,
        0.0,
        1.0
      ]
    ],
    "location": [
      6.381204424024418,
      10.562579060027929,
      0.45041869653378797
    ],
    "rotation": [
      -0.004822158260965062,
      0.017872244677371335,
      1.617791300102511
    ]
  },
  {
    "label_id": "gzHVXsws0eboEaFBL3fSzQ",
    "size": [
      0.7296529798995631,
      0.8022160096950426,
      1.7100000000000009
    ],
    "obj_class": "pedestrian",
    "point_num_in_lidar": 147,
    "speed": 1.298525365826098,
    "if_vehicle": false,
    "motion_state": true,
    "pose": [
      [
        -0.03282802289759503,
        -0.9994450092576398,
        -0.005656357717769139,
        -11.818024261999426
      ],
      [
        0.9993024746687965,
        -0.03292308882628746,
        0.01762482178507495,
        10.516641208654619
      ],
      [
        -0.017801264939723848,
        -0.005073824211852175,
        0.9998286709603866,
        0.8418410090260053
      ],
      [
        0.0,
        0.0,
        0.0,
        1.0
      ]
    ],
    "location": [
      -11.818024261999426,
      10.516641208654619,
      0.8418410090260053
    ],
    "rotation": [
      -0.005074650092872734,
      0.01780220523288685,
      1.603635454296561
    ]
  },
  {
    "label_id": "ho3rcpWrA33tetBa8wR4Pg",
    "size": [
      0.635959208732329,
      0.6286638680823156,
      1.6188524052985755
    ],
    "obj_class": "pedestrian",
    "point_num_in_lidar": 144,
    "speed": 3.552713678800501e-14,
    "if_vehicle": false,
    "motion_state": false,
    "pose": [
      [
        -0.1446391445229514,
        0.9894683034281784,
        -0.005656357717769139,
        -12.573364879160636
      ],
      [
        -0.9893448516602767,
        -0.14452034510874054,
        0.01762482178507495,
        7.363843063334571
      ],
      [
        0.01662174374047162,
        0.008145327532586488,
        0.9998286709603866,
        0.6321969061761052
      ],
      [
        0.0,
        0.0,
        0.0,
        1.0
      ]
    ],
    "location": [
      -12.573364879160636,
      7.363843063334571,
      0.6321969061761052
    ],
    "rotation": [
      0.008146543079809911,
      -0.016622509218090123,
      -1.7159647963576832
    ]
  },
  {
    "label_id": "iK821UNKaU58mEdNH7bCAg",
    "size": [
      0.6736724280060863,
      0.5654848181123928,
      1.1000000000000014
    ],
    "obj_class": "sign",
    "point_num_in_lidar": 99,
    "speed": 1.421529491362787e-12,
    "if_vehicle": false,
    "motion_state": false,
    "pose": [
      [
        -0.10233598782165894,
        -0.9947338092243241,
        -0.005656357717769139,
        -10.359018133466407
      ],
      [
        0.9945850014595509,
        -0.10242089888665087,
        0.01762482178507495,
        23.398864004038842
      ],
      [
        -0.018111335353045814,
        -0.003822075001426823,
        0.9998286709603866,
        -0.015079578159721052
      ],
      [
        0.0,
        0.0,
        0.0,
        1.0
      ]
    ],
    "location": [
      -10.359018133466407,
      23.398864004038842,
      -0.015079578159721052
    ],
    "rotation": [
      -0.0038227113253861767,
      0.01811232564734659,
      1.6733286601626203
    ]
  },
  {
    "label_id": "iMO8XPPJOQopigo1OG2RUg",
    "size": [
      0.5857817631658367,
      0.5345773345299226,
      1.5950292733247764
    ],
    "obj_class": "pedestrian",
    "point_num_in_lidar": 182,
    "speed": 0.009406474635118428,
    "if_vehicle": false,
    "motion_state": false,
    "pose": [
      [
        -0.9986984881427088,
        0.05068861212182081,
        -0.005656357717769139,
        -13.832622842765431
      ],
      [
        -0.05078111494703076,
        -0.9985542769533265,
        0.01762482178507495,
        23.770310826550485
      ],
      [
        -0.00475480243587645,
        0.017889119021986585,
        0.9998286709603866,
        0.257510810786421
      ],
      [
        0.0,
        0.0,
        0.0,
        1.0
      ]
    ],
    "location": [
      -13.832622842765431,
      23.770310826550485,
      0.257510810786421
    ],
    "rotation": [
      0.01789027556282858,
      0.004754820352270166,
      -3.090789113432756
    ]
  },
  {
    "label_id": "lLNzlQwvuqVjvE6i_V72ww",
    "size": [
      2.3560002890774685,
      5.907938778904348,
      2.3115983138329668
    ],
    "obj_class": "vehicle",
    "point_num_in_lidar": 716,
    "speed": 9.202774689549074,
    "if_vehicle": true,
    "motion_state": true,
    "pose": [
      [
        -0.0817033713678814,
        -0.9966406397114713,
        -0.005656357717769139,
        3.5977537257458607
      ],
      [
        0.996493623229359,
        -0.08179134746578413,
        0.01762482178507495,
        -3.9552142223146802
      ],
      [
        -0.018028254778162594,
        -0.004196517036862414,
        0.9998286709603866,
        1.1239786293329672
      ],
      [
        0.0,
        0.0,
        0.0,
        1.0
      ]
    ],
    "location": [
      3.5977537257458607,
      -3.9552142223146802,
      1.1239786293329672
    ],
    "rotation": [
      -0.004197211498283059,
      0.018029231505486423,
      1.652604198646415
    ]
  },
  {
    "label_id": "nIflfxa4C8DxMvjsHgEFRw",
    "size": [
      2.1297187759872083,
      5.000213637888109,
      1.5364430207010855
    ],
    "obj_class": "vehicle",
    "point_num_in_lidar": 443,
    "speed": 0.057735229254673615,
    "if_vehicle": true,
    "motion_state": false,
    "pose": [
      [
        -0.10019698063538862,
        -0.9949515418797642,
        -0.005656357717769139,
        6.597190618798322
      ],
      [
        0.9948029170256774,
        -0.10028221145471196,
        0.01762482178507495,
        4.245209577522473
      ],
      [
        -0.01810307567113319,
        -0.0038610072302761138,
        0.9998286709603866,
        0.4191591359545015
      ],
      [
        0.0,
        0.0,
        0.0,
        1.0
      ]
    ],
    "location": [
      6.597190618798322,
      4.245209577522473,
      0.4191591359545015
    ],
    "rotation": [
      -0.0038616496507680445,
      0.018104064611046248,
      1.671178228371545
    ]
  },
  {
    "label_id": "pdUa5SYgjcgD0TDMBTMdpA",
    "size": [
      2.1067316843631656,
      4.356208741592688,
      1.3984952537723458
    ],
    "obj_class": "vehicle",
    "point_num_in_lidar": 4011,
    "speed": 0.312323831151201,
    "if_vehicle": true,
    "motion_state": false,
    "pose": [
      [
        -0.16076266188277394,
        -0.9869768853229206,
        -0.005656357717769139,
        5.137747991724609
      ],
      [
        0.9868233335253688,
        -0.1608386584964053,
        0.01762482178507495,
        23.474819261058656
      ],
      [
        -0.018305052697106604,
        -0.0027484125132827375,
        0.9998286709603866,
        0.038132280537269025
      ],
      [
        0.0,
        0.0,
        0.0,
        1.0
      ]
    ],
    "location": [
      5.137747991724609,
      23.474819261058656,
      0.038132280537269025
    ],
    "rotation": [
      -0.0027488765530288384,
      0.01830607511206013,
      1.7322869393176057
    ]
  },
  {
    "label_id": "qFCXyuymo0i91XH5zvmRPA",
    "size": [
      0.795582262217429,
      1.004493157534768,
      1.72624247692017
    ],
    "obj_class": "pedestrian",
    "point_num_in_lidar": 83,
    "speed": 1.3972600352366358,
    "if_vehicle": false,
    "motion_state": true,
    "pose": [
      [
        0.1253151944125109,
        0.9921008555921738,
        -0.005656357717769139,
        -10.79107733413116
      ],
      [
        -0.9919501237776509,
        0.12539664108159881,
        0.01762482178507495,
        0.18624278008974215
      ],
      [
        0.018194889031196666,
        0.003402166769789245,
        0.9998286709603866,
        0.8699758984082351
      ],
      [
        0.0,
        0.0,
        0.0,
        1.0
      ]
    ],
    "location": [
      -10.79107733413116,
      0.18624278008974215,
      0.8699758984082351
    ],
    "rotation": [
      0.0034027366265825766,
      -0.01819589309587605,
      -1.4451298900721137
    ]
  },
  {
    "label_id": "qYJMUdZlFcC9_U347E8qQA",
    "size": [
      1.9384174750954122,
      4.511891662081819,
      1.5672722474731415
    ],
    "obj_class": "vehicle",
    "point_num_in_lidar": 108,
    "speed": 0.024499100132518558,
    "if_vehicle": true,
    "motion_state": false,
    "pose": [
      [
        0.07775357095449957,
        0.9969565626551602,
        -0.005656357717769139,
        -5.290493121337931
      ],
      [
        -0.996809895929898,
        0.07784212891018809,
        0.01762482178507495,
        -20.09669896537889
      ],
      [
        0.018011484670886826,
        0.004267920516765496,
        0.9998286709603866,
        0.8452628746650106
      ],
      [
        0.0,
        0.0,
        0.0,
        1.0
      ]
    ],
    "location": [
      -5.290493121337931,
      -20.09669896537889,
      0.8452628746650106
    ],
    "rotation": [
      0.004268625934151095,
      -0.01801245867478858,
      -1.4929515436623895
    ]
  },
  {
    "label_id": "s5aO23RLZZP2IHQPJCo9cQ",
    "size": [
      2.3287764407312226,
      5.353293031458655,
      1.9558168788117456
    ],
    "obj_class": "vehicle",
    "point_num_in_lidar": 521,
    "speed": 0.01777886907744242,
    "if_vehicle": true,
    "motion_state": false,
    "pose": [
      [
        -0.10019698063560202,
        -0.9949515418797428,
        -0.005656357717769139,
        7.286829517744991
      ],
      [
        0.9948029170256558,
        -0.10028221145492534,
        0.01762482178507495,
        -2.4519760376897466
      ],
      [
        -0.01810307567113402,
        -0.0038610072302722306,
        0.9998286709603866,
        0.753668146504765
      ],
      [
        0.0,
        0.0,
        0.0,
        1.0
      ]
    ],
    "location": [
      7.286829517744991,
      -2.4519760376897466,
      0.753668146504765
    ],
    "rotation": [
      -0.003861649650764161,
      0.018104064611047077,
      1.6711782283717596
    ]
  },
  {
    "label_id": "tFMYVPCUjzCvUWFmOTKG0w",
    "size": [
      2.1177477799472597,
      4.607182423773619,
      1.4772722474731381
    ],
    "obj_class": "vehicle",
    "point_num_in_lidar": 4953,
    "speed": 0.033953941850515784,
    "if_vehicle": true,
    "motion_state": false,
    "pose": [
      [
        0.05058998730289203,
        0.9987034889305544,
        -0.005656357717769139,
        -7.946387811618024
      ],
      [
        -0.998559286876816,
        0.050682504368952934,
        0.01762482178507495,
        17.864816684295874
      ],
      [
        0.017888649383276785,
        0.004756569018653051,
        0.9998286709603866,
        0.2403734118019969
      ],
      [
        0.0,
        0.0,
        0.0,
        1.0
      ]
    ],
    "location": [
      -7.946387811618024,
      17.864816684295874,
      0.2403734118019969
    ],
    "rotation": [
      0.004757348206367644,
      -0.017889603593251653,
      -1.5201766282278477
    ]
  },
  {
    "label_id": "xWTOq8rd6R_PA_SNy95jeA",
    "size": [
      2.1527669917032544,
      4.6223847380506875,
      1.4784952537723441
    ],
    "obj_class": "vehicle",
    "point_num_in_lidar": 3361,
    "speed": 0.09693886369462175,
    "if_vehicle": true,
    "motion_state": false,
    "pose": [
      [
        -0.08272058448119751,
        -0.996556727196429,
        -0.005656357717769139,
        5.854999934555735
      ],
      [
        0.9964096209950561,
        -0.08280841047582621,
        0.01762482178507495,
        16.37763922992599
      ],
      [
        -0.018032528707245744,
        -0.004178113690336467,
        0.9998286709603866,
        0.21607471297700442
      ],
      [
        0.0,
        0.0,
        0.0,
        1.0
      ]
    ],
    "location": [
      5.854999934555735,
      16.37763922992599,
      0.21607471297700442
    ],
    "rotation": [
      -0.004178805321026994,
      0.01803350612945555,
      1.6536250403408557
    ]
  },
  {
    "label_id": "yyt8pvlHPVT55uMzSed6CA",
    "size": [
      0.8306938815273398,
      1.09026105864005,
      1.718852405298577
    ],
    "obj_class": "pedestrian",
    "point_num_in_lidar": 49,
    "speed": 1.5220245470689435,
    "if_vehicle": false,
    "motion_state": true,
    "pose": [
      [
        0.1391036233580266,
        0.9902616763189601,
        -0.005656357717769139,
        -9.628133932116043
      ],
      [
        -0.9901098261299189,
        0.139182965401755,
        0.01762482178507495,
        -24.637426349067027
      ],
      [
        0.018240454206243453,
        0.0031487387851256207,
        0.9998286709603866,
        1.3181586899510762
      ],
      [
        0.0,
        0.0,
        0.0,
        1.0
      ]
    ],
    "location": [
      -9.628133932116043,
      -24.637426349067027,
      1.3181586899510762
    ],
    "rotation": [
      0.0031492679365563597,
      -0.018241465833975613,
      -1.4312167727550416
    ]
  }
]