[
  {
    "label_id": "-9nK50GgpR1aiB9xKeeNGQ",
    "size": [
      2.290349904085049,
      5.034674882507156,
      1.850566636766004
    ],
    "obj_class": "vehicle",
    "point_num_in_lidar": 846,
    "speed": 4.137248577292565,
    "if_vehicle": true,
    "motion_state": true,
    "pose": [
      [
        0.9994634686414291,
        -0.0327046455884404,
        0.001783538106554127,
        14.072494046027487
      ],
      [
        0.032680164331094635,
        0.9993894194758327,
        0.012361031471958831,
        51.96553258129461
      ],
      [
        -0.002186712266320126,
        -0.012296113072536885,
        0.9999220089050803,
        -0.07721371725214965
      ],
      [
        0.0,
        0.0,
        0.0,
        1.0
      ]
    ],
    "location": [
      14.072494046027487,
      51.96553258129461,
      -0.07721371725214965
    ],
    "rotation": [
      -0.012296452344741346,
      0.0021867140090280567,
      0.03268606233599119
    ]
  },
  {
    "label_id": "1eK3OmHl_2tqAnFvzWn4tA",
    "size": [
      2.2440905685035095,
      4.881987409548864,
      1.4872722474731432
    ],
    "obj_class": "vehicle",
    "point_num_in_lidar": 127,
    "speed": 0.032468848265456055,
    "if_vehicle": true,
    "motion_state": false,
    "pose": [
      [
        0.09390827564679836,
        0.995579255889187,
        0.001783538106554127,
        -7.092654747690631
      ],
      [
        -0.9955068466250145,
        0.09387930135908072,
        0.012361031471958831,
        7.313106029985647
      ],
      [
        0.012138949203484996,
        -0.0029363275470387076,
        0.9999220089050803,
        0.3946617830699495
      ],
      [
        0.0,
        0.0,
        0.0,
        1.0
      ]
    ],
    "location": [
      -7.092654747690631,
      7.313106029985647,
      0.3946617830699495
    ],
    "rotation": [
      -0.0029365481313455137,
      -0.012139247343885964,
      -1.4767425243181063
    ]
  },
  {
    "label_id": "4kOLGqY6_RSgRJTBTfGFlw",
    "size": [
      1.1462456551689002,
      0.9608929514239334,
      1.7630608345357004
    ],
    "obj_class": "pedestrian",
    "point_num_in_lidar": 252,
    "speed": 1.180914507048998,
    "if_vehicle": false,
    "motion_state": true,
    "pose": [
      [
        -0.10086867254927237,
        -0.9948981505108803,
        0.001783538106554127,
        6.892993782961639
      ],
      [
        0.9948259456524005,
        -0.10083919256795171,
        0.012361031471958831,
        57.4609536556527
      ],
      [
        -0.012118116807279533,
        0.0030211508193760664,
        0.9999220089050803,
        -0.08928758469733822
      ],
      [
        0.0,
        0.0,
        0.0,
        1.0
      ]
    ],
    "location": [
      6.892993782961639,
      57.4609536556527,
      -0.08928758469733822
    ],
    "rotation": [
      0.003021377266811114,
      0.012118413415274643,
      1.6718442801440416
    ]
  },
  {
    "label_id": "6hIIee9ufQhM-2w_W5IIEQ",
    "size": [
      0.8935107866392639,
      0.10748276377607566,
      1.2800000000000011
    ],
    "obj_class": "sign",
    "point_num_in_lidar": 48,
    "speed": 0.029839490071654685,
    "if_vehicle": false,
    "motion_state": false,
    "pose": [
      [
        -0.04906605800683855,
        -0.9987939431852259,
        0.001783538106554127,
        -8.473972347708695
      ],
      [
        0.9987203048179565,
        -0.049040367507570314,
        0.012361031471958831,
        0.8581306958512869
      ],
      [
        -0.012258658001505267,
        0.0023877628086596673,
        0.9999220089050803,
        3.506004835395821
      ],
      [
        0.0,
        0.0,
        0.0,
        1.0
      ]
    ],
    "location": [
      -8.473972347708695,
      0.8581306958512869,
      3.506004835395821
    ],
    "rotation": [
      0.0023879445085015463,
      0.012258965049953533,
      1.6198857852931667
    ]
  },
  {
    "label_id": "6liW7d_ylGXEg1uK7GbB-A",
    "size": [
      0.7528699415204296,
      0.6360830778483343,
      1.6244726227275734
    ],
    "obj_class": "pedestrian",
    "point_num_in_lidar": 102,
    "speed": 8.556067554929069e-13,
    "if_vehicle": false,
    "motion_state": false,
    "pose": [
      [
        -0.06316105330920456,
        -0.9980017536741578,
        0.001783538106554127,
        16.71260970935805
      ],
      [
        0.9979284853153224,
        -0.06313432582372006,
        0.012361031471958831,
        45.04486901962264
      ],
      [
        -0.012223728610298159,
        0.0025605792489328647,
        0.9999220089050803,
        -0.013146200410652398
      ],
      [
        0.0,
        0.0,
        0.0,
        1.0
      ]
    ],
    "location": [
      16.71260970935805,
      45.04486901962264,
      -0.013146200410652398
    ],
    "rotation": [
      0.002560773369398439,
      0.01222403304142151,
      1.634004179319653
    ]
  },
  {
    "label_id": "72nLBfdms0aEGknAAr387A",
    "size": [
      0.8951216988752313,
      0.9497266214725659,
      1.6007817180603112
    ],
    "obj_class": "pedestrian",
    "point_num_in_lidar": 70,
    "speed": 1.6639856404919087,
    "if_vehicle": false,
    "motion_state": true,
    "pose": [
      [
        0.9731957062039055,
        -0.2299715991554264,
        0.001783538106554127,
        25.905812026289368
      ],
      [
        0.22993293940389833,
        0.9731279711723595,
        0.012361031471958831,
        63.612830603358816
      ],
      [
        -0.004578296993956535,
        -0.011619608593382822,
        0.9999220089050803,
        0.030988946959858765
      ],
      [
        0.0,
        0.0,
        0.0,
        1.0
      ]
    ],
    "location": [
      25.905812026289368,
      63.612830603358816,
      0.030988946959858765
    ],
    "rotation": [
      -0.011619991868403005,
      0.004578312988237906,
      0.2320112516217221
    ]
  },
  {
    "label_id": "7Rmbrf_QC8HYMBMvc67d_A",
    "size": [
      0.8992428883491711,
      1.1317922750854086,
      1.8688524052985755
    ],
    "obj_class": "pedestrian",
    "point_num_in_lidar": 23,
    "speed": 1.5318713241930886,
    "if_vehicle": false,
    "motion_state": true,
    "pose": [
      [
        0.10227161097203061,
        0.994754912820745,
        0.001783538106554127,
        -11.333656445709266
      ],
      [
        -0.9946827496077223,
        0.10224202919431225,
        0.012361031471958831,
        -8.437813413951517
      ],
      [
        0.012113844229103415,
        -0.00303823718977061,
        0.9999220089050803,
        1.0730359849587714
      ],
      [
        0.0,
        0.0,
        0.0,
        1.0
      ]
    ],
    "location": [
      -11.333656445709266,
      -8.437813413951517,
      1.0730359849587714
    ],
    "rotation": [
      -0.003038464813022078,
      -0.012114140523463195,
      -1.468338042407885
    ]
  },
  {
    "label_id": "9lYwPu5yc5uujsti712OXw",
    "size": [
      0.8351853978981633,
      0.9282536612455977,
      1.8999999999999986
    ],
    "obj_class": "pedestrian",
    "point_num_in_lidar": 41,
    "speed": 1.3923830981095702,
    "if_vehicle": false,
    "motion_state": true,
    "pose": [
      [
        -0.10493048556400048,
        0.9944779596306423,
        0.001783538106554127,
        -11.735340232524095
      ],
      [
        -0.9944012490678236,
        -0.1049445603797634,
        0.012361031471958831,
        14.859936220338568
      ],
      [
        0.012479945979676653,
        -0.0004765034864929526,
        0.9999220089050803,
        0.6325051827499166
      ],
      [
        0.0,
        0.0,
        0.0,
        1.0
      ]
    ],
    "location": [
      -11.735340232524095,
      14.859936220338568,
      0.6325051827499166
    ],
    "rotation": [
      -0.0004765406163475168,
      -0.012480269959009105,
      -1.6759285449963965
    ]
  },
  {
    "label_id": "BCFugmMeTE1MZhUx7Md3MA",
    "size": [
      1.9755133702178589,
      5.636981406052898,
      2.0752408288585755
    ],
    "obj_class": "vehicle",
    "point_num_in_lidar": 96,
    "speed": 0.05006099457963248,
    "if_vehicle": true,
    "motion_state": false,
    "pose": [
      [
        0.07775469115352109,
        0.9969709258526264,
        0.001783538106554127,
        -6.911317382070365
      ],
      [
        -0.9968980563481279,
        0.07772689463933523,
        0.012361031471958831,
        -0.12446447659021942
      ],
      [
        0.012184960112598876,
        -0.002739133856287742,
        0.9999220089050803,
        0.7712785839722684
      ],
      [
        0.0,
        0.0,
        0.0,
        1.0
      ]
    ],
    "location": [
      -6.911317382070365,
      -0.12446447659021942,
      0.7712785839722684
    ],
    "rotation": [
      -0.0027393406489857625,
      -0.012185261656190488,
      -1.4929572831813473
    ]
  },
  {
    "label_id": "BhQ3l28Gc10ONPRWnXjzgg",
    "size": [
      0.8141605972524405,
      1.142668182000707,
      1.718852405298577
    ],
    "obj_class": "pedestrian",
    "point_num_in_lidar": 24,
    "speed": 1.6587173418517116,
    "if_vehicle": false,
    "motion_state": true,
    "pose": [
      [
        0.042471480246595965,
        0.9990960876499745,
        0.001783538106554127,
        -10.393571963420982
      ],
      [
        -0.9990222812922115,
        0.04244627642862127,
        0.012361031471958831,
        -12.082734611112755
      ],
      [
        0.012274153631460498,
        -0.0023067856119701456,
        0.9999220089050803,
        1.0917879325085096
      ],
      [
        0.0,
        0.0,
        0.0,
        1.0
      ]
    ],
    "location": [
      -10.393571963420982,
      -12.082734611112755,
      1.0917879325085096
    ],
    "rotation": [
      -0.0023069614421251596,
      -0.01227446184581324,
      -1.5283088651228127
    ]
  },
  {
    "label_id": "CIORug2cCRbXeVxdAFexLg",
    "size": [
      0.7856885753912479,
      0.09106751623065597,
      0.5932061658348502
    ],
    "obj_class": "sign",
    "point_num_in_lidar": 29,
    "speed": 0.0055762920970614405,
    "if_vehicle": false,
    "motion_state": false,
    "pose": [
      [
        0.018734289511317358,
        0.9998229070132013,
        0.001783538106554127,
        5.802487184328129
      ],
      [
        -0.9997485229612755,
        0.018710845456509317,
        0.012361031471958831,
        38.023008463846054
      ],
      [
        0.012325470914098021,
        -0.00201466472992682,
        0.9999220089050803,
        1.7406646848095164
      ],
      [
        0.0,
        0.0,
        0.0,
        1.0
      ]
    ],
    "location": [
      5.802487184328129,
      38.023008463846054,
      1.7406646848095164
    ],
    "rotation": [
      -0.0020148191417024212,
      -0.012325783010674246,
      -1.5520595177942376
    ]
  },
  {
    "label_id": "CwlUZaiwe8TBlM2O3R4nSQ",
    "size": [
      0.6334117322224675,
      0.12472124207279026,
      0.9799999999999969
    ],
    "obj_class": "sign",
    "point_num_in_lidar": 32,
    "speed": 0.023779193555159273,
    "if_vehicle": false,
    "motion_state": false,
    "pose": [
      [
        -0.8352805927336806,
        -0.5498210166902441,
        0.001783538106554127,
        6.940171518780744
      ],
      [
        0.549798299365587,
        -0.8352059835248176,
        0.012361031471958831,
        23.969343777273025
      ],
      [
        -0.005306733192813979,
        0.011305515912534632,
        0.9999220089050803,
        -0.031780245104783944
      ],
      [
        0.0,
        0.0,
        0.0,
        1.0
      ]
    ],
    "location": [
      6.940171518780744,
      23.969343777273025,
      -0.031780245104783944
    ],
    "rotation": [
      0.011305915964768489,
      0.005306758100650847,
      2.559460638303703
    ]
  },
  {
    "label_id": "ER4NMkg4wde6l-AMD922EA",
    "size": [
      1.9569189965240559,
      4.657267391618751,
      1.462875516477304
    ],
    "obj_class": "vehicle",
    "point_num_in_lidar": 628,
    "speed": 0.02248128558225359,
    "if_vehicle": true,
    "motion_state": false,
    "pose": [
      [
        -0.9940506642224474,
        0.10890406765008263,
        0.001783538106554127,
        -22.222536680222902
      ],
      [
        -0.10887400522230156,
        -0.9939786999165544,
        0.012361031471958831,
        55.92006164448139
      ],
      [
        0.003118965496051309,
        0.012093310608048104,
        0.9999220089050803,
        -0.22506876571286227
      ],
      [
        0.0,
        0.0,
        0.0,
        1.0
      ]
    ],
    "location": [
      -22.222536680222902,
      55.92006164448139,
      -0.22506876571286227
    ],
    "rotation": [
      0.012093664224455373,
      -0.003118970552927978,
      -3.0325018696022057
    ]
  },
  {
    "label_id": "EyxD8CxOxMr5IYCbewub_Q",
    "size": [
      0.5603732247132726,
      0.09966899333537328,
      0.5899999999999963
    ],
    "obj_class": "sign",
    "point_num_in_lidar": 39,
    "speed": 0.02264954173132272,
    "if_vehicle": false,
    "motion_state": false,
    "pose": [
      [
        -0.8568337248887473,
        0.5155897466834429,
        0.001783538106554127,
        19.524221462884498
      ],
      [
        -0.515532285113086,
        -0.8567809917983878,
        0.012361031471958831,
        54.636325244953696
      ],
      [
        0.007901322633216983,
        0.009671877163927405,
        0.9999220089050803,
        0.19070323111285603
      ],
      [
        0.0,
        0.0,
        0.0,
        1.0
      ]
    ],
    "location": [
      19.524221462884498,
      54.636325244953696,
      0.19070323111285603
    ],
    "rotation": [
      0.009672329903490824,
      -0.007901404849973141,
      -2.5999451417785693
    ]
  },
  {
    "label_id": "FzhIiYZfV0ZRgWwzC5IjNA",
    "size": [
      1.877683381972902,
      4.564797332079824,
      1.7476778351213866
    ],
    "obj_class": "vehicle",
    "point_num_in_lidar": 355,
    "speed": 0.06726300361214886,
    "if_vehicle": true,
    "motion_state": false,
    "pose": [
      [
        -0.997185979753052,
        0.0749462525798867,
        0.001783538106554127,
        -29.05680482754724
      ],
      [
        -0.07491866142472939,
        -0.9971130322442266,
        0.012361031471958831,
        55.37353375522798
      ],
      [
        0.002704802076394667,
        0.012192626991580547,
        0.9999220089050803,
        0.038084199133308516
      ],
      [
        0.0,
        0.0,
        0.0,
        1.0
      ]
    ],
    "location": [
      -29.05680482754724,
      55.37353375522798,
      0.038084199133308516
    ],
    "rotation": [
      0.012192973708668089,
      -0.002704805374440243,
      -3.066603455748012
    ]
  },
  {
    "label_id": "Im-r1sT-zfG7KFGudl9kcQ",
    "size": [
      1.8653725858865151,
      4.360587515094883,
      1.5051311337171924
    ],
    "obj_class": "vehicle",
    "point_num_in_lidar": 43,
    "speed": 14.401790571280607,
    "if_vehicle": true,
    "motion_state": true,
    "pose": [
      [
        0.08990329052750404,
        0.9959489029785362,
        0.001783538106554127,
        1.3263229715871603
      ],
      [
        -0.9958763777652776,
        0.08987460770462098,
        0.012361031471958831,
        -12.846787971990125
      ],
      [
        0.012150660946527763,
        -0.002887480872804601,
        0.9999220089050803,
        0.8675627223433082
      ],
      [
        0.0,
        0.0,
        0.0,
        1.0
      ]
    ],
    "location": [
      1.3263229715871603,
      -12.846787971990125,
      0.8675627223433082
    ],
    "rotation": [
      -0.002887698061491828,
      -0.012150959950743683,
      -1.4807648205755137
    ]
  },
  {
    "label_id": "InPwvU2homAc1AtpmC4pDQ",
    "size": [
      2.116618505751481,
      4.313385827928875,
      1.7074263757876054
    ],
    "obj_class": "vehicle",
    "point_num_in_lidar": 304,
    "speed": 11.374912398530155,
    "if_vehicle": true,
    "motion_state": true,
    "pose": [
      [
        0.07485911191490309,
        0.9971925252202477,
        0.001783538106554127,
        -1.5992533582123087
      ],
      [
        -0.9971195753006123,
        0.07483152713446296,
        0.012361031471958831,
        26.354488018914708
      ],
      [
        0.01219286330763363,
        -0.0027037365976827145,
        0.9999220089050803,
        0.25435641323695535
      ],
      [
        0.0,
        0.0,
        0.0,
        1.0
      ]
    ],
    "location": [
      -1.5992533582123087,
      26.354488018914708,
      0.25435641323695535
    ],
    "rotation": [
      -0.002703940891717077,
      -0.012193165438377828,
      -1.4958615402004727
    ]
  },
  {
    "label_id": "Kn0RnWXHMkuVO9dGiGe3HQ",
    "size": [
      2.7036649749499544,
      5.803628056546428,
      2.725293277478478
    ],
    "obj_class": "vehicle",
    "point_num_in_lidar": 69,
    "speed": 0.024698883527661038,
    "if_vehicle": true,
    "motion_state": false,
    "pose": [
      [
        -0.10019842417832976,
        -0.9949658761907375,
        0.001783538106554127,
        8.282455896187685
      ],
      [
        0.9948936514890866,
        -0.10016899284539718,
        0.012361031471958831,
        -15.019391670095501
      ],
      [
        -0.012120149293283887,
        0.0030129866141085817,
        0.9999220089050803,
        1.418929947171513
      ],
      [
        0.0,
        0.0,
        0.0,
        1.0
      ]
    ],
    "location": [
      8.282455896187685,
      -15.019391670095501,
      1.418929947171513
    ],
    "rotation": [
      0.003013212499091758,
      0.01212044605055449,
      1.6711705712758664
    ]
  },
  {
    "label_id": "Lgh47Nm-gwc_mRkw0twn5g",
    "size": [
      0.6875981022749332,
      0.10098434456347616,
      0.7100000000000009
    ],
    "obj_class": "sign",
    "point_num_in_lidar": 31,
    "speed": 0.15234477228943566,
    "if_vehicle": false,
    "motion_state": false,
    "pose": [
      [
        0.9999984094946464,
        3.4032701557979692e-15,
        0.001783538106554127,
        -42.0852158235316
      ],
      [
        -2.2046405734886073e-05,
        0.9999235992889184,
        0.012361031471958831,
        59.36214814349114
      ],
      [
        -0.0017834018429745027,
        -0.01236105113227684,
        0.9999220089050803,
        2.309161411386434
      ],
      [
        0.0,
        0.0,
        0.0,
        1.0
      ]
    ],
    "location": [
      -42.0852158235316,
      59.36214814349114,
      2.309161411386434
    ],
    "rotation": [
      -0.012361385598443407,
      0.0017834027883340284,
      -2.2046440796296337e-05
    ]
  },
  {
    "label_id": "MgWhrhP47pwT0J5qUjq5Ug",
    "size": [
      2.0512540107596307,
      4.445365804963032,
      1.6782138818528338
    ],
    "obj_class": "vehicle",
    "point_num_in_lidar": 945,
    "speed": 5.783398860650275e-13,
    "if_vehicle": true,
    "motion_state": false,
    "pose": [
      [
        -0.998971179098215,
        0.04531448248567607,
        0.001783538106554127,
        11.191210171072953
      ],
      [
        -0.045289068735569704,
        -0.9988974447629818,
        0.012361031471958831,
        56.5989074658828
      ],
      [
        0.0023417054014152933,
        0.01226753940451262,
        0.9999220089050803,
        -0.10630443464788186
      ],
      [
        0.0,
        0.0,
        0.0,
        1.0
      ]
    ],
    "location": [
      11.191210171072953,
      56.5989074658828,
      -0.10630443464788186
    ],
    "rotation": [
      0.01226788075855697,
      -0.0023417075415770264,
      -3.0962879641793837
    ]
  },
  {
    "label_id": "PBPtoWWiZmUSarH7z_93VQ",
    "size": [
      0.5274503365652955,
      0.08355648896149048,
      0.509999999999998
    ],
    "obj_class": "sign",
    "point_num_in_lidar": 25,
    "speed": 0.005787375172040372,
    "if_vehicle": false,
    "motion_state": false,
    "pose": [
      [
        -0.9974599255573329,
        0.07120755506954549,
        0.001783538106554127,
        28.171736491128286
      ],
      [
        -0.07118023756803299,
        -0.9973868751295596,
        0.012361031471958831,
        49.37240130059945
      ],
      [
        0.0026590763280264053,
        0.012202680865695743,
        0.9999220089050803,
        2.221037273991641
      ],
      [
        0.0,
        0.0,
        0.0,
        1.0
      ]
    ],
    "location": [
      28.171736491128286,
      49.37240130059945,
      2.221037273991641
    ],
    "rotation": [
      0.012203026870986424,
      -0.0026590794616190776,
      -3.070351918999334
    ]
  },
  {
    "label_id": "Ra8Q_h14wX_wKN0lzRI2oA",
    "size": [
      0.7878855284745463,
      0.08952097384951267,
      0.7893254617679233
    ],
    "obj_class": "sign",
    "point_num_in_lidar": 35,
    "speed": 6.333919659004933e-28,
    "if_vehicle": false,
    "motion_state": false,
    "pose": [
      [
        0.0763899573749965,
        -0.9970764230509458,
        0.001783538106554127,
        5.819937976629717
      ],
      [
        0.9970001473132998,
        0.07640622460381072,
        0.012361031471958831,
        38.1757413531177
      ],
      [
        -0.012461166458439709,
        0.0008339290877194227,
        0.9999220089050803,
        2.4500763654468614
      ],
      [
        0.0,
        0.0,
        0.0,
        1.0
      ]
    ],
    "location": [
      5.819937976629717,
      38.1757413531177,
      2.4500763654468614
    ],
    "rotation": [
      0.0008339939384745154,
      0.012461488977355061,
      1.4943259299772071
    ]
  },
  {
    "label_id": "UEcSWZE6ioGUpaVjx6rrvg",
    "size": [
      0.5751096530616968,
      0.08548309853644712,
      0.46999999999999886
    ],
    "obj_class": "sign",
    "point_num_in_lidar": 20,
    "speed": 0.01504321497203557,
    "if_vehicle": false,
    "motion_state": false,
    "pose": [
      [
        -0.9999021170274459,
        0.013877152296290635,
        0.001783538106554127,
        41.375437972278405
      ],
      [
        -0.013854069859195935,
        -0.999827619967205,
        0.012361031471958831,
        62.75688938656094
      ],
      [
        0.0019547665764724424,
        0.012335112275929783,
        0.9999220089050803,
        2.3383658629510222
      ],
      [
        0.0,
        0.0,
        0.0,
        1.0
      ]
    ],
    "location": [
      41.375437972278405,
      62.75688938656094,
      2.3383658629510222
    ],
    "rotation": [
      0.012335448674292817,
      -0.0019547678213717072,
      -3.127738114039989
    ]
  },
  {
    "label_id": "USGqx7dcWPiv_I1IR97_8Q",
    "size": [
      0.9222865930313398,
      0.1261789293901471,
      1.259999999999998
    ],
    "obj_class": "sign",
    "point_num_in_lidar": 37,
    "speed": 0.0142707457977357,
    "if_vehicle": false,
    "motion_state": false,
    "pose": [
      [
        0.17856321360784352,
        -0.9839268253980386,
        0.001783538106554127,
        -11.246478361498248
      ],
      [
        0.9838492808294182,
        0.17857154732035568,
        0.012361031471958831,
        36.89640050872913
      ],
      [
        -0.012480839614241885,
        -0.00045249281967552155,
        0.9999220089050803,
        2.914995297363383
      ],
      [
        0.0,
        0.0,
        0.0,
        1.0
      ]
    ],
    "location": [
      -11.246478361498248,
      36.89640050872913,
      2.914995297363383
    ],
    "rotation": [
      -0.0004525280819487032,
      0.01248116366317882,
      1.3912561882192571
    ]
  },
  {
    "label_id": "UzRjOTVRec06lSAMK79AGg",
    "size": [
      2.186290500710557,
      4.690650091409834,
      1.4663315120900506
    ],
    "obj_class": "vehicle",
    "point_num_in_lidar": 168,
    "speed": 1.7763568394002505e-13,
    "if_vehicle": true,
    "motion_state": false,
    "pose": [
      [
        0.9940474723358108,
        -0.10893319849617894,
        0.001783538106554127,
        -34.95715860215182
      ],
      [
        0.10890313395947955,
        0.9939755089109353,
        0.012361031471958831,
        46.4501791745588
      ],
      [
        -0.0031193198920765907,
        -0.01209321920082418,
        0.9999220089050803,
        -0.034975739196710265
      ],
      [
        0.0,
        0.0,
        0.0,
        1.0
      ]
    ],
    "location": [
      -34.95715860215182,
      46.4501791745588,
      -0.034975739196710265
    ],
    "rotation": [
      -0.012093572823471153,
      0.0031193249506772406,
      0.1091200872267066
    ]
  },
  {
    "label_id": "XH8EEUqMWDsB2IqwYEVCqg",
    "size": [
      0.7772861356849959,
      0.12044237215146732,
      0.46637168141589314
    ],
    "obj_class": "sign",
    "point_num_in_lidar": 26,
    "speed": 0.013144611505511968,
    "if_vehicle": false,
    "motion_state": false,
    "pose": [
      [
        -0.005019379703470497,
        0.9999858123089621,
        0.001783538106554127,
        6.546927302085578
      ],
      [
        -0.9999108923861763,
        -0.005041050330053393,
        0.012361031471958831,
        28.083166944648838
      ],
      [
        0.012369847002824105,
        -0.0017213344692449777,
        0.9999220089050803,
        1.9507119378803424
      ],
      [
        0.0,
        0.0,
        0.0,
        1.0
      ]
    ],
    "location": [
      6.546927302085578,
      28.083166944648838,
      1.9507119378803424
    ],
    "rotation": [
      -0.001721467027980874,
      -0.012370162482683973,
      -1.575816111639501
    ]
  },
  {
    "label_id": "Y9pQw1kOX1aM7nlzOdz2MQ",
    "size": [
      1.5565745696068891,
      0.1425648570649699,
      1.7299999999999969
    ],
    "obj_class": "sign",
    "point_num_in_lidar": 462,
    "speed": 0.003106604488230877,
    "if_vehicle": false,
    "motion_state": false,
    "pose": [
      [
        -0.988403759549718,
        0.1518381608812672,
        0.001783538106554127,
        11.409303832737123
      ],
      [
        -0.15180501103417976,
        -0.9883331642345419,
        0.012361031471958831,
        48.543630086804114
      ],
      [
        0.003639606145681216,
        0.011946939956851164,
        0.9999220089050803,
        0.30389152715749645
      ],
      [
        0.0,
        0.0,
        0.0,
        1.0
      ]
    ],
    "location": [
      11.409303832737123,
      48.543630086804114,
      0.30389152715749645
    ],
    "rotation": [
      0.011947303307045494,
      -0.0036396141812108595,
      -2.9891974429958004
    ]
  },
  {
    "label_id": "_u2qr1tSBDL1NeHlhe8NYw",
    "size": [
      2.416545086336598,
      4.640755453339751,
      1.6182138818528458
    ],
    "obj_class": "vehicle",
    "point_num_in_lidar": 34,
    "speed": 3.3929554095581786,
    "if_vehicle": true,
    "motion_state": true,
    "pose": [
      [
        0.9925997778013702,
        -0.12141869749133684,
        0.001783538106554127,
        51.53047845728952
      ],
      [
        0.12138773082691524,
        0.9925281979398075,
        0.012361031471958831,
        53.514162847692205
      ],
      [
        -0.003271072203829807,
        -0.012053057448864141,
        0.9999220089050803,
        0.008962660204460349
      ],
      [
        0.0,
        0.0,
        0.0,
        1.0
      ]
    ],
    "location": [
      51.53047845728952,
      53.514162847692205,
      0.008962660204460349
    ],
    "rotation": [
      -0.012053413793533429,
      0.003271078037222759,
      0.12168848693223416
    ]
  },
  {
    "label_id": "b6NI0yciWBZiww40xt4BNQ",
    "size": [
      2.739238590186244,
      5.915526156687571,
      2.3682138818528387
    ],
    "obj_class": "vehicle",
    "point_num_in_lidar": 250,
    "speed": 3.1776437161565096e-13,
    "if_vehicle": true,
    "motion_state": false,
    "pose": [
      [
        -0.9984035257152098,
        0.05645545882605888,
        0.001783538106554127,
        32.47391990697042
      ],
      [
        -0.056429224130631554,
        -0.9983300794651859,
        0.012361031471958831,
        59.81873155956782
      ],
      [
        0.002478407442958158,
        0.0122406537315201,
        0.9999220089050803,
        0.3713399336331591
      ],
      [
        0.0,
        0.0,
        0.0,
        1.0
      ]
    ],
    "location": [
      32.47391990697042,
      59.81873155956782,
      0.3713399336331591
    ],
    "rotation": [
      0.012240997026127971,
      -0.002478409980236218,
      -3.0851332653511365
    ]
  },
  {
    "label_id": "bSuLGh3Quq0PVev0FYi_DQ",
    "size": [
      1.856323870336148,
      4.2105346985256356,
      1.6576778351213832
    ],
    "obj_class": "vehicle",
    "point_num_in_lidar": 140,
    "speed": 0.05479762023957951,
    "if_vehicle": true,
    "motion_state": false,
    "pose": [
      [
        -0.9978567273777111,
        0.0654123124409061,
        0.001783538106554127,
        -34.435661592150154
      ],
      [
        -0.06538541973530859,
        -0.9977835195005913,
        0.012361031471958831,
        54.880597590505204
      ],
      [
        0.0025881485818566416,
        0.012217921023910772,
        0.9999220089050803,
        0.10433036350484315
      ],
      [
        0.0,
        0.0,
        0.0,
        1.0
      ]
    ],
    "location": [
      -34.435661592150154,
      54.880597590505204,
      0.10433036350484315
    ],
    "rotation": [
      0.01221826594552035,
      -0.002588151471323207,
      -3.0761603346599857
    ]
  },
  {
    "label_id": "c3POzVNyXEnuovQBHtzfjw",
    "size": [
      0.9163554137444996,
      0.8839332918725881,
      1.6102138473786525
    ],
    "obj_class": "pedestrian",
    "point_num_in_lidar": 249,
    "speed": 3.552713678800501e-13,
    "if_vehicle": false,
    "motion_state": false,
    "pose": [
      [
        0.9821307179547865,
        -0.1881915828124046,
        0.001783538106554127,
        -15.415568142677557
      ],
      [
        0.18815585165225818,
        0.9820613933914534,
        0.012361031471958831,
        43.8914088149304
      ],
      [
        -0.004077785995991181,
        -0.01180456558282369,
        0.9999220089050803,
        -0.17884322846691703
      ],
      [
        0.0,
        0.0,
        0.0,
        1.0
      ]
    ],
    "location": [
      -15.415568142677557,
      43.8914088149304,
      -0.17884322846691703
    ],
    "rotation": [
      -0.011804937909882024,
      0.004077797297210146,
      0.18928571506974784
    ]
  },
  {
    "label_id": "dOzfdH28bWp78162th45ZQ",
    "size": [
      2.2250475077825103,
      4.952390760509612,
      1.4772722474731381
    ],
    "obj_class": "vehicle",
    "point_num_in_lidar": 187,
    "speed": 0.27018731786855715,
    "if_vehicle": true,
    "motion_state": false,
    "pose": [
      [
        0.1357023226722859,
        0.9907480500173438,
        0.001783538106554127,
        -8.25554676755155
      ],
      [
        -0.9906769235872348,
        0.13567032826923342,
        0.012361031471958831,
        24.534016780380625
      ],
      [
        0.012004694626649343,
        -0.0034443307258716824,
        0.9999220089050803,
        0.11509525871876747
      ],
      [
        0.0,
        0.0,
        0.0,
        1.0
      ]
    ],
    "location": [
      -8.25554676755155,
      24.534016780380625,
      0.11509525871876747
    ],
    "rotation": [
      -0.0034445857503507837,
      -0.012004982983495257,
      -1.4346641480393252
    ]
  },
  {
    "label_id": "e3SoTY4ZM2RgUcGSgbCw2Q",
    "size": [
      2.215539066553545,
      4.6419119317498865,
      1.793922421779314
    ],
    "obj_class": "vehicle",
    "point_num_in_lidar": 75,
    "speed": 2.929642751054232e-13,
    "if_vehicle": true,
    "motion_state": false,
    "pose": [
      [
        -0.04697085109948625,
        -0.9988946681902013,
        0.001783538106554127,
        6.381204424024418
      ],
      [
        0.9988209760958067,
        -0.046945315122699234,
        0.012361031471958831,
        10.562579060029748
      ],
      [
        -0.012263639672225426,
        0.002362043441197901,
        0.9999220089050803,
        0.45041869653378797
      ],
      [
        0.0,
        0.0,
        0.0,
        1.0
      ]
    ],
    "location": [
      6.381204424024418,
      10.562579060029748,
      0.45041869653378797
    ],
    "rotation": [
      0.002362223280097716,
      0.012263947095177578,
      1.6177880031591505
    ]
  },
  {
    "label_id": "eLUo0F52wL4hudq3-AynTQ",
    "size": [
      2.3554925008264425,
      5.367170119819076,
      1.9682138818528472
    ],
    "obj_class": "vehicle",
    "point_num_in_lidar": 157,
    "speed": 2.2923257789186136,
    "if_vehicle": true,
    "motion_state": true,
    "pose": [
      [
        0.996877062703188,
        -0.07894897623203695,
        0.001783538106554127,
        41.86792808599171
      ],
      [
        0.07892109244234492,
        0.9968042265503574,
        0.012361031471958831,
        52.93591725589977
      ],
      [
        -0.0027537291027099134,
        -0.012181669969966181,
        0.9999220089050803,
        0.17241136448566152
      ],
      [
        0.0,
        0.0,
        0.0,
        1.0
      ]
    ],
    "location": [
      41.86792808599171,
      52.93591725589977,
      0.17241136448566152
    ],
    "rotation": [
      -0.012182017459985161,
      0.0027537325829874223,
      0.07900355027602772
    ]
  },
  {
    "label_id": "fSlk5jeQXY6tiYMoLySQDA",
    "size": [
      1.951978302192518,
      4.2425275019101365,
      1.7076778351213875
    ],
    "obj_class": "vehicle",
    "point_num_in_lidar": 112,
    "speed": 0.08537146308411958,
    "if_vehicle": true,
    "motion_state": false,
    "pose": [
      [
        -0.9978567273777045,
        0.06541231244100869,
        0.001783538106554127,
        -40.04484715385911
      ],
      [
        -0.06538541973541118,
        -0.9977835195005846,
        0.012361031471958831,
        54.55709589184153
      ],
      [
        0.0025881485818578976,
        0.012217921023910505,
        0.9999220089050803,
        0.2337344503701999
      ],
      [
        0.0,
        0.0,
        0.0,
        1.0
      ]
    ],
    "location": [
      -40.04484715385911,
      54.55709589184153,
      0.2337344503701999
    ],
    "rotation": [
      0.012218265945520083,
      -0.002588151471324463,
      -3.0761603346598827
    ]
  },
  {
    "label_id": "fwu2l9rbw4VbqDoPx91Eow",
    "size": [
      0.785688575414376,
      0.09106751623065597,
      0.5132061658348519
    ],
    "obj_class": "sign",
    "point_num_in_lidar": 108,
    "speed": 0.01583969757797781,
    "if_vehicle": false,
    "motion_state": false,
    "pose": [
      [
        0.20681908034046015,
        -0.9783775789535187,
        0.001783538106554127,
        5.795749378860592
      ],
      [
        0.9782998265845337,
        0.20682517788127378,
        0.012361031471958831,
        38.24651526857451
      ],
      [
        -0.012462636631049418,
        -0.0008116621407411997,
        0.9999220089050803,
        1.7930085760352057
      ],
      [
        0.0,
        0.0,
        0.0,
        1.0
      ]
    ],
    "location": [
      5.795749378860592,
      38.24651526857451,
      1.7930085760352057
    ],
    "rotation": [
      -0.0008117252698162618,
      0.01246295926413623,
      1.362457286092899
    ]
  },
  {
    "label_id": "gzHVXsws0eboEaFBL3fSzQ",
    "size": [
      0.729652979901616,
      0.8022160096950426,
      1.7100000000000009
    ],
    "obj_class": "pedestrian",
    "point_num_in_lidar": 24,
    "speed": 1.2945027293618043,
    "if_vehicle": false,
    "motion_state": true,
    "pose": [
      [
        -0.16806070288972969,
        -0.985775034749832,
        0.001783538106554127,
        -11.173184560368782
      ],
      [
        0.9857049937397236,
        -0.16802639738303254,
        0.012361031471958831,
        6.208775786817569
      ],
      [
        -0.011885514746174339,
        0.0038354460557749647,
        0.9999220089050803,
        0.8418410090260551
      ],
      [
        0.0,
        0.0,
        0.0,
        1.0
      ]
    ],
    "location": [
      -11.173184560368782,
      6.208775786817569,
      0.8418410090260551
    ],
    "rotation": [
      0.0038357263982117134,
      0.011885794599417698,
      1.7396704293852996
    ]
  },
  {
    "label_id": "ho3rcpWrA33tetBa8wR4Pg",
    "size": [
      0.6359592087323277,
      0.6286638680823156,
      1.6188524052985755
    ],
    "obj_class": "pedestrian",
    "point_num_in_lidar": 38,
    "speed": 3.552713678800501e-14,
    "if_vehicle": false,
    "motion_state": false,
    "pose": [
      [
        -0.14464122834552084,
        0.9894825587419525,
        0.001783538106554127,
        -12.573364879160636
      ],
      [
        -0.9894053464061564,
        -0.14465222225691168,
        0.012361031471958831,
        7.363843063334571
      ],
      [
        0.012489017800156566,
        2.3272637578001103e-05,
        0.9999220089050803,
        0.6111328362112189
      ],
      [
        0.0,
        0.0,
        0.0,
        1.0
      ]
    ],
    "location": [
      -12.573364879160636,
      7.363843063334571,
      0.6111328362112189
    ],
    "rotation": [
      2.327445277385433e-05,
      -0.012489342486549053,
      -1.7159581066226643
    ]
  },
  {
    "label_id": "iMO8XPPJOQopigo1OG2RUg",
    "size": [
      0.5857817631658391,
      0.5345773345299226,
      1.5950292733247764
    ],
    "obj_class": "pedestrian",
    "point_num_in_lidar": 60,
    "speed": 1.0658141036401503e-13,
    "if_vehicle": false,
    "motion_state": false,
    "pose": [
      [
        -0.9987128764361628,
        0.05068934239490709,
        0.001783538106554127,
        -13.831254563430775
      ],
      [
        -0.05066353224443996,
        -0.9986392799211665,
        0.012361031471958831,
        23.76100108580431
      ],
      [
        0.0024076837670775173,
        0.012254760956707349,
        0.9999220089050803,
        0.19212360111797722
      ],
      [
        0.0,
        0.0,
        0.0,
        1.0
      ]
    ],
    "location": [
      -13.831254563430775,
      23.76100108580431,
      0.19212360111797722
    ],
    "rotation": [
      0.0122551032352879,
      -0.002407686093283759,
      -3.090907275432129
    ]
  },
  {
    "label_id": "jCjquE8-FjABU4aeRJWSqQ",
    "size": [
      0.5813068380702824,
      0.09089592981572317,
      0.6000000000000014
    ],
    "obj_class": "sign",
    "point_num_in_lidar": 100,
    "speed": 0.016046188821389248,
    "if_vehicle": false,
    "motion_state": false,
    "pose": [
      [
        -0.03454768397513641,
        -0.9994014591363055,
        0.001783538106554127,
        -11.604226438910928
      ],
      [
        0.9993274552420971,
        -0.03452306620657936,
        0.012361031471958831,
        36.82245396692633
      ],
      [
        -0.012292059685370924,
        0.0022093836062499926,
        0.9999220089050803,
        1.844959696056442
      ],
      [
        0.0,
        0.0,
        0.0,
        1.0
      ]
    ],
    "location": [
      -11.604226438910928,
      36.82245396692633,
      1.844959696056442
    ],
    "rotation": [
      0.002209552336161714,
      0.01229236925066211,
      1.6053534986599973
    ]
  },
  {
    "label_id": "jCyvsrLYqmyjU5Z9KZmeCg",
    "size": [
      2.188845767520727,
      4.810296796965218,
      1.6900082432865844
    ],
    "obj_class": "vehicle",
    "point_num_in_lidar": 36,
    "speed": 1.4426817432597938e-12,
    "if_vehicle": true,
    "motion_state": false,
    "pose": [
      [
        0.99715360811073,
        -0.07537573099861385,
        0.001783538106554127,
        -62.46071409282922
      ],
      [
        0.07534810842771607,
        0.9970806724921082,
        0.012361031471958831,
