[
  {
    "label_id": "1eK3OmHl_2tqAnFvzWn4tA",
    "size": [
      2.24409056850351,
      4.881987409548864,
      1.4872722474731432
    ],
    "obj_class": "vehicle",
    "point_num_in_lidar": 5073,
    "speed": 0.12392772406800555,
    "if_vehicle": true,
    "motion_state": false,
    "pose": [
      [
        0.09390716039639184,
        0.9955674324352992,
        -0.005189672482173394,
        -7.107666185203925
      ],
      [
        -0.9954304437534003,
        0.09398232622314003,
        0.016898343309211358,
        7.385129455711649
      ],
      [
        0.017311177752972643,
        0.0035790825462932658,
        0.9998437444385657,
        0.39466178306992106
      ],
      [
        0.0,
        0.0,
        0.0,
        1.0
      ]
    ],
    "location": [
      -7.107666185203925,
      7.385129455711649,
      0.39466178306992106
    ],
    "rotation": [
      0.003579626595715278,
      -0.017312042496201475,
      -1.4767364583397362
    ]
  },
  {
    "label_id": "1yaIJWr37eHUtmYcb-ixqQ",
    "size": [
      0.9521050738759984,
      0.09268519735418204,
      1.2299999999999969
    ],
    "obj_class": "sign",
    "point_num_in_lidar": 69,
    "speed": 0.020368174674806467,
    "if_vehicle": false,
    "motion_state": false,
    "pose": [
      [
        -0.1275310430408825,
        -0.9918210021775261,
        -0.005189672482173394,
        -6.325280322866774
      ],
      [
        0.9916815492191636,
        -0.12760153185476883,
        0.016898343309211358,
        -30.226483933829513
      ],
      [
        -0.017422341954631767,
        -0.0029914390991751315,
        0.9998437444385657,
        3.8752025828649295
      ],
      [
        0.0,
        0.0,
        0.0,
        1.0
      ]
    ],
    "location": [
      -6.325280322866774,
      -30.226483933829513,
      3.8752025828649295
    ],
    "rotation": [
      -0.0029918976739130685,
      0.017423223465514167,
      1.6986951414902647
    ]
  },
  {
    "label_id": "7Rmbrf_QC8HYMBMvc67d_A",
    "size": [
      0.8992428883512862,
      1.1317922750854086,
      1.8688524052985755
    ],
    "obj_class": "pedestrian",
    "point_num_in_lidar": 98,
    "speed": 1.6553618689721732,
    "if_vehicle": false,
    "motion_state": true,
    "pose": [
      [
        0.08326137425796676,
        0.9965142301323161,
        -0.005189672482173394,
        -10.596258273495096
      ],
      [
        -0.9963780526317715,
        0.08333799989874424,
        0.016898343309211358,
        -14.925884361588032
      ],
      [
        0.017271936498084214,
        0.0037638964749767624,
        0.9998437444385657,
        1.1667879325084627
      ],
      [
        0.0,
        0.0,
        0.0,
        1.0
      ]
    ],
    "location": [
      -10.596258273495096,
      -14.925884361588032,
      1.1667879325084627
    ],
    "rotation": [
      0.0037644669141939143,
      -0.017272795373467296,
      -1.4874259848819993
    ]
  },
  {
    "label_id": "8CQI1mkFehwAph_t4RcAIQ",
    "size": [
      0.6972622612882019,
      0.7243517246121429,
      1.5888524052985744
    ],
    "obj_class": "pedestrian",
    "point_num_in_lidar": 223,
    "speed": 0.09819372337599942,
    "if_vehicle": false,
    "motion_state": false,
    "pose": [
      [
        -0.14463951059268676,
        0.9894708076921905,
        -0.005189672482173394,
        -13.25504719009541
      ],
      [
        -0.9893555278236651,
        -0.1445340290663805,
        0.016898343309211358,
        7.56635877826011
      ],
      [
        0.015970333129441842,
        0.007578599263904142,
        0.9998437444385657,
        0.62101063881709
      ],
      [
        0.0,
        0.0,
        0.0,
        1.0
      ]
    ],
    "location": [
      -13.25504719009541,
      7.56635877826011,
      0.62101063881709
    ],
    "rotation": [
      0.007579638491517079,
      -0.015971012083714348,
      -1.7159636140216443
    ]
  },
  {
    "label_id": "9lYwPu5yc5uujsti712OXw",
    "size": [
      0.835185397899323,
      0.9282536612455977,
      1.8999999999999986
    ],
    "obj_class": "pedestrian",
    "point_num_in_lidar": 67,
    "speed": 1.0918681099112726,
    "if_vehicle": false,
    "motion_state": true,
    "pose": [
      [
        0.37015606813893376,
        0.9289550863844025,
        -0.005189672482173394,
        -12.11764562046028
      ],
      [
        -0.9288024856174,
        0.3701896658529836,
        0.016898343309211358,
        9.583631717820026
      ],
      [
        0.01761896509062392,
        -0.0014348436164166646,
        0.9998437444385657,
        0.6884878597627022
      ],
      [
        0.0,
        0.0,
        0.0,
        1.0
      ]
    ],
    "location": [
      -12.11764562046028,
      9.583631717820026,
      0.6884878597627022
    ],
    "rotation": [
      -0.0014350668686153748,
      -0.017619876787799825,
      -1.1915574488467882
    ]
  },
  {
    "label_id": "AnmjxPABapPDruv9_zJfdA",
    "size": [
      0.9442796685919669,
      1.283126946081576,
      1.8862076711532936
    ],
    "obj_class": "pedestrian",
    "point_num_in_lidar": 23,
    "speed": 1.5324574729180283,
    "if_vehicle": false,
    "motion_state": true,
    "pose": [
      [
        0.05247883922392982,
        0.9986085513018786,
        -0.005189672482173394,
        -5.123968040210684
      ],
      [
        -0.9984748025550304,
        0.05255962952777682,
        0.016898343309211358,
        -52.76089277863866
      ],
      [
        0.01714759739444688,
        0.004294951765288481,
        0.9998437444385657,
        1.8480546923816306
      ],
      [
        0.0,
        0.0,
        0.0,
        1.0
      ]
    ],
    "location": [
      -5.123968040210684,
      -52.76089277863866,
      1.8480546923816306
    ],
    "rotation": [
      0.004295596559076902,
      -0.01714843785252455,
      -1.5182856418387034
    ]
  },
  {
    "label_id": "BCFugmMeTE1MZhUx7Md3MA",
    "size": [
      1.975513370217859,
      5.636981406052898,
      2.0752408288585755
    ],
    "obj_class": "vehicle",
    "point_num_in_lidar": 3277,
    "speed": 0.024485726006010528,
    "if_vehicle": true,
    "motion_state": false,
    "pose": [
      [
        0.07775376774234855,
        0.9969590858713294,
        -0.005189672482173394,
        -6.974392082171107
      ],
      [
        -0.9968233338520647,
        0.0778311446752467,
        0.016898343309211358,
        0.06603771135814895
      ],
      [
        0.017250875048068437,
        0.0038592767643855132,
        0.9998437444385657,
        0.7716706736817187
      ],
      [
        0.0,
        0.0,
        0.0,
        1.0
      ]
    ],
    "location": [
      -6.974392082171107,
      0.06603771135814895,
      0.7716706736817187
    ],
    "rotation": [
      0.0038598607232273115,
      -0.01725173078505572,
      -1.492952392612775
    ]
  },
  {
    "label_id": "BhQ3l28Gc10ONPRWnXjzgg",
    "size": [
      0.8141605972519811,
      1.142668182000707,
      1.718852405298577
    ],
    "obj_class": "pedestrian",
    "point_num_in_lidar": 72,
    "speed": 1.6820875930690076,
    "if_vehicle": false,
    "motion_state": true,
    "pose": [
      [
        0.04748136141074143,
        0.9988586424605387,
        -0.005189672482173394,
        -10.062739402458192
      ],
      [
        -0.9987252996452677,
        0.04756281995292542,
        0.016898343309211358,
        -18.82753785161549
      ],
      [
        0.017125891715555248,
        0.004380700858911974,
        0.9998437444385657,
        1.1856638287607524
      ],
      [
        0.0,
        0.0,
        0.0,
        1.0
      ]
    ],
    "location": [
      -10.062739402458192,
      -18.82753785161549,
      1.1856638287607524
    ],
    "rotation": [
      0.004381357439270192,
      -0.017126728985798544,
      -1.5232901338512175
    ]
  },
  {
    "label_id": "G-TxU3ng_fUHgcrddwVbtA",
    "size": [
      0.7407855025661774,
      0.9350570491587076,
      1.676242476920173
    ],
    "obj_class": "pedestrian",
    "point_num_in_lidar": 42,
    "speed": 1.3847017896881753,
    "if_vehicle": false,
    "motion_state": true,
    "pose": [
      [
        0.05103452881855115,
        0.9986834053731924,
        -0.005189672482173394,
        -11.377510890858957
      ],
      [
        -0.9985497736106502,
        0.05111551247442693,
        0.016898343309211358,
        -1.2762068407610059
      ],
      [
        0.017141367809709228,
        0.004319747293587946,
        0.9998437444385657,
        0.8449758984081797
      ],
      [
        0.0,
        0.0,
        0.0,
        1.0
      ]
    ],
    "location": [
      -11.377510890858957,
      -1.2762068407610059,
      0.8449758984081797
    ],
    "rotation": [
      0.00432039550217473,
      -0.01714220735204386,
      -1.5197321094487561
    ]
  },
  {
    "label_id": "InPwvU2homAc1AtpmC4pDQ",
    "size": [
      2.116618505752942,
      4.313385827928875,
      1.7074263757876054
    ],
    "obj_class": "vehicle",
    "point_num_in_lidar": 135,
    "speed": 14.860501205455213,
    "if_vehicle": true,
    "motion_state": true,
    "pose": [
      [
        0.0800041647094033,
        0.99678101954676,
        -0.005189672482173394,
        2.6268276701416653
      ],
      [
        -0.9966450931980827,
        0.08008123499040959,
        0.016898343309211358,
        -28.149599223321275
      ],
      [
        0.01725954325397506,
        0.0038203237732370387,
        0.9998437444385657,
        1.2606190407035385
      ],
      [
        0.0,
        0.0,
        0.0,
        1.0
      ]
    ],
    "location": [
      2.6268276701416653,
      -28.149599223321275,
      1.2606190407035385
    ],
    "rotation": [
      0.0038209022190973563,
      -0.01726040028169614,
      -1.4906946113686488
    ]
  },
  {
    "label_id": "Kn0RnWXHMkuVO9dGiGe3HQ",
    "size": [
      2.7036649749499544,
      5.803628056546428,
      2.725293277478478
    ],
    "obj_class": "vehicle",
    "point_num_in_lidar": 505,
    "speed": 0.024575019249280617,
    "if_vehicle": true,
    "motion_state": false,
    "pose": [
      [
        -0.10019723422640715,
        -0.9949540600213189,
        -0.005189672482173394,
        8.198002021240882
      ],
      [
        0.994816599030005,
        -0.10027153278861502,
        0.016898343309211358,
        -15.07527131599818
      ],
      [
        -0.01733345169759235,
        -0.0034696050662040494,
        0.9998437444385657,
        1.4189299471714278
      ],
      [
        0.0,
        0.0,
        0.0,
        1.0
      ]
    ],
    "location": [
      8.198002021240882,
      -15.07527131599818,
      1.4189299471714278
    ],
    "rotation": [
      -0.0034701333670373686,
      0.01733431978336262,
      1.6711771093976544
    ]
  },
  {
    "label_id": "L6kt4xg9cwKWNXU0EK33ug",
    "size": [
      2.1666086370657807,
      4.653647851918363,
      1.6031484302993206
    ],
    "obj_class": "vehicle",
    "point_num_in_lidar": 85,
    "speed": 0.003271821371024997,
    "if_vehicle": true,
    "motion_state": false,
    "pose": [
      [
        -0.06993315461142019,
        -0.9975381803147302,
        -0.005189672482173394,
        8.890640779574824
      ],
      [
        0.997403039265042,
        -0.07001159374175929,
        0.016898343309211358,
        -21.88774948849823
      ],
      [
        -0.017220079876479003,
        -0.003994440651189962,
        0.9998437444385657,
        0.9900023707611467
      ],
      [
        0.0,
        0.0,
        0.0,
        1.0
      ]
    ],
    "location": [
      8.890640779574824,
      -21.88774948849823,
      0.9900023707611467
    ],
    "rotation": [
      -0.003995043648033624,
      0.017220931038412986,
      1.640797006719897
    ]
  },
  {
    "label_id": "M7C7zwJiceV-e8OIJRuKbw",
    "size": [
      0.5074151418358455,
      0.08388944527878506,
      0.6000000000000014
    ],
    "obj_class": "sign",
    "point_num_in_lidar": 129,
    "speed": 0.01724633405120374,
    "if_vehicle": false,
    "motion_state": false,
    "pose": [
      [
        -0.2290010243351871,
        -0.9734123474422146,
        -0.005189672482173394,
        8.595906796896998
      ],
      [
        0.9732663763687174,
        -0.2290567759825281,
        0.016898343309211358,
        4.436057281262038
      ],
      [
        -0.01763778567567575,
        -0.0011811958038882905,
        0.9998437444385657,
        2.257358875745254
      ],
      [
        0.0,
        0.0,
        0.0,
        1.0
      ]
    ],
    "location": [
      8.595906796896998,
      4.436057281262038,
      2.257358875745254
    ],
    "rotation": [
      -0.001181379851544946,
      0.017638700297872602,
      1.8018842398352406
    ]
  },
  {
    "label_id": "MczOFaRiOEUD_vOsJwKQaA",
    "size": [
      2.021062650608422,
      4.810917017073292,
      1.4448945068278505
    ],
    "obj_class": "vehicle",
    "point_num_in_lidar": 63,
    "speed": 0.02246717668443035,
    "if_vehicle": true,
    "motion_state": false,
    "pose": [
      [
        -0.07235070671564843,
        -0.9973657516364165,
        -0.005189672482173394,
        10.17652558171767
      ],
      [
        0.9972304208688427,
        -0.07242881807095011,
        0.016898343309211358,
        -43.4514054502215
      ],
      [
        -0.017229710720060947,
        -0.003952692192824135,
        0.9998437444385657,
        1.2991293324968112
      ],
      [
        0.0,
        0.0,
        0.0,
        1.0
      ]
    ],
    "location": [
      10.17652558171767,
      -43.4514054502215,
      1.2991293324968112
    ],
    "rotation": [
      -0.003953289324700277,
      0.017230563311034255,
      1.6432210738720836
    ]
  },
  {
    "label_id": "MyAUfK8qrWz8-Ndd-6UhVg",
    "size": [
      0.7201404903570978,
      0.3479562038888118,
      1.0499999999999972
    ],
    "obj_class": "sign",
    "point_num_in_lidar": 127,
    "speed": 0.015468413046748295,
    "if_vehicle": false,
    "motion_state": false,
    "pose": [
      [
        -0.9977149685516581,
        0.06736400246045197,
        -0.005189672482173394,
        12.06634356594759
      ],
      [
        -0.06744278935403825,
        -0.9975800299512572,
        0.016898343309211358,
        5.6980487234613975
      ],
      [
        -0.004038773589944473,
        0.0172097360513566,
        0.9998437444385657,
        0.3783089794581045
      ],
      [
        0.0,
        0.0,
        0.0,
        1.0
      ]
    ],
    "location": [
      12.06634356594759,
      5.6980487234613975,
      0.3783089794581045
    ],
    "rotation": [
      0.01721072606270333,
      0.0040387845698969535,
      -3.0740980803966798
    ]
  },
  {
    "label_id": "RSrTAu0avHEGgIksWr-Vrg",
    "size": [
      2.0885469217564716,
      4.245662939058266,
      1.7331484302993232
    ],
    "obj_class": "vehicle",
    "point_num_in_lidar": 97,
    "speed": 0.015109153199064635,
    "if_vehicle": true,
    "motion_state": false,
    "pose": [
      [
        -0.06993315461145828,
        -0.9975381803147274,
        -0.005189672482173394,
        9.305877072374642
      ],
      [
        0.9974030392650394,
        -0.07001159374179738,
        0.016898343309211358,
        -28.483728234967202
      ],
      [
        -0.01722007987647916,
        -0.003994440651189305,
        0.9998437444385657,
        1.1350023707611783
      ],
      [
        0.0,
        0.0,
        0.0,
        1.0
      ]
    ],
    "location": [
      9.305877072374642,
      -28.483728234967202,
      1.1350023707611783
    ],
    "rotation": [
      -0.003995043648032967,
      0.017220931038413143,
      1.6407970067199351
    ]
  },
  {
    "label_id": "SAAwhsDca5CYMeNiy8pbOw",
    "size": [
      2.1547919550790753,
      5.2083378786918395,
      2.0472722474731384
    ],
    "obj_class": "vehicle",
    "point_num_in_lidar": 35,
    "speed": 8.556067554929069e-13,
    "if_vehicle": true,
    "motion_state": false,
    "pose": [
      [
        -0.10936925747758572,
        -0.9939876421859224,
        -0.005189672482173394,
        11.695995193291537
      ],
      [
        0.9938495017985243,
        -0.1094422851014595,
        0.016898343309211358,
        -62.623987594186474
      ],
      [
        -0.017364714038148474,
        -0.003309594150575764,
        0.9998437444385657,
        1.8579404621742412
      ],
      [
        0.0,
        0.0,
        0.0,
        1.0
      ]
    ],
    "location": [
      11.695995193291537,
      -62.623987594186474,
      1.8579404621742412
    ],
    "rotation": [
      -0.0033100992845157794,
      0.017365586829818883,
      1.6804013980415868
    ]
  },
  {
    "label_id": "YC-GkZvNrYchckx8d4PMKQ",
    "size": [
      2.0107742145022627,
      4.02043724942621,
      1.6445065240339432
    ],
    "obj_class": "vehicle",
    "point_num_in_lidar": 83,
    "speed": 0.02380964543396944,
    "if_vehicle": true,
    "motion_state": false,
    "pose": [
      [
        0.10059240071985343,
        0.994914185353161,
        -0.005189672482173394,
        -4.87870499357291
      ],
      [
        -0.9947766948628953,
        0.10066664467964571,
        0.016898343309211358,
        -25.251017188536935
      ],
      [
        0.017334828383068743,
        0.0034627203175755243,
        0.9998437444385657,
        1.0403191071789308
      ],
      [
        0.0,
        0.0,
        0.0,
        1.0
      ]
    ],
    "location": [
      -4.87870499357291,
      -25.251017188536935,
      1.0403191071789308
    ],
    "rotation": [
      0.0034632476252136014,
      -0.017335696675713635,
      -1.470018308349044
    ]
  },
  {
    "label_id": "YMCH2TkTYWdgEE8q3XIBEg",
    "size": [
      0.6750242326146901,
      0.6473499822288307,
      1.6199999999999974
    ],
    "obj_class": "pedestrian",
    "point_num_in_lidar": 120,
    "speed": 1.2428943894197024,
    "if_vehicle": false,
    "motion_state": true,
    "pose": [
      [
        -0.20971205935310147,
        -0.9777494154748491,
        -0.005189672482173394,
        -11.301890230202162
      ],
      [
        0.9776045751315611,
        -0.20977068592928813,
        0.016898343309211358,
        11.538303789162455
      ],
      [
        -0.017610986449408596,
        -0.0015296611869766575,
        0.9998437444385657,
        0.49666941742047754
      ],
      [
        0.0,
        0.0,
        0.0,
        1.0
      ]
    ],
    "location": [
      -11.301890230202162,
      11.538303789162455,
      0.49666941742047754
    ],
    "rotation": [
      -0.0015298990487741554,
      0.017611896908460538,
      1.7821100563298469
    ]
  },
  {
    "label_id": "e3SoTY4ZM2RgUcGSgbCw2Q",
    "size": [
      2.2155390665535446,
      4.6419119317498865,
      1.793922421779314
    ],
    "obj_class": "vehicle",
    "point_num_in_lidar": 4905,
    "speed": 0.006192907909648105,
    "if_vehicle": true,
    "motion_state": false,
    "pose": [
      [
        -0.046970293275795785,
        -0.9988828053626279,
        -0.005189672482173394,
        6.381204424023963
      ],
      [
        0.9987495042427386,
        -0.04705182003162113,
        0.016898343309211358,
        10.562579060029748
      ],
      [
        -0.017123648106340116,
        -0.004389462677644121,
        0.9998437444385657,
        0.45041869653374533
      ],
      [
        0.0,
        0.0,
        0.0,
        1.0
      ]
    ],
    "location": [
      6.381204424023963,
      10.562579060029748,
      0.45041869653374533
    ],
    "rotation": [
      -0.004390120458742882,
      0.017124485047533153,
      1.6177908037081072
    ]
  },
  {
    "label_id": "eUvjCEr44xj0JhoTK13GOw",
    "size": [
      0.9033761271741969,
      1.2275531915227762,
      1.8088524052985733
    ],
    "obj_class": "pedestrian",
    "point_num_in_lidar": 28,
    "speed": 1.3738383773083576,
    "if_vehicle": false,
    "motion_state": true,
    "pose": [
      [
        0.1317115639905875,
        0.9912744984163978,
        -0.005189672482173394,
        -5.798767275805176
      ],
      [
        -0.9911347495069037,
        0.13178146422502443,
        0.016898343309211358,
        -50.84128190874435
      ],
      [
        0.017434799426455712,
        0.0029179575095356902,
        0.9998437444385657,
        1.6762065183486001
      ],
      [
        0.0,
        0.0,
        0.0,
        1.0
      ]
    ],
    "location": [
      -5.798767275805176,
      -50.84128190874435,
      1.6762065183486001
    ],
    "rotation": [
      0.002918405242412542,
      -0.017435682829779482,
      -1.4386807393109184
    ]
  },
  {
    "label_id": "flcH8t75sXpzTCPWBnRO_g",
    "size": [
      0.5795878456478655,
      0.07512754489572422,
      0.5855522257199652
    ],
    "obj_class": "sign",
    "point_num_in_lidar": 24,
    "speed": 0.0357866094295938,
    "if_vehicle": false,
    "motion_state": false,
    "pose": [
      [
        -0.03419941147450046,
        -0.9994015547087794,
        -0.005189672482173394,
        11.302253180710522
      ],
      [
        0.9992693064974245,
        -0.03428263533569754,
        0.016898343309211358,
        -29.339775945705696
      ],
      [
        -0.017066146224446587,
        -0.004607967026141084,
        0.9998437444385657,
        3.612777438410262
      ],
      [
        0.0,
        0.0,
        0.0,
        1.0
      ]
    ],
    "location": [
      11.302253180710522,
      -29.339775945705696,
      3.612777438410262
    ],
    "rotation": [
      -0.0046086545300554485,
      0.017066974761743844,
      1.6050073927352568
    ]
  },
  {
    "label_id": "gzHVXsws0eboEaFBL3fSzQ",
    "size": [
      0.7296529799002766,
      0.8022160096950426,
      1.7100000000000009
    ],
    "obj_class": "pedestrian",
    "point_num_in_lidar": 97,
    "speed": 1.329736654342019,
    "if_vehicle": false,
    "motion_state": true,
    "pose": [
      [
        -0.31581874487899203,
        -0.9488053476254157,
        -0.005189672482173394,
        -11.983413327165408
      ],
      [
        0.948654945038067,
        -0.3158611106930167,
        0.016898343309211358,
        11.493641088180084
      ],
      [
        -0.017672454212142173,
        0.00041360511110767405,
        0.9998437444385657,
        0.8418410090260409
      ],
      [
        0.0,
        0.0,
        0.0,
        1.0
      ]
    ],
    "location": [
      -11.983413327165408,
      11.493641088180084,
      0.8418410090260409
    ],
    "rotation": [
      0.00041366972571051325,
      0.01767337423875215,
      1.8921677564623058
    ]
  },
  {
    "label_id": "ho3rcpWrA33tetBa8wR4Pg",
    "size": [
      0.6359592087323287,
      0.6286638680823156,
      1.6188524052985755
    ],
    "obj_class": "pedestrian",
    "point_num_in_lidar": 267,
    "speed": 0.0038028204411984243,
    "if_vehicle": false,
    "motion_state": false,
    "pose": [
      [
        -0.14463951059288757,
        0.9894708076921611,
        -0.005189672482173394,
        -12.573364879160863
      ],
      [
        -0.9893555278236357,
        -0.1445340290665813,
        0.016898343309211358,
        7.363843063334571
      ],
      [
        0.015970333129440305,
        0.007578599263907383,
        0.9998437444385657,
        0.6373040067573896
      ],
      [
        0.0,
        0.0,
        0.0,
        1.0
      ]
    ],
    "location": [
      -12.573364879160863,
      7.363843063334571,
      0.6373040067573896
    ],
    "rotation": [
      0.007579638491520321,
      -0.01597101208371281,
      -1.7159636140218473
    ]
  },
  {
    "label_id": "lLNzlQwvuqVjvE6i_V72ww",
    "size": [
      2.356000289077912,
      5.907938778904348,
      2.3115983138329668
    ],
    "obj_class": "vehicle",
    "point_num_in_lidar": 5472,
    "speed": 8.913730065971555,
    "if_vehicle": true,
    "motion_state": true,
    "pose": [
      [
        -0.08836809050074312,
        -0.9960743686496406,
        -0.005189672482173394,
        2.9833627306413746
      ],
      [
        0.995937800179695,
        -0.08844401713306572,
        0.016898343309211358,
        3.3579233728050895
      ],
      [
        -0.01729100212487593,
        -0.0036753166646878513,
        0.9998437444385657,
        1.0184278038144399
      ],
      [
        0.0,
        0.0,
        0.0,
        1.0
      ]
    ],
    "location": [
      2.9833627306413746,
      3.3579233728050895,
      1.0184278038144399
    ],
    "rotation": [
      -0.0036758744868131527,
      0.01729186384786406,
      1.659293098168988
    ]
  },
  {
    "label_id": "nIflfxa4C8DxMvjsHgEFRw",
    "size": [
      2.1297187759872087,
      5.000213637888109,
      1.5364430207010855
    ],
    "obj_class": "vehicle",
    "point_num_in_lidar": 1836,
    "speed": 0.11816711140819193,
    "if_vehicle": true,
    "motion_state": false,
    "pose": [
      [
        -0.10019723422581729,
        -0.9949540600213783,
        -0.005189672482173394,
        6.608495108127727
      ],
      [
        0.9948165990300645,
        -0.10027153278802524,
        0.016898343309211358,
        4.151756332432342
      ],
      [
        -0.017333451697590294,
        -0.003469605066214326,
        0.9998437444385657,
        0.3958272927519175
      ],
      [
        0.0,
        0.0,
        0.0,
        1.0
      ]
    ],
    "location": [
      6.608495108127727,
      4.151756332432342,
      0.3958272927519175
    ],
    "rotation": [
      -0.0034701333670476464,
      0.01733431978336056,
      1.6711771093970615
    ]
  },
  {
    "label_id": "qFCXyuymo0i91XH5zvmRPA",
    "size": [
      0.795582262219925,
      1.004493157534768,
      1.72624247692017
    ],
    "obj_class": "pedestrian",
    "point_num_in_lidar": 183,
    "speed": 1.2990263248123461,
    "if_vehicle": false,
    "motion_state": true,
    "pose": [
      [
        0.08010921715607883,
        0.996772582200257,
        -0.005189672482173394,
        -10.80079634568824
      ],
      [
        -0.9966366477297322,
        0.08018627311108746,
        0.016898343309211358,
        -0.7929913000116358
      ],
      [
        0.017259945790241694,
        0.0038185047317129454,
        0.9998437444385657,
        0.7699758984082195
      ],
      [
        0.0,
        0.0,
        0.0,
        1.0
      ]
    ],
    "location": [
      -10.80079634568824,
      -0.7929913000116358,
      0.7699758984082195
    ],
    "rotation": [
      0.0038190829198415863,
      -0.017260802877933707,
      -1.4905892042896647
    ]
  },
  {
    "label_id": "qLxli2l5GwdsB11MEMgGsg",
    "size": [
      0.713921278576411,
      0.6722210062535054,
      1.5973314563574021
    ],
    "obj_class": "pedestrian",
    "point_num_in_lidar": 22,
    "speed": 0.009027040257694893,
    "if_vehicle": false,
    "motion_state": false,
    "pose": [
      [
        0.6418467284873085,
        -0.7668153913620065,
        -0.005189672482173394,
        12.831668509087422
      ],
      [
        0.7667725113942458,
        0.6416964716776659,
        0.016898343309211358,
        -17.735267582154847
      ],
      [
        -0.009627715217049112,
        -0.014825444572342411,
        0.9998437444385657,
        1.000882092491679
      ],
      [
        0.0,
        0.0,
        0.0,
        1.0
      ]
    ],
    "location": [
      12.831668509087422,
      -17.735267582154847,
      1.000882092491679
    ],
    "rotation": [
      -0.01482667494624596,
      0.009627863960061324,
      0.8738534314560104
    ]
  },
  {
    "label_id": "qYJMUdZlFcC9_U347E8qQA",
    "size": [
      1.938417475095411,
      4.511891662081819,
      1.5672722474731415
    ],
    "obj_class": "vehicle",
    "point_num_in_lidar": 205,
    "speed": 0.024499099516593747,
    "if_vehicle": true,
    "motion_state": false,
    "pose": [
      [
        0.07775376774247827,
        0.9969590858713193,
        -0.005189672482173394,
        -5.291700947705749
      ],
      [
        -0.9968233338520546,
        0.07783114467537641,
        0.016898343309211358,
        -20.077134603949162
      ],
      [
        0.017250875048068937,
        0.003859276764383269,
        0.9998437444385657,
        0.8452628746649751
      ],
      [
        0.0,
        0.0,
        0.0,
        1.0
      ]
    ],
    "location": [
      -5.291700947705749,
      -20.077134603949162,
      0.8452628746649751
    ],
    "rotation": [
      0.0038598607232250668,
      -0.01725173078505622,
      -1.492952392612645
    ]
  },
  {
    "label_id": "s5aO23RLZZP2IHQPJCo9cQ",
    "size": [
      2.3287764407312226,
      5.353293031458655,
      1.9558168788117456
    ],
    "obj_class": "vehicle",
    "point_num_in_lidar": 334,
    "speed": 0.035710159161152555,
    "if_vehicle": true,
    "motion_state": false,
    "pose": [
      [
        -0.10019723422602939,
        -0.9949540600213569,
        -0.005189672482173394,
        7.2811358371498045
      ],
      [
        0.994816599030043,
        -0.10027153278823729,
        0.016898343309211358,
        -2.4650116248612903
      ],
      [
        -0.017333451697591037,
        -0.003469605066210631,
        0.9998437444385657,
        0.7536681465047437
      ],
      [
        0.0,
        0.0,
        0.0,
        1.0
      ]
    ],
    "location": [
      7.2811358371498045,
      -2.4650116248612903,
      0.7536681465047437
    ],
    "rotation": [
      -0.003470133367043951,
      0.017334319783361304,
      1.6711771093972747
    ]
  },
  {
    "label_id": "tAY9RkTF-IK4XqfcDll03A",
    "size": [
      0.885010601323231,
      2.086293814391715,
      1.4300000000000068
    ],
    "obj_class": "vehicle",
    "point_num_in_lidar": 40,
    "speed": 5.728578676879116e-13,
    "if_vehicle": true,
    "motion_state": false,
    "pose": [
      [
        -0.995451004469281,
        0.09513340633356507,
        -0.005189672482173394,
        10.174668592704393
      ],
      [
        -0.09520840336376638,
        -0.9953139233037617,
        0.016898343309211358,
        -38.243755870809764
      ],
      [
        -0.0035577563184942874,
        0.017315573252029804,
        0.9998437444385657,
        1.118560461003888
      ],
      [
        0.0,
        0.0,
        0.0,
        1.0
      ]
    ],
    "location": [
      10.174668592704393,
      -38.243755870809764,
      1.118560461003888
    ],
    "rotation": [
      0.017316548258721646,
      0.003557763823997569,
      -3.0462392166815757
    ]
  },
  {
    "label_id": "xWTOq8rd6R_PA_SNy95jeA",
    "size": [
      2.1527669917032553,
      4.6223847380506875,
      1.4784952537723441
    ],
    "obj_class": "vehicle",
    "point_num_in_lidar": 3827,
    "speed": 0.09693552469424056,
    "if_vehicle": true,
    "motion_state": false,
    "pose": [
      [
        -0.08272079384028393,
        -0.996559249400637,
        -0.005189672482173394,
        5.837830614821769
      ],
      [
        0.9964231134864009,
        -0.08279749334050564,
        0.016898343309211358,
        16.302003154258273
      ],
      [
        -0.017269892197124104,
        -0.003773265239538298,
        0.9998437444385657,
        0.2546960193385459
      ],
      [
        0.0,
        0.0,
        0.0,
        1.0
      ]
    ],
    "location": [
      5.837830614821769,
      16.302003154258273,
      0.2546960193385459
    ],
    "rotation": [
      -0.003773837009788145,
      0.017270750767547333,
      1.653624132558528
    ]
  },
  {
    "label_id": "yyt8pvlHPVT55uMzSed6CA",
    "size": [
      0.8306938815286176,
      1.09026105864005,
      1.718852405298577
    ],
    "obj_class": "pedestrian",
    "point_num_in_lidar": 53,
    "speed": 1.4290065449550948,
    "if_vehicle": false,
    "motion_state": true,
    "pose": [
      [
        0.16055770941593792,
        0.9870128110853653,
        -0.005189672482173394,
        -9.385727301180395
      ],
      [
        -0.9868710835395929,
        0.1606235053371523,
        0.016898343309211358,
        -25.768759945825877
      ],
      [
        0.017512464717948727,
        0.0024083784110469496,
        0.9998437444385657,
        1.3181586899510478
      ],
      [
        0.0,
        0.0,
        0.0,
        1.0
      ]
    ],
    "location": [
      -9.385727301180395,
      -25.768759945825877,
      1.3181586899510478
    ],
    "rotation": [
      0.002408750133783829,
      -0.017513359980694854,
      -1.4095157099532392
    ]
  }
]