[
  {
    "label_id": "-9nK50GgpR1aiB9xKeeNGQ",
    "size": [
      2.2903499040863524,
      5.034674882507156,
      1.850566636766004
    ],
    "obj_class": "vehicle",
    "point_num_in_lidar": 401,
    "speed": 1.318644012240398,
    "if_vehicle": true,
    "motion_state": true,
    "pose": [
      [
        0.8378854021410119,
        0.5457869973221773,
        -0.008037812702236913,
        2.2930926207061475
      ],
      [
        -0.545580053483154,
        0.837845856477061,
        0.018887192103085357,
        52.909008526972684
      ],
      [
        0.01704283193349798,
        -0.01144003226663423,
        0.9997893115759064,
        -0.007213717252128049
      ],
      [
        0.0,
        0.0,
        0.0,
        1.0
      ]
    ],
    "location": [
      2.2930926207061475,
      52.909008526972684,
      -0.007213717252128049
    ],
    "rotation": [
      -0.011441943711695228,
      -0.017043657079508896,
      -0.5771756666562249
    ]
  },
  {
    "label_id": "1eK3OmHl_2tqAnFvzWn4tA",
    "size": [
      2.2440905685035086,
      4.881987409548864,
      1.4872722474731432
    ],
    "obj_class": "vehicle",
    "point_num_in_lidar": 26,
    "speed": 0.03246884880803262,
    "if_vehicle": true,
    "motion_state": false,
    "pose": [
      [
        0.09390539141546517,
        0.9955486783829668,
        -0.008037812702236913,
        -7.080405671898006
      ],
      [
        -0.995388980394024,
        0.09404281835741847,
        0.018887192103085357,
        7.187079223103865
      ],
      [
        0.019559017696539248,
        0.006227141023098422,
        0.9997893115759064,
        0.3946617830699708
      ],
      [
        0.0,
        0.0,
        0.0,
        1.0
      ]
    ],
    "location": [
      -7.080405671898006,
      7.187079223103865,
      0.3946617830699708
    ],
    "rotation": [
      0.006228372746542339,
      -0.019560264978504483,
      -1.47673432480308
    ]
  },
  {
    "label_id": "2zj9ofJlwtiSYPfUbLNFiQ",
    "size": [
      2.7728878742167873,
      7.818916382383117,
      2.8078157631268397
    ],
    "obj_class": "vehicle",
    "point_num_in_lidar": 1442,
    "speed": 0.01896988482703404,
    "if_vehicle": true,
    "motion_state": false,
    "pose": [
      [
        -0.03590690519563293,
        -0.9993228145730666,
        -0.008037812702236913,
        1.4504030083587622
      ],
      [
        0.9991713706335803,
        -0.03605337821444488,
        0.018887192103085357,
        64.61494185126867
      ],
      [
        -0.019164192273208074,
        -0.007352971718332864,
        0.9997893115759064,
        0.28313664281956363
      ],
      [
        0.0,
        0.0,
        0.0,
        1.0
      ]
    ],
    "location": [
      1.4504030083587622,
      64.61494185126867,
      0.28313664281956363
    ],
    "rotation": [
      -0.007354388635600618,
      0.01916536552734312,
      1.6067175520720214
    ]
  },
  {
    "label_id": "ER4NMkg4wde6l-AMD922EA",
    "size": [
      1.9569189965240545,
      4.657267391618751,
      1.462875516477304
    ],
    "obj_class": "vehicle",
    "point_num_in_lidar": 25,
    "speed": 0.022664330304805417,
    "if_vehicle": true,
    "motion_state": false,
    "pose": [
      [
        -0.9940201336642934,
        0.10890072284876653,
        -0.008037812702236913,
        -22.147525201183498
      ],
      [
        -0.1090357270353304,
        -0.9938583823686039,
        0.018887192103085357,
        55.989402637063904
      ],
      [
        -0.005931618657417484,
        0.01965065797061431,
        0.9997893115759064,
        -0.26271636681286736
      ],
      [
        0.0,
        0.0,
        0.0,
        1.0
      ]
    ],
    "location": [
      -22.147525201183498,
      55.989402637063904,
      -0.26271636681286736
    ],
    "rotation": [
      0.01965226863989042,
      0.005931653441078776,
      -3.0323377822568984
    ]
  },
  {
    "label_id": "Im-r1sT-zfG7KFGudl9kcQ",
    "size": [
      1.865372585886783,
      4.360587515094883,
      1.5051311337171924
    ],
    "obj_class": "vehicle",
    "point_num_in_lidar": 27,
    "speed": 11.040849412813454,
    "if_vehicle": true,
    "motion_state": true,
    "pose": [
      [
        0.07069300543173276,
        0.9974657350255158,
        -0.008037812702236913,
        -3.0224581185195802
      ],
      [
        -0.9973092811107795,
        0.07083411455479241,
        0.018887192103085357,
        38.55054668445882
      ],
      [
        0.019408678299392367,
        0.0066809928338373925,
        0.9997893115759064,
        0.1824855101503431
      ],
      [
        0.0,
        0.0,
        0.0,
        1.0
      ]
    ],
    "location": [
      -3.0224581185195802,
      38.55054668445882,
      0.1824855101503431
    ],
    "rotation": [
      0.00668230127460712,
      -0.019409897037142597,
      -1.50003095506777
    ]
  },
  {
    "label_id": "InPwvU2homAc1AtpmC4pDQ",
    "size": [
      2.1166185057528843,
      4.313385827928875,
      1.7074263757876054
    ],
    "obj_class": "vehicle",
    "point_num_in_lidar": 630,
    "speed": 6.777367724699867,
    "if_vehicle": true,
    "motion_state": true,
    "pose": [
      [
        0.07864928922114069,
        0.9968699428069707,
        -0.008037812702236913,
        -4.449654587255736
      ],
      [
        -0.9967123679972629,
        0.07878914554524703,
        0.018887192103085357,
        62.60740810393145
      ],
      [
        0.019461366506448946,
        0.006525923097674226,
        0.9997893115759064,
        -0.16564358676292557
      ],
      [
        0.0,
        0.0,
        0.0,
        1.0
      ]
    ],
    "location": [
      -4.449654587255736,
      62.60740810393145,
      -0.16564358676292557
    ],
    "rotation": [
      0.006527205626369899,
      -0.019462595197722414,
      -1.492050782874366
    ]
  },
  {
    "label_id": "Kvr0Sz5zxahFEB-f-_NRMA",
    "size": [
      2.1080539647994088,
      4.655247950804728,
      1.8672722474731387
    ],
    "obj_class": "vehicle",
    "point_num_in_lidar": 5297,
    "speed": 5.728578676879116e-13,
    "if_vehicle": true,
    "motion_state": false,
    "pose": [
      [
        0.0665086648682134,
        0.9977534720883767,
        -0.008037812702236913,
        -13.541343233774342
      ],
      [
        -0.9975976114106713,
        0.06665042897224609,
        0.018887192103085357,
        86.72251042479911
      ],
      [
        0.019380485163456244,
        0.0067623408228322255,
        0.9997893115759064,
        -0.6442102719563962
      ],
      [
        0.0,
        0.0,
        0.0,
        1.0
      ]
    ],
    "location": [
      -13.541343233774342,
      86.72251042479911,
      -0.6442102719563962
    ],
    "rotation": [
      0.006763662728722995,
      -0.01938169859728796,
      -1.504226009952241
    ]
  },
  {
    "label_id": "PcVh6dv8Ot__fqMN510DCA",
    "size": [
      0.9066269636194534,
      0.12044237213813053,
      0.759999999999998
    ],
    "obj_class": "sign",
    "point_num_in_lidar": 25,
    "speed": 0.012223398552734889,
    "if_vehicle": false,
    "motion_state": false,
    "pose": [
      [
        -0.005019225543781705,
        0.9999550994629229,
        -0.008037812702236913,
        6.584290963111243
      ],
      [
        -0.9998097766194608,
        -0.004866677573572153,
        0.018887192103085357,
        28.047348701917144
      ],
      [
        0.018847226615197502,
        0.00813108279938667,
        0.9997893115759064,
        3.4118419977646184
      ],
      [
        0.0,
        0.0,
        0.0,
        1.0
      ]
    ],
    "location": [
      6.584290963111243,
      28.047348701917144,
      3.4118419977646184
    ],
    "rotation": [
      0.008132616985046701,
      -0.018848342605799304,
      -1.5758164651218034
    ]
  },
  {
    "label_id": "Ra8Q_h14wX_wKN0lzRI2oA",
    "size": [
      0.7878855284745433,
      0.08952097384951267,
      0.7893254617679233
    ],
    "obj_class": "sign",
    "point_num_in_lidar": 31,
    "speed": 1.1457157353758233e-12,
    "if_vehicle": false,
    "motion_state": false,
    "pose": [
      [
        0.07638761118872203,
        -0.9970457995618076,
        -0.008037812702236913,
        5.819937976630172
      ],
      [
        0.996911736999004,
        0.076225078603369,
        0.018887192103085357,
        38.1757413531177
      ],
      [
        -0.01821871264687103,
        -0.009455737309476844,
        0.9997893115759064,
        2.387678876563747
      ],
      [
        0.0,
        0.0,
        0.0,
        1.0
      ]
    ],
    "location": [
      5.819937976630172,
      38.1757413531177,
      2.387678876563747
    ],
    "rotation": [
      -0.009457447965084485,
      0.018219720661149495,
      1.4943215143894686
    ]
  },
  {
    "label_id": "USGqx7dcWPiv_I1IR97_8Q",
    "size": [
      0.9222865930313405,
      0.1261789293901471,
      1.259999999999998
    ],
    "obj_class": "sign",
    "point_num_in_lidar": 68,
    "speed": 0.014270746036022647,
    "if_vehicle": false,
    "motion_state": false,
    "pose": [
      [
        0.17855772934555808,
        -0.9838966057761974,
        -0.008037812702236913,
        -11.208061160561556
      ],
      [
        0.9837799758206749,
        0.17838226691219464,
        0.018887192103085357,
        36.856134943716825
      ],
      [
        -0.017149240952028025,
        -0.01127989332149802,
        0.9997893115759064,
        2.9149952973633972
      ],
      [
        0.0,
        0.0,
        0.0,
        1.0
      ]
    ],
    "location": [
      -11.208061160561556,
      36.856134943716825,
      2.9149952973633972
    ],
    "rotation": [
      -0.011281791696498893,
      0.017150081651818087,
      1.3912492070113551
    ]
  },
  {
    "label_id": "_pclsoVG-Y3xL9lwt3wKKQ",
    "size": [
      2.986410722265387,
      8.609215710861044,
      3.416564765589179
    ],
    "obj_class": "vehicle",
    "point_num_in_lidar": 10679,
    "speed": 0.03333702183992679,
    "if_vehicle": true,
    "motion_state": false,
    "pose": [
      [
        -0.05060048638292139,
        -0.9986866297016174,
        -0.008037812702236913,
        1.3009371924229072
      ],
      [
        0.9985330479014399,
        -0.050744716208898186,
        0.018887192103085357,
        73.5503974979274
      ],
      [
        -0.019270262750472604,
        -0.007070320509201743,
        0.9997893115759064,
        0.4468224808682564
      ],
      [
        0.0,
        0.0,
        0.0,
        1.0
      ]
    ],
    "location": [
      1.3009371924229072,
      73.5503974979274,
      0.4468224808682564
    ],
    "rotation": [
      -0.007071692573073456,
      0.01927145559609484,
      1.6214278408295406
    ]
  },
  {
    "label_id": "c3POzVNyXEnuovQBHtzfjw",
    "size": [
      0.9163554137445035,
      0.8839332918725881,
      1.6102138473786525
    ],
    "obj_class": "pedestrian",
    "point_num_in_lidar": 49,
    "speed": 3.552713678800501e-13,
    "if_vehicle": false,
    "motion_state": false,
    "pose": [
      [
        0.9821005534973012,
        -0.18818580283129308,
        -0.008037812702236913,
        -15.415568142677557
      ],
      [
        0.18830741449839045,
        0.9819285063686626,
        0.018887192103085357,
        43.8914088149304
      ],
      [
        0.0043382560120305775,
        -0.020062701546630538,
        0.9997893115759064,
        -0.16358083282229074
      ],
      [
        0.0,
        0.0,
        0.0,
        1.0
      ]
    ],
    "location": [
      -15.415568142677557,
      43.8914088149304,
      -0.16358083282229074
    ],
    "rotation": [
      -0.020064236538835076,
      -0.00433826962014523,
      0.18944024795544087
    ]
  },
  {
    "label_id": "gzXempHMiwZXNygADpnVJA",
    "size": [
      2.2118252908070537,
      4.968762252722076,
      1.540971381222171
    ],
    "obj_class": "vehicle",
    "point_num_in_lidar": 5224,
    "speed": 0.08676936331260642,
    "if_vehicle": true,
    "motion_state": false,
    "pose": [
      [
        0.10409296098660994,
        0.9945350919097846,
        -0.008037812702236913,
        -12.99895469576245
      ],
      [
        -0.9943739953048285,
        0.10422874572772117,
        0.018887192103085357,
        80.05996044179301
      ],
      [
        0.019621746470508253,
        0.006026568179502147,
        0.9997893115759064,
        -0.7267753072984817
      ],
      [
        0.0,
        0.0,
        0.0,
        1.0
      ]
    ],
    "location": [
      -12.99895469576245,
      80.05996044179301,
      -0.7267753072984817
    ],
    "rotation": [
      0.0060277651699882666,
      -0.019623005793070362,
      -1.4664943088998748
    ]
  },
  {
    "label_id": "jCjquE8-FjABU4aeRJWSqQ",
    "size": [
      0.581306838070283,
      0.09089592981572317,
      0.6000000000000014
    ],
    "obj_class": "sign",
    "point_num_in_lidar": 20,
    "speed": 0.016046189088969768,
    "if_vehicle": false,
    "motion_state": false,
    "pose": [
      [
        -0.03454662290241202,
        -0.9993707642376788,
        -0.008037812702236913,
        -11.552929359423842
      ],
      [
        0.9992195198132846,
        -0.034693301926599744,
        0.018887192103085357,
        36.78661545772047
      ],
      [
        -0.01915416586927243,
        -0.007379050645407582,
        0.9997893115759064,
        1.8449596960564563
      ],
      [
        0.0,
        0.0,
        0.0,
        1.0
      ]
    ],
    "location": [
      -11.552929359423842,
      36.78661545772047,
      1.8449596960564563
    ],
    "rotation": [
      -0.007380471642548315,
      0.01915533728268384,
      1.6053561679112969
    ]
  },
  {
    "label_id": "kl6OZnUr7FMaib_vCX4org",
    "size": [
      0.7767175986886212,
      0.3510486088676036,
      1.1099999999999994
    ],
    "obj_class": "sign",
    "point_num_in_lidar": 25,
    "speed": 2.929642751054232e-13,
    "if_vehicle": false,
    "motion_state": false,
    "pose": [
      [
        -0.03376279126039419,
        -0.9993975522750047,
        -0.008037812702236913,
        -11.22023133788639
      ],
      [
        0.9992464229396201,
        -0.03390958886266757,
        0.018887192103085357,
        34.88375931574046
      ],
      [
        -0.019148372481259283,
        -0.007394071266497439,
        0.9997893115759064,
        -0.23941929547470409
      ],
      [
        0.0,
        0.0,
        0.0,
        1.0
      ]
    ],
    "location": [
      -11.22023133788639,
      34.88375931574046,
      -0.23941929547470409
    ],
    "rotation": [
      -0.007395494608957958,
      0.019149542831954667,
      1.6045717308328997
    ]
  },
  {
    "label_id": "kwKUJvCDrF9bT8Mzr9G6yQ",
    "size": [
      0.9066269636194534,
      0.12044237213813053,
      0.6899999999999977
    ],
    "obj_class": "sign",
    "point_num_in_lidar": 29,
    "speed": 0.012223398551536648,
    "if_vehicle": false,
    "motion_state": false,
    "pose": [
      [
        -0.005019225543781705,
        0.9999550994629229,
        -0.008037812702236913,
        6.5802954110879455
      ],
      [
        -0.9998097766194608,
        -0.004866677573572153,
        0.018887192103085357,
        28.04523783165496
      ],
      [
        0.018847226615197502,
        0.00813108279938667,
        0.9997893115759064,
        2.5682334723847546
      ],
      [
        0.0,
        0.0,
        0.0,
        1.0
      ]
    ],
    "location": [
      6.5802954110879455,
      28.04523783165496,
      2.5682334723847546
    ],
    "rotation": [
      0.008132616985046701,
      -0.018848342605799304,
      -1.5758164651218034
    ]
  },
  {
    "label_id": "mayg6loOgXrJjkvmhPE2_w",
    "size": [
      2.2135758685191242,
      4.8062935700704585,
      1.7078157631268382
    ],
    "obj_class": "vehicle",
    "point_num_in_lidar": 4528,
    "speed": 0.1341352819216414,
    "if_vehicle": true,
    "motion_state": false,
    "pose": [
      [
        -0.138449873368917,
        -0.9903368245860064,
        -0.008037812702236913,
        0.6624538123398906
      ],
      [
        0.990171125193222,
        -0.1385800014722533,
        0.018887192103085357,
        83.33637596537301
      ],
      [
        -0.019818561948825135,
        -0.005343880692499719,
        0.9997893115759064,
        -0.6847168423288679
      ],
      [
        0.0,
        0.0,
        0.0,
        1.0
      ]
    ],
    "location": [
      0.6624538123398906,
      83.33637596537301,
      -0.6847168423288679
    ],
    "rotation": [
      -0.005344955923762154,
      0.01981985955211349,
      1.7097198315991105
    ]
  },
  {
    "label_id": "nJ9ixIFXA5MXpTlWNgnlUg",
    "size": [
      0.7622913343030608,
      0.5963576801591205,
      1.755029273324773
    ],
    "obj_class": "pedestrian",
    "point_num_in_lidar": 26,
    "speed": 0.009351132589991607,
    "if_vehicle": false,
    "motion_state": false,
    "pose": [
      [
        -0.9953292438719946,
        0.09620337759230202,
        -0.008037812702236913,
        -16.359408167810898
      ],
      [
        -0.0963404355032885,
        -0.9951692290567962,
        0.018887192103085357,
        36.676585923794846
      ],
      [
        -0.0061819721966365655,
        0.019573341011056424,
        0.9997893115759064,
        0.1821061941382638
      ],
      [
        0.0,
        0.0,
        0.0,
        1.0
      ]
    ],
    "location": [
      -16.359408167810898,
      36.676585923794846,
      0.1821061941382638
    ],
    "rotation": [
      0.019574965132971096,
      0.00618201157315923,
      -3.0451007123127276
    ]
  },
  {
    "label_id": "pdUa5SYgjcgD0TDMBTMdpA",
    "size": [
      2.1067316843631656,
      4.356208741592688,
      1.3984952537723458
    ],
    "obj_class": "vehicle",
    "point_num_in_lidar": 25,
    "speed": 0.5980232922093821,
    "if_vehicle": true,
    "motion_state": false,
    "pose": [
      [
        -0.1607600403775083,
        -0.9869607910068088,
        -0.008037812702236913,
        4.4233128769692485
      ],
      [
        0.9867921976601016,
        -0.16088639660210008,
        0.018887192103085357,
        28.30023168099069
      ],
      [
        -0.01993409278018416,
        -0.004895345095710884,
        0.9997893115759064,
        0.038132280537283236
      ],
      [
        0.0,
        0.0,
        0.0,
        1.0
      ]
    ],
    "location": [
      4.4233128769692485,
      28.30023168099069,
      0.038132280537283236
    ],
    "rotation": [
      -0.004896337576763264,
      0.019935413211590827,
      1.7322893587256614
    ]
  },
  {
    "label_id": "rK5ux_2MIdHEgX0iTZECcg",
    "size": [
      2.4040817558075727,
      4.960022983072791,
      1.8172722474731415
    ],
    "obj_class": "vehicle",
    "point_num_in_lidar": 136,
    "speed": 0.025000790203210353,
    "if_vehicle": true,
    "motion_state": false,
    "pose": [
      [
        0.08754338074579937,
        0.9961282799190874,
        -0.008037812702236913,
        -9.132887593531223
      ],
      [
        -0.9959694631454656,
        0.08768182511897285,
        0.018887192103085357,
        31.974299412246182
      ],
      [
        0.01951883626984438,
        0.006351967352411245,
        0.9997893115759064,
        0.1282006291639064
      ],
      [
        0.0,
        0.0,
        0.0,
        1.0
      ]
    ],
    "location": [
      -9.132887593531223,
      31.974299412246182,
      0.1282006291639064
    ],
    "rotation": [
      0.006353220439829567,
      -0.019520075879585114,
      -1.483123993423779
    ]
  },
  {
    "label_id": "vYYZO_DaSxReGu-PHeTJsQ",
    "size": [
      2.1654614852936582,
      4.986316617771135,
      1.5956842595324616
    ],
    "obj_class": "vehicle",
    "point_num_in_lidar": 20,
    "speed": 0.0608164719433834,
    "if_vehicle": true,
    "motion_state": false,
    "pose": [
      [
        0.9969601115104686,
        -0.0774979330304853,
        -0.008037812702236913,
        -27.67131751453917
      ],
      [
        0.07763797124741313,
        0.9968026983285343,
        0.018887192103085357,
        47.0039406087908
      ],
      [
        0.0065483950415103015,
        -0.01945381661667998,
        0.9997893115759064,
        -0.10997573919671311
      ],
      [
        0.0,
        0.0,
        0.0,
        1.0
      ]
    ],
    "location": [
      -27.67131751453917,
      47.0039406087908,
      -0.10997573919671311
    ],
    "rotation": [
      -0.019455461074930732,
      -0.0065484418432226596,
      0.07771784908999266
    ]
  },
  {
    "label_id": "vefZ7XEI8eeOhf6ZvvGjXw",
    "size": [
      1.0733009103594728,
      1.273663023199288,
      1.8400000000000034
    ],
    "obj_class": "pedestrian",
    "point_num_in_lidar": 63,
    "speed": 1.329190962048296,
    "if_vehicle": false,
    "motion_state": true,
    "pose": [
      [
        -0.018840686383538967,
        -0.9997901890414612,
        -0.008037812702236913,
        -15.468852657187426
      ],
      [
        0.9996412678418727,
        -0.01898972358815618,
        0.018887192103085357,
        46.32287639698734
      ],
      [
        -0.01903586520467495,
        -0.00767908161725973,
        0.9997893115759064,
        -0.12266109794721558
      ],
      [
        0.0,
        0.0,
        0.0,
        1.0
      ]
    ],
    "location": [
      -15.468852657187426,
      46.32287639698734,
      -0.12266109794721558
    ],
    "rotation": [
      -0.007680548820926578,
      0.019037015044745968,
      1.5896415431366173
    ]
  },
  {
    "label_id": "weIgOqZ1JshYQDqWX_Cndg",
    "size": [
      0.4671913823782073,
      0.09412770210278251,
      0.5799999999999983
    ],
    "obj_class": "sign",
    "point_num_in_lidar": 30,
    "speed": 0.027570738550866808,
    "if_vehicle": false,
    "motion_state": false,
    "pose": [
      [
        8.970830841838205e-05,
        -0.9999676922377957,
        -0.008037812702236913,
        -14.484778273174925
      ],
      [
        0.9998216191478313,
        -6.212141342573093e-05,
        0.018887192103085357,
        75.35099675278434
      ],
      [
        -0.018887081220460098,
        -0.008038073248411855,
        0.9997893115759064,
        1.6271244752903016
      ],
      [
        0.0,
        0.0,
        0.0,
        1.0
      ]
    ],
    "location": [
      -14.484778273174925,
      75.35099675278434,
      1.6271244752903016
    ],
    "rotation": [
      -0.008039593916561635,
      0.018888204306470806,
      1.5707066024816194
    ]
  }
]