[
  {
    "label_id": "-9nK50GgpR1aiB9xKeeNGQ",
    "size": [
      2.290349904083999,
      5.034674882507156,
      1.850566636766004
    ],
    "obj_class": "vehicle",
    "point_num_in_lidar": 1052,
    "speed": 3.9808318168967283,
    "if_vehicle": true,
    "motion_state": true,
    "pose": [
      [
        0.9995474764904035,
        -0.028983954132925434,
        -0.00804814540664479,
        11.241181702432868
      ],
      [
        0.02911275624072852,
        0.9994419703848884,
        0.016376668075032175,
        51.86187751601392
      ],
      [
        0.007568993706824282,
        -0.016603560943132954,
        0.9998335021883762,
        -0.07721371725214965
      ],
      [
        0.0,
        0.0,
        0.0,
        1.0
      ]
    ],
    "location": [
      11.241181702432868,
      51.86187751601392,
      -0.07721371725214965
    ],
    "rotation": [
      -0.016604799603425646,
      -0.007569065979540748,
      0.029117704561440454
    ]
  },
  {
    "label_id": "1eK3OmHl_2tqAnFvzWn4tA",
    "size": [
      2.2440905685035086,
      4.881987409548864,
      1.4872722474731432
    ],
    "obj_class": "vehicle",
    "point_num_in_lidar": 89,
    "speed": 0.03246884799643943,
    "if_vehicle": true,
    "motion_state": false,
    "pose": [
      [
        0.0939053836108824,
        0.9955485956418232,
        -0.00804814540664479,
        -7.090456235488091
      ],
      [
        -0.9954349390335514,
        0.09402705405376664,
        0.016376668075032175,
        7.290486244013664
      ],
      [
        0.017060512306573725,
        0.006473547834342628,
        0.9998335021883762,
        0.3946617830699495
      ],
      [
        0.0,
        0.0,
        0.0,
        1.0
      ]
    ],
    "location": [
      -7.090456235488091,
      7.290486244013664,
      0.3946617830699495
    ],
    "rotation": [
      0.006474535373864339,
      -0.01706134002351394,
      -1.4767386497924055
    ]
  },
  {
    "label_id": "2zj9ofJlwtiSYPfUbLNFiQ",
    "size": [
      2.7728878742167886,
      7.818916382383117,
      2.8078157631268397
    ],
    "obj_class": "vehicle",
    "point_num_in_lidar": 12832,
    "speed": 0.017075729391622687,
    "if_vehicle": true,
    "motion_state": false,
    "pose": [
      [
        -0.03590690221137069,
        -0.99932273151825,
        -0.00804814540664479,
        1.4009505433100458
      ],
      [
        0.9992163357602704,
        -0.03603497041179307,
        0.016376668075032175,
        64.57974301716968
      ],
      [
        -0.016655591355507128,
        -0.007453802943775203,
        0.9998335021883762,
        0.3213356537604213
      ],
      [
        0.0,
        0.0,
        0.0,
        1.0
      ]
    ],
    "location": [
      1.4009505433100458,
      64.57974301716968,
      0.3213356537604213
    ],
    "rotation": [
      -0.007454906085560929,
      0.016656361519376155,
      1.6067159340101274
    ]
  },
  {
    "label_id": "4kOLGqY6_RSgRJTBTfGFlw",
    "size": [
      1.1462456551699034,
      0.9608929514239334,
      1.7630608345357004
    ],
    "obj_class": "pedestrian",
    "point_num_in_lidar": 251,
    "speed": 1.1799380996744997,
    "if_vehicle": false,
    "motion_state": true,
    "pose": [
      [
        -0.18373107396522725,
        -0.9829435995086888,
        -0.00804814540664479,
        7.048369150139024
      ],
      [
        0.982819385273701,
        -0.18384194481397445,
        0.016376668075032175,
        56.60588174432996
      ],
      [
        -0.017576927769334387,
        -0.004900970507754282,
        0.9998335021883762,
        -0.08928758469734532
      ],
      [
        0.0,
        0.0,
        0.0,
        1.0
      ]
    ],
    "location": [
      7.048369150139024,
      56.60588174432996,
      -0.08928758469734532
    ],
    "rotation": [
      -0.004901747385823299,
      0.01757783295577387,
      1.7556060113550411
    ]
  },
  {
    "label_id": "6hIIee9ufQhM-2w_W5IIEQ",
    "size": [
      0.893510786639266,
      0.10748276377607566,
      1.2800000000000011
    ],
    "obj_class": "sign",
    "point_num_in_lidar": 42,
    "speed": 0.02679887228954163,
    "if_vehicle": false,
    "motion_state": false,
    "pose": [
      [
        -0.04906454694935651,
        -0.9987631839370972,
        -0.00804814540664479,
        -8.46437408033762
      ],
      [
        0.9986551107892013,
        -0.04919120284530839,
        0.016376668075032175,
        0.842009227413655
      ],
      [
        -0.016752311102126948,
        -0.007233807743079012,
        0.9998335021883762,
        3.438503663958194
      ],
      [
        0.0,
        0.0,
        0.0,
        1.0
      ]
    ],
    "location": [
      -8.46437408033762,
      0.842009227413655,
      3.438503663958194
    ],
    "rotation": [
      -0.007234886120887077,
      0.016753094762326032,
      1.6198874753475125
    ]
  },
  {
    "label_id": "72nLBfdms0aEGknAAr387A",
    "size": [
      0.8951216988742782,
      0.9497266214725659,
      1.6007817180603112
    ],
    "obj_class": "pedestrian",
    "point_num_in_lidar": 78,
    "speed": 1.6195356548651747,
    "if_vehicle": false,
    "motion_state": true,
    "pose": [
      [
        0.9877364205363643,
        -0.1559230287722881,
        -0.00804814540664479,
        24.77465423546687
      ],
      [
        0.15603736032570634,
        0.9876153841072678,
        0.016376668075032175,
        63.43509850735791
      ],
      [
        0.005394972529677184,
        -0.017431642869514746,
        0.9998335021883762,
        0.0093146994553166
      ],
      [
        0.0,
        0.0,
        0.0,
        1.0
      ]
    ],
    "location": [
      24.77465423546687,
      63.43509850735791,
      0.0093146994553166
    ],
    "rotation": [
      -0.017432779517486268,
      -0.005394998700787669,
      0.15667988979498124
    ]
  },
  {
    "label_id": "9lYwPu5yc5uujsti712OXw",
    "size": [
      0.8351853979010064,
      0.9282536612455977,
      1.8999999999999986
    ],
    "obj_class": "pedestrian",
    "point_num_in_lidar": 28,
    "speed": 1.3908201231205695,
    "if_vehicle": false,
    "motion_state": true,
    "pose": [
      [
        -0.0963968589220565,
        0.9953104404885315,
        -0.00804814540664479,
        -11.68292210588902
      ],
      [
        -0.9952218919121871,
        -0.09625586008907236,
        0.016376668075032175,
        15.833115772657038
      ],
      [
        0.015525187557256232,
        0.00958834986002763,
        0.9998335021883762,
        0.6033383376678643
      ],
      [
        0.0,
        0.0,
        0.0,
        1.0
      ]
    ],
    "location": [
      -11.68292210588902,
      15.833115772657038,
      0.6033383376678643
    ],
    "rotation": [
      0.009589652594920103,
      -0.015525811301320485,
      -1.6673547795722619
    ]
  },
  {
    "label_id": "BCFugmMeTE1MZhUx7Md3MA",
    "size": [
      1.9755133702178584,
      5.636981406052898,
      2.0752408288585755
    ],
    "obj_class": "vehicle",
    "point_num_in_lidar": 77,
    "speed": 0.05006099416058036,
    "if_vehicle": true,
    "motion_state": false,
    "pose": [
      [
        0.07775229658970054,
        0.996940222746851,
        -0.00804814540664479,
        -6.900499152421389
      ],
      [
        -0.9968285537098606,
        0.07787579374534845,
        0.016376668075032175,
        -0.15779254376684548
      ],
      [
        0.01695331483029426,
        0.006749297592431403,
        0.9998335021883762,
        0.7712785839722542
      ],
      [
        0.0,
        0.0,
        0.0,
        1.0
      ]
    ],
    "location": [
      -6.900499152421389,
      -0.15779254376684548,
      0.7712785839722542
    ],
    "rotation": [
      0.0067503189908139655,
      -0.016954127041182467,
      -1.4929542655035006
    ]
  },
  {
    "label_id": "CwlUZaiwe8TBlM2O3R4nSQ",
    "size": [
      0.6334117322224602,
      0.12472124207279026,
      0.9799999999999969
    ],
    "obj_class": "sign",
    "point_num_in_lidar": 24,
    "speed": 0.023779193754407183,
    "if_vehicle": false,
    "motion_state": false,
    "pose": [
      [
        -0.8352548691065229,
        -0.5498040841875939,
        -0.00804814540664479,
        6.95399719935449
      ],
      [
        0.5496380564210078,
        -0.8352423670267796,
        0.016376668075032175,
        23.960076805289646
      ],
      [
        -0.01572611101265897,
        0.00925512475031007,
        0.9998335021883762,
        -0.04298021672119745
      ],
      [
        0.0,
        0.0,
        0.0,
        1.0
      ]
    ],
    "location": [
      6.95399719935449,
      23.960076805289646,
      -0.04298021672119745
    ],
    "rotation": [
      0.009256401590051864,
      0.015726759290381632,
      2.5595803598099325
    ]
  },
  {
    "label_id": "ER4NMkg4wde6l-AMD922EA",
    "size": [
      1.9569189965240554,
      4.657267391618751,
      1.462875516477304
    ],
    "obj_class": "vehicle",
    "point_num_in_lidar": 646,
    "speed": 0.0325884484026838,
    "if_vehicle": true,
    "motion_state": false,
    "pose": [
      [
        -0.9940200510501888,
        0.10890071379790597,
        -0.00804814540664479,
        -22.20347773753906
      ],
      [
        -0.10902065726152202,
        -0.9939045734038182,
        0.016376668075032175,
        55.93323112421058
      ],
      [
        -0.006215657684080808,
        0.017156150537944195,
        0.9998335021883762,
        -0.23182590493002664
      ],
      [
        0.0,
        0.0,
        0.0,
        1.0
      ]
    ],
    "location": [
      -22.20347773753906,
      55.93323112421058,
      -0.23182590493002664
    ],
    "rotation": [
      0.017157323721594047,
      0.0062156977078113105,
      -3.0323527534601613
    ]
  },
  {
    "label_id": "FzhIiYZfV0ZRgWwzC5IjNA",
    "size": [
      1.877683381972902,
      4.564797332079824,
      1.7476778351213866
    ],
    "obj_class": "vehicle",
    "point_num_in_lidar": 352,
    "speed": 0.06388624572376352,
    "if_vehicle": true,
    "motion_state": false,
    "pose": [
      [
        -0.9971552700243924,
        0.07494394450584085,
        -0.00804814540664479,
        -29.032277741964208
      ],
      [
        -0.07506775570553491,
        -0.997043949280118,
        0.016376668075032175,
        55.41372057211265
      ],
      [
        -0.006797022577215976,
        0.01693423708972719,
        0.9998335021883762,
        0.02453550402065474
      ],
      [
        0.0,
        0.0,
        0.0,
        1.0
      ]
    ],
    "location": [
      -29.032277741964208,
      55.41372057211265,
      0.02453550402065474
    ],
    "rotation": [
      0.01693543780793281,
      0.0067970749148295265,
      -3.066452476249296
    ]
  },
  {
    "label_id": "ITpIcqqKE-KvGL4bVcTEqw",
    "size": [
      2.188845767520729,
      4.810296796965218,
      1.5680568568777389
    ],
    "obj_class": "vehicle",
    "point_num_in_lidar": 34,
    "speed": 3.0354398977712303e-13,
    "if_vehicle": true,
    "motion_state": false,
    "pose": [
      [
        0.9971228993790002,
        -0.0753734096981801,
        -0.00804814540664479,
        -79.22203345473577
      ],
      [
        0.07549717294083985,
        0.9970115253198938,
        0.016376668075032175,
        43.11665100480786
      ],
      [
        0.006789728415564713,
        -0.016937162978762077,
        0.9998335021883762,
        0.7293221474412945
      ],
      [
        0.0,
        0.0,
        0.0,
        1.0
      ]
    ],
    "location": [
      -79.22203345473577,
      43.11665100480786,
      0.7293221474412945
    ],
    "rotation": [
      -0.016938363344827,
      -0.006789780584859822,
      0.07557082287900765
    ]
  },
  {
    "label_id": "Im-r1sT-zfG7KFGudl9kcQ",
    "size": [
      1.865372585886515,
      4.360587515094883,
      1.5051311337171924
    ],
    "obj_class": "vehicle",
    "point_num_in_lidar": 53,
    "speed": 14.246578406746348,
    "if_vehicle": true,
    "motion_state": true,
    "pose": [
      [
        0.0899005218306757,
        0.9959182313473761,
        -0.00804814540664479,
        0.4277589877935952
      ],
      [
        -0.9958050650176222,
        0.09002264841699306,
        0.016376668075032175,
        -2.8924936557414185
      ],
      [
        0.017034337669000303,
        0.006542112954142034,
        0.9998335021883762,
        0.7840970600791977
      ],
      [
        0.0,
        0.0,
        0.0,
        1.0
      ]
    ],
    "location": [
      0.4277589877935952,
      -2.8924936557414185,
      0.7840970600791977
    ],
    "rotation": [
      0.006543109006292351,
      -0.017035161581743376,
      -1.4807611658045596
    ]
  },
  {
    "label_id": "InPwvU2homAc1AtpmC4pDQ",
    "size": [
      2.1166185057526805,
      4.313385827928875,
      1.7074263757876054
    ],
    "obj_class": "vehicle",
    "point_num_in_lidar": 383,
    "speed": 10.80924787379452,
    "if_vehicle": true,
    "motion_state": true,
    "pose": [
      [
        0.07626960249894671,
        0.997054750297177,
        -0.00804814540664479,
        -2.180603074197961
      ],
      [
        -0.9969432650435155,
        0.0763932655875847,
        0.016376668075032175,
        34.17905944888116
      ],
      [
        0.016943258807788273,
        0.0067745023949055344,
        0.9998335021883762,
        0.05435641323706619
      ],
      [
        0.0,
        0.0,
        0.0,
        1.0
      ]
    ],
    "location": [
      -2.180603074197961,
      34.17905944888116,
      0.05435641323706619
    ],
    "rotation": [
      0.006775526837560421,
      -0.016944069574097012,
      -1.4944416041572115
    ]
  },
  {
    "label_id": "JDEX_tEVUcVozkhauyLViw",
    "size": [
      0.7750009637908574,
      0.9512883911995416,
      1.8407817180603132
    ],
    "obj_class": "pedestrian",
    "point_num_in_lidar": 360,
    "speed": 1.1460687439114048,
    "if_vehicle": false,
    "motion_state": true,
    "pose": [
      [
        -0.9994074103784417,
        0.03346722928732519,
        -0.00804814540664479,
        6.476253034811634
      ],
      [
        -0.033595556841509264,
        -0.9993013275800594,
        0.016376668075032175,
        60.8881516982492
      ],
      [
        -0.007494440683987976,
        0.01663734535797287,
        0.9998335021883762,
        -0.12872019936435208
      ],
      [
        0.0,
        0.0,
        0.0,
        1.0
      ]
    ],
    "location": [
      6.476253034811634,
      60.8881516982492,
      -0.12872019936435208
    ],
    "rotation": [
      0.01663858030955794,
      0.007494510842021341,
      -3.1079898298206645
    ]
  },
  {
    "label_id": "JTRdyrcCjTKdVPUli4WKCA",
    "size": [
      2.013092403648905,
      4.7002573309096345,
      2.3828669641917486
    ],
    "obj_class": "vehicle",
    "point_num_in_lidar": 39,
    "speed": 1.4075378651646187e-28,
    "if_vehicle": true,
    "motion_state": false,
    "pose": [
      [
        -0.9897702147545628,
        0.14244349525415342,
        -0.00804814540664479,
        63.640714290147116
      ],
      [
        -0.14255946617930904,
        -0.9896507481659531,
        0.016376668075032175,
        61.845758047973504
      ],
      [
        -0.005632103281809705,
        0.017356477590493528,
        0.9998335021883762,
        0.6558430123369519
      ],
      [
        0.0,
        0.0,
        0.0,
        1.0
      ]
    ],
    "location": [
      63.640714290147116,
      61.845758047973504,
      0.6558430123369519
    ],
    "rotation": [
      0.0173576244675463,
      0.0056321330578387825,
      -2.9985435552319735
    ]
  },
  {
    "label_id": "Lgh47Nm-gwc_mRkw0twn5g",
    "size": [
      0.6875981022749326,
      0.10098434456347616,
      0.7100000000000009
    ],
    "obj_class": "sign",
    "point_num_in_lidar": 46,
    "speed": 0.15234476974246872,
    "if_vehicle": false,
    "motion_state": false,
    "pose": [
      [
        0.9999676131533028,
        -2.853420037762095e-15,
        -0.00804814540664479,
        -42.08729290146607
      ],
      [
        0.00013180607473020094,
        0.9998658846915015,
        0.016376668075032175,
        59.46876075887849
      ],
      [
        0.008047066027140691,
        -0.016377198480848724,
        0.9998335021883762,
        2.3091614113864196
      ],
      [
        0.0,
        0.0,
        0.0,
        1.0
      ]
    ],
    "location": [
      -42.08729290146607,
      59.46876075887849,
      2.3091614113864196
    ],
    "rotation": [
      -0.016378461016322694,
      -0.00804715287799596,
      0.00013181034288823771
    ]
  },
  {
    "label_id": "MgWhrhP47pwT0J5qUjq5Ug",
    "size": [
      2.05125401075963,
      4.445365804963032,
      1.6782138818528338
    ],
    "obj_class": "vehicle",
    "point_num_in_lidar": 850,
    "speed": 5.783398860650275e-13,
    "if_vehicle": true,
    "motion_state": false,
    "pose": [
      [
        -0.9989404143918595,
        0.045313086963185645,
        -0.00804814540664479,
        11.191210171072726
      ],
      [
        -0.04544014786255879,
        -0.9988328176952281,
        0.016376668075032175,
        56.5989074658828
      ],
      [
        -0.007296674369088766,
        0.01672502451052789,
        0.9998335021883762,
        -0.1117270335030085
      ],
      [
        0.0,
        0.0,
        0.0,
        1.0
      ]
    ],
    "location": [
      11.191210171072726,
      56.5989074658828,
      -0.1117270335030085
    ],
    "rotation": [
      0.016726249659706746,
      0.007296739118235674,
      -3.0961356427076825
    ]
  },
  {
    "label_id": "PBPtoWWiZmUSarH7z_93VQ",
    "size": [
      0.5274503365652953,
      0.08355648896149048,
      0.509999999999998
    ],
    "obj_class": "sign",
    "point_num_in_lidar": 23,
    "speed": 3.552713678800501e-14,
    "if_vehicle": false,
    "motion_state": false,
    "pose": [
      [
        -0.9974292073921305,
        0.07120536213389968,
        -0.00804814540664479,
        28.171736491128286
      ],
      [
        -0.07132958977392409,
        -0.9973183515635536,
        0.016376668075032175,
        49.37240130059763
      ],
      [
        -0.0068604565292694295,
        0.016908637968100212,
        0.9998335021883762,
        2.2210372739916764
      ],
      [
        0.0,
        0.0,
        0.0,
        1.0
      ]
    ],
    "location": [
      28.171736491128286,
      49.37240130059763,
      2.2210372739916764
    ],
    "rotation": [
      0.016909841754887963,
      0.006860510345961347,
      -3.0702007555405273
    ]
  },
  {
    "label_id": "Ra8Q_h14wX_wKN0lzRI2oA",
    "size": [
      0.7878855284745453,
      0.08952097384951267,
      0.7893254617679233
    ],
    "obj_class": "sign",
    "point_num_in_lidar": 65,
    "speed": 1.4075378884361536e-28,
    "if_vehicle": false,
    "motion_state": false,
    "pose": [
      [
        0.07638760484006017,
        -0.9970457166962367,
        -0.00804814540664479,
        5.819937976629717
      ],
      [
        0.9969543541605389,
        0.07624841285628822,
        0.016376668075032175,
        38.17574135311588
      ],
      [
        -0.01571462844427354,
        -0.009274608055584051,
        0.9998335021883762,
        2.4388770192237956
      ],
      [
        0.0,
        0.0,
        0.0,
        1.0
      ]
    ],
    "location": [
      5.819937976629717,
      38.17574135311588,
      2.4388770192237956
    ],
    "rotation": [
      -0.009275886466698071,
      0.015715275302889405,
      1.4943247770860326
    ]
  },
  {
    "label_id": "TPNK48HJfnl6RAqdbIuuCg",
    "size": [
      0.9892035034162916,
      0.65742699531001,
      1.703407367217686
    ],
    "obj_class": "pedestrian",
    "point_num_in_lidar": 36,
    "speed": 8.526512829121202e-13,
    "if_vehicle": false,
    "motion_state": false,
    "pose": [
      [
        0.6800538827767285,
        -0.7331179604100619,
        -0.00804814540664479,
        4.751878320691958
      ],
      [
        0.7331330171681633,
        0.6798880671703732,
        0.016376668075032175,
        64.99197075193842
      ],
      [
        -0.006534191472650318,
        -0.017037377835952914,
        0.9998335021883762,
        -0.16235111352492737
      ],
      [
        0.0,
        0.0,
        0.0,
        1.0
      ]
    ],
    "location": [
      4.751878320691958,
      64.99197075193842,
      -0.16235111352492737
    ],
    "rotation": [
      -0.01703856596543071,
      0.006534237970477978,
      0.8229403987018807
    ]
  },
  {
    "label_id": "USGqx7dcWPiv_I1IR97_8Q",
    "size": [
      0.9222865930313404,
      0.1261789293901471,
      1.259999999999998
    ],
    "obj_class": "sign",
    "point_num_in_lidar": 39,
    "speed": 0.014270745679417593,
    "if_vehicle": false,
    "motion_state": false,
    "pose": [
      [
        0.17855771450540983,
        -0.9838965240034736,
        -0.00804814540664479,
        -11.239583091481563
      ],
      [
        0.9838199662355116,
        0.17840986177652002,
        0.016376668075032175,
        36.889173487074004
      ],
      [
        -0.014677078284225984,
        -0.010842106564915221,
        0.9998335021883762,
        2.9149952973634115
      ],
      [
        0.0,
        0.0,
        0.0,
        1.0
      ]
    ],
    "location": [
      -11.239583091481563,
      36.889173487074004,
      2.9149952973634115
    ],
    "rotation": [
      -0.010843487035772419,
      0.014677605283096466,
      1.3912563640317681
    ]
  },
  {
    "label_id": "UzRjOTVRec06lSAMK79AGg",
    "size": [
      2.186290500710557,
      4.690650091409834,
      1.4663315120900506
    ],
    "obj_class": "vehicle",
    "point_num_in_lidar": 296,
    "speed": 1.7763568394002505e-13,
    "if_vehicle": true,
    "motion_state": false,
    "pose": [
      [
        0.9940168592618508,
        -0.10892984374687782,
        -0.00804814540664479,
        -34.95715860215182
      ],
      [
        0.10904978382634227,
        0.9939013781005579,
        0.016376668075032175,
        46.45017917455516
      ],
      [
        0.006215154916310196,
        -0.017156332681914886,
        0.9998335021883762,
        -0.03497573919668895
      ],
      [
        0.0,
        0.0,
        0.0,
        1.0
      ]
    ],
    "location": [
      -34.95715860215182,
      46.45017917455516,
      -0.03497573919668895
    ],
    "rotation": [
      -0.01715750584227372,
      -0.006215194930329137,
      0.10926920162190228
    ]
  },
  {
    "label_id": "WdmppTeaPxbSEqVNWeF6XQ",
    "size": [
      0.6816729836272363,
      0.7295156156403522,
      1.8369166936414274
    ],
    "obj_class": "pedestrian",
    "point_num_in_lidar": 232,
    "speed": 0.0028374132384329314,
    "if_vehicle": false,
    "motion_state": false,
    "pose": [
      [
        -0.9552468444949438,
        -0.29570034399365547,
        -0.00804814540664479,
        6.3360177317138096
      ],
      [
        0.2955443504633997,
        -0.9551886419194522,
        0.016376668075032175,
        64.15530765169387
      ],
      [
        -0.012530083464200243,
        0.01326517659537374,
        0.9998335021883762,
        -0.11112216097874494
      ],
      [
        0.0,
        0.0,
        0.0,
        1.0
      ]
    ],
    "location": [
      6.3360177317138096,
      64.15530765169387,
      -0.11112216097874494
    ],
    "rotation": [
      0.013266607210940232,
      0.012530411364132198,
      2.8415430924441223
    ]
  },
  {
    "label_id": "XH8EEUqMWDsB2IqwYEVCqg",
    "size": [
      0.7772861356849977,
      0.12044237215146732,
      0.46637168141589314
    ],
    "obj_class": "sign",
    "point_num_in_lidar": 30,
    "speed": 0.01314461139502682,
    "if_vehicle": false,
    "motion_state": false,
    "pose": [
      [
        -0.005019225124702797,
        0.9999550163555663,
        -0.00804814540664479,
        6.553412102881339
      ],
      [
        -0.9998539507610479,
        -0.004886910095775128,
        0.016376668075032175,
        28.076640351699098
      ],
      [
        0.01633660082977848,
        0.008129168164994295,
        0.9998335021883762,
        1.9482772623105689
      ],
      [
        0.0,
        0.0,
        0.0,
        1.0
      ]
    ],
    "location": [
      6.553412102881339,
      28.076640351699098,
      1.9482772623105689
    ],
    "rotation": [
      0.008130342729104333,
      -0.016337327581393286,
      -1.5758162429137061
    ]
  },
  {
    "label_id": "Y9pQw1kOX1aM7nlzOdz2MQ",
    "size": [
      1.5565745696068898,
      0.1425648570649699,
      1.7299999999999969
    ],
    "obj_class": "sign",
    "point_num_in_lidar": 265,
    "speed": 0.004782953719481596,
    "if_vehicle": false,
    "motion_state": false,
    "pose": [
      [
        -0.9883733202817416,
        0.15183348481398729,
        -0.00804814540664479,
        11.405973925258877
      ],
      [
        -0.15194831635387027,
        -0.9882527581039097,
        0.016376668075032175,
        48.54328442851147
      ],
      [
        -0.005467075312263918,
        0.01740916394478236,
        0.9998335021883762,
        0.30389152715748935
      ],
      [
        0.0,
        0.0,
        0.0,
        1.0
      ]
    ],
    "location": [
      11.405973925258877,
      48.54328442851147,
      0.30389152715748935
    ],
    "rotation": [
      0.017410303672466557,
      0.005467102546786137,
      -2.9890511754904456
    ]
  },
  {
    "label_id": "_u2qr1tSBDL1NeHlhe8NYw",
    "size": [
      2.4165450863369378,
      4.640755453339751,
      1.6182138818528458
    ],
    "obj_class": "vehicle",
    "point_num_in_lidar": 58,
    "speed": 2.656865212004568,
    "if_vehicle": true,
    "motion_state": true,
    "pose": [
      [
        0.9945554602529725,
        -0.10389737165352905,
        -0.00804814540664479,
        49.30956691466258
      ],
      [
        0.10401789468840118,
        0.9944405876307307,
        0.016376668075032175,
        53.235530626947366
      ],
      [
        0.00630190967808331,
        -0.017124655796119104,
        0.9998335021883762,
        0.008962660204431927
      ],
      [
        0.0,
        0.0,
        0.0,
        1.0
      ]
    ],
    "location": [
      49.30956691466258,
      53.235530626947366,
      0.008962660204431927
    ],
    "rotation": [
      -0.01712583298994408,
      -0.006301951391237834,
      0.10420846482760376
    ]
  },
  {
    "label_id": "aQGEemetOzSFSxoULJXzMw",
    "size": [
      0.6111848615330158,
      0.5514643377672034,
      1.8816667629758612
    ],
    "obj_class": "pedestrian",
    "point_num_in_lidar": 53,
    "speed": 0.013729327086448072,
    "if_vehicle": false,
    "motion_state": false,
    "pose": [
      [
        0.9964162958378254,
        -0.08420090702801636,
        -0.00804814540664479,
        4.698734505403991
      ],
      [
        0.08432367909621101,
        0.996303830107282,
        0.016376668075032175,
        65.55398295360646
      ],
      [
        0.006639467787886065,
        -0.01699662817207869,
        0.9998335021883762,
        -0.13735111352489326
      ],
      [
        0.0,
        0.0,
        0.0,
        1.0
      ]
    ],
    "location": [
      4.698734505403991,
      65.55398295360646,
      -0.13735111352489326
    ],
    "rotation": [
      -0.016997821318401687,
      -0.0066395165696128584,
      0.08442579585643255
    ]
  },
  {
    "label_id": "b6NI0yciWBZiww40xt4BNQ",
    "size": [
      2.7392385901862446,
      5.915526156687571,
      2.3682138818528387
    ],
    "obj_class": "vehicle",
    "point_num_in_lidar": 164,
    "speed": 3.1776437161565096e-13,
    "if_vehicle": true,
    "motion_state": false,
    "pose": [
      [
        -0.9983727784905299,
        0.05645372020170871,
        -0.00804814540664479,
        32.47391990697042
      ],
      [
        -0.05657957292460994,
        -0.9982637710898002,
        0.016376668075032175,
        59.818731559564185
      ],
      [
        -0.00710964814657216,
        0.016805380238430156,
        0.9998335021883762,
        0.3638393274844489
      ],
      [
        0.0,
        0.0,
        0.0,
        1.0
      ]
    ],
    "location": [
      32.47391990697042,
      59.818731559564185,
      0.3638393274844489
    ],
    "rotation": [
      0.01680659617816715,
      0.007109708043280068,
      -3.0849814172383834
    ]
  },
  {
    "label_id": "bSuLGh3Quq0PVev0FYi_DQ",
    "size": [
      1.8563238703361478,
      4.2105346985256356,
      1.6576778351213832
    ],
    "obj_class": "vehicle",
    "point_num_in_lidar": 84,
    "speed": 0.11349311264958763,
    "if_vehicle": true,
    "motion_state": false,
    "pose": [
      [
        -0.9978259969924461,
        0.06541029797779947,
        -0.00804814540664479,
        -34.420346364734314
      ],
      [
        -0.0655351674608535,
        -0.997715864647164,
        0.016376668075032175,
        54.95854610425158
      ],
      [
        -0.006958559614525339,
        0.01686850170635711,
        0.9998335021883762,
        0.10433036350482183
      ],
      [
        0.0,
        0.0,
        0.0,
        1.0
      ]
    ],
    "location": [
      -34.420346364734314,
      54.95854610425158,
      0.10433036350482183
    ],
    "rotation": [
      0.016869710259707446,
      0.006958615773124958,
      -3.0760088943911916
    ]
  },
  {
    "label_id": "c3POzVNyXEnuovQBHtzfjw",
    "size": [
      0.9163554137445005,
      0.8839332918725881,
      1.6102138473786525
    ],
    "obj_class": "pedestrian",
    "point_num_in_lidar": 158,
    "speed": 3.552713678800501e-13,
    "if_vehicle": false,
    "motion_state": false,
    "pose": [
      [
        0.9821004718738446,
        -0.18818578719097054,
        -0.00804814540664479,
        -15.415568142677557
      ],
      [
        0.18829609372097295,
        0.981975756234431,
        0.016376668075032175,
        43.8914088149304
      ],
      [
        0.0048212274987095155,
        -0.01759896778598003,
        0.9998335021883762,
        -0.19397767378411856
      ],
      [
        0.0,
        0.0,
        0.0,
        1.0
      ]
    ],
    "location": [
      -15.415568142677557,
      43.8914088149304,
      -0.19397767378411856
    ],
    "rotation": [
      -0.017600080954612324,
      -0.00482124617652872,
      0.18942914495045265
    ]
  },
  {
    "label_id": "dOzfdH28bWp78162th45ZQ",
    "size": [
      2.225047507782511,
      4.952390760509612,
      1.4772722474731381
    ],
    "obj_class": "vehicle",
    "point_num_in_lidar": 87,
    "speed": 0.38898340385689706,
    "if_vehicle": true,
    "motion_state": false,
    "pose": [
      [
        0.13569814353058932,
        0.9907175385536813,
        -0.00804814540664479,
        -8.28354622644224
      ],
      [
        -0.9905988646992862,
        0.13581492553929997,
        0.016376668075032175,
        24.797975810221033
      ],
      [
        0.01731771055413945,
        0.0057502002477585685,
        0.9998335021883762,
        0.11509525871875326
      ],
      [
        0.0,
        0.0,
        0.0,
        1.0
      ]
    ],
    "location": [
      -8.28354622644224,
      24.797975810221033,
      0.11509525871875326
    ],
    "rotation": [
      0.005751094396126162,
      -0.017318576276822678,
      -1.4346576940133
    ]
  },
  {
    "label_id": "e3SoTY4ZM2RgUcGSgbCw2Q",
    "size": [
      2.215539066553544,
      4.6419119317498865,
      1.793922421779314
    ],
    "obj_class": "vehicle",
    "point_num_in_lidar": 42,
    "speed": 2.929642751054232e-13,
    "if_vehicle": true,
    "motion_state": false,
    "pose": [
      [
        -0.04696940456681837,
        -0.998863905840106,
        -0.00804814540664479,
        6.38120442402419
      ],
      [
        0.9987560986070314,
        -0.047096286881473735,
        0.016376668075032175,
        10.562579060029748
      ],
      [
        -0.016737100403008763,
        -0.0072689319590899665,
        0.9998335021883762,
        0.45041869653378086
      ],
      [
        0.0,
        0.0,
        0.0,
        1.0
      ]
    ],
    "location": [
      6.38120442402419,
      10.562579060029748,
      0.45041869653378086
    ],
    "rotation": [
      -0.007270014338233405,
      0.016737881930331936,
      1.617789606027887
    ]
  },
  {
    "label_id": "eLUo0F52wL4hudq3-AynTQ",
    "size": [
      2.3554925008258047,
      5.367170119819076,
      1.9682138818528472
    ],
    "obj_class": "vehicle",
    "point_num_in_lidar": 120,
    "speed": 2.3757705775811457,
    "if_vehicle": true,
    "motion_state": true,
    "pose": [
      [
        0.9969908752038058,
        -0.077100078572352,
        -0.00804814540664479,
        40.29053646752345
      ],
      [
        0.07722364875580225,
        0.9968792869829329,
        0.016376668075032175,
        52.81150341882312
      ],
      [
        0.006760387059172717,
        -0.016948895791066912,
        0.9998335021883762,
        0.17241136448568284
      ],
      [
        0.0,
        0.0,
        0.0,
        1.0
      ]
    ],
    "location": [
      40.29053646752345,
      52.81150341882312,
      0.17241136448568284
    ],
    "rotation": [
      -0.016950094742134707,
      -0.006760438555038813,
      0.07730237924780875
    ]
  },
  {
    "label_id": "fSlk5jeQXY6tiYMoLySQDA",
    "size": [
      1.951978302192518,
      4.2425275019101365,
      1.7076778351213875
    ],
    "obj_class": "vehicle",
    "point_num_in_lidar": 85,
    "speed": 0.08850250308568287,
    "if_vehicle": true,
    "motion_state": false,
    "pose": [
      [
        -0.9978259969924391,
        0.0654102979779056,
        -0.00804814540664479,
        -40.07573603338892
      ],
      [
        -0.06553516746095961,
        -0.9977158646471571,
        0.016376668075032175,
        54.60824827621582
      ],
      [
        -0.006958559614523545,
        0.016868501706357848,
        0.9998335021883762,
        0.23373445037024254
      ],
      [
        0.0,
        0.0,
        0.0,
        1.0
      ]
    ],
    "location": [
      -40.07573603338892,
      54.60824827621582,
      0.23373445037024254
    ],
    "rotation": [
      0.016869710259708185,
      0.006958615773123164,
      -3.076008894391085
    ]
  },
  {
    "label_id": "fwu2l9rbw4VbqDoPx91Eow",
    "size": [
      0.7856885754143739,
      0.09106751623065597,
      0.5132061658348519
    ],
    "obj_class": "sign",
    "point_num_in_lidar": 81,
    "speed": 0.026003908086842168,
    "if_vehicle": false,
    "motion_state": false,
    "pose": [
      [
        0.20681271105934648,
        -0.9783474484557093,
        -0.00804814540664479,
        5.810555751620086
      ],
      [
        0.9782751795057556,
        0.20666271532558017,
        0.016376668075032175,
        38.23427822710073
      ],
      [
        -0.014358819842341492,
        -0.011260204015090309,
        0.9998335021883762,
        1.7787237313333435
      ],
      [
        0.0,
        0.0,
        0.0,
        1.0
      ]
    ],
    "location": [
      5.810555751620086,
      38.23427822710073,
      1.7787237313333435
    ],
    "rotation": [
      -0.011261603023069007,
      0.014359313294764333,
      1.36245841987827
    ]
  },
  {
    "label_id": "iMO8XPPJOQopigo1OG2RUg",
    "size": [
      0.5857817631658341,
      0.5345773345299226,
      1.5950292733247764
    ],
    "obj_class": "pedestrian",
    "point_num_in_lidar": 38,
    "speed": 1.0658141036401503e-13,
    "if_vehicle": false,
    "motion_state": false,
    "pose": [
      [
        -0.9986821196845975,
        0.05068778134612476,
        -0.00804814540664479,
        -13.831254563430775
      ],
      [
        -0.05081426142248315,
        -0.9985738408244268,
        0.016376668075032175,
        23.76100108580431
      ],
      [
        -0.007206570499661465,
        0.016764046151203613,
        0.9998335021883762,
        0.18143372454291296
      ],
      [
        0.0,
        0.0,
        0.0,
        1.0
      ]
    ],
    "location": [
      -13.831254563430775,
      23.76100108580431,
      0.18143372454291296
    ],
    "rotation": [
      0.016765266855213123,
      0.007206632879582147,
      -3.0907551776244366
    ]
  },
  {
    "label_id": "jCjquE8-FjABU4aeRJWSqQ",
    "size": [
      0.5813068380702826,
      0.09089592981572317,
      0.6000000000000014
    ],
    "obj_class": "sign",
    "point_num_in_lidar": 75,
    "speed": 0.01604618868801191,
    "if_vehicle": false,
    "motion_state": false,
    "pose": [
      [
        -0.034546620031178595,
        -0.9993706811788782,
        -0.00804814540664479,
        -11.595019437736937
      ],
      [
        0.9992644598421568,
        -0.034674832935757856,
        0.016376668075032175,
        36.8160215306234
      ],
      [
        -0.016645430027003385,
        -0.007476467143137174,
        0.9998335021883762,
        1.844959696056435
      ],
      [
        0.0,
        0.0,
        0.0,
        1.0
      ]
    ],
    "location": [
      -11.595019437736937,
      36.8160215306234,
      1.844959696056435
    ],
    "rotation": [
      -0.0074775727954933,
      0.01664619878201857,
      1.6053546120151105
    ]
  },
  {
    "label_id": "jCyvsrLYqmyjU5Z9KZmeCg",
    "size": [
      2.188845767520729,
      4.810296796965218,
      1.6900082432865844
    ],
    "obj_class": "vehicle",
    "point_num_in_lidar": 68,
    "speed": 2.269589910587196e-28,
    "if_vehicle": true,
    "motion_state": false,
    "pose": [
      [
        0.9971228993790002,
        -0.0753734096981801,
        -0.00804814540664479,
        -62.46071409282922
      ],
      [
        0.07549717294083985,
        0.9970115253198938,
        0.016376668075032175,
        44.588485288588345
      ],
      [
        0.006789728415564713,
        -0.016937162978762077,
        0.9998335021883762,
        0.6083464542368873
      ],
      [
        0.0,
        0.0,
        0.0,
        1.0
      ]
    ],
    "location": [
      -62.46071409282922,
      44.588485288588345,
      0.6083464542368873
    ],
    "rotation": [
      -0.016938363344827,
      -0.006789780584859822,
      0.07557082287900765
    ]
  },
  {
    "label_id": "kl6OZnUr7FMaib_vCX4org",
    "size": [
      0.7767175986886204,
      0.3510486088676036,
      1.1099999999999994
    ],
    "obj_class": "sign",
    "point_num_in_lidar": 68,
    "speed": 2.929642751054232e-13,
    "if_vehicle": false,
    "motion_state": false,
    "pose": [
      [
        -0.033762788454332504,
        -0.9993974692139767,
        -0.00804814540664479,
        -11.22023133788639
      ],
      [
        0.999291348469171,
        -0.03389108463041504,
        0.016376668075032175,
        34.88375931574046
      ],
      [
        -0.016639561005438966,
        -0.007489520096277906,
        0.9998335021883762,
        -0.23941929547475382
      ],
      [
        0.0,
        0.0,
        0.0,
        1.0
      ]
    ],
    "location": [
      -11.22023133788639,
      34.88375931574046,
      -0.23941929547475382
    ],
    "rotation": [
      -0.007490627191057008,
      0.016640328947506017,
      1.6045702107285542
    ]
  },
  {
    "label_id": "kwKUJvCDrF9bT8Mzr9G6yQ",
    "size": [
      0.9066269636194523,
      0.12044237213813053,
      0.6899999999999977
    ],
    "obj_class": "sign",
    "point_num_in_lidar": 59,
    "speed": 0.012223398244621046,
    "if_vehicle": false,
    "motion_state": false,
    "pose": [
      [
        -0.005019225126617174,
        0.9999550163555568,
        -0.00804814540664479,
        6.554979896221084
      ],
      [
        -0.9998539507610386,
        -0.004886910097689309,
        0.016376668075032175,
        28.075052610507555
      ],
      [
        0.016336600829762918,
