[
  {
    "label_id": "-9nK50GgpR1aiB9xKeeNGQ",
    "size": [
      2.2903499040850144,
      5.034674882507156,
      1.850566636766004
    ],
    "obj_class": "vehicle",
    "point_num_in_lidar": 245,
    "speed": 4.437063146572276,
    "if_vehicle": true,
    "motion_state": true,
    "pose": [
      [
        0.9998188895883968,
        -0.018955611058405455,
        -0.0016949429570210415,
        20.07968912527963
      ],
      [
        0.018970417610014823,
        0.9997777722912047,
        0.009193981082080143,
        52.13923685244481
      ],
      [
        0.0015202887642609148,
        -0.009224469732101939,
        0.9999562979851844,
        -0.022063987749440628
      ],
      [
        0.0,
        0.0,
        0.0,
        1.0
      ]
    ],
    "location": [
      20.07968912527963,
      52.13923685244481,
      -0.022063987749440628
    ],
    "rotation": [
      -0.00922461121738925,
      -0.001520289349896501,
      0.018971577556612704
    ]
  },
  {
    "label_id": "0-gFFwLHDFdIB2aYMAKcoQ",
    "size": [
      0.5074151418358464,
      0.08388944527878506,
      0.5600000000000023
    ],
    "obj_class": "sign",
    "point_num_in_lidar": 27,
    "speed": 0.0319578602736644,
    "if_vehicle": false,
    "motion_state": false,
    "pose": [
      [
        -0.22900377926012042,
        -0.9734240577738741,
        -0.0016949429570210415,
        8.636283033975133
      ],
      [
        0.9733807449117484,
        -0.22900959837288987,
        0.009193981082080143,
        4.429336513985618
      ],
      [
        -0.009337800577867034,
        0.0004556315761543415,
        0.9999562979851844,
        2.863109130278083
      ],
      [
        0.0,
        0.0,
        0.0,
        1.0
      ]
    ],
    "location": [
      8.636283033975133,
      4.429336513985618,
      2.863109130278083
    ],
    "rotation": [
      0.0004556514575086109,
      0.009337936284031177,
      1.8018607259147594
    ]
  },
  {
    "label_id": "1eK3OmHl_2tqAnFvzWn4tA",
    "size": [
      2.2440905685035095,
      4.881987409548864,
      1.4872722474731432
    ],
    "obj_class": "vehicle",
    "point_num_in_lidar": 299,
    "speed": 0.03246884799389692,
    "if_vehicle": true,
    "motion_state": false,
    "pose": [
      [
        0.09390829011700506,
        0.9955794092967536,
        -0.0016949429570210415,
        -7.097051552677385
      ],
      [
        -0.9955372970831248,
        0.09391997033798848,
        0.009193981082080143,
        7.358343344401874
      ],
      [
        0.009312527247030876,
        0.0008239878873565681,
        0.9999562979851844,
        0.3946617830699424
      ],
      [
        0.0,
        0.0,
        0.0,
        1.0
      ]
    ],
    "location": [
      -7.097051552677385,
      7.358343344401874,
      0.3946617830699424
    ],
    "rotation": [
      0.0008240237123529787,
      -0.009312661854254905,
      -1.4767453697959623
    ]
  },
  {
    "label_id": "1yaIJWr37eHUtmYcb-ixqQ",
    "size": [
      0.9521050738759972,
      0.09268519735418204,
      1.2299999999999969
    ],
    "obj_class": "sign",
    "point_num_in_lidar": 32,
    "speed": 0.024754744706172546,
    "if_vehicle": false,
    "motion_state": false,
    "pose": [
      [
        -0.1275325772630501,
        -0.9918329339687287,
        -0.0016949429570210415,
        -6.285397938267124
      ],
      [
        0.9917904507430992,
        -0.12754282624539273,
        0.009193981082080143,
        -30.27845943982902
      ],
      [
        -0.009335071046555723,
        -0.0005084961366223333,
        0.9999562979851844,
        3.8752025828649295
      ],
      [
        0.0,
        0.0,
        0.0,
        1.0
      ]
    ],
    "location": [
      -6.285397938267124,
      -30.27845943982902,
      3.8752025828649295
    ],
    "rotation": [
      -0.0005085183160664946,
      0.009335206633746783,
      1.6986827722088467
    ]
  },
  {
    "label_id": "6hIIee9ufQhM-2w_W5IIEQ",
    "size": [
      0.8935107866392654,
      0.10748276377607566,
      1.2800000000000011
    ],
    "obj_class": "sign",
    "point_num_in_lidar": 27,
    "speed": 0.02494181612542577,
    "if_vehicle": false,
    "motion_state": false,
    "pose": [
      [
        -0.04906606556737092,
        -0.998794097088139,
        -0.0016949429570210415,
        -8.49710085194738
      ],
      [
        0.9987525524117126,
        -0.04907962676051776,
        0.009193981082080143,
        0.8972703361814638
      ],
      [
        -0.00926608120123263,
        -0.0012417161259185084,
        0.9999562979851844,
        3.555004412270712
      ],
      [
        0.0,
        0.0,
        0.0,
        1.0
      ]
    ],
    "location": [
      -8.49710085194738,
      0.8972703361814638,
      3.555004412270712
    ],
    "rotation": [
      -0.0012417697555198665,
      0.009266213804380894,
      1.6198842103957731
    ]
  },
  {
    "label_id": "7Rmbrf_QC8HYMBMvc67d_A",
    "size": [
      0.8992428883492666,
      1.1317922750854086,
      1.8688524052985755
    ],
    "obj_class": "pedestrian",
    "point_num_in_lidar": 42,
    "speed": 1.5978598187170336,
    "if_vehicle": false,
    "motion_state": true,
    "pose": [
      [
        0.12057101505238377,
        0.9927032575234204,
        -0.0016949429570210415,
        -11.084010127073498
      ],
      [
        -0.9926608472473284,
        0.12058156183297065,
        0.009193981082080143,
        -10.617537894175257
      ],
      [
        0.009331273838765052,
        0.0005739758803135825,
        0.9999562979851844,
        1.039857963730256
      ],
      [
        0.0,
        0.0,
        0.0,
        1.0
      ]
    ],
    "location": [
      -11.084010127073498,
      -10.617537894175257,
      1.039857963730256
    ],
    "rotation": [
      0.0005740009022722258,
      -0.009331409260561512,
      -1.4499259649274159
    ]
  },
  {
    "label_id": "8CQI1mkFehwAph_t4RcAIQ",
    "size": [
      0.6972622612882046,
      0.7243517246121429,
      1.5888524052985744
    ],
    "obj_class": "pedestrian",
    "point_num_in_lidar": 24,
    "speed": 0.012679445875959828,
    "if_vehicle": false,
    "motion_state": false,
    "pose": [
      [
        -0.14464125063291164,
        0.989482711210115,
        -0.0016949429570210415,
        -13.246713733592287
      ],
      [
        -0.9894445653138162,
        -0.14461992560783524,
        0.009193981082080143,
        7.599566695145768
      ],
      [
        0.00885216280355726,
        0.0030068810193488007,
        0.9999562979851844,
        0.6095199940196636
      ],
      [
        0.0,
        0.0,
        0.0,
        1.0
      ]
    ],
    "location": [
      -13.246713733592287,
      7.599566695145768,
      0.6095199940196636
    ],
    "rotation": [
      0.0030070033686402944,
      -0.008852278418040435,
      -1.715952455340795
    ]
  },
  {
    "label_id": "9lYwPu5yc5uujsti712OXw",
    "size": [
      0.8351853978986737,
      0.9282536612455977,
      1.8999999999999986
    ],
    "obj_class": "pedestrian",
    "point_num_in_lidar": 92,
    "speed": 1.3618733832798025,
    "if_vehicle": false,
    "motion_state": true,
    "pose": [
      [
        -0.12951610819174647,
        0.9915758694559063,
        -0.0016949429570210415,
        -11.858264412561766
      ],
      [
        -0.9915374023975122,
        -0.12949536809730455,
        0.009193981082080143,
        12.919853638572022
      ],
      [
        0.008897042523101398,
        0.0028713679853561635,
        0.9999562979851844,
        0.6866694174204468
      ],
      [
        0.0,
        0.0,
        0.0,
        1.0
      ]
    ],
    "location": [
      -11.858264412561766,
      12.919853638572022,
      0.6866694174204468
    ],
    "rotation": [
      0.002871485583169937,
      -0.008897159905024064,
      -1.700682458757831
    ]
  },
  {
    "label_id": "BCFugmMeTE1MZhUx7Md3MA",
    "size": [
      1.9755133702178596,
      5.636981406052898,
      2.0752408288585755
    ],
    "obj_class": "vehicle",
    "point_num_in_lidar": 218,
    "speed": 0.05006099415981324,
    "if_vehicle": true,
    "motion_state": false,
    "pose": [
      [
        0.07775470313464472,
        0.9969710794746334,
        -0.0016949429570210415,
        -6.932952761675779
      ],
      [
        -0.9969291621665715,
        0.07776706458212422,
        0.009193981082080143,
        -0.05781166848100838
      ],
      [
        0.009297943982472471,
        0.0009748627924004366,
        0.9999562979851844,
        0.7712785839722187
      ],
      [
        0.0,
        0.0,
        0.0,
        1.0
      ]
    ],
    "location": [
      -6.932952761675779,
      -0.05781166848100838,
      0.7712785839722187
    ],
    "rotation": [
      0.0009749050888675457,
      -0.009298077958291814,
      -1.4929596901434234
    ]
  },
  {
    "label_id": "CIORug2cCRbXeVxdAFexLg",
    "size": [
      0.785688575391246,
      0.09106751623065597,
      0.5932061658348502
    ],
    "obj_class": "sign",
    "point_num_in_lidar": 37,
    "speed": 0.022225477662271818,
    "if_vehicle": false,
    "motion_state": false,
    "pose": [
      [
        0.018734292398049794,
        0.9998230610746668,
        -0.0016949429570210415,
        5.805186903596677
      ],
      [
        -0.9997819470560348,
        0.01874910805095085,
        0.009193981082080143,
        37.99201419691781
      ],
      [
        0.00922413297758933,
        0.0015223306398255822,
        0.9999562979851844,
        1.764490560125779
      ],
      [
        0.0,
        0.0,
        0.0,
        1.0
      ]
    ],
    "location": [
      5.805186903596677,
      37.99201419691781,
      1.764490560125779
    ],
    "rotation": [
      0.0015223959955011372,
      -0.009224263787920198,
      -1.5520601411587687
    ]
  },
  {
    "label_id": "CwlUZaiwe8TBlM2O3R4nSQ",
    "size": [
      0.6334117322224607,
      0.12472124207279026,
      0.9799999999999969
    ],
    "obj_class": "sign",
    "point_num_in_lidar": 68,
    "speed": 0.027645074806204255,
    "if_vehicle": false,
    "motion_state": false,
    "pose": [
      [
        -0.8352807214410144,
        -0.5498211014114964,
        -0.0016949429570210415,
        6.91109924688476
      ],
      [
        0.5497856361552239,
        -0.8352551855506544,
        0.009193981082080143,
        23.98779028674835
      ],
      [
        -0.00647075469897015,
        0.0067476998592823105,
        0.9999562979851844,
        -0.013280722522011956
      ],
      [
        0.0,
        0.0,
        0.0,
        1.0
      ]
    ],
    "location": [
      6.91109924688476,
      23.98779028674835,
      -0.013280722522011956
    ],
    "rotation": [
      0.006747892338759166,
      0.006470799855622853,
      2.5594712867735017
    ]
  },
  {
    "label_id": "Im-r1sT-zfG7KFGudl9kcQ",
    "size": [
      1.865372585886045,
      4.360587515094883,
      1.5051311337171924
    ],
    "obj_class": "vehicle",
    "point_num_in_lidar": 24,
    "speed": 14.681786750713528,
    "if_vehicle": true,
    "motion_state": true,
    "pose": [
      [
        0.07192881182556636,
        0.9974083282175534,
        -0.0016949429570210415,
        2.611607650600263
      ],
      [
        -0.9973664838436495,
        0.07194141795389901,
        0.009193981082080143,
        -33.192819428049916
      ],
      [
        0.009292089900420438,
        0.0010291671621788744,
        0.9999562979851844,
        1.3699320515639641
      ],
      [
        0.0,
        0.0,
        0.0,
        1.0
      ]
    ],
    "location": [
      2.611607650600263,
      -33.192819428049916,
      1.3699320515639641
    ],
    "rotation": [
      0.0010292117774161993,
      -0.009292223623334825,
      -1.4988022329190056
    ]
  },
  {
    "label_id": "InPwvU2homAc1AtpmC4pDQ",
    "size": [
      2.1166185057520863,
      4.313385827928875,
      1.7074263757876054
    ],
    "obj_class": "vehicle",
    "point_num_in_lidar": 320,
    "speed": 12.665639096428572,
    "if_vehicle": true,
    "motion_state": true,
    "pose": [
      [
        0.07268825456653195,
        0.9973532698178933,
        -0.0016949429570210415,
        -0.3341525358089257
      ],
      [
        -0.9973114158573474,
        0.07270082882935618,
        0.009193981082080143,
        9.71732206103843
      ],
      [
        0.009292870852650393,
        0.0010220915228899734,
        0.9999562979851844,
        0.5543564132369028
      ],
      [
        0.0,
        0.0,
        0.0,
        1.0
      ]
    ],
    "location": [
      -0.3341525358089257,
      9.71732206103843,
      0.5543564132369028
    ],
    "rotation": [
      0.0010221358363380639,
      -0.009293004609284651,
      -1.4980407633813217
    ]
  },
  {
    "label_id": "JTRdyrcCjTKdVPUli4WKCA",
    "size": [
      2.013092403648907,
      4.7002573309096345,
      2.3828669641917486
    ],
    "obj_class": "vehicle",
    "point_num_in_lidar": 77,
    "speed": 3.1776437161565096e-13,
    "if_vehicle": true,
    "motion_state": false,
    "pose": [
      [
        -0.9898008495603273,
        0.1424479040843591,
        -0.0016949429570210415,
        63.64071429014689
      ],
      [
        -0.1424575124177231,
        -0.989758216872998,
        0.009193981082080143,
        61.84575804797714
      ],
      [
        -0.00036792038350902823,
        0.00934166764323166,
        0.9999562979851844,
        0.6558430123368879
      ],
      [
        0.0,
        0.0,
        0.0,
        1.0
      ]
    ],
    "location": [
      63.64071429014689,
      61.84575804797714,
      0.6558430123368879
    ],
    "rotation": [
      0.009341804150367105,
      0.00036792039180964423,
      -2.9986488349871308
    ]
  },
  {
    "label_id": "Kn0RnWXHMkuVO9dGiGe3HQ",
    "size": [
      2.7036649749499544,
      5.803628056546428,
      2.725293277478478
    ],
    "obj_class": "vehicle",
    "point_num_in_lidar": 143,
    "speed": 0.024698883320631283,
    "if_vehicle": true,
    "motion_state": false,
    "pose": [
      [
        -0.10019843961777715,
        -0.9949660295037892,
        -0.0016949429570210415,
        8.253622163091222
      ],
      [
        0.9949238443126266,
        -0.10020985345786398,
        0.009193981082080143,
        -15.038469762088425
      ],
      [
        -0.00931754883791275,
        -0.000765116604390193,
        0.9999562979851844,
        1.4189299471714634
      ],
      [
        0.0,
        0.0,
        0.0,
        1.0
      ]
    ],
    "location": [
      8.253622163091222,
      -15.038469762088425,
      1.4189299471714634
    ],
    "rotation": [
      -0.0007651498936685592,
      0.009317683663012517,
      1.6711675610113614
    ]
  },
  {
    "label_id": "M7C7zwJiceV-e8OIJRuKbw",
    "size": [
      0.5074151418358464,
      0.08388944527878506,
      0.6000000000000014
    ],
    "obj_class": "sign",
    "point_num_in_lidar": 20,
    "speed": 0.031957860274238616,
    "if_vehicle": false,
    "motion_state": false,
    "pose": [
      [
        -0.22900377926012042,
        -0.9734240577738741,
        -0.0016949429570210415,
        8.638167227123404
      ],
      [
        0.9733807449117484,
        -0.22900959837288987,
        0.009193981082080143,
        4.431209649237644
      ],
      [
        -0.009337800577867034,
        0.0004556315761543415,
        0.9999562979851844,
        2.259938482581937
      ],
      [
        0.0,
        0.0,
        0.0,
        1.0
      ]
    ],
    "location": [
      8.638167227123404,
      4.431209649237644,
      2.259938482581937
    ],
    "rotation": [
      0.0004556514575086109,
      0.009337936284031177,
      1.8018607259147594
    ]
  },
  {
    "label_id": "MyAUfK8qrWz8-Ndd-6UhVg",
    "size": [
      0.720140490357096,
      0.3479562038888118,
      1.0499999999999972
    ],
    "obj_class": "sign",
    "point_num_in_lidar": 22,
    "speed": 0.02120017139193151,
    "if_vehicle": false,
    "motion_state": false,
    "pose": [
      [
        -0.9977269712483716,
        0.06736481286193506,
        -0.0016949429570210415,
        12.103057933155696
      ],
      [
        -0.06737761030066858,
        -0.997685184986744,
        0.009193981082080143,
        5.654127026207789
      ],
      [
        -0.0010716686625670165,
        0.009287284104778673,
        0.9999562979851844,
        0.3850598026245393
      ],
      [
        0.0,
        0.0,
        0.0,
        1.0
      ]
    ],
    "location": [
      12.103057933155696,
      5.654127026207789,
      0.3850598026245393
    ],
    "rotation": [
      0.009287422953649156,
      0.0010716688676976722,
      -3.0741639205840485
    ]
  },
  {
    "label_id": "NdPelArZnGXiUa_wkMiATQ",
    "size": [
      0.939473836867077,
      0.866268146219321,
      2.049999999999997
    ],
    "obj_class": "pedestrian",
    "point_num_in_lidar": 44,
    "speed": 0.0,
    "if_vehicle": false,
    "motion_state": false,
    "pose": [
      [
        -0.4584141971596338,
        0.8887370539202588,
        -0.0016949429570210415,
        52.59608619225173
      ],
      [
        -0.888707911022358,
        -0.45838163095627976,
        0.009193981082080143,
        59.575350353514295
      ],
      [
        0.007394100943669336,
        0.005720960671078858,
        0.9999562979851844,
        0.4687579461121629
      ],
      [
        0.0,
        0.0,
        0.0,
        1.0
      ]
    ],
    "location": [
      52.59608619225173,
      59.575350353514295,
      0.4687579461121629
    ],
    "rotation": [
      0.005721148278036322,
      -0.007394168321272914,
      -2.0470204735649773
    ]
  },
  {
    "label_id": "PBPtoWWiZmUSarH7z_93VQ",
    "size": [
      0.5274503365652952,
      0.08355648896149048,
      0.509999999999998
    ],
    "obj_class": "sign",
    "point_num_in_lidar": 28,
    "speed": 0.1304056692725376,
    "if_vehicle": false,
    "motion_state": false,
    "pose": [
      [
        -0.9974600792546894,
        0.07120756604182776,
        -0.0016949429570210415,
        28.175585964739867
      ],
      [
        -0.07122020242457414,
        -0.9974182440072293,
        0.009193981082080143,
        49.440348699141396
      ],
      [
        -0.001035886012794811,
        0.00929134327929492,
        0.9999562979851844,
        2.2381793796690133
      ],
      [
        0.0,
        0.0,
        0.0,
        1.0
      ]
    ],
    "location": [
      28.175585964739867,
      49.440348699141396,
      2.2381793796690133
    ],
    "rotation": [
      0.009291481955279913,
      0.0010358861980561786,
      -3.0703120664344326
    ]
  },
  {
    "label_id": "UzRjOTVRec06lSAMK79AGg",
    "size": [
      2.1862905007105566,
      4.690650091409834,
      1.4663315120900506
    ],
    "obj_class": "vehicle",
    "point_num_in_lidar": 250,
    "speed": 1.5482938667227173e-28,
    "if_vehicle": true,
    "motion_state": false,
    "pose": [
      [
        0.9940476255073466,
        -0.10893321528155903,
        -0.0016949429570210415,
        -34.957158602152276
      ],
      [
        0.10894425817508388,
        0.9940053416971878,
        0.009193981082080143,
        46.4501791745588
      ],
      [
        0.0006832524326421248,
        -0.009323909366702972,
        0.9999562979851844,
        -0.03497573919673158
      ],
      [
        0.0,
        0.0,
        0.0,
        1.0
      ]
    ],
    "location": [
      -34.957158602152276,
      46.4501791745588,
      -0.03497573919673158
    ],
    "rotation": [
      -0.009324046644563167,
      -0.0006832524858030341,
      0.10916095017677097
    ]
  },
  {
    "label_id": "XH8EEUqMWDsB2IqwYEVCqg",
    "size": [
      0.777286135684996,
      0.12044237215146732,
      0.46637168141589314
    ],
    "obj_class": "sign",
    "point_num_in_lidar": 80,
    "speed": 0.013144611393363807,
    "if_vehicle": false,
    "motion_state": false,
    "pose": [
      [
        -0.005019380476899364,
        0.9999859663955293,
        -0.0016949429570210415,
        6.533958347696853
      ],
      [
        -0.9999452158866312,
        -0.0050035924395454385,
        0.009193981082080143,
        28.09621947917549
      ],
      [
        0.009185371253620915,
        0.0017409981902223052,
        0.9999562979851844,
        1.9555810460314618
      ],
      [
        0.0,
        0.0,
        0.0,
        1.0
      ]
    ],
    "location": [
      6.533958347696853,
      28.09621947917549,
      1.9555810460314618
    ],
    "rotation": [
      0.0017410725194169322,
      -0.009185500421753763,
      -1.5758159401098202
    ]
  },
  {
    "label_id": "Y9pQw1kOX1aM7nlzOdz2MQ",
    "size": [
      1.5565745696068887,
      0.1425648570649699,
      1.7299999999999969
    ],
    "obj_class": "sign",
    "point_num_in_lidar": 510,
    "speed": 0.004237109069499163,
    "if_vehicle": false,
    "motion_state": false,
    "pose": [
      [
        -0.9884039118516219,
        0.1518381842778151,
        -0.0016949429570210415,
        11.408083241248278
      ],
      [
        -0.1518473874436825,
        -0.9883611898685575,
        0.009193981082080143,
        48.54761368026266
      ],
      [
        -0.000279218443973017,
        0.009344739526907536,
        0.9999562979851844,
        0.30389152715746803
      ],
      [
        0.0,
        0.0,
        0.0,
        1.0
      ]
    ],
    "location": [
      11.408083241248278,
      48.54761368026266,
      0.30389152715746803
    ],
    "rotation": [
      0.009344875900123124,
      0.00027921844760113223,
      -2.9891555808346104
    ]
  },
  {
    "label_id": "YMCH2TkTYWdgEE8q3XIBEg",
    "size": [
      0.6750242326132154,
      0.6473499822288307,
      1.6199999999999974
    ],
    "obj_class": "pedestrian",
    "point_num_in_lidar": 34,
    "speed": 1.3473572260889508,
    "if_vehicle": false,
    "motion_state": true,
    "pose": [
      [
        -0.1385803977299336,
        -0.9903497364736288,
        -0.0016949429570210415,
        -10.838760633124139
      ],
      [
        0.9903071416442132,
        -0.1385901725243561,
        0.009193981082080143,
        8.172452591375986
      ],
      [
        -0.009340159178614088,
        -0.0004044085599413462,
        0.9999562979851844,
        0.49666941742047754
      ],
      [
        0.0,
        0.0,
        0.0,
        1.0
      ]
    ],
    "location": [
      -10.838760633124139,
      8.172452591375986,
      0.49666941742047754
    ],
    "rotation": [
      -0.00040442621213323014,
      0.009340294987639464,
      1.7098302680991524
    ]
  },
  {
    "label_id": "b6NI0yciWBZiww40xt4BNQ",
    "size": [
      2.7392385901862446,
      5.915526156687571,
      2.3682138818528387
    ],
    "obj_class": "vehicle",
    "point_num_in_lidar": 130,
    "speed": 3.3780971430640765e-28,
    "if_vehicle": true,
    "motion_state": false,
    "pose": [
      [
        -0.9984036795579644,
        0.05645546752520904,
        -0.0016949429570210415,
        32.473919906970195
      ],
      [
        -0.056468720930242335,
        -0.9983620356706101,
        0.009193981082080143,
        59.81873155956782
      ],
      [
        -0.0011731162005103285,
        0.00927501580296783,
        0.9999562979851844,
        0.38634039223674677
      ],
      [
        0.0,
        0.0,
        0.0,
        1.0
      ]
    ],
    "location": [
      32.473919906970195,
      59.81873155956782,
      0.38634039223674677
    ],
    "rotation": [
      0.00927515517250143,
      0.0011731164695845642,
      -3.0850938401401544
    ]
  },
  {
    "label_id": "c3POzVNyXEnuovQBHtzfjw",
    "size": [
      0.9163554137445011,
      0.8839332918725881,
      1.6102138473786525
    ],
    "obj_class": "pedestrian",
    "point_num_in_lidar": 268,
    "speed": 0.04772981082575459,
    "if_vehicle": false,
    "motion_state": false,
    "pose": [
      [
        0.9821308692900835,
        -0.18819161181061558,
        -0.0016949429570210415,
        -15.415568142678012
      ],
      [
        0.18819923293664806,
        0.982087836923928,
        0.009193981082080143,
        43.89140881493222
      ],
      [
        -6.564725642272911e-05,
        -0.009348679596762687,
        0.9999562979851844,
        -0.14857584829849202
      ],
      [
        0.0,
        0.0,
        0.0,
        1.0
      ]
    ],
    "location": [
      -15.415568142678012,
      43.89140881493222,
      -0.14857584829849202
    ],
    "rotation": [
      -0.009348815797951366,
      6.564725646988093e-05,
      0.18932829304121632
    ]
  },
  {
    "label_id": "dOzfdH28bWp78162th45ZQ",
    "size": [
      2.22504750778251,
      4.952390760509612,
      1.4772722474731381
    ],
    "obj_class": "vehicle",
    "point_num_in_lidar": 955,
    "speed": 0.09302997494280064,
    "if_vehicle": true,
    "motion_state": false,
    "pose": [
      [
        0.135702343582487,
        0.9907482026804758,
        -0.0016949429570210415,
        -8.236465040795338
      ],
      [
        -0.9907056364315974,
        0.1357122420952728,
        0.009193981082080143,
        24.35412780102706
      ],
      [
        0.009338944741470116,
        0.00043154476125945935,
        0.9999562979851844,
        0.11509525871873905
      ],
      [
        0.0,
        0.0,
        0.0,
        1.0
      ]
    ],
    "location": [
      -8.236465040795338,
      24.35412780102706,
      0.11509525871873905
    ],
    "rotation": [
      0.0004315635946667417,
      -0.009339080497526034,
      -1.4346680241720737
    ]
  },
  {
    "label_id": "e3SoTY4ZM2RgUcGSgbCw2Q",
    "size": [
      2.215539066553544,
      4.6419119317498865,
      1.793922421779314
    ],
    "obj_class": "vehicle",
    "point_num_in_lidar": 237,
    "speed": 2.929642751054232e-13,
    "if_vehicle": true,
    "motion_state": false,
    "pose": [
      [
        -0.04697085833716369,
        -0.9988948221086356,
        -0.0016949429570210415,
        6.381204424023963
      ],
      [
        0.9988533059699579,
        -0.04698450664578616,
        0.009193981082080143,
        10.562579060029748
      ],
      [
        -0.009263456156082988,
        -0.0012611501930900142,
        0.9999562979851844,
        0.45041869653379507
      ],
      [
        0.0,
        0.0,
        0.0,
        1.0
      ]
    ],
    "location": [
      6.381204424023963,
      10.562579060029748,
      0.45041869653379507
    ],
    "rotation": [
      -0.0012612046415964272,
      0.009263588646562392,
      1.6177864916480729
    ]
  },
  {
    "label_id": "eLUo0F52wL4hudq3-AynTQ",
    "size": [
      2.3554925008256924,
      5.367170119819076,
      1.96821388185284
    ],
    "obj_class": "vehicle",
    "point_num_in_lidar": 94,
    "speed": 2.2680162022724595,
    "if_vehicle": true,
    "motion_state": true,
    "pose": [
      [
        0.996977966502279,
        -0.07766634713537904,
        -0.0016949429570210415,
        45.030319910164735
      ],
      [
        0.07767871229769491,
        0.9969360502899041,
        0.009193981082080143,
        53.18337010642972
      ],
      [
        0.0009756868107623036,
        -0.009297857549592127,
        0.9999562979851844,
        0.20241136448562003
      ],
      [
        0.0,
        0.0,
        0.0,
        1.0
      ]
    ],
    "location": [
      45.030319910164735,
      53.18337010642972,
      0.20241136448562003
    ],
    "rotation": [
      -0.009297995947485926,
      -0.0009756869655656121,
      0.07775708092653573
    ]
  },
  {
    "label_id": "fSlk5jeQXY6tiYMoLySQDA",
    "size": [
      1.9519783021925192,
      4.2425275019101365,
      1.7076778351213875
    ],
    "obj_class": "vehicle",
    "point_num_in_lidar": 264,
    "speed": 0.061636016619670254,
    "if_vehicle": true,
    "motion_state": false,
    "pose": [
      [
        -0.9978568811362034,
        0.06541232252031147,
        -0.0016949429570210415,
        -39.981684341894834
      ],
      [
        -0.06542520170228695,
        -0.9978151199967243,
        0.009193981082080143,
        54.47308794331184
      ],
      [
        -0.0010898400542608845,
        0.009285169272626721,
        0.9999562979851844,
        0.2337344503701857
      ],
      [
        0.0,
        0.0,
        0.0,
        1.0
      ]
    ],
    "location": [
      -39.981684341894834,
      54.47308794331184,
      0.2337344503701857
    ],
    "rotation": [
      0.009285308211449371,
      0.0010898402700041645,
      -3.0761206478536707
    ]
  },
  {
    "label_id": "fwu2l9rbw4VbqDoPx91Eow",
    "size": [
      0.7856885754143752,
      0.09106751623065597,
      0.5132061658348519
    ],
    "obj_class": "sign",
    "point_num_in_lidar": 31,
    "speed": 0.022308101925310964,
    "if_vehicle": false,
    "motion_state": false,
    "pose": [
      [
        0.20681911220896113,
        -0.9783777297104987,
        -0.0016949429570210415,
        5.781123312729051
      ],
      [
        0.9783410061602316,
        0.20679542155775185,
        0.009193981082080143,
        38.21892502923765
      ],
      [
        -0.008644679894773336,
        -0.0035597232030179626,
        0.9999562979851844,
        1.8215768251692097
      ],
      [
        0.0,
        0.0,
        0.0,
        1.0
      ]
    ],
    "location": [
      5.781123312729051,
      38.21892502923765,
      1.8215768251692097
    ],
    "rotation": [
      -0.0035598637392049676,
      0.008644787568589074,
      1.3624657726140843
    ]
  },
  {
    "label_id": "gzHVXsws0eboEaFBL3fSzQ",
    "size": [
      0.7296529799010247,
      0.8022160096950426,
      1.7100000000000009
    ],
    "obj_class": "pedestrian",
    "point_num_in_lidar": 53,
    "speed": 1.319172618540775,
    "if_vehicle": false,
    "motion_state": true,
    "pose": [
      [
        -0.16072236205848145,
        -0.9869982013675177,
        -0.0016949429570210415,
        -11.48857615527777
      ],
      [
        0.9869553983336591,
        -0.1607311805839509,
        0.009193981082080143,
        8.014266492667957
      ],
      [
        -0.00934687297392453,
        -0.00019515474506661808,
        0.9999562979851844,
        0.8418410090260124
      ],
      [
        0.0,
        0.0,
        0.0,
        1.0
      ]
    ],
    "location": [
      -11.48857615527777,
      8.014266492667957,
      0.8418410090260124
    ],
    "rotation": [
      -0.00019516327161707542,
      0.009347009076030614,
      1.7322259265329396
    ]
  },
  {
    "label_id": "ho3rcpWrA33tetBa8wR4Pg",
    "size": [
      0.6359592087323295,
      0.6286638680823156,
      1.6188524052985755
    ],
    "obj_class": "pedestrian",
    "point_num_in_lidar": 53,
    "speed": 3.552713678800501e-14,
    "if_vehicle": false,
    "motion_state": false,
    "pose": [
      [
        -0.14464125063311642,
        0.989482711210085,
        -0.0016949429570210415,
        -12.57336487916109
      ],
      [
        -0.9894445653137862,
        -0.14461992560804,
        0.009193981082080143,
        7.36384306333639
      ],
      [
        0.008852162803556638,
        0.003006881019350633,
        0.9999562979851844,
        0.6200680395611613
      ],
      [
        0.0,
        0.0,
        0.0,
        1.0
      ]
    ],
    "location": [
      -12.57336487916109,
      7.36384306333639,
      0.6200680395611613
    ],
    "rotation": [
      0.0030070033686421267,
      -0.008852278418039814,
      -1.715952455341002
    ]
  },
  {
    "label_id": "iK821UNKaU58mEdNH7bCAg",
    "size": [
      0.6736724280060851,
      0.5654848181123928,
      1.1000000000000014
    ],
    "obj_class": "sign",
    "point_num_in_lidar": 64,
    "speed": 1.421529491362787e-12,
    "if_vehicle": false,
    "motion_state": false,
    "pose": [
      [
        -0.10233747794982727,
        -0.9947482936779741,
        -0.0016949429570210415,
        -10.359018133467089
      ],
      [
        0.9947060840434979,
        -0.10234880106142863,
        0.009193981082080143,
        23.398864004038842
      ],
      [
        -0.009319172373025413,
        -0.0007450812351970013,
        0.9999562979851844,
        -0.015079578159721052
      ],
      [
        0.0,
        0.0,
        0.0,
        1.0
      ]
    ],
    "location": [
      -10.359018133467089,
      23.398864004038842,
      -0.015079578159721052
    ],
    "rotation": [
      -0.0007451136602769154,
      0.009319307268617046,
      1.6733177488524573
    ]
  },
  {
    "label_id": "iMO8XPPJOQopigo1OG2RUg",
    "size": [
      0.5857817631658352,
      0.5345773345299226,
      1.5950292733247764
    ],
    "obj_class": "pedestrian",
    "point_num_in_lidar": 40,
    "speed": 7.050272937767837e-07,
    "if_vehicle": false,
    "motion_state": false,
    "pose": [
      [
        -0.9987130303265844,
        0.050689350205574205,
        -0.0016949429570210415,
        -13.83125456343123
      ],
      [
        -0.050702843857855645,
        -0.9986714636638959,
        0.009193981082080143,
        23.761001085807948
      ],
      [
        -0.0012266542368620308,
        0.00926808713534736,
        0.9999562979851844,
        0.21350228738436527
      ],
      [
        0.0,
        0.0,
        0.0,
        1.0
      ]
    ],
    "location": [
      -13.83125456343123,
      23.761001085807948,
      0.21350228738436527
    ],
    "rotation": [
      0.009268226797697723,
      0.0012266545444827148,
      -3.090868022070933
    ]
  },
  {
    "label_id": "jCjquE8-FjABU4aeRJWSqQ",
    "size": [
      0.5813068380702836,
      0.09089592981572317,
      0.6000000000000014
    ],
    "obj_class": "sign",
    "point_num_in_lidar": 39,
    "speed": 0.01610603159267817,
    "if_vehicle": false,
    "motion_state": false,
    "pose": [
      [
        -0.034547689298555076,
        -0.9994016131328302,
        -0.0016949429570210415,
        -11.622723264246588
      ],
      [
        0.9993602698964263,
        -0.034561852733965004,
        0.009193981082080143,
        36.83225262306223
      ],
      [
        -0.009247059893416652,
        -0.0013762278491470969,
        0.9999562979851844,
        1.8497735118291416
      ],
      [
        0.0,
        0.0,
        0.0,
        1.0
      ]
    ],
    "location": [
      -11.622723264246588,
      36.83225262306223,
      1.8497735118291416
    ],
    "rotation": [
      -0.0013762871267326063,
      0.009247191681600453,
      1.6053523701760264
    ]
  },
  {
    "label_id": "kl6OZnUr7FMaib_vCX4org",
    "size": [
      0.776717598688621,
      0.3510486088676036,
      1.1099999999999994
    ],
    "obj_class": "sign",
    "point_num_in_lidar": 131,
    "speed": 1.225967064380232e-06,
    "if_vehicle": false,
    "motion_state": false,
    "pose": [
      [
        -0.03376383346100081,
        -0.9994284019970566,
        -0.0016949429570210415,
        -11.220231337886844
      ],
      [
        0.9993870698819572,
        -0.033778029318155656,
        0.009193981082080143,
        34.8837593157441
      ],
      [
        -0.009245977653749385,
        -0.001383480029335373,
        0.9999562979851844,
        -0.23941929547477514
      ],
      [
        0.0,
        0.0,
        0.0,
        1.0
      ]
    ],
    "location": [
      -11.220231337886844,
      34.8837593157441,
      -0.23941929547477514
    ],
    "rotation": [
      -0.0013835396100596753,
      0.009246109395665498,
      1.60456802277644
    ]
  },
  {
    "label_id": "lLNzlQwvuqVjvE6i_V72ww",
    "size": [
      2.356000289077575,
      5.907938778904348,
      2.3115983138329668
    ],
    "obj_class": "vehicle",
    "point_num_in_lidar": 105,
    "speed": 9.151846711108893,
    "if_vehicle": true,
    "motion_state": true,
    "pose": [
      [
        -0.07815231434702499,
        -0.9969399896335668,
        -0.0016949429570210415,
        4.91643957788142
      ],
      [
        0.9968980673987792,
        -0.07816465907583393,
        0.009193981082080143,
        -21.335911574802594
      ],
      [
        -0.009298332043048722,
        -0.0009711544585781198,
        0.9999562979851844,
        1.464895492157595
      ],
      [
        0.0,
        0.0,
        0.0,
        1.0
      ]
    ],
    "location": [
      4.91643957788142,
      -21.335911574802594,
      1.464895492157595
    ],
    "rotation": [
      -0.0009711965964877972,
      0.009298466035644113,
      1.6490318059162816
    ]
  },
  {
    "label_id": "nIflfxa4C8DxMvjsHgEFRw",
    "size": [
      2.1297187759872083,
      5.000213637888109,
      1.5364430207010855
    ],
    "obj_class": "vehicle",
    "point_num_in_lidar": 70,
    "speed": 0.0246918087175976,
    "if_vehicle": true,
    "motion_state": false,
    "pose": [
      [
        -0.1001984396171855,
        -0.9949660295038487,
        -0.0016949429570210415,
        6.60111516474808
      ],
      [
        0.9949238443126862,
        -0.10020985345727237,
        0.009193981082080143,
        4.2127656922803
      ],
      [
        -0.009317548837912294,
        -0.0007651166043957335,
        0.9999562979851844,
        0.42915839707286807
      ],
      [
        0.0,
        0.0,
        0.0,
        1.0
      ]
    ],
    "location": [
      6.60111516474808,
      4.2127656922803,
      0.42915839707286807
    ],
    "rotation": [
      -0.0007651498936740999,
      0.00931768366301206,
      1.6711675610107668
    ]
  },
  {
    "label_id": "nJ9ixIFXA5MXpTlWNgnlUg",
    "size": [
      0.7622913343030554,
      0.5963576801591205,
      1.755029273324773
    ],
    "obj_class": "pedestrian",
    "point_num_in_lidar": 278,
    "speed": 0.003421769278453204,
    "if_vehicle": false,
    "motion_state": false,
    "pose": [
      [
        -0.9953599680122073,
        0.09620634722880916,
        -0.0016949429570210415,
        -16.404926495967402
      ],
      [
        -0.09621793020210485,
        -0.9953178289468573,
        0.009193981082080143,
        36.712591342440646
      ],
      [
        -0.0008024876077732443,
        0.00931440461889933,
        0.9999562979851844,
        0.18210619413819984
      ],
      [
        0.0,
        0.0,
        0.0,
        1.0
      ]
    ],
    "location": [
      -16.404926495967402,
      36.712591342440646,
      0.18210619413819984
    ],
    "rotation": [
      0.009314542306857207,
      0.0008024876939051148,
      -3.045225607825688
    ]
  },
  {
    "label_id": "nU0auBR5nl4XSMT9UA4Tpg",
    "size": [
      3.0110832539020285,
      7.279748086054844,
      2.8682138818528244
    ],
    "obj_class": "vehicle",
    "point_num_in_lidar": 357,
    "speed": 0.14662818666572072,
    "if_vehicle": true,
    "motion_state": false,
    "pose": [
      [
        -0.9984036795579715,
        0.056455467525084235,
        -0.0016949429570210415,
        44.80274354583048
      ],
      [
        -0.056468720930117525,
        -0.9983620356706173,
        0.009193981082080143,
        60.142649037372394
      ],
      [
        -0.0011731162005114881,
        0.009275015802967685,
        0.9999562979851844,
        0.7763403973466154
      ],
      [
        0.0,
        0.0,
        0.0,
        1.0
      ]
    ],
    "location": [
      44.80274354583048,
      60.142649037372394,
      0.7763403973466154
    ],
    "rotation": [
      0.009275155172501284,
      0.001173116469585724,
      -3.085093840140279
    ]
  },
  {
    "label_id": "pdUa5SYgjcgD0TDMBTMdpA",
    "size": [
      2.106731684363166,
      4.356208741592688,
      1.3984952537723458
    ],
    "obj_class": "vehicle",
    "point_num_in_lidar": 655,
    "speed": 0.07230260883480445,
    "if_vehicle": true,
    "motion_state": false,
    "pose": [
      [
        -0.16076500276965713,
        -0.9869912568269511,
        -0.0016949429570210415,
        5.090301109866232
      ],
      [
        0.9869484534121495,
