[
  {
    "label_id": "0-gFFwLHDFdIB2aYMAKcoQ",
    "size": [
      0.5074151418358459,
      0.08388944527878506,
      0.5600000000000023
    ],
    "obj_class": "sign",
    "point_num_in_lidar": 26,
    "speed": 0.016939855006869023,
    "if_vehicle": false,
    "motion_state": false,
    "pose": [
      [
        -0.22900125125733695,
        -0.973413312017822,
        -0.004995088494527058,
        8.5973932955269
      ],
      [
        0.9732477159595162,
        -0.22905450655063556,
        0.01796987502543458,
        4.440561613324462
      ],
      [
        -0.018636263095345273,
        -0.0007463346025516289,
        0.9998260512121607,
        2.854388378979401
      ],
      [
        0.0,
        0.0,
        0.0,
        1.0
      ]
    ],
    "location": [
      8.5973932955269,
      4.440561613324462,
      2.854388378979401
    ],
    "rotation": [
      -0.0007464643104921548,
      0.018637342025007095,
      1.8018887354237132
    ]
  },
  {
    "label_id": "1eK3OmHl_2tqAnFvzWn4tA",
    "size": [
      2.24409056850351,
      4.881987409548864,
      1.4872722474731432
    ],
    "obj_class": "vehicle",
    "point_num_in_lidar": 2936,
    "speed": 0.05384095729553195,
    "if_vehicle": true,
    "motion_state": false,
    "pose": [
      [
        0.09390725345105357,
        0.9955684189648701,
        -0.004995088494527058,
        -7.10575369856042
      ],
      [
        -0.995411648250832,
        0.0939826266824471,
        0.01796987502543458,
        7.390806539604455
      ],
      [
        0.018359691605295134,
        0.003284667662998703,
        0.9998260512121607,
        0.3946617830699708
      ],
      [
        0.0,
        0.0,
        0.0,
        1.0
      ]
    ],
    "location": [
      -7.10575369856042,
      7.390806539604455,
      0.3946617830699708
    ],
    "rotation": [
      0.003285227307467002,
      -0.018360723203979624,
      -1.476734600086392
    ]
  },
  {
    "label_id": "1yaIJWr37eHUtmYcb-ixqQ",
    "size": [
      0.9521050738759994,
      0.09268519735418204,
      1.2299999999999969
    ],
    "obj_class": "sign",
    "point_num_in_lidar": 65,
    "speed": 0.021740776308604614,
    "if_vehicle": false,
    "motion_state": false,
    "pose": [
      [
        -0.12753116941418235,
        -0.9918219849946778,
        -0.004995088494527058,
        -6.318689836090698
      ],
      [
        0.9916627543097548,
        -0.12760119633593198,
        0.01796987502543458,
        -30.23226296262692
      ],
      [
        -0.018460296385538318,
        -0.0026617240382832874,
        0.9998260512121607,
        3.875202582864972
      ],
      [
        0.0,
        0.0,
        0.0,
        1.0
      ]
    ],
    "location": [
      -6.318689836090698,
      -30.23226296262692,
      3.875202582864972
    ],
    "rotation": [
      -0.002662180833346394,
      0.018461345037482667,
      1.6986976645595684
    ]
  },
  {
    "label_id": "46ZddQXs6mtOXSiX4Xuk4A",
    "size": [
      1.8700097023729136,
      4.3588427751254395,
      1.6140189276900898
    ],
    "obj_class": "vehicle",
    "point_num_in_lidar": 84,
    "speed": 2.929642751054232e-13,
    "if_vehicle": true,
    "motion_state": false,
    "pose": [
      [
        -0.10019733351326048,
        -0.9949550459431643,
        -0.004995088494527058,
        7.640549380704897
      ],
      [
        0.9947978020039917,
        -0.10027171445426195,
        0.01796987502543458,
        -8.622329005116626
      ],
      [
        -0.01838008391872117,
        -0.003168569494055867,
        0.9998260512121607,
        0.7823985512846008
      ],
      [
        0.0,
        0.0,
        0.0,
        1.0
      ]
    ],
    "location": [
      7.640549380704897,
      -8.622329005116626,
      0.7823985512846008
    ],
    "rotation": [
      -0.003169110149329594,
      0.01838111895899846,
      1.6711790922126744
    ]
  },
  {
    "label_id": "7Rmbrf_QC8HYMBMvc67d_A",
    "size": [
      0.8992428883502195,
      1.1317922750854086,
      1.8688524052985755
    ],
    "obj_class": "pedestrian",
    "point_num_in_lidar": 45,
    "speed": 1.6210145023479694,
    "if_vehicle": false,
    "motion_state": true,
    "pose": [
      [
        0.08813406940312533,
        0.9960960972222392,
        -0.004995088494527058,
        -10.631160025546933
      ],
      [
        -0.9959397661036713,
        0.08821035021432996,
        0.01796987502543458,
        -14.27133977534686
      ],
      [
        0.01834034088586058,
        0.003391049054249278,
        0.9998260512121607,
        1.1667879325084556
      ],
      [
        0.0,
        0.0,
        0.0,
        1.0
      ]
    ],
    "location": [
      -10.631160025546933,
      -14.27133977534686,
      1.1667879325084556
    ],
    "rotation": [
      0.0033916260209183972,
      -0.01834136922580469,
      -1.4825328737240926
    ]
  },
  {
    "label_id": "9lYwPu5yc5uujsti712OXw",
    "size": [
      0.835185397899384,
      0.9282536612455977,
      1.8999999999999986
    ],
    "obj_class": "pedestrian",
    "point_num_in_lidar": 253,
    "speed": 1.1655801896531937,
    "if_vehicle": false,
    "motion_state": true,
    "pose": [
      [
        0.2202420964740039,
        0.9754324518036436,
        -0.004995088494527058,
        -12.270127438689542
      ],
      [
        -0.9752673411414121,
        0.22029683814011194,
        0.01796987502543458,
        10.01287114393017
      ],
      [
        0.018628801456239078,
        0.0009138237258459074,
        0.9998260512121607,
        0.6866694174205037
      ],
      [
        0.0,
        0.0,
        0.0,
        1.0
      ]
    ],
    "location": [
      -12.270127438689542,
      10.01287114393017,
      0.6866694174205037
    ],
    "rotation": [
      0.0009139824575280261,
      -0.018629879090330214,
      -1.3486944845886115
    ]
  },
  {
    "label_id": "BCFugmMeTE1MZhUx7Md3MA",
    "size": [
      1.975513370217859,
      5.636981406052898,
      2.0752408288585755
    ],
    "obj_class": "vehicle",
    "point_num_in_lidar": 1860,
    "speed": 0.037807775024992114,
    "if_vehicle": true,
    "motion_state": false,
    "pose": [
      [
        0.07775384479026061,
        0.9969600737799201,
        -0.004995088494527058,
        -6.968505420079737
      ],
      [
        -0.9968045456912594,
        0.0778317498249396,
        0.01796987502543458,
        0.051716546946408926
      ],
      [
        0.01830402440923267,
        0.003581900043846661,
        0.9998260512121607,
        0.77127858397224
      ],
      [
        0.0,
        0.0,
        0.0,
        1.0
      ]
    ],
    "location": [
      -6.968505420079737,
      0.051716546946408926,
      0.77127858397224
    ],
    "rotation": [
      0.0035825078929373885,
      -0.01830504665187582,
      -1.4929508544727899
    ]
  },
  {
    "label_id": "BhQ3l28Gc10ONPRWnXjzgg",
    "size": [
      0.8141605972513168,
      1.142668182000707,
      1.718852405298577
    ],
    "obj_class": "pedestrian",
    "point_num_in_lidar": 48,
    "speed": 1.6409896657207599,
    "if_vehicle": false,
    "motion_state": true,
    "pose": [
      [
        0.04699268311270549,
        0.9988827442822308,
        -0.004995088494527058,
        -10.095012930810299
      ],
      [
        -0.998729690937692,
        0.047075344194940624,
        0.01796987502543458,
        -18.169565740345206
      ],
      [
        0.018184943589978866,
        0.004144290545700264,
        0.9998260512121607,
        1.176506004662457
      ],
      [
        0.0,
        0.0,
        0.0,
        1.0
      ]
    ],
    "location": [
      -10.095012930810299,
      -18.169565740345206,
      1.176506004662457
    ],
    "rotation": [
      0.004144987827034114,
      -0.01818594600891054,
      -1.5237785501379284
    ]
  },
  {
    "label_id": "G-TxU3ng_fUHgcrddwVbtA",
    "size": [
      0.740785502565941,
      0.9350570491587076,
      1.676242476920173
    ],
    "obj_class": "pedestrian",
    "point_num_in_lidar": 66,
    "speed": 1.2984349672883257,
    "if_vehicle": false,
    "motion_state": true,
    "pose": [
      [
        0.0769602514243815,
        0.9970216491087983,
        -0.004995088494527058,
        -11.4562231572761
      ],
      [
        -0.9968661830809189,
        0.0770382802329471,
        0.01796987502543458,
        -0.7103792753623566
      ],
      [
        0.018301167459367544,
        0.0035964687016684428,
        0.9998260512121607,
        0.8449758984082436
      ],
      [
        0.0,
        0.0,
        0.0,
        1.0
      ]
    ],
    "location": [
      -11.4562231572761,
      -0.7103792753623566,
      0.8449758984082436
    ],
    "rotation": [
      0.0035970788976276142,
      -0.018302189223372737,
      -1.4937469712626248
    ]
  },
  {
    "label_id": "InPwvU2homAc1AtpmC4pDQ",
    "size": [
      2.116618505752917,
      4.313385827928875,
      1.7074263757876054
    ],
    "obj_class": "vehicle",
    "point_num_in_lidar": 153,
    "speed": 14.771170582081924,
    "if_vehicle": true,
    "motion_state": true,
    "pose": [
      [
        0.08053276623838383,
        0.9967394457193542,
        -0.004995088494527058,
        2.1641162988419183
      ],
      [
        -0.9965837010593125,
        0.08061023740501543,
        0.01796987502543458,
        -22.200512624647672
      ],
      [
        0.01831393854190062,
        0.003530860034238271,
        0.9998260512121607,
        1.165624250241457
      ],
      [
        0.0,
        0.0,
        0.0,
        1.0
      ]
    ],
    "location": [
      2.1641162988419183,
      -22.200512624647672,
      1.165624250241457
    ],
    "rotation": [
      0.003531459649322279,
      -0.01831496244666354,
      -1.490162703169933
    ]
  },
  {
    "label_id": "Kn0RnWXHMkuVO9dGiGe3HQ",
    "size": [
      2.7036649749499557,
      5.803628056546428,
      2.725293277478478
    ],
    "obj_class": "vehicle",
    "point_num_in_lidar": 291,
    "speed": 0.02461829696818421,
    "if_vehicle": true,
    "motion_state": false,
    "pose": [
      [
        -0.1001973335140421,
        -0.9949550459430856,
        -0.004995088494527058,
        8.20624070355575
      ],
      [
        0.994797802003913,
        -0.10027171445504345,
        0.01796987502543458,
        -15.069820119701035
      ],
      [
        -0.018380083918723658,
        -0.0031685694940414275,
        0.9998260512121607,
        1.418929947171499
      ],
      [
        0.0,
        0.0,
        0.0,
        1.0
      ]
    ],
    "location": [
      8.20624070355575,
      -15.069820119701035,
      1.418929947171499
    ],
    "rotation": [
      -0.003169110149315152,
      0.018381118959000946,
      1.6711790922134602
    ]
  },
  {
    "label_id": "M7C7zwJiceV-e8OIJRuKbw",
    "size": [
      0.5074151418358459,
      0.08388944527878506,
      0.6000000000000014
    ],
    "obj_class": "sign",
    "point_num_in_lidar": 111,
    "speed": 0.0172463337608518,
    "if_vehicle": false,
    "motion_state": false,
    "pose": [
      [
        -0.22900125125733695,
        -0.973413312017822,
        -0.004995088494527058,
        8.598874965879077
      ],
      [
        0.9732477159595162,
        -0.22905450655063556,
        0.01796987502543458,
        4.442284065269632
      ],
      [
        -0.018636263095345273,
        -0.0007463346025516289,
        0.9998260512121607,
        2.2553788388511435
      ],
      [
        0.0,
        0.0,
        0.0,
        1.0
      ]
    ],
    "location": [
      8.598874965879077,
      4.442284065269632,
      2.2553788388511435
    ],
    "rotation": [
      -0.0007464643104921548,
      0.018637342025007095,
      1.8018887354237132
    ]
  },
  {
    "label_id": "MczOFaRiOEUD_vOsJwKQaA",
    "size": [
      2.021062650608422,
      4.810917017073292,
      1.4448945068278505
    ],
    "obj_class": "vehicle",
    "point_num_in_lidar": 45,
    "speed": 0.022467176496591926,
    "if_vehicle": true,
    "motion_state": false,
    "pose": [
      [
        -0.07235077840954812,
        -0.9973667399479813,
        -0.004995088494527058,
        10.185405698250634
      ],
      [
        0.9972116362627815,
        -0.07242952501346368,
        0.01796987502543458,
        -43.45002861766443
      ],
      [
        -0.01828434755844915,
        -0.003681025924892232,
        0.9998260512121607,
        1.2991293324968822
      ],
      [
        0.0,
        0.0,
        0.0,
        1.0
      ]
    ],
    "location": [
      10.185405698250634,
      -43.45002861766443,
      1.2991293324968822
    ],
    "rotation": [
      -0.003681649711838468,
      0.018285366507568193,
      1.6432225048985634
    ]
  },
  {
    "label_id": "MyAUfK8qrWz8-Ndd-6UhVg",
    "size": [
      0.7201404903570946,
      0.3479562038888118,
      1.0499999999999972
    ],
    "obj_class": "sign",
    "point_num_in_lidar": 41,
    "speed": 0.02023086418898793,
    "if_vehicle": false,
    "motion_state": false,
    "pose": [
      [
        -0.9977159572092701,
        0.06736406921290901,
        -0.004995088494527058,
        12.071781847795592
      ],
      [
        -0.06744359019136936,
        -0.9975612491138922,
        0.01796987502543458,
        5.691542862481583
      ],
      [
        -0.0037723828130741435,
        0.018265717763326927,
        0.9998260512121607,
        0.3793089389257176
      ],
      [
        0.0,
        0.0,
        0.0,
        1.0
      ]
    ],
    "location": [
      12.071781847795592,
      5.691542862481583,
      0.3793089389257176
    ],
    "rotation": [
      0.018266863592327057,
      0.003772391760514322,
      -3.0740973480559304
    ]
  },
  {
    "label_id": "RW1h8pkgwsPTQlzyEdXiow",
    "size": [
      0.8287961078561941,
      0.8205065068317773,
      1.6288524052985736
    ],
    "obj_class": "pedestrian",
    "point_num_in_lidar": 182,
    "speed": 0.03529149379714584,
    "if_vehicle": false,
    "motion_state": false,
    "pose": [
      [
        -0.9961449589025884,
        0.0875800773229404,
        -0.004995088494527058,
        -17.93470119587778
      ],
      [
        -0.08765644506583783,
        -0.9959886702317401,
        0.01796987502543458,
        19.813359983812916
      ],
      [
        -0.003401248503142733,
        0.01833845211891569,
        0.9998260512121607,
        0.4748561508552669
      ],
      [
        0.0,
        0.0,
        0.0,
        1.0
      ]
    ],
    "location": [
      -17.93470119587778,
      19.813359983812916,
      0.4748561508552669
    ],
    "rotation": [
      0.01833958623402593,
      0.0034012550610625376,
      -3.053823056007917
    ]
  },
  {
    "label_id": "YC-GkZvNrYchckx8d4PMKQ",
    "size": [
      2.010774214502263,
      4.02043724942621,
      1.6445065240339432
    ],
    "obj_class": "vehicle",
    "point_num_in_lidar": 50,
    "speed": 0.023809645434822,
    "if_vehicle": true,
    "motion_state": false,
    "pose": [
      [
        0.10059250039907192,
        0.9949151712354146,
        -0.004995088494527058,
        -4.878565187293361
      ],
      [
        -0.9947578977661315,
        0.10066681888028894,
        0.01796987502543458,
        -25.26053933023104
      ],
      [
        0.01838134095677882,
        0.003161269069304227,
        0.9998260512121607,
        1.0403191071789593
      ],
      [
        0.0,
        0.0,
        0.0,
        1.0
      ]
    ],
    "location": [
      -4.878565187293361,
      -25.26053933023104,
      1.0403191071789593
    ],
    "rotation": [
      0.003161808527620722,
      -0.018382376209455452,
      -1.4700163177100078
    ]
  },
  {
    "label_id": "YMCH2TkTYWdgEE8q3XIBEg",
    "size": [
      0.6750242326133372,
      0.6473499822288307,
      1.6199999999999974
    ],
    "obj_class": "pedestrian",
    "point_num_in_lidar": 105,
    "speed": 1.211268719874902,
    "if_vehicle": false,
    "motion_state": true,
    "pose": [
      [
        -0.1943533172282678,
        -0.9809188739000285,
        -0.004995088494527058,
        -11.159290218952265
      ],
      [
        0.9807552696158449,
        -0.19441240884347274,
        0.01796987502543458,
        11.068833908671877
      ],
      [
        -0.01859809676068086,
        -0.0014064545418342761,
        0.9998260512121607,
        0.49666941742049175
      ],
      [
        0.0,
        0.0,
        0.0,
        1.0
      ]
    ],
    "location": [
      -11.159290218952265,
      11.068833908671877,
      0.49666941742049175
    ],
    "rotation": [
      -0.0014066983076021407,
      0.018599169074406376,
      1.7664287549179605
    ]
  },
  {
    "label_id": "aFdj7fOiFejXkhWxdgC_AQ",
    "size": [
      0.9121538735755164,
      0.8866121494929322,
      1.7299999999999969
    ],
    "obj_class": "pedestrian",
    "point_num_in_lidar": 39,
    "speed": 1.2601741059596347,
    "if_vehicle": false,
    "motion_state": true,
    "pose": [
      [
        -0.2961278342414775,
        -0.9551352547563009,
        -0.004995088494527058,
        13.319459726248624
      ],
      [
        0.9549663566503649,
        -0.29616944686698926,
        0.01796987502543458,
        -25.322706024011495
      ],
      [
        -0.018643053756833092,
        0.0005512387121072966,
        0.9998260512121607,
        1.2303800284670885
      ],
      [
        0.0,
        0.0,
        0.0,
        1.0
      ]
    ],
    "location": [
      13.319459726248624,
      -25.322706024011495,
      1.2303800284670885
    ],
    "rotation": [
      0.0005513345602324353,
      0.018644133866465483,
      1.8714863171924598
    ]
  },
  {
    "label_id": "aRabAmGdRRZDbmFNAdMYpA",
    "size": [
      0.634746579380687,
      0.44083906771219405,
      1.7100000000000009
    ],
    "obj_class": "pedestrian",
    "point_num_in_lidar": 36,
    "speed": 0.02423965824743549,
    "if_vehicle": false,
    "motion_state": false,
    "pose": [
      [
        0.7003946337358753,
        0.7137383316909081,
        -0.004995088494527058,
        11.549902205819308
      ],
      [
        -0.7135691137673916,
        0.7003543413649904,
        0.01796987502543458,
        -16.53694128765528
      ],
      [
        0.016324120533992133,
        -0.00902166316648934,
        0.9998260512121607,
        0.9878888564963901
      ],
      [
        0.0,
        0.0,
        0.0,
        1.0
      ]
    ],
    "location": [
      11.549902205819308,
      -16.53694128765528,
      0.9878888564963901
    ],
    "rotation": [
      -0.009022987872135855,
      -0.016324845621147055,
      -0.794715303834013
    ]
  },
  {
    "label_id": "e3SoTY4ZM2RgUcGSgbCw2Q",
    "size": [
      2.2155390665535437,
      4.6419119317498865,
      1.793922421779314
    ],
    "obj_class": "vehicle",
    "point_num_in_lidar": 3531,
    "speed": 0.002064746028201197,
    "if_vehicle": true,
    "motion_state": false,
    "pose": [
      [
        -0.04697033981968799,
        -0.9988837951774745,
        -0.004995088494527058,
        6.381204424024418
      ],
      [
        0.9987307436819597,
        -0.04705300432544134,
        0.01796987502543458,
        10.562579060029748
      ],
      [
        -0.018184850884809953,
        -0.004144697310434223,
        0.9998260512121607,
        0.45041869653379507
      ],
      [
        0.0,
        0.0,
        0.0,
        1.0
      ]
    ],
    "location": [
      6.381204424024418,
      10.562579060029748,
      0.45041869653379507
    ],
    "rotation": [
      -0.00414539465554616,
      0.018185853288409465,
      1.6177917316723207
    ]
  },
  {
    "label_id": "eUvjCEr44xj0JhoTK13GOw",
    "size": [
      0.9033761271741879,
      1.2275531915227762,
      1.8088524052985733
    ],
    "obj_class": "pedestrian",
    "point_num_in_lidar": 20,
    "speed": 1.4162104344862994,
    "if_vehicle": false,
    "motion_state": true,
    "pose": [
      [
        0.14069852415630216,
        0.9900398852526953,
        -0.004995088494527058,
        -5.887214175268809
      ],
      [
        -0.9898797381575322,
        0.14076642915392062,
        0.01796987502543458,
        -50.290396244057774
      ],
      [
        0.018494033778868938,
        0.0024162019956843073,
        0.9998260512121607,
        1.6762023810004933
      ],
      [
        0.0,
        0.0,
        0.0,
        1.0
      ]
    ],
    "location": [
      -5.887214175268809,
      -50.290396244057774,
      1.6762023810004933
    ],
    "rotation": [
      0.002416617659822236,
      -0.018495088191357947,
      -1.429605095300404
    ]
  },
  {
    "label_id": "gzHVXsws0eboEaFBL3fSzQ",
    "size": [
      0.7296529799019271,
      0.8022160096950426,
      1.7100000000000009
    ],
    "obj_class": "pedestrian",
    "point_num_in_lidar": 157,
    "speed": 1.306511045418303,
    "if_vehicle": false,
    "motion_state": true,
    "pose": [
      [
        -0.20275223085232025,
        -0.979217331329128,
        -0.004995088494527058,
        -11.836347659747616
      ],
      [
        0.9790532266628331,
        -0.20280991827981543,
        0.01796987502543458,
        10.982971166942662
      ],
      [
        -0.018609466556099477,
        -0.0012470252584888535,
        0.9998260512121607,
        0.8418410090260409
      ],
      [
        0.0,
        0.0,
        0.0,
        1.0
      ]
    ],
    "location": [
      -11.836347659747616,
      10.982971166942662,
      0.8418410090260409
    ],
    "rotation": [
      -0.0012472415680187298,
      0.018610540837882963,
      1.7749999027975207
    ]
  },
  {
    "label_id": "ho3rcpWrA33tetBa8wR4Pg",
    "size": [
      0.635959208732326,
      0.6286638680823156,
      1.6188524052985755
    ],
    "obj_class": "pedestrian",
    "point_num_in_lidar": 208,
    "speed": 0.00029855138286218774,
    "if_vehicle": false,
    "motion_state": false,
    "pose": [
      [
        -0.14463965391934963,
        0.9894717881804526,
        -0.004995088494527058,
        -12.573364879160636
      ],
      [
        -0.9893373386450236,
        -0.1445292840719561,
        0.01796987502543458,
        7.363843063334571
      ],
      [
        0.017058747810805953,
        0.0075409840621245994,
        0.9998260512121607,
        0.6347509449817963
      ],
      [
        0.0,
        0.0,
        0.0,
        1.0
      ]
    ],
    "location": [
      -12.573364879160636,
      7.363843063334571,
      0.6347509449817963
    ],
    "rotation": [
      0.007542153022664347,
      -0.017059575270928645,
      -1.7159663874537874
    ]
  },
  {
    "label_id": "lLNzlQwvuqVjvE6i_V72ww",
    "size": [
      2.3560002890775715,
      5.907938778904348,
      2.3115983138329668
    ],
    "obj_class": "vehicle",
    "point_num_in_lidar": 1611,
    "speed": 9.095735224231815,
    "if_vehicle": true,
    "motion_state": true,
    "pose": [
      [
        -0.08309982469024159,
        -0.9965287091837258,
        -0.004995088494527058,
        3.305982221604154
      ],
      [
        0.9963727654959835,
        -0.08317689444464696,
        0.01796987502543458,
        -0.2640428849190357
      ],
      [
        -0.018322972311740144,
        -0.0034836766728699297,
        0.9998260512121607,
        1.0395302599643088
      ],
      [
        0.0,
        0.0,
        0.0,
        1.0
      ]
    ],
    "location": [
      3.305982221604154,
      -0.2640428849190357,
      1.0395302599643088
    ],
    "rotation": [
      -0.0034842686597413735,
      0.018323997732596815,
      1.6540060935711527
    ]
  },
  {
    "label_id": "nIflfxa4C8DxMvjsHgEFRw",
    "size": [
      2.1297187759872087,
      5.000213637888109,
      1.5364430207010855
    ],
    "obj_class": "vehicle",
    "point_num_in_lidar": 990,
    "speed": 0.09768682549014812,
    "if_vehicle": true,
    "motion_state": false,
    "pose": [
      [
        -0.1001973335134509,
        -0.9949550459431451,
        -0.004995088494527058,
        6.602843948152213
      ],
      [
        0.9947978020039725,
        -0.10027171445445235,
        0.01796987502543458,
        4.198473987944453
      ],
      [
        -0.018380083918721778,
        -0.003168569494052349,
        0.9998260512121607,
        0.37915839707289223
      ],
      [
        0.0,
        0.0,
        0.0,
        1.0
      ]
    ],
    "location": [
      6.602843948152213,
      4.198473987944453,
      0.37915839707289223
    ],
    "rotation": [
      -0.003169110149326075,
      0.01838111895899907,
      1.671179092212866
    ]
  },
  {
    "label_id": "qFCXyuymo0i91XH5zvmRPA",
    "size": [
      0.7955822622201834,
      1.004493157534768,
      1.72624247692017
    ],
    "obj_class": "pedestrian",
    "point_num_in_lidar": 93,
    "speed": 1.3198422979033295,
    "if_vehicle": false,
    "motion_state": true,
    "pose": [
      [
        -0.009924503085487668,
        0.9999382747597162,
        -0.004995088494527058,
        -10.795736404013724
      ],
      [
        -0.9997901732170794,
        -0.009833266503683241,
        0.01796987502543458,
        -0.2831794428966532
      ],
      [
        0.017919647794204602,
        0.0051723824713136015,
        0.9998260512121607,
        0.8699758984082067
      ],
      [
        0.0,
        0.0,
        0.0,
        1.0
      ]
    ],
    "location": [
      -10.795736404013724,
      -0.2831794428966532,
      0.8699758984082067
    ],
    "rotation": [
      0.005173236207656047,
      -0.017920606973778154,
      -1.580722586717562
    ]
  },
  {
    "label_id": "qYJMUdZlFcC9_U347E8qQA",
    "size": [
      1.9384174750954106,
      4.511891662081819,
      1.5672722474731415
    ],
    "obj_class": "vehicle",
    "point_num_in_lidar": 156,
    "speed": 0.024499099724147353,
    "if_vehicle": true,
    "motion_state": false,
    "pose": [
      [
        0.0777538447903899,
        0.99696007377991,
        -0.004995088494527058,
        -5.291097150055521
      ],
      [
        -0.9968045456912493,
        0.07783174982506885,
        0.01796987502543458,
        -20.086914913254077
      ],
      [
        0.018304024409233136,
        0.003581900043844287,
        0.9998260512121607,
        0.8452628746649964
      ],
      [
        0.0,
        0.0,
        0.0,
        1.0
      ]
    ],
    "location": [
      -5.291097150055521,
      -20.086914913254077,
      0.8452628746649964
    ],
    "rotation": [
      0.003582507892935014,
      -0.018305046651876284,
      -1.4929508544726602
    ]
  },
  {
    "label_id": "s5aO23RLZZP2IHQPJCo9cQ",
    "size": [
      2.3287764407312235,
      5.353293031458655,
      1.9558168788117456
    ],
    "obj_class": "vehicle",
    "point_num_in_lidar": 818,
    "speed": 0.017787650099298658,
    "if_vehicle": true,
    "motion_state": false,
    "pose": [
      [
        -0.10019733351366387,
        -0.9949550459431237,
        -0.004995088494527058,
        7.283982132823667
      ],
      [
        0.9947978020039511,
        -0.10027171445466529,
        0.01796987502543458,
        -2.45849507818275
      ],
      [
        -0.018380083918722458,
        -0.003168569494048415,
        0.9998260512121607,
        0.7536681465047721
      ],
      [
        0.0,
        0.0,
        0.0,
        1.0
      ]
    ],
    "location": [
      7.283982132823667,
      -2.45849507818275,
      0.7536681465047721
    ],
    "rotation": [
      -0.0031691101493221407,
      0.01838111895899975,
      1.67117909221308
    ]
  },
  {
    "label_id": "tAY9RkTF-IK4XqfcDll03A",
    "size": [
      0.8850106013232365,
      2.086293814391715,
      1.4300000000000068
    ],
    "obj_class": "vehicle",
    "point_num_in_lidar": 27,
    "speed": 5.728578676879116e-13,
    "if_vehicle": true,
    "motion_state": false,
    "pose": [
      [
        -0.9954519908834812,
        0.0951335006033383,
        -0.004995088494527058,
        10.17466859270462
      ],
      [
        -0.09520868067097317,
        -0.9952951274453538,
        0.01796987502543458,
        -38.243755870809764
      ],
      [
        -0.0032620501231870338,
        0.018363723655394883,
        0.9998260512121607,
        1.118560461003895
      ],
      [
        0.0,
        0.0,
        0.0,
        1.0
      ]
    ],
    "location": [
      10.17466859270462,
      -38.243755870809764,
      1.118560461003895
    ],
    "rotation": [
      0.018364853655142593,
      0.0032620559084448665,
      -3.0462390345486376
    ]
  },
  {
    "label_id": "tFMYVPCUjzCvUWFmOTKG0w",
    "size": [
      2.1177477799472575,
      4.607182423773619,
      1.4772722474731381
    ],
    "obj_class": "vehicle",
    "point_num_in_lidar": 4626,
    "speed": 0.054201628380981276,
    "if_vehicle": true,
    "motion_state": false,
    "pose": [
      [
        0.05059016547289748,
        0.9987070062077048,
        -0.004995088494527058,
        -7.966816590430426
      ],
      [
        -0.9985536561263312,
        0.050672274749678295,
        0.01796987502543458,
        17.84690952933488
      ],
      [
        0.018199752585172008,
        0.004078764927820543,
        0.9998260512121607,
        0.2403734118020111
      ],
      [
        0.0,
        0.0,
        0.0,
        1.0
      ]
    ],
    "location": [
      -7.966816590430426,
      17.84690952933488,
      0.2403734118020111
    ],
    "rotation": [
      0.004079451917340831,
      -0.01820075745531612,
      -1.5201761653042027
    ]
  },
  {
    "label_id": "xWTOq8rd6R_PA_SNy95jeA",
    "size": [
      2.152766991703254,
      4.6223847380506875,
      1.4784952537723441
    ],
    "obj_class": "vehicle",
    "point_num_in_lidar": 4257,
    "speed": 0.0969388645046051,
    "if_vehicle": true,
    "motion_state": false,
    "pose": [
      [
        -0.08272087581013049,
        -0.996560236913021,
        -0.004995088494527058,
        5.8464136323730145
      ],
      [
        0.9964043225433199,
        -0.08279800485855876,
        0.01796987502543458,
        16.339813957192746
      ],
      [
        -0.01832164627408325,
        -0.003490643967130626,
        0.9998260512121607,
        0.23538906044360175
      ],
      [
        0.0,
        0.0,
        0.0,
        1.0
      ]
    ],
    "location": [
      5.8464136323730145,
      16.339813957192746,
      0.23538906044360175
    ],
    "rotation": [
      -0.0034912370813977916,
      0.01832267147230379,
      1.6536257691556522
    ]
  },
  {
    "label_id": "yyt8pvlHPVT55uMzSed6CA",
    "size": [
      0.8306938815282431,
      1.09026105864005,
      1.718852405298577
    ],
    "obj_class": "pedestrian",
    "point_num_in_lidar": 55,
    "speed": 1.4780120500626481,
    "if_vehicle": false,
    "motion_state": true,
    "pose": [
      [
        0.15492308325444776,
        0.98791390685923,
        -0.004995088494527058,
        -9.516561358846502
      ],
      [
        -0.987752799694084,
        0.15498867793509646,
        0.01796987502543458,
        -25.216364113575764
      ],
      [
        0.01852687160408474,
        0.0021499642005513857,
        0.9998260512121607,
        1.3181586899510904
      ],
      [
        0.0,
        0.0,
        0.0,
        1.0
      ]
    ],
    "location": [
      -9.516561358846502,
      -25.216364113575764,
      1.3181586899510904
    ],
    "rotation": [
      0.0021503349349370183,
      -0.018527931643745967,
      -1.415219810464694
    ]
  }
]