[
  {
    "label_id": "-9nK50GgpR1aiB9xKeeNGQ",
    "size": [
      2.2903499040855166,
      5.034674882507156,
      1.850566636766004
    ],
    "obj_class": "vehicle",
    "point_num_in_lidar": 505,
    "speed": 4.383899363491724,
    "if_vehicle": true,
    "motion_state": true,
    "pose": [
      [
        0.9998204566077229,
        -0.01875667374938527,
        0.0026910478597885566,
        18.772847419781783
      ],
      [
        0.0187435218138832,
        0.9998126485720112,
        0.0048319918700781275,
        52.1080424590873
      ],
      [
        -0.002781175783195976,
        -0.004780684603604167,
        0.9999847049410225,
        -0.03860551792057265
      ],
      [
        0.0,
        0.0,
        0.0,
        1.0
      ]
    ],
    "location": [
      18.772847419781783,
      52.1080424590873,
      -0.03860551792057265
    ],
    "rotation": [
      -0.004780721303642109,
      0.0027811793685791723,
      0.018744691985042892
    ]
  },
  {
    "label_id": "0-gFFwLHDFdIB2aYMAKcoQ",
    "size": [
      0.5074151418358477,
      0.08388944527878506,
      0.5600000000000023
    ],
    "obj_class": "sign",
    "point_num_in_lidar": 20,
    "speed": 0.03195786107565245,
    "if_vehicle": false,
    "motion_state": false,
    "pose": [
      [
        -0.2290032790100236,
        -0.9734219313658767,
        0.0026910478597885566,
        8.643635825069623
      ],
      [
        0.9734170698094124,
        -0.22898877714469978,
        0.0048319918700781275,
        4.423188144215601
      ],
      [
        -0.004087347099864822,
        0.0037260539047899335,
        0.9999847049410225,
        2.8660352909754536
      ],
      [
        0.0,
        0.0,
        0.0,
        1.0
      ]
    ],
    "location": [
      8.643635825069623,
      4.423188144215601,
      2.8660352909754536
    ],
    "rotation": [
      0.0037260936516994784,
      0.004087358480763949,
      1.8018519199846237
    ]
  },
  {
    "label_id": "1eK3OmHl_2tqAnFvzWn4tA",
    "size": [
      2.2440905685035104,
      4.881987409548864,
      1.4872722474731432
    ],
    "obj_class": "vehicle",
    "point_num_in_lidar": 256,
    "speed": 0.03246884880886065,
    "if_vehicle": true,
    "motion_state": false,
    "pose": [
      [
        0.09390808497790294,
        0.9955772344912268,
        0.0026910478597885566,
        -7.096109521555718
      ],
      [
        -0.9955704378377888,
        0.09389438299515714,
        0.0048319918700781275,
        7.3486510887378245
      ],
      [
        0.004557946824691189,
        -0.0031328907991599697,
        0.9999847049410225,
        0.3946617830699424
      ],
      [
        0.0,
        0.0,
        0.0,
        1.0
      ]
    ],
    "location": [
      -7.096109521555718,
      7.3486510887378245,
      0.3946617830699424
    ],
    "rotation": [
      -0.0031329284674530985,
      -0.004557962606637886,
      -1.4767486863894588
    ]
  },
  {
    "label_id": "1yaIJWr37eHUtmYcb-ixqQ",
    "size": [
      0.9521050738759981,
      0.09268519735418204,
      1.2299999999999969
    ],
    "obj_class": "sign",
    "point_num_in_lidar": 31,
    "speed": 0.024754744915389634,
    "if_vehicle": false,
    "motion_state": false,
    "pose": [
      [
        -0.12753229867294855,
        -0.9918307673472376,
        0.0026910478597885566,
        -6.2810572455812235
      ],
      [
        0.9918244380884165,
        -0.1275183746177957,
        0.0048319918700781275,
        -30.284482668415876
      ],
      [
        -0.004449360155216267,
        0.003285282061763883,
        0.9999847049410225,
        3.8752025828649366
      ],
      [
        0.0,
        0.0,
        0.0,
        1.0
      ]
    ],
    "location": [
      -6.2810572455812235,
      -30.284482668415876,
      3.8752025828649366
    ],
    "rotation": [
      0.0032853204912141067,
      0.004449374835866865,
      1.6986781611655457
    ]
  },
  {
    "label_id": "6hIIee9ufQhM-2w_W5IIEQ",
    "size": [
      0.8935107866392636,
      0.10748276377607566,
      1.2800000000000011
    ],
    "obj_class": "sign",
    "point_num_in_lidar": 25,
    "speed": 0.02998478717682696,
    "if_vehicle": false,
    "motion_state": false,
    "pose": [
      [
        -0.04906595838437688,
        -0.9987919152602502,
        0.0026910478597885566,
        -8.492145487574362
      ],
      [
        0.9987845096259328,
        -0.049052575731071926,
        0.0048319918700781275,
        0.8888845288984157
      ],
      [
        -0.004694151585499073,
        0.0029248632290297294,
        0.9999847049410225,
        3.544506078482165
      ],
      [
        0.0,
        0.0,
        0.0,
        1.0
      ]
    ],
    "location": [
      -8.492145487574362,
      0.8888845288984157,
      3.544506078482165
    ],
    "rotation": [
      0.002924899624765394,
      0.004694168824987958,
      1.6198825352413446
    ]
  },
  {
    "label_id": "6liW7d_ylGXEg1uK7GbB-A",
    "size": [
      0.7528699415204279,
      0.6360830778483343,
      1.6244726227275734
    ],
    "obj_class": "pedestrian",
    "point_num_in_lidar": 89,
    "speed": 6.333919659004933e-28,
    "if_vehicle": false,
    "motion_state": false,
    "pose": [
      [
        -0.06316092506865965,
        -0.9979997273576219,
        0.0026910478597885566,
        16.71260970935805
      ],
      [
        0.9979925113829835,
        -0.06314743920424007,
        0.0048319918700781275,
        45.04486901962264
      ],
      [
        -0.004652393787810518,
        0.002990838688280561,
        0.9999847049410225,
        -0.01314620041068082
      ],
      [
        0.0,
        0.0,
        0.0,
        1.0
      ]
    ],
    "location": [
      16.71260970935805,
      45.04486901962264,
      -0.01314620041068082
    ],
    "rotation": [
      0.0029908755158733055,
      0.0046524105713046555,
      1.6340000070340144
    ]
  },
  {
    "label_id": "7Rmbrf_QC8HYMBMvc67d_A",
    "size": [
      0.8992428883513411,
      1.1317922750854086,
      1.8688524052985755
    ],
    "obj_class": "pedestrian",
    "point_num_in_lidar": 39,
    "speed": 1.588632264265585,
    "if_vehicle": false,
    "motion_state": true,
    "pose": [
      [
        0.12481751910133886,
        0.992176065618801,
        0.0026910478597885566,
        -11.14454836285222
      ],
      [
        -0.9921696982782983,
        0.12480361241934615,
        0.0048319918700781275,
        -10.141799984114186
      ],
      [
        0.004458334188661186,
        -0.003273093380639862,
        0.9999847049410225,
        1.022556162403447
      ],
      [
        0.0,
        0.0,
        0.0,
        1.0
      ]
    ],
    "location": [
      -11.14454836285222,
      -10.141799984114186,
      1.022556162403447
    ],
    "rotation": [
      -0.00327313175473116,
      -0.0044583489583209885,
      -1.4456511666757723
    ]
  },
  {
    "label_id": "8CQI1mkFehwAph_t4RcAIQ",
    "size": [
      0.6972622612882028,
      0.7243517246121429,
      1.5888524052985744
    ],
    "obj_class": "pedestrian",
    "point_num_in_lidar": 21,
    "speed": 0.012679446193998887,
    "if_vehicle": false,
    "motion_state": false,
    "pose": [
      [
        -0.14464093466957845,
        0.9894805497225941,
        0.0026910478597885566,
        -13.245788136456895
      ],
      [
        -0.9894707002637465,
        -0.14465263625022096,
        0.0048319918700781275,
        7.603255098958471
      ],
      [
        0.00517042913905394,
        -0.0019638091898643343,
        0.9999847049410225,
        0.6082437279344077
      ],
      [
        0.0,
        0.0,
        0.0,
        1.0
      ]
    ],
    "location": [
      -13.245788136456895,
      7.603255098958471,
      0.6082437279344077
    ],
    "rotation": [
      -0.001963836702283958,
      -0.005170452176468931,
      -1.7159483623056706
    ]
  },
  {
    "label_id": "9lYwPu5yc5uujsti712OXw",
    "size": [
      0.835185397900439,
      0.9282536612455977,
      1.8999999999999986
    ],
    "obj_class": "pedestrian",
    "point_num_in_lidar": 77,
    "speed": 1.3759564395591224,
    "if_vehicle": false,
    "motion_state": true,
    "pose": [
      [
        -0.1183196176825663,
        0.9929719161853812,
        0.0026910478597885566,
        -11.817710834674472
      ],
      [
        -0.9929623808709954,
        -0.11833157663773344,
        0.0048319918700781275,
        13.330667799831645
      ],
      [
        0.005116468162280038,
        -0.0021003898591805286,
        0.9999847049410225,
        0.6783383848589253
      ],
      [
        0.0,
        0.0,
        0.0,
        1.0
      ]
    ],
    "location": [
      -11.817710834674472,
      13.330667799831645,
      0.6783383848589253
    ],
    "rotation": [
      -0.002100418896405518,
      -0.005116490485903772,
      -1.689395327855874
    ]
  },
  {
    "label_id": "BCFugmMeTE1MZhUx7Md3MA",
    "size": [
      1.9755133702178587,
      5.636981406052898,
      2.0752408288585755
    ],
    "obj_class": "vehicle",
    "point_num_in_lidar": 174,
    "speed": 0.050060995415179194,
    "if_vehicle": true,
    "motion_state": false,
    "pose": [
      [
        0.07775453328243603,
        0.9969689016290563,
        0.0026910478597885566,
        -6.92831730457101
      ],
      [
        -0.9969618837198811,
        0.07774094329421184,
        0.0048319918700781275,
        -0.07209226990926254
      ],
      [
        0.004608141028322487,
        -0.003058581416157603,
        0.9999847049410225,
        0.7712785839722329
      ],
      [
        0.0,
        0.0,
        0.0,
        1.0
      ]
    ],
    "location": [
      -6.92831730457101,
      -0.07209226990926254,
      0.7712785839722329
    ],
    "rotation": [
      -0.003058618660077067,
      -0.004608157337429604,
      -1.4929624038748253
    ]
  },
  {
    "label_id": "CIORug2cCRbXeVxdAFexLg",
    "size": [
      0.7856885753912459,
      0.09106751623065597,
      0.5932061658348502
    ],
    "obj_class": "sign",
    "point_num_in_lidar": 39,
    "speed": 0.022225478217495535,
    "if_vehicle": false,
    "motion_state": false,
    "pose": [
      [
        0.018734251473714242,
        0.9998208769990432,
        0.0026910478597885566,
        5.804608479033504
      ],
      [
        -0.9998130686683843,
        0.018721099713320814,
        0.0048319918700781275,
        37.99865483008216
      ],
      [
        0.004780746973877339,
        -0.0027810685694416703,
        0.9999847049410225,
        1.7593857806474489
      ],
      [
        0.0,
        0.0,
        0.0,
        1.0
      ]
    ],
    "location": [
      5.804608479033504,
      37.99865483008216,
      1.7593857806474489
    ],
    "rotation": [
      -0.002781103936492169,
      -0.004780765185158221,
      -1.5520607651492433
    ]
  },
  {
    "label_id": "CwlUZaiwe8TBlM2O3R4nSQ",
    "size": [
      0.6334117322224619,
      0.12472124207279026,
      0.9799999999999969
    ],
    "obj_class": "sign",
    "point_num_in_lidar": 58,
    "speed": 0.026230333529538775,
    "if_vehicle": false,
    "motion_state": false,
    "pose": [
      [
        -0.8352788968019057,
        -0.549819900348112,
        0.0026910478597885566,
        6.91844564441044
      ],
      [
        0.5498263337517664,
        -0.8352650205579418,
        0.0048319918700781275,
        23.98390603104417
      ],
      [
        -0.0004089871425605498,
        0.0055156698172927135,
        0.9999847049410225,
        -0.014180447757226489
      ],
      [
        0.0,
        0.0,
        0.0,
        1.0
      ]
    ],
    "location": [
      6.91844564441044,
      23.98390603104417,
      -0.014180447757226489
    ],
    "rotation": [
      0.005515698245835581,
      0.00040898715396246347,
      2.559436288959695
    ]
  },
  {
    "label_id": "EyxD8CxOxMr5IYCbewub_Q",
    "size": [
      0.5603732247132713,
      0.09966899333537328,
      0.5899999999999963
    ],
    "obj_class": "sign",
    "point_num_in_lidar": 24,
    "speed": 0.034525366584886696,
    "if_vehicle": false,
    "motion_state": false,
    "pose": [
      [
        -0.8568319851960726,
        0.5155886998435609,
        0.0026910478597885566,
        19.486277165066895
      ],
      [
        -0.5155734060415098,
        -0.8568317891145987,
        0.0048319918700781275,
        54.63481038021564
      ],
      [
        0.004797095758243878,
        0.002752772475598423,
        0.9999847049410225,
        0.25996475016158627
      ],
      [
        0.0,
        0.0,
        0.0,
        1.0
      ]
    ],
    "location": [
      19.486277165066895,
      54.63481038021564,
      0.25996475016158627
    ],
    "rotation": [
      0.0027528076264926745,
      -0.004797114156997779,
      -2.5999090095689192
    ]
  },
  {
    "label_id": "I2ZRT35VzkJLDONpVdp6vw",
    "size": [
      1.952173916704633,
      4.276499034323865,
      1.7080568568777394
    ],
    "obj_class": "vehicle",
    "point_num_in_lidar": 20,
    "speed": 1.7593495303180392e-29,
    "if_vehicle": true,
    "motion_state": false,
    "pose": [
      [
        -0.997854701355632,
        0.06541217962947465,
        0.0026910478597885566,
        -61.84272230526858
      ],
      [
        -0.06539867752065388,
        -0.9978475158224913,
        0.0048319918700781275,
        52.44341423045444
      ],
      [
        0.003001326542023154,
        0.004645634833294694,
        0.9999847049410225,
        0.4470361348351375
      ],
      [
        0.0,
        0.0,
        0.0,
        1.0
      ]
    ],
    "location": [
      -61.84272230526858,
      52.44341423045444,
      0.4470361348351375
    ],
    "rotation": [
      0.004645672467961747,
      -0.0030013310480134984,
      -3.0761469727124497
    ]
  },
  {
    "label_id": "Ijb7IUwsYwZudsLlkk9G4w",
    "size": [
      0.9010333411118564,
      0.7952315151847923,
      1.0300000000000011
    ],
    "obj_class": "sign",
    "point_num_in_lidar": 21,
    "speed": 2.929642751054232e-13,
    "if_vehicle": false,
    "motion_state": false,
    "pose": [
      [
        0.9994328266412588,
        -0.033567592902680035,
        0.0026910478597885566,
        -10.262600655762299
      ],
      [
        0.03355432672967293,
        0.9994252143168523,
        0.0048319918700781275,
        21.95628889132422
      ],
      [
        -0.0028516994200099262,
        -0.004738954993887231,
        0.9999847049410225,
        -0.026746507330393854
      ],
      [
        0.0,
        0.0,
        0.0,
        1.0
      ]
    ],
    "location": [
      -10.262600655762299,
      21.95628889132422,
      -0.026746507330393854
    ],
    "rotation": [
      -0.004738992001107804,
      0.0028517032851174563,
      0.03356076286406833
    ]
  },
  {
    "label_id": "Im-r1sT-zfG7KFGudl9kcQ",
    "size": [
      1.8653725858863837,
      4.360587515094883,
      1.5051311337171924
    ],
    "obj_class": "vehicle",
    "point_num_in_lidar": 22,
    "speed": 14.616156610334887,
    "if_vehicle": true,
    "motion_state": true,
    "pose": [
      [
        0.07578191426766868,
        0.9971207849259507,
        0.0026910478597885566,
        2.3349724258127935
      ],
      [
        -0.9971137401432116,
        0.07576833819072125,
        0.0048319918700781275,
        -28.81368920321256
      ],
      [
        0.004614183301920238,
        -0.0030494583900184846,
        0.9999847049410225,
        1.2622976159638526
      ],
      [
        0.0,
        0.0,
        0.0,
        1.0
      ]
    ],
    "location": [
      2.3349724258127935,
      -28.81368920321256,
      1.2622976159638526
    ],
    "rotation": [
      -0.0030494955794925734,
      -0.004614199675266267,
      -1.4949408807277005
    ]
  },
  {
    "label_id": "InPwvU2homAc1AtpmC4pDQ",
    "size": [
      2.1166185057520734,
      4.313385827928875,
      1.7074263757876054
    ],
    "obj_class": "vehicle",
    "point_num_in_lidar": 325,
    "speed": 12.347822404380805,
    "if_vehicle": true,
    "motion_state": true,
    "pose": [
      [
        0.07412347040189303,
        0.9972454409005819,
        0.0026910478597885566,
        -0.6169986423869886
      ],
      [
        -0.9972383735488379,
        0.0741099060600936,
        0.0048319918700781275,
        13.392024416758431
      ],
      [
        0.004619248558811943,
        -0.0030417801972015446,
        0.9999847049410225,
        0.4943646338791865
      ],
      [
        0.0,
        0.0,
        0.0,
        1.0
      ]
    ],
    "location": [
      -0.6169986423869886,
      13.392024416758431,
      0.4943646338791865
    ],
    "rotation": [
      -0.003041817340459427,
      -0.00461926498613945,
      -1.496604019066531
    ]
  },
  {
    "label_id": "JTRdyrcCjTKdVPUli4WKCA",
    "size": [
      2.013092403648907,
      4.7002573309096345,
      2.3828669641917486
    ],
    "obj_class": "vehicle",
    "point_num_in_lidar": 57,
    "speed": 3.1776437161565096e-13,
    "if_vehicle": true,
    "motion_state": false,
    "pose": [
      [
        -0.9897986873778463,
        0.1424475929123025,
        0.0026910478597885566,
        63.64071429014689
      ],
      [
        -0.14243357516221034,
        -0.9897925684309207,
        0.0048319918700781275,
        61.84575804797714
      ],
      [
        0.0033518847837750907,
        0.004399403642821456,
        0.9999847049410225,
        0.655843012336895
      ],
      [
        0.0,
        0.0,
        0.0,
        1.0
      ]
    ],
    "location": [
      63.64071429014689,
      61.84575804797714,
      0.655843012336895
    ],
    "rotation": [
      0.004399442548893314,
      -0.003351891060284601,
      -2.9986722202167893
    ]
  },
  {
    "label_id": "Kn0RnWXHMkuVO9dGiGe3HQ",
    "size": [
      2.703664974949954,
      5.803628056546428,
      2.725293277478478
    ],
    "obj_class": "vehicle",
    "point_num_in_lidar": 112,
    "speed": 0.02469888394144877,
    "if_vehicle": true,
    "motion_state": false,
    "pose": [
      [
        -0.10019822073807762,
        -0.9949638560381677,
        0.0026910478597885566,
        8.259799893058243
      ],
      [
        0.9949571461164898,
        -0.1001844760743786,
        0.0048319918700781275,
        -15.034382212958008
      ],
      [
        -0.0045380560434740164,
        0.0031616342866407935,
        0.9999847049410225,
        1.4189299471714705
      ],
      [
        0.0,
        0.0,
        0.0,
        1.0
      ]
    ],
    "location": [
      8.259799893058243,
      -15.034382212958008,
      1.4189299471714705
    ],
    "rotation": [
      0.0031616721098499997,
      0.004538071619703582,
      1.6711640062630349
    ]
  },
  {
    "label_id": "PBPtoWWiZmUSarH7z_93VQ",
    "size": [
      0.5274503365652945,
      0.08355648896149048,
      0.509999999999998
    ],
    "obj_class": "sign",
    "point_num_in_lidar": 32,
    "speed": 0.09431847892265958,
    "if_vehicle": false,
    "motion_state": false,
    "pose": [
      [
        -0.9974579003409086,
        0.07120741049162164,
        0.0026910478597885566,
        28.18223264912899
      ],
      [
        -0.07119386687130112,
        -0.9974507933599929,
        0.0048319918700781275,
        49.39535799031364
      ],
      [
        0.0030282614513006375,
        0.004628122362118383,
        0.9999847049410225,
        2.255322084961307
      ],
      [
        0.0,
        0.0,
        0.0,
        1.0
      ]
    ],
    "location": [
      28.18223264912899,
      49.39535799031364,
      2.255322084961307
    ],
    "rotation": [
      0.004628160105466082,
      -0.0030282660796980944,
      -3.0703381800485565
    ]
  },
  {
    "label_id": "UzRjOTVRec06lSAMK79AGg",
    "size": [
      2.186290500710556,
      4.690650091409834,
      1.4663315120900506
    ],
    "obj_class": "vehicle",
    "point_num_in_lidar": 116,
    "speed": 1.7763568394002505e-13,
    "if_vehicle": true,
    "motion_state": false,
    "pose": [
      [
        0.9940454540479436,
        -0.10893297732107497,
        0.0026910478597885566,
        -34.95715860215182
      ],
      [
        0.10891917425525226,
        0.9940388651024273,
        0.0048319918700781275,
        46.45017917455698
      ],
      [
        -0.003201369421279371,
        -0.004510112841678251,
        0.9999847049410225,
        -0.03497573919671737
      ],
      [
        0.0,
        0.0,
        0.0,
        1.0
      ]
    ],
    "location": [
      -34.95715860215182,
      46.45017917455698,
      -0.03497573919671737
    ],
    "rotation": [
      -0.0045101512438996865,
      0.0032013748896523616,
      0.10913625200152705
    ]
  },
  {
    "label_id": "XH8EEUqMWDsB2IqwYEVCqg",
    "size": [
      0.7772861356849988,
      0.12044237215146732,
      0.46637168141589314
    ],
    "obj_class": "sign",
    "point_num_in_lidar": 49,
    "speed": 0.013144611722857046,
    "if_vehicle": false,
    "motion_state": false,
    "pose": [
      [
        -0.005019369512244272,
        0.9999837819640457,
        0.0026910478597885566,
        6.536736992345823
      ],
      [
        -0.9999756634479977,
        -0.005032332094020439,
        0.0048319918700781275,
        28.093422927184292
      ],
      [
        0.004845455751171606,
        -0.002666728816286293,
        0.9999847049410225,
        1.9545378222755971
      ],
      [
        0.0,
        0.0,
        0.0,
        1.0
      ]
    ],
    "location": [
      6.536736992345823,
      28.093422927184292,
      1.9545378222755971
    ],
    "rotation": [
      -0.0026667632829919644,
      -0.004845474711996782,
      -1.5758157763090377
    ]
  },
  {
    "label_id": "Y9pQw1kOX1aM7nlzOdz2MQ",
    "size": [
      1.5565745696068898,
      0.1425648570649699,
      1.7299999999999969
    ],
    "obj_class": "sign",
    "point_num_in_lidar": 561,
    "speed": 0.004134825691080498,
    "if_vehicle": false,
    "motion_state": false,
    "pose": [
      [
        -0.9884017527206981,
        0.15183785259304847,
        0.0026910478597885566,
        11.40880511338446
      ],
      [
        -0.15182377738428132,
        -0.988395767127387,
        0.0048319918700781275,
        48.546567843457524
      ],
      [
        0.003393499583051954,
        0.0043673841823223996,
        0.9999847049410225,
        0.30389152715748935
      ],
      [
        0.0,
        0.0,
        0.0,
        1.0
      ]
    ],
    "location": [
      11.40880511338446,
      48.546567843457524,
      0.30389152715748935
    ],
    "rotation": [
      0.004367423213892842,
      -0.003393506096251751,
      -2.9891785893846725
    ]
  },
  {
    "label_id": "YMCH2TkTYWdgEE8q3XIBEg",
    "size": [
      0.6750242326136663,
      0.6473499822288307,
      1.6199999999999974
    ],
    "obj_class": "pedestrian",
    "point_num_in_lidar": 30,
    "speed": 1.3423923767578088,
    "if_vehicle": false,
    "motion_state": true,
    "pose": [
      [
        -0.15293987121238684,
        -0.9882318321400879,
        0.0026910478597885566,
        -10.763626393478944
      ],
      [
        0.9882258622449972,
        -0.15292578933816037,
        0.0048319918700781275,
        7.773213036483867
      ],
      [
        -0.004363597560548385,
        0.003398367305891149,
        0.9999847049410225,
        0.49666941742048465
      ],
      [
        0.0,
        0.0,
        0.0,
        1.0
      ]
    ],
    "location": [
      -10.763626393478944,
      7.773213036483867,
      0.49666941742048465
    ],
    "rotation": [
      0.00339840620193644,
      0.004363611408532023,
      1.7243402619553825
    ]
  },
  {
    "label_id": "_u2qr1tSBDL1NeHlhe8NYw",
    "size": [
      2.416545086335272,
      4.640755453339751,
      1.6182138818528458
    ],
    "obj_class": "vehicle",
    "point_num_in_lidar": 21,
    "speed": 3.6249688065831176,
    "if_vehicle": true,
    "motion_state": true,
    "pose": [
      [
        0.9919781280987127,
        -0.12638097813828778,
        0.0026910478597885566,
        55.47738886109278
      ],
      [
        0.1263670614389916,
        0.9919717826822706,
        0.0048319918700781275,
        54.067762632905215
      ],
      [
        -0.0032801154016544906,
        -0.004453170440035131,
        0.9999847049410225,
        0.008962660204431927
      ],
      [
        0.0,
        0.0,
        0.0,
        1.0
      ]
    ],
    "location": [
      55.47738886109278,
      54.067762632905215,
      0.008962660204431927
    ],
    "rotation": [
      -0.004453209115045249,
      0.0032801212835624257,
      0.12670650493827493
    ]
  },
  {
    "label_id": "apo-d-drZ1EW6cVkAZw35A",
    "size": [
      1.0000000000015563,
      1.0,
      1.3699999999999974
    ],
    "obj_class": "sign",
    "point_num_in_lidar": 38,
    "speed": 1.5795143509539262e-27,
    "if_vehicle": false,
    "motion_state": false,
    "pose": [
      [
        -0.9923157809110087,
        0.12370185615580456,
        0.0026910478597885566,
        51.1001527016424
      ],
      [
        -0.12368795664192003,
        -0.9923093979381199,
        0.0048319918700781275,
        49.91619913197064
      ],
      [
        0.0032680784448278696,
        0.004462011574909363,
        0.9999847049410225,
        0.015589731606780788
      ],
      [
        0.0,
        0.0,
        0.0,
        1.0
      ]
    ],
    "location": [
      51.1001527016424,
      49.91619913197064,
      0.015589731606780788
    ],
    "rotation": [
      0.004462050209468211,
      -0.003268084262218866,
      -3.017586462435062
    ]
  },
  {
    "label_id": "b6NI0yciWBZiww40xt4BNQ",
    "size": [
      2.7392385901862433,
      5.915526156687571,
      2.3682138818528387
    ],
    "obj_class": "vehicle",
    "point_num_in_lidar": 313,
    "speed": 3.1776437161565096e-13,
    "if_vehicle": true,
    "motion_state": false,
    "pose": [
      [
        -0.9984014985829265,
        0.05645534420037858,
        0.0026910478597885566,
        32.47391990697042
      ],
      [
        -0.056441907114223394,
        -0.998394192178559,
        0.0048319918700781275,
        59.818731559566004
      ],
      [
        0.0029595183182861266,
        0.004672380050884404,
        0.9999847049410225,
        0.3831264905778866
      ],
      [
        0.0,
        0.0,
        0.0,
        1.0
      ]
    ],
    "location": [
      32.47391990697042,
      59.818731559566004,
      0.3831264905778866
    ],
    "rotation": [
      0.0046724175140707,
      -0.0029595226385826802,
      -3.0851204881309013
    ]
  },
  {
    "label_id": "bSuLGh3Quq0PVev0FYi_DQ",
    "size": [
      1.8563238703361487,
      4.2105346985256356,
      1.6576778351213832
    ],
    "obj_class": "vehicle",
    "point_num_in_lidar": 339,
    "speed": 0.05906481758591867,
    "if_vehicle": true,
    "motion_state": false,
    "pose": [
      [
        -0.9978547013556327,
        0.06541217962946469,
        0.0026910478597885566,
        -34.42910192273416
      ],
      [
        -0.06539867752064392,
        -0.997847515822492,
        0.0048319918700781275,
        54.9086634514515
      ],
      [
        0.0030013265420231077,
        0.004645634833294723,
        0.9999847049410225,
        0.10433036350480762
      ],
      [
        0.0,
        0.0,
        0.0,
        1.0
      ]
    ],
    "location": [
      -34.42910192273416,
      54.9086634514515,
      0.10433036350480762
    ],
    "rotation": [
      0.004645672467961776,
      -0.003001331048013452,
      -3.0761469727124595
    ]
  },
  {
    "label_id": "c3POzVNyXEnuovQBHtzfjw",
    "size": [
      0.9163554137445008,
      0.8839332918725881,
      1.6102138473786525
    ],
    "obj_class": "pedestrian",
    "point_num_in_lidar": 290,
    "speed": 0.0035267148019842145,
    "if_vehicle": false,
    "motion_state": false,
    "pose": [
      [
        0.9821287238623835,
        -0.1881912007131642,
        0.0026910478597885566,
        -15.415568142677557
      ],
      [
        0.1881769143066635,
        0.9821232614985709,
        0.0048319918700781275,
        43.8914088149304
      ],
      [
        -0.0035522790527705355,
        -0.0042392449265666815,
        0.9999847049410225,
        -0.15506074225430666
      ],
      [
        0.0,
        0.0,
        0.0,
        1.0
      ]
    ],
    "location": [
      -15.415568142677557,
      43.8914088149304,
      -0.15506074225430666
    ],
    "rotation": [
      -0.004239284371398813,
      0.0035522865236622277,
      0.18930677685779423
    ]
  },
  {
    "label_id": "dOzfdH28bWp78162th45ZQ",
    "size": [
      2.2250475077825103,
      4.952390760509612,
      1.4772722474731381
    ],
    "obj_class": "vehicle",
    "point_num_in_lidar": 720,
    "speed": 0.10090542240458353,
    "if_vehicle": true,
    "motion_state": false,
    "pose": [
      [
        0.13570204714585477,
        0.9907460384285373,
        0.0026910478597885566,
        -8.238519412834194
      ],
      [
        -0.9907398241384493,
        0.1356880714015874,
        0.0048319918700781275,
        24.37349496281786
      ],
      [
        0.004422133708854725,
        -0.003321839471916793,
        0.9999847049410225,
        0.11509525871875326
      ],
      [
        0.0,
        0.0,
        0.0,
        1.0
      ]
    ],
    "location": [
      -8.238519412834194,
      24.37349496281786,
      0.11509525871875326
    ],
    "rotation": [
      -0.003321878061535491,
      -0.00442214812164878,
      -1.4346729574688273
    ]
  },
  {
    "label_id": "e3SoTY4ZM2RgUcGSgbCw2Q",
    "size": [
      2.2155390665535437,
      4.6419119317498865,
      1.793922421779314
    ],
    "obj_class": "vehicle",
    "point_num_in_lidar": 200,
    "speed": 2.929642751054232e-13,
    "if_vehicle": true,
    "motion_state": false,
    "pose": [
      [
        -0.04697075573110068,
        -0.9988926400607152,
        0.0026910478597885566,
        6.38120442402419
      ],
      [
        0.9988852063708511,
        -0.04695738864150989,
        0.0048319918700781275,
        10.562579060029748
      ],
      [
        -0.004700276535649258,
        0.002915010206602833,
        0.9999847049410225,
        0.45041869653378797
      ],
      [
        0.0,
        0.0,
        0.0,
        1.0
      ]
    ],
    "location": [
      6.38120442402419,
      10.562579060029748,
      0.45041869653378797
    ],
    "rotation": [
      0.00291504653564402,
      0.004700293842709168,
      1.6177848906840804
    ]
  },
  {
    "label_id": "eLUo0F52wL4hudq3-AynTQ",
    "size": [
      2.3554925008245986,
      5.367170119819076,
      1.96821388185284
    ],
    "obj_class": "vehicle",
    "point_num_in_lidar": 126,
    "speed": 2.2671321207070037,
    "if_vehicle": true,
    "motion_state": true,
    "pose": [
      [
        0.997006726301541,
        -0.07726801389255823,
        0.0026910478597885566,
        44.35268681200978
      ],
      [
        0.07725442733061658,
        0.9969997017614328,
        0.0048319918700781275,
        53.13037870572953
      ],
      [
        -0.0030563323285808575,
        -0.004609633034575008,
        0.9999847049410225,
        0.19968527414745552
      ],
      [
        0.0,
        0.0,
        0.0,
        1.0
      ]
    ],
    "location": [
      44.35268681200978,
      53.13037870572953,
      0.19968527414745552
    ],
    "rotation": [
      -0.0046096708895851275,
      0.003056337086886128,
      0.07733184193732781
    ]
  },
  {
    "label_id": "fSlk5jeQXY6tiYMoLySQDA",
    "size": [
      1.9519783021925197,
      4.2425275019101365,
      1.7076778351213875
    ],
    "obj_class": "vehicle",
    "point_num_in_lidar": 251,
    "speed": 0.04995231209845286,
    "if_vehicle": true,
    "motion_state": false,
    "pose": [
      [
        -0.9978547013556256,
        0.06541217962957303,
        0.0026910478597885566,
        -39.99630792191829
      ],
      [
        -0.06539867752075226,
        -0.9978475158224849,
        0.0048319918700781275,
        54.476714295387865
      ],
      [
        0.003001326542023612,
        0.004645634833294398,
        0.9999847049410225,
        0.2337344503701786
      ],
      [
        0.0,
        0.0,
        0.0,
        1.0
      ]
    ],
    "location": [
      -39.99630792191829,
      54.476714295387865,
      0.2337344503701786
    ],
    "rotation": [
      0.004645672467961451,
      -0.0030013310480139564,
      -3.076146972712351
    ]
  },
  {
    "label_id": "fwu2l9rbw4VbqDoPx91Eow",
    "size": [
      0.7856885754143751,
      0.09106751623065597,
      0.5132061658348519
    ],
    "obj_class": "sign",
    "point_num_in_lidar": 59,
    "speed": 0.022308102480366694,
    "if_vehicle": false,
    "motion_state": false,
    "pose": [
      [
        0.20681866042042985,
        -0.9783755924813922,
        0.0026910478597885566,
        5.784257000001844
      ],
      [
        0.9783650239446007,
        0.20682971686014665,
        0.0048319918700781275,
        38.224836337245506
      ],
      [
        -0.005284091575650128,
        0.0016334810180461312,
        0.9999847049410225,
        1.815455975044074
      ],
      [
        0.0,
        0.0,
        0.0,
        1.0
      ]
    ],
    "location": [
      5.784257000001844,
      38.224836337245506,
      1.815455975044074
    ],
    "rotation": [
      0.0016335045497016254,
      0.005284116166028599,
      1.362471182231827
    ]
  },
  {
    "label_id": "gzHVXsws0eboEaFBL3fSzQ",
    "size": [
      0.7296529799013998,
      0.8022160096950426,
      1.7100000000000009
    ],
    "obj_class": "pedestrian",
    "point_num_in_lidar": 44,
    "speed": 1.3173314096571354,
    "if_vehicle": false,
    "motion_state": true,
    "pose": [
      [
        -0.16370865978231805,
        -0.9865050597810908,
        0.0026910478597885566,
        -11.418109593325426
      ],
      [
        0.9864992438212309,
        -0.1636945136365521,
        0.0048319918700781275,
        7.624718399360063
      ],
      [
        -0.004326274658072395,
        0.003445755591897699,
        0.9999847049410225,
        0.8418410090260338
      ],
      [
        0.0,
        0.0,
        0.0,
        1.0
      ]
    ],
    "location": [
      -11.418109593325426,
      7.624718399360063,
      0.8418410090260338
    ],
    "rotation": [
      0.0034457946577921327,
      0.004326288153749235,
      1.7352467482445169
    ]
  },
  {
    "label_id": "ho3rcpWrA33tetBa8wR4Pg",
    "size": [
      0.6359592087323276,
      0.6286638680823156,
      1.6188524052985755
    ],
    "obj_class": "pedestrian",
    "point_num_in_lidar": 45,
    "speed": 3.552713678800501e-14,
    "if_vehicle": false,
    "motion_state": false,
    "pose": [
      [
        -0.144640934669781,
        0.9894805497225645,
        0.0026910478597885566,
        -12.573364879160863
      ],
      [
        -0.989470700263717,
        -0.14465263625042352,
        0.0048319918700781275,
        7.36384306333639
      ],
      [
        0.005170429139054342,
        -0.0019638091898632757,
        0.9999847049410225,
        0.6181536404332562
      ],
      [
        0.0,
        0.0,
        0.0,
        1.0
      ]
    ],
    "location": [
      -12.573364879160863,
      7.36384306333639,
      0.6181536404332562
    ],
    "rotation": [
      -0.0019638367022828994,
      -0.005170452176469333,
      -1.7159483623058753
    ]
  },
  {
    "label_id": "iK821UNKaU58mEdNH7bCAg",
    "size": [
      0.673672428006087,
      0.5654848181123928,
      1.1000000000000014
    ],
    "obj_class": "sign",
    "point_num_in_lidar": 78,
    "speed": 1.421529491362787e-12,
    "if_vehicle": false,
    "motion_state": false,
    "pose": [
      [
        -0.10233725439748258,
        -0.9947461206879881,
        0.0026910478597885566,
        -10.359018133466861
      ],
      [
        0.994739440334131,
        -0.10232349533859511,
        0.0048319918700781275,
        23.398864004038842
      ],
      [
        -0.004531247744819103,
        0.003171384223213182,
        0.9999847049410225,
        -0.015079578159721052
      ],
      [
        0.0,
        0.0,
        0.0,
        1.0
      ]
    ],
    "location": [
      -10.359018133466861,
      23.398864004038842,
      -0.015079578159721052
    ],
    "rotation": [
      0.0031714220977864635,
      0.004531263251047822,
      1.6733141126896967
    ]
  },
  {
    "label_id": "iMO8XPPJOQopigo1OG2RUg",
    "size": [
      0.5857817631658332,
      0.5345773345299226,
      1.5950292733247764
    ],
    "obj_class": "pedestrian",
    "point_num_in_lidar": 30,
    "speed": 1.0658141036401503e-13,
    "if_vehicle": false,
    "motion_state": false,
    "pose": [
      [
        -0.9987108486757815,
        0.05068923947660561,
        0.0026910478597885566,
        -13.831254563430775
      ],
      [
        -0.05067584480452954,
        -0.998703464802198,
        0.0048319918700781275,
        23.761001085807948
      ],
      [
        0.0029324888145707715,
        0.004689391577655996,
        0.9999847049410225,
        0.2089218277416549
      ],
      [
        0.0,
        0.0,
        0.0,
        1.0
      ]
    ],
    "location": [
      -13.831254563430775,
      23.761001085807948,
      0.2089218277416549
    ],
    "rotation": [
      0.004689428928294908,
      -0.002932493017572059,
      -3.090894875897068
    ]
  },
  {
    "label_id": "jCjquE8-FjABU4aeRJWSqQ",
    "size": [
      0.5813068380702838,
      0.09089592981572317,
      0.6000000000000014
    ],
    "obj_class": "sign",
    "point_num_in_lidar": 97,
    "speed": 0.01351056864818701,
    "if_vehicle": false,
    "motion_state": false,
    "pose": [
      [
        -0.03454761383041496,
        -0.9993994299778447,
        0.0026910478597885566,
        -11.618694453687567
      ],
      [
        0.9993918306658175,
        -0.03453434019919217,
        0.0048319918700781275,
        36.83256199034622
      ],
      [
        -0.004736156358331414,
        0.0028563450361625787,
        0.9999847049410225,
        1.8449596960564207
      ],
      [
        0.0,
        0.0,
        0.0,
        1.0
      ]
    ],
    "location": [
      -11.618694453687567,
      36.83256199034622,
      1.8449596960564207
    ],
    "rotation": [
      0.002856380956450787,
      0.004736174064770446,
      1.6053512043415903
    ]
  },
  {
    "label_id": "kl6OZnUr7FMaib_vCX4org",
    "size": [
      0.7767175986886189,
      0.3510486088676036,
      1.1099999999999994
    ],
    "obj_class": "sign",
    "point_num_in_lidar": 142,
    "speed": 2.929642751054232e-13,
    "if_vehicle": false,
    "motion_state": false,
    "pose": [
      [
        -0.033763759705185394,
        -0.9994262187835512,
        0.0026910478597885566,
        -11.22023133788639
      ],
      [
        0.9994186090631596,
        -0.033750492038296116,
        0.0048319918700781275,
        34.88375931574228
      ],
      [
        -0.004738395174538576,
        0.002852629521350998,
        0.9999847049410225,
        -0.23941929547476093
      ],
      [
        0.0,
        0.0,
        0.0,
        1.0
      ]
    ],
    "location": [
      -11.22023133788639,
      34.88375931574228,
      -0.23941929547476093
    ],
    "rotation": [
      0.002852665415084843,
      0.0047384129060995435,
      1.604566884120716
    ]
  },
  {
    "label_id": "lLNzlQwvuqVjvE6i_V72ww",
    "size": [
      2.3560002890764338,
      5.907938778904348,
      2.3115983138329668
    ],
    "obj_class": "vehicle",
    "point_num_in_lidar": 79,
    "speed": 9.151846940789321,
    "if_vehicle": true,
    "motion_state": true,
    "pose": [
      [
        -0.07772104842807985,
        -0.9969715125782965,
        0.0026910478597885566,
        5.12176166258746
      ],
      [
