[
  {
    "label_id": "-9nK50GgpR1aiB9xKeeNGQ",
    "size": [
      2.290349904084748,
      5.034674882507156,
      1.850566636766004
    ],
    "obj_class": "vehicle",
    "point_num_in_lidar": 688,
    "speed": 4.338113688938916,
    "if_vehicle": true,
    "motion_state": true,
    "pose": [
      [
        0.9998206647804374,
        -0.01862401447815126,
        0.003432835959051149,
        17.901492873334746
      ],
      [
        0.018622850981177812,
        0.9998265109936658,
        0.0003705881354137781,
        52.087243171492446
      ],
      [
        -0.003439142238551082,
        -0.00030659248340090823,
        0.9999940391330902,
        -0.04963480896567063
      ],
      [
        0.0,
        0.0,
        0.0,
        1.0
      ]
    ],
    "location": [
      17.901492873334746,
      52.087243171492446,
      -0.04963480896567063
    ],
    "rotation": [
      -0.00030659430136216275,
      0.003439149018110562,
      0.01862403773564765
    ]
  },
  {
    "label_id": "1eK3OmHl_2tqAnFvzWn4tA",
    "size": [
      2.24409056850351,
      4.881987409548864,
      1.4872722474731432
    ],
    "obj_class": "vehicle",
    "point_num_in_lidar": 243,
    "speed": 0.032468847994728385,
    "if_vehicle": true,
    "motion_state": false,
    "pose": [
      [
        0.09390787168154803,
        0.9955749732056948,
        0.003432835959051149,
        -7.095481409446165
      ],
      [
        -0.9955808904687283,
        0.09390715200626602,
        0.0003705881354137781,
        7.34218864497052
      ],
      [
        4.6580424765728326e-05,
        -0.0034524670240123553,
        0.9999940391330902,
        0.3946617830699495
      ],
      [
        0.0,
        0.0,
        0.0,
        1.0
      ]
    ],
    "location": [
      -7.095481409446165,
      7.34218864497052,
      0.3946617830699495
    ],
    "rotation": [
      -0.0034524738864245147,
      -4.6580424782572864e-05,
      -1.4767498803399621
    ]
  },
  {
    "label_id": "6liW7d_ylGXEg1uK7GbB-A",
    "size": [
      0.7528699415204335,
      0.6360830778483343,
      1.6244726227275734
    ],
    "obj_class": "pedestrian",
    "point_num_in_lidar": 103,
    "speed": 4.9263817705687795e-28,
    "if_vehicle": false,
    "motion_state": false,
    "pose": [
      [
        -0.0631607816092781,
        -0.9979974605698069,
        0.003432835959051149,
        16.71260970935805
      ],
      [
        0.9980033528244181,
        -0.06315987979448785,
        0.0003705881354137781,
        45.04486901962446
      ],
      [
        -0.00015302851153238433,
        0.0034493884331171327,
        0.9999940391330902,
        -0.013146200410673714
      ],
      [
        0.0,
        0.0,
        0.0,
        1.0
      ]
    ],
    "location": [
      16.71260970935805,
      45.04486901962446,
      -0.013146200410673714
    ],
    "rotation": [
      0.0034493953138409715,
      0.00015302851212964762,
      1.6339991790981858
    ]
  },
  {
    "label_id": "72nLBfdms0aEGknAAr387A",
    "size": [
      0.8951216988725693,
      0.9497266214725659,
      1.6007817180603112
    ],
    "obj_class": "pedestrian",
    "point_num_in_lidar": 59,
    "speed": 1.6046043607864593,
    "if_vehicle": false,
    "motion_state": true,
    "pose": [
      [
        0.9898358491649141,
        -0.14217315972169825,
        0.003432835959051149,
        27.383596241925943
      ],
      [
        0.14217272842364886,
        0.9898417944080807,
        0.0003705881354137781,
        63.92167801758842
      ],
      [
        -0.003450652191782924,
        0.000121234232821376,
        0.9999940391330902,
        0.09619057178851875
      ],
      [
        0.0,
        0.0,
        0.0,
        1.0
      ]
    ],
    "location": [
      27.383596241925943,
      63.92167801758842,
      0.09619057178851875
    ],
    "rotation": [
      0.00012123495489284348,
      0.003450659039639206,
      0.14265695147556273
    ]
  },
  {
    "label_id": "7Rmbrf_QC8HYMBMvc67d_A",
    "size": [
      0.8992428883490338,
      1.1317922750854086,
      1.8688524052985755
    ],
    "obj_class": "pedestrian",
    "point_num_in_lidar": 33,
    "speed": 1.5790315464589526,
    "if_vehicle": false,
    "motion_state": true,
    "pose": [
      [
        0.12259210441074334,
        0.9924512036233436,
        0.003432835959051149,
        -11.18491305794737
      ],
      [
        -0.9924571391865047,
        0.12259155575394641,
        0.0003705881354137781,
        -9.824595238420443
      ],
      [
        -5.304605982823626e-05,
        -0.003452373734606493,
        0.9999940391330902,
        1.0167879325084854
      ],
      [
        0.0,
        0.0,
        0.0,
        1.0
      ]
    ],
    "location": [
      -11.18491305794737,
      -9.824595238420443,
      1.0167879325084854
    ],
    "rotation": [
      -0.003452380597574506,
      5.304605985311384e-05,
      -1.4478950575458214
    ]
  },
  {
    "label_id": "9lYwPu5yc5uujsti712OXw",
    "size": [
      0.8351853979007324,
      0.9282536612455977,
      1.8999999999999986
    ],
    "obj_class": "pedestrian",
    "point_num_in_lidar": 70,
    "speed": 1.3823862376782756,
    "if_vehicle": false,
    "motion_state": true,
    "pose": [
      [
        -0.11588656531025375,
        0.9932565225649769,
        0.003432835959051149,
        -11.802735043289886
      ],
      [
        -0.993262159429391,
        -0.11588850378746442,
        0.0003705881354137781,
        13.608703946689275
      ],
      [
        0.0007659153057271712,
        -0.0033667598714961747,
        0.9999940391330902,
        0.670005454719508
      ],
      [
        0.0,
        0.0,
        0.0,
        1.0
      ]
    ],
    "location": [
      -11.802735043289886,
      13.608703946689275,
      0.670005454719508
    ],
    "rotation": [
      -0.0033667672194604608,
      -0.0007659153806115289,
      -1.6869438934333993
    ]
  },
  {
    "label_id": "BCFugmMeTE1MZhUx7Md3MA",
    "size": [
      1.9755133702178587,
      5.636981406052898,
      2.0752408288585755
    ],
    "obj_class": "vehicle",
    "point_num_in_lidar": 159,
    "speed": 0.05006099416060229,
    "if_vehicle": true,
    "motion_state": false,
    "pose": [
      [
        0.07775435667614541,
        0.9969666371825874,
        0.003432835959051149,
        -6.925226550269372
      ],
      [
        -0.9969725419998342,
        0.07775354115937623,
        0.0003705881354137781,
        -0.08161405585087778
      ],
      [
        0.00010254885510776942,
        -0.0034512580344245735,
        0.9999940391330902,
        0.7712785839722471
      ],
      [
        0.0,
        0.0,
        0.0,
        1.0
      ]
    ],
    "location": [
      -6.925226550269372,
      -0.08161405585087778,
      0.7712785839722471
    ],
    "rotation": [
      -0.00345126490403569,
      -0.00010254885528750795,
      -1.4929634086848225
    ]
  },
  {
    "label_id": "CIORug2cCRbXeVxdAFexLg",
    "size": [
      0.7856885753912457,
      0.09106751623065597,
      0.5932061658348502
    ],
    "obj_class": "sign",
    "point_num_in_lidar": 46,
    "speed": 0.02222547766000049,
    "if_vehicle": false,
    "motion_state": false,
    "pose": [
      [
        0.018734208921992637,
        0.9998186060747946,
        0.003432835959051149,
        5.804222806560119
      ],
      [
        -0.9998244524162214,
        0.018733046069362696,
        0.0003705881354137781,
        38.003082562892814
      ],
      [
        0.00030621343880779083,
        -0.003439176008545883,
        0.9999940391330902,
        1.7559820992464736
      ],
      [
        0.0,
        0.0,
        0.0,
        1.0
      ]
    ],
    "location": [
      5.804222806560119,
      38.003082562892814,
      1.7559820992464736
    ],
    "rotation": [
      -0.003439182949546083,
      -0.00030621344359322677,
      -1.5520610209619408
    ]
  },
  {
    "label_id": "CwlUZaiwe8TBlM2O3R4nSQ",
    "size": [
      0.6334117322224649,
      0.12472124207279026,
      0.9799999999999969
    ],
    "obj_class": "sign",
    "point_num_in_lidar": 53,
    "speed": 0.02533889329479002,
    "if_vehicle": false,
    "motion_state": false,
    "pose": [
      [
        -0.8352769996069833,
        -0.5498186515250585,
        0.003432835959051149,
        6.92239562357463
      ],
      [
        0.5498229160548295,
        -0.8352811644263254,
        0.0003705881354137781,
        23.981258469062595
      ],
      [
        0.0026636269482764163,
        0.002196995623181747,
        0.9999940391330902,
        -0.017380265247957993
      ],
      [
        0.0,
        0.0,
        0.0,
        1.0
      ]
    ],
    "location": [
      6.92239562357463,
      23.981258469062595,
      -0.017380265247957993
    ],
    "rotation": [
      0.002197005184393349,
      -0.002663630097984727,
      2.5594381005686717
    ]
  },
  {
    "label_id": "EyxD8CxOxMr5IYCbewub_Q",
    "size": [
      0.5603732247132719,
      0.09966899333537328,
      0.5899999999999963
    ],
    "obj_class": "sign",
    "point_num_in_lidar": 28,
    "speed": 0.034525366584892636,
    "if_vehicle": false,
    "motion_state": false,
    "pose": [
      [
        -0.856830039046939,
        0.515587528770915,
        0.003432835959051149,
        19.493175814263395
      ],
      [
        -0.5155894412832724,
        -0.8568356847737125,
        0.0003705881354137781,
        54.63508579763402
      ],
      [
        0.0031324469706192266,
        -0.0014524029276073891,
        0.9999940391330902,
        0.2473723199357707
      ],
      [
        0.0,
        0.0,
        0.0,
        1.0
      ]
    ],
    "location": [
      19.493175814263395,
      54.63508579763402,
      0.2473723199357707
    ],
    "rotation": [
      -0.0014524105639537109,
      -0.0031324520933537488,
      -2.5998942664361815
    ]
  },
  {
    "label_id": "FzhIiYZfV0ZRgWwzC5IjNA",
    "size": [
      1.8776833819729002,
      4.564797332079824,
      1.7476778351213866
    ],
    "obj_class": "vehicle",
    "point_num_in_lidar": 531,
    "speed": 0.06725904421809843,
    "if_vehicle": true,
    "motion_state": false,
    "pose": [
      [
        -0.9971816901579151,
        0.07494593018357759,
        0.003432835959051149,
        -29.08833968767408
      ],
      [
        -0.07494509803816894,
        -0.9971875926547036,
        0.0003705881354137781,
        55.32186493200061
      ],
      [
        0.0034509554985082992,
        0.00011226947572434154,
        0.9999940391330902,
        0.05550396977105976
      ],
      [
        0.0,
        0.0,
        0.0,
        1.0
      ]
    ],
    "location": [
      -29.08833968767408,
      55.32186493200061,
      0.05550396977105976
    ],
    "rotation": [
      0.00011227014448002734,
      -0.0034509623481704926,
      -3.0665767719005097
    ]
  },
  {
    "label_id": "Ijb7IUwsYwZudsLlkk9G4w",
    "size": [
      0.9010333411118555,
      0.7952315151847923,
      1.0300000000000011
    ],
    "obj_class": "sign",
    "point_num_in_lidar": 26,
    "speed": 2.929642751054232e-13,
    "if_vehicle": false,
    "motion_state": false,
    "pose": [
      [
        0.9994305565984002,
        -0.03356751665956208,
        0.003432835959051149,
        -10.262600655762071
      ],
      [
        0.033566440683325635,
        0.999436419550682,
        0.0003705881354137781,
        21.95628889132422
      ],
      [
        -0.00344334100322825,
        -0.00025514902185027797,
        0.9999940391330902,
        -0.02735249275390572
      ],
      [
        0.0,
        0.0,
        0.0,
        1.0
      ]
    ],
    "location": [
      -10.262600655762071,
      21.95628889132422,
      -0.02735249275390572
    ],
    "rotation": [
      -0.0002551505372317858,
      0.0034433478076491414,
      0.03357294623853478
    ]
  },
  {
    "label_id": "Im-r1sT-zfG7KFGudl9kcQ",
    "size": [
      1.865372585887132,
      4.360587515094883,
      1.5051311337171924
    ],
    "obj_class": "vehicle",
    "point_num_in_lidar": 23,
    "speed": 14.582424811530657,
    "if_vehicle": true,
    "motion_state": true,
    "pose": [
      [
        0.07835031848948043,
        0.9969199783482499,
        0.003432835959051149,
        2.1505225532434906
      ],
      [
        -0.9969258836519487,
        0.07834950650269185,
        0.0003705881354137781,
        -25.89385130998926
      ],
      [
        0.00010048571263646962,
        -0.0034513187203473435,
        0.9999940391330902,
        1.1905310578701247
      ],
      [
        0.0,
        0.0,
        0.0,
        1.0
      ]
    ],
    "location": [
      2.1505225532434906,
      -25.89385130998926,
      1.1905310578701247
    ],
    "rotation": [
      -0.003451325589597345,
      -0.00010048571280557667,
      -1.4923656231892597
    ]
  },
  {
    "label_id": "InPwvU2homAc1AtpmC4pDQ",
    "size": [
      2.1166185057523847,
      4.313385827928875,
      1.7074263757876054
    ],
    "obj_class": "vehicle",
    "point_num_in_lidar": 330,
    "speed": 12.13795530792996,
    "if_vehicle": true,
    "motion_state": true,
    "pose": [
      [
        0.07508026883335173,
        0.9971715844673823,
        0.003432835959051149,
        -0.8055898451541452
      ],
      [
        -0.9971774870762231,
        0.07507943748312916,
        0.0003705881354137781,
        15.842178479197173
      ],
      [
        0.00011180456539795154,
        -0.003450970592024838,
        0.9999940391330902,
        0.4543643596590883
      ],
      [
        0.0,
        0.0,
        0.0,
        1.0
      ]
    ],
    "location": [
      -0.8055898451541452,
      15.842178479197173,
      0.4543643596590883
    ],
    "rotation": [
      -0.0034509774633460525,
      -0.00011180456563088257,
      -1.4956453394574927
    ]
  },
  {
    "label_id": "JTRdyrcCjTKdVPUli4WKCA",
    "size": [
      2.0130924036489075,
      4.7002573309096345,
      2.3828669641917486
    ],
    "obj_class": "vehicle",
    "point_num_in_lidar": 84,
    "speed": 3.1776437161565096e-13,
    "if_vehicle": true,
    "motion_state": false,
    "pose": [
      [
        -0.9897964392173088,
        0.1424472693666485,
        0.003432835959051149,
        63.64071429014689
      ],
      [
        -0.142446839715031,
        -0.9898023845796868,
        0.0003705881354137781,
        61.84575804797714
      ],
      [
        0.003450618486089094,
        -0.00012218981677821432,
        0.9999940391330902,
        0.6558430123369092
      ],
      [
        0.0,
        0.0,
        0.0,
        1.0
      ]
    ],
    "location": [
      63.64071429014689,
      61.84575804797714,
      0.6558430123369092
    ],
    "rotation": [
      -0.00012219054453166837,
      -0.003450625333744709,
      -2.9986587706106507
    ]
  },
  {
    "label_id": "Kn0RnWXHMkuVO9dGiGe3HQ",
    "size": [
      2.7036649749499557,
      5.803628056546428,
      2.725293277478478
    ],
    "obj_class": "vehicle",
    "point_num_in_lidar": 106,
    "speed": 0.024698883321631535,
    "if_vehicle": true,
    "motion_state": false,
    "pose": [
      [
        -0.1001979931547453,
        -0.9949615961458209,
        0.003432835959051149,
        8.263918978844004
      ],
      [
        0.9949675178390008,
        -0.10019731089071904,
        0.0003705881354137781,
        -15.031656783779908
      ],
      [
        -2.4760030898108714e-05,
        0.0034526924607810074,
        0.9999940391330902,
        1.4189299471714847
      ],
      [
        0.0,
        0.0,
        0.0,
        1.0
      ]
    ],
    "location": [
      8.263918978844004,
      -15.031656783779908,
      1.4189299471714847
    ],
    "rotation": [
      0.003452699321849682,
      2.476003090063861e-05,
      1.6711627405861973
    ]
  },
  {
    "label_id": "MgWhrhP47pwT0J5qUjq5Ug",
    "size": [
      2.05125401075963,
      4.445365804963032,
      1.6782138818528338
    ],
    "obj_class": "vehicle",
    "point_num_in_lidar": 1062,
    "speed": 5.783398860650275e-13,
    "if_vehicle": true,
    "motion_state": false,
    "pose": [
      [
        -0.9989668818236859,
        0.045314287556356116,
        0.003432835959051149,
        11.191210171072953
      ],
      [
        -0.04531328057807624,
        -0.998972757019773,
        0.0003705881354137781,
        56.59890746588462
      ],
      [
        0.003446102539743057,
        0.00021465221508416168,
        0.9999940391330902,
        -0.09003975349587989
      ],
      [
        0.0,
        0.0,
        0.0,
        1.0
      ]
    ],
    "location": [
      11.191210171072953,
      56.59890746588462,
      -0.09003975349587989
    ],
    "rotation": [
      0.0002146534913082746,
      -0.00344610936054844,
      -3.0962635824153386
    ]
  },
  {
    "label_id": "NdPelArZnGXiUa_wkMiATQ",
    "size": [
      0.9394738368670825,
      0.866268146219321,
      2.049999999999997
    ],
    "obj_class": "pedestrian",
    "point_num_in_lidar": 42,
    "speed": 0.0,
    "if_vehicle": false,
    "motion_state": false,
    "pose": [
      [
        -0.4584121545630225,
        0.8887330938961178,
        0.003432835959051149,
        52.59608619225219
      ],
      [
        -0.8887376863062856,
        -0.45841595478711694,
        0.0003705881354137781,
        59.575350353514295
      ],
      [
        0.0019030207139434615,
        -0.0028810085821056146,
        0.9999940391330902,
        0.46875794611217003
      ],
      [
        0.0,
        0.0,
        0.0,
        1.0
      ]
    ],
    "location": [
      52.59608619225219,
      59.575350353514295,
      0.46875794611217003
    ],
    "rotation": [
      -0.0028810177844213474,
      -0.0019030218625730616,
      -2.0470050084295637
    ]
  },
  {
    "label_id": "PBPtoWWiZmUSarH7z_93VQ",
    "size": [
      0.5274503365652945,
      0.08355648896149048,
      0.509999999999998
    ],
    "obj_class": "sign",
    "point_num_in_lidar": 34,
    "speed": 0.07036934848457564,
    "if_vehicle": false,
    "motion_state": false,
    "pose": [
      [
        -0.9974556347837624,
        0.07120724875600642,
        0.003432835959051149,
        28.18263285840385
      ],
      [
        -0.07120639448963781,
        -0.997461534119597,
        0.0003705881354137781,
        49.37922201102447
      ],
      [
        0.0034505103836405112,
        0.00012520535233407072,
        0.9999940391330902,
        2.2553239030223935
      ],
      [
        0.0,
        0.0,
        0.0,
        1.0
      ]
    ],
    "location": [
      28.18263285840385,
      49.37922201102447,
      2.2553239030223935
    ],
    "rotation": [
      0.00012520609801669393,
      -0.0034505172306525654,
      -3.070325522849516
    ]
  },
  {
    "label_id": "UzRjOTVRec06lSAMK79AGg",
    "size": [
      2.1862905007105566,
      4.690650091409834,
      1.4663315120900506
    ],
    "obj_class": "vehicle",
    "point_num_in_lidar": 82,
    "speed": 1.7763568394002505e-13,
    "if_vehicle": true,
    "motion_state": false,
    "pose": [
      [
        0.9940431962415923,
        -0.10893272989821487,
        0.003432835959051149,
        -34.95715860215182
      ],
      [
        0.10893209966986389,
        0.9940491236985971,
        0.0003705881354137781,
        46.4501791745588
      ],
      [
        -0.0034527767541543404,
        5.5654142257285105e-06,
        0.9999940391330902,
        -0.034975739196710265
      ],
      [
        0.0,
        0.0,
        0.0,
        1.0
      ]
    ],
    "location": [
      -34.95715860215182,
      46.4501791745588,
      -0.034975739196710265
    ],
    "rotation": [
      5.565447400562298e-06,
      0.003452783614667107,
      0.10914934651472274
    ]
  },
  {
    "label_id": "XH8EEUqMWDsB2IqwYEVCqg",
    "size": [
      0.7772861356849958,
      0.12044237215146732,
      0.46637168141589314
    ],
    "obj_class": "sign",
    "point_num_in_lidar": 43,
    "speed": 0.013144611395000488,
    "if_vehicle": false,
    "motion_state": false,
    "pose": [
      [
        -0.005019358111593241,
        0.9999815106697851,
        0.003432835959051149,
        6.538589691595234
      ],
      [
        -0.999987327741007,
        -0.005020659501895956,
        0.0003705881354137781,
        28.091558287969747
      ],
      [
        0.00038781638396362904,
        -0.003430932342701246,
        0.9999940391330902,
        1.9538422385956409
      ],
      [
        0.0,
        0.0,
        0.0,
        1.0
      ]
    ],
    "location": [
      6.538589691595234,
      28.091558287969747,
      1.9538422385956409
    ],
    "rotation": [
      -0.003430939331834333,
      -0.00038781639368499376,
      -1.575815706360441
    ]
  },
  {
    "label_id": "Y9pQw1kOX1aM7nlzOdz2MQ",
    "size": [
      1.5565745696068898,
      0.1425648570649699,
      1.7299999999999969
    ],
    "obj_class": "sign",
    "point_num_in_lidar": 565,
    "speed": 0.0036833197855219682,
    "if_vehicle": false,
    "motion_state": false,
    "pose": [
      [
        -0.9883995077330611,
        0.15183750771901028,
        0.003432835959051149,
        11.409286431484361
      ],
      [
        -0.15183713452920378,
        -0.9884054569064228,
        0.0003705881354137781,
        48.54587051749331
      ],
      [
        0.0034493029734622123,
        -0.00015494284471644627,
        0.9999940391330902,
        0.30389152715749645
      ],
      [
        0.0,
        0.0,
        0.0,
        1.0
      ]
    ],
    "location": [
      11.409286431484361,
      48.54587051749331,
      0.30389152715749645
    ],
    "rotation": [
      -0.00015494376707568652,
      -0.0034493098132889915,
      -2.9891650461581687
    ]
  },
  {
    "label_id": "YMCH2TkTYWdgEE8q3XIBEg",
    "size": [
      0.6750242326117429,
      0.6473499822288307,
      1.6199999999999974
    ],
    "obj_class": "pedestrian",
    "point_num_in_lidar": 27,
    "speed": 1.3356616901627247,
    "if_vehicle": false,
    "motion_state": true,
    "pose": [
      [
        -0.16249636090055006,
        -0.9867031713394643,
        0.003432835959051149,
        -10.713529613560468
      ],
      [
        0.9867091241941163,
        -0.1624960519413127,
        0.0003705881354137781,
        7.5070146133602975
      ],
      [
        0.00019216180183442776,
        0.003447429786055088,
        0.9999940391330902,
        0.49666941742049886
      ],
      [
        0.0,
        0.0,
        0.0,
        1.0
      ]
    ],
    "location": [
      -10.713529613560468,
      7.5070146133602975,
      0.49666941742049886
    ],
    "rotation": [
      0.003447436678395064,
      -0.0001921618030170606,
      1.7340164452330913
    ]
  },
  {
    "label_id": "_u2qr1tSBDL1NeHlhe8NYw",
    "size": [
      2.4165450863360385,
      4.640755453339751,
      1.6182138818528458
    ],
    "obj_class": "vehicle",
    "point_num_in_lidar": 28,
    "speed": 3.621132247420594,
    "if_vehicle": true,
    "motion_state": true,
    "pose": [
      [
        0.9918950126287376,
        -0.12701377704609274,
        0.003432835959051149,
        54.740258174859036
      ],
      [
        0.1270132548467682,
        0.9919009505780624,
        0.0003705881354137781,
        53.96080745661857
      ],
      [
        -0.0034521030497687622,
        6.843114525780372e-05,
        0.9999940391330902,
        0.008962660204439032
      ],
      [
        0.0,
        0.0,
        0.0,
        1.0
      ]
    ],
    "location": [
      54.740258174859036,
      53.96080745661857,
      0.008962660204439032
    ],
    "rotation": [
      6.843155306236573e-05,
      0.003452109906266437,
      0.1273580251560965
    ]
  },
  {
    "label_id": "apo-d-drZ1EW6cVkAZw35A",
    "size": [
      1.000000000001556,
      1.0,
      1.3699999999999974
    ],
    "obj_class": "sign",
    "point_num_in_lidar": 37,
    "speed": 1.1282245073885757e-27,
    "if_vehicle": false,
    "motion_state": false,
    "pose": [
      [
        -0.9923135270333181,
        0.1237015751879265,
        0.003432835959051149,
        51.10015270164217
      ],
      [
        -0.123701033167354,
        -0.9923194632061608,
        0.0003705881354137781,
        49.91619913197064
      ],
      [
        0.0034523122722570835,
        -5.690573509952456e-05,
        0.9999940391330902,
        0.015589731606802104
      ],
      [
        0.0,
        0.0,
        0.0,
        1.0
      ]
    ],
    "location": [
      51.10015270164217,
      49.91619913197064,
      0.015589731606802104
    ],
    "rotation": [
      -5.690607424763354e-05,
      -0.003452319130001499,
      -3.0175732074652144
    ]
  },
  {
    "label_id": "b6NI0yciWBZiww40xt4BNQ",
    "size": [
      2.739238590186244,
      5.915526156687571,
      2.3682138818528387
    ],
    "obj_class": "vehicle",
    "point_num_in_lidar": 370,
    "speed": 3.1776437161565096e-13,
    "if_vehicle": true,
    "motion_state": false,
    "pose": [
      [
        -0.9983992308825553,
        0.05645521597159957,
        0.003432835959051149,
        32.47391990697042
      ],
      [
        -0.05645427459539026,
        -0.9984051169461935,
        0.0003705881354137781,
        59.818731559566004
      ],
      [
        0.003448282620374858,
        0.00017619664549811296,
        0.9999940391330902,
        0.3809835777748205
      ],
      [
        0.0,
        0.0,
        0.0,
        1.0
      ]
    ],
    "location": [
      32.47391990697042,
      59.818731559566004,
      0.3809835777748205
    ],
    "rotation": [
      0.00017619769396573804,
      -0.003448289454133455,
      -3.0851080122970274
    ]
  },
  {
    "label_id": "bSuLGh3Quq0PVev0FYi_DQ",
    "size": [
      1.8563238703361464,
      4.2105346985256356,
      1.6576778351213832
    ],
    "obj_class": "vehicle",
    "point_num_in_lidar": 324,
    "speed": 0.04944642109481547,
    "if_vehicle": true,
    "motion_state": false,
    "pose": [
      [
        -0.9978524348972193,
        0.06541203105674595,
        0.003432835959051149,
        -34.431531715254096
      ],
      [
        -0.06541114253675116,
        -0.997858329171266,
        0.0003705881354137781,
        54.897478958489955
      ],
      [
        0.003449724877040768,
        0.0001452465510438794,
        0.9999940391330902,
        0.10433036350482183
      ],
      [
        0.0,
        0.0,
        0.0,
        1.0
      ]
    ],
    "location": [
      -34.431531715254096,
      54.897478958489955,
      0.10433036350482183
    ],
    "rotation": [
      0.00014524741582298107,
      -0.0034497317193777155,
      -3.0761343860825674
    ]
  },
  {
    "label_id": "c3POzVNyXEnuovQBHtzfjw",
    "size": [
      0.9163554137445005,
      0.8839332918725881,
      1.6102138473786525
    ],
    "obj_class": "pedestrian",
    "point_num_in_lidar": 331,
    "speed": 3.552713678800501e-13,
    "if_vehicle": false,
    "motion_state": false,
    "pose": [
      [
        0.9821264931228719,
        -0.18819077326863662,
        0.003432835959051149,
        -15.415568142677785
      ],
      [
        0.18819061976483883,
        0.9821324520129451,
        0.0003705881354137781,
        43.89140881493222
      ],
      [
        -0.0034412408655888163,
        0.00028206310085798276,
        0.9999940391330902,
        -0.15938463382269674
      ],
      [
        0.0,
        0.0,
        0.0,
        1.0
      ]
    ],
    "location": [
      -15.415568142677785,
      43.89140881493222,
      -0.15938463382269674
    ],
    "rotation": [
      0.0002820647747282009,
      0.0034412476575669455,
      0.18932065732538414
    ]
  },
  {
    "label_id": "dOzfdH28bWp78162th45ZQ",
    "size": [
      2.225047507782511,
      4.952390760509612,
      1.4772722474731381
    ],
    "obj_class": "vehicle",
    "point_num_in_lidar": 563,
    "speed": 0.11492719911825096,
    "if_vehicle": true,
    "motion_state": false,
    "pose": [
      [
        0.13570173892157655,
        0.9907437881162506,
        0.003432835959051149,
        -8.239889190168697
      ],
      [
        -0.9907497304140251,
        0.13570126878172642,
        0.0003705881354137781,
        24.3864082515247
      ],
      [
        -9.868230205199091e-05,
        -0.003451370755384852,
        0.9999940391330902,
        0.11509525871876036
      ],
      [
        0.0,
        0.0,
        0.0,
        1.0
      ]
    ],
    "location": [
      -8.239889190168697,
      24.3864082515247,
      0.11509525871876036
    ],
    "rotation": [
      -0.0034513776243251955,
      9.868230221215552e-05,
      -1.4346746071569079
    ]
  },
  {
    "label_id": "e3SoTY4ZM2RgUcGSgbCw2Q",
    "size": [
      2.2155390665535433,
      4.6419119317498865,
      1.793922421779314
    ],
    "obj_class": "vehicle",
    "point_num_in_lidar": 168,
    "speed": 2.929642751054232e-13,
    "if_vehicle": true,
    "motion_state": false,
    "pose": [
      [
        -0.04697064904496485,
        -0.9988903712447992,
        0.003432835959051149,
        6.381204424023963
      ],
      [
        0.9988962481025175,
        -0.04696965180994831,
        0.0003705881354137781,
        10.562579060033386
      ],
      [
        -0.00020893781044508436,
        0.0034464537250963488,
        0.9999940391330902,
        0.45041869653378086
      ],
      [
        0.0,
        0.0,
        0.0,
        1.0
      ]
    ],
    "location": [
      6.381204424023963,
      10.562579060033386,
      0.45041869653378086
    ],
    "rotation": [
      0.0034464606232151684,
      0.00020893781196528138,
      1.6177842654714765
    ]
  },
  {
    "label_id": "fSlk5jeQXY6tiYMoLySQDA",
    "size": [
      1.951978302192517,
      4.2425275019101365,
      1.7076778351213875
    ],
    "obj_class": "vehicle",
    "point_num_in_lidar": 243,
    "speed": 0.059255695356020925,
    "if_vehicle": true,
    "motion_state": false,
    "pose": [
      [
        -0.9978524348972124,
        0.06541203105685187,
        0.003432835959051149,
        -40.005132835085305
      ],
      [
        -0.06541114253685708,
        -0.9978583291712592,
        0.0003705881354137781,
        54.49132846583416
      ],
      [
        0.0034497248770407837,
        0.00014524655104351325,
        0.9999940391330902,
        0.2337344503701928
      ],
      [
        0.0,
        0.0,
        0.0,
        1.0
      ]
    ],
    "location": [
      -40.005132835085305,
      54.49132846583416,
      0.2337344503701928
    ],
    "rotation": [
      0.0001452474158226149,
      -0.003449731719377731,
      -3.0761343860824613
    ]
  },
  {
    "label_id": "fwu2l9rbw4VbqDoPx91Eow",
    "size": [
      0.7856885754143768,
      0.09106751623065597,
      0.5132061658348519
    ],
    "obj_class": "sign",
    "point_num_in_lidar": 70,
    "speed": 0.02230810192085898,
    "if_vehicle": false,
    "motion_state": false,
    "pose": [
      [
        0.20681819066677967,
        -0.9783733702664835,
        0.003432835959051149,
        5.786346428767729
      ],
      [
        0.9783788047762086,
        0.20682063975607282,
        0.0003705881354137781,
        38.22877778255315
      ],
      [
        -0.0010725548922541604,
        0.0032819695749604005,
        0.9999940391330902,
        1.8113748146692359
      ],
      [
        0.0,
        0.0,
        0.0,
        1.0
      ]
    ],
    "location": [
      5.786346428767729,
      38.22877778255315,
      1.8113748146692359
    ],
    "rotation": [
      0.003281977354606751,
      0.001072555097894143,
      1.362474492003612
    ]
  },
  {
    "label_id": "gzHVXsws0eboEaFBL3fSzQ",
    "size": [
      0.7296529798986435,
      0.8022160096950426,
      1.7100000000000009
    ],
    "obj_class": "pedestrian",
    "point_num_in_lidar": 40,
    "speed": 1.313945948675263,
    "if_vehicle": false,
    "motion_state": true,
    "pose": [
      [
        -0.16569884060689108,
        -0.9861704263760955,
        0.003432835959051149,
        -11.371125051226045
      ],
      [
        0.986176380202414,
        -0.16569855097524985,
        0.0003705881354137781,
        7.364981890545096
      ],
      [
        0.0002033528846395797,
        0.0034467877643064777,
        0.9999940391330902,
        0.841841009026048
      ],
      [
        0.0,
        0.0,
        0.0,
        1.0
      ]
    ],
    "location": [
      -11.371125051226045,
      7.364981890545096,
      0.841841009026048
    ],
    "rotation": [
      0.003446794660448332,
      -0.0002033528860411012,
      1.7372629359692306
    ]
  },
  {
    "label_id": "ho3rcpWrA33tetBa8wR4Pg",
    "size": [
      0.6359592087323249,
      0.6286638680823156,
      1.6188524052985755
    ],
    "obj_class": "pedestrian",
    "point_num_in_lidar": 48,
    "speed": 3.552713678800501e-14,
    "if_vehicle": false,
    "motion_state": false,
    "pose": [
      [
        -0.14464060614231622,
        0.9894783022846237,
        0.003432835959051149,
        -12.573364879160636
      ],
      [
        -0.989483880565919,
        -0.14464270726394793,
        0.0003705881354137781,
        7.363843063334571
      ],
      [
        0.0008632236057862388,
        -0.0033431337535727596,
        0.9999940391330902,
        0.6168771886818547
      ],
      [
        0.0,
        0.0,
        0.0,
        1.0
      ]
    ],
    "location": [
      -12.573364879160636,
      7.363843063334571,
      0.6168771886818547
    ],
    "rotation": [
      -0.003343141226634665,
      -0.0008632237129921714,
      -1.7159461307956854
    ]
  },
  {
    "label_id": "iK821UNKaU58mEdNH7bCAg",
    "size": [
      0.6736724280060867,
      0.5654848181123928,
      1.1000000000000014
    ],
    "obj_class": "sign",
    "point_num_in_lidar": 48,
    "speed": 1.421529491362787e-12,
    "if_vehicle": false,
    "motion_state": false,
    "pose": [
      [
        -0.10233702195569525,
        -0.9947438612901904,
        0.003432835959051149,
        -10.359018133466634
      ],
      [
        0.994749784436614,
        -0.10233635242543969,
        0.0003705881354137781,
        23.398864004037023
      ],
      [
        -1.7336362245652956e-05,
        0.003452737716422748,
        0.9999940391330902,
        -0.015079578159706841
      ],
      [
        0.0,
        0.0,
        0.0,
        1.0
      ]
    ],
    "location": [
      -10.359018133466634,
      23.398864004037023,
      -0.015079578159706841
    ],
    "rotation": [
      0.0034527445772216804,
      1.733636224652136e-05,
      1.6733128228703944
    ]
  },
  {
    "label_id": "iMO8XPPJOQopigo1OG2RUg",
    "size": [
      0.5857817631658377,
      0.5345773345299226,
      1.5950292733247764
    ],
    "obj_class": "pedestrian",
    "point_num_in_lidar": 27,
    "speed": 1.0658141036401503e-13,
    "if_vehicle": false,
    "motion_state": false,
    "pose": [
      [
        -0.9987085802727745,
        0.05068912434454982,
        0.003432835959051149,
        -13.831254563431003
      ],
      [
        -0.050688148995585235,
        -0.9987144608024034,
        0.0003705881354137781,
        23.761001085807948
      ],
      [
        0.0034472077019434737,
        0.0001961054500152417,
        0.9999940391330902,
        0.20586774374839223
      ],
      [
        0.0,
        0.0,
        0.0,
        1.0
      ]
    ],
    "location": [
      -13.831254563431003,
      23.761001085807948,
      0.20586774374839223
    ],
    "rotation": [
      0.0001961066164667542,
      -0.0034472145293132648,
      -3.090882472487709
    ]
  },
  {
    "label_id": "jCjquE8-FjABU4aeRJWSqQ",
    "size": [
      0.581306838070281,
      0.09089592981572317,
      0.6000000000000014
    ],
    "obj_class": "sign",
    "point_num_in_lidar": 104,
    "speed": 0.013656350061056114,
    "if_vehicle": false,
    "motion_state": false,
    "pose": [
      [
        -0.034547535361363624,
        -0.9993971600108403,
        0.003432835959051149,
        -11.616064025289688
      ],
      [
        0.9994030240153983,
        -0.034546465134815824,
        0.0003705881354137781,
        36.83072425156388
      ],
      [
        -0.00025177238229334004,
        0.003443589545137228,
        0.9999940391330902,
        1.8449596960564278
      ],
      [
        0.0,
        0.0,
        0.0,
        1.0
      ]
    ],
    "location": [
      -11.616064025289688,
      36.83072425156388,
      1.8449596960564278
    ],
    "rotation": [
      0.0034435964601757427,
      0.00025177238495328733,
      1.6053507392115112
    ]
  },
  {
    "label_id": "kl6OZnUr7FMaib_vCX4org",
    "size": [
      0.7767175986886203,
      0.3510486088676036,
      1.1099999999999994
    ],
    "obj_class": "sign",
    "point_num_in_lidar": 125,
    "speed": 2.929642751054232e-13,
    "if_vehicle": false,
    "motion_state": false,
    "pose": [
      [
        -0.033763683016505,
        -0.9994239487557015,
        0.003432835959051149,
        -11.220231337886162
      ],
      [
        0.9994298119190616,
        -0.03376260819106237,
        0.0003705881354137781,
        34.88375931574046
      ],
      [
        -0.00025447316218761703,
        0.00344339101723727,
        0.9999940391330902,
        -0.23941929547474672
      ],
      [
        0.0,
        0.0,
        0.0,
        1.0
      ]
    ],
    "location": [
      -11.220231337886162,
      34.88375931574046,
      -0.23941929547474672
    ],
    "rotation": [
      0.003443397933446463,
      0.00025447316493408615,
      1.6045664292209656
    ]
  },
  {
    "label_id": "lLNzlQwvuqVjvE6i_V72ww",
    "size": [
      2.356000289077864,
      5.907938778904348,
      2.3115983138329668
    ],
    "obj_class": "vehicle",
    "point_num_in_lidar": 61,
    "speed": 9.151846711109489,
    "if_vehicle": true,
    "motion_state": true,
    "pose": [
      [
        -0.07743342586367237,
        -0.9969916149077149,
        0.003432835959051149,
        5.25866296535537
      ],
      [
        0.9969975194621383,
        -0.07743260844616566,
        0.0003705881354137781,
        -25.89800248542997
      ],
      [
        -0.00010365982091469639,
        0.0034512248448039457,
        0.9999940391330902,
        1.5503646250041498
      ],
      [
        0.0,
        0.0,
        0.0,
        1.0
      ]
    ],
    "location": [
      5.25866296535537,
      -25.89800248542997,
      1.5503646250041498
    ],
    "rotation": [
      0.0034512317146125483,
      0.00010365982110034004,
      1.6483073435815592
    ]
  },
  {
    "label_id": "nIflfxa4C8DxMvjsHgEFRw",
    "size": [
      2.1297187759872074,
      5.000213637888109,
      1.5364430207010855
    ],
    "obj_class": "vehicle",
    "point_num_in_lidar": 43,
    "speed": 0.02469180871644336,
    "if_vehicle": true,
    "motion_state": false,
    "pose": [
      [
        -0.1001979931541532,
        -0.9949615961458805,
        0.003432835959051149,
        6.6025974398767175
      ],
      [
        0.9949675178390605,
        -0.10019731089012694,
        0.0003705881354137781,
        4.200511850745897
      ],
      [
        -2.4760030900163325e-05,
        0.0034526924607809926,
        0.9999940391330902,
        0.4291583970728965
      ],
      [
        0.0,
        0.0,
        0.0,
        1.0
      ]
    ],
    "location": [
      6.6025974398767175,
      4.200511850745897,
      0.4291583970728965
    ],
    "rotation": [
      0.003452699321849667,
      2.476003090269322e-05,
      1.6711627405856022
    ]
  },
  {
    "label_id": "nJ9ixIFXA5MXpTlWNgnlUg",
    "size": [
      0.7622913343030545,
      0.5963576801591205,
      1.755029273324773
    ],
    "obj_class": "pedestrian",
    "point_num_in_lidar": 114,
    "speed": 0.028133167265321644,
    "if_vehicle": false,
    "motion_state": false,
    "pose": [
      [
        -0.9953555328989321,
        0.09620591855369928,
