[
  {
    "label_id": "1eK3OmHl_2tqAnFvzWn4tA",
    "size": [
      2.244090568503113,
      4.881987409548864,
      1.4872722474731432
    ],
    "obj_class": "vehicle",
    "point_num_in_lidar": 5098,
    "speed": 0.16072590987582924,
    "if_vehicle": true,
    "motion_state": false,
    "pose": [
      [
        0.09825359475846955,
        0.9951539774336797,
        -0.003846077867858296,
        -7.116641826771229
      ],
      [
        -0.9949141587209304,
        0.09831459567167378,
        0.021910204347258818,
        7.296078858600595
      ],
      [
        0.022182152593059574,
        0.0016737609872646004,
        0.9997525446981846,
        0.41465634646439753
      ],
      [
        0.0,
        0.0,
        0.0,
        1.0
      ]
    ],
    "location": [
      -7.116641826771229,
      7.296078858600595,
      0.41465634646439753
    ],
    "rotation": [
      0.0016741737066529446,
      -0.022183972109545255,
      -1.4723596557924281
    ]
  },
  {
    "label_id": "1yaIJWr37eHUtmYcb-ixqQ",
    "size": [
      0.9521050738759975,
      0.09268519735418204,
      1.2299999999999969
    ],
    "obj_class": "sign",
    "point_num_in_lidar": 70,
    "speed": 0.02137795590751902,
    "if_vehicle": false,
    "motion_state": false,
    "pose": [
      [
        -0.12753181719738077,
        -0.9918270228660682,
        -0.003846077867858296,
        -6.334272979065872
      ],
      [
        0.9915855109599044,
        -0.12758572569001073,
        0.021910204347258818,
        -30.22746628085406
      ],
      [
        -0.02222183738395989,
        -0.0010194669122199794,
        0.9997525446981846,
        3.875202582864951
      ],
      [
        0.0,
        0.0,
        0.0,
        1.0
      ]
    ],
    "location": [
      -6.334272979065872,
      -30.22746628085406,
      3.875202582864951
    ],
    "rotation": [
      -0.001019718893710286,
      0.022223666684949465,
      1.6987081622574565
    ]
  },
  {
    "label_id": "46ZddQXs6mtOXSiX4Xuk4A",
    "size": [
      1.8700097023729139,
      4.3588427751254395,
      1.6140189276900898
    ],
    "obj_class": "vehicle",
    "point_num_in_lidar": 650,
    "speed": 2.929642751054232e-13,
    "if_vehicle": true,
    "motion_state": false,
    "pose": [
      [
        -0.10019784245668667,
        -0.9949600997286572,
        -0.003846077867858296,
        7.640549380704897
      ],
      [
        0.994720162283768,
        -0.10025837467072642,
        0.021910204347258818,
        -8.622329005116626
      ],
      [
        -0.02218538061831242,
        -0.001630415997491562,
        0.9997525446981846,
        0.7833621498725805
      ],
      [
        0.0,
        0.0,
        0.0,
        1.0
      ]
    ],
    "location": [
      7.640549380704897,
      -8.622329005116626,
      0.7833621498725805
    ],
    "rotation": [
      -0.0016308181066775264,
      0.02218720092937847,
      1.6711873812414662
    ]
  },
  {
    "label_id": "7Rmbrf_QC8HYMBMvc67d_A",
    "size": [
      0.8992428883510497,
      1.1317922750854086,
      1.8688524052985755
    ],
    "obj_class": "pedestrian",
    "point_num_in_lidar": 114,
    "speed": 1.6498185176339752,
    "if_vehicle": false,
    "motion_state": true,
    "pose": [
      [
        0.07838900617736258,
        0.9969154284068231,
        -0.003846077867858296,
        -10.561369087405865
      ],
      [
        -0.9966768738444722,
        0.07845477735021249,
        0.021910204347258818,
        -15.58019328680166
      ],
      [
        0.022144363936122968,
        0.0021157777219748715,
        0.9997525446981846,
        1.16678793250842
      ],
      [
        0.0,
        0.0,
        0.0,
        1.0
      ]
    ],
    "location": [
      -10.561369087405865,
      -15.58019328680166,
      1.16678793250842
    ],
    "rotation": [
      0.002116298252539279,
      -0.022146174168102366,
      -1.4923075301884206
    ]
  },
  {
    "label_id": "8CQI1mkFehwAph_t4RcAIQ",
    "size": [
      0.6972622612882041,
      0.7243517246121429,
      1.5888524052985744
    ],
    "obj_class": "pedestrian",
    "point_num_in_lidar": 64,
    "speed": 0.1587303740315812,
    "if_vehicle": false,
    "motion_state": false,
    "pose": [
      [
        -0.14464038860337386,
        0.9894768141142567,
        -0.003846077867858296,
        -13.256281131978994
      ],
      [
        -0.9892587848652923,
        -0.14452335282682457,
        0.021910204347258818,
        7.5614416541957326
      ],
      [
        0.021123791125422068,
        0.006973866789221639,
        0.9997525446981846,
        0.6227120682156837
      ],
      [
        0.0,
        0.0,
        0.0,
        1.0
      ]
    ],
    "location": [
      -13.256281131978994,
      7.5614416541957326,
      0.6227120682156837
    ],
    "rotation": [
      0.006975479798427899,
      -0.021125362398112524,
      -1.7159784807533593
    ]
  },
  {
    "label_id": "9lYwPu5yc5uujsti712OXw",
    "size": [
      0.8351853979001567,
      0.9282536612455977,
      1.8999999999999986
    ],
    "obj_class": "pedestrian",
    "point_num_in_lidar": 278,
    "speed": 1.0071852236831755,
    "if_vehicle": false,
    "motion_state": true,
    "pose": [
      [
        0.43921859117014983,
        0.8983719924705706,
        -0.003846077867858296,
        -11.890057444978993
      ],
      [
        -0.8981259586932367,
        0.4391921051963661,
        0.021910204347258818,
        9.249109940443304
      ],
      [
        0.0213726809704181,
        -0.006169106713374038,
        0.9997525446981846,
        0.6921231663257572
      ],
      [
        0.0,
        0.0,
        0.0,
        1.0
      ]
    ],
    "location": [
      -11.890057444978993,
      9.249109940443304,
      0.6921231663257572
    ],
    "rotation": [
      -0.0061705553520170825,
      -0.021374308448115983,
      -1.1159559318496455
    ]
  },
  {
    "label_id": "AnmjxPABapPDruv9_zJfdA",
    "size": [
      0.9442796685907602,
      1.283126946081576,
      1.8862076711532936
    ],
    "obj_class": "pedestrian",
    "point_num_in_lidar": 31,
    "speed": 1.5237972672435043,
    "if_vehicle": false,
    "motion_state": true,
    "pose": [
      [
        0.007780543340137358,
        0.9999623347058461,
        -0.003846077867858296,
        -5.103380177920144
      ],
      [
        -0.999729021377507,
        0.007862999493429895,
        0.021910204347258818,
        -53.363099593687366
      ],
      [
        0.02193962080129377,
        0.00367456236846055,
        0.9997525446981846,
        1.8480546923816377
      ],
      [
        0.0,
        0.0,
        0.0,
        1.0
      ]
    ],
    "location": [
      -5.103380177920144,
      -53.363099593687366,
      1.8480546923816377
    ],
    "rotation": [
      0.003675455332834412,
      -0.021941381277616422,
      -1.5630138316475668
    ]
  },
  {
    "label_id": "BCFugmMeTE1MZhUx7Md3MA",
    "size": [
      1.975513370217859,
      5.636981406052898,
      2.0752408288585755
    ],
    "obj_class": "vehicle",
    "point_num_in_lidar": 6162,
    "speed": 0.01469300139979338,
    "if_vehicle": true,
    "motion_state": false,
    "pose": [
      [
        0.07775423973398539,
        0.9969651377497731,
        -0.003846077867858296,
        -6.979391136247841
      ],
      [
        -0.9967266251132404,
        0.077820162784663,
        0.021910204347258818,
        0.06618616561900126
      ],
      [
        0.022143012300949793,
        0.0021298769317157555,
        0.9997525446981846,
        0.773238624869947
      ],
      [
        0.0,
        0.0,
        0.0,
        1.0
      ]
    ],
    "location": [
      -6.979391136247841,
      0.06618616561900126,
      0.773238624869947
    ],
    "rotation": [
      0.0021304008884841727,
      -0.022144822201424903,
      -1.4929443995027354
    ]
  },
  {
    "label_id": "BhQ3l28Gc10ONPRWnXjzgg",
    "size": [
      0.8141605972504546,
      1.142668182000707,
      1.718852405298577
    ],
    "obj_class": "pedestrian",
    "point_num_in_lidar": 92,
    "speed": 1.7155020150365492,
    "if_vehicle": false,
    "motion_state": true,
    "pose": [
      [
        0.04760297274331747,
        0.9988589313166466,
        -0.003846077867858296,
        -10.035092963167017
      ],
      [
        -0.9986225188930936,
        0.04767607057082493,
        0.021910204347258818,
        -19.47254752759727
      ],
      [
        0.02206856917908119,
        0.002797789107916553,
        0.9997525446981846,
        1.1879521930085204
      ],
      [
        0.0,
        0.0,
        0.0,
        1.0
      ]
    ],
    "location": [
      -10.035092963167017,
      -19.47254752759727,
      1.1879521930085204
    ],
    "rotation": [
      0.0027984743016259855,
      -0.02207036088395942,
      -1.5231637480551303
    ]
  },
  {
    "label_id": "G-TxU3ng_fUHgcrddwVbtA",
    "size": [
      0.7407855025653808,
      0.9350570491587076,
      1.676242476920173
    ],
    "obj_class": "pedestrian",
    "point_num_in_lidar": 23,
    "speed": 1.4105092196678755,
    "if_vehicle": false,
    "motion_state": true,
    "pose": [
      [
        0.025083941133386942,
        0.9996779499330026,
        -0.003846077867858296,
        -11.29882696386062
      ],
      [
        -0.9994432446210672,
        0.025162347401922937,
        0.021910204347258818,
        -1.8418306866515195
      ],
      [
        0.02199992451192676,
        0.0032943422672504527,
        0.9997525446981846,
        0.8449758984081726
      ],
      [
        0.0,
        0.0,
        0.0,
        1.0
      ]
    ],
    "location": [
      -11.29882696386062,
      -1.8418306866515195,
      0.8449758984081726
    ],
    "rotation": [
      0.003295145745219894,
      -0.02200169954695253,
      -1.545703680041726
    ]
  },
  {
    "label_id": "InPwvU2homAc1AtpmC4pDQ",
    "size": [
      2.1166185057522893,
      4.313385827928875,
      1.7074263757876054
    ],
    "obj_class": "vehicle",
    "point_num_in_lidar": 121,
    "speed": 14.762215803596778,
    "if_vehicle": true,
    "motion_state": true,
    "pose": [
      [
        0.0796907120924473,
        0.996812218068796,
        -0.003846077867858296,
        3.1167152863536103
      ],
      [
        -0.9965735778257909,
        0.07975617170453718,
        0.021910204347258818,
        -34.10385974541714
      ],
      [
        0.022147107840549567,
        0.0020868597948440425,
        0.9997525446981846,
        1.3703223356844703
      ],
      [
        0.0,
        0.0,
        0.0,
        1.0
      ]
    ],
    "location": [
      3.1167152863536103,
      -34.10385974541714,
      1.3703223356844703
    ],
    "rotation": [
      0.002087373295527431,
      -0.02214891874562805,
      -1.4910014117985138
    ]
  },
  {
    "label_id": "Kn0RnWXHMkuVO9dGiGe3HQ",
    "size": [
      2.7036649749499557,
      5.803628056546428,
      2.725293277478478
    ],
    "obj_class": "vehicle",
    "point_num_in_lidar": 1205,
    "speed": 0.02778010110776549,
    "if_vehicle": true,
    "motion_state": false,
    "pose": [
      [
        -0.10019784245746653,
        -0.9949600997285786,
        -0.003846077867858296,
        8.189766300255314
      ],
      [
        0.9947201622836894,
        -0.10025837467150608,
        0.021910204347258818,
        -15.080720552907223
      ],
      [
        -0.022185380618313696,
        -0.0016304159974741728,
        0.9997525446981846,
        1.418929947171499
      ],
      [
        0.0,
        0.0,
        0.0,
        1.0
      ]
    ],
    "location": [
      8.189766300255314,
      -15.080720552907223,
      1.418929947171499
    ],
    "rotation": [
      -0.0016308181066601328,
      0.022187200929379747,
      1.6711873812422502
    ]
  },
  {
    "label_id": "L6kt4xg9cwKWNXU0EK33ug",
    "size": [
      2.1666086370657816,
      4.653647851918363,
      1.6031484302993206
    ],
    "obj_class": "vehicle",
    "point_num_in_lidar": 111,
    "speed": 0.0032718213167410586,
    "if_vehicle": true,
    "motion_state": false,
    "pose": [
      [
        -0.06993357912929203,
        -0.9975442357084728,
        -0.003846077867858296,
        8.891909422836306
      ],
      [
        0.9973062473792158,
        -0.07000137058549376,
        0.021910204347258818,
        -21.888068602011117
      ],
      [
        -0.02212562877193137,
        -0.00230345847606403,
        0.9997525446981846,
        0.9900023707611965
      ],
      [
        0.0,
        0.0,
        0.0,
        1.0
      ]
    ],
    "location": [
      8.891909422836306,
      -21.888068602011117,
      0.9900023707611965
    ],
    "rotation": [
      -0.0023040245431591917,
      0.022127434412500844,
      1.640804201925247
    ]
  },
  {
    "label_id": "M7C7zwJiceV-e8OIJRuKbw",
    "size": [
      0.5074151418358485,
      0.08388944527878506,
      0.6000000000000014
    ],
    "obj_class": "sign",
    "point_num_in_lidar": 57,
    "speed": 0.01724633376044237,
    "if_vehicle": false,
    "motion_state": false,
    "pose": [
      [
        -0.22900241444878397,
        -0.9734182563839974,
        -0.003846077867858296,
        8.59293969656892
      ],
      [
        0.9731724766932882,
        -0.2290311628405897,
        0.021910204347258818,
        4.429832739131598
      ],
      [
        -0.0222086645991768,
        0.0012745925723696126,
        0.9997525446981846,
        2.2593381997506228
      ],
      [
        0.0,
        0.0,
        0.0,
        1.0
      ]
    ],
    "location": [
      8.59293969656892,
      4.429832739131598,
      2.2593381997506228
    ],
    "rotation": [
      0.0012749073643866867,
      0.022210490648463557,
      1.8019071051034723
    ]
  },
  {
    "label_id": "MFhbUOfK0M37QJEgY2QJxw",
    "size": [
      0.43610335133741884,
      0.4611206622938111,
      1.5489750077156188
    ],
    "obj_class": "pedestrian",
    "point_num_in_lidar": 25,
    "speed": 0.10356277608909971,
    "if_vehicle": false,
    "motion_state": false,
    "pose": [
      [
        -0.7473971162768899,
        -0.6643664337291759,
        -0.003846077867858296,
        13.676265675835566
      ],
      [
        0.6641488751088529,
        -0.7472792079518249,
        0.021910204347258818,
        -18.043822771693158
      ],
      [
        -0.01743049834728002,
        0.013821255256659476,
        0.9997525446981846,
        0.9950603168125838
      ],
      [
        0.0,
        0.0,
        0.0,
        1.0
      ]
    ],
    "location": [
      13.676265675835566,
      -18.043822771693158,
      0.9950603168125838
    ],
    "rotation": [
      0.013823795615322453,
      0.017431381096911735,
      2.4151028951398605
    ]
  },
  {
    "label_id": "MczOFaRiOEUD_vOsJwKQaA",
    "size": [
      2.021062650608422,
      4.810917017073292,
      1.4448945068278505
    ],
    "obj_class": "vehicle",
    "point_num_in_lidar": 66,
    "speed": 0.0224671770604262,
    "if_vehicle": true,
    "motion_state": false,
    "pose": [
      [
        -0.07235114590888092,
        -0.9973718059834588,
        -0.003846077867858296,
        10.167648662365764
      ],
      [
        0.9971336540454281,
        -0.0724183603478706,
        0.021910204347258818,
        -43.45278178706576
      ],
      [
        -0.02213114673225269,
        -0.002249825286498872,
        0.9997525446981846,
        1.2991293324968325
      ],
      [
        0.0,
        0.0,
        0.0,
        1.0
      ]
    ],
    "location": [
      10.167648662365764,
      -43.45278178706576,
      1.2991293324968325
    ],
    "rotation": [
      -0.0022503783566959114,
      0.02213295372429604,
      1.6432285159241784
    ]
  },
  {
    "label_id": "MyAUfK8qrWz8-Ndd-6UhVg",
    "size": [
      0.720140490357096,
      0.3479562038888118,
      1.0499999999999972
    ],
    "obj_class": "sign",
    "point_num_in_lidar": 79,
    "speed": 0.008922204972743023,
    "if_vehicle": false,
    "motion_state": false,
    "pose": [
      [
        -0.9977210250185653,
        0.06736441138270059,
        -0.003846077867858296,
        12.062266238769098
      ],
      [
        -0.06743281549595037,
        -0.9974832120591056,
        0.021910204347258818,
        5.702926463256517
      ],
      [
        -0.0023604300863329514,
        0.02211962339895964,
        0.9997525446981846,
        0.3828509332472194
      ],
      [
        0.0,
        0.0,
        0.0,
        1.0
      ]
    ],
    "location": [
      12.062266238769098,
      5.702926463256517,
      0.3828509332472194
    ],
    "rotation": [
      0.02212148920596179,
      0.002360432278245703,
      -3.0741084400425622
    ]
  },
  {
    "label_id": "RSrTAu0avHEGgIksWr-Vrg",
    "size": [
      2.0885469217564694,
      4.245662939058266,
      1.7331484302993232
    ],
    "obj_class": "vehicle",
    "point_num_in_lidar": 122,
    "speed": 0.015109153200212933,
    "if_vehicle": true,
    "motion_state": false,
    "pose": [
      [
        -0.06993357912933545,
        -0.99754423570847,
        -0.003846077867858296,
        9.30810941183654
      ],
      [
        0.9973062473792129,
        -0.07000137058553715,
        0.021910204347258818,
        -28.478114776544317
      ],
      [
        -0.022125628771931475,
        -0.0023034584760630674,
        0.9997525446981846,
        1.1350023707611285
      ],
      [
        0.0,
        0.0,
        0.0,
        1.0
      ]
    ],
    "location": [
      9.30810941183654,
      -28.478114776544317,
      1.1350023707611285
    ],
    "rotation": [
      -0.0023040245431582285,
      0.022127434412500948,
      1.6408042019252904
    ]
  },
  {
    "label_id": "SAAwhsDca5CYMeNiy8pbOw",
    "size": [
      2.1547919550790757,
      5.2083378786918395,
      2.0472722474731384
    ],
    "obj_class": "vehicle",
    "point_num_in_lidar": 49,
    "speed": 8.556067554929069e-13,
    "if_vehicle": true,
    "motion_state": false,
    "pose": [
      [
        -0.1093699213859353,
        -0.9939936760266982,
        -0.003846077867858296,
        11.695995193291537
      ],
      [
        0.9937531905087509,
        -0.10942823812499104,
        0.021910204347258818,
        -62.623987594184655
      ],
      [
        -0.022199474086399194,
        -0.0014257348251198003,
        0.9997525446981846,
        1.8579404621742341
      ],
      [
        0.0,
        0.0,
        0.0,
        1.0
      ]
    ],
    "location": [
      11.695995193291537,
      -62.623987594184655,
      1.8579404621742341
    ],
    "rotation": [
      -0.0014260867513303653,
      0.02220129786929135,
      1.6804125958083427
    ]
  },
  {
    "label_id": "YC-GkZvNrYchckx8d4PMKQ",
    "size": [
      2.0107742145022622,
      4.02043724942621,
      1.6445065240339432
    ],
    "obj_class": "vehicle",
    "point_num_in_lidar": 117,
    "speed": 0.023809645633799986,
    "if_vehicle": true,
    "motion_state": false,
    "pose": [
      [
        0.10059301134970955,
        0.9949202248183677,
        -0.003846077867858296,
        -4.878844749516702
      ],
      [
        -0.9946802633503077,
        0.10065344826097161,
        0.021910204347258818,
        -25.24149847517583
      ],
      [
        0.02218602643467127,
        0.0016216043118888175,
        0.9997525446981846,
        1.0403191071789522
      ],
      [
        0.0,
        0.0,
        0.0,
        1.0
      ]
    ],
    "location": [
      -4.878844749516702,
      -25.24149847517583,
      1.0403191071789522
    ],
    "rotation": [
      0.0016220042633513462,
      -0.02218784690473318,
      -1.4700079965441233
    ]
  },
  {
    "label_id": "aRabAmGdRRZDbmFNAdMYpA",
    "size": [
      0.6347465793780698,
      0.44083906771219405,
      1.7100000000000009
    ],
    "obj_class": "pedestrian",
    "point_num_in_lidar": 57,
    "speed": 0.02375473167866822,
    "if_vehicle": false,
    "motion_state": false,
    "pose": [
      [
        0.8178148458654972,
        0.5754685791309786,
        -0.003846077867858296,
        11.53105941950298
      ],
      [
        -0.5752657699831842,
        0.817673062312264,
        0.021910204347258818,
        -16.53238074086221
      ],
      [
        0.01575346843228954,
        -0.015705973445066232,
        0.9997525446981846,
        0.9878888564964043
      ],
      [
        0.0,
        0.0,
        0.0,
        1.0
      ]
    ],
    "location": [
      11.53105941950298,
      -16.53238074086221,
      0.9878888564964043
    ],
    "rotation": [
      -0.01570856872830735,
      -0.015754120099419823,
      -0.6130163133960151
    ]
  },
  {
    "label_id": "e3SoTY4ZM2RgUcGSgbCw2Q",
    "size": [
      2.2155390665535437,
      4.6419119317498865,
      1.793922421779314
    ],
    "obj_class": "vehicle",
    "point_num_in_lidar": 4122,
    "speed": 0.010733508860070816,
    "if_vehicle": true,
    "motion_state": false,
    "pose": [
      [
        -0.04697057840134381,
        -0.9988888689186989,
        -0.003846077867858296,
        6.381501999580678
      ],
      [
        0.9986525028212884,
        -0.047043825888613944,
        0.021910204347258818,
        10.566979008535782
      ],
      [
        -0.022066793455780498,
        -0.0028117603176998672,
        0.9997525446981846,
        0.4504186965338661
      ],
      [
        0.0,
        0.0,
        0.0,
        1.0
      ]
    ],
    "location": [
      6.381501999580678,
      10.566979008535782,
      0.4504186965338661
    ],
    "rotation": [
      -0.0028124488595257947,
      0.022068584728127606,
      1.6177956465514463
    ]
  },
  {
    "label_id": "eUvjCEr44xj0JhoTK13GOw",
    "size": [
      0.9033761271736109,
      1.2275531915227762,
      1.8088524052985733
    ],
    "obj_class": "pedestrian",
    "point_num_in_lidar": 26,
    "speed": 1.339493504172922,
    "if_vehicle": false,
    "motion_state": true,
    "pose": [
      [
        0.1333820161889478,
        0.9910572362090928,
        -0.003846077867858296,
        -5.731792021467982
      ],
      [
        -0.9908154104125207,
        0.13343449866705967,
        0.021910204347258818,
        -51.3679397851065
      ],
      [
        0.02222746603730292,
        0.0008883259901713,
        0.9997525446981846,
        1.695146682321358
      ],
      [
        0.0,
        0.0,
        0.0,
        1.0
      ]
    ],
    "location": [
      -5.731792021467982,
      -51.3679397851065,
      1.695146682321358
    ],
    "rotation": [
      0.0008885456317170213,
      -0.022229296728902524,
      -1.4369823569321738
    ]
  },
  {
    "label_id": "flcH8t75sXpzTCPWBnRO_g",
    "size": [
      0.5795878456478635,
      0.07512754489572422,
      0.5855522257199652
    ],
    "obj_class": "sign",
    "point_num_in_lidar": 29,
    "speed": 0.03200620075821263,
    "if_vehicle": false,
    "motion_state": false,
    "pose": [
      [
        -0.03419961907645416,
        -0.9994076214138352,
        -0.003846077867858296,
        11.291246704824516
      ],
      [
        0.9991722108237499,
        -0.03427588165228377,
        0.021910204347258818,
        -29.33063322709131
      ],
      [
        -0.022029052921209186,
        -0.003093573483664746,
        0.9997525446981846,
        3.6196413840113593
      ],
      [
        0.0,
        0.0,
        0.0,
        1.0
      ]
    ],
    "location": [
      11.291246704824516,
      -29.33063322709131,
      3.6196413840113593
    ],
    "rotation": [
      -0.0030943293183284598,
      0.022030835017165424,
      1.6050109221707909
    ]
  },
  {
    "label_id": "ho3rcpWrA33tetBa8wR4Pg",
    "size": [
      0.6359592087323273,
      0.6286638680823156,
      1.6188524052985755
    ],
    "obj_class": "pedestrian",
    "point_num_in_lidar": 212,
    "speed": 0.009420902668932092,
    "if_vehicle": false,
    "motion_state": false,
    "pose": [
      [
        -0.144640388603583,
        0.989476814114226,
        -0.003846077867858296,
        -12.573364879160863
      ],
      [
        -0.9892587848652616,
        -0.1445233528270337,
        0.021910204347258818,
        7.363843063334571
      ],
      [
        0.021123791125420597,
        0.006973866789226104,
        0.9997525446981846,
        0.6398561508552589
      ],
      [
        0.0,
        0.0,
        0.0,
        1.0
      ]
    ],
    "location": [
      -12.573364879160863,
      7.363843063334571,
      0.6398561508552589
    ],
    "rotation": [
      0.006975479798432365,
      -0.021125362398111053,
      -1.7159784807535707
    ]
  },
  {
    "label_id": "lLNzlQwvuqVjvE6i_V72ww",
    "size": [
      2.3560002890777363,
      5.907938778904348,
      2.3115983138329668
    ],
    "obj_class": "vehicle",
    "point_num_in_lidar": 15355,
    "speed": 8.85650858232965,
    "if_vehicle": true,
    "motion_state": true,
    "pose": [
      [
        -0.09172277455445227,
        -0.9957771539421195,
        -0.003846077867858296,
        2.6657883743296225
      ],
      [
        0.9955377405867145,
        -0.09178534748510289,
        0.021910204347258818,
        6.808540936041027
      ],
      [
        -0.022170694520759777,
        -0.0018192509369026157,
        0.9997525446981846,
        0.9967729318669996
      ],
      [
        0.0,
        0.0,
        0.0,
        1.0
      ]
    ],
    "location": [
      2.6657883743296225,
      6.808540936041027,
      0.9967729318669996
    ],
    "rotation": [
      -0.0018196992230909018,
      0.022172511218701504,
      1.662670848851197
    ]
  },
  {
    "label_id": "nIflfxa4C8DxMvjsHgEFRw",
    "size": [
      2.129718775987208,
      5.000213637888109,
      1.5364430207010855
    ],
    "obj_class": "vehicle",
    "point_num_in_lidar": 557,
    "speed": 0.12418359212578445,
    "if_vehicle": true,
    "motion_state": false,
    "pose": [
      [
        -0.10019784245687754,
        -0.9949600997286379,
        -0.003846077867858296,
        6.614144236837319
      ],
      [
        0.9947201622837486,
        -0.10025837467091724,
        0.021910204347258818,
        4.105055469221043
      ],
      [
        -0.02218538061831273,
        -0.0016304159974873057,
        0.9997525446981846,
        0.4124901969252335
      ],
      [
        0.0,
        0.0,
        0.0,
        1.0
      ]
    ],
    "location": [
      6.614144236837319,
      4.105055469221043,
      0.4124901969252335
    ],
    "rotation": [
      -0.001630818106673269,
      0.02218720092937878,
      1.671187381241658
    ]
  },
  {
    "label_id": "py8zJZRABr-k6qjoeH8D2w",
    "size": [
      0.7772359472459781,
      0.7309436320632802,
      1.5340060935992454
    ],
    "obj_class": "pedestrian",
    "point_num_in_lidar": 24,
    "speed": 0.6130102213151407,
    "if_vehicle": false,
    "motion_state": false,
    "pose": [
      [
        0.06289635926942388,
        0.9980126530639207,
        -0.003846077867858296,
        -7.452703877567274
      ],
      [
        -0.9977751487733632,
        0.06296582752377965,
        0.021910204347258818,
        -53.41934841438342
      ],
      [
        0.022108832645451014,
        0.002459448832504567,
        0.9997525446981846,
        1.6451203541279042
      ],
      [
        0.0,
        0.0,
        0.0,
        1.0
      ]
    ],
    "location": [
      -7.452703877567274,
      -53.41934841438342,
      1.6451203541279042
    ],
    "rotation": [
      0.0024600526241547105,
      -0.022110634176415997,
      -1.5078430163281624
    ]
  },
  {
    "label_id": "qFCXyuymo0i91XH5zvmRPA",
    "size": [
      0.7955822622201317,
      1.004493157534768,
      1.72624247692017
    ],
    "obj_class": "pedestrian",
    "point_num_in_lidar": 113,
    "speed": 1.328484662909584,
    "if_vehicle": false,
    "motion_state": true,
    "pose": [
      [
        0.08396049020334602,
        0.9964616619669059,
        -0.003846077867858296,
        -10.711617875163256
      ],
      [
        -0.9962227434740496,
        0.08402492684019028,
        0.021910204347258818,
        -1.3298306916585716
      ],
      [
        0.022155845049372517,
        0.0019919587476812817,
        0.9997525446981846,
        0.8144088526167792
      ],
      [
        0.0,
        0.0,
        0.0,
        1.0
      ]
    ],
    "location": [
      -10.711617875163256,
      -1.3298306916585716,
      0.8144088526167792
    ],
    "rotation": [
      0.001992449153859082,
      -0.022157658098861596,
      -1.4867161896953758
    ]
  },
  {
    "label_id": "qLxli2l5GwdsB11MEMgGsg",
    "size": [
      0.7139212785748581,
      0.6722210062535054,
      1.5973314563574021
    ],
    "obj_class": "pedestrian",
    "point_num_in_lidar": 27,
    "speed": 0.014572096392337782,
    "if_vehicle": false,
    "motion_state": false,
    "pose": [
      [
        0.640603725207431,
        -0.7678620155570898,
        -0.003846077867858296,
        12.82844015208002
      ],
      [
        0.7677373432630913,
        0.6403899708027849,
        0.021910204347258818,
        -17.73344460095359
      ],
      [
        -0.014361023977850856,
        -0.016988536129162554,
        0.9997525446981846,
        1.0008820924917217
      ],
      [
        0.0,
        0.0,
        0.0,
        1.0
      ]
    ],
    "location": [
      12.82844015208002,
      -17.73344460095359,
      1.0008820924917217
    ],
    "rotation": [
      -0.016991105786608254,
      0.01436151765756333,
      0.8754260420835441
    ]
  },
  {
    "label_id": "qYJMUdZlFcC9_U347E8qQA",
    "size": [
      1.9384174750954113,
      4.511891662081819,
      1.5672722474731415
    ],
    "obj_class": "vehicle",
    "point_num_in_lidar": 263,
    "speed": 0.024499099517427268,
    "if_vehicle": true,
    "motion_state": false,
    "pose": [
      [
        0.07775423973411556,
        0.996965137749763,
        -0.003846077867858296,
        -5.292304527965825
      ],
      [
        -0.9967266251132302,
        0.07782016278479313,
        0.021910204347258818,
        -20.067357815931246
      ],
      [
        0.02214301230095007,
        0.002129876931712864,
        0.9997525446981846,
        0.8452628746649964
      ],
      [
        0.0,
        0.0,
        0.0,
        1.0
      ]
    ],
    "location": [
      -5.292304527965825,
      -20.067357815931246,
      0.8452628746649964
    ],
    "rotation": [
      0.002130400888481281,
      -0.02214482220142518,
      -1.4929443995026046
    ]
  },
  {
    "label_id": "s5aO23RLZZP2IHQPJCo9cQ",
    "size": [
      2.3287764407312226,
      5.353293031458655,
      1.9558168788117456
    ],
    "obj_class": "vehicle",
    "point_num_in_lidar": 2463,
    "speed": 0.07191113305245998,
    "if_vehicle": true,
    "motion_state": false,
    "pose": [
      [
        -0.10019784245709007,
        -0.9949600997286165,
        -0.003846077867858296,
        7.278290566251144
      ],
      [
        0.9947201622837273,
        -0.10025837467112972,
        0.021910204347258818,
        -2.4715258253309003
      ],
      [
        -0.02218538061831308,
        -0.0016304159974825669,
        0.9997525446981846,
        0.7536681465048289
      ],
      [
        0.0,
        0.0,
        0.0,
        1.0
      ]
    ],
    "location": [
      7.278290566251144,
      -2.4715258253309003,
      0.7536681465048289
    ],
    "rotation": [
      -0.001630818106668529,
      0.02218720092937913,
      1.6711873812418716
    ]
  },
  {
    "label_id": "tAY9RkTF-IK4XqfcDll03A",
    "size": [
      0.885010601323228,
      2.086293814391715,
      1.4300000000000068
    ],
    "obj_class": "vehicle",
    "point_num_in_lidar": 48,
    "speed": 5.728578676879116e-13,
    "if_vehicle": true,
    "motion_state": false,
    "pose": [
      [
        -0.9954570471931613,
        0.09513398382547847,
        -0.003846077867858296,
        10.174668592704165
      ],
      [
        -0.09519573610698384,
        -0.9952174208546144,
        0.021910204347258818,
        -38.243755870807945
      ],
      [
        -0.0017432786700708996,
        0.022176797536676583,
        0.9997525446981846,
        1.1185604610039022
      ],
      [
        0.0,
        0.0,
        0.0,
        1.0
      ]
    ],
    "location": [
      10.174668592704165,
      -38.243755870807945,
      1.1185604610039022
    ],
    "rotation": [
      0.02217864944175981,
      0.0017432795530487161,
      -3.0462524017366377
    ]
  },
  {
    "label_id": "yyt8pvlHPVT55uMzSed6CA",
    "size": [
      0.8306938815283916,
      1.09026105864005,
      1.718852405298577
    ],
    "obj_class": "pedestrian",
    "point_num_in_lidar": 42,
    "speed": 1.4192987263931842,
    "if_vehicle": false,
    "motion_state": true,
    "pose": [
      [
        0.1661862439527422,
        0.9860868825848532,
        -0.003846077867858296,
        -9.254940348766013
      ],
      [
        -0.9858434488236025,
        0.16623067513863513,
        0.021910204347258818,
        -26.32095689450216
      ],
      [
        0.022244701222195393,
        0.0001504561049855634,
        0.9997525446981846,
        1.3181586899511117
      ],
      [
        0.0,
        0.0,
        0.0,
        1.0
      ]
    ],
    "location": [
      -9.254940348766013,
      -26.32095689450216,
      1.3181586899511117
    ],
    "rotation": [
      0.0001504933442256243,
      -0.02224653617628779,
      -1.4037937529518183
    ]
  }
]