[
  {
    "label_id": "0-gFFwLHDFdIB2aYMAKcoQ",
    "size": [
      0.5074151418358477,
      0.08388944527878506,
      0.5600000000000023
    ],
    "obj_class": "sign",
    "point_num_in_lidar": 46,
    "speed": 0.013388767769793326,
    "if_vehicle": false,
    "motion_state": false,
    "pose": [
      [
        -0.22900310190242623,
        -0.9734211785363048,
        -0.002964539771794728,
        8.603009934140573
      ],
      [
        0.9731941676044171,
        -0.22901399159854663,
        0.021111698009554532,
        4.452899466976305
      ],
      [
        -0.021229495043754487,
        0.0019495715150733065,
        0.9997727280292731,
        2.8512190924582015
      ],
      [
        0.0,
        0.0,
        0.0,
        1.0
      ]
    ],
    "location": [
      8.603009934140573,
      4.452899466976305,
      2.8512190924582015
    ],
    "rotation": [
      0.001950012227081586,
      0.021231090025941243,
      1.8019028048138581
    ]
  },
  {
    "label_id": "1eK3OmHl_2tqAnFvzWn4tA",
    "size": [
      2.2440905685035086,
      4.881987409548864,
      1.4872722474731432
    ],
    "obj_class": "vehicle",
    "point_num_in_lidar": 898,
    "speed": 0.006757543638135496,
    "if_vehicle": true,
    "motion_state": false,
    "pose": [
      [
        0.09390801235083023,
        0.9955764645270889,
        -0.002964539771794728,
        -7.101927243255659
      ],
      [
        -0.9953530681876557,
        0.09394980498422337,
        0.021111698009554532,
        7.402165106646862
      ],
      [
        0.02129682759794397,
        0.0009682061601919699,
        0.9997727280292731,
        0.39466178307002053
      ],
      [
        0.0,
        0.0,
        0.0,
        1.0
      ]
    ],
    "location": [
      -7.101927243255659,
      7.402165106646862,
      0.39466178307002053
    ],
    "rotation": [
      0.0009684259535899224,
      -0.021298437806572337,
      -1.4767283411015835
    ]
  },
  {
    "label_id": "1yaIJWr37eHUtmYcb-ixqQ",
    "size": [
      0.9521050738759985,
      0.09268519735418204,
      1.2299999999999969
    ],
    "obj_class": "sign",
    "point_num_in_lidar": 49,
    "speed": 0.02475474470386675,
    "if_vehicle": false,
    "motion_state": false,
    "pose": [
      [
        -0.1275322000414176,
        -0.9918300002805608,
        -0.002964539771794728,
        -6.307107768121568
      ],
      [
        0.9916053180511926,
        -0.12756641180086054,
        0.021111698009554532,
        -30.248334462719868
      ],
      [
        -0.021317391144068384,
        -0.00024723210951741435,
        0.9997727280292731,
        3.8752025828650645
      ],
      [
        0.0,
        0.0,
        0.0,
        1.0
      ]
    ],
    "location": [
      -6.307107768121568,
      -30.248334462719868,
      3.8752025828650645
    ],
    "rotation": [
      -0.0002472883061785586,
      0.021319006022139167,
      1.6987060148275697
    ]
  },
  {
    "label_id": "46ZddQXs6mtOXSiX4Xuk4A",
    "size": [
      1.8700097023729123,
      4.3588427751254395,
      1.6140189276900898
    ],
    "obj_class": "vehicle",
    "point_num_in_lidar": 87,
    "speed": 2.929642751054232e-13,
    "if_vehicle": true,
    "motion_state": false,
    "pose": [
      [
        -0.1001981432455373,
        -0.9949630865484851,
        -0.002964539771794728,
        7.640549380705352
      ],
      [
        0.9947394305426434,
        -0.10023852318769955,
        0.021111698009554532,
        -8.622329005120264
      ],
      [
        -0.02130252130252179,
        -0.000833591663098236,
        0.9997727280292731,
        0.7814344057777873
      ],
      [
        0.0,
        0.0,
        0.0,
        1.0
      ]
    ],
    "location": [
      7.640549380705352,
      -8.622329005120264,
      0.7814344057777873
    ],
    "rotation": [
      -0.0008337809649729011,
      0.021304132803138726,
      1.6711857490322073
    ]
  },
  {
    "label_id": "6hIIee9ufQhM-2w_W5IIEQ",
    "size": [
      0.8935107866392659,
      0.10748276377607566,
      1.2800000000000011
    ],
    "obj_class": "sign",
    "point_num_in_lidar": 31,
    "speed": 0.01178137628779051,
    "if_vehicle": false,
    "motion_state": false,
    "pose": [
      [
        -0.04906592043755588,
        -0.9987911428099255,
        -0.002964539771794728,
        -8.515934062407268
      ],
      [
        0.998569850643072,
        -0.04911771161023452,
        0.021111698009554532,
        0.9029517953804316
      ],
      [
        -0.021231788391189086,
        -0.0019244351423079989,
        0.9997727280292731,
        3.5655023788502405
      ],
      [
        0.0,
        0.0,
        0.0,
        1.0
      ]
    ],
    "location": [
      -8.515934062407268,
      0.9029517953804316,
      3.5655023788502405
    ],
    "rotation": [
      -0.001924870234601168,
      0.021233383890402514,
      1.6198930322712322
    ]
  },
  {
    "label_id": "7Rmbrf_QC8HYMBMvc67d_A",
    "size": [
      0.899242888349951,
      1.1317922750854086,
      1.8688524052985755
    ],
    "obj_class": "pedestrian",
    "point_num_in_lidar": 39,
    "speed": 1.600654071709469,
    "if_vehicle": false,
    "motion_state": true,
    "pose": [
      [
        0.09929903302206838,
        0.9950532214634671,
        -0.002964539771794728,
        -10.781230157668688
      ],
      [
        -0.994829602037091,
        0.09933961504795838,
        0.021111698009554532,
        -12.996925202058264
      ],
      [
        0.021301759354695554,
        0.000852840723594987,
        0.9997727280292731,
        1.1263923466532333
      ],
      [
        0.0,
        0.0,
        0.0,
        1.0
      ]
    ],
    "location": [
      -10.781230157668688,
      -12.996925202058264,
      1.1263923466532333
    ],
    "rotation": [
      0.0008530343875397913,
      -0.021303370682374836,
      -1.4713107302276736
    ]
  },
  {
    "label_id": "8CQI1mkFehwAph_t4RcAIQ",
    "size": [
      0.6972622612882025,
      0.7243517246121429,
      1.5888524052985744
    ],
    "obj_class": "pedestrian",
    "point_num_in_lidar": 24,
    "speed": 0.012679445874305811,
    "if_vehicle": false,
    "motion_state": false,
    "pose": [
      [
        -0.14464082280649798,
        0.9894797844735388,
        -0.002964539771794728,
        -13.25134307682788
      ],
      [
        -0.9892726502300002,
        -0.1445472923096971,
        0.021111698009554532,
        7.581119266353198
      ],
      [
        0.020461082199407118,
        0.005986351487699884,
        0.9997727280292731,
        0.6159031963261086
      ],
      [
        0.0,
        0.0,
        0.0,
        1.0
      ]
    ],
    "location": [
      -13.25134307682788,
      7.581119266353198,
      0.6159031963261086
    ],
    "rotation": [
      0.00598764076987079,
      -0.020462510160523018,
      -1.7159769041190824
    ]
  },
  {
    "label_id": "9lYwPu5yc5uujsti712OXw",
    "size": [
      0.8351853979013416,
      0.9282536612455977,
      1.8999999999999986
    ],
    "obj_class": "pedestrian",
    "point_num_in_lidar": 149,
    "speed": 1.250174849223779,
    "if_vehicle": false,
    "motion_state": true,
    "pose": [
      [
        -0.14627680551315586,
        0.9892392570418989,
        -0.002964539771794728,
        -12.265636677477914
      ],
      [
        -0.989032277741371,
        -0.14618293263192217,
        0.021111698009554532,
        11.043464441978358
      ],
      [
        0.02045115533611974,
        0.006020177266749112,
        0.9997727280292731,
        0.6866694174205037
      ],
      [
        0.0,
        0.0,
        0.0,
        1.0
      ]
    ],
    "location": [
      -12.265636677477914,
      11.043464441978358,
      0.6866694174205037
    ],
    "rotation": [
      0.006021473018474829,
      -0.020452581219621693,
      -1.7176307975716267
    ]
  },
  {
    "label_id": "BCFugmMeTE1MZhUx7Md3MA",
    "size": [
      1.9755133702178593,
      5.636981406052898,
      2.0752408288585755
    ],
    "obj_class": "vehicle",
    "point_num_in_lidar": 682,
    "speed": 0.05006099415986808,
    "if_vehicle": true,
    "motion_state": false,
    "pose": [
      [
        0.07775447314827513,
        0.996968130588624,
        -0.002964539771794728,
        -6.95613684595105
      ],
      [
        -0.9967454411923378,
        0.07779988219428825,
        0.021111698009554532,
        0.013612283790280344
      ],
      [
        0.021278330943143065,
        0.001313362546771367,
        0.9997727280292731,
        0.7712785839722756
      ],
      [
        0.0,
        0.0,
        0.0,
        1.0
      ]
    ],
    "location": [
      -6.95613684595105,
      0.013612283790280344,
      0.7712785839722756
    ],
    "rotation": [
      0.001313660349456313,
      -0.021279936959364656,
      -1.4929456304628703
    ]
  },
  {
    "label_id": "CwlUZaiwe8TBlM2O3R4nSQ",
    "size": [
      0.6334117322224633,
      0.12472124207279026,
      0.9799999999999969
    ],
    "obj_class": "sign",
    "point_num_in_lidar": 59,
    "speed": 0.028258550103170965,
    "if_vehicle": false,
    "motion_state": false,
    "pose": [
      [
        -0.83527825081003,
        -0.5498194751258618,
        -0.002964539771794728,
        6.844363111107896
      ],
      [
        0.5496470700254653,
        -0.8351301662732431,
        0.021111698009554532,
        24.019018618640985
      ],
      [
        -0.014083399311171547,
        0.016004691585509365,
        0.9997727280292731,
        -0.018527812719767667
      ],
      [
        0.0,
        0.0,
        0.0,
        1.0
      ]
    ],
    "location": [
      6.844363111107896,
      24.019018618640985,
      -0.018527812719767667
    ],
    "rotation": [
      0.01600696257352088,
      0.014083864907979728,
      2.5595856838133226
    ]
  },
  {
    "label_id": "G-TxU3ng_fUHgcrddwVbtA",
    "size": [
      0.7407855025658884,
      0.9350570491587076,
      1.676242476920173
    ],
    "obj_class": "pedestrian",
    "point_num_in_lidar": 50,
    "speed": 1.1387223035219152,
    "if_vehicle": false,
    "motion_state": true,
    "pose": [
      [
        0.0701785827418448,
        0.9975300386596323,
        -0.002964539771794728,
        -11.4870251965242
      ],
      [
        -0.997307700647032,
        0.07022568217741533,
        0.021111698009554532,
        0.21906102462526178
      ],
      [
        0.02126773975945778,
        0.0014749692977009143,
        0.9997727280292731,
        0.8158022723084031
      ],
      [
        0.0,
        0.0,
        0.0,
        1.0
      ]
    ],
    "location": [
      -11.4870251965242,
      0.21906102462526178,
      0.8158022723084031
    ],
    "rotation": [
      0.0014753035227394956,
      -0.021269343378387734,
      -1.50054409458576
    ]
  },
  {
    "label_id": "Ijb7IUwsYwZudsLlkk9G4w",
    "size": [
      0.9010333411118566,
      0.7952315151847923,
      1.0300000000000011
    ],
    "obj_class": "sign",
    "point_num_in_lidar": 125,
    "speed": 0.0010720928137248154,
    "if_vehicle": false,
    "motion_state": false,
    "pose": [
      [
        0.9994320536952648,
        -0.03356756694201867,
        -0.002964539771794728,
        -10.262600655762071
      ],
      [
        0.033622784391281337,
        0.9992115914944797,
        0.021111698009554532,
        21.9562888913224
      ],
      [
        0.002253534167228288,
        -0.021199383780249752,
        0.9997727280292731,
        -0.02129209882014038
      ],
      [
        0.0,
        0.0,
        0.0,
        1.0
      ]
    ],
    "location": [
      -10.262600655762071,
      21.9562888913224,
      -0.02129209882014038
    ],
    "rotation": [
      -0.021201025826276147,
      -0.0022535360746300664,
      0.033629208086152246
    ]
  },
  {
    "label_id": "InPwvU2homAc1AtpmC4pDQ",
    "size": [
      2.1166185057529368,
      4.313385827928875,
      1.7074263757876054
    ],
    "obj_class": "vehicle",
    "point_num_in_lidar": 193,
    "speed": 14.293452556915506,
    "if_vehicle": true,
    "motion_state": true,
    "pose": [
      [
        0.08006393844200349,
        0.996785321553792,
        -0.002964539771794728,
        1.2217366757786294
      ],
      [
        -0.9965625275560631,
        0.08010883146210764,
        0.021111698009554532,
        -10.581305802195857
      ],
      [
        0.021281316505941783,
        0.0012640635581770867,
        0.9997727280292731,
        0.9657938966824844
      ],
      [
        0.0,
        0.0,
        0.0,
        1.0
      ]
    ],
    "location": [
      1.2217366757786294,
      -10.581305802195857,
      0.9657938966824844
    ],
    "rotation": [
      0.0012643502359772868,
      -0.021282923198370583,
      -1.4906284077234861
    ]
  },
  {
    "label_id": "Kn0RnWXHMkuVO9dGiGe3HQ",
    "size": [
      2.703664974949954,
      5.803628056546428,
      2.725293277478478
    ],
    "obj_class": "vehicle",
    "point_num_in_lidar": 338,
    "speed": 0.024698883320385563,
    "if_vehicle": true,
    "motion_state": false,
    "pose": [
      [
        -0.1001981432463154,
        -0.9949630865484067,
        -0.002964539771794728,
        8.222724452476086
      ],
      [
        0.994739430542565,
        -0.10023852318847747,
        0.021111698009554532,
        -15.058913502885844
      ],
      [
        -0.02130252130252244,
        -0.0008335916630815764,
        0.9997727280292731,
        1.418929947171577
      ],
      [
        0.0,
        0.0,
        0.0,
        1.0
      ]
    ],
    "location": [
      8.222724452476086,
      -15.058913502885844,
      1.418929947171577
    ],
    "rotation": [
      -0.0008337809649562377,
      0.021304132803139374,
      1.6711857490329896
    ]
  },
  {
    "label_id": "M7C7zwJiceV-e8OIJRuKbw",
    "size": [
      0.5074151418358477,
      0.08388944527878506,
      0.6000000000000014
    ],
    "obj_class": "sign",
    "point_num_in_lidar": 47,
    "speed": 0.01366859084495031,
    "if_vehicle": false,
    "motion_state": false,
    "pose": [
      [
        -0.22900310190242623,
        -0.9734211785363048,
        -0.002964539771794728,
        8.604813603926686
      ],
      [
        0.9731941676044171,
        -0.22901399159854663,
        0.021111698009554532,
        4.454742458525288
      ],
      [
        -0.021229495043754487,
        0.0019495715150733065,
        0.9997727280292731,
        2.2514172306996727
      ],
      [
        0.0,
        0.0,
        0.0,
        1.0
      ]
    ],
    "location": [
      8.604813603926686,
      4.454742458525288,
      2.2514172306996727
    ],
    "rotation": [
      0.001950012227081586,
      0.021231090025941243,
      1.8019028048138581
    ]
  },
  {
    "label_id": "MyAUfK8qrWz8-Ndd-6UhVg",
    "size": [
      0.7201404903570928,
      0.3479562038888118,
      1.0499999999999972
    ],
    "obj_class": "sign",
    "point_num_in_lidar": 43,
    "speed": 0.021200171390863966,
    "if_vehicle": false,
    "motion_state": false,
    "pose": [
      [
        -0.9977240201265513,
        0.06736461360725449,
        -0.002964539771794728,
        12.082662625706462
      ],
      [
        -0.06741233999470406,
        -0.9975018158497717,
        0.021111698009554532,
        5.6785260990291135
      ],
      [
        -0.0015349524265174243,
        0.021263494772814504,
        0.9997727280292731,
        0.3813096327459604
      ],
      [
        0.0,
        0.0,
        0.0,
        1.0
      ]
    ],
    "location": [
      12.082662625706462,
      5.6785260990291135,
      0.3813096327459604
    ],
    "rotation": [
      0.021265122486516377,
      0.0015349530292629138,
      -3.074129070930997
    ]
  },
  {
    "label_id": "P9RCk7j3jrOVoApXvIJi3g",
    "size": [
      0.7005023510633694,
      0.6973264422665828,
      1.1400000000000006
    ],
    "obj_class": "sign",
    "point_num_in_lidar": 339,
    "speed": 5.673947583610458e-28,
    "if_vehicle": false,
    "motion_state": false,
    "pose": [
      [
        0.9856100773157103,
        -0.1690088370401415,
        -0.002964539771794728,
        -10.545588712041308
      ],
      [
        0.16903359747374036,
        0.9853841581496218,
        0.021111698009554532,
        21.080834272774155
      ],
      [
        -0.0006468530012064614,
        -0.021309009129943414,
        0.9997727280292731,
        0.024920421840370466
      ],
      [
        0.0,
        0.0,
        0.0,
        1.0
      ]
    ],
    "location": [
      -10.545588712041308,
      21.080834272774155,
      0.024920421840370466
    ],
    "rotation": [
      -0.021310626562648847,
      0.0006468530463157133,
      0.16984911058952543
    ]
  },
  {
    "label_id": "RW1h8pkgwsPTQlzyEdXiow",
    "size": [
      0.8287961078561945,
      0.8205065068317773,
      1.6288524052985736
    ],
    "obj_class": "pedestrian",
    "point_num_in_lidar": 180,
    "speed": 0.03529149379664341,
    "if_vehicle": false,
    "motion_state": false,
    "pose": [
      [
        -0.9961530091240427,
        0.0875807850904321,
        -0.002964539771794728,
        -17.955873723058403
      ],
      [
        -0.08762399621477872,
        -0.9959298828203248,
        0.021111698009554532,
        19.83205061186709
      ],
      [
        -0.001103494661270817,
        0.02129024632167811,
        0.9997727280292731,
        0.47485615085532373
      ],
      [
        0.0,
        0.0,
        0.0,
        1.0
      ]
    ],
    "location": [
      -17.955873723058403,
      19.83205061186709,
      0.47485615085532373
    ],
    "rotation": [
      0.021291868003297233,
      0.0011034948852252672,
      -3.0538560856322845
    ]
  },
  {
    "label_id": "XH8EEUqMWDsB2IqwYEVCqg",
    "size": [
      0.7772861356849985,
      0.12044237215146732,
      0.46637168141589314
    ],
    "obj_class": "sign",
    "point_num_in_lidar": 41,
    "speed": 0.013144611393615505,
    "if_vehicle": false,
    "motion_state": false,
    "pose": [
      [
        -0.005019365630330187,
        0.9999830085919513,
        -0.002964539771794728,
        6.520061049059677
      ],
      [
        -0.9997648410566287,
        -0.004955683017245031,
        0.021111698009554532,
        28.11020634077977
      ],
      [
        0.02109664797267802,
        0.0030698099651414786,
        0.9997727280292731,
        1.9607986948913165
      ],
      [
        0.0,
        0.0,
        0.0,
        1.0
      ]
    ],
    "location": [
      6.520061049059677,
      28.11020634077977,
      1.9607986948913165
    ],
    "rotation": [
      0.003070498155955012,
      -0.021098213195289563,
      -1.5758168308697809
    ]
  },
  {
    "label_id": "YMCH2TkTYWdgEE8q3XIBEg",
    "size": [
      0.6750242326142463,
      0.6473499822288307,
      1.6199999999999974
    ],
    "obj_class": "pedestrian",
    "point_num_in_lidar": 62,
    "speed": 1.2408330421451905,
    "if_vehicle": false,
    "motion_state": true,
    "pose": [
      [
        -0.07236680669859691,
        -0.9973736796167169,
        -0.002964539771794728,
        -11.08392635676637
      ],
      [
        0.9971512388118706,
        -0.07241341825314598,
        0.021111698009554532,
        10.098032412979592
      ],
      [
        -0.021270924385169376,
        -0.0014283083370155872,
        0.9997727280292731,
        0.4966694174205557
      ],
      [
        0.0,
        0.0,
        0.0,
        1.0
      ]
    ],
    "location": [
      -11.08392635676637,
      10.098032412979592,
      0.4966694174205557
    ],
    "rotation": [
      -0.0014286320533168622,
      0.021272528724681463,
      1.643242866307405
    ]
  },
  {
    "label_id": "aFdj7fOiFejXkhWxdgC_AQ",
    "size": [
      0.9121538735780343,
      0.8866121494929322,
      1.7299999999999969
    ],
    "obj_class": "pedestrian",
    "point_num_in_lidar": 28,
    "speed": 1.230722889885573,
    "if_vehicle": false,
    "motion_state": true,
    "pose": [
      [
        -0.22624384858464855,
        -0.9740661848568342,
        -0.002964539771794728,
        13.620657818733207
      ],
      [
        0.9738392056939241,
        -0.22625538150634197,
        0.021111698009554532,
        -26.30339207468751
      ],
      [
        -0.02123493421307454,
        0.0018894067512258562,
        0.9997727280292731,
        1.2345478206704072
      ],
      [
        0.0,
        0.0,
        0.0,
        1.0
      ]
    ],
    "location": [
      13.620657818733207,
      -26.30339207468751,
      1.2345478206704072
    ],
    "rotation": [
      0.0018898340082032445,
      0.02123653042168361,
      1.7990685183456763
    ]
  },
  {
    "label_id": "dOzfdH28bWp78162th45ZQ",
    "size": [
      2.2250475077825103,
      4.952390760509612,
      1.4772722474731381
    ],
    "obj_class": "vehicle",
    "point_num_in_lidar": 5484,
    "speed": 0.11495293721807316,
    "if_vehicle": true,
    "motion_state": false,
    "pose": [
      [
        0.13570194219597642,
        0.9907452722007717,
        -0.002964539771794728,
        -8.21563718266998
      ],
      [
        -0.9905203156488432,
        0.13573430109618279,
        0.021111698009554532,
        24.157777534192064
      ],
      [
        0.02131870472509299,
        7.153844756018395e-05,
        0.9997727280292731,
        0.11509525871883852
      ],
      [
        0.0,
        0.0,
        0.0,
        1.0
      ]
    ],
    "location": [
      -8.21563718266998,
      24.157777534192064,
      0.11509525871883852
    ],
    "rotation": [
      7.155470981800496e-05,
      -0.021320319901750016,
      -1.434643266657387
    ]
  },
  {
    "label_id": "e3SoTY4ZM2RgUcGSgbCw2Q",
    "size": [
      2.2155390665535437,
      4.6419119317498865,
      1.793922421779314
    ],
    "obj_class": "vehicle",
    "point_num_in_lidar": 1066,
    "speed": 2.929642751054232e-13,
    "if_vehicle": true,
    "motion_state": false,
    "pose": [
      [
        -0.046970719404639975,
        -0.9988918675324933,
        -0.002964539771794728,
        6.381204424024418
      ],
      [
        0.9986706844911448,
        -0.0470229746522036,
        0.021111698009554532,
        10.56257906002611
      ],
      [
        -0.0212277049300905,
        -0.001968967319737181,
        0.9997727280292731,
        0.45041869653388034
      ],
      [
        0.0,
        0.0,
        0.0,
        1.0
      ]
    ],
    "location": [
      6.381204424024418,
      10.56257906002611,
      0.45041869653388034
    ],
    "rotation": [
      -0.0019694123663637846,
      0.021229299508780414,
      1.6177949330267056
    ]
  },
  {
    "label_id": "gzHVXsws0eboEaFBL3fSzQ",
    "size": [
      0.7296529798998844,
      0.8022160096950426,
      1.7100000000000009
    ],
    "obj_class": "pedestrian",
    "point_num_in_lidar": 103,
    "speed": 1.3039611062878749,
    "if_vehicle": false,
    "motion_state": true,
    "pose": [
      [
        -0.08309899874374982,
        -0.9965368873813591,
        -0.002964539771794728,
        -11.789300468780084
      ],
      [
        0.9963139577074934,
        -0.08314321309875147,
        0.021111698009554532,
        9.937824091313814
      ],
      [
        -0.02128506718376276,
        -0.0011992513864436773,
        0.9997727280292731,
        0.8418410090261403
      ],
      [
        0.0,
        0.0,
        0.0,
        1.0
      ]
    ],
    "location": [
      -11.789300468780084,
      9.937824091313814,
      0.8418410090261403
    ],
    "rotation": [
      -0.0011995234293138016,
      0.02128667472596051,
      1.6540101591409146
    ]
  },
  {
    "label_id": "ho3rcpWrA33tetBa8wR4Pg",
    "size": [
      0.6359592087323294,
      0.6286638680823156,
      1.6188524052985755
    ],
    "obj_class": "pedestrian",
    "point_num_in_lidar": 54,
    "speed": 3.552713678800501e-14,
    "if_vehicle": false,
    "motion_state": false,
    "pose": [
      [
        -0.14464082280670537,
        0.9894797844735085,
        -0.002964539771794728,
        -12.573364879160408
      ],
      [
        -0.98927265022997,
        -0.14454729230990443,
        0.021111698009554532,
        7.363843063330933
      ],
      [
        0.020461082199405865,
        0.005986351487704172,
        0.9997727280292731,
        0.6296428430208252
      ],
      [
        0.0,
        0.0,
        0.0,
        1.0
      ]
    ],
    "location": [
      -12.573364879160408,
      7.363843063330933,
      0.6296428430208252
    ],
    "rotation": [
      0.005987640769875079,
      -0.020462510160521766,
      -1.715976904119292
    ]
  },
  {
    "label_id": "iMO8XPPJOQopigo1OG2RUg",
    "size": [
      0.5857817631658361,
      0.5345773345299226,
      1.5950292733247764
    ],
    "obj_class": "pedestrian",
    "point_num_in_lidar": 164,
    "speed": 0.008583225187745106,
    "if_vehicle": false,
    "motion_state": false,
    "pose": [
      [
        -0.9987100762881546,
        0.05068920027431938,
        -0.002964539771794728,
        -13.832075546815076
      ],
      [
        -0.05074063171035008,
        -0.9984887002369071,
        0.021111698009554532,
        23.76658703764042
      ],
      [
        -0.0018899243750026755,
        0.02123488815044601,
        0.9997727280292731,
        0.24961502563685656
      ],
      [
        0.0,
        0.0,
        0.0,
        1.0
      ]
    ],
    "location": [
      -13.832075546815076,
      23.76658703764042,
      0.24961502563685656
    ],
    "rotation": [
      0.02123652228085794,
      0.0018899255000809194,
      -3.090830132975929
    ]
  },
  {
    "label_id": "lLNzlQwvuqVjvE6i_V72ww",
    "size": [
      2.35600028907705,
      5.907938778904348,
      2.3115983138329668
    ],
    "obj_class": "vehicle",
    "point_num_in_lidar": 382,
    "speed": 9.20285609824355,
    "if_vehicle": true,
    "motion_state": true,
    "pose": [
      [
        -0.08030796886401176,
        -0.9967656904412784,
        -0.002964539771794728,
        3.8895280115750666
      ],
      [
        0.9965428854595244,
        -0.08035280733838002,
        0.021111698009554532,
        -7.646420750552352
      ],
      [
        -0.021281625336011373,
        -0.0012588534318261134,
        0.9997727280292731,
        1.208427803814466
      ],
      [
        0.0,
        0.0,
        0.0,
        1.0
      ]
    ],
    "location": [
      3.8895280115750666,
      -7.646420750552352,
      1.208427803814466
    ],
    "rotation": [
      -0.0012591389335378635,
      0.02128323209839866,
      1.6512091209706994
    ]
  },
  {
    "label_id": "nIflfxa4C8DxMvjsHgEFRw",
    "size": [
      2.129718775987208,
      5.000213637888109,
      1.5364430207010855
    ],
    "obj_class": "vehicle",
    "point_num_in_lidar": 278,
    "speed": 0.013782050930189303,
    "if_vehicle": true,
    "motion_state": false,
    "pose": [
      [
        -0.10019814324572641,
        -0.9949630865484661,
        -0.002964539771794728,
        6.596667293768633
      ],
      [
        0.9947394305426245,
        -0.10023852318788862,
        0.021111698009554532,
        4.249535860721153
      ],
      [
        -0.02130252130252195,
        -0.0008335916630941869,
        0.9997727280292731,
        0.4291583970730031
      ],
      [
        0.0,
        0.0,
        0.0,
        1.0
      ]
    ],
    "location": [
      6.596667293768633,
      4.249535860721153,
      0.4291583970730031
    ],
    "rotation": [
      -0.0008337809649688511,
      0.021304132803138885,
      1.6711857490323974
    ]
  },
  {
    "label_id": "pdUa5SYgjcgD0TDMBTMdpA",
    "size": [
      2.106731684363165,
      4.356208741592688,
      1.3984952537723458
    ],
    "obj_class": "vehicle",
    "point_num_in_lidar": 3999,
    "speed": 0.32769026300837917,
    "if_vehicle": true,
    "motion_state": false,
    "pose": [
      [
        -0.16076452725168233,
        -0.986988337459711,
        -0.002964539771794728,
        5.117481543536087
      ],
      [
        0.9867626331506797,
        -0.1607911752077535,
        0.021111698009554532,
        23.66993901054957
      ],
      [
        -0.021313671553258716,
        0.00046871507869023643,
        0.9997727280292731,
        0.03813228053729034
      ],
      [
        0.0,
        0.0,
        0.0,
        1.0
      ]
    ],
    "location": [
      5.117481543536087,
      23.66993901054957,
      0.03813228053729034
    ],
    "rotation": [
      0.0004688215943576998,
      0.021315285586039907,
      1.7322985430406883
    ]
  },
  {
    "label_id": "qFCXyuymo0i91XH5zvmRPA",
    "size": [
      0.7955822622189483,
      1.004493157534768,
      1.72624247692017
    ],
    "obj_class": "pedestrian",
    "point_num_in_lidar": 87,
    "speed": 1.491756882771972,
    "if_vehicle": false,
    "motion_state": true,
    "pose": [
      [
        0.1694103654578428,
        0.9855411404803869,
        -0.002964539771794728,
        -10.933802855346812
      ],
      [
        -0.9853152112455236,
        0.16943503384879582,
        0.021111698009554532,
        0.8097006542902818
      ],
      [
        0.021308743830394026,
        -0.0006555343437425668,
        0.9997727280292731,
        0.779981260795438
      ],
      [
        0.0,
        0.0,
        0.0,
        1.0
      ]
    ],
    "location": [
      -10.933802855346812,
      0.8097006542902818,
      0.779981260795438
    ],
    "rotation": [
      -0.0006556832682285456,
      -0.021310356743787937,
      -1.4005259318546521
    ]
  },
  {
    "label_id": "qYJMUdZlFcC9_U347E8qQA",
    "size": [
      1.938417475095411,
      4.511891662081819,
      1.5672722474731415
    ],
    "obj_class": "vehicle",
    "point_num_in_lidar": 78,
    "speed": 0.024499099722187886,
    "if_vehicle": true,
    "motion_state": false,
    "pose": [
      [
        0.07775447314840618,
        0.9969681305886138,
        -0.002964539771794728,
        -5.289889086861649
      ],
      [
        -0.9967454411923276,
        0.07779988219441927,
        0.021111698009554532,
        -20.10648311078512
      ],
      [
        0.021278330943143242,
        0.00131336254676857,
        0.9997727280292731,
        0.8452628746650745
      ],
      [
        0.0,
        0.0,
        0.0,
        1.0
      ]
    ],
    "location": [
      -5.289889086861649,
      -20.10648311078512,
      0.8452628746650745
    ],
    "rotation": [
      0.0013136603494535153,
      -0.021279936959364833,
      -1.4929456304627389
    ]
  },
  {
    "label_id": "s5aO23RLZZP2IHQPJCo9cQ",
    "size": [
      2.328776440731224,
      5.353293031458655,
      1.9558168788117456
    ],
    "obj_class": "vehicle",
    "point_num_in_lidar": 316,
    "speed": 0.01777886907548675,
    "if_vehicle": true,
    "motion_state": false,
    "pose": [
      [
        -0.10019814324593762,
        -0.9949630865484449,
        -0.002964539771794728,
        7.289676929812686
      ],
      [
        0.9947394305426032,
        -0.10023852318809977,
        0.021111698009554532,
        -2.445456935049151
      ],
      [
        -0.021302521302522127,
        -0.000833591663089665,
        0.9997727280292731,
        0.7536681465048503
      ],
      [
        0.0,
        0.0,
        0.0,
        1.0
      ]
    ],
    "location": [
      7.289676929812686,
      -2.445456935049151,
      0.7536681465048503
    ],
    "rotation": [
      -0.0008337809649643282,
      0.021304132803139062,
      1.6711857490326096
    ]
  },
  {
    "label_id": "tFMYVPCUjzCvUWFmOTKG0w",
    "size": [
      2.117747779947259,
      4.607182423773619,
      1.4772722474731381
    ],
    "obj_class": "vehicle",
    "point_num_in_lidar": 3249,
    "speed": 0.013703849662817675,
    "if_vehicle": true,
    "motion_state": false,
    "pose": [
      [
        0.05059057431102065,
        0.9987150771340255,
        -0.002964539771794728,
        -7.946387811618024
      ],
      [
        -0.9984937061628713,
        0.05064202760837191,
        0.021111698009554532,
        17.864816684292236
      ],
      [
        0.021234701411011855,
        0.001892021376822355,
        0.9997727280292731,
        0.24037341180207505
      ],
      [
        0.0,
        0.0,
        0.0,
        1.0
      ]
    ],
    "location": [
      -7.946387811618024,
      17.864816684292236,
      0.24037341180207505
    ],
    "rotation": [
      0.0018924492188128316,
      -0.021236297567115904,
      -1.5201727228325688
    ]
  },
  {
    "label_id": "xWTOq8rd6R_PA_SNy95jeA",
    "size": [
      2.152766991703255,
      4.6223847380506875,
      1.4784952537723441
    ],
    "obj_class": "vehicle",
    "point_num_in_lidar": 1756,
    "speed": 0.09541568506322928,
    "if_vehicle": true,
    "motion_state": false,
    "pose": [
      [
        -0.08272154430858819,
        -0.9965682904904931,
        -0.002964539771794728,
        5.8635863185979815
      ],
      [
        0.9963453775792543,
        -0.08276584309729812,
        0.021111698009554532,
        16.4154648632757
      ],
      [
        -0.021284611428341368,
        -0.0012073132359506364,
        0.9997727280292731,
        0.1967601813716584
      ],
      [
        0.0,
        0.0,
        0.0,
        1.0
      ]
    ],
    "location": [
      5.8635863185979815,
      16.4154648632757,
      0.1967601813716584
    ],
    "rotation": [
      -0.0012075870997890488,
      0.021286218867265307,
      1.653631313415894
    ]
  },
  {
    "label_id": "yyt8pvlHPVT55uMzSed6CA",
    "size": [
      0.8306938815275389,
      1.09026105864005,
      1.718852405298577
    ],
    "obj_class": "pedestrian",
    "point_num_in_lidar": 27,
    "speed": 1.5357901623685308,
    "if_vehicle": false,
    "motion_state": true,
    "pose": [
      [
        0.09258729984395689,
        0.9957001573825057,
        -0.002964539771794728,
        -9.681790304028027
      ],
      [
        -0.9954768166774481,
        0.09262938877531057,
        0.021111698009554532,
        -23.97951517351612
      ],
      [
        0.021295524537786825,
        0.0009964555011142111,
        0.9997727280292731,
        1.3181586899511544
      ],
      [
        0.0,
        0.0,
        0.0,
        1.0
      ]
    ],
    "location": [
      -9.681790304028027,
      -23.97951517351612,
      1.3181586899511544
    ],
    "rotation": [
      0.000996681688974705,
      -0.02129713445082809,
      -1.4780551394503343
    ]
  }
]