[
  {
    "label_id": "-9nK50GgpR1aiB9xKeeNGQ",
    "size": [
      2.2903499040873947,
      5.034674882507156,
      1.850566636766004
    ],
    "obj_class": "vehicle",
    "point_num_in_lidar": 1071,
    "speed": 3.7898879922828304,
    "if_vehicle": true,
    "motion_state": true,
    "pose": [
      [
        0.9999129077883728,
        0.009817041916652435,
        -0.008820574029371349,
        9.251026723246468
      ],
      [
        -0.009645266725531445,
        0.9997670133251552,
        0.019310305453104495,
        51.79856942735205
      ],
      [
        0.009008089031214512,
        -0.019223546886709807,
        0.9997746293925946,
        -0.07721371725214254
      ],
      [
        0.0,
        0.0,
        0.0,
        1.0
      ]
    ],
    "location": [
      9.251026723246468,
      51.79856942735205,
      -0.07721371725214254
    ],
    "rotation": [
      -0.01922551122254838,
      -0.00900821086356364,
      -0.009645807661364428
    ]
  },
  {
    "label_id": "1eK3OmHl_2tqAnFvzWn4tA",
    "size": [
      2.24409056850351,
      4.881987409548864,
      1.4872722474731432
    ],
    "obj_class": "vehicle",
    "point_num_in_lidar": 66,
    "speed": 0.03246884799248593,
    "if_vehicle": true,
    "motion_state": false,
    "pose": [
      [
        0.09390477178124197,
        0.9955421092603292,
        -0.008820574029371349,
        -7.088885609236968
      ],
      [
        -0.995379191736144,
        0.0940604952251918,
        0.019310305453104495,
        7.2743265749431885
      ],
      [
        0.020053889782618024,
        0.006966486021404626,
        0.9997746293925946,
        0.3946617830699495
      ],
      [
        0.0,
        0.0,
        0.0,
        1.0
      ]
    ],
    "location": [
      -7.088885609236968,
      7.2743265749431885,
      0.3946617830699495
    ],
    "rotation": [
      0.006967943644567312,
      -0.020055234166284158,
      -1.4767340222537007
    ]
  },
  {
    "label_id": "2zj9ofJlwtiSYPfUbLNFiQ",
    "size": [
      2.7728878742167886,
      7.818916382383117,
      2.8078157631268397
    ],
    "obj_class": "vehicle",
    "point_num_in_lidar": 14996,
    "speed": 0.01896988435207546,
    "if_vehicle": true,
    "motion_state": false,
    "pose": [
      [
        -0.03590666826411043,
        -0.9993162205468114,
        -0.008820574029371349,
        1.4086786014531754
      ],
      [
        0.9991626255093236,
        -0.03607159392961258,
        0.019310305453104495,
        64.58524362540447
      ],
      [
        -0.019615273627614442,
        -0.008119819173702764,
        0.9997746293925946,
        0.3153662005235347
      ],
      [
        0.0,
        0.0,
        0.0,
        1.0
      ]
    ],
    "location": [
      1.4086786014531754,
      64.58524362540447,
      0.3153662005235347
    ],
    "rotation": [
      -0.008121470990635824,
      0.01961653170416375,
      1.6067176293762424
    ]
  },
  {
    "label_id": "4kOLGqY6_RSgRJTBTfGFlw",
    "size": [
      1.1462456551705977,
      0.9608929514239334,
      1.7630608345357004
    ],
    "obj_class": "pedestrian",
    "point_num_in_lidar": 227,
    "speed": 1.1555877882451782,
    "if_vehicle": false,
    "motion_state": true,
    "pose": [
      [
        -0.12137017321978728,
        -0.9925681228643155,
        -0.008820574029371349,
        7.144414665214526
      ],
      [
        0.9924009657494322,
        -0.12152133673928212,
        0.019310305453104495,
        56.051295942283105
      ],
      [
        -0.02023868158238149,
        -0.006409851067442191,
        0.9997746293925946,
        -0.11325075471895474
      ],
      [
        0.0,
        0.0,
        0.0,
        1.0
      ]
    ],
    "location": [
      7.144414665214526,
      56.051295942283105,
      -0.11325075471895474
    ],
    "rotation": [
      -0.00641120814244505,
      0.02024006347871544,
      1.6924915208036821
    ]
  },
  {
    "label_id": "6hIIee9ufQhM-2w_W5IIEQ",
    "size": [
      0.8935107866392644,
      0.10748276377607566,
      1.2800000000000011
    ],
    "obj_class": "sign",
    "point_num_in_lidar": 38,
    "speed": 0.026695879818943412,
    "if_vehicle": false,
    "motion_state": false,
    "pose": [
      [
        -0.0490642272749789,
        -0.9987566766113263,
        -0.008820574029371349,
        -8.455376627923442
      ],
      [
        0.9986009228762793,
        -0.04922711584026547,
        0.019310305453104495,
        0.8318445041659288
      ],
      [
        -0.019720507918213722,
        -0.007860788150528387,
        0.9997746293925946,
        3.451078496544227
      ],
      [
        0.0,
        0.0,
        0.0,
        1.0
      ]
    ],
    "location": [
      -8.455376627923442,
      0.8318445041659288,
      3.451078496544227
    ],
    "rotation": [
      -0.007862398125724425,
      0.019721786354394606,
      1.6198898155919044
    ]
  },
  {
    "label_id": "9lYwPu5yc5uujsti712OXw",
    "size": [
      0.8351853978986645,
      0.9282536612455977,
      1.8999999999999986
    ],
    "obj_class": "pedestrian",
    "point_num_in_lidar": 20,
    "speed": 1.3909501452502107,
    "if_vehicle": false,
    "motion_state": true,
    "pose": [
      [
        -0.08229318468437122,
        0.9965691291768456,
        -0.008820574029371349,
        -11.635023246893297
      ],
      [
        -0.996436073862447,
        -0.08211128307912118,
        0.019310305453104495,
        16.52693999798612
      ],
      [
        0.018519785638493186,
        0.010378244688003802,
        0.9997746293925946,
        0.5866694174205378
      ],
      [
        0.0,
        0.0,
        0.0,
        1.0
      ]
    ],
    "location": [
      -11.635023246893297,
      16.52693999798612,
      0.5866694174205378
    ],
    "rotation": [
      0.010380211332099336,
      -0.018520844462195533,
      -1.653196843810807
    ]
  },
  {
    "label_id": "AsAiz2r8kAoPViqEIdpGzQ",
    "size": [
      0.975873291695908,
      1.1585325618974014,
      1.7688470911464265
    ],
    "obj_class": "pedestrian",
    "point_num_in_lidar": 54,
    "speed": 1.3180778973286214,
    "if_vehicle": false,
    "motion_state": true,
    "pose": [
      [
        0.30073415152289035,
        0.9536672205657483,
        -0.008820574029371349,
        5.622046937500272
      ],
      [
        -0.9534752513480396,
        0.30085221815718854,
        0.019310305453104495,
        68.15195497380228
      ],
      [
        0.021069294591893842,
        0.002602930713601614,
        0.9997746293925946,
        -0.25094127761020957
      ],
      [
        0.0,
        0.0,
        0.0,
        1.0
      ]
    ],
    "location": [
      5.622046937500272,
      68.15195497380228,
      -0.25094127761020957
    ],
    "rotation": [
      0.0026035115874621763,
      -0.02107085373330211,
      -1.265263965342578
    ]
  },
  {
    "label_id": "BCFugmMeTE1MZhUx7Md3MA",
    "size": [
      1.9755133702178589,
      5.636981406052898,
      2.0752408288585755
    ],
    "obj_class": "vehicle",
    "point_num_in_lidar": 60,
    "speed": 0.05006099416058036,
    "if_vehicle": true,
    "motion_state": false,
    "pose": [
      [
        0.07775179000361719,
        0.9969337272983725,
        -0.008820574029371349,
        -6.892770571585061
      ],
      [
        -0.9967733559186176,
        0.07791013434749386,
        0.019310305453104495,
        -0.18160223071390647
      ],
      [
        0.019938306898283895,
        0.007290702361889599,
        0.9997746293925946,
        0.7712785839722329
      ],
      [
        0.0,
        0.0,
        0.0,
        1.0
      ]
    ],
    "location": [
      -6.892770571585061,
      -0.18160223071390647,
      0.7712785839722329
    ],
    "rotation": [
      0.0072922165815549845,
      -0.019939628167395255,
      -1.4929504774306097
    ]
  },
  {
    "label_id": "ER4NMkg4wde6l-AMD922EA",
    "size": [
      1.9569189965240552,
      4.657267391618751,
      1.462875516477304
    ],
    "obj_class": "vehicle",
    "point_num_in_lidar": 654,
    "speed": 0.02932210095721095,
    "if_vehicle": true,
    "motion_state": false,
    "pose": [
      [
        -0.9940135746277501,
        0.1089000042679272,
        -0.008820574029371349,
        -22.189861949704436
      ],
      [
        -0.10905325434954356,
        -0.9938483283776662,
        0.019310305453104495,
        55.942639455248354
      ],
      [
        -0.006663420408164113,
        0.02015661805372815,
        0.9997746293925946,
        -0.2366532332596023
      ],
      [
        0.0,
        0.0,
        0.0,
        1.0
      ]
    ],
    "location": [
      -22.189861949704436,
      55.942639455248354,
      -0.2366532332596023
    ],
    "rotation": [
      0.020158430800778348,
      0.006663469719761485,
      -3.0323196438625875
    ]
  },
  {
    "label_id": "FzhIiYZfV0ZRgWwzC5IjNA",
    "size": [
      1.8776833819729015,
      4.564797332079824,
      1.7476778351213866
    ],
    "obj_class": "vehicle",
    "point_num_in_lidar": 502,
    "speed": 0.052815471247243596,
    "if_vehicle": true,
    "motion_state": false,
    "pose": [
      [
        -0.9971487731747979,
        0.07494345621725491,
        -0.008820574029371349,
        -29.0147554901248
      ],
      [
        -0.07510225164498474,
        -0.9969888484337028,
        0.019310305453104495,
        55.44243020105205
      ],
      [
        -0.007346832912800612,
        0.019917692362600825,
        0.9997746293925946,
        0.01485625994366302
      ],
      [
        0.0,
        0.0,
        0.0,
        1.0
      ]
    ],
    "location": [
      -29.0147554901248,
      55.44243020105205,
      0.01485625994366302
    ],
    "rotation": [
      0.01991954720386375,
      0.007346899006458359,
      -3.06641758899013
    ]
  },
  {
    "label_id": "Im-r1sT-zfG7KFGudl9kcQ",
    "size": [
      1.8653725858865151,
      4.360587515094883,
      1.5051311337171924
    ],
    "obj_class": "vehicle",
    "point_num_in_lidar": 47,
    "speed": 14.061700484018916,
    "if_vehicle": true,
    "motion_state": true,
    "pose": [
      [
        0.08989993609424451,
        0.9959117425575637,
        -0.008820574029371349,
        -0.21417863668693826
      ],
      [
        -0.995749452671702,
        0.09005631353388711,
        0.019310305453104495,
        4.218893136960105
      ],
      [
        0.020025708333458056,
        0.007047086535802313,
        0.9997746293925946,
        0.6315957072606224
      ],
      [
        0.0,
        0.0,
        0.0,
        1.0
      ]
    ],
    "location": [
      -0.21417863668693826,
      4.218893136960105,
      0.6315957072606224
    ],
    "rotation": [
      0.007048558368434252,
      -0.020027047056674244,
      -1.4807567479781436
    ]
  },
  {
    "label_id": "InPwvU2homAc1AtpmC4pDQ",
    "size": [
      2.1166185057526765,
      4.313385827928875,
      1.7074263757876054
    ],
    "obj_class": "vehicle",
    "point_num_in_lidar": 395,
    "speed": 10.297076940742723,
    "if_vehicle": true,
    "motion_state": true,
    "pose": [
      [
        0.07828345364038697,
        0.9968921197200457,
        -0.008820574029371349,
        -2.6476942636188596
      ],
      [
        -0.9967316639164803,
        0.07844171243409019,
        0.019310305453104495,
        39.403743494067385
      ],
      [
        0.019942192267102452,
        0.00728006802727398,
        0.9997746293925946,
        -0.055643586762968766
      ],
      [
        0.0,
        0.0,
        0.0,
        1.0
      ]
    ],
    "location": [
      -2.6476942636188596,
      39.403743494067385,
      -0.055643586762968766
    ],
    "rotation": [
      0.007281580414521408,
      -0.01994351430888189,
      -1.4924170755422659
    ]
  },
  {
    "label_id": "JDEX_tEVUcVozkhauyLViw",
    "size": [
      0.7750009637893813,
      0.9512883911995416,
      1.8407817180603132
    ],
    "obj_class": "pedestrian",
    "point_num_in_lidar": 210,
    "speed": 1.2120231865138196,
    "if_vehicle": false,
    "motion_state": true,
    "pose": [
      [
        -0.9996949011875049,
        -0.023071671233287603,
        -0.008820574029371349,
        7.05195114095045
      ],
      [
        0.022897977065273828,
        -0.9995512967074905,
        0.019310305453104495,
        60.88692846995764
      ],
      [
        -0.009262137227590936,
        0.019102440600014745,
        0.9997746293925946,
        -0.10928758469732713
      ],
      [
        0.0,
        0.0,
        0.0,
        1.0
      ]
    ],
    "location": [
      7.05195114095045,
      60.88692846995764,
      -0.10928758469732713
    ],
    "rotation": [
      0.019104422122479963,
      0.009262269661485061,
      3.118691692587146
    ]
  },
  {
    "label_id": "MgWhrhP47pwT0J5qUjq5Ug",
    "size": [
      2.051254010759629,
      4.445365804963032,
      1.6782138818528338
    ],
    "obj_class": "vehicle",
    "point_num_in_lidar": 889,
    "speed": 5.783398860650275e-13,
    "if_vehicle": true,
    "motion_state": false,
    "pose": [
      [
        -0.9989339059113639,
        0.045312791731019465,
        -0.008820574029371349,
        11.191210171072953
      ],
      [
        -0.045476264120982476,
        -0.9987787650450455,
        0.019310305453104495,
        56.5989074658828
      ],
      [
        -0.007934798186785025,
        0.019690845604869556,
        0.9997746293925946,
        -0.1117270335030085
      ],
      [
        0.0,
        0.0,
        0.0,
        1.0
      ]
    ],
    "location": [
      11.191210171072953,
      56.5989074658828,
      -0.1117270335030085
    ],
    "rotation": [
      0.019692738307604048,
      0.0079348814529784,
      -3.09609926685772
    ]
  },
  {
    "label_id": "PBPtoWWiZmUSarH7z_93VQ",
    "size": [
      0.527450336565294,
      0.08355648896149048,
      0.509999999999998
    ],
    "obj_class": "sign",
    "point_num_in_lidar": 20,
    "speed": 3.552713678800501e-14,
    "if_vehicle": false,
    "motion_state": false,
    "pose": [
      [
        -0.997422708757729,
        0.071204898203613,
        -0.008820574029371349,
        28.171736491128286
      ],
      [
        -0.07136429202862633,
        -0.9972633804199172,
        0.019310305453104495,
        49.37240130059945
      ],
      [
        -0.007421447139706024,
        0.01989001119286681,
        0.9997746293925946,
        2.2210372739916693
      ],
      [
        0.0,
        0.0,
        0.0,
        1.0
      ]
    ],
    "location": [
      28.171736491128286,
      49.37240130059945,
      2.2210372739916693
    ],
    "rotation": [
      0.019891870763537305,
      0.007421515267654181,
      -3.0701656771616728
    ]
  },
  {
    "label_id": "PcVh6dv8Ot__fqMN510DCA",
    "size": [
      0.9066269636194524,
      0.12044237213813053,
      0.759999999999998
    ],
    "obj_class": "sign",
    "point_num_in_lidar": 27,
    "speed": 0.012223398244906682,
    "if_vehicle": false,
    "motion_state": false,
    "pose": [
      [
        -0.005019192424450427,
        0.9999485012645394,
        -0.008820574029371349,
        6.5629315659143685
      ],
      [
        -0.9998017842768598,
        -0.004848119234825512,
        0.019310305453104495,
        28.07250425206803
      ],
      [
        0.01926654780217831,
        0.008915747791755652,
        0.9997746293925946,
        3.411841997764647
      ],
      [
        0.0,
        0.0,
        0.0,
        1.0
      ]
    ],
    "location": [
      6.5629315659143685,
      28.07250425206803,
      3.411841997764647
    ],
    "rotation": [
      0.008917521204426373,
      -0.019267739957981353,
      -1.5758164721266865
    ]
  },
  {
    "label_id": "Ra8Q_h14wX_wKN0lzRI2oA",
    "size": [
      0.7878855284745454,
      0.08952097384951267,
      0.7893254617679233
    ],
    "obj_class": "sign",
    "point_num_in_lidar": 55,
    "speed": 1.1457157353758233e-12,
    "if_vehicle": false,
    "motion_state": false,
    "pose": [
      [
        0.0763871071454593,
        -0.9970392205604253,
        -0.008820574029371349,
        5.819937976629944
      ],
      [
        0.996905089821623,
        0.07620599708060771,
        0.019310305453104495,
        38.1757413531177
      ],
      [
        -0.01858095125901548,
        -0.01026833351668656,
        0.9997746293925946,
        2.4308761597539856
      ],
      [
        0.0,
        0.0,
        0.0,
        1.0
      ]
    ],
    "location": [
      5.819937976629944,
      38.1757413531177,
      2.4308761597539856
    ],
    "rotation": [
      -0.010270287104501206,
      0.0185820206094838,
      1.4943215091123252
    ]
  },
  {
    "label_id": "USGqx7dcWPiv_I1IR97_8Q",
    "size": [
      0.9222865930313381,
      0.1261789293901471,
      1.259999999999998
    ],
    "obj_class": "sign",
    "point_num_in_lidar": 65,
    "speed": 0.014270745678868612,
    "if_vehicle": false,
    "motion_state": false,
    "pose": [
      [
        0.17855655113332966,
        -0.9838901135396996,
        -0.008820574029371349,
        -11.234657081935211
      ],
      [
        0.9837753270093055,
        0.1783626027816422,
        0.019310305453104495,
        36.884010472778755
      ],
      [
        -0.017425958082834436,
        -0.012125444643192054,
        0.9997746293925946,
        2.9149952973633972
      ],
      [
        0.0,
        0.0,
        0.0,
        1.0
      ]
    ],
    "location": [
      -11.234657081935211,
      36.884010472778755,
      2.9149952973633972
    ],
    "rotation": [
      -0.012127583375019922,
      0.01742684014277194,
      1.3912495361301176
    ]
  },
  {
    "label_id": "UzRjOTVRec06lSAMK79AGg",
    "size": [
      2.186290500710557,
      4.690650091409834,
      1.4663315120900506
    ],
    "obj_class": "vehicle",
    "point_num_in_lidar": 308,
    "speed": 1.7763568394002505e-13,
    "if_vehicle": true,
    "motion_state": false,
    "pose": [
      [
        0.994010382860208,
        -0.10892913402710426,
        -0.008820574029371349,
        -34.95715860215182
      ],
      [
        0.10908237926607386,
        0.9938451321191647,
        0.019310305453104495,
        46.45017917455698
      ],
      [
        0.006662829710781901,
        -0.020156813318204334,
        0.9997746293925946,
        -0.03497573919667474
      ],
      [
        0.0,
        0.0,
        0.0,
        1.0
      ]
    ],
    "location": [
      -34.95715860215182,
      46.45017917455698,
      -0.03497573919667474
    ],
    "rotation": [
      -0.02015862602991529,
      -0.00666287900926617,
      0.10930230966307462
    ]
  },
  {
    "label_id": "XH8EEUqMWDsB2IqwYEVCqg",
    "size": [
      0.7772861356849973,
      0.12044237215146732,
      0.46637168141589314
    ],
    "obj_class": "sign",
    "point_num_in_lidar": 25,
    "speed": 0.01314461139537868,
    "if_vehicle": false,
    "motion_state": false,
    "pose": [
      [
        -0.005019192422508076,
        0.9999485012645491,
        -0.008820574029371349,
        6.558044871511811
      ],
      [
        -0.9998017842768693,
        -0.004848119232883454,
        0.019310305453104495,
        28.07197772658037
      ],
      [
        0.019266547802195624,
        0.008915747791718227,
        0.9997746293925946,
        1.9465379199685913
      ],
      [
        0.0,
        0.0,
        0.0,
        1.0
      ]
    ],
    "location": [
      6.558044871511811,
      28.07197772658037,
      1.9465379199685913
    ],
    "rotation": [
      0.008917521204388941,
      -0.019267739957998672,
      -1.5758164721247439
    ]
  },
  {
    "label_id": "Y9pQw1kOX1aM7nlzOdz2MQ",
    "size": [
      1.5565745696068927,
      0.1425648570649699,
      1.7299999999999969
    ],
    "obj_class": "sign",
    "point_num_in_lidar": 47,
    "speed": 0.004782953719564255,
    "if_vehicle": false,
    "motion_state": false,
    "pose": [
      [
        -0.988366880649919,
        0.15183249556053907,
        -0.008820574029371349,
        11.403595025522463
      ],
      [
        -0.15197844781903325,
        -0.988195154563017,
        0.019310305453104495,
        48.54303748879465
      ],
      [
        -0.005784516649308012,
        0.020426203514938745,
        0.9997746293925946,
        0.30389152715751777
      ],
      [
        0.0,
        0.0,
        0.0,
        1.0
      ]
    ],
    "location": [
      11.403595025522463,
      48.54303748879465,
      0.30389152715751777
    ],
    "rotation": [
      0.020427966001865847,
      0.005784548908725072,
      -2.9890204148886244
    ]
  },
  {
    "label_id": "_u2qr1tSBDL1NeHlhe8NYw",
    "size": [
      2.416545086334226,
      4.640755453339751,
      1.6182138818528458
    ],
    "obj_class": "vehicle",
    "point_num_in_lidar": 84,
    "speed": 2.1183371620350693,
    "if_vehicle": true,
    "motion_state": true,
    "pose": [
      [
        0.9957786763714674,
        -0.09136205534947493,
        -0.008820574029371349,
        48.24337398360126
      ],
      [
        0.09151819434353838,
        0.9956161570642604,
        0.019310305453104495,
        53.09219450433193
      ],
      [
        0.00701767682260172,
        -0.020036033412662704,
        0.9997746293925946,
        0.008962660204481665
      ],
      [
        0.0,
        0.0,
        0.0,
        1.0
      ]
    ],
    "location": [
      48.24337398360126,
      53.09219450433193,
      0.008962660204481665
    ],
    "rotation": [
      -0.020037867690349365,
      -0.007017734424721665,
      0.0916486943668549
    ]
  },
  {
    "label_id": "aQGEemetOzSFSxoULJXzMw",
    "size": [
      0.6111848615330154,
      0.5514643377672034,
      1.8816667629758612
    ],
    "obj_class": "pedestrian",
    "point_num_in_lidar": 23,
    "speed": 0.013729327086149348,
    "if_vehicle": false,
    "motion_state": false,
    "pose": [
      [
        0.9964098038029315,
        -0.08420035842676572,
        -0.008820574029371349,
        4.705550163061389
      ],
      [
        0.08435766184795729,
        0.996248411286489,
        0.019310305453104495,
        65.55480666735093
      ],
      [
        0.007161548222914344,
        -0.019985060669177115,
        0.9997746293925946,
        -0.13735111352487905
      ],
      [
        0.0,
        0.0,
        0.0,
        1.0
      ]
    ],
    "location": [
      4.705550163061389,
      65.55480666735093,
      -0.13735111352487905
    ],
    "rotation": [
      -0.019986903872761856,
      -0.007161609440970442,
      0.08446020589717208
    ]
  },
  {
    "label_id": "b6NI0yciWBZiww40xt4BNQ",
    "size": [
      2.7392385901862455,
      5.915526156687571,
      2.3682138818528387
    ],
    "obj_class": "vehicle",
    "point_num_in_lidar": 83,
    "speed": 4.504122242392949e-28,
    "if_vehicle": true,
    "motion_state": false,
    "pose": [
      [
        -0.9983662737084001,
        0.05645335238403783,
        -0.008820574029371349,
        32.47391990697042
      ],
      [
        -0.05661508396375655,
        -0.9982093189161704,
        0.019310305453104495,
        59.818731559566004
      ],
      [
        -0.007714647715920919,
        0.019778135238668327,
        0.9997746293925946,
        0.3488415978838617
      ],
      [
        0.0,
        0.0,
        0.0,
        1.0
      ]
    ],
    "location": [
      32.47391990697042,
      59.818731559566004,
      0.3488415978838617
    ],
    "rotation": [
      0.019780013613596555,
      0.007714724241861898,
      -3.0849455939743544
    ]
  },
  {
    "label_id": "bSuLGh3Quq0PVev0FYi_DQ",
    "size": [
      1.8563238703361482,
      4.2105346985256356,
      1.6576778351213832
    ],
    "obj_class": "vehicle",
    "point_num_in_lidar": 252,
    "speed": 0.11349311264732916,
    "if_vehicle": true,
    "motion_state": false,
    "pose": [
      [
        -0.9978194957728077,
        0.06540987180458256,
        -0.008820574029371349,
        -34.409405102640676
      ],
      [
        -0.06557018844624983,
        -0.9976610960092765,
        0.019310305453104495,
        55.01423284631164
      ],
      [
        -0.007536858949378684,
        0.01984656595174561,
        0.9997746293925946,
        0.10433036350487868
      ],
      [
        0.0,
        0.0,
        0.0,
        1.0
      ]
    ],
    "location": [
      -34.409405102640676,
      55.01423284631164,
      0.10433036350487868
    ],
    "rotation": [
      0.019848432883721758,
      0.007536930305463678,
      -3.0759735216219335
    ]
  },
  {
    "label_id": "c3POzVNyXEnuovQBHtzfjw",
    "size": [
      0.916355413744504,
      0.8839332918725881,
      1.6102138473786525
    ],
    "obj_class": "pedestrian",
    "point_num_in_lidar": 115,
    "speed": 3.552713678800501e-13,
    "if_vehicle": false,
    "motion_state": false,
    "pose": [
      [
        0.982094073112042,
        -0.18818456108828735,
        -0.008820574029371349,
        -15.41556814267733
      ],
      [
        0.18832408000706477,
        0.981917080507718,
        0.019310305453104495,
        43.89140881492858
      ],
      [
        0.005027170943149282,
        -0.02062566302469264,
        0.9997746293925946,
        -0.20478978439527395
      ],
      [
        0.0,
        0.0,
        0.0,
        1.0
      ]
    ],
    "location": [
      -15.41556814267733,
      43.89140881492858,
      -0.20478978439527395
    ],
    "rotation": [
      -0.020627386416919937,
      -0.005027192118209216,
      0.18945783585307918
    ]
  },
  {
    "label_id": "dOzfdH28bWp78162th45ZQ",
    "size": [
      2.2250475077825107,
      4.952390760509612,
      1.4772722474731381
    ],
    "obj_class": "vehicle",
    "point_num_in_lidar": 54,
    "speed": 0.40339866386689094,
    "if_vehicle": true,
    "motion_state": false,
    "pose": [
      [
        0.1356972594050609,
        0.9907110836483802,
        -0.008820574029371349,
        -8.305222946245976
      ],
      [
        -0.990541760101025,
        0.13584599220908625,
        0.019310305453104495,
        25.002328542608666
      ],
      [
        0.020329173271900036,
        0.006116791395894003,
        0.9997746293925946,
        0.11509525871876747
      ],
      [
        0.0,
        0.0,
        0.0,
        1.0
      ]
    ],
    "location": [
      -8.305222946245976,
      25.002328542608666,
      0.11509525871876747
    ],
    "rotation": [
      0.00611809391488992,
      -0.020330573789858173,
      -1.4346508183872886
    ]
  },
  {
    "label_id": "e3SoTY4ZM2RgUcGSgbCw2Q",
    "size": [
      2.2155390665535446,
      4.6419119317498865,
      1.793922421779314
    ],
    "obj_class": "vehicle",
    "point_num_in_lidar": 28,
    "speed": 2.929642751054232e-13,
    "if_vehicle": true,
    "motion_state": false,
    "pose": [
      [
        -0.04696909854310524,
        -0.9988573978580929,
        -0.008820574029371349,
        6.38120442402419
      ],
      [
        0.9987019861454571,
        -0.047132313463556265,
        0.019310305453104495,
        10.562579060029748
      ],
      [
        -0.019703975516813736,
        -0.007902137162351877,
        0.9997746293925946,
        0.4504186965338164
      ],
      [
        0.0,
        0.0,
        0.0,
        1.0
      ]
    ],
    "location": [
      6.38120442402419,
      10.562579060029748,
      0.4504186965338164
    ],
    "rotation": [
      -0.007903753888421624,
      0.019705250740040002,
      1.6177918427624314
    ]
  },
  {
    "label_id": "eLUo0F52wL4hudq3-AynTQ",
    "size": [
      2.355492500823848,
      5.367170119819076,
      1.9682138818528472
    ],
    "obj_class": "vehicle",
    "point_num_in_lidar": 73,
    "speed": 2.549774523701397,
    "if_vehicle": true,
    "motion_state": true,
    "pose": [
      [
        0.9984480975692217,
        -0.054987216097873666,
        -0.008820574029371349,
        39.127636882155
      ],
      [
        0.055149177987322426,
        0.9982913804449233,
        0.019310305453104495,
        52.72288216481502
      ],
      [
        0.007743683085231957,
        -0.019766785150228908,
        0.9997746293925946,
        0.1724113644856331
      ],
      [
        0.0,
        0.0,
        0.0,
        1.0
      ]
    ],
    "location": [
      39.127636882155,
      52.72288216481502,
      0.1724113644856331
    ],
    "rotation": [
      -0.01976866540518888,
      -0.007743760478499267,
      0.05517882782343437
    ]
  },
  {
    "label_id": "fSlk5jeQXY6tiYMoLySQDA",
    "size": [
      1.9519783021925188,
      4.2425275019101365,
      1.7076778351213875
    ],
    "obj_class": "vehicle",
    "point_num_in_lidar": 176,
    "speed": 0.16105749432983565,
    "if_vehicle": true,
    "motion_state": false,
    "pose": [
      [
        -0.9978194957728005,
        0.0654098718046929,
        -0.008820574029371349,
        -40.046193535021075
      ],
      [
        -0.06557018844636014,
        -0.9976610960092693,
        0.019310305453104495,
        54.653398046501025
      ],
      [
        -0.00753685894937649,
        0.019846565951746442,
        0.9997746293925946,
        0.2337344503701928
      ],
      [
        0.0,
        0.0,
        0.0,
        1.0
      ]
    ],
    "location": [
      -40.046193535021075,
      54.653398046501025,
      0.2337344503701928
    ],
    "rotation": [
      0.01984843288372259,
      0.007536930305461484,
      -3.075973521621823
    ]
  },
  {
    "label_id": "fwu2l9rbw4VbqDoPx91Eow",
    "size": [
      0.7856885754143781,
      0.09106751623065597,
      0.5132061658348519
    ],
    "obj_class": "sign",
    "point_num_in_lidar": 56,
    "speed": 0.027443174060988073,
    "if_vehicle": false,
    "motion_state": false,
    "pose": [
      [
        0.20681136359508304,
        -0.9783410741462992,
        -0.008820574029371349,
        5.821133482229698
      ],
      [
        0.9782319195002731,
        0.20661419064071782,
        0.019310305453104495,
        38.22553603681445
      ],
      [
        -0.017069609215018298,
        -0.012622157666040303,
        0.9997746293925946,
        1.7685185824074807
      ],
      [
        0.0,
        0.0,
        0.0,
        1.0
      ]
    ],
    "location": [
      5.821133482229698,
      38.22553603681445,
      1.7685185824074807
    ],
    "rotation": [
      -0.012624332265415924,
      0.017070438256831924,
      1.362450789451844
    ]
  },
  {
    "label_id": "iMO8XPPJOQopigo1OG2RUg",
    "size": [
      0.5857817631658396,
      0.5345773345299226,
      1.5950292733247764
    ],
    "obj_class": "pedestrian",
    "point_num_in_lidar": 28,
    "speed": 1.0658141036401503e-13,
    "if_vehicle": false,
    "motion_state": false,
    "pose": [
      [
        -0.9986756128869908,
        0.05068745109576578,
        -0.008820574029371349,
        -13.831254563430775
      ],
      [
        -0.05085008629789514,
        -0.9985195946133478,
        0.019310305453104495,
        23.76100108580613
      ],
      [
        -0.00782872584076637,
        0.01973325808400464,
        0.9997746293925946,
        0.1737968323061736
      ],
      [
        0.0,
        0.0,
        0.0,
        1.0
      ]
    ],
    "location": [
      -13.831254563430775,
      23.76100108580613,
      0.1737968323061736
    ],
    "rotation": [
      0.019735143862670154,
      0.007828805812034205,
      -3.090719067279528
    ]
  },
  {
    "label_id": "jCjquE8-FjABU4aeRJWSqQ",
    "size": [
      0.5813068380702833,
      0.09089592981572317,
      0.6000000000000014
    ],
    "obj_class": "sign",
    "point_num_in_lidar": 64,
    "speed": 0.016046188687552705,
    "if_vehicle": false,
    "motion_state": false,
    "pose": [
      [
        -0.03454639494667035,
        -0.9993641698950292,
        -0.008820574029371349,
        -11.588441917847376
      ],
      [
        0.9992107994918299,
        -0.03471152952846565,
        0.019310305453104495,
        36.81142617140358
      ],
      [
        -0.019604202995439773,
        -0.008146511389141228,
        0.9997746293925946,
        1.8449596960564278
      ],
      [
        0.0,
        0.0,
        0.0,
        1.0
      ]
    ],
    "location": [
      -11.588441917847376,
      36.81142617140358,
      1.8449596960564278
    ],
    "rotation": [
      -0.008148167456345425,
      0.019605458942814326,
      1.6053562414187368
    ]
  },
  {
    "label_id": "jCyvsrLYqmyjU5Z9KZmeCg",
    "size": [
      2.1888457675207276,
      4.810296796965218,
      1.6900082432865844
    ],
    "obj_class": "vehicle",
    "point_num_in_lidar": 53,
    "speed": 1.3617522970024684e-27,
    "if_vehicle": true,
    "motion_state": false,
    "pose": [
      [
        0.9971164027403128,
        -0.07537291861146615,
        -0.008820574029371349,
        -62.460714092828994
      ],
      [
        0.07553164514530371,
        0.9969564096212791,
        0.019310305453104495,
        44.588485288590164
      ],
      [
        0.007338253733841363,
        -0.019920854776780562,
        0.9997746293925946,
        0.6083464542369086
      ],
      [
        0.0,
        0.0,
        0.0,
        1.0
      ]
    ],
    "location": [
      -62.460714092828994,
      44.588485288590164,
      0.6083464542369086
    ],
    "rotation": [
      -0.019922709075794166,
      -0.007338319596225341,
      0.07560568812372971
    ]
  },
  {
    "label_id": "kl6OZnUr7FMaib_vCX4org",
    "size": [
      0.7767175986886214,
      0.3510486088676036,
      1.1099999999999994
    ],
    "obj_class": "sign",
    "point_num_in_lidar": 63,
    "speed": 2.929642751054232e-13,
    "if_vehicle": false,
    "motion_state": false,
    "pose": [
      [
        -0.03376256847679782,
        -0.9993909577555932,
        -0.008820574029371349,
        -11.22023133788639
      ],
      [
        0.9992377169170195,
        -0.03392782329843838,
        0.019310305453104495,
        34.88375931574046
      ],
      [
        -0.019597807538390462,
        -0.00816188474483826,
        0.9997746293925946,
        -0.23941929547477514
      ],
      [
        0.0,
        0.0,
        0.0,
        1.0
      ]
    ],
    "location": [
      -11.22023133788639,
      34.88375931574046,
      -0.23941929547477514
    ],
    "rotation": [
      -0.00816354325471333,
      0.019599062256845476,
      1.6045718021835944
    ]
  },
  {
    "label_id": "kwKUJvCDrF9bT8Mzr9G6yQ",
    "size": [
      0.9066269636194524,
      0.12044237213813053,
      0.6899999999999977
    ],
    "obj_class": "sign",
    "point_num_in_lidar": 51,
    "speed": 0.012223398245422267,
    "if_vehicle": false,
    "motion_state": false,
    "pose": [
      [
        -0.005019192424450427,
        0.9999485012645394,
        -0.008820574029371349,
        6.558936013891298
      ],
      [
        -0.9998017842768598,
        -0.004848119234825512,
        0.019310305453104495,
        28.070393381807662
      ],
      [
        0.01926654780217831,
        0.008915747791755652,
        0.9997746293925946,
        2.572928896919734
      ],
      [
        0.0,
        0.0,
        0.0,
        1.0
      ]
    ],
    "location": [
      6.558936013891298,
      28.070393381807662,
      2.572928896919734
    ],
    "rotation": [
      0.008917521204426373,
      -0.019267739957981353,
      -1.5758164721266865
    ]
  },
  {
    "label_id": "nJ9ixIFXA5MXpTlWNgnlUg",
    "size": [
      0.7622913343030557,
      0.5963576801591205,
      1.755029273324773
    ],
    "obj_class": "pedestrian",
    "point_num_in_lidar": 27,
    "speed": 0.009351132355880962,
    "if_vehicle": false,
    "motion_state": false,
    "pose": [
      [
        -0.9953226761972952,
        0.09620274279482112,
        -0.008820574029371349,
        -16.38323435576399
      ],
      [
        -0.09635808972671416,
        -0.9951593996177326,
        0.019310305453104495,
        36.66823910005587
      ],
      [
        -0.006920172806558513,
        0.020069918565534483,
        0.9997746293925946,
        0.18210619413822826
      ],
      [
        0.0,
        0.0,
        0.0,
        1.0
      ]
    ],
    "location": [
      -16.38323435576399,
      36.66823910005587,
      0.18210619413822826
    ],
    "rotation": [
      0.02007174685196309,
      0.0069202280408677975,
      -3.045082507031444
    ]
  },
  {
    "label_id": "pdUa5SYgjcgD0TDMBTMdpA",
    "size": [
      2.1067316843631647,
      4.356208741592688,
      1.3984952537723458
    ],
    "obj_class": "vehicle",
    "point_num_in_lidar": 101,
    "speed": 0.9017869691714778,
    "if_vehicle": true,
    "motion_state": false,
    "pose": [
      [
        -0.16075897960324578,
        -0.9869542785512991,
        -0.008820574029371349,
        4.8930708951188535
      ],
      [
        0.9867812403873109,
        -0.16090337387074202,
        0.019310305453104495,
        25.281500255705396
      ],
      [
        -0.020477648707876467,
        -0.00559967198116309,
        0.9997746293925946,
        0.03813228053729034
      ],
      [
        0.0,
        0.0,
        0.0,
        1.0
      ]
    ],
    "location": [
      4.8930708951188535,
      25.281500255705396,
      0.03813228053729034
    ],
    "rotation": [
      -0.005600875700253094,
      0.02047908014072504,
      1.732290073745491
    ]
  },
  {
    "label_id": "rK5ux_2MIdHEgX0iTZECcg",
    "size": [
      2.404081755807571,
      4.960022983072791,
      1.8172722474731415
    ],
    "obj_class": "vehicle",
    "point_num_in_lidar": 336,
    "speed": 0.025000789579163605,
    "if_vehicle": true,
    "motion_state": false,
    "pose": [
      [
        0.08754280309126916,
        0.9961217069719521,
        -0.008820574029371349,
        -9.137243131567402
      ],
      [
        -0.9959597876165729,
        0.08769956416116786,
        0.019310305453104495,
        32.04165516369358
      ],
      [
        0.02000897492812343,
        0.007094458769035559,
        0.9997746293925946,
        0.12820062916386377
      ],
      [
        0.0,
        0.0,
        0.0,
        1.0
      ]
    ],
    "location": [
      -9.137243131567402,
      32.04165516369358,
      0.12820062916386377
    ],
    "rotation": [
      0.007095938910476859,
      -0.020010310297844322,
      -1.4831237216153537
    ]
  },
  {
    "label_id": "reFjo5CaYNdCmNvjR6xpLQ",
    "size": [
      2.1862905007102875,
      4.690650091409834,
      1.7895594241500774
    ],
    "obj_class": "vehicle",
    "point_num_in_lidar": 274,
    "speed": 1.0658141036401503e-13,
    "if_vehicle": true,
    "motion_state": false,
    "pose": [
      [
        0.9990096385356789,
        -0.04361123234448107,
        -0.008820574029371349,
        -41.72935388557062
      ],
      [
        0.04377496875022373,
        0.998854776338495,
        0.019310305453104495,
        46.07821904657612
      ],
      [
        0.007968326281526616,
        -0.019677301623214242,
        0.9997746293925946,
        0.27341030477324324
      ],
      [
        0.0,
        0.0,
        0.0,
        1.0
      ]
    ],
    "location": [
      -41.72935388557062,
      46.07821904657612,
      0.27341030477324324
    ],
    "rotation": [
      -0.019679196522148786,
      -0.007968410607717986,
      0.04379035256345055
    ]
  },
  {
    "label_id": "s5aO23RLZZP2IHQPJCo9cQ",
    "size": [
      2.3287764407312226,
      5.353293031458655,
      1.9558168788117456
    ],
    "obj_class": "vehicle",
    "point_num_in_lidar": 21,
    "speed": 0.01777886907626812,
    "if_vehicle": true,
    "motion_state": false,
    "pose": [
      [
        -0.10019468561704926,
        -0.99492875244808,
        -0.008820574029371349,
        7.318852330847449
      ],
      [
        0.9947648540111549,
        -0.10034937631830736,
        0.019310305453104495,
        -2.378660338876216
      ],
      [
