[
  {
    "label_id": "-9nK50GgpR1aiB9xKeeNGQ",
    "size": [
      2.290349904085255,
      5.034674882507156,
      1.850566636766004
    ],
    "obj_class": "vehicle",
    "point_num_in_lidar": 525,
    "speed": 1.8148461483213616,
    "if_vehicle": true,
    "motion_state": true,
    "pose": [
      [
        0.8815417428114304,
        0.47206844922733787,
        -0.005961117771211132,
        3.1003274520544437
      ],
      [
        -0.471926813001854,
        0.881484682299737,
        0.01642674772572984,
        52.553107816518605
      ],
      [
        0.013009183329441346,
        -0.011667652507167198,
        0.9998473018586754,
        -0.01721371725221843
      ],
      [
        0.0,
        0.0,
        0.0,
        1.0
      ]
    ],
    "location": [
      3.1003274520544437,
      52.553107816518605,
      -0.01721371725221843
    ],
    "rotation": [
      -0.0116689047535892,
      -0.013009550300595933,
      -0.49152029753785326
    ]
  },
  {
    "label_id": "1eK3OmHl_2tqAnFvzWn4tA",
    "size": [
      2.244090568503508,
      4.881987409548864,
      1.4872722474731432
    ],
    "obj_class": "vehicle",
    "point_num_in_lidar": 33,
    "speed": 0.0324688482663322,
    "if_vehicle": true,
    "motion_state": false,
    "pose": [
      [
        0.09390675647939636,
        0.9955631502634261,
        -0.005961117771211132,
        -7.082289815018385
      ],
      [
        -0.9954373068943931,
        0.0939932444487009,
        0.01642674772572984,
        7.206464566552313
      ],
      [
        0.01691416951426711,
        0.004391336421826126,
        0.9998473018586754,
        0.3946617830699637
      ],
      [
        0.0,
        0.0,
        0.0,
        1.0
      ]
    ],
    "location": [
      -7.082289815018385,
      7.206464566552313,
      0.3946617830699637
    ],
    "rotation": [
      0.004391978833265187,
      -0.01691497611145401,
      -1.4767375052157043
    ]
  },
  {
    "label_id": "2zj9ofJlwtiSYPfUbLNFiQ",
    "size": [
      2.772887874216789,
      7.818916382383117,
      2.8078157631268397
    ],
    "obj_class": "vehicle",
    "point_num_in_lidar": 2436,
    "speed": 0.018969884509144823,
    "if_vehicle": true,
    "motion_state": false,
    "pose": [
      [
        -0.03590742715950051,
        -0.9993373413165861,
        -0.005961117771211132,
        1.4411323320448446
      ],
      [
        0.9992167353347383,
        -0.036001080346881195,
        0.01642674772572984,
        64.60834325204269
      ],
      [
        -0.016630469078547726,
        -0.005366606390866345,
        0.9998473018586754,
        0.29029767444050947
      ],
      [
        0.0,
        0.0,
        0.0,
        1.0
      ]
    ],
    "location": [
      1.4411323320448446,
      64.60834325204269,
      0.29029767444050947
    ],
    "rotation": [
      -0.005367374443869165,
      0.01663123576237766,
      1.6067164443407493
    ]
  },
  {
    "label_id": "ER4NMkg4wde6l-AMD922EA",
    "size": [
      1.956918996524056,
      4.657267391618751,
      1.462875516477304
    ],
    "obj_class": "vehicle",
    "point_num_in_lidar": 105,
    "speed": 0.022664329925925434,
    "if_vehicle": true,
    "motion_state": false,
    "pose": [
      [
        -0.9940345833249283,
        0.10890230589364897,
        -0.005961117771211132,
        -22.156377472020722
      ],
      [
        -0.10898688718840918,
        -0.9939074506110397,
        0.01642674772572984,
        55.979084132846765
      ],
      [
        -0.004135888661111386,
        0.016978439000977383,
        0.9998473018586754,
        -0.25692544267945294
      ],
      [
        0.0,
        0.0,
        0.0,
        1.0
      ]
    ],
    "location": [
      -22.156377472020722,
      55.979084132846765,
      -0.25692544267945294
    ],
    "rotation": [
      0.016979400064309032,
      0.004135900452327775,
      -3.0323879068878394
    ]
  },
  {
    "label_id": "G7vf6P8kQkN_f_Iy4BOfGQ",
    "size": [
      0.9999999999985762,
      1.0,
      1.6517642528384044
    ],
    "obj_class": "pedestrian",
    "point_num_in_lidar": 29,
    "speed": 0.4628195334450221,
    "if_vehicle": false,
    "motion_state": false,
    "pose": [
      [
        -0.43525928588905677,
        0.9002854098130582,
        -0.005961117771211132,
        -13.550790117704082
      ],
      [
        -0.9002225486082145,
        -0.4351201270183743,
        0.01642674772572984,
        21.050268190310817
      ],
      [
        0.012194958986373534,
        0.012516227117134262,
        0.9998473018586754,
        0.14964719620763134
      ],
      [
        0.0,
        0.0,
        0.0,
        1.0
      ]
    ],
    "location": [
      -13.550790117704082,
      21.050268190310817,
      0.14964719620763134
    ],
    "rotation": [
      0.012517484795166154,
      -0.012195261272939881,
      -2.0211585348136185
    ]
  },
  {
    "label_id": "Im-r1sT-zfG7KFGudl9kcQ",
    "size": [
      1.865372585887084,
      4.360587515094883,
      1.5051311337171924
    ],
    "obj_class": "vehicle",
    "point_num_in_lidar": 28,
    "speed": 11.82005062908135,
    "if_vehicle": true,
    "motion_state": true,
    "pose": [
      [
        0.07048207534082317,
        0.9974952341392757,
        -0.005961117771211132,
        -2.534055358666592
      ],
      [
        -0.9973714582609711,
        0.07057149711844997,
        0.01642674772572984,
        31.676533464235035
      ],
      [
        0.016806287574437466,
        0.004787657453528651,
        0.9998473018586754,
        0.23787522962655316
      ],
      [
        0.0,
        0.0,
        0.0,
        1.0
      ]
    ],
    "location": [
      -2.534055358666592,
      31.676533464235035,
      0.23787522962655316
    ],
    "rotation": [
      0.004788352034955394,
      -0.016807078834647833,
      -1.5002457838986136
    ]
  },
  {
    "label_id": "InPwvU2homAc1AtpmC4pDQ",
    "size": [
      2.116618505753465,
      4.313385827928875,
      1.7074263757876054
    ],
    "obj_class": "vehicle",
    "point_num_in_lidar": 629,
    "speed": 7.615379959822796,
    "if_vehicle": true,
    "motion_state": true,
    "pose": [
      [
        0.08329103989425045,
        0.9965074348685273,
        -0.005961117771211132,
        -4.079949389197282
      ],
      [
        -0.996382520406922,
        0.0833788641485649,
        0.01642674772572984,
        58.30401969448758
      ],
      [
        0.016866407468218863,
        0.00457135264916529,
        0.9998473018586754,
        -0.14814473476522494
      ],
      [
        0.0,
        0.0,
        0.0,
        1.0
      ]
    ],
    "location": [
      -4.079949389197282,
      58.30401969448758,
      -0.14814473476522494
    ],
    "rotation": [
      0.004572018935708793,
      -0.016867207251120873,
      -1.4873967901789122
    ]
  },
  {
    "label_id": "PcVh6dv8Ot__fqMN510DCA",
    "size": [
      0.9066269636194508,
      0.12044237213813053,
      0.759999999999998
    ],
    "obj_class": "sign",
    "point_num_in_lidar": 25,
    "speed": 0.012223398348510602,
    "if_vehicle": false,
    "motion_state": false,
    "pose": [
      [
        -0.005019298506207352,
        0.9999696353977071,
        -0.005961117771211132,
        6.579545154306288
      ],
      [
        -0.9998529630917704,
        -0.004920788124056825,
        0.01642674772572984,
        28.052937971609936
      ],
      [
        0.0163969155365335,
        0.006042692017206063,
        0.9998473018586754,
        3.41184199776459
      ],
      [
        0.0,
        0.0,
        0.0,
        1.0
      ]
    ],
    "location": [
      6.579545154306288,
      28.052937971609936,
      3.41184199776459
    ],
    "rotation": [
      0.006043541285999118,
      -0.016397650368054344,
      -1.5758163212628153
    ]
  },
  {
    "label_id": "Ra8Q_h14wX_wKN0lzRI2oA",
    "size": [
      0.7878855284745456,
      0.08952097384951267,
      0.7893254617679233
    ],
    "obj_class": "sign",
    "point_num_in_lidar": 29,
    "speed": 1.1457157353758233e-12,
    "if_vehicle": false,
    "motion_state": false,
    "pose": [
      [
        0.07638872160392834,
        -0.9970602932052983,
        -0.005961117771211132,
        5.819937976629944
      ],
      [
        0.9969509506485017,
        0.0762821339515608,
        0.01642674772572984,
        38.1757413531177
      ],
      [
        -0.015923731119501103,
        -0.007197760287815357,
        0.9998473018586754,
        2.3972768088005694
      ],
      [
        0.0,
        0.0,
        0.0,
        1.0
      ]
    ],
    "location": [
      5.819937976629944,
      38.1757413531177,
      2.3972768088005694
    ],
    "rotation": [
      -0.007198735187265511,
      0.01592440414701085,
      1.4943234033935224
    ]
  },
  {
    "label_id": "USGqx7dcWPiv_I1IR97_8Q",
    "size": [
      0.9222865930313398,
      0.1261789293901471,
      1.259999999999998
    ],
    "obj_class": "sign",
    "point_num_in_lidar": 57,
    "speed": 0.014270745797843237,
    "if_vehicle": false,
    "motion_state": false,
    "pose": [
      [
        0.17856032496561813,
        -0.9839109082752822,
        -0.005961117771211132,
        -11.213970463931219
      ],
      [
        0.9838131115780379,
        0.17844305379110315,
        0.01642674772572984,
        36.86232856098286
      ],
      [
        -0.015098736215728444,
        -0.008797791235012911,
        0.9998473018586754,
        2.914995297363383
      ],
      [
        0.0,
        0.0,
        0.0,
        1.0
      ]
    ],
    "location": [
      -11.213970463931219,
      36.86232856098286,
      2.914995297363383
    ],
    "rotation": [
      -0.008798907766755674,
      0.015099309955689838,
      1.391252571016032
    ]
  },
  {
    "label_id": "_pclsoVG-Y3xL9lwt3wKKQ",
    "size": [
      2.9864107222653877,
      8.609215710861044,
      3.416564765589179
    ],
    "obj_class": "vehicle",
    "point_num_in_lidar": 18330,
    "speed": 0.03333702128208438,
    "if_vehicle": true,
    "motion_state": false,
    "pose": [
      [
        -0.05060122194131825,
        -0.99870114719718,
        -0.005961117771211132,
        1.2810135428396734
      ],
      [
        0.9985791768628917,
        -0.050693091195792385,
        0.01642674772572984,
        73.54868078799154
      ],
      [
        -0.01670759928520992,
        -0.005121434569715068,
        0.9998473018586754,
        0.44682248086819953
      ],
      [
        0.0,
        0.0,
        0.0,
        1.0
      ]
    ],
    "location": [
      1.2810135428396734,
      73.54868078799154,
      0.44682248086819953
    ],
    "rotation": [
      -0.005122171926015398,
      0.016708376686864927,
      1.62142624064057
    ]
  },
  {
    "label_id": "c3POzVNyXEnuovQBHtzfjw",
    "size": [
      0.9163554137444951,
      0.8839332918725881,
      1.6102138473786525
    ],
    "obj_class": "pedestrian",
    "point_num_in_lidar": 56,
    "speed": 3.552713678800501e-13,
    "if_vehicle": false,
    "motion_state": false,
    "pose": [
      [
        0.982114829887916,
        -0.18818853841067912,
        -0.005961117771211132,
        -15.415568142677557
      ],
      [
        0.18826266270039763,
        0.9819813296555652,
        0.01642674772572984,
        43.89140881493222
      ],
      [
        0.002762380709861281,
        -0.01725520845254574,
        0.9998473018586754,
        -0.17906254218237905
      ],
      [
        0.0,
        0.0,
        0.0,
        1.0
      ]
    ],
    "location": [
      -15.415568142677557,
      43.89140881493222,
      -0.17906254218237905
    ],
    "rotation": [
      -0.017256130679880455,
      -0.002762384223044816,
      0.1893936082228007
    ]
  },
  {
    "label_id": "dOzfdH28bWp78162th45ZQ",
    "size": [
      2.225047507782511,
      4.952390760509612,
      1.4772722474731381
    ],
    "obj_class": "vehicle",
    "point_num_in_lidar": 22,
    "speed": 0.2798290979975685,
    "if_vehicle": true,
    "motion_state": false,
    "pose": [
      [
        0.13570012739671147,
        0.9907320225466794,
        -0.005961117771211132,
        -8.392715762425496
      ],
      [
        -0.990602652601611,
        0.13578124545682763,
        0.01642674772572984,
        25.827148728143584
      ],
      [
        0.017083912993466267,
        0.0036759873175371714,
        0.9998473018586754,
        0.11509525871877457
      ],
      [
        0.0,
        0.0,
        0.0,
        1.0
      ]
    ],
    "location": [
      -8.392715762425496,
      25.827148728143584,
      0.11509525871877457
    ],
    "rotation": [
      0.0036765321545116363,
      -0.01708474412133995,
      -1.4346562423795735
    ]
  },
  {
    "label_id": "fwu2l9rbw4VbqDoPx91Eow",
    "size": [
      0.7856885754143754,
      0.09106751623065597,
      0.5132061658348519
    ],
    "obj_class": "sign",
    "point_num_in_lidar": 27,
    "speed": 0.027443174288115248,
    "if_vehicle": false,
    "motion_state": false,
    "pose": [
      [
        0.2068157345990812,
        -0.978361751601707,
        -0.005961117771211132,
        5.8655543203142315
      ],
      [
        0.978267372002876,
        0.2066956962148514,
        0.01642674772572984,
        38.188823491031144
      ],
      [
        -0.014839164290125195,
        -0.009228876914212958,
        0.9998473018586754,
        1.7256623890718004
      ],
      [
        0.0,
        0.0,
        0.0,
        1.0
      ]
    ],
    "location": [
      5.8655543203142315,
      38.188823491031144,
      1.7256623890718004
    ],
    "rotation": [
      -0.009230024240631098,
      0.01483970894339697,
      1.3624538463585354
    ]
  },
  {
    "label_id": "gzXempHMiwZXNygADpnVJA",
    "size": [
      2.2118252908070533,
      4.968762252722076,
      1.540971381222171
    ],
    "obj_class": "vehicle",
    "point_num_in_lidar": 5214,
    "speed": 0.05374961969636078,
    "if_vehicle": true,
    "motion_state": false,
    "pose": [
      [
        0.10409447414304411,
        0.9945495490561549,
        -0.005961117771211132,
        -12.983234498122101
      ],
      [
        -0.9944228268132433,
        0.1041796691870048,
        0.01642674772572984,
        80.00932956227734
      ],
      [
        0.016958241820473383,
        0.004217937918624142,
        0.9998473018586754,
        -0.706212527486997
      ],
      [
        0.0,
        0.0,
        0.0,
        1.0
      ]
    ],
    "location": [
      -12.983234498122101,
      80.00932956227734,
      -0.706212527486997
    ],
    "rotation": [
      0.004218557063294847,
      -0.01695905473976529,
      -1.466497888476573
    ]
  },
  {
    "label_id": "jCjquE8-FjABU4aeRJWSqQ",
    "size": [
      0.5813068380702822,
      0.09089592981572317,
      0.6000000000000014
    ],
    "obj_class": "sign",
    "point_num_in_lidar": 27,
    "speed": 0.01604618882112194,
    "if_vehicle": false,
    "motion_state": false,
    "pose": [
      [
        -0.03454712509237,
        -0.9993852916782245,
        -0.005961117771211132,
        -11.56081983549393
      ],
      [
        0.9992648132860888,
        -0.034640942358331116,
        0.01642674772572984,
        36.792128108774705
      ],
      [
        -0.016623148804306875,
        -0.005389238328084085,
        0.9998473018586754,
        1.844959696056378
      ],
      [
        0.0,
        0.0,
        0.0,
        1.0
      ]
    ],
    "location": [
      -11.56081983549393,
      36.792128108774705,
      1.844959696056378
    ],
    "rotation": [
      -0.0053900091826254775,
      0.016623914476079204,
      1.6053551046308228
    ]
  },
  {
    "label_id": "kl6OZnUr7FMaib_vCX4org",
    "size": [
      0.7767175986886201,
      0.3510486088676036,
      1.1099999999999994
    ],
    "obj_class": "sign",
    "point_num_in_lidar": 26,
    "speed": 2.929642751054232e-13,
    "if_vehicle": false,
    "motion_state": false,
    "pose": [
      [
        -0.03376328205615754,
        -0.9994120801049556,
        -0.005961117771211132,
        -11.22023133788639
      ],
      [
        0.9992916753321213,
        -0.03385719378621696,
        0.01642674772572984,
        34.88375931574228
      ],
      [
        -0.016618916833493362,
        -0.005402274447716493,
        0.9998473018586754,
        -0.23941929547479646
      ],
      [
        0.0,
        0.0,
        0.0,
        1.0
      ]
    ],
    "location": [
      -11.22023133788639,
      34.88375931574228,
      -0.23941929547479646
    ],
    "rotation": [
      -0.0054030469134540605,
      0.016619681920585095,
      1.604570693078168
    ]
  },
  {
    "label_id": "kwKUJvCDrF9bT8Mzr9G6yQ",
    "size": [
      0.9066269636194508,
      0.12044237213813053,
      0.6899999999999977
    ],
    "obj_class": "sign",
    "point_num_in_lidar": 25,
    "speed": 0.012223398348011907,
    "if_vehicle": false,
    "motion_state": false,
    "pose": [
      [
        -0.005019298506207352,
        0.9999696353977071,
        -0.005961117771211132,
        6.57554960228299
      ],
      [
        -0.9998529630917704,
        -0.004920788124056825,
        0.01642674772572984,
        28.05082710134775
      ],
      [
        0.0163969155365335,
        0.006042692017206063,
        0.9998473018586754,
        2.569276740923442
      ],
      [
        0.0,
        0.0,
        0.0,
        1.0
      ]
    ],
    "location": [
      6.57554960228299,
      28.05082710134775,
      2.569276740923442
    ],
    "rotation": [
      0.006043541285999118,
      -0.016397650368054344,
      -1.5758163212628153
    ]
  },
  {
    "label_id": "mayg6loOgXrJjkvmhPE2_w",
    "size": [
      2.213575868519126,
      4.8062935700704585,
      1.7078157631268382
    ],
    "obj_class": "vehicle",
    "point_num_in_lidar": 4548,
    "speed": 0.13682370390554383,
    "if_vehicle": true,
    "motion_state": false,
    "pose": [
      [
        -0.1384518859576133,
        -0.9903512207038965,
        -0.005961117771211132,
        0.6807443054599389
      ],
      [
        0.9902216259097164,
        -0.13853264431127058,
        0.01642674772572984,
        83.20738856247226
      ],
      [
        -0.01709405907026829,
        -0.003628513528870761,
        0.9998473018586754,
        -0.6847168423288821
      ],
      [
        0.0,
        0.0,
        0.0,
        1.0
      ]
    ],
    "location": [
      0.6807443054599389,
      83.20738856247226,
      -0.6847168423288821
    ],
    "rotation": [
      -0.0036290517491191694,
      0.017094891679963455,
      1.709714830875811
    ]
  },
  {
    "label_id": "nJ9ixIFXA5MXpTlWNgnlUg",
    "size": [
      0.7622913343030548,
      0.5963576801591205,
      1.755029273324773
    ],
    "obj_class": "pedestrian",
    "point_num_in_lidar": 34,
    "speed": 0.009351132433978282,
    "if_vehicle": false,
    "motion_state": false,
    "pose": [
      [
        -0.9953437125626237,
        0.09620477606112403,
        -0.005961117771211132,
        -16.36470206873605
      ],
      [
        -0.09629097328900213,
        -0.9952176698703716,
        0.01642674772572984,
        36.67473135696491
      ],
      [
        -0.004352278151721189,
        0.01692426189873786,
        0.9998473018586754,
        0.18210619413819273
      ],
      [
        0.0,
        0.0,
        0.0,
        1.0
      ]
    ],
    "location": [
      -16.36470206873605,
      36.67473135696491,
      0.18210619413819273
    ],
    "rotation": [
      0.016925230258431935,
      0.0043522918922162665,
      -3.045151338867938
    ]
  },
  {
    "label_id": "pdUa5SYgjcgD0TDMBTMdpA",
    "size": [
      2.1067316843631643,
      4.356208741592688,
      1.3984952537723458
    ],
    "obj_class": "vehicle",
    "point_num_in_lidar": 33,
    "speed": 1.0506745567587064,
    "if_vehicle": true,
    "motion_state": true,
    "pose": [
      [
        -0.16076237727990259,
        -0.9869751380486907,
        -0.005961117771211132,
        4.508796189785926
      ],
      [
        0.9868437540606602,
        -0.16084019096798657,
        0.01642674772572984,
        27.76373170935767
      ],
      [
        -0.01717157892499748,
        -0.003241888824374148,
        0.9998473018586754,
        0.038132280537283236
      ],
      [
        0.0,
        0.0,
        0.0,
        1.0
      ]
    ],
    "location": [
      4.508796189785926,
      27.76373170935767,
      0.038132280537283236
    ],
    "rotation": [
      -0.0032423725679934833,
      0.017172422914554043,
      1.7322833744824273
    ]
  },
  {
    "label_id": "rK5ux_2MIdHEgX0iTZECcg",
    "size": [
      2.4040817558075718,
      4.960022983072791,
      1.8172722474731415
    ],
    "obj_class": "vehicle",
    "point_num_in_lidar": 170,
    "speed": 0.025000789784821,
    "if_vehicle": true,
    "motion_state": false,
    "pose": [
      [
        0.08754465332781164,
        0.9961427602249746,
        -0.005961117771211132,
        -9.133855343255846
      ],
      [
        -0.9960174719551508,
        0.08763194348652709,
        0.01642674772572984,
        31.989265074216746
      ],
      [
        0.016885770156671153,
        0.004499303517556198,
        0.9998473018586754,
        0.1282006291639064
      ],
      [
        0.0,
        0.0,
        0.0,
        1.0
      ]
    ],
    "location": [
      -9.133855343255846,
      31.989265074216746,
      0.1282006291639064
    ],
    "rotation": [
      0.0044999602833238435,
      -0.016886572697432378,
      -1.483126929802446
    ]
  },
  {
    "label_id": "tFMYVPCUjzCvUWFmOTKG0w",
    "size": [
      2.117747779947258,
      4.607182423773619,
      1.4772722474731381
    ],
    "obj_class": "vehicle",
    "point_num_in_lidar": 22,
    "speed": 2.8421709430404007e-13,
    "if_vehicle": true,
    "motion_state": false,
    "pose": [
      [
        0.05058989774194834,
        0.9987017208963731,
        -0.005961117771211132,
        -7.946387811618024
      ],
      [
        -0.9985797516037912,
        0.050681768379428886,
        0.01642674772572984,
        17.864816684295874
      ],
      [
        0.016707541212579995,
        0.005121624015579503,
        0.9998473018586754,
        0.2403734118020182
      ],
      [
        0.0,
        0.0,
        0.0,
        1.0
      ]
    ],
    "location": [
      -7.946387811618024,
      17.864816684295874,
      0.2403734118020182
    ],
    "rotation": [
      0.00512236139584096,
      -0.016708318606128023,
      -1.520177753307081
    ]
  },
  {
    "label_id": "vYYZO_DaSxReGu-PHeTJsQ",
    "size": [
      2.165461485293654,
      4.986316617771135,
      1.5956842595324616
    ],
    "obj_class": "vehicle",
    "point_num_in_lidar": 29,
    "speed": 0.044077681217766534,
    "if_vehicle": true,
    "motion_state": false,
    "pose": [
      [
        0.9969746039083485,
        -0.07749905958596935,
        -0.005961117771211132,
        -27.653208127240987
      ],
      [
        0.07758760821908878,
        0.9968502018909343,
        0.01642674772572984,
        47.03808456228944
      ],
      [
        0.00466928395292743,
        -0.016839559177542446,
        0.9998473018586754,
        -0.10997573919671311
      ],
      [
        0.0,
        0.0,
        0.0,
        1.0
      ]
    ],
    "location": [
      -27.653208127240987,
      47.03808456228944,
      -0.10997573919671311
    ],
    "rotation": [
      -0.016840538745725015,
      -0.004669300919880824,
      0.07766651233893784
    ]
  },
  {
    "label_id": "vefZ7XEI8eeOhf6ZvvGjXw",
    "size": [
      1.0733009103619202,
      1.273663023199288,
      1.8399999999999963
    ],
    "obj_class": "pedestrian",
    "point_num_in_lidar": 73,
    "speed": 1.5482479232339823,
    "if_vehicle": false,
    "motion_state": true,
    "pose": [
      [
        -0.10477728959646307,
        -0.9944778452332343,
        -0.005961117771211132,
        -15.53408762555955
      ],
      [
        0.9943510645267926,
        -0.10486239761511089,
        0.01642674772572984,
        47.29495341020811
      ],
      [
        -0.01696113378442899,
        -0.004206293697986535,
        0.9998473018586754,
        -0.14433000715174416
      ],
      [
        0.0,
        0.0,
        0.0,
        1.0
      ]
    ],
    "location": [
      -15.53408762555955,
      47.29495341020811,
      -0.14433000715174416
    ],
    "rotation": [
      -0.004206911271016802,
      0.016961947119719895,
      1.6757814400070155
    ]
  }
]