[
  {
    "label_id": "-9nK50GgpR1aiB9xKeeNGQ",
    "size": [
      2.290349904083877,
      5.034674882507156,
      1.850566636766004
    ],
    "obj_class": "vehicle",
    "point_num_in_lidar": 419,
    "speed": 4.490238526520342,
    "if_vehicle": true,
    "motion_state": true,
    "pose": [
      [
        0.9997727486611853,
        -0.01988823900887774,
        -0.007675218797150803,
        21.411933941555844
      ],
      [
        0.019977940641028084,
        0.9997308667664883,
        0.011793045495956191,
        52.16931327311249
      ],
      [
        0.0074386102332318705,
        -0.011943700576114914,
        0.999901002646935,
        -0.011037339795578305
      ],
      [
        0.0,
        0.0,
        0.0,
        1.0
      ]
    ],
    "location": [
      21.411933941555844,
      52.16931327311249,
      -0.011037339795578305
    ],
    "rotation": [
      -0.011944315036988944,
      -0.007438678834946942,
      0.019979822658287134
    ]
  },
  {
    "label_id": "0-gFFwLHDFdIB2aYMAKcoQ",
    "size": [
      0.5074151418358483,
      0.08388944527878506,
      0.5600000000000023
    ],
    "obj_class": "sign",
    "point_num_in_lidar": 27,
    "speed": 0.0319578605399487,
    "if_vehicle": false,
    "motion_state": false,
    "pose": [
      [
        -0.2289973629065146,
        -0.9733967838442235,
        -0.007675218797150803,
        8.628930517600793
      ],
      [
        0.9733370309201891,
        -0.22907629366087043,
        0.011793045495956191,
        4.435484654033644
      ],
      [
        -0.013237523232579913,
        -0.004769998356471071,
        0.999901002646935,
        2.860183078909934
      ],
      [
        0.0,
        0.0,
        0.0,
        1.0
      ]
    ],
    "location": [
      8.628930517600793,
      4.435484654033644,
      2.860183078909934
    ],
    "rotation": [
      -0.004770434433109448,
      0.01323790986939429,
      1.8018644915230821
    ]
  },
  {
    "label_id": "1eK3OmHl_2tqAnFvzWn4tA",
    "size": [
      2.2440905685035095,
      4.881987409548864,
      1.4872722474731432
    ],
    "obj_class": "vehicle",
    "point_num_in_lidar": 357,
    "speed": 0.03246884826432796,
    "if_vehicle": true,
    "motion_state": false,
    "pose": [
      [
        0.09390565894297916,
        0.9955515146063013,
        -0.007675218797150803,
        -7.0979935486016075
      ],
      [
        -0.9955031019213906,
        0.09399201105849221,
        0.011793045495956191,
        7.368035237934237
      ],
      [
        0.012461993555378352,
        0.006533270412246691,
        0.999901002646935,
        0.3946617830699637
      ],
      [
        0.0,
        0.0,
        0.0,
        1.0
      ]
    ],
    "location": [
      -7.0979935486016075,
      7.368035237934237,
      0.3946617830699637
    ],
    "rotation": [
      0.006533824272980476,
      -0.012462316138521529,
      -1.4767447779470502
    ]
  },
  {
    "label_id": "1yaIJWr37eHUtmYcb-ixqQ",
    "size": [
      0.9521050738759997,
      0.09268519735418204,
      1.2299999999999969
    ],
    "obj_class": "sign",
    "point_num_in_lidar": 35,
    "speed": 0.02475474532945118,
    "if_vehicle": false,
    "motion_state": false,
    "pose": [
      [
        -0.1275290039852796,
        -0.99180514424908,
        -0.007675218797150803,
        -6.289738468772157
      ],
      [
        0.9917538381892745,
        -0.12761366899659535,
        0.011793045495956191,
        -30.272436436289354
      ],
      [
        -0.012675866020308842,
        -0.006107972354964395,
        0.999901002646935,
        3.875202582864965
      ],
      [
        0.0,
        0.0,
        0.0,
        1.0
      ]
    ],
    "location": [
      -6.289738468772157,
      -30.272436436289354,
      3.875202582864965
    ],
    "rotation": [
      -0.006108501109692409,
      0.012676205499433508,
      1.6986838976988863
    ]
  },
  {
    "label_id": "46ZddQXs6mtOXSiX4Xuk4A",
    "size": [
      1.8700097023729128,
      4.3588427751254395,
      1.6140189276900898
    ],
    "obj_class": "vehicle",
    "point_num_in_lidar": 24,
    "speed": 2.929642751054232e-13,
    "if_vehicle": true,
    "motion_state": false,
    "pose": [
      [
        -0.10019563220210594,
        -0.9949381519994276,
        -0.007675218797150803,
        7.640549380705352
      ],
      [
        0.9948891945392059,
        -0.10028167662669278,
        0.011793045495956191,
        -8.622329005120264
      ],
      [
        -0.012503034701646817,
        -0.006454380597954007,
        0.999901002646935,
        0.7799885040640078
      ],
      [
        0.0,
        0.0,
        0.0,
        1.0
      ]
    ],
    "location": [
      7.640549380705352,
      -8.622329005120264,
      0.7799885040640078
    ],
    "rotation": [
      -0.006454929975685841,
      0.012503360482541893,
      1.6711682397823184
    ]
  },
  {
    "label_id": "6hIIee9ufQhM-2w_W5IIEQ",
    "size": [
      0.8935107866392653,
      0.10748276377607566,
      1.2800000000000011
    ],
    "obj_class": "sign",
    "point_num_in_lidar": 27,
    "speed": 0.019030563849396682,
    "if_vehicle": false,
    "motion_state": false,
    "pose": [
      [
        -0.04906469080741435,
        -0.9987661123267992,
        -0.007675218797150803,
        -8.502056042991626
      ],
      [
        0.9987216297499844,
        -0.04915313161402392,
        0.011793045495956191,
        0.9056558501397376
      ],
      [
        -0.012155755242192019,
        -0.007086784894841304,
        0.999901002646935,
        3.565502378850205
      ],
      [
        0.0,
        0.0,
        0.0,
        1.0
      ]
    ],
    "location": [
      -8.502056042991626,
      0.9056558501397376,
      3.565502378850205
    ],
    "rotation": [
      -0.007087367866850896,
      0.012156054622664548,
      1.6198843546209527
    ]
  },
  {
    "label_id": "7Rmbrf_QC8HYMBMvc67d_A",
    "size": [
      0.8992428883497166,
      1.1317922750854086,
      1.8688524052985755
    ],
    "obj_class": "pedestrian",
    "point_num_in_lidar": 36,
    "speed": 1.59902830933972,
    "if_vehicle": false,
    "motion_state": true,
    "pose": [
      [
        0.11631893020341974,
        0.993182257942996,
        -0.007675218797150803,
        -11.02347415316649
      ],
      [
        -0.9931319114043827,
        0.11640416929048379,
        0.011793045495956191,
        -11.0932580293902
      ],
      [
        0.012606071021903293,
        0.006250750278531343,
        0.999901002646935,
        1.05715911861504
      ],
      [
        0.0,
        0.0,
        0.0,
        1.0
      ]
    ],
    "location": [
      -11.02347415316649,
      -11.0932580293902,
      1.05715911861504
    ],
    "rotation": [
      0.00625128771573699,
      -0.012606404923931426,
      -1.4542041790013824
    ]
  },
  {
    "label_id": "8CQI1mkFehwAph_t4RcAIQ",
    "size": [
      0.6972622612882031,
      0.7243517246121429,
      1.5888524052985744
    ],
    "obj_class": "pedestrian",
    "point_num_in_lidar": 33,
    "speed": 0.012679445984580352,
    "if_vehicle": false,
    "motion_state": false,
    "pose": [
      [
        -0.14463719799494498,
        0.9894549873402968,
        -0.007675218797150803,
        -13.247639296144825
      ],
      [
        -0.9894284118585579,
        -0.14454183437670304,
        0.011793045495956191,
        7.595878429137883
      ],
      [
        0.010559297477722149,
        0.00929979260149388,
        0.999901002646935,
        0.610796212420226
      ],
      [
        0.0,
        0.0,
        0.0,
        1.0
      ]
    ],
    "location": [
      -13.247639296144825,
      7.595878429137883,
      0.610796212420226
    ],
    "rotation": [
      0.009300445180712985,
      -0.010559493712336483,
      -1.715950781777283
    ]
  },
  {
    "label_id": "9lYwPu5yc5uujsti712OXw",
    "size": [
      0.8351853978984507,
      0.9282536612455977,
      1.8999999999999986
    ],
    "obj_class": "pedestrian",
    "point_num_in_lidar": 100,
    "speed": 1.3221402310295491,
    "if_vehicle": false,
    "motion_state": true,
    "pose": [
      [
        -0.1557371849657897,
        0.9877687078640157,
        -0.007675218797150803,
        -11.934992509615768
      ],
      [
        -0.9877432047521338,
        -0.1556415289821912,
        0.011793045495956191,
        12.521410107634438
      ],
      [
        0.01045421852246079,
        0.009417760919585256,
        0.999901002646935,
        0.6866694174204682
      ],
      [
        0.0,
        0.0,
        0.0,
        1.0
      ]
    ],
    "location": [
      -11.934992509615768,
      12.521410107634438,
      0.6866694174204682
    ],
    "rotation": [
      0.009418414843755194,
      -0.010454408956610407,
      -1.727178643267049
    ]
  },
  {
    "label_id": "BCFugmMeTE1MZhUx7Md3MA",
    "size": [
      1.9755133702178598,
      5.636981406052898,
      2.0752408288585755
    ],
    "obj_class": "vehicle",
    "point_num_in_lidar": 261,
    "speed": 0.05006099457932924,
    "if_vehicle": true,
    "motion_state": false,
    "pose": [
      [
        0.07775252456068395,
        0.9969431457916024,
        -0.007675218797150803,
        -6.937588045586381
      ],
      [
        -0.9968961394894232,
        0.07783965023697571,
        0.011793045495956191,
        -0.043531600620553945
      ],
      [
        0.012354432221864532,
        0.006734456929046694,
        0.999901002646935,
        0.7712785839722542
      ],
      [
        0.0,
        0.0,
        0.0,
        1.0
      ]
    ],
    "location": [
      -6.937588045586381,
      -0.043531600620553945,
      0.7712785839722542
    ],
    "rotation": [
      0.006735021851920337,
      -0.01235474652372658,
      -1.49295929431156
    ]
  },
  {
    "label_id": "BhQ3l28Gc10ONPRWnXjzgg",
    "size": [
      0.8141605972526107,
      1.142668182000707,
      1.718852405298577
    ],
    "obj_class": "pedestrian",
    "point_num_in_lidar": 21,
    "speed": 1.6470272352051436,
    "if_vehicle": false,
    "motion_state": true,
    "pose": [
      [
        0.04454750772045908,
        0.9989777828221764,
        -0.007675218797150803,
        -10.256421895616995
      ],
      [
        -0.9989337006526575,
        0.04463614878455671,
        0.011793045495956191,
        -14.878862716121148
      ],
      [
        0.012123582650455019,
        0.007141683931077857,
        0.999901002646935,
        1.1307051584873804
      ],
      [
        0.0,
        0.0,
        0.0,
        1.0
      ]
    ],
    "location": [
      -10.256421895616995,
      -14.878862716121148,
      1.1307051584873804
    ],
    "rotation": [
      0.007142269559218132,
      -0.01212387966000155,
      -1.5262307945191174
    ]
  },
  {
    "label_id": "CIORug2cCRbXeVxdAFexLg",
    "size": [
      0.7856885753912484,
      0.09106751623065597,
      0.5932061658348502
    ],
    "obj_class": "sign",
    "point_num_in_lidar": 40,
    "speed": 0.022223254106155967,
    "if_vehicle": false,
    "motion_state": false,
    "pose": [
      [
        0.018733767490371034,
        0.9997950474832492,
        -0.007675218797150803,
        5.805765306548437
      ],
      [
        -0.9997532691968033,
        0.01882351742460774,
        0.011793045495956191,
        37.98537381186179
      ],
      [
        0.011935103096367482,
        0.007452396911927661,
        0.999901002646935,
        1.7695951488757586
      ],
      [
        0.0,
        0.0,
        0.0,
        1.0
      ]
    ],
    "location": [
      5.805765306548437,
      37.98537381186179,
      1.7695951488757586
    ],
    "rotation": [
      0.007452996751871512,
      -0.011935386467179248,
      -1.5520601286911713
    ]
  },
  {
    "label_id": "CwlUZaiwe8TBlM2O3R4nSQ",
    "size": [
      0.6334117322224644,
      0.12472124207279026,
      0.9799999999999969
    ],
    "obj_class": "sign",
    "point_num_in_lidar": 77,
    "speed": 0.028891866135632212,
    "if_vehicle": false,
    "motion_state": false,
    "pose": [
      [
        -0.8352573180872035,
        -0.549805696222027,
        -0.007675218797150803,
        6.903042302704762
      ],
      [
        0.5497080470040469,
        -0.8352736001675899,
        0.011793045495956191,
        23.991631162232807
      ],
      [
        -0.012894791226252344,
        0.005631098017722224,
        0.999901002646935,
        -0.014329793621165265
      ],
      [
        0.0,
        0.0,
        0.0,
        1.0
      ]
    ],
    "location": [
      6.903042302704762,
      23.991631162232807,
      -0.014329793621165265
    ],
    "rotation": [
      0.005631596000840175,
      0.012895148601272187,
      2.5595232340743532
    ]
  },
  {
    "label_id": "InPwvU2homAc1AtpmC4pDQ",
    "size": [
      2.1166185057520255,
      4.313385827928875,
      1.7074263757876054
    ],
    "obj_class": "vehicle",
    "point_num_in_lidar": 300,
    "speed": 12.98932407377736,
    "if_vehicle": true,
    "motion_state": true,
    "pose": [
      [
        0.07322294289562152,
        0.9972860630983069,
        -0.007675218797150803,
        -0.06251027322355185
      ],
      [
        -0.9972394530639569,
        0.07331028120687,
        0.011793045495956191,
        5.8667035903399665
      ],
      [
        0.01232371236294475,
        0.006790509498501002,
        0.999901002646935,
        0.6218595391517994
      ],
      [
        0.0,
        0.0,
        0.0,
        1.0
      ]
    ],
    "location": [
      -0.06251027322355185,
      5.8667035903399665,
      0.6218595391517994
    ],
    "rotation": [
      0.0067910774069711065,
      -0.0123240243259477,
      -1.4975022175813888
    ]
  },
  {
    "label_id": "Kn0RnWXHMkuVO9dGiGe3HQ",
    "size": [
      2.703664974949954,
      5.803628056546428,
      2.725293277478478
    ],
    "obj_class": "vehicle",
    "point_num_in_lidar": 154,
    "speed": 0.024698883527347375,
    "if_vehicle": true,
    "motion_state": false,
    "pose": [
      [
        -0.10019563220288842,
        -0.9949381519993488,
        -0.007675218797150803,
        8.247444663941678
      ],
      [
        0.9948891945391269,
        -0.10028167662747524,
        0.011793045495956191,
        -15.042557158498312
      ],
      [
        -0.012503034701651893,
        -0.006454380597944173,
        0.999901002646935,
        1.4189299471714705
      ],
      [
        0.0,
        0.0,
        0.0,
        1.0
      ]
    ],
    "location": [
      8.247444663941678,
      -15.042557158498312,
      1.4189299471714705
    ],
    "rotation": [
      -0.006454929975676007,
      0.012503360482546971,
      1.6711682397831051
    ]
  },
  {
    "label_id": "Kyg4Gqi16YiJHYDM2LDH1Q",
    "size": [
      0.8558784421961708,
      0.8893482052365954,
      1.0439540203788198
    ],
    "obj_class": "sign",
    "point_num_in_lidar": 35,
    "speed": 0.005693333595979954,
    "if_vehicle": false,
    "motion_state": false,
    "pose": [
      [
        0.9937378378304603,
        -0.11147286970585037,
        -0.007675218797150803,
        -10.5566192757924
      ],
      [
        0.11155835336585726,
        0.9936879076813951,
        0.011793045495956191,
        28.26724766600637
      ],
      [
        0.006312167483531806,
        -0.012575430303320572,
        0.999901002646935,
        -0.14112434566121124
      ],
      [
        0.0,
        0.0,
        0.0,
        1.0
      ]
    ],
    "location": [
      -10.5566192757924,
      28.26724766600637,
      -0.14112434566121124
    ],
    "rotation": [
      -0.012576012327983815,
      -0.006312209400713729,
      0.11179329097833152
    ]
  },
  {
    "label_id": "M7C7zwJiceV-e8OIJRuKbw",
    "size": [
      0.5074151418358483,
      0.08388944527878506,
      0.6000000000000014
    ],
    "obj_class": "sign",
    "point_num_in_lidar": 28,
    "speed": 0.031957860542017186,
    "if_vehicle": false,
    "motion_state": false,
    "pose": [
      [
        -0.2289973629065146,
        -0.9733967838442235,
        -0.007675218797150803,
        8.630814710749519
      ],
      [
        0.9733370309201891,
        -0.22907629366087043,
        0.011793045495956191,
        4.437357789282032
      ],
      [
        -0.013237523232579913,
        -0.004769998356471071,
        0.999901002646935,
        2.257743944055875
      ],
      [
        0.0,
        0.0,
        0.0,
        1.0
      ]
    ],
    "location": [
      8.630814710749519,
      4.437357789282032,
      2.257743944055875
    ],
    "rotation": [
      -0.004770434433109448,
      0.01323790986939429,
      1.8018644915230821
    ]
  },
  {
    "label_id": "MyAUfK8qrWz8-Ndd-6UhVg",
    "size": [
      0.7201404903571023,
      0.3479562038888118,
      1.0499999999999972
    ],
    "obj_class": "sign",
    "point_num_in_lidar": 23,
    "speed": 0.02120017086114116,
    "if_vehicle": false,
    "motion_state": false,
    "pose": [
      [
        -0.9976990163863494,
        0.0673629253976301,
        -0.007675218797150803,
        12.098980220214798
      ],
      [
        -0.06745053602160521,
        -0.9976529202424702,
        0.011793045495956191,
        5.659005227489615
      ],
      [
        -0.006862790402522444,
        0.012283607513465881,
        0.999901002646935,
        0.3843100166120905
      ],
      [
        0.0,
        0.0,
        0.0,
        1.0
      ]
    ],
    "location": [
      12.098980220214798,
      5.659005227489615,
      0.3843100166120905
    ],
    "rotation": [
      0.012284205738640395,
      0.006862844274157868,
      -3.074089275292802
    ]
  },
  {
    "label_id": "XH8EEUqMWDsB2IqwYEVCqg",
    "size": [
      0.7772861356849983,
      0.12044237215146732,
      0.46637168141589314
    ],
    "obj_class": "sign",
    "point_num_in_lidar": 90,
    "speed": 0.01314461150548822,
    "if_vehicle": false,
    "motion_state": false,
    "pose": [
      [
        -0.005019239841129204,
        0.9999579482397413,
        -0.007675218797150803,
        6.531179806866703
      ],
      [
        -0.9999183135337081,
        -0.004928522885759709,
        0.011793045495956191,
        28.09901592667302
      ],
      [
        0.011754722086139304,
        0.007733783959450799,
        0.999901002646935,
        1.9566242308096875
      ],
      [
        0.0,
        0.0,
        0.0,
        1.0
      ]
    ],
    "location": [
      6.531179806866703,
      28.09901592667302,
      1.9566242308096875
    ],
    "rotation": [
      0.007734395429609061,
      -0.011754992801470562,
      -1.575815934514277
    ]
  },
  {
    "label_id": "YMCH2TkTYWdgEE8q3XIBEg",
    "size": [
      0.6750242326146304,
      0.6473499822288307,
      1.6199999999999974
    ],
    "obj_class": "pedestrian",
    "point_num_in_lidar": 32,
    "speed": 1.3262896358668488,
    "if_vehicle": false,
    "motion_state": true,
    "pose": [
      [
        -0.12418845233175024,
        -0.9922289651707716,
        -0.007675218797150803,
        -10.913892065550726
      ],
      [
        0.9921779445048642,
        -0.12427328963229786,
        0.011793045495956191,
        8.57167722959639
      ],
      [
        -0.012655226017234018,
        -0.006150622741361463,
        0.999901002646935,
        0.49666941742049175
      ],
      [
        0.0,
        0.0,
        0.0,
        1.0
      ]
    ],
    "location": [
      -10.913892065550726,
      8.57167722959639,
      0.49666941742049175
    ],
    "rotation": [
      -0.006151154116058647,
      0.012655563840665171,
      1.6953162603309941
    ]
  },
  {
    "label_id": "b6NI0yciWBZiww40xt4BNQ",
    "size": [
      2.739238590186242,
      5.915526156687571,
      2.3682138818528387
    ],
    "obj_class": "vehicle",
    "point_num_in_lidar": 108,
    "speed": 6.756196970798982e-28,
    "if_vehicle": true,
    "motion_state": false,
    "pose": [
      [
        -0.9983757057355578,
        0.05645388572492418,
        -0.007675218797150803,
        32.47391990697042
      ],
      [
        -0.0565419949538828,
        -0.9983305699439267,
        0.011793045495956191,
        59.818731559562366
      ],
      [
        -0.006996642313426359,
        0.01220786230229525,
        0.999901002646935,
        0.3895541738156041
      ],
      [
        0.0,
        0.0,
        0.0,
        1.0
      ]
    ],
    "location": [
      32.47391990697042,
      59.818731559562366,
      0.3895541738156041
    ],
    "rotation": [
      0.012208464388460464,
      0.0069966993991267,
      -3.0850191015585073
    ]
  },
  {
    "label_id": "dOzfdH28bWp78162th45ZQ",
    "size": [
      2.22504750778251,
      4.952390760509612,
      1.4772722474731381
    ],
    "obj_class": "vehicle",
    "point_num_in_lidar": 1313,
    "speed": 0.10094229273470551,
    "if_vehicle": true,
    "motion_state": false,
    "pose": [
      [
        0.13569854139972484,
        0.9907204433534229,
        -0.007675218797150803,
        -8.234410745512832
      ],
      [
        -0.9906684412773262,
        0.13578278070168942,
        0.011793045495956191,
        24.334761362842983
      ],
      [
        0.012725773813011817,
        0.0060032979697739715,
        0.999901002646935,
        0.11509525871877457
      ],
      [
        0.0,
        0.0,
        0.0,
        1.0
      ]
    ],
    "location": [
      -8.234410745512832,
      24.334761362842983,
      0.11509525871877457
    ],
    "rotation": [
      0.006003820200568719,
      -0.012726117317962374,
      -1.4346667433868006
    ]
  },
  {
    "label_id": "e3SoTY4ZM2RgUcGSgbCw2Q",
    "size": [
      2.2155390665535433,
      4.6419119317498865,
      1.793922421779314
    ],
    "obj_class": "vehicle",
    "point_num_in_lidar": 306,
    "speed": 2.929642751054232e-13,
    "if_vehicle": true,
    "motion_state": false,
    "pose": [
      [
        -0.046969542281869114,
        -0.998866834525127,
        -0.007675218797150803,
        6.38120442402419
      ],
      [
        0.9988225375621598,
        -0.04705807620184175,
        0.011793045495956191,
        10.562579060029748
      ],
      [
        -0.012140863054978697,
        -0.007112267566260632,
        0.999901002646935,
        0.45041869653378086
      ],
      [
        0.0,
        0.0,
        0.0,
        1.0
      ]
    ],
    "location": [
      6.38120442402419,
      10.562579060029748,
      0.45041869653378086
    ],
    "rotation": [
      -0.007112851776508828,
      0.012141161336424408,
      1.617786622335654
    ]
  },
  {
    "label_id": "fwu2l9rbw4VbqDoPx91Eow",
    "size": [
      0.7856885754143758,
      0.09106751623065597,
      0.5132061658348519
    ],
    "obj_class": "sign",
    "point_num_in_lidar": 38,
    "speed": 0.022308102106435253,
    "if_vehicle": false,
    "motion_state": false,
    "pose": [
      [
        0.20681331743751383,
        -0.9783503169861529,
        -0.007675218797150803,
        5.777989742539603
      ],
      [
        0.9783298148523051,
        0.2067164663227989,
        0.011793045495956191,
        38.213013942087855
      ],
      [
        -0.009951135691199525,
        -0.009947854246477707,
        0.999901002646935,
        1.8276974466028264
      ],
      [
        0.0,
        0.0,
        0.0,
        1.0
      ]
    ],
    "location": [
      5.777989742539603,
      38.213013942087855,
      1.8276974466028264
    ],
    "rotation": [
      -0.009948510931333825,
      0.009951299933888881,
      1.362469127591716
    ]
  },
  {
    "label_id": "gzHVXsws0eboEaFBL3fSzQ",
    "size": [
      0.7296529799011965,
      0.8022160096950426,
      1.7100000000000009
    ],
    "obj_class": "pedestrian",
    "point_num_in_lidar": 57,
    "speed": 1.3132265672618422,
    "if_vehicle": false,
    "motion_state": true,
    "pose": [
      [
        -0.15772992649021875,
        -0.9874524602763446,
        -0.007675218797150803,
        -11.559040084408025
      ],
      [
        0.9873985949453037,
        -0.15781298672153138,
        0.011793045495956191,
        8.403800031397623
      ],
      [
        -0.012856320991252413,
        -0.005718384057031513,
        0.999901002646935,
        0.8418410090260835
      ],
      [
        0.0,
        0.0,
        0.0,
        1.0
      ]
    ],
    "location": [
      -11.559040084408025,
      8.403800031397623,
      0.8418410090260835
    ],
    "rotation": [
      -0.0057188878704471134,
      0.012856675177076626,
      1.7292009077391373
    ]
  },
  {
    "label_id": "ho3rcpWrA33tetBa8wR4Pg",
    "size": [
      0.6359592087323261,
      0.6286638680823156,
      1.6188524052985755
    ],
    "obj_class": "pedestrian",
    "point_num_in_lidar": 57,
    "speed": 3.552713678800501e-14,
    "if_vehicle": false,
    "motion_state": false,
    "pose": [
      [
        -0.14463719799514757,
        0.9894549873402673,
        -0.007675218797150803,
        -12.573364879160636
      ],
      [
        -0.9894284118585283,
        -0.14454183437690563,
        0.011793045495956191,
        7.363843063332752
      ],
      [
        0.010559297477720242,
        0.009299792601496043,
        0.999901002646935,
        0.6219823671619551
      ],
      [
        0.0,
        0.0,
        0.0,
        1.0
      ]
    ],
    "location": [
      -12.573364879160636,
      7.363843063332752,
      0.6219823671619551
    ],
    "rotation": [
      0.009300445180715149,
      -0.010559493712334576,
      -1.7159507817774877
    ]
  },
  {
    "label_id": "iK821UNKaU58mEdNH7bCAg",
    "size": [
      0.6736724280060837,
      0.5654848181123928,
      1.1000000000000014
    ],
    "obj_class": "sign",
    "point_num_in_lidar": 54,
    "speed": 1.421529491362787e-12,
    "if_vehicle": false,
    "motion_state": false,
    "pose": [
      [
        -0.102334610602194,
        -0.994720422274175,
        -0.007675218797150803,
        -10.359018133466634
      ],
      [
        0.994671279923563,
        -0.10242054956477889,
        0.011793045495956191,
        23.398864004035204
      ],
      [
        -0.012516883322870207,
        -0.006427482986012745,
        0.999901002646935,
        -0.01507957815969263
      ],
      [
        0.0,
        0.0,
        0.0,
        1.0
      ]
    ],
    "location": [
      -10.359018133466634,
      23.398864004035204,
      -0.01507957815969263
    ],
    "rotation": [
      -0.006428030816838968,
      0.012517210187540807,
      1.6733184585365892
    ]
  },
  {
    "label_id": "iMO8XPPJOQopigo1OG2RUg",
    "size": [
      0.5857817631658375,
      0.5345773345299226,
      1.5950292733247764
    ],
    "obj_class": "pedestrian",
    "point_num_in_lidar": 124,
    "speed": 0.000827479332656821,
    "if_vehicle": false,
    "motion_state": false,
    "pose": [
      [
        -0.9986850478366184,
        0.05068792996352329,
        -0.007675218797150803,
        -13.831254563431003
      ],
      [
        -0.05077629835536808,
        -0.9986404215748814,
        0.011793045495956191,
        23.76100108580431
      ],
      [
        -0.007067018671110462,
        0.012167257404855282,
        0.999901002646935,
        0.2180825758887508
      ],
      [
        0.0,
        0.0,
        0.0,
        1.0
      ]
    ],
    "location": [
      -13.831254563431003,
      23.76100108580431,
      0.2180825758887508
    ],
    "rotation": [
      0.012167861503060168,
      0.007067077496827071,
      -3.0907932413915833
    ]
  },
  {
    "label_id": "kl6OZnUr7FMaib_vCX4org",
    "size": [
      0.7767175986886194,
      0.3510486088676036,
      1.1099999999999994
    ],
    "obj_class": "sign",
    "point_num_in_lidar": 137,
    "speed": 0.0014388979695570956,
    "if_vehicle": false,
    "motion_state": false,
    "pose": [
      [
        -0.03376288744737794,
        -0.999400399463414,
        -0.007675218797150803,
        -11.22023133788639
      ],
      [
        0.9993572765697176,
        -0.033851999129850506,
        0.011793045495956191,
        34.88375931574046
      ],
      [
        -0.012045795879591394,
        -0.007272118486455554,
        0.999901002646935,
        -0.23941929547476093
      ],
      [
        0.0,
        0.0,
        0.0,
        1.0
      ]
    ],
    "location": [
      -11.22023133788639,
      34.88375931574046,
      -0.23941929547476093
    ],
    "rotation": [
      -0.007272710252008873,
      0.01204608720851719,
      1.6045680832860665
    ]
  },
  {
    "label_id": "lLNzlQwvuqVjvE6i_V72ww",
    "size": [
      2.356000289076835,
      5.907938778904348,
      2.3115983138329668
    ],
    "obj_class": "vehicle",
    "point_num_in_lidar": 124,
    "speed": 9.151846787666948,
    "if_vehicle": true,
    "motion_state": true,
    "pose": [
      [
        -0.07858117797575591,
        -0.9968781718366384,
        -0.007675218797150803,
        4.7111251645640095
      ],
      [
        0.9968310931299894,
        -0.07866826454931407,
        0.011793045495956191,
        -18.598918566434804
      ],
      [
        -0.012360025777203238,
        -0.006724185336581758,
        0.999901002646935,
        1.4136189122701168
      ],
      [
        0.0,
        0.0,
        0.0,
        1.0
      ]
    ],
    "location": [
      4.7111251645640095,
      -18.598918566434804,
      1.4136189122701168
    ],
    "rotation": [
      -0.006724749707747803,
      0.01236034050618526,
      1.6494646252183098
    ]
  },
  {
    "label_id": "nIflfxa4C8DxMvjsHgEFRw",
    "size": [
      2.129718775987208,
      5.000213637888109,
      1.5364430207010855
    ],
    "obj_class": "vehicle",
    "point_num_in_lidar": 86,
    "speed": 0.024691808923713875,
    "if_vehicle": true,
    "motion_state": false,
    "pose": [
      [
        -0.1001956322022968,
        -0.9949381519994084,
        -0.007675218797150803,
        6.600225884647898
      ],
      [
        0.9948891945391866,
        -0.10028167662688364,
        0.011793045495956191,
        4.220117294700685
      ],
      [
        -0.012503034701648055,
        -0.006454380597951608,
        0.999901002646935,
        0.4291583970728965
      ],
      [
        0.0,
        0.0,
        0.0,
        1.0
      ]
    ],
    "location": [
      6.600225884647898,
      4.220117294700685,
      0.4291583970728965
    ],
    "rotation": [
      -0.006454929975683443,
      0.012503360482543132,
      1.6711682397825103
    ]
  },
  {
    "label_id": "nJ9ixIFXA5MXpTlWNgnlUg",
    "size": [
      0.7622913343030554,
      0.5963576801591205,
      1.755029273324773
    ],
    "obj_class": "pedestrian",
    "point_num_in_lidar": 184,
    "speed": 0.01491463868985579,
    "if_vehicle": false,
    "motion_state": false,
    "pose": [
      [
        -0.9953320794701813,
        0.09620365166655793,
        -0.007675218797150803,
        -16.403645855873492
      ],
      [
        -0.09628989179069554,
        -0.9952834675693486,
        0.011793045495956191,
        36.689923296018605
      ],
      [
        -0.006504484337800857,
        0.012477042484224096,
        0.999901002646935,
        0.18210619413821405
      ],
      [
        0.0,
        0.0,
        0.0,
        1.0
      ]
    ],
    "location": [
      -16.403645855873492,
      36.689923296018605,
      0.18210619413821405
    ],
    "rotation": [
      0.01247763020772933,
      0.006504530204304443,
      -3.0451512951673454
    ]
  },
  {
    "label_id": "nU0auBR5nl4XSMT9UA4Tpg",
    "size": [
      3.0110832539020276,
      7.279748086054844,
      2.8682138818528244
    ],
    "obj_class": "vehicle",
    "point_num_in_lidar": 159,
    "speed": 0.15238060895767014,
    "if_vehicle": true,
    "motion_state": false,
    "pose": [
      [
        -0.9983757057355644,
        0.05645388572480535,
        -0.007675218797150803,
        44.819884093347355
      ],
      [
        -0.056541994953763976,
        -0.9983305699439333,
        0.011793045495956191,
        60.1785124127764
      ],
      [
        -0.0069966423134278114,
        0.012207862302294417,
        0.999901002646935,
        0.776340397346658
      ],
      [
        0.0,
        0.0,
        0.0,
        1.0
      ]
    ],
    "location": [
      44.819884093347355,
      60.1785124127764,
      0.776340397346658
    ],
    "rotation": [
      0.012208464388459631,
      0.006996699399128153,
      -3.0850191015586264
    ]
  },
  {
    "label_id": "pdUa5SYgjcgD0TDMBTMdpA",
    "size": [
      2.1067316843631656,
      4.356208741592688,
      1.3984952537723458
    ],
    "obj_class": "vehicle",
    "point_num_in_lidar": 865,
    "speed": 0.08030324306766588,
    "if_vehicle": true,
    "motion_state": false,
    "pose": [
      [
        -0.1607604983675494,
        -0.98696360276407,
        -0.007675218797150803,
        5.094594364036084
      ],
      [
        0.9869094827057214,
        -0.16084339284986396,
        0.011793045495956191,
        23.90478503495069
      ],
      [
        -0.012873814902448297,
        -0.005678890341548228,
        0.999901002646935,
        0.03813228053726192
      ],
      [
        0.0,
        0.0,
        0.0,
        1.0
      ]
    ],
    "location": [
      5.094594364036084,
      23.90478503495069,
      0.03813228053726192
    ],
    "rotation": [
      -0.005679391527685198,
      0.012874170536160853,
      1.7322709507350675
    ]
  },
  {
    "label_id": "qYJMUdZlFcC9_U347E8qQA",
    "size": [
      1.9384174750954108,
      4.511891662081819,
      1.5672722474731415
    ],
    "obj_class": "vehicle",
    "point_num_in_lidar": 43,
    "speed": 0.024499099723036724,
    "if_vehicle": true,
    "motion_state": false,
    "pose": [
      [
        0.07775252456081322,
        0.9969431457915923,
        -0.007675218797150803,
        -5.288077388700913
      ],
      [
        -0.9968961394894131,
        0.07783965023710498,
        0.011793045495956191,
        -20.13582898248569
      ],
      [
        0.012354432221865405,
        0.0067344569290450915,
        0.999901002646935,
        0.8452628746650035
      ],
      [
        0.0,
        0.0,
        0.0,
        1.0
      ]
    ],
    "location": [
      -5.288077388700913,
      -20.13582898248569,
      0.8452628746650035
    ],
    "rotation": [
      0.006735021851918734,
      -0.012354746523727452,
      -1.4929592943114303
    ]
  },
  {
    "label_id": "rK5ux_2MIdHEgX0iTZECcg",
    "size": [
      2.4040817558075713,
      4.960022983072791,
      1.8172722474731415
    ],
    "obj_class": "vehicle",
    "point_num_in_lidar": 5399,
    "speed": 0.11662886045162656,
    "if_vehicle": true,
    "motion_state": false,
    "pose": [
      [
        0.08754363014854845,
        0.9961311177936516,
        -0.007675218797150803,
        -9.135145867701567
      ],
      [
        -0.9960832577599255,
        0.08763028978785978,
        0.011793045495956191,
        32.00922225127397
      ],
      [
        0.012420001239457783,
        0.006612750930263194,
        0.999901002646935,
        0.1282006291639206
      ],
      [
        0.0,
        0.0,
        0.0,
        1.0
      ]
    ],
    "location": [
      -9.135145867701567,
      32.00922225127397,
      0.1282006291639206
    ],
    "rotation": [
      0.006613309225309846,
      -0.012420320572468505,
      -1.4831337095918278
    ]
  },
  {
    "label_id": "s5aO23RLZZP2IHQPJCo9cQ",
    "size": [
      2.328776440731222,
      5.353293031458655,
      1.9558168788117456
    ],
    "obj_class": "vehicle",
    "point_num_in_lidar": 139,
    "speed": 0.017778869223344314,
    "if_vehicle": true,
    "motion_state": false,
    "pose": [
      [
        -0.10019563220251419,
        -0.9949381519993865,
        -0.007675218797150803,
        7.298217255590544
      ],
      [
        0.9948891945391647,
        -0.10028167662710102,
        0.011793045495956191,
        -2.4259040010019817
      ],
      [
        -0.012503034701649466,
        -0.006454380597948876,
        0.999901002646935,
        0.7536681465047721
      ],
      [
        0.0,
        0.0,
        0.0,
        1.0
      ]
    ],
    "location": [
      7.298217255590544,
      -2.4259040010019817,
      0.7536681465047721
    ],
    "rotation": [
      -0.006454929975680711,
      0.012503360482544542,
      1.671168239782729
    ]
  },
  {
    "label_id": "tFMYVPCUjzCvUWFmOTKG0w",
    "size": [
      2.1177477799472584,
      4.607182423773619,
      1.4772722474731381
    ],
    "obj_class": "vehicle",
    "point_num_in_lidar": 566,
    "speed": 2.8421709430404007e-13,
    "if_vehicle": true,
    "motion_state": false,
    "pose": [
      [
        0.050589306471868156,
        0.9986900485571644,
        -0.007675218797150803,
        -7.946387811618251
      ],
      [
        -0.9986454310222976,
        0.05067767927026376,
        0.011793045495956191,
        17.864816684294055
      ],
      [
        0.012166559455524445,
        0.007068220191039493,
        0.999901002646935,
        0.2403734118020111
      ],
      [
        0.0,
        0.0,
        0.0,
        1.0
      ]
    ],
    "location": [
      -7.946387811618251,
      17.864816684294055,
      0.2403734118020111
    ],
    "rotation": [
      0.007068802255166117,
      -0.01216685963502346,
      -1.5201816672884474
    ]
  },
  {
    "label_id": "v3-eLjhWOBOZX0Dn5-4y6g",
    "size": [
      0.7579598816457124,
      0.7571282041537553,
      1.5959574321984462
    ],
    "obj_class": "pedestrian",
    "point_num_in_lidar": 203,
    "speed": 0.7284961722569173,
    "if_vehicle": false,
    "motion_state": false,
    "pose": [
      [
        0.11308923654064887,
        -0.9935551900096284,
        -0.007675218797150803,
        9.242820899284425
      ],
      [
        0.9935255944409062,
        0.11299476655480227,
        0.011793045495956191,
        44.7045333409078
      ],
      [
        -0.010849782002285861,
        -0.008959192829530092,
        0.999901002646935,
        -0.08845464416039306
      ],
      [
        0.0,
        0.0,
        0.0,
        1.0
      ]
    ],
    "location": [
      9.242820899284425,
      44.7045333409078,
      -0.08845464416039306
    ],
    "rotation": [
      -0.008959840084478888,
      0.010849994882252417,
      1.4574579394178855
    ]
  },
  {
    "label_id": "vYYZO_DaSxReGu-PHeTJsQ",
    "size": [
      2.1654614852936565,
      4.986316617771135,
      1.5956842595324616
    ],
    "obj_class": "vehicle",
    "point_num_in_lidar": 414,
    "speed": 0.08686103733057284,
    "if_vehicle": true,
    "motion_state": false,
    "pose": [
      [
        0.9969629517548418,
        -0.07749815381471135,
        -0.007675218797150803,
        -27.60217834877767
      ],
      [
        0.07758529148173894,
        0.9969159676841494,
        0.011793045495956191,
        47.14527783577614
      ],
      [
        0.006737608920559664,
        -0.012352713535390693,
        0.999901002646935,
        -0.10997573919672732
      ],
      [
        0.0,
        0.0,
        0.0,
        1.0
      ]
    ],
    "location": [
      -27.60217834877767,
      47.14527783577614,
      -0.10997573919672732
    ],
    "rotation": [
      -0.012353308115059218,
      -0.006737659897647125,
      0.07766510662612695
    ]
  },
  {
    "label_id": "vbEQLCH_i8jJJ916ozzy6g",
    "size": [
      1.9815377369200498,
      4.583536769114488,
      1.7880568568777377
    ],
    "obj_class": "vehicle",
    "point_num_in_lidar": 108,
    "speed": 0.019913333338258583,
    "if_vehicle": true,
    "motion_state": false,
    "pose": [
      [
        -0.9978289226342874,
        0.06541048976206557,
        -0.007675218797150803,
        -45.78882727059636
      ],
      [
        -0.0654981904196663,
        -0.9977829980159412,
        0.011793045495956191,
        53.91913231792387
      ],
      [
