[
  {
    "label_id": "-9nK50GgpR1aiB9xKeeNGQ",
    "size": [
      2.2903499040839947,
      5.034674882507156,
      1.850566636766004
    ],
    "obj_class": "vehicle",
    "point_num_in_lidar": 1007,
    "speed": 3.832252393929269,
    "if_vehicle": true,
    "motion_state": true,
    "pose": [
      [
        0.9999597530743785,
        -0.00413250104376816,
        -0.007963332628467445,
        9.648518907009702
      ],
      [
        0.004304316201584861,
        0.9997556775965847,
        0.021680820451050655,
        51.81095973112133
      ],
      [
        0.007871790994756746,
        -0.021714224566333862,
        0.9997332280953843,
        -0.07721371725215675
      ],
      [
        0.0,
        0.0,
        0.0,
        1.0
      ]
    ],
    "location": [
      9.648518907009702,
      51.81095973112133,
      -0.07721371725215675
    ],
    "rotation": [
      -0.021716604283882397,
      -0.007871872293067832,
      0.004304462858917054
    ]
  },
  {
    "label_id": "1eK3OmHl_2tqAnFvzWn4tA",
    "size": [
      2.2440905685035095,
      4.881987409548864,
      1.4872722474731432
    ],
    "obj_class": "vehicle",
    "point_num_in_lidar": 59,
    "speed": 0.03246884799470433,
    "if_vehicle": true,
    "motion_state": false,
    "pose": [
      [
        0.09390544737570926,
        0.9955492716518939,
        -0.007963332628467445,
        -7.0891997798685225
      ],
      [
        -0.9953305927098808,
        0.09405824387243715,
        0.021680820451050655,
        7.277558975672946
      ],
      [
        0.022333342091264686,
        0.0058902014411100975,
        0.9997332280953843,
        0.3946617830699495
      ],
      [
        0.0,
        0.0,
        0.0,
        1.0
      ]
    ],
    "location": [
      -7.0891997798685225,
      7.277558975672946,
      0.3946617830699495
    ],
    "rotation": [
      0.005891705028397366,
      -0.022335199072007067,
      -1.4767287837407657
    ]
  },
  {
    "label_id": "2zj9ofJlwtiSYPfUbLNFiQ",
    "size": [
      2.772887874216787,
      7.818916382383117,
      2.8078157631268397
    ],
    "obj_class": "vehicle",
    "point_num_in_lidar": 15290,
    "speed": 0.01896988435195083,
    "if_vehicle": true,
    "motion_state": false,
    "pose": [
      [
        -0.035906926593331424,
        -0.9993234100910824,
        -0.007963332628467445,
        1.4071327665310491
      ],
      [
        0.9991139777736072,
        -0.03607216990935152,
        0.021680820451050655,
        64.58414334482586
      ],
      [
        -0.021953406114335175,
        -0.007177785310343391,
        0.9997332280953843,
        0.3165602636514109
      ],
      [
        0.0,
        0.0,
        0.0,
        1.0
      ]
    ],
    "location": [
      1.4071327665310491,
      64.58414334482586,
      0.3165602636514109
    ],
    "rotation": [
      -0.007179577289930639,
      0.02195516991170191,
      1.6067196351364628
    ]
  },
  {
    "label_id": "4kOLGqY6_RSgRJTBTfGFlw",
    "size": [
      1.146245655170557,
      0.9608929514239334,
      1.7630608345357004
    ],
    "obj_class": "pedestrian",
    "point_num_in_lidar": 234,
    "speed": 1.1594858221890263,
    "if_vehicle": false,
    "motion_state": true,
    "pose": [
      [
        -0.1338915316782139,
        -0.9909639968628075,
        -0.007963332628467445,
        7.12520277791441
      ],
      [
        0.9907393463300955,
        -0.13403540449442525,
        0.021680820451050655,
        56.16222917970481
      ],
      [
        -0.022552280999418337,
        -0.004986708704705443,
        0.9997332280953843,
        -0.10845742604090702
      ],
      [
        0.0,
        0.0,
        0.0,
        1.0
      ]
    ],
    "location": [
      7.12520277791441,
      56.16222917970481,
      -0.10845742604090702
    ],
    "rotation": [
      -0.004987998005721235,
      0.022554193138988137,
      1.705125536366273
    ]
  },
  {
    "label_id": "6hIIee9ufQhM-2w_W5IIEQ",
    "size": [
      0.893510786639265,
      0.10748276377607566,
      1.2800000000000011
    ],
    "obj_class": "sign",
    "point_num_in_lidar": 38,
    "speed": 0.026515283351352305,
    "if_vehicle": false,
    "motion_state": false,
    "pose": [
      [
        -0.04906458026578854,
        -0.9987638621299784,
        -0.007963332628467445,
        -8.457176378377426
      ],
      [
        0.9985522717740196,
        -0.049227051095039755,
        0.021680820451050655,
        0.8338777425160515
      ],
      [
        -0.022046031350026328,
        -0.006888043531799619,
        0.9997332280953843,
        3.4485631666916063
      ],
      [
        0.0,
        0.0,
        0.0,
        1.0
      ]
    ],
    "location": [
      -8.457176378377426,
      0.8338777425160515,
      3.4485631666916063
    ],
    "rotation": [
      -0.0068897725397635765,
      0.022047817570299753,
      1.6198925563165598
    ]
  },
  {
    "label_id": "72nLBfdms0aEGknAAr387A",
    "size": [
      0.895121698873264,
      0.9497266214725659,
      1.6007817180603112
    ],
    "obj_class": "pedestrian",
    "point_num_in_lidar": 57,
    "speed": 1.5937777941886104,
    "if_vehicle": false,
    "motion_state": true,
    "pose": [
      [
        0.9930996656381617,
        -0.11700273262971245,
        -0.007963332628467445,
        24.133654187946377
      ],
      [
        0.11715040887324449,
        0.9928774968370473,
        0.021680820451050655,
        63.35957863783369
      ],
      [
        0.005369898528206461,
        -0.022464123214118028,
        0.9997332280953843,
        0.00931469945523844
      ],
      [
        0.0,
        0.0,
        0.0,
        1.0
      ]
    ],
    "location": [
      24.133654187946377,
      63.35957863783369,
      0.00931469945523844
    ],
    "rotation": [
      -0.022466336988316585,
      -0.0053699243361038105,
      0.11742174456201866
    ]
  },
  {
    "label_id": "9lYwPu5yc5uujsti712OXw",
    "size": [
      0.8351853979005563,
      0.9282536612455977,
      1.8999999999999986
    ],
    "obj_class": "pedestrian",
    "point_num_in_lidar": 22,
    "speed": 1.3902589463640083,
    "if_vehicle": false,
    "motion_state": true,
    "pose": [
      [
        -0.09151855760770831,
        0.995771529492008,
        -0.007963332628467445,
        -11.652965023800562
      ],
      [
        -0.9955848211279985,
        -0.09132801303050592,
        0.021680820451050655,
        16.389290165136117
      ],
      [
        0.020861868395125382,
        0.009912370505927377,
        0.9997332280953843,
        0.5866694174204667
      ],
      [
        0.0,
        0.0,
        0.0,
        1.0
      ]
    ],
    "location": [
      -11.652965023800562,
      16.389290165136117,
      0.5866694174204667
    ],
    "rotation": [
      0.009914690665766362,
      -0.020863381933452857,
      -1.662463128560854
    ]
  },
  {
    "label_id": "BCFugmMeTE1MZhUx7Md3MA",
    "size": [
      1.9755133702178587,
      5.636981406052898,
      2.0752408288585755
    ],
    "obj_class": "vehicle",
    "point_num_in_lidar": 63,
    "speed": 0.05006099415986808,
    "if_vehicle": true,
    "motion_state": false,
    "pose": [
      [
        0.07775234938605455,
        0.9969408997018817,
        -0.007963332628467445,
        -6.894316505164852
      ],
      [
        -0.9967247267791194,
        0.07790867122252247,
        0.021680820451050655,
        -0.17683962353294191
      ],
      [
        0.022234909310332247,
        0.006251515811674054,
        0.9997332280953843,
        0.7712785839722684
      ],
      [
        0.0,
        0.0,
        0.0,
        1.0
      ]
    ],
    "location": [
      -6.894316505164852,
      -0.17683962353294191,
      0.7712785839722684
    ],
    "rotation": [
      0.006253102482741793,
      -0.022236741841942364,
      -1.4929461369147408
    ]
  },
  {
    "label_id": "CwlUZaiwe8TBlM2O3R4nSQ",
    "size": [
      0.6334117322224595,
      0.12472124207279026,
      0.9799999999999969
    ],
    "obj_class": "sign",
    "point_num_in_lidar": 23,
    "speed": 0.02377919355555616,
    "if_vehicle": false,
    "motion_state": false,
    "pose": [
      [
        -0.8352554362719065,
        -0.5498044575225592,
        -0.007963332628467445,
        6.961898612879395
      ],
      [
        0.5495484263955968,
        -0.8351805008922878,
        0.021680820451050655,
        23.954780705953453
      ],
      [
        -0.018571031860149252,
        0.013732786229736185,
        0.9997332280953843,
        -0.049381030535464276
      ],
      [
        0.0,
        0.0,
        0.0,
        1.0
      ]
    ],
    "location": [
      6.961898612879395,
      23.954780705953453,
      -0.049381030535464276
    ],
    "rotation": [
      0.013735586849338278,
      0.018572099498743583,
      2.5596555577267845
    ]
  },
  {
    "label_id": "ER4NMkg4wde6l-AMD922EA",
    "size": [
      1.9569189965240563,
      4.657267391618751,
      1.462875516477304
    ],
    "obj_class": "vehicle",
    "point_num_in_lidar": 638,
    "speed": 0.030118889496835274,
    "if_vehicle": true,
    "motion_state": false,
    "pose": [
      [
        -0.9940207260223276,
        0.10890078774505357,
        -0.007963332628467445,
        -22.19258550068389
      ],
      [
        -0.10905027071482837,
        -0.993799768807375,
        0.021680820451050655,
        55.94075751719902
      ],
      [
        -0.00555289969902869,
        0.022419588464439696,
        0.9997332280953843,
        -0.23568762811358823
      ],
      [
        0.0,
        0.0,
        0.0,
        1.0
      ]
    ],
    "location": [
      -22.19258550068389,
      55.94075751719902,
      -0.23568762811358823
    ],
    "rotation": [
      0.022421812790852834,
      0.005552928236419492,
      -3.0323233896597572
    ]
  },
  {
    "label_id": "FzhIiYZfV0ZRgWwzC5IjNA",
    "size": [
      1.8776833819729022,
      4.564797332079824,
      1.7476778351213866
    ],
    "obj_class": "vehicle",
    "point_num_in_lidar": 475,
    "speed": 0.055076866330546204,
    "if_vehicle": true,
    "motion_state": false,
    "pose": [
      [
        -0.9971559471254474,
        0.07494399539522993,
        -0.007963332628467445,
        -29.01826044677796
      ],
      [
        -0.07510092549766044,
        -0.9969402153659788,
        0.021680820451050655,
        55.43668744573188
      ],
      [
        -0.006314119237606914,
        0.022217212701767804,
        0.9997332280953843,
        0.01679238842974229
      ],
      [
        0.0,
        0.0,
        0.0,
        1.0
      ]
    ],
    "location": [
      -29.01826044677796,
      55.43668744573188,
      0.01679238842974229
    ],
    "rotation": [
      0.022219483862355564,
      0.006314161193684338,
      -3.066419450223487
    ]
  },
  {
    "label_id": "Im-r1sT-zfG7KFGudl9kcQ",
    "size": [
      1.8653725858865156,
      4.360587515094883,
      1.5051311337171924
    ],
    "obj_class": "vehicle",
    "point_num_in_lidar": 53,
    "speed": 14.107384544982668,
    "if_vehicle": true,
    "motion_state": true,
    "pose": [
      [
        0.08990058287607039,
        0.9959189076084415,
        -0.007963332628467445,
        -0.08577256374042008
      ],
      [
        -0.9957008449835679,
        0.09005425766491208,
        0.021680820451050655,
        2.7964103030662955
      ],
      [
        0.02230947102806053,
        0.005979978631269371,
        0.9997332280953843,
        0.6621003841758295
      ],
      [
        0.0,
        0.0,
        0.0,
        1.0
      ]
    ],
    "location": [
      -0.08577256374042008,
      2.7964103030662955,
      0.6621003841758295
    ],
    "rotation": [
      0.005981503010070571,
      -0.022311322059757967,
      -1.4807517318633365
    ]
  },
  {
    "label_id": "InPwvU2homAc1AtpmC4pDQ",
    "size": [
      2.1166185057526423,
      4.313385827928875,
      1.7074263757876054
    ],
    "obj_class": "vehicle",
    "point_num_in_lidar": 372,
    "speed": 10.407054206688537,
    "if_vehicle": true,
    "motion_state": true,
    "pose": [
      [
        0.07849459873801866,
        0.9968827329743484,
        -0.007963332628467445,
        -2.5766363320469736
      ],
      [
        -0.9966664437223071,
        0.0786507595799213,
        0.021680820451050655,
        38.3877950668375
      ],
      [
        0.02223955770438605,
        0.006234959109376212,
        0.9997332280953843,
        -0.05564358676296166
      ],
      [
        0.0,
        0.0,
        0.0,
        1.0
      ]
    ],
    "location": [
      -2.5766363320469736,
      38.3877950668375,
      -0.05564358676296166
    ],
    "rotation": [
      0.006236542008241658,
      -0.022241391385725364,
      -1.492201418659677
    ]
  },
  {
    "label_id": "JDEX_tEVUcVozkhauyLViw",
    "size": [
      0.7750009637887537,
      0.9512883911995416,
      1.8407817180603132
    ],
    "obj_class": "pedestrian",
    "point_num_in_lidar": 83,
    "speed": 1.1960303902637845,
    "if_vehicle": false,
    "motion_state": true,
    "pose": [
      [
        -0.9998289343369655,
        -0.016693932911580098,
        -0.007963332628467445,
        6.924687790716916
      ],
      [
        0.01651790486657903,
        -0.9996284814086621,
        0.021680820451050655,
        60.89287897918257
      ],
      [
        -0.008322312264424815,
        0.02154557403634711,
        0.9997332280953843,
        -0.10928758469736977
      ],
      [
        0.0,
        0.0,
        0.0,
        1.0
      ]
    ],
    "location": [
      6.924687790716916,
      60.89287897918257,
      -0.10928758469736977
    ],
    "rotation": [
      0.021547987680879614,
      0.008322408335866298,
      3.125073425373432
    ]
  },
  {
    "label_id": "JTRdyrcCjTKdVPUli4WKCA",
    "size": [
      2.013092403648906,
      4.7002573309096345,
      2.3828669641917486
    ],
    "obj_class": "vehicle",
    "point_num_in_lidar": 66,
    "speed": 2.533568425762856e-28,
    "if_vehicle": true,
    "motion_state": false,
    "pose": [
      [
        -0.9897708868409226,
        0.14244359197795506,
        -0.007963332628467445,
        63.640714290147116
      ],
      [
        -0.14258551955511115,
        -0.9895450023307522,
        0.021680820451050655,
        61.84575804797532
      ],
      [
        -0.004791782062320611,
        0.022594500805495413,
        0.9997332280953843,
        0.6558430123368595
      ],
      [
        0.0,
        0.0,
        0.0,
        1.0
      ]
    ],
    "location": [
      63.640714290147116,
      61.84575804797532,
      0.6558430123368595
    ],
    "rotation": [
      0.02259668317475502,
      0.0047918004000014345,
      -2.998517863486445
    ]
  },
  {
    "label_id": "MgWhrhP47pwT0J5qUjq5Ug",
    "size": [
      2.051254010759632,
      4.445365804963032,
      1.6782138818528338
    ],
    "obj_class": "vehicle",
    "point_num_in_lidar": 974,
    "speed": 5.783398860650275e-13,
    "if_vehicle": true,
    "motion_state": false,
    "pose": [
      [
        -0.9989410927050861,
        0.04531311773225384,
        -0.007963332628467445,
        11.191210171072953
      ],
      [
        -0.04547638209802612,
        -0.9987301140427497,
        0.021680820451050655,
        56.5989074658828
      ],
      [
        -0.006970794534559326,
        0.022020006029501177,
        0.9997332280953843,
        -0.11172703350305113
      ],
      [
        0.0,
        0.0,
        0.0,
        1.0
      ]
    ],
    "location": [
      11.191210171072953,
      56.5989074658828,
      -0.11172703350305113
    ],
    "rotation": [
      0.02202232107749161,
      0.006970850989907778,
      -3.0960994758466374
    ]
  },
  {
    "label_id": "PBPtoWWiZmUSarH7z_93VQ",
    "size": [
      0.527450336565297,
      0.08355648896149048,
      0.509999999999998
    ],
    "obj_class": "sign",
    "point_num_in_lidar": 20,
    "speed": 3.552713678800501e-14,
    "if_vehicle": false,
    "motion_state": false,
    "pose": [
      [
        -0.9974298846791999,
        0.07120541048464309,
        -0.007963332628467445,
        28.171736491128286
      ],
      [
        -0.07136314820234275,
        -0.9972147427225592,
        0.021680820451050655,
        49.37240130060127
      ],
      [
        -0.006397360978450418,
        0.022193386728791762,
        0.9997332280953843,
        2.2210372739916053
      ],
      [
        0.0,
        0.0,
        0.0,
        1.0
      ]
    ],
    "location": [
      28.171736491128286,
      49.37240130060127,
      2.2210372739916053
    ],
    "rotation": [
      0.022195663283193598,
      0.006397404615895874,
      -3.0701673302238888
    ]
  },
  {
    "label_id": "PcVh6dv8Ot__fqMN510DCA",
    "size": [
      0.9066269636194524,
      0.12044237213813053,
      0.759999999999998
    ],
    "obj_class": "sign",
    "point_num_in_lidar": 31,
    "speed": 0.012223398245067647,
    "if_vehicle": false,
    "motion_state": false,
    "pose": [
      [
        -0.0050192285348617475,
        0.9999556953577309,
        -0.007963332628467445,
        6.562140228072849
      ],
      [
        -0.9997532008659774,
        -0.00484555288918343,
        0.021680820451050655,
        28.073436232434688
      ],
      [
        0.02164127314063107,
        0.008070188277537934,
        0.9997332280953843,
        3.4118419977646113
      ],
      [
        0.0,
        0.0,
        0.0,
        1.0
      ]
    ],
    "location": [
      6.562140228072849,
      28.073436232434688,
      3.4118419977646113
    ],
    "rotation": [
      0.008072166419845104,
      -0.02164296275935855,
      -1.5758167521969941
    ]
  },
  {
    "label_id": "Ra8Q_h14wX_wKN0lzRI2oA",
    "size": [
      0.7878855284745454,
      0.08952097384951267,
      0.7893254617679233
    ],
    "obj_class": "sign",
    "point_num_in_lidar": 68,
    "speed": 1.1457157353758233e-12,
    "if_vehicle": false,
    "motion_state": false,
    "pose": [
      [
        0.07638765670971474,
        -0.9970463937229035,
        -0.007963332628467445,
        5.819937976629944
      ],
      [
        0.9968568135498893,
        0.07619996918457739,
        0.021680820451050655,
        38.17574135311588
      ],
      [
        -0.021009978142778066,
        -0.009594449459051742,
        0.9997332280953843,
        2.4324765628236378
      ],
      [
        0.0,
        0.0,
        0.0,
        1.0
      ]
    ],
    "location": [
      5.819937976629944,
      38.17574135311588,
      2.4324765628236378
    ],
    "rotation": [
      -0.009596715051384281,
      0.021011524151120804,
      1.4943172718975284
    ]
  },
  {
    "label_id": "USGqx7dcWPiv_I1IR97_8Q",
    "size": [
      0.9222865930313405,
      0.1261789293901471,
      1.259999999999998
    ],
    "obj_class": "sign",
    "point_num_in_lidar": 69,
    "speed": 0.014270745680068465,
    "if_vehicle": false,
    "motion_state": false,
    "pose": [
      [
        0.17855783575195766,
        -0.9838971921014031,
        -0.007963332628467445,
        -11.2356424261759
      ],
      [
        0.983727927045332,
        0.17835164023822006,
        0.021680820451050655,
        36.88504322481822
      ],
      [
        -0.019911424928193706,
        -0.011705033076041121,
        0.9997332280953843,
        2.9149952973634328
      ],
      [
        0.0,
        0.0,
        0.0,
        1.0
      ]
    ],
    "location": [
      -11.2356424261759,
      36.88504322481822,
      2.9149952973634328
    ],
    "rotation": [
      -0.011707621538923851,
      0.019912740859640062,
      1.3912398053735133
    ]
  },
  {
    "label_id": "UzRjOTVRec06lSAMK79AGg",
    "size": [
      2.186290500710555,
      4.690650091409834,
      1.4663315120900506
    ],
    "obj_class": "vehicle",
    "point_num_in_lidar": 295,
    "speed": 1.7763568394002505e-13,
    "if_vehicle": true,
    "motion_state": false,
    "pose": [
      [
        0.9940175342318224,
        -0.10892991771380517,
        -0.007963332628467445,
        -34.957158602151594
      ],
      [
        0.10907939420831166,
        0.9937965726363304,
        0.021680820451050655,
        46.45017917455698
      ],
      [
        0.005552242685233276,
        -0.022419751183868745,
        0.9997332280953843,
        -0.03497573919671737
      ],
      [
        0.0,
        0.0,
        0.0,
        1.0
      ]
    ],
    "location": [
      -34.957158602151594,
      46.45017917455698,
      -0.03497573919671737
    ],
    "rotation": [
      -0.022421975471888535,
      -0.005552271212495632,
      0.10929856225509343
    ]
  },
  {
    "label_id": "XH8EEUqMWDsB2IqwYEVCqg",
    "size": [
      0.7772861356849955,
      0.12044237215146732,
      0.46637168141589314
    ],
    "obj_class": "sign",
    "point_num_in_lidar": 25,
    "speed": 0.013144611395581589,
    "if_vehicle": false,
    "motion_state": false,
    "pose": [
      [
        -0.005019228532890957,
        0.999955695357741,
        -0.007963332628467445,
        6.557118183927287
      ],
      [
        -0.9997532008659871,
        -0.004845552887213032,
        0.021680820451050655,
        28.07291038632684
      ],
      [
        0.021641273140646976,
        0.008070188277495283,
        0.9997332280953843,
        1.9468858386932695
      ],
      [
        0.0,
        0.0,
        0.0,
        1.0
      ]
    ],
    "location": [
      6.557118183927287,
      28.07291038632684,
      1.9468858386932695
    ],
    "rotation": [
      0.008072166419802445,
      -0.02164296275937446,
      -1.5758167521950228
    ]
  },
  {
    "label_id": "Y9pQw1kOX1aM7nlzOdz2MQ",
    "size": [
      1.5565745696068916,
      0.1425648570649699,
      1.7299999999999969
    ],
    "obj_class": "sign",
    "point_num_in_lidar": 55,
    "speed": 0.004782953639745216,
    "if_vehicle": false,
    "motion_state": false,
    "pose": [
      [
        -0.9883739914195647,
        0.1518335879138953,
        -0.007963332628467445,
        11.404070874205217
      ],
      [
        -0.15197336465480943,
        -0.9881467696957096,
        0.021680820451050655,
        48.54308688387209
      ],
      [
        -0.004577064654832572,
        0.022638973499869486,
        0.9997332280953843,
        0.30389152715748935
      ],
      [
        0.0,
        0.0,
        0.0,
        1.0
      ]
    ],
    "location": [
      11.404070874205217,
      48.54308688387209,
      0.30389152715748935
    ],
    "rotation": [
      0.022641144981252817,
      0.004577080636201806,
      -2.9890265197696095
    ]
  },
  {
    "label_id": "_u2qr1tSBDL1NeHlhe8NYw",
    "size": [
      2.4165450863359617,
      4.640755453339751,
      1.6182138818528458
    ],
    "obj_class": "vehicle",
    "point_num_in_lidar": 53,
    "speed": 2.219643521264638,
    "if_vehicle": true,
    "motion_state": true,
    "pose": [
      [
        0.995552497183625,
        -0.09387124525059141,
        -0.007963332628467445,
        48.45308732784247
      ],
      [
        0.09402404925993857,
        0.9953338234910607,
        0.021680820451050655,
        53.12053500188085
      ],
      [
        0.005890968699029007,
        -0.02233313972036558,
        0.9997332280953843,
        0.008962660204431927
      ],
      [
        0.0,
        0.0,
        0.0,
        1.0
      ]
    ],
    "location": [
      48.45308732784247,
      53.12053500188085,
      0.008962660204431927
    ],
    "rotation": [
      -0.022335384276582125,
      -0.005891002772445152,
      0.09416477903855566
    ]
  },
  {
    "label_id": "b6NI0yciWBZiww40xt4BNQ",
    "size": [
      2.739238590186245,
      5.915526156687571,
      2.3682138818528387
    ],
    "obj_class": "vehicle",
    "point_num_in_lidar": 258,
    "speed": 3.378093024127423e-28,
    "if_vehicle": true,
    "motion_state": false,
    "pose": [
      [
        -0.9983734564183129,
        0.05645375853563271,
        -0.007963332628467445,
        32.47391990697042
      ],
      [
        -0.05661465921826421,
        -0.9981606696249703,
        0.021680820451050655,
        59.818731559566004
      ],
      [
        -0.006724721626279419,
        0.022096397014702653,
        0.9997332280953843,
        0.3518415785765612
      ],
      [
        0.0,
        0.0,
        0.0,
        1.0
      ]
    ],
    "location": [
      32.47391990697042,
      59.818731559566004,
      0.3518415785765612
    ],
    "rotation": [
      0.02209869526627745,
      0.006724772311404329,
      -3.084946424719159
    ]
  },
  {
    "label_id": "bSuLGh3Quq0PVev0FYi_DQ",
    "size": [
      1.8563238703361473,
      4.2105346985256356,
      1.6576778351213832
    ],
    "obj_class": "vehicle",
    "point_num_in_lidar": 214,
    "speed": 0.11349311169897155,
    "if_vehicle": true,
    "motion_state": false,
    "pose": [
      [
        -0.9978266745489467,
        0.06541034239353084,
        -0.007963332628467445,
        -34.41159367119485
      ],
      [
        -0.06556932716575334,
        -0.9976124524882394,
        0.021680820451050655,
        55.00309388889764
      ],
      [
        -0.006526169904389138,
        0.022155851334610364,
        0.9997332280953843,
        0.10433036350480052
      ],
      [
        0.0,
        0.0,
        0.0,
        1.0
      ]
    ],
    "location": [
      -34.41159367119485,
      55.00309388889764,
      0.10433036350480052
    ],
    "rotation": [
      0.02215813633532065,
      0.006526216231178397,
      -3.075974851804215
    ]
  },
  {
    "label_id": "c3POzVNyXEnuovQBHtzfjw",
    "size": [
      0.9163554137444995,
      0.8839332918725881,
      1.6102138473786525
    ],
    "obj_class": "pedestrian",
    "point_num_in_lidar": 118,
    "speed": 3.552713678800501e-13,
    "if_vehicle": false,
    "motion_state": false,
    "pose": [
      [
        0.9821011387521991,
        -0.1881859149752776,
        -0.007963332628467445,
        -15.415568142677557
      ],
      [
        0.18831721565190157,
        0.9818689160543197,
        0.021680820451050655,
        43.8914088149304
      ],
      [
        0.0037389237420976497,
        -0.022792391081961738,
        0.9997332280953843,
        -0.20262704986956237
      ],
      [
        0.0,
        0.0,
        0.0,
        1.0
      ]
    ],
    "location": [
      -15.415568142677557,
      43.8914088149304,
      -0.20262704986956237
    ],
    "rotation": [
      -0.022794524315145663,
      -0.0037389324535648184,
      0.1894497636219496
    ]
  },
  {
    "label_id": "dOzfdH28bWp78162th45ZQ",
    "size": [
      2.22504750778251,
      4.952390760509612,
      1.4772722474731381
    ],
    "obj_class": "vehicle",
    "point_num_in_lidar": 63,
    "speed": 0.40497489679772275,
    "if_vehicle": true,
    "motion_state": false,
    "pose": [
      [
        0.13569823567406678,
        0.9907182112833063,
        -0.007963332628467445,
        -8.301055481656022
      ],
      [
        -0.9904932987859503,
        0.13584169862268203,
        0.021680820451050655,
        24.963040643711793
      ],
      [
        0.022561336287367867,
        0.004945578521326714,
        0.9997332280953843,
        0.11509525871871773
      ],
      [
        0.0,
        0.0,
        0.0,
        1.0
      ]
    ],
    "location": [
      -8.301055481656022,
      24.963040643711793,
      0.11509525871871773
    ],
    "rotation": [
      0.004946857862206789,
      -0.02256325073152597,
      -1.4346432718043518
    ]
  },
  {
    "label_id": "e3SoTY4ZM2RgUcGSgbCw2Q",
    "size": [
      2.2155390665535433,
      4.6419119317498865,
      1.793922421779314
    ],
    "obj_class": "vehicle",
    "point_num_in_lidar": 24,
    "speed": 2.929642751054232e-13,
    "if_vehicle": true,
    "motion_state": false,
    "pose": [
      [
        -0.04696943646058106,
        -0.9988645841013806,
        -0.007963332628467445,
        6.38120442402419
      ],
      [
        0.99865333501442,
        -0.04713235077042102,
        0.021680820451050655,
        10.562579060029748
      ],
      [
        -0.02203153428956188,
        -0.006934272768659272,
        0.9997332280953843,
        0.45041869653376665
      ],
      [
        0.0,
        0.0,
        0.0,
        1.0
      ]
    ],
    "location": [
      6.38120442402419,
      10.562579060029748,
      0.45041869653376665
    ],
    "rotation": [
      -0.006936011902806713,
      0.0220333169878834,
      1.6177944664871458
    ]
  },
  {
    "label_id": "eLUo0F52wL4hudq3-AynTQ",
    "size": [
      2.355492500825231,
      5.367170119819076,
      1.9682138818528472
    ],
    "obj_class": "vehicle",
    "point_num_in_lidar": 60,
    "speed": 2.51230868725221,
    "if_vehicle": true,
    "motion_state": true,
    "pose": [
      [
        0.9981025792452736,
        -0.061055930403039055,
        -0.007963332628467445,
        39.32256280405613
      ],
      [
        0.06121584837101873,
        0.9978890529176005,
        0.021680820451050655,
        52.73638878789825
      ],
      [
        0.006622779790149072,
        -0.02212716497505958,
        0.9997332280953843,
        0.17241136448567573
      ],
      [
        0.0,
        0.0,
        0.0,
        1.0
      ]
    ],
    "location": [
      39.32256280405613,
      52.73638878789825,
      0.17241136448567573
    ],
    "rotation": [
      -0.022129456388759818,
      -0.006622828204962899,
      0.061255491231336556
    ]
  },
  {
    "label_id": "fSlk5jeQXY6tiYMoLySQDA",
    "size": [
      1.9519783021925172,
      4.2425275019101365,
      1.7076778351213875
    ],
    "obj_class": "vehicle",
    "point_num_in_lidar": 156,
    "speed": 0.14383389167600885,
    "if_vehicle": true,
    "motion_state": false,
    "pose": [
      [
        -0.9978266745489398,
        0.06541034239363519,
        -0.007963332628467445,
        -40.067584382023824
      ],
      [
        -0.06556932716585767,
        -0.9976124524882325,
        0.021680820451050655,
        54.64178513286606
      ],
      [
        -0.006526169904386821,
        0.022155851334611048,
        0.9997332280953843,
        0.23373445037016438
      ],
      [
        0.0,
        0.0,
        0.0,
        1.0
      ]
    ],
    "location": [
      -40.067584382023824,
      54.64178513286606,
      0.23373445037016438
    ],
    "rotation": [
      0.022158136335321335,
      0.006526216231176079,
      -3.075974851804111
    ]
  },
  {
    "label_id": "fwu2l9rbw4VbqDoPx91Eow",
    "size": [
      0.7856885754143768,
      0.09106751623065597,
      0.5132061658348519
    ],
    "obj_class": "sign",
    "point_num_in_lidar": 67,
    "speed": 0.027443174058425814,
    "if_vehicle": false,
    "motion_state": false,
    "pose": [
      [
        0.2068128514919205,
        -0.978348112785643,
        -0.007963332628467445,
        5.81901763047631
      ],
      [
        0.9781848548292027,
        0.20660186786992296,
        0.021680820451050655,
        38.22728472746712
      ],
      [
        -0.0195661503764189,
        -0.012273483671300212,
        0.9997332280953843,
        1.7705599070586615
      ],
      [
        0.0,
        0.0,
        0.0,
        1.0
      ]
    ],
    "location": [
      5.81901763047631,
      38.22728472746712,
      1.7705599070586615
    ],
    "rotation": [
      -0.012276142041915405,
      0.019567399023595382,
      1.3624395966617295
    ]
  },
  {
    "label_id": "iMO8XPPJOQopigo1OG2RUg",
    "size": [
      0.5857817631658424,
      0.5345773345299226,
      1.5950292733247764
    ],
    "obj_class": "pedestrian",
    "point_num_in_lidar": 26,
    "speed": 1.0658141036401503e-13,
    "if_vehicle": false,
    "motion_state": false,
    "pose": [
      [
        -0.9986827978224332,
        0.05068781576479028,
        -0.007963332628467445,
        -13.831254563431003
      ],
      [
        -0.05084994247965061,
        -0.9984709436805788,
        0.021680820451050655,
        23.761001085807948
      ],
      [
        -0.006852202811735882,
        0.022057197433244986,
        0.9997332280953843,
        0.17532443141267606
      ],
      [
        0.0,
        0.0,
        0.0,
        1.0
      ]
    ],
    "location": [
      -13.831254563431003,
      23.761001085807948,
      0.17532443141267606
    ],
    "rotation": [
      0.022059504335953276,
      0.006852256434420371,
      -3.090719576289437
    ]
  },
  {
    "label_id": "jCjquE8-FjABU4aeRJWSqQ",
    "size": [
      0.5813068380702819,
      0.09089592981572317,
      0.6000000000000014
    ],
    "obj_class": "sign",
    "point_num_in_lidar": 69,
    "speed": 0.01604618868754074,
    "if_vehicle": false,
    "motion_state": false,
    "pose": [
      [
        -0.03454664348946679,
        -0.9993713597842697,
        -0.007963332628467445,
        -11.58975761187503
      ],
      [
        0.999162152585187,
        -0.0347121717255605,
        0.021680820451050655,
        36.812345376027224
      ],
      [
        -0.02194361558511221,
        -0.007207660996129801,
        0.9997332280953843,
        1.8449596960563923
      ],
      [
        0.0,
        0.0,
        0.0,
        1.0
      ]
    ],
    "location": [
      -11.58975761187503,
      36.812345376027224,
      1.8449596960563923
    ],
    "rotation": [
      -0.0072094594010510184,
      0.021945377023395808,
      1.6053581711760725
    ]
  },
  {
    "label_id": "jCyvsrLYqmyjU5Z9KZmeCg",
    "size": [
      2.1888457675207253,
      4.810296796965218,
      1.6900082432865844
    ],
    "obj_class": "vehicle",
    "point_num_in_lidar": 53,
    "speed": 1.134793311146749e-27,
    "if_vehicle": true,
    "motion_state": false,
    "pose": [
      [
        0.9971235764580741,
        -0.07537346087919519,
        -0.007963332628467445,
        -62.46071409282922
      ],
      [
        0.0755302980519709,
        0.9969077771292335,
        0.021680820451050655,
        44.588485288590164
      ],
      [
        0.006304549757090057,
        -0.022219930115612112,
        0.9997332280953843,
        0.6083464542368446
      ],
      [
        0.0,
        0.0,
        0.0,
        1.0
      ]
    ],
    "location": [
      -62.46071409282922,
      44.588485288590164,
      0.6083464542368446
    ],
    "rotation": [
      -0.02222220065941972,
      -0.0063045915226922445,
      0.07560380298394516
    ]
  },
  {
    "label_id": "kl6OZnUr7FMaib_vCX4org",
    "size": [
      0.7767175986886199,
      0.3510486088676036,
      1.1099999999999994
    ],
    "obj_class": "sign",
    "point_num_in_lidar": 55,
    "speed": 2.929642751054232e-13,
    "if_vehicle": false,
    "motion_state": false,
    "pose": [
      [
        -0.033762811380372515,
        -0.9993981478375582,
        -0.007963332628467445,
        -11.22023133788639
      ],
      [
        0.999189070529024,
        -0.033928503649801024,
        0.021680820451050655,
        34.88375931574046
      ],
      [
        -0.02193795576252821,
        -0.00722486947589129,
        0.9997332280953843,
        -0.23941929547476803
      ],
      [
        0.0,
        0.0,
        0.0,
        1.0
      ]
    ],
    "location": [
      -11.22023133788639,
      34.88375931574046,
      -0.23941929547476803
    ],
    "rotation": [
      -0.007226671575982468,
      0.021939715838005892,
      1.6045736881450223
    ]
  },
  {
    "label_id": "kwKUJvCDrF9bT8Mzr9G6yQ",
    "size": [
      0.9066269636194524,
      0.12044237213813053,
      0.6899999999999977
    ],
    "obj_class": "sign",
    "point_num_in_lidar": 47,
    "speed": 0.012223398244256722,
    "if_vehicle": false,
    "motion_state": false,
    "pose": [
      [
        -0.0050192285348617475,
        0.9999556953577309,
        -0.007963332628467445,
        6.558144676050006
      ],
      [
        -0.9997532008659774,
        -0.00484555288918343,
        0.021680820451050655,
        28.071325362170683
      ],
      [
        0.02164127314063107,
        0.008070188277537934,
        0.9997332280953843,
        2.573102856282098
      ],
      [
        0.0,
        0.0,
        0.0,
        1.0
      ]
    ],
    "location": [
      6.558144676050006,
      28.071325362170683,
      2.573102856282098
    ],
    "rotation": [
      0.008072166419845104,
      -0.02164296275935855,
      -1.5758167521969941
    ]
  },
  {
    "label_id": "nJ9ixIFXA5MXpTlWNgnlUg",
    "size": [
      0.7622913343030526,
      0.5963576801591205,
      1.755029273324773
    ],
    "obj_class": "pedestrian",
    "point_num_in_lidar": 23,
    "speed": 0.009351132355733606,
    "if_vehicle": false,
    "motion_state": false,
    "pose": [
      [
        -0.9953298370101556,
        0.09620343492196874,
        -0.007963332628467445,
        -16.38411708498961
      ],
      [
        -0.09635572618851844,
        -0.9951108059182419,
        0.021680820451050655,
        36.66792986110704
      ],
      [
        -0.005838628950391731,
        0.022346880184087398,
        0.9997332280953843,
        0.18210619413821405
      ],
      [
        0.0,
        0.0,
        0.0,
        1.0
      ]
    ],
    "location": [
      -16.38411708498961,
      36.66792986110704,
      0.18210619413821405
    ],
    "rotation": [
      0.022349121547249415,
      0.005838662123643208,
      -3.0450855496415685
    ]
  },
  {
    "label_id": "nU0auBR5nl4XSMT9UA4Tpg",
    "size": [
      3.011083253902027,
      7.279748086054844,
      2.8682138818528244
    ],
    "obj_class": "vehicle",
    "point_num_in_lidar": 172,
    "speed": 0.6370090575263107,
    "if_vehicle": true,
    "motion_state": false,
    "pose": [
      [
        -0.9983734564183198,
        0.05645375853551278,
        -0.007963332628467445,
        44.80160639801397
      ],
      [
        -0.056614659218144306,
        -0.9981606696249772,
        0.021680820451050655,
        60.19978200301921
      ],
      [
        -0.006724721626282074,
        0.022096397014701844,
        0.9997332280953843,
        0.776340397346658
      ],
      [
        0.0,
        0.0,
        0.0,
        1.0
      ]
    ],
    "location": [
      44.80160639801397,
      60.19978200301921,
      0.776340397346658
    ],
    "rotation": [
      0.02209869526627664,
      0.006724772311406984,
      -3.0849464247192793
    ]
  },
  {
    "label_id": "pdUa5SYgjcgD0TDMBTMdpA",
    "size": [
      2.1067316843631647,
      4.356208741592688,
      1.3984952537723458
    ],
    "obj_class": "vehicle",
    "point_num_in_lidar": 107,
    "speed": 0.876275025604132,
    "if_vehicle": true,
    "motion_state": false,
    "pose": [
      [
        -0.16076013617788473,
        -0.9869613791580278,
        -0.007963332628467445,
        4.905377717567944
      ],
      [
        0.9867329034368733,
        -0.16089785362026288,
        0.021680820451050655,
        25.20106083751125
      ],
      [
        -0.022679415581231144,
        -0.004372270677362099,
        0.9997332280953843,
        0.03813228053729034
      ],
      [
        0.0,
        0.0,
        0.0,
        1.0
      ]
    ],
    "location": [
      4.905377717567944,
      25.20106083751125,
      0.03813228053729034
    ],
    "rotation": [
      -0.004373409504390932,
      0.022681360246545816,
      1.7322989897928995
    ]
  },
  {
    "label_id": "rK5ux_2MIdHEgX0iTZECcg",
    "size": [
      2.404081755807572,
      4.960022983072791,
      1.8172722474731415
    ],
    "obj_class": "vehicle",
    "point_num_in_lidar": 338,
    "speed": 0.025000789576036856,
    "if_vehicle": true,
    "motion_state": false,
    "pose": [
      [
        0.08754343291478545,
        0.9961288735334113,
        -0.007963332628467445,
        -9.137404498577325
      ],
      [
        -0.9959111751992252,
        0.08769762333078102,
        0.021680820451050655,
        32.044150606538096
      ],
