[
  {
    "label_id": "0-gFFwLHDFdIB2aYMAKcoQ",
    "size": [
      0.5074151418358479,
      0.08388944527878506,
      0.5600000000000023
    ],
    "obj_class": "sign",
    "point_num_in_lidar": 42,
    "speed": 0.024812068269937208,
    "if_vehicle": false,
    "motion_state": false,
    "pose": [
      [
        -0.22900017229716435,
        -0.9734087256928028,
        -0.005862920175378754,
        8.614223415683455
      ],
      [
        0.9732473206638173,
        -0.2290694144016103,
        0.01780045523024809,
        4.447782664368788
      ],
      [
        -0.018670134133684978,
        -0.0016297640372584373,
        0.9998243695572804,
        2.8543301527149296
      ],
      [
        0.0,
        0.0,
        0.0,
        1.0
      ]
    ],
    "location": [
      8.614223415683455,
      4.447782664368788,
      2.8543301527149296
    ],
    "rotation": [
      -0.0016300488800047063,
      0.01867121895746191,
      1.8018877755174074
    ]
  },
  {
    "label_id": "1eK3OmHl_2tqAnFvzWn4tA",
    "size": [
      2.2440905685035095,
      4.881987409548864,
      1.4872722474731432
    ],
    "obj_class": "vehicle",
    "point_num_in_lidar": 496,
    "speed": 0.025999426001180416,
    "if_vehicle": true,
    "motion_state": false,
    "pose": [
      [
        0.09390681099851868,
        0.9955637282540508,
        -0.005862920175378754,
        -7.099877805550477
      ],
      [
        -0.9954132927625058,
        0.09399744882336854,
        0.01780045523024809,
        7.387421752526279
      ],
      [
        0.018272587112785767,
        0.004164444691982993,
        0.9998243695572804,
        0.39466178306993527
      ],
      [
        0.0,
        0.0,
        0.0,
        1.0
      ]
    ],
    "location": [
      -7.099877805550477,
      7.387421752526279,
      0.39466178306993527
    ],
    "rotation": [
      0.004165152137190063,
      -0.01827360409681595,
      -1.4767351951400038
    ]
  },
  {
    "label_id": "1yaIJWr37eHUtmYcb-ixqQ",
    "size": [
      0.9521050738759985,
      0.09268519735418204,
      1.2299999999999969
    ],
    "obj_class": "sign",
    "point_num_in_lidar": 41,
    "speed": 0.024754744914365558,
    "if_vehicle": false,
    "motion_state": false,
    "pose": [
      [
        -0.12753056853952763,
        -0.9918173119355207,
        -0.005862920175378754,
        -6.298420751309322
      ],
      [
        0.9916638964832348,
        -0.12761606562374578,
        0.01780045523024809,
        -30.260388734186563
      ],
      [
        -0.01840300246354116,
        -0.0035439440901103183,
        0.9998243695572804,
        3.875202582864908
      ],
      [
        0.0,
        0.0,
        0.0,
        1.0
      ]
    ],
    "location": [
      -6.298420751309322,
      -30.260388734186563,
      3.875202582864908
    ],
    "rotation": [
      -0.0035445517794386694,
      0.01840404138088838,
      1.6986969227798314
    ]
  },
  {
    "label_id": "46ZddQXs6mtOXSiX4Xuk4A",
    "size": [
      1.8700097023729136,
      4.3588427751254395,
      1.6140189276900898
    ],
    "obj_class": "vehicle",
    "point_num_in_lidar": 48,
    "speed": 2.929642751054232e-13,
    "if_vehicle": true,
    "motion_state": false,
    "pose": [
      [
        -0.10019686142444562,
        -0.9949503581223074,
        -0.005862920175378754,
        7.640549380704897
      ],
      [
        0.9947993528074416,
        -0.10028654669242298,
        0.01780045523024809,
        -8.622329005116626
      ],
      [
        -0.018298541323997507,
        -0.0040488794500312605,
        0.9998243695572804,
        0.7807112578692426
      ],
      [
        0.0,
        0.0,
        0.0,
        1.0
      ]
    ],
    "location": [
      7.640549380704897,
      -8.622329005116626,
      0.7807112578692426
    ],
    "rotation": [
      -0.004049568544991455,
      0.018299562648165985,
      1.6711784669831038
    ]
  },
  {
    "label_id": "6hIIee9ufQhM-2w_W5IIEQ",
    "size": [
      0.8935107866392662,
      0.10748276377607566,
      1.2800000000000011
    ],
    "obj_class": "sign",
    "point_num_in_lidar": 31,
    "speed": 0.012004525184700705,
    "if_vehicle": false,
    "motion_state": false,
    "pose": [
      [
        -0.04906529274395031,
        -0.9987783654119504,
        -0.005862920175378754,
        -8.508993157226769
      ],
      [
        0.998632155756507,
        -0.04916260044696,
        0.01780045523024809,
        0.9043041920867836
      ],
      [
        -0.018066945980490356,
        -0.0049815160669191,
        0.9998243695572804,
        3.5655023788501623
      ],
      [
        0.0,
        0.0,
        0.0,
        1.0
      ]
    ],
    "location": [
      -8.508993157226769,
      0.9043041920867836,
      3.5655023788501623
    ],
    "rotation": [
      -0.004982349899099135,
      0.01806792901052581,
      1.619889346985468
    ]
  },
  {
    "label_id": "7Rmbrf_QC8HYMBMvc67d_A",
    "size": [
      0.8992428883509519,
      1.1317922750854086,
      1.8688524052985755
    ],
    "obj_class": "pedestrian",
    "point_num_in_lidar": 20,
    "speed": 1.5990283093388789,
    "if_vehicle": false,
    "motion_state": true,
    "pose": [
      [
        0.10781533112428794,
        0.9941536503687834,
        -0.005862920175378754,
        -10.902385169124955
      ],
      [
        -0.994001962487019,
        0.10790385704668205,
        0.01780045523024809,
        -12.044832178495199
      ],
      [
        0.01832901924585742,
        0.003908592185418959,
        0.9998243695572804,
        1.0917662973310271
      ],
      [
        0.0,
        0.0,
        0.0,
        1.0
      ]
    ],
    "location": [
      -10.902385169124955,
      -12.044832178495199,
      1.0917662973310271
    ],
    "rotation": [
      0.003909258859497127,
      -0.018330045682377522,
      -1.4627527973579098
    ]
  },
  {
    "label_id": "8CQI1mkFehwAph_t4RcAIQ",
    "size": [
      0.6972622612882022,
      0.7243517246121429,
      1.5888524052985744
    ],
    "obj_class": "pedestrian",
    "point_num_in_lidar": 60,
    "speed": 0.012679445876786837,
    "if_vehicle": false,
    "motion_state": false,
    "pose": [
      [
        -0.14463897243630972,
        0.9894671261944914,
        -0.005862920175378754,
        -13.249490681724637
      ],
      [
        -0.9893424480433153,
        -0.1445152735639253,
        0.01780045523024809,
        7.588500859168562
      ],
      [
        0.016765683768598966,
        0.008375075352393378,
        0.9998243695572804,
        0.613349008378691
      ],
      [
        0.0,
        0.0,
        0.0,
        1.0
      ]
    ],
    "location": [
      -13.249490681724637,
      7.588500859168562,
      0.613349008378691
    ],
    "rotation": [
      0.008376350619477098,
      -0.016766469307144094,
      -1.715964973811205
    ]
  },
  {
    "label_id": "9lYwPu5yc5uujsti712OXw",
    "size": [
      0.8351853978994875,
      0.9282536612455977,
      1.8999999999999986
    ],
    "obj_class": "pedestrian",
    "point_num_in_lidar": 109,
    "speed": 1.2655664265472846,
    "if_vehicle": false,
    "motion_state": true,
    "pose": [
      [
        -0.2123007759089078,
        0.9771867818976537,
        -0.005862920175378754,
        -12.085515859223051
      ],
      [
        -0.9770709000936292,
        -0.21216880068431662,
        0.01780045523024809,
        11.752940584126918
      ],
      [
        0.016150440820641397,
        0.009507539149847862,
        0.9998243695572804,
        0.6866694174204468
      ],
      [
        0.0,
        0.0,
        0.0,
        1.0
      ]
    ],
    "location": [
      -12.085515859223051,
      11.752940584126918,
      0.6866694174204468
    ],
    "rotation": [
      0.009508922648421238,
      -0.016151143007783517,
      -1.7847534733220747
    ]
  },
  {
    "label_id": "BCFugmMeTE1MZhUx7Md3MA",
    "size": [
      1.975513370217859,
      5.636981406052898,
      2.0752408288585755
    ],
    "obj_class": "vehicle",
    "point_num_in_lidar": 397,
    "speed": 0.05006099415827899,
    "if_vehicle": true,
    "motion_state": false,
    "pose": [
      [
        0.07775347844597615,
        0.9969553765121928,
        -0.005862920175378754,
        -6.9468599178853765
      ],
      [
        -0.9968064302968859,
        0.07784654335534397,
        0.01780045523024809,
        -0.014967446144510177
      ],
      [
        0.01820266761578196,
        0.00446014921906123,
        0.9998243695572804,
        0.7712785839721903
      ],
      [
        0.0,
        0.0,
        0.0,
        1.0
      ]
    ],
    "location": [
      -6.9468599178853765,
      -0.014967446144510177,
      0.7712785839721903
    ],
    "rotation": [
      0.004460903104263304,
      -0.01820367296889765,
      -1.492951366352323
    ]
  },
  {
    "label_id": "CwlUZaiwe8TBlM2O3R4nSQ",
    "size": [
      0.6334117322224623,
      0.12472124207279026,
      0.9799999999999969
    ],
    "obj_class": "sign",
    "point_num_in_lidar": 99,
    "speed": 0.04207427788927462,
    "if_vehicle": false,
    "motion_state": false,
    "pose": [
      [
        -0.8352675652100421,
        -0.5498124413607837,
        -0.005862920175378754,
        6.886926146933774
      ],
      [
        0.5496476003181298,
        -0.8352069559445235,
        0.01780045523024809,
        23.999313994119802
      ],
      [
        -0.014683663460099854,
        0.011645602894546001,
        0.9998243695572804,
        -0.016428231052366016
      ],
      [
        0.0,
        0.0,
        0.0,
        1.0
      ]
    ],
    "location": [
      6.886926146933774,
      23.999313994119802,
      -0.016428231052366016
    ],
    "rotation": [
      0.011647121882462995,
      0.014684191168681518,
      2.559579366255085
    ]
  },
  {
    "label_id": "G-TxU3ng_fUHgcrddwVbtA",
    "size": [
      0.740785502564311,
      0.9350570491587076,
      1.676242476920173
    ],
    "obj_class": "pedestrian",
    "point_num_in_lidar": 30,
    "speed": 1.1253748776916446,
    "if_vehicle": false,
    "motion_state": true,
    "pose": [
      [
        0.058803402246859586,
        0.9982523659131548,
        -0.005862920175378754,
        -11.496555873148736
      ],
      [
        -0.9981052142313411,
        0.05889927943366274,
        0.01780045523024809,
        0.8944676010651165
      ],
      [
        0.01811466832163324,
        0.004805083868586169,
        0.9998243695572804,
        0.7907953960655334
      ],
      [
        0.0,
        0.0,
        0.0,
        1.0
      ]
    ],
    "location": [
      -11.496555873148736,
      0.8944676010651165,
      0.7907953960655334
    ],
    "rotation": [
      0.004805890935601588,
      -0.018115659162810147,
      -1.511949315897949
    ]
  },
  {
    "label_id": "InPwvU2homAc1AtpmC4pDQ",
    "size": [
      2.1166185057529088,
      4.313385827928875,
      1.7074263757876054
    ],
    "obj_class": "vehicle",
    "point_num_in_lidar": 244,
    "speed": 13.726882999757603,
    "if_vehicle": true,
    "motion_state": true,
    "pose": [
      [
        0.07766520130429881,
        0.9969622573966277,
        -0.005862920175378754,
        0.557953288870749
      ],
      [
        -0.9968133194224699,
        0.07775827940195702,
        0.01780045523024809,
        -2.0757011199912085
      ],
      [
        0.018202272614144217,
        0.004461760982762889,
        0.9998243695572804,
        0.7143564132368212
      ],
      [
        0.0,
        0.0,
        0.0,
        1.0
      ]
    ],
    "location": [
      0.557953288870749,
      -2.0757011199912085,
      0.7143564132368212
    ],
    "rotation": [
      0.004462515118998902,
      -0.018203277901805714,
      -1.4930399265710386
    ]
  },
  {
    "label_id": "Kn0RnWXHMkuVO9dGiGe3HQ",
    "size": [
      2.703664974949955,
      5.803628056546428,
      2.725293277478478
    ],
    "obj_class": "vehicle",
    "point_num_in_lidar": 220,
    "speed": 0.024698883321652473,
    "if_vehicle": true,
    "motion_state": false,
    "pose": [
      [
        -0.10019686142522592,
        -0.9949503581222288,
        -0.005862920175378754,
        8.235087927149834
      ],
      [
        0.9947993528073628,
        -0.10028654669320317,
        0.01780045523024809,
        -15.05073310159969
      ],
      [
        -0.01829854132400068,
        -0.004048879450016909,
        0.9998243695572804,
        1.418929947171442
      ],
      [
        0.0,
        0.0,
        0.0,
        1.0
      ]
    ],
    "location": [
      8.235087927149834,
      -15.05073310159969,
      1.418929947171442
    ],
    "rotation": [
      -0.0040495685449771016,
      0.018299562648169156,
      1.6711784669838883
    ]
  },
  {
    "label_id": "Kyg4Gqi16YiJHYDM2LDH1Q",
    "size": [
      0.8558784421961712,
      0.8893482052365954,
      1.0439540203788198
    ],
    "obj_class": "sign",
    "point_num_in_lidar": 145,
    "speed": 0.005693333594270328,
    "if_vehicle": false,
    "motion_state": false,
    "pose": [
      [
        0.9937500292276189,
        -0.11147423727984655,
        -0.005862920175378754,
        -10.556410213755044
      ],
      [
        0.11156220421537615,
        0.9935980164957067,
        0.01780045523024809,
        28.270656658420194
      ],
      [
        0.0038410936871030297,
        -0.018343283203228016,
        0.9998243695572804,
        -0.15340408278198936
      ],
      [
        0.0,
        0.0,
        0.0,
        1.0
      ]
    ],
    "location": [
      -10.556410213755044,
      28.270656658420194,
      -0.15340408278198936
    ],
    "rotation": [
      -0.018344447380903274,
      -0.003841103132415573,
      0.11179575772835332
    ]
  },
  {
    "label_id": "M7C7zwJiceV-e8OIJRuKbw",
    "size": [
      0.5074151418358479,
      0.08388944527878506,
      0.6000000000000014
    ],
    "obj_class": "sign",
    "point_num_in_lidar": 35,
    "speed": 0.024864656669589227,
    "if_vehicle": false,
    "motion_state": false,
    "pose": [
      [
        -0.22900017229716435,
        -0.9734087256928028,
        -0.005862920175378754,
        8.616107608831953
      ],
      [
        0.9732473206638173,
        -0.2290694144016103,
        0.01780045523024809,
        4.449655799617176
      ],
      [
        -0.018670134133684978,
        -0.0016297640372584373,
        0.9998243695572804,
        2.2533542494096324
      ],
      [
        0.0,
        0.0,
        0.0,
        1.0
      ]
    ],
    "location": [
      8.616107608831953,
      4.449655799617176,
      2.2533542494096324
    ],
    "rotation": [
      -0.0016300488800047063,
      0.01867121895746191,
      1.8018877755174074
    ]
  },
  {
    "label_id": "RSrTAu0avHEGgIksWr-Vrg",
    "size": [
      2.088546921756471,
      4.245662939058266,
      1.7331484302993232
    ],
    "obj_class": "vehicle",
    "point_num_in_lidar": 21,
    "speed": 0.015109153578339782,
    "if_vehicle": true,
    "motion_state": false,
    "pose": [
      [
        -0.06993289441303478,
        -0.9975344688009694,
        -0.005862920175378754,
        9.295824718637277
      ],
      [
        0.9973862569871527,
        -0.07002712450724587,
        0.01780045523024809,
        -28.50900596295287
      ],
      [
        -0.01816713109361826,
        -0.004602758652614584,
        0.9998243695572804,
        1.1350023707611712
      ],
      [
        0.0,
        0.0,
        0.0,
        1.0
      ]
    ],
    "location": [
      9.295824718637277,
      -28.50900596295287,
      1.1350023707611712
    ],
    "rotation": [
      -0.004603534658696475,
      0.018168130569478084,
      1.640797921121342
    ]
  },
  {
    "label_id": "RW1h8pkgwsPTQlzyEdXiow",
    "size": [
      0.8287961078561947,
      0.8205065068317773,
      1.6288524052985736
    ],
    "obj_class": "pedestrian",
    "point_num_in_lidar": 127,
    "speed": 0.07678110898671486,
    "if_vehicle": false,
    "motion_state": false,
    "pose": [
      [
        -0.9961402654753484,
        0.08757966468147384,
        -0.005862920175378754,
        -17.971753970013197
      ],
      [
        -0.0876712564593039,
        -0.9959904088817537,
        0.01780045523024809,
        19.846069334655112
      ],
      [
        -0.004280454362473853,
        0.018245759776937445,
        0.9998243695572804,
        0.4748561508552669
      ],
      [
        0.0,
        0.0,
        0.0,
        1.0
      ]
    ],
    "location": [
      -17.971753970013197,
      19.846069334655112,
      0.4748561508552669
    ],
    "rotation": [
      0.018246939469940587,
      0.004280467433868999,
      -3.053807890077173
    ]
  },
  {
    "label_id": "XH8EEUqMWDsB2IqwYEVCqg",
    "size": [
      0.7772861356849964,
      0.12044237215146732,
      0.46637168141589314
    ],
    "obj_class": "sign",
    "point_num_in_lidar": 91,
    "speed": 0.013144611395328598,
    "if_vehicle": false,
    "motion_state": false,
    "pose": [
      [
        -0.005019301418292819,
        0.9999702159465998,
        -0.005862920175378754,
        6.525621943259239
      ],
      [
        -0.9998294825340982,
        -0.004914229257300663,
        0.01780045523024809,
        28.104609608668397
      ],
      [
        0.0177711133266799,
        0.005951266295271107,
        0.9998243695572804,
        1.9587108939425306
      ],
      [
        0.0,
        0.0,
        0.0,
        1.0
      ]
    ],
    "location": [
      6.525621943259239,
      28.104609608668397,
      1.9587108939425306
    ],
    "rotation": [
      0.005952241407074761,
      -0.017772048849500774,
      -1.5758164420657157
    ]
  },
  {
    "label_id": "YMCH2TkTYWdgEE8q3XIBEg",
    "size": [
      0.6750242326117055,
      0.6473499822288307,
      1.6199999999999974
    ],
    "obj_class": "pedestrian",
    "point_num_in_lidar": 40,
    "speed": 1.2835700900525804,
    "if_vehicle": false,
    "motion_state": true,
    "pose": [
      [
        -0.09011111108773605,
        -0.9959144610987185,
        -0.005862920175378754,
        -11.039258870271851
      ],
      [
        0.9957643722050489,
        -0.09020232170338434,
        0.01780045523024809,
        9.354230342280061
      ],
      [
        -0.01825657978972517,
        -0.004234068229059183,
        0.9998243695572804,
        0.49666941742049886
      ],
      [
        0.0,
        0.0,
        0.0,
        1.0
      ]
    ],
    "location": [
      -11.039258870271851,
      9.354230342280061,
      0.49666941742049886
    ],
    "rotation": [
      -0.004234786676048926,
      0.018257594103105436,
      1.661044918474769
    ]
  },
  {
    "label_id": "dOzfdH28bWp78162th45ZQ",
    "size": [
      2.22504750778251,
      4.952390760509612,
      1.4772722474731381
    ],
    "obj_class": "vehicle",
    "point_num_in_lidar": 3481,
    "speed": 0.13602601051094976,
    "if_vehicle": true,
    "motion_state": false,
    "pose": [
      [
        0.13570020617965917,
        0.9907325977325139,
        -0.005862920175378754,
        -8.226081606981325
      ],
      [
        -0.9905784828742193,
        0.13578443600135418,
        0.01780045523024809,
        24.256240155174964
      ],
      [
        0.018431584560419767,
        0.00339215712770288,
        0.9998243695572804,
        0.11509525871874615
      ],
      [
        0.0,
        0.0,
        0.0,
        1.0
      ]
    ],
    "location": [
      -8.226081606981325,
      24.256240155174964,
      0.11509525871874615
    ],
    "rotation": [
      0.003392739980767503,
      -0.01843262832647797,
      -1.4346528834411645
    ]
  },
  {
    "label_id": "e3SoTY4ZM2RgUcGSgbCw2Q",
    "size": [
      2.2155390665535437,
      4.6419119317498865,
      1.793922421779314
    ],
    "obj_class": "vehicle",
    "point_num_in_lidar": 524,
    "speed": 2.929642751054232e-13,
    "if_vehicle": true,
    "motion_state": false,
    "pose": [
      [
        -0.04697011851467665,
        -0.9988790888459596,
        -0.005862920175378754,
        6.381204424023963
      ],
      [
        0.9987330836276234,
        -0.04706773269719395,
        0.01780045523024809,
        10.562579060029748
      ],
      [
        -0.018056456861073218,
        -0.005019402854038681,
        0.9998243695572804,
        0.45041869653375244
      ],
      [
        0.0,
        0.0,
        0.0,
        1.0
      ]
    ],
    "location": [
      6.381204424023963,
      10.562579060029748,
      0.45041869653375244
    ],
    "rotation": [
      -0.0050202423936368664,
      0.018057438179783107,
      1.6177914006314578
    ]
  },
  {
    "label_id": "gzHVXsws0eboEaFBL3fSzQ",
    "size": [
      0.7296529798989342,
      0.8022160096950426,
      1.7100000000000009
    ],
    "obj_class": "pedestrian",
    "point_num_in_lidar": 71,
    "speed": 1.3029860269499989,
    "if_vehicle": false,
    "motion_state": true,
    "pose": [
      [
        -0.1428380138025988,
        -0.9897287143353706,
        -0.005862920175378754,
        -11.692601603444473
      ],
      [
        0.9895739963410041,
        -0.14292113055559788,
        0.01780045523024809,
        9.17944100902423
      ],
      [
        -0.01845555684944012,
        -0.0032592116783071354,
        0.9998243695572804,
        0.8418410090259982
      ],
      [
        0.0,
        0.0,
        0.0,
        1.0
      ]
    ],
    "location": [
      -11.692601603444473,
      9.17944100902423,
      0.8418410090259982
    ],
    "rotation": [
      -0.003259772649356867,
      0.01845660469380985,
      1.7141491526373716
    ]
  },
  {
    "label_id": "ho3rcpWrA33tetBa8wR4Pg",
    "size": [
      0.6359592087323275,
      0.6286638680823156,
      1.6188524052985755
    ],
    "obj_class": "pedestrian",
    "point_num_in_lidar": 28,
    "speed": 3.552713678800501e-14,
    "if_vehicle": false,
    "motion_state": false,
    "pose": [
      [
        -0.14463897243651141,
        0.9894671261944619,
        -0.005862920175378754,
        -12.57336487916109
      ],
      [
        -0.9893424480432857,
        -0.14451527356412694,
        0.01780045523024809,
        7.36384306333639
      ],
      [
        0.01676568376859726,
        0.008375075352396795,
        0.9998243695572804,
        0.6258115610996953
      ],
      [
        0.0,
        0.0,
        0.0,
        1.0
      ]
    ],
    "location": [
      -12.57336487916109,
      7.36384306333639,
      0.6258115610996953
    ],
    "rotation": [
      0.008376350619480515,
      -0.016766469307142384,
      -1.715964973811409
    ]
  },
  {
    "label_id": "iK821UNKaU58mEdNH7bCAg",
    "size": [
      0.6736724280060843,
      0.5654848181123928,
      1.1000000000000014
    ],
    "obj_class": "sign",
    "point_num_in_lidar": 20,
    "speed": 1.421529491362787e-12,
    "if_vehicle": false,
    "motion_state": false,
    "pose": [
      [
        -0.10233586606598567,
        -0.994732625725899,
        -0.005862920175378754,
        -10.359018133466861
      ],
      [
        0.9945814279283683,
        -0.10242522645112223,
        0.01780045523024809,
        23.398864004038842
      ],
      [
        -0.01830720449692902,
        -0.004009526517501998,
        0.9998243695572804,
        -0.015079578159721052
      ],
      [
        0.0,
        0.0,
        0.0,
        1.0
      ]
    ],
    "location": [
      -10.359018133466861,
      23.398864004038842,
      -0.015079578159721052
    ],
    "rotation": [
      -0.0040102093388808355,
      0.018308227272522685,
      1.673328904848232
    ]
  },
  {
    "label_id": "iMO8XPPJOQopigo1OG2RUg",
    "size": [
      0.5857817631658361,
      0.5345773345299226,
      1.5950292733247764
    ],
    "obj_class": "pedestrian",
    "point_num_in_lidar": 181,
    "speed": 0.004706762058560374,
    "if_vehicle": false,
    "motion_state": false,
    "pose": [
      [
        -0.9986972999272514,
        0.050688551814338095,
        -0.005862920175378754,
        -13.831254563431003
      ],
      [
        -0.050785621752893265,
        -0.9985509323097985,
        0.01780045523024809,
        23.76100108580613
      ],
      [
        -0.004952145109925147,
        0.01807501862231888,
        0.9998243695572804,
        0.22724444917945874
      ],
      [
        0.0,
        0.0,
        0.0,
        1.0
      ]
    ],
    "location": [
      -13.831254563431003,
      23.76100108580613,
      0.22724444917945874
    ],
    "rotation": [
      0.018076224644610263,
      0.00495216535100269,
      -3.090784552046156
    ]
  },
  {
    "label_id": "lLNzlQwvuqVjvE6i_V72ww",
    "size": [
      2.3560002890778167,
      5.907938778904348,
      2.3115983138329668
    ],
    "obj_class": "vehicle",
    "point_num_in_lidar": 211,
    "speed": 9.160813295088737,
    "if_vehicle": true,
    "motion_state": true,
    "pose": [
      [
        -0.07944433643198766,
        -0.996822062143439,
        -0.005862920175378754,
        4.300438557687812
      ],
      [
        0.9966729582918323,
        -0.0795371485747597,
        0.01780045523024809,
        -13.12416229633709
      ],
      [
        -0.018210206442778924,
        -0.004429268641469248,
        0.9998243695572804,
        1.3110513220756346
      ],
      [
        0.0,
        0.0,
        0.0,
        1.0
      ]
    ],
    "location": [
      4.300438557687812,
      -13.12416229633709,
      1.3110513220756346
    ],
    "rotation": [
      -0.0044300177125203575,
      0.01821121304566923,
      1.6503376863895138
    ]
  },
  {
    "label_id": "nIflfxa4C8DxMvjsHgEFRw",
    "size": [
      2.1297187759872083,
      5.000213637888109,
      1.5364430207010855
    ],
    "obj_class": "vehicle",
    "point_num_in_lidar": 145,
    "speed": 0.024688486372766168,
    "if_vehicle": true,
    "motion_state": false,
    "pose": [
      [
        -0.10019686142463473,
        -0.9949503581222883,
        -0.005862920175378754,
        6.598447074182559
      ],
      [
        0.9947993528074225,
        -0.10028654669261207,
        0.01780045523024809,
        4.234822568469099
      ],
      [
        -0.018298541323998274,
        -0.004048879450027782,
        0.9998243695572804,
        0.42915839707286096
      ],
      [
        0.0,
        0.0,
        0.0,
        1.0
      ]
    ],
    "location": [
      6.598447074182559,
      4.234822568469099,
      0.42915839707286096
    ],
    "rotation": [
      -0.0040495685449879765,
      0.01829956264816675,
      1.6711784669832939
    ]
  },
  {
    "label_id": "pNF7--4PhPC6nApPId7wiQ",
    "size": [
      0.6823597473955447,
      0.17192131331295601,
      1.0600000000000023
    ],
    "obj_class": "sign",
    "point_num_in_lidar": 63,
    "speed": 0.11550847464690438,
    "if_vehicle": false,
    "motion_state": false,
    "pose": [
      [
        0.26161531405800664,
        0.9651544195709554,
        -0.005862920175378754,
        -10.673237061465443
      ],
      [
        -0.9649907766377807,
        0.2616790874288749,
        0.01780045523024809,
        28.88712821556328
      ],
      [
        0.018714391637010323,
        0.001000792207967217,
        0.9998243695572804,
        -0.0013751050500658835
      ],
      [
        0.0,
        0.0,
        0.0,
        1.0
      ]
    ],
    "location": [
      -10.673237061465443,
      28.88712821556328,
      -0.0013751050500658835
    ],
    "rotation": [
      0.001000967674119606,
      -0.018715484194618725,
      -1.3060534221898785
    ]
  },
  {
    "label_id": "pdUa5SYgjcgD0TDMBTMdpA",
    "size": [
      2.1067316843631647,
      4.356208741592688,
      1.3984952537723458
    ],
    "obj_class": "vehicle",
    "point_num_in_lidar": 1922,
    "speed": 0.21496163747882624,
    "if_vehicle": true,
    "motion_state": false,
    "pose": [
      [
        -0.1607624706131546,
        -0.9869757110534036,
        -0.005862920175378754,
        5.103182101076982
      ],
      [
        0.9868195112442333,
        -0.16084276801052846,
        0.01780045523024809,
        23.8386705949506
      ],
      [
        -0.01851162526758108,
        -0.0029239988610776837,
        0.9998243695572804,
        0.03813228053722639
      ],
      [
        0.0,
        0.0,
        0.0,
        1.0
      ]
    ],
    "location": [
      5.103182101076982,
      23.8386705949506,
      0.03813228053722639
    ],
    "rotation": [
      -0.0029245041569804617,
      0.018512682692108148,
      1.7322873651926916
    ]
  },
  {
    "label_id": "qFCXyuymo0i91XH5zvmRPA",
    "size": [
      0.7955822622187968,
      1.004493157534768,
      1.72624247692017
    ],
    "obj_class": "pedestrian",
    "point_num_in_lidar": 73,
    "speed": 1.4816952626768,
    "if_vehicle": false,
    "motion_state": true,
    "pose": [
      [
        0.21348890193143294,
        0.9769278964791251,
        -0.005862920175378754,
        -11.138577238257994
      ],
      [
        -0.9767676131798142,
        0.21356070246326883,
        0.01780045523024809,
        1.7328751031127467
      ],
      [
        0.018641850635597066,
        0.0019265109049831867,
        0.9998243695572804,
        0.6899758984082496
      ],
      [
        0.0,
        0.0,
        0.0,
        1.0
      ]
    ],
    "location": [
      -11.138577238257994,
      1.7328751031127467,
      0.6899758984082496
    ],
    "rotation": [
      0.0019268469337518327,
      -0.018642930536107955,
      -1.3556135357367258
    ]
  },
  {
    "label_id": "qYJMUdZlFcC9_U347E8qQA",
    "size": [
      1.938417475095411,
      4.511891662081819,
      1.5672722474731415
    ],
    "obj_class": "vehicle",
    "point_num_in_lidar": 64,
    "speed": 0.02449910013535752,
    "if_vehicle": true,
    "motion_state": false,
    "pose": [
      [
        0.07775347844610588,
        0.9969553765121828,
        -0.005862920175378754,
        -5.288982990878367
      ],
      [
        -0.9968064302968759,
        0.07784654335547367,
        0.01780045523024809,
        -20.12116004597374
      ],
      [
        0.018202667615782542,
        0.004460149219058861,
        0.9998243695572804,
        0.8452628746650106
      ],
      [
        0.0,
        0.0,
        0.0,
        1.0
      ]
    ],
    "location": [
      -5.288982990878367,
      -20.12116004597374,
      0.8452628746650106
    ],
    "rotation": [
      0.004460903104260935,
      -0.018203672968898233,
      -1.492951366352193
    ]
  },
  {
    "label_id": "rK5ux_2MIdHEgX0iTZECcg",
    "size": [
      2.4040817558075713,
      4.960022983072791,
      1.8172722474731415
    ],
    "obj_class": "vehicle",
    "point_num_in_lidar": 7015,
    "speed": 0.09530653615709424,
    "if_vehicle": true,
    "motion_state": false,
    "pose": [
      [
        0.08754470415330418,
        0.9961433385521019,
        -0.005862920175378754,
        -9.140019899049548
      ],
      [
        -0.9959934851730985,
        0.08763630119043514,
        0.01780045523024809,
        31.93702896167997
      ],
      [
        0.01824560953915153,
        0.004281094711840954,
        0.9998243695572804,
        0.12820062916387087
      ],
      [
        0.0,
        0.0,
        0.0,
        1.0
      ]
    ],
    "location": [
      -9.140019899049548,
      31.93702896167997,
      0.12820062916387087
    ],
    "rotation": [
      0.0042818205666719615,
      -0.018246622024966446,
      -1.483124778600092
    ]
  },
  {
    "label_id": "s5aO23RLZZP2IHQPJCo9cQ",
    "size": [
      2.328776440731222,
      5.353293031458655,
      1.9558168788117456
    ],
    "obj_class": "vehicle",
    "point_num_in_lidar": 195,
    "speed": 0.017778869079279835,
    "if_vehicle": true,
    "motion_state": false,
    "pose": [
      [
        -0.10019686142484946,
        -0.9949503581222666,
        -0.005862920175378754,
        7.293948256601425
      ],
      [
        0.9947993528074007,
        -0.10028654669282676,
        0.01780045523024809,
        -2.435677803292492
      ],
      [
        -0.018298541323999152,
        -0.0040488794500238325,
        0.9998243695572804,
        0.7536681465047366
      ],
      [
        0.0,
        0.0,
        0.0,
        1.0
      ]
    ],
    "location": [
      7.293948256601425,
      -2.435677803292492,
      0.7536681465047366
    ],
    "rotation": [
      -0.004049568544984026,
      0.01829956264816763,
      1.67117846698351
    ]
  },
  {
    "label_id": "tFMYVPCUjzCvUWFmOTKG0w",
    "size": [
      2.1177477799472584,
      4.607182423773619,
      1.4772722474731381
    ],
    "obj_class": "vehicle",
    "point_num_in_lidar": 1224,
    "speed": 2.8421709430404007e-13,
    "if_vehicle": true,
    "motion_state": false,
    "pose": [
      [
        0.050589927112747776,
        0.9987023007091472,
        -0.005862920175378754,
        -7.946387811618479
      ],
      [
        -0.9985559426783654,
        0.050687011505085595,
        0.01780045523024809,
        17.864816684295874
      ],
      [
        0.01807452949450176,
        0.00495393004990136,
        0.9998243695572804,
        0.2403734118019969
      ],
      [
        0.0,
        0.0,
        0.0,
        1.0
      ]
    ],
    "location": [
      -7.946387811618479,
      17.864816684295874,
      0.2403734118019969
    ],
    "rotation": [
      0.004954759717404942,
      -0.018075513763044743,
      -1.5201765191130363
    ]
  },
  {
    "label_id": "xWTOq8rd6R_PA_SNy95jeA",
    "size": [
      2.152766991703254,
      4.6223847380506875,
      1.4784952537723441
    ],
    "obj_class": "vehicle",
    "point_num_in_lidar": 834,
    "speed": 0.06364018985705766,
    "if_vehicle": true,
    "motion_state": false,
    "pose": [
      [
        -0.0827204860632275,
        -0.9965555415291615,
        -0.005862920175378754,
        5.876466523959607
      ],
      [
        0.9964061334072432,
        -0.08281280759654847,
        0.01780045523024809,
        16.472206085558355
      ],
      [
        -0.018224667181883047,
        -0.004369387313631618,
        0.9998243695572804,
        0.16778696839601537
      ],
      [
        0.0,
        0.0,
        0.0,
        1.0
      ]
    ],
    "location": [
      5.876466523959607,
      16.472206085558355,
      0.16778696839601537
    ],
    "rotation": [
      -0.004370127025405895,
      0.018225676184949836,
      1.6536252308341524
    ]
  }
]