[
  {
    "label_id": "-JlrjFxd9aXnrn4EdZQ2BA",
    "size": [
      0.7895148592745895,
      0.8159461327414332,
      1.167908180141346
    ],
    "obj_class": "pedestrian",
    "point_num_in_lidar": 112,
    "speed": 0.7507341479663734,
    "if_vehicle": false,
    "motion_state": false,
    "pose": [
      [
        0.03563925898796941,
        0.9992882018174025,
        -0.012366605327670394,
        -8.082637668625466
      ],
      [
        -0.99923539836242,
        0.03583098637659475,
        0.015644777875563228,
        -56.946443961989644
      ],
      [
        0.016076749618124747,
        0.011799581510469101,
        0.9998011342251487,
        1.3917402333395614
      ],
      [
        0.0,
        0.0,
        0.0,
        1.0
      ]
    ],
    "location": [
      -8.082637668625466,
      -56.946443961989644,
      1.3917402333395614
    ],
    "rotation": [
      0.011801380610012036,
      -0.01607744223650189,
      -1.5351449094003817
    ]
  },
  {
    "label_id": "0X-Faf2hnLZnaFBb00FydQ",
    "size": [
      0.5172362167046878,
      0.09826200311728661,
      0.5399999999999991
    ],
    "obj_class": "sign",
    "point_num_in_lidar": 28,
    "speed": 0.02454169572603793,
    "if_vehicle": false,
    "motion_state": false,
    "pose": [
      [
        0.08555245959409595,
        -0.9962569165280962,
        -0.012366605327670394,
        14.160380024369488
      ],
      [
        0.9962277032167226,
        0.08535575123421826,
        0.015644777875563228,
        -68.95617971398678
      ],
      [
        -0.01453065727811521,
        -0.013658404049230492,
        0.9998011342251487,
        4.287235822758845
      ],
      [
        0.0,
        0.0,
        0.0,
        1.0
      ]
    ],
    "location": [
      14.160380024369488,
      -68.95617971398678,
      4.287235822758845
    ],
    "rotation": [
      -0.013660271032633516,
      0.014531168660536558,
      1.4851300925863975
    ]
  },
  {
    "label_id": "1QUadbkhVP7b1ahvYgu9kw",
    "size": [
      0.8194169378852336,
      1.2619141868906687,
      1.9600842317735356
    ],
    "obj_class": "pedestrian",
    "point_num_in_lidar": 70,
    "speed": 3.1082389066243024,
    "if_vehicle": false,
    "motion_state": true,
    "pose": [
      [
        -0.09304593315871135,
        -0.995585014649826,
        -0.012366605327670394,
        -3.5687138032278654
      ],
      [
        0.9955212729903503,
        -0.09323430671644828,
        0.015644777875563228,
        -89.309079288043
      ],
      [
        -0.016728698284597176,
        -0.010855535721879136,
        0.9998011342251487,
        2.4637638264101653
      ],
      [
        0.0,
        0.0,
        0.0,
        1.0
      ]
    ],
    "location": [
      -3.5687138032278654,
      -89.309079288043,
      2.4637638264101653
    ],
    "rotation": [
      -0.010857268306422488,
      0.01672947863541903,
      1.6639901228588452
    ]
  },
  {
    "label_id": "2fLpYe9rFw94itPHlSmP7w",
    "size": [
      0.6186854124036261,
      0.26570049707579785,
      0.6700000000000017
    ],
    "obj_class": "pedestrian",
    "point_num_in_lidar": 49,
    "speed": 0.6937845867045174,
    "if_vehicle": false,
    "motion_state": false,
    "pose": [
      [
        0.9998907370631358,
        0.008098210173156652,
        -0.012366605327670394,
        -5.983082829894784
      ],
      [
        -0.00790435689873431,
        0.9998463692324144,
        0.015644777875563228,
        -57.748398061952685
      ],
      [
        0.01249140013595014,
        -0.015545318419050262,
        0.9998011342251487,
        1.5144670164075933
      ],
      [
        0.0,
        0.0,
        0.0,
        1.0
      ]
    ],
    "location": [
      -5.983082829894784,
      -57.748398061952685,
      1.5144670164075933
    ],
    "rotation": [
      -0.015547157688813554,
      -0.012491725008192902,
      -0.007905055980163654
    ]
  },
  {
    "label_id": "2jWNOOfzy3eCU2wdIeh1tg",
    "size": [
      0.7194131262373432,
      0.5887220451180889,
      1.7299999999999969
    ],
    "obj_class": "pedestrian",
    "point_num_in_lidar": 27,
    "speed": 0.09363567994500924,
    "if_vehicle": false,
    "motion_state": false,
    "pose": [
      [
        -0.9752222157384652,
        0.22088163573015263,
        -0.012366605327670394,
        17.206376230136584
      ],
      [
        -0.22106019628173648,
        -0.9751346730298868,
        0.015644777875563228,
        -95.49114385323628
      ],
      [
        -0.008603461514898218,
        0.01799089914561648,
        0.9998011342251487,
        2.5078339140108596
      ],
      [
        0.0,
        0.0,
        0.0,
        1.0
      ]
    ],
    "location": [
      17.206376230136584,
      -95.49114385323628,
      2.5078339140108596
    ],
    "rotation": [
      0.01799253579729923,
      0.008603567655825366,
      -2.918682836650856
    ]
  },
  {
    "label_id": "3usFYO8gCBm5olc5HAUTxA",
    "size": [
      0.1898852469027941,
      0.06617106018525654,
      0.28999999999999915
    ],
    "obj_class": "sign",
    "point_num_in_lidar": 22,
    "speed": 0.02340653213503922,
    "if_vehicle": false,
    "motion_state": false,
    "pose": [
      [
        0.5621245053005282,
        -0.8269601608380576,
        -0.012366605327670394,
        -4.391720696982475
      ],
      [
        0.8270309428262744,
        0.5619386626075019,
        0.015644777875563228,
        -53.543034920199716
      ],
      [
        -0.005988334369425544,
        -0.019021878287541302,
        0.9998011342251487,
        1.313590986028501
      ],
      [
        0.0,
        0.0,
        0.0,
        1.0
      ]
    ],
    "location": [
      -4.391720696982475,
      -53.543034920199716,
      1.313590986028501
    ],
    "rotation": [
      -0.01902336672919406,
      0.005988370160429754,
      0.9738318087769265
    ]
  },
  {
    "label_id": "AnmjxPABapPDruv9_zJfdA",
    "size": [
      0.9442796685901518,
      1.283126946081576,
      1.8862076711532936
    ],
    "obj_class": "pedestrian",
    "point_num_in_lidar": 301,
    "speed": 1.5831747678101435,
    "if_vehicle": false,
    "motion_state": true,
    "pose": [
      [
        0.07350096124458012,
        0.9972184694282352,
        -0.012366605327670394,
        -5.265187271956393
      ],
      [
        -0.9971584347267598,
        0.07369054877324682,
        0.015644777875563228,
        -61.249171588957324
      ],
      [
        0.01651256338067207,
        0.011181558599111583,
        0.9998011342251487,
        1.8780546923816388
      ],
      [
        0.0,
        0.0,
        0.0,
        1.0
      ]
    ],
    "location": [
      -5.265187271956393,
      -61.249171588957324,
      1.8780546923816388
    ],
    "rotation": [
      0.01118331642773168,
      -0.01651331387175302,
      -1.497218974185868
    ]
  },
  {
    "label_id": "HUUEfy28oF2K_ISZRkMy6Q",
    "size": [
      0.8119127542137206,
      1.1004562136679052,
      1.8288524052985764
    ],
    "obj_class": "pedestrian",
    "point_num_in_lidar": 172,
    "speed": 1.7408468064810008,
    "if_vehicle": false,
    "motion_state": true,
    "pose": [
      [
        0.14946557453866427,
        0.9886895918843772,
        -0.012366605327670394,
        -7.522345573592929
      ],
      [
        -0.9886152496645074,
        0.1496500219044682,
        0.015644777875563228,
        -63.37973633459478
      ],
      [
        0.01731849181108213,
        0.009887458899816452,
        0.9998011342251487,
        1.9667323253090316
      ],
      [
        0.0,
        0.0,
        0.0,
        1.0
      ]
    ],
    "location": [
      -7.522345573592929,
      -63.37973633459478,
      1.9667323253090316
    ],
    "rotation": [
      0.009889103189305465,
      -0.017319357650947692,
      -1.4207458986257038
    ]
  },
  {
    "label_id": "InPwvU2homAc1AtpmC4pDQ",
    "size": [
      2.1166185057517066,
      4.313385827928875,
      1.7074263757876054
    ],
    "obj_class": "vehicle",
    "point_num_in_lidar": 74,
    "speed": 10.563643164848841,
    "if_vehicle": true,
    "motion_state": true,
    "pose": [
      [
        0.06720219615048012,
        0.9976627345477137,
        -0.012366605327670394,
        7.686240544250268
      ],
      [
        -0.9976038982628316,
        0.06739215900997757,
        0.015644777875563228,
        -99.7760244248766
      ],
      [
        0.016441624109381985,
        0.011285610251637596,
        0.9998011342251487,
        2.5810303318960166
      ],
      [
        0.0,
        0.0,
        0.0,
        1.0
      ]
    ],
    "location": [
      7.686240544250268,
      -99.7760244248766,
      2.5810303318960166
    ],
    "rotation": [
      0.011287375639779978,
      -0.016442364968671574,
      -1.5035343394902427
    ]
  },
  {
    "label_id": "MczOFaRiOEUD_vOsJwKQaA",
    "size": [
      2.0210626506084215,
      4.810917017073292,
      1.4448945068278505
    ],
    "obj_class": "vehicle",
    "point_num_in_lidar": 3709,
    "speed": 0.06425330162354073,
    "if_vehicle": true,
    "motion_state": false,
    "pose": [
      [
        -0.07234614834655607,
        -0.9973029138090831,
        -0.012366605327670394,
        10.074042202430519
      ],
      [
        0.9972430986872951,
        -0.07253580526737012,
        0.015644777875563228,
        -43.53653244511952
      ],
      [
        -0.016499604237061406,
        -0.01120067239617442,
        0.9998011342251487,
        1.2991293324968893
      ],
      [
        0.0,
        0.0,
        0.0,
        1.0
      ]
    ],
    "location": [
      10.074042202430519,
      -43.53653244511952,
      1.2991293324968893
    ],
    "rotation": [
      -0.011202431631669077,
      0.01650035296241691,
      1.6432156093236931
    ]
  },
  {
    "label_id": "NBgbV7Va-YyVHVquDtiqxg",
    "size": [
      1.0389736746813891,
      1.1930606057699777,
      1.8999999999999986
    ],
    "obj_class": "pedestrian",
    "point_num_in_lidar": 274,
    "speed": 1.8481966652857984,
    "if_vehicle": false,
    "motion_state": true,
    "pose": [
      [
        -0.033084553207026565,
        -0.9993760450459881,
        -0.012366605327670394,
        -4.353008972564794
      ],
      [
        0.9993237318971638,
        -0.03327641495638601,
        0.015644777875563228,
        -62.94926958063843
      ],
      [
        -0.01604653252938877,
        -0.011840641700910743,
        0.9998011342251487,
        1.8912103292328197
      ],
      [
        0.0,
        0.0,
        0.0,
        1.0
      ]
    ],
    "location": [
      -4.353008972564794,
      -62.94926958063843,
      1.8912103292328197
    ],
    "rotation": [
      -0.011842443228190886,
      0.016047221249363888,
      1.6038911812814751
    ]
  },
  {
    "label_id": "SAAwhsDca5CYMeNiy8pbOw",
    "size": [
      2.1547919550790744,
      5.2083378786918395,
      2.0472722474731384
    ],
    "obj_class": "vehicle",
    "point_num_in_lidar": 1846,
    "speed": 8.556067554929069e-13,
    "if_vehicle": true,
    "motion_state": false,
    "pose": [
      [
        -0.1093623667993163,
        -0.9939250171923038,
        -0.012366605327670394,
        11.695995193291992
      ],
      [
        0.9938581945240553,
        -0.10954966956869074,
        0.015644777875563228,
        -62.62398759418829
      ],
      [
        -0.01690449364627166,
        -0.010579702106828886,
        0.9998011342251487,
        1.8579404621743194
      ],
      [
        0.0,
        0.0,
        0.0,
        1.0
      ]
    ],
    "location": [
      11.695995193291992,
      -62.62398759418829,
      1.8579404621743194
    ],
    "rotation": [
      -0.010581411527890062,
      0.016905298859873144,
      1.6803935967366501
    ]
  },
  {
    "label_id": "WQ3NV7YhXVWfTw1Liq08Tw",
    "size": [
      0.5172362167046878,
      0.09826200311728661,
      0.490000000000002
    ],
    "obj_class": "sign",
    "point_num_in_lidar": 57,
    "speed": 0.022951813006298855,
    "if_vehicle": false,
    "motion_state": false,
    "pose": [
      [
        0.08555245959409595,
        -0.9962569165280962,
        -0.012366605327670394,
        14.163569863964995
      ],
      [
        0.9962277032167226,
        0.08535575123421826,
        0.015644777875563228,
        -68.95888144088167
      ],
      [
        -0.01453065727811521,
        -0.013658404049230492,
        0.9998011342251487,
        3.7533647051884316
      ],
      [
        0.0,
        0.0,
        0.0,
        1.0
      ]
    ],
    "location": [
      14.163569863964995,
      -68.95888144088167,
      3.7533647051884316
    ],
    "rotation": [
      -0.013660271032633516,
      0.014531168660536558,
      1.4851300925863975
    ]
  },
  {
    "label_id": "XB9iY_t9oXNSYC_x3HoAZA",
    "size": [
      0.7275666185663586,
      0.9426085402385718,
      1.6662076711532947
    ],
    "obj_class": "pedestrian",
    "point_num_in_lidar": 76,
    "speed": 1.2084686174415882,
    "if_vehicle": false,
    "motion_state": true,
    "pose": [
      [
        -0.13359997012393704,
        -0.990958180275814,
        -0.012366605327670394,
        -3.7714144010917607
      ],
      [
        0.9908868038695956,
        -0.13378558533086396,
        0.015644777875563228,
        -78.95158942775561
      ],
      [
        -0.01715779414670562,
        -0.01016376417108115,
        0.9998011342251487,
        2.1000640995154924
      ],
      [
        0.0,
        0.0,
        0.0,
        1.0
      ]
    ],
    "location": [
      -3.7714144010917607,
      -78.95158942775561,
      2.1000640995154924
    ],
    "rotation": [
      -0.010165435631381668,
      0.017158636105133004,
      1.7048168075862022
    ]
  },
  {
    "label_id": "eUvjCEr44xj0JhoTK13GOw",
    "size": [
      0.9033761271721649,
      1.2275531915227762,
      1.8088524052985733
    ],
    "obj_class": "pedestrian",
    "point_num_in_lidar": 390,
    "speed": 1.404418439802332,
    "if_vehicle": false,
    "motion_state": true,
    "pose": [
      [
        -0.07874293039599863,
        0.996818247217275,
        -0.012366605327670394,
        -5.258277042377358
      ],
      [
        -0.9967876904582912,
        -0.07854642624620126,
        0.015644777875563228,
        -58.301855886707926
      ],
      [
        0.0146236474067368,
        0.013558795618694107,
        0.9998011342251487,
        1.7567323253090663
      ],
      [
        0.0,
        0.0,
        0.0,
        1.0
      ]
    ],
    "location": [
      -5.258277042377358,
      -58.301855886707926,
      1.7567323253090663
    ],
    "rotation": [
      0.013560661244005023,
      -0.014624168670659445,
      -1.6496293058818066
    ]
  },
  {
    "label_id": "hcrw76nseDR0xxwdPMNQlA",
    "size": [
      0.9554062405057295,
      0.823365753160863,
      1.6199999999999974
    ],
    "obj_class": "pedestrian",
    "point_num_in_lidar": 45,
    "speed": 0.0041277833704025674,
    "if_vehicle": false,
    "motion_state": false,
    "pose": [
      [
        -0.8811037542988844,
        0.47276129413593143,
        -0.012366605327670394,
        17.478628219225584
      ],
      [
        -0.4729100712210517,
        -0.880971796065529,
        0.015644777875563228,
        -87.07303778099777
      ],
      [
        -0.003498385071830866,
        0.019632964727602134,
        0.9998011342251487,
        2.2607135989641876
      ],
      [
        0.0,
        0.0,
        0.0,
        1.0
      ]
    ],
    "location": [
      17.478628219225584,
      -87.07303778099777,
      2.2607135989641876
    ],
    "rotation": [
      0.019634346376839095,
      0.0034983922078166284,
      -2.6489987767401075
    ]
  },
  {
    "label_id": "hfwBtfwps5qa36ezQePSwg",
    "size": [
      0.7931411975779049,
      1.2062960889686793,
      1.8300000000000054
    ],
    "obj_class": "pedestrian",
    "point_num_in_lidar": 53,
    "speed": 3.3420657665851508,
    "if_vehicle": false,
    "motion_state": true,
    "pose": [
      [
        -0.0823539815668202,
        -0.9965264114878046,
        -0.012366605327670394,
        -2.917989513944576
      ],
      [
        0.9964646954988249,
        -0.08254302847399256,
        0.015644777875563228,
        -88.9349556894922
      ],
      [
        -0.01661121141054735,
        -0.011034475863410094,
        0.9998011342251487,
        2.346310918062315
      ],
      [
        0.0,
        0.0,
        0.0,
        1.0
      ]
    ],
    "location": [
      -2.917989513944576,
      -88.9349556894922,
      2.346310918062315
    ],
    "rotation": [
      -0.011036222593596937,
      0.016611975433837904,
      1.6532550866758002
    ]
  },
  {
    "label_id": "m1DhI6CUMFGLwFDMpQXICQ",
    "size": [
      0.8813313296859939,
      0.919217660923858,
      1.4500000000000028
    ],
    "obj_class": "pedestrian",
    "point_num_in_lidar": 219,
    "speed": 1.2010172457650818,
    "if_vehicle": false,
    "motion_state": true,
    "pose": [
      [
        -0.05667425875794323,
        0.9983161300244062,
        -0.012366605327670394,
        14.550762734833825
      ],
      [
        -0.9982812341122514,
        -0.05647847859622588,
        0.015644777875563228,
        -54.766887647903786
      ],
      [
        0.014919987049516931,
        0.01323200621781616,
        0.9998011342251487,
        1.5418222548421383
      ],
      [
        0.0,
        0.0,
        0.0,
        1.0
      ]
    ],
    "location": [
      14.550762734833825,
      -54.766887647903786,
      1.5418222548421383
    ],
    "rotation": [
      0.013233865508380138,
      -0.014920540651447767,
      -1.6275072880672625
    ]
  },
  {
    "label_id": "py8zJZRABr-k6qjoeH8D2w",
    "size": [
      0.7772359472482487,
      0.7309436320632802,
      1.5340060935992454
    ],
    "obj_class": "pedestrian",
    "point_num_in_lidar": 207,
    "speed": 0.8166727789370409,
    "if_vehicle": false,
    "motion_state": false,
    "pose": [
      [
        0.06703908132363463,
        0.9976737085079233,
        -0.012366605327670394,
        -7.350158928491737
      ],
      [
        -0.9976149032820071,
        0.06722905380009406,
        0.015644777875563228,
        -56.94586667463773
      ],
      [
        0.01643977873679436,
        0.01128829824160057,
        0.9998011342251487,
        1.6531222927058025
      ],
      [
        0.0,
        0.0,
        0.0,
        1.0
      ]
    ],
    "location": [
      -7.350158928491737,
      -56.94586667463773,
      1.6531222927058025
    ],
    "rotation": [
      0.01129006382180038,
      -0.01644051934663435,
      -1.503697847235152
    ]
  },
  {
    "label_id": "rCIKnCfuvco-eqQWUwlUOQ",
    "size": [
      0.6496025147092079,
      0.8832043404860536,
      1.5537234042553294
    ],
    "obj_class": "pedestrian",
    "point_num_in_lidar": 270,
    "speed": 0.7110125585996422,
    "if_vehicle": false,
    "motion_state": false,
    "pose": [
      [
        0.029474271852658426,
        0.9994890366439368,
        -0.012366605327670394,
        -6.290656957113242
      ],
      [
        -0.9994374169023502,
        0.02966632132202949,
        0.015644777875563228,
        -56.83862550108279
      ],
      [
        0.01600365565466846,
        0.011898529648358934,
        0.9998011342251487,
        1.6425204919229799
      ],
      [
        0.0,
        0.0,
        0.0,
        1.0
      ]
    ],
    "location": [
      -6.290656957113242,
      -56.83862550108279,
      1.6425204919229799
    ],
    "rotation": [
      0.011900334530463687,
      -0.01600433886811093,
      -1.5413140089318826
    ]
  },
  {
    "label_id": "ucVAeC1wwuoLAn2C4cTN4A",
    "size": [
      0.8885710738858111,
      0.9070466531249303,
      1.726207671153297
    ],
    "obj_class": "pedestrian",
    "point_num_in_lidar": 33,
    "speed": 0.7102330208420927,
    "if_vehicle": false,
    "motion_state": false,
    "pose": [
      [
        -0.21722342009445986,
        -0.9760435711765819,
        -0.012366605327670394,
        -3.877911026586389
      ],
      [
        0.9759566986084939,
        -0.2174023076382436,
        0.015644777875563228,
        -95.29310283030281
      ],
      [
        -0.017958513403816056,
        -0.008670859151839428,
        0.9998011342251487,
        2.4425328435515397
      ],
      [
        0.0,
        0.0,
        0.0,
        1.0
      ]
    ],
    "location": [
      -3.877911026586389,
      -95.29310283030281,
      2.4425328435515397
    ],
    "rotation": [
      -0.008672366409352247,
      0.01795947883858466,
      1.7898012852877325
    ]
  },
  {
    "label_id": "wMUdRIDh7znXWBSuOCttNg",
    "size": [
      0.8265578553025758,
      0.10863909985943096,
      0.7800000000000011
    ],
    "obj_class": "sign",
    "point_num_in_lidar": 20,
    "speed": 0.010248654074710555,
    "if_vehicle": false,
    "motion_state": false,
    "pose": [
      [
        -0.03802416581486959,
        -0.9992002951794764,
        -0.012366605327670394,
        0.0825604566380207
      ],
      [
        0.9991470342777515,
        -0.03821576663103342,
        0.015644777875563228,
        -114.67703037060528
      ],
      [
        -0.01610486597450047,
        -0.011761177409148097,
        0.9998011342251487,
        5.7085385363970005
      ],
      [
        0.0,
        0.0,
        0.0,
        1.0
      ]
    ],
    "location": [
      0.0825604566380207,
      -114.67703037060528,
      5.7085385363970005
    ],
    "rotation": [
      -0.011762974201974965,
      0.01610556223344599,
      1.608834596999209
    ]
  },
  {
    "label_id": "zXhKDN5BIGX_s4bcOBrUxA",
    "size": [
      0.8319791430188567,
      0.993830654919953,
      1.5762076711532984
    ],
    "obj_class": "pedestrian",
    "point_num_in_lidar": 35,
    "speed": 1.334883671368644,
    "if_vehicle": false,
    "motion_state": true,
    "pose": [
      [
        -0.06265459962031125,
        -0.9979586505557672,
        -0.012366605327670394,
        -2.0597314124395325
      ],
      [
        0.9979006806473217,
        -0.06284482865627056,
        0.015644777875563228,
        -97.99529751638511
      ],
      [
        -0.016390018609818972,
        -0.011360426579836965,
        0.9998011342251487,
        2.4272511908824015
      ],
      [
        0.0,
        0.0,
        0.0,
        1.0
      ]
    ],
    "location": [
      -2.0597314124395325,
      -97.99529751638511,
      2.4272511908824015
    ],
    "rotation": [
      -0.011362197252559577,
      0.01639075251439305,
      1.633500425609248
    ]
  },
  {
    "label_id": "zcRL3Ri9BQSc21e8NqmUog",
    "size": [
      1.9455414357875294,
      4.366603907007664,
      1.5051311337171924
    ],
    "obj_class": "vehicle",
    "point_num_in_lidar": 65,
    "speed": 0.05281758392096453,
    "if_vehicle": true,
    "motion_state": false,
    "pose": [
      [
        -0.35415364318357706,
        0.9351054828694296,
        -0.012366605327670394,
        1.9391412985742136
      ],
      [
        -0.9351310538171578,
        -0.3539564282677125,
        0.015644777875563228,
        -119.34944899726906
      ],
      [
        0.010252278118134846,
        0.017105051753633832,
        0.9998011342251487,
        2.5875627223429163
      ],
      [
        0.0,
        0.0,
        0.0,
        1.0
      ]
    ],
    "location": [
      1.9391412985742136,
      -119.34944899726906,
      2.5875627223429163
    ],
    "rotation": [
      0.017106785122419484,
      -0.0102524577281002,
      -1.9328251295666348
    ]
  },
  {
    "label_id": "zyN6XuE8pM7RqXmZLz8paw",
    "size": [
      0.8792804098574554,
      1.0084493014463036,
      1.6899999999999977
    ],
    "obj_class": "pedestrian",
    "point_num_in_lidar": 26,
    "speed": 0.9937669463744068,
    "if_vehicle": false,
    "motion_state": false,
    "pose": [
      [
        -0.9985027506496852,
        0.053285307709367756,
        -0.012366605327670394,
        20.214721578168792
      ],
      [
        -0.053476072454076366,
        -0.9984465687256932,
        0.015644777875563228,
        -114.825132981563
      ],
      [
        -0.011513757853053287,
        0.016282671224566694,
        0.9998011342251487,
        2.6998681384803405
      ],
      [
        0.0,
        0.0,
        0.0,
        1.0
      ]
    ],
    "location": [
      20.214721578168792,
      -114.825132981563,
      2.6998681384803405
    ],
    "rotation": [
      0.016284470321776948,
      0.011514012258223601,
      -3.0880875107762757
    ]
  }
]