[
  {
    "label_id": "-JlrjFxd9aXnrn4EdZQ2BA",
    "size": [
      0.7895148592729593,
      0.8159461327414332,
      1.167908180141346
    ],
    "obj_class": "pedestrian",
    "point_num_in_lidar": 96,
    "speed": 0.7181668883565626,
    "if_vehicle": false,
    "motion_state": false,
    "pose": [
      [
        0.0511733943386598,
        0.998682527816769,
        -0.0038068813179083887,
        -8.101518965472678
      ],
      [
        -0.9985264624485334,
        0.05123358927253348,
        0.017889190039538545,
        -56.512829259483624
      ],
      [
        0.01806066172313192,
        0.0028858211590399438,
        0.9998327282772657,
        1.3917402333395401
      ],
      [
        0.0,
        0.0,
        0.0,
        1.0
      ]
    ],
    "location": [
      -8.101518965472678,
      -56.512829259483624,
      1.3917402333395401
    ],
    "rotation": [
      0.0028862959410890063,
      -0.018061643727636623,
      -1.5195922122713363
    ]
  },
  {
    "label_id": "0X-Faf2hnLZnaFBb00FydQ",
    "size": [
      0.5172362167046891,
      0.09826200311728661,
      0.5399999999999991
    ],
    "obj_class": "sign",
    "point_num_in_lidar": 34,
    "speed": 0.01363367171413145,
    "if_vehicle": false,
    "motion_state": false,
    "pose": [
      [
        0.08555838226104641,
        -0.9963258858824777,
        -0.0038068813179083887,
        14.170732372702105
      ],
      [
        0.9961794924113413,
        0.08547745772314116,
        0.017889190039538545,
        -68.94443338532801
      ],
      [
        -0.01749806057695471,
        -0.00532290725868754,
        0.9998327282772657,
        4.287235822758824
      ],
      [
        0.0,
        0.0,
        0.0,
        1.0
      ]
    ],
    "location": [
      14.170732372702105,
      -68.94443338532801,
      4.287235822758824
    ],
    "rotation": [
      -0.005323747483216572,
      0.017498953632232507,
      1.4851200651147973
    ]
  },
  {
    "label_id": "1QUadbkhVP7b1ahvYgu9kw",
    "size": [
      0.8194169378862649,
      1.2619141868906687,
      1.9600842317735356
    ],
    "obj_class": "pedestrian",
    "point_num_in_lidar": 44,
    "speed": 3.1404759407983915,
    "if_vehicle": false,
    "motion_state": true,
    "pose": [
      [
        -0.09076488388318009,
        -0.99586507294327,
        -0.0038068813179083887,
        -3.406414289458098
      ],
      [
        0.9957067417306528,
        -0.0908188380891118,
        0.017889190039538545,
        -91.15678976726849
      ],
      [
        -0.01816095608165666,
        -0.002166827136506997,
        0.9998327282772657,
        2.485582702664999
      ],
      [
        0.0,
        0.0,
        0.0,
        1.0
      ]
    ],
    "location": [
      -3.406414289458098,
      -91.15678976726849,
      2.485582702664999
    ],
    "rotation": [
      -0.0021671862531743567,
      0.018161954538595836,
      1.661701332966978
    ]
  },
  {
    "label_id": "2fLpYe9rFw94itPHlSmP7w",
    "size": [
      0.6186854124036254,
      0.26570049707579785,
      0.6700000000000017
    ],
    "obj_class": "pedestrian",
    "point_num_in_lidar": 29,
    "speed": 0.6920853058761446,
    "if_vehicle": false,
    "motion_state": false,
    "pose": [
      [
        0.999959957981399,
        0.008098770799951485,
        -0.0038068813179083887,
        -5.987592799110644
      ],
      [
        -0.008029433173514842,
        0.9998077340582243,
        0.017889190039538545,
        -57.333198330232335
      ],
      [
        0.0039510298342135715,
        -0.017857906621116578,
        0.9998327282772657,
        1.5213669520625999
      ],
      [
        0.0,
        0.0,
        0.0,
        1.0
      ]
    ],
    "location": [
      -5.987592799110644,
      -57.333198330232335,
      1.5213669520625999
    ],
    "rotation": [
      -0.017858995329973173,
      -0.003951040113967707,
      -0.008029582129718967
    ]
  },
  {
    "label_id": "AnmjxPABapPDruv9_zJfdA",
    "size": [
      0.9442796685911017,
      1.283126946081576,
      1.8862076711532936
    ],
    "obj_class": "pedestrian",
    "point_num_in_lidar": 202,
    "speed": 1.5342509498738208,
    "if_vehicle": false,
    "motion_state": true,
    "pose": [
      [
        0.044733691133330956,
        0.9989916939255398,
        -0.0038068813179083887,
        -5.279980436786445
      ],
      [
        -0.9988360198855879,
        0.044794890990452016,
        0.017889190039538545,
        -60.37998388341657
      ],
      [
        0.0180416810942038,
        0.0030022006819022395,
        0.9998327282772657,
        1.8569435547779491
      ],
      [
        0.0,
        0.0,
        0.0,
        1.0
      ]
    ],
    "location": [
      -5.279980436786445,
      -60.37998388341657,
      1.8569435547779491
    ],
    "rotation": [
      0.0030026939248977633,
      -0.018042660005582772,
      -1.5260404132208512
    ]
  },
  {
    "label_id": "HUUEfy28oF2K_ISZRkMy6Q",
    "size": [
      0.8119127542141078,
      1.1004562136679052,
      1.8288524052985764
    ],
    "obj_class": "pedestrian",
    "point_num_in_lidar": 102,
    "speed": 1.820364066234968,
    "if_vehicle": false,
    "motion_state": true,
    "pose": [
      [
        0.11048588133090505,
        0.9938704028600333,
        -0.0038068813179083887,
        -7.6994395257554515
      ],
      [
        -0.9937110333369931,
        0.11053668668842286,
        0.017889190039538545,
        -62.39671057519445
      ],
      [
        0.01820033655893352,
        0.0018064370403955755,
        0.9998327282772657,
        1.9267323253090325
      ],
      [
        0.0,
        0.0,
        0.0,
        1.0
      ]
    ],
    "location": [
      -7.6994395257554515,
      -62.39671057519445,
      1.9267323253090325
    ],
    "rotation": [
      0.0018067372908703943,
      -0.018201341525819877,
      -1.460065999034523
    ]
  },
  {
    "label_id": "InPwvU2homAc1AtpmC4pDQ",
    "size": [
      2.116618505752167,
      4.313385827928875,
      1.7074263757876054
    ],
    "obj_class": "vehicle",
    "point_num_in_lidar": 78,
    "speed": 11.498771608582459,
    "if_vehicle": true,
    "motion_state": true,
    "pose": [
      [
        0.06259326115434678,
        0.9980318588665871,
        -0.0038068813179083887,
        7.2383533682213965
      ],
      [
        -0.9978751151812816,
        0.06265166703027908,
        0.017889190039538545,
        -93.15318847819253
      ],
      [
        0.018092489049531674,
        0.002679049389604728,
        0.9998327282772657,
        2.4851338282497792
      ],
      [
        0.0,
        0.0,
        0.0,
        1.0
      ]
    ],
    "location": [
      7.2383533682213965,
      -93.15318847819253,
      2.4851338282497792
    ],
    "rotation": [
      0.0026794911811413996,
      -0.018093476255302048,
      -1.5081518536510847
    ]
  },
  {
    "label_id": "LpjY-8_dyHHjY4hjLf5uDw",
    "size": [
      1.3098817198734145,
      0.09263561123612546,
      0.9699999999999989
    ],
    "obj_class": "sign",
    "point_num_in_lidar": 49,
    "speed": 1.0658141036401503e-13,
    "if_vehicle": false,
    "motion_state": false,
    "pose": [
      [
        0.27090453906888756,
        -0.9625986901957144,
        -0.0038068813179083887,
        -2.775297414509623
      ],
      [
        0.9624700722504438,
        0.2707975939737175,
        0.017889190039538545,
        -79.56318692222521
      ],
      [
        -0.01618921659928894,
        -0.008510272119073077,
        0.9998327282772657,
        4.936812372199199
      ],
      [
        0.0,
        0.0,
        0.0,
        1.0
      ]
    ],
    "location": [
      -2.775297414509623,
      -79.56318692222521,
      4.936812372199199
    ],
    "rotation": [
      -0.008511490339517723,
      0.016189923856650468,
      1.2964268549496545
    ]
  },
  {
    "label_id": "MD6fVS0eM0ptbIe6U-jsHw",
    "size": [
      0.6395190031808561,
      0.6733852925386279,
      1.6899999999999977
    ],
    "obj_class": "pedestrian",
    "point_num_in_lidar": 20,
    "speed": 0.12013932263661353,
    "if_vehicle": false,
    "motion_state": false,
    "pose": [
      [
        -0.6733376112928514,
        -0.7393253471057707,
        -0.0038068813179083887,
        18.027184878179696
      ],
      [
        0.7391665354842869,
        -0.67328508798271,
        0.017889190039538545,
        -74.51387037523455
      ],
      [
        -0.01578904805849062,
        0.009231545214428554,
        0.9998327282772657,
        2.1946290591530584
      ],
      [
        0.0,
        0.0,
        0.0,
        1.0
      ]
    ],
    "location": [
      18.027184878179696,
      -74.51387037523455,
      2.1946290591530584
    ],
    "rotation": [
      0.009232827289199955,
      0.015789704151354646,
      2.3096237761549374
    ]
  },
  {
    "label_id": "MczOFaRiOEUD_vOsJwKQaA",
    "size": [
      2.021062650608422,
      4.810917017073292,
      1.4448945068278505
    ],
    "obj_class": "vehicle",
    "point_num_in_lidar": 4587,
    "speed": 0.05611646071699163,
    "if_vehicle": true,
    "motion_state": false,
    "pose": [
      [
        -0.07235115676061082,
        -0.99737195557627,
        -0.0038068813179083887,
        10.077873390304376
      ],
      [
        0.9972146481699743,
        -0.0724080268683218,
        0.017889190039538545,
        -43.49817381910543
      ],
      [
        -0.01811782521816171,
        -0.0025019742211918514,
        0.9998327282772657,
        1.2991293324968751
      ],
      [
        0.0,
        0.0,
        0.0,
        1.0
      ]
    ],
    "location": [
      10.077873390304376,
      -43.49817381910543,
      1.2991293324968751
    ],
    "rotation": [
      -0.0025023875774635588,
      0.018118816577510362,
      1.6432226643336345
    ]
  },
  {
    "label_id": "NBgbV7Va-YyVHVquDtiqxg",
    "size": [
      1.0389736746799432,
      1.1930606057699777,
      1.8999999999999986
    ],
    "obj_class": "pedestrian",
    "point_num_in_lidar": 152,
    "speed": 1.8452488151894626,
    "if_vehicle": false,
    "motion_state": true,
    "pose": [
      [
        0.014175595758154278,
        -0.9998922742673497,
        -0.0038068813179083887,
        -4.3952748096423875
      ],
      [
        0.9997404745350734,
        0.014105334314193748,
        0.017889190039538545,
        -64.08407549160256
      ],
      [
        -0.01783356557975146,
        -0.004059483261705738,
        0.9998327282772657,
        1.9239365792872505
      ],
      [
        0.0,
        0.0,
        0.0,
        1.0
      ]
    ],
    "location": [
      -4.3952748096423875,
      -64.08407549160256,
      1.9239365792872505
    ],
    "rotation": [
      -0.0040601401018050785,
      0.017834511001222148,
      1.5566180012955948
    ]
  },
  {
    "label_id": "NmBMsZev9_rv5hyPKybGXg",
    "size": [
      0.660577197315401,
      1.8335680424917808,
      1.6599999999999966
    ],
    "obj_class": "cyclist",
    "point_num_in_lidar": 22,
    "speed": 5.695433295429594e-13,
    "if_vehicle": false,
    "motion_state": false,
    "pose": [
      [
        -0.9856343394237289,
        0.168850397107561,
        -0.0038068813179083887,
        16.55924417088704
      ],
      [
        -0.16889172454075635,
        -0.9854722534203478,
        0.017889190039538545,
        -114.49382171314028
      ],
      [
        -0.0007309790687542958,
        0.01827515075834966,
        0.9998327282772657,
        2.7144588317647305
      ],
      [
        0.0,
        0.0,
        0.0,
        1.0
      ]
    ],
    "location": [
      16.55924417088704,
      -114.49382171314028,
      2.7144588317647305
    ],
    "rotation": [
      0.018276173053833444,
      0.000730979133851701,
      -2.971887475573179
    ]
  },
  {
    "label_id": "SAAwhsDca5CYMeNiy8pbOw",
    "size": [
      2.1547919550790757,
      5.2083378786918395,
      2.0472722474731384
    ],
    "obj_class": "vehicle",
    "point_num_in_lidar": 994,
    "speed": 8.556067554929069e-13,
    "if_vehicle": true,
    "motion_state": false,
    "pose": [
      [
        -0.10936993778999875,
        -0.9939938251128341,
        -0.0038068813179083887,
        11.695995193291765
      ],
      [
        0.9938345127322602,
        -0.10942092204857376,
        0.017889190039538545,
        -62.62398759418829
      ],
      [
        -0.018198296899506354,
        -0.0018268704378752324,
        0.9998327282772657,
        1.857940462174298
      ],
      [
        0.0,
        0.0,
        0.0,
        1.0
      ]
    ],
    "location": [
      11.695995193291765,
      -62.62398759418829,
      1.857940462174298
    ],
    "rotation": [
      -0.0018271740393821997,
      0.01819930152852575,
      1.6804037142455315
    ]
  },
  {
    "label_id": "WQ3NV7YhXVWfTw1Liq08Tw",
    "size": [
      0.5172362167046891,
      0.09826200311728661,
      0.490000000000002
    ],
    "obj_class": "sign",
    "point_num_in_lidar": 41,
    "speed": 0.008739365130793821,
    "if_vehicle": false,
    "motion_state": false,
    "pose": [
      [
        0.08555838226104641,
        -0.9963258858824777,
        -0.0038068813179083887,
        14.172513542498564
      ],
      [
        0.9961794924113413,
        0.08547745772314116,
        0.017889190039538545,
        -68.94684124742525
      ],
      [
        -0.01749806057695471,
        -0.00532290725868754,
        0.9998327282772657,
        3.7523970777795483
      ],
      [
        0.0,
        0.0,
        0.0,
        1.0
      ]
    ],
    "location": [
      14.172513542498564,
      -68.94684124742525,
      3.7523970777795483
    ],
    "rotation": [
      -0.005323747483216572,
      0.017498953632232507,
      1.4851200651147973
    ]
  },
  {
    "label_id": "XB9iY_t9oXNSYC_x3HoAZA",
    "size": [
      0.7275666185687141,
      0.9426085402385718,
      1.6662076711532947
    ],
    "obj_class": "pedestrian",
    "point_num_in_lidar": 59,
    "speed": 1.2083498455230801,
    "if_vehicle": false,
    "motion_state": true,
    "pose": [
      [
        -0.14512111468510888,
        -0.9894065745320186,
        -0.0038068813179083887,
        -3.6604652014445946
      ],
      [
        0.98924552823612,
        -0.14516632441640512,
        0.017889190039538545,
        -79.66779582402523
      ],
      [
        -0.018252313206582382,
        -0.0011698411209149205,
        0.9998327282772657,
        2.1167276174606044
      ],
      [
        0.0,
        0.0,
        0.0,
        1.0
      ]
    ],
    "location": [
      -3.6604652014445946,
      -79.66779582402523,
      2.1167276174606044
    ],
    "rotation": [
      -0.0011700363010709858,
      0.018253326808919248,
      1.7164561468530268
    ]
  },
  {
    "label_id": "eUvjCEr44xj0JhoTK13GOw",
    "size": [
      0.9033761271733656,
      1.2275531915227762,
      1.8088524052985733
    ],
    "obj_class": "pedestrian",
    "point_num_in_lidar": 187,
    "speed": 1.4071720057452057,
    "if_vehicle": false,
    "motion_state": true,
    "pose": [
      [
        -0.029040171975607224,
        0.999570996010918,
        -0.0038068813179083887,
        -5.254735613223602
      ],
      [
        -0.9994202576864327,
        -0.028967661378051193,
        0.017889190039538545,
        -57.44921121339394
      ],
      [
        0.01777123905672654,
        0.004324179462978189,
        0.9998327282772657,
        1.7567323253090734
      ],
      [
        0.0,
        0.0,
        0.0,
        1.0
      ]
    ],
    "location": [
      -5.254735613223602,
      -57.44921121339394,
      1.7567323253090734
    ],
    "rotation": [
      0.004324875931779335,
      -0.01777217459940582,
      -1.599845170780534
    ]
  },
  {
    "label_id": "hcrw76nseDR0xxwdPMNQlA",
    "size": [
      0.9554062405057382,
      0.823365753160863,
      1.6199999999999974
    ],
    "obj_class": "pedestrian",
    "point_num_in_lidar": 25,
    "speed": 0.004128034186443767,
    "if_vehicle": false,
    "motion_state": false,
    "pose": [
      [
        -0.8811647517746083,
        0.47279402268284276,
        -0.0038068813179083887,
        17.481072905488645
      ],
      [
        -0.47278179843178103,
        -0.8809979273252234,
        0.017889190039538545,
        -87.07264110428514
      ],
      [
        0.005104047570680866,
        0.017563147896535857,
        0.9998327282772657,
        2.260713598964223
      ],
      [
        0.0,
        0.0,
        0.0,
        1.0
      ]
    ],
    "location": [
      17.481072905488645,
      -87.07264110428514,
      2.260713598964223
    ],
    "rotation": [
      0.017564279766711,
      -0.005104069732121111,
      -2.6491406474134904
    ]
  },
  {
    "label_id": "hfwBtfwps5qa36ezQePSwg",
    "size": [
      0.7931411975774678,
      1.2062960889686793,
      1.8300000000000054
    ],
    "obj_class": "pedestrian",
    "point_num_in_lidar": 40,
    "speed": 3.3039632983459093,
    "if_vehicle": false,
    "motion_state": true,
    "pose": [
      [
        -0.0712582039633153,
        -0.9974506383889651,
        -0.0038068813179083887,
        -2.750155897489549
      ],
      [
        0.9972933933947596,
        -0.07131524641263053,
        0.017889190039538545,
        -90.93302851753833
      ],
      [
        -0.018115072704449512,
        -0.002521826035212026,
        0.9998327282772657,
        2.4063044980607557
      ],
      [
        0.0,
        0.0,
        0.0,
        1.0
      ]
    ],
    "location": [
      -2.750155897489549,
      -90.93302851753833,
      2.4063044980607557
    ],
    "rotation": [
      -0.002522242587365824,
      0.018116063611991567,
      1.6421266985647414
    ]
  },
  {
    "label_id": "le5tGGWtTWwJmkx_LB0FrQ",
    "size": [
      0.270040175751635,
      0.08088407452238751,
      0.3399999999999963
    ],
    "obj_class": "sign",
    "point_num_in_lidar": 30,
    "speed": 0.013028528287967816,
    "if_vehicle": false,
    "motion_state": false,
    "pose": [
      [
        -0.9989481640270217,
        0.04569544005340246,
        -0.0038068813179083887,
        11.581985875084001
      ],
      [
        -0.04575649000847573,
        -0.9987924311396403,
        0.017889190039538545,
        -38.61464081737904
      ],
      [
        -0.0029848298355181404,
        0.01804456307291384,
        0.9998327282772657,
        0.9746681407589151
      ],
      [
        0.0,
        0.0,
        0.0,
        1.0
      ]
    ],
    "location": [
      11.581985875084001,
      -38.61464081737904,
      0.9746681407589151
    ],
    "rotation": [
      0.018045622848547584,
      0.0029848342676147884,
      -3.0958199780832154
    ]
  },
  {
    "label_id": "m1DhI6CUMFGLwFDMpQXICQ",
    "size": [
      0.8813313296855696,
      0.919217660923858,
      1.4500000000000028
    ],
    "obj_class": "pedestrian",
    "point_num_in_lidar": 166,
    "speed": 1.1214155813909636,
    "if_vehicle": false,
    "motion_state": true,
    "pose": [
      [
        -0.037639573106345844,
        0.999284128859757,
        -0.0038068813179083887,
        14.607227385367196
      ],
      [
        -0.9991340200083957,
        -0.037565768215115425,
        0.017889190039538545,
        -54.06894169544648
      ],
      [
        0.01773337526345592,
        0.004476926111163194,
        0.9998327282772657,
        1.5418222548421454
      ],
      [
        0.0,
        0.0,
        0.0,
        1.0
      ]
    ],
    "location": [
      14.607227385367196,
      -54.06894169544648,
      1.5418222548421454
    ],
    "rotation": [
      0.004477645174791071,
      -0.017734304838440997,
      -1.6084507170395426
    ]
  },
  {
    "label_id": "py8zJZRABr-k6qjoeH8D2w",
    "size": [
      0.7772359472458589,
      0.7309436320632802,
      1.5340060935992454
    ],
    "obj_class": "pedestrian",
    "point_num_in_lidar": 164,
    "speed": 0.7709840350557327,
    "if_vehicle": false,
    "motion_state": false,
    "pose": [
      [
        0.03157065173238982,
        0.9994942729219731,
        -0.0038068813179083887,
        -7.395335513981081
      ],
      [
        -0.9993394185398106,
        0.03163389688676251,
        0.017889190039538545,
        -56.44774908623913
      ],
      [
        0.018000569482802438,
        0.0032395931741758294,
        0.9998327282772657,
        1.6317856775209307
      ],
      [
        0.0,
        0.0,
        0.0,
        1.0
      ]
    ],
    "location": [
      -7.395335513981081,
      -56.44774908623913,
      1.6317856775209307
    ],
    "rotation": [
      0.003240123818409999,
      -0.018001541716828936,
      -1.5392153097012047
    ]
  },
  {
    "label_id": "rCIKnCfuvco-eqQWUwlUOQ",
    "size": [
      0.6496025147097098,
      0.8832043404860536,
      1.5537234042553294
    ],
    "obj_class": "pedestrian",
    "point_num_in_lidar": 154,
    "speed": 0.6674563037690553,
    "if_vehicle": false,
    "motion_state": false,
    "pose": [
      [
        0.032085596132906596,
        0.9994778747803412,
        -0.0038068813179083887,
        -6.3048151198293
      ],
      [
        -0.999322987834249,
        0.03214876149649141,
        0.017889190039538545,
        -56.44078912127952
      ],
      [
        0.01800223616179452,
        0.003230318686189146,
        0.9998327282772657,
        1.6425204919229373
      ],
      [
        0.0,
        0.0,
        0.0,
        1.0
      ]
    ],
    "location": [
      -6.3048151198293,
      -56.44078912127952,
      1.6425204919229373
    ],
    "rotation": [
      0.003230847875908921,
      -0.018003208665930748,
      -1.5387000197325584
    ]
  },
  {
    "label_id": "tAY9RkTF-IK4XqfcDll03A",
    "size": [
      0.8850106013232341,
      2.086293814391715,
      1.4300000000000068
    ],
    "obj_class": "vehicle",
    "point_num_in_lidar": 768,
    "speed": 5.728578676879116e-13,
    "if_vehicle": true,
    "motion_state": false,
    "pose": [
      [
        -0.9954571964987835,
        0.0951339980943398,
        -0.0038068813179083887,
        10.17466859270462
      ],
      [
        -0.09518725700243502,
        -0.9952986300523484,
        0.017889190039538545,
        -38.243755870809764
      ],
      [
        -0.002087113589355356,
        0.01817028955477852,
        0.9998327282772657,
        1.1185604610038737
      ],
      [
        0.0,
        0.0,
        0.0,
        1.0
      ]
    ],
    "location": [
      10.17466859270462,
      -38.243755870809764,
      1.1185604610038737
    ],
    "rotation": [
      0.01817132913402124,
      0.0020871151046177967,
      -3.046260856565535
    ]
  },
  {
    "label_id": "zXhKDN5BIGX_s4bcOBrUxA",
    "size": [
      0.8319791430174428,
      0.993830654919953,
      1.5762076711532984
    ],
    "obj_class": "pedestrian",
    "point_num_in_lidar": 25,
    "speed": 1.3085799696885372,
    "if_vehicle": false,
    "motion_state": true,
    "pose": [
      [
        -0.11669313932059143,
        -0.9931607215804179,
        -0.0038068813179083887,
        -1.9990257936979106
      ],
      [
        0.9930010377506583,
        -0.11674294799192303,
        0.017889190039538545,
        -98.7740752418431
      ],
      [
        -0.01821126743586533,
        -0.001692691353660216,
        0.9998327282772657,
        2.4272511908824015
      ],
      [
        0.0,
        0.0,
        0.0,
        1.0
      ]
    ],
    "location": [
      -1.9990257936979106,
      -98.7740752418431,
      2.4272511908824015
    ],
    "rotation": [
      -0.0016929729229840404,
      0.018212274214728475,
      1.6877754316121587
    ]
  },
  {
    "label_id": "zcRL3Ri9BQSc21e8NqmUog",
    "size": [
      1.9455414357883196,
      4.366603907007664,
      1.5051311337171924
    ],
    "obj_class": "vehicle",
    "point_num_in_lidar": 31,
    "speed": 0.08224540595902324,
    "if_vehicle": true,
    "motion_state": false,
    "pose": [
      [
        -0.35182023348686103,
        0.9360598436872944,
        -0.0038068813179083887,
        1.9606122539305488
      ],
      [
        -0.9359407909916033,
        -0.3517027333384559,
        0.017889190039538545,
        -119.30407543718684
      ],
      [
        0.015406461867099274,
        0.009856794528495616,
        0.9998327282772657,
        2.5875627223429234
      ],
      [
        0.0,
        0.0,
        0.0,
        1.0
      ]
    ],
    "location": [
      1.9606122539305488,
      -119.30407543718684,
      2.5875627223429234
    ],
    "rotation": [
      0.00985812420883047,
      -0.015407071409444133,
      -1.9303558889951382
    ]
  }
]