[
  {
    "label_id": "-JlrjFxd9aXnrn4EdZQ2BA",
    "size": [
      0.7895148592754092,
      0.8159461327414332,
      1.167908180141346
    ],
    "obj_class": "pedestrian",
    "point_num_in_lidar": 36,
    "speed": 0.6973908740432818,
    "if_vehicle": false,
    "motion_state": false,
    "pose": [
      [
        0.021969728909235712,
        0.9997459167936659,
        -0.005043100836500537,
        -8.048738094716555
      ],
      [
        -0.9994063552210719,
        0.022095606800825535,
        0.02643333697882495,
        -55.60133256503104
      ],
      [
        0.02653805108495149,
        0.0044593737784280815,
        0.9996378573414059,
        1.3917402333395472
      ],
      [
        0.0,
        0.0,
        0.0,
        1.0
      ]
    ],
    "location": [
      -8.048738094716555,
      -55.60133256503104,
      1.3917402333395472
    ],
    "rotation": [
      0.0044609597014422684,
      -0.02654116705661589,
      -1.5488170879022432
    ]
  },
  {
    "label_id": "1QUadbkhVP7b1ahvYgu9kw",
    "size": [
      0.8194169378851913,
      1.2619141868906687,
      1.9600842317735356
    ],
    "obj_class": "pedestrian",
    "point_num_in_lidar": 20,
    "speed": 2.867062794990706,
    "if_vehicle": false,
    "motion_state": true,
    "pose": [
      [
        -0.06463619994986072,
        -0.9978961513053322,
        -0.005043100836500537,
        -3.0713499305311416
      ],
      [
        0.9975515247421761,
        -0.06474746466637453,
        0.02643333697882495,
        -95.1054827046355
      ],
      [
        -0.026704253230546617,
        -0.0033222024745742785,
        0.9996378573414059,
        2.54936077375865
      ],
      [
        0.0,
        0.0,
        0.0,
        1.0
      ]
    ],
    "location": [
      -3.0713499305311416,
      -95.1054827046355,
      2.54936077375865
    ],
    "rotation": [
      -0.0033233937860439097,
      0.0267074281262691,
      1.6355007254300447
    ]
  },
  {
    "label_id": "AnmjxPABapPDruv9_zJfdA",
    "size": [
      0.9442796685915438,
      1.283126946081576,
      1.8862076711532936
    ],
    "obj_class": "pedestrian",
    "point_num_in_lidar": 88,
    "speed": 1.6876714509628088,
    "if_vehicle": false,
    "motion_state": true,
    "pose": [
      [
        -0.0049754692460973445,
        0.9999749056050027,
        -0.005043100836500537,
        -5.3413138172538766
      ],
      [
        -0.9996388589751781,
        -0.0048404878853204126,
        0.02643333697882495,
        -58.220041913271416
      ],
      [
        0.026408262581722176,
        0.005172797821106035,
        0.9996378573414059,
        1.8480546923815382
      ],
      [
        0.0,
        0.0,
        0.0,
        1.0
      ]
    ],
    "location": [
      -5.3413138172538766,
      -58.220041913271416,
      1.8480546923815382
    ],
    "rotation": [
      0.005174625603458628,
      -0.026411333049665437,
      -1.5757735524359013
    ]
  },
  {
    "label_id": "BhQ3l28Gc10ONPRWnXjzgg",
    "size": [
      0.8141605972513956,
      1.142668182000707,
      1.718852405298577
    ],
    "obj_class": "pedestrian",
    "point_num_in_lidar": 224,
    "speed": 1.6786506851374159,
    "if_vehicle": false,
    "motion_state": true,
    "pose": [
      [
        0.1199021529586263,
        0.9927729049736597,
        -0.005043100836500537,
        -9.485491891400216
      ],
      [
        -0.9924226360319731,
        0.11999412563752317,
        0.02643333697882495,
        -24.62797639737073
      ],
      [
        0.026847443215993447,
        0.0018354734122929307,
        0.9996378573414059,
        1.227952193008413
      ],
      [
        0.0,
        0.0,
        0.0,
        1.0
      ]
    ],
    "location": [
      -9.485491891400216,
      -24.62797639737073,
      1.227952193008413
    ],
    "rotation": [
      0.0018361362928682368,
      -0.026850669469202747,
      -1.450561453538975
    ]
  },
  {
    "label_id": "HUUEfy28oF2K_ISZRkMy6Q",
    "size": [
      0.8119127542124175,
      1.1004562136679052,
      1.8288524052985764
    ],
    "obj_class": "pedestrian",
    "point_num_in_lidar": 41,
    "speed": 1.555518742136004,
    "if_vehicle": false,
    "motion_state": true,
    "pose": [
      [
        0.09888310430026455,
        0.9950862770724435,
        -0.005043100836500537,
        -7.903778856860981
      ],
      [
        -0.9947380312121308,
        0.09898246287286275,
        0.02643333697882495,
        -60.15681121369744
      ],
      [
        0.026802629426173286,
        0.0024027537798236077,
        0.9996378573414059,
        1.9267323253089685
      ],
      [
        0.0,
        0.0,
        0.0,
        1.0
      ]
    ],
    "location": [
      -7.903778856860981,
      -60.15681121369744,
      1.9267323253089685
    ],
    "rotation": [
      0.002403619605803135,
      -0.026805839547060794,
      -1.4717156528668998
    ]
  },
  {
    "label_id": "InPwvU2homAc1AtpmC4pDQ",
    "size": [
      2.1166185057520446,
      4.313385827928875,
      1.7074263757876054
    ],
    "obj_class": "vehicle",
    "point_num_in_lidar": 61,
    "speed": 13.020118075014869,
    "if_vehicle": true,
    "motion_state": true,
    "pose": [
      [
        0.06513112974589229,
        0.9978639702243871,
        -0.005043100836500537,
        6.180968601077893
      ],
      [
        -0.9975192885184104,
        0.06524222352041895,
        0.02643333697882495,
        -77.11267986389612
      ],
      [
        0.026705897695980352,
        0.0033089572579678766,
        0.9996378573414059,
        2.168892762912087
      ],
      [
        0.0,
        0.0,
        0.0,
        1.0
      ]
    ],
    "location": [
      6.180968601077893,
      -77.11267986389612,
      2.168892762912087
    ],
    "rotation": [
      0.003310143916804335,
      -0.026709073178401016,
      -1.505595772700979
    ]
  },
  {
    "label_id": "L6kt4xg9cwKWNXU0EK33ug",
    "size": [
      2.1666086370657816,
      4.653647851918363,
      1.6031484302993206
    ],
    "obj_class": "vehicle",
    "point_num_in_lidar": 2957,
    "speed": 0.0879019460461985,
    "if_vehicle": true,
    "motion_state": false,
    "pose": [
      [
        -0.06993320705688624,
        -0.9975389284056495,
        -0.005043100836500537,
        8.896122287562548
      ],
      [
        0.9971937159852982,
        -0.07004264055271264,
        0.02643333697882495,
        -22.07643726227616
      ],
      [
        -0.026721514743204562,
        -0.003180380435093924,
        0.9996378573414059,
        0.9900023707610828
      ],
      [
        0.0,
        0.0,
        0.0,
        1.0
      ]
    ],
    "location": [
      8.896122287562548,
      -22.07643726227616,
      0.9900023707610828
    ],
    "rotation": [
      -0.0031815218691848782,
      0.026724695800944585,
      1.6408117050936428
    ]
  },
  {
    "label_id": "LpjY-8_dyHHjY4hjLf5uDw",
    "size": [
      1.3098817198734132,
      0.09263561123612546,
      0.9699999999999989
    ],
    "obj_class": "sign",
    "point_num_in_lidar": 59,
    "speed": 0.0005317258961566453,
    "if_vehicle": false,
    "motion_state": false,
    "pose": [
      [
        0.27090305712500146,
        -0.9625934244395611,
        -0.005043100836500537,
        -2.7752974145098506
      ],
      [
        0.9623054154809701,
        0.27068351636581317,
        0.02643333697882495,
        -79.56318692222521
      ],
      [
        -0.024079472094000652,
        -0.012013875043360106,
        0.9996378573414059,
        4.936812372199199
      ],
      [
        0.0,
        0.0,
        0.0,
        1.0
      ]
    ],
    "location": [
      -2.7752974145098506,
      -79.56318692222521,
      4.936812372199199
    ],
    "rotation": [
      -0.012017648777578651,
      0.02408179966519687,
      1.2963836568249925
    ]
  },
  {
    "label_id": "MczOFaRiOEUD_vOsJwKQaA",
    "size": [
      2.021062650608422,
      4.810917017073292,
      1.4448945068278505
    ],
    "obj_class": "vehicle",
    "point_num_in_lidar": 958,
    "speed": 0.02238801996432902,
    "if_vehicle": true,
    "motion_state": false,
    "pose": [
      [
        -0.072350760974131,
        -0.9973664995980249,
        -0.005043100836500537,
        10.098829855402755
      ],
      [
        0.9970210229550182,
        -0.07245935744879978,
        0.02643333697882495,
        -43.463451914391044
      ],
      [
        -0.026729144621428003,
        -0.0031156055093694525,
        0.9996378573414059,
        1.2991293324967828
      ],
      [
        0.0,
        0.0,
        0.0,
        1.0
      ]
    ],
    "location": [
      10.098829855402755,
      -43.463451914391044,
      1.2991293324967828
    ],
    "rotation": [
      -0.0031167241198230833,
      0.026732328405423035,
      1.6432362857596432
    ]
  },
  {
    "label_id": "NBgbV7Va-YyVHVquDtiqxg",
    "size": [
      1.0389736746811953,
      1.1930606057699777,
      1.8999999999999986
    ],
    "obj_class": "pedestrian",
    "point_num_in_lidar": 71,
    "speed": 1.6906187518188702,
    "if_vehicle": false,
    "motion_state": true,
    "pose": [
      [
        0.03347347351986605,
        -0.9994268826204684,
        -0.005043100836500537,
        -4.524318153768945
      ],
      [
        0.9990948195711601,
        0.03332896941453453,
        0.02643333697882495,
        -66.31741784170117
      ],
      [
        -0.026250106220469232,
        -0.0059233515257250645,
        0.9996378573414059,
        2.0166686162578245
      ],
      [
        0.0,
        0.0,
        0.0,
        1.0
      ]
    ],
    "location": [
      -4.524318153768945,
      -66.31741784170117,
      2.0166686162578245
    ],
    "rotation": [
      -0.005925428051495952,
      0.02625312184068219,
      1.537305053911483
    ]
  },
  {
    "label_id": "RSrTAu0avHEGgIksWr-Vrg",
    "size": [
      2.0885469217558867,
      4.245662939058266,
      1.7331484302993232
    ],
    "obj_class": "vehicle",
    "point_num_in_lidar": 4875,
    "speed": 0.0980270004983752,
    "if_vehicle": true,
    "motion_state": false,
    "pose": [
      [
        -0.08805904127836937,
        -0.9961024909029628,
        -0.005043100836500537,
        9.279077377853582
      ],
      [
        0.995755345813868,
        -0.08816217998250622,
        0.02643333697882495,
        -28.551118958168445
      ],
      [
        -0.026774923571102418,
        -0.0026940003052804066,
        0.9996378573414059,
        1.1350023707611
      ],
      [
        0.0,
        0.0,
        0.0,
        1.0
      ]
    ],
    "location": [
      9.279077377853582,
      -28.551118958168445,
      1.1350023707611
    ],
    "rotation": [
      -0.0026949697467354046,
      0.026778123745240308,
      1.6590012792739057
    ]
  },
  {
    "label_id": "SAAwhsDca5CYMeNiy8pbOw",
    "size": [
      2.1547919550790744,
      5.2083378786918395,
      2.0472722474731384
    ],
    "obj_class": "vehicle",
    "point_num_in_lidar": 320,
    "speed": 8.556067554929069e-13,
    "if_vehicle": true,
    "motion_state": false,
    "pose": [
      [
        -0.10936933949765926,
        -0.9939883876141605,
        -0.005043100836500537,
        11.695995193291537
      ],
      [
        0.9936391135199291,
        -0.10946502080342174,
        0.02643333697882495,
        -62.623987594184655
      ],
      [
        -0.02682647314082526,
        -0.0021200256384788702,
        0.9996378573414059,
        1.8579404621741986
      ],
      [
        0.0,
        0.0,
        0.0,
        1.0
      ]
    ],
    "location": [
      11.695995193291537,
      -62.623987594184655,
      1.8579404621741986
    ],
    "rotation": [
      -0.0021207904887337666,
      0.02682969183839449,
      1.6804245013639902
    ]
  },
  {
    "label_id": "WQ3NV7YhXVWfTw1Liq08Tw",
    "size": [
      0.5172362167046886,
      0.09826200311728661,
      0.490000000000002
    ],
    "obj_class": "sign",
    "point_num_in_lidar": 20,
    "speed": 0.025292112271621234,
    "if_vehicle": false,
    "motion_state": false,
    "pose": [
      [
        0.08555791422638012,
        -0.9963204356266031,
        -0.005043100836500537,
        14.174142822908607
      ],
      [
        0.99599636191922,
        0.08539628645229212,
        0.02643333697882495,
        -68.97518779034908
      ],
      [
        -0.025905411730166077,
        -0.007284491263897618,
        0.9996378573414059,
        3.754096546420932
      ],
      [
        0.0,
        0.0,
        0.0,
        1.0
      ]
    ],
    "location": [
      14.174142822908607,
      -68.97518779034908,
      3.754096546420932
    ],
    "rotation": [
      -0.007287001261015032,
      0.02590831008419458,
      1.4851048555805015
    ]
  },
  {
    "label_id": "XB9iY_t9oXNSYC_x3HoAZA",
    "size": [
      0.7275666185683386,
      0.9426085402385718,
      1.6662076711532947
    ],
    "obj_class": "pedestrian",
    "point_num_in_lidar": 31,
    "speed": 1.3214926930085824,
    "if_vehicle": false,
    "motion_state": true,
    "pose": [
      [
        -0.13017411144980212,
        -0.9914783244439624,
        -0.005043100836500537,
        -3.432673818181911
      ],
      [
        0.9911271220629451,
        -0.1302624527919999,
        0.02643333697882495,
        -81.28497069299556
      ],
      [
        -0.026865007341867937,
        -0.001557417864482274,
        0.9996378573414059,
        2.1306148370744893
      ],
      [
        0.0,
        0.0,
        0.0,
        1.0
      ]
    ],
    "location": [
      -3.432673818181911,
      -81.28497069299556,
      2.1306148370744893
    ],
    "rotation": [
      -0.0015579808156877158,
      0.026868239932628848,
      1.7013883142612187
    ]
  },
  {
    "label_id": "YC-GkZvNrYchckx8d4PMKQ",
    "size": [
      2.0107742145022627,
      4.02043724942621,
      1.6445065240339432
    ],
    "obj_class": "vehicle",
    "point_num_in_lidar": 3713,
    "speed": 0.08194809244084376,
    "if_vehicle": true,
    "motion_state": false,
    "pose": [
      [
        0.10059247615783268,
        0.9949149314762487,
        -0.005043100836500537,
        -4.922709012350879
      ],
      [
        -0.9945665154358508,
        0.10069123631157455,
        0.02643333697882495,
        -25.43094768951414
      ],
      [
        0.02680671770704739,
        0.002356704406135559,
        0.9996378573414059,
        1.040319107178945
      ],
      [
        0.0,
        0.0,
        0.0,
        1.0
      ]
    ],
    "location": [
      -4.922709012350879,
      -25.43094768951414,
      1.040319107178945
    ],
    "rotation": [
      0.002357553810703921,
      -0.026809929297422343,
      -1.469997080034637
    ]
  },
  {
    "label_id": "eUvjCEr44xj0JhoTK13GOw",
    "size": [
      0.9033761271734846,
      1.2275531915227762,
      1.8088524052985733
    ],
    "obj_class": "pedestrian",
    "point_num_in_lidar": 94,
    "speed": 1.3749929432223387,
    "if_vehicle": false,
    "motion_state": true,
    "pose": [
      [
        0.025129364433771735,
        0.9996714871282003,
        -0.005043100836500537,
        -5.336121541893817
      ],
      [
        -0.9993315294084062,
        0.025254168495909213,
        0.02643333697882495,
        -55.65025604364928
      ],
      [
        0.02655201260564963,
        0.004375476713759308,
        0.9996378573414059,
        1.756732325308981
      ],
      [
        0.0,
        0.0,
        0.0,
        1.0
      ]
    ],
    "location": [
      -5.336121541893817,
      -55.65025604364928,
      1.756732325308981
    ],
    "rotation": [
      0.004377033881995367,
      -0.026555133498829223,
      -1.5456554511006253
    ]
  },
  {
    "label_id": "hfwBtfwps5qa36ezQePSwg",
    "size": [
      0.7931411975787999,
      1.2062960889686793,
      1.8300000000000054
    ],
    "obj_class": "pedestrian",
    "point_num_in_lidar": 26,
    "speed": 3.086476580621283,
    "if_vehicle": false,
    "motion_state": true,
    "pose": [
      [
        -0.045603554073498684,
        -0.9989468869713837,
        -0.005043100836500537,
        -2.4624987310337474
      ],
      [
        0.9986044438363537,
        -0.04572136750416143,
        0.02643333697882495,
        -95.09682948420232
      ],
      [
        -0.026636077153968925,
        -0.003830608793787414,
        0.9996378573414059,
        2.4463003690516985
      ],
      [
        0.0,
        0.0,
        0.0,
        1.0
      ]
    ],
    "location": [
      -2.4624987310337474,
      -95.09682948420232,
      2.4463003690516985
    ],
    "rotation": [
      -0.003831977766763566,
      0.026639227789991882,
      1.6164319054061356
    ]
  },
  {
    "label_id": "m1DhI6CUMFGLwFDMpQXICQ",
    "size": [
      0.8813313296847511,
      0.919217660923858,
      1.4500000000000028
    ],
    "obj_class": "pedestrian",
    "point_num_in_lidar": 44,
    "speed": 1.051625972778348,
    "if_vehicle": false,
    "motion_state": true,
    "pose": [
      [
        0.06924681326458981,
        0.9975868112533625,
        -0.005043100836500537,
        14.588422629761908
      ],
      [
        -0.9972416742127043,
        0.06935648426503818,
        0.02643333697882495,
        -52.72854810918034
      ],
      [
        0.026719320091305322,
        0.0031987659716826173,
        0.9996378573414059,
        1.6018222548421406
      ],
      [
        0.0,
        0.0,
        0.0,
        1.0
      ]
    ],
    "location": [
      14.588422629761908,
      -52.72854810918034,
      1.6018222548421406
    ],
    "rotation": [
      0.0031999138791277914,
      -0.026722500365156,
      -1.5014692614416434
    ]
  },
  {
    "label_id": "py8zJZRABr-k6qjoeH8D2w",
    "size": [
      0.7772359472461369,
      0.7309436320632802,
      1.5340060935992454
    ],
    "obj_class": "pedestrian",
    "point_num_in_lidar": 59,
    "speed": 0.7190869442256519,
    "if_vehicle": false,
    "motion_state": false,
    "pose": [
      [
        -0.012412471120449072,
        0.9999102448193222,
        -0.005043100836500537,
        -7.378954863461331
      ],
      [
        -0.9995752113840374,
        -0.012274994204514394,
        0.02643333697882495,
        -55.53608517835892
      ],
      [
        0.02636906041634767,
        0.005369061616542804,
        0.9996378573414059,
        1.6074283255330855
      ],
      [
        0.0,
        0.0,
        0.0,
        1.0
      ]
    ],
    "location": [
      -7.378954863461331,
      -55.53608517835892,
      1.6074283255330855
    ],
    "rotation": [
      0.00537095504099157,
      -0.026372117227717092,
      -1.5832134346176743
    ]
  },
  {
    "label_id": "rCIKnCfuvco-eqQWUwlUOQ",
    "size": [
      0.6496025147101445,
      0.8832043404860536,
      1.5537234042553294
    ],
    "obj_class": "pedestrian",
    "point_num_in_lidar": 62,
    "speed": 0.6940769732772297,
    "if_vehicle": false,
    "motion_state": false,
    "pose": [
      [
        0.03563265369768933,
        0.9993522307597124,
        -0.005043100836500537,
        -6.336335839960839
      ],
      [
        -0.9990109803524783,
        0.03575387854966383,
        0.02643333697882495,
        -55.56093435694311
      ],
      [
        0.02659652469103386,
        0.004096223168048011,
        0.9996378573414059,
        1.6425204919229088
      ],
      [
        0.0,
        0.0,
        0.0,
        1.0
      ]
    ],
    "location": [
      -6.336335839960839,
      -55.56093435694311,
      1.6425204919229088
    ],
    "rotation": [
      0.004097684187685643,
      -0.0265996613095803,
      -1.5351435108732583
    ]
  },
  {
    "label_id": "tAY9RkTF-IK4XqfcDll03A",
    "size": [
      0.8850106013232328,
      2.086293814391715,
      1.4300000000000068
    ],
    "obj_class": "vehicle",
    "point_num_in_lidar": 491,
    "speed": 5.728578676879116e-13,
    "if_vehicle": true,
    "motion_state": false,
    "pose": [
      [
        -0.9954517509949496,
        0.09513347767763689,
        -0.005043100836500537,
        10.174668592704393
      ],
      [
        -0.09523414753944796,
        -0.9951038819332374,
        0.02643333697882495,
        -38.243755870809764
      ],
      [
        -0.002503713945961945,
        0.026793386989330457,
        0.9996378573414059,
        1.1185604610038453
      ],
      [
        0.0,
        0.0,
        0.0,
        1.0
      ]
    ],
    "location": [
      10.174668592704393,
      -38.243755870809764,
      1.1185604610038453
    ],
    "rotation": [
      0.026796677798625664,
      0.002503716561759322,
      -3.0462136604497068
    ]
  },
  {
    "label_id": "yyt8pvlHPVT55uMzSed6CA",
    "size": [
      0.8306938815274696,
      1.09026105864005,
      1.718852405298577
    ],
    "obj_class": "pedestrian",
    "point_num_in_lidar": 309,
    "speed": 1.5703089951661136,
    "if_vehicle": false,
    "motion_state": true,
    "pose": [
      [
        0.014204829659676082,
        0.999886388520362,
        -0.005043100836500537,
        -8.563204583310608
      ],
      [
        -0.9995478147822192,
        0.014333340861575719,
        0.02643333697882495,
        -30.98997959605731
      ],
      [
        0.026502618331587874,
        0.004665339371729469,
        0.9996378573414059,
        1.3281584992020044
      ],
      [
        0.0,
        0.0,
        0.0,
        1.0
      ]
    ],
    "location": [
      -8.563204583310608,
      -30.98997959605731,
      1.3281584992020044
    ],
    "rotation": [
      0.004666995618198376,
      -0.026505721836247245,
      -1.5565860276002668
    ]
  }
]