[
  {
    "label_id": "2MtqwmzUwaINPc8Nj13paw",
    "size": [
      0.8449872067055362,
      0.11805527053042442,
      1.25
    ],
    "obj_class": "sign",
    "point_num_in_lidar": 43,
    "speed": 0.006546483264218006,
    "if_vehicle": false,
    "motion_state": false,
    "pose": [
      [
        -0.10410135975589296,
        -0.9945549672906395,
        -0.004829485944615098,
        2.5875686888145992
      ],
      [
        0.9943307897540585,
        -0.10418119700728348,
        0.021273427960725146,
        -144.60633404226246
      ],
      [
        -0.021660735076278626,
        -0.0025875137960347334,
        0.999762030349378,
        5.506029663046185
      ],
      [
        0.0,
        0.0,
        0.0,
        1.0
      ]
    ],
    "location": [
      2.5875686888145992,
      -144.60633404226246,
      5.506029663046185
    ],
    "rotation": [
      -0.0025881239135874317,
      0.021662429258157426,
      1.675111199091526
    ]
  },
  {
    "label_id": "2jWNOOfzy3eCU2wdIeh1tg",
    "size": [
      0.7194131262373474,
      0.5887220451180889,
      1.7299999999999969
    ],
    "obj_class": "pedestrian",
    "point_num_in_lidar": 324,
    "speed": 0.06535016203749416,
    "if_vehicle": false,
    "motion_state": false,
    "pose": [
      [
        -0.9752854221414328,
        0.2208959515788333,
        -0.004829485944615098,
        17.200549489191417
      ],
      [
        -0.22094873899281411,
        -0.9750533811029451,
        0.021273427960725146,
        -95.73026944771846
      ],
      [
        -9.792486557961422e-06,
        0.021814732998517408,
        0.999762030349378,
        2.442377641788646
      ],
      [
        0.0,
        0.0,
        0.0,
        1.0
      ]
    ],
    "location": [
      17.200549489191417,
      -95.73026944771846,
      2.442377641788646
    ],
    "rotation": [
      0.02181646357874277,
      9.792486558117927e-06,
      -2.918805509235448
    ]
  },
  {
    "label_id": "6CxUqHro1oNFRLDTQ8mDwA",
    "size": [
      2.0008175428257347,
      4.991523928119735,
      1.5582746083807493
    ],
    "obj_class": "vehicle",
    "point_num_in_lidar": 221,
    "speed": 1.4102235083977815e-28,
    "if_vehicle": true,
    "motion_state": false,
    "pose": [
      [
        -0.9902476575245812,
        0.13923452457128005,
        -0.004829485944615098,
        21.86006302605415
      ],
      [
        -0.13930637792132775,
        -0.9900207948994001,
        0.021273427960725146,
        -119.05240836507073
      ],
      [
        -0.0018192958857303767,
        0.0217387403997923,
        0.999762030349378,
        2.5375477931461248
      ],
      [
        0.0,
        0.0,
        0.0,
        1.0
      ]
    ],
    "location": [
      21.86006302605415,
      -119.05240836507073,
      2.5375477931461248
    ],
    "rotation": [
      0.021740488938141136,
      0.0018192968893275018,
      -3.001831492595321
    ]
  },
  {
    "label_id": "8EPwHZT79axskTCAKVucgQ",
    "size": [
      1.0000000000017286,
      1.0,
      1.733105137087108
    ],
    "obj_class": "pedestrian",
    "point_num_in_lidar": 27,
    "speed": 0.7737319342831404,
    "if_vehicle": false,
    "motion_state": false,
    "pose": [
      [
        -0.005516753332229473,
        0.9999731203878344,
        -0.004829485944615098,
        21.805396899740117
      ],
      [
        -0.9997590422378504,
        -0.005412829801127882,
        0.021273427960725146,
        -147.9104393454545
      ],
      [
        0.021246714953786987,
        0.004945682497079823,
        0.999762030349378,
        2.775316628586289
      ],
      [
        0.0,
        0.0,
        0.0,
        1.0
      ]
    ],
    "location": [
      21.805396899740117,
      -147.9104393454545,
      2.775316628586289
    ],
    "rotation": [
      0.004946819347918085,
      -0.02124831382086961,
      -1.5763143537459268
    ]
  },
  {
    "label_id": "8GuzD3TJIW-LWJJUrIuYQw",
    "size": [
      0.7270908222766357,
      0.6378803880567501,
      1.759999999999998
    ],
    "obj_class": "pedestrian",
    "point_num_in_lidar": 27,
    "speed": 1.4184295564743833e-28,
    "if_vehicle": false,
    "motion_state": false,
    "pose": [
      [
        0.9925715325304044,
        -0.12156656150338037,
        -0.004829485944615098,
        3.6944588633355124
      ],
      [
        0.12164244605430734,
        0.9923459863277148,
        0.021273427960725146,
        -147.2824606139966
      ],
      [
        0.002206383504589678,
        -0.02170286947663999,
        0.999762030349378,
        2.767251551698692
      ],
      [
        0.0,
        0.0,
        0.0,
        1.0
      ]
    ],
    "location": [
      3.6944588633355124,
      -147.2824606139966,
      2.767251551698692
    ],
    "rotation": [
      -0.021704626404530896,
      -0.0022063852947532144,
      0.12194474783724135
    ]
  },
  {
    "label_id": "DmAuWTkUoLo0qFg1J3KNSA",
    "size": [
      0.8356195406509366,
      0.09502477883125592,
      0.75
    ],
    "obj_class": "sign",
    "point_num_in_lidar": 51,
    "speed": 0.024321225772802695,
    "if_vehicle": false,
    "motion_state": false,
    "pose": [
      [
        -0.040337063522438106,
        -0.9991744579260909,
        -0.004829485944615098,
        19.02047395418799
      ],
      [
        0.9989558400913343,
        -0.04043106244234376,
        0.021273427960725146,
        -134.4943097408268
      ],
      [
        -0.02145112709867845,
        -0.003966335574020484,
        0.999762030349378,
        4.96650122515387
      ],
      [
        0.0,
        0.0,
        0.0,
        1.0
      ]
    ],
    "location": [
      19.02047395418799,
      -134.4943097408268,
      4.96650122515387
    ],
    "rotation": [
      -0.003967258852294324,
      0.021452772565166076,
      1.611153628265153
    ]
  },
  {
    "label_id": "HirXuagJdhcC0CQeBhqKHw",
    "size": [
      1.942072213939517,
      4.268819128499874,
      1.560637290133677
    ],
    "obj_class": "vehicle",
    "point_num_in_lidar": 109,
    "speed": 2.256457245654795e-28,
    "if_vehicle": true,
    "motion_state": false,
    "pose": [
      [
        0.9918099867701605,
        -0.12763081997889406,
        -0.004829485944615098,
        33.731579287992645
      ],
      [
        0.1277053245895329,
        0.9915839809790606,
        0.021273427960725146,
        -127.1641509455385
      ],
      [
        0.0020736958446545745,
        -0.02171594937444043,
        0.999762030349378,
        2.486366452269664
      ],
      [
        0.0,
        0.0,
        0.0,
        1.0
      ]
    ],
    "location": [
      33.731579287992645,
      -127.1641509455385,
      2.486366452269664
    ],
    "rotation": [
      -0.021717703249659496,
      -0.0020736973308802587,
      0.12805529080374273
    ]
  },
  {
    "label_id": "InPwvU2homAc1AtpmC4pDQ",
    "size": [
      2.1166185057525584,
      4.313385827928875,
      1.7074263757876054
    ],
    "obj_class": "vehicle",
    "point_num_in_lidar": 62,
    "speed": 8.762789997757373,
    "if_vehicle": true,
    "motion_state": true,
    "pose": [
      [
        0.9993262179627147,
        -0.03638387222173704,
        -0.004829485944615098,
        27.355577463150894
      ],
      [
        0.036478735289159646,
        0.9991079737118023,
        0.021273427960725146,
        -123.8172129375107
      ],
      [
        0.004051168231552667,
        -0.021435267846450057,
        0.999762030349378,
        2.6972123153430516
      ],
      [
        0.0,
        0.0,
        0.0,
        1.0
      ]
    ],
    "location": [
      27.355577463150894,
      -123.8172129375107,
      2.6972123153430516
    ],
    "rotation": [
      -0.021437085605564867,
      -0.00405117931290573,
      0.036487130048655496
    ]
  },
  {
    "label_id": "NmBMsZev9_rv5hyPKybGXg",
    "size": [
      0.660577197315073,
      1.8335680424917808,
      1.6599999999999966
    ],
    "obj_class": "cyclist",
    "point_num_in_lidar": 151,
    "speed": 1.4075393576638528e-29,
    "if_vehicle": false,
    "motion_state": false,
    "pose": [
      [
        -0.3989196817579795,
        0.9169731531356975,
        -0.004829485944615098,
        16.55924417088704
      ],
      [
        -0.9168173100386309,
        -0.39873984159640863,
        0.021273427960725146,
        -114.49382171313846
      ],
      [
        0.01758145385460334,
        0.012914145424605167,
        0.999762030349378,
        2.714458831764695
      ],
      [
        0.0,
        0.0,
        0.0,
        1.0
      ]
    ],
    "location": [
      16.55924417088704,
      -114.49382171313846,
      2.714458831764695
    ],
    "rotation": [
      0.012916500970396514,
      -0.017582359740548382,
      -1.9812020044425054
    ]
  },
  {
    "label_id": "P_gcCXKRSHd-SMj5bqZnfQ",
    "size": [
      1.000000000000324,
      1.0,
      1.9099999999999966
    ],
    "obj_class": "pedestrian",
    "point_num_in_lidar": 31,
    "speed": 0.8130669416147139,
    "if_vehicle": false,
    "motion_state": false,
    "pose": [
      [
        0.3610139063761481,
        -0.9325479266335562,
        -0.004829485944615098,
        23.51188061993912
      ],
      [
        0.9323848458804684,
        0.3608406025314433,
        0.021273427960725146,
        -146.82723757992972
      ],
      [
        -0.01809581651899051,
        -0.012182942838264795,
        0.999762030349378,
        2.9269904208828947
      ],
      [
        0.0,
        0.0,
        0.0,
        1.0
      ]
    ],
    "location": [
      23.51188061993912,
      -146.82723757992972,
      2.9269904208828947
    ],
    "rotation": [
      -0.012185239574791692,
      0.018096804269598706,
      1.2013780338200835
    ]
  },
  {
    "label_id": "SlGFZ3A3uzEGwSorwqesYA",
    "size": [
      2.1589741538915384,
      4.6801296255549945,
      1.7006880169822125
    ],
    "obj_class": "vehicle",
    "point_num_in_lidar": 98,
    "speed": 1.560339307811189e-28,
    "if_vehicle": true,
    "motion_state": false,
    "pose": [
      [
        -0.9984971333287069,
        0.05459075745824865,
        -0.004829485944615098,
        -13.210123344212889
      ],
      [
        -0.05468162722268731,
        -0.9982771964274648,
        0.021273427960725146,
        -120.66497875483583
      ],
      [
        -0.003659833142866734,
        0.021505540984959468,
        0.999762030349378,
        2.8597842807104854
      ],
      [
        0.0,
        0.0,
        0.0,
        1.0
      ]
    ],
    "location": [
      -13.210123344212889,
      -120.66497875483583,
      2.8597842807104854
    ],
    "rotation": [
      0.021507343068316944,
      0.003659841313114455,
      -3.0868833724597735
    ]
  },
  {
    "label_id": "T5sZMT7Z_Ez-dEvW_Lzkug",
    "size": [
      0.5545148158488947,
      0.0910474603645693,
      0.6400000000000006
    ],
    "obj_class": "sign",
    "point_num_in_lidar": 29,
    "speed": 0.015748665084787634,
    "if_vehicle": false,
    "motion_state": false,
    "pose": [
      [
        0.9946840840323989,
        -0.10286033753657556,
        -0.004829485944615098,
        -22.695494370488404
      ],
      [
        0.10294045444000974,
        0.9944600062860669,
        0.021273427960725146,
        -119.40024915669528
      ],
      [
        0.002614538642240188,
        -0.021657489683193434,
        0.999762030349378,
        4.860050140173442
      ],
      [
        0.0,
        0.0,
        0.0,
        1.0
      ]
    ],
    "location": [
      -22.695494370488404,
      -119.40024915669528,
      4.860050140173442
    ],
    "rotation": [
      -0.021659257144582784,
      -0.002614541620998591,
      0.10312348610490275
    ]
  },
  {
    "label_id": "Y0UsFxjq4lr0MBNdcaiAOA",
    "size": [
      0.8222480615477274,
      0.7298880518515034,
      1.7620060790273513
    ],
    "obj_class": "pedestrian",
    "point_num_in_lidar": 141,
    "speed": 0.004760255929506791,
    "if_vehicle": false,
    "motion_state": false,
    "pose": [
      [
        0.999988337964754,
        -1.5029636852254872e-15,
        -0.004829485944615098,
        0.6125756029857712
      ],
      [
        0.00010274091949981447,
        0.999773689745386,
        0.021273427960725146,
        -115.41392856639322
      ],
      [
        0.004828392982421285,
        -0.021273676055085126,
        0.999762030349378,
        2.5743592317659676
      ],
      [
        0.0,
        0.0,
        0.0,
        1.0
      ]
    ],
    "location": [
      0.6125756029857712,
      -115.41392856639322,
      2.5743592317659676
    ],
    "rotation": [
      -0.02127552905849373,
      -0.004828411743643869,
      0.00010274211732049883
    ]
  },
  {
    "label_id": "Z9u9SOz9ZevhmVKWH6pWEQ",
    "size": [
      0.739058562869438,
      0.5497838732974032,
      1.8651237228593445
    ],
    "obj_class": "pedestrian",
    "point_num_in_lidar": 45,
    "speed": 1.732828382705841e-28,
    "if_vehicle": false,
    "motion_state": false,
    "pose": [
      [
        0.9964314422715764,
        0.08426776915343578,
        -0.004829485944615098,
        0.3524895175016809
      ],
      [
        -0.08414730553938995,
        0.9962262153914945,
        0.021273427960725146,
        -116.61199902878616
      ],
      [
        0.006603924821386948,
        -0.020791124275586124,
        0.999762030349378,
        2.6243592317659434
      ],
      [
        0.0,
        0.0,
        0.0,
        1.0
      ]
    ],
    "location": [
      0.3524895175016809,
      -116.61199902878616,
      2.6243592317659434
    ],
    "rotation": [
      -0.020793075948796962,
      -0.006603972823862471,
      -0.08424876940420718
    ]
  },
  {
    "label_id": "cSO3Jkk7SYRaMbPbP6jO4g",
    "size": [
      0.6545115261196964,
      0.4910119451919742,
      1.7377855647227065
    ],
    "obj_class": "pedestrian",
    "point_num_in_lidar": 26,
    "speed": 2.2520629722621645e-28,
    "if_vehicle": false,
    "motion_state": false,
    "pose": [
      [
        -0.7321327065858206,
        -0.6811449008932178,
        -0.004829485944615098,
        0.032618863661355135
      ],
      [
        0.680923471783326,
        -0.7320455360408544,
        0.021273427960725146,
        -146.33318206401782
      ],
      [
        -0.018025690607094667,
        0.01228646205490809,
        0.999762030349378,
        2.7449488672398275
      ],
      [
        0.0,
        0.0,
        0.0,
        1.0
      ]
    ],
    "location": [
      0.032618863661355135,
      -146.33318206401782,
      2.7449488672398275
    ],
    "rotation": [
      0.012288767927313538,
      0.018026666917675346,
      2.392418693326227
    ]
  },
  {
    "label_id": "dmEMRCqNVVvEj4jYsUfBjw",
    "size": [
      0.5811633452576659,
      0.4931348706758739,
      1.6135866261398348
    ],
    "obj_class": "pedestrian",
    "point_num_in_lidar": 20,
    "speed": 3.1047463842979024e-28,
    "if_vehicle": false,
    "motion_state": false,
    "pose": [
      [
        0.999988337964754,
        -1.4817645064589907e-14,
        -0.004829485944615098,
        -0.9482129539017023
      ],
      [
        0.00010274091951314094,
        0.999773689745386,
        0.021273427960725146,
        -146.0368284635315
      ],
      [
        0.004828392982421001,
        -0.021273676055085188,
        0.999762030349378,
        2.7268302283420667
      ],
      [
        0.0,
        0.0,
        0.0,
        1.0
      ]
    ],
    "location": [
      -0.9482129539017023,
      -146.0368284635315,
      2.7268302283420667
    ],
    "rotation": [
      -0.02127552905849379,
      -0.004828411743643585,
      0.00010274211733382546
    ]
  },
  {
    "label_id": "hYgh4cN-80SkuLKoDlHURQ",
    "size": [
      0.814003561221447,
      0.9510019301556589,
      1.8132957469420816
    ],
    "obj_class": "pedestrian",
    "point_num_in_lidar": 41,
    "speed": 0.9672951337500394,
    "if_vehicle": false,
    "motion_state": false,
    "pose": [
      [
        0.1812020136585692,
        0.9834340376006876,
        -0.004829485944615098,
        -1.0424557522021587
      ],
      [
        -0.9832043256952443,
        0.18126415861101716,
        0.021273427960725146,
        -138.71054315541187
      ],
      [
        0.021796425859297683,
        0.0008935834877260406,
        0.999762030349378,
        2.781968673017282
      ],
      [
        0.0,
        0.0,
        0.0,
        1.0
      ]
    ],
    "location": [
      -1.0424557522021587,
      -138.71054315541187,
      2.781968673017282
    ],
    "rotation": [
      0.0008937959460823421,
      -0.021798152084554445,
      -1.388543982562009
    ]
  },
  {
    "label_id": "iDM-KIgWJav5B0UO7rbxRg",
    "size": [
      0.6636702243879876,
      0.8815122372363502,
      1.5499999999999972
    ],
    "obj_class": "pedestrian",
    "point_num_in_lidar": 30,
    "speed": 1.4302765292669164,
    "if_vehicle": false,
    "motion_state": true,
    "pose": [
      [
        -0.046824265869282414,
        -0.9988914676736976,
        -0.004829485944615098,
        -2.1603617527459846
      ],
      [
        0.998672244074096,
        -0.046916843231498646,
        0.021273427960725146,
        -117.1075550123478
      ],
      [
        -0.021476429913091653,
        -0.003826960919249044,
        0.999762030349378,
        2.583917598615308
      ],
      [
        0.0,
        0.0,
        0.0,
        1.0
      ]
    ],
    "location": [
      -2.1603617527459846,
      -117.1075550123478,
      2.583917598615308
    ],
    "rotation": [
      -0.0038278531406417916,
      0.021478081210019272,
      1.6176485341719653
    ]
  },
  {
    "label_id": "j79NELjEt3UUrOAOw0u7rg",
    "size": [
      2.271610586851708,
      6.923218476364259,
      3.048274608380744
    ],
    "obj_class": "vehicle",
    "point_num_in_lidar": 271,
    "speed": 2.81508542700478e-29,
    "if_vehicle": true,
    "motion_state": false,
    "pose": [
      [
        -0.02688976496895241,
        -0.9996267386406915,
        -0.004829485944615098,
        18.234113249492566
      ],
      [
        0.999409405327483,
        -0.026986696829488423,
        0.021273427960725146,
        -150.4235279895929
      ],
      [
        -0.02139581928511698,
        -0.004254596197997372,
        0.999762030349378,
        3.2850413300640398
      ],
      [
        0.0,
        0.0,
        0.0,
        1.0
      ]
    ],
    "location": [
      18.234113249492566,
      -150.4235279895929,
      3.2850413300640398
    ],
    "rotation": [
      -0.004255583214054277,
      0.02139745205504596,
      1.597695492456305
    ]
  },
  {
    "label_id": "lexF68G4j-d1Vgnd_kgZ7A",
    "size": [
      2.018911631393572,
      4.834937435280711,
      1.6506372901336803
    ],
    "obj_class": "vehicle",
    "point_num_in_lidar": 57,
    "speed": 1.1606843511101117e-28,
    "if_vehicle": true,
    "motion_state": false,
    "pose": [
      [
        -0.058987315785432134,
        -0.9982470499039506,
        -0.004829485944615098,
        15.927368115264017
      ],
      [
        0.9980267149715834,
        -0.05907721613134812,
        0.021273427960725146,
        -152.72614426834298
      ],
      [
        -0.021521449288091427,
        -0.003565093579347703,
        0.999762030349378,
        2.858834483069508
      ],
      [
        0.0,
        0.0,
        0.0,
        1.0
      ]
    ],
    "location": [
      15.927368115264017,
      -152.72614426834298,
      2.858834483069508
    ],
    "rotation": [
      -0.003565927050701185,
      0.021523110992707546,
      1.6298315932633831
    ]
  },
  {
    "label_id": "m5Lc7Vu0wGna-xSpAbblzQ",
    "size": [
      2.9844203800453992,
      6.645201639121707,
      2.8782746083807496
    ],
    "obj_class": "vehicle",
    "point_num_in_lidar": 91,
    "speed": 1.0554098656340113e-29,
    "if_vehicle": true,
    "motion_state": false,
    "pose": [
      [
        -0.049875497656768214,
        -0.9987437663379934,
        -0.004829485944615098,
        16.44561567185883
      ],
      [
        0.998524260952575,
        -0.04996740489472833,
        0.021273427960725146,
        -161.742276519828
      ],
      [
        -0.021488020444042594,
        -0.003761336077221064,
        0.999762030349378,
        3.3776253022887843
      ],
      [
        0.0,
        0.0,
        0.0,
        1.0
      ]
    ],
    "location": [
      16.44561567185883,
      -161.742276519828,
      3.3776253022887843
    ],
    "rotation": [
      -0.003762213623567135,
      0.02148967441633017,
      1.6207040587035997
    ]
  },
  {
    "label_id": "naDLdh5UfyelZ4Xsg9CHVA",
    "size": [
      0.5227128490698546,
      0.06277313367441839,
      0.6700000000000017
    ],
    "obj_class": "sign",
    "point_num_in_lidar": 30,
    "speed": 0.00587296858810421,
    "if_vehicle": false,
    "motion_state": false,
    "pose": [
      [
        -0.0749458083790895,
        -0.9971759132028388,
        -0.004829485944615098,
        -0.5005207574070027
      ],
      [
        0.9969541685814144,
        -0.07503217317218513,
        0.021273427960725146,
        -112.3683596666815
      ],
      [
        -0.0215757167794199,
        -0.003220421889078499,
        0.999762030349378,
        4.913989453828506
      ],
      [
        0.0,
        0.0,
        0.0,
        1.0
      ]
    ],
    "location": [
      -0.5005207574070027,
      -112.3683596666815,
      4.913989453828506
    ],
    "rotation": [
      -0.003221177293158082,
      0.021577391087754465,
      1.645829972690954
    ]
  },
  {
    "label_id": "sS4jPIZH72vAVOsbVDMqFg",
    "size": [
      2.283909983838513,
      4.711594050042413,
      1.6219794232869305
    ],
    "obj_class": "vehicle",
    "point_num_in_lidar": 27,
    "speed": 3.6950412373013715e-29,
    "if_vehicle": true,
    "motion_state": false,
    "pose": [
      [
        -0.9984971333286913,
        0.054590757458533756,
        -0.004829485944615098,
        -19.151532626715834
      ],
      [
        -0.054681627222972366,
        -0.998277196427449,
        0.021273427960725146,
        -120.99205549643557
      ],
      [
        -0.0036598331428605926,
        0.021505540984960513,
        0.999762030349378,
        2.8091385775580804
      ],
      [
        0.0,
        0.0,
        0.0,
        1.0
      ]
    ],
    "location": [
      -19.151532626715834,
      -120.99205549643557,
      2.8091385775580804
    ],
    "rotation": [
      0.02150734306831799,
      0.0036598413131083136,
      -3.086883372459488
    ]
  },
  {
    "label_id": "zcRL3Ri9BQSc21e8NqmUog",
    "size": [
      1.9455414357876035,
      4.366603907007664,
      1.5051311337171924
    ],
    "obj_class": "vehicle",
    "point_num_in_lidar": 531,
    "speed": 1.6503419330933757,
    "if_vehicle": true,
    "motion_state": true,
    "pose": [
      [
        -0.5489724624717082,
        0.8358264840941927,
        -0.004829485944615098,
        1.2172213489516253
      ],
      [
        -0.8357034759287294,
        -0.5487687505529443,
        0.021273427960725146,
        -120.29655518103027
      ],
      [
        0.01513062352940456,
        0.015714544323677554,
        0.999762030349378,
        2.587562722342888
      ],
      [
        0.0,
        0.0,
        0.0,
        1.0
      ]
    ],
    "location": [
      1.2172213489516253,
      -120.29655518103027,
      2.587562722342888
    ],
    "rotation": [
      0.015716990513672688,
      -0.01513120091237648,
      -2.1520059173774593
    ]
  },
  {
    "label_id": "zyN6XuE8pM7RqXmZLz8paw",
    "size": [
      0.8792804098560324,
      1.0084493014463036,
      1.6899999999999977
    ],
    "obj_class": "pedestrian",
    "point_num_in_lidar": 128,
    "speed": 1.5713899660478008,
    "if_vehicle": false,
    "motion_state": true,
    "pose": [
      [
        0.15186043943982258,
        0.9883901471578189,
        -0.004829485944615098,
        18.340887584217853
      ],
      [
        -0.988162386035349,
        0.15192939178357112,
        0.021273427960725146,
        -119.53784601223015
      ],
      [
        0.021760187454845065,
        0.001541724235847906,
        0.999762030349378,
        2.739870627338867
      ],
      [
        0.0,
        0.0,
        0.0,
        1.0
      ]
    ],
    "location": [
      18.340887584217853,
      -119.53784601223015,
      2.739870627338867
    ],
    "rotation": [
      0.0015420899843677715,
      -0.02176190508320111,
      -1.4183096665881556
    ]
  }
]