[
  {
    "label_id": "-JlrjFxd9aXnrn4EdZQ2BA",
    "size": [
      0.7895148592727054,
      0.8159461327414332,
      1.167908180141346
    ],
    "obj_class": "pedestrian",
    "point_num_in_lidar": 22,
    "speed": 0.7854727347183513,
    "if_vehicle": false,
    "motion_state": false,
    "pose": [
      [
        0.04394723192983031,
        0.9990090052857955,
        -0.007046145300180507,
        -8.072316926963822
      ],
      [
        -0.9988672622457005,
        0.04406760736015869,
        0.017950999842063966,
        -57.57050254104979
      ],
      [
        0.018243717260596776,
        0.006249267111945181,
        0.9998140394298726,
        1.3917402333394975
      ],
      [
        0.0,
        0.0,
        0.0,
        1.0
      ]
    ],
    "location": [
      -8.072316926963822,
      -57.57050254104979,
      1.3917402333394975
    ],
    "rotation": [
      0.006250348050291637,
      -0.018244729431393804,
      -1.5268276137898777
    ]
  },
  {
    "label_id": "1QUadbkhVP7b1ahvYgu9kw",
    "size": [
      0.8194169378849887,
      1.2619141868906687,
      1.9600842317735356
    ],
    "obj_class": "pedestrian",
    "point_num_in_lidar": 108,
    "speed": 3.3039409043252266,
    "if_vehicle": false,
    "motion_state": true,
    "pose": [
      [
        -0.1187603584734086,
        -0.992897944952892,
        -0.007046145300180507,
        -3.812690702661939
      ],
      [
        0.9927475717329324,
        -0.11886976244207996,
        0.017950999842063966,
        -86.82756981953207
      ],
      [
        -0.018661084470999838,
        -0.004863176460631994,
        0.9998140394298726,
        2.430128675082024
      ],
      [
        0.0,
        0.0,
        0.0,
        1.0
      ]
    ],
    "location": [
      -3.812690702661939,
      -86.82756981953207,
      2.430128675082024
    ],
    "rotation": [
      -0.004864042628225922,
      0.018662167717890955,
      1.6898584697420234
    ]
  },
  {
    "label_id": "2fLpYe9rFw94itPHlSmP7w",
    "size": [
      0.618685412403627,
      0.26570049707579785,
      0.6700000000000017
    ],
    "obj_class": "pedestrian",
    "point_num_in_lidar": 113,
    "speed": 0.73067462717845,
    "if_vehicle": false,
    "motion_state": false,
    "pose": [
      [
        0.9999423803669116,
        0.008098628437185375,
        -0.007046145300180507,
        -5.977069945037556
      ],
      [
        -0.007971040093995461,
        0.9998070934557778,
        0.017950999842063966,
        -58.3019601950964
      ],
      [
        0.007190164530437411,
        -0.01789380040534364,
        0.9998140394298726,
        1.5052677255411666
      ],
      [
        0.0,
        0.0,
        0.0,
        1.0
      ]
    ],
    "location": [
      -5.977069945037556,
      -58.3019601950964,
      1.5052677255411666
    ],
    "rotation": [
      -0.017895218072950695,
      -0.007190226485291481,
      -0.007971330566184575
    ]
  },
  {
    "label_id": "2jWNOOfzy3eCU2wdIeh1tg",
    "size": [
      0.7194131262373497,
      0.5887220451180889,
      1.7299999999999969
    ],
    "obj_class": "pedestrian",
    "point_num_in_lidar": 47,
    "speed": 0.06743887321809987,
    "if_vehicle": false,
    "motion_state": false,
    "pose": [
      [
        -0.9752725849390904,
        0.22089304403406043,
        -0.007046145300180507,
        17.27835399376113
      ],
      [
        -0.22098629589876864,
        -0.9751116954634541,
        0.017950999842063966,
        -95.51185623090532
      ],
      [
        -0.002905527691572415,
        0.019064219568462337,
        0.9998140394298726,
        2.5078339140108383
      ],
      [
        0.0,
        0.0,
        0.0,
        1.0
      ]
    ],
    "location": [
      17.27835399376113,
      -95.51185623090532,
      2.5078339140108383
    ],
    "rotation": [
      0.019065455040969542,
      0.0029055317797095554,
      -2.918766044002303
    ]
  },
  {
    "label_id": "6CxUqHro1oNFRLDTQ8mDwA",
    "size": [
      2.0008175428257373,
      4.991523928119735,
      1.5582746083807493
    ],
    "obj_class": "vehicle",
    "point_num_in_lidar": 23,
    "speed": 1.4369837526939963e-12,
    "if_vehicle": true,
    "motion_state": false,
    "pose": [
      [
        -0.9902346233816928,
        0.13923269189571116,
        -0.007046145300180507,
        21.860063026053922
      ],
      [
        -0.13933896820489425,
        -0.9900820236446403,
        0.017950999842063966,
        -119.05240836507255
      ],
      [
        -0.004476895767466835,
        0.018757504183879954,
        0.9998140394298726,
        2.5375477931460892
      ],
      [
        0.0,
        0.0,
        0.0,
        1.0
      ]
    ],
    "location": [
      21.860063026053922,
      -119.05240836507255,
      2.5375477931460892
    ],
    "rotation": [
      0.018758792320947543,
      0.004476910722370369,
      -3.0017974040060924
    ]
  },
  {
    "label_id": "8VOdSBCMlmgcCnhgXWua6Q",
    "size": [
      0.9774298305422646,
      1.1331684725048716,
      1.7700000000000031
    ],
    "obj_class": "pedestrian",
    "point_num_in_lidar": 104,
    "speed": 0.4267384347439422,
    "if_vehicle": false,
    "motion_state": false,
    "pose": [
      [
        -0.7137276582072242,
        -0.7003878794970974,
        -0.007046145300180507,
        19.47595496316376
      ],
      [
        0.7002021226223307,
        -0.7137189566488008,
        0.017950999842063966,
        -82.24167109302289
      ],
      [
        -0.017601630186276595,
        0.007878399184262815,
        0.9998140394298726,
        2.2631710314256708
      ],
      [
        0.0,
        0.0,
        0.0,
        1.0
      ]
    ],
    "location": [
      19.47595496316376,
      -82.24167109302289,
      2.2631710314256708
    ],
    "rotation": [
      0.007879701441560069,
      0.01760253919485427,
      2.3657601158913937
    ]
  },
  {
    "label_id": "AnmjxPABapPDruv9_zJfdA",
    "size": [
      0.9442796685905961,
      1.283126946081576,
      1.8862076711532936
    ],
    "obj_class": "pedestrian",
    "point_num_in_lidar": 424,
    "speed": 1.7209114154222593,
    "if_vehicle": false,
    "motion_state": true,
    "pose": [
      [
        0.0534704173880979,
        0.9985445740179811,
        -0.007046145300180507,
        -5.098723682229775
      ],
      [
        -0.998401689685491,
        0.05358943587897609,
        0.017950999842063966,
        -62.616118535943315
      ],
      [
        0.01830247244224858,
        0.006075035919380859,
        0.9998140394298726,
        1.907163217717823
      ],
      [
        0.0,
        0.0,
        0.0,
        1.0
      ]
    ],
    "location": [
      -5.098723682229775,
      -62.616118535943315,
      1.907163217717823
    ],
    "rotation": [
      0.006076091071377114,
      -0.018303494424865018,
      -1.5172914262935178
    ]
  },
  {
    "label_id": "HUUEfy28oF2K_ISZRkMy6Q",
    "size": [
      0.8119127542121553,
      1.1004562136679052,
      1.8288524052985764
    ],
    "obj_class": "pedestrian",
    "point_num_in_lidar": 257,
    "speed": 1.7403040997928032,
    "if_vehicle": false,
    "motion_state": true,
    "pose": [
      [
        0.11871756112144691,
        0.9929030630015119,
        -0.007046145300180507,
        -7.395212123255533
      ],
      [
        -0.9927526944973711,
        0.11882697157160829,
        0.017950999842063966,
        -64.7684901996181
      ],
      [
        0.01866087483439894,
        0.004863980811632872,
        0.9998140394298726,
        1.9667323253089748
      ],
      [
        0.0,
        0.0,
        0.0,
        1.0
      ]
    ],
    "location": [
      -7.395212123255533,
      -64.7684901996181,
      1.9667323253089748
    ],
    "rotation": [
      0.004864847109795585,
      -0.018661958044779416,
      -1.451777294208775
    ]
  },
  {
    "label_id": "InPwvU2homAc1AtpmC4pDQ",
    "size": [
      2.1166185057525424,
      4.313385827928875,
      1.7074263757876054
    ],
    "obj_class": "vehicle",
    "point_num_in_lidar": 68,
    "speed": 8.98885640527558,
    "if_vehicle": true,
    "motion_state": true,
    "pose": [
      [
        0.10992230315623737,
        0.9939152072009146,
        -0.007046145300180507,
        8.28336487211368
      ],
      [
        -0.9937658132486569,
        0.11003304059647723,
        0.017950999842063966,
        -107.66552299057912
      ],
      [
        0.01861708051935203,
        0.005029003067905158,
        0.9998140394298726,
        2.6943507156198763
      ],
      [
        0.0,
        0.0,
        0.0,
        1.0
      ]
    ],
    "location": [
      8.28336487211368,
      -107.66552299057912,
      2.6943507156198763
    ],
    "rotation": [
      0.005029896019150628,
      -0.01861815612042218,
      -1.4606322772471882
    ]
  },
  {
    "label_id": "MD6fVS0eM0ptbIe6U-jsHw",
    "size": [
      0.6395190031789121,
      0.6733852925386279,
      1.6899999999999977
    ],
    "obj_class": "pedestrian",
    "point_num_in_lidar": 50,
    "speed": 0.29432851457215753,
    "if_vehicle": false,
    "motion_state": false,
    "pose": [
      [
        -0.7839157820240342,
        -0.6208271889423462,
        -0.007046145300180507,
        18.226028166079914
      ],
      [
        0.620643399504825,
        -0.7838874487168197,
        0.017950999842063966,
        -74.61030479748842
      ],
      [
        -0.016667853633299583,
        0.009698928506795915,
        0.9998140394298726,
        2.194629059153023
      ],
      [
        0.0,
        0.0,
        0.0,
        1.0
      ]
    ],
    "location": [
      18.226028166079914,
      -74.61030479748842,
      2.194629059153023
    ],
    "rotation": [
      0.009700428184459191,
      0.016668625499606998,
      2.4719196713602867
    ]
  },
  {
    "label_id": "NBgbV7Va-YyVHVquDtiqxg",
    "size": [
      1.0389736746812186,
      1.1930606057699777,
      1.8999999999999986
    ],
    "obj_class": "pedestrian",
    "point_num_in_lidar": 503,
    "speed": 1.786469917222715,
    "if_vehicle": false,
    "motion_state": true,
    "pose": [
      [
        -0.12074458026443374,
        -0.992658601017074,
        -0.007046145300180507,
        -4.450943237197862
      ],
      [
        0.992508009436827,
        -0.12085368347062311,
        0.017950999842063966,
        -61.50578093956392
      ],
      [
        -0.01867076700387697,
        -0.004825869704827879,
        0.9998140394298726,
        1.8912103292328268
      ],
      [
        0.0,
        0.0,
        0.0,
        1.0
      ]
    ],
    "location": [
      -4.450943237197862,
      -61.50578093956392,
      1.8912103292328268
    ],
    "rotation": [
      -0.004826729809585597,
      0.01867185193798751,
      1.6918574494199519
    ]
  },
  {
    "label_id": "NmBMsZev9_rv5hyPKybGXg",
    "size": [
      0.6605771973154152,
      1.8335680424917808,
      1.6599999999999966
    ],
    "obj_class": "cyclist",
    "point_num_in_lidar": 24,
    "speed": 5.695433295429594e-13,
    "if_vehicle": false,
    "motion_state": false,
    "pose": [
      [
        -0.9856170136295241,
        0.16884742900153155,
        -0.007046145300180507,
        16.559244170886586
      ],
      [
        -0.1689490841651991,
        -0.9854612973447566,
        0.017950999842063966,
        -114.49382171313846
      ],
      [
        -0.003912723317456142,
        0.018883250651359564,
        0.9998140394298726,
        2.714458831764688
      ],
      [
        0.0,
        0.0,
        0.0,
        1.0
      ]
    ],
    "location": [
      16.559244170886586,
      -114.49382171313846,
      2.714458831764688
    ],
    "rotation": [
      0.018884517627194418,
      0.003912733301101766,
      -2.97182801330328
    ]
  },
  {
    "label_id": "SAAwhsDca5CYMeNiy8pbOw",
    "size": [
      2.154791955079075,
      5.2083378786918395,
      2.0472722474731384
    ],
    "obj_class": "vehicle",
    "point_num_in_lidar": 5654,
    "speed": 8.556067554929069e-13,
    "if_vehicle": true,
    "motion_state": false,
    "pose": [
      [
        -0.10936801525041386,
        -0.9939763523729295,
        -0.007046145300180507,
        11.695995193291537
      ],
      [
        0.9938270201981948,
        -0.10947883598507616,
        0.017950999842063966,
        -62.623987594186474
      ],
      [
        -0.018614273130107252,
        -0.005039384363074879,
        0.9998140394298726,
        1.8579404621742341
      ],
      [
        0.0,
        0.0,
        0.0,
        1.0
      ]
    ],
    "location": [
      11.695995193291537,
      -62.623987594186474,
      1.8579404621742341
    ],
    "rotation": [
      -0.005040278981956466,
      0.01861534824460979,
      1.6804026226474533
    ]
  },
  {
    "label_id": "WQ3NV7YhXVWfTw1Liq08Tw",
    "size": [
      0.5172362167046889,
      0.09826200311728661,
      0.490000000000002
    ],
    "obj_class": "sign",
    "point_num_in_lidar": 99,
    "speed": 0.02499915863964543,
    "if_vehicle": false,
    "motion_state": false,
    "pose": [
      [
        0.0855568782885842,
        -0.9963083721488649,
        -0.007046145300180507,
        14.15164576722509
      ],
      [
        0.9961833784432639,
        0.08541919057234855,
        0.017950999842063966,
        -68.97493394444791
      ],
      [
        -0.017282855402894707,
        -0.008555084338781804,
        0.9998140394298726,
        3.7546547876514325
      ],
      [
        0.0,
        0.0,
        0.0,
        1.0
      ]
    ],
    "location": [
      14.15164576722509,
      -68.97493394444791,
      3.7546547876514325
    ],
    "rotation": [
      -0.008556466721712635,
      0.017283715908335256,
      1.4851218963777724
    ]
  },
  {
    "label_id": "XB9iY_t9oXNSYC_x3HoAZA",
    "size": [
      0.7275666185671319,
      0.9426085402385718,
      1.6662076711532947
    ],
    "obj_class": "pedestrian",
    "point_num_in_lidar": 104,
    "speed": 1.2124251289245849,
    "if_vehicle": false,
    "motion_state": true,
    "pose": [
      [
        -0.11637583454448876,
        -0.9931802540176091,
        -0.007046145300180507,
        -3.904510065872273
      ],
      [
        0.9930301439358371,
        -0.11648559927922844,
        0.017950999842063966,
        -77.99336372359357
      ],
      [
        -0.0186493530409112,
        -0.0049079720941028904,
        0.9998140394298726,
        2.0778475809710955
      ],
      [
        0.0,
        0.0,
        0.0,
        1.0
      ]
    ],
    "location": [
      -3.904510065872273,
      -77.99336372359357,
      2.0778475809710955
    ],
    "rotation": [
      -0.004908845523669439,
      0.01865043424589962,
      1.6874568429103567
    ]
  },
  {
    "label_id": "Y0UsFxjq4lr0MBNdcaiAOA",
    "size": [
      0.8222480615477282,
      0.7298880518515034,
      1.7620060790273513
    ],
    "obj_class": "pedestrian",
    "point_num_in_lidar": 23,
    "speed": 0.004760256010740704,
    "if_vehicle": false,
    "motion_state": false,
    "pose": [
      [
        0.9999751756100793,
        -6.672189722991795e-15,
        -0.007046145300180507,
        0.6125756029857712
      ],
      [
        0.0001264884931770416,
        0.9998388598195869,
        0.017950999842063966,
        -115.43249615943205
      ],
      [
        0.007045009883055499,
        -0.017951445475746147,
        0.9998140394298726,
        2.5743592317659463
      ],
      [
        0.0,
        0.0,
        0.0,
        1.0
      ]
    ],
    "location": [
      0.6125756029857712,
      -115.43249615943205,
      2.5743592317659463
    ],
    "rotation": [
      -0.017952855343885483,
      -0.0070450681608717255,
      0.00012649163258003954
    ]
  },
  {
    "label_id": "Z9u9SOz9ZevhmVKWH6pWEQ",
    "size": [
      0.7390585628694366,
      0.5497838732974032,
      1.8651237228593445
    ],
    "obj_class": "pedestrian",
    "point_num_in_lidar": 21,
    "speed": 8.533911106286719e-13,
    "if_vehicle": false,
    "motion_state": false,
    "pose": [
      [
        0.9964183267345714,
        0.08426665997822308,
        -0.007046145300180507,
        0.3524895175014535
      ],
      [
        -0.08412913423514733,
        0.9962931548382308,
        0.017950999842063966,
        -116.61199902878616
      ],
      [
        0.00853269713052575,
        -0.017293919122042693,
        0.9998140394298726,
        2.6243592317659292
      ],
      [
        0.0,
        0.0,
        0.0,
        1.0
      ]
    ],
    "location": [
      0.3524895175014535,
      -116.61199902878616,
      2.6243592317659292
    ],
    "rotation": [
      -0.01729541096831111,
      -0.008532800673818206,
      -0.0842317655926286
    ]
  },
  {
    "label_id": "ajqIIl7Ik1i-h4zFOR1dGQ",
    "size": [
      0.18342118124605072,
      0.043820704414073874,
      0.28999999999999915
    ],
    "obj_class": "sign",
    "point_num_in_lidar": 24,
    "speed": 0.020657979190436677,
    "if_vehicle": false,
    "motion_state": false,
    "pose": [
      [
        0.5621535384392973,
        -0.8270028724596948,
        -0.007046145300180507,
        -3.8599118348104184
      ],
      [
        0.8269612438299982,
        0.5619722971889384,
        0.017950999842063966,
        -60.464412517712844
      ],
      [
        -0.010885789972240947,
        -0.015918107161383695,
        0.9998140394298726,
        1.3886196593540987
      ],
      [
        0.0,
        0.0,
        0.0,
        1.0
      ]
    ],
    "location": [
      -3.8599118348104184,
      -60.464412517712844,
      1.3886196593540987
    ],
    "rotation": [
      -0.015919722830570464,
      0.010886004978826393,
      0.9737686130814376
    ]
  },
  {
    "label_id": "eUvjCEr44xj0JhoTK13GOw",
    "size": [
      0.9033761271728452,
      1.2275531915227762,
      1.8088524052985733
    ],
    "obj_class": "pedestrian",
    "point_num_in_lidar": 459,
    "speed": 1.412642631925713,
    "if_vehicle": false,
    "motion_state": true,
    "pose": [
      [
        -0.08419245371741803,
        0.9964245995425088,
        -0.007046145300180507,
        -5.318121304864462
      ],
      [
        -0.9962994174045929,
        -0.08405493729662077,
        0.017950999842063966,
        -59.41004865335162
      ],
      [
        0.017294554527626675,
        0.008531409180902299,
        0.9998140394298726,
        1.7895371550178467
      ],
      [
        0.0,
        0.0,
        0.0,
        1.0
      ]
    ],
    "location": [
      -5.318121304864462,
      -59.41004865335162,
      1.7895371550178467
    ],
    "rotation": [
      0.008532788889187938,
      -0.01729541678188955,
      -1.6551012024147376
    ]
  },
  {
    "label_id": "hcrw76nseDR0xxwdPMNQlA",
    "size": [
      0.9554062405057345,
      0.823365753160863,
      1.6199999999999974
    ],
    "obj_class": "pedestrian",
    "point_num_in_lidar": 61,
    "speed": 0.002388660591793869,
    "if_vehicle": false,
    "motion_state": false,
    "pose": [
      [
        -0.8811492623800726,
        0.4727857117589986,
        -0.007046145300180507,
        17.475368858394177
      ],
      [
        -0.47283272001037446,
        -0.8809693414031281,
        0.017950999842063966,
        -87.07356664744839
      ],
      [
        0.0022795382525851167,
        0.01914915831769213,
        0.9998140394298726,
        2.260713598964145
      ],
      [
        0.0,
        0.0,
        0.0,
        1.0
      ]
    ],
    "location": [
      17.475368858394177,
      -87.07356664744839,
      2.260713598964145
    ],
    "rotation": [
      0.019150378574153245,
      -0.0022795402267818026,
      -2.6490884531940253
    ]
  },
  {
    "label_id": "hfwBtfwps5qa36ezQePSwg",
    "size": [
      0.7931411975779203,
      1.2062960889686793,
      1.8300000000000054
    ],
    "obj_class": "pedestrian",
    "point_num_in_lidar": 82,
    "speed": 3.251846068561706,
    "if_vehicle": false,
    "motion_state": true,
    "pose": [
      [
        -0.097142824932776,
        -0.9952455091084254,
        -0.007046145300180507,
        -3.141752507126739
      ],
      [
        0.9950975503075823,
        -0.09725547273299924,
        0.017950999842063966,
        -86.27103909137077
      ],
      [
        -0.018550928168934673,
        -0.005267791092294996,
        0.9998140394298726,
        2.2663248978854327
      ],
      [
        0.0,
        0.0,
        0.0,
        1.0
      ]
    ],
    "location": [
      -3.141752507126739,
      -86.27103909137077,
      2.2663248978854327
    ],
    "rotation": [
      -0.00526872212314369,
      0.01855199234367252,
      1.6681093882760465
    ]
  },
  {
    "label_id": "m1DhI6CUMFGLwFDMpQXICQ",
    "size": [
      0.8813313296847797,
      0.919217660923858,
      1.4500000000000028
    ],
    "obj_class": "pedestrian",
    "point_num_in_lidar": 261,
    "speed": 1.2399423659057394,
    "if_vehicle": false,
    "motion_state": true,
    "pose": [
      [
        0.04919498169362991,
        0.9987643393776994,
        -0.007046145300180507,
        14.517151147033019
      ],
      [
        -0.9986219658938206,
        0.049314610806852024,
        0.017950999842063966,
        -55.75462540808621
      ],
      [
        0.018276296411595134,
        0.006153336363027072,
        0.9998140394298726,
        1.5418222548420886
      ],
      [
        0.0,
        0.0,
        0.0,
        1.0
      ]
    ],
    "location": [
      14.517151147033019,
      -55.75462540808621,
      1.5418222548420886
    ],
    "rotation": [
      0.006154403149835817,
      -0.01827731401515035,
      -1.5215732521335377
    ]
  },
  {
    "label_id": "py8zJZRABr-k6qjoeH8D2w",
    "size": [
      0.7772359472449316,
      0.7309436320632802,
      1.5340060935992454
    ],
    "obj_class": "pedestrian",
    "point_num_in_lidar": 111,
    "speed": 0.8063792337883164,
    "if_vehicle": false,
    "motion_state": false,
    "pose": [
      [
        -0.09845469611350277,
        0.9951165884707212,
        -0.007046145300180507,
        -7.351054672056307
      ],
      [
        -0.9949933886941293,
        -0.0983154009280519,
        0.017950999842063966,
        -57.583831555046345
      ],
      [
        0.017170593122288594,
        0.00877822822384176,
        0.9998140394298726,
        1.6713685856735196
      ],
      [
        0.0,
        0.0,
        0.0,
        1.0
      ]
    ],
    "location": [
      -7.351054672056307,
      -57.583831555046345,
      1.6713685856735196
    ],
    "rotation": [
      0.008779635340889826,
      -0.017171436966482927,
      -1.6694253674409074
    ]
  },
  {
    "label_id": "rCIKnCfuvco-eqQWUwlUOQ",
    "size": [
      0.6496025147081437,
      0.8832043404860536,
      1.5537234042553294
    ],
    "obj_class": "pedestrian",
    "point_num_in_lidar": 250,
    "speed": 0.7444939490665408,
    "if_vehicle": false,
    "motion_state": false,
    "pose": [
      [
        -0.004779932264991398,
        0.9999637513849944,
        -0.007046145300180507,
        -6.28023311140214
      ],
      [
        -0.9998280417732819,
        -0.004652793620469229,
        0.017950999842063966,
        -57.44220408147339
      ],
      [
        0.017917564883280147,
        0.007130738220863427,
        0.9998140394298726,
        1.6575189604636336
      ],
      [
        0.0,
        0.0,
        0.0,
        1.0
      ]
    ],
    "location": [
      -6.28023311140214,
      -57.44220408147339,
      1.6575189604636336
    ],
    "rotation": [
      0.007131943579986231,
      -0.017918523728386333,
      -1.5755770447280728
    ]
  },
  {
    "label_id": "ucVAeC1wwuoLAn2C4cTN4A",
    "size": [
      0.8885710738840337,
      0.9070466531249303,
      1.726207671153297
    ],
    "obj_class": "pedestrian",
    "point_num_in_lidar": 64,
    "speed": 1.0312957013281554,
    "if_vehicle": false,
    "motion_state": true,
    "pose": [
      [
        -0.17726166215563724,
        -0.9841385344382312,
        -0.007046145300180507,
        -3.9721681290243396
      ],
      [
        0.9839819553684324,
        -0.17736198328273928,
        0.017950999842063966,
        -94.54821494900352
      ],
      [
        -0.01891598898120812,
        -0.0037512557609218644,
        0.9998140394298726,
        2.4425328435514686
      ],
      [
        0.0,
        0.0,
        0.0,
        1.0
      ]
    ],
    "location": [
      -3.9721681290243396,
      -94.54821494900352,
      2.4425328435514686
    ],
    "rotation": [
      -0.0037519358708680414,
      0.01891711723251328,
      1.7490319087406678
    ]
  },
  {
    "label_id": "wMUdRIDh7znXWBSuOCttNg",
    "size": [
      0.8265578553025751,
      0.10863909985943096,
      0.7800000000000011
    ],
    "obj_class": "sign",
    "point_num_in_lidar": 30,
    "speed": 0.011459142447182812,
    "if_vehicle": false,
    "motion_state": false,
    "pose": [
      [
        -0.0380261297229989,
        -0.9992519028226559,
        -0.007046145300180507,
        0.08718903249655341
      ],
      [
        0.999110875640858,
        -0.03814734303759859,
        0.017950999842063966,
        -114.68021515325927
      ],
      [
        -0.018206362471610362,
        -0.006357273352104205,
        0.9998140394298726,
        5.721188029836192
      ],
      [
        0.0,
        0.0,
        0.0,
        1.0
      ]
    ],
    "location": [
      0.08718903249655341,
      -114.68021515325927,
      5.721188029836192
    ],
    "rotation": [
      -0.006358370085539874,
      0.018207368437123957,
      1.6088379351203441
    ]
  },
  {
    "label_id": "zXhKDN5BIGX_s4bcOBrUxA",
    "size": [
      0.8319791430181896,
      0.993830654919953,
      1.5762076711532984
    ],
    "obj_class": "pedestrian",
    "point_num_in_lidar": 38,
    "speed": 1.3600576459584262,
    "if_vehicle": false,
    "motion_state": true,
    "pose": [
      [
        0.02540185792374031,
        -0.9996524883430397,
        -0.007046145300180507,
        -2.0687798877302157
      ],
      [
        0.9995194296635055,
        0.025271947487505615,
        0.017950999842063966,
        -96.89999518365403
      ],
      [
        -0.01776669184634926,
        -0.007498747879339802,
        0.9998140394298726,
        2.427251190882373
      ],
      [
        0.0,
        0.0,
        0.0,
        1.0
      ]
    ],
    "location": [
      -2.0687798877302157,
      -96.89999518365403,
      2.427251190882373
    ],
    "rotation": [
      -0.007500001981860002,
      0.017767626670999185,
      1.5453877249409342
    ]
  },
  {
    "label_id": "zcRL3Ri9BQSc21e8NqmUog",
    "size": [
      1.9455414357884475,
      4.366603907007664,
      1.5051311337171924
    ],
    "obj_class": "vehicle",
    "point_num_in_lidar": 79,
    "speed": 0.0018548563102814498,
    "if_vehicle": true,
    "motion_state": false,
    "pose": [
      [
        -0.35731206813876104,
        0.9339584775560476,
        -0.007046145300180507,
        1.933527830390858
      ],
      [
        -0.9338763580944174,
        -0.3571452217193699,
        0.017950999842063966,
        -119.36131167555686
      ],
      [
        0.01424899135760305,
        0.012994337390263115,
        0.9998140394298726,
        2.587562722342895
      ],
      [
        0.0,
        0.0,
        0.0,
        1.0
      ]
    ],
    "location": [
      1.933527830390858,
      -119.36131167555686,
      2.587562722342895
    ],
    "rotation": [
      0.012996022563312134,
      -0.01424947357269805,
      -1.9362235560299093
    ]
  },
  {
    "label_id": "zyN6XuE8pM7RqXmZLz8paw",
    "size": [
      0.8792804098580723,
      1.0084493014463036,
      1.6899999999999977
    ],
    "obj_class": "pedestrian",
    "point_num_in_lidar": 31,
    "speed": 0.9611276830050459,
    "if_vehicle": false,
    "motion_state": false,
    "pose": [
      [
        -0.9636039233681674,
        0.2672411471047897,
        -0.007046145300180507,
        19.415565147381358
      ],
      [
        -0.26732660484628623,
        -0.963438761907589,
        0.017950999842063966,
        -114.90107836103925
      ],
      [
        -0.001991283714755811,
        0.01918127597654506,
        0.9998140394298726,
        2.6998681384802694
      ],
      [
        0.0,
        0.0,
        0.0,
        1.0
      ]
    ],
    "location": [
      19.415565147381358,
      -114.90107836103925,
      2.6998681384802694
    ],
    "rotation": [
      0.01918249040748992,
      0.001991285030734785,
      -2.870974509628721
    ]
  }
]