[
  {
    "label_id": "1QUadbkhVP7b1ahvYgu9kw",
    "size": [
      0.8194169378864923,
      1.2619141868906687,
      1.9600842317735356
    ],
    "obj_class": "pedestrian",
    "point_num_in_lidar": 369,
    "speed": 3.116488249114888,
    "if_vehicle": false,
    "motion_state": true,
    "pose": [
      [
        -0.15907433040364172,
        -0.9872551454822319,
        -0.0047576386464125205,
        -4.390322345146842
      ],
      [
        0.9870869916896593,
        -0.15913546245277496,
        0.01830779689094365,
        -81.16697144323007
      ],
      [
        -0.018831575709207782,
        -0.0017839026874410615,
        0.9998210787173424,
        2.310127387206073
      ],
      [
        0.0,
        0.0,
        0.0,
        1.0
      ]
    ],
    "location": [
      -4.390322345146842,
      -81.16697144323007,
      2.310127387206073
    ],
    "rotation": [
      -0.0017842200293938099,
      0.01883268892163634,
      1.7305778778265744
    ]
  },
  {
    "label_id": "2MtqwmzUwaINPc8Nj13paw",
    "size": [
      0.8449872067055377,
      0.11805527053042442,
      1.25
    ],
    "obj_class": "sign",
    "point_num_in_lidar": 26,
    "speed": 0.027348978822838082,
    "if_vehicle": false,
    "motion_state": false,
    "pose": [
      [
        -0.1041013956096922,
        -0.9945553098277765,
        -0.0047576386464125205,
        2.5952840676347932
      ],
      [
        0.9943908034492118,
        -0.10417175523447351,
        0.01830779689094365,
        -144.6502668177618
      ],
      [
        -0.018703728177704628,
        -0.0028250849092411484,
        0.9998210787173424,
        5.606634273209764
      ],
      [
        0.0,
        0.0,
        0.0,
        1.0
      ]
    ],
    "location": [
      2.5952840676347932,
      -144.6502668177618,
      5.606634273209764
    ],
    "rotation": [
      -0.0028255829477460566,
      0.01870481886856332,
      1.675104984689932
    ]
  },
  {
    "label_id": "2jWNOOfzy3eCU2wdIeh1tg",
    "size": [
      0.719413126237347,
      0.5887220451180889,
      1.7299999999999969
    ],
    "obj_class": "pedestrian",
    "point_num_in_lidar": 88,
    "speed": 0.06535016203776756,
    "if_vehicle": false,
    "motion_state": false,
    "pose": [
      [
        -0.9752857580418957,
        0.2208960276581612,
        -0.0047576386464125205,
        17.26460157671113
      ],
      [
        -0.22094645503332663,
        -0.9751140900331643,
        0.01830779689094365,
        -95.6015588341088
      ],
      [
        -0.0005951208710212741,
        0.018906516962115445,
        0.9998210787173424,
        2.482374709396744
      ],
      [
        0.0,
        0.0,
        0.0,
        1.0
      ]
    ],
    "location": [
      17.26460157671113,
      -95.6015588341088,
      2.482374709396744
    ],
    "rotation": [
      0.018907646867850163,
      0.0005951209061501589,
      -2.918807810965032
    ]
  },
  {
    "label_id": "3h-ylbRKsvw44D4CpJcGgQ",
    "size": [
      0.40605134262543147,
      0.08601949431669878,
      0.46999999999999886
    ],
    "obj_class": "sign",
    "point_num_in_lidar": 20,
    "speed": 0.022517768160329524,
    "if_vehicle": false,
    "motion_state": false,
    "pose": [
      [
        0.12982077483037285,
        -0.9915260618344591,
        -0.0047576386464125205,
        -2.510914346110667
      ],
      [
        0.9913824044186327,
        0.12971411944013925,
        0.01830779689094365,
        -79.59095343139415
      ],
      [
        -0.017535524844508744,
        -0.00709337161845485,
        0.9998210787173424,
        3.9943667120235347
      ],
      [
        0.0,
        0.0,
        0.0,
        1.0
      ]
    ],
    "location": [
      -2.510914346110667,
      -79.59095343139415,
      3.9943667120235347
    ],
    "rotation": [
      -0.007094521970594061,
      0.01753642364884276,
      1.4405879694272758
    ]
  },
  {
    "label_id": "4dkaDfwB3gRYtiEkRANu-Q",
    "size": [
      0.6877240385553243,
      0.4837766774061261,
      1.785879112333582
    ],
    "obj_class": "pedestrian",
    "point_num_in_lidar": 22,
    "speed": 8.533911106286719e-13,
    "if_vehicle": false,
    "motion_state": false,
    "pose": [
      [
        0.9994042138990086,
        -0.03418453035240919,
        -0.0047576386464125205,
        0.06662892142048804
      ],
      [
        0.03426623962095371,
        0.9992450397151038,
        0.01830779689094365,
        -117.23499411775629
      ],
      [
        0.004128203379680386,
        -0.018459915745904137,
        0.9998210787173424,
        2.5639815370288375
      ],
      [
        0.0,
        0.0,
        0.0,
        1.0
      ]
    ],
    "location": [
      0.06662892142048804,
      -117.23499411775629,
      2.5639815370288375
    ],
    "rotation": [
      -0.018461121659319436,
      -0.00412821510528742,
      0.03427324108696391
    ]
  },
  {
    "label_id": "6CxUqHro1oNFRLDTQ8mDwA",
    "size": [
      2.00081754282573,
      4.991523928119735,
      1.5582746083807493
    ],
    "obj_class": "vehicle",
    "point_num_in_lidar": 74,
    "speed": 1.4369837526939963e-12,
    "if_vehicle": true,
    "motion_state": false,
    "pose": [
      [
        -0.9902479985782263,
        0.1392345725253868,
        -0.0047576386464125205,
        21.860063026054377
      ],
      [
        -0.13929906601326184,
        -0.9900811051529228,
        0.01830779689094365,
        -119.05240836507437
      ],
      [
        -0.0021613698549662187,
        0.018791993849507492,
        0.9998210787173424,
        2.5375477931461745
      ],
      [
        0.0,
        0.0,
        0.0,
        1.0
      ]
    ],
    "location": [
      21.860063026054377,
      -119.05240836507437,
      2.5375477931461745
    ],
    "rotation": [
      0.018793143957885963,
      0.002161371537783381,
      -3.001838780735188
    ]
  },
  {
    "label_id": "8VOdSBCMlmgcCnhgXWua6Q",
    "size": [
      0.9774298305409769,
      1.1331684725048716,
      1.7700000000000031
    ],
    "obj_class": "pedestrian",
    "point_num_in_lidar": 308,
    "speed": 0.11616952162616437,
    "if_vehicle": false,
    "motion_state": false,
    "pose": [
      [
        -0.545665491028986,
        -0.8379895803496639,
        -0.0047576386464125205,
        18.87837219923904
      ],
      [
        0.8378110816468424,
        -0.5456532012576744,
        0.01830779689094365,
        -81.96494108713887
      ],
      [
        -0.017937763791610974,
        0.0060039305997200195,
        0.9998210787173424,
        2.249540739982862
      ],
      [
        0.0,
        0.0,
        0.0,
        1.0
      ]
    ],
    "location": [
      18.87837219923904,
      -81.96494108713887,
      2.249540739982862
    ],
    "rotation": [
      0.006004932844151574,
      0.017938725883476322,
      2.1480841624391345
    ]
  },
  {
    "label_id": "BsgqXnwaRPIkYSeBm0om7g",
    "size": [
      0.7223956244660708,
      0.6513052334713088,
      1.5899999999999963
    ],
    "obj_class": "pedestrian",
    "point_num_in_lidar": 172,
    "speed": 2.929642751054232e-13,
    "if_vehicle": false,
    "motion_state": false,
    "pose": [
      [
        -0.3572613791507504,
        0.933992329648276,
        -0.0047576386464125205,
        15.861994975123707
      ],
      [
        -0.9338774751150012,
        -0.35712418854766825,
        0.01830779689094365,
        -89.2766643610812
      ],
      [
        0.015400274027896833,
        0.010983720333091626,
        0.9998210787173424,
        2.2160376323532205
      ],
      [
        0.0,
        0.0,
        0.0,
        1.0
      ]
    ],
    "location": [
      15.861994975123707,
      -89.2766643610812,
      2.2160376323532205
    ],
    "rotation": [
      0.01098524400118908,
      -0.015400882836036078,
      -1.9361758091482892
    ]
  },
  {
    "label_id": "DmAuWTkUoLo0qFg1J3KNSA",
    "size": [
      0.8356195406509358,
      0.09502477883125592,
      0.75
    ],
    "obj_class": "sign",
    "point_num_in_lidar": 26,
    "speed": 0.03705895995525738,
    "if_vehicle": false,
    "motion_state": false,
    "pose": [
      [
        -0.040337077415040515,
        -0.9991748020542367,
        -0.0047576386464125205,
        19.07399338804794
      ],
      [
        0.9990151278144804,
        -0.040417805121226606,
        0.01830779689094365,
        -134.52279287165584
      ],
      [
        -0.018484982646205714,
        -0.004014469959952084,
        0.9998210787173424,
        4.959714967907708
      ],
      [
        0.0,
        0.0,
        0.0,
        1.0
      ]
    ],
    "location": [
      19.07399338804794,
      -134.52279287165584,
      4.959714967907708
    ],
    "rotation": [
      -0.0040151667855417,
      0.018486035511179135,
      1.6111512496969687
    ]
  },
  {
    "label_id": "HPmkAlC3RGBn144ZpB-W9Q",
    "size": [
      0.1834211812382204,
      0.043820704414073874,
      0.3500000000000014
    ],
    "obj_class": "sign",
    "point_num_in_lidar": 21,
    "speed": 0.05263984964536309,
    "if_vehicle": false,
    "motion_state": false,
    "pose": [
      [
        0.7418563388145408,
        -0.670541972910865,
        -0.0047576386464125205,
        -2.450422144204367
      ],
      [
        0.6705017926565126,
        0.7416819875239004,
        0.01830779689094365,
        -78.60986696939653
      ],
      [
        -0.008747491359713004,
        -0.016771760414507193,
        0.9998210787173424,
        1.7246548158156827
      ],
      [
        0.0,
        0.0,
        0.0,
        1.0
      ]
    ],
    "location": [
      -2.450422144204367,
      -78.60986696939653,
      1.7246548158156827
    ],
    "rotation": [
      -0.016773188610538857,
      0.008747602921193962,
      0.7349195147869465
    ]
  },
  {
    "label_id": "InPwvU2homAc1AtpmC4pDQ",
    "size": [
      2.11661850575275,
      4.313385827928875,
      1.7074263757876054
    ],
    "obj_class": "vehicle",
    "point_num_in_lidar": 105,
    "speed": 6.747777256364428,
    "if_vehicle": true,
    "motion_state": true,
    "pose": [
      [
        0.6900470909381126,
        0.7237488356898119,
        -0.0047576386464125205,
        12.12292076217227
      ],
      [
        -0.7235756154443629,
        0.6900022850015146,
        0.01830779689094365,
        -119.6508589296227
      ],
      [
        0.01653302822110218,
        -0.009190730674441665,
        0.9998210787173424,
        2.7943564132364784
      ],
      [
        0.0,
        0.0,
        0.0,
        1.0
      ]
    ],
    "location": [
      12.12292076217227,
      -119.6508589296227,
      2.7943564132364784
    ],
    "rotation": [
      -0.009192116481308679,
      -0.01653378150623476,
      -0.8091118737873844
    ]
  },
  {
    "label_id": "MD6fVS0eM0ptbIe6U-jsHw",
    "size": [
      0.6395190031805402,
      0.6733852925386279,
      1.6899999999999977
    ],
    "obj_class": "pedestrian",
    "point_num_in_lidar": 301,
    "speed": 0.1204791099721279,
    "if_vehicle": false,
    "motion_state": false,
    "pose": [
      [
        -0.10963245587326698,
        -0.9939608088318705,
        -0.0047576386464125205,
        18.874837776682853
      ],
      [
        0.9937959135910215,
        -0.10970189926700002,
        0.01830779689094365,
        -74.59356173700144
      ],
      [
        -0.018719154601189492,
        -0.002720993110364367,
        0.9998210787173424,
        2.194629059153101
      ],
      [
        0.0,
        0.0,
        0.0,
        1.0
      ]
    ],
    "location": [
      18.874837776682853,
      -74.59356173700144,
      2.194629059153101
    ],
    "rotation": [
      -0.002721473322255337,
      0.018720247993292242,
      1.680668925747755
    ]
  },
  {
    "label_id": "NmBMsZev9_rv5hyPKybGXg",
    "size": [
      0.6605771973154093,
      1.8335680424917808,
      1.6599999999999966
    ],
    "obj_class": "cyclist",
    "point_num_in_lidar": 70,
    "speed": 5.695433295429594e-13,
    "if_vehicle": false,
    "motion_state": false,
    "pose": [
      [
        -0.985630326455548,
        0.168849709640378,
        -0.0047576386464125205,
        16.55924417088704
      ],
      [
        -0.16890917237047506,
        -0.9854615751322429,
        0.01830779689094365,
        -114.4938217131421
      ],
      [
        -0.0015972038852128635,
        0.01884832863250599,
        0.9998210787173424,
        2.714458831764759
      ],
      [
        0.0,
        0.0,
        0.0,
        1.0
      ]
    ],
    "location": [
      16.55924417088704,
      -114.4938217131421,
      2.714458831764759
    ],
    "rotation": [
      0.01884946886482821,
      0.0015972045643075337,
      -2.9718696006083665
    ]
  },
  {
    "label_id": "XB9iY_t9oXNSYC_x3HoAZA",
    "size": [
      0.7275666185666558,
      0.9426085402385718,
      1.6662076711532947
    ],
    "obj_class": "pedestrian",
    "point_num_in_lidar": 340,
    "speed": 1.1610468288512832,
    "if_vehicle": false,
    "motion_state": true,
    "pose": [
      [
        -0.06775577582225192,
        -0.9976905931786841,
        -0.0047576386464125205,
        -4.092956339905186
      ],
      [
        0.9975287626311874,
        -0.06783208898811938,
        0.01830779689094365,
        -75.93481095543939
      ],
      [
        -0.018588237307957216,
        -0.0035054224100601,
        0.9998210787173424,
        2.0306148370745305
      ],
      [
        0.0,
        0.0,
        0.0,
        1.0
      ]
    ],
    "location": [
      -4.092956339905186,
      -75.93481095543939,
      2.0306148370745305
    ],
    "rotation": [
      -0.0035060353511746057,
      0.0185893079170054,
      1.6386157883069503
    ]
  },
  {
    "label_id": "Y0UsFxjq4lr0MBNdcaiAOA",
    "size": [
      0.8222480615477235,
      0.7298880518515034,
      1.7620060790273513
    ],
    "obj_class": "pedestrian",
    "point_num_in_lidar": 35,
    "speed": 0.004760255890232656,
    "if_vehicle": false,
    "motion_state": false,
    "pose": [
      [
        0.9999886823732107,
        -1.3537145855818815e-16,
        -0.0047576386464125205,
        0.6125756029859986
      ],
      [
        8.710286781690568e-05,
        0.9998323944472346,
        0.01830779689094365,
        -115.42440092084144
      ],
      [
        0.004756841239757328,
        -0.018308004094101247,
        0.9998210787173424,
        2.5743592317660458
      ],
      [
        0.0,
        0.0,
        0.0,
        1.0
      ]
    ],
    "location": [
      0.6125756029859986,
      -115.42440092084144,
      2.5743592317660458
    ],
    "rotation": [
      -0.01830923417450154,
      -0.004756859179208107,
      8.710385340552491e-05
    ]
  },
  {
    "label_id": "Z9u9SOz9ZevhmVKWH6pWEQ",
    "size": [
      0.7390585628694412,
      0.5497838732974032,
      1.8651237228593445
    ],
    "obj_class": "pedestrian",
    "point_num_in_lidar": 23,
    "speed": 8.533911106286719e-13,
    "if_vehicle": false,
    "motion_state": false,
    "pose": [
      [
        0.9964317854549943,
        0.08426779817630355,
        -0.0047576386464125205,
        0.35248951750190827
      ],
      [
        -0.08416783493945647,
        0.9962833934853097,
        0.01830779689094365,
        -116.6119990287898
      ],
      [
        0.006282714109083518,
        -0.017842030599497554,
        0.9998210787173424,
        2.6243592317660287
      ],
      [
        0.0,
        0.0,
        0.0,
        1.0
      ]
    ],
    "location": [
      0.35248951750190827,
      -116.6119990287898,
      2.6243592317660287
    ],
    "rotation": [
      -0.017843329569255575,
      -0.0062827554422195675,
      -0.0842691975145938
    ]
  },
  {
    "label_id": "h6q-eA2wK_kznq5ZEfhXAQ",
    "size": [
      0.8079511158537708,
      0.09482204849640151,
      1.0799999999999983
    ],
    "obj_class": "sign",
    "point_num_in_lidar": 51,
    "speed": 0.02871163525705332,
    "if_vehicle": false,
    "motion_state": false,
    "pose": [
      [
        0.08279808138271409,
        0.9965549872404691,
        -0.0047576386464125205,
        16.989850716593764
      ],
      [
        -0.9963920239336961,
        0.08287194467558293,
        0.01830779689094365,
        -109.79037893128407
      ],
      [
        0.018639001063747367,
        0.0032246227431295886,
        0.9998210787173424,
        5.150352482794261
      ],
      [
        0.0,
        0.0,
        0.0,
        1.0
      ]
    ],
    "location": [
      16.989850716593764,
      -109.79037893128407,
      5.150352482794261
    ],
    "rotation": [
      0.0032251886173343784,
      -0.018640080469065286,
      -1.487888912484927
    ]
  },
  {
    "label_id": "hYgh4cN-80SkuLKoDlHURQ",
    "size": [
      0.814003561220435,
      0.9510019301556589,
      1.8132957469420816
    ],
    "obj_class": "pedestrian",
    "point_num_in_lidar": 24,
    "speed": 0.9454866092061232,
    "if_vehicle": false,
    "motion_state": false,
    "pose": [
      [
        0.09761969553456275,
        0.9952124194955815,
        -0.0047576386464125205,
        -1.1879821071547667
      ],
      [
        -0.995048374998602,
        0.09769112541905493,
        0.01830779689094365,
        -136.6347031077803
      ],
      [
        0.018684925913174947,
        0.0029468790455407933,
        0.9998210787173424,
        2.781968673017282
      ],
      [
        0.0,
        0.0,
        0.0,
        1.0
      ]
    ],
    "location": [
      -1.1879821071547667,
      -136.6347031077803,
      2.781968673017282
    ],
    "rotation": [
      0.0029473978644113897,
      -0.018686013317684335,
      -1.4730037892977124
    ]
  },
  {
    "label_id": "hcrw76nseDR0xxwdPMNQlA",
    "size": [
      0.9554062405057319,
      0.823365753160863,
      1.6199999999999974
    ],
    "obj_class": "pedestrian",
    "point_num_in_lidar": 153,
    "speed": 1.1457157353758233e-12,
    "if_vehicle": false,
    "motion_state": false,
    "pose": [
      [
        -0.8811611641498965,
        0.472792097722148,
        -0.0047576386464125205,
        17.47496115825743
      ],
      [
        -0.4727949577225517,
        -0.8809822657268025,
        0.01830779689094365,
        -87.07363280119353
      ],
      [
        0.004464386422514369,
        0.01838150718413355,
        0.9998210787173424,
        2.234242394683932
      ],
      [
        0.0,
        0.0,
        0.0,
        1.0
      ]
    ],
    "location": [
      17.47496115825743,
      -87.07363280119353,
      2.234242394683932
    ],
    "rotation": [
      0.018382725677169063,
      -0.004464401252406111,
      -2.649127355441045
    ]
  },
  {
    "label_id": "hfwBtfwps5qa36ezQePSwg",
    "size": [
      0.7931411975778397,
      1.2062960889686793,
      1.8300000000000054
    ],
    "obj_class": "pedestrian",
    "point_num_in_lidar": 527,
    "speed": 3.276830642715337,
    "if_vehicle": false,
    "motion_state": true,
    "pose": [
      [
        -0.2282486202967218,
        -0.9735912552026917,
        -0.0047576386464125205,
        -4.079478972084871
      ],
      [
        0.9734192115881392,
        -0.22829775093970048,
        0.01830779689094365,
        -80.77179741578402
      ],
      [
        -0.018910469157809553,
        -0.00045244747918163526,
        0.9998210787173424,
        2.1422986433538114
      ],
      [
        0.0,
        0.0,
        0.0,
        1.0
      ]
    ],
    "location": [
      -4.079478972084871,
      -80.77179741578402,
      2.1422986433538114
    ],
    "rotation": [
      -0.000452528415261771,
      0.0189115964216011,
      1.8011166941579386
    ]
  },
  {
    "label_id": "iDM-KIgWJav5B0UO7rbxRg",
    "size": [
      0.6636702243888108,
      0.8815122372363502,
      1.5499999999999972
    ],
    "obj_class": "pedestrian",
    "point_num_in_lidar": 22,
    "speed": 2.254142255982383,
    "if_vehicle": false,
    "motion_state": true,
    "pose": [
      [
        -0.03718931035206774,
        -0.9992969128692671,
        -0.0047576386464125205,
        -1.982854607841091
      ],
      [
        0.9991374937274903,
        -0.03727054065812998,
        0.01830779689094365,
        -121.36399160555993
      ],
      [
        -0.01847224467916537,
        -0.0040726808127977306,
        0.9998210787173424,
        2.570577260961123
      ],
      [
        0.0,
        0.0,
        0.0,
        1.0
      ]
    ],
    "location": [
      -1.982854607841091,
      -121.36399160555993,
      2.570577260961123
    ],
    "rotation": [
      -0.004073387103123038,
      0.018473295368833822,
      1.6080005658579992
    ]
  },
  {
    "label_id": "j79NELjEt3UUrOAOw0u7rg",
    "size": [
      2.2716105868517076,
      6.923218476364259,
      3.048274608380744
    ],
    "obj_class": "vehicle",
    "point_num_in_lidar": 48,
    "speed": 5.955433342649105e-13,
    "if_vehicle": true,
    "motion_state": false,
    "pose": [
      [
        -0.026889774230117937,
        -0.9996270829246091,
        -0.0047576386464125205,
        18.234113249492793
      ],
      [
        0.9994685093099419,
        -0.02697264300662148,
        0.01830779689094365,
        -150.42352798959473
      ],
      [
        -0.018429295689634424,
        -0.004262817480716961,
        0.9998210787173424,
        3.285041330064111
      ],
      [
        0.0,
        0.0,
        0.0,
        1.0
      ]
    ],
    "location": [
      18.234113249492793,
      -150.42352798959473,
      3.285041330064111
    ],
    "rotation": [
      -0.004263554491638424,
      0.018430339066850463,
      1.5976939117895734
    ]
  },
  {
    "label_id": "naDLdh5UfyelZ4Xsg9CHVA",
    "size": [
      0.5227128490698574,
      0.06277313367441839,
      0.6700000000000017
    ],
    "obj_class": "sign",
    "point_num_in_lidar": 27,
    "speed": 0.011535461214322945,
    "if_vehicle": false,
    "motion_state": false,
    "pose": [
      [
        -0.07494583419134032,
        -0.9971762566426631,
        -0.0047576386464125205,
        -0.5075832586724118
      ],
      [
        0.9970138801988747,
        -0.07502097882448529,
        0.01830779689094365,
        -112.37181796767072
      ],
      [
        -0.018613023079232446,
        -0.00337133865724647,
        0.9998210787173424,
        4.930261304000858
      ],
      [
        0.0,
        0.0,
        0.0,
        1.0
      ]
    ],
    "location": [
      -0.5075832586724118,
      -112.37181796767072,
      4.930261304000858
    ],
    "rotation": [
      -0.003371929189864072,
      0.018614097977127448,
      1.6458255214820436
    ]
  },
  {
    "label_id": "ucVAeC1wwuoLAn2C4cTN4A",
    "size": [
      0.8885710738859355,
      0.9070466531249303,
      1.726207671153297
    ],
    "obj_class": "pedestrian",
    "point_num_in_lidar": 170,
    "speed": 0.7731506213715017,
    "if_vehicle": false,
    "motion_state": false,
    "pose": [
      [
        -0.24950180055583043,
        -0.9683626471492529,
        -0.0047576386464125205,
        -4.22870830751026
      ],
      [
        0.968189569478355,
        -0.24954715411384226,
        0.01830779689094365,
        -92.93687754050188
      ],
      [
        -0.018915841845299337,
        -3.8467824302844586e-05,
        0.9998210787173424,
        2.422002843107343
      ],
      [
        0.0,
        0.0,
        0.0,
        1.0
      ]
    ],
    "location": [
      -4.22870830751026,
      -92.93687754050188,
      2.422002843107343
    ],
    "rotation": [
      -3.847470822800927e-05,
      0.01891697007027394,
      1.8230081853448636
    ]
  },
  {
    "label_id": "wMUdRIDh7znXWBSuOCttNg",
    "size": [
      0.8265578553025766,
      0.10863909985943096,
      0.7800000000000011
    ],
    "obj_class": "sign",
    "point_num_in_lidar": 27,
    "speed": 0.02727361361634989,
    "if_vehicle": false,
    "motion_state": false,
    "pose": [
      [
        -0.03802664334568213,
        -0.9992653998164703,
        -0.0047576386464125205,
        0.04715109366134129
      ],
      [
        0.9991059126649283,
        -0.038107740040318,
        0.01830779689094365,
        -114.65266626196353
      ],
      [
        -0.018475650836730802,
        -0.004057200839136813,
        0.9998210787173424,
        5.714386565947478
      ],
      [
        0.0,
        0.0,
        0.0,
        1.0
      ]
    ],
    "location": [
      0.04715109366134129,
      -114.65266626196353,
      5.714386565947478
    ],
    "rotation": [
      -0.004057904615190278,
      0.018476702107786295,
      1.6088386372453218
    ]
  },
  {
    "label_id": "zXhKDN5BIGX_s4bcOBrUxA",
    "size": [
      0.8319791430175264,
      0.993830654919953,
      1.5762076711532984
    ],
    "obj_class": "pedestrian",
    "point_num_in_lidar": 135,
    "speed": 1.2781340835735957,
    "if_vehicle": false,
    "motion_state": true,
    "pose": [
      [
        -0.0029462169505166586,
        -0.9999843422175122,
        -0.0047576386464125205,
        -1.9638560715782205
      ],
      [
        0.9998277983430076,
        -0.003032858976941118,
        0.01830779689094365,
        -94.63944168545459
      ],
      [
        -0.01832193947851992,
        -0.004702880631627523,
        0.9998210787173424,
        2.3111973176887943
      ],
      [
        0.0,
        0.0,
        0.0,
        1.0
      ]
    ],
    "location": [
      -1.9638560715782205,
      -94.63944168545459,
      2.3111973176887943
    ],
    "rotation": [
      -0.004703687538146449,
      0.018322964725965472,
      1.573743042647295
    ]
  },
  {
    "label_id": "zcRL3Ri9BQSc21e8NqmUog",
    "size": [
      1.945541435787937,
      4.366603907007664,
      1.5051311337171924
    ],
    "obj_class": "vehicle",
    "point_num_in_lidar": 165,
    "speed": 0.04799684766017431,
    "if_vehicle": true,
    "motion_state": false,
    "pose": [
      [
        -0.36397951613110685,
        0.9313948017417079,
        -0.0047576386464125205,
        1.9385664447681847
      ],
      [
        -0.931280938350897,
        -0.363841501807137,
        0.01830779689094365,
        -119.35066380878197
      ],
      [
        0.015320760465401515,
        0.011094361236757796,
        0.9998210787173424,
        2.5875627223429376
      ],
      [
        0.0,
        0.0,
        0.0,
        1.0
      ]
    ],
    "location": [
      1.9385664447681847,
      -119.35066380878197,
      2.5875627223429376
    ],
    "rotation": [
      0.011095891215954857,
      -0.015321359891426276,
      -1.9433791301360923
    ]
  },
  {
    "label_id": "zyN6XuE8pM7RqXmZLz8paw",
    "size": [
      0.879280409856816,
      1.0084493014463036,
      1.6899999999999977
    ],
    "obj_class": "pedestrian",
    "point_num_in_lidar": 20,
    "speed": 1.31319085904774,
    "if_vehicle": false,
    "motion_state": true,
    "pose": [
      [
        -0.18290166060219892,
        0.983119701472546,
        -0.0047576386464125205,
        18.51392821252034
      ],
      [
        -0.9829819814339195,
        -0.1827874414429106,
        0.01830779689094365,
        -116.0591024524274
      ],
      [
        0.01712911921855688,
        0.00802519951691854,
        0.9998210787173424,
        2.699868138480362
      ],
      [
        0.0,
        0.0,
        0.0,
        1.0
      ]
    ],
    "location": [
      18.51392821252034,
      -116.0591024524274,
      2.699868138480362
    ],
    "rotation": [
      0.008026463282497684,
      -0.017129956962300692,
      -1.7547607191726193
    ]
  }
]