[
  {
    "label_id": "-JlrjFxd9aXnrn4EdZQ2BA",
    "size": [
      0.7895148592748855,
      0.8159461327414332,
      1.167908180141346
    ],
    "obj_class": "pedestrian",
    "point_num_in_lidar": 72,
    "speed": 0.7088460804900223,
    "if_vehicle": false,
    "motion_state": false,
    "pose": [
      [
        0.05893461901972158,
        0.9982618326249851,
        -0.0001555802251207595,
        -8.110958844814604
      ],
      [
        -0.9981851032272838,
        0.058932020152478275,
        0.012390185466115165,
        -56.29603957043582
      ],
      [
        0.012377817906929725,
        -0.0005749129969568993,
        0.9999232266023771,
        1.3917402333395543
      ],
      [
        0.0,
        0.0,
        0.0,
        1.0
      ]
    ],
    "location": [
      -8.110958844814604,
      -56.29603957043582,
      1.3917402333395543
    ],
    "rotation": [
      -0.0005749570750142905,
      -0.012378133997079153,
      -1.5118230150991605
    ]
  },
  {
    "label_id": "1QUadbkhVP7b1ahvYgu9kw",
    "size": [
      0.8194169378857893,
      1.2619141868906687,
      1.9600842317735356
    ],
    "obj_class": "pedestrian",
    "point_num_in_lidar": 39,
    "speed": 3.118695857885558,
    "if_vehicle": false,
    "motion_state": true,
    "pose": [
      [
        -0.08962169968110059,
        -0.9959758665455022,
        -0.0001555802251207595,
        -3.3252711434361117
      ],
      [
        0.9958992534393555,
        -0.0896167411985585,
        0.012390185466115165,
        -92.08056974503779
      ],
      [
        -0.0123542682990438,
        0.0009554872507896196,
        0.9999232266023771,
        2.4964912520553497
      ],
      [
        0.0,
        0.0,
        0.0,
        1.0
      ]
    ],
    "location": [
      -3.3252711434361117,
      -92.08056974503779,
      2.4964912520553497
    ],
    "rotation": [
      0.0009555603215850784,
      0.012354582588394647,
      1.6605453043230682
    ]
  },
  {
    "label_id": "2fLpYe9rFw94itPHlSmP7w",
    "size": [
      0.618685412403627,
      0.26570049707579785,
      0.6700000000000017
    ],
    "obj_class": "pedestrian",
    "point_num_in_lidar": 27,
    "speed": 0.692152180292306,
    "if_vehicle": false,
    "motion_state": false,
    "pose": [
      [
        0.9999671918404839,
        0.008098829387659622,
        -0.0001555802251207595,
        -5.9898476000164464
      ],
      [
        -0.008096280204382024,
        0.9998904607760629,
        0.012390185466115165,
        -57.125615376487985
      ],
      [
        0.0002559091811551665,
        -0.012388519345837123,
        0.9999232266023771,
        1.5248166388385656
      ],
      [
        0.0,
        0.0,
        0.0,
        1.0
      ]
    ],
    "location": [
      -5.9898476000164464,
      -57.125615376487985,
      1.5248166388385656
    ],
    "rotation": [
      -0.012388836662265808,
      -0.00025590918394839435,
      -0.00809636892363876
    ]
  },
  {
    "label_id": "AnmjxPABapPDruv9_zJfdA",
    "size": [
      0.9442796685913937,
      1.283126946081576,
      1.8862076711532936
    ],
    "obj_class": "pedestrian",
    "point_num_in_lidar": 177,
    "speed": 1.5784739376256038,
    "if_vehicle": false,
    "motion_state": true,
    "pose": [
      [
        0.030333473280533995,
        0.9995398222149694,
        -0.0001555802251207595,
        -5.287376416639063
      ],
      [
        -0.999463049866107,
        0.030333071991721004,
        0.012390185466115165,
        -59.94542543481839
      ],
      [
        0.012389203004180328,
        -0.00022034067347921523,
        0.9999232266023771,
        1.850277476244706
      ],
      [
        0.0,
        0.0,
        0.0,
        1.0
      ]
    ],
    "location": [
      -5.287376416639063,
      -59.94542543481839,
      1.850277476244706
    ],
    "rotation": [
      -0.00022035758751350566,
      -0.012389519967390142,
      -1.540455870531965
    ]
  },
  {
    "label_id": "HUUEfy28oF2K_ISZRkMy6Q",
    "size": [
      0.8119127542143293,
      1.1004562136679052,
      1.8288524052985764
    ],
    "obj_class": "pedestrian",
    "point_num_in_lidar": 48,
    "speed": 1.7976698925091692,
    "if_vehicle": false,
    "motion_state": true,
    "pose": [
      [
        0.0941010231078728,
        0.9955626415474041,
        -0.0001555802251207595,
        -7.730712333869633
      ],
      [
        -0.9954860515212952,
        0.09409572004430625,
        0.012390185466115165,
        -61.72828576766733
      ],
      [
        0.012349845205215265,
        -0.001011051184857474,
        0.9999232266023771,
        1.9267323253090183
      ],
      [
        0.0,
        0.0,
        0.0,
        1.0
      ]
    ],
    "location": [
      -7.730712333869633,
      -61.72828576766733,
      1.9267323253090183
    ],
    "rotation": [
      -0.001011128468065611,
      -0.012350159157104468,
      -1.4765486610002254
    ]
  },
  {
    "label_id": "InPwvU2homAc1AtpmC4pDQ",
    "size": [
      2.1166185057516502,
      4.313385827928875,
      1.7074263757876054
    ],
    "obj_class": "vehicle",
    "point_num_in_lidar": 72,
    "speed": 11.900179157508965,
    "if_vehicle": true,
    "motion_state": true,
    "pose": [
      [
        0.06442210680028651,
        0.9979227264423863,
        -0.0001555802251207595,
        6.99894828831566
      ],
      [
        -0.9978460124927573,
        0.06441908611909336,
        0.012390185466115165,
        -89.63474142385348
      ],
      [
        0.012374469997392959,
        -0.0006429567441139535,
        0.9999232266023771,
        2.4113023274957612
      ],
      [
        0.0,
        0.0,
        0.0,
        1.0
      ]
    ],
    "location": [
      6.99894828831566,
      -89.63474142385348,
      2.4113023274957612
    ],
    "rotation": [
      -0.0006430060212592946,
      -0.012374785831115053,
      -1.5063246324773323
    ]
  },
  {
    "label_id": "LpjY-8_dyHHjY4hjLf5uDw",
    "size": [
      1.309881719873415,
      0.09263561123612546,
      0.9699999999999989
    ],
    "obj_class": "sign",
    "point_num_in_lidar": 31,
    "speed": 1.0658141036401503e-13,
    "if_vehicle": false,
    "motion_state": false,
    "pose": [
      [
        0.2709064988326334,
        -0.962605653777827,
        -0.0001555802251207595,
        -2.775297414509623
      ],
      [
        0.962532296787255,
        0.2708838513931141,
        0.012390185466115165,
        -79.5631869222234
      ],
      [
        -0.011884718410457002,
        -0.003506332755932402,
        0.9999232266023771,
        4.936812372199206
      ],
      [
        0.0,
        0.0,
        0.0,
        1.0
      ]
    ],
    "location": [
      -2.775297414509623,
      -79.5631869222234,
      4.936812372199206
    ],
    "rotation": [
      -0.0035065875970923207,
      0.011884998207450804,
      1.2964418286649206
    ]
  },
  {
    "label_id": "MD6fVS0eM0ptbIe6U-jsHw",
    "size": [
      0.639519003181354,
      0.6733852925386279,
      1.6899999999999977
    ],
    "obj_class": "pedestrian",
    "point_num_in_lidar": 33,
    "speed": 0.08300354377247608,
    "if_vehicle": false,
    "motion_state": false,
    "pose": [
      [
        -0.6472354929245919,
        -0.7622900973339835,
        -0.0001555802251207595,
        17.99561762062058
      ],
      [
        0.7622303445281324,
        -0.6471872875641485,
        0.012390185466115165,
        -74.49579838278441
      ],
      [
        -0.009545605228845561,
        0.007900779828992606,
        0.9999232266023771,
        2.194629059153044
      ],
      [
        0.0,
        0.0,
        0.0,
        1.0
      ]
    ],
    "location": [
      17.99561762062058,
      -74.49579838278441,
      2.194629059153044
    ],
    "rotation": [
      0.007901222018558612,
      0.0095457501984542,
      2.2747872596192025
    ]
  },
  {
    "label_id": "MczOFaRiOEUD_vOsJwKQaA",
    "size": [
      2.021062650608421,
      4.810917017073292,
      1.4448945068278505
    ],
    "obj_class": "vehicle",
    "point_num_in_lidar": 3951,
    "speed": 0.04473556830973526,
    "if_vehicle": true,
    "motion_state": false,
    "pose": [
      [
        -0.07235168015964064,
        -0.9973791707133605,
        -0.0001555802251207595,
        10.07978882818793
      ],
      [
        0.9973024831956117,
        -0.0723480498422863,
        0.012390185466115165,
        -43.478996068537526
      ],
      [
        -0.012368968831060187,
        0.0007412901911139268,
        0.9999232266023771,
        1.2991293324968893
      ],
      [
        0.0,
        0.0,
        0.0,
        1.0
      ]
    ],
    "location": [
      10.07978882818793,
      -43.478996068537526,
      1.2991293324968893
    ],
    "rotation": [
      0.0007413469710364963,
      0.012369284243731215,
      1.643216829905182
    ]
  },
  {
    "label_id": "NBgbV7Va-YyVHVquDtiqxg",
    "size": [
      1.0389736746815965,
      1.1930606057699777,
      1.8999999999999986
    ],
    "obj_class": "pedestrian",
    "point_num_in_lidar": 135,
    "speed": 1.7965808032436232,
    "if_vehicle": false,
    "motion_state": true,
    "pose": [
      [
        0.03779988836353139,
        -0.9992853167311617,
        -0.0001555802251207595,
        -4.416406006588659
      ],
      [
        0.9992086952538837,
        0.03779506096233706,
        0.012390185466115165,
        -64.65143222362167
      ],
      [
        -0.012375450243771758,
        -0.0006238047411728221,
        0.9999232266023771,
        1.9402983712929966
      ],
      [
        0.0,
        0.0,
        0.0,
        1.0
      ]
    ],
    "location": [
      -4.416406006588659,
      -64.65143222362167,
      1.9402983712929966
    ],
    "rotation": [
      -0.0006238525555265162,
      0.01237576615255976,
      1.532984534063451
    ]
  },
  {
    "label_id": "SAAwhsDca5CYMeNiy8pbOw",
    "size": [
      2.1547919550790744,
      5.2083378786918395,
      2.0472722474731384
    ],
    "obj_class": "vehicle",
    "point_num_in_lidar": 794,
    "speed": 8.556067554929069e-13,
    "if_vehicle": true,
    "motion_state": false,
    "pose": [
      [
        -0.10937072898839682,
        -0.9940010158120264,
        -0.0001555802251207595,
        11.695995193291992
      ],
      [
        0.9939245162045126,
        -0.10936425097691134,
        0.012390185466115165,
        -62.623987594186474
      ],
      [
        -0.012332871854205032,
        0.001200488616746315,
        0.9999232266023771,
        1.8579404621743052
      ],
      [
        0.0,
        0.0,
        0.0,
        1.0
      ]
    ],
    "location": [
      11.695995193291992,
      -62.623987594186474,
      1.8579404621743052
    ],
    "rotation": [
      0.0012005802125763963,
      0.012333184513348189,
      1.6803946547024706
    ]
  },
  {
    "label_id": "WQ3NV7YhXVWfTw1Liq08Tw",
    "size": [
      0.5172362167046893,
      0.09826200311728661,
      0.490000000000002
    ],
    "obj_class": "sign",
    "point_num_in_lidar": 31,
    "speed": 0.010991311056646183,
    "if_vehicle": false,
    "motion_state": false,
    "pose": [
      [
        0.0855590012031037,
        -0.996333093452145,
        -0.0001555802251207595,
        14.17402713660158
      ],
      [
        0.9962567906193333,
        0.0855505140193857,
        0.012390185466115165,
        -68.94989242748488
      ],
      [
        -0.01233144184567,
        -0.0012150897489646665,
        0.9999232266023771,
        3.7525458720867917
      ],
      [
        0.0,
        0.0,
        0.0,
        1.0
      ]
    ],
    "location": [
      14.17402713660158,
      -68.94989242748488,
      3.7525458720867917
    ],
    "rotation": [
      -0.00121518244455474,
      0.012331754396061408,
      1.4851260634214098
    ]
  },
  {
    "label_id": "XB9iY_t9oXNSYC_x3HoAZA",
    "size": [
      0.7275666185667516,
      0.9426085402385718,
      1.6662076711532947
    ],
    "obj_class": "pedestrian",
    "point_num_in_lidar": 50,
    "speed": 1.2238578114097,
    "if_vehicle": false,
    "motion_state": true,
    "pose": [
      [
        -0.15087042798249392,
        -0.9885535340866334,
        -0.0001555802251207595,
        -3.604995120857893
      ],
      [
        0.9884773725713156,
        -0.15086075440161242,
        0.012390185466115165,
        -80.02586984929076
      ],
      [
        -0.012271832580648678,
        0.0017155250519038491,
        0.9999232266023771,
        2.125058697686626
      ],
      [
        0.0,
        0.0,
        0.0,
        1.0
      ]
    ],
    "location": [
      -3.604995120857893,
      -80.02586984929076,
      2.125058697686626
    ],
    "rotation": [
      0.0017156550853733741,
      0.012272140620175948,
      1.7222565404259043
    ]
  },
  {
    "label_id": "eUvjCEr44xj0JhoTK13GOw",
    "size": [
      0.9033761271719096,
      1.2275531915227762,
      1.8088524052985733
    ],
    "obj_class": "pedestrian",
    "point_num_in_lidar": 160,
    "speed": 1.397368253674404,
    "if_vehicle": false,
    "motion_state": true,
    "pose": [
      [
        -0.004153428358423893,
        0.9999913623765282,
        -0.0001555802251207595,
        -5.25296504289804
      ],
      [
        -0.9999146218516152,
        -0.0041511819349036175,
        0.012390185466115165,
        -57.02292360706997
      ],
      [
        0.012389432602538416,
        0.00020702868965030775,
        0.9999232266023771,
        1.7567323253090237
      ],
      [
        0.0,
        0.0,
        0.0,
        1.0
      ]
    ],
    "location": [
      -5.25296504289804,
      -57.02292360706997,
      1.7567323253090237
    ],
    "rotation": [
      0.00020704458220807866,
      -0.012389749583371383,
      -1.5749500859061987
    ]
  },
  {
    "label_id": "hcrw76nseDR0xxwdPMNQlA",
    "size": [
      0.9554062405057339,
      0.823365753160863,
      1.6199999999999974
    ],
    "obj_class": "pedestrian",
    "point_num_in_lidar": 21,
    "speed": 0.004128034220652066,
    "if_vehicle": false,
    "motion_state": false,
    "pose": [
      [
        -0.8811711262514991,
        0.47279744294513504,
        -0.0001555802251207595,
        17.482295149041647
      ],
      [
        -0.4727628547276205,
        -0.881102585681092,
        0.012390185466115165,
        -87.07244278208236
      ],
      [
        0.005720965867360479,
        0.010991426233008913,
        0.9999232266023771,
        2.2607135989641662
      ],
      [
        0.0,
        0.0,
        0.0,
        1.0
      ]
    ],
    "location": [
      17.482295149041647,
      -87.07244278208236,
      2.2607135989641662
    ],
    "rotation": [
      0.01099182744701855,
      -0.005720997075164936,
      -2.649160354253706
    ]
  },
  {
    "label_id": "hfwBtfwps5qa36ezQePSwg",
    "size": [
      0.7931411975788049,
      1.2062960889686793,
      1.8300000000000054
    ],
    "obj_class": "pedestrian",
    "point_num_in_lidar": 33,
    "speed": 3.26255499879528,
    "if_vehicle": false,
    "motion_state": true,
    "pose": [
      [
        -0.06570499347969304,
        -0.997839080025746,
        -0.0001555802251207595,
        -2.666245925542853
      ],
      [
        0.9977623700229326,
        -0.06570187417673838,
        0.012390185466115165,
        -91.93198354508058
      ],
      [
        -0.012373633179232,
        0.000658864961118094,
        0.9999232266023771,
        2.436298844372267
      ],
      [
        0.0,
        0.0,
        0.0,
        1.0
      ]
    ],
    "location": [
      -2.666245925542853,
      -91.93198354508058,
      2.436298844372267
    ],
    "rotation": [
      0.00065891545294312,
      0.012373948948881127,
      1.6365537301123811
    ]
  },
  {
    "label_id": "le5tGGWtTWwJmkx_LB0FrQ",
    "size": [
      0.270040175751635,
      0.08088407452238751,
      0.3399999999999963
    ],
    "obj_class": "sign",
    "point_num_in_lidar": 32,
    "speed": 0.009471385650829101,
    "if_vehicle": false,
    "motion_state": false,
    "pose": [
      [
        -0.9989553905666386,
        0.04569577062100846,
        -0.0001555802251207595,
        11.610718845832707
      ],
      [
        -0.04569418916166226,
        -0.998878633459027,
        0.012390185466115165,
        -38.597970776376314
      ],
      [
        0.0004107733103494794,
        0.01238435167373265,
        0.9999232266023771,
        0.9746681407588653
      ],
      [
        0.0,
        0.0,
        0.0,
        1.0
      ]
    ],
    "location": [
      11.610718845832707,
      -38.597970776376314,
      0.9746681407588653
    ],
    "rotation": [
      0.012384669309639622,
      -0.00041077332190143305,
      -3.0958825443448728
    ]
  },
  {
    "label_id": "m1DhI6CUMFGLwFDMpQXICQ",
    "size": [
      0.8813313296867095,
      0.919217660923858,
      1.4500000000000028
    ],
    "obj_class": "pedestrian",
    "point_num_in_lidar": 150,
    "speed": 1.0720650651130572,
    "if_vehicle": false,
    "motion_state": true,
    "pose": [
      [
        -0.028115687828785225,
        0.9996046638009989,
        -0.0001555802251207595,
        14.635457410688332
      ],
      [
        -0.9995279991461681,
        -0.02811160306658403,
        0.012390185466115165,
        -53.71999714828962
      ],
      [
        0.012380913567754469,
        0.0005038653778277088,
        0.9999232266023771,
        1.5418222548421525
      ],
      [
        0.0,
        0.0,
        0.0,
        1.0
      ]
    ],
    "location": [
      14.635457410688332,
      -53.71999714828962,
      1.5418222548421525
    ],
    "rotation": [
      0.0005039040216044807,
      -0.012381229895134158,
      -1.5989178761310505
    ]
  },
  {
    "label_id": "py8zJZRABr-k6qjoeH8D2w",
    "size": [
      0.7772359472466391,
      0.7309436320632802,
      1.5340060935992454
    ],
    "obj_class": "pedestrian",
    "point_num_in_lidar": 136,
    "speed": 0.7295206186074417,
    "if_vehicle": false,
    "motion_state": false,
    "pose": [
      [
        -0.001020218583052701,
        0.9999994674742764,
        -0.0001555802251207595,
        -7.400105130443762
      ],
      [
        -0.9999227202875157,
        -0.0010182126152342345,
        0.012390185466115165,
        -56.21941318182871
      ],
      [
        0.012390020454274786,
        0.00016820889938569416,
        0.9999232266023771,
        1.6226203258219556
      ],
      [
        0.0,
        0.0,
        0.0,
        1.0
      ]
    ],
    "location": [
      -7.400105130443762,
      -56.21941318182871,
      1.6226203258219556
    ],
    "rotation": [
      0.00016822181275912305,
      -0.012390337480232133,
      -1.5718166238721962
    ]
  },
  {
    "label_id": "rCIKnCfuvco-eqQWUwlUOQ",
    "size": [
      0.6496025147085364,
      0.8832043404860536,
      1.5537234042553294
    ],
    "obj_class": "pedestrian",
    "point_num_in_lidar": 127,
    "speed": 0.6685042643501771,
    "if_vehicle": false,
    "motion_state": false,
    "pose": [
      [
        0.03339029243376996,
        0.9994423766110685,
        -0.0001555802251207595,
        -6.311893624490494
      ],
      [
        -0.9993656058485455,
        0.03338965634870715,
        0.012390185466115165,
        -56.24188713624426
      ],
      [
        0.0123884711791575,
        -0.00025823039008637084,
        0.9999232266023771,
        1.6425204919229728
      ],
      [
        0.0,
        0.0,
        0.0,
        1.0
      ]
    ],
    "location": [
      -6.311893624490494,
      -56.24188713624426,
      1.6425204919229728
    ],
    "rotation": [
      -0.0002582502110917786,
      -0.012388788086199394,
      -1.537397262709318
    ]
  },
  {
    "label_id": "tAY9RkTF-IK4XqfcDll03A",
    "size": [
      0.8850106013232346,
      2.086293814391715,
      1.4300000000000068
    ],
    "obj_class": "vehicle",
    "point_num_in_lidar": 531,
    "speed": 5.728578676879116e-13,
    "if_vehicle": true,
    "motion_state": false,
    "pose": [
      [
        -0.995464397784222,
        0.09513468630783244,
        -0.0001555802251207595,
        10.174668592704393
      ],
      [
        -0.0951293037220668,
        -0.9953878133056833,
        0.012390185466115165,
        -38.243755870807945
      ],
      [
        0.0010238737475381722,
        0.012348788751949816,
        0.9999232266023771,
        1.1185604610038453
      ],
      [
        0.0,
        0.0,
        0.0,
        1.0
      ]
    ],
    "location": [
      10.174668592704393,
      -38.243755870807945,
      1.1185604610038453
    ],
    "rotation": [
      0.012349109096496308,
      -0.0010238739264290429,
      -3.046319232203921
    ]
  },
  {
    "label_id": "zXhKDN5BIGX_s4bcOBrUxA",
    "size": [
      0.8319791430188082,
      0.993830654919953,
      1.5762076711532984
    ],
    "obj_class": "pedestrian",
    "point_num_in_lidar": 25,
    "speed": 1.3108562712812784,
    "if_vehicle": false,
    "motion_state": true,
    "pose": [
      [
        -0.14359019419609195,
        -0.9896372223827892,
        -0.0001555802251207595,
        -1.9686754570182075
      ],
      [
        0.9895609917291408,
        -0.14358108145627882,
        0.012390185466115165,
        -99.16343238301852
      ],
      [
        -0.012284127106469868,
        0.0016251530153411312,
        0.9999232266023771,
        2.4272511908823873
      ],
      [
        0.0,
        0.0,
        0.0,
        1.0
      ]
    ],
    "location": [
      -1.9686754570182075,
      -99.16343238301852,
      2.4272511908823873
    ],
    "rotation": [
      0.0016252763623694673,
      0.012284436072794443,
      1.7148955318463355
    ]
  }
]