[
  {
    "label_id": "2MtqwmzUwaINPc8Nj13paw",
    "size": [
      0.8449872067055372,
      0.11805527053042442,
      1.25
    ],
    "obj_class": "sign",
    "point_num_in_lidar": 28,
    "speed": 0.02682632738978117,
    "if_vehicle": false,
    "motion_state": false,
    "pose": [
      [
        -0.10410213868221288,
        -0.9945624089327757,
        -0.002891273010871958,
        2.5941300364590916
      ],
      [
        0.9944093919343167,
        -0.10413693052188307,
        0.017477440725205736,
        -144.6282473156407
      ],
      [
        -0.01768349384629338,
        -0.001055670078471762,
        0.9998430774906997,
        5.6066342732097425
      ],
      [
        0.0,
        0.0,
        0.0,
        1.0
      ]
    ],
    "location": [
      2.5941300364590916,
      -144.6282473156407,
      5.6066342732097425
    ],
    "rotation": [
      -0.001055835370524589,
      0.01768441559831009,
      1.6751037881107829
    ]
  },
  {
    "label_id": "2jWNOOfzy3eCU2wdIeh1tg",
    "size": [
      0.7194131262373472,
      0.5887220451180889,
      1.7299999999999969
    ],
    "obj_class": "pedestrian",
    "point_num_in_lidar": 235,
    "speed": 0.06535016149418568,
    "if_vehicle": false,
    "motion_state": false,
    "pose": [
      [
        -0.975292719601431,
        0.2208976044071572,
        -0.002891273010871958,
        17.241318234020355
      ],
      [
        -0.2209140708661044,
        -0.9751366634267541,
        0.017477440725205736,
        -95.64834596378387
      ],
      [
        0.0010413384704885287,
        0.01768434358737573,
        0.9998430774906997,
        2.4678355199993973
      ],
      [
        0.0,
        0.0,
        0.0,
        1.0
      ]
    ],
    "location": [
      17.241318234020355,
      -95.64834596378387,
      2.4678355199993973
    ],
    "rotation": [
      0.017685275062122627,
      -0.0010413386586907308,
      -2.9188409329378406
    ]
  },
  {
    "label_id": "4dkaDfwB3gRYtiEkRANu-Q",
    "size": [
      0.6877240385553246,
      0.4837766774061261,
      1.785879112333582
    ],
    "obj_class": "pedestrian",
    "point_num_in_lidar": 23,
    "speed": 8.533911106286719e-13,
    "if_vehicle": false,
    "motion_state": false,
    "pose": [
      [
        0.9994113476153336,
        -0.03418477436051776,
        -0.002891273010871958,
        0.06662892142071541
      ],
      [
        0.03423019845276171,
        0.9992611433352052,
        0.017477440725205736,
        -117.2349941177581
      ],
      [
        0.0022916744069476523,
        -0.017566121436988238,
        0.9998430774906997,
        2.563981537028873
      ],
      [
        0.0,
        0.0,
        0.0,
        1.0
      ]
    ],
    "location": [
      0.06662892142071541,
      -117.2349941177581,
      2.563981537028873
    ],
    "rotation": [
      -0.017567071088696623,
      -0.0022916764128441494,
      0.03423697654171954
    ]
  },
  {
    "label_id": "6CxUqHro1oNFRLDTQ8mDwA",
    "size": [
      2.0008175428257378,
      4.991523928119735,
      1.5582746083807493
    ],
    "obj_class": "vehicle",
    "point_num_in_lidar": 61,
    "speed": 1.4369837526939963e-12,
    "if_vehicle": true,
    "motion_state": false,
    "pose": [
      [
        -0.9902550669377699,
        0.1392355663774512,
        -0.002891273010871958,
        21.860063026054377
      ],
      [
        -0.13926492098367246,
        -0.9901009144774631,
        0.017477440725205736,
        -119.05240836507437
      ],
      [
        -0.0004291706938659822,
        0.01770977714264082,
        0.9998430774906997,
        2.537547793146153
      ],
      [
        0.0,
        0.0,
        0.0,
        1.0
      ]
    ],
    "location": [
      21.860063026054377,
      -119.05240836507437,
      2.537547793146153
    ],
    "rotation": [
      0.01771070464242279,
      0.0004291707070406284,
      -3.0018735774827716
    ]
  },
  {
    "label_id": "8VOdSBCMlmgcCnhgXWua6Q",
    "size": [
      0.977429830541852,
      1.1331684725048716,
      1.7700000000000031
    ],
    "obj_class": "pedestrian",
    "point_num_in_lidar": 369,
    "speed": 0.04734888149309068,
    "if_vehicle": false,
    "motion_state": false,
    "pose": [
      [
        -0.5793540450123259,
        -0.8150708748742237,
        -0.002891273010871958,
        18.858662837595148
      ],
      [
        0.81492050825325,
        -0.5793091612377294,
        0.017477440725205736,
        -81.98990211183082
      ],
      [
        -0.015920293845293344,
        0.00776946830909242,
        0.9998430774906997,
        2.2495407399828977
      ],
      [
        0.0,
        0.0,
        0.0,
        1.0
      ]
    ],
    "location": [
      18.858662837595148,
      -81.98990211183082,
      2.2495407399828977
    ],
    "rotation": [
      0.007770531303239066,
      0.015920966437027718,
      2.1888223830213627
    ]
  },
  {
    "label_id": "BsgqXnwaRPIkYSeBm0om7g",
    "size": [
      0.7223956244660699,
      0.6513052334713088,
      1.5899999999999963
    ],
    "obj_class": "pedestrian",
    "point_num_in_lidar": 312,
    "speed": 2.929642751054232e-13,
    "if_vehicle": false,
    "motion_state": false,
    "pose": [
      [
        -0.3572639292714053,
        0.9339989964565983,
        -0.002891273010871958,
        15.861994975123935
      ],
      [
        -0.9338782909879476,
        -0.3571636553278166,
        0.017477440725205736,
        -89.27666436108302
      ],
      [
        0.01529125446085815,
        0.008944156245267764,
        0.9998430774906997,
        2.2160376323532773
      ],
      [
        0.0,
        0.0,
        0.0,
        1.0
      ]
    ],
    "location": [
      15.861994975123935,
      -89.27666436108302,
      2.2160376323532773
    ],
    "rotation": [
      0.008945321399467063,
      -0.015291850430031588,
      -1.9361778996609398
    ]
  },
  {
    "label_id": "DmAuWTkUoLo0qFg1J3KNSA",
    "size": [
      0.8356195406509376,
      0.09502477883125592,
      0.75
    ],
    "obj_class": "sign",
    "point_num_in_lidar": 26,
    "speed": 0.02850816636206263,
    "if_vehicle": false,
    "motion_state": false,
    "pose": [
      [
        -0.04033736533982526,
        -0.9991819341330276,
        -0.002891273010871958,
        19.05272252373379
      ],
      [
        0.9990314530299004,
        -0.040381863783917823,
        0.017477440725205736,
        -134.50525690433824
      ],
      [
        -0.01757989802039356,
        -0.002183478765419783,
        0.9998430774906997,
        4.948998998054158
      ],
      [
        0.0,
        0.0,
        0.0,
        1.0
      ]
    ],
    "location": [
      19.05272252373379,
      -134.50525690433824,
      4.948998998054158
    ],
    "rotation": [
      -0.0021838179845688724,
      0.017580803665844105,
      1.6111508787059954
    ]
  },
  {
    "label_id": "InPwvU2homAc1AtpmC4pDQ",
    "size": [
      2.1166185057541944,
      4.313385827928875,
      1.7074263757876054
    ],
    "obj_class": "vehicle",
    "point_num_in_lidar": 149,
    "speed": 6.8922263609594765,
    "if_vehicle": true,
    "motion_state": true,
    "pose": [
      [
        0.893068008139317,
        0.44991240633977814,
        -0.002891273010871958,
        16.693004378163778
      ],
      [
        -0.44980043648497414,
        0.8929580653108095,
        0.017477440725205736,
        -122.72761416497997
      ],
      [
        0.010445102967411732,
        -0.014308047313545035,
        0.9998430774906997,
        2.794356413236521
      ],
      [
        0.0,
        0.0,
        0.0,
        1.0
      ]
    ],
    "location": [
      16.693004378163778,
      -122.72761416497997,
      2.794356413236521
    ],
    "rotation": [
      -0.014309316198645285,
      -0.01044529290383217,
      -0.46656935851341746
    ]
  },
  {
    "label_id": "NmBMsZev9_rv5hyPKybGXg",
    "size": [
      0.6605771973154074,
      1.8335680424917808,
      1.6599999999999966
    ],
    "obj_class": "cyclist",
    "point_num_in_lidar": 120,
    "speed": 5.695433295429594e-13,
    "if_vehicle": false,
    "motion_state": false,
    "pose": [
      [
        -0.9856373618542918,
        0.1688509148843686,
        -0.002891273010871958,
        16.559244170886814
      ],
      [
        -0.16887563636325154,
        -0.9854823988832088,
        0.017477440725205736,
        -114.4938217131421
      ],
      [
        0.00010178319370793557,
        0.017714684137967437,
        0.9998430774906997,
        2.714458831764752
      ],
      [
        0.0,
        0.0,
        0.0,
        1.0
      ]
    ],
    "location": [
      16.559244170886814,
      -114.4938217131421,
      2.714458831764752
    ],
    "rotation": [
      0.017715610868208657,
      -0.00010178319388367815,
      -2.9719038431013547
    ]
  },
  {
    "label_id": "VLrPxUo0C2lFkwJxSe1MbQ",
    "size": [
      0.8634603075843447,
      0.08668283352525205,
      0.259999999999998
    ],
    "obj_class": "sign",
    "point_num_in_lidar": 34,
    "speed": 0.004216198189304506,
    "if_vehicle": false,
    "motion_state": false,
    "pose": [
      [
        -0.056760869666009746,
        -0.9983836157585594,
        -0.002891273010871958,
        0.01809260165782689
      ],
      [
        0.9982324233367126,
        -0.05680288782281323,
        0.017477440725205736,
        -114.62813961774737
      ],
      [
        -0.017613423121938487,
        -0.0018941277290719348,
        0.9998430774906997,
        5.159414719897619
      ],
      [
        0.0,
        0.0,
        0.0,
        1.0
      ]
    ],
    "location": [
      0.01809260165782689,
      -114.62813961774737,
      5.159414719897619
    ],
    "rotation": [
      -0.0018944227407359903,
      0.017614333958993804,
      1.6275965402046777
    ]
  },
  {
    "label_id": "Y0UsFxjq4lr0MBNdcaiAOA",
    "size": [
      0.8222480615477311,
      0.7298880518515034,
      1.7620060790273513
    ],
    "obj_class": "pedestrian",
    "point_num_in_lidar": 48,
    "speed": 0.004760256007045882,
    "if_vehicle": false,
    "motion_state": false,
    "pose": [
      [
        0.9999958202614532,
        -6.702133959599433e-15,
        -0.002891273010871958,
        0.6125756029857712
      ],
      [
        5.0532263886257155e-05,
        0.9998472565908192,
        0.017477440725205736,
        -115.42059415314907
      ],
      [
        0.0028908313879752877,
        -0.01747751377664379,
        0.9998430774906997,
        2.5743592317660102
      ],
      [
        0.0,
        0.0,
        0.0,
        1.0
      ]
    ],
    "location": [
      0.6125756029857712,
      -115.42059415314907,
      2.5743592317660102
    ],
    "rotation": [
      -0.01747847672994654,
      -0.002890835414391513,
      5.0532475055779115e-05
    ]
  },
  {
    "label_id": "Z9u9SOz9ZevhmVKWH6pWEQ",
    "size": [
      0.739058562869444,
      0.5497838732974032,
      1.8651237228593445
    ],
    "obj_class": "pedestrian",
    "point_num_in_lidar": 26,
    "speed": 8.533911106286719e-13,
    "if_vehicle": false,
    "motion_state": false,
    "pose": [
      [
        0.9964388979542166,
        0.08426839967723922,
        -0.002891273010871958,
        0.35248951750190827
      ],
      [
        -0.08420552787834576,
        0.9962951210060331,
        0.017477440725205736,
        -116.6119990287898
      ],
      [
        0.00435335715459505,
        -0.01717174060516326,
        0.9998430774906997,
        2.6243592317660216
      ],
      [
        0.0,
        0.0,
        0.0,
        1.0
      ]
    ],
    "location": [
      0.35248951750190827,
      -116.6119990287898,
      2.6243592317660216
    ],
    "rotation": [
      -0.01717274736186808,
      -0.004353370905312219,
      -0.08430615839304528
    ]
  },
  {
    "label_id": "h6q-eA2wK_kznq5ZEfhXAQ",
    "size": [
      0.8079511158537702,
      0.09482204849640151,
      1.0799999999999983
    ],
    "obj_class": "sign",
    "point_num_in_lidar": 52,
    "speed": 0.011593127203309034,
    "if_vehicle": false,
    "motion_state": false,
    "pose": [
      [
        0.08279867239282877,
        0.9965621006191042,
        -0.002891273010871958,
        16.975446654369534
      ],
      [
        -0.996409863054746,
        0.08283673021624706,
        0.017477440725205736,
        -109.77249838299758
      ],
      [
        0.017656858644940026,
        0.0014337840559454178,
        0.9998430774906997,
        5.150352482794304
      ],
      [
        0.0,
        0.0,
        0.0,
        1.0
      ]
    ],
    "location": [
      16.975446654369534,
      -109.77249838299758,
      5.150352482794304
    ],
    "rotation": [
      0.001434008101293642,
      -0.01765777623775918,
      -1.4878898009449855
    ]
  },
  {
    "label_id": "hcrw76nseDR0xxwdPMNQlA",
    "size": [
      0.955406240505734,
      0.823365753160863,
      1.6199999999999974
    ],
    "obj_class": "pedestrian",
    "point_num_in_lidar": 154,
    "speed": 1.1457157353758233e-12,
    "if_vehicle": false,
    "motion_state": false,
    "pose": [
      [
        -0.8811674538509938,
        0.4727954724974988,
        -0.002891273010871958,
        17.474961158257656
      ],
      [
        -0.47276975954547207,
        -0.8810126523069992,
        0.017477440725205736,
        -87.07363280119534
      ],
      [
        0.005716006741868727,
        0.016767458389791455,
        0.9998430774906997,
        2.241298944737629
      ],
      [
        0.0,
        0.0,
        0.0,
        1.0
      ]
    ],
    "location": [
      17.474961158257656,
      -87.07363280119534,
      2.241298944737629
    ],
    "rotation": [
      0.016768518142402267,
      -0.005716037868586797,
      -2.6491525334972894
    ]
  },
  {
    "label_id": "iDM-KIgWJav5B0UO7rbxRg",
    "size": [
      0.6636702243887508,
      0.8815122372363502,
      1.5499999999999972
    ],
    "obj_class": "pedestrian",
    "point_num_in_lidar": 30,
    "speed": 2.055375587084574,
    "if_vehicle": false,
    "motion_state": true,
    "pose": [
      [
        -0.06898361701454345,
        -0.997613603116942,
        -0.002891273010871958,
        -2.03366298096239
      ],
      [
        0.9974619074458019,
        -0.06902378039690113,
        0.017477440725205736,
        -119.6137651954923
      ],
      [
        -0.01763529920850519,
        -0.001678277614988933,
        0.9998430774906997,
        2.5539136160744746
      ],
      [
        0.0,
        0.0,
        0.0,
        1.0
      ]
    ],
    "location": [
      -2.03366298096239,
      -119.6137651954923,
      2.5539136160744746
    ],
    "rotation": [
      -0.0016785394394300316,
      0.017636213443906947,
      1.6398455290257772
    ]
  },
  {
    "label_id": "j79NELjEt3UUrOAOw0u7rg",
    "size": [
      2.2716105868517076,
      6.923218476364259,
      3.048274608380744
    ],
    "obj_class": "vehicle",
    "point_num_in_lidar": 147,
    "speed": 5.955433342649105e-13,
    "if_vehicle": true,
    "motion_state": false,
    "pose": [
      [
        -0.02688996616849302,
        -0.999634218231766,
        -0.002891273010871958,
        18.234113249492793
      ],
      [
        0.9994843494657357,
        -0.026936485270952205,
        0.017477440725205736,
        -150.42352798959473
      ],
      [
        -0.017548928528904717,
        -0.002419814334586574,
        0.9998430774906997,
        3.2850413300641392
      ],
      [
        0.0,
        0.0,
        0.0,
        1.0
      ]
    ],
    "location": [
      18.234113249492793,
      -150.42352798959473,
      3.2850413300641392
    ],
    "rotation": [
      -0.0024201893922375078,
      0.017549829396070946,
      1.5976936776118948
    ]
  },
  {
    "label_id": "lexF68G4j-d1Vgnd_kgZ7A",
    "size": [
      2.0189116313935718,
      4.834937435280711,
      1.6506372901336803
    ],
    "obj_class": "vehicle",
    "point_num_in_lidar": 35,
    "speed": 5.695433295429594e-13,
    "if_vehicle": true,
    "motion_state": false,
    "pose": [
      [
        -0.058987757151174776,
        -0.9982545191716642,
        -0.002891273010871958,
        15.927368115264244
      ],
      [
        0.998103233398824,
        -0.05902943794844649,
        0.017477440725205736,
        -152.72614426834662
      ],
      [
        -0.0176176044082788,
        -0.0018548339116675671,
        0.9998430774906997,
        2.858834483069579
      ],
      [
        0.0,
        0.0,
        0.0,
        1.0
      ]
    ],
    "location": [
      15.927368115264244,
      -152.72614426834662,
      2.858834483069579
    ],
    "rotation": [
      -0.0018551228944148714,
      0.017618515894224942,
      1.6298275185655455
    ]
  },
  {
    "label_id": "naDLdh5UfyelZ4Xsg9CHVA",
    "size": [
      0.5227128490698554,
      0.06277313367441839,
      0.6700000000000017
    ],
    "obj_class": "sign",
    "point_num_in_lidar": 49,
    "speed": 0.004175821443242303,
    "if_vehicle": false,
    "motion_state": false,
    "pose": [
      [
        -0.07494636915237102,
        -0.9971833744558987,
        -0.002891273010871958,
        -0.507218206632615
      ],
      [
        0.997031441388751,
        -0.0749856249421623,
        0.017477440725205736,
        -112.36358756558548
      ],
      [
        -0.017645017232812248,
        -0.0015728193730481102,
        0.9998430774906997,
        4.9139894538285915
      ],
      [
        0.0,
        0.0,
        0.0,
        1.0
      ]
    ],
    "location": [
      -0.507218206632615,
      -112.36358756558548,
      4.9139894538285915
    ],
    "rotation": [
      -0.001573064925011939,
      0.017645932980571002,
      1.645824738450056
    ]
  },
  {
    "label_id": "ucVAeC1wwuoLAn2C4cTN4A",
    "size": [
      0.8885710738864094,
      0.9070466531249303,
      1.726207671153297
    ],
    "obj_class": "pedestrian",
    "point_num_in_lidar": 252,
    "speed": 0.21190361741434605,
    "if_vehicle": false,
    "motion_state": false,
    "pose": [
      [
        -0.10059210425762743,
        -0.9949235493752266,
        -0.002891273010871958,
        -4.337929489803855
      ],
      [
        0.9947706560949208,
        -0.10062743581239579,
        0.017477440725205736,
        -92.46011335038565
      ],
      [
        -0.017679658749634456,
        -0.001118061010388236,
        0.9998430774906997,
        2.41169984464743
      ],
      [
        0.0,
        0.0,
        0.0,
        1.0
      ]
    ],
    "location": [
      -4.337929489803855,
      -92.46011335038565,
      2.41169984464743
    ],
    "rotation": [
      -0.0011182360207634317,
      0.017680579902011814,
      1.6715746578770374
    ]
  },
  {
    "label_id": "zXhKDN5BIGX_s4bcOBrUxA",
    "size": [
      0.8319791430190469,
      0.993830654919953,
      1.5762076711532984
    ],
    "obj_class": "pedestrian",
    "point_num_in_lidar": 300,
    "speed": 1.2781430505170903,
    "if_vehicle": false,
    "motion_state": true,
    "pose": [
      [
        -0.056539893018400504,
        -0.9983961543585014,
        -0.002891273010871958,
        -1.995055006002076
      ],
      [
        0.9982449712403633,
        -0.05658194463804958,
        0.017477440725205736,
        -93.631691066641
      ],
      [
        -0.017613003457508707,
        -0.0018980261147473483,
        0.9998430774906997,
        2.279094308973363
      ],
      [
        0.0,
        0.0,
        0.0,
        1.0
      ]
    ],
    "location": [
      -1.995055006002076,
      -93.631691066641,
      2.279094308973363
    ],
    "rotation": [
      -0.001898321724230207,
      0.017613914229453617,
      1.6273751732448754
    ]
  },
  {
    "label_id": "zcRL3Ri9BQSc21e8NqmUog",
    "size": [
      1.9455414357881333,
      4.366603907007664,
      1.5051311337171924
    ],
    "obj_class": "vehicle",
    "point_num_in_lidar": 246,
    "speed": 0.2903724895918906,
    "if_vehicle": true,
    "motion_state": false,
    "pose": [
      [
        -0.38337718773258284,
        0.9235873388405844,
        -0.002891273010871958,
        1.883995096991839
      ],
      [
        -0.9234694997400543,
        -0.3832735604180787,
        0.017477440725205736,
        -119.44021450867695
      ],
      [
        0.015033794468119225,
        0.009370454514954137,
        0.9998430774906997,
        2.587562722342966
      ],
      [
        0.0,
        0.0,
        0.0,
        1.0
      ]
    ],
    "location": [
      1.883995096991839,
      -119.44021450867695,
      2.587562722342966
    ],
    "rotation": [
      0.00937165080738581,
      -0.015034360836174158,
      -1.9642933578905168
    ]
  },
  {
    "label_id": "zyN6XuE8pM7RqXmZLz8paw",
    "size": [
      0.8792804098575548,
      1.0084493014463036,
      1.6899999999999977
    ],
    "obj_class": "pedestrian",
    "point_num_in_lidar": 52,
    "speed": 1.5736507537454272,
    "if_vehicle": false,
    "motion_state": true,
    "pose": [
      [
        -0.12207042929561362,
        0.9925172294887183,
        -0.002891273010871958,
        18.304505760596385
      ],
      [
        -0.9923759453905524,
        -0.12200213963658314,
        0.017477440725205736,
        -117.33421366313996
      ],
      [
        0.01699391955353461,
        0.005002708479860753,
        0.9998430774906997,
        2.6998681384803405
      ],
      [
        0.0,
        0.0,
        0.0,
        1.0
      ]
    ],
    "location": [
      18.304505760596385,
      -117.33421366313996,
      2.6998681384803405
    ],
    "rotation": [
      0.005003451887196562,
      -0.0169947376148749,
      -1.693189736208839
    ]
  }
]