[
  {
    "label_id": "-JlrjFxd9aXnrn4EdZQ2BA",
    "size": [
      0.7895148592742186,
      0.8159461327414332,
      1.167908180141346
    ],
    "obj_class": "pedestrian",
    "point_num_in_lidar": 30,
    "speed": 0.6710890995563278,
    "if_vehicle": false,
    "motion_state": false,
    "pose": [
      [
        -0.018711233515784714,
        0.9998247348409945,
        -0.0006239715159027827,
        -7.98031647566404
      ],
      [
        -0.9997439179194945,
        -0.018701769423412354,
        0.012741365837796908,
        -54.83739162889469
      ],
      [
        0.012727463348870207,
        0.0008622183994798739,
        0.9999186308175955,
        1.3917402333395827
      ],
      [
        0.0,
        0.0,
        0.0,
        1.0
      ]
    ],
    "location": [
      -7.98031647566404,
      -54.83739162889469,
      1.3917402333395827
    ],
    "rotation": [
      0.000862288349479557,
      -0.012727806990661762,
      -1.5895101682654424
    ]
  },
  {
    "label_id": "7Rmbrf_QC8HYMBMvc67d_A",
    "size": [
      0.8992428883493061,
      1.1317922750854086,
      1.8688524052985755
    ],
    "obj_class": "pedestrian",
    "point_num_in_lidar": 280,
    "speed": 1.6206761157077338,
    "if_vehicle": false,
    "motion_state": true,
    "pose": [
      [
        0.10621817878713292,
        0.9943426517829214,
        -0.0006239715159027827,
        -10.307643831699124
      ],
      [
        -0.9942612855794473,
        0.10621748252755871,
        0.012741365837796908,
        -18.797368957477374
      ],
      [
        0.012735560178079397,
        -0.0007329739529849221,
        0.9999186308175955,
        1.2467834034365453
      ],
      [
        0.0,
        0.0,
        0.0,
        1.0
      ]
    ],
    "location": [
      -10.307643831699124,
      -18.797368957477374,
      1.2467834034365453
    ],
    "rotation": [
      -0.0007330334680339512,
      -0.012735904476163917,
      -1.464368732116584
    ]
  },
  {
    "label_id": "9AqlWsUlqmSBK_x3YNGspw",
    "size": [
      0.5867464806595251,
      0.07512754490046432,
      0.6228765284565725
    ],
    "obj_class": "sign",
    "point_num_in_lidar": 92,
    "speed": 0.029879750544614246,
    "if_vehicle": false,
    "motion_state": false,
    "pose": [
      [
        -0.03419986536122043,
        -0.9994148187158433,
        -0.0006239715159027827,
        11.243627641094463
      ],
      [
        0.9993336143327054,
        -0.03420504146056333,
        0.012741365837796908,
        -29.31980196913355
      ],
      [
        -0.012755252800545697,
        -0.0001878027140570773,
        0.9999186308175955,
        3.0364616489461653
      ],
      [
        0.0,
        0.0,
        0.0,
        1.0
      ]
    ],
    "location": [
      11.243627641094463,
      -29.31980196913355,
      3.0364616489461653
    ],
    "rotation": [
      -0.00018781799444544175,
      0.012755598698313268,
      1.6050056466038731
    ]
  },
  {
    "label_id": "AnmjxPABapPDruv9_zJfdA",
    "size": [
      0.9442796685906103,
      1.283126946081576,
      1.8862076711532936
    ],
    "obj_class": "pedestrian",
    "point_num_in_lidar": 72,
    "speed": 1.5603969309785195,
    "if_vehicle": false,
    "motion_state": true,
    "pose": [
      [
        -0.012698639458628794,
        0.99991917434133,
        -0.0006239715159027827,
        -5.266204903874041
      ],
      [
        -0.9998383019704904,
        -0.012689661514544601,
        0.012741365837796908,
        -56.467483531087055
      ],
      [
        0.012732418021179187,
        0.0007856686319228639,
        0.9999186308175955,
        1.8480546923816163
      ],
      [
        0.0,
        0.0,
        0.0,
        1.0
      ]
    ],
    "location": [
      -5.266204903874041,
      -56.467483531087055,
      1.8480546923816163
    ],
    "rotation": [
      0.0007857324046420467,
      -0.012732762064475314,
      -1.5834963370905308
    ]
  },
  {
    "label_id": "BhQ3l28Gc10ONPRWnXjzgg",
    "size": [
      0.8141605972526279,
      1.142668182000707,
      1.718852405298577
    ],
    "obj_class": "pedestrian",
    "point_num_in_lidar": 230,
    "speed": 1.6517972765017577,
    "if_vehicle": false,
    "motion_state": true,
    "pose": [
      [
        0.11873503257003155,
        0.9929257790490389,
        -0.0006239715159027827,
        -9.709061346695307
      ],
      [
        -0.992844428071592,
        0.1187333114327257,
        0.012741365837796908,
        -22.78678524771385
      ],
      [
        0.012725316804966138,
        -0.0008933398448980404,
        0.9999186308175955,
        1.2079484093962094
      ],
      [
        0.0,
        0.0,
        0.0,
        1.0
      ]
    ],
    "location": [
      -9.709061346695307,
      -22.78678524771385,
      1.2079484093962094
    ],
    "rotation": [
      -0.000893412303443059,
      -0.012725660272908371,
      -1.451770838120467
    ]
  },
  {
    "label_id": "HUUEfy28oF2K_ISZRkMy6Q",
    "size": [
      0.8119127542145835,
      1.1004562136679052,
      1.8288524052985764
    ],
    "obj_class": "pedestrian",
    "point_num_in_lidar": 26,
    "speed": 1.6814253834071082,
    "if_vehicle": false,
    "motion_state": true,
    "pose": [
      [
        0.14358922953879283,
        0.9896371778687396,
        -0.0006239715159027827,
        -8.101674217470872
      ],
      [
        -0.9895558956046597,
        0.14358546956655138,
        0.012741365837796908,
        -58.322766959166984
      ],
      [
        0.012698922573017551,
        -0.0012120682116701779,
        0.9999186308175955,
        1.9267323253090396
      ],
      [
        0.0,
        0.0,
        0.0,
        1.0
      ]
    ],
    "location": [
      -8.101674217470872,
      -58.322766959166984,
      1.9267323253090396
    ],
    "rotation": [
      -0.0012121662509972967,
      -0.012699263908073136,
      -1.426697344611973
    ]
  },
  {
    "label_id": "InPwvU2homAc1AtpmC4pDQ",
    "size": [
      2.116618505752278,
      4.313385827928875,
      1.7074263757876054
    ],
    "obj_class": "vehicle",
    "point_num_in_lidar": 103,
    "speed": 13.575640091811032,
    "if_vehicle": true,
    "motion_state": true,
    "pose": [
      [
        0.06418851401979699,
        0.9979375959084203,
        -0.0006239715159027827,
        5.215328021102096
      ],
      [
        -0.997856272733271,
        0.0641912498978714,
        0.012741365837796908,
        -62.49988695319189
      ],
      [
        0.012755141504267188,
        -0.0001952154485603092,
        0.9999186308175955,
        1.9143414011614297
      ],
      [
        0.0,
        0.0,
        0.0,
        1.0
      ]
    ],
    "location": [
      5.215328021102096,
      -62.49988695319189,
      1.9143414011614297
    ],
    "rotation": [
      -0.0001952313318939351,
      -0.012755487392979978,
      -1.5065584200078557
    ]
  },
  {
    "label_id": "Kn0RnWXHMkuVO9dGiGe3HQ",
    "size": [
      2.703664974949954,
      5.803628056546428,
      2.725293277478478
    ],
    "obj_class": "vehicle",
    "point_num_in_lidar": 17532,
    "speed": 0.1225266507944514,
    "if_vehicle": true,
    "motion_state": false,
    "pose": [
      [
        -0.10019856403902733,
        -0.9949672650012483,
        -0.0006239715159027827,
        8.15983368965749
      ],
      [
        0.9948858960741316,
        -0.10019836021292658,
        0.012741365837796908,
        -15.210552001290125
      ],
      [
        -0.012739762842726158,
        0.0006558861001194941,
        0.9999186308175955,
        1.418929947171506
      ],
      [
        0.0,
        0.0,
        0.0,
        1.0
      ]
    ],
    "location": [
      8.15983368965749,
      -15.210552001290125,
      1.418929947171506
    ],
    "rotation": [
      0.0006559393793040798,
      0.012740107481789184,
      1.6711714876444141
    ]
  },
  {
    "label_id": "L6kt4xg9cwKWNXU0EK33ug",
    "size": [
      2.166608637065782,
      4.653647851918363,
      1.6031484302993206
    ],
    "obj_class": "vehicle",
    "point_num_in_lidar": 3001,
    "speed": 0.09397073545171013,
    "if_vehicle": true,
    "motion_state": false,
    "pose": [
      [
        -0.06993408276070608,
        -0.9975514195909734,
        -0.0006239715159027827,
        8.879277862404251
      ],
      [
        0.9974700820096114,
        -0.06993635029315157,
        0.012741365837796908,
        -21.93466514659667
      ],
      [
        -0.01275380586953136,
        0.00026866281384571155,
        0.9999186308175955,
        0.9900023707611894
      ],
      [
        0.0,
        0.0,
        0.0,
        1.0
      ]
    ],
    "location": [
      8.879277862404251,
      -21.93466514659667,
      0.9900023707611894
    ],
    "rotation": [
      0.0002686846700325838,
      0.012754151649592635,
      1.6407932430840724
    ]
  },
  {
    "label_id": "LpjY-8_dyHHjY4hjLf5uDw",
    "size": [
      1.3098817198734165,
      0.09263561123612546,
      0.9699999999999989
    ],
    "obj_class": "sign",
    "point_num_in_lidar": 36,
    "speed": 0.024681897517517048,
    "if_vehicle": false,
    "motion_state": false,
    "pose": [
      [
        0.2709064493738879,
        -0.9626054780371762,
        -0.0006239715159027827,
        -2.778678955825626
      ],
      [
        0.9625296801420163,
        0.2708768584473306,
        0.012741365837796908,
        -79.57275763150756
      ],
      [
        -0.012095889109150671,
        -0.004052309282910947,
        0.9999186308175955,
        4.912322977046664
      ],
      [
        0.0,
        0.0,
        0.0,
        1.0
      ]
    ],
    "location": [
      -2.778678955825626,
      -79.57275763150756,
      4.912322977046664
    ],
    "rotation": [
      -0.004052616856364963,
      0.012096184087903541,
      1.2964411673092715
    ]
  },
  {
    "label_id": "MczOFaRiOEUD_vOsJwKQaA",
    "size": [
      2.0210626506084224,
      4.810917017073292,
      1.4448945068278505
    ],
    "obj_class": "vehicle",
    "point_num_in_lidar": 371,
    "speed": 0.022467177060792803,
    "if_vehicle": true,
    "motion_state": false,
    "pose": [
      [
        -0.07235166695056615,
        -0.9973789886241948,
        -0.0006239715159027827,
        10.1232477726885
      ],
      [
        0.9972976457858661,
        -0.0723537373364801,
        0.012741365837796908,
        -43.45966599746134
      ],
      [
        -0.012753117244159819,
        0.00029957373374431956,
        0.9999186308175955,
        1.2991293324968964
      ],
      [
        0.0,
        0.0,
        0.0,
        1.0
      ]
    ],
    "location": [
      10.1232477726885,
      -43.45966599746134,
      1.2991293324968964
    ],
    "rotation": [
      0.00029959810283384847,
      0.012753462968211534,
      1.6432171667796263
    ]
  },
  {
    "label_id": "NBgbV7Va-YyVHVquDtiqxg",
    "size": [
      1.0389736746793974,
      1.1930606057699777,
      1.8999999999999986
    ],
    "obj_class": "pedestrian",
    "point_num_in_lidar": 53,
    "speed": 1.8609752369723171,
    "if_vehicle": false,
    "motion_state": true,
    "pose": [
      [
        -0.002763756339187892,
        -0.999995986147167,
        -0.0006239715159027827,
        -4.552316079588081
      ],
      [
        0.9999149846261669,
        -0.002771482751089912,
        0.012741365837796908,
        -68.30902132524352
      ],
      [
        -0.012743044022123036,
        -0.0005887044381269737,
        0.9999186308175955,
        2.041210329232811
      ],
      [
        0.0,
        0.0,
        0.0,
        1.0
      ]
    ],
    "location": [
      -4.552316079588081,
      -68.30902132524352,
      2.041210329232811
    ],
    "rotation": [
      -0.0005887522763976168,
      0.012743388927557345,
      1.5735603110772318
    ]
  },
  {
    "label_id": "RSrTAu0avHEGgIksWr-Vrg",
    "size": [
      2.0885469217564703,
      4.245662939058266,
      1.7331484302993232
    ],
    "obj_class": "vehicle",
    "point_num_in_lidar": 1545,
    "speed": 0.03284293331855874,
    "if_vehicle": true,
    "motion_state": false,
    "pose": [
      [
        -0.0699340827607486,
        -0.9975514195909704,
        -0.0006239715159027827,
        9.319275206439897
      ],
      [
        0.9974700820096084,
        -0.06993635029319407,
        0.012741365837796908,
        -28.450037181375592
      ],
      [
        -0.012753805869531348,
        0.0002686628138462553,
        0.9999186308175955,
        1.1350023707611925
      ],
      [
        0.0,
        0.0,
        0.0,
        1.0
      ]
    ],
    "location": [
      9.319275206439897,
      -28.450037181375592,
      1.1350023707611925
    ],
    "rotation": [
      0.0002686846700331276,
      0.012754151649592623,
      1.640793243084115
    ]
  },
  {
    "label_id": "SAAwhsDca5CYMeNiy8pbOw",
    "size": [
      2.1547919550790744,
      5.2083378786918395,
      2.0472722474731384
    ],
    "obj_class": "vehicle",
    "point_num_in_lidar": 190,
    "speed": 8.556067554929069e-13,
    "if_vehicle": true,
    "motion_state": false,
    "pose": [
      [
        -0.10937070902083958,
        -0.9940008343396026,
        -0.0006239715159027827,
        11.695995193291765
      ],
      [
        0.9939194707530506,
        -0.10936975475223093,
        0.012741365837796908,
        -62.623987594186474
      ],
      [
        -0.0127331718850629,
        0.0007733547767226788,
        0.9999186308175955,
        1.8579404621743123
      ],
      [
        0.0,
        0.0,
        0.0,
        1.0
      ]
    ],
    "location": [
      11.695995193291765,
      -62.623987594186474,
      1.8579404621743123
    ],
    "rotation": [
      0.000773417554876346,
      0.012733515989476196,
      1.6803951867645264
    ]
  },
  {
    "label_id": "T7VTlalMiyyL6KabGFbwJA",
    "size": [
      0.7641201702116138,
      0.5151080609439024,
      1.6599999999999966
    ],
    "obj_class": "pedestrian",
    "point_num_in_lidar": 82,
    "speed": 0.011706286075839543,
    "if_vehicle": false,
    "motion_state": false,
    "pose": [
      [
        -0.0779471771880506,
        -0.9969572950873884,
        -0.0006239715159027827,
        8.528096858429308
      ],
      [
        0.99687594191203,
        -0.07794879109768338,
        0.012741365837796908,
        -18.16830949523137
      ],
      [
        -0.01275123544671287,
        0.0003711313079346664,
        0.9999186308175955,
        0.888458010893892
      ],
      [
        0.0,
        0.0,
        0.0,
        1.0
      ]
    ],
    "location": [
      8.528096858429308,
      -18.16830949523137,
      0.888458010893892
    ],
    "rotation": [
      0.00037116149199935505,
      0.01275158101773885,
      1.6488290089818163
    ]
  },
  {
    "label_id": "VqMQ4BO39Cut1Hkree56Sw",
    "size": [
      0.49905808224503,
      0.0783774568058589,
      0.4799999999999969
    ],
    "obj_class": "sign",
    "point_num_in_lidar": 70,
    "speed": 0.003444148604716748,
    "if_vehicle": false,
    "motion_state": false,
    "pose": [
      [
        0.10227973555805579,
        -0.9947554806854404,
        -0.0006239715159027827,
        -6.667278148486957
      ],
      [
        0.9946757386621887,
        0.10226354440081135,
        0.012741365837796908,
        -30.341066474446052
      ],
      [
        -0.012610733959745343,
        -0.0019238328570230796,
        0.9999186308175955,
        3.028675078121857
      ],
      [
        0.0,
        0.0,
        0.0,
        1.0
      ]
    ],
    "location": [
      -6.667278148486957,
      -30.341066474446052,
      3.028675078121857
    ],
    "rotation": [
      -0.0019239870364404956,
      0.012611068232455516,
      1.4683292426562478
    ]
  },
  {
    "label_id": "YC-GkZvNrYchckx8d4PMKQ",
    "size": [
      2.0107742145022636,
      4.02043724942621,
      1.6445065240339432
    ],
    "obj_class": "vehicle",
    "point_num_in_lidar": 2293,
    "speed": 0.12343041265182825,
    "if_vehicle": true,
    "motion_state": false,
    "pose": [
      [
        0.10059373577710905,
        0.9949273898038753,
        -0.0006239715159027827,
        -4.877306943237727
      ],
      [
        -0.994846020964132,
        0.10059349963303306,
        0.012741365837796908,
        -25.346237757032213
      ],
      [
        0.012739501333991533,
        -0.0006609460087359845,
        0.9999186308175955,
        1.0403191071789522
      ],
      [
        0.0,
        0.0,
        0.0,
        1.0
      ]
    ],
    "location": [
      -4.877306943237727,
      -25.346237757032213,
      1.0403191071789522
    ],
    "rotation": [
      -0.0006609996974806264,
      -0.012739845951830774,
      -1.4700239552508372
    ]
  },
  {
    "label_id": "aFdj7fOiFejXkhWxdgC_AQ",
    "size": [
      0.9121538735746456,
      0.8866121494929322,
      1.7299999999999969
    ],
    "obj_class": "pedestrian",
    "point_num_in_lidar": 348,
    "speed": 1.1018037371046259,
    "if_vehicle": false,
    "motion_state": true,
    "pose": [
      [
        -0.2647087333950823,
        -0.9643282102707141,
        -0.0006239715159027827,
        12.449410838599306
      ],
      [
        0.9642480145929958,
        -0.26469496396806086,
        0.012741365837796908,
        -22.06557746328872
      ],
      [
        -0.012452020632686092,
        0.0027710875172747506,
        0.9999186308175955,
        1.13454782067042
      ],
      [
        0.0,
        0.0,
        0.0,
        1.0
      ]
    ],
    "location": [
      12.449410838599306,
      -22.06557746328872,
      1.13454782067042
    ],
    "rotation": [
      0.002771305922058048,
      0.01245234244195492,
      1.8387194792885475
    ]
  },
  {
    "label_id": "eUvjCEr44xj0JhoTK13GOw",
    "size": [
      0.9033761271727133,
      1.2275531915227762,
      1.8088524052985733
    ],
    "obj_class": "pedestrian",
    "point_num_in_lidar": 77,
    "speed": 1.4297464359944296,
    "if_vehicle": false,
    "motion_state": true,
    "pose": [
      [
        0.05730527379107534,
        0.9983565075939943,
        -0.0006239715159027827,
        -5.4275653494189555
      ],
      [
        -0.9982752052189272,
        0.05730857040352628,
        0.012741365837796908,
        -54.14078955599507
      ],
      [
        0.012756184415349255,
        -0.0001072521647185902,
        0.9999186308175955,
        1.7567323253090876
      ],
      [
        0.0,
        0.0,
        0.0,
        1.0
      ]
    ],
    "location": [
      -5.4275653494189555,
      -54.14078955599507,
      1.7567323253090876
    ],
    "rotation": [
      -0.0001072608920383709,
      -0.012756530388916833,
      -1.5134549718778139
    ]
  },
  {
    "label_id": "m1DhI6CUMFGLwFDMpQXICQ",
    "size": [
      0.8813313296844385,
      0.919217660923858,
      1.4500000000000028
    ],
    "obj_class": "pedestrian",
    "point_num_in_lidar": 50,
    "speed": 1.147036757607267,
    "if_vehicle": false,
    "motion_state": true,
    "pose": [
      [
        0.1294630703973782,
        0.9915840479065963,
        -0.0006239715159027827,
        14.406113001099811
      ],
      [
        -0.9915027202917585,
        0.12946046983782508,
        0.012741365837796908,
        -51.52555762062184
      ],
      [
        0.012714914758915669,
        -0.0010308668870152693,
        0.9999186308175955,
        1.6018222548421832
      ],
      [
        0.0,
        0.0,
        0.0,
        1.0
      ]
    ],
    "location": [
      14.406113001099811,
      -51.52555762062184,
      1.6018222548421832
    ],
    "rotation": [
      -0.001030950409385192,
      -0.012715257385223196,
      -1.4409582976897368
    ]
  },
  {
    "label_id": "py8zJZRABr-k6qjoeH8D2w",
    "size": [
      0.777235947248385,
      0.7309436320632802,
      1.5340060935992454
    ],
    "obj_class": "pedestrian",
    "point_num_in_lidar": 57,
    "speed": 0.7103362371280292,
    "if_vehicle": false,
    "motion_state": false,
    "pose": [
      [
        0.03179722114906256,
        0.9994941457491109,
        -0.0006239715159027827,
        -7.405307071759353
      ],
      [
        -0.999412954043708,
        0.03180259244489972,
        0.012741365837796908,
        -54.72591401365571
      ],
      [
        0.012754764475543204,
        0.0002184651886619917,
        0.9999186308175955,
        1.6184551129386762
      ],
      [
        0.0,
        0.0,
        0.0,
        1.0
      ]
    ],
    "location": [
      -7.405307071759353,
      -54.72591401365571,
      1.6184551129386762
    ],
    "rotation": [
      0.00021848296296592647,
      -0.012755110333583071,
      -1.5389911569651906
    ]
  },
  {
    "label_id": "qYJMUdZlFcC9_U347E8qQA",
    "size": [
      1.9384174750954113,
      4.511891662081819,
      1.5672722474731415
    ],
    "obj_class": "vehicle",
    "point_num_in_lidar": 4187,
    "speed": 0.12125541315529706,
    "if_vehicle": true,
    "motion_state": false,
    "pose": [
      [
        0.07775479968655025,
        0.99697231746185,
        -0.0006239715159027827,
        -5.242844441589568
      ],
      [
        -0.9968909645994313,
        0.07775642929432044,
        0.012741365837796908,
        -20.145954181578418
      ],
      [
        0.012751306823995591,
        -0.0003686707820800584,
        0.9999186308175955,
        0.8452628746650248
      ],
      [
        0.0,
        0.0,
        0.0,
        1.0
      ]
    ],
    "location": [
      -5.242844441589568,
      -20.145954181578418,
      0.8452628746650248
    ],
    "rotation": [
      -0.0003687007662542269,
      -0.012751652400825072,
      -1.4929566234656433
    ]
  },
  {
    "label_id": "rCIKnCfuvco-eqQWUwlUOQ",
    "size": [
      0.6496025147094352,
      0.8832043404860536,
      1.5537234042553294
    ],
    "obj_class": "pedestrian",
    "point_num_in_lidar": 41,
    "speed": 0.6990779174417172,
    "if_vehicle": false,
    "motion_state": false,
    "pose": [
      [
        0.03578206650791066,
        0.9993594220179098,
        -0.0006239715159027827,
        -6.3641385936946335
      ],
      [
        -0.9992782095418912,
        0.035787114040387154,
        0.012741365837796908,
        -54.79258290886537
      ],
      [
        0.012755534139177023,
        0.00016760873940680255,
        0.9999186308175955,
        1.6425204919229444
      ],
      [
        0.0,
        0.0,
        0.0,
        1.0
      ]
    ],
    "location": [
      -6.3641385936946335,
      -54.79258290886537,
      1.6425204919229444
    ],
    "rotation": [
      0.00016762237713280036,
      -0.012755880059834294,
      -1.5350037070946139
    ]
  },
  {
    "label_id": "tAY9RkTF-IK4XqfcDll03A",
    "size": [
      0.8850106013232323,
      2.086293814391715,
      1.4300000000000068
    ],
    "obj_class": "vehicle",
    "point_num_in_lidar": 214,
    "speed": 5.728578676879116e-13,
    "if_vehicle": true,
    "motion_state": false,
    "pose": [
      [
        -0.9954642160446321,
        0.09513466893931642,
        -0.0006239715159027827,
        10.174668592704165
      ],
      [
        -0.09513487913768641,
        -0.9953828471337273,
        0.012741365837796908,
        -38.243755870809764
      ],
      [
        0.0005910550767838649,
        0.012742935209811124,
        0.9999186308175955,
        1.1185604610039093
      ],
      [
        0.0,
        0.0,
        0.0,
        1.0
      ]
    ],
    "location": [
      10.174668592704165,
      -38.243755870809764,
      1.1185604610039093
    ],
    "rotation": [
      0.012743282332438386,
      -0.0005910551111976683,
      -3.0463136647835176
    ]
  },
  {
    "label_id": "yyt8pvlHPVT55uMzSed6CA",
    "size": [
      0.8306938815277287,
      1.09026105864005,
      1.718852405298577
    ],
    "obj_class": "pedestrian",
    "point_num_in_lidar": 133,
    "speed": 1.5634814558103374,
    "if_vehicle": false,
    "motion_state": true,
    "pose": [
      [
        0.12814579837679355,
        0.9917551436811012,
        -0.0006239715159027827,
        -8.719705455345093
      ],
      [
        -0.9916738126835943,
        0.1281433058500166,
        0.012741365837796908,
        -29.349249321843672
      ],
      [
        0.012716272879961773,
        -0.001013976285514013,
        0.9999186308175955,
        1.3181586899511188
      ],
      [
        0.0,
        0.0,
        0.0,
        1.0
      ]
    ],
    "location": [
      -8.719705455345093,
      -29.349249321843672,
      1.3181586899511188
    ],
    "rotation": [
      -0.0010140584510588758,
      -0.012716615616077417,
      -1.442286741809798
    ]
  }
]