[
  {
    "label_id": "2MtqwmzUwaINPc8Nj13paw",
    "size": [
      0.8449872067055373,
      0.11805527053042442,
      1.25
    ],
    "obj_class": "sign",
    "point_num_in_lidar": 34,
    "speed": 0.008754884451626402,
    "if_vehicle": false,
    "motion_state": false,
    "pose": [
      [
        -0.10410138691104,
        -0.9945552267235139,
        -0.004775169121391303,
        2.5878290493940312
      ],
      [
        0.9944407035452002,
        -0.10416341915489599,
        0.015416524980968854,
        -144.60821173697514
      ],
      [
        -0.015829983440463196,
        -0.0031437409087561306,
        0.9998697557769078,
        5.5395586093307685
      ],
      [
        0.0,
        0.0,
        0.0,
        1.0
      ]
    ],
    "location": [
      2.5878290493940312,
      -144.60821173697514,
      5.5395586093307685
    ],
    "rotation": [
      -0.003144140055555601,
      0.015830644650000066,
      1.6750997798078802
    ]
  },
  {
    "label_id": "2jWNOOfzy3eCU2wdIeh1tg",
    "size": [
      0.7194131262373473,
      0.5887220451180889,
      1.7299999999999969
    ],
    "obj_class": "pedestrian",
    "point_num_in_lidar": 172,
    "speed": 0.0653501614895106,
    "if_vehicle": false,
    "motion_state": false,
    "pose": [
      [
        -0.9752856765477815,
        0.22089600920025265,
        -0.004775169121391303,
        17.209284946704884
      ],
      [
        -0.2209440739226895,
        -0.9751646255663483,
        0.015416524980968854,
        -95.71271582628106
      ],
      [
        -0.0012511271642455175,
        0.01609056131543001,
        0.9998697557769078,
        2.4478324629861774
      ],
      [
        0.0,
        0.0,
        0.0,
        1.0
      ]
    ],
    "location": [
      17.209284946704884,
      -95.71271582628106,
      2.4478324629861774
    ],
    "rotation": [
      0.01609126831566379,
      0.001251127490647972,
      -2.9188101152247006
    ]
  },
  {
    "label_id": "6CxUqHro1oNFRLDTQ8mDwA",
    "size": [
      2.000817542825733,
      4.991523928119735,
      1.5582746083807493
    ],
    "obj_class": "vehicle",
    "point_num_in_lidar": 204,
    "speed": 1.4369837526939963e-12,
    "if_vehicle": true,
    "motion_state": false,
    "pose": [
      [
        -0.990247915833877,
        0.13923456089105563,
        -0.004775169121391303,
        21.860063026053922
      ],
      [
        -0.13929250117451325,
        -0.9901312690113667,
        0.015416524980968854,
        -119.05240836507255
      ],
      [
        -0.0025815311757158756,
        0.015931326982255207,
        0.9998697557769078,
        2.537547793146153
      ],
      [
        0.0,
        0.0,
        0.0,
        1.0
      ]
    ],
    "location": [
      21.860063026053922,
      -119.05240836507255,
      2.537547793146153
    ],
    "rotation": [
      0.01593205406603125,
      0.0025815340430755587,
      -3.00184527006419
    ]
  },
  {
    "label_id": "8EPwHZT79axskTCAKVucgQ",
    "size": [
      1.0000000000017288,
      1.0,
      1.733105137087108
    ],
    "obj_class": "pedestrian",
    "point_num_in_lidar": 30,
    "speed": 0.8198909956520575,
    "if_vehicle": false,
    "motion_state": false,
    "pose": [
      [
        -0.005516754771291241,
        0.9999733812340484,
        -0.004775169121391303,
        21.80662833251381
      ],
      [
        -0.9998663457946745,
        -0.0054425457936206805,
        0.015416524980968854,
        -147.68722840964983
      ],
      [
        0.015390125535483148,
        0.004859580087702579,
        0.9998697557769078,
        2.775316628586289
      ],
      [
        0.0,
        0.0,
        0.0,
        1.0
      ]
    ],
    "location": [
      21.80662833251381,
      -147.68722840964983,
      2.775316628586289
    ],
    "rotation": [
      0.004860174834138922,
      -0.015390733140750387,
      -1.5763137630140895
    ]
  },
  {
    "label_id": "8GuzD3TJIW-LWJJUrIuYQw",
    "size": [
      0.7270908222766344,
      0.6378803880567501,
      1.759999999999998
    ],
    "obj_class": "pedestrian",
    "point_num_in_lidar": 25,
    "speed": 1.421529491362787e-12,
    "if_vehicle": false,
    "motion_state": false,
    "pose": [
      [
        0.9925717914458893,
        -0.12156659321442002,
        -0.004775169121391303,
        3.694458863335967
      ],
      [
        0.12162660290216828,
        0.9924561956197309,
        0.015416524980968854,
        -147.2824606139984
      ],
      [
        0.0028650117585154403,
        -0.015882795416748717,
        0.9998697557769078,
        2.7672515516987346
      ],
      [
        0.0,
        0.0,
        0.0,
        1.0
      ]
    ],
    "location": [
      3.694458863335967,
      -147.2824606139984,
      2.7672515516987346
    ],
    "rotation": [
      -0.015883528460610894,
      -0.0028650156780056137,
      0.12192899077730604
    ]
  },
  {
    "label_id": "DmAuWTkUoLo0qFg1J3KNSA",
    "size": [
      0.8356195406509376,
      0.09502477883125592,
      0.75
    ],
    "obj_class": "sign",
    "point_num_in_lidar": 39,
    "speed": 0.02432122577265432,
    "if_vehicle": false,
    "motion_state": false,
    "pose": [
      [
        -0.040337074044477284,
        -0.9991747185639719,
        -0.004775169121391303,
        19.027383806583885
      ],
      [
        0.9990643932604495,
        -0.04040629748741079,
        0.015416524980968854,
        -134.49665537305555
      ],
      [
        -0.015596748913165636,
        -0.004148843931312962,
        0.9998697557769078,
        4.962751049330265
      ],
      [
        0.0,
        0.0,
        0.0,
        1.0
      ]
    ],
    "location": [
      19.027383806583885,
      -134.49665537305555,
      4.962751049330265
    ],
    "rotation": [
      -0.004149360551044725,
      0.015597381322885863,
      1.611149258523243
    ]
  },
  {
    "label_id": "G3pd0IwEPlGr0zNqvDOR1Q",
    "size": [
      1.9684429553836675,
      4.474332925064593,
      1.6819794232869327
    ],
    "obj_class": "vehicle",
    "point_num_in_lidar": 26,
    "speed": 2.864289338439558e-13,
    "if_vehicle": true,
    "motion_state": false,
    "pose": [
      [
        -0.9984973937898775,
        0.0545907716989298,
        -0.004775169121391303,
        -28.454427091112166
      ],
      [
        -0.05465841379797595,
        -0.9983860919296704,
        0.015416524980968854,
        -121.67896612674667
      ],
      [
        -0.0039258624417821825,
        0.015654363184586267,
        0.9998697557769078,
        2.989138577558087
      ],
      [
        0.0,
        0.0,
        0.0,
        1.0
      ]
    ],
    "location": [
      -28.454427091112166,
      -121.67896612674667,
      2.989138577558087
    ],
    "rotation": [
      0.015655123280895872,
      0.0039258725263431665,
      -3.0869065655743047
    ]
  },
  {
    "label_id": "HirXuagJdhcC0CQeBhqKHw",
    "size": [
      1.9420722139395197,
      4.268819128499874,
      1.560637290133677
    ],
    "obj_class": "vehicle",
    "point_num_in_lidar": 75,
    "speed": 3.0354398977712303e-13,
    "if_vehicle": true,
    "motion_state": false,
    "pose": [
      [
        0.9918102454869949,
        -0.1276308532718045,
        -0.004775169121391303,
        33.731579287992645
      ],
      [
        0.1276901553249326,
        0.9916942850448447,
        0.015416524980968854,
        -127.16415094554031
      ],
      [
        0.002767883689999223,
        -0.01590000951274439,
        0.9998697557769078,
        2.486366452269671
      ],
      [
        0.0,
        0.0,
        0.0,
        1.0
      ]
    ],
    "location": [
      33.731579287992645,
      -127.16415094554031,
      2.486366452269671
    ],
    "rotation": [
      -0.015900740451143463,
      -0.0027678872242206582,
      0.12804021264592438
    ]
  },
  {
    "label_id": "InPwvU2homAc1AtpmC4pDQ",
    "size": [
      2.11661850575094,
      4.313385827928875,
      1.7074263757876054
    ],
    "obj_class": "vehicle",
    "point_num_in_lidar": 65,
    "speed": 8.29666245500231,
    "if_vehicle": true,
    "motion_state": true,
    "pose": [
      [
        0.999677544127671,
        0.024940038627287633,
        -0.004775169121391303,
        24.753096287947983
      ],
      [
        -0.02486376450489067,
        0.9995719703814011,
        0.015416524980968854,
        -123.99864643695582
      ],
      [
        0.005157613936097437,
        -0.015292825151452537,
        0.9998697557769078,
        2.794356413236443
      ],
      [
        0.0,
        0.0,
        0.0,
        1.0
      ]
    ],
    "location": [
      24.753096287947983,
      -123.99864643695582,
      2.794356413236443
    ],
    "rotation": [
      -0.015293624734235947,
      -0.005157636802636655,
      -0.02486665785162849
    ]
  },
  {
    "label_id": "NmBMsZev9_rv5hyPKybGXg",
    "size": [
      0.6605771973147948,
      1.8335680424917808,
      1.6599999999999966
    ],
    "obj_class": "cyclist",
    "point_num_in_lidar": 203,
    "speed": 5.695433295429594e-13,
    "if_vehicle": false,
    "motion_state": false,
    "pose": [
      [
        -0.9141357597203188,
        0.4053800816029543,
        -0.004775169121391303,
        16.559244170886586
      ],
      [
        -0.4054038227924865,
        -0.9140076975730289,
        0.015416524980968854,
        -114.49382171314028
      ],
      [
        0.00188501082065445,
        0.016028668592017913,
        0.9998697557769078,
        2.7144588317647163
      ],
      [
        0.0,
        0.0,
        0.0,
        1.0
      ]
    ],
    "location": [
      16.559244170886586,
      -114.49382171314028,
      2.7144588317647163
    ],
    "rotation": [
      0.01602938349500048,
      -0.0018850119369803132,
      -2.724171325618341
    ]
  },
  {
    "label_id": "P_gcCXKRSHd-SMj5bqZnfQ",
    "size": [
      0.9999999999988567,
      1.0,
      1.9099999999999966
    ],
    "obj_class": "pedestrian",
    "point_num_in_lidar": 32,
    "speed": 0.8999355519073086,
    "if_vehicle": false,
    "motion_state": false,
    "pose": [
      [
        0.17638641149970105,
        -0.9843094186271512,
        -0.004775169121391303,
        23.457093622730326
      ],
      [
        0.9842166453086739,
        0.17629499668127646,
        0.015416524980968854,
        -147.07243505891347
      ],
      [
        -0.014332792316860195,
        -0.00741906645262591,
        0.9998697557769078,
        2.926990420882902
      ],
      [
        0.0,
        0.0,
        0.0,
        1.0
      ]
    ],
    "location": [
      23.457093622730326,
      -147.07243505891347,
      2.926990420882902
    ],
    "rotation": [
      -0.007419896698901499,
      0.014333283090608457,
      1.39346383168416
    ]
  },
  {
    "label_id": "SlGFZ3A3uzEGwSorwqesYA",
    "size": [
      2.1589741538915423,
      4.6801296255549945,
      1.7006880169822125
    ],
    "obj_class": "vehicle",
    "point_num_in_lidar": 68,
    "speed": 2.4868995751603507e-13,
    "if_vehicle": true,
    "motion_state": false,
    "pose": [
      [
        -0.9984973937899051,
        0.05459077169842251,
        -0.004775169121391303,
        -13.210123344213343
      ],
      [
        -0.054658413797468726,
        -0.9983860919296982,
        0.015416524980968854,
        -120.66497875483401
      ],
      [
        -0.003925862441790135,
        0.01565436318458427,
        0.9998697557769078,
        2.8597842807104357
      ],
      [
        0.0,
        0.0,
        0.0,
        1.0
      ]
    ],
    "location": [
      -13.210123344213343,
      -120.66497875483401,
      2.8597842807104357
    ],
    "rotation": [
      0.015655123280893878,
      0.003925872526351119,
      -3.0869065655748127
    ]
  },
  {
    "label_id": "T5sZMT7Z_Ez-dEvW_Lzkug",
    "size": [
      0.5545148158488924,
      0.0910474603645693,
      0.6400000000000006
    ],
    "obj_class": "sign",
    "point_num_in_lidar": 25,
    "speed": 0.0060171622699140385,
    "if_vehicle": false,
    "motion_state": false,
    "pose": [
      [
        0.9946843434989572,
        -0.10286036436796658,
        -0.004775169121391303,
        -22.68829571702031
      ],
      [
        0.10292253945812962,
        0.9945698978096014,
        0.015416524980968854,
        -119.39738499271698
      ],
      [
        0.003163490088255397,
        -0.01582604856204592,
        0.9998697557769078,
        4.860050140173428
      ],
      [
        0.0,
        0.0,
        0.0,
        1.0
      ]
    ],
    "location": [
      -22.68829571702031,
      -119.39738499271698,
      4.860050140173428
    ],
    "rotation": [
      -0.01582678848004097,
      -0.0031634953648063914,
      0.10310563949765499
    ]
  },
  {
    "label_id": "Y0UsFxjq4lr0MBNdcaiAOA",
    "size": [
      0.8222480615477252,
      0.7298880518515034,
      1.7620060790273513
    ],
    "obj_class": "pedestrian",
    "point_num_in_lidar": 108,
    "speed": 0.0047602559325810034,
    "if_vehicle": false,
    "motion_state": false,
    "pose": [
      [
        0.9999885988149376,
        5.360975771787854e-15,
        -0.004775169121391303,
        0.6125756029855438
      ],
      [
        7.361735336800079e-05,
        0.9998811556070034,
        0.015416524980968854,
        -115.41535679162371
      ],
      [
        0.004774601619315698,
        -0.015416700749627131,
        0.9998697557769078,
        2.574359231765982
      ],
      [
        0.0,
        0.0,
        0.0,
        1.0
      ]
    ],
    "location": [
      0.6125756029855438,
      -115.41535679162371,
      2.574359231765982
    ],
    "rotation": [
      -0.015417487257914645,
      -0.004774619760457912,
      7.36181925696451e-05
    ]
  },
  {
    "label_id": "Z9u9SOz9ZevhmVKWH6pWEQ",
    "size": [
      0.7390585628694353,
      0.5497838732974032,
      1.8651237228593445
    ],
    "obj_class": "pedestrian",
    "point_num_in_lidar": 23,
    "speed": 8.533911106286719e-13,
    "if_vehicle": false,
    "motion_state": false,
    "pose": [
      [
        0.9964317021939331,
        0.08426779113494876,
        -0.004775169121391303,
        0.3524895175016809
      ],
      [
        -0.0841853815288437,
        0.9963308447972261,
        0.015416524980968854,
        -116.61199902878798
      ],
      [
        0.006056764791888428,
        -0.014959514794353007,
        0.9998697557769078,
        2.624359231765986
      ],
      [
        0.0,
        0.0,
        0.0,
        1.0
      ]
    ],
    "location": [
      0.3524895175016809,
      -116.61199902878798,
      2.624359231765986
    ],
    "rotation": [
      -0.014960347236914405,
      -0.006056801823963219,
      -0.08428668916794475
    ]
  },
  {
    "label_id": "cSO3Jkk7SYRaMbPbP6jO4g",
    "size": [
      0.654511526119695,
      0.4910119451919742,
      1.7377855647227065
    ],
    "obj_class": "pedestrian",
    "point_num_in_lidar": 26,
    "speed": 8.533911106286719e-13,
    "if_vehicle": false,
    "motion_state": false,
    "pose": [
      [
        -0.7321328975650023,
        -0.6811450785720585,
        -0.004775169121391303,
        0.03261886366112776
      ],
      [
        0.6810179950246088,
        -0.7321043786306518,
        0.015416524980968854,
        -146.33318206401782
      ],
      [
        -0.013996812341942591,
        0.008034969003746643,
        0.9998697557769078,
        2.74494886723987
      ],
      [
        0.0,
        0.0,
        0.0,
        1.0
      ]
    ],
    "location": [
      0.03261886366112776,
      -146.33318206401782,
      2.74494886723987
    ],
    "rotation": [
      0.008035842673002915,
      0.013997269403252155,
      2.3923496018190784
    ]
  },
  {
    "label_id": "dmEMRCqNVVvEj4jYsUfBjw",
    "size": [
      0.5811633452576703,
      0.4931348706758739,
      1.6135866261398348
    ],
    "obj_class": "pedestrian",
    "point_num_in_lidar": 20,
    "speed": 8.987733679556354e-13,
    "if_vehicle": false,
    "motion_state": false,
    "pose": [
      [
        0.9999885988149375,
        -5.296747668119801e-15,
        -0.004775169121391303,
        -0.9482129539017023
      ],
      [
        7.361735337865183e-05,
        0.9998811556070033,
        0.015416524980968854,
        -146.0368284635333
      ],
      [
        0.004774601619315534,
        -0.01541670074962718,
        0.9998697557769078,
        2.7268302283420667
      ],
      [
        0.0,
        0.0,
        0.0,
        1.0
      ]
    ],
    "location": [
      -0.9482129539017023,
      -146.0368284635333,
      2.7268302283420667
    ],
    "rotation": [
      -0.015417487257914694,
      -0.004774619760457747,
      7.361819258029626e-05
    ]
  },
  {
    "label_id": "hYgh4cN-80SkuLKoDlHURQ",
    "size": [
      0.8140035612194506,
      0.9510019301556589,
      1.8132957469420816
    ],
    "obj_class": "pedestrian",
    "point_num_in_lidar": 30,
    "speed": 0.9553849915873099,
    "if_vehicle": false,
    "motion_state": false,
    "pose": [
      [
        0.15703849497910344,
        0.9875809378752509,
        -0.004775169121391303,
        -1.099183625507294
      ],
      [
        -0.9874632669112244,
        0.1570943259908618,
        0.015416524980968854,
        -138.4264029549504
      ],
      [
        0.0159752181740998,
        0.002294316219843557,
        0.9998697557769078,
        2.7819686730173174
      ],
      [
        0.0,
        0.0,
        0.0,
        1.0
      ]
    ],
    "location": [
      -1.099183625507294,
      -138.4264029549504,
      2.7819686730173174
    ],
    "rotation": [
      0.002294611052967613,
      -0.015975897751651227,
      -1.4130848108281782
    ]
  },
  {
    "label_id": "iDM-KIgWJav5B0UO7rbxRg",
    "size": [
      0.6636702243886277,
      0.8815122372363502,
      1.5499999999999972
    ],
    "obj_class": "pedestrian",
    "point_num_in_lidar": 48,
    "speed": 1.5609492717149904,
    "if_vehicle": false,
    "motion_state": true,
    "pose": [
      [
        -0.04663743795115493,
        -0.9989004690864923,
        -0.004775169121391303,
        -2.1383322881918048
      ],
      [
        0.9987897094281452,
        -0.04670596426531036,
        0.015416524980968854,
        -117.57750459454655
      ],
      [
        -0.015622602913517934,
        -0.0040504025520023065,
        0.9998697557769078,
        2.5733623721315197
      ],
      [
        0.0,
        0.0,
        0.0,
        1.0
      ]
    ],
    "location": [
      -2.1383322881918048,
      -117.57750459454655,
      2.5733623721315197
    ],
    "rotation": [
      -0.004050908003836771,
      0.015623238473633103,
      1.6174563863232252
    ]
  },
  {
    "label_id": "j79NELjEt3UUrOAOw0u7rg",
    "size": [
      2.2716105868517085,
      6.923218476364259,
      3.048274608380744
    ],
    "obj_class": "vehicle",
    "point_num_in_lidar": 225,
    "speed": 5.955433342649105e-13,
    "if_vehicle": true,
    "motion_state": false,
    "pose": [
      [
        -0.026889771983233706,
        -0.9996269993965509,
        -0.004775169121391303,
        18.23411324949234
      ],
      [
        0.9995176154640453,
        -0.026960473560009093,
        0.015416524980968854,
        -150.4235279895929
      ],
      [
        -0.015539515428689709,
        -0.004358318812138497,
        0.9998697557769078,
        3.285041330064054
      ],
      [
        0.0,
        0.0,
        0.0,
        1.0
      ]
    ],
    "location": [
      18.23411324949234,
      -150.4235279895929,
      3.285041330064054
    ],
    "rotation": [
      -0.004358858926118943,
      0.01554014090139461,
      1.5976925887060525
    ]
  },
  {
    "label_id": "kunuNT8ZqPIYqhgYW0PnSw",
    "size": [
      0.6202102570110573,
      0.36765562443623756,
      1.5256346347367824
    ],
    "obj_class": "pedestrian",
    "point_num_in_lidar": 22,
    "speed": 2.1316282072803006e-13,
    "if_vehicle": false,
    "motion_state": false,
    "pose": [
      [
        -0.49230241400131686,
        -0.8704111275301679,
        -0.004775169121391303,
        -0.3520772497024609
      ],
      [
        0.8702813642861715,
        -0.49231359694173704,
        0.015416524980968854,
        -146.84568370903798
      ],
      [
        -0.015769595577439368,
        0.00343385176598095,
        0.9998697557769078,
        2.6473806479319535
      ],
      [
        0.0,
        0.0,
        0.0,
        1.0
      ]
    ],
    "location": [
      -0.3520772497024609,
      -146.84568370903798,
      2.6473806479319535
    ],
    "rotation": [
      0.003434285561846095,
      0.01577024924814334,
      2.0855996100298175
    ]
  },
  {
    "label_id": "lexF68G4j-d1Vgnd_kgZ7A",
    "size": [
      2.0189116313935727,
      4.834937435280711,
      1.6506372901336803
    ],
    "obj_class": "vehicle",
    "point_num_in_lidar": 59,
    "speed": 5.695433295429594e-13,
    "if_vehicle": true,
    "motion_state": false,
    "pose": [
      [
        -0.058987331172463985,
        -0.9982473102999138,
        -0.004775169121391303,
        15.927368115264244
      ],
      [
        0.998135711643023,
        -0.05905448247497611,
        0.015416524980968854,
        -152.72614426834298
      ],
      [
        -0.015671499737617837,
        -0.003856887164614723,
        0.9998697557769078,
        2.858834483069515
      ],
      [
        0.0,
        0.0,
        0.0,
        1.0
      ]
    ],
    "location": [
      15.927368115264244,
      -152.72614426834298,
      2.858834483069515
    ],
    "rotation": [
      -0.0038573704355423233,
      0.015672141284547202,
      1.6298251769250864
    ]
  },
  {
    "label_id": "m5Lc7Vu0wGna-xSpAbblzQ",
    "size": [
      2.9844203800453997,
      6.645201639121707,
      2.8782746083807496
    ],
    "obj_class": "vehicle",
    "point_num_in_lidar": 95,
    "speed": 5.783398860650275e-13,
    "if_vehicle": true,
    "motion_state": false,
    "pose": [
      [
        -0.049875510666956474,
        -0.9987440268635265,
        -0.004775169121391303,
        16.44561567185883
      ],
      [
        0.9986330456329641,
        -0.04994367755123146,
        0.015416524980968854,
        -161.74227651982983
      ],
      [
        -0.015635651746586352,
        -0.003999734626971769,
        0.9998697557769078,
        3.3776253022887985
      ],
      [
        0.0,
        0.0,
        0.0,
        1.0
      ]
    ],
    "location": [
      16.44561567185883,
      -161.74227651982983,
      3.3776253022887985
    ],
    "rotation": [
      -0.004000234299940475,
      0.0156362889007104,
      1.620698644092562
    ]
  },
  {
    "label_id": "nK7UvudvdIDqlKN1_fUgjA",
    "size": [
      0.18342118124415252,
      0.043820704414073874,
      0.29999999999999716
    ],
    "obj_class": "sign",
    "point_num_in_lidar": 23,
    "speed": 0.01984121171909403,
    "if_vehicle": false,
    "motion_state": false,
    "pose": [
      [
        0.7563790968516746,
        -0.6541160903124974,
        -0.004775169121391303,
        -1.1958775616878938
      ],
      [
        0.6541014924422169,
        0.7562496732841447,
        0.015416524980968854,
        -95.53602957899784
      ],
      [
        -0.006472976958827588,
        -0.014784182490662545,
        0.9998697557769078,
        2.0470857190875336
      ],
      [
        0.0,
        0.0,
        0.0,
        1.0
      ]
    ],
    "location": [
      -1.1958775616878938,
      -95.53602957899784,
      2.0470857190875336
    ],
    "rotation": [
      -0.014785030879829537,
      0.006473022162021482,
      0.7130122635360187
    ]
  },
  {
    "label_id": "sS4jPIZH72vAVOsbVDMqFg",
    "size": [
      2.2839099838385177,
      4.711594050042413,
      1.6219794232869305
    ],
    "obj_class": "vehicle",
    "point_num_in_lidar": 33,
    "speed": 5.955433342649105e-13,
    "if_vehicle": true,
    "motion_state": false,
    "pose": [
      [
        -0.9984973937898896,
        0.05459077169870787,
        -0.004775169121391303,
        -19.15153262671606
      ],
      [
        -0.054658413797754046,
        -0.9983860919296826,
        0.015416524980968854,
        -120.99205549643557
      ],
      [
        -0.003925862441785662,
        0.015654363184585393,
        0.9998697557769078,
        2.8091385775580804
      ],
      [
        0.0,
        0.0,
        0.0,
        1.0
      ]
    ],
    "location": [
      -19.15153262671606,
      -120.99205549643557,
      2.8091385775580804
    ],
    "rotation": [
      0.015655123280894998,
      0.003925872526346646,
      -3.0869065655745267
    ]
  },
  {
    "label_id": "ucVAeC1wwuoLAn2C4cTN4A",
    "size": [
      0.8885710738861257,
      0.9070466531249303,
      1.726207671153297
    ],
    "obj_class": "pedestrian",
    "point_num_in_lidar": 332,
    "speed": 0.12259505970751136,
    "if_vehicle": false,
    "motion_state": false,
    "pose": [
      [
        0.9770012440542035,
        -0.21318012777086182,
        -0.004775169121391303,
        -4.433357368435281
      ],
      [
        0.21322914781878266,
        0.9768805767738383,
        0.015416524980968854,
        -92.68732438715779
      ],
      [
        0.0013782732002717356,
        -0.01608016932784411,
        0.9998697557769078,
        2.4071158275553373
      ],
      [
        0.0,
        0.0,
        0.0,
        1.0
      ]
    ],
    "location": [
      -4.433357368435281,
      -92.68732438715779,
      2.4071158275553373
    ],
    "rotation": [
      -0.016080877663572475,
      -0.0013782736366419062,
      0.21487914099507865
    ]
  },
  {
    "label_id": "zXhKDN5BIGX_s4bcOBrUxA",
    "size": [
      0.8319791430184349,
      0.993830654919953,
      1.5762076711532984
    ],
    "obj_class": "pedestrian",
    "point_num_in_lidar": 363,
    "speed": 1.3478296555953824,
    "if_vehicle": false,
    "motion_state": true,
    "pose": [
      [
        -0.10222993028194519,
        -0.9947493348147617,
        -0.004775169121391303,
        -2.135558602915353
      ],
      [
        0.9946349285538689,
        -0.10229217789328432,
        0.015416524980968854,
        -92.18899505020818
      ],
      [
        -0.015824040419209803,
        -0.003173519723893367,
        0.9998697557769078,
        2.23580903799418
      ],
      [
        0.0,
        0.0,
        0.0,
        1.0
      ]
    ],
    "location": [
      -2.135558602915353,
      -92.18899505020818,
      2.23580903799418
    ],
    "rotation": [
      -0.0031739224524997326,
      0.0158247008842603,
      1.673218035591732
    ]
  },
  {
    "label_id": "zcRL3Ri9BQSc21e8NqmUog",
    "size": [
      1.9455414357886711,
      4.366603907007664,
      1.5051311337171924
    ],
    "obj_class": "vehicle",
    "point_num_in_lidar": 445,
    "speed": 1.2601223977138145,
    "if_vehicle": true,
    "motion_state": true,
    "pose": [
      [
        -0.48426843878543113,
        0.8749064389728671,
        -0.004775169121391303,
        1.4878072557244195
      ],
      [
        -0.8748480861139154,
        -0.48415199780681506,
        0.015416524980968854,
        -119.99664245033819
      ],
      [
        0.011176109302448696,
        0.011643284050749835,
        0.9998697557769078,
        2.5875627223429163
      ],
      [
        0.0,
        0.0,
        0.0,
        1.0
      ]
    ],
    "location": [
      1.4878072557244195,
      -119.99664245033819,
      2.5875627223429163
    ],
    "rotation": [
      0.011644274411228901,
      -0.01117634197496299,
      -2.0763577250664698
    ]
  },
  {
    "label_id": "zyN6XuE8pM7RqXmZLz8paw",
    "size": [
      0.8792804098567273,
      1.0084493014463036,
      1.6899999999999977
    ],
    "obj_class": "pedestrian",
    "point_num_in_lidar": 69,
    "speed": 1.5784369438760824,
    "if_vehicle": false,
    "motion_state": true,
    "pose": [
      [
        0.09742745474070591,
        0.9952311735584903,
        -0.004775169121391303,
        18.231007233160653
      ],
      [
        -0.9951170690762768,
        0.0974902538234037,
        0.015416524980968854,
        -119.0291732487567
      ],
      [
        0.015808538698697534,
        0.003249859510580149,
        0.9998697557769078,
        2.709870298351781
      ],
      [
        0.0,
        0.0,
        0.0,
        1.0
      ]
    ],
    "location": [
      18.231007233160653,
      -119.0291732487567,
      2.709870298351781
    ],
    "rotation": [
      0.0032502713955200697,
      -0.015809197224467463,
      -1.4732018434045386
    ]
  }
]