[
  {
    "label_id": "-JlrjFxd9aXnrn4EdZQ2BA",
    "size": [
      0.7895148592752754,
      0.8159461327414332,
      1.167908180141346
    ],
    "obj_class": "pedestrian",
    "point_num_in_lidar": 100,
    "speed": 0.7610017478168637,
    "if_vehicle": false,
    "motion_state": false,
    "pose": [
      [
        0.03460765535626819,
        0.9993536553248371,
        -0.009725316428195834,
        -8.078467436326036
      ],
      [
        -0.9992120768803517,
        0.03478866794627361,
        0.019104292684573854,
        -57.09747888258789
      ],
      [
        0.01943027553061737,
        0.009056498849483157,
        0.99977019570569,
        1.391740233339526
      ],
      [
        0.0,
        0.0,
        0.0,
        1.0
      ]
    ],
    "location": [
      -8.078467436326036,
      -57.09747888258789,
      1.391740233339526
    ],
    "rotation": [
      0.009058332786415709,
      -0.01943149834185182,
      -1.5361752209277428
    ]
  },
  {
    "label_id": "0X-Faf2hnLZnaFBb00FydQ",
    "size": [
      0.5172362167046874,
      0.09826200311728661,
      0.5399999999999991
    ],
    "obj_class": "sign",
    "point_num_in_lidar": 28,
    "speed": 0.0260969980493464,
    "if_vehicle": false,
    "motion_state": false,
    "pose": [
      [
        0.0855549559815988,
        -0.9962859869170891,
        -0.009725316428195834,
        14.15693076100024
      ],
      [
        0.9961671510888774,
        0.08535826317640094,
        0.019104292684573854,
        -68.96009343287005
      ],
      [
        -0.018203202972451874,
        -0.011322507679401999,
        0.99977019570569,
        4.2872358227587455
      ],
      [
        0.0,
        0.0,
        0.0,
        1.0
      ]
    ],
    "location": [
      14.15693076100024,
      -68.96009343287005,
      4.2872358227587455
    ],
    "rotation": [
      -0.011324626096501636,
      0.018204208414283985,
      1.4851224231522036
    ]
  },
  {
    "label_id": "1QUadbkhVP7b1ahvYgu9kw",
    "size": [
      0.8194169378855387,
      1.2619141868906687,
      1.9600842317735356
    ],
    "obj_class": "pedestrian",
    "point_num_in_lidar": 72,
    "speed": 3.132564347397979,
    "if_vehicle": false,
    "motion_state": true,
    "pose": [
      [
        -0.09705030003500403,
        -0.9952319616468752,
        -0.009725316428195834,
        -3.6267296327118856
      ],
      [
        0.9950793379541247,
        -0.09722210231116642,
        0.019104292684573854,
        -88.6908679016542
      ],
      [
        -0.019958718393135007,
        -0.007823384095769059,
        0.99977019570569,
        2.4558450615021385
      ],
      [
        0.0,
        0.0,
        0.0,
        1.0
      ]
    ],
    "location": [
      -3.6267296327118856,
      -88.6908679016542,
      2.4558450615021385
    ],
    "rotation": [
      -0.007825022641099941,
      0.019960043724766598,
      1.6680190526397038
    ]
  },
  {
    "label_id": "2fLpYe9rFw94itPHlSmP7w",
    "size": [
      0.6186854124036275,
      0.26570049707579785,
      0.6700000000000017
    ],
    "obj_class": "pedestrian",
    "point_num_in_lidar": 74,
    "speed": 0.7014738743451252,
    "if_vehicle": false,
    "motion_state": false,
    "pose": [
      [
        0.9999199134856003,
        0.00809844647577872,
        -0.009725316428195834,
        -5.981580168748451
      ],
      [
        -0.007911553294994534,
        0.999786193806197,
        0.019104292684573854,
        -57.886737033904865
      ],
      [
        0.009877952187070424,
        -0.01902582032913032,
        0.99977019570569,
        1.5121680505553314
      ],
      [
        0.0,
        0.0,
        0.0,
        1.0
      ]
    ],
    "location": [
      -5.981580168748451,
      -57.886737033904865,
      1.5121680505553314
    ],
    "rotation": [
      -0.019027896797832424,
      -0.009878112832575555,
      -0.00791202185257536
    ]
  },
  {
    "label_id": "2jWNOOfzy3eCU2wdIeh1tg",
    "size": [
      0.7194131262373419,
      0.5887220451180889,
      1.7299999999999969
    ],
    "obj_class": "pedestrian",
    "point_num_in_lidar": 32,
    "speed": 0.09363567994512909,
    "if_vehicle": false,
    "motion_state": false,
    "pose": [
      [
        -0.9752506723430814,
        0.220888080970294,
        -0.009725316428195834,
        17.22436396670173
      ],
      [
        -0.22103942322568992,
        -0.9750777401730982,
        0.019104292684573854,
        -95.49632001840655
      ],
      [
        -0.0052630290158831574,
        0.0207811526192454,
        0.99977019570569,
        2.5078339140107957
      ],
      [
        0.0,
        0.0,
        0.0,
        1.0
      ]
    ],
    "location": [
      17.22436396670173,
      -95.49632001840655,
      2.5078339140107957
    ],
    "rotation": [
      0.020782936536942173,
      0.005263053313375622,
      -2.91870938696955
    ]
  },
  {
    "label_id": "6CxUqHro1oNFRLDTQ8mDwA",
    "size": [
      2.000817542825739,
      4.991523928119735,
      1.5582746083807493
    ],
    "obj_class": "vehicle",
    "point_num_in_lidar": 21,
    "speed": 1.4369837526939963e-12,
    "if_vehicle": true,
    "motion_state": false,
    "pose": [
      [
        -0.9902123746159732,
        0.13922956359109614,
        -0.009725316428195834,
        21.86006302605415
      ],
      [
        -0.13939472903781433,
        -0.9900525922987609,
        0.019104292684573854,
        -119.05240836507073
      ],
      [
        -0.006968692407471224,
        0.020272964872865805,
        0.99977019570569,
        2.5375477931460964
      ],
      [
        0.0,
        0.0,
        0.0,
        1.0
      ]
    ],
    "location": [
      21.86006302605415,
      -119.05240836507073,
      2.5375477931460964
    ],
    "rotation": [
      0.020274846178369988,
      0.006968748811759961,
      -3.0017390855781327
    ]
  },
  {
    "label_id": "AnmjxPABapPDruv9_zJfdA",
    "size": [
      0.9442796685910411,
      1.283126946081576,
      1.8862076711532936
    ],
    "obj_class": "pedestrian",
    "point_num_in_lidar": 307,
    "speed": 1.6259910929954662,
    "if_vehicle": false,
    "motion_state": true,
    "pose": [
      [
        0.06849896090463209,
        0.997603784362989,
        -0.009725316428195834,
        -5.223586879712002
      ],
      [
        -0.9974561451222211,
        0.06867506504504009,
        0.019104292684573854,
        -61.59078100195438
      ],
      [
        0.01972640141799899,
        0.008391952436850753,
        0.99977019570569,
        1.885329112413217
      ],
      [
        0.0,
        0.0,
        0.0,
        1.0
      ]
    ],
    "location": [
      -5.223586879712002,
      -61.59078100195438,
      1.885329112413217
    ],
    "rotation": [
      0.008393684258587724,
      -0.01972768100084336,
      -1.5022303222368323
    ]
  },
  {
    "label_id": "HUUEfy28oF2K_ISZRkMy6Q",
    "size": [
      0.81191275421411,
      1.1004562136679052,
      1.8288524052985764
    ],
    "obj_class": "pedestrian",
    "point_num_in_lidar": 130,
    "speed": 1.7070677283404245,
    "if_vehicle": false,
    "motion_state": true,
    "pose": [
      [
        0.14179638029949596,
        0.9898480715515549,
        -0.009725316428195834,
        -7.490574052804959
      ],
      [
        -0.9896878615534097,
        0.14196113092977597,
        0.019104292684573854,
        -63.72679544590392
      ],
      [
        0.02029096419097852,
        0.006916108067896667,
        0.99977019570569,
        1.966732325308982
      ],
      [
        0.0,
        0.0,
        0.0,
        1.0
      ]
    ],
    "location": [
      -7.490574052804959,
      -63.72679544590392,
      1.966732325308982
    ],
    "rotation": [
      0.006917587439968042,
      -0.02029235682589366,
      -1.428490932861353
    ]
  },
  {
    "label_id": "InPwvU2homAc1AtpmC4pDQ",
    "size": [
      2.116618505751849,
      4.313385827928875,
      1.7074263757876054
    ],
    "obj_class": "vehicle",
    "point_num_in_lidar": 71,
    "speed": 10.177927324568223,
    "if_vehicle": true,
    "motion_state": true,
    "pose": [
      [
        0.0701181647197651,
        0.9974912837697898,
        -0.009725316428195834,
        7.830312682802514
      ],
      [
        -0.9973433588741725,
        0.0702940289825929,
        0.019104292684573854,
        -101.913592116176
      ],
      [
        0.019739997110317865,
        0.00835992181129945,
        0.99977019570569,
        2.604356413236445
      ],
      [
        0.0,
        0.0,
        0.0,
        1.0
      ]
    ],
    "location": [
      7.830312682802514,
      -101.913592116176,
      2.604356413236445
    ],
    "rotation": [
      0.008361648519114941,
      -0.019741279341011206,
      -1.5006068788200215
    ]
  },
  {
    "label_id": "LpjY-8_dyHHjY4hjLf5uDw",
    "size": [
      1.3098817198734147,
      0.09263561123612546,
      0.9699999999999989
    ],
    "obj_class": "sign",
    "point_num_in_lidar": 27,
    "speed": 1.0658141036401503e-13,
    "if_vehicle": false,
    "motion_state": false,
    "pose": [
      [
        0.27089369039881855,
        -0.9625601418729536,
        -0.009725316428195834,
        -2.775297414509623
      ],
      [
        0.9624803052911228,
        0.27067819994918113,
        0.019104292684573854,
        -79.56318692222158
      ],
      [
        -0.01575659953212559,
        -0.014535657872646065,
        0.99977019570569,
        4.936812372199157
      ],
      [
        0.0,
        0.0,
        0.0,
        1.0
      ]
    ],
    "location": [
      -2.775297414509623,
      -79.56318692222158,
      4.936812372199157
    ],
    "rotation": [
      -0.014537974697013274,
      0.015757251587930746,
      1.2964400720198284
    ]
  },
  {
    "label_id": "NBgbV7Va-YyVHVquDtiqxg",
    "size": [
      1.0389736746796867,
      1.1930606057699777,
      1.8999999999999986
    ],
    "obj_class": "pedestrian",
    "point_num_in_lidar": 318,
    "speed": 1.8339761865527937,
    "if_vehicle": false,
    "motion_state": true,
    "pose": [
      [
        -0.05504194671147401,
        -0.9984366791752909,
        -0.009725316428195834,
        -4.377483416673613
      ],
      [
        0.9982914277841137,
        -0.055220025477879395,
        0.019104292684573854,
        -62.588531873563625
      ],
      [
        -0.019611458766924137,
        -0.008657162562851201,
        0.99977019570569,
        1.89121032923277
      ],
      [
        0.0,
        0.0,
        0.0,
        1.0
      ]
    ],
    "location": [
      -4.377483416673613,
      -62.588531873563625,
      1.89121032923277
    ],
    "rotation": [
      -0.008658936059266603,
      0.019612716109503485,
      1.6258767080799852
    ]
  },
  {
    "label_id": "NmBMsZev9_rv5hyPKybGXg",
    "size": [
      0.6605771973154081,
      1.8335680424917808,
      1.6599999999999966
    ],
    "obj_class": "cyclist",
    "point_num_in_lidar": 20,
    "speed": 5.695433295429594e-13,
    "if_vehicle": false,
    "motion_state": false,
    "pose": [
      [
        -0.9855948686130731,
        0.16884363530779167,
        -0.009725316428195834,
        16.559244170886814
      ],
      [
        -0.16900393789445065,
        -0.9854302080701558,
        0.019104292684573854,
        -114.49382171314028
      ],
      [
        -0.006357982364537626,
        0.020472709612032954,
        0.99977019570569,
        2.7144588317646807
      ],
      [
        0.0,
        0.0,
        0.0,
        1.0
      ]
    ],
    "location": [
      16.559244170886814,
      -114.49382171314028,
      2.7144588317646807
    ],
    "rotation": [
      0.020474553902324433,
      0.00635802520109953,
      -2.971770205543274
    ]
  },
  {
    "label_id": "SAAwhsDca5CYMeNiy8pbOw",
    "size": [
      2.154791955079076,
      5.2083378786918395,
      2.0472722474731384
    ],
    "obj_class": "vehicle",
    "point_num_in_lidar": 2225,
    "speed": 8.556067554929069e-13,
    "if_vehicle": true,
    "motion_state": false,
    "pose": [
      [
        -0.10936555795060725,
        -0.9939540195373847,
        -0.009725316428195834,
        11.695995193291765
      ],
      [
        0.993799280334157,
        -0.10953545731101742,
        0.019104292684573854,
        -62.623987594186474
      ],
      [
        -0.02005405548670762,
        -0.007575660838662851,
        0.99977019570569,
        1.8579404621742555
      ],
      [
        0.0,
        0.0,
        0.0,
        1.0
      ]
    ],
    "location": [
      11.695995193291765,
      -62.623987594186474,
      1.8579404621742555
    ],
    "rotation": [
      -0.007577257139255244,
      0.02005539990370373,
      1.6804032145919636
    ]
  },
  {
    "label_id": "WQ3NV7YhXVWfTw1Liq08Tw",
    "size": [
      0.5172362167046874,
      0.09826200311728661,
      0.490000000000002
    ],
    "obj_class": "sign",
    "point_num_in_lidar": 69,
    "speed": 0.02499915884882961,
    "if_vehicle": false,
    "motion_state": false,
    "pose": [
      [
        0.0855549559815988,
        -0.9962859869170891,
        -0.009725316428195834,
        14.160589950445683
      ],
      [
        0.9961671510888774,
        0.08535826317640094,
        0.019104292684573854,
        -68.96289307156621
      ],
      [
        -0.018203202972451874,
        -0.011322507679401999,
        0.99977019570569,
        3.7536871056398766
      ],
      [
        0.0,
        0.0,
        0.0,
        1.0
      ]
    ],
    "location": [
      14.160589950445683,
      -68.96289307156621,
      3.7536871056398766
    ],
    "rotation": [
      -0.011324626096501636,
      0.018204208414283985,
      1.4851224231522036
    ]
  },
  {
    "label_id": "XB9iY_t9oXNSYC_x3HoAZA",
    "size": [
      0.7275666185658317,
      0.9426085402385718,
      1.6662076711532947
    ],
    "obj_class": "pedestrian",
    "point_num_in_lidar": 75,
    "speed": 1.2091399257572177,
    "if_vehicle": false,
    "motion_state": true,
    "pose": [
      [
        -0.12976432590751855,
        -0.9914971699113108,
        -0.009725316428195834,
        -3.8083811836922905
      ],
      [
        0.9913389726073556,
        -0.12993101012004235,
        0.019104292684573854,
        -78.71295907952117
      ],
      [
        -0.020205472317164862,
        -0.007162029534055432,
        0.99977019570569,
        2.0945120392284124
      ],
      [
        0.0,
        0.0,
        0.0,
        1.0
      ]
    ],
    "location": [
      -3.8083811836922905,
      -78.71295907952117,
      2.0945120392284124
    ],
    "rotation": [
      -0.007163553238848845,
      0.020206847421241826,
      1.7009543420286226
    ]
  },
  {
    "label_id": "eUvjCEr44xj0JhoTK13GOw",
    "size": [
      0.9033761271719656,
      1.2275531915227762,
      1.8088524052985733
    ],
    "obj_class": "pedestrian",
    "point_num_in_lidar": 432,
    "speed": 1.4025043831643824,
    "if_vehicle": false,
    "motion_state": true,
    "pose": [
      [
        -0.09526938160028268,
        0.9954040200591271,
        -0.009725316428195834,
        -5.259456997581083
      ],
      [
        -0.9952871085692387,
        -0.09507153894255835,
        0.019104292684573854,
        -58.58594529682341
      ],
      [
        0.01809188893907907,
        0.011499536217710105,
        0.99977019570569,
        1.7567323253089953
      ],
      [
        0.0,
        0.0,
        0.0,
        1.0
      ]
    ],
    "location": [
      -5.259456997581083,
      -58.58594529682341,
      1.7567323253089953
    ],
    "rotation": [
      0.011501672261584637,
      -0.018092876046609054,
      -1.6662260817909704
    ]
  },
  {
    "label_id": "hcrw76nseDR0xxwdPMNQlA",
    "size": [
      0.9554062405057272,
      0.823365753160863,
      1.6199999999999974
    ],
    "obj_class": "pedestrian",
    "point_num_in_lidar": 46,
    "speed": 0.00393906917508322,
    "if_vehicle": false,
    "motion_state": false,
    "pose": [
      [
        -0.881129464563434,
        0.47277508912645505,
        -0.009725316428195834,
        17.47781368260962
      ],
      [
        -0.4728748784339877,
        -0.8809224570568418,
        0.019104292684573854,
        -87.07316994834764
      ],
      [
        0.0004647840330657435,
        0.02143221300773686,
        0.99977019570569,
        2.2607135989641307
      ],
      [
        0.0,
        0.0,
        0.0,
        1.0
      ]
    ],
    "location": [
      17.47781368260962,
      -87.07316994834764,
      2.2607135989641307
    ],
    "rotation": [
      0.02143385644036359,
      -0.00046478404979984474,
      -2.6490419441487862
    ]
  },
  {
    "label_id": "hfwBtfwps5qa36ezQePSwg",
    "size": [
      0.7931411975771038,
      1.2062960889686793,
      1.8300000000000054
    ],
    "obj_class": "pedestrian",
    "point_num_in_lidar": 57,
    "speed": 3.3420572435546783,
    "if_vehicle": false,
    "motion_state": true,
    "pose": [
      [
        -0.08605290030801935,
        -0.9962431011399524,
        -0.009725316428195834,
        -2.973909419921938
      ],
      [
        0.9960923841638056,
        -0.0862263777036204,
        0.019104292684573854,
        -88.26922466944961
      ],
      [
        -0.019871098596790003,
        -0.008043333833868158,
        0.99977019570569,
        2.326321863285223
      ],
      [
        0.0,
        0.0,
        0.0,
        1.0
      ]
    ],
    "location": [
      -2.973909419921938,
      -88.26922466944961,
      2.326321863285223
    ],
    "rotation": [
      -0.008045009083411537,
      0.019872406548061047,
      1.6569728454248458
    ]
  },
  {
    "label_id": "m1DhI6CUMFGLwFDMpQXICQ",
    "size": [
      0.8813313296872619,
      0.919217660923858,
      1.4500000000000028
    ],
    "obj_class": "pedestrian",
    "point_num_in_lidar": 215,
    "speed": 1.2095862499688976,
    "if_vehicle": false,
    "motion_state": true,
    "pose": [
      [
        -0.030231549103888627,
        0.9994956086242454,
        -0.009725316428195834,
        14.542362968622228
      ],
      [
        -0.9993660589410726,
        -0.030041741587511706,
        0.019104292684573854,
        -55.01373008549672
      ],
      [
        0.018802491201111222,
        0.010296703513189695,
        0.99977019570569,
        1.541822254842117
      ],
      [
        0.0,
        0.0,
        0.0,
        1.0
      ]
    ],
    "location": [
      14.542362968622228,
      -55.01373008549672,
      1.541822254842117
    ],
    "rotation": [
      0.010298706163232927,
      -0.01880359926303875,
      -1.6010378305946222
    ]
  },
  {
    "label_id": "py8zJZRABr-k6qjoeH8D2w",
    "size": [
      0.7772359472451302,
      0.7309436320632802,
      1.5340060935992454
    ],
    "obj_class": "pedestrian",
    "point_num_in_lidar": 192,
    "speed": 0.809431418827974,
    "if_vehicle": false,
    "motion_state": false,
    "pose": [
      [
        0.04421498177474312,
        0.9989747011846849,
        -0.009725316428195834,
        -7.322667630974593
      ],
      [
        -0.9988313888233221,
        0.044394624700470654,
        0.019104292684573854,
        -57.11882338291616
      ],
      [
        0.019516456848840007,
        0.008869255361853325,
        0.99977019570569,
        1.661121187945291
      ],
      [
        0.0,
        0.0,
        0.0,
        1.0
      ]
    ],
    "location": [
      -7.322667630974593,
      -57.11882338291616,
      1.661121187945291
    ],
    "rotation": [
      0.008871061311112257,
      -0.01951769600524465,
      -1.5265584946558162
    ]
  },
  {
    "label_id": "rCIKnCfuvco-eqQWUwlUOQ",
    "size": [
      0.6496025147093313,
      0.8832043404860536,
      1.5537234042553294
    ],
    "obj_class": "pedestrian",
    "point_num_in_lidar": 242,
    "speed": 0.7229641648072893,
    "if_vehicle": false,
    "motion_state": false,
    "pose": [
      [
        0.028605743948560386,
        0.9995434606026498,
        -0.009725316428195834,
        -6.285939653152354
      ],
      [
        -0.9994029717221499,
        0.02878760347715113,
        0.019104292684573854,
        -56.97117907937536
      ],
      [
        0.019375539375329563,
        0.009173017634423887,
        0.99977019570569,
        1.6425204919229444
      ],
      [
        0.0,
        0.0,
        0.0,
        1.0
      ]
    ],
    "location": [
      -6.285939653152354,
      -56.97117907937536,
      1.6425204919229444
    ],
    "rotation": [
      0.00917486866778193,
      -0.019376751880309757,
      -1.5421813069422114
    ]
  },
  {
    "label_id": "ucVAeC1wwuoLAn2C4cTN4A",
    "size": [
      0.8885710738855508,
      0.9070466531249303,
      1.726207671153297
    ],
    "obj_class": "pedestrian",
    "point_num_in_lidar": 48,
    "speed": 0.8422223764565494,
    "if_vehicle": false,
    "motion_state": false,
    "pose": [
      [
        -0.20663583316385348,
        -0.9783695879743256,
        -0.009725316428195834,
        -3.9002405448172794
      ],
      [
        0.9781988822678463,
        -0.20678968236098752,
        0.019104292684573854,
        -95.11663880695232
      ],
      [
        -0.020702154057394156,
        -0.0055656622238792605,
        0.99977019570569,
        2.442532843551433
      ],
      [
        0.0,
        0.0,
        0.0,
        1.0
      ]
    ],
    "location": [
      -3.9002405448172794,
      -95.11663880695232,
      2.442532843551433
    ],
    "rotation": [
      -0.005566884023957492,
      0.020703633094704035,
      1.7789769277681977
    ]
  },
  {
    "label_id": "wMUdRIDh7znXWBSuOCttNg",
    "size": [
      0.8265578553025766,
      0.10863909985943096,
      0.7800000000000011
    ],
    "obj_class": "sign",
    "point_num_in_lidar": 22,
    "speed": 0.006390367260386694,
    "if_vehicle": false,
    "motion_state": false,
    "pose": [
      [
        -0.03802527534524005,
        -0.999229451455115,
        -0.009725316428195834,
        0.08455509535497185
      ],
      [
        0.9990872547696129,
        -0.038205802673685264,
        0.019104292684573854,
        -114.67840282100406
      ],
      [
        -0.0194611354200395,
        -0.008989993702405018,
        0.99977019570569,
        5.712265778597448
      ],
      [
        0.0,
        0.0,
        0.0,
        1.0
      ]
    ],
    "location": [
      0.08455509535497185,
      -114.67840282100406,
      5.712265778597448
    ],
    "rotation": [
      -0.008991817770754947,
      0.019462364067539668,
      1.608837979728388
    ]
  },
  {
    "label_id": "zXhKDN5BIGX_s4bcOBrUxA",
    "size": [
      0.8319791430191179,
      0.993830654919953,
      1.5762076711532984
    ],
    "obj_class": "pedestrian",
    "point_num_in_lidar": 32,
    "speed": 1.3444044738773842,
    "if_vehicle": false,
    "motion_state": true,
    "pose": [
      [
        -0.040669106406550956,
        -0.99912533848585,
        -0.009725316428195834,
        -2.061992688445116
      ],
      [
        0.9989826646222701,
        -0.040849256850165744,
        0.019104292684573854,
        -97.72157395471731
      ],
      [
        -0.019484854843732108,
        -0.008938468007722989,
        0.99977019570569,
        2.427251190882359
      ],
      [
        0.0,
        0.0,
        0.0,
        1.0
      ]
    ],
    "location": [
      -2.061992688445116,
      -97.72157395471731,
      2.427251190882359
    ],
    "rotation": [
      -0.008940284375532103,
      0.01948608798968577,
      1.611484381311814
    ]
  },
  {
    "label_id": "zcRL3Ri9BQSc21e8NqmUog",
    "size": [
      1.9455414357868488,
      4.366603907007664,
      1.5051311337171924
    ],
    "obj_class": "vehicle",
    "point_num_in_lidar": 55,
    "speed": 0.038816178829018194,
    "if_vehicle": true,
    "motion_state": false,
    "pose": [
      [
        -0.3549490756608181,
        0.9348350506415034,
        -0.009725316428195834,
        1.9319874732675544
      ],
      [
        -0.9347745820428935,
        -0.35472736963413976,
        0.019104292684573854,
        -119.36456683981669
      ],
      [
        0.014409526503820108,
        0.015872029628944868,
        0.99977019570569,
        2.587562722342895
      ],
      [
        0.0,
        0.0,
        0.0,
        1.0
      ]
    ],
    "location": [
      1.9319874732675544,
      -119.36456683981669,
      2.587562722342895
    ],
    "rotation": [
      0.01587434437602673,
      -0.014410025202779191,
      -1.9336953451430263
    ]
  },
  {
    "label_id": "zyN6XuE8pM7RqXmZLz8paw",
    "size": [
      0.8792804098561596,
      1.0084493014463036,
      1.6899999999999977
    ],
    "obj_class": "pedestrian",
    "point_num_in_lidar": 21,
    "speed": 0.9969415747155616,
    "if_vehicle": false,
    "motion_state": false,
    "pose": [
      [
        -0.9961301344772351,
        0.0873508638007483,
        -0.009725316428195834,
        20.01608056630812
      ],
      [
        -0.08752414467520057,
        -0.9959791915998529,
        0.019104292684573854,
        -114.83646230361956
      ],
      [
        -0.008017436325907413,
        0.019881561643050532,
        0.99977019570569,
        2.699868138480319
      ],
      [
        0.0,
        0.0,
        0.0,
        1.0
      ]
    ],
    "location": [
      20.01608056630812,
      -114.83646230361956,
      2.699868138480319
    ],
    "rotation": [
      0.019883510805172717,
      0.008017522220904754,
      -3.0539535518680108
    ]
  }
]