[
  {
    "label_id": "2MtqwmzUwaINPc8Nj13paw",
    "size": [
      0.8449872067055376,
      0.11805527053042442,
      1.25
    ],
    "obj_class": "sign",
    "point_num_in_lidar": 31,
    "speed": 0.0256587025962393,
    "if_vehicle": false,
    "motion_state": false,
    "pose": [
      [
        -0.10410176757210364,
        -0.9945588634516493,
        -0.003935621695124203,
        2.592974271609819
      ],
      [
        0.9944333373392287,
        -0.10415178737940886,
        0.015960663333279713,
        -144.62499221116923
      ],
      [
        -0.016283721218677452,
        -0.0022521801521693525,
        0.9998648749245242,
        5.606634273209757
      ],
      [
        0.0,
        0.0,
        0.0,
        1.0
      ]
    ],
    "location": [
      2.592974271609819,
      -144.62499221116923,
      5.606634273209757
    ],
    "rotation": [
      -0.002252480709854856,
      0.016284440935329637,
      1.6751009254804332
    ]
  },
  {
    "label_id": "2jWNOOfzy3eCU2wdIeh1tg",
    "size": [
      0.7194131262373484,
      0.5887220451180889,
      1.7299999999999969
    ],
    "obj_class": "pedestrian",
    "point_num_in_lidar": 261,
    "speed": 0.06535016149059172,
    "if_vehicle": false,
    "motion_state": false,
    "pose": [
      [
        -0.9752892428141545,
        0.22089681693692645,
        -0.003935621695124203,
        17.238407331139797
      ],
      [
        -0.22093165319772665,
        -0.9751586854667712,
        0.015960663333279713,
        -95.6541953296728
      ],
      [
        -0.0003121959521884211,
        0.016435766664590644,
        0.9998648749245242,
        2.4660178184409105
      ],
      [
        0.0,
        0.0,
        0.0,
        1.0
      ]
    ],
    "location": [
      17.238407331139797,
      -95.6541953296728,
      2.4660178184409105
    ],
    "rotation": [
      0.016436507533364116,
      0.0003121959572598527,
      -2.918823016935997
    ]
  },
  {
    "label_id": "4dkaDfwB3gRYtiEkRANu-Q",
    "size": [
      0.687724038555331,
      0.4837766774061261,
      1.785879112333582
    ],
    "obj_class": "pedestrian",
    "point_num_in_lidar": 25,
    "speed": 8.533911106286719e-13,
    "if_vehicle": false,
    "motion_state": false,
    "pose": [
      [
        0.9994077848483934,
        -0.03418465249640721,
        -0.003935621695124203,
        0.06662892142071541
      ],
      [
        0.034243341624631586,
        0.999286070542535,
        0.015960663333279713,
        -117.23499411775629
      ],
      [
        0.003387202209202301,
        -0.0160859800248355,
        0.9998648749245242,
        2.5639815370288233
      ],
      [
        0.0,
        0.0,
        0.0,
        1.0
      ]
    ],
    "location": [
      0.06662892142071541,
      -117.23499411775629,
      2.5639815370288233
    ],
    "rotation": [
      -0.016086766128059603,
      -0.0033872086862092596,
      0.03425023404191506
    ]
  },
  {
    "label_id": "6CxUqHro1oNFRLDTQ8mDwA",
    "size": [
      2.0008175428257307,
      4.991523928119735,
      1.5582746083807493
    ],
    "obj_class": "vehicle",
    "point_num_in_lidar": 61,
    "speed": 1.4369837526939963e-12,
    "if_vehicle": true,
    "motion_state": false,
    "pose": [
      [
        -0.9902515368117382,
        0.13923507002139804,
        -0.003935621695124203,
        21.860063026054377
      ],
      [
        -0.1392806159878388,
        -0.9901243190811999,
        0.015960663333279713,
        -119.05240836507437
      ],
      [
        -0.001674470674248889,
        0.016353227208306998,
        0.9998648749245242,
        2.5375477931461816
      ],
      [
        0.0,
        0.0,
        0.0,
        1.0
      ]
    ],
    "location": [
      21.860063026054377,
      -119.05240836507437,
      2.5375477931461816
    ],
    "rotation": [
      0.016353979110416358,
      0.0016744714567445455,
      -3.001857543778692
    ]
  },
  {
    "label_id": "8VOdSBCMlmgcCnhgXWua6Q",
    "size": [
      0.977429830541727,
      1.1331684725048716,
      1.7700000000000031
    ],
    "obj_class": "pedestrian",
    "point_num_in_lidar": 341,
    "speed": 0.06350435305846186,
    "if_vehicle": false,
    "motion_state": false,
    "pose": [
      [
        -0.5762986484858338,
        -0.8172296975974834,
        -0.003935621695124203,
        18.862381959796267
      ],
      [
        0.8170957251889382,
        -0.5762810365645609,
        0.015960663333279713,
        -81.97937952730172
      ],
      [
        -0.015311552219303574,
        0.005982329044859673,
        0.9998648749245242,
        2.2495407399828835
      ],
      [
        0.0,
        0.0,
        0.0,
        1.0
      ]
    ],
    "location": [
      18.862381959796267,
      -81.97937952730172,
      2.2495407399828835
    ],
    "rotation": [
      0.005983066123646573,
      0.01531215056508167,
      2.185071333138674
    ]
  },
  {
    "label_id": "BsgqXnwaRPIkYSeBm0om7g",
    "size": [
      0.7223956244660703,
      0.6513052334713088,
      1.5899999999999963
    ],
    "obj_class": "pedestrian",
    "point_num_in_lidar": 331,
    "speed": 2.929642751054232e-13,
    "if_vehicle": false,
    "motion_state": false,
    "pose": [
      [
        -0.35726265567358706,
        0.9339956668758849,
        -0.003935621695124203,
        15.861994975123935
      ],
      [
        -0.9339063675281408,
        -0.3571612435810398,
        0.015960663333279713,
        -89.2766643610812
      ],
      [
        0.01350153885485299,
        0.009377651130017947,
        0.9998648749245242,
        2.2160376323532205
      ],
      [
        0.0,
        0.0,
        0.0,
        1.0
      ]
    ],
    "location": [
      15.861994975123935,
      -89.2766643610812,
      2.2160376323532205
    ],
    "rotation": [
      0.009378643468852919,
      -0.013501949091250198,
      -1.9361666772056016
    ]
  },
  {
    "label_id": "DmAuWTkUoLo0qFg1J3KNSA",
    "size": [
      0.8356195406509369,
      0.09502477883125592,
      0.75
    ],
    "obj_class": "sign",
    "point_num_in_lidar": 32,
    "speed": 0.027528812921782806,
    "if_vehicle": false,
    "motion_state": false,
    "pose": [
      [
        -0.040337221542578156,
        -0.9991783721839147,
        -0.003935621695124203,
        19.050419964398998
      ],
      [
        0.9990562988440568,
        -0.0403951601801031,
        0.015960663333279713,
        -134.50447527297
      ],
      [
        -0.016106529677104752,
        -0.0032880988315401524,
        0.9998648749245242,
        4.95024866329382
      ],
      [
        0.0,
        0.0,
        0.0,
        1.0
      ]
    ],
    "location": [
      19.050419964398998,
      -134.50447527297,
      4.95024866329382
    ],
    "rotation": [
      -0.0032885313415966055,
      0.016107226151869082,
      1.611149732507548
    ]
  },
  {
    "label_id": "InPwvU2homAc1AtpmC4pDQ",
    "size": [
      2.116618505753073,
      4.313385827928875,
      1.7074263757876054
    ],
    "obj_class": "vehicle",
    "point_num_in_lidar": 154,
    "speed": 6.956486704132043,
    "if_vehicle": true,
    "motion_state": true,
    "pose": [
      [
        0.9129990670620699,
        0.4079426607081721,
        -0.003935621695124203,
        17.328694830947143
      ],
      [
        -0.4078365042954261,
        0.9129154632221148,
        0.015960663333279713,
        -123.00051819458167
      ],
      [
        0.010103925369716807,
        -0.012966980538607472,
        0.9998648749245242,
        2.7943564132364926
      ],
      [
        0.0,
        0.0,
        0.0,
        1.0
      ]
    ],
    "location": [
      17.328694830947143,
      -123.00051819458167,
      2.7943564132364926
    ],
    "rotation": [
      -0.012968005951086698,
      -0.010104097294739831,
      -0.4201060937154465
    ]
  },
  {
    "label_id": "NmBMsZev9_rv5hyPKybGXg",
    "size": [
      0.6605771973154124,
      1.8335680424917808,
      1.6599999999999966
    ],
    "obj_class": "cyclist",
    "point_num_in_lidar": 127,
    "speed": 5.695433295429594e-13,
    "if_vehicle": false,
    "motion_state": false,
    "pose": [
      [
        -0.9856338481897573,
        0.16885031295358427,
        -0.003935621695124203,
        16.559244170886814
      ],
      [
        -0.16889202575198797,
        -0.9855053225951402,
        0.015960663333279713,
        -114.49382171314028
      ],
      [
        -0.0011836131294947342,
        0.016396065141524644,
        0.9998648749245242,
        2.7144588317647305
      ],
      [
        0.0,
        0.0,
        0.0,
        1.0
      ]
    ],
    "location": [
      16.559244170886814,
      -114.49382171314028,
      2.7144588317647305
    ],
    "rotation": [
      0.016396811345218473,
      0.001183613405856746,
      -2.971887095723325
    ]
  },
  {
    "label_id": "VLrPxUo0C2lFkwJxSe1MbQ",
    "size": [
      0.8634603075843451,
      0.08668283352525205,
      0.259999999999998
    ],
    "obj_class": "sign",
    "point_num_in_lidar": 24,
    "speed": 0.003443050396171094,
    "if_vehicle": false,
    "motion_state": false,
    "pose": [
      [
        -0.05676066732114029,
        -0.9983800566553458,
        -0.003935621695124203,
        0.01809260165782689
      ],
      [
        0.9982570471673012,
        -0.05681659094649978,
        0.015960663333279713,
        -114.62813961774737
      ],
      [
        -0.016158416570908742,
        -0.003022824190457245,
        0.9998648749245242,
        5.157241442735263
      ],
      [
        0.0,
        0.0,
        0.0,
        1.0
      ]
    ],
    "location": [
      0.01809260165782689,
      -114.62813961774737,
      5.157241442735263
    ],
    "rotation": [
      -0.0030232234943373994,
      0.016159119798952713,
      1.627594940090335
    ]
  },
  {
    "label_id": "Y0UsFxjq4lr0MBNdcaiAOA",
    "size": [
      0.8222480615477242,
      0.7298880518515034,
      1.7620060790273513
    ],
    "obj_class": "pedestrian",
    "point_num_in_lidar": 52,
    "speed": 0.004760255929454615,
    "if_vehicle": false,
    "motion_state": false,
    "pose": [
      [
        0.999992255410947,
        3.8424590942892015e-15,
        -0.003935621695124203,
        0.6125756029859986
      ],
      [
        6.281561936033453e-05,
        0.99987261852706,
        0.015960663333279713,
        -115.42011822788481
      ],
      [
        0.0039351203698358055,
        -0.01596078694301553,
        0.9998648749245242,
        2.574359231765989
      ],
      [
        0.0,
        0.0,
        0.0,
        1.0
      ]
    ],
    "location": [
      0.6125756029859986,
      -115.42011822788481,
      2.574359231765989
    ],
    "rotation": [
      -0.015961588275345353,
      -0.003935130525909418,
      6.281610576263895e-05
    ]
  },
  {
    "label_id": "Z9u9SOz9ZevhmVKWH6pWEQ",
    "size": [
      0.739058562869434,
      0.5497838732974032,
      1.8651237228593445
    ],
    "obj_class": "pedestrian",
    "point_num_in_lidar": 30,
    "speed": 8.533911106286719e-13,
    "if_vehicle": false,
    "motion_state": false,
    "pose": [
      [
        0.9964353457836609,
        0.08426809927172209,
        -0.003935621695124203,
        0.3524895175016809
      ],
      [
        -0.08419542543268337,
        0.9963214278344971,
        0.015960663333279713,
        -116.6119990287898
      ],
      [
        0.0052661189889139206,
        -0.01557240774447009,
        0.9998648749245242,
        2.6243592317660145
      ],
      [
        0.0,
        0.0,
        0.0,
        1.0
      ]
    ],
    "location": [
      0.3524895175016809,
      -116.6119990287898,
      2.6243592317660145
    ],
    "rotation": [
      -0.015573253155426245,
      -0.005266143329227721,
      -0.08429639080762566
    ]
  },
  {
    "label_id": "h6q-eA2wK_kznq5ZEfhXAQ",
    "size": [
      0.8079511158537694,
      0.09482204849640151,
      1.0799999999999983
    ],
    "obj_class": "sign",
    "point_num_in_lidar": 50,
    "speed": 0.00858763911147119,
    "if_vehicle": false,
    "motion_state": false,
    "pose": [
      [
        0.08279837722670555,
        0.9965585480093465,
        -0.003935621695124203,
        16.97364584652246
      ],
      [
        -0.9964341208550666,
        0.08285107133738334,
        0.015960663333279713,
        -109.7702629419673
      ],
      [
        0.016231805950498935,
        0.002600070720341872,
        0.9998648749245242,
        5.1503524827942755
      ],
      [
        0.0,
        0.0,
        0.0,
        1.0
      ]
    ],
    "location": [
      16.97364584652246,
      -109.7702629419673,
      5.1503524827942755
    ],
    "rotation": [
      0.00260041624107799,
      -0.01623251880479603,
      -1.4878921042275501
    ]
  },
  {
    "label_id": "hcrw76nseDR0xxwdPMNQlA",
    "size": [
      0.9554062405057329,
      0.823365753160863,
      1.6199999999999974
    ],
    "obj_class": "pedestrian",
    "point_num_in_lidar": 80,
    "speed": 1.1457157353758233e-12,
    "if_vehicle": false,
    "motion_state": false,
    "pose": [
      [
        -0.8811643126076208,
        0.4727937870452739,
        -0.003935621695124203,
        17.47496115825743
      ],
      [
        -0.4727925743425368,
        -0.8810291929740571,
        0.015960663333279713,
        -87.07363280119353
      ],
      [
        0.004078704855189494,
        0.01592469964770719,
        0.9998648749245242,
        2.2421811604979993
      ],
      [
        0.0,
        0.0,
        0.0,
        1.0
      ]
    ],
    "location": [
      17.47496115825743,
      -87.07363280119353,
      2.2421811604979993
    ],
    "rotation": [
      0.01592550527681658,
      -0.004078716164049825,
      -2.649130944223505
    ]
  },
  {
    "label_id": "iDM-KIgWJav5B0UO7rbxRg",
    "size": [
      0.6636702243869222,
      0.8815122372363502,
      1.5499999999999972
    ],
    "obj_class": "pedestrian",
    "point_num_in_lidar": 29,
    "speed": 2.0166763967587,
    "if_vehicle": false,
    "motion_state": true,
    "pose": [
      [
        -0.0654601280808853,
        -0.9978474244660387,
        -0.003935621695124203,
        -2.0467936019756507
      ],
      [
        0.9977239322346952,
        -0.06551497746392757,
        0.015960663333279713,
        -119.38759744949493
      ],
      [
        -0.01618414896654531,
        -0.002881876887395118,
        0.9998648749245242,
        2.5539136160744604
      ],
      [
        0.0,
        0.0,
        0.0,
        1.0
      ]
    ],
    "location": [
      -2.0467936019756507,
      -119.38759744949493,
      2.5539136160744604
    ],
    "rotation": [
      -0.002882258372456665,
      0.016184855559894417,
      1.636311887997354
    ]
  },
  {
    "label_id": "j79NELjEt3UUrOAOw0u7rg",
    "size": [
      2.271610586851708,
      6.923218476364259,
      3.048274608380744
    ],
    "obj_class": "vehicle",
    "point_num_in_lidar": 155,
    "speed": 5.955433342649105e-13,
    "if_vehicle": true,
    "motion_state": false,
    "pose": [
      [
        -0.026889870309388296,
        -0.9996306546703222,
        -0.003935621695124203,
        18.234113249492566
      ],
      [
        0.9995093719306164,
        -0.026949446169195427,
        0.015960663333279713,
        -150.42352798959473
      ],
      [
        -0.01606083116183408,
        -0.0035045106015664006,
        0.9998648749245242,
        3.285041330064125
      ],
      [
        0.0,
        0.0,
        0.0,
        1.0
      ]
    ],
    "location": [
      18.234113249492566,
      -150.42352798959473,
      3.285041330064125
    ],
    "rotation": [
      -0.003504969860118229,
      0.016061521724692326,
      1.5976929087314249
    ]
  },
  {
    "label_id": "lexF68G4j-d1Vgnd_kgZ7A",
    "size": [
      2.018911631393572,
      4.834937435280711,
      1.6506372901336803
    ],
    "obj_class": "vehicle",
    "point_num_in_lidar": 35,
    "speed": 5.695433295429594e-13,
    "if_vehicle": true,
    "motion_state": false,
    "pose": [
      [
        -0.05898754686776711,
        -0.9982509605286618,
        -0.003935621695124203,
        15.927368115264017
      ],
      [
        0.9981278266014939,
        -0.059043195964817594,
        0.015960663333279713,
        -152.72614426834298
      ],
      [
        -0.01616511918610967,
        -0.00298677315246752,
        0.9998648749245242,
        2.8588344830695007
      ],
      [
        0.0,
        0.0,
        0.0,
        1.0
      ]
    ],
    "location": [
      15.927368115264017,
      -152.72614426834298,
      2.8588344830695007
    ],
    "rotation": [
      -0.0029871679099212124,
      0.01616582328969591,
      1.6298258575083235
    ]
  },
  {
    "label_id": "naDLdh5UfyelZ4Xsg9CHVA",
    "size": [
      0.5227128490698553,
      0.06277313367441839,
      0.6700000000000017
    ],
    "obj_class": "sign",
    "point_num_in_lidar": 36,
    "speed": 0.0036616472781056397,
    "if_vehicle": false,
    "motion_state": false,
    "pose": [
      [
        -0.07494610197867102,
        -0.9971798196313819,
        -0.003935621695124203,
        -0.5067400063760488
      ],
      [
        0.9970558113988786,
        -0.07499977454423036,
        0.015960663333279713,
        -112.36392829529905
      ],
      [
        -0.016210822123702773,
        -0.0027278449807678767,
        0.9998648749245242,
        4.913989453828584
      ],
      [
        0.0,
        0.0,
        0.0,
        1.0
      ]
    ],
    "location": [
      -0.5067400063760488,
      -112.36392829529905,
      4.913989453828584
    ],
    "rotation": [
      -0.0027282068620368078,
      0.016211532216706567,
      1.645822645024744
    ]
  },
  {
    "label_id": "ucVAeC1wwuoLAn2C4cTN4A",
    "size": [
      0.8885710738837955,
      0.9070466531249303,
      1.726207671153297
    ],
    "obj_class": "pedestrian",
    "point_num_in_lidar": 277,
    "speed": 0.1461038297274602,
    "if_vehicle": false,
    "motion_state": false,
    "pose": [
      [
        -0.005382643363174132,
        -0.9999777687690351,
        -0.003935621695124203,
        -4.348216717721016
      ],
      [
        0.9998577955016028,
        -0.005444814104877557,
        0.015960663333279713,
        -92.47606746098245
      ],
      [
        -0.01598173723660387,
        -0.0038491514734524334,
        0.9998648749245242,
        2.4112832895675
      ],
      [
        0.0,
        0.0,
        0.0,
        1.0
      ]
    ],
    "location": [
      -4.348216717721016,
      -92.47606746098245,
      2.4112832895675
    ],
    "rotation": [
      -0.0038496526434532944,
      0.015982417646511326,
      1.5761796836982498
    ]
  },
  {
    "label_id": "zXhKDN5BIGX_s4bcOBrUxA",
    "size": [
      0.8319791430172595,
      0.993830654919953,
      1.5762076711532984
    ],
    "obj_class": "pedestrian",
    "point_num_in_lidar": 305,
    "speed": 1.2841649635381005,
    "if_vehicle": false,
    "motion_state": true,
    "pose": [
      [
        -0.06323171693402498,
        -0.9979911126134582,
        -0.003935621695124203,
        -1.998955522748929
      ],
      [
        0.9978677431716898,
        -0.06328684194522748,
        0.015960663333279713,
        -93.50570124559272
      ],
      [
        -0.016177673226204184,
        -0.0029180097929219152,
        0.9998648749245242,
        2.275080764106505
      ],
      [
        0.0,
        0.0,
        0.0,
        1.0
      ]
    ],
    "location": [
      -1.998955522748929,
      -93.50570124559272,
      2.275080764106505
    ],
    "rotation": [
      -0.002918395857114431,
      0.016178378971641504,
      1.6340785483896199
    ]
  },
  {
    "label_id": "zcRL3Ri9BQSc21e8NqmUog",
    "size": [
      1.9455414357874052,
      4.366603907007664,
      1.5051311337171924
    ],
    "obj_class": "vehicle",
    "point_num_in_lidar": 266,
    "speed": 0.3465793237267984,
    "if_vehicle": true,
    "motion_state": false,
    "pose": [
      [
        -0.3878122785440501,
        0.9217299753682446,
        -0.003935621695124203,
        1.8699817926010383
      ],
      [
        -0.92164406246932,
        -0.38770798204448914,
        0.015960663333279713,
        -119.46338427217233
      ],
      [
        0.01318554987553764,
        0.009816983581790343,
        0.9998648749245242,
        2.5875627223429873
      ],
      [
        0.0,
        0.0,
        0.0,
        1.0
      ]
    ],
    "location": [
      1.8699817926010383,
      -119.46338427217233,
      2.5875627223429873
    ],
    "rotation": [
      0.009817994807481105,
      -0.013185931975915338,
      -1.9690898373731296
    ]
  },
  {
    "label_id": "zyN6XuE8pM7RqXmZLz8paw",
    "size": [
      0.8792804098559228,
      1.0084493014463036,
      1.6899999999999977
    ],
    "obj_class": "pedestrian",
    "point_num_in_lidar": 67,
    "speed": 1.5660414143557153,
    "if_vehicle": false,
    "motion_state": true,
    "pose": [
      [
        -0.11442741117076088,
        0.9934238161301703,
        -0.003935621695124203,
        18.278323591368462
      ],
      [
        -0.9933121529643489,
        -0.11435131831024788,
        0.015960663333279713,
        -117.49362912789547
      ],
      [
        0.015405659547307752,
        0.005735638245032308,
        0.9998648749245242,
        2.6998681384803334
      ],
      [
        0.0,
        0.0,
        0.0,
        1.0
      ]
    ],
    "location": [
      18.278323591368462,
      -117.49362912789547,
      2.6998681384803334
    ],
    "rotation": [
      0.005736350457920722,
      -0.015406268994421678,
      -1.6854886036170067
    ]
  }
]