[
  {
    "label_id": "1QUadbkhVP7b1ahvYgu9kw",
    "size": [
      0.8194169378859866,
      1.2619141868906687,
      1.9600842317735356
    ],
    "obj_class": "pedestrian",
    "point_num_in_lidar": 212,
    "speed": 3.2660301710588864,
    "if_vehicle": false,
    "motion_state": true,
    "pose": [
      [
        -0.09257960251849018,
        -0.9956801633780008,
        -0.0070731501522221015,
        -4.237483386639042
      ],
      [
        0.9955713818613231,
        -0.09268131359049171,
        0.015741592355175468,
        -82.73775849617232
      ],
      [
        -0.016329140095361728,
        -0.005584475507910138,
        0.9998510753192434,
        2.350126958069609
      ],
      [
        0.0,
        0.0,
        0.0,
        1.0
      ]
    ],
    "location": [
      -4.237483386639042,
      -82.73775849617232,
      2.350126958069609
    ],
    "rotation": [
      -0.005585249219992109,
      0.016329865851654708,
      1.6635210901815238
    ]
  },
  {
    "label_id": "2MtqwmzUwaINPc8Nj13paw",
    "size": [
      0.8449872067055374,
      0.11805527053042442,
      1.25
    ],
    "obj_class": "sign",
    "point_num_in_lidar": 21,
    "speed": 0.02228898637294833,
    "if_vehicle": false,
    "motion_state": false,
    "pose": [
      [
        -0.10409996967376185,
        -0.9945416868391419,
        -0.0070731501522221015,
        2.5960054052854957
      ],
      [
        0.9944317351456513,
        -0.10420041461209598,
        0.015741592355175468,
        -144.66403030723995
      ],
      [
        -0.0163926949929255,
        -0.005395065692029465,
        0.9998510753192434,
        5.606634273209757
      ],
      [
        0.0,
        0.0,
        0.0,
        1.0
      ]
    ],
    "location": [
      2.5960054052854957,
      -144.66403030723995,
      5.606634273209757
    ],
    "rotation": [
      -0.005395816903412695,
      0.016393429257112777,
      1.6750993039487168
    ]
  },
  {
    "label_id": "2jWNOOfzy3eCU2wdIeh1tg",
    "size": [
      0.7194131262373481,
      0.5887220451180889,
      1.7299999999999969
    ],
    "obj_class": "pedestrian",
    "point_num_in_lidar": 72,
    "speed": 0.06534688281928926,
    "if_vehicle": false,
    "motion_state": false,
    "pose": [
      [
        -0.9752723989992479,
        0.22089300191987965,
        -0.0070731501522221015,
        17.279155049872998
      ],
      [
        -0.22097975040597065,
        -0.9751513483458033,
        0.015741592355175468,
        -95.5723140969967
      ],
      [
        -0.0034201843176579704,
        0.01691536349552219,
        0.9998510753192434,
        2.491462566991281
      ],
      [
        0.0,
        0.0,
        0.0,
        1.0
      ]
    ],
    "location": [
      17.279155049872998,
      -95.5723140969967,
      2.491462566991281
    ],
    "rotation": [
      0.016916269213667658,
      0.003420190985719056,
      -2.918772386615696
    ]
  },
  {
    "label_id": "3h-ylbRKsvw44D4CpJcGgQ",
    "size": [
      0.406051342625429,
      0.08601949431669878,
      0.46999999999999886
    ],
    "obj_class": "sign",
    "point_num_in_lidar": 43,
    "speed": 0.022517768159456237,
    "if_vehicle": false,
    "motion_state": false,
    "pose": [
      [
        0.12981899660154106,
        -0.99151248033915,
        -0.0070731501522221015,
        -2.501171625709503
      ],
      [
        0.9914288746945438,
        0.1296957543331085,
        0.015741592355175468,
        -79.59658994743222
      ],
      [
        -0.014690627736064039,
        -0.009056083020422469,
        0.9998510753192434,
        3.992623066997403
      ],
      [
        0.0,
        0.0,
        0.0,
        1.0
      ]
    ],
    "location": [
      -2.501171625709503,
      -79.59658994743222,
      3.992623066997403
    ],
    "rotation": [
      -0.009057184226034238,
      0.014691156195907067,
      1.440595767179602
    ]
  },
  {
    "label_id": "6CxUqHro1oNFRLDTQ8mDwA",
    "size": [
      2.000817542825729,
      4.991523928119735,
      1.5582746083807493
    ],
    "obj_class": "vehicle",
    "point_num_in_lidar": 55,
    "speed": 1.4369837526939963e-12,
    "if_vehicle": true,
    "motion_state": false,
    "pose": [
      [
        -0.9902344345892767,
        0.13923266535041015,
        -0.0070731501522221015,
        21.86006302605415
      ],
      [
        -0.13932915605411403,
        -0.990120996920766,
        0.015741592355175468,
        -119.05240836507255
      ],
      [
        -0.004811530619617696,
        0.016573362846715196,
        0.9998510753192434,
        2.537547793146146
      ],
      [
        0.0,
        0.0,
        0.0,
        1.0
      ]
    ],
    "location": [
      21.86006302605415,
      -119.05240836507255,
      2.537547793146146
    ],
    "rotation": [
      0.016574313532209083,
      0.004811549184963195,
      -3.001807094240662
    ]
  },
  {
    "label_id": "8VOdSBCMlmgcCnhgXWua6Q",
    "size": [
      0.9774298305408372,
      1.1331684725048716,
      1.7700000000000031
    ],
    "obj_class": "pedestrian",
    "point_num_in_lidar": 203,
    "speed": 0.3131913505892041,
    "if_vehicle": false,
    "motion_state": false,
    "pose": [
      [
        -0.5103518939602542,
        -0.8599365760787859,
        -0.0070731501522221015,
        18.816626825924686
      ],
      [
        0.8597947014269426,
        -0.5103971724728481,
        0.015741592355175468,
        -81.76056967696786
      ],
      [
        -0.01714688687010764,
        0.0019522944491363217,
        0.9998510753192434,
        2.2495407399828977
      ],
      [
        0.0,
        0.0,
        0.0,
        1.0
      ]
    ],
    "location": [
      18.816626825924686,
      -81.76056967696786,
      2.2495407399828977
    ],
    "rotation": [
      0.0019525827558067052,
      0.017147727223705278,
      2.106477526990886
    ]
  },
  {
    "label_id": "BsgqXnwaRPIkYSeBm0om7g",
    "size": [
      0.7223956244660689,
      0.6513052334713088,
      1.5899999999999963
    ],
    "obj_class": "pedestrian",
    "point_num_in_lidar": 123,
    "speed": 2.929642751054232e-13,
    "if_vehicle": false,
    "motion_state": false,
    "pose": [
      [
        -0.35725648553883455,
        0.9339795362251597,
        -0.0070731501522221015,
        15.86199497512348
      ],
      [
        -0.9339269453577137,
        -0.35711715585355647,
        0.015741592355175468,
        -89.2766643610812
      ],
      [
        0.012176381862045593,
        0.012229591477316209,
        0.9998510753192434,
        2.216037632353256
      ],
      [
        0.0,
        0.0,
        0.0,
        1.0
      ]
    ],
    "location": [
      15.86199497512348,
      -89.2766643610812,
      2.216037632353256
    ],
    "rotation": [
      0.012230803121113626,
      -0.012176682769194218,
      -1.9361535610196086
    ]
  },
  {
    "label_id": "DmAuWTkUoLo0qFg1J3KNSA",
    "size": [
      0.8356195406509385,
      0.09502477883125592,
      0.75
    ],
    "obj_class": "sign",
    "point_num_in_lidar": 20,
    "speed": 0.03848938298967268,
    "if_vehicle": false,
    "motion_state": false,
    "pose": [
      [
        -0.040336524895181886,
        -0.999161115789793,
        -0.0070731501522221015,
        19.087883496005816
      ],
      [
        0.9990578071798574,
        -0.04044379041457906,
        0.015741592355175468,
        -134.53610504555036
      ],
      [
        -0.016014451984232514,
        -0.006431524749008547,
        0.9998510753192434,
        4.970728608882311
      ],
      [
        0.0,
        0.0,
        0.0,
        1.0
      ]
    ],
    "location": [
      19.087883496005816,
      -134.53610504555036,
      4.970728608882311
    ],
    "rotation": [
      -0.006432393988055111,
      0.01601513658143562,
      1.6111489754802346
    ]
  },
  {
    "label_id": "H08qG0dUKgSXd9pWjvXaSA",
    "size": [
      0.1834211812429931,
      0.043820704414073874,
      0.29999999999999716
    ],
    "obj_class": "sign",
    "point_num_in_lidar": 23,
    "speed": 0.0513420749520638,
    "if_vehicle": false,
    "motion_state": false,
    "pose": [
      [
        0.6074916218011227,
        -0.7942945926974233,
        -0.0070731501522221015,
        -2.945910552204623
      ],
      [
        0.7942836799316881,
        0.6073430974863375,
        0.015741592355175468,
        -72.7033732415457
      ],
      [
        -0.008207632765726438,
        -0.015180973201194051,
        0.9998510753192434,
        1.6185909860284227
      ],
      [
        0.0,
        0.0,
        0.0,
        1.0
      ]
    ],
    "location": [
      -2.945910552204623,
      -72.7033732415457,
      1.6185909860284227
    ],
    "rotation": [
      -0.015182067787473944,
      0.008207724920039253,
      0.9178716716364347
    ]
  },
  {
    "label_id": "HUUEfy28oF2K_ISZRkMy6Q",
    "size": [
      0.8119127542138214,
      1.1004562136679052,
      1.8288524052985764
    ],
    "obj_class": "pedestrian",
    "point_num_in_lidar": 265,
    "speed": 1.669037621680504,
    "if_vehicle": false,
    "motion_state": true,
    "pose": [
      [
        0.07234439711548785,
        0.9973546303862637,
        -0.0070731501522221015,
        -7.204370604067208
      ],
      [
        -0.9972479364185481,
        0.07244829590177297,
        0.015741592355175468,
        -66.85316497778513
      ],
      [
        0.01621238770027312,
        0.0059148683847090894,
        0.9998510753192434,
        1.9667323253090174
      ],
      [
        0.0,
        0.0,
        0.0,
        1.0
      ]
    ],
    "location": [
      -7.204370604067208,
      -66.85316497778513,
      1.9667323253090174
    ],
    "rotation": [
      0.00591568037787926,
      -0.016213097999046862,
      -1.4983791412214378
    ]
  },
  {
    "label_id": "InPwvU2homAc1AtpmC4pDQ",
    "size": [
      2.1166185057522733,
      4.313385827928875,
      1.7074263757876054
    ],
    "obj_class": "vehicle",
    "point_num_in_lidar": 100,
    "speed": 7.011892613143677,
    "if_vehicle": true,
    "motion_state": true,
    "pose": [
      [
        0.4263080997487627,
        0.9045503715302553,
        -0.0070731501522221015,
        10.280228044767227
      ],
      [
        -0.9044134426928474,
        0.426366657873942,
        0.015741592355175468,
        -116.774359752495
      ],
      [
        0.017254818604395296,
        -0.00031371624409987455,
        0.9998510753192434,
        2.798355648292656
      ],
      [
        0.0,
        0.0,
        0.0,
        1.0
      ]
    ],
    "location": [
      10.280228044767227,
      -116.774359752495,
      2.798355648292656
    ],
    "rotation": [
      -0.0003137629608538247,
      -0.01725567492843456,
      -1.1303186713528157
    ]
  },
  {
    "label_id": "MD6fVS0eM0ptbIe6U-jsHw",
    "size": [
      0.6395190031798288,
      0.6733852925386279,
      1.6899999999999977
    ],
    "obj_class": "pedestrian",
    "point_num_in_lidar": 193,
    "speed": 0.307230459333004,
    "if_vehicle": false,
    "motion_state": false,
    "pose": [
      [
        -0.6482585861187123,
        -0.7613874020958661,
        -0.0070731501522221015,
        18.751961296356512
      ],
      [
        0.7612399183103434,
        -0.64827925236042,
        0.015741592355175468,
        -74.61601259264353
      ],
      [
        -0.01657082660067473,
        0.004820258159348833,
        0.9998510753192434,
        2.1946290591530584
      ],
      [
        0.0,
        0.0,
        0.0,
        1.0
      ]
    ],
    "location": [
      18.751961296356512,
      -74.61601259264353,
      2.1946290591530584
    ],
    "rotation": [
      0.004820938772794612,
      0.01657158506461482,
      2.2762083916442846
    ]
  },
  {
    "label_id": "NmBMsZev9_rv5hyPKybGXg",
    "size": [
      0.6605771973154082,
      1.8335680424917808,
      1.6599999999999966
    ],
    "obj_class": "cyclist",
    "point_num_in_lidar": 51,
    "speed": 5.695433295429594e-13,
    "if_vehicle": false,
    "motion_state": false,
    "pose": [
      [
        -0.985616825717476,
        0.16884739681005026,
        -0.0070731501522221015,
        16.55924417088636
      ],
      [
        -0.16894044444909745,
        -0.985500547183747,
        0.015741592355175468,
        -114.49382171313846
      ],
      [
        -0.00431266645451132,
        0.01671011941921813,
        0.9998510753192434,
        2.7144588317647376
      ],
      [
        0.0,
        0.0,
        0.0,
        1.0
      ]
    ],
    "location": [
      16.55924417088636,
      -114.49382171313846,
      2.7144588317647376
    ],
    "rotation": [
      0.016711052593131926,
      0.004312679823236533,
      -2.971836497150732
    ]
  },
  {
    "label_id": "XB9iY_t9oXNSYC_x3HoAZA",
    "size": [
      0.7275666185669005,
      0.9426085402385718,
      1.6662076711532947
    ],
    "obj_class": "pedestrian",
    "point_num_in_lidar": 282,
    "speed": 1.2001999622087447,
    "if_vehicle": false,
    "motion_state": true,
    "pose": [
      [
        -0.08206812021473993,
        -0.9966016226112333,
        -0.0070731501522221015,
        -4.0375657444124045
      ],
      [
        0.9964939203968887,
        -0.08217097347702984,
        0.015741592355175468,
        -76.53988773006313
      ],
      [
        -0.016269304117209747,
        -0.0057564682309676814,
        0.9998510753192434,
        2.044498103404031
      ],
      [
        0.0,
        0.0,
        0.0,
        1.0
      ]
    ],
    "location": [
      -4.0375657444124045,
      -76.53988773006313,
      2.044498103404031
    ],
    "rotation": [
      -0.00575726202781125,
      0.016270021923757948,
      1.6529677514700178
    ]
  },
  {
    "label_id": "Y0UsFxjq4lr0MBNdcaiAOA",
    "size": [
      0.8222480615477263,
      0.7298880518515034,
      1.7620060790273513
    ],
    "obj_class": "pedestrian",
    "point_num_in_lidar": 31,
    "speed": 0.004760255889948439,
    "if_vehicle": false,
    "motion_state": false,
    "pose": [
      [
        0.9999749849605859,
        -3.2297674898255005e-15,
        -0.0070731501522221015,
        0.6125756029855438
      ],
      [
        0.00011134543167680681,
        0.9998760872589755,
        0.015741592355175468,
        -115.42678037692349
      ],
      [
        0.007072273698799011,
        -0.015741986141579276,
        0.9998510753192434,
        2.574359231766003
      ],
      [
        0.0,
        0.0,
        0.0,
        1.0
      ]
    ],
    "location": [
      0.6125756029855438,
      -115.42678037692349,
      2.574359231766003
    ],
    "rotation": [
      -0.015743030132148547,
      -0.007072332655843421,
      0.00011134821659666432
    ]
  },
  {
    "label_id": "Z3l0HioeaF2oCWSqtYlmig",
    "size": [
      0.16435018273747778,
      0.04213751061689605,
      0.35999999999999943
    ],
    "obj_class": "sign",
    "point_num_in_lidar": 27,
    "speed": 0.0451020337331247,
    "if_vehicle": false,
    "motion_state": false,
    "pose": [
      [
        -0.6883828455964003,
        0.7253130554702062,
        -0.0070731501522221015,
        13.709888389641947
      ],
      [
        -0.725317972084161,
        -0.688234002096557,
        0.015741592355175468,
        -66.87987356487065
      ],
      [
        0.0065496000124050675,
        0.015966525064330737,
        0.9998510753192434,
        1.5148480116057712
      ],
      [
        0.0,
        0.0,
        0.0,
        1.0
      ]
    ],
    "location": [
      13.709888389641947,
      -66.87987356487065,
      1.5148480116057712
    ],
    "rotation": [
      0.015967546047771484,
      -0.006549646839958479,
      -2.3300738814081163
    ]
  },
  {
    "label_id": "Z9u9SOz9ZevhmVKWH6pWEQ",
    "size": [
      0.7390585628694324,
      0.5497838732974032,
      1.8651237228593445
    ],
    "obj_class": "pedestrian",
    "point_num_in_lidar": 21,
    "speed": 8.533911106286719e-13,
    "if_vehicle": false,
    "motion_state": false,
    "pose": [
      [
        0.9964181367632058,
        0.08426664391243609,
        -0.0070731501522221015,
        0.3524895175016809
      ],
      [
        -0.08414736054358726,
        0.9963289737750634,
        0.015741592355175468,
        -116.61199902878798
      ],
      [
        0.008373675590128677,
        -0.015090021208191898,
        0.9998510753192434,
        2.624359231765993
      ],
      [
        0.0,
        0.0,
        0.0,
        1.0
      ]
    ],
    "location": [
      0.3524895175016809,
      -116.61199902878798,
      2.624359231765993
    ],
    "rotation": [
      -0.01509112308763693,
      -0.008373773451398827,
      -0.08424994390158512
    ]
  },
  {
    "label_id": "h6q-eA2wK_kznq5ZEfhXAQ",
    "size": [
      0.8079511158537681,
      0.09482204849640151,
      1.0799999999999983
    ],
    "obj_class": "sign",
    "point_num_in_lidar": 41,
    "speed": 0.028711635257739603,
    "if_vehicle": false,
    "motion_state": false,
    "pose": [
      [
        0.0827969472504082,
        0.9965413368611145,
        -0.0070731501522221015,
        16.998854111673154
      ],
      [
        -0.9964335594554501,
        0.08289972171886553,
        0.015741592355175468,
        -109.80155533679681
      ],
      [
        0.01627350966924422,
        0.005744568390872637,
        0.9998510753192434,
        5.150352482794254
      ],
      [
        0.0,
        0.0,
        0.0,
        1.0
      ]
    ],
    "location": [
      16.998854111673154,
      -109.80155533679681,
      5.150352482794254
    ],
    "rotation": [
      0.005745360808944734,
      -0.016274228032631205,
      -1.4878934829859456
    ]
  },
  {
    "label_id": "hcrw76nseDR0xxwdPMNQlA",
    "size": [
      0.9554062405057308,
      0.823365753160863,
      1.6199999999999974
    ],
    "obj_class": "pedestrian",
    "point_num_in_lidar": 116,
    "speed": 1.1457157353758233e-12,
    "if_vehicle": false,
    "motion_state": false,
    "pose": [
      [
        -0.8811490943852408,
        0.4727856216204062,
        -0.0070731501522221015,
        17.4749611582572
      ],
      [
        -0.472836977420024,
        -0.8810093047490584,
        0.015741592355175468,
        -87.07363280119353
      ],
      [
        0.0012108874289417765,
        0.017215136786759174,
        0.9998510753192434,
        2.23321106708638
      ],
      [
        0.0,
        0.0,
        0.0,
        1.0
      ]
    ],
    "location": [
      17.4749611582572,
      -87.07363280119353,
      2.23321106708638
    ],
    "rotation": [
      0.017215999838568082,
      -0.0012108877248522575,
      -2.649084622334438
    ]
  },
  {
    "label_id": "hfwBtfwps5qa36ezQePSwg",
    "size": [
      0.7931411975771737,
      1.2062960889686793,
      1.8300000000000054
    ],
    "obj_class": "pedestrian",
    "point_num_in_lidar": 231,
    "speed": 3.318544121904889,
    "if_vehicle": false,
    "motion_state": true,
    "pose": [
      [
        -0.20068006780674708,
        -0.9796312984648885,
        -0.0070731501522221015,
        -3.7133339006645656
      ],
      [
        0.9795120673896963,
        -0.2007693007112551,
        0.015741592355175468,
        -82.39827389888706
      ],
      [
        -0.016841027968692843,
        -0.0037692121073380326,
        0.9998510753192434,
        2.207725051911048
      ],
      [
        0.0,
        0.0,
        0.0,
        1.0
      ]
    ],
    "location": [
      -3.7133339006645656,
      -82.39827389888706,
      2.207725051911048
    ],
    "rotation": [
      -0.00376975566214932,
      0.01684182414633059,
      1.7728774438035924
    ]
  },
  {
    "label_id": "naDLdh5UfyelZ4Xsg9CHVA",
    "size": [
      0.5227128490698574,
      0.06277313367441839,
      0.6700000000000017
    ],
    "obj_class": "sign",
    "point_num_in_lidar": 20,
    "speed": 0.012250530111203502,
    "if_vehicle": false,
    "motion_state": false,
    "pose": [
      [
        -0.07494480761572288,
        -0.9971625977534287,
        -0.0070731501522221015,
        -0.507502417115802
      ],
      [
        0.9970556332267015,
        -0.0750484278384616,
        0.015741592355175468,
        -112.37794097004007
      ],
      [
        -0.016227755924451928,
        -0.005872573593307589,
        0.9998510753192434,
        4.941885491710188
      ],
      [
        0.0,
        0.0,
        0.0,
        1.0
      ]
    ],
    "location": [
      -0.507502417115802,
      -112.37794097004007,
      4.941885491710188
    ],
    "rotation": [
      -0.005873380756562723,
      0.01622846824524347,
      1.6458213674898794
    ]
  },
  {
    "label_id": "ucVAeC1wwuoLAn2C4cTN4A",
    "size": [
      0.888571073886823,
      0.9070466531249303,
      1.726207671153297
    ],
    "obj_class": "pedestrian",
    "point_num_in_lidar": 122,
    "speed": 0.8674881883402873,
    "if_vehicle": false,
    "motion_state": false,
    "pose": [
      [
        -0.21762960861974956,
        -0.9760058012117236,
        -0.0070731501522221015,
        -4.154825904962763
      ],
      [
        0.975885041397697,
        -0.21771676151903974,
        0.015741592355175468,
        -93.36081265630673
      ],
      [
        -0.016903828803841073,
        -0.0034767448458049156,
        0.9998510753192434,
        2.4298953470054485
      ],
      [
        0.0,
        0.0,
        0.0,
        1.0
      ]
    ],
    "location": [
      -4.154825904962763,
      -93.36081265630673,
      2.4298953470054485
    ],
    "rotation": [
      -0.003477248681203283,
      0.01690463392243261,
      1.7902133986695166
    ]
  },
  {
    "label_id": "wMUdRIDh7znXWBSuOCttNg",
    "size": [
      0.8265578553025767,
      0.10863909985943096,
      0.7800000000000011
    ],
    "obj_class": "sign",
    "point_num_in_lidar": 24,
    "speed": 0.028578443364144942,
    "if_vehicle": false,
    "motion_state": false,
    "pose": [
      [
        -0.038026122473138926,
        -0.9992517123110581,
        -0.0070731501522221015,
        0.05891955682250227
      ],
      [
        0.999148652000301,
        -0.038133626579502464,
        0.015741592355175468,
        -114.66076378450816
      ],
      [
        -0.015999537982057336,
        -0.006468536721168307,
        0.9998510753192434,
        5.716385739220236
      ],
      [
        0.0,
        0.0,
        0.0,
        1.0
      ]
    ],
    "location": [
      0.05891955682250227,
      -114.66076378450816,
      5.716385739220236
    ],
    "rotation": [
      -0.006469409932598486,
      0.016000220668231244,
      1.6088364909639947
    ]
  },
  {
    "label_id": "zXhKDN5BIGX_s4bcOBrUxA",
    "size": [
      0.8319791430175167,
      0.993830654919953,
      1.5762076711532984
    ],
    "obj_class": "pedestrian",
    "point_num_in_lidar": 92,
    "speed": 1.3122649744764698,
    "if_vehicle": false,
    "motion_state": true,
    "pose": [
      [
        0.02491181963549273,
        -0.9996646296580532,
        -0.0070731501522221015,
        -1.958382153375851
      ],
      [
        0.9995685365373367,
        0.02479804497799221,
        0.015741592355175468,
        -95.278221078981
      ],
      [
        -0.015560912796353627,
        -0.007462250055893069,
        0.9998510753192434,
        2.3355760846229927
      ],
      [
        0.0,
        0.0,
        0.0,
        1.0
      ]
    ],
    "location": [
      -1.958382153375851,
      -95.278221078981,
      2.3355760846229927
    ],
    "rotation": [
      -0.007463222965120337,
      0.015561540856567949,
      1.545878912148687
    ]
  },
  {
    "label_id": "zcRL3Ri9BQSc21e8NqmUog",
    "size": [
      1.9455414357881051,
      4.366603907007664,
      1.5051311337171924
    ],
    "obj_class": "vehicle",
    "point_num_in_lidar": 138,
    "speed": 0.0075190064431510896,
    "if_vehicle": true,
    "motion_state": false,
    "pose": [
      [
        -0.36201810642087245,
        0.9321442276656385,
        -0.0070731501522221015,
        1.9367225849750866
      ],
      [
        -0.932092348508527,
        -0.36187851016878886,
        0.015741592355175468,
        -119.35456035095922
      ],
      [
        0.01211381340885608,
        0.012291570593208047,
        0.9998510753192434,
        2.5875627223430016
      ],
      [
        0.0,
        0.0,
        0.0,
        1.0
      ]
    ],
    "location": [
      1.9367225849750866,
      -119.35456035095922,
      2.5875627223430016
    ],
    "rotation": [
      0.012292782149002899,
      -0.012114109700954254,
      -1.941256763579229
    ]
  },
  {
    "label_id": "zyN6XuE8pM7RqXmZLz8paw",
    "size": [
      0.8792804098552824,
      1.0084493014463036,
      1.6899999999999977
    ],
    "obj_class": "pedestrian",
    "point_num_in_lidar": 30,
    "speed": 0.9962749854598988,
    "if_vehicle": false,
    "motion_state": false,
    "pose": [
      [
        -0.3755372968273674,
        0.9267802917836124,
        -0.0070731501522221015,
        18.61069655882079
      ],
      [
        -0.9267304484584491,
        -0.37539696078967544,
        0.015741592355175468,
        -115.49226555851419
      ],
      [
        0.011933758485714993,
        0.012466458653403683,
        0.9998510753192434,
        2.699868138480319
      ],
      [
        0.0,
        0.0,
        0.0,
        1.0
      ]
    ],
    "location": [
      18.61069655882079,
      -115.49226555851419,
      2.699868138480319
    ],
    "rotation": [
      0.012467669450066183,
      -0.01193404176075965,
      -1.9558016180609357
    ]
  }
]