[
  {
    "label_id": "-Sl-_z6urg71eBuU6pT3sQ",
    "size": [
      0.18342118124613888,
      0.043820704414073874,
      0.38000000000000256
    ],
    "obj_class": "sign",
    "point_num_in_lidar": 28,
    "speed": 0.02987459592688564,
    "if_vehicle": false,
    "motion_state": false,
    "pose": [
      [
        0.674013134913818,
        -0.73870957688086,
        -0.003801971613238234,
        -2.0370523685314765
      ],
      [
        0.7386241045952998,
        0.6738346478095254,
        0.01952689228229118,
        -83.89594365504854
      ],
      [
        -0.011862802132661254,
        -0.01596960976083636,
        0.9998021031632449,
        1.8399624405245305
      ],
      [
        0.0,
        0.0,
        0.0,
        1.0
      ]
    ],
    "location": [
      -2.0370523685314765,
      -83.89594365504854,
      1.8399624405245305
    ],
    "rotation": [
      -0.015971412555040983,
      0.01186308038454506,
      0.8311041451207065
    ]
  },
  {
    "label_id": "1QUadbkhVP7b1ahvYgu9kw",
    "size": [
      0.8194169378864775,
      1.2619141868906687,
      1.9600842317735356
    ],
    "obj_class": "pedestrian",
    "point_num_in_lidar": 316,
    "speed": 3.0667369020164985,
    "if_vehicle": false,
    "motion_state": true,
    "pose": [
      [
        -0.25157306947326197,
        -0.9678308404507749,
        -0.003801971613238234,
        -4.684028214179079
      ],
      [
        0.9676346199775976,
        -0.25159877324543123,
        0.01952689228229118,
        -79.65790076576013
      ],
      [
        -0.01985529996276632,
        0.001233520871588351,
        0.9998021031632449,
        2.262127773525876
      ],
      [
        0.0,
        0.0,
        0.0,
        1.0
      ]
    ],
    "location": [
      -4.684028214179079,
      -79.65790076576013,
      2.262127773525876
    ],
    "rotation": [
      0.0012337644037830491,
      0.019856604796465303,
      1.8251528352831852
    ]
  },
  {
    "label_id": "2MtqwmzUwaINPc8Nj13paw",
    "size": [
      0.8449872067055362,
      0.11805527053042442,
      1.25
    ],
    "obj_class": "sign",
    "point_num_in_lidar": 30,
    "speed": 0.028757310184707126,
    "if_vehicle": false,
    "motion_state": false,
    "pose": [
      [
        -0.10410182140031303,
        -0.9945593777110491,
        -0.003801971613238234,
        2.594562791569615
      ],
      [
        0.9943692025602059,
        -0.10415656233562999,
        0.01952689228229118,
        -144.63650450338173
      ],
      [
        -0.01981665413023875,
        -0.0017477784283380145,
        0.9998021031632449,
        5.606634273209707
      ],
      [
        0.0,
        0.0,
        0.0,
        1.0
      ]
    ],
    "location": [
      2.594562791569615,
      -144.63650450338173,
      5.606634273209707
    ],
    "rotation": [
      -0.0017481225959052767,
      0.019817951358780686,
      1.675107657767321
    ]
  },
  {
    "label_id": "2jWNOOfzy3eCU2wdIeh1tg",
    "size": [
      0.7194131262373492,
      0.5887220451180889,
      1.7299999999999969
    ],
    "obj_class": "pedestrian",
    "point_num_in_lidar": 166,
    "speed": 0.06535016203845177,
    "if_vehicle": false,
    "motion_state": false,
    "pose": [
      [
        -0.9752897471097554,
        0.22089693115668532,
        -0.003801971613238234,
        17.250049346093874
      ],
      [
        -0.2209288160601018,
        -0.9750944357917737,
        0.01952689228229118,
        -95.63080107436144
      ],
      [
        0.0006061492150784102,
        0.01988434292304204,
        0.9998021031632449,
        2.473287627704835
      ],
      [
        0.0,
        0.0,
        0.0,
        1.0
      ]
    ],
    "location": [
      17.250049346093874,
      -95.63080107436144,
      2.473287627704835
    ],
    "rotation": [
      0.019885657145307895,
      -0.0006061492521966577,
      -2.918825895381333
    ]
  },
  {
    "label_id": "4dkaDfwB3gRYtiEkRANu-Q",
    "size": [
      0.6877240385553266,
      0.4837766774061261,
      1.785879112333582
    ],
    "obj_class": "pedestrian",
    "point_num_in_lidar": 20,
    "speed": 8.533911106286719e-13,
    "if_vehicle": false,
    "motion_state": false,
    "pose": [
      [
        0.99940830161504,
        -0.03418467017236211,
        -0.003801971613238234,
        0.06662892142048804
      ],
      [
        0.03425259701720897,
        0.9992224277283674,
        0.01952689228229118,
        -117.23499411775629
      ],
      [
        0.0031314949333728784,
        -0.019645565653203582,
        0.9998021031632449,
        2.5639815370288233
      ],
      [
        0.0,
        0.0,
        0.0,
        1.0
      ]
    ],
    "location": [
      0.06662892142048804,
      -117.23499411775629,
      2.5639815370288233
    ],
    "rotation": [
      -0.019646925912078252,
      -0.0031315000514379847,
      0.03425946635572109
    ]
  },
  {
    "label_id": "6CxUqHro1oNFRLDTQ8mDwA",
    "size": [
      2.0008175428257267,
      4.991523928119735,
      1.5582746083807493
    ],
    "obj_class": "vehicle",
    "point_num_in_lidar": 64,
    "speed": 1.4369837526939963e-12,
    "if_vehicle": true,
    "motion_state": false,
    "pose": [
      [
        -0.9902520488439371,
        0.1392351420160757,
        -0.003801971613238234,
        21.86006302605415
      ],
      [
        -0.13928311815325833,
        -0.9900600554892118,
        0.01952689228229118,
        -119.05240836507255
      ],
      [
        -0.0010453506063136287,
        0.019866095551515705,
        0.9998021031632449,
        2.537547793146153
      ],
      [
        0.0,
        0.0,
        0.0,
        1.0
      ]
    ],
    "location": [
      21.86006302605415,
      -119.05240836507255,
      2.537547793146153
    ],
    "rotation": [
      0.0198674133715581,
      0.0010453507966995761,
      -3.0018551373170115
    ]
  },
  {
    "label_id": "8VOdSBCMlmgcCnhgXWua6Q",
    "size": [
      0.9774298305403942,
      1.1331684725048716,
      1.7700000000000031
    ],
    "obj_class": "pedestrian",
    "point_num_in_lidar": 354,
    "speed": 0.012897650783269033,
    "if_vehicle": false,
    "motion_state": false,
    "pose": [
      [
        -0.5884617961263742,
        -0.808516084881169,
        -0.003801971613238234,
        18.847507510848118
      ],
      [
        0.808324078610609,
        -0.5884138717060517,
        0.01952689228229118,
        -82.0214640940012
      ],
      [
        -0.018024939335036395,
        0.00841760490402882,
        0.9998021031632449,
        2.249540739982862
      ],
      [
        0.0,
        0.0,
        0.0,
        1.0
      ]
    ],
    "location": [
      18.847507510848118,
      -82.0214640940012,
      2.249540739982862
    ],
    "rotation": [
      0.00841907212871053,
      0.01802591552353868,
      2.200069633899597
    ]
  },
  {
    "label_id": "BsgqXnwaRPIkYSeBm0om7g",
    "size": [
      0.722395624466072,
      0.6513052334713088,
      1.5899999999999963
    ],
    "obj_class": "pedestrian",
    "point_num_in_lidar": 243,
    "speed": 2.929642751054232e-13,
    "if_vehicle": false,
    "motion_state": false,
    "pose": [
      [
        -0.3572628404044073,
        0.9339961498197019,
        -0.003801971613238234,
        15.861994975123253
      ],
      [
        -0.9338513371859595,
        -0.3571279609800825,
        0.01952689228229118,
        -89.27666436107756
      ],
      [
        0.016880251839664094,
        0.010526709276007833,
        0.9998021031632449,
        2.2160376323531707
      ],
      [
        0.0,
        0.0,
        0.0,
        1.0
      ]
    ],
    "location": [
      15.861994975123253,
      -89.27666436107756,
      2.2160376323531707
    ],
    "rotation": [
      0.010528403858562272,
      -0.016881053593797476,
      -1.9361865146474768
    ]
  },
  {
    "label_id": "DmAuWTkUoLo0qFg1J3KNSA",
    "size": [
      0.835619540650937,
      0.09502477883125592,
      0.75
    ],
    "obj_class": "sign",
    "point_num_in_lidar": 32,
    "speed": 0.03186101895293942,
    "if_vehicle": false,
    "motion_state": false,
    "pose": [
      [
        -0.040337242399825834,
        -0.9991788888319396,
        -0.003801971613238234,
        19.060104465999075
      ],
      [
        0.9989926002519693,
        -0.04040402355712536,
        0.01952689228229118,
        -134.50948183433138
      ],
      [
        -0.019664473483585482,
        -0.00301048052068697,
        0.9998021031632449,
        4.948702267255342
      ],
      [
        0.0,
        0.0,
        0.0,
        1.0
      ]
    ],
    "location": [
      19.060104465999075,
      -134.50948183433138,
      4.948702267255342
    ],
    "rotation": [
      -0.0030110673031757493,
      0.019665741051683894,
      1.6111523236064087
    ]
  },
  {
    "label_id": "HPmkAlC3RGBn144ZpB-W9Q",
    "size": [
      0.18342118123821963,
      0.043820704414073874,
      0.3500000000000014
    ],
    "obj_class": "sign",
    "point_num_in_lidar": 20,
    "speed": 0.051203869170844206,
    "if_vehicle": false,
    "motion_state": false,
    "pose": [
      [
        0.741859373120408,
        -0.6705447155300288,
        -0.003801971613238234,
        -2.4706331181698715
      ],
      [
        0.6704767847377556,
        0.7416735006763535,
        0.01952689228229118,
        -78.62897018026706
      ],
      [
        -0.010273832834751933,
        -0.01703534177043846,
        0.9998021031632449,
        1.7246548158156543
      ],
      [
        0.0,
        0.0,
        0.0,
        1.0
      ]
    ],
    "location": [
      -2.4706331181698715,
      -78.62897018026706,
      1.7246548158156543
    ],
    "rotation": [
      -0.01703706508472005,
      0.010274013579989855,
      0.7348989261220774
    ]
  },
  {
    "label_id": "InPwvU2homAc1AtpmC4pDQ",
    "size": [
      2.116618505752787,
      4.313385827928875,
      1.7074263757876054
    ],
    "obj_class": "vehicle",
    "point_num_in_lidar": 114,
    "speed": 6.773617146623422,
    "if_vehicle": true,
    "motion_state": true,
    "pose": [
      [
        0.8208595559645451,
        0.5711174436081793,
        -0.003801971613238234,
        14.85308207292428
      ],
      [
        -0.5709517331932573,
        0.8207513745595626,
        0.01952689228229118,
        -121.82508867438264
      ],
      [
        0.014272622229476145,
        -0.01385809384607911,
        0.9998021031632449,
        2.794356413236464
      ],
      [
        0.0,
        0.0,
        0.0,
        1.0
      ]
    ],
    "location": [
      14.85308207292428,
      -121.82508867438264,
      2.794356413236464
    ],
    "rotation": [
      -0.013859949303236216,
      -0.014273106847850686,
      -0.6077354948771196
    ]
  },
  {
    "label_id": "MD6fVS0eM0ptbIe6U-jsHw",
    "size": [
      0.6395190031814554,
      0.6733852925386279,
      1.6899999999999977
    ],
    "obj_class": "pedestrian",
    "point_num_in_lidar": 336,
    "speed": 0.08756402570696191,
    "if_vehicle": false,
    "motion_state": false,
    "pose": [
      [
        -0.09325780410274837,
        -0.9956347357268053,
        -0.003801971613238234,
        18.834855318853442
      ],
      [
        0.9954451683864137,
        -0.09331461414987496,
        0.01952689228229118,
        -74.55860920126361
      ],
      [
        -0.01979643175114288,
        -0.001963619177542919,
        0.9998021031632449,
        2.194629059153037
      ],
      [
        0.0,
        0.0,
        0.0,
        1.0
      ]
    ],
    "location": [
      18.834855318853442,
      -74.55860920126361,
      2.194629059153037
    ],
    "rotation": [
      -0.001964005323215952,
      0.01979772501190602,
      1.6642081993629576
    ]
  },
  {
    "label_id": "NmBMsZev9_rv5hyPKybGXg",
    "size": [
      0.6605771973154078,
      1.8335680424917808,
      1.6599999999999966
    ],
    "obj_class": "cyclist",
    "point_num_in_lidar": 97,
    "speed": 5.695433295429594e-13,
    "if_vehicle": false,
    "motion_state": false,
    "pose": [
      [
        -0.9856343578342743,
        0.1688504002615022,
        -0.003801971613238234,
        16.559244170886586
      ],
      [
        -0.16889260081691188,
        -0.9854410128805757,
        0.01952689228229118,
        -114.49382171314028
      ],
      [
        -0.0004494951797645771,
        0.019888500809146996,
        0.9998021031632449,
        2.7144588317647376
      ],
      [
        0.0,
        0.0,
        0.0,
        1.0
      ]
    ],
    "location": [
      16.559244170886586,
      -114.49382171314028,
      2.7144588317647376
    ],
    "rotation": [
      0.019889814209764,
      0.00044949519490102273,
      -2.971886614994381
    ]
  },
  {
    "label_id": "P_gcCXKRSHd-SMj5bqZnfQ",
    "size": [
      0.9999999999996864,
      1.0,
      1.9099999999999966
    ],
    "obj_class": "pedestrian",
    "point_num_in_lidar": 23,
    "speed": 1.0566308365343924,
    "if_vehicle": false,
    "motion_state": true,
    "pose": [
      [
        0.0103044776118464,
        -0.9999396795572216,
        -0.003801971613238234,
        23.394683839608433
      ],
      [
        0.9997570111449678,
        0.01022835002708028,
        0.01952689228229118,
        -148.56639868695493
      ],
      [
        -0.019486826515049408,
        -0.004002262200860874,
        0.9998021031632449,
        2.926990420882845
      ],
      [
        0.0,
        0.0,
        0.0,
        1.0
      ]
    ],
    "location": [
      23.394683839608433,
      -148.56639868695493,
      2.926990420882845
    ],
    "rotation": [
      -0.004003033010627178,
      0.01948806003542952,
      1.560489709661576
    ]
  },
  {
    "label_id": "VLrPxUo0C2lFkwJxSe1MbQ",
    "size": [
      0.8634603075843467,
      0.08668283352525205,
      0.259999999999998
    ],
    "obj_class": "sign",
    "point_num_in_lidar": 24,
    "speed": 0.006570963760100374,
    "if_vehicle": false,
    "motion_state": false,
    "pose": [
      [
        -0.056760696670538964,
        -0.9983805728905821,
        -0.003801971613238234,
        0.020091676605943576
      ],
      [
        0.998193211451076,
        -0.0568244057670935,
        0.01952689228229118,
        -114.62802596480833
      ],
      [
        -0.01971131468123218,
        -0.0026867422447106825,
        0.9998021031632449,
        5.160949372580781
      ],
      [
        0.0,
        0.0,
        0.0,
        1.0
      ]
    ],
    "location": [
      0.020091676605943576,
      -114.62802596480833,
      5.160949372580781
    ],
    "rotation": [
      -0.0026872675791078673,
      0.019712591330107467,
      1.6275985939332618
    ]
  },
  {
    "label_id": "Y0UsFxjq4lr0MBNdcaiAOA",
    "size": [
      0.8222480615477284,
      0.7298880518515034,
      1.7620060790273513
    ],
    "obj_class": "pedestrian",
    "point_num_in_lidar": 40,
    "speed": 0.004760255890801091,
    "if_vehicle": false,
    "motion_state": false,
    "pose": [
      [
        0.9999927724798074,
        6.0297339330413976e-15,
        -0.003801971613238234,
        0.6125756029855438
      ],
      [
        7.424122672595538e-05,
        0.999809329305361,
        0.01952689228229118,
        -115.42202166790594
      ],
      [
        0.0038012466886698584,
        -0.01952703341431946,
        0.9998021031632449,
        2.5743592317659747
      ],
      [
        0.0,
        0.0,
        0.0,
        1.0
      ]
    ],
    "location": [
      0.6125756029855438,
      -115.42202166790594,
      2.5743592317659747
    ],
    "rotation": [
      -0.019528415692795186,
      -0.0038012558430667617,
      7.424176317339594e-05
    ]
  },
  {
    "label_id": "Z9u9SOz9ZevhmVKWH6pWEQ",
    "size": [
      0.7390585628694407,
      0.5497838732974032,
      1.8651237228593445
    ],
    "obj_class": "pedestrian",
    "point_num_in_lidar": 30,
    "speed": 8.533911106286719e-13,
    "if_vehicle": false,
    "motion_state": false,
    "pose": [
      [
        0.9964358610133396,
        0.08426814284447268,
        -0.003801971613238234,
        0.3524895175014535
      ],
      [
        -0.08417870716176501,
        0.996259326550256,
        0.01952689228229118,
        -116.61199902878616
      ],
      [
        0.005433244627120658,
        -0.019137250669151427,
        0.9998021031632449,
        2.6243592317659576
      ],
      [
        0.0,
        0.0,
        0.0,
        1.0
      ]
    ],
    "location": [
      0.3524895175014535,
      -116.61199902878616,
      2.6243592317659576
    ],
    "rotation": [
      -0.019138701506730787,
      -0.005433271359172611,
      -0.08427968827345139
    ]
  },
  {
    "label_id": "h6q-eA2wK_kznq5ZEfhXAQ",
    "size": [
      0.8079511158537706,
      0.09482204849640151,
      1.0799999999999983
    ],
    "obj_class": "sign",
    "point_num_in_lidar": 56,
    "speed": 0.02144591982534225,
    "if_vehicle": false,
    "motion_state": false,
    "pose": [
      [
        0.08279842003952138,
        0.9965590633027281,
        -0.003801971613238234,
        16.980848090205654
      ],
      [
        -0.9963701029226424,
        0.08285721742683998,
        0.01952689228229118,
        -109.77920347998588
      ],
      [
        0.01977472227066213,
        0.0021713750183355103,
        0.9998021031632449,
        5.150352482794233
      ],
      [
        0.0,
        0.0,
        0.0,
        1.0
      ]
    ],
    "location": [
      16.980848090205654,
      -109.77920347998588,
      5.150352482794233
    ],
    "rotation": [
      0.002171801397037365,
      -0.0197760112808819,
      -1.4878867592372926
    ]
  },
  {
    "label_id": "hYgh4cN-80SkuLKoDlHURQ",
    "size": [
      0.8140035612196447,
      0.9510019301556589,
      1.8132957469420816
    ],
    "obj_class": "pedestrian",
    "point_num_in_lidar": 21,
    "speed": 0.9441947457458449,
    "if_vehicle": false,
    "motion_state": false,
    "pose": [
      [
        0.11329424847842426,
        0.9935542050001906,
        -0.003801971613238234,
        -1.1646217545230684
      ],
      [
        -0.9933635317807578,
        0.1133472284877549,
        0.01952689228229118,
        -137.1060483319725
      ],
      [
        0.01983196888280585,
        0.0015644553632151947,
        0.9998021031632449,
        2.781968673017289
      ],
      [
        0.0,
        0.0,
        0.0,
        1.0
      ]
    ],
    "location": [
      -1.1646217545230684,
      -137.1060483319725,
      2.781968673017289
    ],
    "rotation": [
      0.0015647637481622134,
      -0.019833269121609598,
      -1.4572358705227464
    ]
  },
  {
    "label_id": "hcrw76nseDR0xxwdPMNQlA",
    "size": [
      0.9554062405057346,
      0.823365753160863,
      1.6199999999999974
    ],
    "obj_class": "pedestrian",
    "point_num_in_lidar": 217,
    "speed": 1.1457157353758233e-12,
    "if_vehicle": false,
    "motion_state": false,
    "pose": [
      [
        -0.881164768233777,
        0.4727940315141108,
        -0.003801971613238234,
        17.4749611582572
      ],
      [
        -0.47277271927542264,
        -0.8809680223406058,
        0.01952689228229118,
        -87.0736328011917
      ],
      [
        0.005882782711976615,
        0.019003877970449647,
        0.9998021031632449,
        2.238652781332547
      ],
      [
        0.0,
        0.0,
        0.0,
        1.0
      ]
    ],
    "location": [
      17.4749611582572,
      -87.0736328011917,
      2.238652781332547
    ],
    "rotation": [
      0.019005350925963563,
      -0.0058828166435451095,
      -2.649148655670529
    ]
  },
  {
    "label_id": "hfwBtfwps5qa36ezQePSwg",
    "size": [
      0.7931411975787657,
      1.2062960889686793,
      1.8300000000000054
    ],
    "obj_class": "pedestrian",
    "point_num_in_lidar": 411,
    "speed": 3.149560420030153,
    "if_vehicle": false,
    "motion_state": true,
    "pose": [
      [
        -0.21734383578911035,
        -0.9760877020310871,
        -0.003801971613238234,
        -4.457847906633333
      ],
      [
        0.9758925081207289,
        -0.21737643172991147,
        0.01952689228229118,
        -79.21893076076776
      ],
      [
        -0.019886418438454314,
        0.0005337340562270674,
        0.9998021031632449,
        2.0882995447202433
      ],
      [
        0.0,
        0.0,
        0.0,
        1.0
      ]
    ],
    "location": [
      -4.457847906633333,
      -79.21893076076776,
      2.0882995447202433
    ],
    "rotation": [
      0.0005338396507032488,
      0.019887729417555833,
      1.7899327966804337
    ]
  },
  {
    "label_id": "iDM-KIgWJav5B0UO7rbxRg",
    "size": [
      0.6636702243884862,
      0.8815122372363502,
      1.5499999999999972
    ],
    "obj_class": "pedestrian",
    "point_num_in_lidar": 28,
    "speed": 2.165938999925974,
    "if_vehicle": false,
    "motion_state": true,
    "pose": [
      [
        -0.033735773463121996,
        -0.9994235551560194,
        -0.003801971613238234,
        -2.002833148070067
      ],
      [
        0.9992377117980519,
        -0.03380378378805115,
        0.01952689228229118,
        -120.25362041416702
      ],
      [
        -0.019644157132298307,
        -0.00314031860065916,
        0.9998021031632449,
        2.553913616074418
      ],
      [
        0.0,
        0.0,
        0.0,
        1.0
      ]
    ],
    "location": [
      -2.002833148070067,
      -120.25362041416702,
      2.553913616074418
    ],
    "rotation": [
      -0.0031409298538596416,
      0.019645420775236032,
      1.6045450174564528
    ]
  },
  {
    "label_id": "j79NELjEt3UUrOAOw0u7rg",
    "size": [
      2.271610586851707,
      6.923218476364259,
      3.048274608380744
    ],
    "obj_class": "vehicle",
    "point_num_in_lidar": 56,
    "speed": 5.955433342649105e-13,
    "if_vehicle": true,
    "motion_state": false,
    "pose": [
      [
        -0.026889884213414587,
        -0.9996311715522086,
        -0.003801971613238234,
        18.234113249492566
      ],
      [
        0.9994457983590443,
        -0.026959165792883575,
        0.01952689228229118,
        -150.4235279895929
      ],
      [
        -0.019622188191981645,
        -0.0032747886818126817,
        0.9998021031632449,
        3.2850413300640966
      ],
      [
        0.0,
        0.0,
        0.0,
        1.0
      ]
    ],
    "location": [
      18.234113249492566,
      -150.4235279895929,
      3.2850413300640966
    ],
    "rotation": [
      -0.003275425166991974,
      0.019623447599604472,
      1.5976946326679564
    ]
  },
  {
    "label_id": "lexF68G4j-d1Vgnd_kgZ7A",
    "size": [
      2.018911631393572,
      4.834937435280711,
      1.6506372901336803
    ],
    "obj_class": "vehicle",
    "point_num_in_lidar": 30,
    "speed": 5.695433295429594e-13,
    "if_vehicle": true,
    "motion_state": false,
    "pose": [
      [
        -0.058987577368614146,
        -0.9982514766971466,
        -0.003801971613238234,
        15.92736811526379
      ],
      [
        0.9980639736120774,
        -0.059050868371822766,
        0.01952689228229118,
        -152.72614426834298
      ],
      [
        -0.019717258781390027,
        -0.0026427668265986263,
        0.9998021031632449,
        2.8588344830695362
      ],
      [
        0.0,
        0.0,
        0.0,
        1.0
      ]
    ],
    "location": [
      15.92736811526379,
      -152.72614426834298,
      2.8588344830695362
    ],
    "rotation": [
      -0.002643283769133231,
      0.019718536585698613,
      1.629829655717854
    ]
  },
  {
    "label_id": "naDLdh5UfyelZ4Xsg9CHVA",
    "size": [
      0.5227128490698572,
      0.06277313367441839,
      0.6700000000000017
    ],
    "obj_class": "sign",
    "point_num_in_lidar": 36,
    "speed": 0.007035824641914534,
    "if_vehicle": false,
    "motion_state": false,
    "pose": [
      [
        -0.07494614073128708,
        -0.9971803352460066,
        -0.003801971613238234,
        -0.5076640933268664
      ],
      [
        0.9969918438640616,
        -0.07500642470038411,
        0.01952689228229118,
        -112.36569548806801
      ],
      [
        -0.019757005289889135,
        -0.0023270694719679293,
        0.9998021031632449,
        4.918638108740886
      ],
      [
        0.0,
        0.0,
        0.0,
        1.0
      ]
    ],
    "location": [
      -0.5076640933268664,
      -112.36569548806801,
      4.918638108740886
    ],
    "rotation": [
      -0.0023275258797714887,
      0.019758290838176196,
      1.645827479359387
    ]
  },
  {
    "label_id": "ucVAeC1wwuoLAn2C4cTN4A",
    "size": [
      0.8885710738845348,
      0.9070466531249303,
      1.726207671153297
    ],
    "obj_class": "pedestrian",
    "point_num_in_lidar": 159,
    "speed": 0.4428892215004486,
    "if_vehicle": false,
    "motion_state": false,
    "pose": [
      [
        -0.28110143746310595,
        -0.9596705303738505,
        -0.003801971613238234,
        -4.3025844021299235
      ],
      [
        0.9594736146265702,
        -0.28112111858275546,
        0.01952689228229118,
        -92.51297861940657
      ],
      [
        -0.019808197585832847,
        0.0018411460432779807,
        0.9998021031632449,
        2.414111013054999
      ],
      [
        0.0,
        0.0,
        0.0,
        1.0
      ]
    ],
    "location": [
      -4.3025844021299235,
      -92.51297861940657,
      2.414111013054999
    ],
    "rotation": [
      0.0018415083907601629,
      0.019809493154152907,
      1.855795440587747
    ]
  },
  {
    "label_id": "zXhKDN5BIGX_s4bcOBrUxA",
    "size": [
      0.8319791430181321,
      0.993830654919953,
      1.5762076711532984
    ],
    "obj_class": "pedestrian",
    "point_num_in_lidar": 208,
    "speed": 1.2646515269531993,
    "if_vehicle": false,
    "motion_state": true,
    "pose": [
      [
        -0.036453265049163526,
        -0.9993281265325755,
        -0.003801971613238234,
        -1.9833555951117887
      ],
      [
        0.999142098929097,
        -0.03652076978041734,
        0.01952689228229118,
        -94.0095914270969
      ],
      [
        -0.019652623611464214,
        -0.003086890917766868,
        0.9998021031632449,
        2.2911327422313903
      ],
      [
        0.0,
        0.0,
        0.0,
        1.0
      ]
    ],
    "location": [
      -1.9833555951117887,
      -94.0095914270969,
      2.2911327422313903
    ],
    "rotation": [
      -0.0030874921139769362,
      0.019653888889156586,
      1.6072647164213145
    ]
  },
  {
    "label_id": "zcRL3Ri9BQSc21e8NqmUog",
    "size": [
      1.9455414357874283,
      4.366603907007664,
      1.5051311337171924
    ],
    "obj_class": "vehicle",
    "point_num_in_lidar": 200,
    "speed": 0.16124191720748376,
    "if_vehicle": true,
    "motion_state": false,
    "pose": [
      [
        -0.37001631914238403,
        0.9290174748518853,
        -0.003801971613238234,
        1.926027324169354
      ],
      [
        -0.9288745223694345,
        -0.36987946978813363,
        0.01952689228229118,
        -119.37071792630377
      ],
      [
        0.016734552915344834,
        0.010756823372892023,
        0.9998021031632449,
        2.5875627223429376
      ],
      [
        0.0,
        0.0,
        0.0,
        1.0
      ]
    ],
    "location": [
      1.926027324169354,
      -119.37071792630377,
      2.5875627223429376
    ],
    "rotation": [
      0.010758537429998017,
      -0.016735334085832818,
      -1.949878694478538
    ]
  },
  {
    "label_id": "zyN6XuE8pM7RqXmZLz8paw",
    "size": [
      0.8792804098564067,
      1.0084493014463036,
      1.6899999999999977
    ],
    "obj_class": "pedestrian",
    "point_num_in_lidar": 22,
    "speed": 1.57670327023331,
    "if_vehicle": false,
    "motion_state": true,
    "pose": [
      [
        -0.14494844503468152,
        0.9894319043238295,
        -0.003801971613238234,
        18.3830379079277
      ],
      [
        -0.9892611597107139,
        -0.1448483978703556,
        0.01952689228229118,
        -116.8560547048055
      ],
      [
        0.018769820719467527,
        0.0065915355199771,
        0.9998021031632449,
        2.6998681384803263
      ],
      [
        0.0,
        0.0,
        0.0,
        1.0
      ]
    ],
    "location": [
      18.3830379079277,
      -116.8560547048055,
      2.6998681384803263
    ],
    "rotation": [
      0.006592744704235049,
      -0.018770923014839642,
      -1.7162830063757506
    ]
  }
]