[
  {
    "label_id": "2MtqwmzUwaINPc8Nj13paw",
    "size": [
      0.8449872067055374,
      0.11805527053042442,
      1.25
    ],
    "obj_class": "sign",
    "point_num_in_lidar": 74,
    "speed": 0.005105156961132672,
    "if_vehicle": false,
    "motion_state": false,
    "pose": [
      [
        -0.10409841726789744,
        -0.9945268555921896,
        -0.00893605216137863,
        2.586961279690513
      ],
      [
        0.9943945478308849,
        -0.10424347766086887,
        0.0176856045805079,
        -144.60195346781802
      ],
      [
        -0.01852033386656038,
        -0.007044918103150555,
        0.9998036639072649,
        5.42780819071006
      ],
      [
        0.0,
        0.0,
        0.0,
        1.0
      ]
    ],
    "location": [
      2.586961279690513,
      -144.60195346781802,
      5.42780819071006
    ],
    "rotation": [
      -0.007046184932789318,
      0.018521392784306003,
      1.6751016320974916
    ]
  },
  {
    "label_id": "3QqO7FnniRjSIdSSLId44w",
    "size": [
      1.9708299449905862,
      4.518030681380056,
      1.8172722474731486
    ],
    "obj_class": "vehicle",
    "point_num_in_lidar": 71,
    "speed": 0.024609240453773173,
    "if_vehicle": true,
    "motion_state": false,
    "pose": [
      [
        0.022720756865120557,
        0.9997019126615919,
        -0.00893605216137863,
        6.907630278596798
      ],
      [
        -0.9995818639562473,
        0.022876115063023082,
        0.0176856045805079,
        -179.12564593735624
      ],
      [
        0.017884754883163233,
        0.00853048535419472,
        0.9998036639072649,
        3.010262874664676
      ],
      [
        0.0,
        0.0,
        0.0,
        1.0
      ]
    ],
    "location": [
      6.907630278596798,
      -179.12564593735624,
      3.010262874664676
    ],
    "rotation": [
      0.008531953493563713,
      -0.01788570846999685,
      -1.5480699790169552
    ]
  },
  {
    "label_id": "4dkaDfwB3gRYtiEkRANu-Q",
    "size": [
      0.6877240385553243,
      0.4837766774061261,
      1.785879112333582
    ],
    "obj_class": "pedestrian",
    "point_num_in_lidar": 130,
    "speed": 9.078348612004097e-28,
    "if_vehicle": false,
    "motion_state": false,
    "pose": [
      [
        0.9993756209362354,
        -0.034183552332708436,
        -0.00893605216137863,
        0.06662892142026067
      ],
      [
        0.03433752363134276,
        0.999253798522422,
        0.0176856045805079,
        -117.23499411775447
      ],
      [
        0.008324827276338716,
        -0.017981403961540063,
        0.9998036639072649,
        2.563981537028816
      ],
      [
        0.0,
        0.0,
        0.0,
        1.0
      ]
    ],
    "location": [
      0.06662892142026067,
      -117.23499411775447,
      2.563981537028816
    ],
    "rotation": [
      -0.01798299630662309,
      -0.00832492343490702,
      0.03434546551883416
    ]
  },
  {
    "label_id": "4eEH0T70p--T2UnR50R8RQ",
    "size": [
      2.031791353288538,
      4.681918009801815,
      1.5106372901336798
    ],
    "obj_class": "vehicle",
    "point_num_in_lidar": 31,
    "speed": 2.4838136350686775e-27,
    "if_vehicle": true,
    "motion_state": false,
    "pose": [
      [
        0.9953545061841876,
        -0.09586216141210833,
        -0.00893605216137863,
        -21.31073859764774
      ],
      [
        0.09600831207793684,
        0.99522340376549,
        0.0176856045805079,
        -131.48131788598948
      ],
      [
        0.007197987967305833,
        -0.01846138149845461,
        0.9998036639072649,
        2.8014084956183893
      ],
      [
        0.0,
        0.0,
        0.0,
        1.0
      ]
    ],
    "location": [
      -21.31073859764774,
      -131.48131788598948,
      2.8014084956183893
    ],
    "rotation": [
      -0.01846290868706381,
      -0.007198050124617723,
      0.09615892034034401
    ]
  },
  {
    "label_id": "6CxUqHro1oNFRLDTQ8mDwA",
    "size": [
      2.000817542825734,
      4.991523928119735,
      1.5582746083807493
    ],
    "obj_class": "vehicle",
    "point_num_in_lidar": 388,
    "speed": 1.1281794791658365e-27,
    "if_vehicle": true,
    "motion_state": false,
    "pose": [
      [
        -0.9902196675748484,
        0.1392305890231234,
        -0.00893605216137863,
        21.86006302605415
      ],
      [
        -0.13937087602612025,
        -0.9900823088543366,
        0.0176856045805079,
        -119.05240836507255
      ],
      [
        -0.0063850500130063735,
        0.018758058906517192,
        0.9998036639072649,
        2.537547793146132
      ],
      [
        0.0,
        0.0,
        0.0,
        1.0
      ]
    ],
    "location": [
      21.86006302605415,
      -119.05240836507255,
      2.537547793146132
    ],
    "rotation": [
      0.01875954158211884,
      0.006385093399007919,
      -3.0017637228259546
    ]
  },
  {
    "label_id": "8GuzD3TJIW-LWJJUrIuYQw",
    "size": [
      0.7270908222766261,
      0.6378803880567501,
      1.759999999999998
    ],
    "obj_class": "pedestrian",
    "point_num_in_lidar": 37,
    "speed": 1.1347443215400705e-27,
    "if_vehicle": false,
    "motion_state": false,
    "pose": [
      [
        0.9925434768949364,
        -0.12156312535090524,
        -0.00893605216137863,
        3.694458863335967
      ],
      [
        0.12170583776151706,
        0.9924086398482177,
        0.0176856045805079,
        -147.2824606139984
      ],
      [
        0.006718298004559665,
        -0.018641301175907527,
        0.9998036639072649,
        2.767251551698706
      ],
      [
        0.0,
        0.0,
        0.0,
        1.0
      ]
    ],
    "location": [
      3.694458863335967,
      -147.2824606139984,
      2.767251551698706
    ],
    "rotation": [
      -0.018642801760768702,
      -0.006718348544574226,
      0.12201108305590398
    ]
  },
  {
    "label_id": "8WzDXEoFGbcKAMGBLJZtXA",
    "size": [
      2.0792572660107385,
      5.2044439211440725,
      1.7782746083807481
    ],
    "obj_class": "vehicle",
    "point_num_in_lidar": 28,
    "speed": 2.2520649857652865e-28,
    "if_vehicle": true,
    "motion_state": false,
    "pose": [
      [
        -0.04987408789546559,
        -0.9987155362406077,
        -0.00893605216137863,
        19.091534786951797
      ],
      [
        0.9985913107994331,
        -0.05002612703870002,
        0.0176856045805079,
        -159.50771807684578
      ],
      [
        -0.01810992414301087,
        -0.008041410643870494,
        0.9998036639072649,
        3.2676253022888844
      ],
      [
        0.0,
        0.0,
        0.0,
        1.0
      ]
    ],
    "location": [
      19.091534786951797,
      -159.50771807684578,
      3.2676253022888844
    ],
    "rotation": [
      -0.00804281634696413,
      0.018110914205819843,
      1.6206993050012366
    ]
  },
  {
    "label_id": "9fsIrviU-KRXFfUApyTPdA",
    "size": [
      0.6106475554079257,
      0.5749045588549961,
      1.5899999999999963
    ],
    "obj_class": "pedestrian",
    "point_num_in_lidar": 20,
    "speed": 1.8051590037469576e-27,
    "if_vehicle": false,
    "motion_state": false,
    "pose": [
      [
        0.9999600726887894,
        9.872693379321576e-15,
        -0.00893605216137863,
        2.539731053912874
      ],
      [
        0.00015804579537071804,
        0.999843584973244,
        0.0176856045805079,
        -147.07907704591162
      ],
      [
        0.008934654428540889,
        -0.01768631074734119,
        0.9998036639072649,
        2.632251551698701
      ],
      [
        0.0,
        0.0,
        0.0,
        1.0
      ]
    ],
    "location": [
      2.539731053912874,
      -147.07907704591162,
      2.632251551698701
    ],
    "rotation": [
      -0.01768793902452379,
      -0.008934773305484357,
      0.0001580521046502686
    ]
  },
  {
    "label_id": "CBuXmEe_5iVdVSiF0ULIBQ",
    "size": [
      2.021287777911953,
      4.278492646728176,
      1.412897050492731
    ],
    "obj_class": "vehicle",
    "point_num_in_lidar": 300,
    "speed": 1.0699672207986177e-30,
    "if_vehicle": true,
    "motion_state": false,
    "pose": [
      [
        -0.9958996048653068,
        0.09002290820060599,
        -0.00893605216137863,
        27.680906134910856
      ],
      [
        -0.0901698252488558,
        -0.9957693618530412,
        0.0176856045805079,
        -117.46467732094243
      ],
      [
        -0.007306137400598207,
        0.01841884887533805,
        0.9998036639072649,
        2.3702365720901213
      ],
      [
        0.0,
        0.0,
        0.0,
        1.0
      ]
    ],
    "location": [
      27.680906134910856,
      -117.46467732094243,
      2.3702365720901213
    ],
    "rotation": [
      0.018420382177927363,
      0.007306202401994838,
      -3.051297773455471
    ]
  },
  {
    "label_id": "Cq8X46Q7N6vV5aKAmLE9hQ",
    "size": [
      0.36960274908509294,
      0.06739931626582382,
      0.6099999999999994
    ],
    "obj_class": "sign",
    "point_num_in_lidar": 24,
    "speed": 0.03137872469485228,
    "if_vehicle": false,
    "motion_state": false,
    "pose": [
      [
        -0.9999584371103313,
        -0.001808597144988622,
        -0.00893605216137863,
        31.3032418044927
      ],
      [
        0.001650340920352697,
        -0.9998422354379058,
        0.0176856045805079,
        -129.0497181186911
      ],
      [
        -0.008966628502974243,
        0.017670121983127667,
        0.9998036639072649,
        4.452328880332821
      ],
      [
        0.0,
        0.0,
        0.0,
        1.0
      ]
    ],
    "location": [
      31.3032418044927,
      -129.0497181186911,
      4.452328880332821
    ],
    "rotation": [
      0.017671752141948504,
      0.008966748660781258,
      3.1399422455721395
    ]
  },
  {
    "label_id": "DmAuWTkUoLo0qFg1J3KNSA",
    "size": [
      0.8356195406509374,
      0.09502477883125592,
      0.75
    ],
    "obj_class": "sign",
    "point_num_in_lidar": 52,
    "speed": 0.024321225773077854,
    "if_vehicle": false,
    "motion_state": false,
    "pose": [
      [
        -0.04033592337093281,
        -0.9991462156549377,
        -0.00893605216137863,
        19.004353589908305
      ],
      [
        0.9990234475698891,
        -0.0404891417073158,
        0.0176856045805079,
        -134.48883748993103
      ],
      [
        -0.018032317970450126,
        -0.008213960446796852,
        0.9998036639072649,
        4.975250210939372
      ],
      [
        0.0,
        0.0,
        0.0,
        1.0
      ]
    ],
    "location": [
      19.004353589908305,
      -134.48883748993103,
      4.975250210939372
    ],
    "rotation": [
      -0.008215388629391921,
      0.01803329535838911,
      1.6111497606983527
    ]
  },
  {
    "label_id": "GrUlSK-8GJZyAmDkSeWcvA",
    "size": [
      0.4098408419534622,
      0.07296707539383528,
      0.8200000000000003
    ],
    "obj_class": "sign",
    "point_num_in_lidar": 25,
    "speed": 0.0,
    "if_vehicle": false,
    "motion_state": false,
    "pose": [
      [
        -0.9178661868645446,
        -0.3967893773559343,
        -0.00893605216137863,
        37.66651628371028
      ],
      [
        0.3965980837384176,
        -0.9178219758567765,
        0.0176856045805079,
        -128.51941332905517
      ],
      [
        -0.01521916508077874,
        0.0126889972753156,
        0.9998036639072649,
        4.037328880332801
      ],
      [
        0.0,
        0.0,
        0.0,
        1.0
      ]
    ],
    "location": [
      37.66651628371028,
      -128.51941332905517,
      4.037328880332801
    ],
    "rotation": [
      0.012690807716013577,
      0.015219752660100514,
      2.733734566339891
    ]
  },
  {
    "label_id": "HHK87Gzst4tiJWX8VHTr7w",
    "size": [
      0.8356195406509374,
      0.09502477883125592,
      0.22999999999999687
    ],
    "obj_class": "sign",
    "point_num_in_lidar": 23,
    "speed": 0.02432122577307786,
    "if_vehicle": false,
    "motion_state": false,
    "pose": [
      [
        -0.04033592337093281,
        -0.9991462156549377,
        -0.00893605216137863,
        19.00609384376139
      ],
      [
        0.9990234475698891,
        -0.0404891417073158,
        0.0176856045805079,
        -134.48879544130978
      ],
      [
        -0.018032317970450126,
        -0.008213960446796852,
        0.9998036639072649,
        4.446500001341676
      ],
      [
        0.0,
        0.0,
        0.0,
        1.0
      ]
    ],
    "location": [
      19.00609384376139,
      -134.48879544130978,
      4.446500001341676
    ],
    "rotation": [
      -0.008215388629391921,
      0.01803329535838911,
      1.6111497606983527
    ]
  },
  {
    "label_id": "HirXuagJdhcC0CQeBhqKHw",
    "size": [
      1.9420722139395163,
      4.268819128499874,
      1.560637290133677
    ],
    "obj_class": "vehicle",
    "point_num_in_lidar": 148,
    "speed": 1.8051674104693656e-27,
    "if_vehicle": true,
    "motion_state": false,
    "pose": [
      [
        0.9917819526602456,
        -0.12762721241647268,
        -0.00893605216137863,
        33.73157928799287
      ],
      [
        0.12776909804672085,
        0.9916462458835558,
        0.0176856045805079,
        -127.16415094554031
      ],
      [
        0.006604238166340529,
        -0.01868201476959091,
        0.9998036639072649,
        2.4863664522696567
      ],
      [
        0.0,
        0.0,
        0.0,
        1.0
      ]
    ],
    "location": [
      33.73157928799287,
      -127.16415094554031,
      2.4863664522696567
    ],
    "rotation": [
      -0.018683509167336923,
      -0.006604286175649373,
      0.128122123661829
    ]
  },
  {
    "label_id": "HqjuzyyhDZtCDrmfpw_fHw",
    "size": [
      0.3731024353409225,
      0.5155114738552662,
      0.6500000000000057
    ],
    "obj_class": "pedestrian",
    "point_num_in_lidar": 28,
    "speed": 1.3630027064439383,
    "if_vehicle": false,
    "motion_state": true,
    "pose": [
      [
        -0.05287447812505738,
        -0.9985611831704515,
        -0.00893605216137863,
        -2.1817335341322632
      ],
      [
        0.9984365014922368,
        -0.053026143349904915,
        0.0176856045805079,
        -115.18016427965085
      ],
      [
        -0.01813400261788822,
        -0.00798696354463854,
        0.9998036639072649,
        2.338029758212741
      ],
      [
        0.0,
        0.0,
        0.0,
        1.0
      ]
    ],
    "location": [
      -2.1817335341322632,
      -115.18016427965085,
      2.338029758212741
    ],
    "rotation": [
      -0.007988362054535878,
      0.018134996635424342,
      1.6237041809253856
    ]
  },
  {
    "label_id": "InPwvU2homAc1AtpmC4pDQ",
    "size": [
      2.116618505753626,
      4.313385827928875,
      1.7074263757876054
    ],
    "obj_class": "vehicle",
    "point_num_in_lidar": 155,
    "speed": 9.881551459985504,
    "if_vehicle": true,
    "motion_state": true,
    "pose": [
      [
        0.9960267968073376,
        -0.08860455413512158,
        -0.00893605216137863,
        33.78999150350751
      ],
      [
        0.08875165651374771,
        0.9958967631520287,
        0.0176856045805079,
        -123.19170676789508
      ],
      [
        0.007332360314408701,
        -0.018408425511940073,
        0.9998036639072649,
        2.434356953740945
      ],
      [
        0.0,
        0.0,
        0.0,
        1.0
      ]
    ],
    "location": [
      33.78999150350751,
      -123.19170676789508,
      2.434356953740945
    ],
    "rotation": [
      -0.01840996030269536,
      -0.0073324260182334585,
      0.08887098081454861
    ]
  },
  {
    "label_id": "NEYVh4eXRvnv1WZq4YS1ZA",
    "size": [
      0.7168632152715871,
      0.5318431242712975,
      1.7135866261398363
    ],
    "obj_class": "pedestrian",
    "point_num_in_lidar": 20,
    "speed": 9.078345906446023e-28,
    "if_vehicle": false,
    "motion_state": false,
    "pose": [
      [
        0.9999600726887895,
        -1.6818700037296405e-15,
        -0.00893605216137863,
        -0.9314392090163892
      ],
      [
        0.0001580457953822761,
        0.999843584973244,
        0.0176856045805079,
        -146.97826220807292
      ],
      [
        0.008934654428540686,
        -0.01768631074734129,
        0.9998036639072649,
        2.787998441796468
      ],
      [
        0.0,
        0.0,
        0.0,
        1.0
      ]
    ],
    "location": [
      -0.9314392090163892,
      -146.97826220807292,
      2.787998441796468
    ],
    "rotation": [
      -0.01768793902452389,
      -0.008934773305484154,
      0.0001580521046618271
    ]
  },
  {
    "label_id": "NmBMsZev9_rv5hyPKybGXg",
    "size": [
      0.6605771973143203,
      1.8335680424917808,
      1.6599999999999966
    ],
    "obj_class": "cyclist",
    "point_num_in_lidar": 389,
    "speed": 1.1260324928826433e-28,
    "if_vehicle": false,
    "motion_state": false,
    "pose": [
      [
        0.969457029374051,
        0.24509837855238767,
        -0.00893605216137863,
        16.559244170886814
      ],
      [
        -0.24491660173703203,
        0.9693828333451167,
        0.0176856045805079,
        -114.49382171313846
      ],
      [
        0.012997168569518136,
        -0.014956846150993585,
        0.9998036639072649,
        2.714458831764688
      ],
      [
        0.0,
        0.0,
        0.0,
        1.0
      ]
    ],
    "location": [
      16.559244170886814,
      -114.49382171313846,
      2.714458831764688
    ],
    "rotation": [
      -0.014958667470739375,
      -0.012997534524800493,
      -0.24745501259798927
    ]
  },
  {
    "label_id": "P_gcCXKRSHd-SMj5bqZnfQ",
    "size": [
      1.000000000000791,
      1.0,
      1.9099999999999966
    ],
    "obj_class": "pedestrian",
    "point_num_in_lidar": 26,
    "speed": 0.7092089120433723,
    "if_vehicle": false,
    "motion_state": false,
    "pose": [
      [
        0.597535314037793,
        -0.8017928008217118,
        -0.00893605216137863,
        23.8080758248268
      ],
      [
        0.8017938397954618,
        0.5973389806941043,
        0.0176856045805079,
        -146.3982654486117
      ],
      [
        -0.008842338141323468,
        -0.017732644862046325,
        0.9998036639072649,
        2.9269904208828734
      ],
      [
        0.0,
        0.0,
        0.0,
        1.0
      ]
    ],
    "location": [
      23.8080758248268,
      -146.3982654486117,
      2.9269904208828734
    ],
    "rotation": [
      -0.01773426770249935,
      0.008842453371277006,
      0.9303433945348957
    ]
  },
  {
    "label_id": "RGDO4CQX4bpIHZsQproD1Q",
    "size": [
      1.7319026688328458,
      4.32905704780984,
      1.4981849359037511
    ],
    "obj_class": "vehicle",
    "point_num_in_lidar": 47,
    "speed": 1.2692013183730617e-27,
    "if_vehicle": true,
    "motion_state": false,
    "pose": [
      [
        0.9953545061842396,
        -0.09586216141156906,
        -0.00893605216137863,
        -15.52634779228515
      ],
      [
        0.09600831207739764,
        0.9952234037655421,
        0.0176856045805079,
        -130.71098644851736
      ],
      [
        0.007197987967315835,
        -0.01846138149845071,
        0.9998036639072649,
        2.7292549505818613
      ],
      [
        0.0,
        0.0,
        0.0,
        1.0
      ]
    ],
    "location": [
      -15.52634779228515,
      -130.71098644851736,
      2.7292549505818613
    ],
    "rotation": [
      -0.01846290868705991,
      -0.007198050124627727,
      0.0961589203398023
    ]
  },
  {
    "label_id": "SlGFZ3A3uzEGwSorwqesYA",
    "size": [
      2.158974153891541,
      4.6801296255549945,
      1.7006880169822125
    ],
    "obj_class": "vehicle",
    "point_num_in_lidar": 102,
    "speed": 1.2482725622916577e-27,
    "if_vehicle": true,
    "motion_state": false,
    "pose": [
      [
        -0.9984689102025446,
        0.05458921441742983,
        -0.00893605216137863,
        -13.210123344213116
      ],
      [
        -0.05474066530465139,
        -0.9983439682557441,
        0.0176856045805079,
        -120.66497875483401
      ],
      [
        -0.007955810514783836,
        0.01814769177228379,
        0.9998036639072649,
        2.8597842807104144
      ],
      [
        0.0,
        0.0,
        0.0,
        1.0
      ]
    ],
    "location": [
      -13.210123344213116,
      -120.66497875483401,
      2.8597842807104144
    ],
    "rotation": [
      0.018149262493089013,
      0.007955894444240663,
      -3.086822877497997
    ]
  },
  {
    "label_id": "T5sZMT7Z_Ez-dEvW_Lzkug",
    "size": [
      0.5545148158488941,
      0.0910474603645693,
      0.6400000000000006
    ],
    "obj_class": "sign",
    "point_num_in_lidar": 32,
    "speed": 0.04100674092572907,
    "if_vehicle": false,
    "motion_state": false,
    "pose": [
      [
        0.9946559686843877,
        -0.10285743012680959,
        -0.00893605216137863,
        -22.71110897155313
      ],
      [
        0.10300265549190636,
        0.9945238420230245,
        0.0176856045805079,
        -119.40602113675959
      ],
      [
        0.007068021090662451,
        -0.018511529258030318,
        0.9998036639072649,
        4.860050140173442
      ],
      [
        0.0,
        0.0,
        0.0,
        1.0
      ]
    ],
    "location": [
      -22.71110897155313,
      -119.40602113675959,
      4.860050140173442
    ],
    "rotation": [
      -0.01851304915219162,
      -0.007068079941415344,
      0.10318825254712742
    ]
  },
  {
    "label_id": "Y0UsFxjq4lr0MBNdcaiAOA",
    "size": [
      0.8222480615477245,
      0.7298880518515034,
      1.7620060790273513
    ],
    "obj_class": "pedestrian",
    "point_num_in_lidar": 299,
    "speed": 0.00476025592952354,
    "if_vehicle": false,
    "motion_state": false,
    "pose": [
      [
        0.9999600726887895,
        1.860585474708411e-15,
        -0.00893605216137863,
        0.6125756029857712
      ],
      [
        0.00015804579537872046,
        0.9998435849732441,
        0.0176856045805079,
        -115.41059658336235
      ],
      [
        0.008934654428540748,
        -0.01768631074734126,
        0.9998036639072649,
        2.5743592317659676
      ],
      [
        0.0,
        0.0,
        0.0,
        1.0
      ]
    ],
    "location": [
      0.6125756029857712,
      -115.41059658336235,
      2.5743592317659676
    ],
    "rotation": [
      -0.01768793902452386,
      -0.008934773305484216,
      0.00015805210465827133
    ]
  },
  {
    "label_id": "Z9u9SOz9ZevhmVKWH6pWEQ",
    "size": [
      0.7390585628694364,
      0.5497838732974032,
      1.8651237228593445
    ],
    "obj_class": "pedestrian",
    "point_num_in_lidar": 205,
    "speed": 7.797733919259408e-28,
    "if_vehicle": false,
    "motion_state": false,
    "pose": [
      [
        0.9964032775334233,
        0.08426538727390358,
        -0.00893605216137863,
        0.3524895175016809
      ],
      [
        -0.08409808736308731,
        0.9963005224792831,
        0.0176856045805079,
        -116.61199902878798
      ],
      [
        0.010393277756433278,
        -0.016870489473829468,
        0.9998036639072649,
        2.6243592317659292
      ],
      [
        0.0,
        0.0,
        0.0,
        1.0
      ]
    ],
    "location": [
      0.3524895175016809,
      -116.61199902878798,
      2.6243592317659292
    ],
    "rotation": [
      -0.016872201218162797,
      -0.010393464879558638,
      -0.08420209331379809
    ]
  },
  {
    "label_id": "cSO3Jkk7SYRaMbPbP6jO4g",
    "size": [
      0.654511526119698,
      0.4910119451919742,
      1.7377855647227065
    ],
    "obj_class": "pedestrian",
    "point_num_in_lidar": 30,
    "speed": 1.8016519886122292e-27,
    "if_vehicle": false,
    "motion_state": false,
    "pose": [
      [
        -0.7321120124114983,
        -0.6811256479200849,
        -0.00893605216137863,
        0.032618863661355135
      ],
      [
        0.6809305901359172,
        -0.7321343802935181,
        0.0176856045805079,
        -146.33318206401964
      ],
      [
        -0.01858850989019836,
        0.006863012288416763,
        0.9998036639072649,
        2.7449488672398488
      ],
      [
        0.0,
        0.0,
        0.0,
        1.0
      ]
    ],
    "location": [
      0.032618863661355135,
      -146.33318206401964,
      2.7449488672398488
    ],
    "rotation": [
      0.006864252198158836,
      0.018589580546351098,
      2.392399384125444
    ]
  },
  {
    "label_id": "dmEMRCqNVVvEj4jYsUfBjw",
    "size": [
      0.5811633452576621,
      0.4931348706758739,
      1.6135866261398348
    ],
    "obj_class": "pedestrian",
    "point_num_in_lidar": 25,
    "speed": 2.4838136350686775e-27,
    "if_vehicle": false,
    "motion_state": false,
    "pose": [
      [
        0.9999600726887895,
        8.933762137102752e-17,
        -0.00893605216137863,
        -0.9482129539017023
      ],
      [
        0.00015804579538049134,
        0.9998435849732441,
        0.0176856045805079,
        -146.0368284635333
      ],
      [
        0.008934654428540717,
        -0.017686310747341276,
        0.9998036639072649,
        2.726830228342081
      ],
      [
        0.0,
        0.0,
        0.0,
        1.0
      ]
    ],
    "location": [
      -0.9482129539017023,
      -146.0368284635333,
      2.726830228342081
    ],
    "rotation": [
      -0.017687939024523876,
      -0.008934773305484185,
      0.00015805210466004227
    ]
  },
  {
    "label_id": "hYgh4cN-80SkuLKoDlHURQ",
    "size": [
      0.8140035612211118,
      0.9510019301556589,
      1.8132957469420816
    ],
    "obj_class": "pedestrian",
    "point_num_in_lidar": 60,
    "speed": 1.0119391006633598,
    "if_vehicle": false,
    "motion_state": true,
    "pose": [
      [
        0.2541472571880007,
        0.967124251911607,
        -0.00893605216137863,
        -0.8602840976127482
      ],
      [
        -0.9669714208093121,
        0.25427050699725745,
        0.0176856045805079,
        -139.37482877450202
      ],
      [
        0.019376351613155877,
        0.004146159159066794,
        0.9998036639072649,
        2.781968673017232
      ],
      [
        0.0,
        0.0,
        0.0,
        1.0
      ]
    ],
    "location": [
      -0.8602840976127482,
      -139.37482877450202,
      2.781968673017232
    ],
    "rotation": [
      0.004146949587488162,
      -0.019377564270647126,
      -1.3137810757886834
    ]
  },
  {
    "label_id": "j79NELjEt3UUrOAOw0u7rg",
    "size": [
      2.2716105868517067,
      6.923218476364259,
      3.048274608380744
    ],
    "obj_class": "vehicle",
    "point_num_in_lidar": 385,
    "speed": 2.2520649857652865e-28,
    "if_vehicle": true,
    "motion_state": false,
    "pose": [
      [
        -0.026889004913461335,
        -0.999598483585551,
        -0.00893605216137863,
        18.234113249492566
      ],
      [
        0.9994777881285217,
        -0.02704386119510013,
        0.0176856045805079,
        -150.4235279895929
      ],
      [
        -0.01792016887425387,
        -0.008455837340393,
        0.9998036639072649,
        3.285041330064068
      ],
      [
        0.0,
        0.0,
        0.0,
        1.0
      ]
    ],
    "location": [
      18.234113249492566,
      -150.4235279895929,
      3.285041330064068
    ],
    "rotation": [
      -0.008457296208247419,
      0.017921128137513002,
      1.5976928930398844
    ]
  },
  {
    "label_id": "kunuNT8ZqPIYqhgYW0PnSw",
    "size": [
      0.6202102570110563,
      0.36765562443623756,
      1.5256346347367824
    ],
    "obj_class": "pedestrian",
    "point_num_in_lidar": 24,
    "speed": 1.805163774801053e-27,
    "if_vehicle": false,
    "motion_state": false,
    "pose": [
      [
        -0.492288370360434,
        -0.870386297789457,
        -0.00893605216137863,
        -0.35207724970223353
      ],
      [
        0.8702070972159381,
        -0.4923685889104146,
        0.0176856045805079,
        -146.84568370903798
      ],
      [
        -0.01979313928812439,
        0.0009302014458537532,
        0.9998036639072649,
        2.6473806479319677
      ],
      [
        0.0,
        0.0,
        0.0,
        1.0
      ]
    ],
    "location": [
      -0.35207724970223353,
      -146.84568370903798,
      2.6473806479319677
    ],
    "rotation": [
      0.0009303838453841886,
      0.01979443190364919,
      2.0856239577656273
    ]
  },
  {
    "label_id": "lexF68G4j-d1Vgnd_kgZ7A",
    "size": [
      2.0189116313935727,
      4.834937435280711,
      1.6506372901336803
    ],
    "obj_class": "vehicle",
    "point_num_in_lidar": 89,
    "speed": 9.285483110750223e-28,
    "if_vehicle": true,
    "motion_state": false,
    "pose": [
      [
        -0.05898564847322633,
        -0.9982188338465479,
        -0.00893605216137863,
        15.927368115264017
      ],
      [
        0.9980932261660728,
        -0.059136547684344634,
        0.0176856045805079,
        -152.72614426834298
      ],
      [
        -0.01818255085497692,
        -0.007875816276116384,
        0.9998036639072649,
        2.8588344830694794
      ],
      [
        0.0,
        0.0,
        0.0,
        1.0
      ]
    ],
    "location": [
      15.927368115264017,
      -152.72614426834298,
      2.8588344830694794
    ],
    "rotation": [
      -0.007877199955237307,
      0.018183552878233155,
      1.629826003705981
    ]
  },
  {
    "label_id": "m5Lc7Vu0wGna-xSpAbblzQ",
    "size": [
      2.984420380045399,
      6.645201639121707,
      2.8782746083807496
    ],
    "obj_class": "vehicle",
    "point_num_in_lidar": 139,
    "speed": 4.7493481697964585e-29,
    "if_vehicle": true,
    "motion_state": false,
    "pose": [
      [
        -0.04987408789562615,
        -0.9987155362405996,
        -0.00893605216137863,
        16.44561567185883
      ],
      [
        0.9985913107994251,
        -0.05002612703886056,
        0.0176856045805079,
        -161.74227651982983
      ],
      [
        -0.018109924143012164,
        -0.008041410643867581,
        0.9998036639072649,
        3.3776253022887914
      ],
      [
        0.0,
        0.0,
        0.0,
        1.0
      ]
    ],
    "location": [
      16.44561567185883,
      -161.74227651982983,
      3.3776253022887914
    ],
    "rotation": [
      -0.008042816346961218,
      0.018110914205821137,
      1.6206993050013974
    ]
  },
  {
    "label_id": "m9xpVHvXSsymUcMAsoP2LA",
    "size": [
      1.934034700345134,
      4.264901624203832,
      1.560637290133677
    ],
    "obj_class": "vehicle",
    "point_num_in_lidar": 27,
    "speed": 0.0,
    "if_vehicle": true,
    "motion_state": false,
    "pose": [
      [
        0.9953545061842183,
        -0.09586216141179009,
        -0.00893605216137863,
        42.269120313193525
      ],
      [
        0.09600831207761863,
        0.9952234037655208,
        0.0176856045805079,
        -126.60255272328868
      ],
      [
        0.007197987967311736,
        -0.018461381498452306,
        0.9998036639072649,
        2.4863664522696354
      ],
      [
        0.0,
        0.0,
        0.0,
        1.0
      ]
    ],
    "location": [
      42.269120313193525,
      -126.60255272328868,
      2.4863664522696354
    ],
    "rotation": [
      -0.018462908687061505,
      -0.007198050124623627,
      0.09615892034002434
    ]
  },
  {
    "label_id": "sS4jPIZH72vAVOsbVDMqFg",
    "size": [
      2.2839099838385155,
      4.711594050042413,
      1.6219794232869305
    ],
    "obj_class": "vehicle",
    "point_num_in_lidar": 27,
    "speed": 2.9560417995353177e-28,
    "if_vehicle": true,
    "motion_state": false,
    "pose": [
      [
        -0.998468910202529,
        0.05458921441771472,
        -0.00893605216137863,
        -19.151532626715834
      ],
      [
        -0.05474066530493624,
        -0.9983439682557286,
        0.0176856045805079,
        -120.99205549643557
      ],
      [
        -0.007955810514778658,
        0.01814769177228606,
        0.9998036639072649,
        2.8091385775580733
      ],
      [
        0.0,
        0.0,
        0.0,
        1.0
      ]
    ],
    "location": [
      -19.151532626715834,
      -120.99205549643557,
      2.8091385775580733
    ],
    "rotation": [
      0.018149262493091282,
      0.007955894444235485,
      -3.086822877497712
    ]
  },
  {
    "label_id": "zcRL3Ri9BQSc21e8NqmUog",
    "size": [
      1.9455414357870402,
      4.366603907007664,
      1.5051311337171924
    ],
    "obj_class": "vehicle",
    "point_num_in_lidar": 889,
    "speed": 2.593207686160195,
    "if_vehicle": true,
    "motion_state": true,
    "pose": [
      [
        -0.7454329765691933,
        0.6665206856617142,
        -0.00893605216137863,
        0.05966493229948355
      ],
      [
        -0.6665608583413496,
        -0.745240794319437,
        0.0176856045805079,
        -121.26918492311415
      ],
      [
        0.005128310680516347,
        0.019139855463745376,
        0.9998036639072649,
        2.5875627223429234
      ],
      [
        0.0,
        0.0,
        0.0,
        1.0
      ]
    ],
    "location": [
      0.05966493229948355,
      -121.26918492311415,
      2.5875627223429234
    ],
    "rotation": [
      0.019141275989348037,
      -0.005128333159510375,
      -2.411995186657341
    ]
  },
  {
    "label_id": "zrT2HEMqXWSkPR3YkrGSZw",
    "size": [
      0.9110545631587836,
      0.7790250021363171,
      1.961116491815801
    ],
    "obj_class": "pedestrian",
    "point_num_in_lidar": 20,
    "speed": 1.4245452729258743,
    "if_vehicle": false,
    "motion_state": true,
    "pose": [
      [
        0.0841672295123607,
        0.9964115738227767,
        -0.00893605216137863,
        2.4372747111331137
      ],
      [
        -0.996282196672384,
        0.08431490962025188,
        0.0176856045805079,
        -167.34913150861394
      ],
      [
        0.018375583524419682,
        0.00741428133712484,
        0.9998036639072649,
        2.9146999788478354
      ],
      [
        0.0,
        0.0,
        0.0,
        1.0
      ]
    ],
    "location": [
      2.4372747111331137,
      -167.34913150861394,
      2.9146999788478354
    ],
    "rotation": [
      0.007415601380223065,
      -0.018376617804512076,
      -1.4865151397221692
    ]
  },
  {
    "label_id": "zyN6XuE8pM7RqXmZLz8paw",
    "size": [
      0.879280409857196,
      1.0084493014463036,
      1.6899999999999977
    ],
    "obj_class": "pedestrian",
    "point_num_in_lidar": 178,
    "speed": 1.5474220958921454,
    "if_vehicle": false,
    "motion_state": true,
    "pose": [
      [
        0.14908403078996238,
        0.9887841517415146,
        -0.00893605216137863,
        18.49074806955491
      ],
      [
        -0.9886454028904175,
        0.1492229430559063,
        0.0176856045805079,
        -120.58196202748877
      ],
      [
        0.01882070952599536,
        0.006197945671516421,
        0.9998036639072649,
        2.7619675912210155
      ],
      [
        0.0,
        0.0,
        0.0,
        1.0
      ]
    ],
    "location": [
      18.49074806955491,
      -120.58196202748877,
      2.7619675912210155
    ],
    "rotation": [
      0.0061990833822593025,
      -0.018821820812295713,
      -1.4211277303602097
    ]
  }
]