[
  {
    "label_id": "-JlrjFxd9aXnrn4EdZQ2BA",
    "size": [
      0.7895148592738694,
      0.8159461327414332,
      1.167908180141346
    ],
    "obj_class": "pedestrian",
    "point_num_in_lidar": 20,
    "speed": 0.6137025155402313,
    "if_vehicle": false,
    "motion_state": false,
    "pose": [
      [
        -0.010599741282967177,
        0.9999429010717347,
        -0.001356495844902937,
        -7.962435014398579
      ],
      [
        -0.999799380956992,
        -0.01057514364813402,
        0.01701070765245163,
        -54.44539172588884
      ],
      [
        0.016995391220857695,
        0.0015365328061608655,
        0.9998543872705593,
        1.3917402333395827
      ],
      [
        0.0,
        0.0,
        0.0,
        1.0
      ]
    ],
    "location": [
      -7.962435014398579,
      -54.44539172588884,
      1.3917402333395827
    ],
    "rotation": [
      0.001536755367736891,
      -0.016996209494766264,
      -1.5813977978260225
    ]
  },
  {
    "label_id": "1yaIJWr37eHUtmYcb-ixqQ",
    "size": [
      0.9521050738759989,
      0.09268519735418204,
      1.2299999999999969
    ],
    "obj_class": "sign",
    "point_num_in_lidar": 44,
    "speed": 0.02262516571527387,
    "if_vehicle": false,
    "motion_state": false,
    "pose": [
      [
        -0.12753264311788146,
        -0.9918334461281237,
        -0.001356495844902937,
        -6.365761341231064
      ],
      [
        0.9916879045290257,
        -0.12753719393178117,
        0.01701070765245163,
        -30.230906031951235
      ],
      [
        -0.01704479246564819,
        0.0008241999862886054,
        0.9998543872705593,
        3.875202582864965
      ],
      [
        0.0,
        0.0,
        0.0,
        1.0
      ]
    ],
    "location": [
      -6.365761341231064,
      -30.230906031951235,
      3.875202582864965
    ],
    "rotation": [
      0.0008243198310669591,
      0.017045617896480156,
      1.6986959179884507
    ]
  },
  {
    "label_id": "46ZddQXs6mtOXSiX4Xuk4A",
    "size": [
      1.8700097023729132,
      4.3588427751254395,
      1.6140189276900898
    ],
    "obj_class": "vehicle",
    "point_num_in_lidar": 4502,
    "speed": 0.15347792071939742,
    "if_vehicle": true,
    "motion_state": false,
    "pose": [
      [
        -0.10019849135713428,
        -0.9949665432811181,
        -0.001356495844902937,
        7.634280988581622
      ],
      [
        0.9948211819629776,
        -0.10020704437786397,
        0.01701070765245163,
        -8.719479056511773
      ],
      [
        -0.017061015431054042,
        0.00035497644393870504,
        0.9998543872705593,
        0.7695676184080682
      ],
      [
        0.0,
        0.0,
        0.0,
        1.0
      ]
    ],
    "location": [
      7.634280988581622,
      -8.719479056511773,
      0.7695676184080682
    ],
    "rotation": [
      0.00035502812563877566,
      0.01706184322123238,
      1.671177901049102
    ]
  },
  {
    "label_id": "7Rmbrf_QC8HYMBMvc67d_A",
    "size": [
      0.8992428883495778,
      1.1317922750854086,
      1.8688524052985755
    ],
    "obj_class": "pedestrian",
    "point_num_in_lidar": 264,
    "speed": 1.5953183160725763,
    "if_vehicle": false,
    "motion_state": true,
    "pose": [
      [
        0.11034769816862228,
        0.9938921196125409,
        -0.001356495844902937,
        -10.34626401881087
      ],
      [
        -0.9937466785745072,
        0.11035476721600125,
        0.01701070765245163,
        -17.810460801343652
      ],
      [
        0.01705650406799816,
        -0.0005290791932949924,
        0.9998543872705593,
        1.2167855104173597
      ],
      [
        0.0,
        0.0,
        0.0,
        1.0
      ]
    ],
    "location": [
      -10.34626401881087,
      -17.810460801343652,
      1.2167855104173597
    ],
    "rotation": [
      -0.000529156195791129,
      -0.017057331201626977,
      -1.4602072954191363
    ]
  },
  {
    "label_id": "9AqlWsUlqmSBK_x3YNGspw",
    "size": [
      0.5867464806595235,
      0.07512754490046432,
      0.6228765284565725
    ],
    "obj_class": "sign",
    "point_num_in_lidar": 61,
    "speed": 0.01832604203866598,
    "if_vehicle": false,
    "motion_state": false,
    "pose": [
      [
        -0.03419984055363618,
        -0.9994140937695088,
        -0.001356495844902937,
        11.25178378337796
      ],
      [
        0.9992696159327289,
        -0.03421798501985998,
        0.01701070765245163,
        -29.311469429007047
      ],
      [
        -0.01704715752735339,
        -0.000773741592532136,
        0.9998543872705593,
        3.025712516897187
      ],
      [
        0.0,
        0.0,
        0.0,
        1.0
      ]
    ],
    "location": [
      11.25178378337796,
      -29.311469429007047,
      3.025712516897187
    ],
    "rotation": [
      -0.0007738541210911214,
      0.017047983301862645,
      1.605007811040059
    ]
  },
  {
    "label_id": "AnmjxPABapPDruv9_zJfdA",
    "size": [
      0.9442796685916853,
      1.283126946081576,
      1.8862076711532936
    ],
    "obj_class": "pedestrian",
    "point_num_in_lidar": 54,
    "speed": 1.5603856925703976,
    "if_vehicle": false,
    "motion_state": true,
    "pose": [
      [
        -0.013327989327564427,
        0.9999102582829656,
        -0.001356495844902937,
        -5.2085087980856315
      ],
      [
        -0.9997668058156863,
        -0.013303000197794698,
        0.01701070765245163,
        -55.53326767554245
      ],
      [
        0.01699113561784588,
        0.0015828980480070537,
        0.9998543872705593,
        1.8480546923816163
      ],
      [
        0.0,
        0.0,
        0.0,
        1.0
      ]
    ],
    "location": [
      -5.2085087980856315,
      -55.53326767554245,
      1.8480546923816163
    ],
    "rotation": [
      0.0015831272490851123,
      -0.01699195327717397,
      -1.5841266352150563
    ]
  },
  {
    "label_id": "BhQ3l28Gc10ONPRWnXjzgg",
    "size": [
      0.8141605972508115,
      1.142668182000707,
      1.718852405298577
    ],
    "obj_class": "pedestrian",
    "point_num_in_lidar": 39,
    "speed": 1.5944354882143559,
    "if_vehicle": false,
    "motion_state": true,
    "pose": [
      [
        0.10406625632893382,
        0.9945694416242153,
        -0.001356495844902937,
        -9.824543753255284
      ],
      [
        -0.9944240481498727,
        0.10407424410670722,
        0.01701070765245163,
        -21.8208615055064
      ],
      [
        0.01705950629122375,
        -0.000421308573509727,
        0.9998543872705593,
        1.2043162080908019
      ],
      [
        0.0,
        0.0,
        0.0,
        1.0
      ]
    ],
    "location": [
      -9.824543753255284,
      -21.8208615055064,
      1.2043162080908019
    ],
    "rotation": [
      -0.0004213699053969453,
      -0.017060333861734674,
      -1.4665260842065926
    ]
  },
  {
    "label_id": "InPwvU2homAc1AtpmC4pDQ",
    "size": [
      2.1166185057526405,
      4.313385827928875,
      1.7074263757876054
    ],
    "obj_class": "vehicle",
    "point_num_in_lidar": 108,
    "speed": 14.009611320951345,
    "if_vehicle": true,
    "motion_state": true,
    "pose": [
      [
        0.06923549320618722,
        0.997599421811941,
        -0.001356495844902937,
        4.6465597290539336
      ],
      [
        -0.9974543964282648,
        0.06924855862102025,
        0.01701070765245163,
        -54.25127101613725
      ],
      [
        0.01706380750073264,
        0.00017529801013135629,
        0.9998543872705593,
        1.764342927408947
      ],
      [
        0.0,
        0.0,
        0.0,
        1.0
      ]
    ],
    "location": [
      4.6465597290539336,
      -54.25127101613725,
      1.764342927408947
    ],
    "rotation": [
      0.00017532353767408875,
      -0.01706463569742162,
      -1.5014952936942112
    ]
  },
  {
    "label_id": "Kn0RnWXHMkuVO9dGiGe3HQ",
    "size": [
      2.703664974949956,
      5.803628056546428,
      2.725293277478478
    ],
    "obj_class": "vehicle",
    "point_num_in_lidar": 10069,
    "speed": 0.11429677066345864,
    "if_vehicle": true,
    "motion_state": false,
    "pose": [
      [
        -0.10019849135791371,
        -0.9949665432810396,
        -0.001356495844902937,
        8.156907212319538
      ],
      [
        0.994821181962899,
        -0.10020704437864328,
        0.01701070765245163,
        -15.122011442043004
      ],
      [
        -0.01706101543105376,
        0.0003549764439520702,
        0.9998543872705593,
        1.418929947171513
      ],
      [
        0.0,
        0.0,
        0.0,
        1.0
      ]
    ],
    "location": [
      8.156907212319538,
      -15.122011442043004,
      1.418929947171513
    ],
    "rotation": [
      0.0003550281256521428,
      0.0170618432212321,
      1.6711779010498855
    ]
  },
  {
    "label_id": "L6kt4xg9cwKWNXU0EK33ug",
    "size": [
      2.1666086370657816,
      4.653647851918363,
      1.6031484302993206
    ],
    "obj_class": "vehicle",
    "point_num_in_lidar": 1088,
    "speed": 0.04035281094823248,
    "if_vehicle": true,
    "motion_state": false,
    "pose": [
      [
        -0.06993403203256277,
        -0.9975506959962943,
        -0.001356495844902937,
        8.896351660058144
      ],
      [
        0.9974056614992896,
        -0.06994699589208585,
        0.01701070765245163,
        -21.889185998819812
      ],
      [
        -0.01706392606738367,
        -0.0001633492616433384,
        0.9998543872705593,
        0.990002370761168
      ],
      [
        0.0,
        0.0,
        0.0,
        1.0
      ]
    ],
    "location": [
      8.896351660058144,
      -21.889185998819812,
      0.990002370761168
    ],
    "rotation": [
      -0.00016337304938567155,
      0.017064754281338277,
      1.640797698684635
    ]
  },
  {
    "label_id": "LpjY-8_dyHHjY4hjLf5uDw",
    "size": [
      1.3098817198734194,
      0.09263561123612546,
      0.9699999999999989
    ],
    "obj_class": "sign",
    "point_num_in_lidar": 22,
    "speed": 0.03383249295057876,
    "if_vehicle": false,
    "motion_state": false,
    "pose": [
      [
        0.27090625286628384,
        -0.9626047797912556,
        -0.001356495844902937,
        -2.7854403158332843
      ],
      [
        0.9624726344588742,
        0.2708450917830287,
        0.01701070765245163,
        -79.59189417457492
      ],
      [
        -0.016007188252265596,
        -0.005913897198205738,
        0.9998543872705593,
        4.86335666211685
      ],
      [
        0.0,
        0.0,
        0.0,
        1.0
      ]
    ],
    "location": [
      -2.7854403158332843,
      -79.59189417457492,
      4.86335666211685
    ],
    "rotation": [
      -0.0059146894890823015,
      0.016007871918274023,
      1.2964258993371875
    ]
  },
  {
    "label_id": "MczOFaRiOEUD_vOsJwKQaA",
    "size": [
      2.0210626506084224,
      4.810917017073292,
      1.4448945068278505
    ],
    "obj_class": "vehicle",
    "point_num_in_lidar": 231,
    "speed": 0.022467176684796954,
    "if_vehicle": true,
    "motion_state": false,
    "pose": [
      [
        -0.07235161446877963,
        -0.997378265154592,
        -0.001356495844902937,
        10.136565560188728
      ],
      [
        0.9972331996627649,
        -0.0723642267665923,
        0.01701070765245163,
        -43.457601118765524
      ],
      [
        -0.01706427186038265,
        -0.0001219905298305017,
        0.9998543872705593,
        1.2991293324968751
      ],
      [
        0.0,
        0.0,
        0.0,
        1.0
      ]
    ],
    "location": [
      10.136565560188728,
      -43.457601118765524,
      1.2991293324968751
    ],
    "rotation": [
      -0.00012200829518606015,
      0.017065100124692856,
      1.643221778270528
    ]
  },
  {
    "label_id": "NBgbV7Va-YyVHVquDtiqxg",
    "size": [
      1.0389736746812404,
      1.1930606057699777,
      1.8999999999999986
    ],
    "obj_class": "pedestrian",
    "point_num_in_lidar": 30,
    "speed": 1.8443974767221476,
    "if_vehicle": false,
    "motion_state": true,
    "pose": [
      [
        -0.018376951267509635,
        -0.9998302093761392,
        -0.001356495844902937,
        -4.500609045807323
      ],
      [
        0.9996860368263246,
        -0.018397380238484706,
        0.01701070765245163,
        -69.41491219489399
      ],
      [
        -0.017032775363637613,
        -0.001043465009607437,
        0.9998543872705593,
        2.046209382036551
      ],
      [
        0.0,
        0.0,
        0.0,
        1.0
      ]
    ],
    "location": [
      -4.500609045807323,
      -69.41491219489399,
      2.046209382036551
    ],
    "rotation": [
      -0.0010436165946432832,
      0.017033599049686116,
      1.589176979322677
    ]
  },
  {
    "label_id": "RSrTAu0avHEGgIksWr-Vrg",
    "size": [
      2.0885469217564707,
      4.245662939058266,
      1.7331484302993232
    ],
    "obj_class": "vehicle",
    "point_num_in_lidar": 679,
    "speed": 0.012896760100117033,
    "if_vehicle": true,
    "motion_state": false,
    "pose": [
      [
        -0.06993403203260354,
        -0.9975506959962914,
        -0.001356495844902937,
        9.315926091571328
      ],
      [
        0.9974056614992868,
        -0.0699469958921266,
        0.01701070765245163,
        -28.458458892038834
      ],
      [
        -0.01706392606738368,
        -0.00016334926164264123,
        0.9998543872705593,
        1.135002370761221
      ],
      [
        0.0,
        0.0,
        0.0,
        1.0
      ]
    ],
    "location": [
      9.315926091571328,
      -28.458458892038834,
      1.135002370761221
    ],
    "rotation": [
      -0.00016337304938497427,
      0.017064754281338284,
      1.640797698684676
    ]
  },
  {
    "label_id": "SAAwhsDca5CYMeNiy8pbOw",
    "size": [
      2.1547919550790753,
      5.2083378786918395,
      2.0472722474731384
    ],
    "obj_class": "vehicle",
    "point_num_in_lidar": 121,
    "speed": 8.556067554929069e-13,
    "if_vehicle": true,
    "motion_state": false,
    "pose": [
      [
        -0.10937062968652282,
        -0.9940001133204142,
        -0.001356495844902937,
        11.695995193291537
      ],
      [
        0.9938546793016625,
        -0.10937784170183815,
        0.01701070765245163,
        -62.623987594186474
      ],
      [
        -0.017057015921990354,
        0.0005123120644519413,
        0.9998543872705593,
        1.8579404621742839
      ],
      [
        0.0,
        0.0,
        0.0,
        1.0
      ]
    ],
    "location": [
      11.695995193291537,
      -62.623987594186474,
      1.8579404621742839
    ],
    "rotation": [
      0.000512386629633464,
      0.017057843130093047,
      1.6804021957874038
    ]
  },
  {
    "label_id": "YC-GkZvNrYchckx8d4PMKQ",
    "size": [
      2.010774214502263,
      4.02043724942621,
      1.6445065240339432
    ],
    "obj_class": "vehicle",
    "point_num_in_lidar": 938,
    "speed": 0.09668342306122384,
    "if_vehicle": true,
    "motion_state": false,
    "pose": [
      [
        0.10059366280934892,
        0.994926668112591,
        -0.001356495844902937,
        -4.878775012146889
      ],
      [
        -0.9947813034088396,
        0.10060215809500841,
        0.01701070765245163,
        -25.246248255489263
      ],
      [
        0.017060873096335204,
        -0.0003617526850779121,
        0.9998543872705593,
        1.0403191071790445
      ],
      [
        0.0,
        0.0,
        0.0,
        1.0
      ]
    ],
    "location": [
      -4.878775012146889,
      -25.246248255489263,
      1.0403191071790445
    ],
    "rotation": [
      -0.0003618053527580024,
      -0.017061700865793922,
      -1.4700175162022222
    ]
  },
  {
    "label_id": "eUvjCEr44xj0JhoTK13GOw",
    "size": [
      0.9033761271737164,
      1.2275531915227762,
      1.8088524052985733
    ],
    "obj_class": "pedestrian",
    "point_num_in_lidar": 51,
    "speed": 1.4332476437650061,
    "if_vehicle": false,
    "motion_state": true,
    "pose": [
      [
        0.12068438096494075,
        0.9926900020198309,
        -0.001356495844902937,
        -5.498641540632889
      ],
      [
        -0.9925444952948238,
        0.12068993613846367,
        0.01701070765245163,
        -53.242562100789655
      ],
      [
        0.01705007481076439,
        -0.0007065442390629945,
        0.9998543872705593,
        1.7567323253090947
      ],
      [
        0.0,
        0.0,
        0.0,
        1.0
      ]
    ],
    "location": [
      -5.498641540632889,
      -53.242562100789655,
      1.7567323253090947
    ],
    "rotation": [
      -0.0007066470182597799,
      -0.017050901009328052,
      -1.4497993784398195
    ]
  },
  {
    "label_id": "m1DhI6CUMFGLwFDMpQXICQ",
    "size": [
      0.8813313296861779,
      0.919217660923858,
      1.4500000000000028
    ],
    "obj_class": "pedestrian",
    "point_num_in_lidar": 39,
    "speed": 1.0935073514829958,
    "if_vehicle": false,
    "motion_state": true,
    "pose": [
      [
        0.17378656414425525,
        0.9847824074596161,
        -0.001356495844902937,
        14.299074055058554
      ],
      [
        -0.9846368122998117,
        0.17378430219449645,
        0.01701070765245163,
        -50.79711877943555
      ],
      [
        0.016987583318409223,
        -0.0016205766919587914,
        0.9998543872705593,
        1.5118222548421514
      ],
      [
        0.0,
        0.0,
        0.0,
        1.0
      ]
    ],
    "location": [
      14.299074055058554,
      -50.79711877943555,
      1.5118222548421514
    ],
    "rotation": [
      -0.0016208112836126852,
      -0.016988400464961403,
      -1.3960974100232382
    ]
  },
  {
    "label_id": "mX7ey-Nia70s5ftx67oZYA",
    "size": [
      0.15268163209582933,
      0.05338983502752147,
      0.29999999999999716
    ],
    "obj_class": "sign",
    "point_num_in_lidar": 21,
    "speed": 0.05587343132674067,
    "if_vehicle": false,
    "motion_state": false,
    "pose": [
      [
        0.6686031573664093,
        -0.7436181667218004,
        -0.001356495844902937,
        -7.189273164292217
      ],
      [
        0.7435266825874542,
        0.6684898713560722,
        0.01701070765245163,
        -15.770891750613373
      ],
      [
        -0.011742667506302372,
        -0.012382003700970447,
        0.9998543872705593,
        0.4493736771153678
      ],
      [
        0.0,
        0.0,
        0.0,
        1.0
      ]
    ],
    "location": [
      -7.189273164292217,
      -15.770891750613373,
      0.4493736771153678
    ],
    "rotation": [
      -0.012383173944405641,
      0.011742937389589562,
      0.8384055689169962
    ]
  },
  {
    "label_id": "py8zJZRABr-k6qjoeH8D2w",
    "size": [
      0.7772359472451893,
      0.7309436320632802,
      1.5340060935992454
    ],
    "obj_class": "pedestrian",
    "point_num_in_lidar": 37,
    "speed": 0.6791897930317228,
    "if_vehicle": false,
    "motion_state": false,
    "pose": [
      [
        0.047556844314610075,
        0.9988676120877374,
        -0.001356495844902937,
        -7.417332273189913
      ],
      [
        -0.998722904607403,
        0.04757305579543098,
        0.01701070765245163,
        -54.313821933163126
      ],
      [
        0.017055977585242802,
        0.0005457878948003458,
        0.9998543872705593,
        1.6384537854958623
      ],
      [
        0.0,
        0.0,
        0.0,
        1.0
      ]
    ],
    "location": [
      -7.417332273189913,
      -54.313821933163126,
      1.6384537854958623
    ],
    "rotation": [
      0.0005458673258218903,
      -0.01705680464227395,
      -1.5232146113854947
    ]
  },
  {
    "label_id": "qYJMUdZlFcC9_U347E8qQA",
    "size": [
      1.9384174750954113,
      4.511891662081819,
      1.5672722474731415
    ],
    "obj_class": "vehicle",
    "point_num_in_lidar": 1726,
    "speed": 0.09024638762610317,
    "if_vehicle": true,
    "motion_state": false,
    "pose": [
      [
        0.07775474328548765,
        0.9969715942872348,
        -0.001356495844902937,
        -5.281300783101187
      ],
      [
        -0.9968264625864832,
        0.077766569375802,
        0.01701070765245163,
        -20.06499212345625
      ],
      [
        0.0170646823564494,
        2.9527747967000548e-05,
        0.9998543872705593,
        0.8452628746650035
      ],
      [
        0.0,
        0.0,
        0.0,
        1.0
      ]
    ],
    "location": [
      -5.281300783101187,
      -20.06499212345625,
      0.8452628746650035
    ],
    "rotation": [
      2.9532048200560877e-05,
      -0.017065510680540144,
      -1.4929516632247697
    ]
  },
  {
    "label_id": "rCIKnCfuvco-eqQWUwlUOQ",
    "size": [
      0.6496025147092808,
      0.8832043404860536,
      1.5537234042553294
    ],
    "obj_class": "pedestrian",
    "point_num_in_lidar": 35,
    "speed": 0.6990779291386356,
    "if_vehicle": false,
    "motion_state": false,
    "pose": [
      [
        0.03586328810846185,
        0.9993557847358828,
        -0.001356495844902937,
        -6.379302506398744
      ],
      [
        -0.9992112768983157,
        0.03588119207050429,
        0.01701070765245163,
        -54.373515992097964
      ],
      [
        0.01704842178288229,
        0.0007453660358240335,
        0.9998543872705593,
        1.6425204919229728
      ],
      [
        0.0,
        0.0,
        0.0,
        1.0
      ]
    ],
    "location": [
      -6.379302506398744,
      -54.373515992097964,
      1.6425204919229728
    ],
    "rotation": [
      0.0007454744483185524,
      -0.01704924774114508,
      -1.5349201301855733
    ]
  },
  {
    "label_id": "s5aO23RLZZP2IHQPJCo9cQ",
    "size": [
      2.3287764407312226,
      5.353293031458655,
      1.9558168788117456
    ],
    "obj_class": "vehicle",
    "point_num_in_lidar": 5043,
    "speed": 0.050415274256483456,
    "if_vehicle": true,
    "motion_state": false,
    "pose": [
      [
        -0.1001984913575377,
        -0.9949665432810775,
        -0.001356495844902937,
        7.18312247432209
      ],
      [
        0.994821181962937,
        -0.10020704437826733,
        0.01701070765245163,
        -2.604032153974913
      ],
      [
        -0.017061015431053896,
        0.0003549764439456225,
        0.9998543872705593,
        0.7733508643401734
      ],
      [
        0.0,
        0.0,
        0.0,
        1.0
      ]
    ],
    "location": [
      7.18312247432209,
      -2.604032153974913,
      0.7733508643401734
    ],
    "rotation": [
      0.0003550281256456941,
      0.017061843221232234,
      1.6711779010495076
    ]
  },
  {
    "label_id": "tAY9RkTF-IK4XqfcDll03A",
    "size": [
      0.8850106013232312,
      2.086293814391715,
      1.4300000000000068
    ],
    "obj_class": "vehicle",
    "point_num_in_lidar": 148,
    "speed": 5.728578676879116e-13,
    "if_vehicle": true,
    "motion_state": false,
    "pose": [
      [
        -0.9954634939639497,
        0.09513459993140315,
        -0.001356495844902937,
        10.174668592704393
      ],
      [
        -0.09514389246968968,
        -0.9953181780470399,
        0.01701070765245163,
        -38.243755870807945
      ],
      [
        0.0002681618941888726,
        0.017062600769311827,
        0.9998543872705593,
        1.118560461003888
      ],
      [
        0.0,
        0.0,
        0.0,
        1.0
      ]
    ],
    "location": [
      10.174668592704393,
      -38.243755870807945,
      1.118560461003888
    ],
    "rotation": [
      0.017063429403872746,
      -0.0002681618974028288,
      -3.046304623637078
    ]
  },
  {
    "label_id": "yyt8pvlHPVT55uMzSed6CA",
    "size": [
      0.8306938815268432,
      1.09026105864005,
      1.718852405298577
    ],
    "obj_class": "pedestrian",
    "point_num_in_lidar": 130,
    "speed": 1.6063847776377422,
    "if_vehicle": false,
    "motion_state": true,
    "pose": [
      [
        0.15584478966205959,
        0.9877806241540736,
        -0.001356495844902937,
        -8.851046833705595
      ],
      [
        -0.9876350119383085,
        0.15584517643732315,
        0.01701070765245163,
        -28.375556707143915
      ],
      [
        0.017014250756526544,
        -0.001311307366124134,
        0.9998543872705593,
        1.318158689951055
      ],
      [
        0.0,
        0.0,
        0.0,
        1.0
      ]
    ],
    "location": [
      -8.851046833705595,
      -28.375556707143915,
      1.318158689951055
    ],
    "rotation": [
      -0.0013114975850395095,
      -0.017015071757775686,
      -1.4142908503135423
    ]
  }
]