[
  {
    "label_id": "6fYOf7wqFfBxkCzzrNa0LQ",
    "size": [
      2.0558553954033916,
      4.480407800883292,
      1.740000000000009
    ],
    "obj_class": "vehicle",
    "point_num_in_lidar": 347,
    "speed": 0.021489371757221154,
    "if_vehicle": true,
    "motion_state": false,
    "pose": [
      [
        0.3349602598866543,
        0.9421301533420369,
        -0.013870777208757113,
        -3.1438046918224245
      ],
      [
        -0.942114094056347,
        0.33464882794680734,
        -0.020765253049667143,
        19.093546379217514
      ],
      [
        -0.014921731704247253,
        0.02002338926201428,
        0.9996881542788273,
        1.2305038621432232
      ],
      [
        0.0,
        0.0,
        0.0,
        1.0
      ]
    ],
    "location": [
      -3.1438046918224245,
      19.093546379217514,
      1.2305038621432232
    ],
    "rotation": [
      0.020026957524279358,
      0.014922285500418546,
      -1.2291936895959321
    ]
  },
  {
    "label_id": "79t5YIQHg13CtqWWDSwkyg",
    "size": [
      1.9339295717068963,
      4.366371834683861,
      1.3899999999999864
    ],
    "obj_class": "vehicle",
    "point_num_in_lidar": 3448,
    "speed": 0.059534054239931924,
    "if_vehicle": true,
    "motion_state": false,
    "pose": [
      [
        -0.2977789387801313,
        -0.9545340775261005,
        -0.013870777208757113,
        -3.1518073460351843
      ],
      [
        0.9545058249363633,
        -0.2974683755096261,
        -0.020765253049667143,
        42.64906175991746
      ],
      [
        0.015695024101015153,
        -0.01942319265878398,
        0.9996881542788273,
        1.3260229257071217
      ],
      [
        0.0,
        0.0,
        0.0,
        1.0
      ]
    ],
    "location": [
      -3.1518073460351843,
      42.64906175991746,
      1.3260229257071217
    ],
    "rotation": [
      -0.019426807320951336,
      -0.01569566854156041,
      1.8731999524395124
    ]
  },
  {
    "label_id": "LOS6Tl5N0gzAHJHm3r9uYQ",
    "size": [
      0.43382422842664436,
      0.06657604688007268,
      0.5323116287254095
    ],
    "obj_class": "sign",
    "point_num_in_lidar": 102,
    "speed": 0.020070242105184776,
    "if_vehicle": false,
    "motion_state": false,
    "pose": [
      [
        -0.39887780503023035,
        -0.9168991755879653,
        -0.013870777208757113,
        0.39095364441118363
      ],
      [
        0.9169045443794148,
        -0.3985660055275173,
        -0.020765253049667143,
        37.99603316894718
      ],
      [
        0.01351122313645884,
        -0.021000977214132337,
        0.9996881542788273,
        3.2266014472229756
      ],
      [
        0.0,
        0.0,
        0.0,
        1.0
      ]
    ],
    "location": [
      0.39095364441118363,
      37.99603316894718,
      3.2266014472229756
    ],
    "rotation": [
      -0.02100443881879915,
      -0.013511634256291552,
      1.9811287936405053
    ]
  },
  {
    "label_id": "Psh6rRiIfO9boq2krraFiA",
    "size": [
      2.169439981662212,
      4.624474117045431,
      1.6800000000000068
    ],
    "obj_class": "vehicle",
    "point_num_in_lidar": 98,
    "speed": 0.022334393361084982,
    "if_vehicle": true,
    "motion_state": false,
    "pose": [
      [
        -0.17257987583434026,
        -0.9848978566311476,
        -0.013870777208757113,
        12.249511969889227
      ],
      [
        0.984829908422811,
        -0.17227552275846028,
        -0.020765253049667143,
        -4.705265305325156
      ],
      [
        0.018062057826315807,
        -0.017244021041233692,
        0.9996881542788273,
        0.8233699385487796
      ],
      [
        0.0,
        0.0,
        0.0,
        1.0
      ]
    ],
    "location": [
      12.249511969889227,
      -4.705265305325156,
      0.8233699385487796
    ],
    "rotation": [
      -0.01724768969233241,
      -0.018063040058589542,
      1.7442731603414467
    ]
  },
  {
    "label_id": "R9Kc4bN7zoL4jk7voogivw",
    "size": [
      2.289573738495878,
      4.799047496472925,
      1.789999999999992
    ],
    "obj_class": "vehicle",
    "point_num_in_lidar": 99,
    "speed": 0.022043804059622134,
    "if_vehicle": true,
    "motion_state": false,
    "pose": [
      [
        -0.340092588167681,
        -0.9402896537838928,
        -0.013870777208757113,
        9.116127672182301
      ],
      [
        0.9402752929331446,
        -0.33978107328877555,
        -0.020765253049667143,
        7.271045822804808
      ],
      [
        0.014812325033465468,
        -0.02010445775679261,
        0.9996881542788273,
        1.03424546292365
      ],
      [
        0.0,
        0.0,
        0.0,
        1.0
      ]
    ],
    "location": [
      9.116127672182301,
      7.271045822804808,
      1.03424546292365
    ],
    "rotation": [
      -0.020108018655348746,
      -0.014812866736579484,
      1.9178513602656808
    ]
  },
  {
    "label_id": "RTYLqOt7iUjvYFfcx8gfAQ",
    "size": [
      0.553940417610919,
      0.0901150138124649,
      0.5999999999999943
    ],
    "obj_class": "sign",
    "point_num_in_lidar": 20,
    "speed": 0.024290127972742343,
    "if_vehicle": false,
    "motion_state": false,
    "pose": [
      [
        -0.35898248713572334,
        -0.9332412204084618,
        -0.013870777208757113,
        0.03617091208980128
      ],
      [
        0.9332331435441564,
        -0.35867074602826926,
        -0.020765253049667143,
        4.0725193143061915
      ],
      [
        0.014403948088705074,
        -0.020399031203701217,
        0.9996881542788273,
        3.5445931919441023
      ],
      [
        0.0,
        0.0,
        0.0,
        1.0
      ]
    ],
    "location": [
      0.03617091208980128,
      4.0725193143061915,
      3.5445931919441023
    ],
    "rotation": [
      -0.02040256311242813,
      -0.014404446208662613,
      1.938013717553795
    ]
  },
  {
    "label_id": "XIoeu9zTv5kOh1m8ObiTlw",
    "size": [
      2.1410072622897043,
      4.840942140534744,
      1.5300000000000011
    ],
    "obj_class": "vehicle",
    "point_num_in_lidar": 48,
    "speed": 0.01087044275084096,
    "if_vehicle": true,
    "motion_state": false,
    "pose": [
      [
        0.2417130586894116,
        0.9702486273108734,
        -0.013870777208757113,
        2.6989828472128465
      ],
      [
        -0.9702023455258353,
        0.24140466648752018,
        -0.020765253049667143,
        1.8475177836553485
      ],
      [
        -0.01679898792119977,
        0.018476693411297127,
        0.9996881542788273,
        0.9140604791461442
      ],
      [
        0.0,
        0.0,
        0.0,
        1.0
      ]
    ],
    "location": [
      2.6989828472128465,
      1.8475177836553485,
      0.9140604791461442
    ],
    "rotation": [
      0.018480352974403657,
      0.016799778150741306,
      -1.326630299640027
    ]
  },
  {
    "label_id": "Y1E0fDfZK838aaG00fyskg",
    "size": [
      2.081812977280491,
      4.509477481449721,
      1.5500000000000114
    ],
    "obj_class": "vehicle",
    "point_num_in_lidar": 103,
    "speed": 3.886323734382402,
    "if_vehicle": true,
    "motion_state": true,
    "pose": [
      [
        -0.06447824382469552,
        -0.997822708507332,
        -0.013870777208757113,
        10.067001080721184
      ],
      [
        0.9977220736374279,
        -0.06418308221341602,
        -0.020765253049667143,
        -7.499439037237607
      ],
      [
        0.019829771806905372,
        -0.015178087648901861,
        0.9996881542788273,
        0.858470388751897
      ],
      [
        0.0,
        0.0,
        0.0,
        1.0
      ]
    ],
    "location": [
      10.067001080721184,
      -7.499439037237607,
      0.858470388751897
    ],
    "rotation": [
      -0.015181655869993182,
      -0.019831071613566866,
      1.6353320391091322
    ]
  },
  {
    "label_id": "dpbeEdoZZvFv81kq_2HM-g",
    "size": [
      2.144800156036201,
      4.9209286889163195,
      1.5300000000000011
    ],
    "obj_class": "vehicle",
    "point_num_in_lidar": 826,
    "speed": 0.08710756761244286,
    "if_vehicle": true,
    "motion_state": false,
    "pose": [
      [
        0.31521955533869245,
        0.9489174007634711,
        -0.013870777208757113,
        -7.969229303054362
      ],
      [
        -0.9488948435904306,
        0.31490852651726564,
        -0.020765253049667143,
        32.87225485289855
      ],
      [
        -0.015336483937626917,
        0.019707522802792796,
        0.9996881542788273,
        1.3165750814332284
      ],
      [
        0.0,
        0.0,
        0.0,
        1.0
      ]
    ],
    "location": [
      -7.969229303054362,
      32.87225485289855,
      1.3165750814332284
    ],
    "rotation": [
      0.019711117255174142,
      0.0153370852112233,
      -1.2500692621551293
    ]
  },
  {
    "label_id": "eFBC_rR8PqkddC4r9TsB6g",
    "size": [
      0.8655584428188432,
      1.8662594271112494,
      1.8300000000000125
    ],
    "obj_class": "cyclist",
    "point_num_in_lidar": 47,
    "speed": 4.054799788187722,
    "if_vehicle": false,
    "motion_state": true,
    "pose": [
      [
        -0.2516310412283009,
        -0.9677238348981522,
        -0.013870777208757113,
        7.880391681285346
      ],
      [
        0.9676807119788946,
        -0.25132219147899154,
        -0.020765253049667143,
        3.2450868802479818
      ],
      [
        0.016608996188232753,
        -0.0186476658113276,
        0.9996881542788273,
        1.1750123840130016
      ],
      [
        0.0,
        0.0,
        0.0,
        1.0
      ]
    ],
    "location": [
      7.880391681285346,
      3.2450868802479818,
      1.1750123840130016
    ],
    "rotation": [
      -0.01865131976352543,
      -0.016609759905875075,
      1.8251973501687173
    ]
  },
  {
    "label_id": "iSjPQoPFkB_AGXGQHkoRZw",
    "size": [
      2.1378841110438804,
      5.009969803902331,
      1.5699999999999932
    ],
    "obj_class": "vehicle",
    "point_num_in_lidar": 33,
    "speed": 0.010167791225062678,
    "if_vehicle": true,
    "motion_state": false,
    "pose": [
      [
        -0.1795457447440416,
        0.9836518322475348,
        -0.013870777208757113,
        4.096114445127569
      ],
      [
        -0.9834825905722157,
        -0.17980767032345094,
        -0.020765253049667143,
        -23.803972074822013
      ],
      [
        -0.022919851344871036,
        0.009913355078917522,
        0.9996881542788273,
        0.5928431812973542
      ],
      [
        0.0,
        0.0,
        0.0,
        1.0
      ]
    ],
    "location": [
      4.096114445127569,
      -23.803972074822013,
      0.5928431812973542
    ],
    "rotation": [
      0.009916122452113362,
      0.022921858527194753,
      -1.751368957124408
    ]
  },
  {
    "label_id": "nJKXMyKQ54xjVHQpHbYdKA",
    "size": [
      2.0286030756475926,
      4.447162785649102,
      1.9399999999999977
    ],
    "obj_class": "vehicle",
    "point_num_in_lidar": 4467,
    "speed": 0.007213730962169597,
    "if_vehicle": true,
    "motion_state": false,
    "pose": [
      [
        0.36371815571819754,
        0.931405768041286,
        -0.013870777208757113,
        -9.759910991740071
      ],
      [
        -0.9313992747369757,
        0.3634063776066937,
        -0.020765253049667143,
        38.22767434651905
      ],
      [
        -0.014300147565272979,
        0.020471931374521156,
        0.9996881542788273,
        1.6162681907413798
      ],
      [
        0.0,
        0.0,
        0.0,
        1.0
      ]
    ],
    "location": [
      -9.759910991740071,
      38.22767434651905,
      1.6162681907413798
    ],
    "rotation": [
      0.020475455564383016,
      0.014300634993049885,
      -1.198500058374704
    ]
  },
  {
    "label_id": "qL3ayUyb16f_Z48V2UgLfQ",
    "size": [
      2.0283791355346943,
      4.593255651750809,
      1.539999999999992
    ],
    "obj_class": "vehicle",
    "point_num_in_lidar": 54,
    "speed": 1.718573603063735e-12,
    "if_vehicle": true,
    "motion_state": false,
    "pose": [
      [
        0.3476519745326345,
        0.9375210430402005,
        -0.013870777208757113,
        -1.4374022512538431
      ],
      [
        -0.9375091907066136,
        0.3473403541289343,
        -0.020765253049667143,
        13.762054819657351
      ],
      [
        -0.0146499810303844,
        0.020223062339840215,
        0.9996881542788273,
        1.104213269110062
      ],
      [
        0.0,
        0.0,
        0.0,
        1.0
      ]
    ],
    "location": [
      -1.4374022512538431,
      13.762054819657351,
      1.104213269110062
    ],
    "rotation": [
      0.020226611988692314,
      0.014650505115570573,
      -1.2156908242304885
    ]
  },
  {
    "label_id": "vx8vsYpqN_-7IyAMQX2e7g",
    "size": [
      2.032686010909573,
      4.211359174368511,
      1.509999999999991
    ],
    "obj_class": "vehicle",
    "point_num_in_lidar": 317,
    "speed": 0.009625301156616736,
    "if_vehicle": true,
    "motion_state": false,
    "pose": [
      [
        -0.3441331136173946,
        -0.9388184071755423,
        -0.013870777208757113,
        2.0871933713679027
      ],
      [
        0.9388053861122928,
        -0.343821539860917,
        -0.020765253049667143,
        27.693881725419487
      ],
      [
        0.014725729813702999,
        -0.020167971540179866,
        0.9996881542788273,
        1.193245925883872
      ],
      [
        0.0,
        0.0,
        0.0,
        1.0
      ]
    ],
    "location": [
      2.0871933713679027,
      27.693881725419487,
      1.193245925883872
    ],
    "rotation": [
      -0.020171526484988902,
      -0.014726262070989371,
      1.9221514221359144
    ]
  },
  {
    "label_id": "yLruKQKadJszPkrz_FwX1g",
    "size": [
      2.05483551770163,
      4.043982076859025,
      1.6899999999999977
    ],
    "obj_class": "vehicle",
    "point_num_in_lidar": 5016,
    "speed": 0.11868237799311661,
    "if_vehicle": true,
    "motion_state": false,
    "pose": [
      [
        0.30950507235563934,
        0.950796619538456,
        -0.013870777208757113,
        -11.852577170157929
      ],
      [
        -0.9507721915942776,
        0.30919418486898714,
        -0.020765253049667143,
        44.19829506851238
      ],
      [
        -0.015454768750923156,
        0.019614900393506347,
        0.9996881542788273,
        1.5860637625475817
      ],
      [
        0.0,
        0.0,
        0.0,
        1.0
      ]
    ],
    "location": [
      -11.852577170157929,
      44.19829506851238,
      1.5860637625475817
    ],
    "rotation": [
      0.01961850177712079,
      0.015455384045328372,
      -1.2560849445589197
    ]
  }
]