[
  {
    "label_id": "2mTkBBswZ4DH1MmNIdDmww",
    "size": [
      0.4940038277604628,
      0.07990994376794525,
      0.5099999999999909
    ],
    "obj_class": "sign",
    "point_num_in_lidar": 96,
    "speed": 0.014196005638556837,
    "if_vehicle": false,
    "motion_state": false,
    "pose": [
      [
        -0.17559880736531175,
        -0.9844428417456036,
        -0.006111479994278967,
        12.60825610994516
      ],
      [
        0.9843067124139503,
        -0.17545756684371605,
        -0.018839801859993205,
        1.9080307024378271
      ],
      [
        0.017474402671365585,
        -0.009323817518765947,
        0.9998038365990378,
        2.63957934062239
      ],
      [
        0.0,
        0.0,
        0.0,
        1.0
      ]
    ],
    "location": [
      12.60825610994516,
      1.9080307024378271,
      2.63957934062239
    ],
    "rotation": [
      -0.009325376540157278,
      -0.01747529210889442,
      1.7473375600277965
    ]
  },
  {
    "label_id": "6KbSoKgDcTgkxu2wYrmrIg",
    "size": [
      1.9931503817455558,
      4.913822519243695,
      1.7729219124551037
    ],
    "obj_class": "vehicle",
    "point_num_in_lidar": 119,
    "speed": 0.00749833929726511,
    "if_vehicle": true,
    "motion_state": false,
    "pose": [
      [
        -0.2485690423445443,
        0.9685949003583467,
        -0.006111479994278967,
        2.753504774807425
      ],
      [
        -0.9684124478663524,
        -0.24864109210541896,
        -0.018839801859993205,
        -29.584909572295146
      ],
      [
        -0.01976770106550906,
        0.0012354417950464595,
        0.9998038365990378,
        0.4306685434774238
      ],
      [
        0.0,
        0.0,
        0.0,
        1.0
      ]
    ],
    "location": [
      2.753504774807425,
      -29.584909572295146,
      0.4306685434774238
    ],
    "rotation": [
      0.001235683562132054,
      0.019768988703028966,
      -1.8220491309074378
    ]
  },
  {
    "label_id": "LAi6lGcJwTiPX61x-335WQ",
    "size": [
      1.898764455935242,
      3.789079926980776,
      1.8600000000000136
    ],
    "obj_class": "vehicle",
    "point_num_in_lidar": 418,
    "speed": 0.009395899325178463,
    "if_vehicle": true,
    "motion_state": false,
    "pose": [
      [
        0.0731184129264257,
        -0.9973045410020953,
        -0.006111479994278967,
        12.712484732558096
      ],
      [
        0.9971377308467454,
        0.07322163333113871,
        -0.018839801859993205,
        -18.00348056767325
      ],
      [
        0.01923651249380263,
        -0.004716450881759583,
        0.9998038365990378,
        0.6134054891032008
      ],
      [
        0.0,
        0.0,
        0.0,
        1.0
      ]
    ],
    "location": [
      12.712484732558096,
      -18.00348056767325,
      0.6134054891032008
    ],
    "rotation": [
      -0.004717341265868207,
      -0.019237699082192732,
      1.4975990358568902
    ]
  },
  {
    "label_id": "NdBVqaolE4bHvXj5PXHRjw",
    "size": [
      0.7548897632107702,
      0.8921890462625014,
      1.5858547172024373
    ],
    "obj_class": "pedestrian",
    "point_num_in_lidar": 137,
    "speed": 1.4220782707564485,
    "if_vehicle": false,
    "motion_state": true,
    "pose": [
      [
        -0.06296030573719728,
        -0.997997319492271,
        -0.006111479994278967,
        14.532956424302938
      ],
      [
        0.9978460678730654,
        -0.0628353936578588,
        -0.018839801859993205,
        -11.30863892148409
      ],
      [
        0.018418054504766076,
        -0.007284475966309561,
        0.9998038365990378,
        0.673081880398712
      ],
      [
        0.0,
        0.0,
        0.0,
        1.0
      ]
    ],
    "location": [
      14.532956424302938,
      -11.30863892148409,
      0.673081880398712
    ],
    "rotation": [
      -0.007285776275687223,
      -0.018419095973688415,
      1.6338090054842465
    ]
  },
  {
    "label_id": "Psh6rRiIfO9boq2krraFiA",
    "size": [
      2.1694399816615197,
      4.624474117045431,
      1.6800000000000068
    ],
    "obj_class": "vehicle",
    "point_num_in_lidar": 2500,
    "speed": 0.02119240003650937,
    "if_vehicle": true,
    "motion_state": false,
    "pose": [
      [
        -0.1813431753572183,
        -0.9834008859888426,
        -0.006111479994278967,
        12.09286855486198
      ],
      [
        0.983265583565617,
        -0.18120114249430871,
        -0.018839801859993205,
        -4.645940736094417
      ],
      [
        0.017419670683677103,
        -0.009425677435416297,
        0.9998038365990378,
        0.6688725658242731
      ],
      [
        0.0,
        0.0,
        0.0,
        1.0
      ]
    ],
    "location": [
      12.09286855486198,
      -4.645940736094417,
      0.6688725658242731
    ],
    "rotation": [
      -0.009427247485295316,
      -0.017420551789113253,
      1.7531764114967092
    ]
  },
  {
    "label_id": "R9Kc4bN7zoL4jk7voogivw",
    "size": [
      2.2895737384958785,
      4.799047496472925,
      1.789999999999992
    ],
    "obj_class": "vehicle",
    "point_num_in_lidar": 6918,
    "speed": 0.08141196733424108,
    "if_vehicle": true,
    "motion_state": false,
    "pose": [
      [
        -0.3401189576031952,
        -0.9403625601283769,
        -0.006111479994278967,
        9.07281483387851
      ],
      [
        0.9402523749943591,
        -0.339956663684275,
        -0.018839801859993205,
        7.076684640087478
      ],
      [
        0.0156386059603463,
        -0.012154107349422938,
        0.9998038365990378,
        0.8229923300792734
      ],
      [
        0.0,
        0.0,
        0.0,
        1.0
      ]
    ],
    "location": [
      9.07281483387851,
      7.076684640087478,
      0.8229923300792734
    ],
    "rotation": [
      -0.012155893231326952,
      -0.015639243475718476,
      1.91788395657738
    ]
  },
  {
    "label_id": "XIoeu9zTv5kOh1m8ObiTlw",
    "size": [
      2.1410072622903233,
      4.840942140534744,
      1.5300000000000011
    ],
    "obj_class": "vehicle",
    "point_num_in_lidar": 5314,
    "speed": 0.09455119694202778,
    "if_vehicle": true,
    "motion_state": false,
    "pose": [
      [
        0.24813903232620638,
        0.968705151451407,
        -0.006111479994278967,
        2.6911341949758025
      ],
      [
        -0.9685798740924382,
        0.24798808311883258,
        -0.018839801859993205,
        1.8798588733643555
      ],
      [
        -0.016734638905298884,
        0.010594346726133352,
        0.9998038365990378,
        0.7393575310519793
      ],
      [
        0.0,
        0.0,
        0.0,
        1.0
      ]
    ],
    "location": [
      2.6911341949758025,
      1.8798588733643555,
      0.7393575310519793
    ],
    "rotation": [
      0.010596028779864812,
      0.01673542008783,
      -1.3200017204120749
    ]
  },
  {
    "label_id": "a2js6W3iAc3AmkF_O_niUA",
    "size": [
      1.9033192443093812,
      4.54035874329206,
      1.6304946149214459
    ],
    "obj_class": "vehicle",
    "point_num_in_lidar": 42,
    "speed": 5.728578676879116e-13,
    "if_vehicle": true,
    "motion_state": false,
    "pose": [
      [
        0.9687633812856323,
        0.24791159894669731,
        -0.006111479994278967,
        -11.323998840981403
      ],
      [
        -0.24798377252163262,
        0.9685809777358915,
        -0.018839801859993205,
        -26.250348546209352
      ],
      [
        0.0012488578653221843,
        0.019766858017310148,
        0.9998038365990378,
        3.014323063605417
      ],
      [
        0.0,
        0.0,
        0.0,
        1.0
      ]
    ],
    "location": [
      -11.323998840981403,
      -26.250348546209352,
      3.014323063605417
    ],
    "rotation": [
      0.01976816090775379,
      -0.001248858189951768,
      -0.25059866197062247
    ]
  },
  {
    "label_id": "iSjPQoPFkB_AGXGQHkoRZw",
    "size": [
      2.1378841110428426,
      5.009969803902331,
      1.5699999999999932
    ],
    "obj_class": "vehicle",
    "point_num_in_lidar": 418,
    "speed": 0.015587861770013957,
    "if_vehicle": true,
    "motion_state": false,
    "pose": [
      [
        -0.17560278926964185,
        0.9844421314699006,
        -0.006111479994278967,
        4.05004462584202
      ],
      [
        -0.984265563714687,
        -0.17568825217209535,
        -0.018839801859993205,
        -23.73247888240985
      ],
      [
        -0.01962040993790191,
        0.0027069975457978254,
        0.9998038365990378,
        0.3580363318303057
      ],
      [
        0.0,
        0.0,
        0.0,
        1.0
      ]
    ],
    "location": [
      4.05004462584202,
      -23.73247888240985,
      0.3580363318303057
    ],
    "rotation": [
      0.002707522047820685,
      0.019621669003116068,
      -1.7473487089536177
    ]
  },
  {
    "label_id": "qE8xh4Tna0sZpG36-C1CQw",
    "size": [
      2.0967581276164733,
      4.705847062522819,
      1.7761070921727935
    ],
    "obj_class": "vehicle",
    "point_num_in_lidar": 229,
    "speed": 0.02232408163324469,
    "if_vehicle": true,
    "motion_state": false,
    "pose": [
      [
        0.9770982700839043,
        0.21270077670596557,
        -0.006111479994278967,
        13.843875897576254
      ],
      [
        -0.2127795021407978,
        0.976918597087081,
        -0.018839801859993205,
        -36.674586688208365
      ],
      [
        0.0019631779735297195,
        0.019708735476649007,
        0.9998038365990378,
        0.10640566752087466
      ],
      [
        0.0,
        0.0,
        0.0,
        1.0
      ]
    ],
    "location": [
      13.843875897576254,
      -36.674586688208365,
      0.10640566752087466
    ],
    "rotation": [
      0.01971004961127619,
      -0.0019631792345687275,
      -0.21441914649111599
    ]
  },
  {
    "label_id": "v14dpaT9xoxBvUcM5GXf4A",
    "size": [
      2.4165923386323835,
      6.350069575499419,
      2.3499999999999943
    ],
    "obj_class": "vehicle",
    "point_num_in_lidar": 266,
    "speed": 0.0024302623688524103,
    "if_vehicle": true,
    "motion_state": false,
    "pose": [
      [
        -0.38318716429900196,
        0.9236505004214359,
        -0.006111479994278967,
        0.04482311842320996
      ],
      [
        -0.9234596855760192,
        -0.3832326590750271,
        -0.018839801859993205,
        -36.895590484355125
      ],
      [
        -0.019743511144914787,
        -0.0015754648567648732,
        0.9998038365990378,
        0.4607130709568139
      ],
      [
        0.0,
        0.0,
        0.0,
        1.0
      ]
    ],
    "location": [
      0.04482311842320996,
      -36.895590484355125,
      0.4607130709568139
    ],
    "rotation": [
      -0.001575772661698136,
      0.01974479406058276,
      -1.964121586680379
    ]
  }
]