[
  {
    "label_id": "6fYOf7wqFfBxkCzzrNa0LQ",
    "size": [
      2.055855395403391,
      4.480407800883292,
      1.740000000000009
    ],
    "obj_class": "vehicle",
    "point_num_in_lidar": 793,
    "speed": 0.021489371579014153,
    "if_vehicle": true,
    "motion_state": false,
    "pose": [
      [
        0.3349917915073236,
        0.9422188411482358,
        -0.0020383836708012188,
        -3.172587374818704
      ],
      [
        -0.9421396090969612,
        0.3349336111855065,
        -0.013872024684998293,
        19.119369604886742
      ],
      [
        -0.01238775981923579,
        0.006567456395859683,
        0.9999017011302408,
        1.2133588427197992
      ],
      [
        0.0,
        0.0,
        0.0,
        1.0
      ]
    ],
    "location": [
      -3.172587374818704,
      19.119369604886742,
      1.2133588427197992
    ],
    "rotation": [
      0.00656800758608152,
      0.012388076671686832,
      -1.2291725257562969
    ]
  },
  {
    "label_id": "79t5YIQHg13CtqWWDSwkyg",
    "size": [
      1.9339295717068967,
      4.366371834683861,
      1.3899999999999864
    ],
    "obj_class": "vehicle",
    "point_num_in_lidar": 3974,
    "speed": 0.06279204153085771,
    "if_vehicle": true,
    "motion_state": false,
    "pose": [
      [
        -0.29780697032197223,
        -0.9546239329807621,
        -0.0020383836708012188,
        -3.1064952751257806
      ],
      [
        0.9545424816000994,
        -0.29775193996322297,
        -0.013872024684998293,
        42.52549015254044
      ],
      [
        0.01263563407082887,
        -0.006076909451250667,
        0.9999017011302408,
        1.2300202007935184
      ],
      [
        0.0,
        0.0,
        0.0,
        1.0
      ]
    ],
    "location": [
      -3.1064952751257806,
      42.52549015254044,
      1.2300202007935184
    ],
    "rotation": [
      -0.006077432038518353,
      -0.012635970327628102,
      1.8732157963433278
    ]
  },
  {
    "label_id": "LAi6lGcJwTiPX61x-335WQ",
    "size": [
      1.898764455935243,
      3.789079926980776,
      1.8600000000000136
    ],
    "obj_class": "vehicle",
    "point_num_in_lidar": 39,
    "speed": 0.009395899245913582,
    "if_vehicle": true,
    "motion_state": false,
    "pose": [
      [
        0.07311962655111369,
        -0.9973210943347365,
        -0.0020383836708012188,
        12.702705169430374
      ],
      [
        0.9972251347090294,
        0.07314094363417141,
        -0.013872024684998293,
        -18.05613907233237
      ],
      [
        0.013983952144651863,
        -0.0010184101662285253,
        0.9999017011302408,
        0.7573023446199159
      ],
      [
        0.0,
        0.0,
        0.0,
        1.0
      ]
    ],
    "location": [
      12.702705169430374,
      -18.05613907233237,
      0.7573023446199159
    ],
    "rotation": [
      -0.0010185099324501999,
      -0.013984407947208231,
      1.4976042180031326
    ]
  },
  {
    "label_id": "LOS6Tl5N0gzAHJHm3r9uYQ",
    "size": [
      0.4338242284266445,
      0.06657604688007268,
      0.5323116287254095
    ],
    "obj_class": "sign",
    "point_num_in_lidar": 33,
    "speed": 0.02343497563115055,
    "if_vehicle": false,
    "motion_state": false,
    "pose": [
      [
        -0.3989153535550945,
        -0.9169854882657765,
        -0.0020383836708012188,
        0.38970531873201253
      ],
      [
        0.9169104393323203,
        -0.3988518687113676,
        -0.013872024684998293,
        37.9886823154593
      ],
      [
        0.01190743219275826,
        -0.0074027788988632656,
        0.9999017011302408,
        3.1837677542347933
      ],
      [
        0.0,
        0.0,
        0.0,
        1.0
      ]
    ],
    "location": [
      0.38970531873201253,
      37.9886823154593,
      3.1837677542347933
    ],
    "rotation": [
      -0.007403371392865976,
      -0.01190771359711186,
      1.9811608758905044
    ]
  },
  {
    "label_id": "Psh6rRiIfO9boq2krraFiA",
    "size": [
      2.1694399816618213,
      4.624474117045431,
      1.6800000000000068
    ],
    "obj_class": "vehicle",
    "point_num_in_lidar": 85,
    "speed": 0.022334393175029197,
    "if_vehicle": true,
    "motion_state": false,
    "pose": [
      [
        -0.1746968436450271,
        -0.9846201591540139,
        -0.0020383836708012188,
        12.211927634911717
      ],
      [
        0.9845324026620272,
        -0.17465255520511164,
        -0.013872024684998293,
        -4.6910312279978825
      ],
      [
        0.013302666236537619,
        -0.00443025370039607,
        0.9999017011302408,
        0.7863005155626013
      ],
      [
        0.0,
        0.0,
        0.0,
        1.0
      ]
    ],
    "location": [
      12.211927634911717,
      -4.6910312279978825,
      0.7863005155626013
    ],
    "rotation": [
      -0.004430660239517452,
      -0.013303058609813288,
      1.746409896296858
    ]
  },
  {
    "label_id": "R9Kc4bN7zoL4jk7voogivw",
    "size": [
      2.2895737384958785,
      4.799047496472925,
      1.789999999999992
    ],
    "obj_class": "vehicle",
    "point_num_in_lidar": 265,
    "speed": 0.02204380387432616,
    "if_vehicle": true,
    "motion_state": false,
    "pose": [
      [
        -0.34012460292216073,
        -0.9403781683339173,
        -0.0020383836708012188,
        9.144171989346432
      ],
      [
        0.9402992547099988,
        -0.3400659914236644,
        -0.013872024684998293,
        7.29909846778537
      ],
      [
        0.012351764200448754,
        -0.006634907534178873,
        0.9999017011302408,
        0.9939018988688701
      ],
      [
        0.0,
        0.0,
        0.0,
        1.0
      ]
    ],
    "location": [
      9.144171989346432,
      7.29909846778537,
      0.9939018988688701
    ],
    "rotation": [
      -0.006635462415434769,
      -0.01235207829871875,
      1.9178733178094192
    ]
  },
  {
    "label_id": "RTYLqOt7iUjvYFfcx8gfAQ",
    "size": [
      0.5539404176109187,
      0.0901150138124649,
      0.5999999999999943
    ],
    "obj_class": "sign",
    "point_num_in_lidar": 27,
    "speed": 0.024290127768882515,
    "if_vehicle": false,
    "motion_state": false,
    "pose": [
      [
        -0.3590162800985339,
        -0.9333290714513406,
        -0.0020383836708012188,
        -0.0027119067763123894
      ],
      [
        0.9332513556522737,
        -0.3589560893818799,
        -0.013872024684998293,
        4.092483642507432
      ],
      [
        0.012215473687268845,
        -0.006882607023957819,
        0.9999017011302408,
        3.481583174917205
      ],
      [
        0.0,
        0.0,
        0.0,
        1.0
      ]
    ],
    "location": [
      -0.0027119067763123894,
      4.092483642507432,
      3.481583174917205
    ],
    "rotation": [
      -0.006883174936989607,
      -0.012215777502016153,
      1.9380387208980943
    ]
  },
  {
    "label_id": "XIoeu9zTv5kOh1m8ObiTlw",
    "size": [
      2.141007262290122,
      4.840942140534744,
      1.5300000000000011
    ],
    "obj_class": "vehicle",
    "point_num_in_lidar": 120,
    "speed": 0.010870442658757477,
    "if_vehicle": true,
    "motion_state": false,
    "pose": [
      [
        0.24341695067474706,
        0.9699196013671537,
        -0.0020383836708012188,
        2.6947657926239117
      ],
      [
        -0.9698351720209689,
        0.24336660831386914,
        -0.013872024684998293,
        1.866618531768836
      ],
      [
        -0.012958674132223593,
        0.005353582126523337,
        0.9999017011302408,
        0.8716731179431747
      ],
      [
        0.0,
        0.0,
        0.0,
        1.0
      ]
    ],
    "location": [
      2.6947657926239117,
      1.866618531768836,
      0.8716731179431747
    ],
    "rotation": [
      0.005354057269068278,
      0.01295903684535345,
      -1.324888035998939
    ]
  },
  {
    "label_id": "Y1E0fDfZK838aaG00fyskg",
    "size": [
      2.0818129772792497,
      4.509477481449721,
      1.5500000000000114
    ],
    "obj_class": "vehicle",
    "point_num_in_lidar": 197,
    "speed": 4.0844104624243815,
    "if_vehicle": true,
    "motion_state": true,
    "pose": [
      [
        -0.21502322848384875,
        -0.9766068073715201,
        -0.0020383836708012188,
        8.752259082848468
      ],
      [
        0.9765209455846561,
        -0.21497537013711093,
        -0.013872024684998293,
        -0.4191082960951462
      ],
      [
        0.013109311455283164,
        -0.004973331883051106,
        0.9999017011302408,
        0.8805269228558927
      ],
      [
        0.0,
        0.0,
        0.0,
        1.0
      ]
    ],
    "location": [
      8.752259082848468,
      -0.4191082960951462,
      0.8805269228558927
    ],
    "rotation": [
      -0.004973779789015785,
      -0.013109686965694525,
      1.787530862727028
    ]
  },
  {
    "label_id": "dpbeEdoZZvFv81kq_2HM-g",
    "size": [
      2.144800156036201,
      4.9209286889163195,
      1.5300000000000011
    ],
    "obj_class": "vehicle",
    "point_num_in_lidar": 6758,
    "speed": 0.10568110862590577,
    "if_vehicle": true,
    "motion_state": false,
    "pose": [
      [
        0.3152492286600856,
        0.9490067274899749,
        -0.0020383836708012188,
        -7.944767082628005
      ],
      [
        -0.948926298145144,
        0.3151927150485749,
        -0.013872024684998293,
        32.79884592409144
      ],
      [
        -0.012522161066459864,
        0.006307420952832289,
        0.9999017011302408,
        1.2909819538994611
      ],
      [
        0.0,
        0.0,
        0.0,
        1.0
      ]
    ],
    "location": [
      -7.944767082628005,
      32.79884592409144,
      1.2909819538994611
    ],
    "rotation": [
      0.006307957359577222,
      0.012522488344791735,
      -1.2500510168080023
    ]
  },
  {
    "label_id": "eFBC_rR8PqkddC4r9TsB6g",
    "size": [
      0.8655584428188583,
      1.8662594271112494,
      1.8300000000000125
    ],
    "obj_class": "cyclist",
    "point_num_in_lidar": 107,
    "speed": 3.9791634076213147,
    "if_vehicle": false,
    "motion_state": true,
    "pose": [
      [
        -0.3065110614088682,
        -0.9518649138538618,
        -0.0020383836708012188,
        6.0011876445064445
      ],
      [
        0.9517839683413227,
        -0.3064552896257182,
        -0.013872024684998293,
        10.152068299239545
      ],
      [
        0.012579620123560823,
        -0.006192029909286183,
        0.9999017011302408,
        1.1733400046498446
      ],
      [
        0.0,
        0.0,
        0.0,
        1.0
      ]
    ],
    "location": [
      6.0011876445064445,
      10.152068299239545,
      1.1733400046498446
    ],
    "rotation": [
      -0.006192559480454775,
      -0.012579951928050156,
      1.8823473038901701
    ]
  },
  {
    "label_id": "iSjPQoPFkB_AGXGQHkoRZw",
    "size": [
      2.1378841110444586,
      5.009969803902331,
      1.5699999999999932
    ],
    "obj_class": "vehicle",
    "point_num_in_lidar": 50,
    "speed": 0.010167791138807109,
    "if_vehicle": true,
    "motion_state": false,
    "pose": [
      [
        -0.18030107894913347,
        0.9836093563614515,
        -0.0020383836708012188,
        4.084906462057461
      ],
      [
        -0.9835116568872193,
        -0.1803119177927385,
        -0.013872024684998293,
        -23.78951048808449
      ],
      [
        -0.014012198140720907,
        -0.0004963669164726467,
        0.9999017011302408,
        0.5397883858832131
      ],
      [
        0.0,
        0.0,
        0.0,
        1.0
      ]
    ],
    "location": [
      4.084906462057461,
      -23.78951048808449,
      0.5397883858832131
    ],
    "rotation": [
      -0.0004964156727992247,
      0.014012656711031465,
      -1.7521068627678995
    ]
  },
  {
    "label_id": "nJKXMyKQ54xjVHQpHbYdKA",
    "size": [
      2.028603075648034,
      4.447162785649102,
      1.9399999999999977
    ],
    "obj_class": "vehicle",
    "point_num_in_lidar": 6488,
    "speed": 0.10618944258593091,
    "if_vehicle": true,
    "motion_state": false,
    "pose": [
      [
        0.3581729660900683,
        0.9336530251406319,
        -0.0020383836708012188,
        -9.731472287448469
      ],
      [
        -0.933575254997112,
        0.3581128456062642,
        -0.013872024684998293,
        38.120993997205005
      ],
      [
        -0.01222168643518621,
        0.0068715687823506805,
        0.9999017011302408,
        1.530344210747188
      ],
      [
        0.0,
        0.0,
        0.0,
        1.0
      ]
    ],
    "location": [
      -9.731472287448469,
      38.120993997205005,
      1.530344210747188
    ],
    "rotation": [
      0.006872136132404847,
      0.012221990713747521,
      -1.2044573767726494
    ]
  },
  {
    "label_id": "qE8xh4Tna0sZpG36-C1CQw",
    "size": [
      2.0967581276164746,
      4.705847062522819,
      1.7761070921727935
    ],
    "obj_class": "vehicle",
    "point_num_in_lidar": 38,
    "speed": 0.02232408219368907,
    "if_vehicle": true,
    "motion_state": false,
    "pose": [
      [
        0.9771144880314051,
        0.2127043071287829,
        -0.0020383836708012188,
        13.944262905289634
      ],
      [
        -0.21271191174171483,
        0.9770164837577325,
        -0.013872024684998293,
        -36.75278964744757
      ],
      [
        -0.0009591049525005491,
        0.013988144785520342,
        0.9999017011302408,
        0.23115115777622464
      ],
      [
        0.0,
        0.0,
        0.0,
        1.0
      ]
    ],
    "location": [
      13.944262905289634,
      -36.75278964744757,
      0.23115115777622464
    ],
    "rotation": [
      0.01398860743255462,
      0.0009591050995445565,
      -0.21434965301636755
    ]
  },
  {
    "label_id": "qL3ayUyb16f_Z48V2UgLfQ",
    "size": [
      2.0283791355346947,
      4.593255651750809,
      1.539999999999992
    ],
    "obj_class": "vehicle",
    "point_num_in_lidar": 169,
    "speed": 1.718573603063735e-12,
    "if_vehicle": true,
    "motion_state": false,
    "pose": [
      [
        0.3476847008930333,
        0.9376092969659231,
        -0.0020383836708012188,
        -1.4374022512538431
      ],
      [
        -0.9375308577893945,
        0.3476254559491017,
        -0.013872024684998293,
        13.762054819655532
      ],
      [
        -0.012297945259433701,
        0.006734138344774566,
        0.9999017011302408,
        1.0555773168079554
      ],
      [
        0.0,
        0.0,
        0.0,
        1.0
      ]
    ],
    "location": [
      -1.4374022512538431,
      13.762054819655532,
      1.0555773168079554
    ],
    "rotation": [
      0.006734698546159775,
      0.012298255269627877,
      -1.2156676713355583
    ]
  },
  {
    "label_id": "vx8vsYpqN_-7IyAMQX2e7g",
    "size": [
      2.032686010909592,
      4.211359174368511,
      1.509999999999991
    ],
    "obj_class": "vehicle",
    "point_num_in_lidar": 1553,
    "speed": 0.04333725295814239,
    "if_vehicle": true,
    "motion_state": false,
    "pose": [
      [
        -0.3439572179401115,
        -0.9389831080583447,
        -0.0020383836708012188,
        2.067833679282103
      ],
      [
        0.9389044341447554,
        -0.3438982850705353,
        -0.013872024684998293,
        27.699719462907524
      ],
      [
        0.012324600205077457,
        -0.006685230484852092,
        0.9999017011302408,
        1.1514668216794348
      ],
      [
        0.0,
        0.0,
        0.0,
        1.0
      ]
    ],
    "location": [
      2.067833679282103,
      27.699719462907524,
      1.1514668216794348
    ],
    "rotation": [
      -0.006685788080562587,
      -0.012324912235512964,
      1.92195216788066
    ]
  }
]