[
  {
    "label_id": "6fYOf7wqFfBxkCzzrNa0LQ",
    "size": [
      2.055855395403391,
      4.480407800883292,
      1.740000000000009
    ],
    "obj_class": "vehicle",
    "point_num_in_lidar": 1412,
    "speed": 0.021489371756325034,
    "if_vehicle": true,
    "motion_state": false,
    "pose": [
      [
        0.3349909899709827,
        0.9422165866970518,
        -0.0029900486982804347,
        -3.183786321400021
      ],
      [
        -0.942130960499916,
        0.3349132228356346,
        -0.01491262677580217,
        19.129417067273607
      ],
      [
        -0.013049517453406788,
        0.007812613058746223,
        0.9998843298959272,
        1.2066879511738762
      ],
      [
        0.0,
        0.0,
        0.0,
        1.0
      ]
    ],
    "location": [
      -3.183786321400021,
      19.129417067273607,
      1.2066879511738762
    ],
    "rotation": [
      0.007813357847086607,
      0.01304988784864062,
      -1.2291703833596166
    ]
  },
  {
    "label_id": "LAi6lGcJwTiPX61x-335WQ",
    "size": [
      1.8987644559352397,
      3.789079926980776,
      1.8600000000000136
    ],
    "obj_class": "vehicle",
    "point_num_in_lidar": 50,
    "speed": 0.009395899327439923,
    "if_vehicle": true,
    "motion_state": false,
    "pose": [
      [
        0.0731194515974552,
        -0.9973187080401477,
        -0.0029900486982804347,
        12.70390635387912
      ],
      [
        0.9972090031616645,
        0.07315611783005653,
        -0.01491262677580217,
        -18.04967123977258
      ],
      [
        0.015091382024416945,
        -0.0018913003900928834,
        0.9998843298959272,
        0.7396280719845549
      ],
      [
        0.0,
        0.0,
        0.0,
        1.0
      ]
    ],
    "location": [
      12.70390635387912,
      -18.04967123977258,
      0.7396280719845549
    ],
    "rotation": [
      -0.0018915169264643657,
      -0.015091954926369116,
      1.4976032127258319
    ]
  },
  {
    "label_id": "NdBVqaolE4bHvXj5PXHRjw",
    "size": [
      0.7548897632117737,
      0.8921890462625014,
      1.5858547172024373
    ],
    "obj_class": "pedestrian",
    "point_num_in_lidar": 23,
    "speed": 1.3696480643357234,
    "if_vehicle": false,
    "motion_state": true,
    "pose": [
      [
        0.049571508284491535,
        -0.9987661013346331,
        -0.0029900486982804347,
        14.493612091097475
      ],
      [
        0.9986572919748393,
        0.04961075234388254,
        -0.01491262677580217,
        -18.361650767539686
      ],
      [
        0.015042564670992933,
        -0.002246792534137424,
        0.9998843298959272,
        0.7326429486585369
      ],
      [
        0.0,
        0.0,
        0.0,
        1.0
      ]
    ],
    "location": [
      14.493612091097475,
      -18.361650767539686,
      0.7326429486585369
    ],
    "rotation": [
      -0.0022470486689671653,
      -0.015043132030892976,
      1.5211988773843672
    ]
  },
  {
    "label_id": "Psh6rRiIfO9boq2krraFiA",
    "size": [
      2.1694399816623515,
      4.624474117045431,
      1.6800000000000068
    ],
    "obj_class": "vehicle",
    "point_num_in_lidar": 130,
    "speed": 0.022334393361252092,
    "if_vehicle": true,
    "motion_state": false,
    "pose": [
      [
        -0.17551357144949511,
        -0.9844724708420368,
        -0.0029900486982804347,
        12.19730408644773
      ],
      [
        0.9843752235674147,
        -0.17545094126065008,
        -0.01491262677580217,
        -4.685492944036014
      ],
      [
        0.014156463670190595,
        -0.005560698240961668,
        0.9998843298959272,
        0.7718773122811342
      ],
      [
        0.0,
        0.0,
        0.0,
        1.0
      ]
    ],
    "location": [
      12.19730408644773,
      -4.685492944036014,
      0.7718773122811342
    ],
    "rotation": [
      -0.005561284188291622,
      -0.014156936551615014,
      1.7472416070019892
    ]
  },
  {
    "label_id": "R9Kc4bN7zoL4jk7voogivw",
    "size": [
      2.2895737384958785,
      4.799047496472925,
      1.789999999999992
    ],
    "obj_class": "vehicle",
    "point_num_in_lidar": 311,
    "speed": 0.022040493330441578,
    "if_vehicle": true,
    "motion_state": false,
    "pose": [
      [
        -0.3401237891045226,
        -0.940375918286918,
        -0.0029900486982804347,
        9.155083647927313
      ],
      [
        0.9402907174164413,
        -0.3400455562172806,
        -0.01491262677580217,
        7.310013366601197
      ],
      [
        0.01300672232564152,
        -0.007883654160103601,
        0.9998843298959272,
        0.9782047722725906
      ],
      [
        0.0,
        0.0,
        0.0,
        1.0
      ]
    ],
    "location": [
      9.155083647927313,
      7.310013366601197,
      0.9782047722725906
    ],
    "rotation": [
      -0.007884402789798363,
      -0.013007089088560348,
      1.9178754566649607
    ]
  },
  {
    "label_id": "RTYLqOt7iUjvYFfcx8gfAQ",
    "size": [
      0.5539404176109178,
      0.0901150138124649,
      0.5999999999999943
    ],
    "obj_class": "sign",
    "point_num_in_lidar": 36,
    "speed": 0.02429012797102549,
    "if_vehicle": false,
    "motion_state": false,
    "pose": [
      [
        -0.3590154210787047,
        -0.9333268382707434,
        -0.0029900486982804347,
        -0.017840677484855405
      ],
      [
        0.9332432321288615,
        -0.3589354861926045,
        -0.01491262677580217,
        4.100251488369395
      ],
      [
        0.012845120215714217,
        -0.00814430569271011,
        0.9998843298959272,
        3.457066842826208
      ],
      [
        0.0,
        0.0,
        0.0,
        1.0
      ]
    ],
    "location": [
      -0.017840677484855405,
      4.100251488369395,
      3.457066842826208
    ],
    "rotation": [
      -0.008145067729221031,
      -0.012845473476570056,
      1.9380408360261332
    ]
  },
  {
    "label_id": "XIoeu9zTv5kOh1m8ObiTlw",
    "size": [
      2.1410072622896874,
      4.840942140534744,
      1.5300000000000011
    ],
    "obj_class": "vehicle",
    "point_num_in_lidar": 199,
    "speed": 0.010870442749807419,
    "if_vehicle": true,
    "motion_state": false,
    "pose": [
      [
        0.2440702772202129,
        0.9697529372919839,
        -0.0029900486982804347,
        2.6931249946128446
      ],
      [
        -0.9696603179782066,
        0.24400098627064784,
        -0.01491262677580217,
        1.874050370479381
      ],
      [
        -0.013731988787195547,
        0.0065390605227965345,
        0.9998843298959272,
        0.8551807779511194
      ],
      [
        0.0,
        0.0,
        0.0,
        1.0
      ]
    ],
    "location": [
      2.6931249946128446,
      1.874050370479381,
      0.8551807779511194
    ],
    "rotation": [
      0.006539723752239827,
      0.01373242039165652,
      -1.3242117338977724
    ]
  },
  {
    "label_id": "Y1E0fDfZK838aaG00fyskg",
    "size": [
      2.0818129772797365,
      4.509477481449721,
      1.5500000000000114
    ],
    "obj_class": "vehicle",
    "point_num_in_lidar": 270,
    "speed": 4.234221696542905,
    "if_vehicle": true,
    "motion_state": true,
    "pose": [
      [
        -0.23902870892302902,
        -0.971007896939758,
        -0.0029900486982804347,
        7.999760726030672
      ],
      [
        0.9709149188803804,
        -0.23895990010491264,
        -0.01491262677580217,
        2.3172183401657094
      ],
      [
        0.013765776625169273,
        -0.006467628814210321,
        0.9998843298959272,
        0.8985463537053988
      ],
      [
        0.0,
        0.0,
        0.0,
        1.0
      ]
    ],
    "location": [
      7.999760726030672,
      2.3172183401657094,
      0.8985463537053988
    ],
    "rotation": [
      -0.006468286802232126,
      -0.013766211423572185,
      1.812185094632534
    ]
  },
  {
    "label_id": "dpbeEdoZZvFv81kq_2HM-g",
    "size": [
      2.144800156036201,
      4.9209286889163195,
      1.5300000000000011
    ],
    "obj_class": "vehicle",
    "point_num_in_lidar": 4385,
    "speed": 0.05868098478824199,
    "if_vehicle": true,
    "motion_state": false,
    "pose": [
      [
        0.31524847436186293,
        0.949004456797385,
        -0.0029900486982804347,
        -7.920679413816288
      ],
      [
        -0.9489172258099645,
        0.3151725116880694,
        -0.01491262677580217,
        32.7766806582531
      ],
      [
        -0.01320976811448559,
        0.007538491555608467,
        0.9998843298959272,
        1.2630803762764629
      ],
      [
        0.0,
        0.0,
        0.0,
        1.0
      ]
    ],
    "location": [
      -7.920679413816288,
      32.7766806582531,
      1.2630803762764629
    ],
    "rotation": [
      0.007539220788610486,
      0.013210152324284113,
      -1.2500488721794945
    ]
  },
  {
    "label_id": "eFBC_rR8PqkddC4r9TsB6g",
    "size": [
      0.8655584428179017,
      1.8662594271112494,
      1.8300000000000125
    ],
    "obj_class": "cyclist",
    "point_num_in_lidar": 174,
    "speed": 4.024794287577531,
    "if_vehicle": false,
    "motion_state": true,
    "pose": [
      [
        -0.3376415989455413,
        -0.9412699986031001,
        -0.0029900486982804347,
        5.179856008981915
      ],
      [
        0.9411845916262763,
        -0.3375635911171777,
        -0.01491262677580217,
        12.831500223624971
      ],
      [
        0.013027476608221076,
        -0.007849310912093687,
        0.9998843298959272,
        1.1673764697511047
      ],
      [
        0.0,
        0.0,
        0.0,
        1.0
      ]
    ],
    "location": [
      5.179856008981915,
      12.831500223624971,
      1.1673764697511047
    ],
    "rotation": [
      -0.007850057694664597,
      -0.01302784512971721,
      1.9152369982820967
    ]
  },
  {
    "label_id": "iSjPQoPFkB_AGXGQHkoRZw",
    "size": [
      2.1378841110434386,
      5.009969803902331,
      1.5699999999999932
    ],
    "obj_class": "vehicle",
    "point_num_in_lidar": 51,
    "speed": 0.010167791224228659,
    "if_vehicle": true,
    "motion_state": false,
    "pose": [
      [
        -0.18058793339718904,
        0.9835542984096579,
        -0.0029900486982804347,
        4.080545589803478
      ],
      [
        -0.983441270609204,
        -0.1806125156936801,
        -0.01491262677580217,
        -23.78388368333799
      ],
      [
        -0.015207418383362224,
        0.0002474968400546071,
        0.9998843298959272,
        0.5191454937722995
      ],
      [
        0.0,
        0.0,
        0.0,
        1.0
      ]
    ],
    "location": [
      4.080545589803478,
      -23.78388368333799,
      0.5191454937722995
    ],
    "rotation": [
      0.0002475254662964381,
      0.015208004603095166,
      -1.7524017412336668
    ]
  },
  {
    "label_id": "qE8xh4Tna0sZpG36-C1CQw",
    "size": [
      2.096758127616465,
      4.705847062522819,
      1.7761070921727935
    ],
    "obj_class": "vehicle",
    "point_num_in_lidar": 60,
    "speed": 0.02232408163358101,
    "if_vehicle": true,
    "motion_state": false,
    "pose": [
      [
        0.977112150085251,
        0.21270379819025304,
        -0.0029900486982804347,
        13.931932772453365
      ],
      [
        -0.2127246654844574,
        0.9769983778170623,
        -0.01491262677580217,
        -36.74318429215964
      ],
      [
        -0.0002506996283927849,
        0.015207365921446886,
        0.9998843298959272,
        0.21582917039228278
      ],
      [
        0.0,
        0.0,
        0.0,
        1.0
      ]
    ],
    "location": [
      13.931932772453365,
      -36.74318429215964,
      0.21582917039228278
    ],
    "rotation": [
      0.015207952613061555,
      0.0002506996310188763,
      -0.214362612198542
    ]
  },
  {
    "label_id": "qL3ayUyb16f_Z48V2UgLfQ",
    "size": [
      2.0283791355346947,
      4.593255651750809,
      1.539999999999992
    ],
    "obj_class": "vehicle",
    "point_num_in_lidar": 340,
    "speed": 0.0807546671584097,
    "if_vehicle": true,
    "motion_state": false,
    "pose": [
      [
        0.34768386898631415,
        0.9376070535440151,
        -0.0029900486982804347,
        -1.4374022512533884
      ],
      [
        -0.9375224852993661,
        0.34760495267004693,
        -0.01491262677580217,
        13.762054819655532
      ],
      [
        -0.012942828315614552,
        0.007988117660937809,
        0.9998843298959272,
        1.0366537358528376
      ],
      [
        0.0,
        0.0,
        0.0,
        1.0
      ]
    ],
    "location": [
      -1.4374022512533884,
      13.762054819655532,
      1.0366537358528376
    ],
    "rotation": [
      0.00798887179443834,
      0.012943189699731376,
      -1.2156655399473904
    ]
  },
  {
    "label_id": "vx8vsYpqN_-7IyAMQX2e7g",
    "size": [
      2.0326860109102314,
      4.211359174368511,
      1.509999999999991
    ],
    "obj_class": "vehicle",
    "point_num_in_lidar": 3375,
    "speed": 0.09336741024970048,
    "if_vehicle": true,
    "motion_state": false,
    "pose": [
      [
        -0.3438753474881528,
        -0.939010545733478,
        -0.0029900486982804347,
        2.033254398106692
      ],
      [
        0.9389256578716589,
        -0.3437967750763788,
        -0.01491262677580217,
        27.69204662539414
      ],
      [
        0.012975144707275534,
        -0.007935518155591357,
        0.9998843298959272,
        1.1303848097666105
      ],
      [
        0.0,
        0.0,
        0.0,
        1.0
      ]
    ],
    "location": [
      2.033254398106692,
      27.69204662539414,
      1.1303848097666105
    ],
    "rotation": [
      -0.007936269539467031,
      -0.01297550880526756,
      1.9218679858164687
    ]
  }
]