[
  {
    "label_id": "6fYOf7wqFfBxkCzzrNa0LQ",
    "size": [
      2.055855395403391,
      4.480407800883292,
      1.740000000000009
    ],
    "obj_class": "vehicle",
    "point_num_in_lidar": 1224,
    "speed": 0.021489371578105668,
    "if_vehicle": true,
    "motion_state": false,
    "pose": [
      [
        0.33499214486106477,
        0.9422198350130463,
        -0.0014301710986316168,
        -3.1821870444719025
      ],
      [
        -0.9420957436574635,
        0.334922513108107,
        -0.016808331143837306,
        19.127982229216286
      ],
      [
        -0.015358146498662753,
        0.006978017006131858,
        0.9998577071837711,
        1.2076405946093303
      ],
      [
        0.0,
        0.0,
        0.0,
        1.0
      ]
    ],
    "location": [
      -3.1821870444719025,
      19.127982229216286,
      1.2076405946093303
    ],
    "rotation": [
      0.006978896764532594,
      0.015358750323911059,
      -1.2291574953596787
    ]
  },
  {
    "label_id": "LAi6lGcJwTiPX61x-335WQ",
    "size": [
      1.898764455935242,
      3.789079926980776,
      1.8600000000000136
    ],
    "obj_class": "vehicle",
    "point_num_in_lidar": 48,
    "speed": 0.009395899249026333,
    "if_vehicle": true,
    "motion_state": false,
    "pose": [
      [
        0.07311970367865535,
        -0.9973221463221271,
        -0.0014301710986316168,
        12.703734817514487
      ],
      [
        0.9971805164585102,
        0.07313342327348128,
        -0.016808331143837306,
        -18.050594885162354
      ],
      [
        0.016867914200774603,
        -0.0001971185621874111,
        0.9998577071837711,
        0.7421520644204236
      ],
      [
        0.0,
        0.0,
        0.0,
        1.0
      ]
    ],
    "location": [
      12.703734817514487,
      -18.050594885162354,
      0.7421520644204236
    ],
    "rotation": [
      -0.00019714661218027984,
      -0.016868714198055905,
      1.497600877818017
    ]
  },
  {
    "label_id": "LOS6Tl5N0gzAHJHm3r9uYQ",
    "size": [
      0.4338242284266446,
      0.06657604688007268,
      0.5323116287254095
    ],
    "obj_class": "sign",
    "point_num_in_lidar": 70,
    "speed": 0.025439864948505923,
    "if_vehicle": false,
    "motion_state": false,
    "pose": [
      [
        -0.3989157743362502,
        -0.9169864555141142,
        -0.0014301710986316168,
        0.37722240658786177
      ],
      [
        0.9168674397321264,
        -0.3988377840215427,
        -0.016808331143837306,
        37.997473440045724
      ],
      [
        0.01484260572694498,
        -0.008016385747125222,
        0.9998577071837711,
        3.1726639596729456
      ],
      [
        0.0,
        0.0,
        0.0,
        1.0
      ]
    ],
    "location": [
      0.37722240658786177,
      37.997473440045724,
      3.1726639596729456
    ],
    "rotation": [
      -0.00801735479936013,
      -0.014843150759270817,
      1.981178418085793
    ]
  },
  {
    "label_id": "NdBVqaolE4bHvXj5PXHRjw",
    "size": [
      0.7548897632093816,
      0.8921890462625014,
      1.5858547172024373
    ],
    "obj_class": "pedestrian",
    "point_num_in_lidar": 23,
    "speed": 1.3696480528773511,
    "if_vehicle": false,
    "motion_state": true,
    "pose": [
      [
        0.05079774773053747,
        -0.9987079370046748,
        -0.0014301710986316168,
        14.481786272967383
      ],
      [
        0.9985666493809788,
        0.05081463124144934,
        -0.016808331143837306,
        -18.498081994439417
      ],
      [
        0.016859287338142327,
        -0.0005742957967861029,
        0.9998577071837711,
        0.7349056578115949
      ],
      [
        0.0,
        0.0,
        0.0,
        1.0
      ]
    ],
    "location": [
      14.481786272967383,
      -18.498081994439417,
      0.7349056578115949
    ],
    "rotation": [
      -0.0005743774634177422,
      -0.016860086108503865,
      1.5199694770063954
    ]
  },
  {
    "label_id": "Psh6rRiIfO9boq2krraFiA",
    "size": [
      2.1694399816620464,
      4.624474117045431,
      1.6800000000000068
    ],
    "obj_class": "vehicle",
    "point_num_in_lidar": 131,
    "speed": 0.02233439317459827,
    "if_vehicle": true,
    "motion_state": false,
    "pose": [
      [
        -0.17539749018559614,
        -0.984496660759813,
        -0.0014301710986316168,
        12.199392417122453
      ],
      [
        0.984362803705933,
        -0.17534922493228822,
        -0.016808331143837306,
        -4.686283844295758
      ],
      [
        0.016296966490387383,
        -0.004355946329265666,
        0.9998577071837711,
        0.7739370324594006
      ],
      [
        0.0,
        0.0,
        0.0,
        1.0
      ]
    ],
    "location": [
      12.199392417122453,
      -4.686283844295758,
      0.7739370324594006
    ],
    "rotation": [
      -0.00435653867559626,
      -0.01629768796487353,
      1.7471294932135166
    ]
  },
  {
    "label_id": "R9Kc4bN7zoL4jk7voogivw",
    "size": [
      2.289573738495878,
      4.799047496472925,
      1.789999999999992
    ],
    "obj_class": "vehicle",
    "point_num_in_lidar": 342,
    "speed": 0.02204380387497928,
    "if_vehicle": true,
    "motion_state": false,
    "pose": [
      [
        -0.3401249616900633,
        -0.9403791602571601,
        -0.0014301710986316168,
        9.153525397451176
      ],
      [
        0.9402554504389589,
        -0.3400546543189637,
        -0.016808331143837306,
        7.308454653402805
      ],
      [
        0.015319867987803852,
        -0.007061659156920213,
        0.9998577071837711,
        0.9804464163623834
      ],
      [
        0.0,
        0.0,
        0.0,
        1.0
      ]
    ],
    "location": [
      9.153525397451176,
      7.308454653402805,
      0.9804464163623834
    ],
    "rotation": [
      -0.0070625466953579,
      -0.015320467309072558,
      1.91788855701972
    ]
  },
  {
    "label_id": "RTYLqOt7iUjvYFfcx8gfAQ",
    "size": [
      0.5539404176109182,
      0.0901150138124649,
      0.5999999999999943
    ],
    "obj_class": "sign",
    "point_num_in_lidar": 24,
    "speed": 0.024290127767773954,
    "if_vehicle": false,
    "motion_state": false,
    "pose": [
      [
        -0.35901665879362415,
        -0.933330055939104,
        -0.0014301710986316168,
        -0.015680198035624926
      ],
      [
        0.9332077888761244,
        -0.35894387135747835,
        -0.016808331143837306,
        4.099142193263106
      ],
      [
        0.015174369495874248,
        -0.007369117695825832,
        0.9998577071837711,
        3.4605679225045947
      ],
      [
        0.0,
        0.0,
        0.0,
        1.0
      ]
    ],
    "location": [
      -0.015680198035624926,
      4.099142193263106,
      3.4605679225045947
    ],
    "rotation": [
      -0.007370032974353408,
      -0.015174951901711106,
      1.938054718533109
    ]
  },
  {
    "label_id": "XIoeu9zTv5kOh1m8ObiTlw",
    "size": [
      2.141007262288885,
      4.840942140534744,
      1.5300000000000011
    ],
    "obj_class": "vehicle",
    "point_num_in_lidar": 171,
    "speed": 0.010870442660838078,
    "if_vehicle": true,
    "motion_state": false,
    "pose": [
      [
        0.24397774298750607,
        0.9697797768242804,
        -0.0014301710986316168,
        2.693359310435426
      ],
      [
        -0.9696496323693528,
        0.24392021328733388,
        -0.016808331143837306,
        1.8729890592167067
      ],
      [
        -0.015951531986043543,
        0.005487623575873453,
        0.9998577071837711,
        0.8575359832967422
      ],
      [
        0.0,
        0.0,
        0.0,
        1.0
      ]
    ],
    "location": [
      2.693359310435426,
      1.8729890592167067,
      0.8575359832967422
    ],
    "rotation": [
      0.005488349429097982,
      0.015952208545049612,
      -1.3242988719338231
    ]
  },
  {
    "label_id": "Y1E0fDfZK838aaG00fyskg",
    "size": [
      2.081812977280136,
      4.509477481449721,
      1.5500000000000114
    ],
    "obj_class": "vehicle",
    "point_num_in_lidar": 260,
    "speed": 4.208675630363343,
    "if_vehicle": true,
    "motion_state": true,
    "pose": [
      [
        -0.23816542459858603,
        -0.9712235505466308,
        -0.0014301710986316168,
        8.115247606047433
      ],
      [
        0.9710930638843559,
        -0.23810867535613583,
        -0.016808331143837306,
        1.9331356896436773
      ],
      [
        0.015984110906453377,
        -0.005391992557714681,
        0.9998577071837711,
        0.8945502015091051
      ],
      [
        0.0,
        0.0,
        0.0,
        1.0
      ]
    ],
    "location": [
      8.115247606047433,
      1.9331356896436773,
      0.8945502015091051
    ],
    "rotation": [
      -0.005392707632459635,
      -0.015984791619600494,
      1.8113041411109403
    ]
  },
  {
    "label_id": "dpbeEdoZZvFv81kq_2HM-g",
    "size": [
      2.144800156036201,
      4.9209286889163195,
      1.5300000000000011
    ],
    "obj_class": "vehicle",
    "point_num_in_lidar": 4153,
    "speed": 0.0558861987939303,
    "if_vehicle": true,
    "motion_state": false,
    "pose": [
      [
        0.31524956118911296,
        0.9490077285147368,
        -0.0014301710986316168,
        -7.92894166746828
      ],
      [
        -0.9488822105838273,
        0.31518253511530187,
        -0.016808331143837306,
        32.781601707289155
      ],
      [
        -0.015500471206421201,
        0.006655882930998681,
        0.9998577071837711,
        1.2706937204987696
      ],
      [
        0.0,
        0.0,
        0.0,
        1.0
      ]
    ],
    "location": [
      -7.92894166746828,
      32.781601707289155,
      1.2706937204987696
    ],
    "rotation": [
      0.006656731823823872,
      0.015501091975979299,
      -1.2500367998701984
    ]
  },
  {
    "label_id": "eFBC_rR8PqkddC4r9TsB6g",
    "size": [
      0.8655584428185741,
      1.8662594271112494,
      1.8300000000000125
    ],
    "obj_class": "cyclist",
    "point_num_in_lidar": 148,
    "speed": 4.021177061065508,
    "if_vehicle": false,
    "motion_state": true,
    "pose": [
      [
        -0.3332185724771408,
        -0.9428485231292062,
        -0.0014301710986316168,
        5.297147346255315
      ],
      [
        0.9427243009669322,
        -0.33314917435072283,
        -0.016808331143837306,
        12.448860447007974
      ],
      [
        0.015371249874544256,
        -0.006949105158693135,
        0.9998577071837711,
        1.1682281001436934
      ],
      [
        0.0,
        0.0,
        0.0,
        1.0
      ]
    ],
    "location": [
      5.297147346255315,
      12.448860447007974,
      1.1682281001436934
    ],
    "rotation": [
      -0.006949982205062519,
      -0.015371855246749411,
      1.9105532761009427
    ]
  },
  {
    "label_id": "iSjPQoPFkB_AGXGQHkoRZw",
    "size": [
      2.137884111043834,
      5.009969803902331,
      1.5699999999999932
    ],
    "obj_class": "vehicle",
    "point_num_in_lidar": 52,
    "speed": 0.010167791142227366,
    "if_vehicle": true,
    "motion_state": false,
    "pose": [
      [
        -0.18054753063257029,
        0.9835652209147646,
        -0.0014301710986316168,
        4.081168348589017
      ],
      [
        -0.9834229379882921,
        -0.18054585301976686,
        -0.016808331143837306,
        -23.784687224897425
      ],
      [
        -0.01679030139566352,
        -0.0016282396184321044,
        0.9998577071837711,
        0.5220934229243994
      ],
      [
        0.0,
        0.0,
        0.0,
        1.0
      ]
    ],
    "location": [
      4.081168348589017,
      -23.784687224897425,
      0.5220934229243994
    ],
    "rotation": [
      -0.0016284698986826166,
      0.01679109039988473,
      -1.7523653087894013
    ]
  },
  {
    "label_id": "qE8xh4Tna0sZpG36-C1CQw",
    "size": [
      2.096758127616463,
      4.705847062522819,
      1.7761070921727935
    ],
    "obj_class": "vehicle",
    "point_num_in_lidar": 73,
    "speed": 0.022324081822914517,
    "if_vehicle": true,
    "motion_state": false,
    "pose": [
      [
        0.9771155187046007,
        0.21270453149208618,
        -0.0014301710986316168,
        13.933693589582163
      ],
      [
        -0.21269818889008174,
        0.9769733673171641,
        -0.016808331143837306,
        -36.74455599466455
      ],
      [
        -0.0021779691270439367,
        0.01672787600665117,
        0.9998577071837711,
        0.21801724234626363
      ],
      [
        0.0,
        0.0,
        0.0,
        1.0
      ]
    ],
    "location": [
      13.933693589582163,
      -36.74455599466455,
      0.21801724234626363
    ],
    "rotation": [
      0.016728695922844917,
      0.0021779708489316797,
      -0.21433602494416268
    ]
  },
  {
    "label_id": "qL3ayUyb16f_Z48V2UgLfQ",
    "size": [
      2.0283791355346943,
      4.593255651750809,
      1.539999999999992
    ],
    "obj_class": "vehicle",
    "point_num_in_lidar": 299,
    "speed": 0.0604067964884557,
    "if_vehicle": true,
    "motion_state": false,
    "pose": [
      [
        0.3476850676354233,
        0.9376102859685254,
        -0.0014301710986316168,
        -1.4374022512552074
      ],
      [
        -0.9374871462147791,
        0.3476137665372714,
        -0.016808331143837306,
        13.762054819657351
      ],
      [
        -0.015262517008038884,
        0.0071847727724386745,
        0.9998577071837711,
        1.0393561370309214
      ],
      [
        0.0,
        0.0,
        0.0,
        1.0
      ]
    ],
    "location": [
      -1.4374022512552074,
      13.762054819657351,
      1.0393561370309214
    ],
    "rotation": [
      0.007185671582236587,
      0.015263109623204351,
      -1.2156521266714868
    ]
  },
  {
    "label_id": "vx8vsYpqN_-7IyAMQX2e7g",
    "size": [
      2.0326860109104006,
      4.211359174368511,
      1.509999999999991
    ],
    "obj_class": "vehicle",
    "point_num_in_lidar": 3065,
    "speed": 0.08308246092507361,
    "if_vehicle": true,
    "motion_state": false,
    "pose": [
      [
        -0.3438881072687644,
        -0.9390095443017262,
        -0.0014301710986316168,
        2.0381925274377863
      ],
      [
        0.9388861170306805,
        -0.34381730504907787,
        -0.016808331143837306,
        27.693142352742143
      ],
      [
        0.01529146579495658,
        -0.007122952972884578,
        0.9998577071837711,
        1.133395447867514
      ],
      [
        0.0,
        0.0,
        0.0,
        1.0
      ]
    ],
    "location": [
      2.0381925274377863,
      27.693142352742143,
      1.133395447867514
    ],
    "rotation": [
      -0.007123846149924358,
      -0.015292061788842022,
      1.9218935685667993
    ]
  }
]