[
  {
    "label_id": "2mTkBBswZ4DH1MmNIdDmww",
    "size": [
      0.49400382776046375,
      0.07990994376794525,
      0.5099999999999909
    ],
    "obj_class": "sign",
    "point_num_in_lidar": 25,
    "speed": 0.014397660575699385,
    "if_vehicle": false,
    "motion_state": false,
    "pose": [
      [
        -0.17560095988092597,
        -0.9844549091885313,
        -0.003582549859814206,
        12.60082330500245
      ],
      [
        0.9843204892829117,
        -0.1755130821385109,
        -0.017559395664135356,
        1.9124586279958748
      ],
      [
        0.01665764889613098,
        -0.006609823964443884,
        0.9998394035846019,
        2.6267192172505247
      ],
      [
        0.0,
        0.0,
        0.0,
        1.0
      ]
    ],
    "location": [
      12.60082330500245,
      1.9124586279958748,
      2.6267192172505247
    ],
    "rotation": [
      -0.006610789344545645,
      -0.016658419345484524,
      1.747337259474019
    ]
  },
  {
    "label_id": "6KbSoKgDcTgkxu2wYrmrIg",
    "size": [
      1.9931503817455538,
      4.913822519243695,
      1.7729219124551037
    ],
    "obj_class": "vehicle",
    "point_num_in_lidar": 108,
    "speed": 0.007498339171256747,
    "if_vehicle": true,
    "motion_state": false,
    "pose": [
      [
        -0.24857208933986286,
        0.9686067735349145,
        -0.003582549859814206,
        2.749132681136416
      ],
      [
        -0.96844801143704,
        -0.24859629274700273,
        -0.017559395664135356,
        -29.583819797700926
      ],
      [
        -0.01789875819319222,
        -0.0008952623801683407,
        0.9998394035846019,
        0.41226456773017617
      ],
      [
        0.0,
        0.0,
        0.0,
        1.0
      ]
    ],
    "location": [
      2.749132681136416,
      -29.583819797700926,
      0.41226456773017617
    ],
    "rotation": [
      -0.0008954059398931935,
      0.017899714021898668,
      -1.8220432395581707
    ]
  },
  {
    "label_id": "LAi6lGcJwTiPX61x-335WQ",
    "size": [
      1.8987644559352421,
      3.789079926980776,
      1.8600000000000136
    ],
    "obj_class": "vehicle",
    "point_num_in_lidar": 567,
    "speed": 0.00939589948160944,
    "if_vehicle": true,
    "motion_state": false,
    "pose": [
      [
        0.07311930922252055,
        -0.9973167661055957,
        -0.003582549859814206,
        12.713515685889433
      ],
      [
        0.9971647991361928,
        0.07317124426703994,
        -0.017559395664135356,
        -17.997929352333813
      ],
      [
        0.017774419329415404,
        -0.0022884617300305285,
        0.9998394035846019,
        0.5982360034425653
      ],
      [
        0.0,
        0.0,
        0.0,
        1.0
      ]
    ],
    "location": [
      12.713515685889433,
      -17.997929352333813,
      0.5982360034425653
    ],
    "rotation": [
      -0.00228882531096514,
      -0.01777535537449557,
      1.4976001216890273
    ]
  },
  {
    "label_id": "NdBVqaolE4bHvXj5PXHRjw",
    "size": [
      0.75488976321142,
      0.8921890462625014,
      1.5858547172024373
    ],
    "obj_class": "pedestrian",
    "point_num_in_lidar": 179,
    "speed": 1.4217242143801014,
    "if_vehicle": false,
    "motion_state": true,
    "pose": [
      [
        -0.0872885616449299,
        -0.9961766270809918,
        -0.003582549859814206,
        14.483133831098712
      ],
      [
        0.9960349195559811,
        -0.08721299587229372,
        -0.017559395664135356,
        -10.455757591966176
      ],
      [
        0.017179814640142687,
        -0.005101079152301927,
        0.9998394035846019,
        0.6667064221483656
      ],
      [
        0.0,
        0.0,
        0.0,
        1.0
      ]
    ],
    "location": [
      14.483133831098712,
      -10.455757591966176,
      0.6667064221483656
    ],
    "rotation": [
      -0.005101854233205559,
      -0.017180659844754878,
      1.6582090500790858
    ]
  },
  {
    "label_id": "Psh6rRiIfO9boq2krraFiA",
    "size": [
      2.169439981662288,
      4.624474117045431,
      1.6800000000000068
    ],
    "obj_class": "vehicle",
    "point_num_in_lidar": 4356,
    "speed": 0.03876189408858993,
    "if_vehicle": true,
    "motion_state": false,
    "pose": [
      [
        -0.18204588606459843,
        -0.9832835098299255,
        -0.003582549859814206,
        12.080317446630033
      ],
      [
        0.9831496684533695,
        -0.1819571296870229,
        -0.017559395664135356,
        -4.641187334302231
      ],
      [
        0.01661399370967095,
        -0.00671879844933039,
        0.9998394035846019,
        0.6564934099815503
      ],
      [
        0.0,
        0.0,
        0.0,
        1.0
      ]
    ],
    "location": [
      12.080317446630033,
      -4.641187334302231,
      0.6564934099815503
    ],
    "rotation": [
      -0.006719776491040948,
      -0.01661475811696845,
      1.7538885895680696
    ]
  },
  {
    "label_id": "R9Kc4bN7zoL4jk7voogivw",
    "size": [
      2.289573738495878,
      4.799047496472925,
      1.789999999999992
    ],
    "obj_class": "vehicle",
    "point_num_in_lidar": 6609,
    "speed": 0.05906705430559483,
    "if_vehicle": true,
    "motion_state": false,
    "pose": [
      [
        -0.3401231268306363,
        -0.9403740872288289,
        -0.003582549859814206,
        9.105255351169944
      ],
      [
        0.9402565306626111,
        -0.3400137117385428,
        -0.017559395664135356,
        7.062281291704494
      ],
      [
        0.015294284594627313,
        -0.009340872460656763,
        0.9998394035846019,
        0.8177744251724448
      ],
      [
        0.0,
        0.0,
        0.0,
        1.0
      ]
    ],
    "location": [
      9.105255351169944,
      7.062281291704494,
      0.8177744251724448
    ],
    "rotation": [
      -0.00934210102592685,
      -0.015294880918189785,
      1.9178864638816782
    ]
  },
  {
    "label_id": "X6CX61Tgdi1uPlMGVF-yMg",
    "size": [
      0.3383261581044403,
      0.057663208219310036,
      0.44999999999998863
    ],
    "obj_class": "sign",
    "point_num_in_lidar": 24,
    "speed": 0.013703506727433411,
    "if_vehicle": false,
    "motion_state": false,
    "pose": [
      [
        -0.5087997544037708,
        -0.8608774449683094,
        -0.003582549859814206,
        0.24841021256361273
      ],
      [
        0.8607822462620262,
        -0.50867041602988,
        -0.017559395664135356,
        -17.575579124006254
      ],
      [
        0.013294150546888974,
        -0.012018011517067283,
        0.9998394035846019,
        0.9761314314195886
      ],
      [
        0.0,
        0.0,
        0.0,
        1.0
      ]
    ],
    "location": [
      0.24841021256361273,
      -17.575579124006254,
      0.9761314314195886
    ],
    "rotation": [
      -0.012019363050417058,
      -0.013294542167074812,
      2.104638576364839
    ]
  },
  {
    "label_id": "XIoeu9zTv5kOh1m8ObiTlw",
    "size": [
      2.141007262289137,
      4.840942140534744,
      1.5300000000000011
    ],
    "obj_class": "vehicle",
    "point_num_in_lidar": 3136,
    "speed": 0.09455119852350093,
    "if_vehicle": true,
    "motion_state": false,
    "pose": [
      [
        0.24834557890993714,
        0.968664874336006,
        -0.003582549859814206,
        2.7043546819163566
      ],
      [
        -0.968537363857888,
        0.24824794548016596,
        -0.017559395664135356,
        1.8246011485389317
      ],
      [
        -0.016119809152136746,
        0.007830631678632231,
        0.9998394035846019,
        0.7332561282514121
      ],
      [
        0.0,
        0.0,
        0.0,
        1.0
      ]
    ],
    "location": [
      2.7043546819163566,
      1.8246011485389317,
      0.7332561282514121
    ],
    "rotation": [
      0.007831729325799936,
      0.016120507351140064,
      -1.3197910582301016
    ]
  },
  {
    "label_id": "a2js6W3iAc3AmkF_O_niUA",
    "size": [
      1.903319244309382,
      4.54035874329206,
      1.6304946149214459
    ],
    "obj_class": "vehicle",
    "point_num_in_lidar": 124,
    "speed": 5.728578676879116e-13,
    "if_vehicle": true,
    "motion_state": false,
    "pose": [
      [
        0.9687752565274635,
        0.24791463788298032,
        -0.003582549859814206,
        -11.323998840983677
      ],
      [
        -0.24793894903651092,
        0.9686165108930268,
        -0.017559395664135356,
        -26.250348546205714
      ],
      [
        -0.000883114272204552,
        0.017899361686103194,
        0.9998394035846019,
        3.014323063605559
      ],
      [
        0.0,
        0.0,
        0.0,
        1.0
      ]
    ],
    "location": [
      -11.323998840983677,
      -26.250348546205714,
      3.014323063605559
    ],
    "rotation": [
      0.017900324592401685,
      0.0008831143869933776,
      -0.2505522936980893
    ]
  },
  {
    "label_id": "iSjPQoPFkB_AGXGQHkoRZw",
    "size": [
      2.1378841110438245,
      5.009969803902331,
      1.5699999999999932
    ],
    "obj_class": "vehicle",
    "point_num_in_lidar": 487,
    "speed": 0.014997867034505575,
    "if_vehicle": true,
    "motion_state": false,
    "pose": [
      [
        -0.17623536394817457,
        0.9843415371864364,
        -0.003582549859814206,
        4.049179106861629
      ],
      [
        -0.9841850006369596,
        -0.1762712459397115,
        -0.017559395664135356,
        -23.723508096727528
      ],
      [
        -0.01791594304753043,
        0.0004313053504842916,
        0.9998394035846019,
        0.35295228698737446
      ],
      [
        0.0,
        0.0,
        0.0,
        1.0
      ]
    ],
    "location": [
      4.049179106861629,
      -23.723508096727528,
      0.35295228698737446
    ],
    "rotation": [
      0.000431374600945882,
      0.017916901632261117,
      -1.7479857024107839
    ]
  },
  {
    "label_id": "qE8xh4Tna0sZpG36-C1CQw",
    "size": [
      2.09675812761648,
      4.705847062522819,
      1.7761070921727935
    ],
    "obj_class": "vehicle",
    "point_num_in_lidar": 263,
    "speed": 0.022324081634335722,
    "if_vehicle": true,
    "motion_state": false,
    "pose": [
      [
        0.9771102474960093,
        0.21270338402289093,
        -0.003582549859814206,
        13.833293183528895
      ],
      [
        -0.21273342245918442,
        0.9769524853301272,
        -0.017559395664135356,
        -36.66634259792045
      ],
      [
        -0.0002349618897938809,
        0.017919593536072597,
        0.9998394035846019,
        0.09325510270224413
      ],
      [
        0.0,
        0.0,
        0.0,
        1.0
      ]
    ],
    "location": [
      13.833293183528895,
      -36.66634259792045,
      0.09325510270224413
    ],
    "rotation": [
      0.017920553201656322,
      0.00023496189195580796,
      -0.21437157347313485
    ]
  },
  {
    "label_id": "v14dpaT9xoxBvUcM5GXf4A",
    "size": [
      2.4165923386323818,
      6.350069575499419,
      2.3499999999999943
    ],
    "obj_class": "vehicle",
    "point_num_in_lidar": 359,
    "speed": 0.0024302623273951564,
    "if_vehicle": true,
    "motion_state": false,
    "pose": [
      [
        -0.3831918614627583,
        0.9236618226630395,
        -0.003582549859814206,
        0.04386347125091561
      ],
      [
        -0.9235012331051269,
        -0.3831933455544609,
        -0.017559395664135356,
        -36.89448967105818
      ],
      [
        -0.017591752670394607,
        -0.0034201282975020947,
        0.9998394035846019,
        0.4500477055228487
      ],
      [
        0.0,
        0.0,
        0.0,
        1.0
      ]
    ],
    "location": [
      0.04386347125091561,
      -36.89448967105818,
      0.4500477055228487
    ],
    "rotation": [
      -0.003420664304340363,
      0.017592660149362466,
      -1.9641099997906555
    ]
  }
]