[
  {
    "label_id": "2mTkBBswZ4DH1MmNIdDmww",
    "size": [
      0.49400382776046314,
      0.07990994376794525,
      0.5099999999999909
    ],
    "obj_class": "sign",
    "point_num_in_lidar": 51,
    "speed": 0.013764233210266803,
    "if_vehicle": false,
    "motion_state": false,
    "pose": [
      [
        -0.17560208356976345,
        -0.9844612088180524,
        0.00019125495213205557,
        12.644577645321533
      ],
      [
        0.9842961225606867,
        -0.17557618776198514,
        -0.018279644497795188,
        1.9031696748807008
      ],
      [
        0.01802918073444966,
        -0.003021692152923285,
        0.999832895047256,
        2.7224184720780897
      ],
      [
        0.0,
        0.0,
        0.0,
        1.0
      ]
    ],
    "location": [
      12.644577645321533,
      1.9031696748807008,
      2.7224184720780897
    ],
    "rotation": [
      -0.0030221879758337788,
      -0.018030157612294127,
      1.7473426459865427
    ]
  },
  {
    "label_id": "6KbSoKgDcTgkxu2wYrmrIg",
    "size": [
      1.9931503817455574,
      4.913822519243695,
      1.7729219124551037
    ],
    "obj_class": "vehicle",
    "point_num_in_lidar": 39,
    "speed": 0.00749833910915018,
    "if_vehicle": true,
    "motion_state": false,
    "pose": [
      [
        -0.2485736799785598,
        0.9686129717505644,
        0.00019125495213205557,
        2.773148723392751
      ],
      [
        -0.9684520161817882,
        -0.24852876483510628,
        -0.018279644497795188,
        -29.589805962365062
      ],
      [
        -0.017658368422531275,
        -0.004729059745513823,
        0.999832895047256,
        0.5133581610201645
      ],
      [
        0.0,
        0.0,
        0.0,
        1.0
      ]
    ],
    "location": [
      2.773148723392751,
      -29.589805962365062,
      0.5133581610201645
    ],
    "rotation": [
      -0.004729814856116522,
      0.017659286250773253,
      -1.8220437847136035
    ]
  },
  {
    "label_id": "6fYOf7wqFfBxkCzzrNa0LQ",
    "size": [
      2.0558553954033916,
      4.480407800883292,
      1.740000000000009
    ],
    "obj_class": "vehicle",
    "point_num_in_lidar": 3474,
    "speed": 0.10862590371030872,
    "if_vehicle": true,
    "motion_state": false,
    "pose": [
      [
        0.334992481329522,
        0.9422207813852511,
        0.00019125495213205557,
        -3.1687775141549537
      ],
      [
        -0.9420621949272718,
        0.33493980875053536,
        -0.018279644497795188,
        19.033653641072306
      ],
      [
        -0.017287519819246894,
        0.005943369408141719,
        0.999832895047256,
        1.1681127150671955
      ],
      [
        0.0,
        0.0,
        0.0,
        1.0
      ]
    ],
    "location": [
      -3.1687775141549537,
      19.033653641072306,
      1.1681127150671955
    ],
    "rotation": [
      0.00594429272650668,
      0.01728838102165545,
      -1.2291459367227062
    ]
  },
  {
    "label_id": "LAi6lGcJwTiPX61x-335WQ",
    "size": [
      1.8987644559352423,
      3.789079926980776,
      1.8600000000000136
    ],
    "obj_class": "vehicle",
    "point_num_in_lidar": 123,
    "speed": 0.009395899247882629,
    "if_vehicle": true,
    "motion_state": false,
    "pose": [
      [
        0.0731197771205977,
        -0.9973231480394794,
        0.00019125495213205557,
        12.70785262817617
      ],
      [
        0.9971567825084564,
        0.07310407440366674,
        -0.018279644497795188,
        -18.028422345443687
      ],
      [
        0.018216731079332915,
        0.0015273147042293542,
        0.999832895047256,
        0.6815624452321174
      ],
      [
        0.0,
        0.0,
        0.0,
        1.0
      ]
    ],
    "location": [
      12.70785262817617,
      -18.028422345443687,
      0.6815624452321174
    ],
    "rotation": [
      0.0015275687805588868,
      -0.01821773876470285,
      1.4975990686061702
    ]
  },
  {
    "label_id": "NdBVqaolE4bHvXj5PXHRjw",
    "size": [
      0.7548897632113183,
      0.8921890462625014,
      1.5858547172024373
    ],
    "obj_class": "pedestrian",
    "point_num_in_lidar": 53,
    "speed": 1.4255792665394438,
    "if_vehicle": false,
    "motion_state": true,
    "pose": [
      [
        0.0010075063864486888,
        -0.999999474176074,
        0.00019125495213205557,
        14.676834403484008
      ],
      [
        0.99983240940584,
        0.0010038419931654868,
        -0.018279644497795188,
        -15.161057488985534
      ],
      [
        0.0182794428961684,
        0.00020963975817453158,
        0.999832895047256,
        0.6808622627598879
      ],
      [
        0.0,
        0.0,
        0.0,
        1.0
      ]
    ],
    "location": [
      14.676834403484008,
      -15.161057488985534,
      0.6808622627598879
    ],
    "rotation": [
      0.00020967479279870665,
      -0.018280461025444943,
      1.5697886518726192
    ]
  },
  {
    "label_id": "Psh6rRiIfO9boq2krraFiA",
    "size": [
      2.1694399816635244,
      4.624474117045431,
      1.6800000000000068
    ],
    "obj_class": "vehicle",
    "point_num_in_lidar": 557,
    "speed": 0.022334393175500275,
    "if_vehicle": true,
    "motion_state": false,
    "pose": [
      [
        -0.1781980954489897,
        -0.9839946149242362,
        0.00019125495213205557,
        12.14926106230405
      ],
      [
        0.9838295975441105,
        -0.1781717642984651,
        -0.018279644497795188,
        -4.667297913549191
      ],
      [
        0.018021147980812096,
        -0.0030692355524073083,
        0.999832895047256,
        0.7244924860087565
      ],
      [
        0.0,
        0.0,
        0.0,
        1.0
      ]
    ],
    "location": [
      12.14926106230405,
      -4.667297913549191,
      0.7244924860087565
    ],
    "rotation": [
      -0.0030697388801992514,
      -0.01802212355339133,
      1.7499806733495067
    ]
  },
  {
    "label_id": "R9Kc4bN7zoL4jk7voogivw",
    "size": [
      2.2895737384958776,
      4.799047496472925,
      1.789999999999992
    ],
    "obj_class": "vehicle",
    "point_num_in_lidar": 637,
    "speed": 0.054521892848683445,
    "if_vehicle": true,
    "motion_state": false,
    "pose": [
      [
        -0.34012530331395774,
        -0.9403801047805783,
        0.00019125495213205557,
        9.164656051153543
      ],
      [
        0.9402218078967397,
        -0.34007176676757617,
        -0.018279644497795188,
        7.302653666440165
      ],
      [
        0.01725485441766296,
        -0.006037547552421102,
        0.999832895047256,
        0.9205983910570694
      ],
      [
        0.0,
        0.0,
        0.0,
        1.0
      ]
    ],
    "location": [
      9.164656051153543,
      7.302653666440165,
      0.9205983910570694
    ],
    "rotation": [
      -0.00603848322976907,
      -0.017255710747034747,
      1.9179003240343844
    ]
  },
  {
    "label_id": "XIoeu9zTv5kOh1m8ObiTlw",
    "size": [
      2.1410072622905574,
      4.840942140534744,
      1.5300000000000011
    ],
    "obj_class": "vehicle",
    "point_num_in_lidar": 824,
    "speed": 0.013530841702536222,
    "if_vehicle": true,
    "motion_state": false,
    "pose": [
      [
        0.24621889039028855,
        0.9692142288661049,
        0.00019125495213205557,
        2.6877344494391764
      ],
      [
        -0.9690514430154978,
        0.2461811434424161,
        -0.018279644497795188,
        1.8984663327009912
      ],
      [
        -0.017763974908681996,
        0.004315457897628647,
        0.999832895047256,
        0.8009981771728292
      ],
      [
        0.0,
        0.0,
        0.0,
        1.0
      ]
    ],
    "location": [
      2.6877344494391764,
      1.8984663327009912,
      0.8009981771728292
    ],
    "rotation": [
      0.004316152350228688,
      0.01776490930448804,
      -1.3219791360726987
    ]
  },
  {
    "label_id": "Y1E0fDfZK838aaG00fyskg",
    "size": [
      2.0818129772806846,
      4.509477481449721,
      1.5500000000000114
    ],
    "obj_class": "vehicle",
    "point_num_in_lidar": 3453,
    "speed": 4.698296542760177,
    "if_vehicle": true,
    "motion_state": true,
    "pose": [
      [
        -0.25444972657906856,
        -0.9670859838015338,
        0.00019125495213205557,
        5.305398186416824
      ],
      [
        0.9669235247377814,
        -0.2544105970782253,
        -0.018279644497795188,
        12.468793746031224
      ],
      [
        0.017726645269258635,
        -0.004466321631987477,
        0.999832895047256,
        0.9275793506105288
      ],
      [
        0.0,
        0.0,
        0.0,
        1.0
      ]
    ],
    "location": [
      5.305398186416824,
      12.468793746031224,
      0.9275793506105288
    ],
    "rotation": [
      -0.0044670383885497345,
      -0.01772757378619642,
      1.8281163348099532
    ]
  },
  {
    "label_id": "eFBC_rR8PqkddC4r9TsB6g",
    "size": [
      0.8655584428177686,
      1.8662594271112494,
      1.8300000000000125
    ],
    "obj_class": "cyclist",
    "point_num_in_lidar": 1360,
    "speed": 3.9519298835269305,
    "if_vehicle": false,
    "motion_state": true,
    "pose": [
      [
        -0.3420445501879468,
        -0.9396837175923973,
        0.00019125495213205557,
        2.054444483721909
      ],
      [
        0.9395255303430117,
        -0.3419906905614782,
        -0.018279644497795188,
        21.488518991169258
      ],
      [
        0.01724249171110854,
        -0.0060727638695113354,
        0.999832895047256,
        1.230211791421226
      ],
      [
        0.0,
        0.0,
        0.0,
        1.0
      ]
    ],
    "location": [
      2.054444483721909,
      21.488518991169258,
      1.230211791421226
    ],
    "rotation": [
      -0.006073704140856956,
      -0.017243346201013816,
      1.9199422723466257
    ]
  },
  {
    "label_id": "iSjPQoPFkB_AGXGQHkoRZw",
    "size": [
      2.1378841110431357,
      5.009969803902331,
      1.5699999999999932
    ],
    "obj_class": "vehicle",
    "point_num_in_lidar": 171,
    "speed": 0.010167791140104453,
    "if_vehicle": true,
    "motion_state": false,
    "pose": [
      [
        -0.18153245871646193,
        0.9833849347299862,
        0.00019125495213205557,
        4.066218732573816
      ],
      [
        -0.9832212768522989,
        -0.18149869239740868,
        -0.018279644497795188,
        -23.765397833818497
      ],
      [
        -0.017941214487625177,
        -0.00350639474838721,
        0.999832895047256,
        0.45132700454050223
      ],
      [
        0.0,
        0.0,
        0.0,
        1.0
      ]
    ],
    "location": [
      4.066218732573816,
      -23.765397833818497,
      0.45132700454050223
    ],
    "rotation": [
      -0.0035069664049992735,
      0.017942177134885176,
      -1.7533706227539736
    ]
  },
  {
    "label_id": "qE8xh4Tna0sZpG36-C1CQw",
    "size": [
      2.0967581276164675,
      4.705847062522819,
      1.7761070921727935
    ],
    "obj_class": "vehicle",
    "point_num_in_lidar": 132,
    "speed": 0.022324082194344688,
    "if_vehicle": true,
    "motion_state": false,
    "pose": [
      [
        0.9771165001262754,
        0.21270474513400425,
        0.00019125495213205557,
        13.891424350640136
      ],
      [
        -0.21266579282644865,
        0.9769539984863832,
        -0.018279644497795188,
        -36.71162763426037
      ],
      [
        -0.004075014414259463,
        0.017820668869211014,
        0.999832895047256,
        0.16549155147637862
      ],
      [
        0.0,
        0.0,
        0.0,
        1.0
      ]
    ],
    "location": [
      13.891424350640136,
      -36.71162763426037,
      0.16549155147637862
    ],
    "rotation": [
      0.017821760228928927,
      0.004075025692450399,
      -0.21430416116088852
    ]
  },
  {
    "label_id": "qL3ayUyb16f_Z48V2UgLfQ",
    "size": [
      2.0283791355346934,
      4.593255651750809,
      1.539999999999992
    ],
    "obj_class": "vehicle",
    "point_num_in_lidar": 5654,
    "speed": 0.11566917787098524,
    "if_vehicle": true,
    "motion_state": false,
    "pose": [
      [
        0.34768541685274146,
        0.9376112277108667,
        0.00019125495213205557,
        -1.5180495641134257
      ],
      [
        -0.9374533669881291,
        0.3476306075702399,
        -0.018279644497795188,
        13.961482771179362
      ],
      [
        -0.01720568599490642,
        0.006176273218306493,
        0.999832895047256,
        0.9724211075785831
      ],
      [
        0.0,
        0.0,
        0.0,
        1.0
      ]
    ],
    "location": [
      -1.5180495641134257,
      13.961482771179362,
      0.9724211075785831
    ],
    "rotation": [
      0.00617722690496663,
      0.017206535024032684,
      -1.215640051558284
    ]
  },
  {
    "label_id": "v14dpaT9xoxBvUcM5GXf4A",
    "size": [
      2.4165923386323853,
      6.350069575499419,
      2.3499999999999943
    ],
    "obj_class": "vehicle",
    "point_num_in_lidar": 20,
    "speed": 0.0024302623089764623,
    "if_vehicle": true,
    "motion_state": false,
    "pose": [
      [
        -0.383194313547398,
        0.9236677332712677,
        0.00019125495213205557,
        0.04913484207327201
      ],
      [
        -0.9235147572742074,
        -0.38312706468454544,
        -0.018279644497795188,
        -36.90053647165405
      ],
      [
        -0.016811042849866346,
        -0.007181282595918824,
        0.999832895047256,
        0.5086328791987
      ],
      [
        0.0,
        0.0,
        0.0,
        1.0
      ]
    ],
    "location": [
      0.04913484207327201,
      -36.90053647165405,
      0.5086328791987
    ],
    "rotation": [
      -0.007182359318077468,
      0.016811834781976,
      -1.9641070810782622
    ]
  }
]