[
  {
    "label_id": "6fYOf7wqFfBxkCzzrNa0LQ",
    "size": [
      2.055855395403392,
      4.480407800883292,
      1.740000000000009
    ],
    "obj_class": "vehicle",
    "point_num_in_lidar": 757,
    "speed": 0.021489371577442854,
    "if_vehicle": true,
    "motion_state": false,
    "pose": [
      [
        0.3349922547451043,
        0.9422201440797668,
        0.0011787073828901755,
        -3.1661906789690875
      ],
      [
        -0.9417339165973581,
        0.33485907454066516,
        -0.031727441245229464,
        19.11363062216151
      ],
      [
        -0.030288935124751296,
        0.009518418359820851,
        0.9994958629834023,
        1.217169171123885
      ],
      [
        0.0,
        0.0,
        0.0,
        1.0
      ]
    ],
    "location": [
      -3.1661906789690875,
      19.11363062216151,
      1.217169171123885
    ],
    "rotation": [
      0.00952293149054515,
      0.03029356831484594,
      -1.2290361126132188
    ]
  },
  {
    "label_id": "79t5YIQHg13CtqWWDSwkyg",
    "size": [
      1.9339295717068958,
      4.366371834683861,
      1.3899999999999864
    ],
    "obj_class": "vehicle",
    "point_num_in_lidar": 3473,
    "speed": 0.07324515098851926,
    "if_vehicle": true,
    "motion_state": false,
    "pose": [
      [
        -0.2978073821393492,
        -0.9546252530664655,
        0.0011787073828901755,
        -3.125078902732639
      ],
      [
        0.9541341795541511,
        -0.29769336048786377,
        -0.031727441245229464,
        42.54903189009747
      ],
      [
        0.03063870998972302,
        -0.008324021217513463,
        0.9994958629834023,
        1.251355954377999
      ],
      [
        0.0,
        0.0,
        0.0,
        1.0
      ]
    ],
    "location": [
      -3.125078902732639,
      42.54903189009747,
      1.251355954377999
    ],
    "rotation": [
      -0.008328027243055492,
      -0.030643505597981277,
      1.873337851677524
    ]
  },
  {
    "label_id": "LAi6lGcJwTiPX61x-335WQ",
    "size": [
      1.8987644559352412,
      3.789079926980776,
      1.8600000000000136
    ],
    "obj_class": "vehicle",
    "point_num_in_lidar": 37,
    "speed": 0.009395899246738924,
    "if_vehicle": true,
    "motion_state": false,
    "pose": [
      [
        0.07311972766336067,
        -0.997322473463494,
        0.0011787073828901755,
        12.702019068151913
      ],
      [
        0.9968238057108355,
        0.07304566955129553,
        -0.031727441245229464,
        -18.059833416033143
      ],
      [
        0.031556390709371655,
        0.0034948654425384974,
        0.9994958629834023,
        0.7673976643507956
      ],
      [
        0.0,
        0.0,
        0.0,
        1.0
      ]
    ],
    "location": [
      12.702019068151913,
      -18.059833416033143,
      0.7673976643507956
    ],
    "rotation": [
      0.0034966139719609882,
      -0.03156163039713574,
      1.4975747545919058
    ]
  },
  {
    "label_id": "LOS6Tl5N0gzAHJHm3r9uYQ",
    "size": [
      0.43382422842664325,
      0.06657604688007268,
      0.5323116287254095
    ],
    "obj_class": "sign",
    "point_num_in_lidar": 73,
    "speed": 0.013561709069248818,
    "if_vehicle": false,
    "motion_state": false,
    "pose": [
      [
        -0.39891590518850323,
        -0.916986756303788,
        0.0011787073828901755,
        0.39802324999300254
      ],
      [
        0.9165108242861217,
        -0.3987496438097521,
        -0.031727441245229464,
        37.982824389904636
      ],
      [
        0.02956365258236536,
        -0.01157628286857095,
        0.9994958629834023,
        3.1911667168182873
      ],
      [
        0.0,
        0.0,
        0.0,
        1.0
      ]
    ],
    "location": [
      0.39802324999300254,
      37.982824389904636,
      3.1911667168182873
    ],
    "rotation": [
      -0.011581603989915942,
      -0.02956796076280784,
      1.9813208755413287
    ]
  },
  {
    "label_id": "Psh6rRiIfO9boq2krraFiA",
    "size": [
      2.1694399816618124,
      4.624474117045431,
      1.6800000000000068
    ],
    "obj_class": "vehicle",
    "point_num_in_lidar": 126,
    "speed": 0.02233439317456604,
    "if_vehicle": true,
    "motion_state": false,
    "pose": [
      [
        -0.17423028613361316,
        -0.9847042287117004,
        0.0011787073828901755,
        12.220280419797746
      ],
      [
        0.984202654508299,
        -0.17417951754109343,
        -0.031727441245229464,
        -4.694194625355522
      ],
      [
        0.031447452243653404,
        -0.004367794231314689,
        0.9994958629834023,
        0.7945388658288266
      ],
      [
        0.0,
        0.0,
        0.0,
        1.0
      ]
    ],
    "location": [
      12.220280419797746,
      -4.694194625355522,
      0.7945388658288266
    ],
    "rotation": [
      -0.004369969491272911,
      -0.03145263783740892,
      1.7460079268981532
    ]
  },
  {
    "label_id": "R9Kc4bN7zoL4jk7voogivw",
    "size": [
      2.2895737384958785,
      4.799047496472925,
      1.789999999999992
    ],
    "obj_class": "vehicle",
    "point_num_in_lidar": 263,
    "speed": 0.02204380387281856,
    "if_vehicle": true,
    "motion_state": false,
    "pose": [
      [
        -0.34012507325776653,
        -0.9403794687201037,
        0.0011787073828901755,
        9.13793938875233
      ],
      [
        0.9398939746800447,
        -0.33998924370070577,
        -0.031727441245229464,
        7.292864016402746
      ],
      [
        0.030236582173690452,
        -0.009683438310725795,
        0.9994958629834023,
        1.002867897929292
      ],
      [
        0.0,
        0.0,
        0.0,
        1.0
      ]
    ],
    "location": [
      9.13793938875233,
      7.292864016402746,
      1.002867897929292
    ],
    "rotation": [
      -0.00968801944289927,
      -0.030241191373978838,
      1.9180116795887276
    ]
  },
  {
    "label_id": "XIoeu9zTv5kOh1m8ObiTlw",
    "size": [
      2.141007262288843,
      4.840942140534744,
      1.5300000000000011
    ],
    "obj_class": "vehicle",
    "point_num_in_lidar": 116,
    "speed": 0.010870442659976642,
    "if_vehicle": true,
    "motion_state": false,
    "pose": [
      [
        0.24304373170869956,
        0.9700146159342216,
        0.0011787073828901755,
        2.6957029955810867
      ],
      [
        -0.9695178534642037,
        0.24295781791535975,
        -0.031727441245229464,
        1.8623735600176587
      ],
      [
        -0.03106245790777455,
        0.006568377866086987,
        0.9994958629834023,
        0.8810933327811199
      ],
      [
        0.0,
        0.0,
        0.0,
        1.0
      ]
    ],
    "location": [
      2.6957029955810867,
      1.8623735600176587,
      0.8810933327811199
    ],
    "rotation": [
      0.006571596297044747,
      0.031067455316122455,
      -1.3251729175474893
    ]
  },
  {
    "label_id": "Y1E0fDfZK838aaG00fyskg",
    "size": [
      2.0818129772795477,
      4.509477481449721,
      1.5500000000000114
    ],
    "obj_class": "vehicle",
    "point_num_in_lidar": 195,
    "speed": 4.06059916878798,
    "if_vehicle": true,
    "motion_state": true,
    "pose": [
      [
        -0.1874914104163376,
        -0.9822655352138739,
        0.0011787073828901755,
        9.139275509205618
      ],
      [
        0.9817646911277885,
        -0.18743388361443206,
        -0.031727441245229464,
        -2.017694878306429
      ],
      [
        0.03138570175813216,
        -0.004791409418276337,
        0.9994958629834023,
        0.8778227203035271
      ],
      [
        0.0,
        0.0,
        0.0,
        1.0
      ]
    ],
    "location": [
      9.139275509205618,
      -2.017694878306429,
      0.8778227203035271
    ],
    "rotation": [
      -0.004793789442065134,
      -0.03139085685539585,
      1.7594980512152814
    ]
  },
  {
    "label_id": "dpbeEdoZZvFv81kq_2HM-g",
    "size": [
      2.1448001560362004,
      4.9209286889163195,
      1.5300000000000011
    ],
    "obj_class": "vehicle",
    "point_num_in_lidar": 6465,
    "speed": 0.11185501791397921,
    "if_vehicle": true,
    "motion_state": false,
    "pose": [
      [
        0.3152496645971968,
        0.94900803980802,
        0.0011787073828901755,
        -7.9609579307470995
      ],
      [
        -0.948519138044098,
        0.3151266637974511,
        -0.031727441245229464,
        32.83507057598763
      ],
      [
        -0.03048103894942294,
        0.008884038700260652,
        0.9994958629834023,
        1.2971147954397395
      ],
      [
        0.0,
        0.0,
        0.0,
        1.0
      ]
    ],
    "location": [
      -7.9609579307470995,
      32.83507057598763,
      1.2971147954397395
    ],
    "rotation": [
      0.008888285661688871,
      0.03048576088094836,
      -1.2499221762641894
    ]
  },
  {
    "label_id": "eFBC_rR8PqkddC4r9TsB6g",
    "size": [
      0.8655584428183579,
      1.8662594271112494,
      1.8300000000000125
    ],
    "obj_class": "cyclist",
    "point_num_in_lidar": 101,
    "speed": 3.9482816114155956,
    "if_vehicle": false,
    "motion_state": true,
    "pose": [
      [
        -0.2905106312053855,
        -0.9568710382311475,
        0.0011787073828901755,
        6.457528144019307
      ],
      [
        0.9563791085336839,
        -0.29040036197006835,
        -0.031727441245229464,
        8.627641316264999
      ],
      [
        0.030701366695388543,
        -0.008089867866612817,
        0.9994958629834023,
        1.1759295245020382
      ],
      [
        0.0,
        0.0,
        0.0,
        1.0
      ]
    ],
    "location": [
      6.457528144019307,
      8.627641316264999,
      1.1759295245020382
    ],
    "rotation": [
      -0.008093771582275188,
      -0.030706191793517794,
      1.8656999569940862
    ]
  },
  {
    "label_id": "iSjPQoPFkB_AGXGQHkoRZw",
    "size": [
      2.137884111043948,
      5.009969803902331,
      1.5699999999999932
    ],
    "obj_class": "vehicle",
    "point_num_in_lidar": 48,
    "speed": 0.010167791141314745,
    "if_vehicle": true,
    "motion_state": false,
    "pose": [
      [
        -0.18013722672476679,
        0.9836407831097771,
        0.0011787073828901755,
        4.08739733682296
      ],
      [
        -0.9831529959830482,
        -0.18000987740006627,
        -0.031727441245229464,
        -23.792724447392175
      ],
      [
        -0.030996226181042332,
        -0.00687414297186443,
        0.9994958629834023,
        0.5515793433007161
      ],
      [
        0.0,
        0.0,
        0.0,
        1.0
      ]
    ],
    "location": [
      4.08739733682296,
      -23.792724447392175,
      0.5515793433007161
    ],
    "rotation": [
      -0.0068775017923662415,
      0.031001191681717416,
      -1.7520103232827289
    ]
  },
  {
    "label_id": "nJKXMyKQ54xjVHQpHbYdKA",
    "size": [
      2.0286030756465934,
      4.447162785649102,
      1.9399999999999977
    ],
    "obj_class": "vehicle",
    "point_num_in_lidar": 5196,
    "speed": 0.09919440719197517,
    "if_vehicle": true,
    "motion_state": false,
    "pose": [
      [
        0.3602375365639712,
        0.9328598650918728,
        0.0011787073828901755,
        -9.745368994185355
      ],
      [
        -0.9323773993659743,
        0.36009131428510316,
        -0.031727441245229464,
        38.18323835098454
      ],
      [
        -0.030021698850397554,
        0.010330415151386982,
        0.9994958629834023,
        1.5770015736666494
      ],
      [
        0.0,
        0.0,
        0.0,
        1.0
      ]
    ],
    "location": [
      -9.745368994185355,
      38.18323835098454,
      1.5770015736666494
    ],
    "rotation": [
      0.010335257711537005,
      0.030026210452026997,
      -1.2020996644205462
    ]
  },
  {
    "label_id": "qL3ayUyb16f_Z48V2UgLfQ",
    "size": [
      2.028379135534694,
      4.593255651750809,
      1.539999999999992
    ],
    "obj_class": "vehicle",
    "point_num_in_lidar": 151,
    "speed": 1.718573603063735e-12,
    "if_vehicle": true,
    "motion_state": false,
    "pose": [
      [
        0.34768518168299395,
        0.9376105935232222,
        0.0011787073828901755,
        -1.4374022512538431
      ],
      [
        -0.9371262088020795,
        0.34754544774499874,
        -0.031727441245229464,
        13.762054819655532
      ],
      [
        -0.030157639402059656,
        0.009926563592669229,
        0.9994958629834023,
        1.0663862255612173
      ],
      [
        0.0,
        0.0,
        0.0,
        1.0
      ]
    ],
    "location": [
      -1.4374022512538431,
      13.762054819655532,
      1.0663862255612173
    ],
    "rotation": [
      0.00993124394719818,
      0.030162212585098477,
      -1.2155264554119236
    ]
  },
  {
    "label_id": "vx8vsYpqN_-7IyAMQX2e7g",
    "size": [
      2.032686010910938,
      4.211359174368511,
      1.509999999999991
    ],
    "obj_class": "vehicle",
    "point_num_in_lidar": 1133,
    "speed": 0.02708274371289351,
    "if_vehicle": true,
    "motion_state": false,
    "pose": [
      [
        -0.3440039858830311,
        -0.9389674479690406,
        0.0011787073828901755,
        2.087584924877774
      ],
      [
        0.938482518758775,
        -0.3438661534030591,
        -0.031727441245229464,
        27.704102090101514
      ],
      [
        0.030196352110363017,
        -0.00980816997665428,
        0.9994958629834023,
        1.1635085987426805
      ],
      [
        0.0,
        0.0,
        0.0,
        1.0
      ]
    ],
    "location": [
      2.087584924877774,
      27.704102090101514,
      1.1635085987426805
    ],
    "rotation": [
      -0.009812802158324353,
      -0.030200942932337042,
      1.9221412999581542
    ]
  }
]