[
  {
    "label_id": "2mTkBBswZ4DH1MmNIdDmww",
    "size": [
      0.494003827760464,
      0.07990994376794525,
      0.5099999999999909
    ],
    "obj_class": "sign",
    "point_num_in_lidar": 106,
    "speed": 0.013581677172212486,
    "if_vehicle": false,
    "motion_state": false,
    "pose": [
      [
        -0.17560199449033617,
        -0.9844607094205096,
        -0.001025250351484576,
        12.621187924074093
      ],
      [
        0.9843196902581839,
        -0.1755589899288252,
        -0.017140257442743292,
        1.9035233103422797
      ],
      [
        0.016693918085602423,
        -0.0040190375014339435,
        0.9998525693503584,
        2.665763609428467
      ],
      [
        0.0,
        0.0,
        0.0,
        1.0
      ]
    ],
    "location": [
      12.621187924074093,
      1.9035233103422797,
      2.665763609428467
    ],
    "rotation": [
      -0.004019608469364337,
      -0.01669469357890989,
      1.7473384184930714
    ]
  },
  {
    "label_id": "6KbSoKgDcTgkxu2wYrmrIg",
    "size": [
      1.9931503817455598,
      4.913822519243695,
      1.7729219124551037
    ],
    "obj_class": "vehicle",
    "point_num_in_lidar": 83,
    "speed": 0.007498339296577506,
    "if_vehicle": true,
    "motion_state": false,
    "pose": [
      [
        -0.24857355388209026,
        0.9686124803925171,
        -0.001025250351484576,
        2.7607835816852457
      ],
      [
        -0.9684663270205882,
        -0.2485541892667417,
        -0.017140257442743292,
        -29.586723865260865
      ],
      [
        -0.016857097546090574,
        -0.003267694264817813,
        0.9998525693503584,
        0.46130809408796836
      ],
      [
        0.0,
        0.0,
        0.0,
        1.0
      ]
    ],
    "location": [
      2.7607835816852457,
      -29.586723865260865,
      0.46130809408796836
    ],
    "rotation": [
      -0.003268164458448051,
      0.016857896005217796,
      -1.8220401042006034
    ]
  },
  {
    "label_id": "LAi6lGcJwTiPX61x-335WQ",
    "size": [
      1.898764455935241,
      3.789079926980776,
      1.8600000000000136
    ],
    "obj_class": "vehicle",
    "point_num_in_lidar": 263,
    "speed": 0.00939589932855768,
    "if_vehicle": true,
    "motion_state": false,
    "pose": [
      [
        0.0731197400283915,
        -0.9973226421173328,
        -0.001025250351484576,
        12.710768367181117
      ],
      [
        0.9971753694242981,
        0.07312656280935756,
        -0.017140257442743292,
        -18.01272241550214
      ],
      [
        0.01716933987359117,
        0.00023093677023906738,
        0.9998525693503584,
        0.6386601530965095
      ],
      [
        0.0,
        0.0,
        0.0,
        1.0
      ]
    ],
    "location": [
      12.710768367181117,
      -18.01272241550214,
      0.6386601530965095
    ],
    "rotation": [
      0.00023097081831022453,
      -0.017170183533010933,
      1.497600465101606
    ]
  },
  {
    "label_id": "NdBVqaolE4bHvXj5PXHRjw",
    "size": [
      0.7548897632115608,
      0.8921890462625014,
      1.5858547172024373
    ],
    "obj_class": "pedestrian",
    "point_num_in_lidar": 100,
    "speed": 1.4277462542676633,
    "if_vehicle": false,
    "motion_state": true,
    "pose": [
      [
        -0.029224375948975343,
        -0.9995723509141846,
        -0.001025250351484576,
        14.603903353919577
      ],
      [
        0.9994265474101957,
        -0.02920253253627701,
        -0.017140257442743292,
        -12.731604412301749
      ],
      [
        0.017102987520570205,
        -0.001525575746384273,
        0.9998525693503584,
        0.6805654832571122
      ],
      [
        0.0,
        0.0,
        0.0,
        1.0
      ]
    ],
    "location": [
      14.603903353919577,
      -12.731604412301749,
      0.6805654832571122
    ],
    "rotation": [
      -0.001525799512117982,
      -0.017103821435710282,
      1.6000291412667564
    ]
  },
  {
    "label_id": "Psh6rRiIfO9boq2krraFiA",
    "size": [
      2.169439981662252,
      4.624474117045431,
      1.6800000000000068
    ],
    "obj_class": "vehicle",
    "point_num_in_lidar": 1243,
    "speed": 0.022334393361179705,
    "if_vehicle": true,
    "motion_state": false,
    "pose": [
      [
        -0.18018006058428884,
        -0.983633109766827,
        -0.001025250351484576,
        12.113764057067783
      ],
      [
        0.9834922921989534,
        -0.18013640043046517,
        -0.017140257442743292,
        -4.653854357402452
      ],
      [
        0.016675039822753087,
        -0.004096658442723142,
        0.9998525693503584,
        0.6894817959802708
      ],
      [
        0.0,
        0.0,
        0.0,
        1.0
      ]
    ],
    "location": [
      12.113764057067783,
      -4.653854357402452,
      0.6894817959802708
    ],
    "rotation": [
      -0.004097239577346824,
      -0.016675812687923196,
      1.7519913038587163
    ]
  },
  {
    "label_id": "R9Kc4bN7zoL4jk7voogivw",
    "size": [
      2.2895737384958785,
      4.799047496472925,
      1.789999999999992
    ],
    "obj_class": "vehicle",
    "point_num_in_lidar": 6358,
    "speed": 0.1173695772297257,
    "if_vehicle": true,
    "motion_state": false,
    "pose": [
      [
        -0.34012513077517387,
        -0.9403796277445019,
        -0.001025250351484576,
        9.087333285584464
      ],
      [
        0.940247952333311,
        -0.3400588180121376,
        -0.017140257442743292,
        7.237244742364055
      ],
      [
        0.01576970349075949,
        -0.00679382184784559,
        0.9998525693503584,
        0.8555987107700673
      ],
      [
        0.0,
        0.0,
        0.0,
        1.0
      ]
    ],
    "location": [
      9.087333285584464,
      7.237244742364055,
      0.8555987107700673
    ],
    "rotation": [
      -0.006794719044509095,
      -0.01577035717488401,
      1.9178912669507788
    ]
  },
  {
    "label_id": "XIoeu9zTv5kOh1m8ObiTlw",
    "size": [
      2.1410072622898024,
      4.840942140534744,
      1.5300000000000011
    ],
    "obj_class": "vehicle",
    "point_num_in_lidar": 3657,
    "speed": 0.013519382259039057,
    "if_vehicle": true,
    "motion_state": false,
    "pose": [
      [
        0.2478047082797143,
        0.9688094629059537,
        -0.001025250351484576,
        2.6691242993297237
      ],
      [
        -0.9686720035914451,
        0.24775140974963505,
        -0.017140257442743292,
        1.9718537266890053
      ],
      [
        -0.016351636387247293,
        0.005240567807593602,
        0.9998525693503584,
        0.7495153444160394
      ],
      [
        0.0,
        0.0,
        0.0,
        1.0
      ]
    ],
    "location": [
      2.6691242993297237,
      1.9718537266890053,
      0.7495153444160394
    ],
    "rotation": [
      0.005241292546533636,
      0.01635236514749051,
      -1.3203484958032319
    ]
  },
  {
    "label_id": "iSjPQoPFkB_AGXGQHkoRZw",
    "size": [
      2.1378841110438476,
      5.009969803902331,
      1.5699999999999932
    ],
    "obj_class": "vehicle",
    "point_num_in_lidar": 289,
    "speed": 0.016021753996566416,
    "if_vehicle": true,
    "motion_state": false,
    "pose": [
      [
        -0.17960293257546603,
        0.9837386520168909,
        -0.001025250351484576,
        4.055343957477362
      ],
      [
        -0.9835914965068169,
        -0.17959392966989945,
        -0.017140257442743292,
        -23.748411925560504
      ],
      [
        -0.017045662491465326,
        -0.0020700129743042982,
        0.9998525693503584,
        0.39394598545894155
      ],
      [
        0.0,
        0.0,
        0.0,
        1.0
      ]
    ],
    "location": [
      4.055343957477362,
      -23.748411925560504,
      0.39394598545894155
    ],
    "rotation": [
      -0.0020703152447248126,
      0.017046488048713396,
      -1.751405661737306
    ]
  },
  {
    "label_id": "qE8xh4Tna0sZpG36-C1CQw",
    "size": [
      2.096758127616472,
      4.705847062522819,
      1.7761070921727935
    ],
    "obj_class": "vehicle",
    "point_num_in_lidar": 176,
    "speed": 0.022324081635109953,
    "if_vehicle": true,
    "motion_state": false,
    "pose": [
      [
        0.9771160044545582,
        0.21270463723312874,
        -0.001025250351484576,
        13.861494351711372
      ],
      [
        -0.212690672530844,
        0.9769692366667303,
        -0.017140257442743292,
        -36.68831172376849
      ],
      [
        -0.002644174188158963,
        0.016966081054545567,
        0.9998525693503584,
        0.12829916498307625
      ],
      [
        0.0,
        0.0,
        0.0,
        1.0
      ]
    ],
    "location": [
      13.861494351711372,
      -36.68831172376849,
      0.12829916498307625
    ],
    "rotation": [
      0.016966954421173186,
      0.0026441772693618793,
      -0.21432857723107082
    ]
  },
  {
    "label_id": "v14dpaT9xoxBvUcM5GXf4A",
    "size": [
      2.4165923386323804,
      6.350069575499419,
      2.3499999999999943
    ],
    "obj_class": "vehicle",
    "point_num_in_lidar": 123,
    "speed": 0.002430262369058393,
    "if_vehicle": true,
    "motion_state": false,
    "pose": [
      [
        -0.38319411916056473,
        0.9236672647130437,
        -0.001025250351484576,
        0.046420770932854794
      ],
      [
        -0.9235253247096593,
        -0.3831542590063627,
        -0.017140257442743292,
        -36.89742315492185
      ],
      [
        -0.016224723747335173,
        -0.005621201189193844,
        0.9998525693503584,
        0.47846912587039014
      ],
      [
        0.0,
        0.0,
        0.0,
        1.0
      ]
    ],
    "location": [
      0.046420770932854794,
      -36.89742315492185,
      0.47846912587039014
    ],
    "rotation": [
      -0.0056219708176091406,
      0.01622543566887561,
      -1.964102851023485
    ]
  }
]