[
  {
    "label_id": "2mTkBBswZ4DH1MmNIdDmww",
    "size": [
      0.49400382776046325,
      0.07990994376794525,
      0.5099999999999909
    ],
    "obj_class": "sign",
    "point_num_in_lidar": 54,
    "speed": 0.013764233324220535,
    "if_vehicle": false,
    "motion_state": false,
    "pose": [
      [
        -0.17560208020599383,
        -0.9844611899601142,
        -0.0002736597223120694,
        12.641826572754326
      ],
      [
        0.9842263592463394,
        -0.17555410723302425,
        -0.021891304171094285,
        1.9032112690820213
      ],
      [
        0.021503097265818158,
        -0.004113501663029879,
        0.9997603192325873,
        2.7157547911878908
      ],
      [
        0.0,
        0.0,
        0.0,
        1.0
      ]
    ],
    "location": [
      12.641826572754326,
      1.9032112690820213,
      2.7157547911878908
    ],
    "rotation": [
      -0.0041144646087968835,
      -0.0215047547225044,
      1.7473548980828446
    ]
  },
  {
    "label_id": "6KbSoKgDcTgkxu2wYrmrIg",
    "size": [
      1.9931503817455578,
      4.913822519243695,
      1.7729219124551037
    ],
    "obj_class": "vehicle",
    "point_num_in_lidar": 51,
    "speed": 0.007498339296576891,
    "if_vehicle": true,
    "motion_state": false,
    "pose": [
      [
        -0.2485736752169854,
        0.9686129531962069,
        -0.0002736597223120694,
        2.7716943494056068
      ],
      [
        -0.9683793786745716,
        -0.24851991823501687,
        -0.021891304171094285,
        -29.589443449587634
      ],
      [
        -0.021272210674293284,
        -0.005176595501241009,
        0.9997603192325873,
        0.507236090996031
      ],
      [
        0.0,
        0.0,
        0.0,
        1.0
      ]
    ],
    "location": [
      2.7716943494056068,
      -29.589443449587634,
      0.507236090996031
    ],
    "rotation": [
      -0.005177790257234369,
      0.02127381530491395,
      -1.8220618427758797
    ]
  },
  {
    "label_id": "6fYOf7wqFfBxkCzzrNa0LQ",
    "size": [
      2.055855395403392,
      4.480407800883292,
      1.740000000000009
    ],
    "obj_class": "vehicle",
    "point_num_in_lidar": 3929,
    "speed": 0.11678445202701751,
    "if_vehicle": true,
    "motion_state": false,
    "pose": [
      [
        0.33499247491254197,
        0.942220763336452,
        -0.0002736597223120694,
        -3.1556747453573735
      ],
      [
        -0.9419970085489164,
        0.33490656411390507,
        -0.021891304171094285,
        19.0121787620119
      ],
      [
        -0.02053479088918301,
        0.0075912088031164235,
        0.9997603192325873,
        1.156684618761659
      ],
      [
        0.0,
        0.0,
        0.0,
        1.0
      ]
    ],
    "location": [
      -3.1556747453573735,
      19.0121787620119,
      1.156684618761659
    ],
    "rotation": [
      0.0075928827880706725,
      0.020536234340117664,
      -1.229124097953414
    ]
  },
  {
    "label_id": "LAi6lGcJwTiPX61x-335WQ",
    "size": [
      1.8987644559352406,
      3.789079926980776,
      1.8600000000000136
    ],
    "obj_class": "vehicle",
    "point_num_in_lidar": 159,
    "speed": 0.009395899327199407,
    "if_vehicle": true,
    "motion_state": false,
    "pose": [
      [
        0.07311977571994176,
        -0.9973231289351621,
        -0.0002736597223120694,
        12.708195574100955
      ],
      [
        0.9970837263898766,
        0.07310823052273985,
        -0.021891304171094285,
        -18.026575737430903
      ],
      [
        0.02185271075045069,
        0.001327825595521701,
        0.9997603192325873,
        0.6765163261370901
      ],
      [
        0.0,
        0.0,
        0.0,
        1.0
      ]
    ],
    "location": [
      12.708195574100955,
      -18.026575737430903,
      0.6765163261370901
    ],
    "rotation": [
      0.0013281431451442603,
      -0.021854450385083764,
      1.4975937259935925
    ]
  },
  {
    "label_id": "NdBVqaolE4bHvXj5PXHRjw",
    "size": [
      0.7548897632109252,
      0.8921890462625014,
      1.5858547172024373
    ],
    "obj_class": "pedestrian",
    "point_num_in_lidar": 60,
    "speed": 1.428109349985752,
    "if_vehicle": false,
    "motion_state": true,
    "pose": [
      [
        -0.002548821691791641,
        -0.999996714303772,
        -0.0002736597223120694,
        14.668256335891328
      ],
      [
        0.9997571244647323,
        -0.002542220230101919,
        -0.021891304171094285,
        -14.875307964875901
      ],
      [
        0.021890536539636515,
        -0.00032939028799342673,
        0.9997603192325873,
        0.6808273558902727
      ],
      [
        0.0,
        0.0,
        0.0,
        1.0
      ]
    ],
    "location": [
      14.668256335891328,
      -14.875307964875901,
      0.6808273558902727
    ],
    "rotation": [
      -0.0003294692435161148,
      -0.021892285224841167,
      1.5733457621600402
    ]
  },
  {
    "label_id": "Psh6rRiIfO9boq2krraFiA",
    "size": [
      2.169439981662086,
      4.624474117045431,
      1.6800000000000068
    ],
    "obj_class": "vehicle",
    "point_num_in_lidar": 608,
    "speed": 0.022334393359748097,
    "if_vehicle": true,
    "motion_state": false,
    "pose": [
      [
        -0.1784312569683269,
        -0.9839523421624948,
        -0.0002736597223120694,
        12.145085944681796
      ],
      [
        0.9837176503205959,
        -0.17838260915631446,
        -0.021891304171094285,
        -4.665716697674725
      ],
      [
        0.021491183876852792,
        -0.004175296818944546,
        0.9997603192325873,
        0.720374568231108
      ],
      [
        0.0,
        0.0,
        0.0,
        1.0
      ]
    ],
    "location": [
      12.145085944681796,
      -4.665716697674725,
      0.720374568231108
    ],
    "rotation": [
      -0.00417627351721137,
      -0.021492838579834844,
      1.7502301114465213
    ]
  },
  {
    "label_id": "R9Kc4bN7zoL4jk7voogivw",
    "size": [
      2.289573738495878,
      4.799047496472925,
      1.789999999999992
    ],
    "obj_class": "vehicle",
    "point_num_in_lidar": 1038,
    "speed": 0.06368017312229465,
    "if_vehicle": true,
    "motion_state": false,
    "pose": [
      [
        -0.34012529679865505,
        -0.9403800867670388,
        -0.0002736597223120694,
        9.154473126468474
      ],
      [
        0.9401568037660097,
        -0.34003816717270013,
        -0.021891304171094285,
        7.292849126193687
      ],
      [
        0.02049309176545329,
        -0.007703069378351488,
        0.9997603192325873,
        0.9130993659832427
      ],
      [
        0.0,
        0.0,
        0.0,
        1.0
      ]
    ],
    "location": [
      9.154473126468474,
      7.292849126193687,
      0.9130993659832427
    ],
    "rotation": [
      -0.007704763634657198,
      -0.020494526439664824,
      1.9179224353929047
    ]
  },
  {
    "label_id": "XIoeu9zTv5kOh1m8ObiTlw",
    "size": [
      2.141007262290366,
      4.840942140534744,
      1.5300000000000011
    ],
    "obj_class": "vehicle",
    "point_num_in_lidar": 873,
    "speed": 0.01897604674877321,
    "if_vehicle": true,
    "motion_state": false,
    "pose": [
      [
        0.24640545681795192,
        0.9691667947059953,
        -0.0002736597223120694,
        2.6872659910009133
      ],
      [
        -0.968936052786145,
        0.24634061056369363,
        -0.021891304171094285,
        1.90058817069621
      ],
      [
        -0.021148911592352382,
        0.005659295575762832,
        0.9997603192325873,
        0.7962895074880123
      ],
      [
        0.0,
        0.0,
        0.0,
        1.0
      ]
    ],
    "location": [
      2.6872659910009133,
      1.90058817069621,
      0.7962895074880123
    ],
    "rotation": [
      0.005660591865019891,
      0.021150488478150174,
      -1.321769852526104
    ]
  },
  {
    "label_id": "Y1E0fDfZK838aaG00fyskg",
    "size": [
      2.0818129772782443,
      4.509477481449721,
      1.5500000000000114
    ],
    "obj_class": "vehicle",
    "point_num_in_lidar": 4629,
    "speed": 4.722493559705082,
    "if_vehicle": true,
    "motion_state": true,
    "pose": [
      [
        -0.26475583422746446,
        -0.964315442867569,
        -0.0002736597223120694,
        5.043263667448173
      ],
      [
        0.9640859732930874,
        -0.2646866201779169,
        -0.021891304171094285,
        13.3811093813365
      ],
      [
        0.021037688609719832,
        -0.006059681997881587,
        0.9997603192325873,
        0.9359949883673266
      ],
      [
        0.0,
        0.0,
        0.0,
        1.0
      ]
    ],
    "location": [
      5.043263667448173,
      13.3811093813365,
      0.9359949883673266
    ],
    "rotation": [
      -0.006061060513590987,
      -0.021039240744129276,
      1.8388078163176877
    ]
  },
  {
    "label_id": "iSjPQoPFkB_AGXGQHkoRZw",
    "size": [
      2.1378841110442375,
      5.009969803902331,
      1.5699999999999932
    ],
    "obj_class": "vehicle",
    "point_num_in_lidar": 172,
    "speed": 0.010167791224932098,
    "if_vehicle": true,
    "motion_state": false,
    "pose": [
      [
        -0.18161446025417335,
        0.9833697742644634,
        -0.0002736597223120694,
        4.064973675354395
      ],
      [
        -0.9831330650586653,
        -0.18157683549958348,
        -0.021891304171094285,
        -23.76379134468698
      ],
      [
        -0.02157693710746481,
        -0.0037067334697134524,
        0.9997603192325873,
        0.445433325394049
      ],
      [
        0.0,
        0.0,
        0.0,
        1.0
      ]
    ],
    "location": [
      4.064973675354395,
      -23.76379134468698,
      0.445433325394049
    ],
    "rotation": [
      -0.0037076051266722765,
      0.021578611699953062,
      -1.7534672997790013
    ]
  },
  {
    "label_id": "qE8xh4Tna0sZpG36-C1CQw",
    "size": [
      2.096758127616474,
      4.705847062522819,
      1.7761070921727935
    ],
    "obj_class": "vehicle",
    "point_num_in_lidar": 129,
    "speed": 0.02232408163386778,
    "if_vehicle": true,
    "motion_state": false,
    "pose": [
      [
        0.9771164814090284,
        0.21270474105951703,
        -0.0002736597223120694,
        13.887904018005429
      ],
      [
        -0.21265962942831587,
        0.9768810842743859,
        -0.021891304171094285,
        -36.708885243229815
      ],
      [
        -0.004389051178913292,
        0.02144855048025077,
        0.9997603192325873,
        0.16111702502723801
      ],
      [
        0.0,
        0.0,
        0.0,
        1.0
      ]
    ],
    "location": [
      13.887904018005429,
      -36.708885243229815,
      0.16111702502723801
    ],
    "rotation": [
      0.02145040199428496,
      0.004389065270647704,
      -0.2142981426754542
    ]
  },
  {
    "label_id": "qL3ayUyb16f_Z48V2UgLfQ",
    "size": [
      2.0283791355346943,
      4.593255651750809,
      1.539999999999992
    ],
    "obj_class": "vehicle",
    "point_num_in_lidar": 6082,
    "speed": 0.13528834046868113,
    "if_vehicle": true,
    "motion_state": false,
    "pose": [
      [
        0.3476854101926207,
        0.9376112097503664,
        -0.0002736597223120694,
        -1.5082316619459561
      ],
      [
        -0.9373886354794856,
        0.34759648570662605,
        -0.021891304171094285,
        13.934945802360744
      ],
      [
        -0.020430409029117823,
        0.007867812584062151,
        0.9997603192325873,
        0.9663309648181553
      ],
      [
        0.0,
        0.0,
        0.0,
        1.0
      ]
    ],
    "location": [
      -1.5082316619459561,
      13.934945802360744,
      0.9663309648181553
    ],
    "rotation": [
      0.007869536343066825,
      0.0204318305770919,
      -1.2156175435712089
    ]
  },
  {
    "label_id": "v14dpaT9xoxBvUcM5GXf4A",
    "size": [
      2.4165923386323818,
      6.350069575499419,
      2.3499999999999943
    ],
    "obj_class": "vehicle",
    "point_num_in_lidar": 30,
    "speed": 0.002430262368330551,
    "if_vehicle": true,
    "motion_state": false,
    "pose": [
      [
        -0.38319430620708433,
        0.9236677155778629,
        -0.0002736597223120694,
        0.04881561609408891
      ],
      [
        -0.9234441037190867,
        -0.38310802407172456,
        -0.021891304171094285,
        -36.90017028685725
      ],
      [
        -0.02032513215021779,
        -0.008135913656816242,
        0.9997603192325873,
        0.5050850526357351
      ],
      [
        0.0,
        0.0,
        0.0,
        1.0
      ]
    ],
    "location": [
      0.04881561609408891,
      -36.90017028685725,
      0.5050850526357351
    ],
    "rotation": [
      -0.008137684510580038,
      0.020326531833035233,
      -1.9641341577589126
    ]
  }
]