[
  {
    "label_id": "2mTkBBswZ4DH1MmNIdDmww",
    "size": [
      0.4940038277604639,
      0.07990994376794525,
      0.5099999999999909
    ],
    "obj_class": "sign",
    "point_num_in_lidar": 121,
    "speed": 0.013605171062914938,
    "if_vehicle": false,
    "motion_state": false,
    "pose": [
      [
        -0.17559896010106757,
        -0.9844436980134436,
        -0.005967466216038442,
        12.615682586258117
      ],
      [
        0.9843181051823187,
        -0.17546654727003605,
        -0.018148239568123913,
        1.9036065470208996
      ],
      [
        0.016818829379998956,
        -0.009060697034338067,
        0.9998174987204107,
        2.6524285143016186
      ],
      [
        0.0,
        0.0,
        0.0,
        1.0
      ]
    ],
    "location": [
      12.615682586258117,
      1.9036065470208996,
      2.6524285143016186
    ],
    "rotation": [
      -0.009062102851707374,
      -0.01681962241313196,
      1.747335709265753
    ]
  },
  {
    "label_id": "6KbSoKgDcTgkxu2wYrmrIg",
    "size": [
      1.993150381745558,
      4.913822519243695,
      1.7729219124551037
    ],
    "obj_class": "vehicle",
    "point_num_in_lidar": 100,
    "speed": 0.00749833917222095,
    "if_vehicle": true,
    "motion_state": false,
    "pose": [
      [
        -0.24856925854976067,
        0.9685957428416576,
        -0.005967466216038442,
        2.757873144142195
      ],
      [
        -0.9684265393769241,
        -0.24863764644762215,
        -0.018148239568123913,
        -29.585998418569943
      ],
      [
        -0.019062044340966845,
        0.0012679582030148255,
        0.9998174987204107,
        0.44905684194247897
      ],
      [
        0.0,
        0.0,
        0.0,
        1.0
      ]
    ],
    "location": [
      2.757873144142195,
      -29.585998418569943,
      0.44905684194247897
    ],
    "rotation": [
      0.0012681889693706525,
      0.019063198932047373,
      -1.8220458363277123
    ]
  },
  {
    "label_id": "LAi6lGcJwTiPX61x-335WQ",
    "size": [
      1.8987644559352432,
      3.789079926980776,
      1.8600000000000136
    ],
    "obj_class": "vehicle",
    "point_num_in_lidar": 313,
    "speed": 0.009395899246524356,
    "if_vehicle": true,
    "motion_state": false,
    "pose": [
      [
        0.07311847652478252,
        -0.9973054084570359,
        -0.005967466216038442,
        12.711454657436207
      ],
      [
        0.997150989483401,
        0.07321574675472622,
        -0.018148239568123913,
        -18.009027054253238
      ],
      [
        0.018536249970504817,
        -0.004623493213203501,
        0.9998174987204107,
        0.6285620527566778
      ],
      [
        0.0,
        0.0,
        0.0,
        1.0
      ]
    ],
    "location": [
      12.711454657436207,
      -18.009027054253238,
      0.6285620527566778
    ],
    "rotation": [
      -0.004624304198038479,
      -0.018537311620934378,
      1.4975999422144435
    ]
  },
  {
    "label_id": "NdBVqaolE4bHvXj5PXHRjw",
    "size": [
      0.7548897632110066,
      0.8921890462625014,
      1.5858547172024373
    ],
    "obj_class": "pedestrian",
    "point_num_in_lidar": 105,
    "speed": 1.4251177528758607,
    "if_vehicle": false,
    "motion_state": true,
    "pose": [
      [
        -0.03861644649850763,
        -0.9992362880754423,
        -0.005967466216038442,
        14.582736576519437
      ],
      [
        0.9990936866756772,
        -0.03850255375143051,
        -0.018148239568123913,
        -12.160793730728983
      ],
      [
        0.017904616852413145,
        -0.006662878344218955,
        0.9998174987204107,
        0.6794519077650705
      ],
      [
        0.0,
        0.0,
        0.0,
        1.0
      ]
    ],
    "location": [
      14.582736576519437,
      -12.160793730728983,
      0.6794519077650705
    ],
    "rotation": [
      -0.006663995901470317,
      -0.017905573620108778,
      1.6094285732568812
    ]
  },
  {
    "label_id": "Psh6rRiIfO9boq2krraFiA",
    "size": [
      2.1694399816617556,
      4.624474117045431,
      1.6800000000000068
    ],
    "obj_class": "vehicle",
    "point_num_in_lidar": 1586,
    "speed": 0.022334393174364715,
    "if_vehicle": true,
    "motion_state": false,
    "pose": [
      [
        -0.18064335808627974,
        -0.9835305620702757,
        -0.005967466216038442,
        12.105408971529414
      ],
      [
        0.9834056496977834,
        -0.18051030314931726,
        -0.018148239568123913,
        -4.650690088734336
      ],
      [
        0.016772159127332525,
        -0.009146798930173056,
        0.9998174987204107,
        0.6812411765802722
      ],
      [
        0.0,
        0.0,
        0.0,
        1.0
      ]
    ],
    "location": [
      12.105408971529414,
      -4.650690088734336,
      0.6812411765802722
    ],
    "rotation": [
      -0.00914821332477464,
      -0.016772945576494554,
      1.7524626964891101
    ]
  },
  {
    "label_id": "R9Kc4bN7zoL4jk7voogivw",
    "size": [
      2.2895737384958776,
      4.799047496472925,
      1.789999999999992
    ],
    "obj_class": "vehicle",
    "point_num_in_lidar": 6946,
    "speed": 0.1298342419741193,
    "if_vehicle": true,
    "motion_state": false,
    "pose": [
      [
        -0.34011925343847765,
        -0.9403633780552137,
        -0.005967466216038442,
        9.077901617110001
      ],
      [
        0.9402620784593221,
        -0.33996744728272654,
        -0.018148239568123913,
        7.152319458524289
      ],
      [
        0.015037195609823799,
        -0.011783547880561037,
        0.9998174987204107,
        0.8356008642875565
      ],
      [
        0.0,
        0.0,
        0.0,
        1.0
      ]
    ],
    "location": [
      9.077901617110001,
      7.152319458524289,
      0.8356008642875565
    ],
    "rotation": [
      -0.011785153142699656,
      -0.015037762362385364,
      1.917880933693408
    ]
  },
  {
    "label_id": "XIoeu9zTv5kOh1m8ObiTlw",
    "size": [
      2.1410072622889826,
      4.840942140534744,
      1.5300000000000011
    ],
    "obj_class": "vehicle",
    "point_num_in_lidar": 5169,
    "speed": 0.061956414712578727,
    "if_vehicle": true,
    "motion_state": false,
    "pose": [
      [
        0.24793590802992754,
        0.9687580579568542,
        -0.005967466216038442,
        2.6779249698020067
      ],
      [
        -0.9686426035798562,
        0.24779456800062322,
        -0.018148239568123913,
        1.9350695273315068
      ],
      [
        -0.016102547606289905,
        0.010279942268745772,
        0.9998174987204107,
        0.7454537364204441
      ],
      [
        0.0,
        0.0,
        0.0,
        1.0
      ]
    ],
    "location": [
      2.6779249698020067,
      1.9350695273315068,
      0.7454537364204441
    ],
    "rotation": [
      0.010281456419913947,
      0.01610324356456646,
      -1.3202140854217943
    ]
  },
  {
    "label_id": "iSjPQoPFkB_AGXGQHkoRZw",
    "size": [
      2.137884111043761,
      5.009969803902331,
      1.5699999999999932
    ],
    "obj_class": "vehicle",
    "point_num_in_lidar": 337,
    "speed": 0.0167476308777374,
    "if_vehicle": true,
    "motion_state": false,
    "pose": [
      [
        -0.17713643374752935,
        0.9841682138670033,
        -0.005967466216038442,
        4.052563166719665
      ],
      [
        -0.9840044592502388,
        -0.17721700137465124,
        -0.018148239568123913,
        -23.741869860868974
      ],
      [
        -0.01891845698920186,
        0.0026572989311137015,
        0.9998174987204107,
        0.37487960397584175
      ],
      [
        0.0,
        0.0,
        0.0,
        1.0
      ]
    ],
    "location": [
      4.052563166719665,
      -23.741869860868974,
      0.37487960397584175
    ],
    "rotation": [
      0.002657777722085408,
      0.01891958568222788,
      -1.7489046516305544
    ]
  },
  {
    "label_id": "qE8xh4Tna0sZpG36-C1CQw",
    "size": [
      2.0967581276164715,
      4.705847062522819,
      1.7761070921727935
    ],
    "obj_class": "vehicle",
    "point_num_in_lidar": 208,
    "speed": 0.022324081820755973,
    "if_vehicle": true,
    "motion_state": false,
    "pose": [
      [
        0.9770991199634412,
        0.2127009617129855,
        -0.005967466216038442,
        13.854449596820814
      ],
      [
        -0.21277553945516126,
        0.9769325520270798,
        -0.018148239568123913,
        -36.68282375583476
      ],
      [
        0.001969663990032202,
        0.01900235975419761,
        0.9998174987204107,
        0.11954503013407702
      ],
      [
        0.0,
        0.0,
        0.0,
        1.0
      ]
    ],
    "location": [
      13.854449596820814,
      -36.68282375583476,
      0.11954503013407702
    ],
    "rotation": [
      0.01900354040003125,
      -0.0019696652636113595,
      -0.21441509370521944
    ]
  },
  {
    "label_id": "v14dpaT9xoxBvUcM5GXf4A",
    "size": [
      2.4165923386323773,
      6.350069575499419,
      2.3499999999999943
    ],
    "obj_class": "vehicle",
    "point_num_in_lidar": 169,
    "speed": 0.002430262329779254,
    "if_vehicle": true,
    "motion_state": false,
    "pose": [
      [
        -0.3831874975949845,
        0.9236513038121335,
        -0.005967466216038442,
        0.04578194812529546
      ],
      [
        -0.9234741229585831,
        -0.3832312430197384,
        -0.018148239568123913,
        -36.89669035993211
      ],
      [
        -0.01904956463464331,
        -0.0014433778757226134,
        0.9998174987204107,
        0.4713693511830854
      ],
      [
        0.0,
        0.0,
        0.0,
        1.0
      ]
    ],
    "location": [
      0.04578194812529546,
      -36.89669035993211,
      0.4713693511830854
    ],
    "rotation": [
      -0.0014436403392182747,
      0.019050716959268018,
      -1.9641163602791616
    ]
  }
]