[
  {
    "label_id": "2mTkBBswZ4DH1MmNIdDmww",
    "size": [
      0.4940038277604632,
      0.07990994376794525,
      0.5099999999999909
    ],
    "obj_class": "sign",
    "point_num_in_lidar": 82,
    "speed": 0.013764233554709146,
    "if_vehicle": false,
    "motion_state": false,
    "pose": [
      [
        -0.17560162287200676,
        -0.9844586260522726,
        -0.002298616103036822,
        12.633572872701734
      ],
      [
        0.9842618675678634,
        -0.17551857220838962,
        -0.020537937134737484,
        1.9033360589855874
      ],
      [
        0.01981529955715138,
        -0.00586893526969974,
        0.9997864319454732,
        2.695762580170083
      ],
      [
        0.0,
        0.0,
        0.0,
        1.0
      ]
    ],
    "location": [
      12.633572872701734,
      1.9033360589855874,
      2.695762580170083
    ],
    "rotation": [
      -0.0058701215287498545,
      -0.019816596519662867,
      1.7473482097681987
    ]
  },
  {
    "label_id": "6KbSoKgDcTgkxu2wYrmrIg",
    "size": [
      1.9931503817455554,
      4.913822519243695,
      1.7729219124551037
    ],
    "obj_class": "vehicle",
    "point_num_in_lidar": 64,
    "speed": 0.007498339171671441,
    "if_vehicle": true,
    "motion_state": false,
    "pose": [
      [
        -0.24857302783748056,
        0.9686104305631433,
        -0.002298616103036822,
        2.767330972446871
      ],
      [
        -0.9683969481322959,
        -0.2485669808850424,
        -0.020537937134737484,
        -29.58835584769986
      ],
      [
        -0.02046462019590245,
        -0.0028792044000089186,
        0.9997864319454732,
        0.48886880753732953
      ],
      [
        0.0,
        0.0,
        0.0,
        1.0
      ]
    ],
    "location": [
      2.767330972446871,
      -29.58835584769986,
      0.48886880753732953
    ],
    "rotation": [
      -0.0028798114763567404,
      0.02046604889798065,
      -1.8220568463855418
    ]
  },
  {
    "label_id": "LAi6lGcJwTiPX61x-335WQ",
    "size": [
      1.898764455935242,
      3.789079926980776,
      1.8600000000000136
    ],
    "obj_class": "vehicle",
    "point_num_in_lidar": 180,
    "speed": 0.00939589948255155,
    "if_vehicle": true,
    "motion_state": false,
    "pose": [
      [
        0.07311958528849993,
        -0.9973205315299833,
        -0.002298616103036822,
        12.709224472005644
      ],
      [
        0.9971093521968909,
        0.07315143812493471,
        -0.020537937134737484,
        -18.021035589637904
      ],
      [
        0.020651053453380048,
        -0.0007902461674750983,
        0.9997864319454732,
        0.6613770841123596
      ],
      [
        0.0,
        0.0,
        0.0,
        1.0
      ]
    ],
    "location": [
      12.709224472005644,
      -18.021035589637904,
      0.6613770841123596
    ],
    "rotation": [
      -0.0007904148102581553,
      -0.020652521563865888,
      1.4975957905561357
    ]
  },
  {
    "label_id": "NdBVqaolE4bHvXj5PXHRjw",
    "size": [
      0.7548897632093258,
      0.8921890462625014,
      1.5858547172024373
    ],
    "obj_class": "pedestrian",
    "point_num_in_lidar": 72,
    "speed": 1.4301496001763798,
    "if_vehicle": false,
    "motion_state": true,
    "pose": [
      [
        -0.013218021590219594,
        -0.9999099960842732,
        -0.002298616103036822,
        14.642520629115097
      ],
      [
        0.9997023533224143,
        -0.013168063634277515,
        -0.020537937134737484,
        -14.0180092919054
      ],
      [
        0.020505820316858842,
        -0.0025694028240562405,
        0.9997864319454732,
        0.6807226291612949
      ],
      [
        0.0,
        0.0,
        0.0,
        1.0
      ]
    ],
    "location": [
      14.642520629115097,
      -14.0180092919054,
      0.6807226291612949
    ],
    "rotation": [
      -0.0025699460257814157,
      -0.020507257666358594,
      1.584017513449349
    ]
  },
  {
    "label_id": "Psh6rRiIfO9boq2krraFiA",
    "size": [
      2.169439981662411,
      4.624474117045431,
      1.6800000000000068
    ],
    "obj_class": "vehicle",
    "point_num_in_lidar": 798,
    "speed": 0.022334393735522245,
    "if_vehicle": true,
    "motion_state": false,
    "pose": [
      [
        -0.17913026594953824,
        -0.983822679238926,
        -0.002298616103036822,
        12.132559859789126
      ],
      [
        0.9836262197970307,
        -0.17904651034313174,
        -0.020537937134737484,
        -4.660972772817331
      ],
      [
        0.01979412914607079,
        -0.005939945209195113,
        0.9997864319454732,
        0.7080200929009948
      ],
      [
        0.0,
        0.0,
        0.0,
        1.0
      ]
    ],
    "location": [
      12.132559859789126,
      -4.660972772817331,
      0.7080200929009948
    ],
    "rotation": [
      -0.005941144159831211,
      -0.0197954219555598,
      1.7509343536391573
    ]
  },
  {
    "label_id": "R9Kc4bN7zoL4jk7voogivw",
    "size": [
      2.2895737384958785,
      4.799047496472925,
      1.789999999999992
    ],
    "obj_class": "vehicle",
    "point_num_in_lidar": 3119,
    "speed": 0.06370931553532345,
    "if_vehicle": true,
    "motion_state": false,
    "pose": [
      [
        -0.3401244109842368,
        -0.9403776376629959,
        -0.002298616103036822,
        9.123922567032878
      ],
      [
        0.9401978275800031,
        -0.3400091736293191,
        -0.020537937134737484,
        7.263433786418318
      ],
      [
        0.018531866243550958,
        -0.009146607637299502,
        0.9997864319454732,
        0.8906009759531059
      ],
      [
        0.0,
        0.0,
        0.0,
        1.0
      ]
    ],
    "location": [
      9.123922567032878,
      7.263433786418318,
      0.8906009759531059
    ],
    "rotation": [
      -0.009148306257385233,
      -0.018532927140856588,
      1.9179076437055669
    ]
  },
  {
    "label_id": "XIoeu9zTv5kOh1m8ObiTlw",
    "size": [
      2.1410072622893956,
      4.840942140534744,
      1.5300000000000011
    ],
    "obj_class": "vehicle",
    "point_num_in_lidar": 1345,
    "speed": 0.04404669455810761,
    "if_vehicle": true,
    "motion_state": false,
    "pose": [
      [
        0.24696450495024364,
        0.9690218004042488,
        -0.002298616103036822,
        2.6843979031577874
      ],
      [
        -0.9688316261632662,
        0.24686731919006738,
        -0.020537937134737484,
        1.912488424919502
      ],
      [
        -0.019334255623688776,
        0.007299113454209901,
        0.9997864319454732,
        0.7810177969861627
      ],
      [
        0.0,
        0.0,
        0.0,
        1.0
      ]
    ],
    "location": [
      2.6843979031577874,
      1.912488424919502,
      0.7810177969861627
    ],
    "rotation": [
      0.0073005429406293836,
      0.019335460393797216,
      -1.32120220627061
    ]
  },
  {
    "label_id": "Y1E0fDfZK838aaG00fyskg",
    "size": [
      2.081812977279507,
      4.509477481449721,
      1.5500000000000114
    ],
    "obj_class": "vehicle",
    "point_num_in_lidar": 4011,
    "speed": 5.149630101388404,
    "if_vehicle": true,
    "motion_state": true,
    "pose": [
      [
        -0.3261484467650785,
        -0.9453157710716232,
        -0.002298616103036822,
        4.131566611848939
      ],
      [
        0.945134272654503,
        -0.326035887276375,
        -0.020537937134737484,
        16.060645514597127
      ],
      [
        0.018665404538083515,
        -0.00887091715490909,
        0.9997864319454732,
        0.9787963916259628
      ],
      [
        0.0,
        0.0,
        0.0,
        1.0
      ]
    ],
    "location": [
      4.131566611848939,
      16.060645514597127,
      0.9787963916259628
    ],
    "rotation": [
      -0.008872579272440853,
      -0.018666488537546985,
      1.9030827960864276
    ]
  },
  {
    "label_id": "iSjPQoPFkB_AGXGQHkoRZw",
    "size": [
      2.137884111043828,
      5.009969803902331,
      1.5699999999999932
    ],
    "obj_class": "vehicle",
    "point_num_in_lidar": 231,
    "speed": 0.01118086654446135,
    "if_vehicle": true,
    "motion_state": false,
    "pose": [
      [
        -0.18186000846296446,
        0.9833217447437341,
        -0.002298616103036822,
        4.061238285397849
      ],
      [
        -0.9831083476196094,
        -0.18186855137403776,
        -0.020537937134737484,
        -23.75897159562919
      ],
      [
        -0.02061344615759153,
        -0.0014752407422668357,
        0.9997864319454732,
        0.42775125461218977
      ],
      [
        0.0,
        0.0,
        0.0,
        1.0
      ]
    ],
    "location": [
      4.061238285397849,
      -23.75897159562919,
      0.42775125461218977
    ],
    "rotation": [
      -0.0014755548029734408,
      0.02061490626099883,
      -1.7537133049201432
    ]
  },
  {
    "label_id": "qE8xh4Tna0sZpG36-C1CQw",
    "size": [
      2.0967581276164764,
      4.705847062522819,
      1.7761070921727935
    ],
    "obj_class": "vehicle",
    "point_num_in_lidar": 159,
    "speed": 0.022324081634728096,
    "if_vehicle": true,
    "motion_state": false,
    "pose": [
      [
        0.9771139366295728,
        0.21270418709623465,
        -0.002298616103036822,
        13.877342402879549
      ],
      [
        -0.21270601254662677,
        0.9769003763766108,
        -0.020537937134737484,
        -36.70065758931196
      ],
      [
        -0.0021229862866758986,
        0.02055683406962646,
        0.9997864319454732,
        0.14799267869119603
      ],
      [
        0.0,
        0.0,
        0.0,
        1.0
      ]
    ],
    "location": [
      13.877342402879549,
      -36.70065758931196,
      0.14799267869119603
    ],
    "rotation": [
      0.020558328510084444,
      0.002122987881420707,
      -0.21434400610179435
    ]
  },
  {
    "label_id": "qL3ayUyb16f_Z48V2UgLfQ",
    "size": [
      2.0283791355346947,
      4.593255651750809,
      1.539999999999992
    ],
    "obj_class": "vehicle",
    "point_num_in_lidar": 3076,
    "speed": 0.12462032829631155,
    "if_vehicle": true,
    "motion_state": false,
    "pose": [
      [
        0.34768450468881884,
        0.9376087678575225,
        -0.002298616103036822,
        -1.4787762340674817
      ],
      [
        -0.9374298913951014,
        0.3475678233916628,
        -0.020537937134737484,
        13.855330243164644
      ],
      [
        -0.018457624935490937,
        0.00929551394385014,
        0.9997864319454732,
        0.9480594687482551
      ],
      [
        0.0,
        0.0,
        0.0,
        1.0
      ]
    ],
    "location": [
      -1.4787762340674817,
      13.855330243164644,
      0.9480594687482551
    ],
    "rotation": [
      0.009297231703846427,
      0.018458673132193047,
      -1.215632742221076
    ]
  },
  {
    "label_id": "v14dpaT9xoxBvUcM5GXf4A",
    "size": [
      2.4165923386323778,
      6.350069575499419,
      2.3499999999999943
    ],
    "obj_class": "vehicle",
    "point_num_in_lidar": 69,
    "speed": 0.0024302623280296164,
    "if_vehicle": true,
    "motion_state": false,
    "pose": [
      [
        -0.3831933082247362,
        0.9236653099991323,
        -0.002298616103036822,
        0.047857882188054646
      ],
      [
        -0.9234548336861329,
        -0.3831570999994212,
        -0.020537937134737484,
        -36.8990716682747
      ],
      [
        -0.01985091115035155,
        -0.0057473319236335816,
        0.9997864319454732,
        0.4944409509041634
      ],
      [
        0.0,
        0.0,
        0.0,
        1.0
      ]
    ],
    "location": [
      0.047857882188054646,
      -36.8990716682747,
      0.4944409509041634
    ],
    "rotation": [
      -0.005748496311404646,
      0.019852215118878778,
      -1.9641291224835586
    ]
  }
]