[
  {
    "label_id": "6fYOf7wqFfBxkCzzrNa0LQ",
    "size": [
      2.0558553954033916,
      4.480407800883292,
      1.740000000000009
    ],
    "obj_class": "vehicle",
    "point_num_in_lidar": 622,
    "speed": 0.02148937175730518,
    "if_vehicle": true,
    "motion_state": false,
    "pose": [
      [
        0.3349856873228797,
        0.942201672137723,
        -0.006371680288318496,
        -3.159793136504959
      ],
      [
        -0.9419709497838595,
        0.3347318694854296,
        -0.0254028603523826,
        19.107890879873594
      ],
      [
        -0.021801813046423642,
        0.014511532368016488,
        0.9996569893599608,
        1.2209800038330627
      ],
      [
        0.0,
        0.0,
        0.0,
        1.0
      ]
    ],
    "location": [
      -3.159793136504959,
      19.107890879873594,
      1.2209800038330627
    ],
    "rotation": [
      0.014515492131017844,
      0.021803540552136784,
      -1.2291217613043874
    ]
  },
  {
    "label_id": "79t5YIQHg13CtqWWDSwkyg",
    "size": [
      1.9339295717068967,
      4.366371834683861,
      1.3899999999999864
    ],
    "obj_class": "vehicle",
    "point_num_in_lidar": 3226,
    "speed": 0.07305147682234625,
    "if_vehicle": true,
    "motion_state": false,
    "pose": [
      [
        -0.2978015437153482,
        -0.9546065379259976,
        -0.006371680288318496,
        -3.140181945695531
      ],
      [
        0.9543660452063514,
        -0.29755696335845644,
        -0.0254028603523826,
        42.57418089997009
      ],
      [
        0.022353798736322556,
        -0.013645926345806742,
        0.9996569893599608,
        1.272694531794059
      ],
      [
        0.0,
        0.0,
        0.0,
        1.0
      ]
    ],
    "location": [
      -3.140181945695531,
      42.57418089997009,
      1.272694531794059
    ],
    "rotation": [
      -0.013649760863814826,
      -0.022355660825316055,
      1.8732631760252874
    ]
  },
  {
    "label_id": "LAi6lGcJwTiPX61x-335WQ",
    "size": [
      1.8987644559352397,
      3.789079926980776,
      1.8600000000000136
    ],
    "obj_class": "vehicle",
    "point_num_in_lidar": 24,
    "speed": 0.009395899326503806,
    "if_vehicle": true,
    "motion_state": false,
    "pose": [
      [
        0.07311829417312865,
        -0.9973029212568844,
        -0.006371680288318496,
        12.701332876065408
      ],
      [
        0.9969894769841026,
        0.07325761031376016,
        -0.0254028603523826,
        -18.063528248680086
      ],
      [
        0.02580112090931736,
        -0.004495084382076157,
        0.9996569893599608,
        0.7774943202183806
      ],
      [
        0.0,
        0.0,
        0.0,
        1.0
      ]
    ],
    "location": [
      12.701332876065408,
      -18.063528248680086,
      0.7774943202183806
    ],
    "rotation": [
      -0.004496596466527876,
      -0.025803984392274062,
      1.4975883086277022
    ]
  },
  {
    "label_id": "LOS6Tl5N0gzAHJHm3r9uYQ",
    "size": [
      0.43382422842664453,
      0.06657604688007268,
      0.5323116287254095
    ],
    "obj_class": "sign",
    "point_num_in_lidar": 113,
    "speed": 0.0035451590463398,
    "if_vehicle": false,
    "motion_state": false,
    "pose": [
      [
        -0.3989080845623614,
        -0.9169687790547132,
        -0.006371680288318496,
        0.4030527208010426
      ],
      [
        0.9167560345779145,
        -0.3986390193532171,
        -0.0254028603523826,
        37.98003067638274
      ],
      [
        0.020753629460054147,
        -0.015974682720291226,
        0.9996569893599608,
        3.1994341835707587
      ],
      [
        0.0,
        0.0,
        0.0,
        1.0
      ]
    ],
    "location": [
      0.4030527208010426,
      37.98003067638274,
      3.1994341835707587
    ],
    "rotation": [
      -0.01597880403335063,
      -0.020755119559021765,
      1.981215821031028
    ]
  },
  {
    "label_id": "Psh6rRiIfO9boq2krraFiA",
    "size": [
      2.1694399816617786,
      4.624474117045431,
      1.6800000000000068
    ],
    "obj_class": "vehicle",
    "point_num_in_lidar": 120,
    "speed": 0.022334393360891575,
    "if_vehicle": true,
    "motion_state": false,
    "pose": [
      [
        -0.173759979521246,
        -0.9847674198545968,
        -0.006371680288318496,
        12.228634310193229
      ],
      [
        0.9844977276952113,
        -0.1735480303803038,
        -0.0254028603523826,
        -4.697358441395409
      ],
      [
        0.023910116681891767,
        -0.010686905260061002,
        0.9996569893599608,
        0.8027783064579808
      ],
      [
        0.0,
        0.0,
        0.0,
        1.0
      ]
    ],
    "location": [
      12.228634310193229,
      -4.697358441395409,
      0.8027783064579808
    ],
    "rotation": [
      -0.010690164998779655,
      -0.023912395478620105,
      1.7454932375407743
    ]
  },
  {
    "label_id": "R9Kc4bN7zoL4jk7voogivw",
    "size": [
      2.289573738495879,
      4.799047496472925,
      1.789999999999992
    ],
    "obj_class": "vehicle",
    "point_num_in_lidar": 210,
    "speed": 0.02204380405791371,
    "if_vehicle": true,
    "motion_state": false,
    "pose": [
      [
        -0.3401184052081869,
        -0.9403610328639438,
        -0.006371680288318496,
        9.131705963258355
      ],
      [
        0.9401316979745156,
        -0.33986333304649324,
        -0.0254028603523826,
        7.286628739884691
      ],
      [
        0.021722359498770466,
        -0.014630198959186273,
        0.9996569893599608,
        1.0118350836588945
      ],
      [
        0.0,
        0.0,
        0.0,
        1.0
      ]
    ],
    "location": [
      9.131705963258355,
      7.286628739884691,
      1.0118350836588945
    ],
    "rotation": [
      -0.01463417422521318,
      -0.021724068183638194,
      1.9179244962509865
    ]
  },
  {
    "label_id": "RTYLqOt7iUjvYFfcx8gfAQ",
    "size": [
      0.5539404176109183,
      0.0901150138124649,
      0.5999999999999943
    ],
    "obj_class": "sign",
    "point_num_in_lidar": 25,
    "speed": 0.024290127972356287,
    "if_vehicle": false,
    "motion_state": false,
    "pose": [
      [
        -0.3590097381424305,
        -0.9333120644292598,
        -0.006371680288318496,
        0.014571959739896556
      ],
      [
        0.9330879191759476,
        -0.3587500937614057,
        -0.0254028603523826,
        4.083609265757332
      ],
      [
        0.02142295513703844,
        -0.015065212145059117,
        0.9996569893599608,
        3.509591862434945
      ],
      [
        0.0,
        0.0,
        0.0,
        1.0
      ]
    ],
    "location": [
      0.014571959739896556,
      4.083609265757332,
      3.509591862434945
    ],
    "rotation": [
      -0.015069240691446228,
      -0.021424594128126785,
      1.9380913079558038
    ]
  },
  {
    "label_id": "XIoeu9zTv5kOh1m8ObiTlw",
    "size": [
      2.1410072622891447,
      4.840942140534744,
      1.5300000000000011
    ],
    "obj_class": "vehicle",
    "point_num_in_lidar": 98,
    "speed": 0.010870442750902234,
    "if_vehicle": true,
    "motion_state": false,
    "pose": [
      [
        0.24266533316700337,
        0.9700891390842652,
        -0.006371680288318496,
        2.696640322576968
      ],
      [
        -0.9698350393960613,
        0.24243492125838145,
        -0.0254028603523826,
        1.8581280264425004
      ],
      [
        -0.023098321120538577,
        0.012343872374246263,
        0.9996569893599608,
        0.8905147944043108
      ],
      [
        0.0,
        0.0,
        0.0,
        1.0
      ]
    ],
    "location": [
      2.696640322576968,
      1.8581280264425004,
      0.8905147944043108
    ],
    "rotation": [
      0.012347480368303158,
      0.023100375564426533,
      -1.3256172046286794
    ]
  },
  {
    "label_id": "Y1E0fDfZK838aaG00fyskg",
    "size": [
      2.081812977280967,
      4.509477481449721,
      1.5500000000000114
    ],
    "obj_class": "vehicle",
    "point_num_in_lidar": 149,
    "speed": 4.014215580773924,
    "if_vehicle": true,
    "motion_state": true,
    "pose": [
      [
        -0.1572781323550135,
        -0.987533792218384,
        -0.006371680288318496,
        9.490278981633764
      ],
      [
        0.9872605955978825,
        -0.15707071995006455,
        -0.0254028603523826,
        -3.606857878536175
      ],
      [
        0.024085378606804608,
        -0.010285823309102564,
        0.9996569893599608,
        0.8741027488518682
      ],
      [
        0.0,
        0.0,
        0.0,
        1.0
      ]
    ],
    "location": [
      9.490278981633764,
      -3.606857878536175,
      0.8741027488518682
    ],
    "rotation": [
      -0.010288989575685461,
      -0.024087707891526273,
      1.7287764152435512
    ]
  },
  {
    "label_id": "dpbeEdoZZvFv81kq_2HM-g",
    "size": [
      2.144800156036201,
      4.9209286889163195,
      1.5300000000000011
    ],
    "obj_class": "vehicle",
    "point_num_in_lidar": 4171,
    "speed": 0.07273930422609115,
    "if_vehicle": true,
    "motion_state": false,
    "pose": [
      [
        0.315243484222503,
        0.9489894347913258,
        -0.006371680288318496,
        -8.007589026258756
      ],
      [
        -0.9487534640698979,
        0.3149945382086587,
        -0.0254028603523826,
        32.95041952662905
      ],
      [
        -0.022100001597858448,
        0.014053239952190832,
        0.9996569893599608,
        1.2912486369276905
      ],
      [
        0.0,
        0.0,
        0.0,
        1.0
      ]
    ],
    "location": [
      -8.007589026258756,
      32.95041952662905,
      1.2912486369276905
    ],
    "rotation": [
      0.014057136032755374,
      0.022101800970584336,
      -1.2500019662222142
    ]
  },
  {
    "label_id": "eFBC_rR8PqkddC4r9TsB6g",
    "size": [
      0.8655584428190277,
      1.8662594271112494,
      1.8300000000000125
    ],
    "obj_class": "cyclist",
    "point_num_in_lidar": 80,
    "speed": 3.9489317458114526,
    "if_vehicle": false,
    "motion_state": true,
    "pose": [
      [
        -0.28023818611706897,
        -0.9599093502680962,
        -0.006371680288318496,
        6.875547415434994
      ],
      [
        0.9596644109462662,
        -0.27999805900947466,
        -0.0254028603523826,
        7.121102862620319
      ],
      [
        0.022600385062448654,
        -0.013233526317964013,
        0.9996569893599608,
        1.1760689970817566
      ],
      [
        0.0,
        0.0,
        0.0,
        1.0
      ]
    ],
    "location": [
      6.875547415434994,
      7.121102862620319,
      1.1760689970817566
    ],
    "rotation": [
      -0.013237293889178952,
      -0.022602309465810856,
      1.854913142042259
    ]
  },
  {
    "label_id": "iSjPQoPFkB_AGXGQHkoRZw",
    "size": [
      2.1378841110433737,
      5.009969803902331,
      1.5699999999999932
    ],
    "obj_class": "vehicle",
    "point_num_in_lidar": 40,
    "speed": 0.010167791224881557,
    "if_vehicle": true,
    "motion_state": false,
    "pose": [
      [
        -0.17996957012074155,
        0.9836515417163025,
        -0.006371680288318496,
        4.089888541262098
      ],
      [
        -0.9833249304239842,
        -0.18007436211905348,
        -0.0254028603523826,
        -23.795938832070533
      ],
      [
        -0.026134939013170586,
        0.001693690218739131,
        0.9996569893599608,
        0.5633718612763232
      ],
      [
        0.0,
        0.0,
        0.0,
        1.0
      ]
    ],
    "location": [
      4.089888541262098,
      -23.795938832070533,
      0.5633718612763232
    ],
    "rotation": [
      0.0016942697506829225,
      0.02613791510785126,
      -1.7518143583299721
    ]
  },
  {
    "label_id": "nJKXMyKQ54xjVHQpHbYdKA",
    "size": [
      2.0286030756479128,
      4.447162785649102,
      1.9399999999999977
    ],
    "obj_class": "vehicle",
    "point_num_in_lidar": 7509,
    "speed": 0.06625230945732907,
    "if_vehicle": true,
    "motion_state": false,
    "pose": [
      [
        0.3625399502995377,
        0.9319464502465322,
        -0.006371680288318496,
        -9.757982005643044
      ],
      [
        -0.9317232894080256,
        0.36227945934127403,
        -0.0254028603523826,
        38.220726535802896
      ],
      [
        -0.02136577664156386,
        0.015146194646907274,
        0.9996569893599608,
        1.6014491065705272
      ],
      [
        0.0,
        0.0,
        0.0,
        1.0
      ]
    ],
    "location": [
      -9.757982005643044,
      38.220726535802896,
      1.6014491065705272
    ],
    "rotation": [
      0.015150232487064295,
      0.021367402542311665,
      -1.1997156901352737
    ]
  },
  {
    "label_id": "qL3ayUyb16f_Z48V2UgLfQ",
    "size": [
      2.0283791355346943,
      4.593255651750809,
      1.539999999999992
    ],
    "obj_class": "vehicle",
    "point_num_in_lidar": 110,
    "speed": 1.718573603063735e-12,
    "if_vehicle": true,
    "motion_state": false,
    "pose": [
      [
        0.34767836541976016,
        0.9375922119500286,
        -0.006371680288318496,
        -1.4374022512538431
      ],
      [
        -0.9373649381167392,
        0.34742145511657624,
        -0.0254028603523826,
        13.762054819655532
      ],
      [
        -0.02160386559034287,
        0.01480461466346213,
        0.9996569893599608,
        1.0771965648963544
      ],
      [
        0.0,
        0.0,
        0.0,
        1.0
      ]
    ],
    "location": [
      -1.4374022512538431,
      13.762054819655532,
      1.0771965648963544
    ],
    "rotation": [
      0.014808611966509058,
      0.02160554646132166,
      -1.215615907310608
    ]
  },
  {
    "label_id": "vx8vsYpqN_-7IyAMQX2e7g",
    "size": [
      2.0326860109101657,
      4.211359174368511,
      1.509999999999991
    ],
    "obj_class": "vehicle",
    "point_num_in_lidar": 774,
    "speed": 0.0109568936282305,
    "if_vehicle": true,
    "motion_state": false,
    "pose": [
      [
        -0.34404353847736446,
        -0.9389320770547132,
        -0.006371680288318496,
        2.091292952530239
      ],
      [
        0.9387038096602509,
        -0.3437875105573918,
        -0.0254028603523826,
        27.70258574755462
      ],
      [
        0.0216610563294048,
        -0.01472081052366176,
        0.9996569893599608,
        1.1726886772267449
      ],
      [
        0.0,
        0.0,
        0.0,
        1.0
      ]
    ],
    "location": [
      2.091292952530239,
      27.70258574755462,
      1.1726886772267449
    ],
    "rotation": [
      -0.014724797350083514,
      -0.021662750586675213,
      1.9221022674710508
    ]
  }
]