[
  {
    "label_id": "2mTkBBswZ4DH1MmNIdDmww",
    "size": [
      0.4940038277604634,
      0.07990994376794525,
      0.5099999999999909
    ],
    "obj_class": "sign",
    "point_num_in_lidar": 101,
    "speed": 0.013708497162676456,
    "if_vehicle": false,
    "motion_state": false,
    "pose": [
      [
        -0.17560186475448303,
        -0.9844599820948199,
        -0.0015902039538470492,
        12.625317682949571
      ],
      [
        0.984291604968209,
        -0.17554138491130472,
        -0.018848304234818265,
        1.9034608714118804
      ],
      [
        0.018276254645177164,
        -0.004875021773052811,
        0.9998210903350944,
        2.675766760787127
      ],
      [
        0.0,
        0.0,
        0.0,
        1.0
      ]
    ],
    "location": [
      12.625317682949571,
      1.9034608714118804,
      2.675766760787127
    ],
    "rotation": [
      -0.004875855477792906,
      -0.018277272241755172,
      1.7473432240966709
    ]
  },
  {
    "label_id": "6KbSoKgDcTgkxu2wYrmrIg",
    "size": [
      1.9931503817455578,
      4.913822519243695,
      1.7729219124551037
    ],
    "obj_class": "vehicle",
    "point_num_in_lidar": 74,
    "speed": 0.007498339108872557,
    "if_vehicle": true,
    "motion_state": false,
    "pose": [
      [
        -0.2485733702344017,
        0.9686117647755967,
        -0.0015902039538470492,
        2.7629668079480325
      ],
      [
        -0.9684334692920235,
        -0.24855855845753347,
        -0.018848304234818265,
        -29.587268049508566
      ],
      [
        -0.018651948030336367,
        -0.0031451797749461313,
        0.9998210903350944,
        0.47049820899428596
      ],
      [
        0.0,
        0.0,
        0.0,
        1.0
      ]
    ],
    "location": [
      2.7629668079480325,
      -29.587268049508566,
      0.47049820899428596
    ],
    "rotation": [
      -0.003145732202320567,
      0.018653029686771905,
      -1.8220480964321395
    ]
  },
  {
    "label_id": "LAi6lGcJwTiPX61x-335WQ",
    "size": [
      1.8987644559352435,
      3.789079926980776,
      1.8600000000000136
    ],
    "obj_class": "vehicle",
    "point_num_in_lidar": 235,
    "speed": 0.009395899324619586,
    "if_vehicle": true,
    "motion_state": false,
    "pose": [
      [
        0.07311968600707511,
        -0.9973219052891658,
        -0.0015902039538470492,
        12.71025355561369
      ],
      [
        0.9971438046966979,
        0.07313668151116333,
        -0.018848304234818265,
        -18.01549444191187
      ],
      [
        0.01891412893104911,
        -0.00020747993336704383,
        0.9998210903350944,
        0.6462351096278951
      ],
      [
        0.0,
        0.0,
        0.0,
        1.0
      ]
    ],
    "location": [
      12.71025355561369,
      -18.01549444191187,
      0.6462351096278951
    ],
    "rotation": [
      -0.00020751705719595007,
      -0.018915256849521087,
      1.4975982102299685
    ]
  },
  {
    "label_id": "NdBVqaolE4bHvXj5PXHRjw",
    "size": [
      0.7548897632107969,
      0.8921890462625014,
      1.5858547172024373
    ],
    "obj_class": "pedestrian",
    "point_num_in_lidar": 89,
    "speed": 1.429354384758548,
    "if_vehicle": false,
    "motion_state": true,
    "pose": [
      [
        -0.023887681487170315,
        -0.9997133838878783,
        -0.0015902039538470492,
        14.616780277335693
      ],
      [
        0.9995377690581811,
        -0.023853504012321582,
        -0.018848304234818265,
        -13.160555886332077
      ],
      [
        0.018804970070744897,
        -0.002039711200510401,
        0.9998210903350944,
        0.6806178835304308
      ],
      [
        0.0,
        0.0,
        0.0,
        1.0
      ]
    ],
    "location": [
      14.616780277335693,
      -13.160555886332077,
      0.6806178835304308
    ],
    "rotation": [
      -0.002040073359659894,
      -0.01880607857102839,
      1.5946905066590404
    ]
  },
  {
    "label_id": "Psh6rRiIfO9boq2krraFiA",
    "size": [
      2.169439981662544,
      4.624474117045431,
      1.6800000000000068
    ],
    "obj_class": "vehicle",
    "point_num_in_lidar": 1056,
    "speed": 0.022334393360648117,
    "if_vehicle": true,
    "motion_state": false,
    "pose": [
      [
        -0.17983002302764406,
        -0.9836964135693806,
        -0.0015902039538470492,
        12.120031514079983
      ],
      [
        0.9835282978514462,
        -0.1797688203023779,
        -0.018848304234818265,
        -4.656227991732521
      ],
      [
        0.018255140188832036,
        -0.004953501572543238,
        0.9998210903350944,
        0.695663387729752
      ],
      [
        0.0,
        0.0,
        0.0,
        1.0
      ]
    ],
    "location": [
      12.120031514079983,
      -4.656227991732521,
      0.695663387729752
    ],
    "rotation": [
      -0.004954347424293713,
      -0.018256154262259808,
      1.7516404498720328
    ]
  },
  {
    "label_id": "R9Kc4bN7zoL4jk7voogivw",
    "size": [
      2.289573738495878,
      4.799047496472925,
      1.789999999999992
    ],
    "obj_class": "vehicle",
    "point_num_in_lidar": 5354,
    "speed": 0.08708253251857347,
    "if_vehicle": true,
    "motion_state": false,
    "pose": [
      [
        -0.3401248794886129,
        -0.940378932986188,
        -0.0015902039538470492,
        9.089511256773676
      ],
      [
        0.940223262137936,
        -0.3400367020810695,
        -0.018848304234818265,
        7.248783410821488
      ],
      [
        0.01718382051683502,
        -0.007905923955382992,
        0.9998210903350944,
        0.87060126469936
      ],
      [
        0.0,
        0.0,
        0.0,
        1.0
      ]
    ],
    "location": [
      9.089511256773676,
      7.248783410821488,
      0.87060126469936
    ],
    "rotation": [
      -0.007907173856110106,
      -0.01718466631287532,
      1.9178994306554316
    ]
  },
  {
    "label_id": "XIoeu9zTv5kOh1m8ObiTlw",
    "size": [
      2.141007262290879,
      4.840942140534744,
      1.5300000000000011
    ],
    "obj_class": "vehicle",
    "point_num_in_lidar": 2656,
    "speed": 0.021334182971491703,
    "if_vehicle": true,
    "motion_state": false,
    "pose": [
      [
        0.24752455438850424,
        0.9688803157388209,
        -0.0015902039538470492,
        2.6742172851527357
      ],
      [
        -0.9687168422938912,
        0.24745185568838216,
        -0.018848304234818265,
        1.9520583566027199
      ],
      [
        -0.017868252038869624,
        0.006205875459476324,
        0.9998210903350944,
        0.7600198426443967
      ],
      [
        0.0,
        0.0,
        0.0,
        1.0
      ]
    ],
    "location": [
      2.6742172851527357,
      1.9520583566027199,
      0.7600198426443967
    ],
    "rotation": [
      0.006206906239585888,
      0.017869202988169058,
      -1.3206310671650854
    ]
  },
  {
    "label_id": "iSjPQoPFkB_AGXGQHkoRZw",
    "size": [
      2.137884111042659,
      5.009969803902331,
      1.5699999999999932
    ],
    "obj_class": "vehicle",
    "point_num_in_lidar": 259,
    "speed": 0.014482953044301488,
    "if_vehicle": true,
    "motion_state": false,
    "pose": [
      [
        -0.18144997576840205,
        0.9833988903517389,
        -0.0015902039538470492,
        4.057429930918715
      ],
      [
        -0.9832199985657686,
        -0.18144744651772227,
        -0.018848304234818265,
        -23.75331936893963
      ],
      [
        -0.018823939916400197,
        -0.0018565040174624685,
        0.9998210903350944,
        0.4082483795811527
      ],
      [
        0.0,
        0.0,
        0.0,
        1.0
      ]
    ],
    "location": [
      4.057429930918715,
      -23.75331936893963,
      0.4082483795811527
    ],
    "rotation": [
      -0.0018568340893881923,
      0.018825051775083854,
      -1.753289728463374
    ]
  },
  {
    "label_id": "qE8xh4Tna0sZpG36-C1CQw",
    "size": [
      2.0967581276164804,
      4.705847062522819,
      1.7761070921727935
    ],
    "obj_class": "vehicle",
    "point_num_in_lidar": 177,
    "speed": 0.022324081819945208,
    "if_vehicle": true,
    "motion_state": false,
    "pose": [
      [
        0.9771152825551814,
        0.21270448008561746,
        -0.0015902039538470492,
        13.866778881501432
      ],
      [
        -0.21269624978604737,
        0.9769365622978919,
        -0.018848304234818265,
        -36.69242845039662
      ],
      [
        -0.00245559036873871,
        0.018755196535468685,
        0.9998210903350944,
        0.13486596356099767
      ],
      [
        0.0,
        0.0,
        0.0,
        1.0
      ]
    ],
    "location": [
      13.866778881501432,
      -36.69242845039662,
      0.13486596356099767
    ],
    "rotation": [
      0.01875635281248156,
      0.002455592836582647,
      -0.21433418043413618
    ]
  },
  {
    "label_id": "qL3ayUyb16f_Z48V2UgLfQ",
    "size": [
      2.028379135534694,
      4.593255651750809,
      1.539999999999992
    ],
    "obj_class": "vehicle",
    "point_num_in_lidar": 3929,
    "speed": 0.07818096794296805,
    "if_vehicle": true,
    "motion_state": false,
    "pose": [
      [
        0.3476849836068455,
        0.937610059366735,
        -0.0015902039538470492,
        -1.4253536567484844
      ],
      [
        -0.9374551034930959,
        0.3475955557285225,
        -0.018848304234818265,
        13.80366581735143
      ],
      [
        -0.01711961182551108,
        0.008044017161028443,
        0.9998210903350944,
        0.9163052052212777
      ],
      [
        0.0,
        0.0,
        0.0,
        1.0
      ]
    ],
    "location": [
      -1.4253536567484844,
      13.80366581735143,
      0.9163052052212777
    ],
    "rotation": [
      0.008045282985260258,
      0.017120448174955713,
      -1.2156410617611249
    ]
  },
  {
    "label_id": "v14dpaT9xoxBvUcM5GXf4A",
    "size": [
      2.416592338632376,
      6.350069575499419,
      2.3499999999999943
    ],
    "obj_class": "vehicle",
    "point_num_in_lidar": 102,
    "speed": 0.0024302623077926693,
    "if_vehicle": true,
    "motion_state": false,
    "pose": [
      [
        -0.38319383605436436,
        0.9236665823019288,
        -0.0015902039538470492,
        0.046899975419819384
      ],
      [
        -0.9234921793688419,
        -0.38315393260680286,
        -0.018848304234818265,
        -36.89797285139866
      ],
      [
        -0.018018841653324943,
        -0.0057540130878805705,
        0.9998210903350944,
        0.48379492803422863
      ],
      [
        0.0,
        0.0,
        0.0,
        1.0
      ]
    ],
    "location": [
      0.046899975419819384,
      -36.89797285139866,
      0.48379492803422863
    ],
    "rotation": [
      -0.005754979185244952,
      0.01801981685135738,
      -1.9641152943252596
    ]
  }
]