[
  {
    "label_id": "3qPBGUJzsex9FlyVSzT81Q",
    "size": [
      0.28151987312419663,
      0.07790901929933947,
      0.468137944211918
    ],
    "obj_class": "sign",
    "point_num_in_lidar": 42,
    "speed": 0.023116542143502138,
    "if_vehicle": false,
    "motion_state": false,
    "pose": [
      [
        -0.9594150636592117,
        -0.2819974354016982,
        -0.0004266739455460475,
        -2.0372189488198273
      ],
      [
        0.28197209010447755,
        -0.9593470514666353,
        0.01204056661396528,
        -64.47586430756928
      ],
      [
        -0.003804737297518754,
        0.011431590840211735,
        0.9999274187184582,
        1.080251577356961
      ],
      [
        0.0,
        0.0,
        0.0,
        1.0
      ]
    ],
    "location": [
      -2.0372189488198273,
      -64.47586430756928,
      1.080251577356961
    ],
    "rotation": [
      0.011431922585629167,
      0.003804746477157831,
      2.8557415393664503
    ]
  },
  {
    "label_id": "5aXRL8gWQ8E2_KeLsSrB7g",
    "size": [
      1.8890644729530144,
      4.215570614312059,
      1.5
    ],
    "obj_class": "vehicle",
    "point_num_in_lidar": 33,
    "speed": 0.048063057110372856,
    "if_vehicle": true,
    "motion_state": false,
    "pose": [
      [
        -0.19468874245347903,
        0.9808649812850019,
        -0.0004266739455460475,
        -24.950535457544447
      ],
      [
        -0.9807949675951869,
        -0.1946696080428859,
        0.01204056661396528,
        -105.94982856165552
      ],
      [
        0.011727109696726312,
        0.002762642431095791,
        0.9999274187184582,
        0.8396165605588806
      ],
      [
        0.0,
        0.0,
        0.0,
        1.0
      ]
    ],
    "location": [
      -24.950535457544447,
      -105.94982856165552,
      0.8396165605588806
    ],
    "rotation": [
      0.0027628359319399913,
      -0.011727378508688307,
      -1.7667500872167639
    ]
  },
  {
    "label_id": "AQI3XRZueIkfrXZhKao_cw",
    "size": [
      1.8132296860454664,
      5.423299587816903,
      1.854063376721399
    ],
    "obj_class": "vehicle",
    "point_num_in_lidar": 163,
    "speed": 1.1368683772161603e-12,
    "if_vehicle": true,
    "motion_state": false,
    "pose": [
      [
        -0.07517389345548166,
        0.9971703483819042,
        -0.0004266739455460475,
        -23.34039574532926
      ],
      [
        -0.9970985402006106,
        -0.07516332806246662,
        0.01204056661396528,
        -94.81658707429233
      ],
      [
        0.011974425771418497,
        0.0013305722400274538,
        0.9999274187184582,
        0.8977062855900328
      ],
      [
        0.0,
        0.0,
        0.0,
        1.0
      ]
    ],
    "location": [
      -23.34039574532926,
      -94.81658707429233,
      0.8977062855900328
    ],
    "rotation": [
      0.001330668036280666,
      -0.011974711952461454,
      -1.6460466089701962
    ]
  },
  {
    "label_id": "AttAkBqG0g25TyJFzMbL2A",
    "size": [
      1.641413015003677,
      3.088480793941632,
      1.8600000000000136
    ],
    "obj_class": "vehicle",
    "point_num_in_lidar": 5704,
    "speed": 0.03122002959938499,
    "if_vehicle": true,
    "motion_state": false,
    "pose": [
      [
        -0.509129451262835,
        0.8606898511113912,
        -0.0004266739455460475,
        -9.138867730501715
      ],
      [
        -0.8606301534169102,
        -0.5090881689699734,
        0.01204056661396528,
        -52.30169183023463
      ],
      [
        0.010145978828585332,
        0.006497415536276047,
        0.9999274187184582,
        0.22435606099850247
      ],
      [
        0.0,
        0.0,
        0.0,
        1.0
      ]
    ],
    "location": [
      -9.138867730501715,
      -52.30169183023463,
      0.22435606099850247
    ],
    "rotation": [
      0.006497795711142024,
      -0.010146152909325116,
      -2.1049998088920248
    ]
  },
  {
    "label_id": "FcImdUxckIaRffThBbBEZQ",
    "size": [
      0.657364514978975,
      0.06969596510098991,
      1.2588235294118135
    ],
    "obj_class": "sign",
    "point_num_in_lidar": 82,
    "speed": 0.0025142036996477295,
    "if_vehicle": false,
    "motion_state": false,
    "pose": [
      [
        -0.4926868798097659,
        0.8702065596240134,
        -0.0004266739455460475,
        -6.967899691829643
      ],
      [
        -0.8701460884550127,
        -0.49264673905553835,
        0.01204056661396528,
        -67.48845050740783
      ],
      [
        0.01026758052114926,
        0.0063034978609387525,
        0.9999274187184582,
        2.3282733158176825
      ],
      [
        0.0,
        0.0,
        0.0,
        1.0
      ]
    ],
    "location": [
      -6.967899691829643,
      -67.48845050740783,
      2.3282733158176825
    ],
    "rotation": [
      0.006303871906003442,
      -0.010267760936590877,
      -2.0860008711320983
    ]
  },
  {
    "label_id": "N1hYw2tMjOZCfWS1n8OXIg",
    "size": [
      2.1665619088534784,
      5.409122640819431,
      1.9000000000000057
    ],
    "obj_class": "vehicle",
    "point_num_in_lidar": 62,
    "speed": 6.355287432313019e-13,
    "if_vehicle": true,
    "motion_state": false,
    "pose": [
      [
        -0.18546552484177148,
        0.9826506790536048,
        -0.0004266739455460475,
        -27.381166335113903
      ],
      [
        -0.9825804886972908,
        -0.18544704901132283,
        0.01204056661396528,
        -117.48821708540345
      ],
      [
        0.01175254553531161,
        0.0026523515003804184,
        0.9999274187184582,
        0.9754873095949108
      ],
      [
        0.0,
        0.0,
        0.0,
        1.0
      ]
    ],
    "location": [
      -27.381166335113903,
      -117.48821708540345,
      0.9754873095949108
    ],
    "rotation": [
      0.002652537804360484,
      -0.011752816100284315,
      -1.757354947870798
    ]
  },
  {
    "label_id": "VSJ3Jj4uDz8TUm9Xe159uw",
    "size": [
      1.8939621441214887,
      4.281486616652753,
      1.6899999999999977
    ],
    "obj_class": "vehicle",
    "point_num_in_lidar": 221,
    "speed": 0.026014934106474426,
    "if_vehicle": true,
    "motion_state": false,
    "pose": [
      [
        -0.06250050866401806,
        0.9980448408594091,
        -0.0004266739455460475,
        -22.72064553273276
      ],
      [
        -0.9979729042573121,
        -0.062490856321866683,
        0.01204056661396528,
        -87.88738019764969
      ],
      [
        0.01199036216986469,
        0.0011783505745833385,
        0.9999274187184582,
        0.7466771956570994
      ],
      [
        0.0,
        0.0,
        0.0,
        1.0
      ]
    ],
    "location": [
      -22.72064553273276,
      -87.88738019764969,
      0.7466771956570994
    ],
    "rotation": [
      0.0011784355614839997,
      -0.011990649495087264,
      -1.6333421003499575
    ]
  },
  {
    "label_id": "XcrqP3fEFScklVixzL3o4A",
    "size": [
      0.348268110788269,
      0.08187213983536704,
      0.2671645781400116
    ],
    "obj_class": "sign",
    "point_num_in_lidar": 49,
    "speed": 0.009739711929646983,
    "if_vehicle": false,
    "motion_state": false,
    "pose": [
      [
        -0.9564534608652678,
        -0.29188455791322027,
        -0.0004266739455460475,
        6.102107063532458
      ],
      [
        0.2918585120107331,
        -0.9563857138845684,
        0.01204056661396528,
        -53.19600995014116
      ],
      [
        -0.003922520329148937,
        0.011391713185845073,
        0.9999274187184582,
        0.7740075104839832
      ],
      [
        0.0,
        0.0,
        0.0,
        1.0
      ]
    ],
    "location": [
      6.102107063532458,
      -53.19600995014116,
      0.7740075104839832
    ],
    "rotation": [
      0.01139204723024044,
      0.003922530387976561,
      2.845420930623197
    ]
  },
  {
    "label_id": "ZvjHP6WKm3J0jfaa7zemIA",
    "size": [
      0.3159283681995654,
      0.09096904424234253,
      0.4588021549410257
    ],
    "obj_class": "sign",
    "point_num_in_lidar": 85,
    "speed": 0.016487322729050645,
    "if_vehicle": false,
    "motion_state": false,
    "pose": [
      [
        -0.9505953347243218,
        -0.31043248468821516,
        -0.0004266739455460475,
        3.041895151080098
      ],
      [
        0.3104051260253702,
        -0.95052810715559,
        0.01204056661396528,
        -54.77315334636478
      ],
      [
        -0.004143348588859703,
        0.011313264670833854,
        0.9999274187184582,
        0.44904944502758326
      ],
      [
        0.0,
        0.0,
        0.0,
        1.0
      ]
    ],
    "location": [
      3.041895151080098,
      -54.77315334636478,
      0.44904944502758326
    ],
    "rotation": [
      0.011313603132227394,
      0.004143360443995242,
      2.8259706705591996
    ]
  },
  {
    "label_id": "aBGdO9872Yc7g6RtMPPSXw",
    "size": [
      1.6021190442628157,
      4.067003794596388,
      1.6100000000000136
    ],
    "obj_class": "vehicle",
    "point_num_in_lidar": 90,
    "speed": 0.0019397893165109914,
    "if_vehicle": true,
    "motion_state": false,
    "pose": [
      [
        -0.09799429528895401,
        0.9951868849819945,
        -0.0004266739455460475,
        -23.767269300941734
      ],
      [
        -0.9951153376394155,
        -0.09798208790593586,
        0.01204056661396528,
        -100.48715513384741
      ],
      [
        0.011940807577930642,
        0.001604496627599231,
        0.9999274187184582,
        0.925572657813234
      ],
      [
        0.0,
        0.0,
        0.0,
        1.0
      ]
    ],
    "location": [
      -23.767269300941734,
      -100.48715513384741,
      0.925572657813234
    ],
    "rotation": [
      0.0016046117152990571,
      -0.011941091355272328,
      -1.6689551623625891
    ]
  }
]