[
  {
    "label_id": "3qPBGUJzsex9FlyVSzT81Q",
    "size": [
      0.2815198731241963,
      0.07790901929933947,
      0.468137944211918
    ],
    "obj_class": "sign",
    "point_num_in_lidar": 83,
    "speed": 0.023116542336933475,
    "if_vehicle": false,
    "motion_state": false,
    "pose": [
      [
        -0.9593922436614437,
        -0.2819907280014249,
        0.006910291128975301,
        -2.0572403429468977
      ],
      [
        0.2820643814478657,
        -0.9592832792985085,
        0.01467224511561207,
        -64.47017679336932
      ],
      [
        0.0024914896535440214,
        0.016025585153936817,
        0.9998684779008588,
        1.0802515773569326
      ],
      [
        0.0,
        0.0,
        0.0,
        1.0
      ]
    ],
    "location": [
      -2.0572403429468977,
      -64.47017679336932,
      1.0802515773569326
    ],
    "rotation": [
      0.016026320926224528,
      -0.002491492231213486,
      2.855646558076473
    ]
  },
  {
    "label_id": "5aXRL8gWQ8E2_KeLsSrB7g",
    "size": [
      1.8890644729530175,
      4.215570614312059,
      1.5
    ],
    "obj_class": "vehicle",
    "point_num_in_lidar": 34,
    "speed": 0.04806305751091322,
    "if_vehicle": true,
    "motion_state": false,
    "pose": [
      [
        -0.19468411171872924,
        0.9808416510939989,
        0.006910291128975301,
        -24.94612003161501
      ],
      [
        -0.9807397422245252,
        -0.19476725403578296,
        0.01467224511561207,
        -105.90677963901908
      ],
      [
        0.015737047552231157,
        -0.003920744133275261,
        0.9998684779008588,
        0.8264988666324768
      ],
      [
        0.0,
        0.0,
        0.0,
        1.0
      ]
    ],
    "location": [
      -24.94612003161501,
      -105.90677963901908,
      0.8264988666324768
    ],
    "rotation": [
      -0.003921239767660994,
      -0.015737697183506667,
      -1.7667562983696052
    ]
  },
  {
    "label_id": "AQI3XRZueIkfrXZhKao_cw",
    "size": [
      1.8132296860454704,
      5.423299587816903,
      1.854063376721399
    ],
    "obj_class": "vehicle",
    "point_num_in_lidar": 209,
    "speed": 1.6890451697310002e-28,
    "if_vehicle": true,
    "motion_state": false,
    "pose": [
      [
        -0.07517210542009652,
        0.9971466303624671,
        0.006910291128975301,
        -23.340395745330625
      ],
      [
        -0.997055473399505,
        -0.07526691296550292,
        0.01467224511561207,
        -94.81658707429233
      ],
      [
        0.015150496057855616,
        -0.005787000036348582,
        0.9998684779008588,
        0.8689470085527091
      ],
      [
        0.0,
        0.0,
        0.0,
        1.0
      ]
    ],
    "location": [
      -23.340395745330625,
      -94.81658707429233,
      0.8689470085527091
    ],
    "rotation": [
      -0.00578769662966694,
      -0.01515107571897449,
      -1.6460480638931312
    ]
  },
  {
    "label_id": "AttAkBqG0g25TyJFzMbL2A",
    "size": [
      1.641413015003677,
      3.088480793941632,
      1.8600000000000136
    ],
    "obj_class": "vehicle",
    "point_num_in_lidar": 4320,
    "speed": 0.07251477072620001,
    "if_vehicle": true,
    "motion_state": false,
    "pose": [
      [
        -0.5091173414540736,
        0.8606693793247492,
        0.006910291128975301,
        -9.172869285498109
      ],
      [
        -0.8605456560185571,
        -0.5091619576626464,
        0.01467224511561207,
        -52.34811170316789
      ],
      [
        0.01614640945620231,
        0.001523273413559667,
        0.9998684779008588,
        0.2075717185495023
      ],
      [
        0.0,
        0.0,
        0.0,
        1.0
      ]
    ],
    "location": [
      -9.172869285498109,
      -52.34811170316789,
      0.2075717185495023
    ],
    "rotation": [
      0.0015234726053845174,
      -0.016147111117608855,
      -2.1050324128677924
    ]
  },
  {
    "label_id": "FcImdUxckIaRffThBbBEZQ",
    "size": [
      0.6573645149789745,
      0.06969596510098991,
      1.2588235294118135
    ],
    "obj_class": "sign",
    "point_num_in_lidar": 172,
    "speed": 0.0025142036991049692,
    "if_vehicle": false,
    "motion_state": false,
    "pose": [
      [
        -0.49267516109290194,
        0.8701858614793714,
        0.006910291128975301,
        -6.9669580460335965
      ],
      [
        -0.8700630080834446,
        -0.4927221196456023,
        0.01467224511561207,
        -67.48639192584596
      ],
      [
        0.016172433548202306,
        0.0012162620395201268,
        0.9998684779008588,
        2.312428205686075
      ],
      [
        0.0,
        0.0,
        0.0,
        1.0
      ]
    ],
    "location": [
      -6.9669580460335965,
      -67.48639192584596,
      2.312428205686075
    ],
    "rotation": [
      0.0012164214259261343,
      -0.016173138608070455,
      -2.0860316123861686
    ]
  },
  {
    "label_id": "N1hYw2tMjOZCfWS1n8OXIg",
    "size": [
      2.166561908853476,
      5.409122640819431,
      1.9000000000000057
    ],
    "obj_class": "vehicle",
    "point_num_in_lidar": 53,
    "speed": 3.3780895003197147e-28,
    "if_vehicle": true,
    "motion_state": false,
    "pose": [
      [
        -0.18546111348425082,
        0.9826273063891999,
        0.006910291128975301,
        -27.381166335113903
      ],
      [
        -0.9825261830879817,
        -0.1855452095038546,
        0.01467224511561207,
        -117.48821708540527
      ],
      [
        0.015699520111894336,
        -0.004068411050523569,
        0.9998684779008588,
        0.9754873095948824
      ],
      [
        0.0,
        0.0,
        0.0,
        1.0
      ]
    ],
    "location": [
      -27.381166335113903,
      -117.48821708540527,
      0.9754873095948824
    ],
    "rotation": [
      -0.004068923751496848,
      -0.015700165106460308,
      -1.7573606862787983
    ]
  },
  {
    "label_id": "VSJ3Jj4uDz8TUm9Xe159uw",
    "size": [
      1.8939621441214902,
      4.281486616652753,
      1.6899999999999977
    ],
    "obj_class": "vehicle",
    "point_num_in_lidar": 304,
    "speed": 0.026014934322512194,
    "if_vehicle": true,
    "motion_state": false,
    "pose": [
      [
        -0.06249902206919248,
        0.9980211020398854,
        0.006910291128975301,
        -22.71934617998795
      ],
      [
        -0.9979311567977119,
        -0.06259497995564711,
        0.01467224511561207,
        -87.8639930712452
      ],
      [
        0.015075759774388381,
        -0.005978993848862049,
        0.9998684779008588,
        0.724958606054031
      ],
      [
        0.0,
        0.0,
        0.0,
        1.0
      ]
    ],
    "location": [
      -22.71934617998795,
      -87.8639930712452,
      0.724958606054031
    ],
    "rotation": [
      -0.005979709049109698,
      -0.015076330898895929,
      -1.633343226214938
    ]
  },
  {
    "label_id": "aBGdO9872Yc7g6RtMPPSXw",
    "size": [
      1.6021190442628133,
      4.067003794596388,
      1.6100000000000136
    ],
    "obj_class": "vehicle",
    "point_num_in_lidar": 97,
    "speed": 0.053622636410681546,
    "if_vehicle": true,
    "motion_state": false,
    "pose": [
      [
        -0.09799196446292881,
        0.995163214139876,
        0.006910291128975301,
        -23.767629463289268
      ],
      [
        -0.9950699095313257,
        -0.09808465919085733,
        0.01467224511561207,
        -100.48886413304717
      ],
      [
        0.015279072158195755,
        -0.005438460646584138,
        0.9998684779008588,
        0.9113734529417457
      ],
      [
        0.0,
        0.0,
        0.0,
        1.0
      ]
    ],
    "location": [
      -23.767629463289268,
      -100.48886413304717,
      0.9113734529417457
    ],
    "rotation": [
      -0.005439122380703343,
      -0.015279666704006144,
      -1.6689572950182772
    ]
  }
]