[
  {
    "label_id": "6F-lw9aZ0o3zzyf92vpI1A",
    "size": [
      0.4742139551343166,
      0.4638745352131082,
      1.710000000000008
    ],
    "obj_class": "pedestrian",
    "point_num_in_lidar": 23,
    "speed": 0.041487242044718015,
    "if_vehicle": false,
    "motion_state": false,
    "pose": [
      [
        0.3440880130702604,
        0.938934578125985,
        0.002301577880304455,
        -20.09907637160859
      ],
      [
        -0.9388989021224321,
        0.3440950685703921,
        -0.008211904701648924,
        -16.36441380868382
      ],
      [
        -0.008502402875196984,
        0.0006646690273455794,
        0.9999636330189373,
        3.386078718464802
      ],
      [
        0.0,
        0.0,
        0.0,
        1.0
      ]
    ],
    "location": [
      -20.09907637160859,
      -16.36441380868382,
      3.386078718464802
    ],
    "rotation": [
      0.0006646931023397009,
      0.008502505319524697,
      -1.2195157648216646
    ]
  },
  {
    "label_id": "6KbSoKgDcTgkxu2wYrmrIg",
    "size": [
      1.9931503817455554,
      4.913822519243695,
      1.7729219124551037
    ],
    "obj_class": "vehicle",
    "point_num_in_lidar": 3099,
    "speed": 0.0074983391094928555,
    "if_vehicle": true,
    "motion_state": false,
    "pose": [
      [
        -0.2485730261440992,
        0.9686104239645711,
        0.002301577880304455,
        2.7192591831039863
      ],
      [
        -0.9685850274893297,
        -0.24854699584719467,
        -0.008211904701648924,
        -29.576373621672246
      ],
      [
        -0.00738208622676279,
        -0.004270531876559353,
        0.9999636330189373,
        0.2865144866697733
      ],
      [
        0.0,
        0.0,
        0.0,
        1.0
      ]
    ],
    "location": [
      2.7192591831039863,
      -29.576373621672246,
      0.2865144866697733
    ],
    "rotation": [
      -0.004270661224817801,
      0.007382153276447658,
      -1.822010082222989
    ]
  },
  {
    "label_id": "AttAkBqG0g25TyJFzMbL2A",
    "size": [
      1.6414130150036772,
      3.088480793941632,
      1.8600000000000136
    ],
    "obj_class": "vehicle",
    "point_num_in_lidar": 78,
    "speed": 0.02316517060672441,
    "if_vehicle": true,
    "motion_state": false,
    "pose": [
      [
        -0.5091281491088799,
        0.8606876498034739,
        0.002301577880304455,
        -9.108749120474386
      ],
      [
        -0.8606705310824397,
        -0.5090960631820307,
        -0.008211904701648924,
        -52.40173920984125
      ],
      [
        -0.005896160720102467,
        -0.006161812097978257,
        0.9999636330189373,
        0.3370603085924131
      ],
      [
        0.0,
        0.0,
        0.0,
        1.0
      ]
    ],
    "location": [
      -9.108749120474386,
      -52.40173920984125,
      0.3370603085924131
    ],
    "rotation": [
      -0.006161958202153158,
      0.00589619488369107,
      -2.1049781292676553
    ]
  },
  {
    "label_id": "LAi6lGcJwTiPX61x-335WQ",
    "size": [
      1.8987644559352428,
      3.789079926980776,
      1.8600000000000136
    ],
    "obj_class": "vehicle",
    "point_num_in_lidar": 4173,
    "speed": 0.030664404081439688,
    "if_vehicle": true,
    "motion_state": false,
    "pose": [
      [
        0.07311958479038015,
        -0.9973205247358261,
        0.002301577880304455,
        12.592778577913123
      ],
      [
        0.9972909200941088,
        0.0730984631782161,
        -0.008211904701648924,
        -18.18589240685651
      ],
      [
        0.00802165930019387,
        0.002895793784039819,
        0.9999636330189373,
        0.4926985307306495
      ],
      [
        0.0,
        0.0,
        0.0,
        1.0
      ]
    ],
    "location": [
      12.592778577913123,
      -18.18589240685651,
      0.4926985307306495
    ],
    "rotation": [
      0.002895891003961412,
      -0.008021745330994149,
      1.4976090704813603
    ]
  },
  {
    "label_id": "VSJ3Jj4uDz8TUm9Xe159uw",
    "size": [
      1.893962144121488,
      4.281486616652753,
      1.6899999999999977
    ],
    "obj_class": "vehicle",
    "point_num_in_lidar": 51,
    "speed": 0.026014934106770034,
    "if_vehicle": true,
    "motion_state": false,
    "pose": [
      [
        -0.06250034881216461,
        0.9980422882511636,
        0.002301577880304455,
        -22.72801667616477
      ],
      [
        -0.9980124604761221,
        -0.06247954349679341,
        -0.008211904701648924,
        -88.02005384131735
      ],
      [
        -0.00805202662405044,
        -0.0028102503115653796,
        0.9999636330189373,
        0.8698853388043233
      ],
      [
        0.0,
        0.0,
        0.0,
        1.0
      ]
    ],
    "location": [
      -22.72801667616477,
      -88.02005384131735,
      0.8698853388043233
    ],
    "rotation": [
      -0.0028103451168396414,
      0.00805211363562495,
      -1.633339468263809
    ]
  },
  {
    "label_id": "e3hVgS7vRNXW0BW44Z2XmA",
    "size": [
      2.5000000000008216,
      5.0,
      1.5999999999999943
    ],
    "obj_class": "vehicle",
    "point_num_in_lidar": 66,
    "speed": 6.070879795542461e-13,
    "if_vehicle": true,
    "motion_state": false,
    "pose": [
      [
        -0.9853283248841809,
        -0.170654021107606,
        0.002301577880304455,
        28.775052453556782
      ],
      [
        0.17063009576956473,
        -0.9853009362823321,
        -0.008211904701648924,
        -24.01833582472318
      ],
      [
        0.0036691413986795294,
        -0.0076987038496468,
        0.9999636330189373,
        -2.3129328564207583
      ],
      [
        0.0,
        0.0,
        0.0,
        1.0
      ]
    ],
    "location": [
      28.775052453556782,
      -24.01833582472318,
      -2.3129328564207583
    ],
    "rotation": [
      -0.0076988317264296245,
      -0.0036691496314257164,
      2.970122380602552
    ]
  },
  {
    "label_id": "iSjPQoPFkB_AGXGQHkoRZw",
    "size": [
      2.137884111044735,
      5.009969803902331,
      1.5699999999999932
    ],
    "obj_class": "vehicle",
    "point_num_in_lidar": 5303,
    "speed": 0.08851166893734778,
    "if_vehicle": true,
    "motion_state": false,
    "pose": [
      [
        -0.18120527625324798,
        0.9834426015773595,
        0.002301577880304455,
        4.019790028128227
      ],
      [
        -0.9834154709880641,
        -0.18118105872992077,
        -0.008211904701648924,
        -23.783508406284454
      ],
      [
        -0.007658934606592039,
        -0.0037514477552029555,
        0.9999636330189373,
        0.2917455772323194
      ],
      [
        0.0,
        0.0,
        0.0,
        1.0
      ]
    ],
    "location": [
      4.019790028128227,
      -23.783508406284454,
      0.2917455772323194
    ],
    "rotation": [
      -0.003751566588730669,
      0.007659009486499352,
      -1.7530136095150581
    ]
  },
  {
    "label_id": "qE8xh4Tna0sZpG36-C1CQw",
    "size": [
      2.096758127616476,
      4.705847062522819,
      1.7761070921727935
    ],
    "obj_class": "vehicle",
    "point_num_in_lidar": 1570,
    "speed": 0.022324081822944545,
    "if_vehicle": true,
    "motion_state": false,
    "pose": [
      [
        0.9771139299730712,
        0.21270418564720608,
        0.002301577880304455,
        13.760983962555656
      ],
      [
        -0.21267910907105667,
        0.9770875913580689,
        -0.008211904701648924,
        -36.610012648568954
      ],
      [
        -0.003995549689566387,
        0.007534468942551717,
        0.9999636330189373,
        0.003400355301948821
      ],
      [
        0.0,
        0.0,
        0.0,
        1.0
      ]
    ],
    "location": [
      13.760983962555656,
      -36.610012648568954,
      0.003400355301948821
    ],
    "rotation": [
      0.007534600374904608,
      0.00399556032074654,
      -0.21431771948768244
    ]
  },
  {
    "label_id": "v14dpaT9xoxBvUcM5GXf4A",
    "size": [
      2.41659233863238,
      6.350069575499419,
      2.3499999999999943
    ],
    "obj_class": "vehicle",
    "point_num_in_lidar": 1560,
    "speed": 0.0024302623086029326,
    "if_vehicle": true,
    "motion_state": false,
    "pose": [
      [
        -0.38319330561426773,
        0.9236653037067439,
        0.002301577880304455,
        0.03730642558048203
      ],
      [
        -0.9236438480535073,
        -0.3831639421632477,
        -0.008211904701648924,
        -36.8869680701373
      ],
      [
        -0.006703169796446204,
        -0.00527258515797344,
        0.9999636330189373,
        0.3771737468580625
      ],
      [
        0.0,
        0.0,
        0.0,
        1.0
      ]
    ],
    "location": [
      0.03730642558048203,
      -36.8869680701373,
      0.3771737468580625
    ],
    "rotation": [
      -0.005272728048875457,
      0.006703219995807636,
      -1.9640566751291313
    ]
  }
]