[
  {
    "label_id": "5aXRL8gWQ8E2_KeLsSrB7g",
    "size": [
      1.8890644729530195,
      4.215570614312059,
      1.5
    ],
    "obj_class": "vehicle",
    "point_num_in_lidar": 22,
    "speed": 0.0480630571069873,
    "if_vehicle": true,
    "motion_state": false,
    "pose": [
      [
        -0.19459526010942133,
        0.980394006145451,
        -0.03098834388960007,
        -24.960845122345745
      ],
      [
        -0.9808491557218628,
        -0.19475613869033773,
        -0.0022316276882518842,
        -106.05034433734
      ],
      [
        -0.008223044609857207,
        0.029960626770870212,
        0.9995172546688931,
        0.8702453219656832
      ],
      [
        0.0,
        0.0,
        0.0,
        1.0
      ]
    ],
    "location": [
      -24.960845122345745,
      -106.05034433734,
      0.8702453219656832
    ],
    "rotation": [
      0.029966124339809577,
      0.008223137284282972,
      -1.7666478398979844
    ]
  },
  {
    "label_id": "AQI3XRZueIkfrXZhKao_cw",
    "size": [
      1.8132296860454684,
      5.423299587816903,
      1.854063376721399
    ],
    "obj_class": "vehicle",
    "point_num_in_lidar": 94,
    "speed": 1.1368683772161603e-12,
    "if_vehicle": true,
    "motion_state": false,
    "pose": [
      [
        -0.07513779772810147,
        0.9966915440072474,
        -0.03098834388960007,
        -23.34039574533199
      ],
      [
        -0.9971627526173494,
        -0.07524270483210908,
        -0.0022316276882518842,
        -94.81658707429051
      ],
      [
        -0.004555891258774161,
        0.030732742702162322,
        0.9995172546688931,
        0.9343068277661359
      ],
      [
        0.0,
        0.0,
        0.0,
        1.0
      ]
    ],
    "location": [
      -23.34039574533199,
      -94.81658707429051,
      0.9343068277661359
    ],
    "rotation": [
      0.03073790171532766,
      0.004555907019378088,
      -1.6460057875253777
    ]
  },
  {
    "label_id": "AttAkBqG0g25TyJFzMbL2A",
    "size": [
      1.6414130150036774,
      3.088480793941632,
      1.8600000000000136
    ],
    "obj_class": "vehicle",
    "point_num_in_lidar": 911,
    "speed": 0.02271663601799872,
    "if_vehicle": true,
    "motion_state": false,
    "pose": [
      [
        -0.5088849861030698,
        0.860276579631143,
        -0.03098834388960007,
        -9.135104448950642
      ],
      [
        -0.8606525587199185,
        -0.5091877777467937,
        -0.0022316276882518842,
        -52.33729826812305
      ],
      [
        -0.017698702995858375,
        0.02553455563395377,
        0.9995172546688931,
        0.26722754538465665
      ],
      [
        0.0,
        0.0,
        0.0,
        1.0
      ]
    ],
    "location": [
      -9.135104448950642,
      -52.33729826812305,
      0.26722754538465665
    ],
    "rotation": [
      0.02554133278008802,
      0.017699627128475563,
      -2.10477796143661
    ]
  },
  {
    "label_id": "FcImdUxckIaRffThBbBEZQ",
    "size": [
      0.6573645149789746,
      0.06969596510098991,
      1.2588235294118135
    ],
    "obj_class": "sign",
    "point_num_in_lidar": 27,
    "speed": 0.002514203677654017,
    "if_vehicle": false,
    "motion_state": false,
    "pose": [
      [
        -0.49245030976558,
        0.8697887185717944,
        -0.03098834388960007,
        -6.970098359106942
      ],
      [
        -0.8701703820019865,
        -0.49274590421877495,
        -0.0022316276882518842,
        -67.49325712995778
      ],
      [
        -0.017210424117417276,
        0.02586617329366113,
        0.9995172546688931,
        2.3652703749355624
      ],
      [
        0.0,
        0.0,
        0.0,
        1.0
      ]
    ],
    "location": [
      -6.970098359106942,
      -67.49325712995778,
      2.3652703749355624
    ],
    "rotation": [
      0.025872891392005496,
      0.017211273848219067,
      -2.085783007769582
    ]
  },
  {
    "label_id": "VSJ3Jj4uDz8TUm9Xe159uw",
    "size": [
      1.8939621441214847,
      4.281486616652753,
      1.6899999999999977
    ],
    "obj_class": "vehicle",
    "point_num_in_lidar": 121,
    "speed": 0.026014934107865737,
    "if_vehicle": true,
    "motion_state": false,
    "pose": [
      [
        -0.06247049822797755,
        0.9975656165857603,
        -0.03098834388960007,
        -22.723679417001676
      ],
      [
        -0.9980381198368958,
        -0.06256941097928868,
        -0.0022316276882518842,
        -87.94198725881688
      ],
      [
        -0.004165117475216761,
        0.030788137578891164,
        0.9995172546688931,
        0.7973883574492788
      ],
      [
        0.0,
        0.0,
        0.0,
        1.0
      ]
    ],
    "location": [
      -22.723679417001676,
      -87.94198725881688,
      0.7973883574492788
    ],
    "rotation": [
      0.03079327090537023,
      0.0041651295181950945,
      -1.6333080719997002
    ]
  },
  {
    "label_id": "XcrqP3fEFScklVixzL3o4A",
    "size": [
      0.34826811078826825,
      0.08187213983536704,
      0.2671645781400116
    ],
    "obj_class": "sign",
    "point_num_in_lidar": 22,
    "speed": 0.03162809721505387,
    "if_vehicle": false,
    "motion_state": false,
    "pose": [
      [
        -0.9559942072362738,
        -0.2917444057281445,
        -0.03098834388960007,
        6.151351253469784
      ],
      [
        0.29195003176248785,
        -0.9564309691722364,
        -0.0022316276882518842,
        -53.20794375693913
      ],
      [
        -0.028987146885657223,
        -0.011180471125512513,
        0.9995172546688931,
        0.7966102022488144
      ],
      [
        0.0,
        0.0,
        0.0,
        1.0
      ]
    ],
    "location": [
      6.151351253469784,
      -53.20794375693913,
      0.7966102022488144
    ],
    "rotation": [
      -0.011185404548326384,
      0.028991207852349356,
      2.845199264305046
    ]
  },
  {
    "label_id": "ZvjHP6WKm3J0jfaa7zemIA",
    "size": [
      0.31592836819956416,
      0.09096904424234253,
      0.4588021549410257
    ],
    "obj_class": "sign",
    "point_num_in_lidar": 21,
    "speed": 0.02228351377752465,
    "if_vehicle": false,
    "motion_state": false,
    "pose": [
      [
        -0.9501388939511579,
        -0.310283426473684,
        -0.03098834388960007,
        3.0871205258172267
      ],
      [
        0.31049750868534504,
        -0.9505715738112808,
        -0.0022316276882518842,
        -54.78537131165831
      ],
      [
        -0.02876420173521798,
        -0.011742159839431979,
        0.9995172546688931,
        0.49851394918889014
      ],
      [
        0.0,
        0.0,
        0.0,
        1.0
      ]
    ],
    "location": [
      3.0871205258172267,
      -54.78537131165831,
      0.49851394918889014
    ],
    "rotation": [
      -0.011747290649373935,
      0.02876816969693962,
      2.8257410735043265
    ]
  },
  {
    "label_id": "aBGdO9872Yc7g6RtMPPSXw",
    "size": [
      1.6021190442628124,
      4.067003794596388,
      1.6100000000000136
    ],
    "obj_class": "vehicle",
    "point_num_in_lidar": 62,
    "speed": 0.002228721452289557,
    "if_vehicle": true,
    "motion_state": false,
    "pose": [
      [
        -0.09794724204740123,
        0.9947090329932103,
        -0.03098834388960007,
        -23.76642835102666
      ],
      [
        -0.9951777150899686,
        -0.09806291463224276,
        -0.0022316276882518842,
        -100.48316475908177
      ],
      [
        -0.005258627541222335,
        0.030620327489133493,
        0.9995172546688931,
        0.958726651606014
      ],
      [
        0.0,
        0.0,
        0.0,
        1.0
      ]
    ],
    "location": [
      -23.76642835102666,
      -100.48316475908177,
      0.958726651606014
    ],
    "rotation": [
      0.030625538050257282,
      0.005258651777805235,
      -1.6689022218196188
    ]
  },
  {
    "label_id": "v14dpaT9xoxBvUcM5GXf4A",
    "size": [
      2.416592338632379,
      6.350069575499419,
      2.3499999999999943
    ],
    "obj_class": "vehicle",
    "point_num_in_lidar": 19483,
    "speed": 0.0927836035250253,
    "if_vehicle": true,
    "motion_state": false,
    "pose": [
      [
        -0.38301028993115604,
        0.9232241549861181,
        -0.03098834388960007,
        0.002896545227031311
      ],
      [
        -0.9236389356195316,
        -0.38325727187553776,
        -0.0022316276882518842,
        -36.9063000886872
      ],
      [
        -0.01393680072579908,
        0.027767304598906473,
        0.9995172546688931,
        0.32107695752137033
      ],
      [
        0.0,
        0.0,
        0.0,
        1.0
      ]
    ],
    "location": [
      0.002896545227031311,
      -36.9063000886872,
      0.32107695752137033
    ],
    "rotation": [
      0.02777357215996789,
      0.013937251932959603,
      -1.9638894962380686
    ]
  }
]