[
  {
    "label_id": "2mTkBBswZ4DH1MmNIdDmww",
    "size": [
      0.49400382776046237,
      0.07990994376794525,
      0.5099999999999909
    ],
    "obj_class": "sign",
    "point_num_in_lidar": 59,
    "speed": 0.014397660334759404,
    "if_vehicle": false,
    "motion_state": false,
    "pose": [
      [
        -0.17559783886692623,
        -0.9844374121455004,
        -0.0069556130955736786,
        12.59338906683297
      ],
      [
        0.9842715796559847,
        -0.17542054069254692,
        -0.020906730606364488,
        1.9168874073584448
      ],
      [
        0.01936121036447889,
        -0.010517389001306787,
        0.9997572345633802,
        2.6138566141250976
      ],
      [
        0.0,
        0.0,
        0.0,
        1.0
      ]
    ],
    "location": [
      12.59338906683297,
      1.9168874073584448,
      2.6138566141250976
    ],
    "rotation": [
      -0.01051955482771896,
      -0.01936242018105337,
      1.7473427777733206
    ]
  },
  {
    "label_id": "6KbSoKgDcTgkxu2wYrmrIg",
    "size": [
      1.9931503817455527,
      4.913822519243695,
      1.7729219124551037
    ],
    "obj_class": "vehicle",
    "point_num_in_lidar": 127,
    "speed": 0.007498339108597802,
    "if_vehicle": true,
    "motion_state": false,
    "pose": [
      [
        -0.24856767138582314,
        0.9685895581660451,
        -0.0069556130955736786,
        2.7447597444197527
      ],
      [
        -0.9683651216453428,
        -0.24866020951522028,
        -0.020906730606364488,
        -29.58272981297887
      ],
      [
        -0.02197962517036727,
        0.00153883577829841,
        0.9997572345633802,
        0.3938570432360109
      ],
      [
        0.0,
        0.0,
        0.0,
        1.0
      ]
    ],
    "location": [
      2.7447597444197527,
      -29.58272981297887,
      0.3938570432360109
    ],
    "rotation": [
      0.0015392082296057238,
      0.021981395295736766,
      -1.8220595716492964
    ]
  },
  {
    "label_id": "LAi6lGcJwTiPX61x-335WQ",
    "size": [
      1.8987644559352428,
      3.789079926980776,
      1.8600000000000136
    ],
    "obj_class": "vehicle",
    "point_num_in_lidar": 825,
    "speed": 0.007314753393400502,
    "if_vehicle": true,
    "motion_state": false,
    "pose": [
      [
        0.07311800964883017,
        -0.997299040464523,
        -0.0069556130955736786,
        12.71454683801494
      ],
      [
        0.997094537955906,
        0.07324882930020794,
        -0.020906730606364488,
        -17.992377066582776
      ],
      [
        0.021359752889293548,
        -0.005406745295529437,
        0.9997572345633802,
        0.583063592725523
      ],
      [
        0.0,
        0.0,
        0.0,
        1.0
      ]
    ],
    "location": [
      12.71454683801494,
      -17.992377066582776,
      0.583063592725523
    ],
    "rotation": [
      -0.005408005462733702,
      -0.02136137741504766,
      1.4975962786454484
    ]
  },
  {
    "label_id": "NdBVqaolE4bHvXj5PXHRjw",
    "size": [
      0.7548897632096514,
      0.8921890462625014,
      1.5858547172024373
    ],
    "obj_class": "pedestrian",
    "point_num_in_lidar": 337,
    "speed": 1.4216481473610239,
    "if_vehicle": false,
    "motion_state": true,
    "pose": [
      [
        -0.11156678421579723,
        -0.9937325958758777,
        -0.0069556130955736786,
        14.433301630854658
      ],
      [
        0.9935556446650208,
        -0.11140058154977313,
        -0.020906730606364488,
        -9.602711805602667
      ],
      [
        0.02000084033285812,
        -0.00924328535543124,
        0.9997572345633802,
        0.6603297345500891
      ],
      [
        0.0,
        0.0,
        0.0,
        1.0
      ]
    ],
    "location": [
      14.433301630854658,
      -9.602711805602667,
      0.6603297345500891
    ],
    "rotation": [
      -0.009245266428616433,
      -0.020002174074372686,
      1.682618327312153
    ]
  },
  {
    "label_id": "Psh6rRiIfO9boq2krraFiA",
    "size": [
      2.1694399816618537,
      4.624474117045431,
      1.6800000000000068
    ],
    "obj_class": "vehicle",
    "point_num_in_lidar": 6231,
    "speed": 0.0774681791694692,
    "if_vehicle": true,
    "motion_state": false,
    "pose": [
      [
        -0.17972662684311644,
        -0.9836920041608858,
        -0.0069556130955736786,
        12.067609402350627
      ],
      [
        0.9835269170082258,
        -0.17954863445776278,
        -0.020906730606364488,
        -4.684521006360228
      ],
      [
        0.019316912897499625,
        -0.010598528873991257,
        0.9997572345633802,
        0.6399368372132415
      ],
      [
        0.0,
        0.0,
        0.0,
        1.0
      ]
    ],
    "location": [
      12.067609402350627,
      -4.684521006360228,
      0.6399368372132415
    ],
    "rotation": [
      -0.010600705352815654,
      -0.019318114428135278,
      1.751538969272928
    ]
  },
  {
    "label_id": "X6CX61Tgdi1uPlMGVF-yMg",
    "size": [
      0.33832615810444183,
      0.057663208219310036,
      0.44999999999998863
    ],
    "obj_class": "sign",
    "point_num_in_lidar": 24,
    "speed": 0.013703506498744923,
    "if_vehicle": false,
    "motion_state": false,
    "pose": [
      [
        -0.5087907113372845,
        -0.860862144308463,
        -0.0069556130955736786,
        0.24123052870481843
      ],
      [
        0.8607687891067966,
        -0.5085666134489878,
        -0.020906730606364488,
        -17.571543331445355
      ],
      [
        0.014460420343796966,
        -0.016624324998721497,
        0.9997572345633802,
        0.961361762723584
      ],
      [
        0.0,
        0.0,
        0.0,
        1.0
      ]
    ],
    "location": [
      0.24123052870481843,
      -17.571543331445355,
      0.961361762723584
    ],
    "rotation": [
      -0.0166268294503724,
      -0.014460924345925797,
      2.1046376390702095
    ]
  },
  {
    "label_id": "a2js6W3iAc3AmkF_O_niUA",
    "size": [
      1.9033192443093812,
      4.54035874329206,
      1.6304946149214459
    ],
    "obj_class": "vehicle",
    "point_num_in_lidar": 79,
    "speed": 5.728578676879116e-13,
    "if_vehicle": true,
    "motion_state": false,
    "pose": [
      [
        0.9687580381640902,
        0.24791023161404208,
        -0.0069556130955736786,
        -11.323998840982767
      ],
      [
        -0.2480029220473756,
        0.9685336645007836,
        -0.020906730606364488,
        -26.250348546207533
      ],
      [
        0.0015537530133894139,
        0.02197857569898007,
        0.9997572345633802,
        3.0143230636055023
      ],
      [
        0.0,
        0.0,
        0.0,
        1.0
      ]
    ],
    "location": [
      -11.323998840982767,
      -26.250348546207533,
      3.0143230636055023
    ],
    "rotation": [
      0.02198037210699797,
      -0.0015537536385551586,
      -0.250618538376862
    ]
  },
  {
    "label_id": "iSjPQoPFkB_AGXGQHkoRZw",
    "size": [
      2.1378841110444635,
      5.009969803902331,
      1.5699999999999932
    ],
    "obj_class": "vehicle",
    "point_num_in_lidar": 639,
    "speed": 0.014997866784921094,
    "if_vehicle": true,
    "motion_state": false,
    "pose": [
      [
        -0.176862691828666,
        0.9842109569018134,
        -0.0069556130955736786,
        4.048313420991235
      ],
      [
        -0.9839939114506142,
        -0.17697144075661933,
        -0.020906730606364488,
        -23.714535581259042
      ],
      [
        -0.0218075782066477,
        0.00314666028407228,
        0.9997572345633802,
        0.34786726181329186
      ],
      [
        0.0,
        0.0,
        0.0,
        1.0
      ]
    ],
    "location": [
      4.048313420991235,
      -23.714535581259042,
      0.34786726181329186
    ],
    "rotation": [
      0.0031474139768962444,
      0.021809307083357328,
      -1.7486370452355766
    ]
  },
  {
    "label_id": "qE8xh4Tna0sZpG36-C1CQw",
    "size": [
      2.0967581276164777,
      4.705847062522819,
      1.7761070921727935
    ],
    "obj_class": "vehicle",
    "point_num_in_lidar": 333,
    "speed": 0.022324081819925692,
    "if_vehicle": true,
    "motion_state": false,
    "pose": [
      [
        0.9770928809920824,
        0.21269960357522352,
        -0.0069556130955736786,
        13.82270842887283
      ],
      [
        -0.2128003508577525,
        0.9768720076295412,
        -0.020906730606364488,
        -36.658096917972216
      ],
      [
        0.0023478904169396708,
        0.021907974547466878,
        0.9997572345633802,
        0.08010200212575569
      ],
      [
        0.0,
        0.0,
        0.0,
        1.0
      ]
    ],
    "location": [
      13.82270842887283,
      -36.658096917972216,
      0.08010200212575569
    ],
    "rotation": [
      0.021909787815193867,
      -0.0023478925741043303,
      -0.21444066452543845
    ]
  },
  {
    "label_id": "v14dpaT9xoxBvUcM5GXf4A",
    "size": [
      2.416592338632381,
      6.350069575499419,
      2.3499999999999943
    ],
    "obj_class": "vehicle",
    "point_num_in_lidar": 471,
    "speed": 0.002430262308641368,
    "if_vehicle": true,
    "motion_state": false,
    "pose": [
      [
        -0.383185050866937,
        0.9236454061156628,
        -0.0069556130955736786,
        0.042903639037831454
      ],
      [
        -0.9234101295921587,
        -0.38324488409102775,
        -0.020906730606364488,
        -36.893388645503364
      ],
      [
        -0.021976108816061456,
        -0.0015882630408845144,
        0.9997572345633802,
        0.4393802835394638
      ],
      [
        0.0,
        0.0,
        0.0,
        1.0
      ]
    ],
    "location": [
      0.042903639037831454,
      -36.893388645503364,
      0.4393802835394638
    ],
    "rotation": [
      -0.0015886473734045225,
      0.02197787809187677,
      -1.964138631666071
    ]
  },
  {
    "label_id": "xY0REqLwpsK5CY4q3J2_Tw",
    "size": [
      2.0801259707321544,
      4.387674890124558,
      1.6699999999999875
    ],
    "obj_class": "vehicle",
    "point_num_in_lidar": 61,
    "speed": 1.2589377336137346e-27,
    "if_vehicle": true,
    "motion_state": false,
    "pose": [
      [
        0.9846330192092595,
        0.17449767026904073,
        -0.0069556130955736786,
        28.05497241532339
      ],
      [
        -0.17460694032257895,
        0.9844162356475741,
        -0.020906730606364488,
        -26.639513890049784
      ],
      [
        0.003199042676412562,
        0.02179995559942508,
        0.9997572345633802,
        -2.1308928244255583
      ],
      [
        0.0,
        0.0,
        0.0,
        1.0
      ]
    ],
    "location": [
      28.05497241532339,
      -26.639513890049784,
      -2.1308928244255583
    ],
    "rotation": [
      0.021801794239950496,
      -0.003199048132870993,
      -0.17550746944342663
    ]
  }
]