[
  {
    "label_id": "5aXRL8gWQ8E2_KeLsSrB7g",
    "size": [
      1.8890644729530184,
      4.215570614312059,
      1.5
    ],
    "obj_class": "vehicle",
    "point_num_in_lidar": 25,
    "speed": 0.04806305831638513,
    "if_vehicle": true,
    "motion_state": false,
    "pose": [
      [
        -0.19462381644557206,
        0.9805378763547409,
        -0.025827177660268506,
        -24.959370621418657
      ],
      [
        -0.9808775285000086,
        -0.1945315889186286,
        0.00606094023302403,
        -106.03596844762615
      ],
      [
        0.0009187795572666499,
        0.026512901510934467,
        0.9996480490140501,
        0.8658647588836175
      ],
      [
        0.0,
        0.0,
        0.0,
        1.0
      ]
    ],
    "location": [
      -24.959370621418657,
      -106.03596844762615,
      0.8658647588836175
    ],
    "rotation": [
      0.02651601982474824,
      -0.0009187796865322258,
      -1.766670328917888
    ]
  },
  {
    "label_id": "AQI3XRZueIkfrXZhKao_cw",
    "size": [
      1.813229686045467,
      5.423299587816903,
      1.854063376721399
    ],
    "obj_class": "vehicle",
    "point_num_in_lidar": 93,
    "speed": 1.1368683772161603e-12,
    "if_vehicle": true,
    "motion_state": false,
    "pose": [
      [
        -0.0751488239998028,
        0.9968378058368129,
        -0.025827177660268506,
        -23.34039574532926
      ],
      [
        -0.9971638826515602,
        -0.07501637247132788,
        0.00606094023302403,
        -94.81658707429051
      ],
      [
        0.004104313183949875,
        0.026209401284489835,
        0.9996480490140501,
        0.9348923087086689
      ],
      [
        0.0,
        0.0,
        0.0,
        1.0
      ]
    ],
    "location": [
      -23.34039574532926,
      -94.81658707429051,
      0.9348923087086689
    ],
    "rotation": [
      0.026212623727374217,
      -0.004104324707161021,
      -1.6460166978096586
    ]
  },
  {
    "label_id": "AttAkBqG0g25TyJFzMbL2A",
    "size": [
      1.641413015003677,
      3.088480793941632,
      1.8600000000000136
    ],
    "obj_class": "vehicle",
    "point_num_in_lidar": 1042,
    "speed": 0.018929940572865362,
    "if_vehicle": true,
    "motion_state": false,
    "pose": [
      [
        -0.5089596636194516,
        0.8604028229280049,
        -0.025827177660268506,
        -9.137741099495543
      ],
      [
        -0.8607538342259342,
        -0.508985365083167,
        0.00606094023302403,
        -52.330851441078266
      ],
      [
        -0.007930805364387788,
        0.02531561630052802,
        0.9996480490140501,
        0.26024130753086183
      ],
      [
        0.0,
        0.0,
        0.0,
        1.0
      ]
    ],
    "location": [
      -9.137741099495543,
      -52.330851441078266,
      0.26024130753086183
    ],
    "rotation": [
      0.025319117567339816,
      0.007930888504942384,
      -2.104790697643101
    ]
  },
  {
    "label_id": "FLTpqSGbVdIk3mkNwhSUnQ",
    "size": [
      0.47417175969779307,
      0.08583720200476817,
      0.5454703230236646
    ],
    "obj_class": "sign",
    "point_num_in_lidar": 38,
    "speed": 0.01943163470893844,
    "if_vehicle": false,
    "motion_state": false,
    "pose": [
      [
        0.5183905251463321,
        -0.8547538945992671,
        -0.025827177660268506,
        -9.104369506891544
      ],
      [
        0.8551046020402921,
        0.5184200850401202,
        0.00606094023302403,
        -48.78932053651806
      ],
      [
        0.008208715369872012,
        -0.02522687246528569,
        0.9996480490140501,
        1.9354502373378182
      ],
      [
        0.0,
        0.0,
        0.0,
        1.0
      ]
    ],
    "location": [
      -9.104369506891544,
      -48.78932053651806,
      1.9354502373378182
    ],
    "rotation": [
      -0.025230399186315613,
      -0.008208807560656419,
      1.025808136829475
    ]
  },
  {
    "label_id": "FcImdUxckIaRffThBbBEZQ",
    "size": [
      0.6573645149789762,
      0.06969596510098991,
      1.2588235294118135
    ],
    "obj_class": "sign",
    "point_num_in_lidar": 30,
    "speed": 0.002514203697734738,
    "if_vehicle": false,
    "motion_state": false,
    "pose": [
      [
        -0.4925225755369918,
        0.8699163577497052,
        -0.025827177660268506,
        -6.969783903012285
      ],
      [
        -0.8702677939587922,
        -0.49254160413267517,
        0.00606094023302403,
        -67.49256968089867
      ],
      [
        -0.0074484484629573295,
        0.02546171082032845,
        0.9996480490140501,
        2.359979010091706
      ],
      [
        0.0,
        0.0,
        0.0,
        1.0
      ]
    ],
    "location": [
      -6.969783903012285,
      -67.49256968089867,
      2.359979010091706
    ],
    "rotation": [
      0.025465169314138243,
      0.007448517337232879,
      -2.085797923378048
    ]
  },
  {
    "label_id": "VSJ3Jj4uDz8TUm9Xe159uw",
    "size": [
      1.8939621441214873,
      4.281486616652753,
      1.6899999999999977
    ],
    "obj_class": "vehicle",
    "point_num_in_lidar": 120,
    "speed": 0.02601493475886379,
    "if_vehicle": true,
    "motion_state": false,
    "pose": [
      [
        -0.0624796656072082,
        0.9977120066831492,
        -0.025827177660268506,
        -22.723245507145748
      ],
      [
        -0.9980363746200029,
        -0.06234308252607317,
        0.00606094023302403,
        -87.93417728984787
      ],
      [
        0.004436926973987366,
        0.02615514827774573,
        0.9996480490140501,
        0.7901355847940295
      ],
      [
        0.0,
        0.0,
        0.0,
        1.0
      ]
    ],
    "location": [
      -22.723245507145748,
      -87.93417728984787,
      0.7901355847940295
    ],
    "rotation": [
      0.026158388824355873,
      -0.00443694153191109,
      -1.633317330589644
    ]
  },
  {
    "label_id": "XcrqP3fEFScklVixzL3o4A",
    "size": [
      0.3482681107882688,
      0.08187213983536704,
      0.2671645781400116
    ],
    "obj_class": "sign",
    "point_num_in_lidar": 26,
    "speed": 0.031628097214026506,
    "if_vehicle": false,
    "motion_state": false,
    "pose": [
      [
        -0.9561344968400594,
        -0.29178721844267175,
        -0.025827177660268506,
        6.142109026966409
      ],
      [
        0.29172944935464434,
        -0.9564816743580233,
        0.00606094023302403,
        -53.20570400143515
      ],
      [
        -0.02647172702417712,
        -0.0017394742771345993,
        0.9996480490140501,
        0.7923680937458073
      ],
      [
        0.0,
        0.0,
        0.0,
        1.0
      ]
    ],
    "location": [
      6.142109026966409,
      -53.20570400143515,
      0.7923680937458073
    ],
    "rotation": [
      -0.0017400849460978125,
      0.026474819686917988,
      2.845451291554603
    ]
  },
  {
    "label_id": "ZvjHP6WKm3J0jfaa7zemIA",
    "size": [
      0.31592836819956416,
      0.09096904424234253,
      0.4588021549410257
    ],
    "obj_class": "sign",
    "point_num_in_lidar": 29,
    "speed": 0.022283513964226072,
    "if_vehicle": false,
    "motion_state": false,
    "pose": [
      [
        -0.9502783243033035,
        -0.3103289597401608,
        -0.025827177660268506,
        3.080652337167521
      ],
      [
        0.3102779542278672,
        -0.9506265597613298,
        0.00606094023302403,
        -54.78362388325331
      ],
      [
        -0.026432886325087362,
        -0.0022540237195672365,
        0.9996480490140501,
        0.4914394750394422
      ],
      [
        0.0,
        0.0,
        0.0,
        1.0
      ]
    ],
    "location": [
      3.080652337167521,
      -54.78362388325331,
      0.4914394750394422
    ],
    "rotation": [
      -0.002254813483437577,
      0.02643596539179533,
      2.8259931658700363
    ]
  },
  {
    "label_id": "aBGdO9872Yc7g6RtMPPSXw",
    "size": [
      1.6021190442628084,
      4.067003794596388,
      1.6100000000000136
    ],
    "obj_class": "vehicle",
    "point_num_in_lidar": 68,
    "speed": 0.0018959829618315433,
    "if_vehicle": true,
    "motion_state": false,
    "pose": [
      [
        -0.09796161554431314,
        0.9948550038945642,
        -0.025827177660268506,
        -23.76654862471605
      ],
      [
        -0.9951840289561498,
        -0.09783666753368606,
        0.00606094023302403,
        -100.48373546738185
      ],
      [
        0.003502911725048709,
        0.02629653421745684,
        0.9996480490140501,
        0.9539849266859903
      ],
      [
        0.0,
        0.0,
        0.0,
        1.0
      ]
    ],
    "location": [
      -23.76654862471605,
      -100.48373546738185,
      0.9539849266859903
    ],
    "rotation": [
      0.026299727261973483,
      -0.0035029188887707547,
      -1.6689159078508526
    ]
  },
  {
    "label_id": "v14dpaT9xoxBvUcM5GXf4A",
    "size": [
      2.416592338632379,
      6.350069575499419,
      2.3499999999999943
    ],
    "obj_class": "vehicle",
    "point_num_in_lidar": 13617,
    "speed": 0.11653539796351328,
    "if_vehicle": true,
    "motion_state": false,
    "pose": [
      [
        -0.383066495671121,
        0.9233596356720126,
        -0.025827177660268506,
        -0.02718795471764679
      ],
      [
        -0.9237107773161441,
        -0.38304264106427677,
        0.00606094023302403,
        -36.930582058879736
      ],
      [
        -0.004296482776830625,
        0.026178585487985403,
        0.9996480490140501,
        0.31298681914174153
      ],
      [
        0.0,
        0.0,
        0.0,
        1.0
      ]
    ],
    "location": [
      -0.02718795471764679,
      -36.930582058879736,
      0.31298681914174153
    ],
    "rotation": [
      0.026181818232718545,
      0.00429649599561696,
      -1.9639138965338538
    ]
  }
]