[
  {
    "label_id": "6KbSoKgDcTgkxu2wYrmrIg",
    "size": [
      1.993150381745555,
      4.913822519243695,
      1.7729219124551037
    ],
    "obj_class": "vehicle",
    "point_num_in_lidar": 3656,
    "speed": 0.045640917312120166,
    "if_vehicle": true,
    "motion_state": false,
    "pose": [
      [
        -0.24853281337534172,
        0.9684537275297314,
        -0.018133347994961125,
        2.6803880572888374
      ],
      [
        -0.9683492263848744,
        -0.24886435740455892,
        -0.01913915811709194,
        -29.56650321840425
      ],
      [
        -0.023048133016637853,
        0.012802704690211953,
        0.9996523767375649,
        0.2251824286085764
      ],
      [
        0.0,
        0.0,
        0.0,
        1.0
      ]
    ],
    "location": [
      2.6803880572888374,
      -29.56650321840425,
      0.2251824286085764
    ],
    "rotation": [
      0.012806456600844394,
      0.023050174095768032,
      -1.8220297522924136
    ]
  },
  {
    "label_id": "AQI3XRZueIkfrXZhKao_cw",
    "size": [
      1.8132296860454684,
      5.423299587816903,
      1.854063376721399
    ],
    "obj_class": "vehicle",
    "point_num_in_lidar": 66,
    "speed": 1.1368683772161603e-12,
    "if_vehicle": true,
    "motion_state": false,
    "pose": [
      [
        -0.07516154000464946,
        0.9970064817214696,
        -0.018133347994961125,
        -23.340395745330625
      ],
      [
        -0.9969616329747453,
        -0.07550625803797992,
        -0.01913915811709194,
        -94.81658707429233
      ],
      [
        -0.02045104595023276,
        0.01663972362988265,
        0.9996523767375649,
        0.9319654508893791
      ],
      [
        0.0,
        0.0,
        0.0,
        1.0
      ]
    ],
    "location": [
      -23.340395745330625,
      -94.81658707429233,
      0.9319654508893791
    ],
    "rotation": [
      0.016643972911414638,
      0.020452471810852354,
      -1.646044582642571
    ]
  },
  {
    "label_id": "AttAkBqG0g25TyJFzMbL2A",
    "size": [
      1.6414130150036765,
      3.088480793941632,
      1.8600000000000136
    ],
    "obj_class": "vehicle",
    "point_num_in_lidar": 472,
    "speed": 0.02316517118777975,
    "if_vehicle": true,
    "motion_state": false,
    "pose": [
      [
        -0.5090457851740448,
        0.8605484125178745,
        -0.018133347994961125,
        -9.124560309625394
      ],
      [
        -0.8603554986014265,
        -0.5093349670431628,
        -0.01913915811709194,
        -52.363079554368596
      ],
      [
        -0.02570612033798779,
        0.0058584178842326995,
        0.9996523767375649,
        0.2951659710127785
      ],
      [
        0.0,
        0.0,
        0.0,
        1.0
      ]
    ],
    "location": [
      -9.124560309625394,
      -52.363079554368596,
      0.2951659710127785
    ],
    "rotation": [
      0.0058603880238265755,
      0.0257089523007127,
      -2.1050676641034363
    ]
  },
  {
    "label_id": "FLTpqSGbVdIk3mkNwhSUnQ",
    "size": [
      0.4741717596977944,
      0.08583720200476817,
      0.5454703230236646
    ],
    "obj_class": "sign",
    "point_num_in_lidar": 36,
    "speed": 0.02018643651304357,
    "if_vehicle": false,
    "motion_state": false,
    "pose": [
      [
        0.5184782425060764,
        -0.8548985283285401,
        -0.018133347994961125,
        -9.076863563776897
      ],
      [
        0.8547024460155908,
        0.5187652854630261,
        -0.01913915811709194,
        -48.802129153171336
      ],
      [
        0.025768989556755533,
        -0.005575379822149447,
        0.9996523767375649,
        1.960894964258813
      ],
      [
        0.0,
        0.0,
        0.0,
        1.0
      ]
    ],
    "location": [
      -9.076863563776897,
      -48.802129153171336,
      1.960894964258813
    ],
    "rotation": [
      -0.005577260798669976,
      -0.025771842352810208,
      1.0255245517117626
    ]
  },
  {
    "label_id": "VSJ3Jj4uDz8TUm9Xe159uw",
    "size": [
      1.8939621441214873,
      4.281486616652753,
      1.6899999999999977
    ],
    "obj_class": "vehicle",
    "point_num_in_lidar": 78,
    "speed": 0.02601493475864702,
    "if_vehicle": true,
    "motion_state": false,
    "pose": [
      [
        -0.06249023785157005,
        0.9978808304921725,
        -0.018133347994961125,
        -22.725414651108622
      ],
      [
        -0.9978403644087553,
        -0.06283549779520502,
        -0.01913915811709194,
        -87.97321983947404
      ],
      [
        -0.020238016944761773,
        0.0168981760282269,
        0.9996523767375649,
        0.8263926733149276
      ],
      [
        0.0,
        0.0,
        0.0,
        1.0
      ]
    ],
    "location": [
      -22.725414651108622,
      -87.97321983947404,
      0.8263926733149276
    ],
    "rotation": [
      0.016902442452037036,
      0.02023939870493917,
      -1.6333401336212245
    ]
  },
  {
    "label_id": "aBGdO9872Yc7g6RtMPPSXw",
    "size": [
      1.602119044262811,
      4.067003794596388,
      1.6100000000000136
    ],
    "obj_class": "vehicle",
    "point_num_in_lidar": 45,
    "speed": 0.03974558643054156,
    "if_vehicle": true,
    "motion_state": false,
    "pose": [
      [
        -0.0979781917235698,
        0.995023344267396,
        -0.018133347994961125,
        -23.768355826609877
      ],
      [
        -0.994970611542056,
        -0.09832179206155592,
        -0.01913915811709194,
        -100.50815494228846
      ],
      [
        -0.0208268123870717,
        0.016166928240427238,
        0.9996523767375649,
        0.9917127497420495
      ],
      [
        0.0,
        0.0,
        0.0,
        1.0
      ]
    ],
    "location": [
      -23.768355826609877,
      -100.50815494228846,
      0.9917127497420495
    ],
    "rotation": [
      0.01617114043204375,
      0.020828318307233213,
      -1.6689533192584594
    ]
  },
  {
    "label_id": "qE8xh4Tna0sZpG36-C1CQw",
    "size": [
      2.096758127616474,
      4.705847062522819,
      1.7761070921727935
    ],
    "obj_class": "vehicle",
    "point_num_in_lidar": 2337,
    "speed": 0.03525318841340067,
    "if_vehicle": true,
    "motion_state": false,
    "pose": [
      [
        0.9769558578880811,
        0.2126697755409939,
        -0.018133347994961125,
        13.68041202422637
      ],
      [
        -0.21300494588932833,
        0.9768636474213037,
        -0.01913915811709194,
        -36.57347524552824
      ],
      [
        0.013643488001511975,
        0.022560605445998243,
        0.9996523767375649,
        -0.06290426577373864
      ],
      [
        0.0,
        0.0,
        0.0,
        1.0
      ]
    ],
    "location": [
      13.68041202422637,
      -36.57347524552824,
      -0.06290426577373864
    ],
    "rotation": [
      0.022564620301275953,
      -0.013643911314282747,
      -0.214669753395106
    ]
  },
  {
    "label_id": "v14dpaT9xoxBvUcM5GXf4A",
    "size": [
      2.41659233863238,
      6.350069575499419,
      2.3499999999999943
    ],
    "obj_class": "vehicle",
    "point_num_in_lidar": 14928,
    "speed": 0.002430262366998428,
    "if_vehicle": true,
    "motion_state": false,
    "pose": [
      [
        -0.38313131472158374,
        0.9235158782447676,
        -0.018133347994961125,
        0.03442699671177252
      ],
      [
        -0.9233654937127243,
        -0.3834447256740217,
        -0.01913915811709194,
        -36.883665071201904
      ],
      [
        -0.024628453064851077,
        0.009410897011966214,
        0.9996523767375649,
        0.3451722341299899
      ],
      [
        0.0,
        0.0,
        0.0,
        1.0
      ]
    ],
    "location": [
      0.03442699671177252,
      -36.883665071201904,
      0.3451722341299899
    ],
    "rotation": [
      0.009413891495855389,
      0.024630943519976474,
      -1.9641060972434998
    ]
  }
]