[
  {
    "label_id": "6KbSoKgDcTgkxu2wYrmrIg",
    "size": [
      1.9931503817455554,
      4.913822519243695,
      1.7729219124551037
    ],
    "obj_class": "vehicle",
    "point_num_in_lidar": 112,
    "speed": 0.007498339296852875,
    "if_vehicle": true,
    "motion_state": false,
    "pose": [
      [
        -0.2485685791656962,
        0.9685930954969493,
        -0.0064091190646306745,
        2.7425744278807542
      ],
      [
        -0.9683991875769331,
        -0.24864737877553308,
        -0.019429218419493348,
        -29.582185107714395
      ],
      [
        -0.020412617467704126,
        0.001377092478438743,
        0.9997906924273815,
        0.3846581294825171
      ],
      [
        0.0,
        0.0,
        0.0,
        1.0
      ]
    ],
    "location": [
      2.7425744278807542,
      -29.582185107714395,
      0.3846581294825171
    ],
    "rotation": [
      0.0013773799036208424,
      0.02041403530463679,
      -1.8220519796067907
    ]
  },
  {
    "label_id": "KGjHz_WyqWEMH4xpebs9dQ",
    "size": [
      0.3920089768876237,
      0.06832622168638693,
      0.46855346237043705
    ],
    "obj_class": "sign",
    "point_num_in_lidar": 20,
    "speed": 0.025477976446435277,
    "if_vehicle": false,
    "motion_state": false,
    "pose": [
      [
        0.3248132218278303,
        0.9457564666015454,
        -0.0064091190646306745,
        -0.2481017695167793
      ],
      [
        -0.9456378034911651,
        0.32464080162544573,
        -0.019429218419493348,
        -8.678365026786196
      ],
      [
        -0.016294647410395064,
        0.012371572307022962,
        0.9997906924273815,
        0.8758493929431381
      ],
      [
        0.0,
        0.0,
        0.0,
        1.0
      ]
    ],
    "location": [
      -0.2481017695167793,
      -8.678365026786196,
      0.8758493929431381
    ],
    "rotation": [
      0.012373530794114818,
      0.01629536857690017,
      -1.23993648855212
    ]
  },
  {
    "label_id": "LAi6lGcJwTiPX61x-335WQ",
    "size": [
      1.898764455935242,
      3.789079926980776,
      1.8600000000000136
    ],
    "obj_class": "vehicle",
    "point_num_in_lidar": 992,
    "speed": 0.007587180571833148,
    "if_vehicle": true,
    "motion_state": false,
    "pose": [
      [
        0.07311827667895793,
        -0.997302682643697,
        -0.0064091190646306745,
        12.71506214247529
      ],
      [
        0.9971257933909597,
        0.07323016882444408,
        -0.019429218419493348,
        -17.989602386167462
      ],
      [
        0.01984615252254992,
        -0.0049700669642045656,
        0.9997906924273815,
        0.5754813837401116
      ],
      [
        0.0,
        0.0,
        0.0,
        1.0
      ]
    ],
    "location": [
      12.71506214247529,
      -17.989602386167462,
      0.5754813837401116
    ],
    "rotation": [
      -0.0049710665067273715,
      -0.019847455553435547,
      1.4975982985849536
    ]
  },
  {
    "label_id": "NdBVqaolE4bHvXj5PXHRjw",
    "size": [
      0.754889763209036,
      0.8921890462625014,
      1.5858547172024373
    ],
    "obj_class": "pedestrian",
    "point_num_in_lidar": 449,
    "speed": 1.4115501000919592,
    "if_vehicle": false,
    "motion_state": true,
    "pose": [
      [
        -0.12367673603589117,
        -0.9923018634247966,
        -0.0064091190646306745,
        14.408398656402824
      ],
      [
        0.9921503222413638,
        -0.12353235830326173,
        -0.019429218419493348,
        -9.176413602437606
      ],
      [
        0.018487916049850416,
        -0.008761751863107946,
        0.9997906924273815,
        0.657143070353726
      ],
      [
        0.0,
        0.0,
        0.0,
        1.0
      ]
    ],
    "location": [
      14.408398656402824,
      -9.176413602437606,
      0.657143070353726
    ],
    "rotation": [
      -0.008763361809292458,
      -0.01848896941619595,
      1.6948118504548557
    ]
  },
  {
    "label_id": "Psh6rRiIfO9boq2krraFiA",
    "size": [
      2.1694399816623653,
      4.624474117045431,
      1.6800000000000068
    ],
    "obj_class": "vehicle",
    "point_num_in_lidar": 6588,
    "speed": 0.08859279750035688,
    "if_vehicle": true,
    "motion_state": false,
    "pose": [
      [
        -0.1782676977327583,
        -0.983961153266671,
        -0.0064091190646306745,
        12.061243276307778
      ],
      [
        0.9838178134786026,
        -0.17811517440630634,
        -0.019429218419493348,
        -4.710985096673539
      ],
      [
        0.01797603480312725,
        -0.009769007540878958,
        0.9997906924273815,
        0.6312454201498099
      ],
      [
        0.0,
        0.0,
        0.0,
        1.0
      ]
    ],
    "location": [
      12.061243276307778,
      -4.710985096673539,
      0.6312454201498099
    ],
    "rotation": [
      -0.009770741755241102,
      -0.017977003066735817,
      1.7500512729051356
    ]
  },
  {
    "label_id": "X6CX61Tgdi1uPlMGVF-yMg",
    "size": [
      0.3383261581044404,
      0.057663208219310036,
      0.44999999999998863
    ],
    "obj_class": "sign",
    "point_num_in_lidar": 24,
    "speed": 0.01370350649852756,
    "if_vehicle": false,
    "motion_state": false,
    "pose": [
      [
        -0.508792569462928,
        -0.8608652882142054,
        -0.0064091190646306745,
        0.23764257788434406
      ],
      [
        0.8607838178158328,
        -0.5085997684407718,
        -0.019429218419493348,
        -17.569526498180494
      ],
      [
        0.013466263242293395,
        -0.015402307939599501,
        0.9997906924273815,
        0.9539808186673895
      ],
      [
        0.0,
        0.0,
        0.0,
        1.0
      ]
    ],
    "location": [
      0.23764257788434406,
      -17.569526498180494,
      0.9539808186673895
    ],
    "rotation": [
      -0.01540431387383752,
      -0.013466670271423306,
      2.10463159083846
    ]
  },
  {
    "label_id": "a2js6W3iAc3AmkF_O_niUA",
    "size": [
      1.903319244309379,
      4.54035874329206,
      1.6304946149214459
    ],
    "obj_class": "vehicle",
    "point_num_in_lidar": 107,
    "speed": 5.728578676879116e-13,
    "if_vehicle": true,
    "motion_state": false,
    "pose": [
      [
        0.9687615761102906,
        0.2479111369929172,
        -0.0064091190646306745,
        -11.323998840982767
      ],
      [
        -0.24799006819006847,
        0.9685677217162942,
        -0.019429218419493348,
        -26.250348546207533
      ],
      [
        0.001390946221377472,
        0.020411678132535496,
        0.9997906924273815,
        3.014323063605559
      ],
      [
        0.0,
        0.0,
        0.0,
        1.0
      ]
    ],
    "location": [
      -11.323998840982767,
      -26.250348546207533,
      3.014323063605559
    ],
    "rotation": [
      0.02041311552341779,
      -0.0013909466698957488,
      -0.2506052086492935
    ]
  },
  {
    "label_id": "iSjPQoPFkB_AGXGQHkoRZw",
    "size": [
      2.1378841110443387,
      5.009969803902331,
      1.5699999999999932
    ],
    "obj_class": "vehicle",
    "point_num_in_lidar": 700,
    "speed": 0.01499786678325097,
    "if_vehicle": true,
    "motion_state": false,
    "pose": [
      [
        -0.17717837573543468,
        0.9841578869086852,
        -0.0064091190646306745,
        4.047880806073408
      ],
      [
        -0.9839702505756397,
        -0.1772711241396079,
        -0.019429218419493348,
        -23.710051686859515
      ],
      [
        -0.020257570285347554,
        0.002863945130618933,
        0.9997906924273815,
        0.3453260886085445
      ],
      [
        0.0,
        0.0,
        0.0,
        1.0
      ]
    ],
    "location": [
      4.047880806073408,
      -23.710051686859515,
      0.3453260886085445
    ],
    "rotation": [
      0.0028645368664373633,
      0.020258956054930395,
      -1.748952000524876
    ]
  },
  {
    "label_id": "qE8xh4Tna0sZpG36-C1CQw",
    "size": [
      2.0967581276164773,
      4.705847062522819,
      1.7761070921727935
    ],
    "obj_class": "vehicle",
    "point_num_in_lidar": 355,
    "speed": 0.022324081635489317,
    "if_vehicle": true,
    "motion_state": false,
    "pose": [
      [
        0.9770964493774887,
        0.21270038036336408,
        -0.0064091190646306745,
        13.81741883954055
      ],
      [
        -0.21278627327223004,
        0.9769055775142873,
        -0.019429218419493348,
        -36.65397624988327
      ],
      [
        0.002128502013201743,
        0.020347992892587423,
        0.9997906924273815,
        0.07352891632964997
      ],
      [
        0.0,
        0.0,
        0.0,
        1.0
      ]
    ],
    "location": [
      13.81741883954055,
      -36.65397624988327,
      0.07352891632964997
    ],
    "rotation": [
      0.020349443407401486,
      -0.0021285036204088006,
      -0.21442614999029036
    ]
  },
  {
    "label_id": "v14dpaT9xoxBvUcM5GXf4A",
    "size": [
      2.41659233863238,
      6.350069575499419,
      2.3499999999999943
    ],
    "obj_class": "vehicle",
    "point_num_in_lidar": 487,
    "speed": 0.002430262368415677,
    "if_vehicle": true,
    "motion_state": false,
    "pose": [
      [
        -0.38318645027529386,
        0.9236487793085828,
        -0.0064091190646306745,
        0.04242397574671486
      ],
      [
        -0.9234456688480397,
        -0.38323700520357395,
        -0.019429218419493348,
        -36.892838422727436
      ],
      [
        -0.020401985472407055,
        -0.001526539996424417,
        0.9997906924273815,
        0.43404938231876145
      ],
      [
        0.0,
        0.0,
        0.0,
        1.0
      ]
    ],
    "location": [
      0.04242397574671486,
      -36.892838422727436,
      0.43404938231876145
    ],
    "rotation": [
      -0.0015268583931757633,
      0.020403401094758432,
      -1.9641263002381928
    ]
  },
  {
    "label_id": "xY0REqLwpsK5CY4q3J2_Tw",
    "size": [
      2.080125970732155,
      4.387674890124558,
      1.6699999999999875
    ],
    "obj_class": "vehicle",
    "point_num_in_lidar": 55,
    "speed": 3.1473278255301823e-28,
    "if_vehicle": true,
    "motion_state": false,
    "pose": [
      [
        0.9846366151315763,
        0.17449830754207163,
        -0.0064091190646306745,
        28.05497241532339
      ],
      [
        -0.17459156645037496,
        0.9844492320053949,
        -0.019429218419493348,
        -26.639513890051603
      ],
      [
        0.0029190866099399683,
        0.020249697996282838,
        0.9997906924273815,
        -2.13089282442553
      ],
      [
        0.0,
        0.0,
        0.0,
        1.0
      ]
    ],
    "location": [
      28.05497241532339,
      -26.639513890051603,
      -2.13089282442553
    ],
    "rotation": [
      0.020251168443482518,
      -0.0029190907555777844,
      -0.1754917038003856
    ]
  }
]