[
  {
    "label_id": "6KbSoKgDcTgkxu2wYrmrIg",
    "size": [
      1.9931503817455534,
      4.913822519243695,
      1.7729219124551037
    ],
    "obj_class": "vehicle",
    "point_num_in_lidar": 104,
    "speed": 0.007498339171258182,
    "if_vehicle": true,
    "motion_state": false,
    "pose": [
      [
        -0.2485488146757303,
        0.9685160795338656,
        -0.014145331655358051,
        2.7345607303454926
      ],
      [
        -0.968296648671601,
        -0.24881645183591872,
        -0.02218047490767278,
        -29.580187638170173
      ],
      [
        -0.025001737832307015,
        0.008183946488984663,
        0.9996539081728386,
        0.35092511590880804
      ],
      [
        0.0,
        0.0,
        0.0,
        1.0
      ]
    ],
    "location": [
      2.7345607303454926,
      -29.580187638170173,
      0.35092511590880804
    ],
    "rotation": [
      0.008186596972098201,
      0.02500434327503323,
      -1.8220583309491
    ]
  },
  {
    "label_id": "KGjHz_WyqWEMH4xpebs9dQ",
    "size": [
      0.3920089768876239,
      0.06832622168638693,
      0.46855346237043705
    ],
    "obj_class": "sign",
    "point_num_in_lidar": 57,
    "speed": 0.023918438461666323,
    "if_vehicle": false,
    "motion_state": false,
    "pose": [
      [
        0.3247873948802626,
        0.9456812664525253,
        -0.014145331655358051,
        -0.2756786872550947
      ],
      [
        -0.9456450905083545,
        0.32444319892751006,
        -0.02218047490767278,
        -8.673168907780564
      ],
      [
        -0.016386302949051516,
        0.020580402095971832,
        0.9996539081728386,
        0.8260704337803872
      ],
      [
        0.0,
        0.0,
        0.0,
        1.0
      ]
    ],
    "location": [
      -0.2756786872550947,
      -8.673168907780564,
      0.8260704337803872
    ],
    "rotation": [
      0.020584619361426488,
      0.016387036354564188,
      -1.2399632855647797
    ]
  },
  {
    "label_id": "LAi6lGcJwTiPX61x-335WQ",
    "size": [
      1.8987644559352426,
      3.789079926980776,
      1.8600000000000136
    ],
    "obj_class": "vehicle",
    "point_num_in_lidar": 2654,
    "speed": 0.05991209502371084,
    "if_vehicle": true,
    "motion_state": false,
    "pose": [
      [
        0.07311246280879835,
        -0.9972233838886811,
        -0.014145331655358051,
        12.684632547457113
      ],
      [
        0.997054815082136,
        0.07341472777581881,
        -0.02218047490767278,
        -18.00932456890223
      ],
      [
        0.023157363916464217,
        -0.012482001891139795,
        0.9996539081728386,
        0.5426811794354478
      ],
      [
        0.0,
        0.0,
        0.0,
        1.0
      ]
    ],
    "location": [
      12.684632547457113,
      -18.00932456890223,
      0.5426811794354478
    ],
    "rotation": [
      -0.012485674459261915,
      -0.023159434157608624,
      1.4975989062158168
    ]
  },
  {
    "label_id": "NdBVqaolE4bHvXj5PXHRjw",
    "size": [
      0.7548897632115619,
      0.8921890462625014,
      1.5858547172024373
    ],
    "obj_class": "pedestrian",
    "point_num_in_lidar": 583,
    "speed": 1.3457307309055948,
    "if_vehicle": false,
    "motion_state": true,
    "pose": [
      [
        -0.1098853405772397,
        -0.9938436101915551,
        -0.014145331655358051,
        14.178855966930314
      ],
      [
        0.9937329620187558,
        -0.10955741294088665,
        -0.02218047490767278,
        -7.719836452275558
      ],
      [
        0.020494197316652862,
        -0.016493991364011168,
        0.9996539081728386,
        0.6744263647265427
      ],
      [
        0.0,
        0.0,
        0.0,
        1.0
      ]
    ],
    "location": [
      14.178855966930314,
      -7.719836452275558,
      0.6744263647265427
    ],
    "rotation": [
      -0.016498204726663006,
      -0.02049563222309748,
      1.68092724257775
    ]
  },
  {
    "label_id": "Psh6rRiIfO9boq2krraFiA",
    "size": [
      2.1694399816628627,
      4.624474117045431,
      1.6800000000000068
    ],
    "obj_class": "vehicle",
    "point_num_in_lidar": 5720,
    "speed": 0.07078573772327741,
    "if_vehicle": true,
    "motion_state": false,
    "pose": [
      [
        -0.17892478200790174,
        -0.9837610644743898,
        -0.014145331655358051,
        12.074132557054782
      ],
      [
        0.9836735541339868,
        -0.17858993653137495,
        -0.02218047490767278,
        -4.812613240686915
      ],
      [
        0.019294073723174026,
        -0.01788302530151713,
        0.9996539081728386,
        0.5947584404167117
      ],
      [
        0.0,
        0.0,
        0.0,
        1.0
      ]
    ],
    "location": [
      12.074132557054782,
      -4.812613240686915,
      0.5947584404167117
    ],
    "rotation": [
      -0.017887308652881094,
      -0.019295270996515318,
      1.7507236747458932
    ]
  },
  {
    "label_id": "X6CX61Tgdi1uPlMGVF-yMg",
    "size": [
      0.3383261581044416,
      0.057663208219310036,
      0.44999999999998863
    ],
    "obj_class": "sign",
    "point_num_in_lidar": 25,
    "speed": 0.01370350672786737,
    "if_vehicle": false,
    "motion_state": false,
    "pose": [
      [
        -0.5087521137236587,
        -0.8607968380367514,
        -0.014145331655358051,
        0.22448532943599275
      ],
      [
        0.860830788333731,
        -0.5084076911196344,
        -0.02218047490767278,
        -17.5621306397461
      ],
      [
        0.011901287259656173,
        -0.02346110049279705,
        0.9996539081728386,
        0.9269144179266959
      ],
      [
        0.0,
        0.0,
        0.0,
        1.0
      ]
    ],
    "location": [
      0.22448532943599275,
      -17.5621306397461,
      0.9269144179266959
    ],
    "rotation": [
      -0.023464915438566696,
      -0.011901568228552631,
      2.104572859457667
    ]
  },
  {
    "label_id": "e3hVgS7vRNXW0BW44Z2XmA",
    "size": [
      2.5000000000008242,
      5.0,
      1.5999999999999943
    ],
    "obj_class": "vehicle",
    "point_num_in_lidar": 68,
    "speed": 6.070879795542461e-13,
    "if_vehicle": true,
    "motion_state": false,
    "pose": [
      [
        -0.9852323520992827,
        -0.17063739909314926,
        -0.014145331655358051,
        28.77505245355769
      ],
      [
        0.17092165949018326,
        -0.9850349297613724,
        -0.02218047490767278,
        -24.01833582472318
      ],
      [
        -0.010148827224690791,
        -0.024270665024538396,
        0.9996539081728386,
        -2.3129328564207867
      ],
      [
        0.0,
        0.0,
        0.0,
        1.0
      ]
    ],
    "location": [
      28.77505245355769,
      -24.01833582472318,
      -2.3129328564207867
    ],
    "rotation": [
      -0.024274298878663968,
      0.010149001452091274,
      2.9698187010762127
    ]
  },
  {
    "label_id": "iSjPQoPFkB_AGXGQHkoRZw",
    "size": [
      2.1378841110436064,
      5.009969803902331,
      1.5699999999999932
    ],
    "obj_class": "vehicle",
    "point_num_in_lidar": 1331,
    "speed": 0.014997867034856716,
    "if_vehicle": true,
    "motion_state": false,
    "pose": [
      [
        -0.17831930504419632,
        0.9838709951212682,
        -0.014145331655358051,
        4.046294379105348
      ],
      [
        -0.9836713609015053,
        -0.17860201643612728,
        -0.02218047490767278,
        -23.693608955174568
      ],
      [
        -0.02434911067647907,
        0.00995915076874275,
        0.9996539081728386,
        0.33600744159147666
      ],
      [
        0.0,
        0.0,
        0.0,
        1.0
      ]
    ],
    "location": [
      4.046294379105348,
      -23.693608955174568,
      0.33600744159147666
    ],
    "rotation": [
      0.009962269155193576,
      0.024351517332125098,
      -1.750128188089765
    ]
  },
  {
    "label_id": "qE8xh4Tna0sZpG36-C1CQw",
    "size": [
      2.0967581276164773,
      4.705847062522819,
      1.7761070921727935
    ],
    "obj_class": "vehicle",
    "point_num_in_lidar": 540,
    "speed": 0.022324081634078983,
    "if_vehicle": true,
    "motion_state": false,
    "pose": [
      [
        0.9770187572852937,
        0.212683467869649,
        -0.014145331655358051,
        13.798021572261405
      ],
      [
        -0.21295901071985807,
        0.9768093397823802,
        -0.02218047490767278,
        -36.638865492657715
      ],
      [
        0.009099871752913519,
        0.024683115865921444,
        0.9996539081728386,
        0.04942498424350106
      ],
      [
        0.0,
        0.0,
        0.0,
        1.0
      ]
    ],
    "location": [
      13.798021572261405,
      -36.638865492657715,
      0.04942498424350106
    ],
    "rotation": [
      0.02468664529418007,
      -0.009099997347450331,
      -0.2146114710418081
    ]
  },
  {
    "label_id": "v14dpaT9xoxBvUcM5GXf4A",
    "size": [
      2.4165923386323773,
      6.350069575499419,
      2.3499999999999943
    ],
    "obj_class": "vehicle",
    "point_num_in_lidar": 541,
    "speed": 0.002430262327282556,
    "if_vehicle": true,
    "motion_state": false,
    "pose": [
      [
        -0.3831559818839275,
        0.9235753370131335,
        -0.014145331655358051,
        0.04066501934130429
      ],
      [
        -0.9233202274019839,
        -0.38338985928584346,
        -0.02218047490767278,
        -36.8908207201257
      ],
      [
        -0.02590851630086455,
        0.004562089198800494,
        0.9996539081728386,
        0.4145006216652689
      ],
      [
        0.0,
        0.0,
        0.0,
        1.0
      ]
    ],
    "location": [
      0.04066501934130429,
      -36.8908207201257,
      0.4145006216652689
    ],
    "rotation": [
      0.0045636369649993055,
      0.025911415697266366,
      -1.9641462426403475
    ]
  },
  {
    "label_id": "xY0REqLwpsK5CY4q3J2_Tw",
    "size": [
      2.0801259707321518,
      4.387674890124558,
      1.6699999999999875
    ],
    "obj_class": "vehicle",
    "point_num_in_lidar": 40,
    "speed": 2.929642751054232e-13,
    "if_vehicle": true,
    "motion_state": false,
    "pose": [
      [
        0.9845583234964673,
        0.17448443261845822,
        -0.014145331655358051,
        28.054972415323846
      ],
      [
        -0.1747679197118146,
        0.9843597923383882,
        -0.02218047490767278,
        -26.639513890053422
      ],
      [
        0.010053948151352644,
        0.02431012137649438,
        0.9996539081728386,
        -2.1308928244255583
      ],
      [
        0.0,
        0.0,
        0.0,
        1.0
      ]
    ],
    "location": [
      28.054972415323846,
      -26.639513890053422,
      -2.1308928244255583
    ],
    "rotation": [
      0.024313745600263923,
      -0.010054117537710025,
      -0.17567902700489363
    ]
  }
]