[
  {
    "label_id": "3qPBGUJzsex9FlyVSzT81Q",
    "size": [
      0.2815198731241955,
      0.07790901929933947,
      0.468137944211918
    ],
    "obj_class": "sign",
    "point_num_in_lidar": 65,
    "speed": 0.02311654233694656,
    "if_vehicle": false,
    "motion_state": false,
    "pose": [
      [
        -0.9594002904789559,
        -0.281993093173706,
        0.005565791158556625,
        -2.0527912832740185
      ],
      [
        0.28204364203485915,
        -0.9593084841383013,
        0.013364738979379316,
        -64.47144064591885
      ],
      [
        0.0015705465950909435,
        0.014391930468156669,
        0.9998951973686003,
        1.0802515773569326
      ],
      [
        0.0,
        0.0,
        0.0,
        1.0
      ]
    ],
    "location": [
      -2.0527912832740185,
      -64.47144064591885,
      1.0802515773569326
    ],
    "rotation": [
      0.014392445093848835,
      -0.0015705472407477126,
      2.8556687251251955
    ]
  },
  {
    "label_id": "5aXRL8gWQ8E2_KeLsSrB7g",
    "size": [
      1.889064472953017,
      4.215570614312059,
      1.5
    ],
    "obj_class": "vehicle",
    "point_num_in_lidar": 31,
    "speed": 0.04806305751105658,
    "if_vehicle": true,
    "motion_state": false,
    "pose": [
      [
        -0.19468574461448235,
        0.980849877816521,
        0.005565791158556625,
        -24.947101206718344
      ],
      [
        -0.9807629825081262,
        -0.19474433468981325,
        0.013364738979379316,
        -105.91634576735305
      ],
      [
        0.01419270889116945,
        -0.0028567977769046963,
        0.9998951973686003,
        0.8294138186428199
      ],
      [
        0.0,
        0.0,
        0.0,
        1.0
      ]
    ],
    "location": [
      -24.947101206718344,
      -105.91634576735305,
      0.8294138186428199
    ],
    "rotation": [
      -0.002857089434082609,
      -0.014193185414319529,
      -1.7667533746448911
    ]
  },
  {
    "label_id": "AQI3XRZueIkfrXZhKao_cw",
    "size": [
      1.8132296860454717,
      5.423299587816903,
      1.854063376721399
    ],
    "obj_class": "vehicle",
    "point_num_in_lidar": 190,
    "speed": 1.1260298894318815e-28,
    "if_vehicle": true,
    "motion_state": false,
    "pose": [
      [
        -0.07517273591947533,
        0.9971549938415594,
        0.005565791158556625,
        -23.34039574533017
      ],
      [
        -0.9970757850691161,
        -0.07524136216748811,
        0.013364738979379316,
        -94.81658707429233
      ],
      [
        0.013745493922986593,
        -0.0045448515950189915,
        0.9998951973686003,
        0.875337759311833
      ],
      [
        0.0,
        0.0,
        0.0,
        1.0
      ]
    ],
    "location": [
      -23.34039574533017,
      -94.81658707429233,
      0.875337759311833
    ],
    "rotation": [
      -0.004545296655569526,
      -0.013745926802195675,
      -1.6460471654770354
    ]
  },
  {
    "label_id": "AttAkBqG0g25TyJFzMbL2A",
    "size": [
      1.6414130150036772,
      3.088480793941632,
      1.8600000000000136
    ],
    "obj_class": "vehicle",
    "point_num_in_lidar": 3541,
    "speed": 0.06804774666388162,
    "if_vehicle": true,
    "motion_state": false,
    "pose": [
      [
        -0.5091216116307065,
        0.8606765981129796,
        0.005565791158556625,
        -9.16531362048272
      ],
      [
        -0.8605751846783903,
        -0.5091480484768329,
        0.013364738979379316,
        -52.337796498170064
      ],
      [
        0.01433652978604884,
        0.0020144956940491014,
        0.9998951973686003,
        0.2113014558828752
      ],
      [
        0.0,
        0.0,
        0.0,
        1.0
      ]
    ],
    "location": [
      -9.16531362048272,
      -52.337796498170064,
      0.2113014558828752
    ],
    "rotation": [
      0.0020147041147064652,
      -0.014337020943848562,
      -2.105021051348336
    ]
  },
  {
    "label_id": "FcImdUxckIaRffThBbBEZQ",
    "size": [
      0.6573645149789745,
      0.06969596510098991,
      1.2588235294118135
    ],
    "obj_class": "sign",
    "point_num_in_lidar": 162,
    "speed": 0.002514203699071363,
    "if_vehicle": false,
    "motion_state": false,
    "pose": [
      [
        -0.4926792933621911,
        0.8701931600862601,
        0.005565791158556625,
        -6.967167294118553
      ],
      [
        -0.8700922671789473,
        -0.49270765200817873,
        0.013364738979379316,
        -67.48684937411963
      ],
      [
        0.014372212339494421,
        0.001741778308537658,
        0.9998951973686003,
        2.315949231248368
      ],
      [
        0.0,
        0.0,
        0.0,
        1.0
      ]
    ],
    "location": [
      -6.967167294118553,
      -67.48684937411963,
      2.315949231248368
    ],
    "rotation": [
      0.0017419591086724774,
      -0.014372707174023062,
      -2.086020789958189
    ]
  },
  {
    "label_id": "N1hYw2tMjOZCfWS1n8OXIg",
    "size": [
      2.1665619088534807,
      5.409122640819431,
      1.9000000000000057
    ],
    "obj_class": "vehicle",
    "point_num_in_lidar": 62,
    "speed": 2.2520589397829245e-28,
    "if_vehicle": true,
    "motion_state": false,
    "pose": [
      [
        -0.18546266902291914,
        0.9826355480887482,
        0.005565791158556625,
        -27.381166335116177
      ],
      [
        -0.9825492070327988,
        -0.18552207284102723,
        0.013364738979379316,
        -117.48821708540163
      ],
      [
        0.014165244724801138,
        -0.0029900035274396425,
        0.9998951973686003,
        0.9754873095948824
      ],
      [
        0.0,
        0.0,
        0.0,
        1.0
      ]
    ],
    "location": [
      -27.381166335116177,
      -117.48821708540163,
      0.9754873095948824
    ],
    "rotation": [
      -0.0029903080074361846,
      -0.014165718486789547,
      -1.757357943976744
    ]
  },
  {
    "label_id": "VSJ3Jj4uDz8TUm9Xe159uw",
    "size": [
      1.8939621441214838,
      4.281486616652753,
      1.6899999999999977
    ],
    "obj_class": "vehicle",
    "point_num_in_lidar": 278,
    "speed": 0.026014934322628303,
    "if_vehicle": true,
    "motion_state": false,
    "pose": [
      [
        -0.062499546274212656,
        0.9980294728535309,
        0.005565791158556625,
        -22.719634916021278
      ],
      [
        -0.9979511422498254,
        -0.06256917319480676,
        0.013364738979379316,
        -87.86919004805168
      ],
      [
        0.01368665034938083,
        -0.0047190975219210726,
        0.9998951973686003,
        0.7297848084934344
      ],
      [
        0.0,
        0.0,
        0.0,
        1.0
      ]
    ],
    "location": [
      -22.719634916021278,
      -87.86919004805168,
      0.7297848084934344
    ],
    "rotation": [
      -0.004719557105801777,
      -0.013687077692660867,
      -1.6333425001137256
    ]
  },
  {
    "label_id": "aBGdO9872Yc7g6RtMPPSXw",
    "size": [
      1.6021190442628164,
      4.067003794596388,
      1.6100000000000136
    ],
    "obj_class": "vehicle",
    "point_num_in_lidar": 95,
    "speed": 0.0414114012223951,
    "if_vehicle": true,
    "motion_state": false,
    "pose": [
      [
        -0.09799278636185532,
        0.9951715609832403,
        0.005565791158556625,
        -23.767549429640894
      ],
      [
        -0.9950908011115358,
        -0.09805958033366828,
        0.013364738979379316,
        -100.4884843669588
      ],
      [
        0.013845987297475377,
        -0.004228819571199337,
        0.9998951973686003,
        0.9145287361325529
      ],
      [
        0.0,
        0.0,
        0.0,
        1.0
      ]
    ],
    "location": [
      -23.767549429640894,
      -100.4884843669588,
      0.9145287361325529
    ],
    "rotation": [
      -0.0042292375935404055,
      -0.013846429741165121,
      -1.668956065396788
    ]
  }
]