[
  {
    "label_id": "2mTkBBswZ4DH1MmNIdDmww",
    "size": [
      0.4940038277604634,
      0.07990994376794525,
      0.5099999999999909
    ],
    "obj_class": "sign",
    "point_num_in_lidar": 73,
    "speed": 0.014397660213747847,
    "if_vehicle": false,
    "motion_state": false,
    "pose": [
      [
        -0.17559873588944788,
        -0.9844424410373043,
        -0.006177721144701323,
        12.592150457696334
      ],
      [
        0.9842403637858941,
        -0.17542268000955163,
        -0.022311199718467574,
        1.917625280761058
      ],
      [
        0.020880379513763855,
        -0.009998180973568553,
        0.9997319871488463,
        2.611713591884154
      ],
      [
        0.0,
        0.0,
        0.0,
        1.0
      ]
    ],
    "location": [
      12.592150457696334,
      1.917625280761058,
      2.611713591884154
    ],
    "rotation": [
      -0.010000527933461524,
      -0.02088189708516621,
      1.747349144707728
    ]
  },
  {
    "label_id": "6KbSoKgDcTgkxu2wYrmrIg",
    "size": [
      1.993150381745554,
      4.913822519243695,
      1.7729219124551037
    ],
    "obj_class": "vehicle",
    "point_num_in_lidar": 118,
    "speed": 0.007498339109286021,
    "if_vehicle": true,
    "motion_state": false,
    "pose": [
      [
        -0.24856894116682648,
        0.9685945061008043,
        -0.006177721144701323,
        2.7440311748955537
      ],
      [
        -0.9683376053466366,
        -0.24864531453189312,
        -0.022311199718467574,
        -29.58254821198534
      ],
      [
        -0.023146566888940092,
        0.0004362484095782798,
        0.9997319871488463,
        0.390790188571458
      ],
      [
        0.0,
        0.0,
        0.0,
        1.0
      ]
    ],
    "location": [
      2.7440311748955537,
      -29.58254821198534,
      0.390790188571458
    ],
    "rotation": [
      0.0004363653334060596,
      0.023148634235244374,
      -1.8220676450360853
    ]
  },
  {
    "label_id": "LAi6lGcJwTiPX61x-335WQ",
    "size": [
      1.898764455935243,
      3.789079926980776,
      1.8600000000000136
    ],
    "obj_class": "vehicle",
    "point_num_in_lidar": 868,
    "speed": 0.005978593594564984,
    "if_vehicle": true,
    "motion_state": false,
    "pose": [
      [
        0.0731183831642564,
        -0.9973041350585605,
        -0.006177721144701323,
        12.71471863698298
      ],
      [
        0.9970648188733836,
        0.07323904240300723,
        -0.022311199718467574,
        -17.991452007188855
      ],
      [
        0.022703502118215837,
        -0.004528229564322736,
        0.9997319871488463,
        0.5805357363266808
      ],
      [
        0.0,
        0.0,
        0.0,
        1.0
      ]
    ],
    "location": [
      12.71471863698298,
      -17.991452007188855,
      0.5805357363266808
    ],
    "rotation": [
      -0.004529412538633387,
      -0.022705452987033546,
      1.49759373197781
    ]
  },
  {
    "label_id": "NdBVqaolE4bHvXj5PXHRjw",
    "size": [
      0.754889763211056,
      0.8921890462625014,
      1.5858547172024373
    ],
    "obj_class": "pedestrian",
    "point_num_in_lidar": 368,
    "speed": 1.421806247791171,
    "if_vehicle": false,
    "motion_state": true,
    "pose": [
      [
        -0.11560653149697941,
        -0.9932758758958642,
        -0.006177721144701323,
        14.424999150213353
      ],
      [
        0.9930634990309014,
        -0.11544304768856972,
        -0.022311199718467574,
        -9.46058691260987
      ],
      [
        0.021448001485934,
        -0.008714189788982703,
        0.9997319871488463,
        0.6592673225939905
      ],
      [
        0.0,
        0.0,
        0.0,
        1.0
      ]
    ],
    "location": [
      14.424999150213353,
      -9.46058691260987,
      0.6592673225939905
    ],
    "rotation": [
      -0.008716305185787086,
      -0.021449646233151515,
      1.6866887097358154
    ]
  },
  {
    "label_id": "Psh6rRiIfO9boq2krraFiA",
    "size": [
      2.1694399816623706,
      4.624474117045431,
      1.6800000000000068
    ],
    "obj_class": "vehicle",
    "point_num_in_lidar": 6453,
    "speed": 0.08215418968491156,
    "if_vehicle": true,
    "motion_state": false,
    "pose": [
      [
        -0.17924097227187025,
        -0.9837858047463853,
        -0.006177721144701323,
        12.065486979651723
      ],
      [
        0.9835843804649094,
        -0.17906416970623434,
        -0.022311199718467574,
        -4.69334395230544
      ],
      [
        0.02084323306243736,
        -0.010075391154886027,
        0.9997319871488463,
        0.6370391784595029
      ],
      [
        0.0,
        0.0,
        0.0,
        1.0
      ]
    ],
    "location": [
      12.065486979651723,
      -4.69334395230544,
      0.6370391784595029
    ],
    "rotation": [
      -0.010077751030208632,
      -0.02084474254785243,
      1.7510507900741605
    ]
  },
  {
    "label_id": "X6CX61Tgdi1uPlMGVF-yMg",
    "size": [
      0.3383261581044402,
      0.057663208219310036,
      0.44999999999998863
    ],
    "obj_class": "sign",
    "point_num_in_lidar": 25,
    "speed": 0.013703506385289955,
    "if_vehicle": false,
    "motion_state": false,
    "pose": [
      [
        -0.508793310439491,
        -0.8608665419293992,
        -0.006177721144701323,
        0.24003433054349443
      ],
      [
        0.860738796261729,
        -0.5085577007351598,
        -0.022311199718467574,
        -17.570870933082915
      ],
      [
        0.01606523768680108,
        -0.016669193426366608,
        0.9997319871488463,
        0.9589010066698052
      ],
      [
        0.0,
        0.0,
        0.0,
        1.0
      ]
    ],
    "location": [
      0.24003433054349443,
      -17.570870933082915,
      0.9589010066698052
    ],
    "rotation": [
      -0.016672117285906903,
      -0.01606592881825752,
      2.1046551404655394
    ]
  },
  {
    "label_id": "a2js6W3iAc3AmkF_O_niUA",
    "size": [
      1.9033192443093825,
      4.54035874329206,
      1.6304946149214459
    ],
    "obj_class": "vehicle",
    "point_num_in_lidar": 81,
    "speed": 5.728578676879116e-13,
    "if_vehicle": true,
    "motion_state": false,
    "pose": [
      [
        0.9687629869595115,
        0.24791149803658524,
        -0.006177721144701323,
        -11.323998840982767
      ],
      [
        -0.24798804574281294,
        0.9685061380991776,
        -0.022311199718467574,
        -26.250348546207533
      ],
      [
        0.00045195790290957486,
        0.023146265475731394,
        0.9997319871488463,
        3.0143230636055875
      ],
      [
        0.0,
        0.0,
        0.0,
        1.0
      ]
    ],
    "location": [
      -11.323998840982767,
      -26.250348546207533,
      3.0143230636055875
    ],
    "rotation": [
      0.023148335105891944,
      -0.0004519579182961777,
      -0.2506028995010385
    ]
  },
  {
    "label_id": "iSjPQoPFkB_AGXGQHkoRZw",
    "size": [
      2.1378841110439435,
      5.009969803902331,
      1.5699999999999932
    ],
    "obj_class": "vehicle",
    "point_num_in_lidar": 646,
    "speed": 0.014997866659116657,
    "if_vehicle": true,
    "motion_state": false,
    "pose": [
      [
        -0.17696862898465526,
        0.9841971043021565,
        -0.006177721144701323,
        4.048169190148656
      ],
      [
        -0.9839464863929587,
        -0.1770636108354106,
        -0.022311199718467574,
        -23.713040681663188
      ],
      [
        -0.023052467769037962,
        0.002130164589064321,
        0.9997319871488463,
        0.3470200521203708
      ],
      [
        0.0,
        0.0,
        0.0,
        1.0
      ]
    ],
    "location": [
      4.048169190148656,
      -23.713040681663188,
      0.3470200521203708
    ],
    "rotation": [
      0.002130732429072942,
      0.02305451000018964,
      -1.748749731212348
    ]
  },
  {
    "label_id": "qE8xh4Tna0sZpG36-C1CQw",
    "size": [
      2.09675812761647,
      4.705847062522819,
      1.7761070921727935
    ],
    "obj_class": "vehicle",
    "point_num_in_lidar": 351,
    "speed": 0.02232408219466149,
    "if_vehicle": true,
    "motion_state": false,
    "pose": [
      [
        0.9770978723651438,
        0.21270069012809453,
        -0.006177721144701323,
        13.820944916119515
      ],
      [
        -0.21278648015940657,
        0.9768439610441849,
        -0.022311199718467574,
        -36.65672311553135
      ],
      [
        0.0012890620155126555,
        0.0231147613126158,
        0.9997319871488463,
        0.07791058046720423
      ],
      [
        0.0,
        0.0,
        0.0,
        1.0
      ]
    ],
    "location": [
      13.820944916119515,
      -36.65672311553135,
      0.07791058046720423
    ],
    "rotation": [
      0.023116839356907014,
      -0.0012890623725145397,
      -0.21442604934646434
    ]
  },
  {
    "label_id": "v14dpaT9xoxBvUcM5GXf4A",
    "size": [
      2.4165923386323773,
      6.350069575499419,
      2.3499999999999943
    ],
    "obj_class": "vehicle",
    "point_num_in_lidar": 492,
    "speed": 0.0024302623080453434,
    "if_vehicle": true,
    "motion_state": false,
    "pose": [
      [
        -0.3831870083262276,
        0.9236501244580948,
        -0.006177721144701323,
        0.04274372259123993
      ],
      [
        -0.9233849990665283,
        -0.3832262437073303,
        -0.022311199718467574,
        -36.89320520500769
      ],
      [
        -0.022975207265727222,
        -0.002844946838855257,
        0.9997319871488463,
        0.43760299768666755
      ],
      [
        0.0,
        0.0,
        0.0,
        1.0
      ]
    ],
    "location": [
      0.04274372259123993,
      -36.89320520500769,
      0.43760299768666755
    ],
    "rotation": [
      -0.002845701844038028,
      0.0229772290287291,
      -1.9641500746288811
    ]
  },
  {
    "label_id": "xY0REqLwpsK5CY4q3J2_Tw",
    "size": [
      2.0801259707321518,
      4.387674890124558,
      1.6699999999999875
    ],
    "obj_class": "vehicle",
    "point_num_in_lidar": 62,
    "speed": 9.442030000556655e-28,
    "if_vehicle": true,
    "motion_state": false,
    "pose": [
      [
        0.9846380491003002,
        0.17449856167147415,
        -0.006177721144701323,
        28.054972415323846
      ],
      [
        -0.17459417206422898,
        0.9843876703049105,
        -0.022311199718467574,
        -26.639513890051603
      ],
      [
        0.002188000265388329,
        0.02304705027238189,
        0.9997319871488463,
        -2.1308928244255583
      ],
      [
        0.0,
        0.0,
        0.0,
        1.0
      ]
    ],
    "location": [
      28.054972415323846,
      -26.639513890051603,
      -2.1308928244255583
    ],
    "rotation": [
      0.023049146245772954,
      -0.0021880020111775043,
      -0.17549401903975148
    ]
  }
]