[
  {
    "label_id": "6KbSoKgDcTgkxu2wYrmrIg",
    "size": [
      1.9931503817455565,
      4.913822519243695,
      1.7729219124551037
    ],
    "obj_class": "vehicle",
    "point_num_in_lidar": 71,
    "speed": 0.007498339108734257,
    "if_vehicle": true,
    "motion_state": false,
    "pose": [
      [
        -0.24856637283092758,
        0.9685844981085248,
        -0.0076699622902208315,
        2.7374750674239294
      ],
      [
        -0.9683844990199316,
        -0.24867215426745512,
        -0.019839902971010952,
        -29.58091405684536
      ],
      [
        -0.021123928507557826,
        0.002495939871095532,
        0.9997737493696099,
        0.3631927828334369
      ],
      [
        0.0,
        0.0,
        0.0,
        1.0
      ]
    ],
    "location": [
      2.7374750674239294,
      -29.58091405684536,
      0.3631927828334369
    ],
    "rotation": [
      0.002496499520360346,
      0.021125499810909696,
      -1.8220534947614473
    ]
  },
  {
    "label_id": "KGjHz_WyqWEMH4xpebs9dQ",
    "size": [
      0.39200897688762515,
      0.06832622168638693,
      0.46855346237043705
    ],
    "obj_class": "sign",
    "point_num_in_lidar": 43,
    "speed": 0.024791475097164666,
    "if_vehicle": false,
    "motion_state": false,
    "pose": [
      [
        0.3248103387333234,
        0.9457480719147199,
        -0.0076699622902208315,
        -0.2656498043957072
      ],
      [
        -0.9456391529953825,
        0.324612030849561,
        -0.019839902971010952,
        -8.67505857758806
      ],
      [
        -0.016273787946240594,
        0.013697222248081287,
        0.9997737493696099,
        0.8441735211173409
      ],
      [
        0.0,
        0.0,
        0.0,
        1.0
      ]
    ],
    "location": [
      -0.2656498043957072,
      -8.67505857758806,
      0.8441735211173409
    ],
    "rotation": [
      0.013699464872986166,
      0.016274506346483173,
      -1.239939654091514
    ]
  },
  {
    "label_id": "LAi6lGcJwTiPX61x-335WQ",
    "size": [
      1.8987644559352421,
      3.789079926980776,
      1.8600000000000136
    ],
    "obj_class": "vehicle",
    "point_num_in_lidar": 1747,
    "speed": 0.038673099723819535,
    "if_vehicle": true,
    "motion_state": false,
    "pose": [
      [
        0.0731176276693507,
        -0.9972938304243503,
        -0.0076699622902208315,
        12.702414903347744
      ],
      [
        0.9971157243059549,
        0.07325715386166619,
        -0.019839902971010952,
        -17.995939498932785
      ],
      [
        0.02034809243681484,
        -0.0061971933659824814,
        0.9997737493696099,
        0.5556477450383284
      ],
      [
        0.0,
        0.0,
        0.0,
        1.0
      ]
    ],
    "location": [
      12.702414903347744,
      -17.995939498932785,
      0.5556477450383284
    ],
    "rotation": [
      -0.006198516415318875,
      -0.02034949686903843,
      1.4975982094590268
    ]
  },
  {
    "label_id": "NdBVqaolE4bHvXj5PXHRjw",
    "size": [
      0.7548897632115633,
      0.8921890462625014,
      1.5858547172024373
    ],
    "obj_class": "pedestrian",
    "point_num_in_lidar": 631,
    "speed": 1.3429095766261958,
    "if_vehicle": false,
    "motion_state": true,
    "pose": [
      [
        -0.10989310317255116,
        -0.9939138179709414,
        -0.0076699622902208315,
        14.245436952535783
      ],
      [
        0.9937641283959547,
        -0.10972344946969653,
        -0.019839902971010952,
        -8.18914693068291
      ],
      [
        0.018877578990304993,
        -0.009802401894297857,
        0.9997737493696099,
        0.6609554540824263
      ],
      [
        0.0,
        0.0,
        0.0,
        1.0
      ]
    ],
    "location": [
      14.245436952535783,
      -8.18914693068291,
      0.6609554540824263
    ],
    "rotation": [
      -0.009804306039318221,
      -0.018878700381888623,
      1.680931533462279
    ]
  },
  {
    "label_id": "Psh6rRiIfO9boq2krraFiA",
    "size": [
      2.169439981662867,
      4.624474117045431,
      1.6800000000000068
    ],
    "obj_class": "vehicle",
    "point_num_in_lidar": 6295,
    "speed": 0.08989295750805938,
    "if_vehicle": true,
    "motion_state": false,
    "pose": [
      [
        -0.17686743806548919,
        -0.984204796285111,
        -0.0076699622902208315,
        12.05846433626084
      ],
      [
        0.9840669244842899,
        -0.17668804822661785,
        -0.019839902971010952,
        -4.774265430747619
      ],
      [
        0.01817133699486932,
        -0.01105678901179869,
        0.9997737493696099,
        0.6094262113828393
      ],
      [
        0.0,
        0.0,
        0.0,
        1.0
      ]
    ],
    "location": [
      12.05846433626084,
      -4.774265430747619,
      0.6094262113828393
    ],
    "rotation": [
      -0.011058840336846176,
      -0.018172337165129383,
      1.7486287988997
    ]
  },
  {
    "label_id": "X6CX61Tgdi1uPlMGVF-yMg",
    "size": [
      0.33832615810444144,
      0.057663208219310036,
      0.44999999999998863
    ],
    "obj_class": "sign",
    "point_num_in_lidar": 24,
    "speed": 0.013703506499116176,
    "if_vehicle": false,
    "motion_state": false,
    "pose": [
      [
        -0.5087880533380809,
        -0.8608576470351603,
        -0.0076699622902208315,
        0.22927021891064214
      ],
      [
        0.8607909392793741,
        -0.5085718603153677,
        -0.019839902971010952,
        -17.56482028760911
      ],
      [
        0.013178605198544049,
        -0.016696539655073638,
        0.9997737493696099,
        0.9367576413437178
      ],
      [
        0.0,
        0.0,
        0.0,
        1.0
      ]
    ],
    "location": [
      0.22927021891064214,
      -17.56482028760911,
      0.9367576413437178
    ],
    "rotation": [
      -0.01669876579594452,
      -0.013178986695464657,
      2.1046240787500836
    ]
  },
  {
    "label_id": "a2js6W3iAc3AmkF_O_niUA",
    "size": [
      1.9033192443093814,
      4.54035874329206,
      1.6304946149214459
    ],
    "obj_class": "vehicle",
    "point_num_in_lidar": 39,
    "speed": 5.728578676879116e-13,
    "if_vehicle": true,
    "motion_state": false,
    "pose": [
      [
        0.9687529772264052,
        0.2479089364937104,
        -0.0076699622902208315,
        -11.323998840982767
      ],
      [
        -0.24801485364541898,
        0.9685530499778224,
        -0.019839902971010952,
        -26.250348546205714
      ],
      [
        0.002510276123726542,
        0.02112222964592486,
        0.9997737493696099,
        3.0143230636055023
      ],
      [
        0.0,
        0.0,
        0.0,
        1.0
      ]
    ],
    "location": [
      -11.323998840982767,
      -26.250348546205714,
      3.0143230636055023
    ],
    "rotation": [
      0.02112386713603188,
      -0.0025102787601457505,
      -0.2506313523915504
    ]
  },
  {
    "label_id": "e3hVgS7vRNXW0BW44Z2XmA",
    "size": [
      2.5000000000008193,
      5.0,
      1.5999999999999943
    ],
    "obj_class": "vehicle",
    "point_num_in_lidar": 53,
    "speed": 2.32137146951e-28,
    "if_vehicle": true,
    "motion_state": false,
    "pose": [
      [
        -0.9853019515562911,
        -0.17064945337688825,
        -0.0076699622902208315,
        28.77505245355769
      ],
      [
        0.1707708246778467,
        -0.9851110108454524,
        -0.019839902971010952,
        -24.018335824721362
      ],
      [
        -0.004170095707812426,
        -0.020858100901573542,
        0.9997737493696099,
        -2.312932856420815
      ],
      [
        0.0,
        0.0,
        0.0,
        1.0
      ]
    ],
    "location": [
      28.77505245355769,
      -24.018335824721362,
      -2.312932856420815
    ],
    "rotation": [
      -0.02085979501981171,
      0.004170107794024651,
      2.9699792141306314
    ]
  },
  {
    "label_id": "iSjPQoPFkB_AGXGQHkoRZw",
    "size": [
      2.1378841110435465,
      5.009969803902331,
      1.5699999999999932
    ],
    "obj_class": "vehicle",
    "point_num_in_lidar": 961,
    "speed": 0.014997866782739754,
    "if_vehicle": true,
    "motion_state": false,
    "pose": [
      [
        -0.1779118561401596,
        0.9840165360009098,
        -0.0076699622902208315,
        4.04687131414903
      ],
      [
        -0.9838247053156304,
        -0.17803181586647313,
        -0.019839902971010952,
        -23.699588674575352
      ],
      [
        -0.02088828991028374,
        0.0040161444267452825,
        0.9997737493696099,
        0.3393963489460248
      ],
      [
        0.0,
        0.0,
        0.0,
        1.0
      ]
    ],
    "location": [
      4.04687131414903,
      -23.699588674575352,
      0.3393963489460248
    ],
    "rotation": [
      0.004017031680442263,
      0.020889809207331845,
      -1.7496998275537687
    ]
  },
  {
    "label_id": "qE8xh4Tna0sZpG36-C1CQw",
    "size": [
      2.096758127616472,
      4.705847062522819,
      1.7761070921727935
    ],
    "obj_class": "vehicle",
    "point_num_in_lidar": 473,
    "speed": 0.022324081822440067,
    "if_vehicle": true,
    "motion_state": false,
    "pose": [
      [
        0.977087776511925,
        0.21269849240050806,
        -0.0076699622902208315,
        13.805075766033042
      ],
      [
        -0.21281157330480024,
        0.976891812084448,
        -0.019839902971010952,
        -36.64436081361964
      ],
      [
        0.003272805909006822,
        0.021017583422327808,
        0.9997737493696099,
        0.05819084827632537
      ],
      [
        0.0,
        0.0,
        0.0,
        1.0
      ]
    ],
    "location": [
      13.805075766033042,
      -36.64436081361964,
      0.05819084827632537
    ],
    "rotation": [
      0.021019243698551845,
      -0.003272811751680012,
      -0.21445271623148737
    ]
  },
  {
    "label_id": "v14dpaT9xoxBvUcM5GXf4A",
    "size": [
      2.4165923386323804,
      6.350069575499419,
      2.3499999999999943
    ],
    "obj_class": "vehicle",
    "point_num_in_lidar": 541,
    "speed": 0.002430262308333747,
    "if_vehicle": true,
    "motion_state": false,
    "pose": [
      [
        -0.3831830490506036,
        0.9236405808531527,
        -0.0076699622902208315,
        0.04130469807296322
      ],
      [
        -0.923427620820836,
        -0.3832594517494272,
        -0.019839902971010952,
        -36.89155449694408
      ],
      [
        -0.02126452504650356,
        -0.0005196594838559509,
        0.9997737493696099,
        0.42160990895035866
      ],
      [
        0.0,
        0.0,
        0.0,
        1.0
      ]
    ],
    "location": [
      0.04130469807296322,
      -36.89155449694408,
      0.42160990895035866
    ],
    "rotation": [
      -0.0005197770369397363,
      0.021266127938262484,
      -1.9641300767912822
    ]
  },
  {
    "label_id": "xY0REqLwpsK5CY4q3J2_Tw",
    "size": [
      2.0801259707321575,
      4.387674890124558,
      1.6699999999999875
    ],
    "obj_class": "vehicle",
    "point_num_in_lidar": 104,
    "speed": 2.929642751054232e-13,
    "if_vehicle": true,
    "motion_state": false,
    "pose": [
      [
        0.9846278753382862,
        0.17449675866697012,
        -0.0076699622902208315,
        28.0549724153243
      ],
      [
        -0.1746173832242048,
        0.9844364620055639,
        -0.019839902971010952,
        -26.639513890051603
      ],
      [
        0.004088591779992487,
        0.020874230253810952,
        0.9997737493696099,
        -2.1308928244255867
      ],
      [
        0.0,
        0.0,
        0.0,
        1.0
      ]
    ],
    "location": [
      28.0549724153243,
      -26.639513890051603,
      -2.1308928244255867
    ],
    "rotation": [
      0.020875920997772277,
      -0.004088603171291977,
      -0.17551865017541907
    ]
  }
]