[
  {
    "label_id": "6KbSoKgDcTgkxu2wYrmrIg",
    "size": [
      1.993150381745555,
      4.913822519243695,
      1.7729219124551037
    ],
    "obj_class": "vehicle",
    "point_num_in_lidar": 4936,
    "speed": 0.010335485982190426,
    "if_vehicle": true,
    "motion_state": false,
    "pose": [
      [
        -0.24857083568362515,
        0.9686018884332595,
        -0.004787626872264274,
        2.7141538345708796
      ],
      [
        -0.9685165814665552,
        -0.2486128708024083,
        -0.012933363666228142,
        -29.575101078236912
      ],
      [
        -0.013717546131947055,
        0.0014220389969482473,
        0.9999048988444896,
        0.26502393369622723
      ],
      [
        0.0,
        0.0,
        0.0,
        1.0
      ]
    ],
    "location": [
      2.7141538345708796,
      -29.575101078236912,
      0.26502393369622723
    ],
    "rotation": [
      0.0014221732885434703,
      0.013717976375939687,
      -1.8220249762179481
    ]
  },
  {
    "label_id": "AQI3XRZueIkfrXZhKao_cw",
    "size": [
      1.8132296860454709,
      5.423299587816903,
      1.854063376721399
    ],
    "obj_class": "vehicle",
    "point_num_in_lidar": 48,
    "speed": 1.1368683772161603e-12,
    "if_vehicle": true,
    "motion_state": false,
    "pose": [
      [
        -0.0751730387488324,
        0.9971590108273598,
        -0.004787626872264274,
        -23.34039574533017
      ],
      [
        -0.9970823796248734,
        -0.07522935827106862,
        -0.012933363666228142,
        -94.81658707429233
      ],
      [
        -0.013256790217328332,
        0.003801418146519143,
        0.9999048988444896,
        0.9327914357174905
      ],
      [
        0.0,
        0.0,
        0.0,
        1.0
      ]
    ],
    "location": [
      -23.34039574533017,
      -94.81658707429233,
      0.9327914357174905
    ],
    "rotation": [
      0.00380176138394289,
      0.01325717854491977,
      -1.6460469716547141
    ]
  },
  {
    "label_id": "AttAkBqG0g25TyJFzMbL2A",
    "size": [
      1.6414130150036765,
      3.088480793941632,
      1.8600000000000136
    ],
    "obj_class": "vehicle",
    "point_num_in_lidar": 62,
    "speed": 0.023165170800363812,
    "if_vehicle": true,
    "motion_state": false,
    "pose": [
      [
        -0.5091236626000097,
        0.8606800653028299,
        -0.004787626872264274,
        -9.114902386687845
      ],
      [
        -0.8605864144566403,
        -0.5091402079554718,
        -0.012933363666228142,
        -52.38669396879959
      ],
      [
        -0.01356906162619232,
        -0.0024645148357297893,
        0.9999048988444896,
        0.3207562210525907
      ],
      [
        0.0,
        0.0,
        0.0,
        1.0
      ]
    ],
    "location": [
      -9.114902386687845,
      -52.38669396879959,
      0.3207562210525907
    ],
    "rotation": [
      -0.002464744245140391,
      0.013569478048685172,
      -2.1050170982686525
    ]
  },
  {
    "label_id": "FLTpqSGbVdIk3mkNwhSUnQ",
    "size": [
      0.47417175969779296,
      0.08583720200476817,
      0.5454703230236646
    ],
    "obj_class": "sign",
    "point_num_in_lidar": 39,
    "speed": 0.03742688952345317,
    "if_vehicle": false,
    "motion_state": false,
    "pose": [
      [
        0.5185575629760951,
        -0.8550293167542415,
        -0.004787626872264274,
        -9.056709211760335
      ],
      [
        0.8549354896255854,
        0.5185730774760079,
        -0.012933363666228142,
        -48.811514374676335
      ],
      [
        0.013541139499826096,
        0.002613581419658972,
        0.9999048988444896,
        1.9795390071551822
      ],
      [
        0.0,
        0.0,
        0.0,
        1.0
      ]
    ],
    "location": [
      -9.056709211760335,
      -48.811514374676335,
      1.9795390071551822
    ],
    "rotation": [
      0.0026138240452808492,
      -0.013541553356748247,
      1.0255776068344562
    ]
  },
  {
    "label_id": "VSJ3Jj4uDz8TUm9Xe159uw",
    "size": [
      1.8939621441214873,
      4.281486616652753,
      1.6899999999999977
    ],
    "obj_class": "vehicle",
    "point_num_in_lidar": 59,
    "speed": 0.026014934323088837,
    "if_vehicle": true,
    "motion_state": false,
    "pose": [
      [
        -0.0624997980503058,
        0.9980334933621231,
        -0.004787626872264274,
        -22.727004041839336
      ],
      [
        -0.9979575837847944,
        -0.06255708649459585,
        -0.012933363666228142,
        -88.0018273765927
      ],
      [
        -0.013207430109080513,
        0.003969515928257585,
        0.9999048988444896,
        0.8529592273905564
      ],
      [
        0.0,
        0.0,
        0.0,
        1.0
      ]
    ],
    "location": [
      -22.727004041839336,
      -88.0018273765927,
      0.8529592273905564
    ],
    "rotation": [
      0.003969872614665648,
      0.013207814114899845,
      -1.6333423487535743
    ]
  },
  {
    "label_id": "e3hVgS7vRNXW0BW44Z2XmA",
    "size": [
      2.5000000000008216,
      5.0,
      1.5999999999999943
    ],
    "obj_class": "vehicle",
    "point_num_in_lidar": 35,
    "speed": 6.070879795542461e-13,
    "if_vehicle": true,
    "motion_state": false,
    "pose": [
      [
        -0.9853196420323747,
        -0.1706525172803646,
        -0.004787626872264274,
        28.7750524535586
      ],
      [
        0.17070121184451742,
        -0.9852379531763331,
        -0.012933363666228142,
        -24.018335824719543
      ],
      [
        -0.002509840633657425,
        -0.013560750966837318,
        0.9999048988444896,
        -2.3129328564207867
      ],
      [
        0.0,
        0.0,
        0.0,
        1.0
      ]
    ],
    "location": [
      28.7750524535586,
      -24.018335824719543,
      -2.3129328564207867
    ],
    "rotation": [
      -0.013561209340365074,
      0.002509843268704748,
      2.970050825656619
    ]
  },
  {
    "label_id": "iSjPQoPFkB_AGXGQHkoRZw",
    "size": [
      2.1378841110431073,
      5.009969803902331,
      1.5699999999999932
    ],
    "obj_class": "vehicle",
    "point_num_in_lidar": 4588,
    "speed": 0.08851166819414,
    "if_vehicle": true,
    "motion_state": false,
    "pose": [
      [
        -0.18232641833563007,
        0.983226401092766,
        -0.004787626872264274,
        4.005074035488178
      ],
      [
        -0.9831441404639508,
        -0.18237414064410667,
        -0.012933363666228142,
        -23.843848069822343
      ],
      [
        -0.013589563948123265,
        0.0023488334318988225,
        0.9999048988444896,
        0.23825144524280972
      ],
      [
        0.0,
        0.0,
        0.0,
        1.0
      ]
    ],
    "location": [
      4.005074035488178,
      -23.843848069822343,
      0.23825144524280972
    ],
    "rotation": [
      0.0023490525091802456,
      0.01358998226116881,
      -1.75416546490726
    ]
  },
  {
    "label_id": "qE8xh4Tna0sZpG36-C1CQw",
    "size": [
      2.0967581276164733,
      4.705847062522819,
      1.7761070921727935
    ],
    "obj_class": "vehicle",
    "point_num_in_lidar": 2198,
    "speed": 0.04025058844599907,
    "if_vehicle": true,
    "motion_state": false,
    "pose": [
      [
        0.9771053195076682,
        0.21270231126800104,
        -0.004787626872264274,
        13.748626394826715
      ],
      [
        -0.21274746197402608,
        0.977021619785298,
        -0.012933363666228142,
        -36.60038592108867
      ],
      [
        0.0019266586173909478,
        0.013655813903351582,
        0.9999048988444896,
        -0.011955723935869855
      ],
      [
        0.0,
        0.0,
        0.0,
        1.0
      ]
    ],
    "location": [
      13.748626394826715,
      -36.60038592108867,
      -0.011955723935869855
    ],
    "rotation": [
      0.013656263712237004,
      -0.0019266598093567154,
      -0.2143863400025971
    ]
  },
  {
    "label_id": "v14dpaT9xoxBvUcM5GXf4A",
    "size": [
      2.4165923386323795,
      6.350069575499419,
      2.3499999999999943
    ],
    "obj_class": "vehicle",
    "point_num_in_lidar": 3703,
    "speed": 0.002430262329232627,
    "if_vehicle": true,
    "motion_state": false,
    "pose": [
      [
        -0.3831899288609534,
        0.9236571642381548,
        -0.004787626872264274,
        0.036185833561830805
      ],
      [
        -0.9235667656249191,
        -0.3832194639334008,
        -0.012933363666228142,
        -36.88568263666275
      ],
      [
        -0.013780705811511326,
        -0.0005342416377587373,
        0.9999048988444896,
        0.3647196660665202
      ],
      [
        0.0,
        0.0,
        0.0,
        1.0
      ]
    ],
    "location": [
      0.036185833561830805,
      -36.88568263666275,
      0.3647196660665202
    ],
    "rotation": [
      -0.0005342923987468748,
      0.013781142026165427,
      -1.9640830967848293
    ]
  }
]