[
  {
    "label_id": "6KbSoKgDcTgkxu2wYrmrIg",
    "size": [
      1.9931503817455547,
      4.913822519243695,
      1.7729219124551037
    ],
    "obj_class": "vehicle",
    "point_num_in_lidar": 4726,
    "speed": 0.024998599544384832,
    "if_vehicle": true,
    "motion_state": false,
    "pose": [
      [
        -0.24851027117410499,
        0.9683658877048084,
        -0.022586559070636315,
        2.71123796231268
      ],
      [
        -0.9684054860916717,
        -0.24888650259733766,
        -0.015694691217685852,
        -29.574374276906383
      ],
      [
        -0.020819693286066063,
        0.017972655745436862,
        0.9996216904494071,
        0.2527498045476477
      ],
      [
        0.0,
        0.0,
        0.0,
        1.0
      ]
    ],
    "location": [
      2.71123796231268,
      -29.574374276906383,
      0.2527498045476477
    ],
    "rotation": [
      0.017977520569778423,
      0.020821197662276365,
      -1.8219939239046306
    ]
  },
  {
    "label_id": "AQI3XRZueIkfrXZhKao_cw",
    "size": [
      1.8132296860454715,
      5.423299587816903,
      1.854063376721399
    ],
    "obj_class": "vehicle",
    "point_num_in_lidar": 59,
    "speed": 1.1368683772161603e-12,
    "if_vehicle": true,
    "motion_state": false,
    "pose": [
      [
        -0.07515472276977365,
        0.9969160521301417,
        -0.022586559070636315,
        -23.340395745329715
      ],
      [
        -0.997020900593872,
        -0.07551821268121993,
        -0.015694691217685852,
        -94.81658707429233
      ],
      [
        -0.017351986179770237,
        0.021339741298500126,
        0.9996216904494071,
        0.9306012477677257
      ],
      [
        0.0,
        0.0,
        0.0,
        1.0
      ]
    ],
    "location": [
      -23.340395745329715,
      -94.81658707429233,
      0.9306012477677257
    ],
    "rotation": [
      0.021344575326146774,
      0.01735285705347686,
      -1.6460333274272665
    ]
  },
  {
    "label_id": "AttAkBqG0g25TyJFzMbL2A",
    "size": [
      1.6414130150036779,
      3.088480793941632,
      1.8600000000000136
    ],
    "obj_class": "vehicle",
    "point_num_in_lidar": 93,
    "speed": 0.02316517060428203,
    "if_vehicle": true,
    "motion_state": false,
    "pose": [
      [
        -0.5089996141579409,
        0.8604703598244486,
        -0.022586559070636315,
        -9.118416767370036
      ],
      [
        -0.8604033379127928,
        -0.5093719395256341,
        -0.015694691217685852,
        -52.378101019525275
      ],
      [
        -0.02500977600043608,
        0.01144495904220983,
        0.9996216904494071,
        0.3114442933249961
      ],
      [
        0.0,
        0.0,
        0.0,
        1.0
      ]
    ],
    "location": [
      -9.118416767370036,
      -52.378101019525275,
      0.3114442933249961
    ],
    "rotation": [
      0.011448790175947379,
      0.025012383957426033,
      -2.1050035469792645
    ]
  },
  {
    "label_id": "FLTpqSGbVdIk3mkNwhSUnQ",
    "size": [
      0.47417175969779257,
      0.08583720200476817,
      0.5454703230236646
    ],
    "obj_class": "sign",
    "point_num_in_lidar": 45,
    "speed": 0.022069036700321024,
    "if_vehicle": false,
    "motion_state": false,
    "pose": [
      [
        0.5184312159556597,
        -0.8548209880858594,
        -0.022586559070636315,
        -9.064043093574583
      ],
      [
        0.8547498758570814,
        0.5188027817869575,
        -0.015694691217685852,
        -48.80809922616572
      ],
      [
        0.02513412113124624,
        -0.011169240709631536,
        0.9996216904494071,
        1.9727547053319938
      ],
      [
        0.0,
        0.0,
        0.0,
        1.0
      ]
    ],
    "location": [
      -9.064043093574583,
      -48.80809922616572,
      1.9727547053319938
    ],
    "rotation": [
      -0.011173002785014052,
      -0.025136768188587958,
      1.02558937876065
    ]
  },
  {
    "label_id": "VSJ3Jj4uDz8TUm9Xe159uw",
    "size": [
      1.8939621441214884,
      4.281486616652753,
      1.6899999999999977
    ],
    "obj_class": "vehicle",
    "point_num_in_lidar": 66,
    "speed": 0.02601493410701834,
    "if_vehicle": true,
    "motion_state": false,
    "pose": [
      [
        -0.06248456991782967,
        0.9977903215964428,
        -0.022586559070636315,
        -22.726425685174945
      ],
      [
        -0.997899779108593,
        -0.06284669858157191,
        -0.015694691217685852,
        -87.991417501049
      ],
      [
        -0.01707950166735878,
        0.021558446276680927,
        0.9996216904494071,
        0.8432920365214613
      ],
      [
        0.0,
        0.0,
        0.0,
        1.0
      ]
    ],
    "location": [
      -22.726425685174945,
      -87.991417501049,
      0.8432920365214613
    ],
    "rotation": [
      0.021563262386822973,
      0.0170803321515128,
      -1.6333307618032489
    ]
  },
  {
    "label_id": "qE8xh4Tna0sZpG36-C1CQw",
    "size": [
      2.0967581276164733,
      4.705847062522819,
      1.7761070921727935
    ],
    "obj_class": "vehicle",
    "point_num_in_lidar": 2443,
    "speed": 0.05606896434796165,
    "if_vehicle": true,
    "motion_state": false,
    "pose": [
      [
        0.9768672469105252,
        0.21265048615697973,
        -0.022586559070636315,
        13.730712413711899
      ],
      [
        -0.21302500247894582,
        0.9769206851052068,
        -0.015694691217685852,
        -36.59226345202842
      ],
      [
        0.018727793043930675,
        0.02014313160294473,
        0.9996216904494071,
        -0.026696181147599418
      ],
      [
        0.0,
        0.0,
        0.0,
        1.0
      ]
    ],
    "location": [
      13.730712413711899,
      -36.59226345202842,
      -0.026696181147599418
    ],
    "rotation": [
      0.020148028065962068,
      -0.01872888795061452,
      -0.21470823270373074
    ]
  },
  {
    "label_id": "v14dpaT9xoxBvUcM5GXf4A",
    "size": [
      2.4165923386323804,
      6.350069575499419,
      2.3499999999999943
    ],
    "obj_class": "vehicle",
    "point_num_in_lidar": 6578,
    "speed": 0.0024302623078393606,
    "if_vehicle": true,
    "motion_state": false,
    "pose": [
      [
        -0.383096564287308,
        0.9234321143325097,
        -0.022586559070636315,
        0.03554581786966082
      ],
      [
        -0.9234180517661982,
        -0.3834746123798817,
        -0.015694691217685852,
        -36.88494847331094
      ],
      [
        -0.023154353879551077,
        0.014844254090063501,
        0.9996216904494071,
        0.35760663383078395
      ],
      [
        0.0,
        0.0,
        0.0,
        1.0
      ]
    ],
    "location": [
      0.03554581786966082,
      -36.88494847331094,
      0.35760663383078395
    ],
    "rotation": [
      0.014848780524710748,
      0.023156423313389247,
      -1.964053843400579
    ]
  }
]