[
  {
    "label_id": "3qPBGUJzsex9FlyVSzT81Q",
    "size": [
      0.28151987312419346,
      0.07790901929933947,
      0.468137944211918
    ],
    "obj_class": "sign",
    "point_num_in_lidar": 21,
    "speed": 0.02311654233672027,
    "if_vehicle": false,
    "motion_state": false,
    "pose": [
      [
        -0.9593974723556689,
        -0.2819922648528123,
        -0.006070634294285793,
        -2.0216448277133168
      ],
      [
        0.2818437611321172,
        -0.9592859704534328,
        0.01828992077943343,
        -64.48028847675232
      ],
      [
        -0.010981090494832783,
        0.01583633336341473,
        0.9998142958555589,
        1.080251577356961
      ],
      [
        0.0,
        0.0,
        0.0,
        1.0
      ]
    ],
    "location": [
      -2.0216448277133168,
      -64.48028847675232,
      1.080251577356961
    ],
    "rotation": [
      0.015837950382127285,
      0.01098131119808278,
      2.8558597078393895
    ]
  },
  {
    "label_id": "5aXRL8gWQ8E2_KeLsSrB7g",
    "size": [
      1.8890644729530193,
      4.215570614312059,
      1.5
    ],
    "obj_class": "vehicle",
    "point_num_in_lidar": 24,
    "speed": 0.04806305751096328,
    "if_vehicle": true,
    "motion_state": false,
    "pose": [
      [
        -0.19468517274845637,
        0.9808469966876429,
        -0.006070634294285793,
        -24.953970102392304
      ],
      [
        -0.9807226076852342,
        -0.19454728364322182,
        0.01828992077943343,
        -105.98331519752719
      ],
      [
        0.016758588454217502,
        0.009514384681894954,
        0.9998142958555589,
        0.8498204730630619
      ],
      [
        0.0,
        0.0,
        0.0,
        1.0
      ]
    ],
    "location": [
      -24.953970102392304,
      -105.98331519752719,
      0.8498204730630619
    ],
    "rotation": [
      0.009515864634490303,
      -0.01675937299577009,
      -1.7667606759429733
    ]
  },
  {
    "label_id": "AQI3XRZueIkfrXZhKao_cw",
    "size": [
      1.8132296860454682,
      5.423299587816903,
      1.854063376721399
    ],
    "obj_class": "vehicle",
    "point_num_in_lidar": 137,
    "speed": 1.1368683772161603e-12,
    "if_vehicle": true,
    "motion_state": false,
    "pose": [
      [
        -0.07517251510858312,
        0.997152064818358,
        -0.006070634294285793,
        -23.34039574533108
      ],
      [
        -0.9970119785427782,
        -0.07505060586095695,
        0.01828992077943343,
        -94.81658707429233
      ],
      [
        0.017782227488829783,
        0.007427394454882269,
        0.9998142958555589,
        0.9200773782696672
      ],
      [
        0.0,
        0.0,
        0.0,
        1.0
      ]
    ],
    "location": [
      -23.34039574533108,
      -94.81658707429233,
      0.9200773782696672
    ],
    "rotation": [
      0.007428637357062526,
      -0.017783164768160283,
      -1.6460517429791592
    ]
  },
  {
    "label_id": "AttAkBqG0g25TyJFzMbL2A",
    "size": [
      1.641413015003677,
      3.088480793941632,
      1.8600000000000136
    ],
    "obj_class": "vehicle",
    "point_num_in_lidar": 3138,
    "speed": 0.020368238249890726,
    "if_vehicle": true,
    "motion_state": false,
    "pose": [
      [
        -0.5091201161470335,
        0.8606740699786977,
        -0.006070634294285793,
        -9.136996685533632
      ],
      [
        -0.8606024830061985,
        -0.5089487646526398,
        0.01828992077943343,
        -52.309432281685076
      ],
      [
        0.01265201873208822,
        0.014536169538630123,
        0.9998142958555589,
        0.23741216390428121
      ],
      [
        0.0,
        0.0,
        0.0,
        1.0
      ]
    ],
    "location": [
      -9.136996685533632,
      -52.309432281685076,
      0.23741216390428121
    ],
    "rotation": [
      0.014537845194282707,
      -0.012652356298722647,
      -2.10500586342712
    ]
  },
  {
    "label_id": "FLTpqSGbVdIk3mkNwhSUnQ",
    "size": [
      0.4741717596977927,
      0.08583720200476817,
      0.5454703230236646
    ],
    "obj_class": "sign",
    "point_num_in_lidar": 52,
    "speed": 0.01818433702324323,
    "if_vehicle": false,
    "motion_state": false,
    "pose": [
      [
        0.5185539508084751,
        -0.8550233607920819,
        -0.006070634294285793,
        -9.114119269425373
      ],
      [
        0.8549536624580308,
        0.5183818224508663,
        0.01828992077943343,
        -48.77510948746749
      ],
      [
        -0.012491403064547504,
        -0.014674421703492192,
        0.9998142958555589,
        1.9168079420377069
      ],
      [
        0.0,
        0.0,
        0.0,
        1.0
      ]
    ],
    "location": [
      -9.114119269425373,
      -48.77510948746749,
      1.9168079420377069
    ],
    "rotation": [
      -0.01467609353633919,
      0.012491727937018773,
      1.025590120788059
    ]
  },
  {
    "label_id": "FcImdUxckIaRffThBbBEZQ",
    "size": [
      0.6573645149789743,
      0.06969596510098991,
      1.2588235294118135
    ],
    "obj_class": "sign",
    "point_num_in_lidar": 67,
    "speed": 0.0025142036792859023,
    "if_vehicle": false,
    "motion_state": false,
    "pose": [
      [
        -0.4926778461758679,
        0.870190603998212,
        -0.006070634294285793,
        -6.968632173570313
      ],
      [
        -0.8701157747468585,
        -0.49250788555570996,
        0.01828992077943343,
        -67.49005182439578
      ],
      [
        0.012925881949873947,
        0.014293193438515844,
        0.9998142958555589,
        2.3405988143625507
      ],
      [
        0.0,
        0.0,
        0.0,
        1.0
      ]
    ],
    "location": [
      -6.968632173570313,
      -67.49005182439578,
      2.3405988143625507
    ],
    "rotation": [
      0.01429487446926592,
      -0.012926241916270008,
      -2.086007946681236
    ]
  },
  {
    "label_id": "N1hYw2tMjOZCfWS1n8OXIg",
    "size": [
      2.1665619088534753,
      5.409122640819431,
      1.9000000000000057
    ],
    "obj_class": "vehicle",
    "point_num_in_lidar": 44,
    "speed": 6.355287432313019e-13,
    "if_vehicle": true,
    "motion_state": false,
    "pose": [
      [
        -0.18546212424857633,
        0.9826326617146769,
        -0.006070634294285793,
        -27.381166335113903
      ],
      [
        -0.9825069828175619,
        -0.18532540978671316,
        0.01828992077943343,
        -117.48821708540163
      ],
      [
        0.01684723074979146,
        0.009356528144359454,
        0.9998142958555589,
        0.9754873095948824
      ],
      [
        0.0,
        0.0,
        0.0,
        1.0
      ]
    ],
    "location": [
      -27.381166335113903,
      -117.48821708540163,
      0.9754873095948824
    ],
    "rotation": [
      0.009357992837430856,
      -0.016848027807557592,
      -1.7573652414925693
    ]
  },
  {
    "label_id": "VSJ3Jj4uDz8TUm9Xe159uw",
    "size": [
      1.8939621441214833,
      4.281486616652753,
      1.6899999999999977
    ],
    "obj_class": "vehicle",
    "point_num_in_lidar": 159,
    "speed": 0.026014934325390607,
    "if_vehicle": true,
    "motion_state": false,
    "pose": [
      [
        -0.062499362689292494,
        0.9980265412616527,
        -0.006070634294285793,
        -22.72165626539754
      ],
      [
        -0.9978849176441362,
        -0.062379242831549685,
        0.01828992077943343,
        -87.90557243425064
      ],
      [
        0.017875144804662787,
        0.007200902795153285,
        0.9998142958555589,
        0.7635715209299576
      ],
      [
        0.0,
        0.0,
        0.0,
        1.0
      ]
    ],
    "location": [
      -22.72165626539754,
      -87.90557243425064,
      0.7635715209299576
    ],
    "rotation": [
      0.0072021157527261395,
      -0.017876096854992432,
      -1.633346456915504
    ]
  },
  {
    "label_id": "XcrqP3fEFScklVixzL3o4A",
    "size": [
      0.3482681107882698,
      0.08187213983536704,
      0.2671645781400116
    ],
    "obj_class": "sign",
    "point_num_in_lidar": 54,
    "speed": 0.02109092456794481,
    "if_vehicle": false,
    "motion_state": false,
    "pose": [
      [
        -0.9564359238640346,
        -0.2918792060795284,
        -0.006070634294285793,
        6.1082583733295905
      ],
      [
        0.2917295594551855,
        -0.9563259606106934,
        0.01828992077943343,
        -53.19750065478729
      ],
      [
        -0.011143952729357578,
        0.01572215380979188,
        0.9998142958555589,
        0.7768309127879718
      ],
      [
        0.0,
        0.0,
        0.0,
        1.0
      ]
    ],
    "location": [
      6.1082583733295905,
      -53.19750065478729,
      0.7768309127879718
    ],
    "rotation": [
      0.01572377805877682,
      0.011144183399192438,
      2.8455391576693048
    ]
  },
  {
    "label_id": "ZvjHP6WKm3J0jfaa7zemIA",
    "size": [
      0.3159283681995653,
      0.09096904424234253,
      0.4588021549410257
    ],
    "obj_class": "sign",
    "point_num_in_lidar": 79,
    "speed": 0.022283513778232726,
    "if_vehicle": false,
    "motion_state": false,
    "pose": [
      [
        -0.9505779051344401,
        -0.31042679277002566,
        -0.006070634294285793,
        3.0569618970266674
      ],
      [
        0.3102750356551347,
        -0.9504708733291551,
        0.01828992077943343,
        -54.7772237378249
      ],
      [
        -0.011447642526929105,
        0.015502428307479884,
        0.9998142958555589,
        0.4655284487267579
      ],
      [
        0.0,
        0.0,
        0.0,
        1.0
      ]
    ],
    "location": [
      3.0569618970266674,
      -54.7772237378249,
      0.4655284487267579
    ],
    "rotation": [
      0.015504065319309892,
      0.01144789257444249,
      2.8260889323888008
    ]
  },
  {
    "label_id": "aBGdO9872Yc7g6RtMPPSXw",
    "size": [
      1.602119044262814,
      4.067003794596388,
      1.6100000000000136
    ],
    "obj_class": "vehicle",
    "point_num_in_lidar": 77,
    "speed": 0.0019397892992386815,
    "if_vehicle": true,
    "motion_state": false,
    "pose": [
      [
        -0.09799249851979874,
        0.9951686377861353,
        -0.006070634294285793,
        -23.766989140107853
      ],
      [
        -0.9950313805861598,
        -0.0978674125880659,
        0.01828992077943343,
        -100.48582574822831
      ],
      [
        0.017607438276134965,
        0.007832746657782748,
        0.9998142958555589,
        0.9366178465928954
      ],
      [
        0.0,
        0.0,
        0.0,
        1.0
      ]
    ],
    "location": [
      -23.766989140107853,
      -100.48582574822831,
      0.9366178465928954
    ],
    "rotation": [
      0.007834041233415082,
      -0.01760834818494242,
      -1.6689616031398988
    ]
  }
]