[
  {
    "label_id": "3qPBGUJzsex9FlyVSzT81Q",
    "size": [
      0.2815198731241936,
      0.07790901929933947,
      0.468137944211918
    ],
    "obj_class": "sign",
    "point_num_in_lidar": 34,
    "speed": 0.023116542336490423,
    "if_vehicle": false,
    "motion_state": false,
    "pose": [
      [
        -0.9594060262746178,
        -0.2819947790756034,
        -0.004361344064509675,
        -2.032768956055861
      ],
      [
        0.28193091021445393,
        -0.9593661371274009,
        0.0114706930435154,
        -64.47712842518376
      ],
      [
        -0.007418801358502351,
        0.009775454329629393,
        0.9999246981043384,
        1.080251577356961
      ],
      [
        0.0,
        0.0,
        0.0,
        1.0
      ]
    ],
    "location": [
      -2.032768956055861,
      -64.47712842518376,
      1.080251577356961
    ],
    "rotation": [
      0.009775879063611805,
      0.007418869413611466,
      2.855778500967738
    ]
  },
  {
    "label_id": "5aXRL8gWQ8E2_KeLsSrB7g",
    "size": [
      1.889064472953019,
      4.215570614312059,
      1.5
    ],
    "obj_class": "vehicle",
    "point_num_in_lidar": 31,
    "speed": 0.04806305751017308,
    "if_vehicle": true,
    "motion_state": false,
    "pose": [
      [
        -0.19468690854747397,
        0.9808557418490135,
        -0.004361344064509675,
        -24.951516838424595
      ],
      [
        -0.9808102775868236,
        -0.19462688041778667,
        0.0114706930435154,
        -105.95939669627114
      ],
      [
        0.010402260345015468,
        0.0065108448501024095,
        0.9999246981043384,
        0.8425321239150492
      ],
      [
        0.0,
        0.0,
        0.0,
        1.0
      ]
    ],
    "location": [
      -24.951516838424595,
      -105.95939669627114,
      0.8425321239150492
    ],
    "rotation": [
      0.006511243146911438,
      -0.010402447953750235,
      -1.7667453072606694
    ]
  },
  {
    "label_id": "AQI3XRZueIkfrXZhKao_cw",
    "size": [
      1.813229686045468,
      5.423299587816903,
      1.854063376721399
    ],
    "obj_class": "vehicle",
    "point_num_in_lidar": 157,
    "speed": 1.1368683772161603e-12,
    "if_vehicle": true,
    "motion_state": false,
    "pose": [
      [
        -0.07517318534132594,
        0.9971609553545454,
        -0.004361344064509675,
        -23.340395745329715
      ],
      [
        -0.997108594304998,
        -0.07511906791362921,
        0.0114706930435154,
        -94.81658707429233
      ],
      [
        0.011110507132873947,
        0.00521102218359733,
        0.9999246981043384,
        0.9040983766656154
      ],
      [
        0.0,
        0.0,
        0.0,
        1.0
      ]
    ],
    "location": [
      -23.340395745329715,
      -94.81658707429233,
      0.9040983766656154
    ],
    "rotation": [
      0.005211367435103053,
      -0.011110735731977578,
      -1.6460451469093722
    ]
  },
  {
    "label_id": "AttAkBqG0g25TyJFzMbL2A",
    "size": [
      1.6414130150036772,
      3.088480793941632,
      1.8600000000000136
    ],
    "obj_class": "vehicle",
    "point_num_in_lidar": 5302,
    "speed": 0.014192111607742544,
    "if_vehicle": true,
    "motion_state": false,
    "pose": [
      [
        -0.5091246554254205,
        0.8606817436868857,
        -0.004361344064509675,
        -9.13131048085279
      ],
      [
        -0.8606587738922156,
        -0.5090529423581104,
        0.0114706930435154,
        -52.29137446185632
      ],
      [
        0.007652461061315133,
        0.009593641678353537,
        0.9999246981043384,
        0.2280865805605572
      ],
      [
        0.0,
        0.0,
        0.0,
        1.0
      ]
    ],
    "location": [
      -9.13131048085279,
      -52.29137446185632,
      0.2280865805605572
    ],
    "rotation": [
      0.009594069775515308,
      -0.007652535751507792,
      -2.1049811084127685
    ]
  },
  {
    "label_id": "FcImdUxckIaRffThBbBEZQ",
    "size": [
      0.6573645149789755,
      0.06969596510098991,
      1.2588235294118135
    ],
    "obj_class": "sign",
    "point_num_in_lidar": 68,
    "speed": 0.002514203678953869,
    "if_vehicle": false,
    "motion_state": false,
    "pose": [
      [
        -0.4926822388561483,
        0.8701983625551385,
        -0.004361344064509675,
        -6.968108983795901
      ],
      [
        -0.8701740345585841,
        -0.49261097509204715,
        0.0114706930435154,
        -67.48890805162227
      ],
      [
        0.007833332351509695,
        0.009446535090623332,
        0.9999246981043384,
        2.33179507983607
      ],
      [
        0.0,
        0.0,
        0.0,
        1.0
      ]
    ],
    "location": [
      -6.968108983795901,
      -67.48890805162227,
      2.33179507983607
    ],
    "rotation": [
      0.009446965444191276,
      -0.007833412464031204,
      -2.0859830626607976
    ]
  },
  {
    "label_id": "N1hYw2tMjOZCfWS1n8OXIg",
    "size": [
      2.166561908853474,
      5.409122640819431,
      1.9000000000000057
    ],
    "obj_class": "vehicle",
    "point_num_in_lidar": 65,
    "speed": 6.355287432313019e-13,
    "if_vehicle": true,
    "motion_state": false,
    "pose": [
      [
        -0.1854637778155577,
        0.9826414227969084,
        -0.004361344064509675,
        -27.381166335114358
      ],
      [
        -0.9825953966134271,
        -0.18540417944373122,
        0.0114706930435154,
        -117.48821708540345
      ],
      [
        0.010462966715194368,
        0.006412834666847504,
        0.9999246981043384,
        0.9754873095948824
      ],
      [
        0.0,
        0.0,
        0.0,
        1.0
      ]
    ],
    "location": [
      -27.381166335114358,
      -117.48821708540345,
      0.9754873095948824
    ],
    "rotation": [
      0.006413229676032072,
      -0.010463157627831374,
      -1.7573504658175667
    ]
  },
  {
    "label_id": "VSJ3Jj4uDz8TUm9Xe159uw",
    "size": [
      1.893962144121488,
      4.281486616652753,
      1.6899999999999977
    ],
    "obj_class": "vehicle",
    "point_num_in_lidar": 215,
    "speed": 0.02601493432138616,
    "if_vehicle": true,
    "motion_state": false,
    "pose": [
      [
        -0.06249991992911504,
        0.9980354395946094,
        -0.004361344064509675,
        -22.72093432931979
      ],
      [
        -0.9979823953020438,
        -0.062446472024418595,
        0.0114706930435154,
        -87.89257826440917
      ],
      [
        0.011175807624026451,
        0.005069461992986887,
        0.9999246981043384,
        0.7515044102840704
      ],
      [
        0.0,
        0.0,
        0.0,
        1.0
      ]
    ],
    "location": [
      -22.72093432931979,
      -87.89257826440917,
      0.7515044102840704
    ],
    "rotation": [
      0.005069800325237701,
      -0.011176040277698853,
      -1.633340919454719
    ]
  },
  {
    "label_id": "XcrqP3fEFScklVixzL3o4A",
    "size": [
      0.34826811078826975,
      0.08187213983536704,
      0.2671645781400116
    ],
    "obj_class": "sign",
    "point_num_in_lidar": 53,
    "speed": 0.00509102156446906,
    "if_vehicle": false,
    "motion_state": false,
    "pose": [
      [
        -0.9564444513780346,
        -0.2918818084535615,
        -0.004361344064509675,
        6.102107063533367
      ],
      [
        0.29181753129756083,
        -0.9564052235472674,
        0.0114706930435154,
        -53.19600995014116
      ],
      [
        -0.007519298874740886,
        0.009698364056886441,
        0.9999246981043384,
        0.7740075104839548
      ],
      [
        0.0,
        0.0,
        0.0,
        1.0
      ]
    ],
    "location": [
      6.102107063533367,
      -53.19600995014116,
      0.7740075104839548
    ],
    "rotation": [
      0.009698790295112768,
      0.007519369733222474,
      2.8454574985877112
    ]
  },
  {
    "label_id": "ZvjHP6WKm3J0jfaa7zemIA",
    "size": [
      0.315928368199565,
      0.09096904424234253,
      0.4588021549410257
    ],
    "obj_class": "sign",
    "point_num_in_lidar": 78,
    "speed": 0.01932851612158052,
    "if_vehicle": false,
    "motion_state": false,
    "pose": [
      [
        -0.950586380418768,
        -0.3104295605130034,
        -0.004361344064509675,
        3.0462001715663973
      ],
      [
        0.31036453253005525,
        -0.9505484102077609,
        0.0114706930435154,
        -54.77431637909103
      ],
      [
        -0.007706510867166777,
        0.009550278069345768,
        0.9999246981043384,
        0.4537579898442061
      ],
      [
        0.0,
        0.0,
        0.0,
        1.0
      ]
    ],
    "location": [
      3.0462001715663973,
      -54.77431637909103,
      0.4537579898442061
    ],
    "rotation": [
      0.009550706874518632,
      0.007706587151216779,
      2.8260064804548986
    ]
  },
  {
    "label_id": "aBGdO9872Yc7g6RtMPPSXw",
    "size": [
      1.6021190442628157,
      4.067003794596388,
      1.6100000000000136
    ],
    "obj_class": "vehicle",
    "point_num_in_lidar": 87,
    "speed": 0.0019397892975841072,
    "if_vehicle": true,
    "motion_state": false,
    "pose": [
      [
        -0.09799337221387681,
        0.9951775106382296,
        -0.004361344064509675,
        -23.767189250601405
      ],
      [
        -0.995126402881999,
        -0.09793806965748651,
        0.0114706930435154,
        -100.48677528856933
      ],
      [
        0.0109882341295507,
        0.005464140523610603,
        0.9999246981043384,
        0.9287285989931036
      ],
      [
        0.0,
        0.0,
        0.0,
        1.0
      ]
    ],
    "location": [
      -23.767189250601405,
      -100.48677528856933,
      0.9287285989931036
    ],
    "rotation": [
      0.005464497622782771,
      -0.010988455263825223,
      -1.6689531592020324
    ]
  }
]