[
  {
    "label_id": "6KbSoKgDcTgkxu2wYrmrIg",
    "size": [
      1.993150381745555,
      4.913822519243695,
      1.7729219124551037
    ],
    "obj_class": "vehicle",
    "point_num_in_lidar": 3461,
    "speed": 0.044422558195960624,
    "if_vehicle": true,
    "motion_state": false,
    "pose": [
      [
        -0.248530275148658,
        0.9684438368635452,
        -0.01868788847214444,
        2.6947196955393338
      ],
      [
        -0.9683901812509954,
        -0.24884800959364808,
        -0.017179201900674138,
        -29.570166224162676
      ],
      [
        -0.0212875360527436,
        0.013827615929529451,
        0.9996777670062031,
        0.23436804058658822
      ],
      [
        0.0,
        0.0,
        0.0,
        1.0
      ]
    ],
    "location": [
      2.6947196955393338,
      -29.570166224162676,
      0.23436804058658822
    ],
    "rotation": [
      0.013831191034897041,
      0.02128914415446196,
      -1.822017109551857
    ]
  },
  {
    "label_id": "AQI3XRZueIkfrXZhKao_cw",
    "size": [
      1.8132296860454702,
      5.423299587816903,
      1.854063376721399
    ],
    "obj_class": "vehicle",
    "point_num_in_lidar": 60,
    "speed": 1.1368683772161603e-12,
    "if_vehicle": true,
    "motion_state": false,
    "pose": [
      [
        -0.07516077239161358,
        0.9969962994504787,
        -0.01868788847214444,
        -23.34039574533017
      ],
      [
        -0.9969990936550545,
        -0.0754829932703785,
        -0.017179201900674138,
        -94.81658707429233
      ],
      [
        -0.018538218482265213,
        0.017340605785128606,
        0.9996777670062031,
        0.9315756777730257
      ],
      [
        0.0,
        0.0,
        0.0,
        1.0
      ]
    ],
    "location": [
      -23.34039574533017,
      -94.81658707429233,
      0.9315756777730257
    ],
    "rotation": [
      0.017344455847182354,
      0.018539280471000882,
      -1.6460410003947243
    ]
  },
  {
    "label_id": "AttAkBqG0g25TyJFzMbL2A",
    "size": [
      1.641413015003676,
      3.088480793941632,
      1.8600000000000136
    ],
    "obj_class": "vehicle",
    "point_num_in_lidar": 433,
    "speed": 0.02316517060451229,
    "if_vehicle": true,
    "motion_state": false,
    "pose": [
      [
        -0.5090405863691946,
        0.8605396238717653,
        -0.01868788847214444,
        -9.12280500825591
      ],
      [
        -0.8603993891433588,
        -0.5093307041439689,
        -0.017179201900674138,
        -52.36737141031881
      ],
      [
        -0.02430169933650453,
        0.007334136816938349,
        0.9996777670062031,
        0.2998169297414961
      ],
      [
        0.0,
        0.0,
        0.0,
        1.0
      ]
    ],
    "location": [
      -9.12280500825591,
      -52.36737141031881,
      0.2998169297414961
    ],
    "rotation": [
      0.0073363692566241374,
      0.02430409195867246,
      -2.1050408321992813
    ]
  },
  {
    "label_id": "FLTpqSGbVdIk3mkNwhSUnQ",
    "size": [
      0.47417175969779407,
      0.08583720200476817,
      0.5454703230236646
    ],
    "obj_class": "sign",
    "point_num_in_lidar": 45,
    "speed": 0.02018643668050186,
    "if_vehicle": false,
    "motion_state": false,
    "pose": [
      [
        0.5184729473690428,
        -0.8548897973837974,
        -0.01868788847214444,
        -9.073200564811941
      ],
      [
        0.8547463807816621,
        0.5187615054750166,
        -0.017179201900674138,
        -48.803834891794395
      ],
      [
        0.024380881590041526,
        -0.007066453593126425,
        0.9996777670062031,
        1.9642834686271442
      ],
      [
        0.0,
        0.0,
        0.0,
        1.0
      ]
    ],
    "location": [
      -9.073200564811941,
      -48.803834891794395,
      1.9642834686271442
    ],
    "rotation": [
      -0.007068613640781431,
      -0.02438329768033944,
      1.0255518738907017
    ]
  },
  {
    "label_id": "FcImdUxckIaRffThBbBEZQ",
    "size": [
      0.6573645149789756,
      0.06969596510098991,
      1.2588235294118135
    ],
    "obj_class": "sign",
    "point_num_in_lidar": 20,
    "speed": 0.0025142037001646502,
    "if_vehicle": false,
    "motion_state": false,
    "pose": [
      [
        -0.49260088484904435,
        0.8700546713111718,
        -0.01868788847214444,
        -6.971565233089223
      ],
      [
        -0.8699199733137136,
        -0.4928936143346997,
        -0.017179201900674138,
        -67.49646394057527
      ],
      [
        -0.024157985756398343,
        0.007794477383705084,
        0.9996777670062031,
        2.389953520037807
      ],
      [
        0.0,
        0.0,
        0.0,
        1.0
      ]
    ],
    "location": [
      -6.971565233089223,
      -67.49646394057527,
      2.389953520037807
    ],
    "rotation": [
      0.007796831835911931,
      0.02416033617379509,
      -2.0860374595231748
    ]
  },
  {
    "label_id": "VSJ3Jj4uDz8TUm9Xe159uw",
    "size": [
      1.8939621441214871,
      4.281486616652753,
      1.6899999999999977
    ],
    "obj_class": "vehicle",
    "point_num_in_lidar": 76,
    "speed": 0.026014934106730617,
    "if_vehicle": true,
    "motion_state": false,
    "pose": [
      [
        -0.06248959964855817,
        0.9978706392915945,
        -0.01868788847214444,
        -22.725703518574846
      ],
      [
        -0.997877526527868,
        -0.06281175903188849,
        -0.017179201900674138,
        -87.97841918196536
      ],
      [
        -0.018316440330672226,
        0.01757470247555728,
        0.9996777670062031,
        0.831221072661549
      ],
      [
        0.0,
        0.0,
        0.0,
        1.0
      ]
    ],
    "location": [
      -22.725703518574846,
      -87.97841918196536,
      0.831221072661549
    ],
    "rotation": [
      0.01757855660171832,
      0.01831746465514847,
      -1.633337173424058
    ]
  },
  {
    "label_id": "aBGdO9872Yc7g6RtMPPSXw",
    "size": [
      1.6021190442628124,
      4.067003794596388,
      1.6100000000000136
    ],
    "obj_class": "vehicle",
    "point_num_in_lidar": 38,
    "speed": 0.04294829484054969,
    "if_vehicle": true,
    "motion_state": false,
    "pose": [
      [
        -0.09797719108764874,
        0.995013182249877,
        -0.01868788847214444,
        -23.769077800247942
      ],
      [
        -0.9950085952724959,
        -0.09829939143204608,
        -0.017179201900674138,
        -100.51685704770898
      ],
      [
        -0.01893054041566466,
        0.01691143970992186,
        0.9996777670062031,
        0.999539491331177
      ],
      [
        0.0,
        0.0,
        0.0,
        1.0
      ]
    ],
    "location": [
      -23.769077800247942,
      -100.51685704770898,
      0.999539491331177
    ],
    "rotation": [
      0.016915277401996404,
      0.018931671273031067,
      -1.668948600208868
    ]
  },
  {
    "label_id": "qE8xh4Tna0sZpG36-C1CQw",
    "size": [
      2.096758127616474,
      4.705847062522819,
      1.7761070921727935
    ],
    "obj_class": "vehicle",
    "point_num_in_lidar": 2491,
    "speed": 0.04933112152932311,
    "if_vehicle": true,
    "motion_state": false,
    "pose": [
      [
        0.9769458803909697,
        0.21266760357789713,
        -0.01868788847214444,
        13.69478359342338
      ],
      [
        -0.21298709971767343,
        0.9769039719316889,
        -0.017179201900674138,
        -36.578843315488484
      ],
      [
        0.0146028127758571,
        0.020763429690797707,
        0.9996777670062031,
        -0.05255907761426215
      ],
      [
        0.0,
        0.0,
        0.0,
        1.0
      ]
    ],
    "location": [
      13.69478359342338,
      -36.578843315488484,
      -0.05255907761426215
    ],
    "rotation": [
      0.020767136552704464,
      -0.01460333181484183,
      -0.21465444067154654
    ]
  },
  {
    "label_id": "v14dpaT9xoxBvUcM5GXf4A",
    "size": [
      2.416592338632379,
      6.350069575499419,
      2.3499999999999943
    ],
    "obj_class": "vehicle",
    "point_num_in_lidar": 11696,
    "speed": 0.002430262307998652,
    "if_vehicle": true,
    "motion_state": false,
    "pose": [
      [
        -0.38312740186149397,
        0.9235064465217955,
        -0.01868788847214444,
        0.03474666055080888
      ],
      [
        -0.9234083504249361,
        -0.38343434038640123,
        -0.017179201900674138,
        -36.884031758267156
      ],
      [
        -0.023030681890903387,
        0.010674729276728755,
        0.9996777670062031,
        0.3487249270128814
      ],
      [
        0.0,
        0.0,
        0.0,
        1.0
      ]
    ],
    "location": [
      0.03474666055080888,
      -36.884031758267156,
      0.3487249270128814
    ],
    "rotation": [
      0.010677764309762552,
      0.023032718336535106,
      -1.964086053100176
    ]
  }
]