[
  {
    "label_id": "5aXRL8gWQ8E2_KeLsSrB7g",
    "size": [
      1.8890644729530153,
      4.215570614312059,
      1.5
    ],
    "obj_class": "vehicle",
    "point_num_in_lidar": 34,
    "speed": 0.0480630583177988,
    "if_vehicle": true,
    "motion_state": false,
    "pose": [
      [
        -0.19464123151343574,
        0.9806256155326286,
        -0.02209509348670793,
        -24.956915112587467
      ],
      [
        -0.9808564639630993,
        -0.19445164966883358,
        0.0104476333623735,
        -106.0120280596766
      ],
      [
        0.005948789518759281,
        0.02370565549235968,
        0.9997012822843327,
        0.8585697405095516
      ],
      [
        0.0,
        0.0,
        0.0,
        1.0
      ]
    ],
    "location": [
      -24.956915112587467,
      -106.0120280596766,
      0.8585697405095516
    ],
    "rotation": [
      0.023708295896265472,
      -0.005948824605374519,
      -1.7666915110109198
    ]
  },
  {
    "label_id": "AQI3XRZueIkfrXZhKao_cw",
    "size": [
      1.8132296860454662,
      5.423299587816903,
      1.854063376721399
    ],
    "obj_class": "vehicle",
    "point_num_in_lidar": 118,
    "speed": 1.1368683772161603e-12,
    "if_vehicle": true,
    "motion_state": false,
    "pose": [
      [
        -0.07515554836629208,
        0.996927003543176,
        -0.02209509348670793,
        -23.34039574533108
      ],
      [
        -0.9971333464762429,
        -0.07493955098754213,
        0.0104476333623735,
        -94.81658707429415
      ],
      [
        0.008759731437147068,
        0.02281695212358566,
        0.9997012822843327,
        0.9358673190333207
      ],
      [
        0.0,
        0.0,
        0.0,
        1.0
      ]
    ],
    "location": [
      -23.34039574533108,
      -94.81658707429415,
      0.9358673190333207
    ],
    "rotation": [
      0.022819808072783537,
      -0.008759843467607381,
      -1.6460256982838486
    ]
  },
  {
    "label_id": "AttAkBqG0g25TyJFzMbL2A",
    "size": [
      1.6414130150036765,
      3.088480793941632,
      1.8600000000000136
    ],
    "obj_class": "vehicle",
    "point_num_in_lidar": 1586,
    "speed": 0.026180983485646517,
    "if_vehicle": true,
    "motion_state": false,
    "pose": [
      [
        -0.5090052056668743,
        0.8604798123418332,
        -0.02209509348670793,
        -9.142131951695774
      ],
      [
        -0.8607604886501218,
        -0.5089029653440121,
        0.0104476333623735,
        -52.32011544699526
      ],
      [
        -0.00225428099986741,
        0.024336483234735858,
        0.9997012822843327,
        0.24860702483977093
      ],
      [
        0.0,
        0.0,
        0.0,
        1.0
      ]
    ],
    "location": [
      -9.142131951695774,
      -52.32011544699526,
      0.24860702483977093
    ],
    "rotation": [
      0.024338948002302463,
      0.0022542829091661875,
      -2.1048265125189034
    ]
  },
  {
    "label_id": "FLTpqSGbVdIk3mkNwhSUnQ",
    "size": [
      0.474171759697793,
      0.08583720200476817,
      0.5454703230236646
    ],
    "obj_class": "sign",
    "point_num_in_lidar": 23,
    "speed": 0.015805415849968522,
    "if_vehicle": false,
    "motion_state": false,
    "pose": [
      [
        0.5184369110734736,
        -0.8548303785432575,
        -0.02209509348670793,
        -9.113532431837939
      ],
      [
        0.855112162191603,
        0.5183377634603976,
        0.0104476333623735,
        -48.78505366254103
      ],
      [
        0.002521766959309683,
        -0.024310221933661502,
        0.9997012822843327,
        1.9269739556092418
      ],
      [
        0.0,
        0.0,
        0.0,
        1.0
      ]
    ],
    "location": [
      -9.113532431837939,
      -48.78505366254103,
      1.9269739556092418
    ],
    "rotation": [
      -0.024312694395755997,
      -0.0025217696320997155,
      1.0257723898024562
    ]
  },
  {
    "label_id": "FcImdUxckIaRffThBbBEZQ",
    "size": [
      0.6573645149789752,
      0.06969596510098991,
      1.2588235294118135
    ],
    "obj_class": "sign",
    "point_num_in_lidar": 43,
    "speed": 0.0025142036962506357,
    "if_vehicle": false,
    "motion_state": false,
    "pose": [
      [
        -0.4925666467829012,
        0.869994198440922,
        -0.02209509348670793,
        -6.969260234490321
      ],
      [
        -0.8702728818182366,
        -0.4924590928482355,
        0.0104476333623735,
        -67.49142486151322
      ],
      [
        -0.0017915492821583786,
        0.024374916414842136,
        0.9997012822843327,
        2.351167219681173
      ],
      [
        0.0,
        0.0,
        0.0,
        1.0
      ]
    ],
    "location": [
      -6.969260234490321,
      -67.49142486151322,
      2.351167219681173
    ],
    "rotation": [
      0.02437736986103255,
      0.0017915502405337724,
      -2.0858337723303553
    ]
  },
  {
    "label_id": "VSJ3Jj4uDz8TUm9Xe159uw",
    "size": [
      1.8939621441214871,
      4.281486616652753,
      1.6899999999999977
    ],
    "obj_class": "vehicle",
    "point_num_in_lidar": 140,
    "speed": 0.026014934758032158,
    "if_vehicle": true,
    "motion_state": false,
    "pose": [
      [
        -0.06248525632902324,
        0.9978012826135823,
        -0.02209509348670793,
        -22.722522910459702
      ],
      [
        -0.9980048650249869,
        -0.06226665515011459,
        0.0104476333623735,
        -87.92117122965647
      ],
      [
        0.009048874402606343,
        0.022703833841595973,
        0.9997012822843327,
        0.7780574321017752
      ],
      [
        0.0,
        0.0,
        0.0,
        1.0
      ]
    ],
    "location": [
      -22.722522910459702,
      -87.92117122965647,
      0.7780574321017752
    ],
    "rotation": [
      0.022706714611826266,
      -0.009048997897338748,
      -1.6333248794257014
    ]
  },
  {
    "label_id": "XcrqP3fEFScklVixzL3o4A",
    "size": [
      0.34826811078826925,
      0.08187213983536704,
      0.2671645781400116
    ],
    "obj_class": "sign",
    "point_num_in_lidar": 41,
    "speed": 0.031201232193918176,
    "if_vehicle": false,
    "motion_state": false,
    "pose": [
      [
        -0.9562200523874066,
        -0.2918133277560141,
        -0.02209509348670793,
        6.126717806502256
      ],
      [
        0.2916478031969952,
        -0.9564687166068173,
        0.0104476333623735,
        -53.20197410250694
      ],
      [
        -0.024182024369188145,
        0.0035462510442625986,
        0.9997012822843327,
        0.785303645889627
      ],
      [
        0.0,
        0.0,
        0.0,
        1.0
      ]
    ],
    "location": [
      6.126717806502256,
      -53.20197410250694,
      0.785303645889627
    ],
    "rotation": [
      0.003547295809828701,
      0.024184381811211728,
      2.8455543815978306
    ]
  },
  {
    "label_id": "ZvjHP6WKm3J0jfaa7zemIA",
    "size": [
      0.31592836819956593,
      0.09096904424234253,
      0.4588021549410257
    ],
    "obj_class": "sign",
    "point_num_in_lidar": 49,
    "speed": 0.022283513964972856,
    "if_vehicle": false,
    "motion_state": false,
    "pose": [
      [
        -0.9503633558364599,
        -0.3103567281807758,
        -0.02209509348670793,
        3.0698807641556414
      ],
      [
        0.31019607148542006,
        -0.9506151924896518,
        0.0104476333623735,
        -54.78071386413467
      ],
      [
        -0.024246424855522263,
        0.003075236704134343,
        0.9997012822843327,
        0.479658245562689
      ],
      [
        0.0,
        0.0,
        0.0,
        1.0
      ]
    ],
    "location": [
      3.0698807641556414,
      -54.78071386413467,
      0.479658245562689
    ],
    "rotation": [
      0.0030761459034184748,
      0.024248801185789308,
      2.8260974277467863
    ]
  },
  {
    "label_id": "aBGdO9872Yc7g6RtMPPSXw",
    "size": [
      1.6021190442628146,
      4.067003794596388,
      1.6100000000000136
    ],
    "obj_class": "vehicle",
    "point_num_in_lidar": 75,
    "speed": 0.0019397893171844277,
    "if_vehicle": true,
    "motion_state": false,
    "pose": [
      [
        -0.0979703812144697,
        0.9949440241784988,
        -0.02209509348670793,
        -23.766748918324538
      ],
      [
        -0.9951552603833124,
        -0.09775916677502602,
        0.0104476333623735,
        -100.484685876605
      ],
      [
        0.008234812451624555,
        0.0230116071352592,
        0.9997012822843327,
        0.9460884600061661
      ],
      [
        0.0,
        0.0,
        0.0,
        1.0
      ]
    ],
    "location": [
      -23.766748918324538,
      -100.484685876605,
      0.9460884600061661
    ],
    "rotation": [
      0.023014419003808448,
      -0.008234905524501884,
      -1.668927449983834
    ]
  }
]