[
  {
    "label_id": "DKAyq8VdQ-2ENdUI9M_pLw",
    "size": [
      1.8703044907491462,
      4.025119694104195,
      1.9000000000000057
    ],
    "obj_class": "vehicle",
    "point_num_in_lidar": 134,
    "speed": 15.121496722264235,
    "if_vehicle": true,
    "motion_state": true,
    "pose": [
      [
        0.9996508172320011,
        -0.026252828356773145,
        0.003005430195815546,
        18.65833114401903
      ],
      [
        0.02634947903308267,
        0.9989047997342024,
        -0.03866401456985698,
        8.172282546675888
      ],
      [
        -0.0019870989097800214,
        0.038729705282157564,
        0.9992477477416098,
        1.2721237484760906
      ],
      [
        0.0,
        0.0,
        0.0,
        1.0
      ]
    ],
    "location": [
      18.65833114401903,
      8.172282546675888,
      1.2721237484760906
    ],
    "rotation": [
      0.03873947070674215,
      0.001987100217479578,
      0.026352581077723015
    ]
  },
  {
    "label_id": "RNclpp668PoWogEcwJ2-qg",
    "size": [
      2.4400034311685883,
      5.487699099832537,
      1.980000000000004
    ],
    "obj_class": "vehicle",
    "point_num_in_lidar": 512,
    "speed": 14.792640004928884,
    "if_vehicle": true,
    "motion_state": true,
    "pose": [
      [
        0.9997912203947744,
        -0.020210962640740935,
        0.003005430195815546,
        -2.584077109131613
      ],
      [
        0.020312120106195503,
        0.9990458006288468,
        -0.03866401456985698,
        7.5392410665981515
      ],
      [
        -0.0022211254622002113,
        0.038716988971266846,
        0.9992477477416098,
        1.2293479422146163
      ],
      [
        0.0,
        0.0,
        0.0,
        1.0
      ]
    ],
    "location": [
      -2.584077109131613,
      7.5392410665981515,
      1.2293479422146163
    ],
    "rotation": [
      0.03872676390529402,
      0.0022211272884870357,
      0.02031356721660627
    ]
  },
  {
    "label_id": "SLnsiKRUrs7uNqSMWRa3Xw",
    "size": [
      0.9606556751763148,
      0.11257730313649715,
      0.9399999999999977
    ],
    "obj_class": "sign",
    "point_num_in_lidar": 32,
    "speed": 0.022191499324745727,
    "if_vehicle": false,
    "motion_state": false,
    "pose": [
      [
        -0.9990251738076724,
        -0.04404167898579583,
        0.003005430195815546,
        36.82403445577893
      ],
      [
        0.04389285628026755,
        -0.9982877897404645,
        -0.03866401456985698,
        0.223218002673093
      ],
      [
        0.004703112385387727,
        -0.03849440696010844,
        0.9992477477416098,
        1.6191213166525813
      ],
      [
        0.0,
        0.0,
        0.0,
        1.0
      ]
    ],
    "location": [
      36.82403445577893,
      0.223218002673093,
      1.6191213166525813
    ],
    "rotation": [
      -0.03850434632162005,
      -0.0047031297237927075,
      3.0976852052908317
    ]
  },
  {
    "label_id": "oP9OvCFew_keTV7DaKVdOA",
    "size": [
      1.956371745263475,
      4.637533959311318,
      1.4599999999999937
    ],
    "obj_class": "vehicle",
    "point_num_in_lidar": 1701,
    "speed": 13.995120167401632,
    "if_vehicle": true,
    "motion_state": true,
    "pose": [
      [
        0.99970551711702,
        -0.024080000729426787,
        0.003005430195815546,
        -17.718031964341208
      ],
      [
        0.024178272664800153,
        0.9989597114540147,
        -0.03866401456985698,
        7.419042139420526
      ],
      [
        -0.0020712741821623565,
        0.038725294790128324,
        0.9992477477416098,
        0.9121237484761622
      ],
      [
        0.0,
        0.0,
        0.0,
        1.0
      ]
    ],
    "location": [
      -17.718031964341208,
      7.419042139420526,
      0.9121237484761622
    ],
    "rotation": [
      0.03873506351436063,
      0.002071275663187268,
      0.024180680889434883
    ]
  },
  {
    "label_id": "xdqc21FJ1X0kJR9VLUUoCg",
    "size": [
      1.9974079787030414,
      4.2429276470435076,
      1.7199999999999989
    ],
    "obj_class": "vehicle",
    "point_num_in_lidar": 35,
    "speed": 14.759549763386214,
    "if_vehicle": true,
    "motion_state": true,
    "pose": [
      [
        0.9997731368643837,
        -0.02108654058132968,
        0.003005430195815546,
        37.00468021083179
      ],
      [
        0.02118704519281637,
        0.9990276287937885,
        -0.03866401456985698,
        8.740449786824684
      ],
      [
        -0.002187217489766445,
        0.038718919315658754,
        0.9992477477416098,
        1.2821237484759678
      ],
      [
        0.0,
        0.0,
        0.0,
        1.0
      ]
    ],
    "location": [
      37.00468021083179,
      8.740449786824684,
      1.2821237484759678
    ],
    "rotation": [
      0.038728692806951875,
      0.002187219233682575,
      0.021188681315132255
    ]
  }
]