[
  {
    "label_id": "DKAyq8VdQ-2ENdUI9M_pLw",
    "size": [
      1.8703044907492052,
      4.025119694104195,
      1.9000000000000057
    ],
    "obj_class": "vehicle",
    "point_num_in_lidar": 61,
    "speed": 15.426648706080798,
    "if_vehicle": true,
    "motion_state": true,
    "pose": [
      [
        0.9998043747123811,
        -0.019684741993334202,
        0.0019295695479897216,
        65.19317705995127
      ],
      [
        0.01973577874740461,
        0.9993089121230824,
        -0.031499161712893575,
        9.177274723670052
      ],
      [
        -0.0013081831745428156,
        0.031531081238000594,
        0.9995019157424083,
        1.2721237484760906
      ],
      [
        0.0,
        0.0,
        0.0,
        1.0
      ]
    ],
    "location": [
      65.19317705995127,
      9.177274723670052,
      1.2721237484760906
    ],
    "rotation": [
      0.031536335318513256,
      0.0013081835476681705,
      0.019737077046810984
    ]
  },
  {
    "label_id": "RNclpp668PoWogEcwJ2-qg",
    "size": [
      2.4400034311682486,
      5.487699099832537,
      1.980000000000004
    ],
    "obj_class": "vehicle",
    "point_num_in_lidar": 279,
    "speed": 14.412882269992949,
    "if_vehicle": true,
    "motion_state": true,
    "pose": [
      [
        0.9996675194918051,
        -0.02571239456878645,
        0.0019295695479897216,
        42.679813481830934
      ],
      [
        0.025760443157226004,
        0.9991717581976225,
        -0.031499161712893575,
        8.627532821636123
      ],
      [
        -0.0011180525232815514,
        0.03153839542225846,
        0.9995019157424083,
        1.2293479422145737
      ],
      [
        0.0,
        0.0,
        0.0,
        1.0
      ]
    ],
    "location": [
      42.679813481830934,
      8.627532821636123,
      1.2293479422145737
    ],
    "rotation": [
      0.031543645870515835,
      0.0011180527562170144,
      0.025763309221400344
    ]
  },
  {
    "label_id": "SLnsiKRUrs7uNqSMWRa3Xw",
    "size": [
      0.9606556751763137,
      0.11257730313649715,
      0.9399999999999977
    ],
    "obj_class": "sign",
    "point_num_in_lidar": 75,
    "speed": 0.02081250123986122,
    "if_vehicle": false,
    "motion_state": false,
    "pose": [
      [
        -0.9990278259262606,
        -0.04404179590353728,
        0.0019295695479897216,
        36.82396093062016
      ],
      [
        0.043959302314634595,
        -0.9985366205359699,
        -0.031499161712893575,
        0.15795446885749698
      ],
      [
        0.0033140255068305506,
        -0.031383716513434586,
        0.9995019157424083,
        1.4915029617189504
      ],
      [
        0.0,
        0.0,
        0.0,
        1.0
      ]
    ],
    "location": [
      36.82396093062016,
      0.15795446885749698,
      1.4915029617189504
    ],
    "rotation": [
      -0.03138904305859057,
      -0.0033140315730544557,
      3.0976189393420412
    ]
  },
  {
    "label_id": "jIEV5FP4G166BNgiqm1UEQ",
    "size": [
      2.163523553351621,
      4.974505882376832,
      1.4699999999999989
    ],
    "obj_class": "vehicle",
    "point_num_in_lidar": 4129,
    "speed": 13.44794209986145,
    "if_vehicle": true,
    "motion_state": true,
    "pose": [
      [
        0.9997357675648044,
        -0.022905715727104446,
        0.0019295695479897216,
        8.69972120681814
      ],
      [
        0.02295515598144336,
        0.9992401431213883,
        -0.031499161712893575,
        8.2310870775882
      ],
      [
        -0.0012065925074582896,
        0.0315351321826387,
        0.9995019157424083,
        0.8418290392544634
      ],
      [
        0.0,
        0.0,
        0.0,
        1.0
      ]
    ],
    "location": [
      8.69972120681814,
      8.2310870775882,
      0.8418290392544634
    ],
    "rotation": [
      0.03154038425185154,
      0.0012065928002312114,
      0.022957189169065275
    ]
  },
  {
    "label_id": "oP9OvCFew_keTV7DaKVdOA",
    "size": [
      1.9563717452647018,
      4.637533959311318,
      1.4599999999999937
    ],
    "obj_class": "vehicle",
    "point_num_in_lidar": 689,
    "speed": 13.874158901705993,
    "if_vehicle": true,
    "motion_state": true,
    "pose": [
      [
        0.9996033621638775,
        -0.028096176110488404,
        0.0019295695479897216,
        25.034718048176728
      ],
      [
        0.02814304234638281,
        0.9991074877003348,
        -0.031499161712893575,
        8.51762862722262
      ],
      [
        -0.00104284138861687,
        0.031540971911051464,
        0.9995019157424083,
        0.9121237484761338
      ],
      [
        0.0,
        0.0,
        0.0,
        1.0
      ]
    ],
    "location": [
      25.034718048176728,
      8.51762862722262,
      0.9121237484761338
    ],
    "rotation": [
      0.03154622107901019,
      0.001042841577635121,
      0.02814677400641527
    ]
  }
]