[
  {
    "label_id": "DKAyq8VdQ-2ENdUI9M_pLw",
    "size": [
      1.8703044907484214,
      4.025119694104195,
      1.9000000000000057
    ],
    "obj_class": "vehicle",
    "point_num_in_lidar": 80,
    "speed": 15.036250581519223,
    "if_vehicle": true,
    "motion_state": true,
    "pose": [
      [
        0.999885026406818,
        -0.01499695765714009,
        0.0022417021360403395,
        45.38225855409564
      ],
      [
        0.01506081970410584,
        0.9993784114085243,
        -0.03187416697600596,
        8.773850262124142
      ],
      [
        -0.0017622931870713164,
        0.03190426416020026,
        0.9994893757570007,
        1.2721237484760763
      ],
      [
        0.0,
        0.0,
        0.0,
        1.0
      ]
    ],
    "location": [
      45.38225855409564,
      8.773850262124142,
      1.2721237484760763
    ],
    "rotation": [
      0.03190972867147115,
      0.0017622940992582424,
      0.01506141252195794
    ]
  },
  {
    "label_id": "RNclpp668PoWogEcwJ2-qg",
    "size": [
      2.4400034311678396,
      5.487699099832537,
      1.980000000000004
    ],
    "obj_class": "vehicle",
    "point_num_in_lidar": 401,
    "speed": 14.553955973473155,
    "if_vehicle": true,
    "motion_state": true,
    "pose": [
      [
        0.9997196162767867,
        -0.02357251795899884,
        0.0022417021360403395,
        23.87588680628778
      ],
      [
        0.02363203237033022,
        0.9992124721627693,
        -0.03187416697600596,
        8.148530532945188
      ],
      [
        -0.0014885823597354003,
        0.031918205955838455,
        0.9994893757570007,
        1.229347942214602
      ],
      [
        0.0,
        0.0,
        0.0,
        1.0
      ]
    ],
    "location": [
      23.87588680628778,
      8.148530532945188,
      1.229347942214602
    ],
    "rotation": [
      0.031923663385168125,
      0.001488582909488627,
      0.02363425875533474
    ]
  },
  {
    "label_id": "SLnsiKRUrs7uNqSMWRa3Xw",
    "size": [
      0.960655675176313,
      0.11257730313649715,
      0.9399999999999977
    ],
    "obj_class": "sign",
    "point_num_in_lidar": 66,
    "speed": 0.02087890620131212,
    "if_vehicle": false,
    "motion_state": false,
    "pose": [
      [
        -0.9990271755615951,
        -0.04404176723242009,
        0.0022417021360403395,
        36.83069582866119
      ],
      [
        0.043948116410127115,
        -0.9985252127731113,
        -0.03187416697600596,
        0.1841540782861557
      ],
      [
        0.0036421907450481642,
        -0.031744640420986375,
        0.9994893757570007,
        1.5507985231302825
      ],
      [
        0.0,
        0.0,
        0.0,
        1.0
      ]
    ],
    "location": [
      36.83069582866119,
      0.1841540782861557,
      1.5507985231302825
    ],
    "rotation": [
      -0.03175018513336734,
      -0.0036421987977088856,
      3.0976300859174684
    ]
  },
  {
    "label_id": "jIEV5FP4G166BNgiqm1UEQ",
    "size": [
      2.163523553350793,
      4.974505882376832,
      1.4699999999999989
    ],
    "obj_class": "vehicle",
    "point_num_in_lidar": 4658,
    "speed": 15.238872272500338,
    "if_vehicle": true,
    "motion_state": true,
    "pose": [
      [
        0.9996030502081111,
        -0.028084102018287965,
        0.0022417021360403395,
        -10.011059474049944
      ],
      [
        0.028141327036736274,
        0.9990956426650037,
        -0.03187416697600596,
        7.720801564786598
      ],
      [
        -0.0013445174791686385,
        0.03192459900498747,
        0.9994893757570007,
        0.8550275491763131
      ],
      [
        0.0,
        0.0,
        0.0,
        1.0
      ]
    ],
    "location": [
      -10.011059474049944,
      7.720801564786598,
      0.8550275491763131
    ],
    "rotation": [
      0.031930053182726306,
      0.0013445178842557827,
      0.02814506815404035
    ]
  },
  {
    "label_id": "oP9OvCFew_keTV7DaKVdOA",
    "size": [
      1.9563717452634404,
      4.637533959311318,
      1.4599999999999937
    ],
    "obj_class": "vehicle",
    "point_num_in_lidar": 1108,
    "speed": 13.77303174439402,
    "if_vehicle": true,
    "motion_state": true,
    "pose": [
      [
        0.9996704466242912,
        -0.0255728941952879,
        0.0022417021360403395,
        7.188504454547001
      ],
      [
        0.02563139369997628,
        0.9991631844381488,
        -0.03187416697600596,
        8.046525026076779
      ],
      [
        -0.0014247115451675263,
        0.03192112068668804,
        0.9994893757570007,
        0.9121237484761622
      ],
      [
        0.0,
        0.0,
        0.0,
        1.0
      ]
    ],
    "location": [
      7.188504454547001,
      8.046525026076779,
      0.9121237484761622
    ],
    "rotation": [
      0.031926576633869844,
      0.0014247120271485914,
      0.025634227054306537
    ]
  },
  {
    "label_id": "xdqc21FJ1X0kJR9VLUUoCg",
    "size": [
      1.997407978703857,
      4.2429276470435076,
      1.7199999999999989
    ],
    "obj_class": "vehicle",
    "point_num_in_lidar": 27,
    "speed": 15.344964559559957,
    "if_vehicle": true,
    "motion_state": true,
    "pose": [
      [
        0.9997007149628718,
        -0.024360937466690977,
        0.0022417021360403395,
        64.30798374133519
      ],
      [
        0.02442005190134223,
        0.9991935240706482,
        -0.03187416697600596,
        9.30433298767548
      ],
      [
        -0.0014634096687214991,
        0.03191936999726857,
        0.9994893757570007,
        1.2821237484760104
      ],
      [
        0.0,
        0.0,
        0.0,
        1.0
      ]
    ],
    "location": [
      64.30798374133519,
      9.30433298767548,
      1.2821237484760104
    ],
    "rotation": [
      0.031924826834745304,
      0.0014634101910538542,
      0.024422505813957877
    ]
  }
]