[
  {
    "label_id": "1tjhDCqHu92m-k2-8mx9gQ",
    "size": [
      1.961239058224189,
      4.35006727820387,
      1.8100000000000023
    ],
    "obj_class": "vehicle",
    "point_num_in_lidar": 1948,
    "speed": 16.418224431941443,
    "if_vehicle": true,
    "motion_state": true,
    "pose": [
      [
        -0.9996452957801983,
        0.026355633178446605,
        0.003829258973102269,
        -39.910970425140476
      ],
      [
        -0.026478086855574675,
        -0.998981506453645,
        -0.036535745237706356,
        13.649171408798793
      ],
      [
        0.002862436198164676,
        -0.03662417730637923,
        0.9993250102422346,
        1.05837538049866
      ],
      [
        0.0,
        0.0,
        0.0,
        1.0
      ]
    ],
    "location": [
      -39.910970425140476,
      13.649171408798793,
      1.05837538049866
    ],
    "rotation": [
      -0.036632519914981086,
      -0.0028624401070938077,
      -3.1151113633280794
    ]
  },
  {
    "label_id": "DKAyq8VdQ-2ENdUI9M_pLw",
    "size": [
      1.8703044907494872,
      4.025119694104195,
      1.9000000000000057
    ],
    "obj_class": "vehicle",
    "point_num_in_lidar": 150,
    "speed": 15.774815748989194,
    "if_vehicle": true,
    "motion_state": true,
    "pose": [
      [
        0.9997558018571164,
        -0.02176403980769355,
        0.003829258973102269,
        -4.590532962757607
      ],
      [
        0.02188954094077476,
        0.9990925819549095,
        -0.036535745237706356,
        7.590935420473215
      ],
      [
        -0.0030306188206535595,
        0.036610643997634994,
        0.9993250102422346,
        1.2721237484761048
      ],
      [
        0.0,
        0.0,
        0.0,
        1.0
      ]
    ],
    "location": [
      -4.590532962757607,
      7.590935420473215,
      1.2721237484761048
    ],
    "rotation": [
      0.036618995623567366,
      0.0030306234598684793,
      0.021891389936036596
    ]
  },
  {
    "label_id": "RNclpp668PoWogEcwJ2-qg",
    "size": [
      2.4400034311677574,
      5.487699099832537,
      1.980000000000004
    ],
    "obj_class": "vehicle",
    "point_num_in_lidar": 663,
    "speed": 14.903520232735655,
    "if_vehicle": true,
    "motion_state": true,
    "pose": [
      [
        0.9995076955126924,
        -0.03114006079993811,
        0.003829258973102269,
        -24.948395046490077
      ],
      [
        0.03125933589500984,
        0.9988433276742296,
        -0.036535745237706356,
        6.958124285220947
      ],
      [
        -0.002687104447146648,
        0.03663745861884789,
        0.9993250102422346,
        1.229347942214602
      ],
      [
        0.0,
        0.0,
        0.0,
        1.0
      ]
    ],
    "location": [
      -24.948395046490077,
      6.958124285220947,
      1.229347942214602
    ],
    "rotation": [
      0.0366457923649915,
      0.002687107680877006,
      0.03126454186803388
    ]
  },
  {
    "label_id": "oP9OvCFew_keTV7DaKVdOA",
    "size": [
      1.9563717452642224,
      4.637533959311318,
      1.4599999999999937
    ],
    "obj_class": "vehicle",
    "point_num_in_lidar": 2001,
    "speed": 14.526574823325019,
    "if_vehicle": true,
    "motion_state": true,
    "pose": [
      [
        0.9996961323663646,
        -0.024351174662611753,
        0.003829258973102269,
        -39.014900178264725
      ],
      [
        0.024474959068679834,
        0.999032589908113,
        -0.036535745237706356,
        6.913961936354099
      ],
      [
        -0.0029358661956151674,
        0.03661836416388792,
        0.9993250102422346,
        0.912123748476148
      ],
      [
        0.0,
        0.0,
        0.0,
        1.0
      ]
    ],
    "location": [
      -39.014900178264725,
      6.913961936354099,
      0.912123748476148
    ],
    "rotation": [
      0.03662671064746621,
      0.0029358704131551582,
      0.024477508751614394
    ]
  },
  {
    "label_id": "xdqc21FJ1X0kJR9VLUUoCg",
    "size": [
      1.9974079787021313,
      4.2429276470435076,
      1.7199999999999989
    ],
    "obj_class": "vehicle",
    "point_num_in_lidar": 40,
    "speed": 14.224306363101917,
    "if_vehicle": true,
    "motion_state": true,
    "pose": [
      [
        0.9998106565219251,
        -0.019078466419343836,
        0.003829258973102269,
        15.423692311560444
      ],
      [
        0.01920574860833958,
        0.9991477761273948,
        -0.036535745237706356,
        8.304584365178016
      ],
      [
        -0.0031289495985677212,
        0.036602371217822616,
        0.9993250102422346,
        1.2821237484760104
      ],
      [
        0.0,
        0.0,
        0.0,
        1.0
      ]
    ],
    "location": [
      15.423692311560444,
      8.304584365178016,
      1.2821237484760104
    ],
    "rotation": [
      0.03661072834936087,
      0.003128954704162769,
      0.019207023545566623
    ]
  }
]