[
  {
    "label_id": "DKAyq8VdQ-2ENdUI9M_pLw",
    "size": [
      1.8703044907481923,
      4.025119694104195,
      1.9000000000000057
    ],
    "obj_class": "vehicle",
    "point_num_in_lidar": 89,
    "speed": 14.935045948528002,
    "if_vehicle": true,
    "motion_state": true,
    "pose": [
      [
        0.9998821674409138,
        -0.015218483378197634,
        0.0020122120484525495,
        40.922487165544226
      ],
      [
        0.015278392043559736,
        0.9992988898148107,
        -0.03418039718098732,
        8.711355097383603
      ],
      [
        -0.00149062745973157,
        0.03420711298186793,
        0.9994136538246924,
        1.2721237484761048
      ],
      [
        0.0,
        0.0,
        0.0,
        1.0
      ]
    ],
    "location": [
      40.922487165544226,
      8.711355097383603,
      1.2721237484761048
    ],
    "rotation": [
      0.03421382563162517,
      0.0014906280117537604,
      0.015279003486049214
    ]
  },
  {
    "label_id": "RNclpp668PoWogEcwJ2-qg",
    "size": [
      2.4400034311682672,
      5.487699099832537,
      1.980000000000004
    ],
    "obj_class": "vehicle",
    "point_num_in_lidar": 416,
    "speed": 14.618272946380916,
    "if_vehicle": true,
    "motion_state": true,
    "pose": [
      [
        0.999712839124096,
        -0.023878657690736993,
        0.0020122120484525495,
        19.50896269437635
      ],
      [
        0.02393351189447256,
        0.9991290644641198,
        -0.03418039718098732,
        8.082636533882578
      ],
      [
        -0.001194277537455598,
        0.03421874120918992,
        0.9994136538246924,
        1.229347942214602
      ],
      [
        0.0,
        0.0,
        0.0,
        1.0
      ]
    ],
    "location": [
      19.50896269437635,
      8.082636533882578,
      1.229347942214602
    ],
    "rotation": [
      0.03422544706197986,
      0.0011942778213552237,
      0.0239358144611473
    ]
  },
  {
    "label_id": "SLnsiKRUrs7uNqSMWRa3Xw",
    "size": [
      0.9606556751763139,
      0.11257730313649715,
      0.9399999999999977
    ],
    "obj_class": "sign",
    "point_num_in_lidar": 58,
    "speed": 0.021249096689960573,
    "if_vehicle": false,
    "motion_state": false,
    "pose": [
      [
        -0.9990276632046451,
        -0.044041788730005096,
        0.0020122120484525495,
        36.830369209549644
      ],
      [
        0.04394743160721564,
        -0.9984489589877287,
        -0.03418039718098732,
        0.19052918177294487
      ],
      [
        0.0035144568563927185,
        -0.03405873077174981,
        0.9994136538246924,
        1.562863163835246
      ],
      [
        0.0,
        0.0,
        0.0,
        1.0
      ]
    ],
    "location": [
      36.830369209549644,
      0.19052918177294487,
      1.562863163835246
    ],
    "rotation": [
      -0.03406552934371412,
      -0.003514464091180764,
      3.097630791494218
    ]
  },
  {
    "label_id": "oP9OvCFew_keTV7DaKVdOA",
    "size": [
      1.9563717452629454,
      4.637533959311318,
      1.4599999999999937
    ],
    "obj_class": "vehicle",
    "point_num_in_lidar": 1219,
    "speed": 13.809193006299012,
    "if_vehicle": true,
    "motion_state": true,
    "pose": [
      [
        0.9996767781789938,
        -0.02534344436612503,
        0.0020122120484525495,
        3.065956619167082
      ],
      [
        0.02539744314504241,
        0.99909292377148,
        -0.03418039718098732,
        7.940114772589368
      ],
      [
        -0.001144137824368248,
        0.034220454371864106,
        0.9994136538246924,
        0.9121237484761906
      ],
      [
        0.0,
        0.0,
        0.0,
        1.0
      ]
    ],
    "location": [
      3.065956619167082,
      7.940114772589368,
      0.9121237484761906
    ],
    "rotation": [
      0.03422715922248934,
      0.0011441380739909243,
      0.02540019091915371
    ]
  },
  {
    "label_id": "xdqc21FJ1X0kJR9VLUUoCg",
    "size": [
      1.9974079787030232,
      4.2429276470435076,
      1.7199999999999989
    ],
    "obj_class": "vehicle",
    "point_num_in_lidar": 28,
    "speed": 15.302834249255653,
    "if_vehicle": true,
    "motion_state": true,
    "pose": [
      [
        0.9997448098527398,
        -0.022500359445594014,
        0.0020122120484525495,
        59.724843980538935
      ],
      [
        0.022556018430656095,
        0.9991611113734891,
        -0.03418039718098732,
        9.195893362001698
      ],
      [
        -0.0012414528040855916,
        0.034217062172448576,
        0.9994136538246924,
        1.2821237484760246
      ],
      [
        0.0,
        0.0,
        0.0,
        1.0
      ]
    ],
    "location": [
      59.724843980538935,
      9.195893362001698,
      1.2821237484760246
    ],
    "rotation": [
      0.03422376900724547,
      0.0012414531229747042,
      0.022557948907353447
    ]
  }
]