[
  {
    "label_id": "DKAyq8VdQ-2ENdUI9M_pLw",
    "size": [
      1.8703044907492894,
      4.025119694104195,
      1.9000000000000057
    ],
    "obj_class": "vehicle",
    "point_num_in_lidar": 136,
    "speed": 15.525378304179027,
    "if_vehicle": true,
    "motion_state": true,
    "pose": [
      [
        0.9996263309185587,
        -0.027334628428279502,
        0.00012893016802905082,
        6.345180892962162
      ],
      [
        0.02732159176351508,
        0.998980009485171,
        -0.03595095648957411,
        7.861164532881048
      ],
      [
        0.0008539073768031662,
        0.035941045306102606,
        0.9993535471015733,
        1.2721237484760621
      ],
      [
        0.0,
        0.0,
        0.0,
        1.0
      ]
    ],
    "location": [
      6.345180892962162,
      7.861164532881048,
      1.2721237484760621
    ],
    "rotation": [
      0.035948800779227276,
      -0.0008539074805754055,
      0.027325001992355203
    ]
  },
  {
    "label_id": "RNclpp668PoWogEcwJ2-qg",
    "size": [
      2.4400034311676086,
      5.487699099832537,
      1.980000000000004
    ],
    "obj_class": "vehicle",
    "point_num_in_lidar": 600,
    "speed": 14.931743162290656,
    "if_vehicle": true,
    "motion_state": true,
    "pose": [
      [
        0.999677432504203,
        -0.025397132098261867,
        0.00012893016802905082,
        -14.489939756890635
      ],
      [
        0.025385348138293698,
        0.9990310870175073,
        -0.03595095648957411,
        7.27436449941888
      ],
      [
        0.0007842459451091661,
        0.03594263281676871,
        0.9993535471015733,
        1.2293479422146163
      ],
      [
        0.0,
        0.0,
        0.0,
        1.0
      ]
    ],
    "location": [
      -14.489939756890635,
      7.27436449941888,
      1.2293479422146163
    ],
    "rotation": [
      0.03595038726470879,
      -0.0007842460254998486,
      0.02538808319193931
    ]
  },
  {
    "label_id": "oP9OvCFew_keTV7DaKVdOA",
    "size": [
      1.9563717452629805,
      4.637533959311318,
      1.4599999999999937
    ],
    "obj_class": "vehicle",
    "point_num_in_lidar": 1932,
    "speed": 14.202642646525792,
    "if_vehicle": true,
    "motion_state": true,
    "pose": [
      [
        0.9997041871438676,
        -0.02432121674651235,
        0.00012893016802905082,
        -29.04016331962339
      ],
      [
        0.024310128421280528,
        0.999057829349045,
        -0.03595095648957411,
        7.168125694205628
      ],
      [
        0.0007455623112186557,
        0.035943456043396396,
        0.9993535471015733,
        0.9121237484761195
      ],
      [
        0.0,
        0.0,
        0.0,
        1.0
      ]
    ],
    "location": [
      -29.04016331962339,
      7.168125694205628,
      0.9121237484761195
    ],
    "rotation": [
      0.035951209959640885,
      -0.0007455623802904434,
      0.02431253029296145
    ]
  },
  {
    "label_id": "xdqc21FJ1X0kJR9VLUUoCg",
    "size": [
      1.9974079787023673,
      4.2429276470435076,
      1.7199999999999989
    ],
    "obj_class": "vehicle",
    "point_num_in_lidar": 36,
    "speed": 14.398960817842847,
    "if_vehicle": true,
    "motion_state": true,
    "pose": [
      [
        0.9998060802678275,
        -0.019692263366466855,
        0.00012893016802905082,
        25.39123196800483
      ],
      [
        0.01968416783695818,
        0.9991596780615454,
        -0.03595095648957411,
        8.493445573559256
      ],
      [
        0.0005791338782887568,
        0.03594652277278704,
        0.9993535471015733,
        1.2821237484759394
      ],
      [
        0.0,
        0.0,
        0.0,
        1.0
      ]
    ],
    "location": [
      25.39123196800483,
      8.493445573559256,
      1.2821237484759394
    ],
    "rotation": [
      0.03595427470790117,
      -0.0005791339106619641,
      0.019685442519434663
    ]
  }
]