[
  {
    "label_id": "DKAyq8VdQ-2ENdUI9M_pLw",
    "size": [
      1.8703044907493338,
      4.025119694104195,
      1.9000000000000057
    ],
    "obj_class": "vehicle",
    "point_num_in_lidar": 49,
    "speed": 15.57043149807175,
    "if_vehicle": true,
    "motion_state": true,
    "pose": [
      [
        0.9997317024500342,
        -0.022993451243031517,
        0.002797197935575526,
        79.14799061502345
      ],
      [
        0.023076610270398343,
        0.9991334131194102,
        -0.03463946949343124,
        9.471647248040426
      ],
      [
        -0.001998292967660454,
        0.03469472565524247,
        0.999395958985688,
        1.2721237484760763
      ],
      [
        0.0,
        0.0,
        0.0,
        1.0
      ]
    ],
    "location": [
      79.14799061502345,
      9.471647248040426,
      1.2721237484760763
    ],
    "rotation": [
      0.034701759220180935,
      0.0019982942975850255,
      0.02307870501257287
    ]
  },
  {
    "label_id": "RNclpp668PoWogEcwJ2-qg",
    "size": [
      2.440003431168662,
      5.487699099832537,
      1.980000000000004
    ],
    "obj_class": "vehicle",
    "point_num_in_lidar": 221,
    "speed": 14.308192942009326,
    "if_vehicle": true,
    "motion_state": true,
    "pose": [
      [
        0.999650995424638,
        -0.026269050805835976,
        0.002797197935575526,
        55.58058449453438
      ],
      [
        0.026350249030723152,
        0.9990524368266326,
        -0.03463946949343124,
        8.967970872333353
      ],
      [
        -0.001884601429813004,
        0.03470108702228055,
        0.999395958985688,
        1.2293479422146163
      ],
      [
        0.0,
        0.0,
        0.0,
        1.0
      ]
    ],
    "location": [
      55.58058449453438,
      8.967970872333353,
      1.2293479422146163
    ],
    "rotation": [
      0.03470811676867599,
      0.0018846025454116858,
      0.026353346114079437
    ]
  },
  {
    "label_id": "SLnsiKRUrs7uNqSMWRa3Xw",
    "size": [
      0.9606556751763141,
      0.11257730313649715,
      0.9399999999999977
    ],
    "obj_class": "sign",
    "point_num_in_lidar": 193,
    "speed": 0.020812501065411933,
    "if_vehicle": false,
    "motion_state": false,
    "pose": [
      [
        -0.999025777371189,
        -0.04404170559368333,
        0.002797197935575526,
        36.81929724531801
      ],
      [
        0.04391864717378866,
        -0.9984344042467879,
        -0.03463946949343124,
        0.13981214025352529
      ],
      [
        0.0043183999717177676,
        -0.03448287378919293,
        0.999395958985688,
        1.4504428244402732
      ],
      [
        0.0,
        0.0,
        0.0,
        1.0
      ]
    ],
    "location": [
      36.81929724531801,
      0.13981214025352529,
      1.4504428244402732
    ],
    "rotation": [
      -0.03449003292283263,
      -0.004318413393833749,
      3.0976594655063954
    ]
  },
  {
    "label_id": "jIEV5FP4G166BNgiqm1UEQ",
    "size": [
      2.16352355335041,
      4.974505882376832,
      1.4699999999999989
    ],
    "obj_class": "vehicle",
    "point_num_in_lidar": 5102,
    "speed": 12.601123593714547,
    "if_vehicle": true,
    "motion_state": true,
    "pose": [
      [
        0.9999431811861641,
        -0.010286402821366229,
        0.002797197935575526,
        20.273191019219666
      ],
      [
        0.010377158553528524,
        0.9993459970068269,
        -0.03463946949343124,
        8.458353462009654
      ],
      [
        -0.0024390530230253005,
        0.03466652828634578,
        0.999395958985688,
        0.8470283939134333
      ],
      [
        0.0,
        0.0,
        0.0,
        1.0
      ]
    ],
    "location": [
      20.273191019219666,
      8.458353462009654,
      0.8470283939134333
    ],
    "rotation": [
      0.03467357874356049,
      0.002439055441344574,
      0.010377375675885502
    ]
  },
  {
    "label_id": "oP9OvCFew_keTV7DaKVdOA",
    "size": [
      1.9563717452643568,
      4.637533959311318,
      1.4599999999999937
    ],
    "obj_class": "vehicle",
    "point_num_in_lidar": 423,
    "speed": 14.160864836611283,
    "if_vehicle": true,
    "motion_state": true,
    "pose": [
      [
        0.9996440433609707,
        -0.02653228706009024,
        0.002797197935575526,
        37.69772797592577
      ],
      [
        0.026613327664284384,
        0.9990454634018651,
        -0.03463946949343124,
        8.832224106269678
      ],
      [
        -0.0018754635595648347,
        0.03470158208949392,
        0.999395958985688,
        0.912123748476148
      ],
      [
        0.0,
        0.0,
        0.0,
        1.0
      ]
    ],
    "location": [
      37.69772797592577,
      8.832224106269678,
      0.912123748476148
    ],
    "rotation": [
      0.03470861153859724,
      0.0018754646590144395,
      0.026616517053829614
    ]
  },
  {
    "label_id": "oltlnXUGjkBTDqRpmRp9-A",
    "size": [
      0.5749823619918242,
      0.09466475790227624,
      0.7099999999999937
    ],
    "obj_class": "sign",
    "point_num_in_lidar": 23,
    "speed": 0.002333583697680566,
    "if_vehicle": false,
    "motion_state": false,
    "pose": [
      [
        -0.9996629315178953,
        0.02581083169440699,
        0.002797197935575526,
        70.10989791533211
      ],
      [
        -0.02589230427585569,
        -0.9990644102021153,
        -0.03463946949343124,
        4.058672614216448
      ],
      [
        0.0019005073886458374,
        -0.03470021952009589,
        0.999395958985688,
        0.9527537122656184
      ],
      [
        0.0,
        0.0,
        0.0,
        1.0
      ]
    ],
    "location": [
      70.10989791533211,
      4.058672614216448,
      0.9527537122656184
    ],
    "rotation": [
      -0.03470724978739285,
      -0.0019005085327304448,
      -3.115697408581657
    ]
  }
]