[
  {
    "label_id": "DKAyq8VdQ-2ENdUI9M_pLw",
    "size": [
      1.8703044907494115,
      4.025119694104195,
      1.9000000000000057
    ],
    "obj_class": "vehicle",
    "point_num_in_lidar": 53,
    "speed": 15.525263509979847,
    "if_vehicle": true,
    "motion_state": true,
    "pose": [
      [
        0.9997408560455973,
        -0.022619284345910002,
        0.002566851942622208,
        74.57360298466938
      ],
      [
        0.022692622852650172,
        0.9991812085531315,
        -0.03349563169087304,
        9.366100069318236
      ],
      [
        -0.00180710300864448,
        0.03354520010347396,
        0.9994355676724408,
        1.2721237484760621
      ],
      [
        0.0,
        0.0,
        0.0,
        1.0
      ]
    ],
    "location": [
      74.57360298466938,
      9.366100069318236,
      1.2721237484760621
    ],
    "rotation": [
      0.033551549388285855,
      0.0018071039921982667,
      0.02269460798026537
    ]
  },
  {
    "label_id": "RNclpp668PoWogEcwJ2-qg",
    "size": [
      2.4400034311676797,
      5.487699099832537,
      1.980000000000004
    ],
    "obj_class": "vehicle",
    "point_num_in_lidar": 244,
    "speed": 14.334967265121863,
    "if_vehicle": true,
    "motion_state": true,
    "pose": [
      [
        0.9996541690038783,
        -0.0261716194430189,
        0.002566851942622208,
        51.292113076699934
      ],
      [
        0.026242968836052264,
        0.9990942644437006,
        -0.03349563169087304,
        8.85366715154396
      ],
      [
        -0.0016878921279329666,
        0.033551409678736654,
        0.9994355676724408,
        1.2293479422145879
      ],
      [
        0.0,
        0.0,
        0.0,
        1.0
      ]
    ],
    "location": [
      51.292113076699934,
      8.85366715154396,
      1.2293479422145879
    ],
    "rotation": [
      0.03355775547763745,
      0.001687892929395767,
      0.026246019392394775
    ]
  },
  {
    "label_id": "SLnsiKRUrs7uNqSMWRa3Xw",
    "size": [
      0.960655675176314,
      0.11257730313649715,
      0.9399999999999977
    ],
    "obj_class": "sign",
    "point_num_in_lidar": 166,
    "speed": 0.02081250158839433,
    "if_vehicle": false,
    "motion_state": false,
    "pose": [
      [
        -0.9990263945676567,
        -0.044041732802573764,
        0.002566851942622208,
        36.82085168889898
      ],
      [
        0.04393126905773153,
        -0.9984728770760909,
        -0.03349563169087304,
        0.14585912336406182
      ],
      [
        0.004038137705161201,
        -0.03335025509857634,
        0.9994355676724408,
        1.4641284963298489
      ],
      [
        0.0,
        0.0,
        0.0,
        1.0
      ]
    ],
    "location": [
      36.82085168889898,
      0.14585912336406182,
      1.4641284963298489
    ],
    "rotation": [
      -0.03335671250872326,
      -0.004038148679928255,
      3.097646882805496
    ]
  },
  {
    "label_id": "jIEV5FP4G166BNgiqm1UEQ",
    "size": [
      2.163523553350907,
      4.974505882376832,
      1.4699999999999989
    ],
    "obj_class": "vehicle",
    "point_num_in_lidar": 4505,
    "speed": 12.788897020087363,
    "if_vehicle": true,
    "motion_state": true,
    "pose": [
      [
        0.9998698552720567,
        -0.015927453950368205,
        0.002566851942622208,
        16.51888072969814
      ],
      [
        0.016004536567664512,
        0.9993107111738988,
        -0.03349563169087304,
        8.382117096130969
      ],
      [
        -0.0020315825089650286,
        0.033532353686778815,
        0.9994355676724408,
        0.8410285102624897
      ],
      [
        0.0,
        0.0,
        0.0,
        1.0
      ]
    ],
    "location": [
      16.51888072969814,
      8.382117096130969,
      0.8410285102624897
    ],
    "rotation": [
      0.03353871017506341,
      0.002031583906468681,
      0.01600525292625819
    ]
  },
  {
    "label_id": "oP9OvCFew_keTV7DaKVdOA",
    "size": [
      1.9563717452632743,
      4.637533959311318,
      1.4599999999999937
    ],
    "obj_class": "vehicle",
    "point_num_in_lidar": 531,
    "speed": 14.092572422760876,
    "if_vehicle": true,
    "motion_state": true,
    "pose": [
      [
        0.9996366322687719,
        -0.026833089599462366,
        0.002566851942622208,
        33.42402337992644
      ],
      [
        0.026904068485382928,
        0.9990766806189417,
        -0.03349563169087304,
        8.721295973873566
      ],
      [
        -0.0016656906321234908,
        0.03355251921963562,
        0.9994355676724408,
        0.9121237484761338
      ],
      [
        0.0,
        0.0,
        0.0,
        1.0
      ]
    ],
    "location": [
      33.42402337992644,
      8.721295973873566,
      0.9121237484761338
    ],
    "rotation": [
      0.03355886439539366,
      0.0016656914023745809,
      0.02690735253668003
    ]
  }
]