[
  {
    "label_id": "DKAyq8VdQ-2ENdUI9M_pLw",
    "size": [
      1.8703044907487405,
      4.025119694104195,
      1.9000000000000057
    ],
    "obj_class": "vehicle",
    "point_num_in_lidar": 98,
    "speed": 14.861065018057761,
    "if_vehicle": true,
    "motion_state": true,
    "pose": [
      [
        0.9998284428950139,
        -0.018335383613638623,
        0.0026264968822378447,
        37.91521447590003
      ],
      [
        0.018417316965252627,
        0.9991963119117653,
        -0.035602425447261006,
        8.673414514148135
      ],
      [
        -0.0019716018698283043,
        0.03564469062380921,
        0.9993625812568728,
        1.2721237484760906
      ],
      [
        0.0,
        0.0,
        0.0,
        1.0
      ]
    ],
    "location": [
      37.91521447590003,
      8.673414514148135,
      1.2721237484760906
    ],
    "rotation": [
      0.03565231229059757,
      0.001971603147170249,
      0.018418394111254774
    ]
  },
  {
    "label_id": "RNclpp668PoWogEcwJ2-qg",
    "size": [
      2.440003431168967,
      5.487699099832537,
      1.980000000000004
    ],
    "obj_class": "vehicle",
    "point_num_in_lidar": 438,
    "speed": 14.663421704459628,
    "if_vehicle": true,
    "motion_state": true,
    "pose": [
      [
        0.9997048686047859,
        -0.02415113252034942,
        0.0026264968822378447,
        16.577313217051596
      ],
      [
        0.02422938734370057,
        0.9990722717057166,
        -0.035602425447261006,
        8.016431120153356
      ],
      [
        -0.0017642213117426847,
        0.035655556464082507,
        0.9993625812568728,
        1.229347942214602
      ],
      [
        0.0,
        0.0,
        0.0,
        1.0
      ]
    ],
    "location": [
      16.577313217051596,
      8.016431120153356,
      1.229347942214602
    ],
    "rotation": [
      0.03566317124278548,
      0.0017642222269269611,
      0.024231796385060338
    ]
  },
  {
    "label_id": "SLnsiKRUrs7uNqSMWRa3Xw",
    "size": [
      0.9606556751763123,
      0.11257730313649715,
      0.9399999999999977
    ],
    "obj_class": "sign",
    "point_num_in_lidar": 57,
    "speed": 0.021583156875109675,
    "if_vehicle": false,
    "motion_state": false,
    "pose": [
      [
        -0.9990262398389272,
        -0.044041725981410124,
        0.0026264968822378447,
        36.82952447579282
      ],
      [
        0.043920537341539966,
        -0.9984004475669582,
        -0.035602425447261006,
        0.1948882068400053
      ],
      [
        0.004190287928581337,
        -0.035452400069329135,
        0.9993625812568728,
        1.5703651382602999
      ],
      [
        0.0,
        0.0,
        0.0,
        1.0
      ]
    ],
    "location": [
      36.82952447579282,
      0.1948882068400053,
      1.5703651382602999
    ],
    "rotation": [
      -0.03546014224392061,
      -0.0041903001912156875,
      3.097657597457227
    ]
  },
  {
    "label_id": "oP9OvCFew_keTV7DaKVdOA",
    "size": [
      1.956371745263189,
      4.637533959311318,
      1.4599999999999937
    ],
    "obj_class": "vehicle",
    "point_num_in_lidar": 1248,
    "speed": 13.830473701105555,
    "if_vehicle": true,
    "motion_state": true,
    "pose": [
      [
        0.9996810290591155,
        -0.025118551977284447,
        0.0026264968822378447,
        0.3013781813951937
      ],
      [
        0.02519619458961961,
        0.9990483567277784,
        -0.035602425447261006,
        7.868894327169073
      ],
      [
        -0.0017297160200359322,
        0.035657247034652215,
        0.9993625812568728,
        0.9121237484761622
      ],
      [
        0.0,
        0.0,
        0.0,
        1.0
      ]
    ],
    "location": [
      0.3013781813951937,
      7.868894327169073,
      0.9121237484761622
    ],
    "rotation": [
      0.035664860740910506,
      0.0017297168825650348,
      0.025198899015934754
    ]
  },
  {
    "label_id": "xdqc21FJ1X0kJR9VLUUoCg",
    "size": [
      1.9974079787032155,
      4.2429276470435076,
      1.7199999999999989
    ],
    "obj_class": "vehicle",
    "point_num_in_lidar": 32,
    "speed": 15.272274658719967,
    "if_vehicle": true,
    "motion_state": true,
    "pose": [
      [
        0.9997705350486714,
        -0.021259792158457563,
        0.0026264968822378447,
        56.669171088728035
      ],
      [
        0.02133987618354303,
        0.9991381671154111,
        -0.035602425447261006,
        9.123594448622498
      ],
      [
        -0.0018673331155077127,
        0.035650305056701984,
        0.9993625812568728,
        1.2821237484760104
      ],
      [
        0.0,
        0.0,
        0.0,
        1.0
      ]
    ],
    "location": [
      56.669171088728035,
      9.123594448622498,
      1.2821237484760104
    ],
    "rotation": [
      0.03565792316543332,
      0.001867334200720315,
      0.021341533391632
    ]
  }
]