[
  {
    "label_id": "DKAyq8VdQ-2ENdUI9M_pLw",
    "size": [
      1.8703044907490072,
      4.025119694104195,
      1.9000000000000057
    ],
    "obj_class": "vehicle",
    "point_num_in_lidar": 84,
    "speed": 15.007276034171797,
    "if_vehicle": true,
    "motion_state": true,
    "pose": [
      [
        0.999894329798328,
        -0.014328372818699218,
        0.002454988700694216,
        43.904577043955214
      ],
      [
        0.014401085914739415,
        0.9993604251620205,
        -0.03273147330111947,
        8.752093148504173
      ],
      [
        -0.0019844297993299887,
        0.03276336906293313,
        0.9994611666723312,
        1.2721237484760763
      ],
      [
        0.0,
        0.0,
        0.0,
        1.0
      ]
    ],
    "location": [
      43.904577043955214,
      8.752093148504173,
      1.2721237484760763
    ],
    "rotation": [
      0.03276929801760032,
      0.001984431101767031,
      0.014401612096283246
    ]
  },
  {
    "label_id": "RNclpp668PoWogEcwJ2-qg",
    "size": [
      2.440003431168164,
      5.487699099832537,
      1.980000000000004
    ],
    "obj_class": "vehicle",
    "point_num_in_lidar": 411,
    "speed": 14.574468994429257,
    "if_vehicle": true,
    "motion_state": true,
    "pose": [
      [
        0.9997167049746513,
        -0.02367451847673687,
        0.002454988700694216,
        22.42068142054177
      ],
      [
        0.02374223758373442,
        0.9991821439607773,
        -0.03273147330111947,
        8.126572445315105
      ],
      [
        -0.0016780790039209576,
        0.03278048756255819,
        0.9994611666723312,
        1.2293479422146163
      ],
      [
        0.0,
        0.0,
        0.0,
        1.0
      ]
    ],
    "location": [
      22.42068142054177,
      8.126572445315105,
      1.2293479422146163
    ],
    "rotation": [
      0.03278640735098556,
      0.0016780797914861447,
      0.023744502146563325
    ]
  },
  {
    "label_id": "SLnsiKRUrs7uNqSMWRa3Xw",
    "size": [
      0.960655675176314,
      0.11257730313649715,
      0.9399999999999977
    ],
    "obj_class": "sign",
    "point_num_in_lidar": 69,
    "speed": 0.02097720970157495,
    "if_vehicle": false,
    "motion_state": false,
    "pose": [
      [
        -0.9990266751756874,
        -0.04404174517308149,
        0.002454988700694216,
        36.83121400370146
      ],
      [
        0.04393800164076168,
        -0.9984979232163451,
        -0.03273147330111947,
        0.18616984505297296
      ],
      [
        0.003892852325430193,
        -0.03259174764806001,
        0.9994611666723312,
        1.5553606530473303
      ],
      [
        0.0,
        0.0,
        0.0,
        1.0
      ]
    ],
    "location": [
      36.83121400370146,
      0.18616984505297296,
      1.5553606530473303
    ],
    "rotation": [
      -0.03259776743976817,
      -0.0038928621577387426,
      3.097640168999201
    ]
  },
  {
    "label_id": "jIEV5FP4G166BNgiqm1UEQ",
    "size": [
      2.1635235533517845,
      4.974505882376832,
      1.4699999999999989
    ],
    "obj_class": "vehicle",
    "point_num_in_lidar": 4607,
    "speed": 15.336123598036398,
    "if_vehicle": true,
    "motion_state": true,
    "pose": [
      [
        0.9996005090910716,
        -0.028156620098118038,
        0.002454988700694216,
        -11.533343560415233
      ],
      [
        0.028221941761458164,
        0.99906564982425,
        -0.03273147330111947,
        7.677700867734529
      ],
      [
        -0.001531087222578944,
        0.03278768192323587,
        0.9994611666723312,
        0.8590266357923895
      ],
      [
        0.0,
        0.0,
        0.0,
        1.0
      ]
    ],
    "location": [
      -11.533343560415233,
      7.677700867734529,
      0.8590266357923895
    ],
    "rotation": [
      0.03279359785365413,
      0.0015310878207825194,
      0.028225722556693873
    ]
  },
  {
    "label_id": "oP9OvCFew_keTV7DaKVdOA",
    "size": [
      1.9563717452635871,
      4.637533959311318,
      1.4599999999999937
    ],
    "obj_class": "vehicle",
    "point_num_in_lidar": 1188,
    "speed": 13.784500015971975,
    "if_vehicle": true,
    "motion_state": true,
    "pose": [
      [
        0.9996718990480873,
        -0.025496417082991454,
        0.002454988700694216,
        5.814733429609987
      ],
      [
        0.02556316186455744,
        0.9991372155069714,
        -0.03273147330111947,
        8.011065565366152
      ],
      [
        -0.001618335279486556,
        0.03278349134710337,
        0.9994611666723312,
        0.9121237484762048
      ],
      [
        0.0,
        0.0,
        0.0,
        1.0
      ]
    ],
    "location": [
      5.814733429609987,
      8.011065565366152,
      0.9121237484762048
    ],
    "rotation": [
      0.03278940952514987,
      0.0016183359858931864,
      0.02556598031858715
    ]
  },
  {
    "label_id": "xdqc21FJ1X0kJR9VLUUoCg",
    "size": [
      1.9974079787039802,
      4.2429276470435076,
      1.7199999999999989
    ],
    "obj_class": "vehicle",
    "point_num_in_lidar": 29,
    "speed": 15.329388178108585,
    "if_vehicle": true,
    "motion_state": true,
    "pose": [
      [
        0.9997151302023757,
        -0.023740924053755413,
        0.002454988700694216,
        62.78072805916145
      ],
      [
        0.023808607652683854,
        0.9991805646914769,
        -0.03273147330111947,
        9.26819727217844
      ],
      [
        -0.0016759015744614418,
        0.03278059895571084,
        0.9994611666723312,
        1.2821237484760246
      ],
      [
        0.0,
        0.0,
        0.0,
        1.0
      ]
    ],
    "location": [
      62.78072805916145,
      9.26819727217844,
      1.2821237484760246
    ],
    "rotation": [
      0.032786518684428965,
      0.0016759023589648335,
      0.02381089098857385
    ]
  }
]