[
  {
    "label_id": "DKAyq8VdQ-2ENdUI9M_pLw",
    "size": [
      1.870304490748348,
      4.025119694104195,
      1.9000000000000057
    ],
    "obj_class": "vehicle",
    "point_num_in_lidar": 136,
    "speed": 15.485336968972133,
    "if_vehicle": true,
    "motion_state": true,
    "pose": [
      [
        0.9996208145703744,
        -0.027532816560825013,
        0.00041363013553344434,
        7.876410472435964
      ],
      [
        0.02752977786437909,
        0.9989676095613234,
        -0.03613621975350149,
        7.910581266693043
      ],
      [
        0.0005817288019384465,
        0.03613390457123846,
        0.99934678792301,
        1.2721237484761048
      ],
      [
        0.0,
        0.0,
        0.0,
        1.0
      ]
    ],
    "location": [
      7.876410472435964,
      7.910581266693043,
      1.2721237484761048
    ],
    "rotation": [
      0.03614177840608113,
      -0.0005817288347487703,
      0.027533261128593892
    ]
  },
  {
    "label_id": "RNclpp668PoWogEcwJ2-qg",
    "size": [
      2.440003431167542,
      5.487699099832537,
      1.980000000000004
    ],
    "obj_class": "vehicle",
    "point_num_in_lidar": 566,
    "speed": 14.915068481845607,
    "if_vehicle": true,
    "motion_state": true,
    "pose": [
      [
        0.9996978609152899,
        -0.02457673272639929,
        0.00041363013553344434,
        -12.993035352770676
      ],
      [
        0.02457562562580301,
        0.9990446497764888,
        -0.03613621975350149,
        7.320257857916658
      ],
      [
        0.0004748752407332248,
        0.0361354668084987,
        0.99934678792301,
        1.2293479422146731
      ],
      [
        0.0,
        0.0,
        0.0,
        1.0
      ]
    ],
    "location": [
      -12.993035352770676,
      7.320257857916658,
      1.2293479422146731
    ],
    "rotation": [
      0.03614333962330932,
      -0.00047487525858113506,
      0.024578102858303637
    ]
  },
  {
    "label_id": "SLnsiKRUrs7uNqSMWRa3Xw",
    "size": [
      0.9606556751763123,
      0.11257730313649715,
      0.9399999999999977
    ],
    "obj_class": "sign",
    "point_num_in_lidar": 22,
    "speed": 0.02219149951122025,
    "if_vehicle": false,
    "motion_state": false,
    "pose": [
      [
        -0.9990296002790147,
        -0.044041874125238446,
        0.00041363013553344434,
        36.8210799445942
      ],
      [
        0.0439981804439293,
        -0.9983778511863883,
        -0.03613621975350149,
        0.2384639759957281
      ],
      [
        0.0020044660076454822,
        -0.036082954202594976,
        0.99934678792301,
        1.6453599595121062
      ],
      [
        0.0,
        0.0,
        0.0,
        1.0
      ]
    ],
    "location": [
      36.8210799445942,
      0.2384639759957281,
      1.6453599595121062
    ],
    "rotation": [
      -0.03609086120790658,
      -0.0020044673499332176,
      3.097580176717623
    ]
  },
  {
    "label_id": "oP9OvCFew_keTV7DaKVdOA",
    "size": [
      1.9563717452634806,
      4.637533959311318,
      1.4599999999999937
    ],
    "obj_class": "vehicle",
    "point_num_in_lidar": 1892,
    "speed": 14.175959184807716,
    "if_vehicle": true,
    "motion_state": true,
    "pose": [
      [
        0.9997048426306696,
        -0.024291079245251396,
        0.00041363013553344434,
        -27.62502516036602
      ],
      [
        0.02429015879247426,
        0.9990516312021932,
        -0.03613621975350149,
        7.199487407410743
      ],
      [
        0.0004645499160370516,
        0.036135601023614954,
        0.99934678792301,
        0.912123748476219
      ],
      [
        0.0,
        0.0,
        0.0,
        1.0
      ]
    ],
    "location": [
      -27.62502516036602,
      7.199487407410743,
      0.912123748476219
    ],
    "rotation": [
      0.036143473750784236,
      -0.00046454993274587807,
      0.024292550628749597
    ]
  },
  {
    "label_id": "xdqc21FJ1X0kJR9VLUUoCg",
    "size": [
      1.9974079787024024,
      4.2429276470435076,
      1.7199999999999989
    ],
    "obj_class": "vehicle",
    "point_num_in_lidar": 37,
    "speed": 14.438979924475037,
    "if_vehicle": true,
    "motion_state": true,
    "pose": [
      [
        0.9998025551632486,
        -0.019866544720969395,
        0.00041363013553344434,
        26.842781438088423
      ],
      [
        0.019868515131592157,
        0.9991493460581318,
        -0.03613621975350149,
        8.524318302088432
      ],
      [
        0.00030462354635153754,
        0.03613730306009817,
        0.99934678792301,
        1.282123748476053
      ],
      [
        0.0,
        0.0,
        0.0,
        1.0
      ]
    ],
    "location": [
      26.842781438088423,
      8.524318302088432,
      1.282123748476053
    ],
    "rotation": [
      0.036145174675739127,
      -0.0003046235510628204,
      0.019869823494760713
    ]
  }
]