[
  {
    "label_id": "6psW1wQYXnOuX4uHcX4ojw",
    "size": [
      2.22180245462544,
      5.503953301999235,
      1.9300000000000068
    ],
    "obj_class": "vehicle",
    "point_num_in_lidar": 30,
    "speed": 3.1776437161565096e-13,
    "if_vehicle": true,
    "motion_state": false,
    "pose": [
      [
        -0.31480626342823825,
        -0.9491412267253945,
        0.005286609174482775,
        77.39040634705088
      ],
      [
        0.9490452681021703,
        -0.3148497283146239,
        -0.013517680018675676,
        -63.74538812707033
      ],
      [
        0.014494674857698685,
        0.0007617810844505495,
        0.9998946564965476,
        0.9263972014389452
      ],
      [
        0.0,
        0.0,
        0.0,
        1.0
      ]
    ],
    "location": [
      77.39040634705088,
      -63.74538812707033,
      0.9263972014389452
    ],
    "rotation": [
      0.0007618611941903898,
      -0.01449518245025613,
      1.891083706213387
    ]
  },
  {
    "label_id": "9pzMzUwtpam_fxj_e07WDA",
    "size": [
      1.80349632064141,
      3.7104076065063856,
      1.6700000000000017
    ],
    "obj_class": "vehicle",
    "point_num_in_lidar": 38,
    "speed": 7.4680482346892925,
    "if_vehicle": true,
    "motion_state": true,
    "pose": [
      [
        0.08788640031201794,
        0.9961164753198454,
        0.005286609174482775,
        56.29642662896822
      ],
      [
        -0.9960330976904415,
        0.08795078528413575,
        -0.013517680018675676,
        -65.08334270064461
      ],
      [
        -0.013930145203090792,
        -0.004077617474927688,
        0.9998946564965476,
        0.5983150564366468
      ],
      [
        0.0,
        0.0,
        0.0,
        1.0
      ]
    ],
    "location": [
      56.29642662896822,
      -65.08334270064461,
      0.5983150564366468
    ],
    "rotation": [
      -0.0040780244643086145,
      0.013930595764100075,
      -1.4827878305334334
    ]
  },
  {
    "label_id": "NpgYXf4XTJ6kqOYVa3hU7A",
    "size": [
      2.1185624724448586,
      5.685590765586477,
      2.1400000000000006
    ],
    "obj_class": "vehicle",
    "point_num_in_lidar": 204,
    "speed": 1.1718571004216928e-12,
    "if_vehicle": true,
    "motion_state": false,
    "pose": [
      [
        -0.0050532742888175965,
        0.9999732577336247,
        0.005286609174482775,
        112.85428465506448
      ],
      [
        -0.9998962235040701,
        -0.004981420400985793,
        -0.013517680018675676,
        28.295445662858583
      ],
      [
        -0.013490983702482034,
        -0.005354369093590133,
        0.9998946564965476,
        1.0843732050236525
      ],
      [
        0.0,
        0.0,
        0.0,
        1.0
      ]
    ],
    "location": [
      112.85428465506448,
      28.295445662858583,
      1.0843732050236525
    ],
    "rotation": [
      -0.005354882017105788,
      0.01349139297744226,
      -1.5758500825237405
    ]
  },
  {
    "label_id": "QESI1jS0XVIsWcnGiECNUg",
    "size": [
      2.1182929520036358,
      4.818602762864446,
      1.5699999999999932
    ],
    "obj_class": "vehicle",
    "point_num_in_lidar": 3967,
    "speed": 13.25742601873872,
    "if_vehicle": true,
    "motion_state": true,
    "pose": [
      [
        0.9996668376483167,
        -0.02526391635614456,
        0.005286609174482775,
        52.46420752383801
      ],
      [
        0.02533340187311939,
        0.999587660526303,
        -0.013517680018675676,
        9.030114723135739
      ],
      [
        -0.004942919759517176,
        0.013647104231374644,
        0.9998946564965476,
        0.8078776754660595
      ],
      [
        0.0,
        0.0,
        0.0,
        1.0
      ]
    ],
    "location": [
      52.46420752383801,
      9.030114723135739,
      0.8078776754660595
    ],
    "rotation": [
      0.013647694615570461,
      0.004942939887683194,
      0.025336421990028276
    ]
  },
  {
    "label_id": "RNclpp668PoWogEcwJ2-qg",
    "size": [
      2.440003431168429,
      5.487699099832537,
      1.980000000000004
    ],
    "obj_class": "vehicle",
    "point_num_in_lidar": 35,
    "speed": 14.457374154876545,
    "if_vehicle": true,
    "motion_state": true,
    "pose": [
      [
        0.9995676584472227,
        -0.02892313865700947,
        0.005286609174482775,
        114.64383984798951
      ],
      [
        0.028992333871771594,
        0.9994882274962423,
        -0.013517680018675676,
        10.576817260812277
      ],
      [
        -0.004892929899767918,
        0.013665106902142631,
        0.9998946564965476,
        1.229347942214602
      ],
      [
        0.0,
        0.0,
        0.0,
        1.0
      ]
    ],
    "location": [
      114.64383984798951,
      10.576817260812277,
      1.229347942214602
    ],
    "rotation": [
      0.013665695825263238,
      0.004892949423390774,
      0.028996744220905292
    ]
  },
  {
    "label_id": "a1nFRvrGYOqYo7ZueXMtwg",
    "size": [
      2.3466301194113615,
      5.022091046558212,
      1.9699999999999989
    ],
    "obj_class": "vehicle",
    "point_num_in_lidar": 930,
    "speed": 20.291334694106876,
    "if_vehicle": true,
    "motion_state": true,
    "pose": [
      [
        -0.9997707878137199,
        0.020746652688332517,
        0.005286609174482775,
        62.68032474809752
      ],
      [
        -0.02081649525867206,
        -0.9996919254710716,
        -0.013517680018675676,
        18.92143964506704
      ],
      [
        0.005004533892352241,
        -0.013624630276500233,
        0.9998946564965476,
        0.9835437128581503
      ],
      [
        0.0,
        0.0,
        0.0,
        1.0
      ]
    ],
    "location": [
      62.68032474809752,
      18.92143964506704,
      0.9835437128581503
    ],
    "rotation": [
      -0.013625222472243024,
      -0.005004554782646078,
      -3.120774393908438
    ]
  },
  {
    "label_id": "deOt1uW-CDcOIl6RjgwiVg",
    "size": [
      2.1831293939110266,
      5.766092181557948,
      1.8799999999999955
    ],
    "obj_class": "vehicle",
    "point_num_in_lidar": 55,
    "speed": 7.105427357601002e-13,
    "if_vehicle": true,
    "motion_state": false,
    "pose": [
      [
        0.9654365381566208,
        0.2605846168821099,
        0.005286609174482775,
        70.60536427340139
      ],
      [
        -0.2604954536809812,
        0.965380438448207,
        -0.013517680018675676,
        -60.06604434185556
      ],
      [
        -0.008626088551568049,
        0.011673324545798242,
        0.9998946564965476,
        0.7663972014388492
      ],
      [
        0.0,
        0.0,
        0.0,
        1.0
      ]
    ],
    "location": [
      70.60536427340139,
      -60.06604434185556,
      0.7663972014388492
    ],
    "rotation": [
      0.011674024032308633,
      0.008626195532167815,
      -0.2635453770750045
    ]
  },
  {
    "label_id": "fgSxJZzy5NVmHIlLOT-_5Q",
    "size": [
      0.934212964329198,
      0.12607120295334218,
      0.7800000000000011
    ],
    "obj_class": "sign",
    "point_num_in_lidar": 69,
    "speed": 0.029869823236435677,
    "if_vehicle": false,
    "motion_state": false,
    "pose": [
      [
        0.021969609648952983,
        0.9997446614087564,
        0.005286609174482775,
        61.97265226610034
      ],
      [
        -0.9996657136899864,
        0.022039355698451377,
        -0.013517680018675676,
        -4.232608306717339
      ],
      [
        -0.013630741893337947,
        -0.004987863780039597,
        0.9998946564965476,
        2.4763972014387434
      ],
      [
        0.0,
        0.0,
        0.0,
        1.0
      ]
    ],
    "location": [
      61.97265226610034,
      -4.232608306717339,
      2.4763972014387434
    ],
    "rotation": [
      -0.004988347897988066,
      0.013631164020740666,
      -1.5488229077171833
    ]
  },
  {
    "label_id": "jIEV5FP4G166BNgiqm1UEQ",
    "size": [
      2.163523553351169,
      4.974505882376832,
      1.4699999999999989
    ],
    "obj_class": "vehicle",
    "point_num_in_lidar": 296,
    "speed": 14.257795809898997,
    "if_vehicle": true,
    "motion_state": true,
    "pose": [
      [
        0.9997643681115006,
        -0.02105374118887587,
        0.005286609174482775,
        75.08811643636818
      ],
      [
        0.021123559532572653,
        0.9996854843197367,
        -0.013517680018675676,
        9.545036512679872
      ],
      [
        -0.005000348716414739,
        0.013626166825827376,
        0.9998946564965476,
        0.8725800862274866
      ],
      [
        0.0,
        0.0,
        0.0,
        1.0
      ]
    ],
    "location": [
      75.08811643636818,
      9.545036512679872,
      0.8725800862274866
    ],
    "rotation": [
      0.01362675889815285,
      0.005000369554341792,
      0.021125394898793486
    ]
  },
  {
    "label_id": "kA33JYJHFhAzyd5s8EW5cA",
    "size": [
      1.9026469393240173,
      4.857537240935954,
      1.8299999999999983
    ],
    "obj_class": "vehicle",
    "point_num_in_lidar": 42,
    "speed": 0.4580131683663206,
    "if_vehicle": true,
    "motion_state": false,
    "pose": [
      [
        0.001988993656451268,
        0.9999840477065977,
        0.005286609174482775,
        112.83984433669957
      ],
      [
        -0.9999065093684417,
        0.002060303261944739,
        -0.013517680018675676,
        36.97326161582896
      ],
      [
        -0.013528356398804713,
        -0.005259228346245166,
        0.9998946564965476,
        1.183048443944685
      ],
      [
        0.0,
        0.0,
        0.0,
        1.0
      ]
    ],
    "location": [
      112.83984433669957,
      36.97326161582896,
      1.183048443944685
    ],
    "rotation": [
      -0.005259733926452928,
      0.013528769084701568,
      -1.5688071497923985
    ]
  },
  {
    "label_id": "oP9OvCFew_keTV7DaKVdOA",
    "size": [
      1.9563717452639489,
      4.637533959311318,
      1.4599999999999937
    ],
    "obj_class": "vehicle",
    "point_num_in_lidar": 55,
    "speed": 13.942274897910233,
    "if_vehicle": true,
    "motion_state": true,
    "pose": [
      [
        0.9996659892570274,
        -0.02529746402715007,
        0.005286609174482775,
        95.22832334501436
      ],
      [
        0.025366946886991294,
        0.9995868098032032,
        -0.013517680018675676,
        10.29947921387975
      ],
      [
        -0.00494246177539461,
        0.013647270102470759,
        0.9998946564965476,
        0.9121237484761906
      ],
      [
        0.0,
        0.0,
        0.0,
        1.0
      ]
    ],
    "location": [
      95.22832334501436,
      10.29947921387975,
      0.9121237484761906
    ],
    "rotation": [
      0.01364786047324507,
      0.004942481897966206,
      0.02536997814039144
    ]
  },
  {
    "label_id": "oltlnXUGjkBTDqRpmRp9-A",
    "size": [
      0.5749823619918251,
      0.09466475790227624,
      0.7099999999999937
    ],
    "obj_class": "sign",
    "point_num_in_lidar": 57,
    "speed": 0.007590020640495394,
    "if_vehicle": false,
    "motion_state": false,
    "pose": [
      [
        -0.999652872820021,
        0.025810571983495133,
        0.005286609174482775,
        70.06442051466365
      ],
      [
        -0.025880014192737145,
        -0.999573657712275,
        -0.013517680018675676,
        4.010875768759433
      ],
      [
        0.004935456216261136,
        -0.013649805184998004,
        0.9998946564965476,
        0.8780982875457681
      ],
      [
        0.0,
        0.0,
        0.0,
        1.0
      ]
    ],
    "location": [
      70.06442051466365,
      4.010875768759433,
      0.8780982875457681
    ],
    "rotation": [
      -0.013650395350551936,
      -0.004935476253386746,
      -3.115709434247494
    ]
  },
  {
    "label_id": "robMOCyLeWmEFwjRDOllKw",
    "size": [
      0.7963630084018416,
      0.12878173358720418,
      0.75
    ],
    "obj_class": "sign",
    "point_num_in_lidar": 21,
    "speed": 0.0430757948178665,
    "if_vehicle": false,
    "motion_state": false,
    "pose": [
      [
        -0.9985352854149285,
        -0.053845478405929764,
        0.005286609174482775,
        109.20154643905516
      ],
      [
        0.053769950891138577,
        -0.998461849400405,
        -0.013517680018675676,
        1.886111326869468
      ],
      [
        0.006006343520955089,
        -0.01321361975990341,
        0.9998946564965476,
        2.7307167263132754
      ],
      [
        0.0,
        0.0,
        0.0,
        1.0
      ]
    ],
    "location": [
      109.20154643905516,
      1.886111326869468,
      2.7307167263132754
    ],
    "rotation": [
      -0.01321424268150354,
      -0.006006379635845532,
      3.0877957875769932
    ]
  }
]