[
  {
    "label_id": "RNclpp668PoWogEcwJ2-qg",
    "size": [
      2.4400034311669554,
      5.487699099832537,
      1.980000000000004
    ],
    "obj_class": "vehicle",
    "point_num_in_lidar": 89,
    "speed": 14.39947941323516,
    "if_vehicle": true,
    "motion_state": true,
    "pose": [
      [
        0.9996237793996854,
        -0.02718627062768793,
        0.0036340539411573473,
        84.21151336305502
      ],
      [
        0.02729301902981824,
        0.9990643594633747,
        -0.03354842413996161,
        9.7364073356066
      ],
      [
        -0.0027185972351762627,
        0.033634986835063455,
        0.9994304862718957,
        1.2293479422145879
      ],
      [
        0.0,
        0.0,
        0.0,
        1.0
      ]
    ],
    "location": [
      84.21151336305502,
      9.7364073356066,
      1.2293479422145879
    ],
    "rotation": [
      0.033641456377102925,
      0.002718600583942302,
      0.027296509531280162
    ]
  },
  {
    "label_id": "SLnsiKRUrs7uNqSMWRa3Xw",
    "size": [
      0.9606556751763133,
      0.11257730313649715,
      0.9399999999999977
    ],
    "obj_class": "sign",
    "point_num_in_lidar": 1213,
    "speed": 0.0757676742939892,
    "if_vehicle": false,
    "motion_state": false,
    "pose": [
      [
        -0.9990230889523071,
        -0.04404158707566692,
        0.0036340539411573473,
        36.763110328474795
      ],
      [
        0.04389528680254171,
        -0.998472687174891,
        -0.03354842413996161,
        0.17232260617493012
      ],
      [
        0.005106029446977405,
        -0.033356132473783585,
        0.9994304862718957,
        1.386592986082377
      ],
      [
        0.0,
        0.0,
        0.0,
        1.0
      ]
    ],
    "location": [
      36.763110328474795,
      0.17232260617493012,
      1.386592986082377
    ],
    "rotation": [
      -0.03336275616061371,
      -0.00510605163424341,
      3.097682685566924
    ]
  },
  {
    "label_id": "a1nFRvrGYOqYo7ZueXMtwg",
    "size": [
      2.3466301194106647,
      5.022091046558212,
      1.9699999999999989
    ],
    "obj_class": "vehicle",
    "point_num_in_lidar": 37,
    "speed": 20.897495535129536,
    "if_vehicle": true,
    "motion_state": true,
    "pose": [
      [
        -0.9997690240774564,
        0.021182354618007687,
        0.0036340539411573473,
        106.19422637165371
      ],
      [
        -0.021292460795031228,
        -0.9992102553271845,
        -0.03354842413996161,
        19.76646791616986
      ],
      [
        0.0029205493494085977,
        -0.03361805321281512,
        0.9994304862718957,
        0.9835437128581219
      ],
      [
        0.0,
        0.0,
        0.0,
        1.0
      ]
    ],
    "location": [
      106.19422637165371,
      19.76646791616986,
      0.9835437128581219
    ],
    "rotation": [
      -0.03362453226406497,
      -0.002920553501281628,
      -3.1202984927472097
    ]
  },
  {
    "label_id": "fgSxJZzy5NVmHIlLOT-_5Q",
    "size": [
      0.9342129643291937,
      0.12607120295334218,
      0.7800000000000011
    ],
    "obj_class": "sign",
    "point_num_in_lidar": 24,
    "speed": 0.029548377551514578,
    "if_vehicle": false,
    "motion_state": false,
    "pose": [
      [
        0.021969771589653082,
        0.9997520306497263,
        0.0036340539411573473,
        62.02696495937289
      ],
      [
        -0.9991931753525366,
        0.022079437643207644,
        -0.03354842413996161,
        -4.202318727373495
      ],
      [
        -0.03362034302641075,
        -0.00289407068131965,
        0.9994304862718957,
        2.500652165036982
      ],
      [
        0.0,
        0.0,
        0.0,
        1.0
      ]
    ],
    "location": [
      62.02696495937289,
      -4.202318727373495,
      2.500652165036982
    ],
    "rotation": [
      -0.0028957117398347343,
      0.03362667991636799,
      -1.5488123574038588
    ]
  },
  {
    "label_id": "jIEV5FP4G166BNgiqm1UEQ",
    "size": [
      2.163523553351139,
      4.974505882376832,
      1.4699999999999989
    ],
    "obj_class": "vehicle",
    "point_num_in_lidar": 1377,
    "speed": 13.342130831709456,
    "if_vehicle": true,
    "motion_state": true,
    "pose": [
      [
        0.999798927183317,
        -0.019720518630123317,
        0.0036340539411573473,
        45.74803165029334
      ],
      [
        0.0198314416937739,
        0.9992403200222015,
        -0.03354842413996161,
        8.855362438423981
      ],
      [
        -0.002969700899876619,
        0.033613746992670605,
        0.9994304862718957,
        0.807028393913356
      ],
      [
        0.0,
        0.0,
        0.0,
        1.0
      ]
    ],
    "location": [
      45.74803165029334,
      8.855362438423981,
      0.807028393913356
    ],
    "rotation": [
      0.03362022845903915,
      0.002969705264920409,
      0.01983282929462206
    ]
  },
  {
    "label_id": "oP9OvCFew_keTV7DaKVdOA",
    "size": [
      1.9563717452628924,
      4.637533959311318,
      1.4599999999999937
    ],
    "obj_class": "vehicle",
    "point_num_in_lidar": 140,
    "speed": 13.985522521657494,
    "if_vehicle": true,
    "motion_state": true,
    "pose": [
      [
        0.999695393338677,
        -0.024411353698241482,
        0.0036340539411573473,
        65.86404505439532
      ],
      [
        0.024519654558582047,
        0.9991362718758904,
        -0.03354842413996161,
        9.563235666175387
      ],
      [
        -0.0028119526588646125,
        0.033627310813776116,
        0.9994304862718957,
        0.9121237484761622
      ],
      [
        0.0,
        0.0,
        0.0,
        1.0
      ]
    ],
    "location": [
      65.86404505439532,
      9.563235666175387,
      0.9121237484761622
    ],
    "rotation": [
      0.0336337846687347,
      0.002811956364599185,
      0.024522209117058942
    ]
  },
  {
    "label_id": "oltlnXUGjkBTDqRpmRp9-A",
    "size": [
      0.5749823619918244,
      0.09466475790227624,
      0.7099999999999937
    ],
    "obj_class": "sign",
    "point_num_in_lidar": 31,
    "speed": 0.017673220703719763,
    "if_vehicle": false,
    "motion_state": false,
    "pose": [
      [
        -0.9996602413844055,
        0.025810762236425363,
        0.0036340539411573473,
        70.07216841744139
      ],
      [
        -0.02591828029951735,
        -0.9991009688635284,
        -0.03354842413996161,
        4.025899222010594
      ],
      [
        0.0027648764146293273,
        -0.03363121420249091,
        0.9994304862718957,
        0.8527537122656526
      ],
      [
        0.0,
        0.0,
        0.0,
        1.0
      ]
    ],
    "location": [
      70.07216841744139,
      4.025899222010594,
      0.8527537122656526
    ],
    "rotation": [
      -0.033637685864751,
      -0.0027648799373435687,
      -3.1156713715133937
    ]
  }
]