[
  {
    "label_id": "8x1h4r1uZaZ_Azi9UGqeFw",
    "size": [
      0.6956512790085277,
      0.09190750369810788,
      0.730000000000004
    ],
    "obj_class": "sign",
    "point_num_in_lidar": 26,
    "speed": 0.003693291301156708,
    "if_vehicle": false,
    "motion_state": false,
    "pose": [
      [
        0.9946026841950472,
        0.10373281875062478,
        0.002236717697243127,
        70.65632246027872
      ],
      [
        -0.10361317575610478,
        0.9941282436381248,
        -0.031198477698623807,
        24.592661886545102
      ],
      [
        -0.005459890268281374,
        0.030798336237969317,
        0.9995107063374715,
        2.7710223679528383
      ],
      [
        0.0,
        0.0,
        0.0,
        1.0
      ]
    ],
    "location": [
      70.65632246027872,
      24.592661886545102,
      2.7710223679528383
    ],
    "rotation": [
      0.03080366649714324,
      0.005459917395565673,
      -0.1038010230937246
    ]
  },
  {
    "label_id": "QESI1jS0XVIsWcnGiECNUg",
    "size": [
      2.1182929520020126,
      4.818602762864446,
      1.5699999999999932
    ],
    "obj_class": "vehicle",
    "point_num_in_lidar": 4009,
    "speed": 12.434334019839714,
    "if_vehicle": true,
    "motion_state": true,
    "pose": [
      [
        0.9998828704073917,
        -0.015140758231277102,
        0.002236717697243127,
        35.75028391886917
      ],
      [
        0.01520320002804657,
        0.9993975773925987,
        -0.031198477698623807,
        8.675899063727229
      ],
      [
        -0.0017630016399171797,
        0.031228828700198427,
        0.9995107063374715,
        0.768881988482562
      ],
      [
        0.0,
        0.0,
        0.0,
        1.0
      ]
    ],
    "location": [
      35.75028391886917,
      8.675899063727229,
      0.768881988482562
    ],
    "rotation": [
      0.031233955417704223,
      0.0017630025532046636,
      0.015203809389937633
    ]
  },
  {
    "label_id": "RNclpp668PoWogEcwJ2-qg",
    "size": [
      2.4400034311686056,
      5.487699099832537,
      1.980000000000004
    ],
    "obj_class": "vehicle",
    "point_num_in_lidar": 61,
    "speed": 14.470380213075432,
    "if_vehicle": true,
    "motion_state": true,
    "pose": [
      [
        0.9996150145162028,
        -0.027655376470311223,
        0.002236717697243127,
        95.81051769262649
      ],
      [
        0.027711738831161976,
        0.9991289779203893,
        -0.031198477698623807,
        10.047071449560462
      ],
      [
        -0.001371963820686922,
        0.031248450074258305,
        0.9995107063374715,
        1.2293479422146163
      ],
      [
        0.0,
        0.0,
        0.0,
        1.0
      ]
    ],
    "location": [
      95.81051769262649,
      10.047071449560462,
      1.2293479422146163
    ],
    "rotation": [
      0.03125356724008739,
      0.0013719642510917106,
      0.027715312975778676
    ]
  },
  {
    "label_id": "SLnsiKRUrs7uNqSMWRa3Xw",
    "size": [
      0.9606556751763142,
      0.11257730313649715,
      0.9399999999999977
    ],
    "obj_class": "sign",
    "point_num_in_lidar": 480,
    "speed": 0.01555006602545129,
    "if_vehicle": false,
    "motion_state": false,
    "pose": [
      [
        -0.9990271867119979,
        -0.04404176772398658,
        0.002236717697243127,
        36.73972581270846
      ],
      [
        0.04395072394533913,
        -0.9985464380057488,
        -0.031198477698623807,
        0.1872987692213428
      ],
      [
        0.0036075025975513104,
        -0.031069822042897963,
        0.9995107063374715,
        1.39564663414059
      ],
      [
        0.0,
        0.0,
        0.0,
        1.0
      ]
    ],
    "location": [
      36.73972581270846,
      0.1872987692213428,
      1.39564663414059
    ],
    "rotation": [
      -0.031075025279526776,
      -0.003607510422315358,
      3.0976274813747464
    ]
  },
  {
    "label_id": "a1nFRvrGYOqYo7ZueXMtwg",
    "size": [
      2.346630119411402,
      5.022091046558212,
      1.9699999999999989
    ],
    "obj_class": "vehicle",
    "point_num_in_lidar": 85,
    "speed": 20.744866729181933,
    "if_vehicle": true,
    "motion_state": true,
    "pose": [
      [
        -0.9997887119866011,
        0.02043351360182149,
        0.002236717697243127,
        89.55039928710994
      ],
      [
        -0.020493385582651645,
        -0.9993030952301954,
        -0.031198477698623807,
        19.437934962016698
      ],
      [
        0.001597664399600258,
        -0.03123772375245894,
        0.9995107063374715,
        0.9835437128581788
      ],
      [
        0.0,
        0.0,
        0.0,
        1.0
      ]
    ],
    "location": [
      89.55039928710994,
      19.437934962016698,
      0.9835437128581788
    ],
    "rotation": [
      -0.031242846142836046,
      -0.0015976650792824988,
      -3.1210978071106625
    ]
  },
  {
    "label_id": "fgSxJZzy5NVmHIlLOT-_5Q",
    "size": [
      0.9342129643291931,
      0.12607120295334218,
      0.7800000000000011
    ],
    "obj_class": "sign",
    "point_num_in_lidar": 40,
    "speed": 0.029548377798032974,
    "if_vehicle": false,
    "motion_state": false,
    "pose": [
      [
        0.021969861704512574,
        0.9997561313993665,
        0.002236717697243127,
        62.006307158618256
      ],
      [
        -0.9992704232112497,
        0.022028987368879486,
        -0.031198477698623807,
        -4.213839350957642
      ],
      [
        -0.03124014199542587,
        -0.0015496595994981465,
        0.9995107063374715,
        2.476397201438715
      ],
      [
        0.0,
        0.0,
        0.0,
        1.0
      ]
    ],
    "location": [
      62.006307158618256,
      -4.213839350957642,
      2.476397201438715
    ],
    "rotation": [
      -0.001550416967007333,
      0.031245225679434368,
      -1.5488139661737779
    ]
  },
  {
    "label_id": "jIEV5FP4G166BNgiqm1UEQ",
    "size": [
      2.1635235533521535,
      4.974505882376832,
      1.4699999999999989
    ],
    "obj_class": "vehicle",
    "point_num_in_lidar": 685,
    "speed": 13.850820905581415,
    "if_vehicle": true,
    "motion_state": true,
    "pose": [
      [
        0.9997484724269199,
        -0.022315666559238063,
        0.002236717697243127,
        56.67773115873024
      ],
      [
        0.022374624218209925,
        0.9992627438168513,
        -0.031198477698623807,
        9.106382053861125
      ],
      [
        -0.0015388538378125623,
        0.031240676139202513,
        0.9995107063374715,
        0.8230293239408155
      ],
      [
        0.0,
        0.0,
        0.0,
        1.0
      ]
    ],
    "location": [
      56.67773115873024,
      9.106382053861125,
      0.8230293239408155
    ],
    "rotation": [
      0.031245797092255726,
      0.0015388544451657683,
      0.022376518016205243
    ]
  },
  {
    "label_id": "oP9OvCFew_keTV7DaKVdOA",
    "size": [
      1.9563717452634406,
      4.637533959311318,
      1.4599999999999937
    ],
    "obj_class": "vehicle",
    "point_num_in_lidar": 93,
    "speed": 13.943357291303979,
    "if_vehicle": true,
    "motion_state": true,
    "pose": [
      [
        0.9997261786429174,
        -0.023293021057227005,
        0.002236717697243127,
        77.01102576422636
      ],
      [
        0.0233515038343649,
        0.9992403926273006,
        -0.031198477698623807,
        9.850289326758684
      ],
      [
        -0.0015083118720021823,
        0.031242165611005023,
        0.9995107063374715,
        0.9121237484761764
      ],
      [
        0.0,
        0.0,
        0.0,
        1.0
      ]
    ],
    "location": [
      77.01102576422636,
      9.850289326758684,
      0.9121237484761764
    ],
    "rotation": [
      0.031247285838725304,
      0.0015083124439055349,
      0.023353653159190198
    ]
  },
  {
    "label_id": "oltlnXUGjkBTDqRpmRp9-A",
    "size": [
      0.5749823619918242,
      0.09466475790227624,
      0.7099999999999937
    ],
    "obj_class": "sign",
    "point_num_in_lidar": 42,
    "speed": 0.00805974379321947,
    "if_vehicle": false,
    "motion_state": false,
    "pose": [
      [
        -0.999664341757547,
        0.025810868106151453,
        0.002236717697243127,
        70.06850496626703
      ],
      [
        -0.025868127192002217,
        -0.9991784099873589,
        -0.031198477698623807,
        4.0198920968050516
      ],
      [
        0.0014296202393300878,
        -0.031245865370317167,
        0.9995107063374715,
        0.8587056492062004
      ],
      [
        0.0,
        0.0,
        0.0,
        1.0
      ]
    ],
    "location": [
      70.06850496626703,
      4.0198920968050516,
      0.8587056492062004
    ],
    "rotation": [
      -0.03125098379575408,
      -0.001429620726310186,
      -3.1157216140989843
    ]
  }
]