[
  {
    "label_id": "6psW1wQYXnOuX4uHcX4ojw",
    "size": [
      2.2218024546254367,
      5.503953301999235,
      1.9300000000000068
    ],
    "obj_class": "vehicle",
    "point_num_in_lidar": 128,
    "speed": 3.1776437161565096e-13,
    "if_vehicle": true,
    "motion_state": false,
    "pose": [
      [
        -0.31480582281736175,
        -0.9491398982831268,
        -0.005545034479545679,
        77.39040634704907
      ],
      [
        0.9491542508627796,
        -0.31478832055076034,
        -0.0038106841836291153,
        -63.74538812707033
      ],
      [
        0.001871360307226615,
        -0.006462718617365931,
        0.9999773653831737,
        0.9263972014389168
      ],
      [
        0.0,
        0.0,
        0.0,
        1.0
      ]
    ],
    "location": [
      77.39040634704907,
      -63.74538812707033,
      0.9263972014389168
    ],
    "rotation": [
      -0.006462774922436263,
      -0.0018713613994756626,
      1.8910489758887248
    ]
  },
  {
    "label_id": "cZ-yQO3xRB_4jVY6IMLR8A",
    "size": [
      0.7647249866910039,
      0.08987900887464649,
      0.9000000000000057
    ],
    "obj_class": "sign",
    "point_num_in_lidar": 33,
    "speed": 0.010509661696147737,
    "if_vehicle": false,
    "motion_state": false,
    "pose": [
      [
        -0.11555148298858202,
        -0.9932860148878369,
        -0.005545034479545679,
        50.11117502431898
      ],
      [
        0.9932965151782808,
        -0.11553143131086005,
        -0.0038106841836291153,
        -71.01984949561484
      ],
      [
        0.0031444735366630916,
        -0.005948193633695613,
        0.9999773653831737,
        2.3665036300476174
      ],
      [
        0.0,
        0.0,
        0.0,
        1.0
      ]
    ],
    "location": [
      50.11117502431898,
      -71.01984949561484,
      2.3665036300476174
    ],
    "rotation": [
      -0.005948258117524539,
      -0.0031444787186285577,
      1.6866070857029607
    ]
  },
  {
    "label_id": "deOt1uW-CDcOIl6RjgwiVg",
    "size": [
      2.183129393911031,
      5.766092181557948,
      1.8799999999999955
    ],
    "obj_class": "vehicle",
    "point_num_in_lidar": 242,
    "speed": 7.105427357601002e-13,
    "if_vehicle": true,
    "motion_state": false,
    "pose": [
      [
        0.9654351869070185,
        0.2605842521612365,
        -0.005545034479545679,
        70.6053642734023
      ],
      [
        -0.2606067669266863,
        0.9654375131089906,
        -0.0038106841836291153,
        -60.06604434185465
      ],
      [
        0.004360380009822541,
        0.005124042105276993,
        0.9999773653831737,
        0.7663972014388349
      ],
      [
        0.0,
        0.0,
        0.0,
        1.0
      ]
    ],
    "location": [
      70.6053642734023,
      -60.06604434185465,
      0.7663972014388349
    ],
    "rotation": [
      0.0051241132410054105,
      -0.004360393827195659,
      -0.2636531999807503
    ]
  },
  {
    "label_id": "p0Qy-WrSMLaXYgnS7A-Zow",
    "size": [
      2.5938433370262475,
      6.144228188803043,
      2.760000000000005
    ],
    "obj_class": "vehicle",
    "point_num_in_lidar": 166,
    "speed": 7.246142549764705e-13,
    "if_vehicle": true,
    "motion_state": false,
    "pose": [
      [
        0.1442808135457527,
        0.9895212475915797,
        -0.005545034479545679,
        54.185129992819384
      ],
      [
        -0.9895323244185157,
        0.1442610745036305,
        -0.0038106841836291153,
        -78.75562833608274
      ],
      [
        -0.0029708203353832436,
        0.006036799471705591,
        0.9999773653831737,
        1.1863972014388366
      ],
      [
        0.0,
        0.0,
        0.0,
        1.0
      ]
    ],
    "location": [
      54.185129992819384,
      -78.75562833608274,
      1.1863972014388366
    ],
    "rotation": [
      0.006036862779142377,
      0.0029708247053651473,
      -1.426009540462142
    ]
  }
]