[
  {
    "label_id": "NpgYXf4XTJ6kqOYVa3hU7A",
    "size": [
      2.1185624724448537,
      5.685590765586477,
      2.1400000000000006
    ],
    "obj_class": "vehicle",
    "point_num_in_lidar": 206,
    "speed": 1.1718571004216928e-12,
    "if_vehicle": true,
    "motion_state": false,
    "pose": [
      [
        -0.005053057296643223,
        0.9999303179750872,
        0.010668917761326908,
        112.8542846550663
      ],
      [
        -0.9994089735672125,
        -0.005412627010890564,
        0.03394712097029153,
        28.29544566286222
      ],
      [
        0.034002502338614286,
        -0.01049107540160177,
        0.9993666830406297,
        1.0843732050235388
      ],
      [
        0.0,
        0.0,
        0.0,
        1.0
      ]
    ],
    "location": [
      112.8542846550663,
      28.29544566286222,
      1.0843732050235388
    ],
    "rotation": [
      -0.010497338189505498,
      -0.034009057862997946,
      -1.5758523292651982
    ]
  },
  {
    "label_id": "QESI1jS0XVIsWcnGiECNUg",
    "size": [
      2.1182929520034057,
      4.818602762864446,
      1.5699999999999932
    ],
    "obj_class": "vehicle",
    "point_num_in_lidar": 1134,
    "speed": 14.003593480537662,
    "if_vehicle": true,
    "motion_state": true,
    "pose": [
      [
        0.9997055318443575,
        -0.0217950405733115,
        0.010668917761326908,
        67.65487803275482
      ],
      [
        0.021421603344085608,
        0.9991940291494925,
        0.03394712097029153,
        9.384257108213205
      ],
      [
        -0.01140019780349944,
        -0.033708579299796225,
        0.9993666830406297,
        0.8870462003087738
      ],
      [
        0.0,
        0.0,
        0.0,
        1.0
      ]
    ],
    "location": [
      67.65487803275482,
      9.384257108213205,
      0.8870462003087738
    ],
    "rotation": [
      -0.033717158149994035,
      0.011400444754795914,
      0.021424634504230766
    ]
  },
  {
    "label_id": "deOt1uW-CDcOIl6RjgwiVg",
    "size": [
      2.1831293939110266,
      5.766092181557948,
      1.8799999999999955
    ],
    "obj_class": "vehicle",
    "point_num_in_lidar": 36,
    "speed": 7.105427357601002e-13,
    "if_vehicle": true,
    "motion_state": false,
    "pose": [
      [
        0.9653950814361424,
        0.26057342714234316,
        0.010668917761326908,
        70.6053642734023
      ],
      [
        -0.2607877318112092,
        0.9647991251626388,
        0.03394712097029153,
        -60.06604434185556
      ],
      [
        -0.0014476448697157724,
        -0.03555470647749394,
        0.9993666830406297,
        0.7663972014388065
      ],
      [
        0.0,
        0.0,
        0.0,
        1.0
      ]
    ],
    "location": [
      70.6053642734023,
      -60.06604434185556,
      0.7663972014388065
    ],
    "rotation": [
      -0.03556223902547969,
      0.0014476453753486044,
      -0.2638383635603001
    ]
  },
  {
    "label_id": "fgSxJZzy5NVmHIlLOT-_5Q",
    "size": [
      0.9342129643291961,
      0.12607120295334218,
      0.7800000000000011
    ],
    "obj_class": "sign",
    "point_num_in_lidar": 124,
    "speed": 0.013733383193437016,
    "if_vehicle": false,
    "motion_state": false,
    "pose": [
      [
        0.02196866625399289,
        0.9997017314663522,
        0.010668917761326908,
        61.97128011323184
      ],
      [
        -0.999190293636716,
        0.021595140194067938,
        0.03394712097029153,
        -4.2692006878342
      ],
      [
        0.03370659883752332,
        -0.01140605204160647,
        0.9993666830406297,
        2.485935201410058
      ],
      [
        0.0,
        0.0,
        0.0,
        1.0
      ]
    ],
    "location": [
      61.97128011323184,
      -4.2692006878342,
      2.485935201410058
    ],
    "rotation": [
      -0.011412784728375546,
      -0.03371298464289076,
      -1.5488133997182518
    ]
  },
  {
    "label_id": "jIEV5FP4G166BNgiqm1UEQ",
    "size": [
      2.163523553350647,
      4.974505882376832,
      1.4699999999999989
    ],
    "obj_class": "vehicle",
    "point_num_in_lidar": 169,
    "speed": 14.394952554971876,
    "if_vehicle": true,
    "motion_state": true,
    "pose": [
      [
        0.999757691915084,
        -0.019254393016293128,
        0.010668917761326908,
        90.98607096071373
      ],
      [
        0.01888225688781084,
        0.9992452418463902,
        0.03394712097029153,
        9.841139014577493
      ],
      [
        -0.011314496517589997,
        -0.03373744206253651,
        0.9993666830406297,
        0.9648044479276052
      ],
      [
        0.0,
        0.0,
        0.0,
        1.0
      ]
    ],
    "location": [
      90.98607096071373,
      9.841139014577493,
      0.9648044479276052
    ],
    "rotation": [
      -0.03374600635462489,
      0.011314737941049533,
      0.018884588077740714
    ]
  },
  {
    "label_id": "kA33JYJHFhAzyd5s8EW5cA",
    "size": [
      1.9026469393243968,
      4.857537240935954,
      1.8299999999999983
    ],
    "obj_class": "vehicle",
    "point_num_in_lidar": 79,
    "speed": 0.13634243688342285,
    "if_vehicle": true,
    "motion_state": false,
    "pose": [
      [
        0.004064908564199781,
        0.9999348232320778,
        0.010668917761326908,
        112.84532094483347
      ],
      [
        -0.9994167791955687,
        0.0037005999762370137,
        0.03394712097029153,
        36.81441581068975
      ],
      [
        0.033905427009852385,
        -0.010800687369289802,
        0.9993666830406297,
        1.1830484439446138
      ],
      [
        0.0,
        0.0,
        0.0,
        1.0
      ]
    ],
    "location": [
      112.84532094483347,
      36.81441581068975,
      1.1830484439446138
    ],
    "rotation": [
      -0.010807111208916404,
      -0.03391192652806668,
      -1.5667290685357929
    ]
  },
  {
    "label_id": "oP9OvCFew_keTV7DaKVdOA",
    "size": [
      1.9563717452643608,
      4.637533959311318,
      1.4599999999999937
    ],
    "obj_class": "vehicle",
    "point_num_in_lidar": 36,
    "speed": 13.912937288774108,
    "if_vehicle": true,
    "motion_state": true,
    "pose": [
      [
        0.9996523204570147,
        -0.02411249465957669,
        0.010668917761326908,
        110.6463215566946
      ],
      [
        0.023737872670648173,
        0.9991416848369906,
        0.03394712097029153,
        10.67256956233723
      ],
      [
        -0.011478310240543627,
        -0.03368206083943492,
        0.9993666830406297,
        0.9121237484761764
      ],
      [
        0.0,
        0.0,
        0.0,
        1.0
      ]
    ],
    "location": [
      110.6463215566946,
      10.67256956233723,
      0.9121237484761764
    ],
    "rotation": [
      -0.03369065301580991,
      0.01147856230312294,
      0.023741666911778477
    ]
  },
  {
    "label_id": "oltlnXUGjkBTDqRpmRp9-A",
    "size": [
      0.5749823619918248,
      0.09466475790227624,
      0.7099999999999937
    ],
    "obj_class": "sign",
    "point_num_in_lidar": 90,
    "speed": 0.007590020768618702,
    "if_vehicle": false,
    "motion_state": false,
    "pose": [
      [
        -0.9996099468191021,
        0.025809463654127285,
        0.010668917761326908,
        70.06095034822192
      ],
      [
        -0.025433975353053778,
        -0.9990999478908846,
        0.03394712097029153,
        4.00321546034138
      ],
      [
        0.011535472164238855,
        0.0336625267963894,
        0.9993666830406297,
        0.8945743507475044
      ],
      [
        0.0,
        0.0,
        0.0,
        1.0
      ]
    ],
    "location": [
      70.06095034822192,
      4.00321546034138,
      0.8945743507475044
    ],
    "rotation": [
      0.03367112875880948,
      -0.011535728011565384,
      -3.11615424235693
    ]
  },
  {
    "label_id": "robMOCyLeWmEFwjRDOllKw",
    "size": [
      0.7963630084018405,
      0.12878173358720418,
      0.75
    ],
    "obj_class": "sign",
    "point_num_in_lidar": 24,
    "speed": 0.033605458224274146,
    "if_vehicle": false,
    "motion_state": false,
    "pose": [
      [
        -0.9984924074042304,
        -0.05384316623218302,
        0.010668917761326908,
        109.18529173739898
      ],
      [
        0.054176866190757414,
        -0.997954137296688,
        0.03394712097029153,
        1.8526122043140276
      ],
      [
        0.00881927014288688,
        0.034473951072024625,
        0.9993666830406297,
        2.756905095994057
      ],
      [
        0.0,
        0.0,
        0.0,
        1.0
      ]
    ],
    "location": [
      109.18529173739898,
      1.8526122043140276,
      2.756905095994057
    ],
    "rotation": [
      0.034482124732780534,
      -0.008819384473330262,
      3.087387139468701
    ]
  }
]