[
  {
    "label_id": "NpgYXf4XTJ6kqOYVa3hU7A",
    "size": [
      2.1185624724448555,
      5.685590765586477,
      2.1400000000000006
    ],
    "obj_class": "vehicle",
    "point_num_in_lidar": 201,
    "speed": 1.1718571004216928e-12,
    "if_vehicle": true,
    "motion_state": false,
    "pose": [
      [
        -0.00505208489561937,
        0.9997378932305839,
        0.022329829311507465,
        112.85428465506266
      ],
      [
        -0.9998012486219092,
        -0.005480543986207226,
        0.019168382604860902,
        28.295445662859493
      ],
      [
        0.01928573805376763,
        -0.0222285509309278,
        0.9995668821200674,
        1.0843732050237236
      ],
      [
        0.0,
        0.0,
        0.0,
        1.0
      ]
    ],
    "location": [
      112.85428465506266,
      28.295445662859493,
      1.0843732050237236
    ],
    "rotation": [
      -0.022234517906486385,
      -0.01928693377582271,
      -1.5758493729915788
    ]
  },
  {
    "label_id": "P-a5Gs6s3oDfEt79NSG2mQ",
    "size": [
      1.7891467762836923,
      4.128696024643107,
      1.7000000000000028
    ],
    "obj_class": "vehicle",
    "point_num_in_lidar": 34,
    "speed": 22.46483209910089,
    "if_vehicle": true,
    "motion_state": true,
    "pose": [
      [
        -0.9995465577253777,
        0.02020043718010095,
        0.022329829311507465,
        112.29957909627956
      ],
      [
        -0.01977371497825239,
        -0.9996207147234758,
        0.019168382604860902,
        16.393959777671625
      ],
      [
        0.022708569644675942,
        0.018718147169532948,
        0.9995668821200674,
        1.0625623168664617
      ],
      [
        0.0,
        0.0,
        0.0,
        1.0
      ]
    ],
    "location": [
      112.29957909627956,
      16.393959777671625,
      1.0625623168664617
    ],
    "rotation": [
      0.018724069377734992,
      -0.02271052182031626,
      -3.1218125483817927
    ]
  },
  {
    "label_id": "QESI1jS0XVIsWcnGiECNUg",
    "size": [
      2.1182929520034848,
      4.818602762864446,
      1.5699999999999932
    ],
    "obj_class": "vehicle",
    "point_num_in_lidar": 482,
    "speed": 14.1745678216825,
    "if_vehicle": true,
    "motion_state": true,
    "pose": [
      [
        0.9994218381978275,
        -0.02563918985058769,
        0.022329829311507465,
        81.93256158930944
      ],
      [
        0.025212877493161753,
        0.999498316115054,
        0.019168382604860902,
        9.72825786075282
      ],
      [
        -0.022810088596723017,
        -0.018594300927355093,
        0.9995668821200674,
        0.9880526874222113
      ],
      [
        0.0,
        0.0,
        0.0,
        1.0
      ]
    ],
    "location": [
      81.93256158930944,
      9.72825786075282,
      0.9880526874222113
    ],
    "rotation": [
      -0.018600212618744328,
      0.02281206707537778,
      0.025222113296195406
    ]
  },
  {
    "label_id": "deOt1uW-CDcOIl6RjgwiVg",
    "size": [
      2.183129393911031,
      5.766092181557948,
      1.8799999999999955
    ],
    "obj_class": "vehicle",
    "point_num_in_lidar": 88,
    "speed": 7.105427357601002e-13,
    "if_vehicle": true,
    "motion_state": false,
    "pose": [
      [
        0.9652093025888058,
        0.26052328287304816,
        0.022329829311507465,
        70.60536427340139
      ],
      [
        -0.2609536980111905,
        0.9651609920643281,
        0.019168382604860902,
        -60.06604434185556
      ],
      [
        -0.016558070247336663,
        -0.024328552740589735,
        0.9995668821200674,
        0.7663972014388492
      ],
      [
        0.0,
        0.0,
        0.0,
        1.0
      ]
    ],
    "location": [
      70.60536427340139,
      -60.06604434185556,
      0.7663972014388492
    ],
    "rotation": [
      -0.02433429005406819,
      0.016558826960866264,
      -0.26404706418948615
    ]
  },
  {
    "label_id": "fgSxJZzy5NVmHIlLOT-_5Q",
    "size": [
      0.934212964329196,
      0.12607120295334218,
      0.7800000000000011
    ],
    "obj_class": "sign",
    "point_num_in_lidar": 24,
    "speed": 0.01002381262832739,
    "if_vehicle": false,
    "motion_state": false,
    "pose": [
      [
        0.021964438644414313,
        0.9995093507106148,
        0.022329829311507465,
        61.96542458886779
      ],
      [
        -0.9995842606867241,
        0.021537847981838703,
        0.019168382604860902,
        -4.260972330255754
      ],
      [
        0.01867804118238551,
        -0.022741568687241056,
        0.9995668821200674,
        2.533605087971324
      ],
      [
        0.0,
        0.0,
        0.0,
        1.0
      ]
    ],
    "location": [
      61.96542458886779,
      -4.260972330255754,
      2.533605087971324
    ],
    "rotation": [
      -0.022747498368606147,
      -0.01867912738520229,
      -1.5488262884062212
    ]
  },
  {
    "label_id": "jIEV5FP4G166BNgiqm1UEQ",
    "size": [
      2.163523553351174,
      4.974505882376832,
      1.4699999999999989
    ],
    "obj_class": "vehicle",
    "point_num_in_lidar": 96,
    "speed": 14.269382523843861,
    "if_vehicle": true,
    "motion_state": true,
    "pose": [
      [
        0.9995864716894295,
        -0.018118066629651625,
        0.022329829311507465,
        105.45181575177048
      ],
      [
        0.017691190864645243,
        0.9996597395484648,
        0.019168382604860902,
        10.090537379743182
      ],
      [
        -0.02266952538692075,
        -0.018765414663661113,
        0.9995668821200674,
        1.0441734265814517
      ],
      [
        0.0,
        0.0,
        0.0,
        1.0
      ]
    ],
    "location": [
      105.45181575177048,
      10.090537379743182,
      1.0441734265814517
    ],
    "rotation": [
      -0.018771340734459678,
      0.02267146750882383,
      0.017696662102547094
    ]
  },
  {
    "label_id": "kA33JYJHFhAzyd5s8EW5cA",
    "size": [
      1.9026469393233847,
      4.857537240935954,
      1.8299999999999983
    ],
    "obj_class": "vehicle",
    "point_num_in_lidar": 74,
    "speed": 0.0636606984952284,
    "if_vehicle": true,
    "motion_state": false,
    "pose": [
      [
        0.006302222664988999,
        0.9997307941202971,
        0.022329829311507465,
        112.85129688801408
      ],
      [
        -0.9997990114177858,
        0.0058745107312757235,
        0.019168382604860902,
        36.70565668259496
      ],
      [
        0.019032045541641274,
        -0.022446144686076593,
        0.9995668821200674,
        1.1830484439447133
      ],
      [
        0.0,
        0.0,
        0.0,
        1.0
      ]
    ],
    "location": [
      112.85129688801408,
      36.70565668259496,
      1.1830484439447133
    ],
    "rotation": [
      -0.022452097288478825,
      -0.019033194689608585,
      -1.5644929206860594
    ]
  },
  {
    "label_id": "oltlnXUGjkBTDqRpmRp9-A",
    "size": [
      0.5749823619918243,
      0.09466475790227624,
      0.7099999999999937
    ],
    "obj_class": "sign",
    "point_num_in_lidar": 105,
    "speed": 0.007590020769090012,
    "if_vehicle": false,
    "motion_state": false,
    "pose": [
      [
        -0.9994175837262327,
        0.025804496928592158,
        0.022329829311507465,
        70.05779485573112
      ],
      [
        -0.025378197226679174,
        -0.9994941321557808,
        0.019168382604860902,
        3.996249787049237
      ],
      [
        0.02281316383894508,
        0.018590527814584513,
        0.9995668821200674,
        0.9095563680667453
      ],
      [
        0.0,
        0.0,
        0.0,
        1.0
      ]
    ],
    "location": [
      70.05779485573112,
      3.996249787049237,
      0.9095563680667453
    ],
    "rotation": [
      0.018596439176589145,
      -0.022815143118044598,
      -3.116205122795058
    ]
  },
  {
    "label_id": "p0Qy-WrSMLaXYgnS7A-Zow",
    "size": [
      2.5938433370262426,
      6.144228188803043,
      2.760000000000005
    ],
    "obj_class": "vehicle",
    "point_num_in_lidar": 79,
    "speed": 7.246142549764705e-13,
    "if_vehicle": true,
    "motion_state": false,
    "pose": [
      [
        0.14424705594747933,
        0.9892897278216346,
        0.022329829311507465,
        54.185129992819384
      ],
      [
        -0.9894163343813314,
        0.14383285566143508,
        0.019168382604860902,
        -78.75562833608456
      ],
      [
        0.01575132089363726,
        -0.02485848062277858,
        0.9995668821200674,
        1.1863972014388366
      ],
      [
        0.0,
        0.0,
        0.0,
        1.0
      ]
    ],
    "location": [
      54.185129992819384,
      -78.75562833608456,
      1.1863972014388366
    ],
    "rotation": [
      -0.024864126799769966,
      -0.01575197229427504,
      -1.42602621170169
    ]
  },
  {
    "label_id": "robMOCyLeWmEFwjRDOllKw",
    "size": [
      0.7963630084018425,
      0.12878173358720418,
      0.75
    ],
    "obj_class": "sign",
    "point_num_in_lidar": 23,
    "speed": 0.04962550836559163,
    "if_vehicle": false,
    "motion_state": false,
    "pose": [
      [
        -0.9983002593685771,
        -0.05383280475277676,
        0.022329829311507465,
        109.18171674111727
      ],
      [
        0.05426384508759925,
        -0.9983426306757729,
        0.019168382604860902,
        1.8262668027900872
      ],
      [
        0.021260932739197345,
        0.020347503724700934,
        0.9995668821200674,
        2.764993913048855
      ],
      [
        0.0,
        0.0,
        0.0,
        1.0
      ]
    ],
    "location": [
      109.18171674111727,
      1.8262668027900872,
      2.764993913048855
    ],
    "rotation": [
      0.02035350936071718,
      -0.021262534818633213,
      3.0872898559495927
    ]
  }
]