[
  {
    "label_id": "6psW1wQYXnOuX4uHcX4ojw",
    "size": [
      2.221802454625439,
      5.503953301999235,
      1.9300000000000068
    ],
    "obj_class": "vehicle",
    "point_num_in_lidar": 72,
    "speed": 3.1776437161565096e-13,
    "if_vehicle": true,
    "motion_state": false,
    "pose": [
      [
        -0.3148022229954151,
        -0.9491290448160257,
        0.007322341412659842,
        77.39040634705088
      ],
      [
        0.949156452629212,
        -0.31480282261229364,
        0.0011005942319730288,
        -63.74538812707215
      ],
      [
        0.0012604877927136194,
        0.0072965171110212276,
        0.9999725856285127,
        0.9263972014389452
      ],
      [
        0.0,
        0.0,
        0.0,
        1.0
      ]
    ],
    "location": [
      77.39040634705088,
      -63.74538812707215,
      0.9263972014389452
    ],
    "rotation": [
      0.0072965876526036744,
      -0.0012604881264972178,
      1.891044865963067
    ]
  },
  {
    "label_id": "cZ-yQO3xRB_4jVY6IMLR8A",
    "size": [
      0.7647249866910046,
      0.08987900887464649,
      0.9000000000000057
    ],
    "obj_class": "sign",
    "point_num_in_lidar": 26,
    "speed": 0.012182232220477084,
    "if_vehicle": false,
    "motion_state": false,
    "pose": [
      [
        -0.11555016165101434,
        -0.9932746566074565,
        0.007322341412659842,
        50.0997753366164
      ],
      [
        0.9933016153559093,
        -0.11554518433789271,
        0.0011005942319730288,
        -71.01791903543744
      ],
      [
        -0.0002471310695163903,
        0.007400467394799149,
        0.9999725856285127,
        2.3406911476310057
      ],
      [
        0.0,
        0.0,
        0.0,
        1.0
      ]
    ],
    "location": [
      50.0997753366164,
      -71.01791903543744,
      2.3406911476310057
    ],
    "rotation": [
      0.007400535172588799,
      0.0002471310720319279,
      1.6866051838804104
    ]
  },
  {
    "label_id": "deOt1uW-CDcOIl6RjgwiVg",
    "size": [
      2.183129393911029,
      5.766092181557948,
      1.8799999999999955
    ],
    "obj_class": "vehicle",
    "point_num_in_lidar": 126,
    "speed": 7.105427357601002e-13,
    "if_vehicle": true,
    "motion_state": false,
    "pose": [
      [
        0.9654241471023948,
        0.260581272365936,
        0.007322341412659842,
        70.60536427340139
      ],
      [
        -0.26059588126354694,
        0.9654473446857742,
        0.0011005942319730288,
        -60.06604434185556
      ],
      [
        -0.006782540828408982,
        -0.0029707122610530324,
        0.9999725856285127,
        0.7663972014388207
      ],
      [
        0.0,
        0.0,
        0.0,
        1.0
      ]
    ],
    "location": [
      70.60536427340139,
      -60.06604434185556,
      0.7663972014388207
    ],
    "rotation": [
      -0.0029707849638474617,
      0.006782592832198331,
      -0.2636455673781927
    ]
  },
  {
    "label_id": "p0Qy-WrSMLaXYgnS7A-Zow",
    "size": [
      2.5938433370262475,
      6.144228188803043,
      2.760000000000005
    ],
    "obj_class": "vehicle",
    "point_num_in_lidar": 126,
    "speed": 7.246142549764705e-13,
    "if_vehicle": true,
    "motion_state": false,
    "pose": [
      [
        0.14427916368669233,
        0.9895099323615226,
        0.007322341412659842,
        54.185129992819384
      ],
      [
        -0.9895370239975423,
        0.14427496952148006,
        0.0011005942319730288,
        -78.75562833608365
      ],
      [
        3.261833989974361e-05,
        -0.0074045207455248445,
        0.9999725856285127,
        1.1863972014388082
      ],
      [
        0.0,
        0.0,
        0.0,
        1.0
      ]
    ],
    "location": [
      54.185129992819384,
      -78.75562833608365,
      1.1863972014388082
    ],
    "rotation": [
      -0.007404588412320372,
      -3.2618339905527686e-05,
      -1.4260118511202962
    ]
  }
]