[
  {
    "label_id": "5UJSFcWkdR4uzmByBHFHYg",
    "size": [
      2.563710095121648,
      5.774155577408081,
      2.010000000000005
    ],
    "obj_class": "vehicle",
    "point_num_in_lidar": 156,
    "speed": 3.122652607716787e-33,
    "if_vehicle": true,
    "motion_state": false,
    "pose": [
      [
        -0.6721356469408921,
        0.7404205941798657,
        -0.0033190097443434297,
        85.03977408209903
      ],
      [
        -0.7403834520552003,
        -0.6721376144315843,
        -0.00796060230409588,
        -34.5892444963647
      ],
      [
        -0.008125025179866454,
        -0.0028932646877808037,
        0.9999628058009323,
        1.0633916677816444
      ],
      [
        0.0,
        0.0,
        0.0,
        1.0
      ]
    ],
    "location": [
      85.03977408209903,
      -34.5892444963647,
      1.0633916677816444
    ],
    "rotation": [
      -0.002893364230431791,
      0.008125114579512283,
      -2.30791565850111
    ]
  },
  {
    "label_id": "6psW1wQYXnOuX4uHcX4ojw",
    "size": [
      2.2218024546254367,
      5.503953301999235,
      1.9300000000000068
    ],
    "obj_class": "vehicle",
    "point_num_in_lidar": 207,
    "speed": 2.517875594025307e-28,
    "if_vehicle": true,
    "motion_state": false,
    "pose": [
      [
        -0.31480892870594845,
        -0.9491492625405816,
        -0.0033190097443434297,
        77.39040634705088
      ],
      [
        0.9491327328410805,
        -0.3147756093800446,
        -0.00796060230409588,
        -63.745388127073056
      ],
      [
        0.006511056491497449,
        -0.005656249472181384,
        0.9999628058009323,
        0.9263972014389168
      ],
      [
        0.0,
        0.0,
        0.0,
        1.0
      ]
    ],
    "location": [
      77.39040634705088,
      -63.745388127073056,
      0.9263972014389168
    ],
    "rotation": [
      -0.00565639953367445,
      -0.006511102497174356,
      1.891058698077712
    ]
  },
  {
    "label_id": "AQXlM_C6UwYuvgJF_2kmzg",
    "size": [
      0.8026782762837823,
      0.0996124924895427,
      0.7800000000000011
    ],
    "obj_class": "sign",
    "point_num_in_lidar": 21,
    "speed": 0.014846397317585048,
    "if_vehicle": false,
    "motion_state": false,
    "pose": [
      [
        -0.9999786094897891,
        -0.005636021396748109,
        -0.0033190097443434297,
        44.95976041933045
      ],
      [
        0.00566229489575257,
        -0.9999522824752537,
        -0.00796060230409588,
        -56.08627046125366
      ],
      [
        -0.003273985244496934,
        -0.007979225234685357,
        0.9999628058009323,
        2.226397201438701
      ],
      [
        0.0,
        0.0,
        0.0,
        1.0
      ]
    ],
    "location": [
      44.95976041933045,
      -56.08627046125366,
      2.226397201438701
    ],
    "rotation": [
      -0.007979352673657649,
      0.003273991093488535,
      3.135930298088839
    ]
  },
  {
    "label_id": "UK6E2kRt1ZqUWEMimjk-Sg",
    "size": [
      0.4748423513392479,
      0.07188698640786212,
      0.6299999999999955
    ],
    "obj_class": "sign",
    "point_num_in_lidar": 36,
    "speed": 0.015532389092241269,
    "if_vehicle": false,
    "motion_state": false,
    "pose": [
      [
        0.9999944920719899,
        4.8548927741350005e-14,
        -0.0033190097443434297,
        43.05048094338417
      ],
      [
        -2.642146219420009e-05,
        0.9999683135544158,
        -0.00796060230409588,
        -48.27550729605082
      ],
      [
        0.0033189045767213856,
        0.007960646150761953,
        0.9999628058009323,
        2.151397201438698
      ],
      [
        0.0,
        0.0,
        0.0,
        1.0
      ]
    ],
    "location": [
      43.05048094338417,
      -48.27550729605082,
      2.151397201438698
    ],
    "rotation": [
      0.007960774078872739,
      -0.0033189106697778157,
      -2.6421607716365017e-05
    ]
  },
  {
    "label_id": "YQDeyUk_FURvCX29wKApvw",
    "size": [
      2.0807215633177494,
      4.334978617532284,
      1.769999999999996
    ],
    "obj_class": "vehicle",
    "point_num_in_lidar": 41,
    "speed": 9.01127413880079e-37,
    "if_vehicle": true,
    "motion_state": false,
    "pose": [
      [
        0.04539092607935544,
        -0.9989637871334354,
        -0.0033190097443434297,
        39.06137069930719
      ],
      [
        0.9989364362970964,
        0.04541613203491858,
        -0.00796060230409588,
        -36.39501622249372
      ],
      [
        0.008103090010337053,
        -0.0029541406553174,
        0.9999628058009323,
        0.7513972014388486
      ],
      [
        0.0,
        0.0,
        0.0,
        1.0
      ]
    ],
    "location": [
      39.06137069930719,
      -36.39501622249372,
      0.7513972014388486
    ],
    "rotation": [
      -0.0029542419418429992,
      -0.008103178687863699,
      1.525388307688701
    ]
  },
  {
    "label_id": "cZ-yQO3xRB_4jVY6IMLR8A",
    "size": [
      0.7647249866910051,
      0.08987900887464649,
      0.9000000000000057
    ],
    "obj_class": "sign",
    "point_num_in_lidar": 47,
    "speed": 0.010509661785065207,
    "if_vehicle": false,
    "motion_state": false,
    "pose": [
      [
        -0.11555262302478078,
        -0.9932958146928889,
        -0.0033190097443434297,
        50.12153781282268
      ],
      [
        0.9932728646237955,
        -0.11552335353942664,
        -0.00796060230409588,
        -71.02160436391114
      ],
      [
        0.007523809814996416,
        -0.004216550793573682,
        0.9999628058009323,
        2.3899682461852905
      ],
      [
        0.0,
        0.0,
        0.0,
        1.0
      ]
    ],
    "location": [
      50.12153781282268,
      -71.02160436391114,
      2.3899682461852905
    ],
    "rotation": [
      -0.0042166826390067575,
      -0.007523880801083891,
      1.6866109510821043
    ]
  },
  {
    "label_id": "deOt1uW-CDcOIl6RjgwiVg",
    "size": [
      2.1831293939110332,
      5.766092181557948,
      1.8799999999999955
    ],
    "obj_class": "vehicle",
    "point_num_in_lidar": 407,
    "speed": 2.5178770947976317e-28,
    "if_vehicle": true,
    "motion_state": false,
    "pose": [
      [
        0.965444711934534,
        0.26058682309733444,
        -0.0033190097443434297,
        70.60536427340139
      ],
      [
        -0.26060550988444203,
        0.9654125527611633,
        -0.00796060230409588,
        -60.06604434185647
      ],
      [
        0.0011297856055601009,
        0.008550473625039285,
        0.9999628058009323,
        0.7663972014388207
      ],
      [
        0.0,
        0.0,
        0.0,
        1.0
      ]
    ],
    "location": [
      70.60536427340139,
      -60.06604434185647,
      0.7663972014388207
    ],
    "rotation": [
      0.008550583274025567,
      -0.001129785845906218,
      -0.26364950406381665
    ]
  },
  {
    "label_id": "kLyj3L1uMOIOYODdK7leLQ",
    "size": [
      1.8337400723109223,
      4.412437662297059,
      1.4599999999999937
    ],
    "obj_class": "vehicle",
    "point_num_in_lidar": 163,
    "speed": 3.122652607716787e-33,
    "if_vehicle": true,
    "motion_state": false,
    "pose": [
      [
        -0.15083358739909625,
        0.988553596466391,
        -0.0033190097443434297,
        88.51853047626082
      ],
      [
        -0.988523732190283,
        -0.15085575795291956,
        -0.00796060230409588,
        -51.1732352052677
      ],
      [
        -0.008370173768388674,
        0.0020801936962699915,
        0.9999628058009323,
        0.6163972014388293
      ],
      [
        0.0,
        0.0,
        0.0,
        1.0
      ]
    ],
    "location": [
      88.51853047626082,
      -51.1732352052677,
      0.6163972014388293
    ],
    "rotation": [
      0.0020802680694838416,
      0.008370271506932562,
      -1.7222131252572745
    ]
  },
  {
    "label_id": "p0Qy-WrSMLaXYgnS7A-Zow",
    "size": [
      2.5938433370262475,
      6.144228188803043,
      2.760000000000005
    ],
    "obj_class": "vehicle",
    "point_num_in_lidar": 278,
    "speed": 1.126029218270527e-28,
    "if_vehicle": true,
    "motion_state": false,
    "pose": [
      [
        0.14428223702682788,
        0.989531010253267,
        -0.0033190097443434297,
        54.185129992819384
      ],
      [
        -0.9895089178243054,
        0.14425231491081203,
        -0.00796060230409588,
        -78.75562833608456
      ],
      [
        -0.007398488001363398,
        0.004432763248889466,
        0.9999628058009323,
        1.1863972014388224
      ],
      [
        0.0,
        0.0,
        0.0,
        1.0
      ]
    ],
    "location": [
      54.185129992819384,
      -78.75562833608456,
      1.1863972014388224
    ],
    "rotation": [
      0.004432899091505192,
      0.007398555498969276,
      -1.426004754607046
    ]
  }
]