[
  {
    "label_id": "6psW1wQYXnOuX4uHcX4ojw",
    "size": [
      2.2218024546254354,
      5.503953301999235,
      1.9300000000000068
    ],
    "obj_class": "vehicle",
    "point_num_in_lidar": 25,
    "speed": 3.1776437161565096e-13,
    "if_vehicle": true,
    "motion_state": false,
    "pose": [
      [
        -0.31480770431903465,
        -0.9491455710127007,
        0.0043352425945374735,
        77.39040634705088
      ],
      [
        0.9490331675765707,
        -0.31483717731290756,
        -0.014615013555287881,
        -63.74538812707033
      ],
      [
        0.015236670927722941,
        -0.00048662985422498136,
        0.9998837967736177,
        0.926397201438931
      ],
      [
        0.0,
        0.0,
        0.0,
        1.0
      ]
    ],
    "location": [
      77.39040634705088,
      -63.74538812707033,
      0.926397201438931
    ],
    "rotation": [
      -0.00048668637032981256,
      -0.015237260537108941,
      1.8910888841502047
    ]
  },
  {
    "label_id": "9pzMzUwtpam_fxj_e07WDA",
    "size": [
      1.8034963206419483,
      3.7104076065063856,
      1.6700000000000017
    ],
    "obj_class": "vehicle",
    "point_num_in_lidar": 38,
    "speed": 7.44913737106591,
    "if_vehicle": true,
    "motion_state": true,
    "pose": [
      [
        0.08490262319222182,
        0.9963798222800009,
        0.0043352425945374735,
        56.20674750379658
      ],
      [
        -0.9962773846955181,
        0.08495748420849916,
        -0.014615013555287881,
        -64.32683112516861
      ],
      [
        -0.014930415913102972,
        -0.0030782511652725853,
        0.9998837967736177,
        0.5983150564366326
      ],
      [
        0.0,
        0.0,
        0.0,
        1.0
      ]
    ],
    "location": [
      56.20674750379658,
      -64.32683112516861,
      0.5983150564366326
    ],
    "rotation": [
      -0.003078599183435769,
      0.01493097067680333,
      -1.4857818694856262
    ]
  },
  {
    "label_id": "NpgYXf4XTJ6kqOYVa3hU7A",
    "size": [
      2.118562472444859,
      5.685590765586477,
      2.1400000000000006
    ],
    "obj_class": "vehicle",
    "point_num_in_lidar": 203,
    "speed": 1.1718571004216928e-12,
    "if_vehicle": true,
    "motion_state": false,
    "pose": [
      [
        -0.005053297418016414,
        0.9999778346827751,
        0.0043352425945374735,
        112.85428465506357
      ],
      [
        -0.9998807462941854,
        -0.004989445756936124,
        -0.014615013555287881,
        28.295445662859493
      ],
      [
        -0.014593059151107578,
        -0.004408579611055681,
        0.9998837967736177,
        1.084373205023624
      ],
      [
        0.0,
        0.0,
        0.0,
        1.0
      ]
    ],
    "location": [
      112.85428465506357,
      28.295445662859493,
      1.084373205023624
    ],
    "rotation": [
      -0.004409063391049286,
      0.01459357715067872,
      -1.575850183881142
    ]
  },
  {
    "label_id": "QESI1jS0XVIsWcnGiECNUg",
    "size": [
      2.118292952002679,
      4.818602762864446,
      1.5699999999999932
    ],
    "obj_class": "vehicle",
    "point_num_in_lidar": 4777,
    "speed": 13.170787194131194,
    "if_vehicle": true,
    "motion_state": true,
    "pose": [
      [
        0.9996656431921915,
        -0.025491321911359423,
        0.0043352425945374735,
        51.11621507576183
      ],
      [
        0.025552178418101076,
        0.9995666498822718,
        -0.014615013555287881,
        8.993357807201392
      ],
      [
        -0.003960807901372026,
        0.014720901818270831,
        0.9998837967736177,
        0.8020481992694926
      ],
      [
        0.0,
        0.0,
        0.0,
        1.0
      ]
    ],
    "location": [
      51.11621507576183,
      8.993357807201392,
      0.8020481992694926
    ],
    "rotation": [
      0.014721549036795942,
      0.0039608182576370225,
      0.025555160296225326
    ]
  },
  {
    "label_id": "RNclpp668PoWogEcwJ2-qg",
    "size": [
      2.440003431167688,
      5.487699099832537,
      1.980000000000004
    ],
    "obj_class": "vehicle",
    "point_num_in_lidar": 38,
    "speed": 14.452844648772643,
    "if_vehicle": true,
    "motion_state": true,
    "pose": [
      [
        0.9995719811872394,
        -0.02893199089353248,
        0.0043352425945374735,
        113.18773961235092
      ],
      [
        0.028992506307699593,
        0.9994727789973955,
        -0.014615013555287881,
        10.534887768954832
      ],
      [
        -0.003910115524499805,
        0.014734447602805003,
        0.9998837967736177,
        1.229347942214602
      ],
      [
        0.0,
        0.0,
        0.0,
        1.0
      ]
    ],
    "location": [
      113.18773961235092,
      10.534887768954832,
      1.229347942214602
    ],
    "rotation": [
      0.014735093457049432,
      0.003910125488196624,
      0.028996791256882874
    ]
  },
  {
    "label_id": "a1nFRvrGYOqYo7ZueXMtwg",
    "size": [
      2.3466301194120733,
      5.022091046558212,
      1.9699999999999989
    ],
    "obj_class": "vehicle",
    "point_num_in_lidar": 742,
    "speed": 20.3477441355373,
    "if_vehicle": true,
    "motion_state": true,
    "pose": [
      [
        -0.999784836026913,
        0.02028515028993312,
        0.0043352425945374735,
        64.73099299425667
      ],
      [
        -0.020346521485802432,
        -0.9996861609736359,
        -0.014615013555287881,
        18.96213880606865
      ],
      [
        0.004037414279764128,
        -0.014700076037500526,
        0.9998837967736177,
        0.9835437128581361
      ],
      [
        0.0,
        0.0,
        0.0,
        1.0
      ]
    ],
    "location": [
      64.73099299425667,
      18.96213880606865,
      0.9835437128581361
    ],
    "rotation": [
      -0.014700725342985464,
      -0.004037425248633879,
      -3.1212445621292866
    ]
  },
  {
    "label_id": "deOt1uW-CDcOIl6RjgwiVg",
    "size": [
      2.1831293939110314,
      5.766092181557948,
      1.8799999999999955
    ],
    "obj_class": "vehicle",
    "point_num_in_lidar": 50,
    "speed": 7.105427357601002e-13,
    "if_vehicle": true,
    "motion_state": false,
    "pose": [
      [
        0.9654409570287331,
        0.26058580959655175,
        0.0043352425945374735,
        70.60536427340139
      ],
      [
        -0.2604992546121207,
        0.9653634236521021,
        -0.014615013555287881,
        -60.06604434185556
      ],
      [
        -0.007993549772994388,
        0.01298060520936531,
        0.9998837967736177,
        0.7663972014388492
      ],
      [
        0.0,
        0.0,
        0.0,
        1.0
      ]
    ],
    "location": [
      70.60536427340139,
      -60.06604434185556,
      0.7663972014388492
    ],
    "rotation": [
      0.012981384531893295,
      0.007993634902534637,
      -0.2635478957108815
    ]
  },
  {
    "label_id": "fgSxJZzy5NVmHIlLOT-_5Q",
    "size": [
      0.9342129643291939,
      0.12607120295334218,
      0.7800000000000011
    ],
    "obj_class": "sign",
    "point_num_in_lidar": 69,
    "speed": 0.029055418587224876,
    "if_vehicle": false,
    "motion_state": false,
    "pose": [
      [
        0.02196971020545914,
        0.9997492373116044,
        0.0043352425945374735,
        61.97524822414471
      ],
      [
        -0.9996504589909264,
        0.022030915051555584,
        -0.014615013555287881,
        -4.231160570057909
      ],
      [
        -0.01470685801652596,
        -0.004012639637007869,
        0.9998837967736177,
        2.476397201438715
      ],
      [
        0.0,
        0.0,
        0.0,
        1.0
      ]
    ],
    "location": [
      61.97524822414471,
      -4.231160570057909,
      2.476397201438715
    ],
    "rotation": [
      -0.00401308442936119,
      0.014707388229954056,
      -1.548822471966903
    ]
  },
  {
    "label_id": "jIEV5FP4G166BNgiqm1UEQ",
    "size": [
      2.163523553350748,
      4.974505882376832,
      1.4699999999999989
    ],
    "obj_class": "vehicle",
    "point_num_in_lidar": 322,
    "speed": 14.236591813733055,
    "if_vehicle": true,
    "motion_state": true,
    "pose": [
      [
        0.9997616323124923,
        -0.021398229541419622,
        0.0043352425945374735,
        73.65215917183468
      ],
      [
        0.021459490841221493,
        0.9996628889938919,
        -0.014615013555287881,
        9.511463377656582
      ],
      [
        -0.0040210457217376965,
        0.014704561907055764,
        0.9998837967736177,
        0.8714688264513484
      ],
      [
        0.0,
        0.0,
        0.0,
        1.0
      ]
    ],
    "location": [
      73.65215917183468,
      9.511463377656582,
      0.8714688264513484
    ],
    "rotation": [
      0.014705210764087942,
      0.004021056557736378,
      0.02146131176268179
    ]
  },
  {
    "label_id": "kA33JYJHFhAzyd5s8EW5cA",
    "size": [
      1.9026469393248504,
      4.857537240935954,
      1.8299999999999983
    ],
    "obj_class": "vehicle",
    "point_num_in_lidar": 38,
    "speed": 0.5072764460051734,
    "if_vehicle": true,
    "motion_state": false,
    "pose": [
      [
        0.0019612791866043546,
        0.999988679463722,
        0.0043352425945374735,
        112.840052053205
      ],
      [
        -0.9998911455694081,
        0.0020244482397995707,
        -0.014615013555287881,
        37.05051029066817
      ],
      [
        -0.014623624579736342,
        -0.004306106562275441,
        0.9998837967736177,
        1.183048443944685
      ],
      [
        0.0,
        0.0,
        0.0,
        1.0
      ]
    ],
    "location": [
      112.840052053205,
      37.05051029066817,
      1.183048443944685
    ],
    "rotation": [
      -0.004306580379515697,
      0.01462414584121781,
      -1.568834836606699
    ]
  },
  {
    "label_id": "oP9OvCFew_keTV7DaKVdOA",
    "size": [
      1.956371745263903,
      4.637533959311318,
      1.4599999999999937
    ],
    "obj_class": "vehicle",
    "point_num_in_lidar": 53,
    "speed": 13.947393938182122,
    "if_vehicle": true,
    "motion_state": true,
    "pose": [
      [
        0.9996611297265104,
        -0.02566771095293407,
        0.0043352425945374735,
        93.8318304503191
      ],
      [
        0.02572854999151376,
        0.9995621256800964,
        -0.014615013555287881,
        10.273789943538759
      ],
      [
        -0.003958210359624431,
        0.014721600467466244,
        0.9998837967736177,
        0.912123748476148
      ],
      [
        0.0,
        0.0,
        0.0,
        1.0
      ]
    ],
    "location": [
      93.8318304503191,
      10.273789943538759,
      0.912123748476148
    ],
    "rotation": [
      0.014722247615758187,
      0.003958220695527432,
      0.025731590994427473
    ]
  },
  {
    "label_id": "oltlnXUGjkBTDqRpmRp9-A",
    "size": [
      0.5749823619918236,
      0.09466475790227624,
      0.7099999999999937
    ],
    "obj_class": "sign",
    "point_num_in_lidar": 53,
    "speed": 0.0075900205779373285,
    "if_vehicle": false,
    "motion_state": false,
    "pose": [
      [
        -0.9996574483027463,
        0.02581069012034672,
        0.0043352425945374735,
        70.0647355671972
      ],
      [
        -0.025871514997963474,
        -0.9995584355556651,
        -0.014615013555287881,
        4.011571239602745
      ],
      [
        0.0039561047195699585,
        -0.014722166451393518,
        0.9998837967736177,
        0.876602444174992
      ],
      [
        0.0,
        0.0,
        0.0,
        1.0
      ]
    ],
    "location": [
      70.0647355671972,
      4.011571239602745,
      0.876602444174992
    ],
    "rotation": [
      -0.014722813542778207,
      -0.003956115038986555,
      -3.1157180490778615
    ]
  },
  {
    "label_id": "robMOCyLeWmEFwjRDOllKw",
    "size": [
      0.7963630084018435,
      0.12878173358720418,
      0.75
    ],
    "obj_class": "sign",
    "point_num_in_lidar": 20,
    "speed": 0.042442986864167094,
    "if_vehicle": false,
    "motion_state": false,
    "pose": [
      [
        -0.9985398557823789,
        -0.05384572486049726,
        0.0043352425945374735,
        109.2030221852583
      ],
      [
        0.05377721140502239,
        -0.9984459989965797,
        -0.014615013555287881,
        1.889152674781144
      ],
      [
        0.005115461621925962,
        -0.014360536270256173,
        0.9998837967736177,
        2.7283391134879764
      ],
      [
        0.0,
        0.0,
        0.0,
        1.0
      ]
    ],
    "location": [
      109.2030221852583,
      1.889152674781144,
      2.7283391134879764
    ],
    "rotation": [
      -0.014361217815616155,
      -0.005115483932377298,
      3.087788783228133
    ]
  }
]