[
  {
    "label_id": "DKAyq8VdQ-2ENdUI9M_pLw",
    "size": [
      1.8703044907484068,
      4.025119694104195,
      1.9000000000000057
    ],
    "obj_class": "vehicle",
    "point_num_in_lidar": 21,
    "speed": 15.72848233341003,
    "if_vehicle": true,
    "motion_state": true,
    "pose": [
      [
        0.9997200639821843,
        -0.0234006869263077,
        0.003493067825616171,
        99.5920863989677
      ],
      [
        0.023501959900360497,
        0.9991954054753445,
        -0.03249922395694632,
        9.947366716597571
      ],
      [
        -0.00272975315720497,
        0.032572220193576584,
        0.9994656566982989,
        1.2721237484760763
      ],
      [
        0.0,
        0.0,
        0.0,
        1.0
      ]
    ],
    "location": [
      99.5920863989677,
      9.947366716597571,
      1.2721237484760763
    ],
    "rotation": [
      0.03257810394727834,
      0.0027297565473660738,
      0.023504211546401855
    ]
  },
  {
    "label_id": "RNclpp668PoWogEcwJ2-qg",
    "size": [
      2.440003431168864,
      5.487699099832537,
      1.980000000000004
    ],
    "obj_class": "vehicle",
    "point_num_in_lidar": 124,
    "speed": 14.352248424839436,
    "if_vehicle": true,
    "motion_state": true,
    "pose": [
      [
        0.9996341847889969,
        -0.026819677074922107,
        0.003493067825616171,
        74.19477576891859
      ],
      [
        0.02691915508029821,
        0.9991091829885055,
        -0.03249922395694632,
        9.463872119837106
      ],
      [
        -0.0026183374496639355,
        0.03258136568098084,
        0.9994656566982989,
        1.2293479422145737
      ],
      [
        0.0,
        0.0,
        0.0,
        1.0
      ]
    ],
    "location": [
      74.19477576891859,
      9.463872119837106,
      1.2293479422145737
    ],
    "rotation": [
      0.03258724461324165,
      0.002618340441425247,
      0.026922499569712238
    ]
  },
  {
    "label_id": "SLnsiKRUrs7uNqSMWRa3Xw",
    "size": [
      0.9606556751763129,
      0.11257730313649715,
      0.9399999999999977
    ],
    "obj_class": "sign",
    "point_num_in_lidar": 786,
    "speed": 0.04853385052378114,
    "if_vehicle": false,
    "motion_state": false,
    "pose": [
      [
        -0.9990235908806034,
        -0.04404160920300928,
        0.003493067825616171,
        36.81256306256819
      ],
      [
        0.0439052004247893,
        -0.9985069523132302,
        -0.03249922395694632,
        0.11361531340571673
      ],
      [
        0.004919170629692312,
        -0.03231412757532039,
        0.9994656566982989,
        1.3911535606326595
      ],
      [
        0.0,
        0.0,
        0.0,
        1.0
      ]
    ],
    "location": [
      36.81256306256819,
      0.11361531340571673,
      1.3911535606326595
    ],
    "rotation": [
      -0.032320145154042974,
      -0.004919190469120005,
      3.0976728034133028
    ]
  },
  {
    "label_id": "jIEV5FP4G166BNgiqm1UEQ",
    "size": [
      2.163523553351366,
      4.974505882376832,
      1.4699999999999989
    ],
    "obj_class": "vehicle",
    "point_num_in_lidar": 2871,
    "speed": 12.870814470054581,
    "if_vehicle": true,
    "motion_state": true,
    "pose": [
      [
        0.9998105245352729,
        -0.01914976515961368,
        0.003493067825616171,
        36.60607234710733
      ],
      [
        0.01925326801398982,
        0.9992863013736243,
        -0.03249922395694632,
        8.677535487761816
      ],
      [
        -0.0028682223212619785,
        0.03256031912242144,
        0.9994656566982989,
        0.8103621471736346
      ],
      [
        0.0,
        0.0,
        0.0,
        1.0
      ]
    ],
    "location": [
      36.60607234710733,
      8.677535487761816,
      0.8103621471736346
    ],
    "rotation": [
      0.03256620914213569,
      0.0028682262539436233,
      0.01925453691667247
    ]
  },
  {
    "label_id": "oP9OvCFew_keTV7DaKVdOA",
    "size": [
      1.9563717452627958,
      4.637533959311318,
      1.4599999999999937
    ],
    "obj_class": "vehicle",
    "point_num_in_lidar": 207,
    "speed": 14.043542483310945,
    "if_vehicle": true,
    "motion_state": true,
    "pose": [
      [
        0.9996715287154314,
        -0.025389626876308614,
        0.003493067825616171,
        56.04524005309213
      ],
      [
        0.025489855819158847,
        0.9991466697600081,
        -0.03249922395694632,
        9.309002995746596
      ],
      [
        -0.0026649439151737726,
        0.0325775866903472,
        0.9994656566982989,
        0.9121237484761764
      ],
      [
        0.0,
        0.0,
        0.0,
        1.0
      ]
    ],
    "location": [
      56.04524005309213,
      9.309002995746596,
      0.9121237484761764
    ],
    "rotation": [
      0.0325834676155274,
      0.0026649470695562986,
      0.025492707435639236
    ]
  },
  {
    "label_id": "oltlnXUGjkBTDqRpmRp9-A",
    "size": [
      0.5749823619918246,
      0.09466475790227624,
      0.7099999999999937
    ],
    "obj_class": "sign",
    "point_num_in_lidar": 27,
    "speed": 0.0355052592188369,
    "if_vehicle": false,
    "motion_state": false,
    "pose": [
      [
        -0.9996607436328198,
        0.0258107752042341,
        0.003493067825616171,
        70.08635308575413
      ],
      [
        -0.02591078302090507,
        -0.9991358424986263,
        -0.03249922395694632,
        4.038984837291537
      ],
      [
        0.0026512191009870566,
        -0.032578706510797355,
        0.9994656566982989,
        0.8860920443527789
      ],
      [
        0.0,
        0.0,
        0.0,
        1.0
      ]
    ],
    "location": [
      70.08635308575413,
      4.038984837291537,
      0.8860920443527789
    ],
    "rotation": [
      -0.03258458684551685,
      -0.0026512222068835853,
      -3.115678879317239
    ]
  }
]