[
  {
    "label_id": "DKAyq8VdQ-2ENdUI9M_pLw",
    "size": [
      1.870304490749719,
      4.025119694104195,
      1.9000000000000057
    ],
    "obj_class": "vehicle",
    "point_num_in_lidar": 28,
    "speed": 15.731655292042626,
    "if_vehicle": true,
    "motion_state": true,
    "pose": [
      [
        0.9997197432118592,
        -0.023387948211640846,
        0.0036659120098558907,
        96.39056831340622
      ],
      [
        0.02349762750380847,
        0.999163915928044,
        -0.033456398626103466,
        9.872441288569462
      ],
      [
        -0.0028803704807999386,
        0.033533162478151086,
        0.9994334547532954,
        1.2721237484760906
      ],
      [
        0.0,
        0.0,
        0.0,
        1.0
      ]
    ],
    "location": [
      96.39056831340622,
      9.872441288569462,
      1.2721237484760906
    ],
    "rotation": [
      0.03353958936654126,
      0.002880374463663464,
      0.023499887867330132
    ]
  },
  {
    "label_id": "RNclpp668PoWogEcwJ2-qg",
    "size": [
      2.440003431168577,
      5.487699099832537,
      1.980000000000004
    ],
    "obj_class": "vehicle",
    "point_num_in_lidar": 148,
    "speed": 14.348333167945514,
    "if_vehicle": true,
    "motion_state": true,
    "pose": [
      [
        0.9996387385136102,
        -0.026626181702494683,
        0.0036659120098558907,
        71.30058644159362
      ],
      [
        0.026734059947915955,
        0.9990825588657188,
        -0.033456398626103466,
        9.386967418715358
      ],
      [
        -0.0027717326024536693,
        0.033542316829241824,
        0.9994334547532954,
        1.229347942214602
      ],
      [
        0.0,
        0.0,
        0.0,
        1.0
      ]
    ],
    "location": [
      71.30058644159362,
      9.386967418715358,
      1.229347942214602
    ],
    "rotation": [
      0.03354873860437602,
      0.0027717361514393063,
      0.02673734821858496
    ]
  },
  {
    "label_id": "SLnsiKRUrs7uNqSMWRa3Xw",
    "size": [
      0.9606556751763135,
      0.11257730313649715,
      0.9399999999999977
    ],
    "obj_class": "sign",
    "point_num_in_lidar": 668,
    "speed": 0.028778829267147726,
    "if_vehicle": false,
    "motion_state": false,
    "pose": [
      [
        -0.9990229727829544,
        -0.04404158195438118,
        0.0036659120098558907,
        36.81359921004241
      ],
      [
        0.04389469191943246,
        -0.9984758011150142,
        -0.033456398626103466,
        0.11764605877669965
      ],
      [
        0.0051337971528479945,
        -0.03326279673578507,
        0.9994334547532954,
        1.4002760366895046
      ],
      [
        0.0,
        0.0,
        0.0,
        1.0
      ]
    ],
    "location": [
      36.81359921004241,
      0.11764605877669965,
      1.4002760366895046
    ],
    "rotation": [
      -0.03326937211346291,
      -0.005133819704066594,
      3.0976832747850436
    ]
  },
  {
    "label_id": "jIEV5FP4G166BNgiqm1UEQ",
    "size": [
      2.163523553351254,
      4.974505882376832,
      1.4699999999999989
    ],
    "obj_class": "vehicle",
    "point_num_in_lidar": 3574,
    "speed": 12.751362106420892,
    "if_vehicle": true,
    "motion_state": true,
    "pose": [
      [
        0.999796252295937,
        -0.019849810682603497,
        0.0036659120098558907,
        34.055247541901736
      ],
      [
        0.01996145635118395,
        0.999240816645973,
        -0.033456398626103466,
        8.62971479893804
      ],
      [
        -0.002999025731630811,
        0.0335227589042692,
        0.9994334547532954,
        0.8136952725305377
      ],
      [
        0.0,
        0.0,
        0.0,
        1.0
      ]
    ],
    "location": [
      34.055247541901736,
      8.62971479893804,
      0.8136952725305377
    ],
    "rotation": [
      0.03352919159686221,
      0.0029990302272662225,
      0.019962872015101985
    ]
  },
  {
    "label_id": "oP9OvCFew_keTV7DaKVdOA",
    "size": [
      1.9563717452645437,
      4.637533959311318,
      1.4599999999999937
    ],
    "obj_class": "vehicle",
    "point_num_in_lidar": 222,
    "speed": 14.05978283631931,
    "if_vehicle": true,
    "motion_state": true,
    "pose": [
      [
        0.9996637755227052,
        -0.02566898901059871,
        0.0036659120098558907,
        53.24107845810704
      ],
      [
        0.02577739976326324,
        0.9991076994260509,
        -0.033456398626103466,
        9.236396452433837
      ],
      [
        -0.00280384898579779,
        0.033539647445338244,
        0.9994334547532954,
        0.9121237484761622
      ],
      [
        0.0,
        0.0,
        0.0,
        1.0
      ]
    ],
    "location": [
      53.24107845810704,
      9.236396452433837,
      0.9121237484761622
    ],
    "rotation": [
      0.03354607071206425,
      0.002803852659586228,
      0.025780356713665742
    ]
  },
  {
    "label_id": "oltlnXUGjkBTDqRpmRp9-A",
    "size": [
      0.5749823619918243,
      0.09466475790227624,
      0.7099999999999937
    ],
    "obj_class": "sign",
    "point_num_in_lidar": 32,
    "speed": 0.035035701233632664,
    "if_vehicle": false,
    "motion_state": false,
    "pose": [
      [
        -0.9996601251409631,
        0.025810759235054256,
        0.0036659120098558907,
        70.09420186137686
      ],
      [
        -0.025919091124936778,
        -0.9991040336752868,
        -0.033456398626103466,
        4.045547846935733
      ],
      [
        0.0027990924263353416,
        -0.033540044744775996,
        0.9994334547532954,
        0.9083140133990355
      ],
      [
        0.0,
        0.0,
        0.0,
        1.0
      ]
    ],
    "location": [
      70.09420186137686,
      4.045547846935733,
      0.9083140133990355
    ],
    "rotation": [
      -0.03354646778953026,
      -0.0027990960814583596,
      -3.1156705579443322
    ]
  }
]