[
  {
    "label_id": "DKAyq8VdQ-2ENdUI9M_pLw",
    "size": [
      1.8703044907490884,
      4.025119694104195,
      1.9000000000000057
    ],
    "obj_class": "vehicle",
    "point_num_in_lidar": 20,
    "speed": 15.701187529963505,
    "if_vehicle": true,
    "motion_state": true,
    "pose": [
      [
        0.9997209428138335,
        -0.023403436030235005,
        0.0032118034495356457,
        102.706098204716
      ],
      [
        0.023495802442967492,
        0.9991921519279253,
        -0.032603539580891225,
        10.02027041551446
      ],
      [
        -0.002446173947370433,
        0.032669905228212635,
        0.9994632026870218,
        1.2721237484760906
      ],
      [
        0.0,
        0.0,
        0.0,
        1.0
      ]
    ],
    "location": [
      102.706098204716,
      10.02027041551446,
      1.2721237484760906
    ],
    "rotation": [
      0.03267581737372719,
      0.002446176386932818,
      0.02349803511694558
    ]
  },
  {
    "label_id": "RNclpp668PoWogEcwJ2-qg",
    "size": [
      2.4400034311669856,
      5.487699099832537,
      1.980000000000004
    ],
    "obj_class": "vehicle",
    "point_num_in_lidar": 117,
    "speed": 14.362699144152337,
    "if_vehicle": true,
    "motion_state": true,
    "pose": [
      [
        0.9996299167538923,
        -0.02701321619518976,
        0.0032118034495356457,
        77.08949995875173
      ],
      [
        0.027103672573368515,
        0.999100795785807,
        -0.032603539580891225,
        9.540791033381538
      ],
      [
        -0.0023281889189116227,
        0.03267852522619475,
        0.9994632026870218,
        1.2293479422146163
      ],
      [
        0.0,
        0.0,
        0.0,
        1.0
      ]
    ],
    "location": [
      77.08949995875173,
      9.540791033381538,
      1.2293479422146163
    ],
    "rotation": [
      0.032684432793643775,
      0.0023281910222273175,
      0.027107065589304154
    ]
  },
  {
    "label_id": "SLnsiKRUrs7uNqSMWRa3Xw",
    "size": [
      0.9606556751763135,
      0.11257730313649715,
      0.9399999999999977
    ],
    "obj_class": "sign",
    "point_num_in_lidar": 896,
    "speed": 0.06797805272585014,
    "if_vehicle": false,
    "motion_state": false,
    "pose": [
      [
        -0.9990245328916951,
        -0.044041650731234755,
        0.0032118034495356457,
        36.80388936237614
      ],
      [
        0.043913848279008606,
        -0.9985031713200141,
        -0.032603539580891225,
        0.12172052071855433
      ],
      [
        0.004642909632841502,
        -0.03243069325103084,
        0.9994632026870218,
        1.3865929860824053
      ],
      [
        0.0,
        0.0,
        0.0,
        1.0
      ]
    ],
    "location": [
      36.80388936237614,
      0.12172052071855433,
      1.3865929860824053
    ],
    "rotation": [
      -0.032436730510335805,
      -0.004642926313901911,
      3.0976642051654073
    ]
  },
  {
    "label_id": "jIEV5FP4G166BNgiqm1UEQ",
    "size": [
      2.1635235533521415,
      4.974505882376832,
      1.4699999999999989
    ],
    "obj_class": "vehicle",
    "point_num_in_lidar": 2290,
    "speed": 13.008482010038813,
    "if_vehicle": true,
    "motion_state": true,
    "pose": [
      [
        0.9998246332171993,
        -0.018449583482960916,
        0.0032118034495356457,
        39.157377683693994
      ],
      [
        0.018544568893142807,
        0.9992963064934067,
        -0.032603539580891225,
        8.725365185178816
      ],
      [
        -0.0026080215989660806,
        0.03265738351338814,
        0.9994632026870218,
        0.8070283939134555
      ],
      [
        0.0,
        0.0,
        0.0,
        1.0
      ]
    ],
    "location": [
      39.157377683693994,
      8.725365185178816,
      0.8070283939134555
    ],
    "rotation": [
      0.03266330230051923,
      0.0026080245555052035,
      0.018545695052919697
    ]
  },
  {
    "label_id": "oP9OvCFew_keTV7DaKVdOA",
    "size": [
      1.9563717452645881,
      4.637533959311318,
      1.4599999999999937
    ],
    "obj_class": "vehicle",
    "point_num_in_lidar": 181,
    "speed": 14.030501221572964,
    "if_vehicle": true,
    "motion_state": true,
    "pose": [
      [
        0.9996795292697245,
        -0.025110218590522506,
        0.0032118034495356457,
        58.849923216957905
      ],
      [
        0.025201682067606156,
        0.9991505814579504,
        -0.032603539580891225,
        9.381623043743275
      ],
      [
        -0.0023903932784312605,
        0.032674033950151,
        0.9994632026870218,
        0.9121237484761622
      ],
      [
        0.0,
        0.0,
        0.0,
        1.0
      ]
    ],
    "location": [
      58.849923216957905,
      9.381623043743275,
      0.9121237484761622
    ],
    "rotation": [
      0.03267994390351427,
      0.002390395554880355,
      0.025204422556604343
    ]
  },
  {
    "label_id": "oltlnXUGjkBTDqRpmRp9-A",
    "size": [
      0.5749823619918244,
      0.09466475790227624,
      0.7099999999999937
    ],
    "obj_class": "sign",
    "point_num_in_lidar": 33,
    "speed": 0.03295541593327035,
    "if_vehicle": false,
    "motion_state": false,
    "pose": [
      [
        -0.9996616862447029,
        0.02581079954203282,
        0.0032118034495356457,
        70.07850285027325
      ],
      [
        -0.02590189230383681,
        -0.9991326744641462,
        -0.032603539580891225,
        4.032420606939922
      ],
      [
        0.002367494345904604,
        -0.03267570114203059,
        0.9994632026870218,
        0.8638659420613237
      ],
      [
        0.0,
        0.0,
        0.0,
        1.0
      ]
    ],
    "location": [
      70.07850285027325,
      4.032420606939922,
      0.8638659420613237
    ],
    "rotation": [
      -0.03268161020988022,
      -0.002367496557556115,
      -3.115687791498185
    ]
  }
]