[
  {
    "label_id": "Jr4SbRH-dPmXRcQtIVu5yw",
    "size": [
      2.2487414026966572,
      5.626857658537341,
      1.9100000000000108
    ],
    "obj_class": "vehicle",
    "point_num_in_lidar": 52,
    "speed": 20.857029237033654,
    "if_vehicle": true,
    "motion_state": true,
    "pose": [
      [
        -0.999398768164864,
        0.028877155391007832,
        0.019188853198567928,
        114.83289718906417
      ],
      [
        -0.028696778983075846,
        -0.9995419673594272,
        0.009609909637552448,
        20.305368116687532
      ],
      [
        0.01945757093136497,
        0.009053473574767578,
        0.999769692254012,
        1.1175623168666675
      ],
      [
        0.0,
        0.0,
        0.0,
        1.0
      ]
    ],
    "location": [
      114.83289718906417,
      20.305368116687532,
      1.1175623168666675
    ],
    "rotation": [
      0.00905531162423107,
      -0.019458798903797318,
      -3.1128864984486775
    ]
  },
  {
    "label_id": "NpgYXf4XTJ6kqOYVa3hU7A",
    "size": [
      2.1185624724448564,
      5.685590765586477,
      2.1400000000000006
    ],
    "obj_class": "vehicle",
    "point_num_in_lidar": 220,
    "speed": 1.1718571004216928e-12,
    "if_vehicle": true,
    "motion_state": false,
    "pose": [
      [
        -0.005052414468357373,
        0.9998031111278679,
        0.019188853198567928,
        112.85428465506357
      ],
      [
        -0.9999401070795719,
        -0.005237546224354987,
        0.009609909637552448,
        28.295445662860402
      ],
      [
        0.009708520058902482,
        -0.019139150675617823,
        0.999769692254012,
        1.0843732050237094
      ],
      [
        0.0,
        0.0,
        0.0,
        1.0
      ]
    ],
    "location": [
      112.85428465506357,
      28.295445662860402,
      1.0843732050237094
    ],
    "rotation": [
      -0.019141221548847388,
      -0.009708672578716694,
      -1.5758490008873571
    ]
  },
  {
    "label_id": "QESI1jS0XVIsWcnGiECNUg",
    "size": [
      2.1182929520033063,
      4.818602762864446,
      1.5699999999999932
    ],
    "obj_class": "vehicle",
    "point_num_in_lidar": 366,
    "speed": 14.14308148069938,
    "if_vehicle": true,
    "motion_state": true,
    "pose": [
      [
        0.9994779791007766,
        -0.025991483327261894,
        0.019188853198567928,
        87.62106224901709
      ],
      [
        0.025810694213916508,
        0.9996206568998831,
        0.009609909637552448,
        9.877143730790522
      ],
      [
        -0.01943134984562883,
        -0.009109615441658028,
        0.999769692254012,
        0.9965846772870748
      ],
      [
        0.0,
        0.0,
        0.0,
        1.0
      ]
    ],
    "location": [
      87.62106224901709,
      9.877143730790522,
      0.9965846772870748
    ],
    "rotation": [
      -0.009111461790904154,
      0.019432572859728027,
      0.02581843665795876
    ]
  },
  {
    "label_id": "cZ-yQO3xRB_4jVY6IMLR8A",
    "size": [
      0.7647249866910037,
      0.08987900887464649,
      0.9000000000000057
    ],
    "obj_class": "sign",
    "point_num_in_lidar": 23,
    "speed": 0.02896405430069029,
    "if_vehicle": false,
    "motion_state": false,
    "pose": [
      [
        -0.11553198347175447,
        -0.9931183961180088,
        0.019188853198567928,
        50.11862825056869
      ],
      [
        0.9932767142118171,
        -0.11536472008952464,
        0.009609909637552448,
        -71.00777936412669
      ],
      [
        -0.0073300613679933135,
        0.02017009297597723,
        0.999769692254012,
        2.324207393093289
      ],
      [
        0.0,
        0.0,
        0.0,
        1.0
      ]
    ],
    "location": [
      50.11862825056869,
      -71.00777936412669,
      2.324207393093289
    ],
    "rotation": [
      0.020172002868113343,
      0.007330127010035244,
      1.6865900043885473
    ]
  },
  {
    "label_id": "deOt1uW-CDcOIl6RjgwiVg",
    "size": [
      2.183129393911031,
      5.766092181557948,
      1.8799999999999955
    ],
    "obj_class": "vehicle",
    "point_num_in_lidar": 107,
    "speed": 7.105427357601002e-13,
    "if_vehicle": true,
    "motion_state": false,
    "pose": [
      [
        0.9652722680136238,
        0.2605402781083161,
        0.019188853198567928,
        70.60536427339957
      ],
      [
        -0.2607542857861888,
        0.965357370138589,
        0.009609909637552448,
        -60.06604434185647
      ],
      [
        -0.016020332330181283,
        -0.014279754982094838,
        0.999769692254012,
        0.7663972014389344
      ],
      [
        0.0,
        0.0,
        0.0,
        1.0
      ]
    ],
    "location": [
      70.60536427339957,
      -60.06604434185647,
      0.7663972014389344
    ],
    "rotation": [
      -0.014282073324202518,
      0.016021017681851095,
      -0.26383810313245193
    ]
  },
  {
    "label_id": "fgSxJZzy5NVmHIlLOT-_5Q",
    "size": [
      0.9342129643291955,
      0.12607120295334218,
      0.7800000000000011
    ],
    "obj_class": "sign",
    "point_num_in_lidar": 62,
    "speed": 0.011249216162874037,
    "if_vehicle": false,
    "motion_state": false,
    "pose": [
      [
        0.021965871494484004,
        0.9995745536989282,
        0.019188853198567928,
        61.96308609654079
      ],
      [
        -0.9997165022120754,
        0.02178450921208393,
        0.009609909637552448,
        -4.257686211057262
      ],
      [
        0.00918780138776999,
        -0.019394503241305407,
        0.999769692254012,
        2.552642779023742
      ],
      [
        0.0,
        0.0,
        0.0,
        1.0
      ]
    ],
    "location": [
      61.96308609654079,
      -4.257686211057262,
      2.552642779023742
    ],
    "rotation": [
      -0.01939653811647823,
      -0.009187930658452933,
      -1.5488277610817702
    ]
  },
  {
    "label_id": "jIEV5FP4G166BNgiqm1UEQ",
    "size": [
      2.163523553351974,
      4.974505882376832,
      1.4699999999999989
    ],
    "obj_class": "vehicle",
    "point_num_in_lidar": 67,
    "speed": 14.189048005889168,
    "if_vehicle": true,
    "motion_state": true,
    "pose": [
      [
        0.9996650296730454,
        -0.017367105737947898,
        0.019188853198567928,
        111.19071866261402
      ],
      [
        0.017185092341984273,
        0.9998061423285793,
        0.009609909637552448,
        10.194712107937448
      ],
      [
        -0.019352029608977122,
        -0.009276928388824985,
        0.999769692254012,
        1.0470283939135783
      ],
      [
        0.0,
        0.0,
        0.0,
        1.0
      ]
    ],
    "location": [
      111.19071866261402,
      10.194712107937448,
      1.0470283939135783
    ],
    "rotation": [
      -0.009278799130784224,
      0.019353237705151165,
      0.017189157623032567
    ]
  },
  {
    "label_id": "kA33JYJHFhAzyd5s8EW5cA",
    "size": [
      1.9026469393246304,
      4.857537240935954,
      1.8299999999999983
    ],
    "obj_class": "vehicle",
    "point_num_in_lidar": 75,
    "speed": 0.030468307366545034,
    "if_vehicle": true,
    "motion_state": false,
    "pose": [
      [
        0.007406775812472823,
        0.999788441413976,
        0.019188853198567928,
        112.85428055124794
      ],
      [
        -0.9999277337020772,
        0.0072233655719255545,
        0.009609909637552448,
        36.68361388435551
      ],
      [
        0.009469268477098442,
        -0.019258644937449356,
        0.999769692254012,
        1.1830484439447702
      ],
      [
        0.0,
        0.0,
        0.0,
        1.0
      ]
    ],
    "location": [
      112.85428055124794,
      36.68361388435551,
      1.1830484439447702
    ],
    "rotation": [
      -0.019260699277825127,
      -0.009469409996363394,
      -1.5633891511544311
    ]
  },
  {
    "label_id": "oltlnXUGjkBTDqRpmRp9-A",
    "size": [
      0.5749823619918247,
      0.09466475790227624,
      0.7099999999999937
    ],
    "obj_class": "sign",
    "point_num_in_lidar": 87,
    "speed": 0.0075900206413550405,
    "if_vehicle": false,
    "motion_state": false,
    "pose": [
      [
        -0.9994827807281269,
        0.025806180284860786,
        0.019188853198567928,
        70.05653466201966
      ],
      [
        -0.02562536472224735,
        -0.999625425006592,
        0.009609909637552448,
        3.993467939942093
      ],
      [
        0.019429660594635467,
        0.009113217845271982,
        0.999769692254012,
        0.9155396635524511
      ],
      [
        0.0,
        0.0,
        0.0,
        1.0
      ]
    ],
    "location": [
      70.05653466201966,
      3.993467939942093,
      0.9155396635524511
    ],
    "rotation": [
      0.00911506472512478,
      -0.0194308832897606,
      -3.1159596436188655
    ]
  },
  {
    "label_id": "p0Qy-WrSMLaXYgnS7A-Zow",
    "size": [
      2.593843337026248,
      6.144228188803043,
      2.760000000000005
    ],
    "obj_class": "vehicle",
    "point_num_in_lidar": 97,
    "speed": 7.246142549764705e-13,
    "if_vehicle": true,
    "motion_state": false,
    "pose": [
      [
        0.14425646590357247,
        0.9893542641328915,
        0.019188853198567928,
        54.185129992819384
      ],
      [
        -0.9895173617813556,
        0.14409385958472987,
        0.009609909637552448,
        -78.75562833608456
      ],
      [
        0.006742609159457844,
        -0.02037399499462266,
        0.999769692254012,
        1.1863972014389361
      ],
      [
        0.0,
        0.0,
        0.0,
        1.0
      ]
    ],
    "location": [
      54.185129992819384,
      -78.75562833608456,
      1.1863972014389361
    ],
    "rotation": [
      -0.02037586803891419,
      -0.006742660250127281,
      -1.4260314750150433
    ]
  }
]