[
  {
    "label_id": "6psW1wQYXnOuX4uHcX4ojw",
    "size": [
      2.221802454625433,
      5.503953301999235,
      1.9300000000000068
    ],
    "obj_class": "vehicle",
    "point_num_in_lidar": 162,
    "speed": 3.1776437161565096e-13,
    "if_vehicle": true,
    "motion_state": false,
    "pose": [
      [
        -0.31480566782991615,
        -0.9491394309958078,
        -0.0056331191283957366,
        77.39040634704998
      ],
      [
        0.9491541563162192,
        -0.3147873080946539,
        -0.0039164027075173895,
        -63.74538812707124
      ],
      [
        0.0019439778307592996,
        -0.006579604203572114,
        0.9999764646024014,
        0.9263972014389168
      ],
      [
        0.0,
        0.0,
        0.0,
        1.0
      ]
    ],
    "location": [
      77.39040634704998,
      -63.74538812707124,
      0.9263972014389168
    ],
    "rotation": [
      -0.006579664110278214,
      -0.0019439790551595562,
      1.8910488585451126
    ]
  },
  {
    "label_id": "cZ-yQO3xRB_4jVY6IMLR8A",
    "size": [
      0.7647249866910037,
      0.08987900887464649,
      0.9000000000000057
    ],
    "obj_class": "sign",
    "point_num_in_lidar": 34,
    "speed": 0.010509661786072315,
    "if_vehicle": false,
    "motion_state": false,
    "pose": [
      [
        -0.11555142609945351,
        -0.993285525866187,
        -0.0056331191283957366,
        50.115318272992226
      ],
      [
        0.9932962170479398,
        -0.11553045913560912,
        -0.0039164027075173895,
        -71.02055112681501
      ],
      [
        0.0032393092835710274,
        -0.006047901838449267,
        0.9999764646024014,
        2.3758852496407883
      ],
      [
        0.0,
        0.0,
        0.0,
        1.0
      ]
    ],
    "location": [
      50.115318272992226,
      -71.02055112681501,
      2.3758852496407883
    ],
    "rotation": [
      -0.00604797043971524,
      -0.0032393149486771183,
      1.6866070636443657
    ]
  },
  {
    "label_id": "deOt1uW-CDcOIl6RjgwiVg",
    "size": [
      2.1831293939110243,
      5.766092181557948,
      1.8799999999999955
    ],
    "obj_class": "vehicle",
    "point_num_in_lidar": 282,
    "speed": 7.105427357601002e-13,
    "if_vehicle": true,
    "motion_state": false,
    "pose": [
      [
        0.9654347115970867,
        0.26058412386854146,
        -0.0056331191283957366,
        70.60536427340048
      ],
      [
        -0.2606075595234842,
        0.9654368760872181,
        -0.0039164027075173895,
        -60.06604434185556
      ],
      [
        0.004417868565690729,
        0.00524906454698637,
        0.9999764646024014,
        0.7663972014388349
      ],
      [
        0.0,
        0.0,
        0.0,
        1.0
      ]
    ],
    "location": [
      70.60536427340048,
      -60.06604434185556,
      0.7663972014388349
    ],
    "rotation": [
      0.005249139877511995,
      -0.004417882936821378,
      -0.26365408906770116
    ]
  },
  {
    "label_id": "p0Qy-WrSMLaXYgnS7A-Zow",
    "size": [
      2.5938433370262475,
      6.144228188803043,
      2.760000000000005
    ],
    "obj_class": "vehicle",
    "point_num_in_lidar": 201,
    "speed": 7.246142549764705e-13,
    "if_vehicle": true,
    "motion_state": false,
    "pose": [
      [
        0.14428074251239542,
        0.989520760423427,
        -0.0056331191283957366,
        54.185129992818474
      ],
      [
        -0.9895320545795349,
        0.1442600940989471,
        -0.0039164027075173895,
        -78.75562833608365
      ],
      [
        -0.0030627274897340275,
        0.0061392134354308755,
        0.9999764646024014,
        1.1863972014388082
      ],
      [
        0.0,
        0.0,
        0.0,
        1.0
      ]
    ],
    "location": [
      54.185129992818474,
      -78.75562833608365,
      1.1863972014388082
    ],
    "rotation": [
      0.006139280795093723,
      0.0030627322779711863,
      -1.4260095718196428
    ]
  }
]