[
  {
    "label_id": "NpgYXf4XTJ6kqOYVa3hU7A",
    "size": [
      2.1185624724448435,
      5.685590765586477,
      2.1400000000000006
    ],
    "obj_class": "vehicle",
    "point_num_in_lidar": 191,
    "speed": 1.1718571004216928e-12,
    "if_vehicle": true,
    "motion_state": false,
    "pose": [
      [
        -0.005052107235641404,
        0.9997423140123063,
        0.022131014115917697,
        112.85428465506357
      ],
      [
        -0.9996570391587875,
        -0.00561789329436451,
        0.025578180842654143,
        28.295445662859493
      ],
      [
        0.025695919379659593,
        -0.0219942003321899,
        0.9994278237466583,
        1.0843732050236952
      ],
      [
        0.0,
        0.0,
        0.0,
        1.0
      ]
    ],
    "location": [
      112.85428465506357,
      28.295445662859493,
      1.0843732050236952
    ],
    "rotation": [
      -0.02200324050627814,
      -0.025698747971631613,
      -1.5758501242733631
    ]
  },
  {
    "label_id": "P-a5Gs6s3oDfEt79NSG2mQ",
    "size": [
      1.789146776283277,
      4.128696024643107,
      1.7000000000000028
    ],
    "obj_class": "vehicle",
    "point_num_in_lidar": 33,
    "speed": 22.466537439124096,
    "if_vehicle": true,
    "motion_state": true,
    "pose": [
      [
        -0.9995514303022917,
        0.02017811673185386,
        0.022131014115917697,
        114.54709732805168
      ],
      [
        -0.01961035893028532,
        -0.9994804602829441,
        0.025578180842654143,
        16.438737034588485
      ],
      [
        0.022635635693937294,
        0.025132710115501264,
        0.9994278237466583,
        1.0625623168664617
      ],
      [
        0.0,
        0.0,
        0.0,
        1.0
      ]
    ],
    "location": [
      114.54709732805168,
      16.438737034588485,
      1.0625623168664617
    ],
    "rotation": [
      0.025141799886543623,
      -0.02263756911742253,
      -3.121976010730724
    ]
  },
  {
    "label_id": "QESI1jS0XVIsWcnGiECNUg",
    "size": [
      2.1182929520022316,
      4.818602762864446,
      1.5699999999999932
    ],
    "obj_class": "vehicle",
    "point_num_in_lidar": 514,
    "speed": 14.175371020988244,
    "if_vehicle": true,
    "motion_state": true,
    "pose": [
      [
        0.9994300240464907,
        -0.025492062463287973,
        0.022131014115917697,
        80.49854090258941
      ],
      [
        0.02492393536568639,
        0.9993620735802753,
        0.025578180842654143,
        9.692315315207452
      ],
      [
        -0.022768936741056064,
        -0.025012009929237092,
        0.9994278237466583,
        0.9740555513541977
      ],
      [
        0.0,
        0.0,
        0.0,
        1.0
      ]
    ],
    "location": [
      80.49854090258941,
      9.692315315207452,
      0.9740555513541977
    ],
    "rotation": [
      -0.025021106556636353,
      0.022770904529190828,
      0.024932981667124127
    ]
  },
  {
    "label_id": "deOt1uW-CDcOIl6RjgwiVg",
    "size": [
      2.1831293939110306,
      5.766092181557948,
      1.8799999999999955
    ],
    "obj_class": "vehicle",
    "point_num_in_lidar": 72,
    "speed": 7.105427357601002e-13,
    "if_vehicle": true,
    "motion_state": false,
    "pose": [
      [
        0.9652135706871462,
        0.2605244348915678,
        0.022131014115917697,
        70.60536427339957
      ],
      [
        -0.26104960582826514,
        0.9649864558436496,
        0.025578180842654143,
        -60.06604434185647
      ],
      [
        -0.014692387766358402,
        -0.030465699774359846,
        0.9994278237466583,
        0.766397201438906
      ],
      [
        0.0,
        0.0,
        0.0,
        1.0
      ]
    ],
    "location": [
      70.60536427339957,
      -60.06604434185647,
      0.766397201438906
    ],
    "rotation": [
      -0.030473704897000926,
      0.014692916416175004,
      -0.264138543945023
    ]
  },
  {
    "label_id": "fgSxJZzy5NVmHIlLOT-_5Q",
    "size": [
      0.9342129643291941,
      0.12607120295334218,
      0.7800000000000011
    ],
    "obj_class": "sign",
    "point_num_in_lidar": 29,
    "speed": 0.010023812460438115,
    "if_vehicle": false,
    "motion_state": false,
    "pose": [
      [
        0.02196453576986686,
        0.9995137704817354,
        0.022131014115917697,
        61.966009707317426
      ],
      [
        -0.9994438153025555,
        0.021396652033707792,
        0.025578180842654143,
        -4.2617945561642046
      ],
      [
        0.02509221436791357,
        -0.022680518052574095,
        0.9994278237466583,
        2.5288416323966203
      ],
      [
        0.0,
        0.0,
        0.0,
        1.0
      ]
    ],
    "location": [
      61.966009707317426,
      -4.2617945561642046,
      2.5288416323966203
    ],
    "rotation": [
      -0.02268960825860626,
      -0.02509484820430409,
      -1.5488231049596097
    ]
  },
  {
    "label_id": "jIEV5FP4G166BNgiqm1UEQ",
    "size": [
      2.1635235533511668,
      4.974505882376832,
      1.4699999999999989
    ],
    "obj_class": "vehicle",
    "point_num_in_lidar": 90,
    "speed": 14.289466335481556,
    "if_vehicle": true,
    "motion_state": true,
    "pose": [
      [
        0.9995895001654007,
        -0.018194762248673713,
        0.022131014115917697,
        104.01493747172663
      ],
      [
        0.01762714638381122,
        0.999517403737996,
        0.025578180842654143,
        10.063942069446057
      ],
      [
        -0.02258572269041667,
        -0.025177574378205406,
        0.9994278237466583,
        1.0427450363660853
      ],
      [
        0.0,
        0.0,
        0.0,
        1.0
      ]
    ],
    "location": [
      104.01493747172663,
      10.063942069446057,
      1.0427450363660853
    ],
    "rotation": [
      -0.02518666141415863,
      0.02258764335017031,
      0.017632557706364568
    ]
  },
  {
    "label_id": "kA33JYJHFhAzyd5s8EW5cA",
    "size": [
      1.9026469393246372,
      4.857537240935954,
      1.8299999999999983
    ],
    "obj_class": "vehicle",
    "point_num_in_lidar": 77,
    "speed": 0.07304811256636932,
    "if_vehicle": true,
    "motion_state": false,
    "pose": [
      [
        0.006025996841827385,
        0.9997369181821103,
        0.022131014115917697,
        112.8505503406086
      ],
      [
        -0.9996579178406736,
        0.00545930061725817,
        0.025578180842654143,
        36.71117204828079
      ],
      [
        0.025450631829316166,
        -0.022277577527798364,
        0.9994278237466583,
        1.1830484439447986
      ],
      [
        0.0,
        0.0,
        0.0,
        1.0
      ]
    ],
    "location": [
      112.8505503406086,
      36.71117204828079,
      1.1830484439447986
    ],
    "rotation": [
      -0.022286640909961283,
      -0.025453380173208435,
      -1.5647683408749138
    ]
  },
  {
    "label_id": "oltlnXUGjkBTDqRpmRp9-A",
    "size": [
      0.574982361991824,
      0.09466475790227624,
      0.7099999999999937
    ],
    "obj_class": "sign",
    "point_num_in_lidar": 100,
    "speed": 0.007590020640788593,
    "if_vehicle": false,
    "motion_state": false,
    "pose": [
      [
        -0.9994220030915654,
        0.025804611034546628,
        0.022131014115917697,
        70.05811017110864
      ],
      [
        -0.025236462714708304,
        -0.9993542302979607,
        0.025578180842654143,
        3.996945838114698
      ],
      [
        0.022776757585142214,
        0.025004888220628668,
        0.9994278237466583,
        0.9080592767357558
      ],
      [
        0.0,
        0.0,
        0.0,
        1.0
      ]
    ],
    "location": [
      70.05811017110864,
      3.996945838114698,
      0.9080592767357558
    ],
    "rotation": [
      0.025013985229761903,
      -0.02277872740202103,
      -3.116346960614973
    ]
  },
  {
    "label_id": "p0Qy-WrSMLaXYgnS7A-Zow",
    "size": [
      2.593843337026243,
      6.144228188803043,
      2.760000000000005
    ],
    "obj_class": "vehicle",
    "point_num_in_lidar": 71,
    "speed": 7.246142549764705e-13,
    "if_vehicle": true,
    "motion_state": false,
    "pose": [
      [
        0.14424769379941282,
        0.9892941024021886,
        0.022131014115917697,
        54.185129992819384
      ],
      [
        -0.989294244559006,
        0.1436755175637305,
        0.025578180842654143,
        -78.75562833608365
      ],
      [
        0.022124658550499682,
        -0.02558367848926868,
        0.9994278237466583,
        1.186397201438865
      ],
      [
        0.0,
        0.0,
        0.0,
        1.0
      ]
    ],
    "location": [
      54.185129992819384,
      -78.75562833608365,
      1.186397201438865
    ],
    "rotation": [
      -0.025592736132537295,
      -0.022126463953509576,
      -1.4260079627727553
    ]
  },
  {
    "label_id": "robMOCyLeWmEFwjRDOllKw",
    "size": [
      0.7963630084018425,
      0.12878173358720418,
      0.75
    ],
    "obj_class": "sign",
    "point_num_in_lidar": 24,
    "speed": 0.04080565897705233,
    "if_vehicle": false,
    "motion_state": false,
    "pose": [
      [
        -0.9983046737931692,
        -0.05383304279822146,
        0.022131014115917697,
        109.17198798600384
      ],
      [
        0.05439399340286198,
        -0.99819189044315,
        0.025578180842654143,
        1.8251946602795215
      ],
      [
        0.020714047513788678,
        0.026738611718168406,
        0.9994278237466583,
        2.7783391134880446
      ],
      [
        0.0,
        0.0,
        0.0,
        1.0
      ]
    ],
    "location": [
      109.17198798600384,
      1.8251946602795215,
      2.7783391134880446
    ],
    "rotation": [
      0.026747539178180683,
      -0.02071552910202741,
      3.087160111237019
    ]
  }
]