[
  {
    "label_id": "0OCxtJR_yEaJVNaM9OqfbQ",
    "size": [
      2.9152229121691215,
      7.801972595825992,
      3.8199999999999648
    ],
    "obj_class": "vehicle",
    "point_num_in_lidar": 568,
    "speed": 1.1368770508004532e-12,
    "if_vehicle": true,
    "motion_state": false,
    "pose": [
      [
        0.6971177130046446,
        0.7169229841542533,
        -0.006951906683378962,
        40.213748853610625
      ],
      [
        -0.7164014838859757,
        0.6961635994242092,
        -0.04609942215148928,
        -45.256889121268614
      ],
      [
        -0.028210070917070066,
        0.037117080004891376,
        0.998912665987755,
        1.4147248807272206
      ],
      [
        0.0,
        0.0,
        0.0,
        1.0
      ]
    ],
    "location": [
      40.213748853610625,
      -45.256889121268614,
      1.4147248807272206
    ],
    "rotation": [
      0.03714039590609517,
      0.02821381389146355,
      -0.7990397005811822
    ]
  },
  {
    "label_id": "0zDrRxGQLSyidFtDJd4m_A",
    "size": [
      2.8652083188927824,
      5.711556680080511,
      2.489999999999995
    ],
    "obj_class": "vehicle",
    "point_num_in_lidar": 897,
    "speed": 0.0345276032367854,
    "if_vehicle": true,
    "motion_state": false,
    "pose": [
      [
        -0.7070900241158777,
        0.7070893640759088,
        -0.006951906683378962,
        39.782971728084604
      ],
      [
        -0.7061280408076878,
        -0.7065819366941072,
        -0.04609942215148928,
        -11.504850590757997
      ],
      [
        -0.03750850278142203,
        -0.027687505274612327,
        0.998912665987755,
        0.5060845742851896
      ],
      [
        0.0,
        0.0,
        0.0,
        1.0
      ]
    ],
    "location": [
      39.782971728084604,
      -11.504850590757997,
      0.5060845742851896
    ],
    "rotation": [
      -0.02771054869071777,
      0.037517303396600254,
      -2.3568751941710766
    ]
  },
  {
    "label_id": "1ww6VUXNbH5HN8vA9BN37A",
    "size": [
      0.6456626533933635,
      1.047126442663309,
      1.6874087649240757
    ],
    "obj_class": "pedestrian",
    "point_num_in_lidar": 886,
    "speed": 1.633756214602663,
    "if_vehicle": false,
    "motion_state": true,
    "pose": [
      [
        -0.7504302888294464,
        -0.6609130446592951,
        -0.006951906683378962,
        7.325424312486945
      ],
      [
        0.6604668281915548,
        -0.7494387314089699,
        -0.04609942215148928,
        -18.572821573008696
      ],
      [
        0.025257681325509863,
        -0.03918590643706765,
        0.998912665987755,
        0.623177773152868
      ],
      [
        0.0,
        0.0,
        0.0,
        1.0
      ]
    ],
    "location": [
      7.325424312486945,
      -18.572821573008696,
      0.623177773152868
    ],
    "rotation": [
      -0.03920845686251244,
      -0.02526036762168546,
      2.419871588170923
    ]
  },
  {
    "label_id": "6L39DYBXXN-_o2M2SgAr0A",
    "size": [
      0.8004371481686451,
      0.11463204214808968,
      0.823380178590412
    ],
    "obj_class": "sign",
    "point_num_in_lidar": 85,
    "speed": 0.0022773005236922036,
    "if_vehicle": false,
    "motion_state": false,
    "pose": [
      [
        0.7167221112097397,
        -0.6973242332634936,
        -0.006951906683378962,
        34.25396982455052
      ],
      [
        0.6963699694757526,
        0.7162008858481245,
        -0.04609942215148928,
        -11.306065837297865
      ],
      [
        0.03712520593064688,
        0.02819937612506155,
        0.998912665987755,
        2.1475104175496753
      ],
      [
        0.0,
        0.0,
        0.0,
        1.0
      ]
    ],
    "location": [
      34.25396982455052,
      -11.306065837297865,
      2.1475104175496753
    ],
    "rotation": [
      0.028222576030234755,
      -0.03713373938484981,
      0.7709966003660992
    ]
  },
  {
    "label_id": "C8em1kIenRlg8YGuTTTf7g",
    "size": [
      0.7852210358353225,
      1.2072036134509911,
      1.970000000000006
    ],
    "obj_class": "pedestrian",
    "point_num_in_lidar": 98,
    "speed": 0.9024929195815439,
    "if_vehicle": false,
    "motion_state": false,
    "pose": [
      [
        0.8959982769299005,
        -0.44400310666944104,
        -0.006951906683378962,
        32.35224425518446
      ],
      [
        0.4432546005193739,
        0.8952095857371664,
        -0.04609942215148928,
        -37.96600600662532
      ],
      [
        0.026691700153038404,
        0.03822353819540938,
        0.998912665987755,
        0.4012483759023908
      ],
      [
        0.0,
        0.0,
        0.0,
        1.0
      ]
    ],
    "location": [
      32.35224425518446,
      -37.96600600662532,
      0.4012483759023908
    ],
    "rotation": [
      0.03824648536577469,
      -0.026694870572564162,
      0.4594024400093213
    ]
  },
  {
    "label_id": "Em1g7-nMbotXR-DrtWI2ig",
    "size": [
      1.729069234960451,
      3.5947345219723577,
      1.3300000000000054
    ],
    "obj_class": "vehicle",
    "point_num_in_lidar": 54,
    "speed": 4.046417367290772,
    "if_vehicle": true,
    "motion_state": true,
    "pose": [
      [
        0.7098907941787373,
        0.7042774533759741,
        -0.006951906683378962,
        59.66544038814675
      ],
      [
        -0.7037731862130949,
        0.708927461483026,
        -0.04609942215148928,
        -56.5045170520516
      ],
      [
        -0.027538386077440108,
        0.03761812091911932,
        0.998912665987755,
        0.23577133655032156
      ],
      [
        0.0,
        0.0,
        0.0,
        1.0
      ]
    ],
    "location": [
      59.66544038814675,
      -56.5045170520516,
      0.23577133655032156
    ],
    "rotation": [
      0.037641281273219425,
      0.02754186794664372,
      -0.7810707066166713
    ]
  },
  {
    "label_id": "FI9gXqHphltRJYHwCug7Ng",
    "size": [
      1.859444013734014,
      4.194035097474454,
      1.5400000000000027
    ],
    "obj_class": "vehicle",
    "point_num_in_lidar": 75,
    "speed": 10.885512832375134,
    "if_vehicle": true,
    "motion_state": true,
    "pose": [
      [
        0.6887850335462958,
        0.7249323061887185,
        -0.006951906683378962,
        52.841831120561835
      ],
      [
        -0.7243998132157001,
        0.6878370111373461,
        -0.04609942215148928,
        -53.35290850084675
      ],
      [
        -0.02863718169944529,
        0.03678855193601109,
        0.998912665987755,
        0.3605313582542422
      ],
      [
        0.0,
        0.0,
        0.0,
        1.0
      ]
    ],
    "location": [
      52.841831120561835,
      -53.35290850084675,
      0.3605313582542422
    ],
    "rotation": [
      0.03681195969160586,
      0.028641097313650606,
      -0.8105946142501643
    ]
  },
  {
    "label_id": "FiBHFnlgGD3tCo4uGN8GOA",
    "size": [
      0.7792066223408641,
      0.8530859308161094,
      1.6800000000000033
    ],
    "obj_class": "pedestrian",
    "point_num_in_lidar": 37,
    "speed": 1.363267313632826,
    "if_vehicle": false,
    "motion_state": true,
    "pose": [
      [
        0.7416510479612428,
        0.67074987443268,
        -0.006951906683378962,
        40.96487522917489
      ],
      [
        -0.6702906232583213,
        0.7406654600082753,
        -0.04609942215148928,
        -52.52520190267751
      ],
      [
        -0.025772144457951056,
        0.03884948261269553,
        0.998912665987755,
        0.491735803186625
      ],
      [
        0.0,
        0.0,
        0.0,
        1.0
      ]
    ],
    "location": [
      40.96487522917489,
      -52.52520190267751,
      0.491735803186625
    ],
    "rotation": [
      0.038872179894662504,
      0.025774998302147675,
      -0.7349004982716886
    ]
  },
  {
    "label_id": "G8ZifmyoUj0ZKarCYDaXdw",
    "size": [
      0.9191115219753812,
      1.1134257866036492,
      1.944807819718985
    ],
    "obj_class": "pedestrian",
    "point_num_in_lidar": 982,
    "speed": 1.4543833886105881,
    "if_vehicle": false,
    "motion_state": true,
    "pose": [
      [
        0.7415533036132441,
        0.6708579349562391,
        -0.006951906683378962,
        10.794689589963141
      ],
      [
        -0.6703985401745159,
        0.7405677825892623,
        -0.04609942215148928,
        -20.04878517420366
      ],
      [
        -0.025777805029946574,
        0.03884572688306515,
        0.998912665987755,
        0.6364688979787019
      ],
      [
        0.0,
        0.0,
        0.0,
        1.0
      ]
    ],
    "location": [
      10.794689589963141,
      -20.04878517420366,
      0.6364688979787019
    ],
    "rotation": [
      0.03886842575470431,
      0.02578066075537919,
      -0.7350461488489953
    ]
  },
  {
    "label_id": "GluGUAV2ypRkSY_bid-Elg",
    "size": [
      0.919261404048382,
      0.9261726762926981,
      1.8000000000000043
    ],
    "obj_class": "pedestrian",
    "point_num_in_lidar": 22,
    "speed": 1.5277229371665195,
    "if_vehicle": false,
    "motion_state": true,
    "pose": [
      [
        0.6859823426341545,
        0.7275849755098186,
        -0.006951906683378962,
        46.500633139321096
      ],
      [
        -0.7270488280202307,
        0.68503638221025,
        -0.04609942215148928,
        -57.57596001308593
      ],
      [
        -0.02877893793326294,
        0.036677765208216126,
        0.998912665987755,
        0.5585640409430574
      ],
      [
        0.0,
        0.0,
        0.0,
        1.0
      ]
    ],
    "location": [
      46.500633139321096,
      -57.57596001308593,
      0.5585640409430574
    ],
    "rotation": [
      0.036701202144072874,
      0.028782911998110297,
      -0.8144526739872477
    ]
  },
  {
    "label_id": "JbaK1eVynVrY5IGp30MGEQ",
    "size": [
      0.7579103994430326,
      1.0900382483025783,
      1.8400000000000034
    ],
    "obj_class": "pedestrian",
    "point_num_in_lidar": 107,
    "speed": 1.4324121238310905,
    "if_vehicle": false,
    "motion_state": true,
    "pose": [
      [
        0.7867459585517013,
        0.6172377724151613,
        -0.006951906683378962,
        28.583934244320076
      ],
      [
        -0.6168485759348215,
        0.7857306648238196,
        -0.04609942215148928,
        -37.15423139324048
      ],
      [
        -0.022991978378286877,
        0.04055680780692704,
        0.998912665987755,
        0.4201689579643286
      ],
      [
        0.0,
        0.0,
        0.0,
        1.0
      ]
    ],
    "location": [
      28.583934244320076,
      -37.15423139324048,
      0.4201689579643286
    ],
    "rotation": [
      0.040578667266317744,
      0.022994004572677373,
      -0.6649397034849902
    ]
  },
  {
    "label_id": "L1UCSHYGDwJLA62Yn_UZ4Q",
    "size": [
      0.7961601569316622,
      0.8415275557149793,
      1.600000000000005
    ],
    "obj_class": "pedestrian",
    "point_num_in_lidar": 30,
    "speed": 1.3317015202194251,
    "if_vehicle": false,
    "motion_state": true,
    "pose": [
      [
        0.28836848102459295,
        0.9574942768210339,
        -0.006951906683378962,
        44.83452699367318
      ],
      [
        -0.956591807867151,
        0.2877619787233093,
        -0.04609942215148928,
        -30.491172596062825
      ],
      [
        -0.042139438451698846,
        0.019943757324313645,
        0.998912665987755,
        0.2825056596815898
      ],
      [
        0.0,
        0.0,
        0.0,
        1.0
      ]
    ],
    "location": [
      44.83452699367318,
      -30.491172596062825,
      0.2825056596815898
    ],
    "rotation": [
      0.01996281421228737,
      0.042151919821351226,
      -1.2780060698460378
    ]
  },
  {
    "label_id": "MSs5ysIlfn6HWkrilVdHNQ",
    "size": [
      2.791971653913279,
      6.598391175076888,
      3.4099999999999753
    ],
    "obj_class": "vehicle",
    "point_num_in_lidar": 733,
    "speed": 2.842257677890751e-13,
    "if_vehicle": true,
    "motion_state": false,
    "pose": [
      [
        0.7272289994341711,
        0.6863597113580022,
        -0.006951906683378962,
        46.404583135474354
      ],
      [
        -0.6858796185157097,
        0.7262533939211874,
        -0.04609942215148928,
        -38.241047547968265
      ],
      [
        -0.026591940258639524,
        0.03829300774967378,
        0.998912665987755,
        0.9722671473628353
      ],
      [
        0.0,
        0.0,
        0.0,
        1.0
      ]
    ],
    "location": [
      46.404583135474354,
      -38.241047547968265,
      0.9722671473628353
    ],
    "rotation": [
      0.03831592867358694,
      0.026595075255148277,
      -0.7561452206151662
    ]
  },
  {
    "label_id": "RGdvnrG8Aw3PXBTuM0u24A",
    "size": [
      0.7713029575995163,
      1.0039475245408434,
      1.6799999999999997
    ],
    "obj_class": "pedestrian",
    "point_num_in_lidar": 419,
    "speed": 1.1993425026731586,
    "if_vehicle": false,
    "motion_state": true,
    "pose": [
      [
        -0.6990588614915404,
        -0.7150303344359714,
        -0.006951906683378962,
        11.16235904301989
      ],
      [
        0.7145114228624292,
        -0.6981033375342118,
        -0.04609942215148928,
        -21.449536784108204
      ],
      [
        0.02810933598039116,
        -0.03719342630058592,
        0.998912665987755,
        0.547812817524008
      ],
      [
        0.0,
        0.0,
        0.0,
        1.0
      ]
    ],
    "location": [
      11.16235904301989,
      -21.449536784108204,
      0.547812817524008
    ],
    "rotation": [
      -0.03721671971053679,
      -0.028113038991137023,
      2.345263342260388
    ]
  },
  {
    "label_id": "USoOrhvBXzxA1F9tKyPuhw",
    "size": [
      0.8762609952659489,
      1.1096432092129922,
      1.8000000000000043
    ],
    "obj_class": "pedestrian",
    "point_num_in_lidar": 160,
    "speed": 1.5531338481502945,
    "if_vehicle": false,
    "motion_state": true,
    "pose": [
      [
        0.7288013548375125,
        0.6846898978227092,
        -0.006951906683378962,
        24.052561443787596
      ],
      [
        -0.6842120439399453,
        0.727824650726273,
        -0.04609942215148928,
        -33.563464294547884
      ],
      [
        -0.0265040395888772,
        0.03835389960234631,
        0.998912665987755,
        0.5034244414521076
      ],
      [
        0.0,
        0.0,
        0.0,
        1.0
      ]
    ],
    "location": [
      24.052561443787596,
      -33.563464294547884,
      0.5034244414521076
    ],
    "rotation": [
      0.038376797216523824,
      0.02650714359296405,
      -0.7538524475521854
    ]
  },
  {
    "label_id": "UqcFa0VqEE65siIegDRVag",
    "size": [
      0.8713121763823597,
      1.0622914136234558,
      1.7500000000000036
    ],
    "obj_class": "pedestrian",
    "point_num_in_lidar": 80,
    "speed": 1.6833417342708177,
    "if_vehicle": false,
    "motion_state": true,
    "pose": [
      [
        0.7000435275242995,
        0.7140663348490817,
        -0.006951906683378962,
        30.391746925687656
      ],
      [
        -0.7135487405042643,
        0.699087289401028,
        -0.04609942215148928,
        -40.49150619786087
      ],
      [
        -0.028058055814922232,
        0.03723212635778862,
        0.998912665987755,
        0.30702241770633165
      ],
      [
        0.0,
        0.0,
        0.0,
        1.0
      ]
    ],
    "location": [
      30.391746925687656,
      -40.49150619786087,
      0.30702241770633165
    ],
    "rotation": [
      0.03725540820126569,
      0.028061738591513983,
      -0.7949516976160744
    ]
  },
  {
    "label_id": "Wbi77RKf8X-1cneyssOlJQ",
    "size": [
      0.6248446926706132,
      0.8659543767846924,
      1.7000000000000028
    ],
    "obj_class": "pedestrian",
    "point_num_in_lidar": 24,
    "speed": 1.5669329099536067,
    "if_vehicle": false,
    "motion_state": true,
    "pose": [
      [
        0.671364332896019,
        0.7410948680894701,
        -0.006951906683378962,
        50.86568998335267
      ],
      [
        -0.7405399980856222,
        0.6704292315469585,
        -0.04609942215148928,
        -62.15759168392833
      ],
      [
        -0.029503283722834818,
        0.03609767276162744,
        0.998912665987755,
        0.5624388898270425
      ],
      [
        0.0,
        0.0,
        0.0,
        1.0
      ]
    ],
    "location": [
      50.86568998335267,
      -62.15759168392833,
      0.5624388898270425
    ],
    "rotation": [
      0.03612124784333743,
      0.029507565558396218,
      -0.8343536003244305
    ]
  },
  {
    "label_id": "Wpqa9KCQJuuTRKatLAsU9w",
    "size": [
      0.7462867831458718,
      1.0096800683498657,
      1.7500000000000036
    ],
    "obj_class": "pedestrian",
    "point_num_in_lidar": 79,
    "speed": 0.7936457680447193,
    "if_vehicle": false,
    "motion_state": false,
    "pose": [
      [
        -0.5620663195776044,
        0.8270629500769285,
        -0.006951906683378962,
        42.554617762617255
      ],
      [
        -0.8260234469084848,
        -0.5617473706522571,
        -0.04609942215148928,
        -29.3831207160365
      ],
      [
        -0.04203233938186041,
        -0.02016849462215105,
        0.998912665987755,
        0.2975830155718988
      ],
      [
        0.0,
        0.0,
        0.0,
        1.0
      ]
    ],
    "location": [
      42.554617762617255,
      -29.3831207160365,
      0.2975830155718988
    ],
    "rotation": [
      -0.020187705480528766,
      0.04204472577716033,
      -2.168279529266123
    ]
  },
  {
    "label_id": "Y4WRE-DC5UX_A82GcFlyAw",
    "size": [
      0.8315503518936088,
      0.9516061533592971,
      1.740000000000002
    ],
    "obj_class": "pedestrian",
    "point_num_in_lidar": 69,
    "speed": 0.1807757376254702,
    "if_vehicle": false,
    "motion_state": false,
    "pose": [
      [
        0.8292502668083497,
        -0.5588342025965722,
        -0.006951906683378962,
        32.29099058146181
      ],
      [
        0.5579877729580702,
        0.8285677332038655,
        -0.04609942215148928,
        -39.423610867921525
      ],
      [
        0.03152205938028237,
        0.03434887919076228,
        0.998912665987755,
        0.22281595782479258
      ],
      [
        0.0,
        0.0,
        0.0,
        1.0
      ]
    ],
    "location": [
      32.29099058146181,
      -39.423610867921525,
      0.22281595782479258
    ],
    "rotation": [
      0.034372725205226176,
      -0.031527281980219014,
      0.5922933539760388
    ]
  },
  {
    "label_id": "_CuXoK6hvB75S9LCO7CUjQ",
    "size": [
      0.9248528456291151,
      0.9846531429257308,
      1.8000000000000007
    ],
    "obj_class": "pedestrian",
    "point_num_in_lidar": 407,
    "speed": 1.137130723872009e-12,
    "if_vehicle": false,
    "motion_state": false,
    "pose": [
      [
        0.9376442589091729,
        0.3475268546862725,
        -0.006951906683378962,
        16.186705866962242
      ],
      [
        -0.3474662647992145,
        0.9365586143449757,
        -0.04609942215148928,
        -22.726735557536813
      ],
      [
        -0.009509919092720769,
        0.04564041156788066,
        0.998912665987755,
        0.3768429872579411
      ],
      [
        0.0,
        0.0,
        0.0,
        1.0
      ]
    ],
    "location": [
      16.186705866962242,
      -22.726735557536813,
      0.3768429872579411
    ],
    "rotation": [
      0.04565833774719658,
      0.009510062442454701,
      -0.35488440752929806
    ]
  },
  {
    "label_id": "_hHL2rZg7Bbfjm__kmk14Q",
    "size": [
      1.9780500620659887,
      4.596211258606762,
      1.5200000000000031
    ],
    "obj_class": "vehicle",
    "point_num_in_lidar": 297,
    "speed": 1.7053155762006798e-12,
    "if_vehicle": true,
    "motion_state": false,
    "pose": [
      [
        -0.7162812779627714,
        0.697777043068547,
        -0.006951906683378962,
        40.709328849674904
      ],
      [
        -0.6968224500709872,
        -0.7157606557742368,
        -0.04609942215148928,
        -15.152409083559178
      ],
      [
        -0.03714301976261149,
        -0.028175908364237036,
        0.998912665987755,
        0.13430582313183947
      ],
      [
        0.0,
        0.0,
        0.0,
        1.0
      ]
    ],
    "location": [
      40.709328849674904,
      -15.152409083559178,
      0.13430582313183947
    ],
    "rotation": [
      -0.028199101416562122,
      0.03715156551165506,
      -2.3699638955904403
    ]
  },
  {
    "label_id": "cRHbXSVzCHNJres5pwPUzA",
    "size": [
      2.9034877551084732,
      6.717178148575322,
      3.4999999999999716
    ],
    "obj_class": "vehicle",
    "point_num_in_lidar": 78,
    "speed": 2.8421709430404007e-13,
    "if_vehicle": true,
    "motion_state": false,
    "pose": [
      [
        0.7304788197857783,
        0.6828999669335489,
        -0.006951906683378962,
        55.09543175114858
      ],
      [
        -0.6824245105058948,
        0.7295009463585971,
        -0.04609942215148928,
        -60.082281323087955
      ],
      [
        -0.026409871358386135,
        0.0384188030015138,
        0.998912665987755,
        1.3757971483950584
      ],
      [
        0.0,
        0.0,
        0.0,
        1.0
      ]
    ],
    "location": [
      55.09543175114858,
      -60.082281323087955,
      1.3757971483950584
    ],
    "rotation": [
      0.03844167545706141,
      0.026412942387634673,
      -0.7514002301014788
    ]
  },
  {
    "label_id": "dWGM_6Sr_Eaoh5yFictcbQ",
    "size": [
      1.000000000000501,
      1.0,
      1.9100000000000001
    ],
    "obj_class": "pedestrian",
    "point_num_in_lidar": 211,
    "speed": 8.526512829121202e-13,
    "if_vehicle": false,
    "motion_state": false,
    "pose": [
      [
        0.7680601495637928,
        -0.6403399703637983,
        -0.006951906683378962,
        17.45775184537011
      ],
      [
        0.6394284628197414,
        0.767467318009882,
        -0.04609942215148928,
        -24.22137348002252
      ],
      [
        0.034854663791620694,
        0.030961882068257986,
        0.998912665987755,
        0.3837068854896337
      ],
      [
        0.0,
        0.0,
        0.0,
        1.0
      ]
    ],
    "location": [
      17.45775184537011,
      -24.22137348002252,
      0.3837068854896337
    ],
    "rotation": [
      0.030985664248717595,
      -0.03486172483648399,
      0.6942604119878831
    ]
  },
  {
    "label_id": "fQ2n6--00V_n1eOOacR5TA",
    "size": [
      0.7618255677048311,
      0.9345899953471253,
      1.850000000000005
    ],
    "obj_class": "pedestrian",
    "point_num_in_lidar": 696,
    "speed": 1.2651437283538554,
    "if_vehicle": false,
    "motion_state": true,
    "pose": [
      [
        0.7803658023878016,
        0.625284643548127,
        -0.006951906683378962,
        12.04886101517802
      ],
      [
        -0.6248850411201828,
        0.7793545590176053,
        -0.04609942215148928,
        -21.295952826529174
      ],
      [
        -0.02340726058021225,
        0.04031855505056786,
        0.998912665987755,
        0.5693638341874347
      ],
      [
        0.0,
        0.0,
        0.0,
        1.0
      ]
    ],
    "location": [
      12.04886101517802,
      -21.295952826529174,
      0.5693638341874347
    ],
    "rotation": [
      0.0403405453952457,
      0.023409398579807048,
      -0.675203655083362
    ]
  },
  {
    "label_id": "hGZX2N3Zly2psnSENmTj-A",
    "size": [
      2.138475295999987,
      4.888177290087686,
      1.5899999999999999
    ],
    "obj_class": "vehicle",
    "point_num_in_lidar": 87,
    "speed": 1.4210924103971636e-12,
    "if_vehicle": true,
    "motion_state": false,
    "pose": [
      [
        0.705799872802514,
        -0.7083771668718726,
        -0.006951906683378962,
        23.555243985277357
      ],
      [
        0.7074149189916638,
        0.7052935386527489,
        -0.04609942215148928,
        -41.49317214707844
      ],
      [
        0.03755891292320646,
        0.027619083787530394,
        0.998912665987755,
        0.18078120263364283
      ],
      [
        0.0,
        0.0,
        0.0,
        1.0
      ]
    ],
    "location": [
      23.555243985277357,
      -41.49317214707844,
      0.18078120263364283
    ],
    "rotation": [
      0.027642105178751188,
      -0.037567749084332,
      0.7865409801125208
    ]
  },
  {
    "label_id": "htlToNRsx41JQWk7O-9SuQ",
    "size": [
      0.672273233618059,
      0.6100302540971272,
      1.6900000000000048
    ],
    "obj_class": "pedestrian",
    "point_num_in_lidar": 30,
    "speed": 0.012944660460777425,
    "if_vehicle": false,
    "motion_state": false,
    "pose": [
      [
        -0.9359300711834107,
        -0.3521172714424581,
        -0.006951906683378962,
        55.935508976703076
      ],
      [
        0.3520513624713819,
        -0.9348447365521947,
        -0.04609942215148928,
        -50.25275483929727
      ],
      [
        0.009733449371097568,
        -0.04559326367541493,
        0.998912665987755,
        0.3696855496581293
      ],
      [
        0.0,
        0.0,
        0.0,
        1.0
      ]
    ],
    "location": [
      55.935508976703076,
      -50.25275483929727,
      0.3696855496581293
    ],
    "rotation": [
      -0.04561123675917296,
      -0.0097336030688753,
      2.781812960344538
    ]
  },
  {
    "label_id": "jkjRLcw59twUELYWSONreA",
    "size": [
      2.451307599366539,
      5.635550788292107,
      2.1400000000000006
    ],
    "obj_class": "vehicle",
    "point_num_in_lidar": 1156,
    "speed": 6.772711603147594,
    "if_vehicle": true,
    "motion_state": true,
    "pose": [
      [
        0.8408249895543868,
        0.5412624205820417,
        -0.006951906683378962,
        28.384129451097436
      ],
      [
        -0.5409694987127622,
        0.8397778543994605,
        -0.04609942215148928,
        -19.9424583368218
      ],
      [
        -0.019113827542595226,
        0.042522315622594654,
        0.998912665987755,
        0.4588459938570715
      ],
      [
        0.0,
        0.0,
        0.0,
        1.0
      ]
    ],
    "location": [
      28.384129451097436,
      -19.9424583368218,
      0.4588459938570715
    ],
    "rotation": [
      0.04254291717730367,
      0.019114991569846772,
      -0.5717069494237035
    ]
  },
  {
    "label_id": "lhHFPkjsC18bVySvOy8gPg",
    "size": [
      2.9661909245591223,
      11.160713238735097,
      4.1399999999999935
    ],
    "obj_class": "vehicle",
    "point_num_in_lidar": 332,
    "speed": 0.0050223589114597325,
    "if_vehicle": true,
    "motion_state": false,
    "pose": [
      [
        0.7039589459256969,
        0.7102066413690086,
        -0.006951906683378962,
        60.76387332570589
      ],
      [
        -0.7096943123284122,
        0.702999876476519,
        -0.04609942215148928,
        -53.40308135762825
      ],
      [
        -0.02785292623556958,
        0.037385829258578036,
        0.998912665987755,
        1.5918554233718751
      ],
      [
        0.0,
        0.0,
        0.0,
        1.0
      ]
    ],
    "location": [
      60.76387332570589,
      -53.40308135762825,
      1.5918554233718751
    ],
    "rotation": [
      0.0374090640613975,
      0.02785652880943288,
      -0.7894552650247453
    ]
  },
  {
    "label_id": "ohnUqlIEDND8uWnUNCjXPQ",
    "size": [
      0.9097731638516853,
      1.0756147958730597,
      1.9184974544166629
    ],
    "obj_class": "pedestrian",
    "point_num_in_lidar": 60,
    "speed": 8.527929402286984e-13,
    "if_vehicle": false,
    "motion_state": false,
    "pose": [
      [
        0.9124910986828102,
        0.4090374870572423,
        -0.006951906683378962,
        17.899387816539004
      ],
      [
        -0.4089049227801539,
        0.9114118758297235,
        -0.04609942215148928,
        -25.381286440502663
      ],
      [
        -0.012520341480744535,
        0.04490798123319704,
        0.998912665987755,
        0.40684298725798484
      ],
      [
        0.0,
        0.0,
        0.0,
        1.0
      ]
    ],
    "location": [
      17.899387816539004,
      -25.381286440502663,
      0.40684298725798484
    ],
    "rotation": [
      0.04492661330300544,
      0.01252066861642073,
      -0.42128888020062516
    ]
  },
  {
    "label_id": "owqq0SyyUzEtwrdnEtGJFw",
    "size": [
      0.7649237108880912,
      0.7620373890771113,
      1.5899971513714917
    ],
    "obj_class": "pedestrian",
    "point_num_in_lidar": 29,
    "speed": 1.258726206321484,
    "if_vehicle": false,
    "motion_state": true,
    "pose": [
      [
        0.6539668114683141,
        0.7564912957142549,
        -0.006951906683378962,
        16.424057712954635
      ],
      [
        -0.7559148521642082,
        0.6530448526363729,
        -0.04609942215148928,
        -25.960485649306065
      ],
      [
        -0.03033390471946952,
        0.03540254162776699,
        0.998912665987755,
        0.29026033504851867
      ],
      [
        0.0,
        0.0,
        0.0,
        1.0
      ]
    ],
    "location": [
      16.424057712954635,
      -25.960485649306065,
      0.29026033504851867
    ],
    "rotation": [
      0.03542625026539546,
      0.03033855858244555,
      -0.8575821728546583
    ]
  },
  {
    "label_id": "p6HYxZ-qmvgAHLlaUQcisA",
    "size": [
      0.6759889815790187,
      0.9843414976660856,
      1.6620307118407744
    ],
    "obj_class": "pedestrian",
    "point_num_in_lidar": 60,
    "speed": 0.9030191276471048,
    "if_vehicle": false,
    "motion_state": false,
    "pose": [
      [
        0.9831473143214289,
        0.1826828654691714,
        -0.006951906683378962,
        32.7866911858319
      ],
      [
        -0.18280814106304386,
        0.9820672211403724,
        -0.04609942215148928,
        -42.292022307892694
      ],
      [
        -0.0015943348569339014,
        0.046593388217638726,
        0.998912665987755,
        0.34753497570432756
      ],
      [
        0.0,
        0.0,
        0.0,
        1.0
      ]
    ],
    "location": [
      32.7866911858319,
      -42.292022307892694,
      0.34753497570432756
    ],
    "rotation": [
      0.04661032259573342,
      0.0015943355323756025,
      -0.18384220661419265
    ]
  },
  {
    "label_id": "pz7xo7HxZhLHkt8SZMS4wg",
    "size": [
      0.6538178511626628,
      0.9079292511897701,
      1.7400000000000055
    ],
    "obj_class": "pedestrian",
    "point_num_in_lidar": 55,
    "speed": 1.4224727630237295,
    "if_vehicle": false,
    "motion_state": true,
    "pose": [
      [
        0.6853910440482743,
        0.7281420106901415,
        -0.006951906683378962,
        27.648543088027722
      ],
      [
        -0.7276050949023728,
        0.6844455194896143,
        -0.04609942215148928,
        -38.99885954223828
      ],
      [
        -0.028808724555690418,
        0.03665437380054377,
        0.998912665987755,
        0.33820102805712793
      ],
      [
        0.0,
        0.0,
        0.0,
        1.0
      ]
    ],
    "location": [
      27.648543088027722,
      -38.99885954223828,
      0.33820102805712793
    ],
    "rotation": [
      0.036677816782220214,
      0.028812710976038953,
      -0.8152648396335814
    ]
  },
  {
    "label_id": "uqZQ_toA0YqqDmkEqNV_iw",
    "size": [
      0.8147056283498088,
      0.9676938829072166,
      1.600000000000005
    ],
    "obj_class": "pedestrian",
    "point_num_in_lidar": 97,
    "speed": 1.5497382030559588,
    "if_vehicle": false,
    "motion_state": true,
    "pose": [
      [
        0.7180397118161381,
        0.6959674153640119,
        -0.006951906683378962,
        27.80744180381575
      ],
      [
        -0.6954743944717512,
        0.7170705752653986,
        -0.04609942215148928,
        -38.038839390437715
      ],
      [
        -0.027098687959904545,
        0.03793608888759296,
        0.998912665987755,
        0.2828993793770316
      ],
      [
        0.0,
        0.0,
        0.0,
        1.0
      ]
    ],
    "location": [
      27.80744180381575,
      -38.038839390437715,
      0.2828993793770316
    ],
    "rotation": [
      0.03795914074434763,
      0.027102005659766042,
      -0.7694355347810268
    ]
  },
  {
    "label_id": "wd-dwWfxFi-2x2ASuoXg0g",
    "size": [
      1.992685203215046,
      4.23777338934755,
      1.7800000000000047
    ],
    "obj_class": "vehicle",
    "point_num_in_lidar": 161,
    "speed": 5.041330065639084,
    "if_vehicle": true,
    "motion_state": true,
    "pose": [
      [
        -0.5599179251122038,
        0.8285189123559644,
        -0.006951906683378962,
        17.079657288006672
      ],
      [
        -0.8274785849106422,
        -0.5596016751150588,
        -0.04609942215148928,
        -32.19332577572641
      ],
      [
        -0.04208454172645278,
        -0.020059338895140187,
        0.998912665987755,
        0.3523065235648595
      ],
      [
        0.0,
        0.0,
        0.0,
        1.0
      ]
    ],
    "location": [
      17.079657288006672,
      -32.19332577572641,
      0.3523065235648595
    ],
    "rotation": [
      -0.020078475223201983,
      0.042096974353790936,
      -2.16568242403527
    ]
  },
  {
    "label_id": "x8BpeQrGkEzAirIsNjwIeA",
    "size": [
      0.8221496866547768,
      0.9023545283156887,
      1.7200000000000024
    ],
    "obj_class": "pedestrian",
    "point_num_in_lidar": 50,
    "speed": 0.9984938562507314,
    "if_vehicle": false,
    "motion_state": false,
    "pose": [
      [
        0.28836848102292356,
        0.9574942768215366,
        -0.006951906683378962,
        45.59513038772808
      ],
      [
        -0.9565918078676527,
        0.28776197872164144,
        -0.04609942215148928,
        -30.300167251883977
      ],
      [
        -0.04213943845173362,
        0.019943757324240172,
        0.998912665987755,
        0.3725056596816039
      ],
      [
        0.0,
        0.0,
        0.0,
        1.0
      ]
    ],
    "location": [
      45.59513038772808,
      -30.300167251883977,
      0.3725056596816039
    ],
    "rotation": [
      0.019962814212213846,
      0.042151919821386025,
      -1.2780060698477824
    ]
  },
  {
    "label_id": "yBNHyhO_RtHwkKawZhxD6Q",
    "size": [
      0.7515972622574879,
      0.870907410979146,
      1.7100000000000009
    ],
    "obj_class": "pedestrian",
    "point_num_in_lidar": 68,
    "speed": 0.04000845145881171,
    "if_vehicle": false,
    "motion_state": false,
    "pose": [
      [
        0.6098556085756592,
        -0.792482055116883,
        -0.006951906683378962,
        33.014368491268385
      ],
      [
        0.79146316720986,
        0.6094759209578637,
        -0.04609942215148928,
        -41.53621763639785
      ],
      [
        0.040769984534578495,
        0.022611813069408213,
        0.998912665987755,
        0.2932068621801349
      ],
      [
        0.0,
        0.0,
        0.0,
        1.0
      ]
    ],
    "location": [
      33.014368491268385,
      -41.53621763639785,
      0.2932068621801349
    ],
    "rotation": [
      0.022632561253535452,
      -0.040781287579045165,
      0.9142774405849453
    ]
  }
]