[
  {
    "label_id": "4quado-MYqHN3stogtf75Q",
    "size": [
      0.6905816312991051,
      0.819534717486076,
      1.6200000000000045
    ],
    "obj_class": "pedestrian",
    "point_num_in_lidar": 61,
    "speed": 1.228824908566744,
    "if_vehicle": false,
    "motion_state": true,
    "pose": [
      [
        -0.6925989447692437,
        -0.7212686113772527,
        0.008848273642904185,
        -16.826649819360114
      ],
      [
        0.720829060436666,
        -0.6925265386154331,
        -0.02850366543658301,
        36.69844945074692
      ],
      [
        0.026686463507248626,
        -0.013363515826931816,
        0.9995545253312696,
        1.5695502485862534
      ],
      [
        0.0,
        0.0,
        0.0,
        1.0
      ]
    ],
    "location": [
      -16.826649819360114,
      36.69844945074692,
      1.5695502485862534
    ],
    "rotation": [
      -0.01336867510781172,
      -0.026689632060727456,
      2.3362243447889806
    ]
  },
  {
    "label_id": "7jc3Af57sBpvlPL9mBChxg",
    "size": [
      0.7280243212199105,
      0.9942925016849594,
      1.9500000000000028
    ],
    "obj_class": "pedestrian",
    "point_num_in_lidar": 34,
    "speed": 1.3912170917447657,
    "if_vehicle": false,
    "motion_state": true,
    "pose": [
      [
        0.6615075624169212,
        0.7498862933263705,
        0.008848273642904185,
        -19.130207555670182
      ],
      [
        -0.7494440757612066,
        0.6614537915554723,
        -0.02850366543658301,
        11.855623461615323
      ],
      [
        -0.027227232170273542,
        0.012224103980512902,
        0.9995545253312696,
        1.7411099142769295
      ],
      [
        0.0,
        0.0,
        0.0,
        1.0
      ]
    ],
    "location": [
      -19.130207555670182,
      11.855623461615323,
      1.7411099142769295
    ],
    "rotation": [
      0.012228942298976628,
      0.027230597318137643,
      -0.8476419128920398
    ]
  },
  {
    "label_id": "BUMkYhAQav9kbH1CraE_oA",
    "size": [
      0.8226167862754208,
      0.7142499262422745,
      1.0400000000000027
    ],
    "obj_class": "pedestrian",
    "point_num_in_lidar": 26,
    "speed": 7.88221258185495e-28,
    "if_vehicle": false,
    "motion_state": false,
    "pose": [
      [
        -0.7332927034071168,
        -0.6798555134610753,
        0.008848273642904185,
        -13.763413627623265
      ],
      [
        0.679420905780633,
        -0.7331949084963041,
        -0.02850366543658301,
        9.388177313796405
      ],
      [
        0.02586588328487024,
        -0.014889827791947089,
        0.9995545253312696,
        1.1731904209726416
      ],
      [
        0.0,
        0.0,
        0.0,
        1.0
      ]
    ],
    "location": [
      -13.763413627623265,
      9.388177313796405,
      1.1731904209726416
    ],
    "rotation": [
      -0.014895362071122117,
      -0.025868768388888623,
      2.3943095809999386
    ]
  },
  {
    "label_id": "CE8NHyciagbegqHwuqO5sg",
    "size": [
      0.6594368629915666,
      0.9203849492443361,
      1.730000000000004
    ],
    "obj_class": "pedestrian",
    "point_num_in_lidar": 68,
    "speed": 1.230632899789426,
    "if_vehicle": false,
    "motion_state": true,
    "pose": [
      [
        0.6576988404308965,
        0.75322901122394,
        0.008848273642904185,
        -18.620266974409986
      ],
      [
        -0.7527865268406659,
        0.6576473113028342,
        -0.02850366543658301,
        12.30538133020491
      ],
      [
        -0.02728883110398309,
        0.012085966521493218,
        0.9995545253312696,
        1.6414967913205203
      ],
      [
        0.0,
        0.0,
        0.0,
        1.0
      ]
    ],
    "location": [
      -18.620266974409986,
      12.30538133020491,
      1.6414967913205203
    ],
    "rotation": [
      0.012090763709393123,
      0.02729221914862975,
      -0.8527111818549643
    ]
  },
  {
    "label_id": "Em1g7-nMbotXR-DrtWI2ig",
    "size": [
      1.7290692349586594,
      3.5947345219723577,
      1.3300000000000054
    ],
    "obj_class": "vehicle",
    "point_num_in_lidar": 43,
    "speed": 11.54475835200825,
    "if_vehicle": true,
    "motion_state": true,
    "pose": [
      [
        0.6830274896155794,
        0.7303390695307077,
        0.008848273642904185,
        10.621376570624534
      ],
      [
        -0.7298986020026208,
        0.6829608860332336,
        -0.02850366543658301,
        -4.816614201745324
      ],
      [
        -0.026860365300190977,
        0.013010444485899246,
        0.9995545253312696,
        0.6290615630378547
      ],
      [
        0.0,
        0.0,
        0.0,
        1.0
      ]
    ],
    "location": [
      10.621376570624534,
      -4.816614201745324,
      0.6290615630378547
    ],
    "rotation": [
      0.013015507885291093,
      0.026863596215187174,
      -0.8185590844469671
    ]
  },
  {
    "label_id": "FI9gXqHphltRJYHwCug7Ng",
    "size": [
      1.8594440137345525,
      4.194035097474454,
      1.5400000000000027
    ],
    "obj_class": "vehicle",
    "point_num_in_lidar": 346,
    "speed": 11.241092606523141,
    "if_vehicle": true,
    "motion_state": true,
    "pose": [
      [
        0.6896287803736318,
        0.7241090065272751,
        0.008848273642904185,
        -18.731092398312086
      ],
      [
        -0.7236691617195671,
        0.6895581813253893,
        -0.02850366543658301,
        26.0246991457916
      ],
      [
        -0.026741160342740336,
        0.013253725261382972,
        0.9995545253312696,
        1.5193227773760931
      ],
      [
        0.0,
        0.0,
        0.0,
        1.0
      ]
    ],
    "location": [
      -18.731092398312086,
      26.0246991457916,
      1.5193227773760931
    ],
    "rotation": [
      0.013258855080256947,
      0.026744348423267665,
      -0.8094792860446003
    ]
  },
  {
    "label_id": "FPxCTwmWLOPNTJ379btAYA",
    "size": [
      0.8145880337328415,
      0.9820855903076346,
      1.660810238936186
    ],
    "obj_class": "pedestrian",
    "point_num_in_lidar": 694,
    "speed": 1.521431874986644,
    "if_vehicle": false,
    "motion_state": true,
    "pose": [
      [
        -0.8162446680547905,
        -0.57763859802273,
        0.008848273642904185,
        -43.479001788459556
      ],
      [
        0.5772206027598666,
        -0.816090630264933,
        -0.02850366543658301,
        38.258908949088436
      ],
      [
        0.023685810555291027,
        -0.018158559087087106,
        0.9995545253312696,
        2.2289938954085002
      ],
      [
        0.0,
        0.0,
        0.0,
        1.0
      ]
    ],
    "location": [
      -43.479001788459556,
      38.258908949088436,
      2.2289938954085002
    ],
    "rotation": [
      -0.018164653769292705,
      -0.023688025807445386,
      2.526073364046612
    ]
  },
  {
    "label_id": "G5rBc-IBs4NaB1_bsyDepA",
    "size": [
      0.982855473403128,
      0.9622097222155813,
      1.7700000000000031
    ],
    "obj_class": "pedestrian",
    "point_num_in_lidar": 108,
    "speed": 1.1394439420234712,
    "if_vehicle": false,
    "motion_state": true,
    "pose": [
      [
        -0.4844179890028882,
        -0.8747919295374974,
        0.008848273642904185,
        -32.37382863586248
      ],
      [
        0.8743485121350122,
        -0.4844607521605542,
        -0.02850366543658301,
        27.09895880356271
      ],
      [
        0.029221417790523493,
        -0.006071213395363952,
        0.9995545253312696,
        1.8692225831013118
      ],
      [
        0.0,
        0.0,
        0.0,
        1.0
      ]
    ],
    "location": [
      -32.37382863586248,
      27.09895880356271,
      1.8692225831013118
    ],
    "rotation": [
      -0.0060738444801394535,
      -0.029225578041500798,
      2.0767306692505025
    ]
  },
  {
    "label_id": "H0oeqef3n0W99Ives7fE4w",
    "size": [
      0.787838982520155,
      1.0358770345117807,
      1.7968802810480575
    ],
    "obj_class": "pedestrian",
    "point_num_in_lidar": 98,
    "speed": 1.364391326256984,
    "if_vehicle": false,
    "motion_state": true,
    "pose": [
      [
        0.7763071649689067,
        0.6302927047582565,
        0.008848273642904185,
        -42.154111245514116
      ],
      [
        -0.6298654476590443,
        0.7761810735272738,
        -0.02850366543658301,
        34.63796362890935
      ],
      [
        -0.02483351491856079,
        0.016554377867198405,
        0.9995545253312696,
        2.3424163822199517
      ],
      [
        0.0,
        0.0,
        0.0,
        1.0
      ]
    ],
    "location": [
      -42.154111245514116,
      34.63796362890935,
      2.3424163822199517
    ],
    "rotation": [
      0.01656024170799828,
      0.024836068112953656,
      -0.6816301622181595
    ]
  },
  {
    "label_id": "JEq9lO83xo5toHNpV2lgqg",
    "size": [
      0.7294043261132981,
      0.6294133872321779,
      1.0900000000000034
    ],
    "obj_class": "pedestrian",
    "point_num_in_lidar": 71,
    "speed": 0.04963558347006407,
    "if_vehicle": false,
    "motion_state": false,
    "pose": [
      [
        0.6730114090234159,
        -0.7395791718118193,
        0.008848273642904185,
        -32.72204177861681
      ],
      [
        0.7394773421630596,
        0.6725777289534175,
        -0.02850366543658301,
        23.93917569020232
      ],
      [
        0.01512956548528636,
        0.025726389913993012,
        0.9995545253312696,
        1.5619960574341718
      ],
      [
        0.0,
        0.0,
        0.0,
        1.0
      ]
    ],
    "location": [
      -32.72204177861681,
      23.93917569020232,
      1.5619960574341718
    ],
    "rotation": [
      0.025732174496762298,
      -0.015130142747133882,
      0.8324193807929939
    ]
  },
  {
    "label_id": "JNdn7RAD6vdfBLnX7loZ4Q",
    "size": [
      0.8164947895517085,
      1.0286770814850545,
      1.8999999999999986
    ],
    "obj_class": "pedestrian",
    "point_num_in_lidar": 406,
    "speed": 1.3076841592263246,
    "if_vehicle": false,
    "motion_state": true,
    "pose": [
      [
        0.7532745453592139,
        0.6576466888591547,
        0.008848273642904185,
        -36.569296133936746
      ],
      [
        -0.6572151965342724,
        0.7531638111998593,
        -0.02850366543658301,
        54.28208280857143
      ],
      [
        -0.025409540694146925,
        0.015655865721602907,
        0.9995545253312696,
        2.3389480467867294
      ],
      [
        0.0,
        0.0,
        0.0,
        1.0
      ]
    ],
    "location": [
      -36.569296133936746,
      54.28208280857143,
      2.3389480467867294
    ],
    "rotation": [
      0.015661562482758688,
      0.025412275744990134,
      -0.7173996185102223
    ]
  },
  {
    "label_id": "NiTpkPb-7i2Mig5pm-_Fog",
    "size": [
      2.4630320687704463,
      5.5967134408145585,
      2.580000000000002
    ],
    "obj_class": "vehicle",
    "point_num_in_lidar": 7973,
    "speed": 0.13679986974620725,
    "if_vehicle": true,
    "motion_state": false,
    "pose": [
      [
        0.7113541417259707,
        0.7027780539422441,
        0.008848273642904185,
        -40.06659346735972
      ],
      [
        -0.7023405623610461,
        0.7112701846127455,
        -0.02850366543658301,
        53.67208689319341
      ],
      [
        -0.026325263753235167,
        0.014061698976402973,
        0.9995545253312696,
        2.6483715720229135
      ],
      [
        0.0,
        0.0,
        0.0,
        1.0
      ]
    ],
    "location": [
      -40.06659346735972,
      53.67208689319341,
      2.6483715720229135
    ],
    "rotation": [
      0.014067037956278568,
      0.026328305355452872,
      -0.7790223474582333
    ]
  },
  {
    "label_id": "OWrPXT2T359uER50SdcpFg",
    "size": [
      2.505372621284294,
      5.756218886791956,
      2.5199999999999925
    ],
    "obj_class": "vehicle",
    "point_num_in_lidar": 12917,
    "speed": 0.08436078656980285,
    "if_vehicle": true,
    "motion_state": false,
    "pose": [
      [
        0.7170738942647841,
        0.6969409861799474,
        0.008848273642904185,
        -34.91765803928723
      ],
      [
        -0.6965041953553708,
        0.7169863645210047,
        -0.02850366543658301,
        48.53450252537914
      ],
      [
        -0.026209464250628343,
        0.01427637466149599,
        0.9995545253312696,
        2.458373354752723
      ],
      [
        0.0,
        0.0,
        0.0,
        1.0
      ]
    ],
    "location": [
      -34.91765803928723,
      48.53450252537914,
      2.458373354752723
    ],
    "rotation": [
      0.014281766168133342,
      0.02621246588274939,
      -0.7708476780787438
    ]
  },
  {
    "label_id": "SW5J5z97JmESap1cA0pqaw",
    "size": [
      0.8168658651935528,
      1.004741313873034,
      1.8000000000000043
    ],
    "obj_class": "pedestrian",
    "point_num_in_lidar": 637,
    "speed": 0.9929709110454837,
    "if_vehicle": false,
    "motion_state": false,
    "pose": [
      [
        0.6268741120444414,
        0.7790703149921919,
        0.008848273642904185,
        -46.506001825685956
      ],
      [
        -0.7786261162446685,
        0.626840420010088,
        -0.02850366543658301,
        38.39219144348681
      ],
      [
        -0.02775281517679303,
        0.01097871301852526,
        0.9995545253312696,
        2.350559614592523
      ],
      [
        0.0,
        0.0,
        0.0,
        1.0
      ]
    ],
    "location": [
      -46.506001825685956,
      38.39219144348681,
      2.350559614592523
    ],
    "rotation": [
      0.010983164282769567,
      0.027756379035262544,
      -0.8929516212431716
    ]
  },
  {
    "label_id": "V2LikFvNhViYA90wsd05cg",
    "size": [
      1.0138103015300939,
      0.13240155450344712,
      0.896812763549697
    ],
    "obj_class": "sign",
    "point_num_in_lidar": 23,
    "speed": 0.01937417777378127,
    "if_vehicle": false,
    "motion_state": false,
    "pose": [
      [
        -0.6785283000710002,
        -0.7345209691059192,
        0.008848273642904185,
        3.1431000238988247
      ],
      [
        0.7340801007578197,
        -0.6784644034347481,
        -0.02850366543658301,
        -8.401416922048156
      ],
      [
        0.02693977865811024,
        -0.012845202047161329,
        0.9995545253312696,
        3.4160060540269512
      ],
      [
        0.0,
        0.0,
        0.0,
        1.0
      ]
    ],
    "location": [
      3.1431000238988247,
      -8.401416922048156,
      3.4160060540269512
    ],
    "rotation": [
      -0.01285021945185739,
      -0.02694303832103383,
      2.3168890534836386
    ]
  },
  {
    "label_id": "VceceKYf-sBWe2z2yzYRVw",
    "size": [
      0.79281771160696,
      0.8884006652584333,
      1.7400000000000055
    ],
    "obj_class": "pedestrian",
    "point_num_in_lidar": 37,
    "speed": 1.297987532628952,
    "if_vehicle": false,
    "motion_state": true,
    "pose": [
      [
        0.68673781186976,
        0.7268513505537939,
        0.008848273642904185,
        -17.009487370354293
      ],
      [
        -0.7264112279090427,
        0.6866689661142088,
        -0.02850366543658301,
        10.637832093039833
      ],
      [
        -0.026793762632582478,
        0.013147059510369475,
        0.9995545253312696,
        1.6628075759252248
      ],
      [
        0.0,
        0.0,
        0.0,
        1.0
      ]
    ],
    "location": [
      -17.009487370354293,
      10.637832093039833,
      1.6628075759252248
    ],
    "rotation": [
      0.013152160399439216,
      0.026796969567939852,
      -0.8134652650523677
    ]
  },
  {
    "label_id": "WO56tb9SlZLXxanokDHwIg",
    "size": [
      0.8995177469412292,
      1.444058921715738,
      1.1045811488007296
    ],
    "obj_class": "pedestrian",
    "point_num_in_lidar": 70,
    "speed": 0.60507035838465,
    "if_vehicle": false,
    "motion_state": false,
    "pose": [
      [
        0.7743477661481714,
        0.6326983839989455,
        0.008848273642904185,
        -23.985982541821386
      ],
      [
        -0.6322707377219229,
        0.7742230009998766,
        -0.02850366543658301,
        15.746911538202767
      ],
      [
        -0.024884760033250058,
        0.016477245154088417,
        0.9995545253312696,
        1.3575086651700907
      ],
      [
        0.0,
        0.0,
        0.0,
        1.0
      ]
    ],
    "location": [
      -23.985982541821386,
      15.746911538202767,
      1.3575086651700907
    ],
    "rotation": [
      0.016483095680982496,
      0.02488732906913502,
      -0.684733486505434
    ]
  },
  {
    "label_id": "Wn7qiZhO9SVdW3Ek2xpYjQ",
    "size": [
      1.8949477651520963,
      4.497916426909856,
      1.4900000000000055
    ],
    "obj_class": "vehicle",
    "point_num_in_lidar": 814,
    "speed": 0.05657629963041402,
    "if_vehicle": true,
    "motion_state": false,
    "pose": [
      [
        0.7149088213826955,
        0.6991617017276799,
        0.008848273642904185,
        -31.028282070267693
      ],
      [
        -0.6987246415228358,
        0.7148226468051108,
        -0.02850366543658301,
        29.962286329098788
      ],
      [
        -0.026253617617194497,
        0.014195015033120052,
        0.9995545253312696,
        1.639349755032086
      ],
      [
        0.0,
        0.0,
        0.0,
        1.0
      ]
    ],
    "location": [
      -31.028282070267693,
      29.962286329098788,
      1.639349755032086
    ],
    "rotation": [
      0.01420038678663847,
      0.02625663444799074,
      -0.7739500240840781
    ]
  },
  {
    "label_id": "de92Xadub7g4by1rwCWl-g",
    "size": [
      2.445563210300368,
      5.893766671715216,
      2.0400000000000027
    ],
    "obj_class": "vehicle",
    "point_num_in_lidar": 198,
    "speed": 0.01788770194326269,
    "if_vehicle": true,
    "motion_state": false,
    "pose": [
      [
        0.6830139470802913,
        0.7303517345412013,
        0.008848273642904185,
        -8.794948096335474
      ],
      [
        -0.7299112657781834,
        0.6829473516653899,
        -0.02850366543658301,
        6.751197434128699
      ],
      [
        -0.026860606543622573,
        0.013009946421452702,
        0.9995545253312696,
        1.5199609073698177
      ],
      [
        0.0,
        0.0,
        0.0,
        1.0
      ]
    ],
    "location": [
      -8.794948096335474,
      6.751197434128699,
      1.5199609073698177
    ],
    "rotation": [
      0.013015009683274011,
      0.026863837545692736,
      -0.8185776322133224
    ]
  },
  {
    "label_id": "ef6pWDU8SXnx7Ji3UjRaaA",
    "size": [
      0.8474812215674442,
      1.0094970659863531,
      1.7622850494604698
    ],
    "obj_class": "pedestrian",
    "point_num_in_lidar": 598,
    "speed": 1.1225416415153062,
    "if_vehicle": false,
    "motion_state": true,
    "pose": [
      [
        0.7083056943421377,
        0.705850374665936,
        0.008848273642904185,
        -43.879351761904985
      ],
      [
        -0.7054125237970454,
        0.7082236315790107,
        -0.02850366543658301,
        36.47432902808214
      ],
      [
        -0.026385879420347053,
        0.013947625496667003,
        0.9995545253312696,
        2.3339912333972386
      ],
      [
        0.0,
        0.0,
        0.0,
        1.0
      ]
    ],
    "location": [
      -43.879351761904985,
      36.47432902808214,
      2.3339912333972386
    ],
    "rotation": [
      0.013952936035998833,
      0.026388942085858645,
      -0.7833516689341466
    ]
  },
  {
    "label_id": "fRE2IWqr4UCEJVlBDLm9Vg",
    "size": [
      0.7342516863675781,
      0.9817376162447662,
      1.7500000000000036
    ],
    "obj_class": "pedestrian",
    "point_num_in_lidar": 121,
    "speed": 1.208602906673818,
    "if_vehicle": false,
    "motion_state": true,
    "pose": [
      [
        0.8497234441131796,
        0.5271544143588066,
        0.008848273642904185,
        -20.442751382295597
      ],
      [
        -0.5267465131833122,
        0.8495443790090675,
        -0.02850366543658301,
        37.49111750256088
      ],
      [
        -0.02254283419756461,
        0.019559435475531527,
        0.9995545253312696,
        1.737454882805121
      ],
      [
        0.0,
        0.0,
        0.0,
        1.0
      ]
    ],
    "location": [
      -20.442751382295597,
      37.49111750256088,
      1.737454882805121
    ],
    "rotation": [
      0.019565655534791,
      0.022544743934877452,
      -0.5549259987585721
    ]
  },
  {
    "label_id": "gTlTo0M_8zEeef3o4GUARw",
    "size": [
      0.29696281914516853,
      0.084499508332546,
      0.4800000000000004
    ],
    "obj_class": "sign",
    "point_num_in_lidar": 49,
    "speed": 0.014736875341306736,
    "if_vehicle": false,
    "motion_state": false,
    "pose": [
      [
        -0.04156678094559538,
        -0.9990965472742668,
        0.008848273642904185,
        -35.60605581997169
      ],
      [
        0.9987191832553479,
        -0.04180351724975202,
        -0.02850366543658301,
        32.681509031788664
      ],
      [
        0.02884780268221261,
        0.007652135008512109,
        0.9995545253312696,
        2.219252246070411
      ],
      [
        0.0,
        0.0,
        0.0,
        1.0
      ]
    ],
    "location": [
      -35.60605581997169,
      32.681509031788664,
      2.219252246070411
    ],
    "rotation": [
      0.007655395808165561,
      -0.02885180535099754,
      1.6123924085132855
    ]
  },
  {
    "label_id": "h1MQcORcKbbVlpISVYmbVg",
    "size": [
      0.8244535462912673,
      1.0348702526007014,
      1.8090579967917257
    ],
    "obj_class": "pedestrian",
    "point_num_in_lidar": 76,
    "speed": 1.7064813480484562,
    "if_vehicle": false,
    "motion_state": true,
    "pose": [
      [
        0.6602685771235525,
        0.7509774391529879,
        0.008848273642904185,
        -18.986468973326254
      ],
      [
        -0.7505351334133156,
        0.6602155364492235,
        -0.02850366543658301,
        14.346488981473158
      ],
      [
        -0.027247377405838154,
        0.012179134381563825,
        0.9995545253312696,
        1.5197817021099418
      ],
      [
        0.0,
        0.0,
        0.0,
        1.0
      ]
    ],
    "location": [
      -18.986468973326254,
      14.346488981473158,
      1.5197817021099418
    ],
    "rotation": [
      0.012183959361298308,
      0.027250750030443666,
      -0.8492934319320866
    ]
  },
  {
    "label_id": "hL272mOwg-R7scPt3Sy37g",
    "size": [
      0.9042161422523627,
      1.0433843738620148,
      1.8200000000000038
    ],
    "obj_class": "pedestrian",
    "point_num_in_lidar": 81,
    "speed": 1.3902722554776399,
    "if_vehicle": false,
    "motion_state": true,
    "pose": [
      [
        0.7258279425004074,
        0.6878193846782493,
        0.008848273642904185,
        -23.910349221643315
      ],
      [
        -0.6873837353944922,
        0.7257348974465775,
        -0.02850366543658301,
        17.37947240968606
      ],
      [
        -0.026026874586477535,
        0.014606597449102912,
        0.9995545253312696,
        1.6450612058603902
      ],
      [
        0.0,
        0.0,
        0.0,
        1.0
      ]
    ],
    "location": [
      -23.910349221643315,
      17.37947240968606,
      1.6450612058603902
    ],
    "rotation": [
      0.014612067176342626,
      0.026029813908892946,
      -0.7582014393191029
    ]
  },
  {
    "label_id": "hnUo4hyZCFm1C_pXJddkUQ",
    "size": [
      0.8103802593168319,
      0.9244852452441166,
      1.610000000000003
    ],
    "obj_class": "cyclist",
    "point_num_in_lidar": 52,
    "speed": 1.2776048643047482,
    "if_vehicle": false,
    "motion_state": true,
    "pose": [
      [
        0.6731754296403508,
        0.7394298810448962,
        0.008848273642904185,
        -18.77392167240393
      ],
      [
        -0.7389885602317084,
        0.6731147368044664,
        -0.02850366543658301,
        10.025103372920057
      ],
      [
        -0.02703236532743344,
        0.012649194226690646,
        0.9995545253312696,
        1.6641385241888074
      ],
      [
        0.0,
        0.0,
        0.0,
        1.0
      ]
    ],
    "location": [
      -18.77392167240393,
      10.025103372920057,
      1.6641385241888074
    ],
    "rotation": [
      0.012654156163515978,
      0.027035658721847135,
      -0.8319689192741169
    ]
  },
  {
    "label_id": "ht8gtxcrZA6mDs1xt8AdvA",
    "size": [
      2.389817662066173,
      5.415910525913205,
      2.289999999999999
    ],
    "obj_class": "vehicle",
    "point_num_in_lidar": 42,
    "speed": 0.027022506272244996,
    "if_vehicle": true,
    "motion_state": false,
    "pose": [
      [
        0.6833937348302866,
        0.7299963775583082,
        0.008848273642904185,
        -4.341820982450315
      ],
      [
        -0.7295559434933545,
        0.6833269103219928,
        -0.02850366543658301,
        2.0387143783900683
      ],
      [
        -0.02685383600592879,
        0.01302391575322307,
        0.9995545253312696,
        1.5075990050301513
      ],
      [
        0.0,
        0.0,
        0.0,
        1.0
      ]
    ],
    "location": [
      -4.341820982450315,
      2.0387143783900683,
      1.5075990050301513
    ],
    "rotation": [
      0.013028982871066313,
      0.026857064564847752,
      -0.8180573554753005
    ]
  },
  {
    "label_id": "iN3WNFjjgrvTwVK4x-UZXw",
    "size": [
      0.8561267571546187,
      1.1125386946482627,
      2.0180077889578705
    ],
    "obj_class": "pedestrian",
    "point_num_in_lidar": 717,
    "speed": 1.3346915383862645,
    "if_vehicle": false,
    "motion_state": true,
    "pose": [
      [
        0.8038530614283629,
        0.5947621068005164,
        0.008848273642904185,
        -45.25469043039931
      ],
      [
        -0.5943409490986858,
        0.8037078930066276,
        -0.02850366543658301,
        37.309563310347585
      ],
      [
        -0.024064327472883774,
        0.0176538673683185,
        0.9995545253312696,
        2.5112539355334427
      ],
      [
        0.0,
        0.0,
        0.0,
        1.0
      ]
    ],
    "location": [
      -45.25469043039931,
      37.309563310347585,
      2.5112539355334427
    ],
    "rotation": [
      0.01765989911867788,
      0.024066650654348504,
      -0.6366599967662068
    ]
  },
  {
    "label_id": "lk-UnJpDZmcntIM9feFTjA",
    "size": [
      0.7793998410097696,
      0.9263149101209862,
      1.6700000000000053
    ],
    "obj_class": "pedestrian",
    "point_num_in_lidar": 100,
    "speed": 1.3446314172032363,
    "if_vehicle": false,
    "motion_state": true,
    "pose": [
      [
        0.6887686627160022,
        0.7249271944919367,
        0.008848273642904185,
        -36.70402127989223
      ],
      [
        -0.7244872661819605,
        0.6886985858827276,
        -0.02850366543658301,
        29.818973903133156
      ],
      [
        -0.026756875763050428,
        0.013221969943282064,
        0.9995545253312696,
        1.9969853638277009
      ],
      [
        0.0,
        0.0,
        0.0,
        1.0
      ]
    ],
    "location": [
      -36.70402127989223,
      29.818973903133156,
      1.9969853638277009
    ],
    "rotation": [
      0.013227091180952012,
      0.02676006946886674,
      -0.8106667649834643
    ]
  },
  {
    "label_id": "ltn2TuIUyW2DzgSlVNmmVg",
    "size": [
      0.9436101312345376,
      0.9136637610396123,
      1.7699999999999996
    ],
    "obj_class": "pedestrian",
    "point_num_in_lidar": 73,
    "speed": 1.4768892228565675,
    "if_vehicle": false,
    "motion_state": true,
    "pose": [
      [
        -0.6315482857021457,
        -0.7752860574524871,
        0.008848273642904185,
        -7.502301751624998
      ],
      [
        0.7748420693703698,
        -0.6315119227619717,
        -0.02850366543658301,
        27.6018168320079
      ],
      [
        0.027686284700627662,
        -0.01114542638287832,
        0.9995545253312696,
        1.3349764156316226
      ],
      [
        0.0,
        0.0,
        0.0,
        1.0
      ]
    ],
    "location": [
      -7.502301751624998,
      27.6018168320079,
      1.3349764156316226
    ],
    "rotation": [
      -0.011149931521017101,
      -0.02768982298421992,
      2.254657246022836
    ]
  },
  {
    "label_id": "m7x9-XiJdlajnYpy60MCEw",
    "size": [
      0.8517753885081595,
      1.1485901314350553,
      1.970000000000006
    ],
    "obj_class": "pedestrian",
    "point_num_in_lidar": 109,
    "speed": 1.4421497127351792,
    "if_vehicle": false,
    "motion_state": true,
    "pose": [
      [
        0.6913965201086404,
        0.7224213175392892,
        0.008848273642904185,
        -23.580039887116186
      ],
      [
        -0.721981646596918,
        0.691324846243705,
        -0.02850366543658301,
        18.43512126909627
      ],
      [
        -0.02670868695509836,
        0.013319043918950349,
        0.9995545253312696,
        1.7139553544921995
      ],
      [
        0.0,
        0.0,
        0.0,
        1.0
      ]
    ],
    "location": [
      -23.580039887116186,
      18.43512126909627,
      1.7139553544921995
    ],
    "rotation": [
      0.01332419130461973,
      0.026711863432812122,
      -0.8070345197775437
    ]
  },
  {
    "label_id": "mwyNK3BKEHX57EafjsVlhg",
    "size": [
      0.8031057756954432,
      1.0582577362121528,
      1.8100000000000058
    ],
    "obj_class": "pedestrian",
    "point_num_in_lidar": 132,
    "speed": 1.308462072373681,
    "if_vehicle": false,
    "motion_state": true,
    "pose": [
      [
        0.5920067364087758,
        0.8058844409095951,
        0.008848273642904185,
        -27.520819494200538
      ],
      [
        -0.8054391902351143,
        0.5919926113475428,
        -0.02850366543658301,
        20.700000340148108
      ],
      [
        -0.02820877310401533,
        0.009747615592879675,
        0.9995545253312696,
        1.7928855501865577
      ],
      [
        0.0,
        0.0,
        0.0,
        1.0
      ]
    ],
    "location": [
      -27.520819494200538,
      20.700000340148108,
      1.7928855501865577
    ],
    "rotation": [
      0.009751650722128951,
      0.028212515561719095,
      -0.9369573383003212
    ]
  },
  {
    "label_id": "ndZmmljnxia7nf1iYUHCjA",
    "size": [
      2.6441412919462777,
      6.075761311101754,
      2.466192215728494
    ],
    "obj_class": "vehicle",
    "point_num_in_lidar": 277,
    "speed": 0.013462301674901962,
    "if_vehicle": true,
    "motion_state": false,
    "pose": [
      [
        0.6872651389348108,
        0.7263527633722167,
        0.008848273642904185,
        -3.131948821864171
      ],
      [
        -0.7259126908077583,
        0.6871959737810746,
        -0.02850366543658301,
        14.894760894567298
      ],
      [
        -0.02678421417841617,
        0.01316650145730064,
        0.9995545253312696,
        1.5633569729994043
      ],
      [
        0.0,
        0.0,
        0.0,
        1.0
      ]
    ],
    "location": [
      -3.131948821864171,
      14.894760894567298,
      1.5633569729994043
    ],
    "rotation": [
      0.013171607641788704,
      0.026787417685704695,
      -0.8127393234378041
    ]
  },
  {
    "label_id": "p35sayiyKiZgb2akL-yLDg",
    "size": [
      0.7670953691772964,
      0.8966766857086689,
      1.7100000000000044
    ],
    "obj_class": "pedestrian",
    "point_num_in_lidar": 36,
    "speed": 1.3856070019589752,
    "if_vehicle": false,
    "motion_state": true,
    "pose": [
      [
        0.5667010816031895,
        0.8238759567819146,
        0.008848273642904185,
        -17.569643689466687
      ],
      [
        -0.8234304822105771,
        0.566700787032395,
        -0.02850366543658301,
        11.980474876032531
      ],
      [
        -0.028497808270668216,
        0.008867119800059307,
        0.9995545253312696,
        1.6209447824755934
      ],
      [
        0.0,
        0.0,
        0.0,
        1.0
      ]
    ],
    "location": [
      -17.569643689466687,
      11.980474876032531,
      1.6209447824755934
    ],
    "rotation": [
      0.008870838943054604,
      0.02850166697847601,
      -0.9680204343057714
    ]
  },
  {
    "label_id": "qXUWn0gQekPSwZuFOffFyA",
    "size": [
      0.5655107690678132,
      0.10145553175087238,
      0.5435347910585691
    ],
    "obj_class": "sign",
    "point_num_in_lidar": 34,
    "speed": 0.031134744749032595,
    "if_vehicle": false,
    "motion_state": false,
    "pose": [
      [
        -0.7044025423081572,
        -0.7097455645816639,
        0.008848273642904185,
        -25.664469006297622
      ],
      [
        0.7093072678385002,
        -0.7043228953031143,
        -0.02850366543658301,
        42.14725373393958
      ],
      [
        0.026462391828538982,
        -0.01380190959589444,
        0.9995545253312696,
        3.9344572392520014
      ],
      [
        0.0,
        0.0,
        0.0,
        1.0
      ]
    ],
    "location": [
      -25.664469006297622,
      42.14725373393958,
      3.9344572392520014
    ],
    "rotation": [
      -0.013807183277570538,
      -0.026465481219884287,
      2.3527251036065593
    ]
  },
  {
    "label_id": "rhQEGyG3ydk_PpljURABpA",
    "size": [
      0.7971540827731018,
      0.9468052349867129,
      1.83555267383354
    ],
    "obj_class": "pedestrian",
    "point_num_in_lidar": 23,
    "speed": 1.5049739915632347,
    "if_vehicle": false,
    "motion_state": true,
    "pose": [
      [
        0.6680719815481821,
        0.744044041387219,
        0.008848273642904185,
        -15.679242727933428
      ],
      [
        -0.7436023134338186,
        0.6680143265773218,
        -0.02850366543658301,
        8.578198235589298
      ],
      [
        -0.027118755984720917,
        0.012462903498845405,
        0.9995545253312696,
        1.67687439954042
      ],
      [
        0.0,
        0.0,
        0.0,
        1.0
      ]
    ],
    "location": [
      -15.679242727933428,
      8.578198235589298,
      1.67687439954042
    ],
    "rotation": [
      0.01246781181561536,
      0.027122081062472613,
      -0.8388512739892636
    ]
  },
  {
    "label_id": "smUAk-q6KRUYjKM-5r88Xg",
    "size": [
      0.6237574549120762,
      0.8837129812750175,
      1.8200000000000038
    ],
    "obj_class": "pedestrian",
    "point_num_in_lidar": 102,
    "speed": 1.251941037660949,
    "if_vehicle": false,
    "motion_state": true,
    "pose": [
      [
        0.617791822896557,
        0.7862919124699741,
        0.008848273642904185,
        -16.585663946824724
      ],
      [
        -0.7858473526764475,
        0.6177632874719076,
        -0.02850366543658301,
        34.42249601576805
      ],
      [
        -0.027878340222626675,
        0.010655939011267162,
        0.9995545253312696,
        1.5858293386308766
      ],
      [
        0.0,
        0.0,
        0.0,
        1.0
      ]
    ],
    "location": [
      -16.585663946824724,
      34.42249601576805,
      1.5858293386308766
    ],
    "rotation": [
      0.010660284241933802,
      0.02788195266913864,
      -0.9045593764529067
    ]
  },
  {
    "label_id": "tnI8WbtIpw7KC7lHf2UJMA",
    "size": [
      0.7644292802459848,
      1.0005596035264688,
      1.860000000000003
    ],
    "obj_class": "pedestrian",
    "point_num_in_lidar": 343,
    "speed": 1.6153201822823313,
    "if_vehicle": false,
    "motion_state": true,
    "pose": [
      [
        0.7276423198514014,
        0.6858996737240884,
        0.008848273642904185,
        -29.552684076229838
      ],
      [
        -0.685464271743484,
        0.7275481243325794,
        -0.02850366543658301,
        47.240160599540104
      ],
      [
        -0.0259881997153692,
        0.014675297793723086,
        0.9995545253312696,
        2.046710510604779
      ],
      [
        0.0,
        0.0,
        0.0,
        1.0
      ]
    ],
    "location": [
      -29.552684076229838,
      47.240160599540104,
      2.046710510604779
    ],
    "rotation": [
      0.014680783395879696,
      0.025991125951456716,
      -0.7555592752739727
    ]
  },
  {
    "label_id": "tuw4CDtaA28Z5zIoxh1gHQ",
    "size": [
      2.4182013786018284,
      5.310182646684719,
      2.349999999999998
    ],
    "obj_class": "vehicle",
    "point_num_in_lidar": 5162,
    "speed": 0.05238031258655371,
    "if_vehicle": true,
    "motion_state": false,
    "pose": [
      [
        0.7269837905335135,
        0.6865976087600836,
        0.008848273642904185,
        -29.36096070920388
      ],
      [
        -0.6861621165892463,
        0.7268900128729553,
        -0.02850366543658301,
        42.8818335465221
      ],
      [
        -0.02600227027184939,
        0.014650352572210232,
        0.9995545253312696,
        2.162959235068424
      ],
      [
        0.0,
        0.0,
        0.0,
        1.0
      ]
    ],
    "location": [
      -29.36096070920388,
      42.8818335465221,
      2.162959235068424
    ],
    "rotation": [
      0.014655832426153568,
      0.02600520126445288,
      -0.7565191037893438
    ]
  },
  {
    "label_id": "vo6QJVE1Qw6MQ4K71XKk3g",
    "size": [
      1.0819011074784408,
      0.9823170727166922,
      1.8099999999999987
    ],
    "obj_class": "pedestrian",
    "point_num_in_lidar": 279,
    "speed": 1.2775326670646545,
    "if_vehicle": false,
    "motion_state": true,
    "pose": [
      [
        0.743841973252478,
        0.6682969601018696,
        0.008848273642904185,
        -41.52062568791405
      ],
      [
        -0.6678639360338069,
        0.7437373891382029,
        -0.02850366543658301,
        35.391676760993505
      ],
      [
        -0.02562970490058309,
        0.01529277988102218,
        0.9995545253312696,
        2.283248970101596
      ],
      [
        0.0,
        0.0,
        0.0,
        1.0
      ]
    ],
    "location": [
      -41.52062568791405,
      35.391676760993505,
      2.283248970101596
    ],
    "rotation": [
      0.01529840186657046,
      0.02563251167800402,
      -0.7316300203532322
    ]
  },
  {
    "label_id": "xJ9paU9ARQzf8h-g7JRgXw",
    "size": [
      0.7982479932833508,
      0.9690615119256042,
      1.7917746335031026
    ],
    "obj_class": "pedestrian",
    "point_num_in_lidar": 32,
    "speed": 1.3410929256912203,
    "if_vehicle": false,
    "motion_state": true,
    "pose": [
      [
        0.6954314175172562,
        0.7185379959219135,
        0.008848273642904185,
        -7.554512731451723
      ],
      [
        -0.7180987332657706,
        0.6953572825093407,
        -0.02850366543658301,
        -0.5863710264893598
      ],
      [
        -0.02663367815445995,
        0.013468410364442141,
        0.9995545253312696,
        1.4052307125556247
      ],
      [
        0.0,
        0.0,
        0.0,
        1.0
      ]
    ],
    "location": [
      -7.554512731451723,
      -0.5863710264893598,
      1.4052307125556247
    ],
    "rotation": [
      0.013473597492296858,
      0.026636827939084715,
      -0.8014327510242149
    ]
  },
  {
    "label_id": "xm7qMBcQiB6LNZ64hriwQw",
    "size": [
      0.867686759765193,
      1.115154545921516,
      1.7500000000000036
    ],
    "obj_class": "pedestrian",
    "point_num_in_lidar": 20,
    "speed": 1.6116795721853943,
    "if_vehicle": false,
    "motion_state": true,
    "pose": [
      [
        0.752446663636663,
        0.6585937491622547,
        0.008848273642904185,
        -12.27347911460933
      ],
      [
        -0.6581621178808982,
        0.7523364723600806,
        -0.02850366543658301,
        4.3081979729104205
      ],
      [
        -0.025429214863724993,
        0.015623889438769002,
        0.9995545253312696,
        1.6052902777394564
      ],
      [
        0.0,
        0.0,
        0.0,
