[
  {
    "label_id": "4quado-MYqHN3stogtf75Q",
    "size": [
      0.6905816312977766,
      0.819534717486076,
      1.6200000000000045
    ],
    "obj_class": "pedestrian",
    "point_num_in_lidar": 201,
    "speed": 1.2173765536651944,
    "if_vehicle": false,
    "motion_state": true,
    "pose": [
      [
        -0.7266424175490902,
        -0.6869704978827741,
        0.0078950653643416,
        -18.716691456735504
      ],
      [
        0.6867910633106321,
        -0.726650640861939,
        -0.017230249318705107,
        38.60275904650371
      ],
      [
        0.017573627259760895,
        -0.007097969683434333,
        0.9998203770934598,
        1.5971093754211019
      ],
      [
        0.0,
        0.0,
        0.0,
        1.0
      ]
    ],
    "location": [
      -18.716691456735504,
      38.60275904650371,
      1.5971093754211019
    ],
    "rotation": [
      -0.007099125608433977,
      -0.017574531936334428,
      2.384381737752238
    ]
  },
  {
    "label_id": "7jc3Af57sBpvlPL9mBChxg",
    "size": [
      0.7280243212189687,
      0.9942925016849594,
      1.9500000000000028
    ],
    "obj_class": "pedestrian",
    "point_num_in_lidar": 141,
    "speed": 1.3534346959685712,
    "if_vehicle": false,
    "motion_state": true,
    "pose": [
      [
        0.6694935764503307,
        0.7427758874887083,
        0.0078950653643416,
        -17.108827104555246
      ],
      [
        -0.7425976817138947,
        0.6695160951176338,
        -0.017230249318705107,
        9.586994902165316
      ],
      [
        -0.01808408706278536,
        0.005672684002971019,
        0.9998203770934598,
        1.7455518375191517
      ],
      [
        0.0,
        0.0,
        0.0,
        1.0
      ]
    ],
    "location": [
      -17.108827104555246,
      9.586994902165316,
      1.7455518375191517
    ],
    "rotation": [
      0.005673642250643605,
      0.018085072893711415,
      -0.8371220869330385
    ]
  },
  {
    "label_id": "ASIWHtJxLI8SmFDDscZ3Jw",
    "size": [
      0.7255227199531044,
      0.7017928548600996,
      1.6500000000000057
    ],
    "obj_class": "pedestrian",
    "point_num_in_lidar": 25,
    "speed": 0.019548802953063573,
    "if_vehicle": false,
    "motion_state": false,
    "pose": [
      [
        0.7885719797689769,
        -0.6148917796377905,
        0.0078950653643416,
        -35.080745983648114
      ],
      [
        0.6149269332068626,
        0.7883958303575799,
        -0.017230249318705107,
        -4.481833298643323
      ],
      [
        0.004370302053533949,
        0.01844218014912665,
        0.9998203770934598,
        1.890877091602043
      ],
      [
        0.0,
        0.0,
        0.0,
        1.0
      ]
    ],
    "location": [
      -35.080745983648114,
      -4.481833298643323,
      1.890877091602043
    ],
    "rotation": [
      0.018443401867523652,
      -0.004370315965446695,
      0.6623007543830968
    ]
  },
  {
    "label_id": "BUMkYhAQav9kbH1CraE_oA",
    "size": [
      0.8226167862754202,
      0.7142499262422745,
      1.0400000000000027
    ],
    "obj_class": "pedestrian",
    "point_num_in_lidar": 71,
    "speed": 8.881784197001252e-15,
    "if_vehicle": false,
    "motion_state": false,
    "pose": [
      [
        -0.7332985554771351,
        -0.6798609390736019,
        0.0078950653643416,
        -13.763413627620963
      ],
      [
        0.679681432922492,
        -0.7333050308356295,
        -0.017230249318705107,
        9.388177313796405
      ],
      [
        0.017503664632734967,
        -0.007268787596064914,
        0.9998203770934598,
        1.1731904209725315
      ],
      [
        0.0,
        0.0,
        0.0,
        1.0
      ]
    ],
    "location": [
      -13.763413627620963,
      9.388177313796405,
      1.1731904209725315
    ],
    "rotation": [
      -0.007269965390312186,
      -0.0175045585464156,
      2.394122423083323
    ]
  },
  {
    "label_id": "CE8NHyciagbegqHwuqO5sg",
    "size": [
      0.6594368629925788,
      0.9203849492443361,
      1.730000000000004
    ],
    "obj_class": "pedestrian",
    "point_num_in_lidar": 139,
    "speed": 1.3642070114495768,
    "if_vehicle": false,
    "motion_state": true,
    "pose": [
      [
        0.6912127545875306,
        0.7226081897116936,
        0.0078950653643416,
        -16.666257017787927
      ],
      [
        -0.7224293948410881,
        0.691229981972682,
        -0.017230249318705107,
        10.123773791408894
      ],
      [
        -0.01790802515793763,
        0.006206140800419943,
        0.9998203770934598,
        1.6608139322196607
      ],
      [
        0.0,
        0.0,
        0.0,
        1.0
      ]
    ],
    "location": [
      -16.666257017787927,
      10.123773791408894,
      1.6608139322196607
    ],
    "rotation": [
      0.00620717604568035,
      0.017908982472177988,
      -0.8074769954832238
    ]
  },
  {
    "label_id": "DWx5pYy3Z7lOuUgX625Uig",
    "size": [
      0.7544983582608725,
      0.9878096450373004,
      1.8800000000000026
    ],
    "obj_class": "pedestrian",
    "point_num_in_lidar": 419,
    "speed": 1.613552497792909,
    "if_vehicle": false,
    "motion_state": true,
    "pose": [
      [
        0.7191131393977487,
        0.6948481565697696,
        0.0078950653643416,
        -24.249116423173007
      ],
      [
        -0.6946688222640055,
        0.7191233175768639,
        -0.017230249318705107,
        41.19141419642074
      ],
      [
        -0.017649932573631292,
        0.006906042921835431,
        0.9998203770934598,
        1.8537194971043576
      ],
      [
        0.0,
        0.0,
        0.0,
        1.0
      ]
    ],
    "location": [
      -24.249116423173007,
      41.19141419642074,
      1.8537194971043576
    ],
    "rotation": [
      0.006907173781201805,
      0.01765084908696945,
      -0.7681098668992273
    ]
  },
  {
    "label_id": "FI9gXqHphltRJYHwCug7Ng",
    "size": [
      1.85944401373467,
      4.194035097474454,
      1.5400000000000027
    ],
    "obj_class": "vehicle",
    "point_num_in_lidar": 230,
    "speed": 11.396918556606089,
    "if_vehicle": true,
    "motion_state": true,
    "pose": [
      [
        0.6702848876848846,
        0.7420618823818904,
        0.0078950653643416,
        -1.663192978355795
      ],
      [
        -0.741883652706664,
        0.6703072163978495,
        -0.017230249318705107,
        7.959016245082239
      ],
      [
        -0.018078030530998483,
        0.0056919557985151996,
        0.9998203770934598,
        1.0943294940540227
      ],
      [
        0.0,
        0.0,
        0.0,
        1.0
      ]
    ],
    "location": [
      -1.663192978355795,
      7.959016245082239,
      1.0943294940540227
    ],
    "rotation": [
      0.005692916885887324,
      0.018079015371666837,
      -0.8360560745033808
    ]
  },
  {
    "label_id": "G5rBc-IBs4NaB1_bsyDepA",
    "size": [
      0.9828554734024822,
      0.9622097222155813,
      1.7700000000000031
    ],
    "obj_class": "pedestrian",
    "point_num_in_lidar": 585,
    "speed": 0.862626328886122,
    "if_vehicle": false,
    "motion_state": false,
    "pose": [
      [
        -0.7271963192485218,
        -0.686384135316584,
        0.0078950653643416,
        -33.71069322084526
      ],
      [
        0.6862046941695626,
        -0.7272043978195349,
        -0.017230249318705107,
        28.676029181766353
      ],
      [
        0.017567896033930466,
        -0.007112142970509974,
        0.9998203770934598,
        1.8770319021463564
      ],
      [
        0.0,
        0.0,
        0.0,
        1.0
      ]
    ],
    "location": [
      -33.71069322084526,
      28.676029181766353,
      1.8770319021463564
    ],
    "rotation": [
      -0.0071133007259708255,
      -0.017568799825593638,
      2.3851884823346903
    ]
  },
  {
    "label_id": "G8ZifmyoUj0ZKarCYDaXdw",
    "size": [
      0.9191115219768484,
      1.1134257866036492,
      1.944807819718985
    ],
    "obj_class": "pedestrian",
    "point_num_in_lidar": 21,
    "speed": 1.521586282733659,
    "if_vehicle": false,
    "motion_state": true,
    "pose": [
      [
        0.6789669053701727,
        0.7341264260023227,
        0.0078950653643416,
        2.5965669432833636
      ],
      [
        -0.7339479460188005,
        0.6789871361397056,
        -0.017230249318705107,
        -12.420831495861421
      ],
      [
        -0.018009829172840018,
        0.005904202050835044,
        0.9998203770934598,
        1.1031275124064877
      ],
      [
        0.0,
        0.0,
        0.0,
        1.0
      ]
    ],
    "location": [
      2.5965669432833636,
      -12.420831495861421,
      1.1031275124064877
    ],
    "rotation": [
      0.005905194129706914,
      0.01801080290816809,
      -0.8242917416861746
    ]
  },
  {
    "label_id": "JEq9lO83xo5toHNpV2lgqg",
    "size": [
      0.7294043261132956,
      0.6294133872321779,
      1.0900000000000034
    ],
    "obj_class": "pedestrian",
    "point_num_in_lidar": 451,
    "speed": 0.04393672219004559,
    "if_vehicle": false,
    "motion_state": false,
    "pose": [
      [
        0.6730167800163,
        -0.7395850740512441,
        0.0078950653643416,
        -32.58900956804624
      ],
      [
        0.7395898809166802,
        0.6728372214392321,
        -0.017230249318705107,
        23.908412068050893
      ],
      [
        0.0074311413754711945,
        0.017435357367995768,
        0.9998203770934598,
        1.5090249589020281
      ],
      [
        0.0,
        0.0,
        0.0,
        1.0
      ]
    ],
    "location": [
      -32.58900956804624,
      23.908412068050893,
      1.5090249589020281
    ],
    "rotation": [
      0.017436722355724004,
      -0.007431209770748251,
      0.8324911591279592
    ]
  },
  {
    "label_id": "Lmi47GNctaz-G0dgHu1ljg",
    "size": [
      0.8462033700345476,
      1.8775675754308794,
      1.3800000000000026
    ],
    "obj_class": "vehicle",
    "point_num_in_lidar": 75,
    "speed": 3.694824894756905e-12,
    "if_vehicle": true,
    "motion_state": false,
    "pose": [
      [
        0.6741797878384852,
        0.7385250717565031,
        0.0078950653643416,
        -6.021357868572551
      ],
      [
        -0.7383467270709986,
        0.6742011785305331,
        -0.017230249318705107,
        37.406862613654084
      ],
      [
        -0.018047833487693822,
        0.005786990158315594,
        0.9998203770934598,
        1.1369659305194482
      ],
      [
        0.0,
        0.0,
        0.0,
        1.0
      ]
    ],
    "location": [
      -6.021357868572551,
      37.406862613654084,
      1.1369659305194482
    ],
    "rotation": [
      0.005787965186867389,
      0.01804881340096795,
      -0.8307940228241105
    ]
  },
  {
    "label_id": "OLCvkJUNK6eYbjQ3PM1B4w",
    "size": [
      1.014126349486496,
      1.1026134838928923,
      1.7699999999999996
    ],
    "obj_class": "pedestrian",
    "point_num_in_lidar": 74,
    "speed": 1.6589953279834009,
    "if_vehicle": false,
    "motion_state": true,
    "pose": [
      [
        0.6592376904695039,
        0.7518931675493051,
        0.0078950653643416,
        -5.399006210597378
      ],
      [
        -0.7517152875699017,
        0.6592626524702542,
        -0.017230249318705107,
        -1.4302930705798644
      ],
      [
        -0.01816022847142731,
        0.0054239884363376815,
        0.9998203770934598,
        1.2549704521520262
      ],
      [
        0.0,
        0.0,
        0.0,
        1.0
      ]
    ],
    "location": [
      -5.399006210597378,
      -1.4302930705798644,
      1.2549704521520262
    ],
    "rotation": [
      0.005424909665590634,
      0.01816122680835128,
      -0.8508472009342369
    ]
  },
  {
    "label_id": "RqkEXPFTZvXfH7qqT2xckg",
    "size": [
      0.7982471598859009,
      1.0394737750397742,
      1.8400000000000034
    ],
    "obj_class": "pedestrian",
    "point_num_in_lidar": 454,
    "speed": 1.4737531337056018,
    "if_vehicle": false,
    "motion_state": true,
    "pose": [
      [
        0.6472007866437971,
        0.7622786955638621,
        0.0078950653643416,
        -21.639728066493234
      ],
      [
        -0.7621012349107019,
        0.6472285734236386,
        -0.017230249318705107,
        39.12972391925359
      ],
      [
        -0.018244163867751843,
        0.005134591849269251,
        0.9998203770934598,
        1.7086659486669866
      ],
      [
        0.0,
        0.0,
        0.0,
        1.0
      ]
    ],
    "location": [
      -21.639728066493234,
      39.12972391925359,
      1.7086659486669866
    ],
    "rotation": [
      0.005135469158815276,
      0.018245176112892097,
      -0.866748271714624
    ]
  },
  {
    "label_id": "V2LikFvNhViYA90wsd05cg",
    "size": [
      1.0138103015300939,
      0.13240155450344712,
      0.896812763549697
    ],
    "obj_class": "sign",
    "point_num_in_lidar": 45,
    "speed": 0.015007729197796972,
    "if_vehicle": false,
    "motion_state": false,
    "pose": [
      [
        -0.6785337150916448,
        -0.7345268309781634,
        0.0078950653643416,
        3.1050615607551606
      ],
      [
        0.7343483629601296,
        -0.6785540511456645,
        -0.017230249318705107,
        -8.420648826791876
      ],
      [
        0.018013309016065935,
        -0.005893576756408788,
        0.9998203770934598,
        3.3997106909949473
      ],
      [
        0.0,
        0.0,
        0.0,
        1.0
      ]
    ],
    "location": [
      3.1050615607551606,
      -8.420648826791876,
      3.3997106909949473
    ],
    "rotation": [
      -0.005894567296305307,
      -0.018014283315990875,
      2.3167109114967865
    ]
  },
  {
    "label_id": "VceceKYf-sBWe2z2yzYRVw",
    "size": [
      0.7928177116067716,
      0.8884006652584333,
      1.7400000000000055
    ],
    "obj_class": "pedestrian",
    "point_num_in_lidar": 25,
    "speed": 1.2851659093868162,
    "if_vehicle": false,
    "motion_state": true,
    "pose": [
      [
        0.6859661563911756,
        0.7275906130708464,
        0.0078950653643416,
        -15.092733772574121
      ],
      [
        -0.7274119475310827,
        0.6859846770135997,
        -0.017230249318705107,
        8.474649648191189
      ],
      [
        -0.01795246152911931,
        0.006076403026252896,
        0.9998203770934598,
        1.59932068952795
      ],
      [
        0.0,
        0.0,
        0.0,
        1.0
      ]
    ],
    "location": [
      -15.092733772574121,
      8.474649648191189,
      1.59932068952795
    ],
    "rotation": [
      0.006077419859174356,
      0.01795342598809117,
      -0.8147136859097405
    ]
  },
  {
    "label_id": "WO56tb9SlZLXxanokDHwIg",
    "size": [
      0.8995177469396006,
      1.444058921715738,
      1.1045811488007296
    ],
    "obj_class": "pedestrian",
    "point_num_in_lidar": 210,
    "speed": 0.6001915466683695,
    "if_vehicle": false,
    "motion_state": false,
    "pose": [
      [
        0.7723873717851379,
        0.6351026813435289,
        0.0078950653643416,
        -22.847734988638052
      ],
      [
        -0.634923107516396,
        0.7723831730754744,
        -0.017230249318705107,
        14.898110700485631
      ],
      [
        -0.017040993180275566,
        0.008295667551304465,
        0.9998203770934598,
        1.2487131083998726
      ],
      [
        0.0,
        0.0,
        0.0,
        1.0
      ]
    ],
    "location": [
      -22.847734988638052,
      14.898110700485631,
      1.2487131083998726
    ],
    "rotation": [
      0.008296967518846479,
      0.01704181805921671,
      -0.6880283477041916
    ]
  },
  {
    "label_id": "Wn7qiZhO9SVdW3Ek2xpYjQ",
    "size": [
      1.8949477651520958,
      4.497916426909856,
      1.4900000000000055
    ],
    "obj_class": "vehicle",
    "point_num_in_lidar": 3710,
    "speed": 0.03327217945530804,
    "if_vehicle": true,
    "motion_state": false,
    "pose": [
      [
        0.7149145267394579,
        0.6991672814139617,
        0.0078950653643416,
        -30.994139670242447
      ],
      [
        -0.6989880116722421,
        0.7149257849923312,
        -0.017230249318705107,
        29.842590860549535
      ],
      [
        -0.0176912123774115,
        0.006799599496241409,
        0.9998203770934598,
        1.5797674618075739
      ],
      [
        0.0,
        0.0,
        0.0,
        1.0
      ]
    ],
    "location": [
      -30.994139670242447,
      29.842590860549535,
      1.5797674618075739
    ],
    "rotation": [
      0.006800716233762127,
      0.017692135337053713,
      -0.7741344156596448
    ]
  },
  {
    "label_id": "de92Xadub7g4by1rwCWl-g",
    "size": [
      2.445563210300367,
      5.893766671715216,
      2.0400000000000027
    ],
    "obj_class": "vehicle",
    "point_num_in_lidar": 433,
    "speed": 0.01788770194444046,
    "if_vehicle": true,
    "motion_state": false,
    "pose": [
      [
        0.6830193978988095,
        0.7303575631407131,
        0.0078950653643416,
        -8.808852777442013
      ],
      [
        -0.7301789739269646,
        0.6830386405931809,
        -0.017230249318705107,
        6.788012654555132
      ],
      [
        -0.017976877618570586,
        0.006003783788487069,
        0.9998203770934598,
        1.4518740576919882
      ],
      [
        0.0,
        0.0,
        0.0,
        1.0
      ]
    ],
    "location": [
      -8.808852777442013,
      6.788012654555132,
      1.4518740576919882
    ],
    "rotation": [
      0.00600479022569781,
      0.017977846018391325,
      -0.8187565954812606
    ]
  },
  {
    "label_id": "e1ffxlR5J2s80i29tjLitg",
    "size": [
      0.9650403166492006,
      0.10719952187577411,
      0.4063010766961561
    ],
    "obj_class": "sign",
    "point_num_in_lidar": 27,
    "speed": 0.008898122218713072,
    "if_vehicle": false,
    "motion_state": false,
    "pose": [
      [
        -0.6988416159387212,
        -0.71523287380758,
        0.0078950653643416,
        -4.486142928553377
      ],
      [
        0.7150539061991722,
        -0.6988569451166101,
        -0.017230249318705107,
        24.97727344139821
      ],
      [
        0.01784116199865828,
        -0.006395817948440676,
        0.9998203770934598,
        3.745783349521492
      ],
      [
        0.0,
        0.0,
        0.0,
        1.0
      ]
    ],
    "location": [
      -4.486142928553377,
      24.97727344139821,
      3.745783349521492
    ],
    "rotation": [
      -0.0063968797352267235,
      -0.017842108628899615,
      2.3447285936383393
    ]
  },
  {
    "label_id": "eMbjSopveNs3m1uFnXkKKw",
    "size": [
      2.360773123276057,
      5.4302539376947845,
      2.1700000000000017
    ],
    "obj_class": "vehicle",
    "point_num_in_lidar": 765,
    "speed": 0.011510044889432634,
    "if_vehicle": true,
    "motion_state": false,
    "pose": [
      [
        0.7252639281815308,
        -0.6884256694964157,
        0.0078950653643416,
        2.6275274911832014
      ],
      [
        0.6884435850946227,
        0.7250852009594999,
        -0.017230249318705107,
        37.3112775067093
      ],
      [
        0.006137150866527709,
        0.017931785408414926,
        0.9998203770934598,
        1.3976001636116422
      ],
      [
        0.0,
        0.0,
        0.0,
        1.0
      ]
    ],
    "location": [
      2.6275274911832014,
      37.3112775067093,
      1.3976001636116422
    ],
    "rotation": [
      0.017933084299353304,
      -0.00613718939275735,
      0.7593588162317597
    ]
  },
  {
    "label_id": "fQ2n6--00V_n1eOOacR5TA",
    "size": [
      0.761825567703314,
      0.9345899953471253,
      1.850000000000005
    ],
    "obj_class": "pedestrian",
    "point_num_in_lidar": 36,
    "speed": 1.4591961271937468,
    "if_vehicle": false,
    "motion_state": true,
    "pose": [
      [
        0.6293886900431367,
        0.7770505419782405,
        0.0078950653643416,
        4.556541144529888
      ],
      [
        -0.7768737718154688,
        0.6294205757469501,
        -0.017230249318705107,
        -14.454835794347673
      ],
      [
        -0.018358091158703706,
        0.00471105483949073,
        0.9998203770934598,
        0.9735403689778259
      ],
      [
        0.0,
        0.0,
        0.0,
        1.0
      ]
    ],
    "location": [
      4.556541144529888,
      -14.454835794347673,
      0.9735403689778259
    ],
    "rotation": [
      0.0047118663341144534,
      0.018359122487605618,
      -0.8898935079182192
    ]
  },
  {
    "label_id": "fRE2IWqr4UCEJVlBDLm9Vg",
    "size": [
      0.7342516863692748,
      0.9817376162447662,
      1.7500000000000036
    ],
    "obj_class": "pedestrian",
    "point_num_in_lidar": 361,
    "speed": 1.0688072284221153,
    "if_vehicle": false,
    "motion_state": true,
    "pose": [
      [
        0.9993303562644712,
        0.035728238008858784,
        0.0078950653643416,
        -18.174313181585376
      ],
      [
        -0.03558809582778725,
        0.9992179972077001,
        -0.017230249318705107,
        36.75358406371015
      ],
      [
        -0.008504497849791964,
        0.016937740847434407,
        0.9998203770934598,
        1.6464197544641053
      ],
      [
        0.0,
        0.0,
        0.0,
        1.0
      ]
    ],
    "location": [
      -18.174313181585376,
      36.75358406371015,
      1.6464197544641053
    ],
    "rotation": [
      0.016939163466535206,
      0.008504600369866196,
      -0.035596900107399375
    ]
  },
  {
    "label_id": "h1MQcORcKbbVlpISVYmbVg",
    "size": [
      0.8244535462907189,
      1.0348702526007014,
      1.8090579967917257
    ],
    "obj_class": "pedestrian",
    "point_num_in_lidar": 168,
    "speed": 1.7670048993016538,
    "if_vehicle": false,
    "motion_state": true,
    "pose": [
      [
        0.624960324132934,
        0.7806165903966883,
        0.0078950653643416,
        -16.819364032903167
      ],
      [
        -0.7804400043886303,
        0.6249932144097968,
        -0.017230249318705107,
        11.394764495367781
      ],
      [
        -0.01838458075488775,
        0.00460659735151393,
        0.9998203770934598,
        1.6355601717593906
      ],
      [
        0.0,
        0.0,
        0.0,
        1.0
      ]
    ],
    "location": [
      -16.819364032903167,
      11.394764495367781,
      1.6355601717593906
    ],
    "rotation": [
      0.004607392348291452,
      0.01838561655512092,
      -0.8955802856567958
    ]
  },
  {
    "label_id": "hL272mOwg-R7scPt3Sy37g",
    "size": [
      0.9042161422535692,
      1.0433843738620148,
      1.8200000000000038
    ],
    "obj_class": "pedestrian",
    "point_num_in_lidar": 227,
    "speed": 1.3300977869120492,
    "if_vehicle": false,
    "motion_state": true,
    "pose": [
      [
        0.7090753561811781,
        0.7050885101882092,
        0.0078950653643416,
        -21.796541318148314
      ],
      [
        -0.7049093402721636,
        0.7090881048963369,
        -0.017230249318705107,
        15.347035113352831
      ],
      [
        -0.01774714775953088,
        0.00665223985536768,
        0.9998203770934598,
        1.5698327690098033
      ],
      [
        0.0,
        0.0,
        0.0,
        1.0
      ]
    ],
    "location": [
      -21.796541318148314,
      15.347035113352831,
      1.5698327690098033
    ],
    "rotation": [
      0.006653336788779275,
      0.017748079502246227,
      -0.7824518770161697
    ]
  },
  {
    "label_id": "hgO3zRhEBlBJHykxs4_HqQ",
    "size": [
      0.7656421592384132,
      1.0828474020012604,
      1.8984507849923276
    ],
    "obj_class": "pedestrian",
    "point_num_in_lidar": 21,
    "speed": 1.2387980767294868,
    "if_vehicle": false,
    "motion_state": true,
    "pose": [
      [
        0.6790324748314122,
        0.7340657777523895,
        0.0078950653643416,
        6.761774906982595
      ],
      [
        -0.733887295962567,
        0.679052689659033,
        -0.017230249318705107,
        -17.27251301718934
      ],
      [
        -0.018009301737692877,
        0.005905810665158209,
        0.9998203770934598,
        0.920918415782058
      ],
      [
        0.0,
        0.0,
        0.0,
        1.0
      ]
    ],
    "location": [
      6.761774906982595,
      -17.27251301718934,
      0.920918415782058
    ],
    "rotation": [
      0.005906802976906757,
      0.018010275387464802,
      -0.8242024087590272
    ]
  },
  {
    "label_id": "hnUo4hyZCFm1C_pXJddkUQ",
    "size": [
      0.8103802593161431,
      0.9244852452441166,
      1.610000000000003
    ],
    "obj_class": "cyclist",
    "point_num_in_lidar": 130,
    "speed": 1.3078763142546848,
    "if_vehicle": false,
    "motion_state": true,
    "pose": [
      [
        0.6476940221402003,
        0.7618596469342254,
        0.0078950653643416,
        -16.840138563961176
      ],
      [
        -0.7616821683337461,
        0.6477216940560337,
        -0.017230249318705107,
        7.848973732427112
      ],
      [
        -0.018240836775011808,
        0.005146398977862191,
        0.9998203770934598,
        1.5724761337720246
      ],
      [
        0.0,
        0.0,
        0.0,
        1.0
      ]
    ],
    "location": [
      -16.840138563961176,
      7.848973732427112,
      1.5724761337720246
    ],
    "rotation": [
      0.005147278096460168,
      0.018241848466404215,
      -0.8661009406457141
    ]
  },
  {
    "label_id": "ht8gtxcrZA6mDs1xt8AdvA",
    "size": [
      2.3898176620661733,
      5.415910525913205,
      2.289999999999999
    ],
    "obj_class": "vehicle",
    "point_num_in_lidar": 123,
    "speed": 0.027022506270635686,
    "if_vehicle": true,
    "motion_state": false,
    "pose": [
      [
        0.6833991886797148,
        0.7300022033218806,
        0.0078950653643416,
        -4.38607698758149
      ],
      [
        -0.7298236041235266,
        0.6834183384813148,
        -0.017230249318705107,
        2.078410178746708
      ],
      [
        -0.017973752419939773,
        0.006013133346157671,
        0.9998203770934598,
        1.4469163278962327
      ],
      [
        0.0,
        0.0,
        0.0,
        1.0
      ]
    ],
    "location": [
      -4.38607698758149,
      2.078410178746708,
      1.4469163278962327
    ],
    "rotation": [
      0.0060141411253612715,
      0.017974720314743613,
      -0.8182363876605567
    ]
  },
  {
    "label_id": "jGEgNY4HYcY3q1xhLY417g",
    "size": [
      0.7949278100935857,
      0.7991999698350772,
      1.7100000000000044
    ],
    "obj_class": "pedestrian",
    "point_num_in_lidar": 35,
    "speed": 1.2947360902627145,
    "if_vehicle": false,
    "motion_state": true,
    "pose": [
      [
        0.6804608296150149,
        0.7327419240786885,
        0.0078950653643416,
        -16.911162638169856
      ],
      [
        -0.7325634032576196,
        0.6804806967989832,
        -0.017230249318705107,
        8.920097295269443
      ],
      [
        -0.01799776561854418,
        0.005940873793636183,
        0.9998203770934598,
        1.642852494406629
      ],
      [
        0.0,
        0.0,
        0.0,
        1.0
      ]
    ],
    "location": [
      -16.911162638169856,
      8.920097295269443,
      1.642852494406629
    ],
    "rotation": [
      0.005941871173809378,
      0.01799873739827629,
      -0.8222545586067027
    ]
  },
  {
    "label_id": "jkjRLcw59twUELYWSONreA",
    "size": [
      2.4513075993683033,
      5.635550788292107,
      2.1400000000000006
    ],
    "obj_class": "vehicle",
    "point_num_in_lidar": 8777,
    "speed": 11.29745247524115,
    "if_vehicle": true,
    "motion_state": true,
    "pose": [
      [
        0.7002408003828452,
        0.713863074701364,
        0.0078950653643416,
        -28.290918221171864
      ],
      [
        -0.7136840774194281,
        0.7002557790881809,
        -0.017230249318705107,
        36.63541371905194
      ],
      [
        -0.017828603904181048,
        0.006430741133009825,
        0.9998203770934598,
        1.9915246613170936
      ],
      [
        0.0,
        0.0,
        0.0,
        1.0
      ]
    ],
    "location": [
      -28.290918221171864,
      36.63541371905194,
      1.9915246613170936
    ],
    "rotation": [
      0.006431807756812065,
      0.01782954853668721,
      -0.7949056501026668
    ]
  },
  {
    "label_id": "k5PvjnQUptYKNAP4pDhEaQ",
    "size": [
      0.6609661905050995,
      0.8237320810298993,
      2.010000000000005
    ],
    "obj_class": "pedestrian",
    "point_num_in_lidar": 91,
    "speed": 2.5338770086208765e-28,
    "if_vehicle": false,
    "motion_state": false,
    "pose": [
      [
        -0.001055414653753168,
        -0.9999682765182111,
        0.0078950653643416,
        -34.48690618010929
      ],
      [
        0.9998508384972802,
        -0.00119132896423524,
        -0.017230249318705107,
        -4.514583028478228
      ],
      [
        0.017239108335247697,
        0.007875702666909,
        0.9998203770934598,
        2.050877091602004
      ],
      [
        0.0,
        0.0,
        0.0,
        1.0
      ]
    ],
    "location": [
      -34.48690618010929,
      -4.514583028478228,
      2.050877091602004
    ],
    "rotation": [
      0.007876954661354848,
      -0.017239962322194748,
      1.5718518985073204
    ]
  },
  {
    "label_id": "lk-UnJpDZmcntIM9feFTjA",
    "size": [
      0.779399841009153,
      0.9263149101209862,
      1.6700000000000053
    ],
    "obj_class": "pedestrian",
    "point_num_in_lidar": 542,
    "speed": 1.352909973588878,
    "if_vehicle": false,
    "motion_state": true,
    "pose": [
      [
        0.7826071323164808,
        0.6224658580117204,
        0.0078950653643416,
        -34.59240380374575
      ],
      [
        -0.6222863761397239,
        0.7826000157036196,
        -0.017230249318705107,
        27.732237244199496
      ],
      [
        -0.016903920204038473,
        0.008571524393447421,
        0.9998203770934598,
        1.8769972888640183
      ],
      [
        0.0,
        0.0,
        0.0,
        1.0
      ]
    ],
    "location": [
      -34.59240380374575,
      27.732237244199496,
      1.8769972888640183
    ],
    "rotation": [
      0.008572854288702515,
      0.0169047253356912,
      -0.6717737358413093
    ]
  },
  {
    "label_id": "ltn2TuIUyW2DzgSlVNmmVg",
    "size": [
      0.9436101312355821,
      0.9136637610396123,
      1.7699999999999996
    ],
    "obj_class": "pedestrian",
    "point_num_in_lidar": 237,
    "speed": 1.393759939314821,
    "if_vehicle": false,
    "motion_state": true,
    "pose": [
      [
        -0.6955358850809735,
        -0.7184479803768118,
        0.0078950653643416,
        -9.5602752485579
      ],
      [
        0.7182690853619568,
        -0.6955520394059048,
        -0.017230249318705107,
        30.047419590391655
      ],
      [
        0.01787046663982334,
        -0.006313475331932893,
        0.9998203770934598,
        1.3964758296247162
      ],
      [
        0.0,
        0.0,
        0.0,
        1.0
      ]
    ],
    "location": [
      -9.5602752485579,
      30.047419590391655,
      1.3964758296247162
    ],
    "rotation": [
      -0.00631452565226738,
      -0.017871417942784018,
      2.340116430029945
    ]
  },
  {
    "label_id": "m7x9-XiJdlajnYpy60MCEw",
    "size": [
      0.8517753885084866,
      1.1485901314350553,
      1.970000000000006
    ],
    "obj_class": "pedestrian",
    "point_num_in_lidar": 302,
    "speed": 1.4432771399750264,
    "if_vehicle": false,
    "motion_state": true,
    "pose": [
      [
        0.7115398346322559,
        0.7026014031258369,
        0.0078950653643416,
        -21.3952058496194
      ],
      [
        -0.7024221896692521,
        0.7115519559165503,
        -0.017230249318705107,
        16.13710681600969
      ],
      [
        -0.01772374654961648,
        0.006714339650101275,
        0.9998203770934598,
        1.6412943640710296
      ],
      [
        0.0,
        0.0,
        0.0,
        1.0
      ]
    ],
    "location": [
      -21.3952058496194,
      16.13710681600969,
      1.6412943640710296
    ],
    "rotation": [
      0.006715444964899361,
      0.017724674611083336,
      -0.7789499572664976
    ]
  },
  {
    "label_id": "mfhY_2QfmynvWwrFGKZ0oA",
    "size": [
      0.4896392568797807,
      0.10214470324224971,
      0.5074866177062951
    ],
    "obj_class": "sign",
    "point_num_in_lidar": 21,
    "speed": 0.006787077999786158,
    "if_vehicle": false,
    "motion_state": false,
    "pose": [
      [
        -0.5737283927796524,
        -0.8190075697216539,
        0.0078950653643416,
        -4.136742348434069
      ],
      [
        0.8188334502384761,
        -0.5737725152697439,
        -0.017230249318705107,
        -1.0095742930079723
      ],
      [
        0.01864167613252817,
        -0.0034207396366712607,
        0.9998203770934598,
        2.964104420283533
      ],
      [
        0.0,
        0.0,
        0.0,
        1.0
      ]
    ],
    "location": [
      -4.136742348434069,
      -1.0095742930079723,
      2.964104420283533
    ],
    "rotation": [
      -0.003421340840607554,
      -0.018642756002709905,
      2.1819688318511323
    ]
  },
  {
    "label_id": "mwyNK3BKEHX57EafjsVlhg",
    "size": [
      0.8031057756935707,
      1.0582577362121528,
      1.8100000000000058
    ],
    "obj_class": "pedestrian",
    "point_num_in_lidar": 333,
    "speed": 1.5427131917310943,
    "if_vehicle": false,
    "motion_state": true,
    "pose": [
      [
        0.7391621998789356,
        0.6734811877202104,
        0.0078950653643416,
        -25.504272651338567
      ],
      [
        -0.6733016321978005,
        0.7391671195258844,
        -0.017230249318705107,
        18.49277642018569
      ],
      [
        -0.017440021499705815,
        0.007420188594757079,
        0.9998203770934598,
        1.5578096308106524
      ],
      [
        0.0,
        0.0,
        0.0,
        1.0
      ]
    ],
    "location": [
      -25.504272651338567,
      18.49277642018569,
      1.5578096308106524
    ],
    "rotation": [
      0.007421385417928962,
      0.017440905697131057,
      -0.7388037675898228
    ]
  },
  {
    "label_id": "n2pahX_mUXRpYOQf8Rw6GA",
    "size": [
      0.9389401995911775,
      0.09515362009987431,
      0.38317949677617946
    ],
    "obj_class": "sign",
    "point_num_in_lidar": 167,
    "speed": 0.04127927981249394,
    "if_vehicle": false,
    "motion_state": false,
    "pose": [
      [
        -0.4583405560835612,
        0.8887415836968048,
        0.0078950653643416,
        -16.65139842280047
      ],
      [
        -0.8886996897040089,
        -0.45816588701955274,
        -0.017230249318705107,
        32.233741755990195
      ],
      [
        -0.011695989441265854,
        -0.014913664193676946,
        0.9998203770934598,
        3.28443038449468
      ],
      [
        0.0,
        0.0,
        0.0,
        1.0
      ]
    ],
    "location": [
      -16.65139842280047,
      32.233741755990195,
      3.28443038449468
    ],
    "rotation": [
      -0.014915237376245815,
      0.011696256118773778,
      -2.0469587910219107
    ]
  },
  {
    "label_id": "nX-WqS5DY9omgWbc749Fgw",
    "size": [
      0.7307697494498205,
      0.790863973413099,
      1.6900000000000048
    ],
    "obj_class": "pedestrian",
    "point_num_in_lidar": 35,
    "speed": 1.3123747211392622,
    "if_vehicle": false,
    "motion_state": true,
    "pose": [
      [
        0.691700260503475,
        0.7221415495332738,
        0.0078950653643416,
        -15.698947259070877
      ],
      [
        -0.7219627430772163,
        0.6917173672222179,
        -0.017230249318705107,
        8.045872603968746
      ],
      [
        -0.017903832769724033,
        0.006218224895074163,
        0.9998203770934598,
        1.5798824547972963
      ],
      [
        0.0,
        0.0,
        0.0,
        1.0
      ]
    ],
    "location": [
      -15.698947259070877,
      8.045872603968746,
      1.5798824547972963
    ],
    "rotation": [
      0.006219261844731306,
      0.017904789411716172,
      -0.8068020347695612
    ]
  },
  {
    "label_id": "ndZmmljnxia7nf1iYUHCjA",
    "size": [
      2.6441412919462772,
      6.075761311101754,
      2.4661922157284906
    ],
    "obj_class": "vehicle",
    "point_num_in_lidar": 869,
    "speed": 0.013462301676259775,
    "if_vehicle": true,
    "motion_state": false,
    "pose": [
      [
        0.6872706236801268,
        0.7263585600577874,
        0.0078950653643416,
        -3.1198346760210995
      ],
      [
        -0.7261798615726838,
        0.6872888236794581,
        -0.017230249318705107,
        14.867734163226487
      ],
      [
        -0.017941529271702082,
        0.006108606722045668,
        0.9998203770934598,
        1.537778335630314
      ],
      [
        0.0,
        0.0,
        0.0,
        1.0
      ]
    ],
    "location": [
      -3.1198346760210995,
      14.867734163226487,
      1.537778335630314
    ],
    "rotation": [
      0.006109628144568433,
      0.01794249196963768,
      -0.8129190525444976
    ]
  },
  {
    "label_id": "nyWFD3ZAVUOc7C7kuVvjLA",
    "size": [
      0.8289892594410333,
      1.0815510403823734,
      1.850000000000005
    ],
    "obj_class": "pedestrian",
    "point_num_in_lidar": 740,
    "speed": 1.5057072816936816,
    "if_vehicle": false,
    "motion_state": true,
    "pose": [
      [
        -0.8316010612005316,
        -0.5553173353615415,
        0.0078950653643416,
        -32.80700610401615
      ],
      [
        0.5551390646348897,
        -0.8315790626421009,
        -0.017230249318705107,
        25.348751177098165
      ],
      [
        0.016133627194455637,
        -0.009945834416592993,
        0.9998203770934598,
        1.9115597487950282
      ],
      [
        0.0,
        0.0,
        0.0,
        1.0
      ]
    ],
    "location": [
      -32.80700610401615,
      25.348751177098165,
      1.9115597487950282
    ],
    "rotation": [
      -0.009947293133868575,
      -0.01613432719064593,
      2.5529756197332754
    ]
  },
  {
    "label_id": "p35sayiyKiZgb2akL-yLDg",
    "size": [
      0.7670953691773228,
      0.8966766857086689,
      1.7100000000000044
    ],
    "obj_class": "pedestrian",
    "point_num_in_lidar": 36,
    "speed": 1.5214315607016828,
    "if_vehicle": false,
    "motion_state": true,
    "pose": [
      [
        0.6834433347034216,
        0.7299608730557821,
        0.0078950653643416,
        -15.587920230596211
      ],
      [
        -0.7297822726996602,
        0.6834624737041046,
        -0.017230249318705107,
        9.553686044857386
      ],
      [
        -0.01797338873961928,
        0.006014220307445595,
        0.9998203770934598,
        1.5714577485346588
      ],
      [
        0.0,
        0.0,
        0.0,
        1.0
      ]
    ],
    "location": [
      -15.587920230596211,
      9.553686044857386,
      1.5714577485346588
    ],
    "rotation": [
      0.006015228242598447,
      0.017974356575665557,
      -0.8181759034494748
    ]
  },
  {
    "label_id": "rhQEGyG3ydk_PpljURABpA",
    "size": [
      0.797154082774584,
      0.9468052349867129,
      1.83555267383354
    ],
    "obj_class": "pedestrian",
    "point_num_in_lidar": 48,
    "speed": 1.4396904592940032,
    "if_vehicle": false,
    "motion_state": true,
    "pose": [
      [
        0.7051331524938339,
        0.7090309620862832,
        0.0078950653643416,
        -13.479876388549883
      ],
      [
        -0.708851866034828,
        0.7051468999629493,
        -0.017230249318705107,
        6.1545768986998155
      ],
      [
        -0.017783961118098338,
        0.006553188204372786,
        0.9998203770934598,
        1.6079182878902003
      ],
      [
        0.0,
        0.0,
