[
  {
    "label_id": "0OCxtJR_yEaJVNaM9OqfbQ",
    "size": [
      2.9152229121691215,
      7.801972595825992,
      3.8199999999999648
    ],
    "obj_class": "vehicle",
    "point_num_in_lidar": 230,
    "speed": 1.1368770508004532e-12,
    "if_vehicle": true,
    "motion_state": false,
    "pose": [
      [
        0.697043796636677,
        0.7168469678056351,
        0.016135994490375553,
        40.21374885361037
      ],
      [
        -0.716752557759173,
        0.6972233690334694,
        -0.012055895624210708,
        -45.256889121268614
      ],
      [
        -0.019892624663681815,
        -0.0031620280652092676,
        0.9997971219515009,
        1.5397630448747641
      ],
      [
        0.0,
        0.0,
        0.0,
        1.0
      ]
    ],
    "location": [
      40.21374885361037,
      -45.256889121268614,
      1.5397630448747641
    ],
    "rotation": [
      -0.0031626591566831994,
      0.019893936870717516,
      -0.7993375716631861
    ]
  },
  {
    "label_id": "1Ex56PnGkmAkOr9am5NbuQ",
    "size": [
      0.7521412013690146,
      0.43465010458303877,
      1.730000000000004
    ],
    "obj_class": "pedestrian",
    "point_num_in_lidar": 47,
    "speed": 0.06622115483467554,
    "if_vehicle": false,
    "motion_state": false,
    "pose": [
      [
        0.6886101548689992,
        -0.7249521944880913,
        0.016135994490375553,
        6.723277793302728
      ],
      [
        0.7251278773729399,
        0.6885086904588152,
        -0.012055895624210708,
        53.461136407397134
      ],
      [
        -0.0023698244465282,
        0.020002471586979705,
        0.9997971219515009,
        1.2060254983689909
      ],
      [
        0.0,
        0.0,
        0.0,
        1.0
      ]
    ],
    "location": [
      6.723277793302728,
      53.461136407397134,
      1.2060254983689909
    ],
    "rotation": [
      0.020003861833992775,
      0.002369826664716309,
      0.8112230355648503
    ]
  },
  {
    "label_id": "1fd0PqFbGbbN4LQN6Px6qA",
    "size": [
      0.9189055287263092,
      1.9032200443400407,
      1.3200000000000038
    ],
    "obj_class": "vehicle",
    "point_num_in_lidar": 60,
    "speed": 0.002421370257525743,
    "if_vehicle": true,
    "motion_state": false,
    "pose": [
      [
        0.6741130236752516,
        0.7384519354658202,
        0.016135994490375553,
        -1.3856013991843383
      ],
      [
        -0.7383632298351462,
        0.674295481378979,
        -0.012055895624210708,
        41.87465800885002
      ],
      [
        -0.019783127629888646,
        -0.003787188756165902,
        0.9997971219515009,
        1.1494948788051218
      ],
      [
        0.0,
        0.0,
        0.0,
        1.0
      ]
    ],
    "location": [
      -1.3856013991843383,
      41.87465800885002,
      1.1494948788051218
    ],
    "rotation": [
      -0.0037879391323765864,
      0.019784418284703932,
      -0.8308544654272084
    ]
  },
  {
    "label_id": "1ww6VUXNbH5HN8vA9BN37A",
    "size": [
      0.6456626533948746,
      1.047126442663309,
      1.6874087649240757
    ],
    "obj_class": "pedestrian",
    "point_num_in_lidar": 20,
    "speed": 1.5967927559269801,
    "if_vehicle": false,
    "motion_state": true,
    "pose": [
      [
        -0.6370145088676799,
        -0.7706829083182493,
        0.016135994490375553,
        12.749384556232144
      ],
      [
        0.7706032749990046,
        -0.6372011047867906,
        -0.012055895624210708,
        -23.523323137711486
      ],
      [
        0.019573146218148832,
        0.0047546697696327,
        0.9997971219515009,
        0.6290355719951215
      ],
      [
        0.0,
        0.0,
        0.0,
        1.0
      ]
    ],
    "location": [
      12.749384556232144,
      -23.523323137711486,
      0.6290355719951215
    ],
    "rotation": [
      0.004755598732743366,
      -0.019574396205312945,
      2.261573739984732
    ]
  },
  {
    "label_id": "4m2y8ODeB-Fy9AbjcaxrzQ",
    "size": [
      0.7213843164290813,
      0.5489752568419344,
      1.6500000000000057
    ],
    "obj_class": "pedestrian",
    "point_num_in_lidar": 46,
    "speed": 0.29065914803349574,
    "if_vehicle": false,
    "motion_state": false,
    "pose": [
      [
        0.6886101548678673,
        -0.7249521944891665,
        0.016135994490375553,
        7.4489394941358
      ],
      [
        0.725127877374015,
        0.688508690457683,
        -0.012055895624210708,
        51.10309209939987
      ],
      [
        -0.0023698244464969674,
        0.020002471586983404,
        0.9997971219515009,
        1.1175312862330706
      ],
      [
        0.0,
        0.0,
        0.0,
        1.0
      ]
    ],
    "location": [
      7.4489394941358,
      51.10309209939987,
      1.1175312862330706
    ],
    "rotation": [
      0.020003861833996474,
      0.002369826664685077,
      0.8112230355664114
    ]
  },
  {
    "label_id": "7jc3Af57sBpvlPL9mBChxg",
    "size": [
      0.7280243212201708,
      0.9942925016849594,
      1.9500000000000028
    ],
    "obj_class": "pedestrian",
    "point_num_in_lidar": 355,
    "speed": 1.4550408073356664,
    "if_vehicle": false,
    "motion_state": true,
    "pose": [
      [
        0.6689259358690117,
        0.7431539019634986,
        0.016135994490375553,
        -14.425958157292087
      ],
      [
        -0.7430664760569937,
        0.669109010207559,
        -0.012055895624210708,
        6.789346190544165
      ],
      [
        -0.01975612517696667,
        -0.003925615300474158,
        0.9997971219515009,
        1.640553441907599
      ],
      [
        0.0,
        0.0,
        0.0,
        1.0
      ]
    ],
    "location": [
      -14.425958157292087,
      6.789346190544165,
      1.640553441907599
    ],
    "rotation": [
      -0.003926391705989799,
      0.019757410553439776,
      -0.8378577342349854
    ]
  },
  {
    "label_id": "BUMkYhAQav9kbH1CraE_oA",
    "size": [
      0.8226167862754207,
      0.7142499262422745,
      1.0400000000000027
    ],
    "obj_class": "pedestrian",
    "point_num_in_lidar": 462,
    "speed": 8.881784197001252e-15,
    "if_vehicle": false,
    "motion_state": false,
    "pose": [
      [
        -0.7332259367697739,
        -0.6797936123044214,
        0.016135994490375553,
        -13.763413627622043
      ],
      [
        0.6796900309369346,
        -0.7334003798919435,
        -0.012055895624210708,
        9.388177313796405
      ],
      [
        0.020029665325123003,
        0.002127779231701051,
        0.9997971219515009,
        1.1023606293356316
      ],
      [
        0.0,
        0.0,
        0.0,
        1.0
      ]
    ],
    "location": [
      -13.763413627622043,
      9.388177313796405,
      1.1023606293356316
    ],
    "rotation": [
      0.0021282077859147565,
      -0.020031004842168992,
      2.394066740885176
    ]
  },
  {
    "label_id": "CE8NHyciagbegqHwuqO5sg",
    "size": [
      0.6594368629934225,
      0.9203849492443361,
      1.730000000000004
    ],
    "obj_class": "pedestrian",
    "point_num_in_lidar": 361,
    "speed": 1.5111550314732702,
    "if_vehicle": false,
    "motion_state": true,
    "pose": [
      [
        0.6989850040625275,
        0.714954259919832,
        0.016135994490375553,
        -13.976540577915216
      ],
      [
        -0.7148593633000244,
        0.6991643198011336,
        -0.012055895624210708,
        7.288045154868087
      ],
      [
        -0.01990112554585657,
        -0.003108076495736239,
        0.9997971219515009,
        1.5404753488200278
      ],
      [
        0.0,
        0.0,
        0.0,
        1.0
      ]
    ],
    "location": [
      -13.976540577915216,
      7.288045154868087,
      1.5404753488200278
    ],
    "rotation": [
      -0.0031086971699965677,
      0.019902439436080662,
      -0.7966254898242713
    ]
  },
  {
    "label_id": "DSEksbujIeGRz3HqBPbwVg",
    "size": [
      0.8839765964377716,
      1.0330480932421415,
      1.722988291912845
    ],
    "obj_class": "pedestrian",
    "point_num_in_lidar": 333,
    "speed": 1.5036124468261625,
    "if_vehicle": false,
    "motion_state": true,
    "pose": [
      [
        0.6525260647522376,
        0.75759445912755,
        0.016135994490375553,
        -9.466303959241202
      ],
      [
        -0.7575110548188767,
        0.6527110058884336,
        -0.012055895624210708,
        1.4581916325023485
      ],
      [
        -0.019665620919545358,
        -0.004356408078226032,
        0.9997971219515009,
        1.4264741379292865
      ],
      [
        0.0,
        0.0,
        0.0,
        1.0
      ]
    ],
    "location": [
      -9.466303959241202,
      1.4581916325023485,
      1.4264741379292865
    ],
    "rotation": [
      -0.004357264501612744,
      0.019666888709572963,
      -0.8597165146183129
    ]
  },
  {
    "label_id": "Em1g7-nMbotXR-DrtWI2ig",
    "size": [
      1.7290692349610635,
      3.5947345219723577,
      1.3300000000000054
    ],
    "obj_class": "vehicle",
    "point_num_in_lidar": 30,
    "speed": 6.802410805340194,
    "if_vehicle": true,
    "motion_state": true,
    "pose": [
      [
        0.6860013642456094,
        0.7274213070394412,
        0.016135994490375553,
        42.87191971043276
      ],
      [
        -0.727329653780584,
        0.686182359225384,
        -0.012055895624210708,
        -39.55825881187957
      ],
      [
        -0.019841950120348128,
        -0.0034658264406790423,
        0.9997971219515009,
        0.3405231152213801
      ],
      [
        0.0,
        0.0,
        0.0,
        1.0
      ]
    ],
    "location": [
      42.87191971043276,
      -39.55825881187957,
      0.3405231152213801
    ],
    "rotation": [
      -0.0034665158380003296,
      0.019843252323564948,
      -0.81463159517968
    ]
  },
  {
    "label_id": "FI9gXqHphltRJYHwCug7Ng",
    "size": [
      1.8594440137350938,
      4.194035097474454,
      1.5400000000000027
    ],
    "obj_class": "vehicle",
    "point_num_in_lidar": 160,
    "speed": 10.93394753726805,
    "if_vehicle": true,
    "motion_state": true,
    "pose": [
      [
        0.6531243367770032,
        0.7570787478138625,
        0.016135994490375553,
        18.848993503815763
      ],
      [
        -0.7569951974335731,
        0.6533092119687305,
        -0.012055895624210708,
        -15.709778303904386
      ],
      [
        -0.019669056207791098,
        -0.004340871501213496,
        0.9997971219515009,
        0.4232994781962063
      ],
      [
        0.0,
        0.0,
        0.0,
        1.0
      ]
    ],
    "location": [
      18.848993503815763,
      -15.709778303904386,
      0.4232994781962063
    ],
    "rotation": [
      -0.00434172506591087,
      0.01967032466240348,
      -0.8589264008546522
    ]
  },
  {
    "label_id": "MSs5ysIlfn6HWkrilVdHNQ",
    "size": [
      2.79197165391328,
      6.598391175076888,
      3.4099999999999753
    ],
    "obj_class": "vehicle",
    "point_num_in_lidar": 186,
    "speed": 2.842257677890751e-13,
    "if_vehicle": true,
    "motion_state": false,
    "pose": [
      [
        0.7271518903243115,
        0.6862869356760238,
        0.016135994490375553,
        46.40458313547447
      ],
      [
        -0.6861849096371303,
        0.7273272476450895,
        -0.012055895624210708,
        -38.241047547968265
      ],
      [
        -0.020009952125470732,
        -0.0023058086285861704,
        0.9997971219515009,
        1.07582207342449
      ],
      [
        0.0,
        0.0,
        0.0,
        1.0
      ]
    ],
    "location": [
      46.40458313547447,
      -38.241047547968265,
      1.07582207342449
    ],
    "rotation": [
      -0.002306272432519038,
      0.020011287690874853,
      -0.7564202770620512
    ]
  },
  {
    "label_id": "O8ilGM7P1-uAp4PIMof2xA",
    "size": [
      0.7819962013960647,
      0.8654287857100659,
      1.7400000000000055
    ],
    "obj_class": "pedestrian",
    "point_num_in_lidar": 28,
    "speed": 1.457607076616555,
    "if_vehicle": false,
    "motion_state": true,
    "pose": [
      [
        0.6806884519000883,
        0.7323952902167432,
        0.016135994490375553,
        37.97317797448966
      ],
      [
        -0.7323049568084931,
        0.680870109209098,
        -0.012055895624210708,
        -21.552376273544724
      ],
      [
        -0.01981619750537597,
        -0.0036101598196235153,
        0.9997971219515009,
        0.5235581047346578
      ],
      [
        0.0,
        0.0,
        0.0,
        1.0
      ]
    ],
    "location": [
      37.97317797448966,
      -21.552376273544724,
      0.5235581047346578
    ],
    "rotation": [
      -0.003610876696954867,
      0.019817494644235316,
      -0.8219118253572606
    ]
  },
  {
    "label_id": "OLCvkJUNK6eYbjQ3PM1B4w",
    "size": [
      1.0141263494860806,
      1.1026134838928923,
      1.7699999999999996
    ],
    "obj_class": "pedestrian",
    "point_num_in_lidar": 35,
    "speed": 1.7076938115258185,
    "if_vehicle": false,
    "motion_state": true,
    "pose": [
      [
        0.6694161887539671,
        0.7427123237942935,
        0.016135994490375553,
        -2.409745646070945
      ],
      [
        -0.7426247770982187,
        0.6695992053613258,
        -0.012055895624210708,
        -4.948843874350132
      ],
      [
        -0.01975871134294919,
        -0.0039125776108984685,
        0.9997971219515009,
        1.173765937439459
      ],
      [
        0.0,
        0.0,
        0.0,
        1.0
      ]
    ],
    "location": [
      -2.409745646070945,
      -4.948843874350132,
      1.173765937439459
    ],
    "rotation": [
      -0.003913351571185399,
      0.01975999722433228,
      -0.8371977221747248
    ]
  },
  {
    "label_id": "TUgaysJsmRIFmjy8Ssx5VQ",
    "size": [
      0.7719195621634902,
      0.94966798220545,
      1.7562431769673594
    ],
    "obj_class": "pedestrian",
    "point_num_in_lidar": 23,
    "speed": 1.3975194512292521,
    "if_vehicle": false,
    "motion_state": true,
    "pose": [
      [
        0.6954594089221451,
        0.7183841870639045,
        0.016135994490375553,
        11.394783093490318
      ],
      [
        -0.7182901737160216,
        0.6956391893242543,
        -0.012055895624210708,
        -20.96299699965857
      ],
      [
        -0.019885594903551376,
        -0.003205940240731967,
        0.9997971219515009,
        0.6939805516536417
      ],
      [
        0.0,
        0.0,
        0.0,
        1.0
      ]
    ],
    "location": [
      11.394783093490318,
      -20.96299699965857,
      0.6939805516536417
    ],
    "rotation": [
      -0.003206579797385665,
      0.019886905719769803,
      -0.801545846610564
    ]
  },
  {
    "label_id": "V2LikFvNhViYA90wsd05cg",
    "size": [
      1.013810301530095,
      0.13240155450344712,
      0.896812763549697
    ],
    "obj_class": "sign",
    "point_num_in_lidar": 46,
    "speed": 0.012888580481174186,
    "if_vehicle": false,
    "motion_state": false,
    "pose": [
      [
        -0.6784665197577275,
        -0.7344540906344272,
        0.016135994490375553,
        3.08069808714788
      ],
      [
        0.734364307975733,
        -0.6786484499002562,
        -0.012055895624210708,
        -8.392548645480929
      ],
      [
        0.01980516950595569,
        0.00367017688070423,
        0.9997971219515009,
        3.359026928934888
      ],
      [
        0.0,
        0.0,
        0.0,
        1.0
      ]
    ],
    "location": [
      3.08069808714788,
      -8.392548645480929,
      3.359026928934888
    ],
    "rotation": [
      0.003670905140883269,
      -0.01980646448013593,
      2.3166507259143536
    ]
  },
  {
    "label_id": "VceceKYf-sBWe2z2yzYRVw",
    "size": [
      0.7928177116083727,
      0.8884006652584333,
      1.7400000000000055
    ],
    "obj_class": "pedestrian",
    "point_num_in_lidar": 623,
    "speed": 1.403324464459016,
    "if_vehicle": false,
    "motion_state": true,
    "pose": [
      [
        0.6959012811349182,
        0.7179561522799188,
        0.016135994490375553,
        -12.302314235133224
      ],
      [
        -0.717862028335439,
        0.6960810036589331,
        -0.012055895624210708,
        5.7266082962887594
      ],
      [
        -0.01988756367454226,
        -0.003193704523953375,
        0.9997971219515009,
        1.5008155700245887
      ],
      [
        0.0,
        0.0,
        0.0,
        1.0
      ]
    ],
    "location": [
      -12.302314235133224,
      5.7266082962887594,
      1.5008155700245887
    ],
    "rotation": [
      -0.003194341723099993,
      0.019888874880177067,
      -0.8009304529965235
    ]
  },
  {
    "label_id": "_HXRJqr7AwgvGu22LM6Eqg",
    "size": [
      0.40896353006339264,
      0.09352152301424937,
      0.5970501474926238
    ],
    "obj_class": "sign",
    "point_num_in_lidar": 40,
    "speed": 0.013187609311267603,
    "if_vehicle": false,
    "motion_state": false,
    "pose": [
      [
        -0.9873494654427076,
        -0.1577360541277929,
        0.016135994490375553,
        9.326775540298641
      ],
      [
        0.15755300216227655,
        -0.9874369381840806,
        -0.012055895624210708,
        3.976071696341023
      ],
      [
        0.017834926398871152,
        -0.0093611077251649,
        0.9997971219515009,
        2.8515584228956357
      ],
      [
        0.0,
        0.0,
        0.0,
        1.0
      ]
    ],
    "location": [
      9.326775540298641,
      3.976071696341023,
      2.8515584228956357
    ],
    "rotation": [
      -0.009362733682696604,
      -0.01783587203680477,
      2.9833550586447815
    ]
  },
  {
    "label_id": "de92Xadub7g4by1rwCWl-g",
    "size": [
      2.4455632103003673,
      5.893766671715216,
      2.0400000000000027
    ],
    "obj_class": "vehicle",
    "point_num_in_lidar": 7521,
    "speed": 0.04793975291812759,
    "if_vehicle": true,
    "motion_state": false,
    "pose": [
      [
        0.6829517583468008,
        0.7302852356804288,
        0.016135994490375553,
        -8.781658184565515
      ],
      [
        -0.7301943405243402,
        0.683133135228355,
        -0.012055895624210708,
        6.789427568301107
      ],
      [
        -0.01982727508350308,
        -0.00354881674060396,
        0.9997971219515009,
        1.3517199673784646
      ],
      [
        0.0,
        0.0,
        0.0,
        1.0
      ]
    ],
    "location": [
      -8.781658184565515,
      6.789427568301107,
      1.3517199673784646
    ],
    "rotation": [
      -0.003549521956706216,
      0.019828574399201004,
      -0.8188165015991484
    ]
  },
  {
    "label_id": "eMbjSopveNs3m1uFnXkKKw",
    "size": [
      2.3607731232760574,
      5.4302539376947845,
      2.1700000000000017
    ],
    "obj_class": "vehicle",
    "point_num_in_lidar": 672,
    "speed": 0.023022910210150307,
    "if_vehicle": true,
    "motion_state": false,
    "pose": [
      [
        0.7251921051449665,
        -0.6883574945602163,
        0.016135994490375553,
        2.5811788417411776
      ],
      [
        0.6885381912663475,
        0.725099865224346,
        -0.012055895624210708,
        37.266461129340314
      ],
      [
        -0.0034014413236709445,
        0.019853088787816286,
        0.9997971219515009,
        1.3976001636117807
      ],
      [
        0.0,
        0.0,
        0.0,
        1.0
      ]
    ],
    "location": [
      2.5811788417411776,
      37.266461129340314,
      1.3976001636117807
    ],
    "rotation": [
      0.019854508057376843,
      0.0034014478827061436,
      0.7594768796909573
    ]
  },
  {
    "label_id": "h1MQcORcKbbVlpISVYmbVg",
    "size": [
      0.8244535462913996,
      1.0348702526007014,
      1.8090579967917257
    ],
    "obj_class": "pedestrian",
    "point_num_in_lidar": 681,
    "speed": 1.9867520979775666,
    "if_vehicle": false,
    "motion_state": true,
    "pose": [
      [
        0.798665694211852,
        0.6015585911371452,
        0.016135994490375553,
        -13.188944939697137
      ],
      [
        -0.6014377771248886,
        0.7988286772692695,
        -0.012055895624210708,
        7.878908000728188
      ],
      [
        -0.02014222272176759,
        -7.616640993504843e-05,
        0.9997971219515009,
        1.553573381327638
      ],
      [
        0.0,
        0.0,
        0.0,
        1.0
      ]
    ],
    "location": [
      -13.188944939697137,
      7.878908000728188,
      1.553573381327638
    ],
    "rotation": [
      -7.618186541588663e-05,
      0.02014358495111343,
      -0.6454523110543784
    ]
  },
  {
    "label_id": "hnUo4hyZCFm1C_pXJddkUQ",
    "size": [
      0.8103802593153899,
      0.9244852452441166,
      1.610000000000003
    ],
    "obj_class": "cyclist",
    "point_num_in_lidar": 205,
    "speed": 1.5064974861184945,
    "if_vehicle": false,
    "motion_state": true,
    "pose": [
      [
        0.7392299467747757,
        0.6732597681973643,
        0.016135994490375553,
        -14.169762477368181
      ],
      [
        -0.6731546427990562,
        0.7394034637860262,
        -0.012055895624210708,
        5.14090969780591
      ],
      [
        -0.020047759711183638,
        -0.0019499405267687595,
        0.9997971219515009,
        1.4589498749495888
      ],
      [
        0.0,
        0.0,
        0.0,
        1.0
      ]
    ],
    "location": [
      -14.169762477368181,
      5.14090969780591,
      1.4589498749495888
    ],
    "rotation": [
      -0.0019503337342743833,
      0.02004910286222469,
      -0.7386494500068681
    ]
  },
  {
    "label_id": "ht8gtxcrZA6mDs1xt8AdvA",
    "size": [
      2.389817662066173,
      5.415910525913205,
      2.289999999999999
    ],
    "obj_class": "vehicle",
    "point_num_in_lidar": 1988,
    "speed": 0.012671528706999679,
    "if_vehicle": true,
    "motion_state": false,
    "pose": [
      [
        0.6833315115169493,
        0.7299299110529501,
        0.016135994490375553,
        -4.44240927213086
      ],
      [
        -0.72983892156903,
        0.6835128410963859,
        -0.012055895624210708,
        2.128937900681194
      ],
      [
        -0.019829118258675997,
        -0.0035385034377170247,
        0.9997971219515009,
        1.3696749721695767
      ],
      [
        0.0,
        0.0,
        0.0,
        1.0
      ]
    ],
    "location": [
      -4.44240927213086,
      2.128937900681194,
      1.3696749721695767
    ],
    "rotation": [
      -0.0035392066906388383,
      0.019830417936809758,
      -0.818296269426454
    ]
  },
  {
    "label_id": "jGEgNY4HYcY3q1xhLY417g",
    "size": [
      0.794927810094242,
      0.7991999698350772,
      1.7100000000000044
    ],
    "obj_class": "pedestrian",
    "point_num_in_lidar": 210,
    "speed": 1.4869047800586366,
    "if_vehicle": false,
    "motion_state": true,
    "pose": [
      [
        0.7240956040359068,
        0.6895108308777184,
        0.016135994490375553,
        -14.15302099041051
      ],
      [
        -0.6894095849421785,
        0.7242714129182176,
        -0.012055895624210708,
        6.101717555297
      ],
      [
        -0.01999951013720945,
        -0.002394688240032389,
        0.9997971219515009,
        1.525432333443547
      ],
      [
        0.0,
        0.0,
        0.0,
        1.0
      ]
    ],
    "location": [
      -14.15302099041051,
      6.101717555297,
      1.525432333443547
    ],
    "rotation": [
      -0.002395169588050169,
      0.020000843612600388,
      -0.760864076317001
    ]
  },
  {
    "label_id": "jkjRLcw59twUELYWSONreA",
    "size": [
      2.4513075993661655,
      5.635550788292107,
      2.1400000000000006
    ],
    "obj_class": "vehicle",
    "point_num_in_lidar": 9234,
    "speed": 12.41191038066837,
    "if_vehicle": true,
    "motion_state": true,
    "pose": [
      [
        0.6938370288170658,
        0.719951253297133,
        0.016135994490375553,
        -5.063577339124052
      ],
      [
        -0.7198576457569777,
        0.6940170208474138,
        -0.012055895624210708,
        12.058273523354728
      ],
      [
        -0.01987831198889065,
        -0.003250792206158287,
        0.9997971219515009,
        1.426363799389403
      ],
      [
        0.0,
        0.0,
        0.0,
        1.0
      ]
    ],
    "location": [
      -5.063577339124052,
      12.058273523354728,
      1.426363799389403
    ],
    "rotation": [
      -0.003251440396387572,
      0.019879621365242954,
      -0.8038021933069636
    ]
  },
  {
    "label_id": "lX3TIGz7t6M_ztu89v6FZg",
    "size": [
      0.4280494849317768,
      0.08290724693031762,
      0.6134916837213495
    ],
    "obj_class": "sign",
    "point_num_in_lidar": 27,
    "speed": 0.028979570416848247,
    "if_vehicle": false,
    "motion_state": false,
    "pose": [
      [
        -0.9250612038363092,
        0.37947516234758377,
        0.016135994490375553,
        0.9487232597448099
      ],
      [
        -0.37967698751692824,
        -0.925040561559745,
        -0.012055895624210708,
        33.41212113095753
      ],
      [
        0.010351536455459071,
        -0.017278907098152795,
        0.9997971219515009,
        1.8008309450608309
      ],
      [
        0.0,
        0.0,
        0.0,
        1.0
      ]
    ],
    "location": [
      0.9487232597448099,
      33.41212113095753,
      1.8008309450608309
    ],
    "rotation": [
      -0.017280692981232228,
      -0.010351721332993094,
      -2.752123549464094
    ]
  },
  {
    "label_id": "mfhY_2QfmynvWwrFGKZ0oA",
    "size": [
      0.48963925687978166,
      0.10214470324224971,
      0.5074866177062951
    ],
    "obj_class": "sign",
    "point_num_in_lidar": 79,
    "speed": 0.023186376930303194,
    "if_vehicle": false,
    "motion_state": false,
    "pose": [
      [
        -0.5736715763384366,
        -0.8189264632329205,
        0.016135994490375553,
        -4.137959338381336
      ],
      [
        0.8188619298222227,
        -0.5738639170295718,
        -0.012055895624210708,
        -0.9887410686696967
      ],
      [
        0.019132756968054623,
        0.006297026941077062,
        0.9997971219515009,
        2.9047511209736747
      ],
      [
        0.0,
        0.0,
        0.0,
        1.0
      ]
    ],
    "location": [
      -4.137959338381336,
      -0.9887410686696967,
      2.9047511209736747
    ],
    "rotation": [
      0.006298221449098658,
      -0.019133924457504423,
      2.1819059466660558
    ]
  },
  {
    "label_id": "nX-WqS5DY9omgWbc749Fgw",
    "size": [
      0.7307697494492189,
      0.790863973413099,
      1.6900000000000048
    ],
    "obj_class": "pedestrian",
    "point_num_in_lidar": 335,
    "speed": 1.4413296445776678,
    "if_vehicle": false,
    "motion_state": true,
    "pose": [
      [
        0.6991768141793816,
        0.7147666837477646,
        0.016135994490375553,
        -12.993287338259847
      ],
      [
        -0.7146717390176872,
        0.6993561044490373,
        -0.012055895624210708,
        5.368024035466078
      ],
      [
        -0.01990195878312645,
        -0.003102736548601726,
        0.9997971219515009,
        1.4861014081050286
      ],
      [
        0.0,
        0.0,
        0.0,
        1.0
      ]
    ],
    "location": [
      -12.993287338259847,
      5.368024035466078,
      1.4861014081050286
    ],
    "rotation": [
      -0.003103356190811083,
      0.019903272838410292,
      -0.7963571197095687
    ]
  },
  {
    "label_id": "ndZmmljnxia7nf1iYUHCjA",
    "size": [
      2.6441412919462763,
      6.075761311101754,
      2.466192215728494
    ],
    "obj_class": "vehicle",
    "point_num_in_lidar": 7836,
    "speed": 0.0696501354094261,
    "if_vehicle": true,
    "motion_state": false,
    "pose": [
      [
        0.6872025631283528,
        0.7262866286196027,
        0.016135994490375553,
        -3.131392520992776
      ],
      [
        -0.7261946763737986,
        0.6873834063948968,
        -0.012055895624210708,
        14.78104113664449
      ],
      [
        -0.019847650646261452,
        -0.003433030923142181,
        0.9997971219515009,
        1.467694662621735
      ],
      [
        0.0,
        0.0,
        0.0,
        1.0
      ]
    ],
    "location": [
      -3.131392520992776,
      14.78104113664449,
      1.467694662621735
    ],
    "rotation": [
      -0.003433714056078015,
      0.019848953972289373,
      -0.8129786798656836
    ]
  },
  {
    "label_id": "p35sayiyKiZgb2akL-yLDg",
    "size": [
      0.7670953691765393,
      0.8966766857086689,
      1.7100000000000044
    ],
    "obj_class": "pedestrian",
    "point_num_in_lidar": 755,
    "speed": 1.545330274815489,
    "if_vehicle": false,
    "motion_state": true,
    "pose": [
      [
        0.7278631420346038,
        0.6855325492996817,
        0.016135994490375553,
        -12.858389673696024
      ],
      [
        -0.6854303414795283,
        0.7280383934655886,
        -0.012055895624210708,
        6.692270099223606
      ],
      [
        -0.020012332367098654,
        -0.002285058144570665,
        0.9997971219515009,
        1.5022177590600023
      ],
      [
        0.0,
        0.0,
        0.0,
        1.0
      ]
    ],
    "location": [
      -12.858389673696024,
      6.692270099223606,
      1.5022177590600023
    ],
    "rotation": [
      -0.0022855178472329174,
      0.020013668409224854,
      -0.755383125700527
    ]
  },
  {
    "label_id": "praZt48WB1GaKfYBjCsanA",
    "size": [
      2.202006468842514,
      4.424020764004519,
      2.020000000000003
    ],
    "obj_class": "vehicle",
    "point_num_in_lidar": 353,
    "speed": 5.684341886080801e-13,
    "if_vehicle": true,
    "motion_state": false,
    "pose": [
      [
        -0.7130089790265572,
        0.7009692043943961,
        0.016135994490375553,
        -43.93274012062071
      ],
      [
        -0.7011482557173253,
        -0.7129135844443211,
        -0.012055895624210708,
        -0.9168968549201963
      ],
      [
        0.003052758106742588,
        -0.01990968622146041,
        0.9997971219515009,
        1.9106373228055595
      ],
      [
        0.0,
        0.0,
        0.0,
        1.0
      ]
    ],
    "location": [
      -43.93274012062071,
      -0.9168968549201963,
      1.9106373228055595
    ],
    "rotation": [
      -0.019911094599696276,
      -0.003052762848373555,
      -2.364581425477478
    ]
  },
  {
    "label_id": "r-4WgpLkhKII4PIBrkWS2w",
    "size": [
      0.8482065845233729,
      2.0982920836231047,
      1.360000000000003
    ],
    "obj_class": "vehicle",
    "point_num_in_lidar": 109,
    "speed": 8.443363472450839e-29,
    "if_vehicle": true,
    "motion_state": false,
    "pose": [
      [
        0.6741130236743967,
        0.7384519354666007,
        0.016135994490375553,
        3.1718269123506246
      ],
      [
        -0.738363229835927,
        0.6742954813781241,
        -0.012055895624210708,
        46.414103214612624
      ],
      [
        -0.019783127629884264,
        -0.003787188756188806,
        0.9997971219515009,
        1.0738204132332712
      ],
      [
        0.0,
        0.0,
        0.0,
        1.0
      ]
    ],
    "location": [
      3.1718269123506246,
      46.414103214612624,
      1.0738204132332712
    ],
    "rotation": [
      -0.0037879391323994947,
      0.01978441828469955,
      -0.8308544654283664
    ]
  },
  {
    "label_id": "rhQEGyG3ydk_PpljURABpA",
    "size": [
      0.7971540827753081,
      0.9468052349867129,
      1.83555267383354
    ],
    "obj_class": "pedestrian",
    "point_num_in_lidar": 399,
    "speed": 1.5409772239997768,
    "if_vehicle": false,
    "motion_state": true,
    "pose": [
      [
        0.7036956536961405,
        0.7103182784153649,
        0.016135994490375553,
        -10.525280532571799
      ],
      [
        -0.7102221985735009,
        0.7038743382409397,
        -0.012055895624210708,
        3.1975894723673264
      ],
      [
        -0.019921235468317224,
        -0.002976460130953027,
        0.9997971219515009,
        1.505200577192248
      ],
      [
        0.0,
        0.0,
        0.0,
        1.0
      ]
    ],
    "location": [
      -10.525280532571799,
      3.1975894723673264,
      1.505200577192248
    ],
    "rotation": [
      -0.0029770553168059276,
      0.019922553346068104,
      -0.79001405993925
    ]
  },
  {
    "label_id": "slzLrzeurIijToqrcieW4g",
    "size": [
      0.8751962730705448,
      0.9292646099276765,
      1.6999999999999993
    ],
    "obj_class": "pedestrian",
    "point_num_in_lidar": 156,
    "speed": 1.2825351231248032,
    "if_vehicle": false,
    "motion_state": true,
    "pose": [
      [
        0.9857549850071127,
        -0.16741188492885872,
        0.016135994490375553,
        -30.00864862272809
      ],
      [
        0.167613324994651,
        0.9857790972956038,
        -0.012055895624210708,
        6.388025041729634
      ],
      [
        -0.013888225871734555,
        0.01458876689891836,
        0.9997971219515009,
        1.7681353424071737
      ],
      [
        0.0,
        0.0,
        0.0,
        1.0
      ]
    ],
    "location": [
      -30.00864862272809,
      6.388025041729634,
      1.7681353424071737
    ],
    "rotation": [
      0.01459069175610188,
      0.013888672377181308,
      0.16842464328929352
    ]
  },
  {
    "label_id": "wd-dwWfxFi-2x2ASuoXg0g",
    "size": [
      1.992685203216279,
      4.23777338934755,
      1.7800000000000047
    ],
    "obj_class": "vehicle",
    "point_num_in_lidar": 207,
    "speed": 0.15945887511623824,
    "if_vehicle": true,
    "motion_state": false,
    "pose": [
      [
        0.18120391595124366,
        0.9833131599474,
        0.016135994490375553,
        20.299879284037985
      ],
      [
        -0.9833344480973983,
        0.1814056740173336,
        -0.012055895624210708,
        -25.81862106495646
      ],
      [
        -0.014781881778705224,
        -0.013682503739289661,
        0.9997971219515009,
        0.34730919685910067
      ],
      [
        0.0,
        0.0,
        0.0,
        1.0
      ]
    ],
    "location": [
      20.299879284037985,
      -25.81862106495646,
      0.34730919685910067
    ],
    "rotation": [
      -0.013684425920347945,
      0.014782420148430361,
      -1.3885656981919479
    ]
  },
  {
    "label_id": "xJ9paU9ARQzf8h-g7JRgXw",
    "size": [
      0.7982479932823862,
      0.9690615119256042,
      1.7917746335031026
    ],
    "obj_class": "pedestrian",
    "point_num_in_lidar": 79,
    "speed": 1.3599836817572704,
    "if_vehicle": false,
    "motion_state": true,
    "pose": [
      [
        0.6700313894652854,
        0.7421573733468027,
        0.016135994490375553,
        -2.914127540237544
      ],
      [
        -0.7420696750285167,
        0.6702143334663693,
        -0.012055895624210708,
        -5.4496470869034965
      ],
      [
        -0.01976194662199149,
        -0.0038962036913965667,
        0.9997971219515009,
        1.179248017406799
      ],
      [
        0.0,
        0.0,
        0.0,
        1.0
      ]
    ],
    "location": [
      -2.914127540237544,
      -5.4496470869034965,
      1.179248017406799
    ],
    "rotation": [
      -0.003896974578857513,
      0.019763233135200294,
      -0.8363689408621606
    ]
  },
  {
    "label_id": "xm7qMBcQiB6LNZ64hriwQw",
    "size": [
      0.8676867597657667,
      1.115154545921516,
      1.7500000000000036
    ],
    "obj_class": "pedestrian",
    "point_num_in_lidar": 141,
    "speed": 1.5191535413145825,
    "if_vehicle": false,
    "motion_state": true,
    "pose": [
      [
        0.6476391993991977,
        0.7617762775798238,
        0.016135994490375553,
        -6.931971715491528
      ],
      [
        -0.7616940646643949,
        0.6478246732224165,
        -0.012055895624210708,
        -1.4135560731156147
      ],
      [
        -0.019637190649348376,
        -0.004482820640672322,
        0.9997971219515009,
        1.4192654094203405
      ],
      [
        0.0,
        0.0,
        0.0,
        1.0
      ]
    ],
    "location": [
      -6.931971715491528,
      -1.4135560731156147,
      1.4192654094203405
    ],
    "rotation": [
      -0.004483700244758084,
      0.01963845294821567,
      -0.8661504211043181
    ]
  }
]