[
  {
    "label_id": "0OCxtJR_yEaJVNaM9OqfbQ",
    "size": [
      2.9152229121691215,
      7.801972595825992,
      3.8199999999999648
    ],
    "obj_class": "vehicle",
    "point_num_in_lidar": 416,
    "speed": 1.1368770508004532e-12,
    "if_vehicle": true,
    "motion_state": false,
    "pose": [
      [
        0.6970499328158624,
        0.7168532783150511,
        0.015581031107281864,
        40.21374885361172
      ],
      [
        -0.7164350803016816,
        0.6971938195188485,
        -0.02532891110653443,
        -45.256889121266795
      ],
      [
        -0.029020111552597542,
        0.006492718512580293,
        0.9995577410694149,
        1.4751778457533717
      ],
      [
        0.0,
        0.0,
        0.0,
        1.0
      ]
    ],
    "location": [
      40.21374885361172,
      -45.256889121266795,
      1.4751778457533717
    ],
    "rotation": [
      0.006495499892607724,
      0.029024186393157025,
      -0.7991117380633641
    ]
  },
  {
    "label_id": "1ww6VUXNbH5HN8vA9BN37A",
    "size": [
      0.6456626533943027,
      1.047126442663309,
      1.6874087649240757
    ],
    "obj_class": "pedestrian",
    "point_num_in_lidar": 47,
    "speed": 1.5495679061025371,
    "if_vehicle": false,
    "motion_state": true,
    "pose": [
      [
        -0.7845743112349431,
        -0.6198389965304286,
        0.015581031107281864,
        9.848200205730365
      ],
      [
        0.6194056067026201,
        -0.7846624373878978,
        -0.02532891110653443,
        -20.976490136630673
      ],
      [
        0.027925696689139166,
        -0.010221434959682035,
        0.9995577410694149,
        0.59047020780541
      ],
      [
        0.0,
        0.0,
        0.0,
        1.0
      ]
    ],
    "location": [
      9.848200205730365,
      -20.976490136630673,
      0.59047020780541
    ],
    "rotation": [
      -0.010225601059569222,
      -0.027929327580466567,
      2.4732994386256126
    ]
  },
  {
    "label_id": "3x3ZXLKl-lWgN_FV9ytvUQ",
    "size": [
      2.060710454258785,
      4.694385415658241,
      1.5400000000000027
    ],
    "obj_class": "vehicle",
    "point_num_in_lidar": 22,
    "speed": 2.220446049250313e-15,
    "if_vehicle": true,
    "motion_state": false,
    "pose": [
      [
        0.7067081284009233,
        -0.7073336219364228,
        0.015581031107281864,
        19.846270161641883
      ],
      [
        0.7074714518827483,
        0.7062878952899261,
        -0.02532891110653443,
        -39.83779277337271
      ],
      [
        0.006911296765481712,
        0.028923282061831264,
        0.9995577410694149,
        0.31625774779231364
      ],
      [
        0.0,
        0.0,
        0.0,
        1.0
      ]
    ],
    "location": [
      19.846270161641883,
      -39.83779277337271,
      0.31625774779231364
    ],
    "rotation": [
      0.028928007328350405,
      -0.006911351787524423,
      0.7859379275252415
    ]
  },
  {
    "label_id": "C8em1kIenRlg8YGuTTTf7g",
    "size": [
      0.7852210358380307,
      1.2072036134509911,
      1.970000000000006
    ],
    "obj_class": "pedestrian",
    "point_num_in_lidar": 40,
    "speed": 1.0317591763066079,
    "if_vehicle": false,
    "motion_state": true,
    "pose": [
      [
        0.9515457720507922,
        0.3071121540445709,
        0.015581031107281864,
        30.754775067339466
      ],
      [
        -0.30667525398839957,
        0.9514771331216049,
        -0.02532891110653443,
        -38.27850245324953
      ],
      [
        -0.022603811258566326,
        0.019323301601846365,
        0.9995577410694149,
        0.3834749460050091
      ],
      [
        0.0,
        0.0,
        0.0,
        1.0
      ]
    ],
    "location": [
      30.754775067339466,
      -38.27850245324953,
      0.3834749460050091
    ],
    "rotation": [
      0.01932944358937296,
      0.02260573653740841,
      -0.3117803395058727
    ]
  },
  {
    "label_id": "Em1g7-nMbotXR-DrtWI2ig",
    "size": [
      1.7290692349608805,
      3.5947345219723577,
      1.3300000000000054
    ],
    "obj_class": "vehicle",
    "point_num_in_lidar": 41,
    "speed": 4.808194483695329,
    "if_vehicle": true,
    "motion_state": true,
    "pose": [
      [
        0.7074726242737314,
        0.7065689756654149,
        0.015581031107281864,
        52.81189310793516
      ],
      [
        -0.7061487154501235,
        0.7076103715536524,
        -0.02532891110653443,
        -49.688846561602986
      ],
      [
        -0.02892192198627711,
        0.006916986108740473,
        0.9995577410694149,
        0.23576762008791619
      ],
      [
        0.0,
        0.0,
        0.0,
        1.0
      ]
    ],
    "location": [
      52.81189310793516,
      -49.688846561602986,
      0.23576762008791619
    ],
    "rotation": [
      0.006919936104113531,
      0.028925955594615735,
      -0.7844616265757849
    ]
  },
  {
    "label_id": "FI9gXqHphltRJYHwCug7Ng",
    "size": [
      1.8594440137340102,
      4.194035097474454,
      1.5400000000000027
    ],
    "obj_class": "vehicle",
    "point_num_in_lidar": 125,
    "speed": 10.679118884646412,
    "if_vehicle": true,
    "motion_state": true,
    "pose": [
      [
        0.66996110953121,
        0.7422326745605747,
        0.015581031107281864,
        36.446759797752065
      ],
      [
        -0.7418201055869033,
        0.6701204199315174,
        -0.02532891110653443,
        -35.71323218026737
      ],
      [
        -0.02924111254288785,
        0.005411063246994541,
        0.9995577410694149,
        0.3777837155100663
      ],
      [
        0.0,
        0.0,
        0.0,
        1.0
      ]
    ],
    "location": [
      36.446759797752065,
      -35.71323218026737,
      0.3777837155100663
    ],
    "rotation": [
      0.0054134045164070076,
      0.02924528121351823,
      -0.8362538023999856
    ]
  },
  {
    "label_id": "FiBHFnlgGD3tCo4uGN8GOA",
    "size": [
      0.7792066223408975,
      0.8530859308161094,
      1.6800000000000033
    ],
    "obj_class": "pedestrian",
    "point_num_in_lidar": 29,
    "speed": 1.3920215547635901,
    "if_vehicle": false,
    "motion_state": true,
    "pose": [
      [
        0.6621071328372978,
        0.7492472062781462,
        0.015581031107281864,
        38.8257684590089
      ],
      [
        -0.7488363379618377,
        0.6622707793720496,
        -0.02532891110653443,
        -50.37460564857611
      ],
      [
        -0.029296477499478134,
        0.005102810434591876,
        0.9995577410694149,
        0.5624614295896428
      ],
      [
        0.0,
        0.0,
        0.0,
        1.0
      ]
    ],
    "location": [
      38.8257684590089,
      -50.37460564857611,
      0.5624614295896428
    ],
    "rotation": [
      0.005105023848331699,
      0.029300669899900253,
      -0.8467898636663388
    ]
  },
  {
    "label_id": "G8ZifmyoUj0ZKarCYDaXdw",
    "size": [
      0.9191115219789027,
      1.1134257866036492,
      1.944807819718985
    ],
    "obj_class": "pedestrian",
    "point_num_in_lidar": 189,
    "speed": 1.502656532698655,
    "if_vehicle": false,
    "motion_state": true,
    "pose": [
      [
        0.7919069748593665,
        0.6104429331548699,
        0.015581031107281864,
        8.158820053144083
      ],
      [
        -0.6100085236642167,
        0.7919899287990727,
        -0.02532891110653443,
        -18.020583520154105
      ],
      [
        -0.02780187450676413,
        0.010553579587938244,
        0.9995577410694149,
        0.8137877898531656
      ],
      [
        0.0,
        0.0,
        0.0,
        1.0
      ]
    ],
    "location": [
      8.158820053144083,
      -18.020583520154105,
      0.8137877898531656
    ],
    "rotation": [
      0.01055785676146769,
      0.027805457302818845,
      -0.6563690718615421
    ]
  },
  {
    "label_id": "JbaK1eVynVrY5IGp30MGEQ",
    "size": [
      0.7579103994427124,
      1.0900382483025783,
      1.8400000000000034
    ],
    "obj_class": "pedestrian",
    "point_num_in_lidar": 28,
    "speed": 1.4559972659388984,
    "if_vehicle": false,
    "motion_state": true,
    "pose": [
      [
        0.716797111324069,
        0.6971076908678489,
        0.015581031107281864,
        26.22093647406379
      ],
      [
        -0.696685637738825,
        0.7169292631986814,
        -0.02532891110653443,
        -35.054516251115274
      ],
      [
        -0.028827475885292542,
        0.007300609720542873,
        0.9995577410694149,
        0.5156263400261203
      ],
      [
        0.0,
        0.0,
        0.0,
        1.0
      ]
    ],
    "location": [
      26.22093647406379,
      -35.054516251115274,
      0.5156263400261203
    ],
    "rotation": [
      0.007303710036057342,
      0.02883147009682381,
      -0.7711708114127391
    ]
  },
  {
    "label_id": "L1UCSHYGDwJLA62Yn_UZ4Q",
    "size": [
      0.7961601569315182,
      0.8415275557149793,
      1.600000000000005
    ],
    "obj_class": "pedestrian",
    "point_num_in_lidar": 30,
    "speed": 1.2898747781667925,
    "if_vehicle": false,
    "motion_state": true,
    "pose": [
      [
        -0.5794127730265493,
        0.8148853109016744,
        0.015581031107281864,
        45.22577244681638
      ],
      [
        -0.8149514307273151,
        -0.5789754846430542,
        -0.02532891110653443,
        -27.930332894269668
      ],
      [
        -0.011619122565272163,
        -0.027373678215066227,
        0.9995577410694149,
        0.35730216498915013
      ],
      [
        0.0,
        0.0,
        0.0,
        1.0
      ]
    ],
    "location": [
      45.22577244681638,
      -27.930332894269668,
      0.35730216498915013
    ],
    "rotation": [
      -0.027378946625852992,
      0.01161938401917786,
      -2.18885233244126
    ]
  },
  {
    "label_id": "MSs5ysIlfn6HWkrilVdHNQ",
    "size": [
      2.7919716539132815,
      6.598391175076888,
      3.4099999999999753
    ],
    "obj_class": "vehicle",
    "point_num_in_lidar": 405,
    "speed": 2.842257677890751e-13,
    "if_vehicle": true,
    "motion_state": false,
    "pose": [
      [
        0.7271582915494793,
        0.6862929771609765,
        0.015581031107281864,
        46.40458313547748
      ],
      [
        -0.6858689919489753,
        0.7272841068970598,
        -0.02532891110653443,
        -38.241047547966446
      ],
      [
        -0.02871489010494403,
        0.0077315816279591686,
        0.9995577410694149,
        1.0207525886343092
      ],
      [
        0.0,
        0.0,
        0.0,
        1.0
      ]
    ],
    "location": [
      46.40458313547748,
      -38.241047547966446,
      1.0207525886343092
    ],
    "rotation": [
      0.007734848245018082,
      0.028718837689282538,
      -0.7561860210112306
    ]
  },
  {
    "label_id": "O8ilGM7P1-uAp4PIMof2xA",
    "size": [
      0.7819962013959307,
      0.8654287857100659,
      1.7400000000000055
    ],
    "obj_class": "pedestrian",
    "point_num_in_lidar": 44,
    "speed": 1.430317161615235,
    "if_vehicle": false,
    "motion_state": true,
    "pose": [
      [
        0.6710365318909495,
        0.7412605509113519,
        0.015581031107281864,
        40.40183653552731
      ],
      [
        -0.74084775139502,
        0.6711952439604292,
        -0.02532891110653443,
        -24.28240898522563
      ],
      [
        -0.029233236576021452,
        0.005453452805257388,
        0.9995577410694149,
        0.30668818396016206
      ],
      [
        0.0,
        0.0,
        0.0,
        1.0
      ]
    ],
    "location": [
      40.40183653552731,
      -24.28240898522563,
      0.30668818396016206
    ],
    "rotation": [
      0.005455811577603257,
      0.029237401878255173,
      -0.8348033526076832
    ]
  },
  {
    "label_id": "OLCvkJUNK6eYbjQ3PM1B4w",
    "size": [
      1.0141263494895025,
      1.1026134838928923,
      1.7699999999999996
    ],
    "obj_class": "pedestrian",
    "point_num_in_lidar": 442,
    "speed": 1.811148667221233,
    "if_vehicle": false,
    "motion_state": true,
    "pose": [
      [
        0.7041746820610806,
        0.7098557942383863,
        0.015581031107281864,
        0.8804509249949888
      ],
      [
        -0.7094361800258856,
        0.7043143848683177,
        -0.02532891110653443,
        -8.156222261084622
      ],
      [
        -0.028953818650661822,
        0.006782230735782717,
        0.9995577410694149,
        0.9756477199284106
      ],
      [
        0.0,
        0.0,
        0.0,
        1.0
      ]
    ],
    "location": [
      0.8804509249949888,
      -8.156222261084622,
      0.9756477199284106
    ],
    "rotation": [
      0.00678512743865849,
      0.028957865622534138,
      -0.7891201733291938
    ]
  },
  {
    "label_id": "RGdvnrG8Aw3PXBTuM0u24A",
    "size": [
      0.7713029575998294,
      1.0039475245408434,
      1.6799999999999997
    ],
    "obj_class": "pedestrian",
    "point_num_in_lidar": 21,
    "speed": 1.1385294010521791,
    "if_vehicle": false,
    "motion_state": true,
    "pose": [
      [
        -0.5930442512171193,
        -0.8050190976417643,
        0.015581031107281864,
        12.606264668878453
      ],
      [
        0.8046243629896173,
        -0.5932436942317297,
        -0.02532891110653443,
        -23.24013892475159
      ],
      [
        0.02963360561725419,
        -0.0024842878919016102,
        0.9995577410694149,
        0.5398126840265469
      ],
      [
        0.0,
        0.0,
        0.0,
        1.0
      ]
    ],
    "location": [
      12.606264668878453,
      -23.24013892475159,
      0.5398126840265469
    ],
    "rotation": [
      -0.002485381959015769,
      -0.029637944460046414,
      2.205954458025211
    ]
  },
  {
    "label_id": "S-Uacus7IJgPhKK_6OF4Hw",
    "size": [
      0.7690052986392301,
      0.8370641295136979,
      1.6207908815255863
    ],
    "obj_class": "pedestrian",
    "point_num_in_lidar": 24,
    "speed": 1.4978338272813287,
    "if_vehicle": false,
    "motion_state": true,
    "pose": [
      [
        0.695198423770654,
        0.7186489985079172,
        0.015581031107281864,
        54.67475559490154
      ],
      [
        -0.7182311730551202,
        0.6953433887756635,
        -0.02532891110653443,
        -42.68412235231153
      ],
      [
        -0.02903676357076342,
        0.0064178368274983785,
        0.9995577410694149,
        0.45594371937827916
      ],
      [
        0.0,
        0.0,
        0.0,
        1.0
      ]
    ],
    "location": [
      54.67475559490154,
      -42.68412235231153,
      0.45594371937827916
    ],
    "rotation": [
      0.006420588200192924,
      0.029040845431673293,
      -0.8016923678582558
    ]
  },
  {
    "label_id": "TUgaysJsmRIFmjy8Ssx5VQ",
    "size": [
      0.7719195621641639,
      0.94966798220545,
      1.7562431769673594
    ],
    "obj_class": "pedestrian",
    "point_num_in_lidar": 105,
    "speed": 1.1962190108812318,
    "if_vehicle": false,
    "motion_state": true,
    "pose": [
      [
        0.5796885943579224,
        0.8146891217151302,
        0.015581031107281864,
        13.584785776020667
      ],
      [
        -0.8142977296148272,
        0.5798945195518711,
        -0.02532891110653443,
        -23.46086928073055
      ],
      [
        -0.02967054289146311,
        0.0019952826202460985,
        0.9995577410694149,
        0.5269951882455928
      ],
      [
        0.0,
        0.0,
        0.0,
        1.0
      ]
    ],
    "location": [
      13.584785776020667,
      -23.46086928073055,
      0.5269951882455928
    ],
    "rotation": [
      0.001996162790888369,
      0.029674897983439696,
      -0.9521364707486765
    ]
  },
  {
    "label_id": "Wpqa9KCQJuuTRKatLAsU9w",
    "size": [
      0.7462867831474874,
      1.0096800683498657,
      1.7500000000000036
    ],
    "obj_class": "pedestrian",
    "point_num_in_lidar": 40,
    "speed": 1.2357835799540537,
    "if_vehicle": false,
    "motion_state": true,
    "pose": [
      [
        -0.7093532054792889,
        0.7046809642284172,
        0.015581031107281864,
        44.06829283080708
      ],
      [
        -0.7048203676176017,
        -0.7089334916997125,
        -0.02532891110653443,
        -27.684526260865823
      ],
      [
        -0.00680288671424138,
        -0.028948972357615843,
        0.9995577410694149,
        0.37258253920343165
      ],
      [
        0.0,
        0.0,
        0.0,
        1.0
      ]
    ],
    "location": [
      44.06829283080708,
      -27.684526260865823,
      0.37258253920343165
    ],
    "rotation": [
      -0.028953687469923262,
      0.006802939187436679,
      -2.35939977024051
    ]
  },
  {
    "label_id": "Y4WRE-DC5UX_A82GcFlyAw",
    "size": [
      0.8315503518900068,
      0.9516061533592971,
      1.740000000000002
    ],
    "obj_class": "pedestrian",
    "point_num_in_lidar": 38,
    "speed": 2.220446049250313e-15,
    "if_vehicle": false,
    "motion_state": false,
    "pose": [
      [
        0.9932764679292048,
        -0.11471307566148561,
        0.015581031107281864,
        32.2646925753381
      ],
      [
        0.11508227824110155,
        0.9930329881212382,
        -0.02532891110653443,
        -39.44065405956826
      ],
      [
        -0.012566920582287141,
        0.026951711917562786,
        0.9995577410694149,
        0.25551898307182697
      ],
      [
        0.0,
        0.0,
        0.0,
        1.0
      ]
    ],
    "location": [
      32.2646925753381,
      -39.44065405956826,
      0.25551898307182697
    ],
    "rotation": [
      0.02695710514884726,
      0.012567251382840356,
      0.1153469770241255
    ]
  },
  {
    "label_id": "_CuXoK6hvB75S9LCO7CUjQ",
    "size": [
      0.9248528456291156,
      0.9846531429257308,
      1.8000000000000007
    ],
    "obj_class": "pedestrian",
    "point_num_in_lidar": 94,
    "speed": 1.137130723872009e-12,
    "if_vehicle": false,
    "motion_state": false,
    "pose": [
      [
        0.9375530925197771,
        0.34749306493257737,
        0.015581031107281864,
        16.186705866964985
      ],
      [
        -0.34705363087585517,
        0.9375031858922097,
        -0.02532891110653443,
        -22.726735557534994
      ],
      [
        -0.02340888725437681,
        0.018339745519518065,
        0.9995577410694149,
        0.3768429872578558
      ],
      [
        0.0,
        0.0,
        0.0,
        1.0
      ]
    ],
    "location": [
      16.186705866964985,
      -22.726735557534994,
      0.3768429872578558
    ],
    "rotation": [
      0.018345801541442767,
      0.023411025699813064,
      -0.35452906750092616
    ]
  },
  {
    "label_id": "_HXRJqr7AwgvGu22LM6Eqg",
    "size": [
      0.4089635300633917,
      0.09352152301424937,
      0.5970501474926238
    ],
    "obj_class": "sign",
    "point_num_in_lidar": 25,
    "speed": 0.0037375808686211853,
    "if_vehicle": false,
    "motion_state": false,
    "pose": [
      [
        -0.9873581572254431,
        -0.15773744270150744,
        0.015581031107281864,
        9.348509136861296
      ],
      [
        0.157316211892712,
        -0.9872234072072466,
        -0.02532891110653443,
        3.9600923394773417
      ],
      [
        0.019377276281891443,
        -0.0225575582034948,
        0.9995577410694149,
        2.784747137454058
      ],
      [
        0.0,
        0.0,
        0.0,
        1.0
      ]
    ],
    "location": [
      9.348509136861296,
      3.9600923394773417,
      2.784747137454058
    ],
    "rotation": [
      -0.02256370890009885,
      -0.019378489113020075,
      2.9835903043885112
    ]
  },
  {
    "label_id": "_hHL2rZg7Bbfjm__kmk14Q",
    "size": [
      1.9780500620659938,
      4.596211258606762,
      1.5200000000000031
    ],
    "obj_class": "vehicle",
    "point_num_in_lidar": 104,
    "speed": 1.7053155762006798e-12,
    "if_vehicle": true,
    "motion_state": false,
    "pose": [
      [
        -0.7162116345161397,
        0.6977091987736392,
        0.015581031107281864,
        40.709328849675856
      ],
      [
        -0.6978527006408903,
        -0.7157933042927779,
        -0.02532891110653443,
        -15.152409083559178
      ],
      [
        -0.006519416533379028,
        -0.02901412546111139,
        0.9995577410694149,
        0.13430582313184658
      ],
      [
        0.0,
        0.0,
        0.0,
        1.0
      ]
    ],
    "location": [
      40.709328849675856,
      -15.152409083559178,
      0.13430582313184658
    ],
    "rotation": [
      -0.029018814649985677,
      0.00651946271649642,
      -2.369176857395139
    ]
  },
  {
    "label_id": "dWGM_6Sr_Eaoh5yFictcbQ",
    "size": [
      1.000000000000499,
      1.0,
      1.9100000000000001
    ],
    "obj_class": "pedestrian",
    "point_num_in_lidar": 49,
    "speed": 8.526512829121202e-13,
    "if_vehicle": false,
    "motion_state": false,
    "pose": [
      [
        0.7679854716995472,
        -0.6402777106288007,
        0.015581031107281864,
        17.457751845374176
      ],
      [
        0.6404531098436956,
        0.7675794814569347,
        -0.02532891110653443,
        -24.221373480020702
      ],
      [
        0.004257857438120487,
        0.02943115557101777,
        0.9995577410694149,
        0.4313347958031102
      ],
      [
        0.0,
        0.0,
        0.0,
        1.0
      ]
    ],
    "location": [
      17.457751845374176,
      -24.221373480020702,
      0.4313347958031102
    ],
    "rotation": [
      0.02943567297421172,
      -0.004257870303590044,
      0.6950956688591999
    ]
  },
  {
    "label_id": "fQ2n6--00V_n1eOOacR5TA",
    "size": [
      0.7618255677032552,
      0.9345899953471253,
      1.850000000000005
    ],
    "obj_class": "pedestrian",
    "point_num_in_lidar": 123,
    "speed": 1.3321931202810264,
    "if_vehicle": false,
    "motion_state": true,
    "pose": [
      [
        0.7881030174960884,
        0.6153461345317724,
        0.015581031107281864,
        9.672784516038632
      ],
      [
        -0.614912248260408,
        0.7881886659940548,
        -0.02532891110653443,
        -19.57012521773686
      ],
      [
        -0.027866839664565195,
        0.010380824404555927,
        0.9995577410694149,
        0.7460904008102212
      ],
      [
        0.0,
        0.0,
        0.0,
        1.0
      ]
    ],
    "location": [
      9.672784516038632,
      -19.57012521773686,
      0.7460904008102212
    ],
    "rotation": [
      0.01038504409270292,
      0.027870447641188418,
      -0.6625776619636432
    ]
  },
  {
    "label_id": "hGZX2N3Zly2psnSENmTj-A",
    "size": [
      2.1384752959999864,
      4.888177290087686,
      1.5899999999999999
    ],
    "obj_class": "vehicle",
    "point_num_in_lidar": 37,
    "speed": 1.4210924103971636e-12,
    "if_vehicle": true,
    "motion_state": false,
    "pose": [
      [
        0.7057312484543922,
        -0.7083082919355378,
        0.015581031107281864,
        23.555243985278764
      ],
      [
        0.7084455417775141,
        0.7053108255214308,
        -0.02532891110653443,
        -41.49317214707844
      ],
      [
        0.0069512078497044145,
        0.028913716081455456,
        0.9995577410694149,
        0.18078120263359665
      ],
      [
        0.0,
        0.0,
        0.0,
        1.0
      ]
    ],
    "location": [
      23.555243985278764,
      -41.49317214707844,
      0.18078120263359665
    ],
    "rotation": [
      0.02891844511922077,
      -0.006951263830493635,
      0.787317506161966
    ]
  },
  {
    "label_id": "hgO3zRhEBlBJHykxs4_HqQ",
    "size": [
      0.7656421592396424,
      1.0828474020012604,
      1.8984507849923276
    ],
    "obj_class": "pedestrian",
    "point_num_in_lidar": 143,
    "speed": 1.2636603199527647,
    "if_vehicle": false,
    "motion_state": true,
    "pose": [
      [
        0.7975187734819846,
        0.6030928928560052,
        0.015581031107281864,
        11.822566607688032
      ],
      [
        -0.6026577347466683,
        0.7975977062480631,
        -0.02532891110653443,
        -21.454623432467997
      ],
      [
        -0.027703080944280176,
        0.010810253207185695,
        0.9995577410694149,
        0.6874181303181608
      ],
      [
        0.0,
        0.0,
        0.0,
        1.0
      ]
    ],
    "location": [
      11.822566607688032,
      -21.454623432467997,
      0.6874181303181608
    ],
    "rotation": [
      0.010814614622871149,
      0.027706625672901636,
      -0.6471174283385341
    ]
  },
  {
    "label_id": "htlToNRsx41JQWk7O-9SuQ",
    "size": [
      0.6722732336158989,
      0.6100302540971272,
      1.6900000000000048
    ],
    "obj_class": "pedestrian",
    "point_num_in_lidar": 20,
    "speed": 0.04116938120819197,
    "if_vehicle": false,
    "motion_state": false,
    "pose": [
      [
        -0.3991930304129573,
        0.9167345067899177,
        0.015581031107281864,
        55.951442193399345
      ],
      [
        -0.9167091626532576,
        -0.3987514982664273,
        -0.02532891110653443,
        -50.22858724073558
      ],
      [
        -0.017006927332210056,
        -0.024394398761308597,
        0.9995577410694149,
        0.36968554965816125
      ],
      [
        0.0,
        0.0,
        0.0,
        1.0
      ]
    ],
    "location": [
      55.951442193399345,
      -50.22858724073558,
      0.36968554965816125
    ],
    "rotation": [
      -0.024400348553134138,
      0.017007747273675638,
      -1.9814958452546734
    ]
  },
  {
    "label_id": "jkjRLcw59twUELYWSONreA",
    "size": [
      2.451307599366508,
      5.635550788292107,
      2.1400000000000006
    ],
    "obj_class": "vehicle",
    "point_num_in_lidar": 2032,
    "speed": 9.698706495685215,
    "if_vehicle": true,
    "motion_state": true,
    "pose": [
      [
        0.7137869646631838,
        0.7001895461562911,
        0.015581031107281864,
        15.305772432466043
      ],
      [
        -0.6997680663219412,
        0.7139209337302057,
        -0.02532891110653443,
        -8.091644172280212
      ],
      [
        -0.028858663048907426,
        0.007176338567712171,
        0.9995577410694149,
        0.7305198739868288
      ],
      [
        0.0,
        0.0,
        0.0,
        1.0
      ]
    ],
    "location": [
      15.305772432466043,
      -8.091644172280212,
      0.7305198739868288
    ],
    "rotation": [
      0.007179390418597159,
      0.028862670241193756,
      -0.7754810123525538
    ]
  },
  {
    "label_id": "lhHFPkjsC18bVySvOy8gPg",
    "size": [
      2.966190924559121,
      11.160713238735097,
      4.1399999999999935
    ],
    "obj_class": "vehicle",
    "point_num_in_lidar": 149,
    "speed": 0.005072127292145492,
    "if_vehicle": true,
    "motion_state": false,
    "pose": [
      [
        0.7038905005693984,
        0.710137588554356,
        0.015581031107281864,
        60.77264169490183
      ],
      [
        -0.7097180302925601,
        0.7040303713191683,
        -0.02532891110653443,
        -53.409995660002096
      ],
      [
        -0.02895653096989716,
        0.006770641210269123,
        0.9995577410694149,
        1.591855423371893
      ],
      [
        0.0,
        0.0,
        0.0,
        1.0
      ]
    ],
    "location": [
      60.77264169490183,
      -53.409995660002096,
      1.591855423371893
    ],
    "rotation": [
      0.006773533318180259,
      0.028960579079492066,
      -0.7895205895034838
    ]
  },
  {
    "label_id": "plbgXUaVwrkY03GJ00eboA",
    "size": [
      0.8532039110385113,
      1.0775604866757238,
      1.7717746335030995
    ],
    "obj_class": "pedestrian",
    "point_num_in_lidar": 528,
    "speed": 1.2878119064608549,
    "if_vehicle": false,
    "motion_state": true,
    "pose": [
      [
        0.6285111858313621,
        0.7776444693781915,
        0.015581031107281864,
        0.25117934102216566
      ],
      [
        -0.777241196583482,
        0.6286927457793947,
        -0.02532891110653443,
        -9.381603346175325
      ],
      [
        -0.029492568866279538,
        0.003809284693556907,
        0.9995577410694149,
        1.0099943112864906
      ],
      [
        0.0,
        0.0,
        0.0,
        1.0
      ]
    ],
    "location": [
      0.25117934102216566,
      -9.381603346175325,
      1.0099943112864906
    ],
    "rotation": [
      0.0038109516797583997,
      0.02949684603714999,
      -0.8908070223066477
    ]
  },
  {
    "label_id": "q5T3DlAO2c9XHbOijTcVEA",
    "size": [
      0.9125408189916472,
      0.7909272363024653,
      1.7899999999999991
    ],
    "obj_class": "pedestrian",
    "point_num_in_lidar": 34,
    "speed": 0.9179555971225436,
    "if_vehicle": false,
    "motion_state": false,
    "pose": [
      [
        0.5208798636458619,
        0.8534877849845904,
        0.015581031107281864,
        15.453900169917347
      ],
      [
        -0.8531118655777369,
        0.521112839097859,
        -0.02532891110653443,
        -26.065506205643032
      ],
      [
        -0.029737391592775365,
        -9.90427520881679e-05,
        0.9995577410694149,
        0.49236413659740563
      ],
      [
        0.0,
        0.0,
        0.0,
        1.0
      ]
    ],
    "location": [
      15.453900169917347,
      -26.065506205643032,
      0.49236413659740563
    ],
    "rotation": [
      -9.908657368614284e-05,
      0.029741776195457002,
      -1.0226449655969059
    ]
  },
  {
    "label_id": "wd-dwWfxFi-2x2ASuoXg0g",
    "size": [
      1.992685203216046,
      4.23777338934755,
      1.7800000000000047
    ],
    "obj_class": "vehicle",
    "point_num_in_lidar": 439,
    "speed": 1.0524645699580486,
    "if_vehicle": true,
    "motion_state": true,
    "pose": [
      [
        -0.028164276391388854,
        0.9994818682722482,
        0.015581031107281864,
        20.15970934411716
      ],
      [
        -0.9992935505639421,
        -0.027764114671054642,
        -0.02532891110653443,
        -26.864225817418628
      ],
      [
        -0.02488319385970488,
        -0.01628339434974027,
        0.9995577410694149,
        0.3173069437171243
      ],
      [
        0.0,
        0.0,
        0.0,
        1.0
      ]
    ],
    "location": [
      20.15970934411716,
      -26.864225817418628,
      0.3173069437171243
    ],
    "rotation": [
      -0.01628915815603378,
      0.024885762410467565,
      -1.5989730547561367
    ]
  },
  {
    "label_id": "xJ9paU9ARQzf8h-g7JRgXw",
    "size": [
      0.7982479932802503,
      0.9690615119256042,
      1.7917746335031026
    ],
    "obj_class": "pedestrian",
    "point_num_in_lidar": 718,
    "speed": 1.3921086932304767,
    "if_vehicle": false,
    "motion_state": true,
    "pose": [
      [
        0.6656567949179658,
        0.7460953443422464,
        0.015581031107281864,
        -0.6165044251179808
      ],
      [
        -0.7456837037285484,
        0.6658184889711549,
        -0.02532891110653443,
        -8.037675845496778
      ],
      [
        -0.02927192124230692,
        0.005241840801950112,
        0.9995577410694149,
        1.0485892661807945
      ],
      [
        0.0,
        0.0,
        0.0,
        1.0
      ]
    ],
    "location": [
      -0.6165044251179808,
      -8.037675845496778,
      1.0485892661807945
    ],
    "rotation": [
      0.005244112005780365,
      0.029276103106666278,
      -0.8420402751793592
    ]
  },
  {
    "label_id": "xm7qMBcQiB6LNZ64hriwQw",
    "size": [
      0.8676867597650069,
      1.115154545921516,
      1.7500000000000036
    ],
    "obj_class": "pedestrian",
    "point_num_in_lidar": 733,
    "speed": 1.5704012304948793,
    "if_vehicle": false,
    "motion_state": true,
    "pose": [
      [
        0.6945198012634901,
        0.7193048568740215,
        0.015581031107281864,
        -4.274700199095875
      ],
      [
        -0.7188871684357863,
        0.6946651605777672,
        -0.02532891110653443,
        -4.265676707938837
      ],
      [
        -0.029042808254367693,
        0.006390426973907138,
        0.9995577410694149,
        1.1732651099344835
      ],
      [
        0.0,
        0.0,
        0.0,
        1.0
      ]
    ],
    "location": [
      -4.274700199095875,
      -4.265676707938837,
      1.1732651099344835
    ],
    "rotation": [
      0.006393167344591673,
      0.029046892665659303,
      -0.8026366190882024
    ]
  }
]