[
  {
    "label_id": "0OCxtJR_yEaJVNaM9OqfbQ",
    "size": [
      2.9152229121691215,
      7.801972595825992,
      3.8199999999999648
    ],
    "obj_class": "vehicle",
    "point_num_in_lidar": 389,
    "speed": 1.1368770508004532e-12,
    "if_vehicle": true,
    "motion_state": false,
    "pose": [
      [
        0.6970499200141752,
        0.7168532651496686,
        0.015582209486816061,
        40.21374885360996
      ],
      [
        -0.7165679632867314,
        0.6972171968688184,
        -0.020458112852671715,
        -45.256889121266795
      ],
      [
        -0.025529649416658726,
        0.0030946138121208163,
        0.9996692754936587,
        1.4944049263184738
      ],
      [
        0.0,
        0.0,
        0.0,
        1.0
      ]
    ],
    "location": [
      40.21374885360996,
      -45.256889121266795,
      1.4944049263184738
    ],
    "rotation": [
      0.003095627726930035,
      0.02553242344381879,
      -0.7992044425583036
    ]
  },
  {
    "label_id": "1ww6VUXNbH5HN8vA9BN37A",
    "size": [
      0.6456626533929825,
      1.047126442663309,
      1.6874087649240757
    ],
    "obj_class": "pedestrian",
    "point_num_in_lidar": 64,
    "speed": 1.5030647274184072,
    "if_vehicle": false,
    "motion_state": true,
    "pose": [
      [
        -0.8150461187390354,
        -0.5791865149292956,
        0.015582209486816061,
        10.786738328477199
      ],
      [
        0.5788756952934283,
        -0.8151591225135478,
        -0.020458112852671715,
        -21.683184128967696
      ],
      [
        0.024551043297264423,
        -0.007654143126406755,
        0.9996692754936587,
        0.5804652238287886
      ],
      [
        0.0,
        0.0,
        0.0,
        1.0
      ]
    ],
    "location": [
      10.786738328477199,
      -21.683184128967696,
      0.5804652238287886
    ],
    "rotation": [
      -0.007656525758477932,
      -0.02455351033862275,
      2.5240293854477565
    ]
  },
  {
    "label_id": "3x3ZXLKl-lWgN_FV9ytvUQ",
    "size": [
      2.0607104542587735,
      4.694385415658241,
      1.5400000000000027
    ],
    "obj_class": "vehicle",
    "point_num_in_lidar": 21,
    "speed": 1.407538202347747e-29,
    "if_vehicle": true,
    "motion_state": false,
    "pose": [
      [
        0.7067081154218596,
        -0.7073336089458727,
        0.015582209486816061,
        19.846270161639822
      ],
      [
        0.7074967465640205,
        0.7064204266722711,
        -0.020458112852671715,
        -39.83779277337271
      ],
      [
        0.003463119722128912,
        0.025482276895400734,
        0.9996692754936587,
        0.31625774779227456
      ],
      [
        0.0,
        0.0,
        0.0,
        1.0
      ]
    ],
    "location": [
      19.846270161639822,
      -39.83779277337271,
      0.31625774779227456
    ],
    "rotation": [
      0.02548518836384916,
      -0.0034631266444798132,
      0.7859558131988397
    ]
  },
  {
    "label_id": "C8em1kIenRlg8YGuTTTf7g",
    "size": [
      0.7852210358361071,
      1.2072036134509911,
      1.970000000000006
    ],
    "obj_class": "pedestrian",
    "point_num_in_lidar": 25,
    "speed": 1.1975407771901296,
    "if_vehicle": false,
    "motion_state": true,
    "pose": [
      [
        0.8640584405206796,
        0.503150281836829,
        0.015582209486816061,
        30.07466967293503
      ],
      [
        -0.5028305208034441,
        0.8641428892070133,
        -0.020458112852671715,
        -37.86209258232884
      ],
      [
        -0.02375876077383759,
        0.009841794575951503,
        0.9996692754936587,
        0.5634930606180291
      ],
      [
        0.0,
        0.0,
        0.0,
        1.0
      ]
    ],
    "location": [
      30.07466967293503,
      -37.86209258232884,
      0.5634930606180291
    ],
    "rotation": [
      0.009844732516695435,
      0.02376099656092792,
      -0.5270345367534389
    ]
  },
  {
    "label_id": "DSEksbujIeGRz3HqBPbwVg",
    "size": [
      0.8839765964370215,
      1.0330480932421415,
      1.722988291912845
    ],
    "obj_class": "pedestrian",
    "point_num_in_lidar": 347,
    "speed": 1.4902221041786605,
    "if_vehicle": false,
    "motion_state": true,
    "pose": [
      [
        0.6362730666270263,
        0.7713065405093806,
        0.015582209486816061,
        -7.682976204122042
      ],
      [
        -0.771035829301145,
        0.6364630512075332,
        -0.020458112852671715,
        -0.5557593334979174
      ],
      [
        -0.02569697684427864,
        0.0010025043881598233,
        0.9996692754936587,
        1.3084851407388882
      ],
      [
        0.0,
        0.0,
        0.0,
        1.0
      ]
    ],
    "location": [
      -7.682976204122042,
      -0.5557593334979174,
      1.3084851407388882
    ],
    "rotation": [
      0.001002835714440373,
      0.02569980578554953,
      -0.880866256976873
    ]
  },
  {
    "label_id": "Em1g7-nMbotXR-DrtWI2ig",
    "size": [
      1.7290692349587409,
      3.5947345219723577,
      1.3300000000000054
    ],
    "obj_class": "vehicle",
    "point_num_in_lidar": 33,
    "speed": 5.21589028886388,
    "if_vehicle": true,
    "motion_state": true,
    "pose": [
      [
        0.7012093791099797,
        0.7127851018334388,
        0.015582209486816061,
        50.344871902906135
      ],
      [
        -0.7124988314420353,
        0.7013749930046277,
        -0.020458112852671715,
        -47.22216539695728
      ],
      [
        -0.02551121012282385,
        0.00324311456054239,
        0.9996692754936587,
        0.28477505184402574
      ],
      [
        0.0,
        0.0,
        0.0,
        1.0
      ]
    ],
    "location": [
      50.344871902906135,
      -47.22216539695728,
      0.28477505184402574
    ],
    "rotation": [
      0.0032441761114978497,
      0.02551397814236358,
      -0.7933836955429434
    ]
  },
  {
    "label_id": "FI9gXqHphltRJYHwCug7Ng",
    "size": [
      1.8594440137334296,
      4.194035097474454,
      1.5400000000000027
    ],
    "obj_class": "vehicle",
    "point_num_in_lidar": 142,
    "speed": 10.617154457402576,
    "if_vehicle": true,
    "motion_state": true,
    "pose": [
      [
        0.6675880080321407,
        0.7443678165256661,
        0.015582209486816061,
        31.458676100921423
      ],
      [
        -0.7440894892422742,
        0.6677666490756176,
        -0.020458112852671715,
        -30.208696420015258
      ],
      [
        -0.02563364060858437,
        0.0020630325091007613,
        0.9996692754936587,
        0.41799665049273216
      ],
      [
        0.0,
        0.0,
        0.0,
        1.0
      ]
    ],
    "location": [
      31.458676100921423,
      -30.208696420015258,
      0.41799665049273216
    ],
    "rotation": [
      0.0020637121005106346,
      0.025636448679488617,
      -0.8395371038900583
    ]
  },
  {
    "label_id": "FOuEhSC7GaZqHmKIVxwddg",
    "size": [
      0.6545339595707687,
      0.8882722148410453,
      1.6553390050083507
    ],
    "obj_class": "pedestrian",
    "point_num_in_lidar": 780,
    "speed": 1.7056907039298574,
    "if_vehicle": false,
    "motion_state": true,
    "pose": [
      [
        -0.6243787942817883,
        -0.7809662707177112,
        0.015582209486816061,
        -3.8470376256750143
      ],
      [
        0.780698502634875,
        -0.6245729049535943,
        -0.020458112852671715,
        -2.579879137369062
      ],
      [
        0.02570932194524927,
        -0.00060860422213168,
        0.9996692754936587,
        1.1056603843077966
      ],
      [
        0.0,
        0.0,
        0.0,
        1.0
      ]
    ],
    "location": [
      -3.8470376256750143,
      -2.579879137369062,
      1.1056603843077966
    ],
    "rotation": [
      -0.0006088054938362243,
      -0.025712154966449047,
      2.2453966600443356
    ]
  },
  {
    "label_id": "FiBHFnlgGD3tCo4uGN8GOA",
    "size": [
      0.7792066223405191,
      0.8530859308161094,
      1.6800000000000033
    ],
    "obj_class": "pedestrian",
    "point_num_in_lidar": 21,
    "speed": 1.4287330962660836,
    "if_vehicle": false,
    "motion_state": true,
    "pose": [
      [
        0.6685034762618801,
        0.7435457598381494,
        0.015582209486816061,
        38.13126022201973
      ],
      [
        -0.7432672129407021,
        0.668681774677513,
        -0.020458112852671715,
        -49.611017400717174
      ],
      [
        -0.025631082558935345,
        0.0020945741430449466,
        0.9996692754936587,
        0.582704677779116
      ],
      [
        0.0,
        0.0,
        0.0,
        1.0
      ]
    ],
    "location": [
      38.13126022201973,
      -49.611017400717174,
      0.582704677779116
    ],
    "rotation": [
      0.0020952640330551536,
      0.025633889789082997,
      -0.838306162743259
    ]
  },
  {
    "label_id": "G8ZifmyoUj0ZKarCYDaXdw",
    "size": [
      0.919111521975604,
      1.1134257866036492,
      1.944807819718985
    ],
    "obj_class": "pedestrian",
    "point_num_in_lidar": 167,
    "speed": 1.445029691829284,
    "if_vehicle": false,
    "motion_state": true,
    "pose": [
      [
        0.7487865097899215,
        0.6626280687566267,
        0.015582209486816061,
        7.37410865010672
      ],
      [
        -0.662331038760231,
        0.7489319466502284,
        -0.020458112852671715,
        -17.385601917738313
      ],
      [
        -0.025226134294043794,
        0.004998177924257979,
        0.9996692754936587,
        0.8451278631116601
      ],
      [
        0.0,
        0.0,
        0.0,
        1.0
      ]
    ],
    "location": [
      7.37410865010672,
      -17.385601917738313,
      0.8451278631116601
    ],
    "rotation": [
      0.0049997898292304475,
      0.025228810535255677,
      -0.7242072736804496
    ]
  },
  {
    "label_id": "JbaK1eVynVrY5IGp30MGEQ",
    "size": [
      0.7579103994419694,
      1.0900382483025783,
      1.8400000000000034
    ],
    "obj_class": "pedestrian",
    "point_num_in_lidar": 24,
    "speed": 1.4409051145663465,
    "if_vehicle": false,
    "motion_state": true,
    "pose": [
      [
        0.7263900958190928,
        0.6871059768648781,
        0.015582209486816061,
        25.51553377990085
      ],
      [
        -0.6868139355874331,
        0.7265453072599181,
        -0.020458112852671715,
        -34.3586655500967
      ],
      [
        -0.0253780727958341,
        0.004158491932542044,
        0.9996692754936587,
        0.546842175319938
      ],
      [
        0.0,
        0.0,
        0.0,
        1.0
      ]
    ],
    "location": [
      25.51553377990085,
      -34.3586655500967,
      0.546842175319938
    ],
    "rotation": [
      0.004159843708174348,
      0.025380797695801368,
      -0.7574009186419559
    ]
  },
  {
    "label_id": "MSs5ysIlfn6HWkrilVdHNQ",
    "size": [
      2.791971653913281,
      6.598391175076888,
      3.4099999999999753
    ],
    "obj_class": "vehicle",
    "point_num_in_lidar": 339,
    "speed": 2.842257677890751e-13,
    "if_vehicle": true,
    "motion_state": false,
    "pose": [
      [
        0.7271582781948375,
        0.6862929645568491,
        0.015582209486816061,
        46.404583135475505
      ],
      [
        -0.6860007498335509,
        0.7273131628441173,
        -0.020458112852671715,
        -38.241047547966446
      ],
      [
        -0.025373404984854447,
        0.004186878725045151,
        0.9996692754936587,
        1.0361733952921135
      ],
      [
        0.0,
        0.0,
        0.0,
        1.0
      ]
    ],
    "location": [
      46.404583135475505,
      -38.241047547966446,
      1.0361733952921135
    ],
    "rotation": [
      0.004188239397256293,
      0.02537612838122813,
      -0.7562819094086345
    ]
  },
  {
    "label_id": "O8ilGM7P1-uAp4PIMof2xA",
    "size": [
      0.7819962013971622,
      0.8654287857100659,
      1.7400000000000055
    ],
    "obj_class": "pedestrian",
    "point_num_in_lidar": 53,
    "speed": 1.4669970852035719,
    "if_vehicle": false,
    "motion_state": true,
    "pose": [
      [
        0.6608521693752808,
        0.7503543196247319,
        0.015582209486816061,
        39.7132493187201
      ],
      [
        -0.7500776136742839,
        0.6610333116289973,
        -0.020458112852671715,
        -23.52247543116391
      ],
      [
        -0.025651192889939268,
        0.0018319217523686355,
        0.9996692754936587,
        0.372625425134526
      ],
      [
        0.0,
        0.0,
        0.0,
        1.0
      ]
    ],
    "location": [
      39.7132493187201,
      -23.52247543116391,
      0.372625425134526
    ],
    "rotation": [
      0.0018325257629233892,
      0.025654006734297897,
      -0.8485528208910998
    ]
  },
  {
    "label_id": "OLCvkJUNK6eYbjQ3PM1B4w",
    "size": [
      1.0141263494884045,
      1.1026134838928923,
      1.7699999999999996
    ],
    "obj_class": "pedestrian",
    "point_num_in_lidar": 480,
    "speed": 1.8813003514074613,
    "if_vehicle": false,
    "motion_state": true,
    "pose": [
      [
        0.7279955403174232,
        0.6854047621846906,
        0.015582209486816061,
        -0.06707705328041413
      ],
      [
        -0.6851123586010295,
        0.7281500681251372,
        -0.020458112852671715,
        -7.313159492505292
      ],
      [
        -0.02536827487389829,
        0.004217850626327676,
        0.9996692754936587,
        1.0715913035158238
      ],
      [
        0.0,
        0.0,
        0.0,
        1.0
      ]
    ],
    "location": [
      -0.06707705328041413,
      -7.313159492505292,
      1.0715913035158238
    ],
    "rotation": [
      0.004219220997598811,
      0.025370996618400792,
      -0.7550607595932939
    ]
  },
  {
    "label_id": "RGdvnrG8Aw3PXBTuM0u24A",
    "size": [
      0.7713029576001176,
      1.0039475245408434,
      1.6799999999999997
    ],
    "obj_class": "pedestrian",
    "point_num_in_lidar": 35,
    "speed": 1.2013295424316417,
    "if_vehicle": false,
    "motion_state": true,
    "pose": [
      [
        -0.5948704492317547,
        -0.8036705440529219,
        0.015582209486816061,
        13.096595285958827
      ],
      [
        0.8034101883740474,
        -0.5950743943703889,
        -0.020458112852671715,
        -23.937137351587808
      ],
      [
        0.02571415655992235,
        0.000348979075984005,
        0.9996692754936587,
        0.5398126840264901
      ],
      [
        0.0,
        0.0,
        0.0,
        1.0
      ]
    ],
    "location": [
      13.096595285958827,
      -23.937137351587808,
      0.5398126840264901
    ],
    "rotation": [
      0.0003490945159191066,
      -0.025716991179981174,
      2.2081456089743523
    ]
  },
  {
    "label_id": "S-Uacus7IJgPhKK_6OF4Hw",
    "size": [
      0.7690052986373307,
      0.8370641295136979,
      1.6207908815255863
    ],
    "obj_class": "pedestrian",
    "point_num_in_lidar": 22,
    "speed": 1.4739200617080135,
    "if_vehicle": false,
    "motion_state": true,
    "pose": [
      [
        0.6911358964716265,
        0.7225568263852125,
        0.015582209486816061,
        53.95159802825026
      ],
      [
        -0.7222729086933135,
        0.6913055120467415,
        -0.020458112852671715,
        -41.924423059312176
      ],
      [
        -0.025554216404759973,
        0.002884728396637788,
        0.9996692754936587,
        0.45546747085877826
      ],
      [
        0.0,
        0.0,
        0.0,
        1.0
      ]
    ],
    "location": [
      53.95159802825026,
      -41.924423059312176,
      0.45546747085877826
    ],
    "rotation": [
      0.002885674752832767,
      0.025556998449476623,
      -0.8074243291823826
    ]
  },
  {
    "label_id": "TUgaysJsmRIFmjy8Ssx5VQ",
    "size": [
      0.7719195621623498,
      0.94966798220545,
      1.7562431769673594
    ],
    "obj_class": "pedestrian",
    "point_num_in_lidar": 62,
    "speed": 1.2865009019590383,
    "if_vehicle": false,
    "motion_state": true,
    "pose": [
      [
        0.6165119122867857,
        0.7871913723841235,
        0.015582209486816061,
        13.0888502150151
      ],
      [
        -0.7869255652962311,
        0.6167086997130125,
        -0.020458112852671715,
        -22.74636585859298
      ],
      [
        -0.025714134084154024,
        0.00035063126760248126,
        0.9996692754936587,
        0.5943612893009131
      ],
      [
        0.0,
        0.0,
        0.0,
        1.0
      ]
    ],
    "location": [
      13.0888502150151,
      -22.74636585859298,
      0.5943612893009131
    ],
    "rotation": [
      0.0003507472539362453,
      0.02571696869677848,
      -0.9062325058701652
    ]
  },
  {
    "label_id": "Wpqa9KCQJuuTRKatLAsU9w",
    "size": [
      0.7462867831465171,
      1.0096800683498657,
      1.7500000000000036
    ],
    "obj_class": "pedestrian",
    "point_num_in_lidar": 26,
    "speed": 1.2403407152145103,
    "if_vehicle": false,
    "motion_state": true,
    "pose": [
      [
        -0.6944835715928597,
        0.7193398108926924,
        0.015582209486816061,
        44.702950385419484
      ],
      [
        -0.719497994759859,
        -0.6941931295792615,
        -0.020458112852671715,
        -27.016525894692677
      ],
      [
        -0.0038992722612497303,
        -0.02541919176166545,
        0.9996692754936587,
        0.4095841398646485
      ],
      [
        0.0,
        0.0,
        0.0,
        1.0
      ]
    ],
    "location": [
      44.702950385419484,
      -27.016525894692677,
      0.4095841398646485
    ],
    "rotation": [
      -0.025422123236264096,
      0.003899282142283915,
      -2.3385055650185778
    ]
  },
  {
    "label_id": "_CuXoK6hvB75S9LCO7CUjQ",
    "size": [
      0.9248528456291142,
      0.9846531429257308,
      1.8000000000000007
    ],
    "obj_class": "pedestrian",
    "point_num_in_lidar": 50,
    "speed": 4.645015965487175e-28,
    "if_vehicle": false,
    "motion_state": false,
    "pose": [
      [
        0.9375530753011231,
        0.3474930585506933,
        0.015582209486816061,
        16.18670586696257
      ],
      [
        -0.3471635516071039,
        0.9375814279592195,
        -0.020458112852671715,
        -22.726735557534994
      ],
      [
        -0.021718642428758844,
        0.013770991432550828,
        0.9996692754936587,
        0.3768429872578025
      ],
      [
        0.0,
        0.0,
        0.0,
        1.0
      ]
    ],
    "location": [
      16.18670586696257,
      -22.726735557534994,
      0.3768429872578025
    ],
    "rotation": [
      0.013774676067363783,
      0.02172035023649625,
      -0.354632182570446
    ]
  },
  {
    "label_id": "_HXRJqr7AwgvGu22LM6Eqg",
    "size": [
      0.4089635300633919,
      0.09352152301424937,
      0.5970501474926238
    ],
    "obj_class": "sign",
    "point_num_in_lidar": 28,
    "speed": 0.010226137966223781,
    "if_vehicle": false,
    "motion_state": false,
    "pose": [
      [
        -0.9873581390920979,
        -0.15773743980456414,
        0.015582209486816061,
        9.34508395084913
      ],
      [
        0.157408739241445,
        -0.9873216063820979,
        -0.020458112852671715,
        3.9638753407998593
      ],
      [
        0.018611662446118886,
        -0.017746708285634277,
        0.9996692754936587,
        2.7994479806408563
      ],
      [
        0.0,
        0.0,
        0.0,
        1.0
      ]
    ],
    "location": [
      9.34508395084913,
      3.9638753407998593,
      2.7994479806408563
    ],
    "rotation": [
      -0.01775071491867749,
      -0.018612737108277853,
      2.9834989109159356
    ]
  },
  {
    "label_id": "dWGM_6Sr_Eaoh5yFictcbQ",
    "size": [
      1.0000000000004974,
      1.0,
      1.9100000000000001
    ],
    "obj_class": "pedestrian",
    "point_num_in_lidar": 28,
    "speed": 8.526512829121202e-13,
    "if_vehicle": false,
    "motion_state": false,
    "pose": [
      [
        0.7679854575950933,
        -0.6402776988697672,
        0.015582209486816061,
        17.457751845372243
      ],
      [
        0.6404662723199187,
        0.7677137615277814,
        -0.020458112852671715,
        -24.22137348002252
      ],
      [
        0.0011361967624892158,
        0.025691412785220302,
        0.9996692754936587,
        0.44648286452644825
      ],
      [
        0.0,
        0.0,
        0.0,
        1.0
      ]
    ],
    "location": [
      17.457751845372243,
      -24.22137348002252,
      0.44648286452644825
    ],
    "rotation": [
      0.02569425647747602,
      -0.0011361970069502497,
      0.6951057865811974
    ]
  },
  {
    "label_id": "fQ2n6--00V_n1eOOacR5TA",
    "size": [
      0.7618255677036563,
      0.9345899953471253,
      1.850000000000005
    ],
    "obj_class": "pedestrian",
    "point_num_in_lidar": 159,
    "speed": 1.369678395755905,
    "if_vehicle": false,
    "motion_state": true,
    "pose": [
      [
        0.76237718143356,
        0.6469453052437507,
        0.015582209486816061,
        8.932263630461449
      ],
      [
        -0.6466453208772401,
        0.7625164225156587,
        -0.020458112852671715,
        -19.002346709372432
      ],
      [
        -0.025116970696959343,
        0.005520635560491003,
        0.9996692754936587,
        0.8160542280873209
      ],
      [
        0.0,
        0.0,
        0.0,
        1.0
      ]
    ],
    "location": [
      8.932263630461449,
      -19.002346709372432,
      0.8160542280873209
    ],
    "rotation": [
      0.005522405834441616,
      0.025119612338261335,
      -0.7034458509082815
    ]
  },
  {
    "label_id": "hGZX2N3Zly2psnSENmTj-A",
    "size": [
      2.1384752959999807,
      4.888177290087686,
      1.5899999999999999
    ],
    "obj_class": "vehicle",
    "point_num_in_lidar": 35,
    "speed": 1.4210924103971636e-12,
    "if_vehicle": true,
    "motion_state": false,
    "pose": [
      [
        0.7057312354932682,
        -0.7083082789270886,
        0.015582209486816061,
        23.555243985278196
      ],
      [
        0.7084710193442127,
        0.7054433218678021,
        -0.020458112852671715,
        -41.49317214707844
      ],
      [
        0.00349828508235255,
        0.02547747309813636,
        0.9996692754936587,
        0.180781202633586
      ],
      [
        0.0,
        0.0,
        0.0,
        1.0
      ]
    ],
    "location": [
      23.555243985278196,
      -41.49317214707844,
      0.180781202633586
    ],
    "rotation": [
      0.025480386097135915,
      -0.0034982922177264533,
      0.7873354962038883
    ]
  },
  {
    "label_id": "hgO3zRhEBlBJHykxs4_HqQ",
    "size": [
      0.7656421592405901,
      1.0828474020012604,
      1.8984507849923276
    ],
    "obj_class": "pedestrian",
    "point_num_in_lidar": 76,
    "speed": 1.2934822280235514,
    "if_vehicle": false,
    "motion_state": true,
    "pose": [
      [
        0.8301378333348641,
        0.5573404457004772,
        0.015582209486816061,
        11.108773069184636
      ],
      [
        -0.5570267350767489,
        0.8302425440967505,
        -0.020458112852671715,
        -20.914856364539446
      ],
      [
        -0.024339146982481404,
        0.008303346201913938,
        0.9996692754936587,
        0.7402911034942434
      ],
      [
        0.0,
        0.0,
        0.0,
        1.0
      ]
    ],
    "location": [
      11.108773069184636,
      -20.914856364539446,
      0.7402911034942434
    ],
    "rotation": [
      0.008305902222666322,
      0.024341550684389545,
      -0.5910001358566823
    ]
  },
  {
    "label_id": "ht8gtxcrZA6mDs1xt8AdvA",
    "size": [
      2.3898176620661737,
      5.415910525913205,
      2.289999999999999
    ],
    "obj_class": "vehicle",
    "point_num_in_lidar": 13879,
    "speed": 0.097864467182107,
    "if_vehicle": true,
    "motion_state": false,
    "pose": [
      [
        0.6833375144350184,
        0.7299363233277818,
        0.015582209486816061,
        -4.367389675938298
      ],
      [
        -0.7296542432707082,
        0.6835101688311284,
        -0.020458112852671715,
        1.9689983344997017
      ],
      [
        -0.025583718314999688,
        0.002610170715187371,
        0.9996692754936587,
        1.3161931489617018
      ],
      [
        0.0,
        0.0,
        0.0,
        1.0
      ]
    ],
    "location": [
      -4.367389675938298,
      1.9689983344997017,
      1.3161931489617018
    ],
    "rotation": [
      0.002611028314649224,
      0.02558651000821139,
      -0.8181656233206737
    ]
  },
  {
    "label_id": "jkjRLcw59twUELYWSONreA",
    "size": [
      2.4513075993683238,
      5.635550788292107,
      2.1400000000000006
    ],
    "obj_class": "vehicle",
    "point_num_in_lidar": 2744,
    "speed": 10.876167978177415,
    "if_vehicle": true,
    "motion_state": true,
    "pose": [
      [
        0.7058019417755359,
        0.708237822862767,
        0.015582209486816061,
        10.148014301629203
      ],
      [
        -0.707950487977205,
        0.7059657018519702,
        -0.020458112852671715,
        -2.973862709242894
      ],
      [
        -0.025489714763421538,
        0.003407942966524281,
        0.9996692754936587,
        0.9055133703951022
      ],
      [
        0.0,
        0.0,
        0.0,
        1.0
      ]
    ],
    "location": [
      10.148014301629203,
      -2.973862709242894,
      0.9055133703951022
    ],
    "rotation": [
      0.003409057223283825,
      0.02549247579061826,
      -0.7869179093602762
    ]
  },
  {
    "label_id": "owqq0SyyUzEtwrdnEtGJFw",
    "size": [
      0.7649237108886247,
      0.7620373890771113,
      1.5899971513714917
    ],
    "obj_class": "pedestrian",
    "point_num_in_lidar": 39,
    "speed": 1.1693348701272512,
    "if_vehicle": false,
    "motion_state": true,
    "pose": [
      [
        0.7082037064705763,
        0.7058361742563546,
        0.015582209486816061,
        13.944185709553551
      ],
      [
        -0.7055482847464857,
        0.708366489544642,
        -0.020458112852671715,
        -23.393121486125892
      ],
      [
        -0.02547799114195967,
        0.0034945101736719533,
        0.9996692754936587,
        0.43113317308795374
      ],
      [
        0.0,
        0.0,
        0.0,
        1.0
      ]
    ],
    "location": [
      13.944185709553551,
      -23.393121486125892,
      0.43113317308795374
    ],
    "rotation": [
      0.0034956520376356126,
      0.025480748360484376,
      -0.783519885865126
    ]
  },
  {
    "label_id": "plbgXUaVwrkY03GJ00eboA",
    "size": [
      0.8532039110409146,
      1.0775604866757238,
      1.7717746335030995
    ],
    "obj_class": "pedestrian",
    "point_num_in_lidar": 396,
    "speed": 1.2734726653782733,
    "if_vehicle": false,
    "motion_state": true,
    "pose": [
      [
        0.6362956096916997,
        0.7712879435298967,
        0.015582209486816061,
        -0.33578350873719387
      ],
      [
        -0.7710172267690086,
        0.6364855863599226,
        -0.020458112852671715,
        -8.710345487030281
      ],
      [
        -0.025696947532638986,
        0.0010032554452736916,
        0.9996692754936587,
        1.0393505283142979
      ],
      [
        0.0,
        0.0,
        0.0,
        1.0
      ]
    ],
    "location": [
      -0.33578350873719387,
      -8.710345487030281,
      1.0393505283142979
    ],
    "rotation": [
      0.0010035870192732729,
      0.025699776464227345,
      -0.880837019869882
    ]
  },
  {
    "label_id": "q5T3DlAO2c9XHbOijTcVEA",
    "size": [
      0.9125408189905877,
      0.7909272363024653,
      1.7899999999999991
    ],
    "obj_class": "pedestrian",
    "point_num_in_lidar": 20,
    "speed": 1.0251699256828823,
    "if_vehicle": false,
    "motion_state": true,
    "pose": [
      [
        0.5173067075755928,
        0.8556582057368521,
        0.015582209486816061,
        15.12364565503033
      ],
      [
        -0.8554180102077876,
        0.5175340505035941,
        -0.020458112852671715,
        -25.477205721435894
      ],
      [
        -0.025569476127786563,
        -0.0027461836308275834,
        0.9996692754936587,
        0.5344720037412287
      ],
      [
        0.0,
        0.0,
        0.0,
        1.0
      ]
    ],
    "location": [
      15.12364565503033,
      -25.477205721435894,
      0.5344720037412287
    ],
    "rotation": [
      -0.0027470852512334848,
      0.025572263160360258,
      -1.0268977752222372
    ]
  },
  {
    "label_id": "wd-dwWfxFi-2x2ASuoXg0g",
    "size": [
      1.9926852032156124,
      4.23777338934755,
      1.7800000000000047
    ],
    "obj_class": "vehicle",
    "point_num_in_lidar": 368,
    "speed": 0.5851369089269225,
    "if_vehicle": true,
    "motion_state": false,
    "pose": [
      [
        0.08491533566508166,
        0.9962663200753078,
        0.015582209486816061,
        20.235861328906438
      ],
      [
        -0.9961516317053738,
        0.0852255376587836,
        -0.020458112852671715,
        -26.432420445818934
      ],
      [
        -0.021709730988842307,
        -0.013785035885908037,
        0.9996692754936587,
        0.3653079441288831
      ],
      [
        0.0,
        0.0,
        0.0,
        1.0
      ]
    ],
    "location": [
      20.235861328906438,
      -26.432420445818934,
      0.3653079441288831
    ],
    "rotation": [
      -0.013788722498852211,
      0.021711436694938184,
      -1.4857585194723557
    ]
  },
  {
    "label_id": "xJ9paU9ARQzf8h-g7JRgXw",
    "size": [
      0.7982479932839468,
      0.9690615119256042,
      1.7917746335031026
    ],
    "obj_class": "pedestrian",
    "point_num_in_lidar": 485,
    "speed": 1.4034386175717646,
    "if_vehicle": false,
    "motion_state": true,
    "pose": [
      [
        0.6573175726477772,
        0.753452588711422,
        0.015582209486816061,
        -1.2858762286723646
      ],
      [
        -0.7531767373388991,
        0.6575000136502193,
        -0.020458112852671715,
        -7.288191952467969
      ],
      [
        -0.025659521039278054,
        0.0017113193794611036,
        0.9996692754936587,
        1.1045823282223246
      ],
      [
        0.0,
        0.0,
        0.0,
        1.0
      ]
    ],
    "location": [
      -1.2858762286723646,
      -7.288191952467969,
      1.1045823282223246
    ],
    "rotation": [
      0.001711883869708227,
      0.02566233762577331,
      -0.8532552177908018
    ]
  },
  {
    "label_id": "xm7qMBcQiB6LNZ64hriwQw",
    "size": [
      0.8676867597632643,
      1.115154545921516,
      1.7500000000000036
    ],
    "obj_class": "pedestrian",
    "point_num_in_lidar": 723,
    "speed": 1.5723450404135157,
    "if_vehicle": false,
    "motion_state": true,
    "pose": [
      [
        0.6863398023228747,
        0.7271140697957277,
        0.015582209486816061,
        -5.034667378569338
      ],
      [
        -0.7268312806197615,
        0.6865112927921468,
        -0.020458112852671715,
        -3.472529916851272
      ],
      [
        -0.02557274447599857,
        0.002715579855013852,
        0.9996692754936587,
        1.2189075988776068
      ],
      [
        0.0,
        0.0,
        0.0,
        1.0
      ]
    ],
    "location": [
      -5.034667378569338,
      -3.472529916851272,
      1.2189075988776068
    ],
    "rotation": [
      0.002716471579114121,
      0.025575532577653094,
      -0.8140432462257212
    ]
  }
]