[
  {
    "label_id": "-uTPfKXIgY9cKLiXpL_89A",
    "size": [
      0.8174924217817916,
      1.9316812577917217,
      1.360000000000003
    ],
    "obj_class": "vehicle",
    "point_num_in_lidar": 20,
    "speed": 1.9895246164748953e-12,
    "if_vehicle": true,
    "motion_state": false,
    "pose": [
      [
        0.674175988064391,
        0.7385209093203492,
        0.008579254865458831,
        -3.629642532505997
      ],
      [
        -0.7383355313955541,
        0.6742089515896562,
        -0.01740496122435644,
        39.52622172284464
      ],
      [
        -0.018638138218358594,
        0.005399638230586479,
        0.9998117141295816,
        1.1069659305195323
      ],
      [
        0.0,
        0.0,
        0.0,
        1.0
      ]
    ],
    "location": [
      -3.629642532505997,
      39.52622172284464,
      1.1069659305195323
    ],
    "rotation": [
      0.00540060259144627,
      0.018639217473762813,
      -0.8307892788801954
    ]
  },
  {
    "label_id": "1Ex56PnGkmAkOr9am5NbuQ",
    "size": [
      0.7521412013690144,
      0.43465010458303877,
      1.730000000000004
    ],
    "obj_class": "pedestrian",
    "point_num_in_lidar": 22,
    "speed": 0.0027986240328984873,
    "if_vehicle": false,
    "motion_state": false,
    "pose": [
      [
        0.6886744733371606,
        -0.7250199074230568,
        0.008579254865458831,
        6.738683088993724
      ],
      [
        0.7250395959263486,
        0.6884872196807547,
        -0.01740496122435644,
        53.512906017087516
      ],
      [
        0.006712236046332462,
        0.018206651985638804,
        0.9998117141295816,
        1.2446298906362472
      ],
      [
        0.0,
        0.0,
        0.0,
        1.0
      ]
    ],
    "location": [
      6.738683088993724,
      53.512906017087516,
      1.2446298906362472
    ],
    "rotation": [
      0.01820806822328117,
      -0.00671228644966096,
      0.8111156022278865
    ]
  },
  {
    "label_id": "1fd0PqFbGbbN4LQN6Px6qA",
    "size": [
      0.9189055287263067,
      1.9032200443400407,
      1.3200000000000038
    ],
    "obj_class": "vehicle",
    "point_num_in_lidar": 28,
    "speed": 0.027132572355823354,
    "if_vehicle": true,
    "motion_state": false,
    "pose": [
      [
        0.6741759880633595,
        0.7385209093212908,
        0.008579254865458831,
        -1.369148738201261
      ],
      [
        -0.7383355313964957,
        0.6742089515886249,
        -0.01740496122435644,
        41.88933212041593
      ],
      [
        -0.018638138218366133,
        0.005399638230560447,
        0.9998117141295816,
        1.1641923026949819
      ],
      [
        0.0,
        0.0,
        0.0,
        1.0
      ]
    ],
    "location": [
      -1.369148738201261,
      41.88933212041593,
      1.1641923026949819
    ],
    "rotation": [
      0.005400602591420233,
      0.018639217473770352,
      -0.8307892788815923
    ]
  },
  {
    "label_id": "4m2y8ODeB-Fy9AbjcaxrzQ",
    "size": [
      0.7213843164290809,
      0.5489752568419344,
      1.6500000000000057
    ],
    "obj_class": "pedestrian",
    "point_num_in_lidar": 43,
    "speed": 0.3167834772362031,
    "if_vehicle": false,
    "motion_state": false,
    "pose": [
      [
        0.688674473336017,
        -0.7250199074241431,
        0.008579254865458831,
        7.189836792358449
      ],
      [
        0.7250395959274346,
        0.688487219679611,
        -0.01740496122435644,
        50.84278558895312
      ],
      [
        0.006712236046361181,
        0.018206651985628215,
        0.9998117141295816,
        1.183243235322088
      ],
      [
        0.0,
        0.0,
        0.0,
        1.0
      ]
    ],
    "location": [
      7.189836792358449,
      50.84278558895312,
      1.183243235322088
    ],
    "rotation": [
      0.018208068223270583,
      -0.00671228644968968,
      0.8111156022294637
    ]
  },
  {
    "label_id": "7jc3Af57sBpvlPL9mBChxg",
    "size": [
      0.7280243212197384,
      0.9942925016849594,
      1.9500000000000028
    ],
    "obj_class": "pedestrian",
    "point_num_in_lidar": 257,
    "speed": 1.367949539677917,
    "if_vehicle": false,
    "motion_state": true,
    "pose": [
      [
        0.6582676637084404,
        0.7527350658111956,
        0.008579254865458831,
        -15.850226162931534
      ],
      [
        -0.7525504332861445,
        0.6583045744073293,
        -0.01740496122435644,
        8.278034165392455
      ],
      [
        -0.018749087355595138,
        0.005000801195819805,
        0.9998117141295816,
        1.6994251014613155
      ],
      [
        0.0,
        0.0,
        0.0,
        1.0
      ]
    ],
    "location": [
      -15.850226162931534,
      8.278034165392455,
      1.6994251014613155
    ],
    "rotation": [
      0.005001701243715772,
      0.01875018600179089,
      -0.8521273808701799
    ]
  },
  {
    "label_id": "ASIWHtJxLI8SmFDDscZ3Jw",
    "size": [
      0.7255227199531028,
      0.7017928548600996,
      1.6500000000000057
    ],
    "obj_class": "pedestrian",
    "point_num_in_lidar": 122,
    "speed": 0.04285489019688296,
    "if_vehicle": false,
    "motion_state": false,
    "pose": [
      [
        0.7885675352624302,
        -0.614888314018155,
        0.008579254865458831,
        -35.115714798869135
      ],
      [
        0.6149355508803976,
        0.7883852710370738,
        -0.01740496122435644,
        -4.5372303639342135
      ],
      [
        0.003938349090395,
        0.019000676190863184,
        0.9998117141295816,
        1.8908770916020856
      ],
      [
        0.0,
        0.0,
        0.0,
        1.0
      ]
    ],
    "location": [
      -35.115714798869135,
      -4.5372303639342135,
      1.8908770916020856
    ],
    "rotation": [
      0.01900196704957146,
      -0.003938359271488067,
      0.6623102832506554
    ]
  },
  {
    "label_id": "Aje3qDuW8U5ge6fAjUoWgw",
    "size": [
      2.109006365623355,
      4.329946398773513,
      2.110000000000003
    ],
    "obj_class": "vehicle",
    "point_num_in_lidar": 46,
    "speed": 5.68473218546349e-13,
    "if_vehicle": true,
    "motion_state": false,
    "pose": [
      [
        0.7145928835736419,
        -0.6994879606768517,
        0.008579254865458831,
        24.61562378509808
      ],
      [
        0.6995144479202587,
        0.7144064700684017,
        -0.01740496122435644,
        59.28610542578099
      ],
      [
        0.006045485648235162,
        0.018438774160578923,
        0.9998117141295816,
        1.2846298635029605
      ],
      [
        0.0,
        0.0,
        0.0,
        1.0
      ]
    ],
    "location": [
      24.61562378509808,
      59.28610542578099,
      1.2846298635029605
    ],
    "rotation": [
      0.018440156164402297,
      -0.006045522473805005,
      0.7747357024226127
    ]
  },
  {
    "label_id": "BUMkYhAQav9kbH1CraE_oA",
    "size": [
      0.8226167862754203,
      0.7142499262422745,
      1.0400000000000027
    ],
    "obj_class": "pedestrian",
    "point_num_in_lidar": 202,
    "speed": 8.881784197001252e-15,
    "if_vehicle": false,
    "motion_state": false,
    "pose": [
      [
        -0.7332944224996645,
        -0.6798571072783139,
        0.008579254865458831,
        -13.763413627620707
      ],
      [
        0.6796696292370112,
        -0.7333118452729386,
        -0.01740496122435644,
        9.388177313796405
      ],
      [
        0.018124155806738644,
        -0.006931902016107281,
        0.9998117141295816,
        1.17319042097267
      ],
      [
        0.0,
        0.0,
        0.0,
        1.0
      ]
    ],
    "location": [
      -13.763413627620707,
      9.388177313796405,
      1.17319042097267
    ],
    "rotation": [
      -0.00693309635268173,
      -0.018125148205731977,
      2.3941282714572454
    ]
  },
  {
    "label_id": "CE8NHyciagbegqHwuqO5sg",
    "size": [
      0.6594368629918482,
      0.9203849492443361,
      1.730000000000004
    ],
    "obj_class": "pedestrian",
    "point_num_in_lidar": 156,
    "speed": 1.354035418466058,
    "if_vehicle": false,
    "motion_state": true,
    "pose": [
      [
        0.6922342153483346,
        0.7216219145002657,
        0.008579254865458831,
        -15.370405074609977
      ],
      [
        -0.7214357780511369,
        0.6922625841922481,
        -0.01740496122435644,
        8.753224170253816
      ],
      [
        -0.018498898584129432,
        0.0058589282673492775,
        0.9998117141295816,
        1.6478992096683776
      ],
      [
        0.0,
        0.0,
        0.0,
        1.0
      ]
    ],
    "location": [
      -15.370405074609977,
      8.753224170253816,
      1.6478992096683776
    ],
    "rotation": [
      0.005859964552115716,
      0.018499953829003823,
      -0.8060517887336596
    ]
  },
  {
    "label_id": "CZcGqQ20NmNqecxkK7ptmQ",
    "size": [
      2.4573120010877827,
      5.849908988471798,
      2.3199999999999967
    ],
    "obj_class": "vehicle",
    "point_num_in_lidar": 274,
    "speed": 1.1369030711563004e-12,
    "if_vehicle": true,
    "motion_state": false,
    "pose": [
      [
        0.7138734406010088,
        -0.7002221841604502,
        0.008579254865458831,
        19.87939893663534
      ],
      [
        0.7002484797589712,
        0.7136869999656911,
        -0.01740496122435644,
        54.42914978729095
      ],
      [
        0.006064437296876438,
        0.018432549729760783,
        0.9998117141295816,
        1.2623198960561126
      ],
      [
        0.0,
        0.0,
        0.0,
        1.0
      ]
    ],
    "location": [
      19.87939893663534,
      54.42914978729095,
      1.2623198960561126
    ],
    "rotation": [
      0.018433932677386976,
      -0.00606447446986408,
      0.775763534968715
    ]
  },
  {
    "label_id": "DSEksbujIeGRz3HqBPbwVg",
    "size": [
      0.8839765964371192,
      1.0330480932421415,
      1.722988291912845
    ],
    "obj_class": "pedestrian",
    "point_num_in_lidar": 72,
    "speed": 1.519133684328102,
    "if_vehicle": false,
    "motion_state": true,
    "pose": [
      [
        0.7081180802077943,
        0.7060419115525517,
        0.008579254865458831,
        -10.959244640829269
      ],
      [
        -0.7058551900061625,
        0.7081423007179721,
        -0.01740496122435644,
        2.9473639388397714
      ],
      [
        -0.018363965372214533,
        0.006269056155112645,
        0.9998117141295816,
        1.5125187616281686
      ],
      [
        0.0,
        0.0,
        0.0,
        1.0
      ]
    ],
    "location": [
      -10.959244640829269,
      2.9473639388397714,
      1.5125187616281686
    ],
    "rotation": [
      0.006270154580766854,
      0.01836499769154593,
      -0.7837977878335008
    ]
  },
  {
    "label_id": "FI9gXqHphltRJYHwCug7Ng",
    "size": [
      1.8594440137345354,
      4.194035097474454,
      1.5400000000000027
    ],
    "obj_class": "vehicle",
    "point_num_in_lidar": 180,
    "speed": 11.141208316455018,
    "if_vehicle": true,
    "motion_state": true,
    "pose": [
      [
        0.6560174030549296,
        0.7546970009712635,
        0.008579254865458831,
        8.865936539203432
      ],
      [
        -0.7545124794677501,
        0.6560548648186418,
        -0.01740496122435644,
        -3.9048191184465395
      ],
      [
        -0.018763933929046205,
        0.004944802602150959,
        0.9998117141295816,
        0.7468601409743876
      ],
      [
        0.0,
        0.0,
        0.0,
        1.0
      ]
    ],
    "location": [
      8.865936539203432,
      -3.9048191184465395,
      0.7468601409743876
    ],
    "rotation": [
      0.0049456934898559355,
      0.018765035187493312,
      -0.8551134220013693
    ]
  },
  {
    "label_id": "FsPhdjOhk_23dwZ2MZCsQg",
    "size": [
      0.518358140941078,
      0.07665135533136874,
      0.6511454701418664
    ],
    "obj_class": "sign",
    "point_num_in_lidar": 22,
    "speed": 0.017346381001708187,
    "if_vehicle": false,
    "motion_state": false,
    "pose": [
      [
        -0.7330697947461507,
        0.6800993107015988,
        0.008579254865458831,
        12.149915440832771
      ],
      [
        -0.6801307808478,
        -0.7328841574683822,
        -0.01740496122435644,
        44.20772723793925
      ],
      [
        -0.005549502157694556,
        -0.018594066663040493,
        0.9998117141295816,
        3.3034506071441854
      ],
      [
        0.0,
        0.0,
        0.0,
        1.0
      ]
    ],
    "location": [
      12.149915440832771,
      44.20772723793925,
      3.3034506071441854
    ],
    "rotation": [
      -0.018595424656372643,
      0.005549530642735115,
      -2.3936373506765265
    ]
  },
  {
    "label_id": "G8ZifmyoUj0ZKarCYDaXdw",
    "size": [
      0.9191115219767709,
      1.1134257866036492,
      1.944807819718985
    ],
    "obj_class": "pedestrian",
    "point_num_in_lidar": 24,
    "speed": 1.510888577017049,
    "if_vehicle": false,
    "motion_state": true,
    "pose": [
      [
        0.6899361453774344,
        0.7238193916217506,
        0.008579254865458831,
        4.081734417401435
      ],
      [
        -0.7236333463191769,
        0.6899651059435461,
        -0.01740496122435644,
        -13.940541611902518
      ],
      [
        -0.018517434936776822,
        0.00580007695035914,
        0.9998117141295816,
        1.0711189559708174
      ],
      [
        0.0,
        0.0,
        0.0,
        1.0
      ]
    ],
    "location": [
      4.081734417401435,
      -13.940541611902518,
      1.0711189559708174
    ],
    "rotation": [
      0.005801104153196677,
      0.018518493357301904,
      -0.8092320253331965
    ]
  },
  {
    "label_id": "Gxb3szLz2edkKhzGitihFQ",
    "size": [
      0.7924105156441945,
      0.6564014847899169,
      1.9400000000000048
    ],
    "obj_class": "pedestrian",
    "point_num_in_lidar": 49,
    "speed": 0.3464524414815206,
    "if_vehicle": false,
    "motion_state": false,
    "pose": [
      [
        0.8385021571982646,
        -0.5448307340448133,
        0.008579254865458831,
        -48.53477016588448
      ],
      [
        0.5448934627262134,
        0.8383246278161075,
        -0.01740496122435644,
        -18.884457231188208
      ],
      [
        0.0022905571578623286,
        0.019268877423825603,
        0.9998117141295816,
        2.3644390863619584
      ],
      [
        0.0,
        0.0,
        0.0,
        1.0
      ]
    ],
    "location": [
      -48.53477016588448,
      -18.884457231188208,
      2.3644390863619584
    ],
    "rotation": [
      0.019270120570312688,
      -0.0022905591608264756,
      0.5762637580631139
    ]
  },
  {
    "label_id": "LDZl_OylGCEtdiXgk0rXkA",
    "size": [
      2.378616055847009,
      5.705548678272812,
      1.7500000000000036
    ],
    "obj_class": "vehicle",
    "point_num_in_lidar": 67,
    "speed": 3.378093024127423e-28,
    "if_vehicle": true,
    "motion_state": false,
    "pose": [
      [
        0.6892670314505661,
        -0.7244565934141795,
        0.008579254865458831,
        25.739884154745553
      ],
      [
        0.7244764350125857,
        0.6890797939543962,
        -0.01740496122435644,
        68.61951929333736
      ],
      [
        0.00669734774213053,
        0.01821213393561637,
        0.9998117141295816,
        1.069170842518588
      ],
      [
        0.0,
        0.0,
        0.0,
        1.0
      ]
    ],
    "location": [
      25.739884154745553,
      68.61951929333736,
      1.069170842518588
    ],
    "rotation": [
      0.018213549387486885,
      -0.0066973978108014484,
      0.8102981027459293
    ]
  },
  {
    "label_id": "Lmi47GNctaz-G0dgHu1ljg",
    "size": [
      0.846203370034552,
      1.8775675754308794,
      1.3800000000000026
    ],
    "obj_class": "vehicle",
    "point_num_in_lidar": 92,
    "speed": 3.694824894756905e-12,
    "if_vehicle": true,
    "motion_state": false,
    "pose": [
      [
        0.6741759880629978,
        0.738520909321621,
        0.008579254865458831,
        -6.0213578685737446
      ],
      [
        -0.7383355313968258,
        0.6742089515882633,
        -0.01740496122435644,
        37.406862613652265
      ],
      [
        -0.018638138218368776,
        0.005399638230551318,
        0.9998117141295816,
        1.1369659305195512
      ],
      [
        0.0,
        0.0,
        0.0,
        1.0
      ]
    ],
    "location": [
      -6.0213578685737446,
      37.406862613652265,
      1.1369659305195512
    ],
    "rotation": [
      0.005400602591411103,
      0.018639217473773,
      -0.8307892788820821
    ]
  },
  {
    "label_id": "MkMk0BRoGiEhNi02cTArlw",
    "size": [
      0.8712246608115918,
      2.0200455946918043,
      1.1300000000000026
    ],
    "obj_class": "vehicle",
    "point_num_in_lidar": 36,
    "speed": 5.68473218546349e-13,
    "if_vehicle": true,
    "motion_state": false,
    "pose": [
      [
        0.684621407060795,
        0.7288483555445884,
        0.008579254865458831,
        -2.281756952687246
      ],
      [
        -0.7286625271302684,
        0.68465172816616,
        -0.01740496122435644,
        41.149254396059405
      ],
      [
        -0.018559379036703846,
        0.005664427512097601,
        0.9998117141295816,
        1.0536190522040982
      ],
      [
        0.0,
        0.0,
        0.0,
        1.0
      ]
    ],
    "location": [
      -2.281756952687246,
      41.149254396059405,
      1.0536190522040982
    ],
    "rotation": [
      0.005665433629099169,
      0.018560444666607855,
      -0.8165503412394719
    ]
  },
  {
    "label_id": "O8ilGM7P1-uAp4PIMof2xA",
    "size": [
      0.7819962013980949,
      0.8654287857100659,
      1.7400000000000055
    ],
    "obj_class": "pedestrian",
    "point_num_in_lidar": 25,
    "speed": 1.5343770737639875,
    "if_vehicle": false,
    "motion_state": true,
    "pose": [
      [
        0.7002576343677342,
        0.7138386665736578,
        0.008579254865458831,
        36.531760627324076
      ],
      [
        -0.7136522246327263,
        0.7002839207075507,
        -0.01740496122435644,
        -20.06996298874037
      ],
      [
        -0.01843224854609366,
        0.0060653526528041506,
        0.9998117141295816,
        0.48540746107038757
      ],
      [
        0.0,
        0.0,
        0.0,
        1.0
      ]
    ],
    "location": [
      36.531760627324076,
      -20.06996298874037,
      0.48540746107038757
    ],
    "rotation": [
      0.0060664204692744104,
      0.01843329242497038,
      -0.7948713200469879
    ]
  },
  {
    "label_id": "OLCvkJUNK6eYbjQ3PM1B4w",
    "size": [
      1.0141263494881028,
      1.1026134838928923,
      1.7699999999999996
    ],
    "obj_class": "pedestrian",
    "point_num_in_lidar": 59,
    "speed": 1.6373361459095406,
    "if_vehicle": false,
    "motion_state": true,
    "pose": [
      [
        0.6391840309487301,
        0.7690059628937127,
        0.008579254865458831,
        -3.8663973458808414
      ],
      [
        -0.7688223140564182,
        0.6392255601379788,
        -0.01740496122435644,
        -3.1756048918941815
      ],
      [
        -0.01886859796240336,
        0.004529050695348652,
        0.9998117141295816,
        1.212778129914252
      ],
      [
        0.0,
        0.0,
        0.0,
        1.0
      ]
    ],
    "location": [
      -3.8663973458808414,
      -3.1756048918941815,
      1.212778129914252
    ],
    "rotation": [
      0.004529872627993584,
      0.018869717754067795,
      -0.8772115336252528
    ]
  },
  {
    "label_id": "OaI1V4Pl84GO8A8SQj1_Eg",
    "size": [
      2.183157637803147,
      4.6159077582461405,
      1.5400000000000027
    ],
    "obj_class": "vehicle",
    "point_num_in_lidar": 168,
    "speed": 1.4211132268247708e-12,
    "if_vehicle": true,
    "motion_state": false,
    "pose": [
      [
        0.7373390792688886,
        -0.6754683401676654,
        0.008579254865458831,
        -42.10397007792321
      ],
      [
        0.6755009789864236,
        0.7371536438987206,
        -0.01740496122435644,
        -7.313505892549074
      ],
      [
        0.005432271282889817,
        0.018628653144469168,
        0.9998117141295816,
        1.7249475721346847
      ],
      [
        0.0,
        0.0,
        0.0,
        1.0
      ]
    ],
    "location": [
      -42.10397007792321,
      -7.313505892549074,
      1.7249475721346847
    ],
    "rotation": [
      0.018630005668393144,
      -0.0054322980005773935,
      0.7416574316645592
    ]
  },
  {
    "label_id": "V2LikFvNhViYA90wsd05cg",
    "size": [
      1.0138103015300945,
      0.13240155450344712,
      0.896812763549697
    ],
    "obj_class": "sign",
    "point_num_in_lidar": 55,
    "speed": 0.014485014323753117,
    "if_vehicle": false,
    "motion_state": false,
    "pose": [
      [
        -0.6785298907767874,
        -0.7345226910779507,
        0.008579254865458831,
        3.091433457673702
      ],
      [
        0.7343371215320291,
        -0.678561757885627,
        -0.01740496122435644,
        -8.409750187742247
      ],
      [
        0.01860589321947624,
        -0.0055097211157461,
        0.9998117141295816,
        3.3805603261507287
      ],
      [
        0.0,
        0.0,
        0.0,
        1.0
      ]
    ],
    "location": [
      3.091433457673702,
      -8.409750187742247,
      3.3805603261507287
    ],
    "rotation": [
      -0.00551070293034215,
      -0.01860696688247272,
      2.3167157324220016
    ]
  },
  {
    "label_id": "VceceKYf-sBWe2z2yzYRVw",
    "size": [
      0.7928177116079709,
      0.8884006652584333,
      1.7400000000000055
    ],
    "obj_class": "pedestrian",
    "point_num_in_lidar": 80,
    "speed": 1.3736272511267584,
    "if_vehicle": false,
    "motion_state": true,
    "pose": [
      [
        0.7063452027978973,
        0.707815548621497,
        0.008579254865458831,
        -13.743796405849338
      ],
      [
        -0.7076288884038091,
        0.7063698915024395,
        -0.01740496122435644,
        7.1550098420284485
      ],
      [
        -0.018379629506239666,
        0.006222982281929985,
        0.9998117141295816,
        1.5805020057074977
      ],
      [
        0.0,
        0.0,
        0.0,
        1.0
      ]
    ],
    "location": [
      -13.743796405849338,
      7.1550098420284485,
      1.5805020057074977
    ],
    "rotation": [
      0.006224073829313617,
      0.01838066446974289,
      -0.7863060196737598
    ]
  },
  {
    "label_id": "WO56tb9SlZLXxanokDHwIg",
    "size": [
      0.8995177469390747,
      1.444058921715738,
      1.1045811488007296
    ],
    "obj_class": "pedestrian",
    "point_num_in_lidar": 700,
    "speed": 0.6103517980706946,
    "if_vehicle": false,
    "motion_state": false,
    "pose": [
      [
        0.7424836095172375,
        0.66980929075686,
        0.008579254865458831,
        -22.20370467152432
      ],
      [
        -0.6696215928615532,
        0.7424984779097764,
        -0.01740496122435644,
        14.316161714677946
      ],
      [
        -0.018028088412540062,
        0.007178044124793953,
        0.9998117141295816,
        1.2024140774071483
      ],
      [
        0.0,
        0.0,
        0.0,
        1.0
      ]
    ],
    "location": [
      -22.20370467152432,
      14.316161714677946,
      1.2024140774071483
    ],
    "rotation": [
      0.007179272556478046,
      0.018029065112821638,
      -0.7338457310658993
    ]
  },
  {
    "label_id": "Y6iHXd_i6dspYOce5QeyfA",
    "size": [
      0.918874914628598,
      2.1442802861827612,
      1.3000000000000043
    ],
    "obj_class": "vehicle",
    "point_num_in_lidar": 64,
    "speed": 0.01621118858055517,
    "if_vehicle": true,
    "motion_state": false,
    "pose": [
      [
        0.66595579152402,
        0.745941874492624,
        0.008579254865458831,
        -5.101084147812173
      ],
      [
        -0.7457568729953903,
        0.6659908060213113,
        -0.01740496122435644,
        38.05877382422841
      ],
      [
        -0.018696794264077065,
        0.005192896447516102,
        0.9998117141295816,
        1.0906611409477875
      ],
      [
        0.0,
        0.0,
        0.0,
        1.0
      ]
    ],
    "location": [
      -5.101084147812173,
      38.05877382422841,
      1.0906611409477875
    ],
    "rotation": [
      0.005193827677539006,
      0.01869788374222367,
      -0.8418659187227474
    ]
  },
  {
    "label_id": "YMUkt-yL0dNzntBaHUKdBw",
    "size": [
      0.6596941796518286,
      0.9460306979443135,
      1.6900000000000048
    ],
    "obj_class": "pedestrian",
    "point_num_in_lidar": 181,
    "speed": 1.5067933964034492,
    "if_vehicle": false,
    "motion_state": true,
    "pose": [
      [
        -0.7373605314728645,
        0.6754449222638423,
        0.008579254865458831,
        -36.35614534102697
      ],
      [
        -0.6754775669719294,
        -0.7371750971393846,
        -0.01740496122435644,
        10.958832307704142
      ],
      [
        -0.005431679642362474,
        -0.018628825661608284,
        0.9998117141295816,
        1.7676787126506959
      ],
      [
        0.0,
        0.0,
        0.0,
        1.0
      ]
    ],
    "location": [
      -36.35614534102697,
      10.958832307704142,
      1.7676787126506959
    ],
    "rotation": [
      -0.018630178158139266,
      0.005431706351321278,
      -2.3999669764401976
    ]
  },
  {
    "label_id": "_03Ak0scDFYq2KnSk0TZUA",
    "size": [
      0.7157742226662794,
      0.5965131406086464,
      1.6700000000000053
    ],
    "obj_class": "pedestrian",
    "point_num_in_lidar": 31,
    "speed": 1.2304108738595645,
    "if_vehicle": false,
    "motion_state": true,
    "pose": [
      [
        0.7168504867689103,
        -0.6971741360701282,
        0.008579254865458831,
        25.771703454859875
      ],
      [
        0.6972012258214263,
        0.7166641598670043,
        -0.01740496122435644,
        56.868007712351755
      ],
      [
        0.005985844324485822,
        0.018458221934706257,
        0.9998117141295816,
        1.0566180792725461
      ],
      [
        0.0,
        0.0,
        0.0,
        1.0
      ]
    ],
    "location": [
      25.771703454859875,
      56.868007712351755,
      1.0566180792725461
    ],
    "rotation": [
      0.018459600980480453,
      -0.005985880070860704,
      0.7715033417151339
    ]
  },
  {
    "label_id": "chVwdJQJKmoJK7KNXQpLvg",
    "size": [
      0.6472630351055969,
      0.10527709334891468,
      0.5970501474926238
    ],
    "obj_class": "sign",
    "point_num_in_lidar": 28,
    "speed": 0.005615347137620329,
    "if_vehicle": false,
    "motion_state": false,
    "pose": [
      [
        -0.9874416871545016,
        -0.15775078717846303,
        0.008579254865458831,
        9.306805049006016
      ],
      [
        0.15758523740626168,
        -0.9873519941117204,
        -0.01740496122435644,
        3.950946574068439
      ],
      [
        0.011216390733356311,
        -0.015834420361495048,
        0.9998117141295816,
        3.5099711150546398
      ],
      [
        0.0,
        0.0,
        0.0,
        1.0
      ]
    ],
    "location": [
      9.306805049006016,
      3.950946574068439,
      3.5099711150546398
    ],
    "rotation": [
      -0.01583607838991147,
      -0.011216625930870541,
      2.983337757161346
    ]
  },
  {
    "label_id": "de92Xadub7g4by1rwCWl-g",
    "size": [
      2.445563210300367,
      5.893766671715216,
      2.0400000000000027
    ],
    "obj_class": "vehicle",
    "point_num_in_lidar": 1160,
    "speed": 0.008053990820990713,
    "if_vehicle": true,
    "motion_state": false,
    "pose": [
      [
        0.6830155483019908,
        0.7303534467391005,
        0.008579254865458831,
        -8.8177044211686
      ],
      [
        -0.730167685511868,
        0.6830462783435838,
        -0.01740496122435644,
        6.811449021934095
      ],
      [
        -0.01857180152738186,
        0.005623564465300198,
        0.9998117141295816,
        1.408530342664232
      ],
      [
        0.0,
        0.0,
        0.0,
        1.0
      ]
    ],
    "location": [
      -8.8177044211686,
      6.811449021934095,
      1.408530342664232
    ],
    "rotation": [
      0.005624564189297943,
      0.018572869298738692,
      -0.8187516945323199
    ]
  },
  {
    "label_id": "eMbjSopveNs3m1uFnXkKKw",
    "size": [
      2.3607731232760556,
      5.4302539376947845,
      2.1700000000000017
    ],
    "obj_class": "vehicle",
    "point_num_in_lidar": 802,
    "speed": 0.023022910212702707,
    "if_vehicle": true,
    "motion_state": false,
    "pose": [
      [
        0.7252598404883862,
        -0.6884217894290636,
        0.008579254865458831,
        2.604347415088853
      ],
      [
        0.6884511387836757,
        0.725073856122422,
        -0.01740496122435644,
        37.288863756792125
      ],
      [
        0.00576136114305964,
        0.018529517183323824,
        0.9998117141295816,
        1.3976001636118198
      ],
      [
        0.0,
        0.0,
        0.0,
        1.0
      ]
    ],
    "location": [
      2.604347415088853,
      37.288863756792125,
      1.3976001636118198
    ],
    "rotation": [
      0.01853088526542001,
      -0.0057613930166168035,
      0.7593671090898851
    ]
  },
  {
    "label_id": "fjvasMYK-MO90dOJRoURMA",
    "size": [
      2.237729762021651,
      4.552612928654558,
      2.739999999999988
    ],
    "obj_class": "vehicle",
    "point_num_in_lidar": 187,
    "speed": 6.661338147750939e-15,
    "if_vehicle": true,
    "motion_state": false,
    "pose": [
      [
        0.6690734948096875,
        -0.7431467250342321,
        0.008579254865458831,
        8.34121043063817
      ],
      [
        0.7431614074952752,
        0.6688857822785742,
        -0.01740496122435644,
        49.68245773236595
      ],
      [
        0.007195898331178592,
        0.018020969354482334,
        0.9998117141295816,
        1.7433205603222177
      ],
      [
        0.0,
        0.0,
        0.0,
        1.0
      ]
    ],
    "location": [
      8.34121043063817,
      49.68245773236595,
      1.7433205603222177
    ],
    "rotation": [
      0.01802241156343557,
      -0.007195960434370994,
      0.8378115800313944
    ]
  },
  {
    "label_id": "gImmFr-jYt_Pm2Gnq9VDyQ",
    "size": [
      0.7983317900361231,
      0.8085833985328845,
      1.8000000000000043
    ],
    "obj_class": "pedestrian",
    "point_num_in_lidar": 57,
    "speed": 0.9515391415646339,
    "if_vehicle": false,
    "motion_state": false,
    "pose": [
      [
        -0.97466769416508,
        -0.22349336083400628,
        0.008579254865458831,
        -1.8542316386087094
      ],
      [
        0.22332217857359646,
        -0.9745892836892478,
        -0.01740496122435644,
        43.41558283586346
      ],
      [
        0.012251143133132,
        -0.015048115536483728,
        0.9998117141295816,
        1.4629528243682373
      ],
      [
        0.0,
        0.0,
        0.0,
        1.0
      ]
    ],
    "location": [
      -1.8542316386087094,
      43.41558283586346,
      1.4629528243682373
    ],
    "rotation": [
      -0.015049813069441658,
      -0.012251449617215488,
      2.9163540555623757
    ]
  },
  {
    "label_id": "h1MQcORcKbbVlpISVYmbVg",
    "size": [
      0.8244535462908249,
      1.0348702526007014,
      1.8090579967917257
    ],
    "obj_class": "pedestrian",
    "point_num_in_lidar": 113,
    "speed": 1.6578449137586737,
    "if_vehicle": false,
    "motion_state": true,
    "pose": [
      [
        0.7130508325878232,
        0.701059845185677,
        0.008579254865458831,
        -15.094937401207801
      ],
      [
        -0.7008729584152699,
        0.7130737433723149,
        -0.01740496122435644,
        9.52264537343035
      ],
      [
        -0.018319560803667912,
        0.00639765435363341,
        0.9998117141295816,
        1.5977104056224931
      ],
      [
        0.0,
        0.0,
        0.0,
        1.0
      ]
    ],
    "location": [
      -15.094937401207801,
      9.52264537343035,
      1.5977104056224931
    ],
    "rotation": [
      0.006398771835933925,
      0.01832058565181197,
      -0.7767855541872901
    ]
  },
  {
    "label_id": "hL272mOwg-R7scPt3Sy37g",
    "size": [
      0.904216142253081,
      1.0433843738620148,
      1.8200000000000038
    ],
    "obj_class": "pedestrian",
    "point_num_in_lidar": 552,
    "speed": 1.3685040144972318,
    "if_vehicle": false,
    "motion_state": true,
    "pose": [
      [
        0.6879158935114021,
        0.7257397052940969,
        0.008579254865458831,
        -20.497026271164316
      ],
      [
        -0.7255537414388507,
        0.6879453725470244,
        -0.01740496122435644,
        13.942460370359186
      ],
      [
        -0.018533530114213576,
        0.005748438985793351,
        0.9998117141295816,
        1.5508125045491212
      ],
      [
        0.0,
        0.0,
        0.0,
        1.0
      ]
    ],
    "location": [
      -20.497026271164316,
      13.942460370359186,
      1.5508125045491212
    ],
    "rotation": [
      0.005749458186743562,
      0.01853459129733009,
      -0.8120198573338349
    ]
  },
  {
    "label_id": "hnUo4hyZCFm1C_pXJddkUQ",
    "size": [
      0.8103802593154389,
      0.9244852452441166,
      1.610000000000003
    ],
    "obj_class": "cyclist",
    "point_num_in_lidar": 134,
    "speed": 1.3476793372653117,
    "if_vehicle": false,
    "motion_state": true,
    "pose": [
      [
        0.711630193109806,
        0.7025018609515947,
        0.008579254865458831,
        -15.637624479520412
      ],
      [
        -0.7023150209431649,
        0.7116534821683796,
        -0.01740496122435644,
        6.471972269657272
      ],
      [
        -0.01833247424931454,
        0.0063605563566459895,
        0.9998117141295816,
        1.542738171380094
      ],
      [
        0.0,
        0.0,
        0.0,
        1.0
      ]
    ],
    "location": [
      -15.637624479520412,
      6.471972269657272,
      1.542738171380094
    ],
    "rotation": [
      0.006361668363026476,
      0.018333501266449666,
      -0.7788101872087397
    ]
  },
  {
    "label_id": "ht8gtxcrZA6mDs1xt8AdvA",
    "size": [
      2.389817662066173,
      5.415910525913205,
      2.289999999999999
    ],
    "obj_class": "vehicle",
    "point_num_in_lidar": 347,
    "speed": 0.027022506045527424,
    "if_vehicle": true,
    "motion_state": false,
    "pose": [
      [
        0.6833953369423401,
        0.7299980889231278,
        0.008579254865458831,
        -4.414250117692617
      ],
      [
        -0.72981231173731,
        0.6834259703592058,
        -0.01740496122435644,
        2.1036803075130592
      ],
      [
        -0.018568874012946483,
        0.0056332235140433605,
        0.9998117141295816,
        1.4082860684956948
      ],
      [
        0.0,
        0.0,
        0.0,
        1.0
      ]
    ],
    "location": [
      -4.414250117692617,
      2.1036803075130592,
      1.4082860684956948
    ],
    "rotation": [
      0.005634224750895466,
      0.018569941279385143,
      -0.818231479902986
    ]
  },
  {
    "label_id": "jkjRLcw59twUELYWSONreA",
    "size": [
      2.4513075993674525,
      5.635550788292107,
      2.1400000000000006
    ],
    "obj_class": "vehicle",
    "point_num_in_lidar": 8729,
    "speed": 12.217851532414619,
    "if_vehicle": true,
    "motion_state": true,
    "pose": [
      [
        0.6671884066423102,
        0.7448395977846832,
        0.008579254865458831,
        -16.956269127284145
      ],
      [
        -0.7446545386387269,
        0.6672231151642779,
        -0.01740496122435644,
        24.79875692460155
      ],
      [
        -0.018688181474927387,
        0.0052238072732472655,
        0.9998117141295816,
        1.7575045228416002
      ],
      [
        0.0,
        0.0,
        0.0,
        1.0
      ]
    ],
    "location": [
      -16.956269127284145,
      24.79875692460155,
      1.7575045228416002
    ],
    "rotation": [
      0.0052247434854686475,
      0.01868926944798607,
      -0.8402120029304779
    ]
  },
  {
    "label_id": "jpdan6ZX1CcL1uvSroCzGw",
    "size": [
      0.7285713640456551,
      0.7819619514576233,
      1.730000000000004
    ],
    "obj_class": "pedestrian",
    "point_num_in_lidar": 99,
    "speed": 1.3655498168843758,
    "if_vehicle": false,
    "motion_state": true,
    "pose": [
      [
        -0.7821470224748373,
        0.623034855862575,
        0.008579254865458831,
        -43.23224455769039
      ],
      [
        -0.6230801996004453,
        -0.7819642780783836,
        -0.01740496122435644,
        4.272812655002781
      ],
      [
        -0.004135226670391646,
        -0.01895880243191357,
        0.9998117141295816,
        1.94822738849739
      ],
      [
        0.0,
        0.0,
        0.0,
        1.0
      ]
    ],
    "location": [
      -43.23224455769039,
      4.272812655002781,
      1.94822738849739
    ],
    "rotation": [
      -0.018960100492198026,
      0.0041352384559470035,
      -2.4689112081809497
    ]
  },
  {
    "label_id": "k5PvjnQUptYKNAP4pDhEaQ",
    "size": [
      0.6609661905050983,
      0.8237320810298993,
      2.010000000000005
    ],
    "obj_class": "pedestrian",
    "point_num_in_lidar": 117,
    "speed": 0.04309555363452931,
    "if_vehicle": false,
    "motion_state": false,
    "pose": [
      [
        -0.0010554087052835437,
        -0.9999626405513449,
        0.008579254865458831,
        -34.48690618011105
      ],
      [
        0.9998477965311892,
        -0.001204614670424869,
        -0.01740496122435644,
        -4.514583028478228
      ],
      [
        0.017414645680873482,
        0.00855957972551719,
        0.9998117141295816,
        2.0508770916020396
      ],
      [
        0.0,
        0.0,
        0.0,
        1.0
      ]
    ],
    "location": [
      -34.48690618011105,
      -4.514583028478228,
      2.0508770916020396
    ],
    "rotation": [
      0.008560982524805633,
      -0.01741552602395028,
      1.5718518957694518
    ]
  },
  {
    "label_id": "ltn2TuIUyW2DzgSlVNmmVg",
    "size": [
      0.9436101312371189,
      0.9136637610396123,
      1.7699999999999996
    ],
    "obj_class": "pedestrian",
    "point_num_in_lidar": 130,
    "speed": 1.4715640228655327,
    "if_vehicle": false,
    "motion_state": true,
    "pose": [
      [
        -0.7197819373098737,
        -0.6941472171725523,
        0.008579254865458831,
        -10.927687920782347
      ],
      [
        0.6939601180429775,
        -0.7198030438186236,
        -0.01740496122435644,
        31.402280067944957
      ],
      [
        0.018256979164736207,
        -0.00657411598971591,
        0.9998117141295816,
        1.3524702814070082
      ],
      [
        0.0,
        0.0,
        0.0,
        1.0
      ]
    ],
    "location": [
      -10.927687920782347,
      31.402280067944957,
      1.3524702814070082
    ],
    "rotation": [
      -0.006575259276006243,
      -0.018257993544690963,
      2.3744573326319105
    ]
  },
  {
    "label_id": "m7x9-XiJdlajnYpy60MCEw",
    "size": [
      0.8517753885076295,
      1.1485901314350553,
      1.970000000000006
    ],
    "obj_class": "pedestrian",
    "point_num_in_lidar": 808,
    "speed": 1.6780561066628856,
    "if_vehicle": false,
    "motion_state": true,
    "pose": [
      [
        0.7248124351757167,
        0.688892829256192,
        0.008579254865458831,
        -19.817811155993695
      ],
      [
        -0.6887055815387612,
        0.7248321800818002,
        -0.01740496122435644,
        14.600148302200978
      ],
      [
        -0.018208672988549137,
        0.006706751617879643,
        0.9998117141295816,
        1.5683249900449567
      ],
      [
        0.0,
        0.0,
