[
  {
    "label_id": "0OCxtJR_yEaJVNaM9OqfbQ",
    "size": [
      2.915222912169122,
      7.801972595825992,
      3.8199999999999648
    ],
    "obj_class": "vehicle",
    "point_num_in_lidar": 442,
    "speed": 1.1368770508004532e-12,
    "if_vehicle": true,
    "motion_state": false,
    "pose": [
      [
        0.6970567833246396,
        0.716860323448321,
        0.014937117749916065,
        40.21374885361145
      ],
      [
        -0.7165230627289,
        0.697198754522954,
        -0.02255210121559826,
        -45.256889121268614
      ],
      [
        -0.026580846463257233,
        0.005017305772044545,
        0.9996340756717363,
        1.4724292849850968
      ],
      [
        0.0,
        0.0,
        0.0,
        1.0
      ]
    ],
    "location": [
      40.21374885361145,
      -45.256889121268614,
      1.4724292849850968
    ],
    "rotation": [
      0.005019100251931047,
      0.026583977536937496,
      -0.7991682019867723
    ]
  },
  {
    "label_id": "1ww6VUXNbH5HN8vA9BN37A",
    "size": [
      0.6456626533924752,
      1.047126442663309,
      1.6874087649240757
    ],
    "obj_class": "pedestrian",
    "point_num_in_lidar": 66,
    "speed": 1.5539327851952833,
    "if_vehicle": false,
    "motion_state": true,
    "pose": [
      [
        -0.77874594959577,
        -0.6271615649109148,
        0.014937117749916065,
        9.742009559297344
      ],
      [
        0.6268095924158527,
        -0.7788460294475631,
        -0.02255210121559826,
        -20.876083956280127
      ],
      [
        0.025777525941316794,
        -0.008199628787828503,
        0.9996340756717363,
        0.5919004421818066
      ],
      [
        0.0,
        0.0,
        0.0,
        1.0
      ]
    ],
    "location": [
      9.742009559297344,
      -20.876083956280127,
      0.5919004421818066
    ],
    "rotation": [
      -0.008202446370994829,
      -0.025780381573977638,
      2.463873395121407
    ]
  },
  {
    "label_id": "3x3ZXLKl-lWgN_FV9ytvUQ",
    "size": [
      2.060710454258782,
      4.694385415658241,
      1.5400000000000027
    ],
    "obj_class": "vehicle",
    "point_num_in_lidar": 25,
    "speed": 2.220446049250313e-15,
    "if_vehicle": true,
    "motion_state": false,
    "pose": [
      [
        0.7067150738290873,
        -0.70734057351185,
        0.014937117749916065,
        19.846270161638856
      ],
      [
        0.7074776574609445,
        0.7063757972385069,
        -0.02255210121559826,
        -39.83779277337453
      ],
      [
        0.0054007977486961525,
        0.026505586950511483,
        0.9996340756717363,
        0.31625774779238114
      ],
      [
        0.0,
        0.0,
        0.0,
        1.0
      ]
    ],
    "location": [
      19.846270161638856,
      -39.83779277337453,
      0.31625774779238114
    ],
    "rotation": [
      0.026509078208371225,
      -0.005400824004673681,
      0.7859373993453294
    ]
  },
  {
    "label_id": "C8em1kIenRlg8YGuTTTf7g",
    "size": [
      0.7852210358356707,
      1.2072036134509911,
      1.970000000000006
    ],
    "obj_class": "pedestrian",
    "point_num_in_lidar": 47,
    "speed": 1.0023518631162736,
    "if_vehicle": false,
    "motion_state": true,
    "pose": [
      [
        0.9628421860760402,
        0.26965126965330044,
        0.014937117749916065,
        30.835848016591385
      ],
      [
        -0.26928833434578603,
        0.9627955108516209,
        -0.02255210121559826,
        -38.32416587726402
      ],
      [
        -0.020462592640817064,
        0.017691722876232982,
        0.9996340756717363,
        0.3734743743164266
      ],
      [
        0.0,
        0.0,
        0.0,
        1.0
      ]
    ],
    "location": [
      30.835848016591385,
      -38.32416587726402,
      0.3734743743164266
    ],
    "rotation": [
      0.01769635157819432,
      0.020464020918233225,
      -0.27271255105842906
    ]
  },
  {
    "label_id": "Em1g7-nMbotXR-DrtWI2ig",
    "size": [
      1.729069234961026,
      3.5947345219723577,
      1.3300000000000054
    ],
    "obj_class": "vehicle",
    "point_num_in_lidar": 38,
    "speed": 4.762953346420437,
    "if_vehicle": true,
    "motion_state": true,
    "pose": [
      [
        0.7079143404227713,
        0.7061403324673627,
        0.014937117749916065,
        53.15356398156118
      ],
      [
        -0.7058009446478964,
        0.7080511487632081,
        -0.02255210121559826,
        -50.02924178000103
      ],
      [
        -0.026501191632259547,
        0.0054223240389802045,
        0.9996340756717363,
        0.2407685611152779
      ],
      [
        0.0,
        0.0,
        0.0,
        1.0
      ]
    ],
    "location": [
      53.15356398156118,
      -50.02924178000103,
      0.2407685611152779
    ],
    "rotation": [
      0.005424255726475213,
      0.026504294635633016,
      -0.7839032413131648
    ]
  },
  {
    "label_id": "FI9gXqHphltRJYHwCug7Ng",
    "size": [
      1.8594440137329402,
      4.194035097474454,
      1.5400000000000027
    ],
    "obj_class": "vehicle",
    "point_num_in_lidar": 121,
    "speed": 10.697658739601822,
    "if_vehicle": true,
    "motion_state": true,
    "pose": [
      [
        0.6703063791735442,
        0.7419341214370572,
        0.014937117749916065,
        37.15981947312025
      ],
      [
        -0.7416022924515162,
        0.670460619694712,
        -0.02255210121559826,
        -36.5001200355764
      ],
      [
        -0.02674692262501609,
        0.004039416542626969,
        0.9996340756717363,
        0.37203517075673176
      ],
      [
        0.0,
        0.0,
        0.0,
        1.0
      ]
    ],
    "location": [
      37.15981947312025,
      -36.5001200355764,
      0.37203517075673176
    ],
    "rotation": [
      0.004040873210336665,
      0.026750112767367728,
      -0.8358514321464908
    ]
  },
  {
    "label_id": "FiBHFnlgGD3tCo4uGN8GOA",
    "size": [
      0.7792066223415499,
      0.8530859308161094,
      1.6800000000000033
    ],
    "obj_class": "pedestrian",
    "point_num_in_lidar": 28,
    "speed": 1.3939780479142394,
    "if_vehicle": false,
    "motion_state": true,
    "pose": [
      [
        0.6620631333618747,
        0.7492991992231017,
        0.014937117749916065,
        38.91305385687497
      ],
      [
        -0.748969095686782,
        0.6622210329164163,
        -0.02255210121559826,
        -50.471405621361555
      ],
      [
        -0.02678994492678967,
        0.0037434752213715136,
        0.9996340756717363,
        0.5595675912524527
      ],
      [
        0.0,
        0.0,
        0.0,
        1.0
      ]
    ],
    "location": [
      38.91305385687497,
      -50.471405621361555,
      0.5595675912524527
    ],
    "rotation": [
      0.0037448280458715288,
      0.026793150491227803,
      -0.846910807212197
    ]
  },
  {
    "label_id": "G8ZifmyoUj0ZKarCYDaXdw",
    "size": [
      0.9191115219781101,
      1.1134257866036492,
      1.944807819718985
    ],
    "obj_class": "pedestrian",
    "point_num_in_lidar": 176,
    "speed": 1.513712497889586,
    "if_vehicle": false,
    "motion_state": true,
    "pose": [
      [
        0.7930493833769408,
        0.6089741850347838,
        0.014937117749916065,
        8.287534188823216
      ],
      [
        -0.6086199910231277,
        0.7931412921149481,
        -0.02255210121559826,
        -18.109665204196062
      ],
      [
        -0.025580892331232463,
        0.008793901492019241,
        0.9996340756717363,
        0.8064502797700221
      ],
      [
        0.0,
        0.0,
        0.0,
        1.0
      ]
    ],
    "location": [
      8.287534188823216,
      -18.109665204196062,
      0.8064502797700221
    ],
    "rotation": [
      0.008796893648568753,
      0.02558368309925134,
      -0.6545713202851513
    ]
  },
  {
    "label_id": "JbaK1eVynVrY5IGp30MGEQ",
    "size": [
      0.7579103994428577,
      1.0900382483025783,
      1.8400000000000034
    ],
    "obj_class": "pedestrian",
    "point_num_in_lidar": 26,
    "speed": 1.4557512481678652,
    "if_vehicle": false,
    "motion_state": true,
    "pose": [
      [
        0.72114357136462,
        0.6926245967281311,
        0.014937117749916065,
        26.325541915207552
      ],
      [
        -0.6922826820408089,
        0.7212739360861073,
        -0.02255210121559826,
        -35.15941014889722
      ],
      [
        -0.02639389372308936,
        0.0059225948745216545,
        0.9996340756717363,
        0.513686293360152
      ],
      [
        0.0,
        0.0,
        0.0,
        1.0
      ]
    ],
    "location": [
      26.325541915207552,
      -35.15941014889722,
      0.513686293360152
    ],
    "rotation": [
      0.005924693565576359,
      0.026396959180744306,
      -0.7649819024321667
    ]
  },
  {
    "label_id": "L1UCSHYGDwJLA62Yn_UZ4Q",
    "size": [
      0.7961601569310087,
      0.8415275557149793,
      1.600000000000005
    ],
    "obj_class": "pedestrian",
    "point_num_in_lidar": 25,
    "speed": 1.2696769721491048,
    "if_vehicle": false,
    "motion_state": true,
    "pose": [
      [
        -0.5669968037430503,
        0.8235845476078884,
        0.014937117749916065,
        45.131238851224936
      ],
      [
        -0.8236579509436331,
        -0.5666383172519286,
        -0.02255210121559826,
        -28.0290737551004
      ],
      [
        -0.01010961881084945,
        -0.02509004510583361,
        0.9996340756717363,
        0.3528737134450708
      ],
      [
        0.0,
        0.0,
        0.0,
        1.0
      ]
    ],
    "location": [
      45.131238851224936,
      -28.0290737551004,
      0.3528737134450708
    ],
    "rotation": [
      -0.025093960917562445,
      0.010109791026678276,
      -2.1736868715536457
    ]
  },
  {
    "label_id": "MSs5ysIlfn6HWkrilVdHNQ",
    "size": [
      2.791971653913281,
      6.598391175076888,
      3.4099999999999753
    ],
    "obj_class": "vehicle",
    "point_num_in_lidar": 419,
    "speed": 2.842257677890751e-13,
    "if_vehicle": true,
    "motion_state": false,
    "pose": [
      [
        0.7271654379589708,
        0.6862997219519058,
        0.014937117749916065,
        46.40458313547657
      ],
      [
        -0.6859566817024378,
        0.727292811430542,
        -0.02255210121559826,
        -38.24104754797008
      ],
      [
        -0.026341159156701828,
        0.00615289283140454,
        0.9996340756717363,
        1.0185481445403397
      ],
      [
        0.0,
        0.0,
        0.0,
        1.0
      ]
    ],
    "location": [
      46.40458313547657,
      -38.24104754797008,
      1.0185481445403397
    ],
    "rotation": [
      0.006155067419635115,
      0.026344206273026232,
      -0.7562449285646917
    ]
  },
  {
    "label_id": "O8ilGM7P1-uAp4PIMof2xA",
    "size": [
      0.7819962013964723,
      0.8654287857100659,
      1.7400000000000055
    ],
    "obj_class": "pedestrian",
    "point_num_in_lidar": 40,
    "speed": 1.4169321092216787,
    "if_vehicle": false,
    "motion_state": true,
    "pose": [
      [
        0.6721098610499936,
        0.7403007613076481,
        0.014937117749916065,
        40.49696285554418
      ],
      [
        -0.7399685579665621,
        0.6722632936221107,
        -0.02255210121559826,
        -24.385086483973282
      ],
      [
        -0.026737013674774393,
        0.004104492132819009,
        0.9996340756717363,
        0.29733966757065744
      ],
      [
        0.0,
        0.0,
        0.0,
        1.0
      ]
    ],
    "location": [
      40.49696285554418,
      -24.385086483973282,
      0.29733966757065744
    ],
    "rotation": [
      0.004105971541790611,
      0.026740200272116547,
      -0.833417119946155
    ]
  },
  {
    "label_id": "OLCvkJUNK6eYbjQ3PM1B4w",
    "size": [
      1.0141263494887434,
      1.1026134838928923,
      1.7699999999999996
    ],
    "obj_class": "pedestrian",
    "point_num_in_lidar": 269,
    "speed": 1.7992733051611391,
    "if_vehicle": false,
    "motion_state": true,
    "pose": [
      [
        0.7007086017709525,
        0.7132912013459312,
        0.014937117749916065,
        1.0223335675618017
      ],
      [
        -0.7129532199968334,
        0.7008488487733346,
        -0.02255210121559826,
        -8.270856802566414
      ],
      [
        -0.026554877147969537,
        0.005152985112504344,
        0.9996340756717363,
        0.9626784052941879
      ],
      [
        0.0,
        0.0,
        0.0,
        1.0
      ]
    ],
    "location": [
      1.0223335675618017,
      -8.270856802566414,
      0.9626784052941879
    ],
    "rotation": [
      0.005154825746472836,
      0.02655799905155701,
      -0.7940595786229705
    ]
  },
  {
    "label_id": "RGdvnrG8Aw3PXBTuM0u24A",
    "size": [
      0.771302957600084,
      1.0039475245408434,
      1.6799999999999997
    ],
    "obj_class": "pedestrian",
    "point_num_in_lidar": 23,
    "speed": 1.1209076455303282,
    "if_vehicle": false,
    "motion_state": true,
    "pose": [
      [
        -0.5927887657625468,
        -0.8052194494043481,
        0.014937117749916065,
        12.53617064222675
      ],
      [
        0.8049046994977866,
        -0.5929754020675219,
        -0.02255210121559826,
        -23.140501201542065
      ],
      [
        0.027016733927221558,
        -0.001345675971087279,
        0.9996340756717363,
        0.5398126840264901
      ],
      [
        0.0,
        0.0,
        0.0,
        1.0
      ]
    ],
    "location": [
      12.53617064222675,
      -23.140501201542065,
      0.5398126840264901
    ],
    "rotation": [
      -0.001346167753754729,
      -0.02702002161049545,
      2.2055823370444845
    ]
  },
  {
    "label_id": "S-Uacus7IJgPhKK_6OF4Hw",
    "size": [
      0.7690052986371135,
      0.8370641295136979,
      1.6207908815255863
    ],
    "obj_class": "pedestrian",
    "point_num_in_lidar": 23,
    "speed": 1.4978159183057367,
    "if_vehicle": false,
    "motion_state": true,
    "pose": [
      [
        0.6957842066528244,
        0.7180955509441797,
        0.014937117749916065,
        54.778132834632856
      ],
      [
        -0.7177585425666166,
        0.6959267758201346,
        -0.02255210121559826,
        -42.792723326097985
      ],
      [
        -0.026589703743108727,
        0.0049701519863235375,
        0.9996340756717363,
        0.4560118003327993
      ],
      [
        0.0,
        0.0,
        0.0,
        1.0
      ]
    ],
    "location": [
      54.778132834632856,
      -42.792723326097985,
      0.4560118003327993
    ],
    "rotation": [
      0.0049719303823370425,
      0.026592837948509373,
      -0.8009424870767018
    ]
  },
  {
    "label_id": "TUgaysJsmRIFmjy8Ssx5VQ",
    "size": [
      0.7719195621634778,
      0.94966798220545,
      1.7562431769673594
    ],
    "obj_class": "pedestrian",
    "point_num_in_lidar": 112,
    "speed": 1.1839858003658157,
    "if_vehicle": false,
    "motion_state": true,
    "pose": [
      [
        0.574328353731862,
        0.8184887443410412,
        0.014937117749916065,
        13.655681043863439
      ],
      [
        -0.8181783190902889,
        0.5745220978355412,
        -0.02255210121559826,
        -23.563009388182763
      ],
      [
        -0.027040345231505367,
        0.000731085271668829,
        0.9996340756717363,
        0.5173650303105788
      ],
      [
        0.0,
        0.0,
        0.0,
        1.0
      ]
    ],
    "location": [
      13.655681043863439,
      -23.563009388182763,
      0.5173650303105788
    ],
    "rotation": [
      0.0007313527610897847,
      0.02704364154403228,
      -0.958756218238052
    ]
  },
  {
    "label_id": "Wpqa9KCQJuuTRKatLAsU9w",
    "size": [
      0.746286783147844,
      1.0096800683498657,
      1.7500000000000036
    ],
    "obj_class": "pedestrian",
    "point_num_in_lidar": 42,
    "speed": 1.2177651727354704,
    "if_vehicle": false,
    "motion_state": true,
    "pose": [
      [
        -0.7058287333604479,
        0.7082250219217836,
        0.014937117749916065,
        43.95317825150772
      ],
      [
        -0.7083616808951184,
        -0.7054892853688169,
        -0.02255210121559826,
        -27.797750332545547
      ],
      [
        -0.005433985850941206,
        -0.02649880287268119,
        0.9996340756717363,
        0.347583015571967
      ],
      [
        0.0,
        0.0,
        0.0,
        1.0
      ]
    ],
    "location": [
      43.95317825150772,
      -27.797750332545547,
      0.347583015571967
    ],
    "rotation": [
      -0.026502296413965124,
      0.0054340125939354115,
      -2.354403398412509
    ]
  },
  {
    "label_id": "Y4WRE-DC5UX_A82GcFlyAw",
    "size": [
      0.8315503518913344,
      0.9516061533592971,
      1.740000000000002
    ],
    "obj_class": "pedestrian",
    "point_num_in_lidar": 37,
    "speed": 2.220446049250313e-15,
    "if_vehicle": false,
    "motion_state": false,
    "pose": [
      [
        0.9905343834173452,
        -0.13644968956118936,
        0.014937117749916065,
        32.264692575336696
      ],
      [
        0.1367639485003139,
        0.9903469215993783,
        -0.02255210121559826,
        -39.44065405957008
      ],
      [
        -0.011715701371375902,
        0.024381490875050833,
        0.9996340756717363,
        0.2539272432413391
      ],
      [
        0.0,
        0.0,
        0.0,
        1.0
      ]
    ],
    "location": [
      32.264692575336696,
      -39.44065405957008,
      0.2539272432413391
    ],
    "rotation": [
      0.024385581089621196,
      0.011715969399554473,
      0.1372034009069396
    ]
  },
  {
    "label_id": "_CuXoK6hvB75S9LCO7CUjQ",
    "size": [
      0.9248528456291153,
      0.9846531429257308,
      1.8000000000000007
    ],
    "obj_class": "pedestrian",
    "point_num_in_lidar": 96,
    "speed": 1.137130723872009e-12,
    "if_vehicle": false,
    "motion_state": false,
    "pose": [
      [
        0.9375623066598048,
        0.3474964800455844,
        0.014937117749916065,
        16.186705866962754
      ],
      [
        -0.34713094319490473,
        0.9375454714345205,
        -0.02255210121559826,
        -22.726735557538632
      ],
      [
        -0.02184100289277014,
        0.015958864262579975,
        0.9996340756717363,
        0.3768429872578878
      ],
      [
        0.0,
        0.0,
        0.0,
        1.0
      ]
    ],
    "location": [
      16.186705866962754,
      -22.726735557538632,
      0.3768429872578878
    ],
    "rotation": [
      0.01596335002630343,
      0.021842739732409275,
      -0.3545983896318677
    ]
  },
  {
    "label_id": "_hHL2rZg7Bbfjm__kmk14Q",
    "size": [
      1.9780500620659929,
      4.596211258606762,
      1.5200000000000031
    ],
    "obj_class": "vehicle",
    "point_num_in_lidar": 121,
    "speed": 1.7053155762006798e-12,
    "if_vehicle": true,
    "motion_state": false,
    "pose": [
      [
        -0.7162186733434258,
        0.6977160557615886,
        0.014937117749916065,
        40.70932884967466
      ],
      [
        -0.69785771659361,
        -0.715881282142168,
        -0.02255210121559826,
        -15.152409083562816
      ],
      [
        -0.0050417601029649,
        -0.026576218899188753,
        0.9996340756717363,
        0.13430582313183947
      ],
      [
        0.0,
        0.0,
        0.0,
        1.0
      ]
    ],
    "location": [
      40.70932884967466,
      -15.152409083562816,
      0.13430582313183947
    ],
    "rotation": [
      -0.026579686238333115,
      0.005041781462915754,
      -2.36917817702089
    ]
  },
  {
    "label_id": "dWGM_6Sr_Eaoh5yFictcbQ",
    "size": [
      1.000000000000498,
      1.0,
      1.9100000000000001
    ],
    "obj_class": "pedestrian",
    "point_num_in_lidar": 51,
    "speed": 8.526512829121202e-13,
    "if_vehicle": false,
    "motion_state": false,
    "pose": [
      [
        0.7679930193528332,
        -0.6402840031881508,
        0.014937117749916065,
        17.457751845373735
      ],
      [
        0.6404513123145716,
        0.7676675838442735,
        -0.02255210121559826,
        -24.22137348002252
      ],
      [
        0.002973008553952142,
        0.026886352970449032,
        0.9996340756717363,
        0.429169340300561
      ],
      [
        0.0,
        0.0,
        0.0,
        1.0
      ]
    ],
    "location": [
      17.457751845373735,
      -24.22137348002252,
      0.429169340300561
    ],
    "rotation": [
      0.026889712139421682,
      -0.0029730129335975844,
      0.6950894543811322
    ]
  },
  {
    "label_id": "fQ2n6--00V_n1eOOacR5TA",
    "size": [
      0.7618255677038812,
      0.9345899953471253,
      1.850000000000005
    ],
    "obj_class": "pedestrian",
    "point_num_in_lidar": 131,
    "speed": 1.3312619275092514,
    "if_vehicle": false,
    "motion_state": true,
    "pose": [
      [
        0.7916824176115363,
        0.6107502207597456,
        0.014937117749916065,
        9.778643887006012
      ],
      [
        -0.610396233644923,
        0.7917751200201066,
        -0.02255210121559826,
        -19.65129062024971
      ],
      [
        -0.025600538995217022,
        0.008736541596525408,
        0.9996340756717363,
        0.7360888912101657
      ],
      [
        0.0,
        0.0,
        0.0,
        1.0
      ]
    ],
    "location": [
      9.778643887006012,
      -19.65129062024971,
      0.7360888912101657
    ],
    "rotation": [
      0.008739517167437894,
      0.02560333619954777,
      -0.6568134012750119
    ]
  },
  {
    "label_id": "hGZX2N3Zly2psnSENmTj-A",
    "size": [
      2.1384752959999913,
      4.888177290087686,
      1.5899999999999999
    ],
    "obj_class": "vehicle",
    "point_num_in_lidar": 29,
    "speed": 1.4210924103971636e-12,
    "if_vehicle": true,
    "motion_state": false,
    "pose": [
      [
        0.705738184281916,
        -0.7083152530898861,
        0.014937117749916065,
        23.555243985278494
      ],
      [
        0.7084518686652402,
        0.7053987188218384,
        -0.02255210121559826,
        -41.49317214707844
      ],
      [
        0.005437373556553479,
        0.026498107946039073,
        0.9996340756717363,
        0.18078120263365705
      ],
      [
        0.0,
        0.0,
        0.0,
        1.0
      ]
    ],
    "location": [
      23.555243985278494,
      -41.49317214707844,
      0.18078120263365705
    ],
    "rotation": [
      0.026501601721087748,
      -0.00543740034959641,
      0.7873170575707829
    ]
  },
  {
    "label_id": "hgO3zRhEBlBJHykxs4_HqQ",
    "size": [
      0.7656421592403434,
      1.0828474020012604,
      1.8984507849923276
    ],
    "obj_class": "pedestrian",
    "point_num_in_lidar": 132,
    "speed": 1.2544292466261098,
    "if_vehicle": false,
    "motion_state": true,
    "pose": [
      [
        0.7926553221037719,
        0.6094870161487368,
        0.014937117749916065,
        11.924605235439643
      ],
      [
        -0.6091328816593864,
        0.7927474599215651,
        -0.02255210121559826,
        -21.531784527309355
      ],
      [
        -0.025586575032574572,
        0.008777353474474964,
        0.9996340756717363,
        0.6798598024023903
      ],
      [
        0.0,
        0.0,
        0.0,
        1.0
      ]
    ],
    "location": [
      11.924605235439643,
      -21.531784527309355,
      0.6798598024023903
    ],
    "rotation": [
      0.008780340852086465,
      0.025589367661248842,
      -0.6552183249839535
    ]
  },
  {
    "label_id": "jkjRLcw59twUELYWSONreA",
    "size": [
      2.4513075993666558,
      5.635550788292107,
      2.1400000000000006
    ],
    "obj_class": "vehicle",
    "point_num_in_lidar": 1939,
    "speed": 9.524598485360775,
    "if_vehicle": true,
    "motion_state": true,
    "pose": [
      [
        0.7122545350532066,
        0.7017623243018005,
        0.014937117749916065,
        15.981692091594525
      ],
      [
        -0.7014220994524143,
        0.7123892483260319,
        -0.02255210121559826,
        -8.756648311584286
      ],
      [
        -0.026467257052967832,
        0.005585611873874746,
        0.9996340756717363,
        0.7055274491085619
      ],
      [
        0.0,
        0.0,
        0.0,
        1.0
      ]
    ],
    "location": [
      15.981692091594525,
      -8.756648311584286,
      0.7055274491085619
    ],
    "rotation": [
      0.005587598381999482,
      0.026470348148978445,
      -0.777735715470124
    ]
  },
  {
    "label_id": "lhHFPkjsC18bVySvOy8gPg",
    "size": [
      2.9661909245591223,
      11.160713238735097,
      4.1399999999999935
    ],
    "obj_class": "vehicle",
    "point_num_in_lidar": 168,
    "speed": 0.005072127296025043,
    "if_vehicle": true,
    "motion_state": false,
    "pose": [
      [
        0.7038974183063139,
        0.7101445676867711,
        0.014937117749916065,
        60.77224303131782
      ],
      [
        -0.7098059613634926,
        0.7040361496000114,
        -0.02255210121559826,
        -53.40968129361681
      ],
      [
        -0.026531523034952226,
        0.005271910598563439,
        0.9996340756717363,
        1.5918554233718893
      ],
      [
        0.0,
        0.0,
        0.0,
        1.0
      ]
    ],
    "location": [
      60.77224303131782,
      -53.40968129361681,
      1.5918554233718893
    ],
    "rotation": [
      0.005273791531429138,
      0.02653463670721886,
      -0.7895776176867637
    ]
  },
  {
    "label_id": "plbgXUaVwrkY03GJ00eboA",
    "size": [
      0.8532039110417869,
      1.0775604866757238,
      1.7717746335030995
    ],
    "obj_class": "pedestrian",
    "point_num_in_lidar": 462,
    "speed": 1.2918535460012253,
    "if_vehicle": false,
    "motion_state": true,
    "pose": [
      [
        0.6273993408848584,
        0.7785543973098927,
        0.014937117749916065,
        0.33508719462247427
      ],
      [
        -0.778231794567384,
        0.6275720489754071,
        -0.02255210121559826,
        -9.47756138882869
      ],
      [
        -0.026932155162083554,
        0.00252463348605346,
        0.9996340756717363,
        1.0057977643302216
      ],
      [
        0.0,
        0.0,
        0.0,
        1.0
      ]
    ],
    "location": [
      0.33508719462247427,
      -9.47756138882869,
      1.0057977643302216
    ],
    "rotation": [
      0.002525552279353038,
      0.026935412057901564,
      -0.8922949832317086
    ]
  },
  {
    "label_id": "q5T3DlAO2c9XHbOijTcVEA",
    "size": [
      0.9125408189911267,
      0.7909272363024653,
      1.7899999999999991
    ],
    "obj_class": "pedestrian",
    "point_num_in_lidar": 20,
    "speed": 0.9056823633819617,
    "if_vehicle": false,
    "motion_state": false,
    "pose": [
      [
        0.528929521866577,
        0.8485342912406778,
        0.014937117749916065,
        15.493049569853696
      ],
      [
        -0.8482348709401317,
        0.5291398741844539,
        -0.02255210121559826,
        -26.14416067379898
      ],
      [
        -0.02704005582783466,
        -0.000741712033764564,
        0.9996340756717363,
        0.4855841570127346
      ],
      [
        0.0,
        0.0,
        0.0,
        1.0
      ]
    ],
    "location": [
      15.493049569853696,
      -26.14416067379898,
      0.4855841570127346
    ],
    "rotation": [
      -0.0007419834074306122,
      0.027043352034501523,
      -1.0132296342033487
    ]
  },
  {
    "label_id": "wd-dwWfxFi-2x2ASuoXg0g",
    "size": [
      1.992685203216836,
      4.23777338934755,
      1.7800000000000047
    ],
    "obj_class": "vehicle",
    "point_num_in_lidar": 434,
    "speed": 1.1595787094793009,
    "if_vehicle": true,
    "motion_state": true,
    "pose": [
      [
        -0.05091874696065843,
        0.9985910893460254,
        0.014937117749916065,
        20.125084496580286
      ],
      [
        -0.9984656083713027,
        -0.05057500994054305,
        -0.02255210121559826,
        -26.980944424783956
      ],
      [
        -0.021764882441241026,
        -0.016062523096711932,
        0.9996340756717363,
        0.3173069437171918
      ],
      [
        0.0,
        0.0,
        0.0,
        1.0
      ]
    ],
    "location": [
      20.125084496580286,
      -26.980944424783956,
      0.3173069437171918
    ],
    "rotation": [
      -0.016067020211002456,
      0.021766601181783533,
      -1.6217491827887456
    ]
  },
  {
    "label_id": "xJ9paU9ARQzf8h-g7JRgXw",
    "size": [
      0.7982479932830313,
      0.9690615119256042,
      1.7917746335031026
    ],
    "obj_class": "pedestrian",
    "point_num_in_lidar": 734,
    "speed": 1.3839003503913643,
    "if_vehicle": false,
    "motion_state": true,
    "pose": [
      [
        0.6668487571900413,
        0.7450433662193243,
        0.014937117749916065,
        -0.5208159989766017
      ],
      [
        -0.7447122581194661,
        0.6670045392179632,
        -0.02255210121559826,
        -8.144816501504465
      ],
      [
        -0.026765418747015466,
        0.003914985978309373,
        0.9996340756717363,
        1.0405849135127418
      ],
      [
        0.0,
        0.0,
        0.0,
        1.0
      ]
    ],
    "location": [
      -0.5208159989766017,
      -8.144816501504465,
      1.0405849135127418
    ],
    "rotation": [
      0.003916399067731603,
      0.026768615513543308,
      -0.8405035895766676
    ]
  },
  {
    "label_id": "xm7qMBcQiB6LNZ64hriwQw",
    "size": [
      0.8676867597635859,
      1.115154545921516,
      1.7500000000000036
    ],
    "obj_class": "pedestrian",
    "point_num_in_lidar": 701,
    "speed": 1.5706454301601558,
    "if_vehicle": false,
    "motion_state": true,
    "pose": [
      [
        0.6948465089901025,
        0.7190029286849898,
        0.014937117749916065,
        -4.167800886192907
      ],
      [
        -0.7186661066452674,
        0.6949895178274954,
        -0.02255210121559826,
        -4.380036850199758
      ],
      [
        -0.02659616708476216,
        0.004935448542215802,
        0.9996340756717363,
        1.1722592952156532
      ],
      [
        0.0,
        0.0,
        0.0,
        1.0
      ]
    ],
    "location": [
      -4.167800886192907,
      -4.380036850199758,
      1.1722592952156532
    ],
    "rotation": [
      0.004937215086947568,
      0.026599303576762268,
      -0.802247919888921
    ]
  }
]