[
  {
    "label_id": "0OCxtJR_yEaJVNaM9OqfbQ",
    "size": [
      2.915222912169123,
      7.801972595825992,
      3.8199999999999648
    ],
    "obj_class": "vehicle",
    "point_num_in_lidar": 544,
    "speed": 1.1368770508004532e-12,
    "if_vehicle": true,
    "motion_state": false,
    "pose": [
      [
        0.6971237406266051,
        0.7169291830223086,
        -0.005571066839927374,
        40.21374885360967
      ],
      [
        -0.7164693191958368,
        0.6963497747987079,
        -0.042055983983770834,
        -45.25688912127043
      ],
      [
        -0.02627175109931214,
        0.03330972333649618,
        0.9990997234637901,
        1.4366954352006012
      ],
      [
        0.0,
        0.0,
        0.0,
        1.0
      ]
    ],
    "location": [
      40.21374885360967,
      -45.25688912127043,
      1.4366954352006012
    ],
    "rotation": [
      0.03332739375542503,
      0.02627477418693598,
      -0.7990827035314817
    ]
  },
  {
    "label_id": "0zDrRxGQLSyidFtDJd4m_A",
    "size": [
      2.8652083188921638,
      5.711556680080511,
      2.489999999999995
    ],
    "obj_class": "vehicle",
    "point_num_in_lidar": 267,
    "speed": 0.03452760410216703,
    "if_vehicle": true,
    "motion_state": false,
    "pose": [
      [
        -0.7070867084877515,
        0.7071049072762986,
        -0.005571066839927374,
        39.802507052498314
      ],
      [
        -0.7063245712831653,
        -0.7066377390239001,
        -0.042055983983770834,
        -11.485316782018344
      ],
      [
        -0.03367471873097507,
        -0.025802245889996547,
        0.9990997234637901,
        0.5252123344224486
      ],
      [
        0.0,
        0.0,
        0.0,
        1.0
      ]
    ],
    "location": [
      39.802507052498314,
      -11.485316782018344,
      0.5252123344224486
    ],
    "rotation": [
      -0.025819756782642384,
      0.03368108642799949,
      -2.3567337084238877
    ]
  },
  {
    "label_id": "1ww6VUXNbH5HN8vA9BN37A",
    "size": [
      0.6456626533921798,
      1.047126442663309,
      1.6874087649240757
    ],
    "obj_class": "pedestrian",
    "point_num_in_lidar": 507,
    "speed": 1.6450269000116768,
    "if_vehicle": false,
    "motion_state": true,
    "pose": [
      [
        -0.7175641564488457,
        -0.6964701318751015,
        -0.005571066839927374,
        8.260660555982838
      ],
      [
        0.6960328416916859,
        -0.7167772160844355,
        -0.042055983983770834,
        -19.462624305502686
      ],
      [
        0.025297522931170574,
        -0.034055512154789656,
        0.9990997234637901,
        0.6104948687809681
      ],
      [
        0.0,
        0.0,
        0.0,
        1.0
      ]
    ],
    "location": [
      8.260660555982838,
      -19.462624305502686,
      0.6104948687809681
    ],
    "rotation": [
      -0.03407300712292692,
      -0.025300221961991595,
      2.371424891729453
    ]
  },
  {
    "label_id": "C8em1kIenRlg8YGuTTTf7g",
    "size": [
      0.7852210358351402,
      1.2072036134509911,
      1.970000000000006
    ],
    "obj_class": "pedestrian",
    "point_num_in_lidar": 74,
    "speed": 0.6723544272611157,
    "if_vehicle": false,
    "motion_state": false,
    "pose": [
      [
        0.9720308152190068,
        -0.2347872600439346,
        -0.005571066839927374,
        31.842345537235133
      ],
      [
        0.23435541661140874,
        0.971240872758169,
        -0.042055983983770834,
        -38.33506004080118
      ],
      [
        0.015285057067806305,
        0.03957410270634107,
        0.9990997234637901,
        0.3834701342929705
      ],
      [
        0.0,
        0.0,
        0.0,
        1.0
      ]
    ],
    "location": [
      31.842345537235133,
      -38.33506004080118,
      0.3834701342929705
    ],
    "rotation": [
      0.03958906689969273,
      -0.015285652312601518,
      0.23658363226493243
    ]
  },
  {
    "label_id": "Em1g7-nMbotXR-DrtWI2ig",
    "size": [
      1.7290692349598797,
      3.5947345219723577,
      1.3300000000000054
    ],
    "obj_class": "vehicle",
    "point_num_in_lidar": 44,
    "speed": 4.281942170055916,
    "if_vehicle": true,
    "motion_state": true,
    "pose": [
      [
        0.7092777326677459,
        0.7049071294546301,
        -0.005571066839927374,
        57.31266014067961
      ],
      [
        -0.7044605637279321,
        0.7084960185938104,
        -0.042055983983770834,
        -54.165206968060374
      ],
      [
        -0.025698484270981252,
        0.033753969851741235,
        0.9990997234637901,
        0.2907742686962784
      ],
      [
        0.0,
        0.0,
        0.0,
        1.0
      ]
    ],
    "location": [
      57.31266014067961,
      -54.165206968060374,
      0.2907742686962784
    ],
    "rotation": [
      0.03377154027651894,
      0.025701313710231016,
      -0.7819907786578525
    ]
  },
  {
    "label_id": "FI9gXqHphltRJYHwCug7Ng",
    "size": [
      1.8594440137332853,
      4.194035097474454,
      1.5400000000000027
    ],
    "obj_class": "vehicle",
    "point_num_in_lidar": 90,
    "speed": 11.032175604134485,
    "if_vehicle": true,
    "motion_state": true,
    "pose": [
      [
        0.6836119882602051,
        0.72982437114774,
        -0.005571066839927374,
        46.71114723371278
      ],
      [
        -0.7293501321060384,
        0.6828467463553306,
        -0.042055983983770834,
        -46.90922203818991
      ],
      [
        -0.026889297198582497,
        0.03281323316505752,
        0.9990997234637901,
        0.36053135825423155
      ],
      [
        0.0,
        0.0,
        0.0,
        1.0
      ]
    ],
    "location": [
      46.71114723371278,
      -46.90922203818991,
      0.36053135825423155
    ],
    "rotation": [
      0.03283099978028529,
      0.026892538567369416,
      -0.8177572604781485
    ]
  },
  {
    "label_id": "FiBHFnlgGD3tCo4uGN8GOA",
    "size": [
      0.7792066223408586,
      0.8530859308161094,
      1.6800000000000033
    ],
    "obj_class": "pedestrian",
    "point_num_in_lidar": 37,
    "speed": 1.3901233134777948,
    "if_vehicle": false,
    "motion_state": true,
    "pose": [
      [
        0.7263614528986138,
        0.68729033381627,
        -0.005571066839927374,
        40.18612413808032
      ],
      [
        -0.6868630845673743,
        0.7255690162002156,
        -0.042055983983770834,
        -51.7665925157271
      ],
      [
        -0.024862477784945814,
        0.03437440578353614,
        0.9990997234637901,
        0.5219451907823931
      ],
      [
        0.0,
        0.0,
        0.0,
        1.0
      ]
    ],
    "location": [
      40.18612413808032,
      -51.7665925157271,
      0.5219451907823931
    ],
    "rotation": [
      0.03439181421142743,
      0.024865039924650997,
      -0.7574563272992881
    ]
  },
  {
    "label_id": "G8ZifmyoUj0ZKarCYDaXdw",
    "size": [
      0.9191115219791881,
      1.1134257866036492,
      1.944807819718985
    ],
    "obj_class": "pedestrian",
    "point_num_in_lidar": 418,
    "speed": 1.5056532590516696,
    "if_vehicle": false,
    "motion_state": true,
    "pose": [
      [
        0.7842073652356624,
        0.6204738282348461,
        -0.005571066839927374,
        9.952872844706619
      ],
      [
        -0.6201182138781478,
        0.7833803003827275,
        -0.042055983983770834,
        -19.301672355368282
      ],
      [
        -0.021730373368079106,
        0.03643533241047768,
        0.9990997234637901,
        0.7579542447479675
      ],
      [
        0.0,
        0.0,
        0.0,
        1.0
      ]
    ],
    "location": [
      9.952872844706619,
      -19.301672355368282,
      0.7579542447479675
    ],
    "rotation": [
      0.03645201006582265,
      0.021732083945030123,
      -0.6690800893523579
    ]
  },
  {
    "label_id": "JbaK1eVynVrY5IGp30MGEQ",
    "size": [
      0.7579103994443103,
      1.0900382483025783,
      1.8400000000000034
    ],
    "obj_class": "pedestrian",
    "point_num_in_lidar": 104,
    "speed": 1.4073752575590686,
    "if_vehicle": false,
    "motion_state": true,
    "pose": [
      [
        0.763968724129314,
        0.645229224203688,
        -0.005571066839927374,
        27.711161486092067
      ],
      [
        -0.6448473488109376,
        0.7631534517661973,
        -0.042055983983770834,
        -36.4205870724345
      ],
      [
        -0.022884171030060407,
        0.03572194410785996,
        0.9990997234637901,
        0.4739484024800653
      ],
      [
        0.0,
        0.0,
        0.0,
        1.0
      ]
    ],
    "location": [
      27.711161486092067,
      -36.4205870724345,
      0.4739484024800653
    ],
    "rotation": [
      0.035738908862560655,
      0.022886168851499397,
      -0.7010445658862615
    ]
  },
  {
    "label_id": "MSs5ysIlfn6HWkrilVdHNQ",
    "size": [
      2.79197165391328,
      6.598391175076888,
      3.4099999999999753
    ],
    "obj_class": "vehicle",
    "point_num_in_lidar": 621,
    "speed": 2.842257677890751e-13,
    "if_vehicle": true,
    "motion_state": false,
    "pose": [
      [
        0.7272352874130967,
        0.6863656459609963,
        -0.005571066839927374,
        46.404583135472734
      ],
      [
        -0.6859394052553842,
        0.7264423077774632,
        -0.042055983983770834,
        -38.241047547968265
      ],
      [
        -0.024818723961566837,
        0.03440600987469594,
        0.9990997234637901,
        0.9898883182708573
      ],
      [
        0.0,
        0.0,
        0.0,
        1.0
      ]
    ],
    "location": [
      46.404583135472734,
      -38.241047547968265,
      0.9898883182708573
    ],
    "rotation": [
      0.034423409346136025,
      0.024821272595750333,
      -0.7561844123968331
    ]
  },
  {
    "label_id": "O8ilGM7P1-uAp4PIMof2xA",
    "size": [
      0.7819962013968977,
      0.8654287857100659,
      1.7400000000000055
    ],
    "obj_class": "pedestrian",
    "point_num_in_lidar": 26,
    "speed": 1.3613456033716884,
    "if_vehicle": false,
    "motion_state": true,
    "pose": [
      [
        0.6836042171323695,
        0.7298316501311143,
        -0.005571066839927374,
        41.717121469294554
      ],
      [
        -0.7293574029412285,
        0.6828389802771831,
        -0.042055983983770834,
        -25.702101948401832
      ],
      [
        -0.026889646588731147,
        0.032812946848938554,
        0.9990997234637901,
        0.23561360445201274
      ],
      [
        0.0,
        0.0,
        0.0,
        1.0
      ]
    ],
    "location": [
      41.717121469294554,
      -25.702101948401832,
      0.23561360445201274
    ],
    "rotation": [
      0.03283071351494766,
      0.026892888083898777,
      -0.8177679064788865
    ]
  },
  {
    "label_id": "OLCvkJUNK6eYbjQ3PM1B4w",
    "size": [
      1.0141263494872148,
      1.1026134838928923,
      1.7699999999999996
    ],
    "obj_class": "pedestrian",
    "point_num_in_lidar": 1123,
    "speed": 1.689382832120384,
    "if_vehicle": false,
    "motion_state": true,
    "pose": [
      [
        0.6640821882993957,
        0.7476388234955104,
        -0.005571066839927374,
        2.4498337094289298
      ],
      [
        -0.7471445230334137,
        0.6633297490029597,
        -0.042055983983770834,
        -9.88274825620465
      ],
      [
        -0.02774723201796472,
        0.03209102195193167,
        0.9990997234637901,
        0.8952411990748956
      ],
      [
        0.0,
        0.0,
        0.0,
        1.0
      ]
    ],
    "location": [
      2.4498337094289298,
      -9.88274825620465,
      0.8952411990748956
    ],
    "rotation": [
      0.03210889966684034,
      0.027750793725497602,
      -0.8441885870119353
    ]
  },
  {
    "label_id": "RGdvnrG8Aw3PXBTuM0u24A",
    "size": [
      0.7713029576012685,
      1.0039475245408434,
      1.6799999999999997
    ],
    "obj_class": "pedestrian",
    "point_num_in_lidar": 166,
    "speed": 1.0310689779967255,
    "if_vehicle": false,
    "motion_state": true,
    "pose": [
      [
        -0.6513818814179808,
        -0.7587296012247291,
        -0.005571066839927374,
        11.825160460404618
      ],
      [
        0.7582226841862253,
        -0.6506378834625235,
        -0.042055983983770834,
        -22.040542734541305
      ],
      [
        0.028284372819761445,
        -0.031618615225383714,
        0.9990997234637901,
        0.539812684026483
      ],
      [
        0.0,
        0.0,
        0.0,
        1.0
      ]
    ],
    "location": [
      11.825160460404618,
      -22.040542734541305,
      0.539812684026483
    ],
    "rotation": [
      -0.03163654744304574,
      -0.0282881454548731,
      2.2805442600158066
    ]
  },
  {
    "label_id": "USoOrhvBXzxA1F9tKyPuhw",
    "size": [
      0.8762609952664497,
      1.1096432092129922,
      1.8000000000000043
    ],
    "obj_class": "pedestrian",
    "point_num_in_lidar": 71,
    "speed": 1.4924188451316576,
    "if_vehicle": false,
    "motion_state": true,
    "pose": [
      [
        0.7083179025896366,
        0.7058715974490567,
        -0.005571066839927374,
        23.210950766842757
      ],
      [
        -0.7054239684504215,
        0.7075367968853743,
        -0.042055983983770834,
        -32.70882494361285
      ],
      [
        -0.025744389809759724,
        0.033718970445452016,
        0.9990997234637901,
        0.5200333170536631
      ],
      [
        0.0,
        0.0,
        0.0,
        1.0
      ]
    ],
    "location": [
      23.210950766842757,
      -32.70882494361285,
      0.5200333170536631
    ],
    "rotation": [
      0.03373654922954033,
      0.02574723444192861,
      -0.7833511630528801
    ]
  },
  {
    "label_id": "UqcFa0VqEE65siIegDRVag",
    "size": [
      0.8713121763818984,
      1.0622914136234558,
      1.7500000000000036
    ],
    "obj_class": "pedestrian",
    "point_num_in_lidar": 44,
    "speed": 1.6312981992836053,
    "if_vehicle": false,
    "motion_state": true,
    "pose": [
      [
        0.6823718467587271,
        0.7309840121133631,
        -0.005571066839927374,
        29.45316898585571
      ],
      [
        -0.7305084744642747,
        0.681607411159118,
        -0.042055983983770834,
        -39.528624120695895
      ],
      [
        -0.026944971459674838,
        0.032767530996635,
        0.9990997234637901,
        0.2861874283007282
      ],
      [
        0.0,
        0.0,
        0.0,
        1.0
      ]
    ],
    "location": [
      29.45316898585571,
      -39.528624120695895,
      0.2861874283007282
    ],
    "rotation": [
      0.032785305649535856,
      0.026948233008330574,
      -0.8194548453395158
    ]
  },
  {
    "label_id": "Wpqa9KCQJuuTRKatLAsU9w",
    "size": [
      0.7462867831479458,
      1.0096800683498657,
      1.7500000000000036
    ],
    "obj_class": "pedestrian",
    "point_num_in_lidar": 38,
    "speed": 0.9857003168467031,
    "if_vehicle": false,
    "motion_state": false,
    "pose": [
      [
        -0.648058638369289,
        0.7615700653578817,
        -0.005571066839927374,
        43.04080257260759
      ],
      [
        -0.7607562151260596,
        -0.6476737414456675,
        -0.042055983983770834,
        -28.777856735010573
      ],
      [
        -0.03563681217527003,
        -0.023016519992445705,
        0.9990997234637901,
        0.3325836281725145
      ],
      [
        0.0,
        0.0,
        0.0,
        1.0
      ]
    ],
    "location": [
      43.04080257260759,
      -28.777856735010573,
      0.3325836281725145
    ],
    "rotation": [
      -0.02303318578512676,
      0.035644359509910316,
      -2.2763698729088446
    ]
  },
  {
    "label_id": "Y4WRE-DC5UX_A82GcFlyAw",
    "size": [
      0.8315503518922945,
      0.9516061533592971,
      1.740000000000002
    ],
    "obj_class": "pedestrian",
    "point_num_in_lidar": 51,
    "speed": 0.014058251970187547,
    "if_vehicle": false,
    "motion_state": false,
    "pose": [
      [
        0.9123528965482052,
        -0.4093667736570286,
        -0.005571066839927374,
        32.26469257533395
      ],
      [
        0.40879715683488416,
        0.9116557347896583,
        -0.042055983983770834,
        -39.44065405956826
      ],
      [
        0.02229521750992422,
        0.03609246252007883,
        0.9990997234637901,
        0.2332331430212733
      ],
      [
        0.0,
        0.0,
        0.0,
        1.0
      ]
    ],
    "location": [
      32.26469257533395,
      -39.44065405956826,
      0.2332331430212733
    ],
    "rotation": [
      0.03610928274603745,
      -0.022297064995487424,
      0.42124704258992485
    ]
  },
  {
    "label_id": "_CuXoK6hvB75S9LCO7CUjQ",
    "size": [
      0.924852845629115,
      0.9846531429257308,
      1.8000000000000007
    ],
    "obj_class": "pedestrian",
    "point_num_in_lidar": 225,
    "speed": 1.137130723872009e-12,
    "if_vehicle": false,
    "motion_state": false,
    "pose": [
      [
        0.937652366241722,
        0.3475298595740584,
        -0.005571066839927374,
        16.186705866963052
      ],
      [
        -0.34744745910128166,
        0.9367558686099704,
        -0.042055983983770834,
        -22.726735557536813
      ],
      [
        -0.00939698065140836,
        0.04136954591502285,
        0.9990997234637901,
        0.3768429872578416
      ],
      [
        0.0,
        0.0,
        0.0,
        1.0
      ]
    ],
    "location": [
      16.186705866963052,
      -22.726735557536813,
      0.3768429872578416
    ],
    "rotation": [
      0.041383183475613705,
      0.009397118954218785,
      -0.35486395562223144
    ]
  },
  {
    "label_id": "_hHL2rZg7Bbfjm__kmk14Q",
    "size": [
      1.9780500620659869,
      4.596211258606762,
      1.5200000000000031
    ],
    "obj_class": "vehicle",
    "point_num_in_lidar": 301,
    "speed": 1.7053155762006798e-12,
    "if_vehicle": true,
    "motion_state": false,
    "pose": [
      [
        -0.7162874712823204,
        0.6977830763913984,
        -0.005571066839927374,
        40.7093288496736
      ],
      [
        -0.6970086877804652,
        -0.7158283197595012,
        -0.042055983983770834,
        -15.152409083559178
      ],
      [
        -0.03333388130015607,
        -0.026241092432389937,
        0.9990997234637901,
        0.13430582313185724
      ],
      [
        0.0,
        0.0,
        0.0,
        1.0
      ]
    ],
    "location": [
      40.7093288496736,
      -15.152409083559178,
      0.13430582313185724
    ],
    "rotation": [
      -0.026258701000263552,
      0.033340057532809775,
      -2.369834651691246
    ]
  },
  {
    "label_id": "b20vDrWY4biX5nUcRQMbAQ",
    "size": [
      0.655056170844508,
      0.8091149731180987,
      1.6320307118407769
    ],
    "obj_class": "pedestrian",
    "point_num_in_lidar": 33,
    "speed": 1.2251687356087912,
    "if_vehicle": false,
    "motion_state": true,
    "pose": [
      [
        0.6245113136769713,
        0.7809958913488139,
        -0.005571066839927374,
        33.82692113679809
      ],
      [
        -0.7804633230844173,
        0.6237854563318905,
        -0.042055983983770834,
        -44.20100042780359
      ],
      [
        -0.029370400226956982,
        0.03061245114469751,
        0.9990997234637901,
        0.4130639663206068
      ],
      [
        0.0,
        0.0,
        0.0,
        1.0
      ]
    ],
    "location": [
      33.82692113679809,
      -44.20100042780359,
      0.4130639663206068
    ],
    "rotation": [
      0.03063045263841947,
      0.029374624451363615,
      -0.8959455039023089
    ]
  },
  {
    "label_id": "cRHbXSVzCHNJres5pwPUzA",
    "size": [
      2.903487755108476,
      6.717178148575322,
      3.4999999999999716
    ],
    "obj_class": "vehicle",
    "point_num_in_lidar": 97,
    "speed": 2.8421709430404007e-13,
    "if_vehicle": true,
    "motion_state": false,
    "pose": [
      [
        0.730485135864247,
        0.6829058716218932,
        -0.005571066839927374,
        55.095431751148666
      ],
      [
        -0.6824833998354001,
        0.7296901418823406,
        -0.042055983983770834,
        -60.082281323089774
      ],
      [
        -0.024655125846490798,
        0.03452343181191332,
        0.9990997234637901,
        1.3757971483948417
      ],
      [
        0.0,
        0.0,
        0.0,
        1.0
      ]
    ],
    "location": [
      55.095431751148666,
      -60.082281323089774,
      1.3757971483948417
    ],
    "rotation": [
      0.034540797403760884,
      0.02465762440340056,
      -0.7514389625425076
    ]
  },
  {
    "label_id": "dWGM_6Sr_Eaoh5yFictcbQ",
    "size": [
      1.000000000000502,
      1.0,
      1.9100000000000001
    ],
    "obj_class": "pedestrian",
    "point_num_in_lidar": 134,
    "speed": 8.526512829121202e-13,
    "if_vehicle": false,
    "motion_state": false,
    "pose": [
      [
        0.768066790588885,
        -0.6403455070575218,
        -0.005571066839927374,
        17.457751845371916
      ],
      [
        0.6396089149145778,
        0.7675491711759926,
        -0.042055983983770834,
        -24.22137348002252
      ],
      [
        0.03120642812444306,
        0.028738500627069886,
        0.9990997234637901,
        0.4010164020293523
      ],
      [
        0.0,
        0.0,
        0.0,
        1.0
      ]
    ],
    "location": [
      17.457751845371916,
      -24.22137348002252,
      0.4010164020293523
    ],
    "rotation": [
      0.02875646734474647,
      -0.031211495362707,
      0.6943949107797446
    ]
  },
  {
    "label_id": "fQ2n6--00V_n1eOOacR5TA",
    "size": [
      0.7618255677031726,
      0.9345899953471253,
      1.850000000000005
    ],
    "obj_class": "pedestrian",
    "point_num_in_lidar": 438,
    "speed": 1.3382922557022112,
    "if_vehicle": false,
    "motion_state": true,
    "pose": [
      [
        0.8475040752651744,
        0.53075964958085,
        -0.005571066839927374,
        11.277326016118764
      ],
      [
        -0.5304968514452771,
        0.8466430090763192,
        -0.042055983983770834,
        -20.72086920775655
      ],
      [
        -0.01760491452888264,
        0.038598051233305335,
        0.9990997234637901,
        0.6460383797956837
      ],
      [
        0.0,
        0.0,
        0.0,
        1.0
      ]
    ],
    "location": [
      11.277326016118764,
      -20.72086920775655,
      0.6460383797956837
    ],
    "rotation": [
      0.03861362888007943,
      0.017605824046446762,
      -0.5592835902115747
    ]
  },
  {
    "label_id": "hgO3zRhEBlBJHykxs4_HqQ",
    "size": [
      0.7656421592404551,
      1.0828474020012604,
      1.8984507849923276
    ],
    "obj_class": "pedestrian",
    "point_num_in_lidar": 190,
    "speed": 1.128621271713984,
    "if_vehicle": false,
    "motion_state": true,
    "pose": [
      [
        0.756077649503323,
        0.6544582119095116,
        -0.005571066839927374,
        13.045592314962988
      ],
      [
        -0.6540664651546886,
        0.7552670742003834,
        -0.042055983983770834,
        -22.594865990620747
      ],
      [
        -0.023316240725747,
        0.03544143751313065,
        0.9990997234637901,
        0.6275305931159245
      ],
      [
        0.0,
        0.0,
        0.0,
        1.0
      ]
    ],
    "location": [
      13.045592314962988,
      -22.594865990620747,
      0.6275305931159245
    ],
    "rotation": [
      0.03545850515567444,
      0.023318353877122357,
      -0.7131829967806939
    ]
  },
  {
    "label_id": "htlToNRsx41JQWk7O-9SuQ",
    "size": [
      0.6722732336180186,
      0.6100302540971272,
      1.6900000000000048
    ],
    "obj_class": "pedestrian",
    "point_num_in_lidar": 26,
    "speed": 0.013148541633950524,
    "if_vehicle": false,
    "motion_state": false,
    "pose": [
      [
        -0.981502922581072,
        0.19136607896667351,
        -0.005571066839927374,
        55.941299620805424
      ],
      [
        -0.1909697607698657,
        -0.9806945725773428,
        -0.042055983983770834,
        -50.24397155562474
      ],
      [
        -0.013511603765441828,
        -0.04021416589043997,
        0.9990997234637901,
        0.36968554965818257
      ],
      [
        0.0,
        0.0,
        0.0,
        1.0
      ]
    ],
    "location": [
      55.941299620805424,
      -50.24397155562474,
      0.36968554965818257
    ],
    "rotation": [
      -0.04022868699753061,
      0.013512014920022786,
      -2.949424897526171
    ]
  },
  {
    "label_id": "jkjRLcw59twUELYWSONreA",
    "size": [
      2.451307599367837,
      5.635550788292107,
      2.1400000000000006
    ],
    "obj_class": "vehicle",
    "point_num_in_lidar": 1468,
    "speed": 7.596219304814357,
    "if_vehicle": true,
    "motion_state": true,
    "pose": [
      [
        0.7306956544594961,
        0.6826806162242148,
        -0.005571066839927374,
        23.787679870130106
      ],
      [
        -0.6822583895700871,
        0.7299005302590128,
        -0.042055983983770834,
        -16.524740378199567
      ],
      [
        -0.024644480421384993,
        0.034531031831355675,
        0.9990997234637901,
        0.5005104111716321
      ],
      [
        0.0,
        0.0,
        0.0,
        1.0
      ]
    ],
    "location": [
      23.787679870130106,
      -16.524740378199567,
      0.5005104111716321
    ],
    "rotation": [
      0.03454839519760109,
      0.024646975742671877,
      -0.7511307331526582
    ]
  },
  {
    "label_id": "lhHFPkjsC18bVySvOy8gPg",
    "size": [
      2.966190924559121,
      11.160713238735097,
      4.1399999999999935
    ],
    "obj_class": "vehicle",
    "point_num_in_lidar": 278,
    "speed": 0.005072127336803819,
    "if_vehicle": true,
    "motion_state": false,
    "pose": [
      [
        0.7039650327003164,
        0.7102127821642662,
        -0.005571066839927374,
        60.76706003346903
      ],
      [
        -0.7097603596234954,
        0.7031866936442153,
        -0.042055983983770834,
        -53.40559423779814
      ],
      [
        -0.025951197320530247,
        0.033560064544172596,
        0.9990997234637901,
        1.5918554233719249
      ],
      [
        0.0,
        0.0,
        0.0,
        1.0
      ]
    ],
    "location": [
      60.76706003346903,
      -53.40559423779814,
      1.5918554233719249
    ],
    "rotation": [
      0.03357768024343727,
      0.025954111072626126,
      -0.7894974704428173
    ]
  },
  {
    "label_id": "ohnUqlIEDND8uWnUNCjXPQ",
    "size": [
      0.9097731638516878,
      1.0756147958730597,
      1.9184974544166629
    ],
    "obj_class": "pedestrian",
    "point_num_in_lidar": 43,
    "speed": 8.527929402286984e-13,
    "if_vehicle": false,
    "motion_state": false,
    "pose": [
      [
        0.9124989885287915,
        0.40904102379614365,
        -0.005571066839927374,
        17.89938781653592
      ],
      [
        -0.4088992601785494,
        0.9116099435814594,
        -0.042055983983770834,
        -25.381286440504482
      ],
      [
        -0.012123982817841111,
        0.040654047956025494,
        0.9990997234637901,
        0.4068429872579138
      ],
      [
        0.0,
        0.0,
        0.0,
        1.0
      ]
    ],
    "location": [
      17.89938781653592,
      -25.381286440504482,
      0.4068429872579138
    ],
    "rotation": [
      0.04066824549105249,
      0.012124279856800408,
      -0.42128048565528253
    ]
  },
  {
    "label_id": "p6HYxZ-qmvgAHLlaUQcisA",
    "size": [
      0.6759889815807519,
      0.9843414976660856,
      1.6620307118407744
    ],
    "obj_class": "pedestrian",
    "point_num_in_lidar": 33,
    "speed": 0.955121909740494,
    "if_vehicle": false,
    "motion_state": false,
    "pose": [
      [
        0.8827013410821793,
        0.4699013786593812,
        -0.005571066839927374,
        32.058397174656335
      ],
      [
        -0.469699729453057,
        0.8818239384156464,
        -0.042055983983770834,
        -42.048606776350425
      ],
      [
        -0.014849464752889204,
        0.03973960205048395,
        0.9990997234637901,
        0.4086867827292018
      ],
      [
        0.0,
        0.0,
        0.0,
        1.0
      ]
    ],
    "location": [
      32.058397174656335,
      -42.048606776350425,
      0.4086867827292018
    ],
    "rotation": [
      0.039754454804012816,
      0.01485001054122102,
      -0.489009292943252
    ]
  },
  {
    "label_id": "plbgXUaVwrkY03GJ00eboA",
    "size": [
      0.8532039110399774,
      1.0775604866757238,
      1.7717746335030995
    ],
    "obj_class": "pedestrian",
    "point_num_in_lidar": 853,
    "speed": 1.2300786030550062,
    "if_vehicle": false,
    "motion_state": true,
    "pose": [
      [
        0.593020861042709,
        0.8051678219988856,
        -0.005571066839927374,
        1.359063744696357
      ],
      [
        -0.8046068635413179,
        0.5923167137210971,
        -0.042055983983770834,
        -10.836417440366859
      ],
      [
        -0.03056228902368642,
        0.02942259445070716,
        0.9990997234637901,
        0.9085917078727306
      ],
      [
        0.0,
        0.0,
        0.0,
        1.0
      ]
    ],
    "location": [
      1.359063744696357,
      -10.836417440366859,
      0.9085917078727306
    ],
    "rotation": [
      0.02944059797280478,
      0.03056704882684241,
      -0.9356466455781319
    ]
  },
  {
    "label_id": "pz7xo7HxZhLHkt8SZMS4wg",
    "size": [
      0.6538178511627486,
      0.9079292511897701,
      1.7400000000000055
    ],
    "obj_class": "pedestrian",
    "point_num_in_lidar": 24,
    "speed": 1.4483554181806164,
    "if_vehicle": false,
    "motion_state": true,
    "pose": [
      [
        0.6954081911968103,
        0.7185933556822284,
        -0.005571066839927374,
        26.870464280548077
      ],
      [
        -0.7181316432857888,
        0.6946353267166948,
        -0.042055983983770834,
        -38.20334420616928
      ],
      [
        -0.02635129082290244,
        0.03324683513576811,
        0.9990997234637901,
        0.41092112014188586
      ],
      [
        0.0,
        0.0,
        0.0,
        1.0
      ]
    ],
    "location": [
      26.870464280548077,
      -38.20334420616928,
      0.41092112014188586
    ],
    "rotation": [
      0.03326451864313025,
      0.02635434145737268,
      -0.8014723442667641
    ]
  },
  {
    "label_id": "uqZQ_toA0YqqDmkEqNV_iw",
    "size": [
      0.8147056283479761,
      0.9676938829072166,
      1.600000000000005
    ],
    "obj_class": "pedestrian",
    "point_num_in_lidar": 90,
    "speed": 1.565729416920621,
    "if_vehicle": false,
    "motion_state": true,
    "pose": [
      [
        0.7098627726048042,
        0.7043179731371939,
        -0.005571066839927374,
        26.9585786910675
      ],
      [
        -0.7038720566216611,
        0.70908068801678,
        -0.042055983983770834,
        -37.19702941332798
      ],
      [
        -0.02567044948989659,
        0.03377529566953922,
        0.9990997234637901,
        0.36590397425480603
      ],
      [
        0.0,
        0.0,
        0.0,
        1.0
      ]
    ],
    "location": [
      26.9585786910675,
      -37.19702941332798,
      0.36590397425480603
    ],
    "rotation": [
      0.033792860960270434,
      0.025673269677409565,
      -0.7811606784021973
    ]
  },
  {
    "label_id": "wd-dwWfxFi-2x2ASuoXg0g",
    "size": [
      1.9926852032161348,
      4.23777338934755,
      1.7800000000000047
    ],
    "obj_class": "vehicle",
    "point_num_in_lidar": 186,
    "speed": 3.3276460415947726,
    "if_vehicle": true,
    "motion_state": true,
    "pose": [
      [
        -0.40748708446455734,
        0.9131939767699082,
        -0.005571066839927374,
        19.071655884778252
      ],
      [
        -0.9123046917865749,
        -0.40734683447322806,
        -0.042055983983770834,
        -29.478354243854483
      ],
      [
        -0.04067462770299444,
        -0.012054759881512549,
        0.9990997234637901,
        0.3173069437171847
      ],
      [
        0.0,
        0.0,
        0.0,
        1.0
      ]
    ],
    "location": [
      19.071655884778252,
      -29.478354243854483,
      0.3173069437171847
    ],
    "rotation": [
      -0.012065036827903474,
      0.04068585158353936,
      -1.9908665606107356
    ]
  },
  {
    "label_id": "x8BpeQrGkEzAirIsNjwIeA",
    "size": [
      0.8221496866568385,
      0.9023545283156887,
      1.7200000000000024
    ],
    "obj_class": "pedestrian",
    "point_num_in_lidar": 23,
    "speed": 1.0272978484238244,
    "if_vehicle": false,
    "motion_state": true,
    "pose": [
      [
        -0.1679090362088321,
        0.9857867511656292,
        -0.005571066839927374,
        45.532215565605824
      ],
      [
        -0.9848904977864871,
        -0.167994052219245,
        -0.042055983983770834,
        -29.47443690685941
      ],
      [
        -0.042394137912058844,
        -0.0015746889443511818,
        0.9990997234637901,
        0.36993426799989493
      ],
      [
        0.0,
        0.0,
        0.0,
        1.0
      ]
    ],
    "location": [
      45.532215565605824,
      -29.47443690685941,
      0.36993426799989493
    ],
    "rotation": [
      -0.0015761065722153015,
      0.042406847095610864,
      -1.7396578033006123
    ]
  },
  {
    "label_id": "xJ9paU9ARQzf8h-g7JRgXw",
    "size": [
      0.7982479932818403,
      0.9690615119256042,
      1.7917746335031026
    ],
    "obj_class": "pedestrian",
    "point_num_in_lidar": 833,
    "speed": 1.3316778516564651,
    "if_vehicle": false,
    "motion_state": true,
    "pose": [
      [
        0.6584340454517326,
        0.752617812042959,
        -0.005571066839927374,
        0.5494772010774653
      ],
      [
        -0.752117860129479,
        0.6576853493011763,
        -0.042055983983770834,
        -9.396257615440845
      ],
      [
        -0.027988073608581496,
        0.03188119054017197,
        0.9990997234637901,
        0.9567638324097452
      ],
      [
        0.0,
        0.0,
        0.0,
        1.0
      ]
    ],
    "location": [
      0.5494772010774653,
      -9.396257615440845,
      0.9567638324097452
    ],
    "rotation": [
      0.031899094220608284,
      0.027991728890725636,
      -0.8517171885193345
    ]
  },
  {
    "label_id": "yBNHyhO_RtHwkKawZhxD6Q",
    "size": [
      0.7515972622574855,
      0.870907410979146,
      1.7100000000000009
    ],
    "obj_class": "pedestrian",
    "point_num_in_lidar": 50,
    "speed": 0.028368238111975204,
    "if_vehicle": false,
    "motion_state": false,
    "pose": [
      [
        0.6098608816866176,
        -0.7924889073057657,
        -0.005571066839927374,
        32.997625997082
      ],
      [
        0.7916571302393464,
        0.6095164332094414,
        -0.042055983983770834,
        -41.551543472529374
      ],
      [
        0.03672455758241125,
        0.021237924685672264,
        0.9990997234637901,
        0.2932068621799431
      ],
      [
        0.0,
        0.0,
        0.0,
        1.0
      ]
    ],
    "location": [
      32.997625997082,
      -41.551543472529374,
      0.2932068621799431
    ],
    "rotation": [
      0.021253861029853844,
      -0.03673281762292748,
      0.9143917286089237
    ]
  }
]