[
  {
    "label_id": "0OCxtJR_yEaJVNaM9OqfbQ",
    "size": [
      2.915222912169122,
      7.801972595825992,
      3.8199999999999648
    ],
    "obj_class": "vehicle",
    "point_num_in_lidar": 260,
    "speed": 1.1368770508004532e-12,
    "if_vehicle": true,
    "motion_state": false,
    "pose": [
      [
        0.6970826677695743,
        0.7168869432761658,
        0.012201018621771,
        40.2137488536098
      ],
      [
        -0.7168219169506665,
        0.6971868807300028,
        -0.009838328981106021,
        -45.256889121268614
      ],
      [
        -0.015559359704851613,
        -0.0018878289446645647,
        0.9998771636693433,
        1.5348117781904271
      ],
      [
        0.0,
        0.0,
        0.0,
        1.0
      ]
    ],
    "location": [
      40.2137488536098,
      -45.256889121268614,
      1.5348117781904271
    ],
    "rotation": [
      -0.0018880586236350106,
      0.015559987577016205,
      -0.7993580636084769
    ]
  },
  {
    "label_id": "1Ex56PnGkmAkOr9am5NbuQ",
    "size": [
      0.7521412013690169,
      0.43465010458303877,
      1.730000000000004
    ],
    "obj_class": "pedestrian",
    "point_num_in_lidar": 39,
    "speed": 0.08177686796567002,
    "if_vehicle": false,
    "motion_state": false,
    "pose": [
      [
        0.6886485556939858,
        -0.7249926219522367,
        0.012201018621771,
        6.753837102296373
      ],
      [
        0.7250941713018157,
        0.6885794435117799,
        -0.009838328981106021,
        53.46637532948989
      ],
      [
        -0.0012686546892152074,
        0.015622038529872012,
        0.9998771636693433,
        1.1960254983690035
      ],
      [
        0.0,
        0.0,
        0.0,
        1.0
      ]
    ],
    "location": [
      6.753837102296373,
      53.46637532948989,
      1.1960254983690035
    ],
    "rotation": [
      0.015622686594369379,
      0.0012686550295288436,
      0.8111719795288053
    ]
  },
  {
    "label_id": "1ww6VUXNbH5HN8vA9BN37A",
    "size": [
      0.6456626533916914,
      1.047126442663309,
      1.6874087649240757
    ],
    "obj_class": "pedestrian",
    "point_num_in_lidar": 20,
    "speed": 1.5871108534214307,
    "if_vehicle": false,
    "motion_state": true,
    "pose": [
      [
        -0.6468854263735879,
        -0.762489593561809,
        0.012201018621771,
        12.562723244007856
      ],
      [
        0.7624317808380193,
        -0.6469938074286539,
        -0.009838328981106021,
        -23.28076627174414
      ],
      [
        0.015395606958738426,
        0.0029381727180883034,
        0.9998771636693433,
        0.629035571995125
      ],
      [
        0.0,
        0.0,
        0.0,
        1.0
      ]
    ],
    "location": [
      12.562723244007856,
      -23.28076627174414,
      0.629035571995125
    ],
    "rotation": [
      0.0029385252187664824,
      -0.015396215213506217,
      2.2743899863493153
    ]
  },
  {
    "label_id": "7jc3Af57sBpvlPL9mBChxg",
    "size": [
      0.7280243212190078,
      0.9942925016849594,
      1.9500000000000028
    ],
    "obj_class": "pedestrian",
    "point_num_in_lidar": 422,
    "speed": 1.4539907369094662,
    "if_vehicle": false,
    "motion_state": true,
    "pose": [
      [
        0.670484618027015,
        0.7418231002966672,
        0.012201018621771,
        -14.22566435830484
      ],
      [
        -0.7417619163615348,
        0.6705911322993491,
        -0.009838328981106021,
        6.580309823622883
      ],
      [
        -0.015480194599281481,
        -0.0024538027055266464,
        0.9998771636693433,
        1.6321372932125122
      ],
      [
        0.0,
        0.0,
        0.0,
        1.0
      ]
    ],
    "location": [
      -14.22566435830484,
      6.580309823622883,
      1.6321372932125122
    ],
    "rotation": [
      -0.0024540992319761804,
      0.015480812935711217,
      -0.8358262346963766
    ]
  },
  {
    "label_id": "BUMkYhAQav9kbH1CraE_oA",
    "size": [
      0.8226167862754215,
      0.7142499262422745,
      1.0400000000000027
    ],
    "obj_class": "pedestrian",
    "point_num_in_lidar": 396,
    "speed": 8.881784197001252e-15,
    "if_vehicle": false,
    "motion_state": false,
    "pose": [
      [
        -0.7332668256249198,
        -0.6798315214687716,
        0.012201018621771,
        -13.763413627622299
      ],
      [
        0.6797611863942853,
        -0.7333675318383636,
        -0.009838328981106021,
        9.388177313798224
      ],
      [
        0.015636237072497727,
        0.0010796586321245587,
        0.9998771636693433,
        1.0940258826337903
      ],
      [
        0.0,
        0.0,
        0.0,
        1.0
      ]
    ],
    "location": [
      -13.763413627622299,
      9.388177313798224,
      1.0940258826337903
    ],
    "rotation": [
      0.001079790850061716,
      -0.015636874298185943,
      2.3940423517316587
    ]
  },
  {
    "label_id": "CE8NHyciagbegqHwuqO5sg",
    "size": [
      0.659436862993024,
      0.9203849492443361,
      1.730000000000004
    ],
    "obj_class": "pedestrian",
    "point_num_in_lidar": 567,
    "speed": 1.509383616692123,
    "if_vehicle": false,
    "motion_state": true,
    "pose": [
      [
        0.7007894243926065,
        0.7132638486591554,
        0.012201018621771,
        -13.761451081291852
      ],
      [
        -0.7131982829992615,
        0.7008932988763446,
        -0.009838328981106021,
        7.06798479871577
      ],
      [
        -0.015568936584903378,
        -0.0018071486282347045,
        0.9998771636693433,
        1.5304444287444667
      ],
      [
        0.0,
        0.0,
        0.0,
        1.0
      ]
    ],
    "location": [
      -13.761451081291852,
      7.06798479871577,
      1.5304444287444667
    ],
    "rotation": [
      -0.0018073686710372032,
      0.01556956561724347,
      -0.7941737277128684
    ]
  },
  {
    "label_id": "DSEksbujIeGRz3HqBPbwVg",
    "size": [
      0.8839765964394241,
      1.0330480932421415,
      1.722988291912845
    ],
    "obj_class": "pedestrian",
    "point_num_in_lidar": 219,
    "speed": 1.5016980013670043,
    "if_vehicle": false,
    "motion_state": true,
    "pose": [
      [
        0.6438752081607706,
        0.7650332355267421,
        0.012201018621771,
        -9.253138376608092
      ],
      [
        -0.7649758504133318,
        0.6439838162308579,
        -0.009838328981106021,
        1.2455495041558606
      ],
      [
        -0.01538390718654391,
        -0.0029988284754343866,
        0.9998771636693433,
        1.4138197557569683
      ],
      [
        0.0,
        0.0,
        0.0,
        1.0
      ]
    ],
    "location": [
      -9.253138376608092,
      1.2455495041558606,
      1.4138197557569683
    ],
    "rotation": [
      -0.00299918789304938,
      0.015384514055551402,
      -0.8711444185928894
    ]
  },
  {
    "label_id": "Em1g7-nMbotXR-DrtWI2ig",
    "size": [
      1.7290692349610957,
      3.5947345219723577,
      1.3300000000000054
    ],
    "obj_class": "vehicle",
    "point_num_in_lidar": 31,
    "speed": 6.615538365856201,
    "if_vehicle": true,
    "motion_state": true,
    "pose": [
      [
        0.6885120772492989,
        0.7251222342656767,
        0.012201018621771,
        43.804649043778255
      ],
      [
        -0.7250584512711586,
        0.6886170557887223,
        -0.009838328981106021,
        -40.530535405208866
      ],
      [
        -0.01553582061316768,
        -0.002072643342388564,
        0.9998771636693433,
        0.3310646311814125
      ],
      [
        0.0,
        0.0,
        0.0,
        1.0
      ]
    ],
    "location": [
      43.804649043778255,
      -40.530535405208866,
      0.3310646311814125
    ],
    "rotation": [
      -0.0020728950005607237,
      0.01553644563979224,
      -0.8112463497415479
    ]
  },
  {
    "label_id": "FI9gXqHphltRJYHwCug7Ng",
    "size": [
      1.859444013733964,
      4.194035097474454,
      1.5400000000000027
    ],
    "obj_class": "vehicle",
    "point_num_in_lidar": 151,
    "speed": 10.85366280623152,
    "if_vehicle": true,
    "motion_state": true,
    "pose": [
      [
        0.6548078758455614,
        0.7556968842566542,
        0.012201018621771,
        20.259488871395973
      ],
      [
        -0.7556379435686492,
        0.6549156476388409,
        -0.009838328981106021,
        -17.39552539802571
      ],
      [
        -0.01542543256984448,
        -0.0027773373188099714,
        0.9998771636693433,
        0.3755596389627094
      ],
      [
        0.0,
        0.0,
        0.0,
        1.0
      ]
    ],
    "location": [
      20.259488871395973,
      -17.39552539802571,
      0.3755596389627094
    ],
    "rotation": [
      -0.0027776713749557078,
      0.015426044366798793,
      -0.8567648373565104
    ]
  },
  {
    "label_id": "G8ZifmyoUj0ZKarCYDaXdw",
    "size": [
      0.9191115219754001,
      1.1134257866036492,
      1.944807819718985
    ],
    "obj_class": "pedestrian",
    "point_num_in_lidar": 21,
    "speed": 1.5004151744712357,
    "if_vehicle": false,
    "motion_state": true,
    "pose": [
      [
        0.6808807241380288,
        0.7322926837282104,
        0.012201018621771,
        5.7208344627204895
      ],
      [
        -0.7322300035836694,
        0.6809863648669618,
        -0.009838328981106021,
        -15.708511736151195
      ],
      [
        -0.015513263651889103,
        -0.002235223348180174,
        0.9998771636693433,
        0.9111352769412555
      ],
      [
        0.0,
        0.0,
        0.0,
        1.0
      ]
    ],
    "location": [
      5.7208344627204895,
      -15.708511736151195,
      0.9111352769412555
    ],
    "rotation": [
      -0.002235494224625986,
      0.015513885959779233,
      -0.8217199428843447
    ]
  },
  {
    "label_id": "MSs5ysIlfn6HWkrilVdHNQ",
    "size": [
      2.79197165391328,
      6.598391175076888,
      3.4099999999999753
    ],
    "obj_class": "vehicle",
    "point_num_in_lidar": 219,
    "speed": 2.842257677890751e-13,
    "if_vehicle": true,
    "motion_state": false,
    "pose": [
      [
        0.7271924404560252,
        0.6863252069450763,
        0.012201018621771,
        46.40458313547438
      ],
      [
        -0.6862557701802002,
        0.7272937681413473,
        -0.009838328981106021,
        -38.241047547966446
      ],
      [
        -0.01562601798254191,
        -0.0012186609694866952,
        0.9998771636693433,
        1.0714148392274474
      ],
      [
        0.0,
        0.0,
        0.0,
        1.0
      ]
    ],
    "location": [
      46.40458313547438,
      -38.241047547966446,
      1.0714148392274474
    ],
    "rotation": [
      -0.0012188100802051729,
      0.015626653959575167,
      -0.7564439861926072
    ]
  },
  {
    "label_id": "NBQ3rxVy18iVna4hcsFH0g",
    "size": [
      0.4825579269746761,
      0.09805526741614481,
      0.5973442941456781
    ],
    "obj_class": "sign",
    "point_num_in_lidar": 27,
    "speed": 0.0072613287775637955,
    "if_vehicle": false,
    "motion_state": false,
    "pose": [
      [
        -0.6450511368120707,
        -0.7640419923289861,
        0.012201018621771,
        15.94195216775421
      ],
      [
        0.7639844402344258,
        -0.6451596564901982,
        -0.009838328981106021,
        -2.377943631659946
      ],
      [
        0.01538850145876454,
        0.0029751630884499412,
        0.9998771636693433,
        3.2345294036610213
      ],
      [
        0.0,
        0.0,
        0.0,
        1.0
      ]
    ],
    "location": [
      15.94195216775421,
      -2.377943631659946,
      3.2345294036610213
    ],
    "rotation": [
      0.0029755198099615425,
      -0.015389108871681781,
      2.2719865012206855
    ]
  },
  {
    "label_id": "NcZjUIVXRIsoGxH2IxkqVQ",
    "size": [
      0.15294326971082792,
      0.033421445931762106,
      0.20000000000000284
    ],
    "obj_class": "sign",
    "point_num_in_lidar": 20,
    "speed": 0.015661538064246947,
    "if_vehicle": false,
    "motion_state": false,
    "pose": [
      [
        0.0012757092442531686,
        -0.9999247510240535,
        0.012201018621771,
        -11.87139514362056
      ],
      [
        0.9999509346211238,
        0.0011556959809293657,
        -0.009838328981106021,
        7.759716269578348
      ],
      [
        0.009823487988740746,
        0.012212970821398852,
        0.9998771636693433,
        1.1323326529510638
      ],
      [
        0.0,
        0.0,
        0.0,
        1.0
      ]
    ],
    "location": [
      -11.87139514362056,
      7.759716269578348,
      1.1323326529510638
    ],
    "rotation": [
      0.012213863817475674,
      -0.00982364599153415,
      1.5695205556465601
    ]
  },
  {
    "label_id": "O8ilGM7P1-uAp4PIMof2xA",
    "size": [
      0.7819962013980786,
      0.8654287857100659,
      1.7400000000000055
    ],
    "obj_class": "pedestrian",
    "point_num_in_lidar": 31,
    "speed": 1.4523219946014658,
    "if_vehicle": false,
    "motion_state": true,
    "pose": [
      [
        0.6727519132399181,
        0.7397675299556077,
        0.012201018621771,
        38.15331987737167
      ],
      [
        -0.739706020307769,
        0.6728582397528485,
        -0.009838328981106021,
        -21.744706387848055
      ],
      [
        -0.015487632242280034,
        -0.002406412283288397,
        0.9998771636693433,
        0.5205910327773537
      ],
      [
        0.0,
        0.0,
        0.0,
        1.0
      ]
    ],
    "location": [
      38.15331987737167,
      -21.744706387848055,
      0.5205910327773537
    ],
    "rotation": [
      -0.002406703267728042,
      0.015488251470463451,
      -0.8327652561206368
    ]
  },
  {
    "label_id": "OLCvkJUNK6eYbjQ3PM1B4w",
    "size": [
      1.0141263494866661,
      1.1026134838928923,
      1.7699999999999996
    ],
    "obj_class": "pedestrian",
    "point_num_in_lidar": 20,
    "speed": 1.7379227163284265,
    "if_vehicle": false,
    "motion_state": true,
    "pose": [
      [
        0.6574878653117991,
        0.7533663399119481,
        0.012201018621771,
        -2.170828336845844
      ],
      [
        -0.7533070168067858,
        0.6575954270769533,
        -0.009838328981106021,
        -5.201462518583867
      ],
      [
        -0.015435199946702852,
        -0.002722531019947748,
        0.9998771636693433,
        1.149764530555803
      ],
      [
        0.0,
        0.0,
        0.0,
        1.0
      ]
    ],
    "location": [
      -2.170828336845844,
      -5.201462518583867,
      1.149764530555803
    ],
    "rotation": [
      -0.0027228587576779207,
      0.01543581290664502,
      -0.8532125731815825
    ]
  },
  {
    "label_id": "TUgaysJsmRIFmjy8Ssx5VQ",
    "size": [
      0.7719195621646122,
      0.94966798220545,
      1.7562431769673594
    ],
    "obj_class": "pedestrian",
    "point_num_in_lidar": 33,
    "speed": 1.3935057631614418,
    "if_vehicle": false,
    "motion_state": true,
    "pose": [
      [
        0.6952681356654439,
        0.7186468915071498,
        0.012201018621771,
        11.589621276958695
      ],
      [
        -0.7185821288418991,
        0.6953725126807241,
        -0.009838328981106021,
        -21.16416253249372
      ],
      [
        -0.015554537516181754,
        -0.0019271572865149692,
        0.9998771636693433,
        0.6939805516536097
      ],
      [
        0.0,
        0.0,
        0.0,
        1.0
      ]
    ],
    "location": [
      11.589621276958695,
      -21.16416253249372,
      0.6939805516536097
    ],
    "rotation": [
      -0.0019273916538734609,
      0.015555164804710605,
      -0.8018863877853608
    ]
  },
  {
    "label_id": "V2LikFvNhViYA90wsd05cg",
    "size": [
      1.013810301530095,
      0.13240155450344712,
      0.896812763549697
    ],
    "obj_class": "sign",
    "point_num_in_lidar": 57,
    "speed": 0.022846045695474826,
    "if_vehicle": false,
    "motion_state": false,
    "pose": [
      [
        -0.6785043549158335,
        -0.7344950479784326,
        0.012201018621771,
        3.08149639974458
      ],
      [
        0.734432710462931,
        -0.6786101981881293,
        -0.009838328981106021,
        -8.39603554495443
      ],
      [
        0.015505939582022147,
        0.00228547811802088,
        0.9998771636693433,
        3.354821909782828
      ],
      [
        0.0,
        0.0,
        0.0,
        1.0
      ]
    ],
    "location": [
      3.08149639974458,
      -8.39603554495443,
      3.354821909782828
    ],
    "rotation": [
      0.0022857549114717445,
      -0.015506561008859072,
      2.3166320960131936
    ]
  },
  {
    "label_id": "VceceKYf-sBWe2z2yzYRVw",
    "size": [
      0.7928177116071369,
      0.8884006652584333,
      1.7400000000000055
    ],
    "obj_class": "pedestrian",
    "point_num_in_lidar": 702,
    "speed": 1.3936949541712444,
    "if_vehicle": false,
    "motion_state": true,
    "pose": [
      [
        0.6913633297240015,
        0.7224042368767868,
        0.012201018621771,
        -12.11975634459617
      ],
      [
        -0.7223400408177115,
        0.6914680561778153,
        -0.009838328981106021,
        5.53391349204685
      ],
      [
        -0.015543865169523993,
        -0.00201142440597012,
        0.9998771636693433,
        1.4899532325480997
      ],
      [
        0.0,
        0.0,
        0.0,
        1.0
      ]
    ],
    "location": [
      -12.11975634459617,
      5.53391349204685,
      1.4899532325480997
    ],
    "rotation": [
      -0.002011668798698074,
      0.01554449116765128,
      -0.8073064049746144
    ]
  },
  {
    "label_id": "Wpqa9KCQJuuTRKatLAsU9w",
    "size": [
      0.7462867831461926,
      1.0096800683498657,
      1.7500000000000036
    ],
    "obj_class": "pedestrian",
    "point_num_in_lidar": 21,
    "speed": 1.2622072920378236,
    "if_vehicle": false,
    "motion_state": true,
    "pose": [
      [
        -0.5937772781947003,
        0.8045369345432718,
        0.012201018621771,
        45.93281995468462
      ],
      [
        -0.8046291648028846,
        -0.5936961465526552,
        -0.009838328981106021,
        -25.58191558317594
      ],
      [
        -0.0006716012997246391,
        -0.015659071627765215,
        0.9998771636693433,
        0.491583876447816
      ],
      [
        0.0,
        0.0,
        0.0,
        1.0
      ]
    ],
    "location": [
      45.93281995468462,
      -25.58191558317594,
      0.491583876447816
    ],
    "rotation": [
      -0.015659715181410502,
      0.0006716013502120874,
      -2.206541679759639
    ]
  },
  {
    "label_id": "_HXRJqr7AwgvGu22LM6Eqg",
    "size": [
      0.4089635300633922,
      0.09352152301424937,
      0.5970501474926238
    ],
    "obj_class": "sign",
    "point_num_in_lidar": 41,
    "speed": 0.011499082754389257,
    "if_vehicle": false,
    "motion_state": false,
    "pose": [
      [
        -0.9874045256734627,
        -0.15774485038870686,
        0.012201018621771,
        9.329088461073653
      ],
      [
        0.15763041351466672,
        -0.9874491683211115,
        -0.009838328981106021,
        3.9768642749677383
      ],
      [
        0.013599831423937617,
        -0.007791158950358563,
        0.9998771636693433,
        2.845765974472492
      ],
      [
        0.0,
        0.0,
        0.0,
        1.0
      ]
    ],
    "location": [
      9.329088461073653,
      3.9768642749677383,
      2.845765974472492
    ],
    "rotation": [
      -0.007791958406225467,
      -0.013600250685910647,
      2.983287284445266
    ]
  },
  {
    "label_id": "de92Xadub7g4by1rwCWl-g",
    "size": [
      2.4455632103003677,
      5.893766671715216,
      2.0400000000000027
    ],
    "obj_class": "vehicle",
    "point_num_in_lidar": 10406,
    "speed": 0.047263850744131565,
    "if_vehicle": true,
    "motion_state": false,
    "pose": [
      [
        0.6829898436273647,
        0.7303259605453302,
        0.012201018621771,
        -8.773937768307633
      ],
      [
        -0.7302629759908545,
        0.6830953031457909,
        -0.009838328981106021,
        6.783680493063002
      ],
      [
        -0.015519645577413319,
        -0.0021904733964941536,
        0.9998771636693433,
        1.3428271442575053
      ],
      [
        0.0,
        0.0,
        0.0,
        1.0
      ]
    ],
    "location": [
      -8.773937768307633,
      6.783680493063002,
      1.3428271442575053
    ],
    "rotation": [
      -0.0021907389945589606,
      0.015520268653699569,
      -0.8188355727007716
    ]
  },
  {
    "label_id": "eMbjSopveNs3m1uFnXkKKw",
    "size": [
      2.3607731232760565,
      5.4302539376947845,
      2.1700000000000017
    ],
    "obj_class": "vehicle",
    "point_num_in_lidar": 230,
    "speed": 0.023022910406879413,
    "if_vehicle": true,
    "motion_state": false,
    "pose": [
      [
        0.7252325459878971,
        -0.6883958812954244,
        0.012201018621771,
        2.5778667190681688
      ],
      [
        0.6885008700535181,
        0.7251687798150221,
        -0.009838328981106021,
        37.26325850442663
      ],
      [
        -0.0020751326370272443,
        0.015535488311862546,
        0.9998771636693433,
        1.3976001636118376
      ],
      [
        0.0,
        0.0,
        0.0,
        1.0
      ]
    ],
    "location": [
      2.5778667190681688,
      37.26325850442663,
      1.3976001636118376
    ],
    "rotation": [
      0.015536146751792863,
      0.0020751341263443366,
      0.759421969141307
    ]
  },
  {
    "label_id": "h1MQcORcKbbVlpISVYmbVg",
    "size": [
      0.824453546291394,
      1.0348702526007014,
      1.8090579967917257
    ],
    "obj_class": "pedestrian",
    "point_num_in_lidar": 1055,
    "speed": 2.0071756874945637,
    "if_vehicle": false,
    "motion_state": true,
    "pose": [
      [
        0.829896732833381,
        0.5577836031805445,
        0.012201018621771,
        -12.925970694236952
      ],
      [
        -0.5576984899533068,
        0.8299853020305002,
        -0.009838328981106021,
        7.722376018105933
      ],
      [
        -0.015614324714227256,
        0.0013603074167059899,
        0.9998771636693433,
        1.5477104056225457
      ],
      [
        0.0,
        0.0,
        0.0,
        1.0
      ]
    ],
    "location": [
      -12.925970694236952,
      7.722376018105933,
      1.5477104056225457
    ],
    "rotation": [
      0.0013604736930430998,
      0.015614959264480524,
      -0.5916923739105384
    ]
  },
  {
    "label_id": "hgO3zRhEBlBJHykxs4_HqQ",
    "size": [
      0.7656421592370746,
      1.0828474020012604,
      1.8984507849923276
    ],
    "obj_class": "pedestrian",
    "point_num_in_lidar": 42,
    "speed": 1.2829686469554817,
    "if_vehicle": false,
    "motion_state": true,
    "pose": [
      [
        0.8148366125363001,
        0.5795622744925336,
        0.012201018621771,
        9.324577079822092
      ],
      [
        -0.5794795362667603,
        0.8149274043317724,
        -0.009838328981106021,
        -19.8053730675947
      ],
      [
        -0.015644868757139076,
        0.0009463900470561745,
        0.9998771636693433,
        0.7778408799007615
      ],
      [
        0.0,
        0.0,
        0.0,
        1.0
      ]
    ],
    "location": [
      9.324577079822092,
      -19.8053730675947,
      0.7778408799007615
    ],
    "rotation": [
      0.0009465060297684923,
      0.01564550703879217,
      -0.6181769645394535
    ]
  },
  {
    "label_id": "hnUo4hyZCFm1C_pXJddkUQ",
    "size": [
      0.8103802593141645,
      0.9244852452441166,
      1.610000000000003
    ],
    "obj_class": "cyclist",
    "point_num_in_lidar": 384,
    "speed": 1.5222572449027256,
    "if_vehicle": false,
    "motion_state": true,
    "pose": [
      [
        0.732537270151277,
        0.6806175746951486,
        0.012201018621771,
        -13.997220029072935
      ],
      [
        -0.6805473476706668,
        0.7326380517426596,
        -0.009838328981106021,
        4.976433198640734
      ],
      [
        -0.01563507012250359,
        -0.0010964282072570687,
        0.9998771636693433,
        1.4869983232188737
      ],
      [
        0.0,
        0.0,
        0.0,
        1.0
      ]
    ],
    "location": [
      -13.997220029072935,
      4.976433198640734,
      1.4869983232188737
    ],
    "rotation": [
      -0.0010965624655002095,
      0.015635707205521376,
      -0.7486229537767899
    ]
  },
  {
    "label_id": "ht8gtxcrZA6mDs1xt8AdvA",
    "size": [
      2.3898176620661737,
      5.415910525913205,
      2.289999999999999
    ],
    "obj_class": "vehicle",
    "point_num_in_lidar": 2867,
    "speed": 0.01430889370414302,
    "if_vehicle": true,
    "motion_state": false,
    "pose": [
      [
        0.6833696179747137,
        0.7299706161029259,
        0.012201018621771,
        -4.446434836092621
      ],
      [
        -0.7299075767039798,
        0.6834750447185204,
        -0.009838328981106021,
        2.1325486645273486
      ],
      [
        -0.01552078281588767,
        -0.0021824008182090245,
        0.9998771636693433,
        1.3641552241207044
      ],
      [
        0.0,
        0.0,
        0.0,
        1.0
      ]
    ],
    "location": [
      -4.446434836092621,
      2.1325486645273486,
      1.3641552241207044
    ],
    "rotation": [
      -0.0021826654631512186,
      0.015521406029165992,
      -0.8183153781259142
    ]
  },
  {
    "label_id": "jGEgNY4HYcY3q1xhLY417g",
    "size": [
      0.7949278100929886,
      0.7991999698350772,
      1.7100000000000044
    ],
    "obj_class": "pedestrian",
    "point_num_in_lidar": 356,
    "speed": 1.4938522201356947,
    "if_vehicle": false,
    "motion_state": true,
    "pose": [
      [
        0.7158938813271811,
        0.6981024894833818,
        0.012201018621771,
        -13.916345800357192
      ],
      [
        -0.6980347157636827,
        0.7159963288115199,
        -0.009838328981106021,
        5.872512630332494
      ],
      [
        -0.015604046495015645,
        -0.0014735350456176392,
        0.9998771636693433,
        1.518765587349602
      ],
      [
        0.0,
        0.0,
        0.0,
        1.0
      ]
    ],
    "location": [
      -13.916345800357192,
      5.872512630332494,
      1.518765587349602
    ],
    "rotation": [
      -0.001473715004602306,
      0.015604679792913044,
      -0.7727679528298365
    ]
  },
  {
    "label_id": "jkjRLcw59twUELYWSONreA",
    "size": [
      2.451307599366809,
      5.635550788292107,
      2.1400000000000006
    ],
    "obj_class": "vehicle",
    "point_num_in_lidar": 8135,
    "speed": 12.342031632776646,
    "if_vehicle": true,
    "motion_state": true,
    "pose": [
      [
        0.697801064110177,
        0.7161876919294942,
        0.012201018621771,
        -3.3292207526959317
      ],
      [
        -0.7161225611533671,
        0.6979052118232113,
        -0.009838328981106021,
        10.274019456648602
      ],
      [
        -0.015561244611107411,
        -0.0018722282720207994,
        0.9998771636693433,
        1.3672169766093099
      ],
      [
        0.0,
        0.0,
        0.0,
        1.0
      ]
    ],
    "location": [
      -3.3292207526959317,
      10.274019456648602,
      1.3672169766093099
    ],
    "rotation": [
      -0.00187245608958758,
      0.015561872711503031,
      -0.7983553496134628
    ]
  },
  {
    "label_id": "mfhY_2QfmynvWwrFGKZ0oA",
    "size": [
      0.4896392568797805,
      0.10214470324224971,
      0.5074866177062951
    ],
    "obj_class": "sign",
    "point_num_in_lidar": 92,
    "speed": 0.03291199401495883,
    "if_vehicle": false,
    "motion_state": false,
    "pose": [
      [
        -0.5737035675335285,
        -0.8189721312376225,
        0.012201018621771,
        -4.140806043414358
      ],
      [
        0.8189245747750273,
        -0.5738168245288736,
        -0.009838328981106021,
        -0.9940801773300336
      ],
      [
        0.015058467015035557,
        0.004347429551626978,
        0.9998771636693433,
        2.9011766269301873
      ],
      [
        0.0,
        0.0,
        0.0,
        1.0
      ]
    ],
    "location": [
      -4.140806043414358,
      -0.9940801773300336,
      2.9011766269301873
    ],
    "rotation": [
      0.004347936240727063,
      -0.015059036176325608,
      2.181896202520696
    ]
  },
  {
    "label_id": "nX-WqS5DY9omgWbc749Fgw",
    "size": [
      0.7307697494500829,
      0.790863973413099,
      1.6900000000000048
    ],
    "obj_class": "pedestrian",
    "point_num_in_lidar": 553,
    "speed": 1.4520706970943693,
    "if_vehicle": false,
    "motion_state": true,
    "pose": [
      [
        0.6932958814417254,
        0.7205497595034865,
        0.012201018621771,
        -12.791204457123882
      ],
      [
        -0.7204852831544378,
        0.6934004355642769,
        -0.009838328981106021,
        5.16452964470227
      ],
      [
        -0.015549197207915992,
        -0.001969781393609677,
        0.9998771636693433,
        1.4765402999200106
      ],
      [
        0.0,
        0.0,
        0.0,
        1.0
      ]
    ],
    "location": [
      -12.791204457123882,
      5.16452964470227,
      1.4765402999200106
    ],
    "rotation": [
      -0.0019700208355109975,
      0.015549823850522644,
      -0.8046274833695569
    ]
  },
  {
    "label_id": "ndZmmljnxia7nf1iYUHCjA",
    "size": [
      2.6441412919462772,
      6.075761311101754,
      2.4661922157284906
    ],
    "obj_class": "vehicle",
    "point_num_in_lidar": 12191,
    "speed": 0.06657287637038453,
    "if_vehicle": true,
    "motion_state": false,
    "pose": [
      [
        0.6872408854580065,
        0.7263271304993958,
        0.012201018621771,
        -3.1362897182584675
      ],
      [
        -0.7262635314847937,
        0.6873459755596854,
        -0.009838328981106021,
        14.7669545290737
      ],
      [
        -0.015532166305158858,
        -0.0020998529515566665,
        0.9998771636693433,
        1.4570233689999164
      ],
      [
        0.0,
        0.0,
        0.0,
        1.0
      ]
    ],
    "location": [
      -3.1362897182584675,
      14.7669545290737,
      1.4570233689999164
    ],
    "rotation": [
      -0.0021001078339952135,
      0.015532790890802292,
      -0.8129981739938363
    ]
  },
  {
    "label_id": "p35sayiyKiZgb2akL-yLDg",
    "size": [
      0.7670953691786481,
      0.8966766857086689,
      1.7100000000000044
    ],
    "obj_class": "pedestrian",
    "point_num_in_lidar": 816,
    "speed": 1.5185832674194712,
    "if_vehicle": false,
    "motion_state": true,
    "pose": [
      [
        0.7251110998196824,
        0.6885238035557536,
        0.012201018621771,
        -12.641091086234866
      ],
      [
        -0.6884546739020297,
        0.7252126372763434,
        -0.009838328981106021,
        6.5036219083594915
      ],
      [
        -0.015622256582856245,
        -0.0012659667486463046,
        0.9998771636693433,
        1.5022177590600094
      ],
      [
        0.0,
        0.0,
        0.0,
        1.0
      ]
    ],
    "location": [
      -12.641091086234866,
      6.5036219083594915,
      1.5022177590600094
    ],
    "rotation": [
      -0.0012661215979022857,
      0.01562289210070089,
      -0.7594720882054222
    ]
  },
  {
    "label_id": "r-4WgpLkhKII4PIBrkWS2w",
    "size": [
      0.848206584523376,
      2.0982920836231047,
      1.360000000000003
    ],
    "obj_class": "vehicle",
    "point_num_in_lidar": 105,
    "speed": 2.5330070286834097e-28,
    "if_vehicle": true,
    "motion_state": false,
    "pose": [
      [
        0.6741506160567612,
        0.7384931157532078,
        0.012201018621771,
        3.1718269123511647
      ],
      [
        -0.7384314050073327,
        0.6742568259808395,
        -0.009838328981106021,
        46.414103214612624
      ],
      [
        -0.0154921583127105,
        -0.002377099779813278,
        0.9998771636693433,
        1.0738204132332854
      ],
      [
        0.0,
        0.0,
        0.0,
        1.0
      ]
    ],
    "location": [
      3.1718269123511647,
      46.414103214612624,
      1.0738204132332854
    ],
    "rotation": [
      -0.0023773873309152426,
      0.015492778083977206,
      -0.830872672114156
    ]
  },
  {
    "label_id": "rhQEGyG3ydk_PpljURABpA",
    "size": [
      0.7971540827750256,
      0.9468052349867129,
      1.83555267383354
    ],
    "obj_class": "pedestrian",
    "point_num_in_lidar": 462,
    "speed": 1.5528988172189877,
    "if_vehicle": false,
    "motion_state": true,
    "pose": [
      [
        0.6991748794516897,
        0.7148465731108364,
        0.012201018621771,
        -10.303716092039565
      ],
      [
        -0.7147812424880703,
        0.6992789019197346,
        -0.009838328981106021,
        2.982361616923299
      ],
      [
        -0.015564810661414928,
        -0.0018423467707186913,
        0.9998771636693433,
        1.4959753464640286
      ],
      [
        0.0,
        0.0,
        0.0,
        1.0
      ]
    ],
    "location": [
      -10.303716092039565,
      2.982361616923299,
      1.4959753464640286
    ],
    "rotation": [
      -0.0018425710204171743,
      0.015565439193751668,
      -0.79643508957873
    ]
  },
  {
    "label_id": "wd-dwWfxFi-2x2ASuoXg0g",
    "size": [
      1.992685203215522,
      4.23777338934755,
      1.7800000000000047
    ],
    "obj_class": "vehicle",
    "point_num_in_lidar": 217,
    "speed": 0.18591764856700954,
    "if_vehicle": true,
    "motion_state": false,
    "pose": [
      [
        0.1763157608122844,
        0.9842580391512059,
        0.012201018621771,
        20.295532964577603
      ],
      [
        -0.9842624940721617,
        0.17643851633276497,
        -0.009838328981106021,
        -25.865113603680584
      ],
      [
        -0.011836184014841607,
        -0.01027435255945996,
        0.9998771636693433,
        0.3573095450238597
      ],
      [
        0.0,
        0.0,
        0.0,
        1.0
      ]
    ],
    "location": [
      20.295532964577603,
      -25.865113603680584,
      0.3573095450238597
    ],
    "rotation": [
      -0.010275253139760047,
      0.01183646039779638,
      -1.393541467778275
    ]
  },
  {
    "label_id": "xJ9paU9ARQzf8h-g7JRgXw",
    "size": [
      0.7982479932821779,
      0.9690615119256042,
      1.7917746335031026
    ],
    "obj_class": "pedestrian",
    "point_num_in_lidar": 22,
    "speed": 1.3599853852850448,
    "if_vehicle": false,
    "motion_state": true,
    "pose": [
      [
        0.6684426626719645,
        0.7436635945537509,
        0.012201018621771,
        -2.733742202781471
      ],
      [
        -0.7436027036790869,
        0.6685493447487714,
        -0.009838328981106021,
        -5.65343626847789
      ],
      [
        -0.015473390099344208,
        -0.002496351614414537,
        0.9998771636693433,
        1.171401349648022
      ],
      [
        0.0,
        0.0,
        0.0,
        1.0
      ]
    ],
    "location": [
      -2.733742202781471,
      -5.65343626847789,
      1.171401349648022
    ],
    "rotation": [
      -0.002496653107302189,
      0.015474007620682814,
      -0.8385757610557746
    ]
  },
  {
    "label_id": "xm7qMBcQiB6LNZ64hriwQw",
    "size": [
      0.8676867597650314,
      1.115154545921516,
      1.7500000000000036
    ],
    "obj_class": "pedestrian",
    "point_num_in_lidar": 181,
    "speed": 1.5263736641856962,
    "if_vehicle": false,
    "motion_state": true,
    "pose": [
      [
        0.6509185335557209,
        0.7590495358132177,
        0.012201018621771,
        -6.749495583391507
      ],
      [
        -0.7589911493397402,
        0.6510266066043688,
        -0.009838328981106021,
        -1.6548918998269073
      ],
      [
        -0.015410966796734541,
        -0.0028565144738332644,
        0.9998771636693433,
        1.41126151022398
      ],
      [
        0.0,
        0.0,
        0.0,
        1.0
      ]
    ],
    "location": [
      -6.749495583391507,
      -1.6548918998269073,
      1.41126151022398
    ],
    "rotation": [
      -0.0028568576284606706,
      0.015411576873973945,
      -0.8619007209945965
    ]
  }
]