[
  {
    "label_id": "0OCxtJR_yEaJVNaM9OqfbQ",
    "size": [
      2.9152229121691215,
      7.801972595825992,
      3.8199999999999648
    ],
    "obj_class": "vehicle",
    "point_num_in_lidar": 371,
    "speed": 1.1368770508004532e-12,
    "if_vehicle": true,
    "motion_state": false,
    "pose": [
      [
        0.6970699426434144,
        0.7168738566263084,
        0.013615019237219996,
        40.21374885361064
      ],
      [
        -0.7166107153387747,
        0.6971909735580776,
        -0.019845126625685886,
        -45.256889121268614
      ],
      [
        -0.023718720976402246,
        0.004076772603782757,
        0.9997103591542805,
        1.5051162590779654
      ],
      [
        0.0,
        0.0,
        0.0,
        1.0
      ]
    ],
    "location": [
      40.21374885361064,
      -45.256889121268614,
      1.5051162590779654
    ],
    "rotation": [
      0.004077931140921714,
      0.02372094547694962,
      -0.799219904686269
    ]
  },
  {
    "label_id": "1ww6VUXNbH5HN8vA9BN37A",
    "size": [
      0.6456626533936043,
      1.047126442663309,
      1.6874087649240757
    ],
    "obj_class": "pedestrian",
    "point_num_in_lidar": 24,
    "speed": 1.50088394963421,
    "if_vehicle": false,
    "motion_state": true,
    "pose": [
      [
        -0.8108376866747679,
        -0.5851127046296986,
        0.013615019237219996,
        11.149823324315633
      ],
      [
        0.5848325600925467,
        -0.8109112452080118,
        -0.019845126625685886,
        -21.9371602699066
      ],
      [
        0.02265220791685902,
        -0.008128670008726345,
        0.9997103591542805,
        0.6447501015305406
      ],
      [
        0.0,
        0.0,
        0.0,
        1.0
      ]
    ],
    "location": [
      11.149823324315633,
      -21.9371602699066,
      0.6447501015305406
    ],
    "rotation": [
      -0.008130845902454019,
      -0.022654145590659428,
      2.5167339718015795
    ]
  },
  {
    "label_id": "Em1g7-nMbotXR-DrtWI2ig",
    "size": [
      1.7290692349592778,
      3.5947345219723577,
      1.3300000000000054
    ],
    "obj_class": "vehicle",
    "point_num_in_lidar": 32,
    "speed": 5.508127122328557,
    "if_vehicle": true,
    "motion_state": true,
    "pose": [
      [
        0.6990839141163964,
        0.7149100029198562,
        0.013615019237219996,
        48.851773051173836
      ],
      [
        -0.7146465221860051,
        0.6992042042755879,
        -0.019845126625685886,
        -45.700605920857925
      ],
      [
        -0.023707158225871248,
        0.004143482650245178,
        0.9997103591542805,
        0.28877071280101063
      ],
      [
        0.0,
        0.0,
        0.0,
        1.0
      ]
    ],
    "location": [
      48.851773051173836,
      -45.700605920857925,
      0.28877071280101063
    ],
    "rotation": [
      0.004144659387008211,
      0.02370937947415935,
      -0.7964059051063521
    ]
  },
  {
    "label_id": "FI9gXqHphltRJYHwCug7Ng",
    "size": [
      1.8594440137347894,
      4.194035097474454,
      1.5400000000000027
    ],
    "obj_class": "vehicle",
    "point_num_in_lidar": 155,
    "speed": 10.593132013749765,
    "if_vehicle": true,
    "motion_state": true,
    "pose": [
      [
        0.6664251024024801,
        0.7454476602277412,
        0.013615019237219996,
        28.655822040880366
      ],
      [
        -0.7451898204564816,
        0.6665570511495975,
        -0.019845126625685886,
        -27.01368951906079
      ],
      [
        -0.0238686902841472,
        0.003079516802817389,
        0.9997103591542805,
        0.39147343639283605
      ],
      [
        0.0,
        0.0,
        0.0,
        1.0
      ]
    ],
    "location": [
      28.655822040880366,
      -27.01368951906079,
      0.39147343639283605
    ],
    "rotation": [
      0.00308039927189389,
      0.023870957254713266,
      -0.8411379603180675
    ]
  },
  {
    "label_id": "FOuEhSC7GaZqHmKIVxwddg",
    "size": [
      0.6545339595695038,
      0.8882722148410453,
      1.6553390050083507
    ],
    "obj_class": "pedestrian",
    "point_num_in_lidar": 538,
    "speed": 1.68475547550888,
    "if_vehicle": false,
    "motion_state": true,
    "pose": [
      [
        -0.6251423652268359,
        -0.780391987689371,
        0.013615019237219996,
        -3.4010678264716034
      ],
      [
        0.7801416598485624,
        -0.625288062830197,
        -0.019845126625685886,
        -3.1496955869788508
      ],
      [
        0.02400028681760343,
        -0.0017843856904124157,
        0.9997103591542805,
        1.1400412916196316
      ],
      [
        0.0,
        0.0,
        0.0,
        1.0
      ]
    ],
    "location": [
      -3.4010678264716034,
      -3.1496955869788508,
      1.1400412916196316
    ],
    "rotation": [
      -0.0017849007756414522,
      -0.024002591497645224,
      2.246341043799781
    ]
  },
  {
    "label_id": "FiBHFnlgGD3tCo4uGN8GOA",
    "size": [
      0.7792066223399222,
      0.8530859308161094,
      1.6800000000000033
    ],
    "obj_class": "pedestrian",
    "point_num_in_lidar": 22,
    "speed": 1.4248653161764895,
    "if_vehicle": false,
    "motion_state": true,
    "pose": [
      [
        0.6749708673139633,
        0.7377187536782606,
        0.013615019237219996,
        37.75201068436621
      ],
      [
        -0.7374594105421771,
        0.6750998361368451,
        -0.019845126625685886,
        -49.20829489830612
      ],
      [
        -0.02383161933693547,
        0.0033543582692939695,
        0.9997103591542805,
        0.5942681824062603
      ],
      [
        0.0,
        0.0,
        0.0,
        1.0
      ]
    ],
    "location": [
      37.75201068436621,
      -49.20829489830612,
      0.5942681824062603
    ],
    "rotation": [
      0.0033553175183256875,
      0.023833875759467858,
      -0.8296111921986787
    ]
  },
  {
    "label_id": "G8ZifmyoUj0ZKarCYDaXdw",
    "size": [
      0.9191115219753374,
      1.1134257866036492,
      1.944807819718985
    ],
    "obj_class": "pedestrian",
    "point_num_in_lidar": 159,
    "speed": 1.4520915265720677,
    "if_vehicle": false,
    "motion_state": true,
    "pose": [
      [
        0.7190103006105513,
        0.6948660438293806,
        0.013615019237219996,
        6.936883242222066
      ],
      [
        -0.6945992685646194,
        0.7191230959013248,
        -0.019845126625685886,
        -17.021756419688245
      ],
      [
        -0.023580579412309198,
        0.004811868057122633,
        0.9997103591542805,
        0.8611256145262125
      ],
      [
        0.0,
        0.0,
        0.0,
        1.0
      ]
    ],
    "location": [
      6.936883242222066,
      -17.021756419688245,
      0.8611256145262125
    ],
    "rotation": [
      0.004813225004560663,
      0.023582765264834025,
      -0.7681312981159268
    ]
  },
  {
    "label_id": "JbaK1eVynVrY5IGp30MGEQ",
    "size": [
      0.7579103994427009,
      1.0900382483025783,
      1.8400000000000034
    ],
    "obj_class": "pedestrian",
    "point_num_in_lidar": 22,
    "speed": 1.4412138075014866,
    "if_vehicle": false,
    "motion_state": true,
    "pose": [
      [
        0.6951465879862074,
        0.7187390711950364,
        0.013615019237219996,
        25.108585670474426
      ],
      [
        -0.7184762551525788,
        0.6952683235493595,
        -0.019845126625685886,
        -33.92299130509127
      ],
      [
        -0.023729559478847594,
        0.004013204026611641,
        0.9997103591542805,
        0.5762491615721288
      ],
      [
        0.0,
        0.0,
        0.0,
        1.0
      ]
    ],
    "location": [
      25.108585670474426,
      -33.92299130509127,
      0.5762491615721288
    ],
    "rotation": [
      0.004014345187373032,
      0.02373178703082651,
      -0.801900124702404
    ]
  },
  {
    "label_id": "MSs5ysIlfn6HWkrilVdHNQ",
    "size": [
      2.7919716539132806,
      6.598391175076888,
      3.4099999999999753
    ],
    "obj_class": "vehicle",
    "point_num_in_lidar": 306,
    "speed": 2.842257677890751e-13,
    "if_vehicle": true,
    "motion_state": false,
    "pose": [
      [
        0.7271791656810619,
        0.6863126781945419,
        0.013615019237219996,
        46.404583135475804
      ],
      [
        -0.6860445874030932,
        0.7272887975516537,
        -0.019845126625685886,
        -38.24104754797008
      ],
      [
        -0.023522012973264658,
        0.005090452367417522,
        0.9997103591542805,
        1.0449821876102021
      ],
      [
        0.0,
        0.0,
        0.0,
        1.0
      ]
    ],
    "location": [
      46.404583135475804,
      -38.24104754797008,
      1.0449821876102021
    ],
    "rotation": [
      0.005091883190843347,
      0.02352418257668663,
      -0.7562994679386421
    ]
  },
  {
    "label_id": "O8ilGM7P1-uAp4PIMof2xA",
    "size": [
      0.7819962013970795,
      0.8654287857100659,
      1.7400000000000055
    ],
    "obj_class": "pedestrian",
    "point_num_in_lidar": 45,
    "speed": 1.4544237324760996,
    "if_vehicle": false,
    "motion_state": true,
    "pose": [
      [
        0.6571212847335662,
        0.7536618926291001,
        0.013615019237219996,
        39.31724321574728
      ],
      [
        -0.7534057104649362,
        0.6572564236186932,
        -0.019845126625685886,
        -23.066937878111275
      ],
      [
        -0.023905074543533498,
        0.002783021862559507,
        0.9997103591542805,
        0.41316818092557384
      ],
      [
        0.0,
        0.0,
        0.0,
        1.0
      ]
    ],
    "location": [
      39.31724321574728,
      -23.066937878111275,
      0.41316818092557384
    ],
    "rotation": [
      0.0027838209816622057,
      0.023907351898668425,
      -0.8535537489220156
    ]
  },
  {
    "label_id": "OLCvkJUNK6eYbjQ3PM1B4w",
    "size": [
      1.0141263494894213,
      1.1026134838928923,
      1.7699999999999996
    ],
    "obj_class": "pedestrian",
    "point_num_in_lidar": 360,
    "speed": 1.8931721805171111,
    "if_vehicle": false,
    "motion_state": true,
    "pose": [
      [
        0.7014669657044874,
        0.7125719102494213,
        0.013615019237219996,
        -0.6278483940094901
      ],
      [
        -0.7123080293582669,
        0.7015863754812752,
        -0.019845126625685886,
        -6.745818633735325
      ],
      [
        -0.023693191787555665,
        0.004222613235602145,
        0.9997103591542805,
        1.08976505956689
      ],
      [
        0.0,
        0.0,
        0.0,
        1.0
      ]
    ],
    "location": [
      -0.6278483940094901,
      -6.745818633735325,
      1.08976505956689
    ],
    "rotation": [
      0.004223811512616006,
      0.023695409111728155,
      -0.7930661807350126
    ]
  },
  {
    "label_id": "RGdvnrG8Aw3PXBTuM0u24A",
    "size": [
      0.7713029576000479,
      1.0039475245408434,
      1.6799999999999997
    ],
    "obj_class": "pedestrian",
    "point_num_in_lidar": 32,
    "speed": 1.1704950114069743,
    "if_vehicle": false,
    "motion_state": true,
    "pose": [
      [
        -0.5959293723426831,
        -0.8029214248171647,
        0.013615019237219996,
        13.376685729270363
      ],
      [
        0.802676641923134,
        -0.5960842050081611,
        -0.019845126625685886,
        -24.335282177875342
      ],
      [
        0.02404977526416187,
        -0.0008978359330554426,
        0.9997103591542805,
        0.5398126840265043
      ],
      [
        0.0,
        0.0,
        0.0,
        1.0
      ]
    ],
    "location": [
      13.376685729270363,
      -24.335282177875342,
      0.5398126840265043
    ],
    "rotation": [
      -0.000898095816896372,
      -0.02405209423281263,
      2.2094335223089234
    ]
  },
  {
    "label_id": "S-Uacus7IJgPhKK_6OF4Hw",
    "size": [
      0.7690052986365477,
      0.8370641295136979,
      1.6207908815255863
    ],
    "obj_class": "pedestrian",
    "point_num_in_lidar": 23,
    "speed": 1.4505036808722296,
    "if_vehicle": false,
    "motion_state": true,
    "pose": [
      [
        0.6870630711728454,
        0.7264702110077931,
        0.013615019237219996,
        53.544892521116964
      ],
      [
        -0.7262087731784561,
        0.6871877390552396,
        -0.019845126625685886,
        -41.497166399798516
      ],
      [
        -0.023772967614057203,
        0.0037475072301951396,
        0.9997103591542805,
        0.45898607974434213
      ],
      [
        0.0,
        0.0,
        0.0,
        1.0
      ]
    ],
    "location": [
      53.544892521116964,
      -41.497166399798516,
      0.45898607974434213
    ],
    "rotation": [
      0.003748575417636809,
      0.023775207414975515,
      -0.8130897187898826
    ]
  },
  {
    "label_id": "TUgaysJsmRIFmjy8Ssx5VQ",
    "size": [
      0.7719195621636727,
      0.94966798220545,
      1.7562431769673594
    ],
    "obj_class": "pedestrian",
    "point_num_in_lidar": 42,
    "speed": 1.3247711277411063,
    "if_vehicle": false,
    "motion_state": true,
    "pose": [
      [
        0.6442304013693202,
        0.7647102857963233,
        0.013615019237219996,
        12.735621360775298
      ],
      [
        -0.7644564350359379,
        0.6443698704015849,
        -0.019845126625685886,
        -22.351142916166282
      ],
      [
        -0.023948880634995014,
        0.00237674482225969,
        0.9997103591542805,
        0.6309813563583759
      ],
      [
        0.0,
        0.0,
        0.0,
        1.0
      ]
    ],
    "location": [
      12.735621360775298,
      -22.351142916166282,
      0.6309813563583759
    ],
    "rotation": [
      0.002377428944867582,
      0.02395117053501947,
      -0.8705380199799551
    ]
  },
  {
    "label_id": "_CuXoK6hvB75S9LCO7CUjQ",
    "size": [
      0.9248528456291167,
      0.9846531429257308,
      1.8000000000000007
    ],
    "obj_class": "pedestrian",
    "point_num_in_lidar": 20,
    "speed": 1.0838369355627539e-27,
    "if_vehicle": false,
    "motion_state": false,
    "pose": [
      [
        0.9375800063387439,
        0.3475030402241264,
        0.013615019237219996,
        16.186705866964303
      ],
      [
        -0.34721342525635196,
        0.9375761346530542,
        -0.019845126625685886,
        -22.726735557536813
      ],
      [
        -0.019661358945718306,
        0.013879076483217472,
        0.9997103591542805,
        0.3768429872579162
      ],
      [
        0.0,
        0.0,
        0.0,
        1.0
      ]
    ],
    "location": [
      16.186705866964303,
      -22.726735557536813,
      0.3768429872579162
    ],
    "rotation": [
      0.013882205753891019,
      0.019662625911554755,
      -0.3546696083497318
    ]
  },
  {
    "label_id": "_HXRJqr7AwgvGu22LM6Eqg",
    "size": [
      0.4089635300633917,
      0.09352152301424937,
      0.5970501474926238
    ],
    "obj_class": "sign",
    "point_num_in_lidar": 46,
    "speed": 0.012669383540514025,
    "if_vehicle": false,
    "motion_state": false,
    "pose": [
      [
        -0.9873865007709028,
        -0.15774197078318075,
        0.013615019237219996,
        9.341085790397273
      ],
      [
        0.15745868646810535,
        -0.987326153307482,
        -0.019845126625685886,
        3.967121996178321
      ],
      [
        0.01657287395506925,
        -0.01745100709096082,
        0.9997103591542805,
        2.8110254173940206
      ],
      [
        0.0,
        0.0,
        0.0,
        1.0
      ]
    ],
    "location": [
      9.341085790397273,
      3.967121996178321,
      2.8110254173940206
    ],
    "rotation": [
      -0.017454290367519026,
      -0.01657363270019586,
      2.9834540455593195
    ]
  },
  {
    "label_id": "dWGM_6Sr_Eaoh5yFictcbQ",
    "size": [
      1.0000000000004974,
      1.0,
      1.9100000000000001
    ],
    "obj_class": "pedestrian",
    "point_num_in_lidar": 35,
    "speed": 8.526512829121202e-13,
    "if_vehicle": false,
    "motion_state": false,
    "pose": [
      [
        0.7680075178344541,
        -0.640296090727509,
        0.013615019237219996,
        17.457751845373025
      ],
      [
        0.6404368611248225,
        0.7677543864165123,
        -0.019845126625685886,
        -24.22137348002434
      ],
      [
        0.0022537662578982283,
        0.023960766625342706,
        0.9997103591542805,
        0.4551358613743517
      ],
      [
        0.0,
        0.0,
        0.0,
        1.0
      ]
    ],
    "location": [
      17.457751845373025,
      -24.22137348002434,
      0.4551358613743517
    ],
    "rotation": [
      0.023963120808739864,
      -0.0022537681658893966,
      0.6950690702548458
    ]
  },
  {
    "label_id": "fQ2n6--00V_n1eOOacR5TA",
    "size": [
      0.7618255677031213,
      0.9345899953471253,
      1.850000000000005
    ],
    "obj_class": "pedestrian",
    "point_num_in_lidar": 97,
    "speed": 1.4047985271531027,
    "if_vehicle": false,
    "motion_state": true,
    "pose": [
      [
        0.7495969465928922,
        0.6617545231502256,
        0.013615019237219996,
        8.510796763311433
      ],
      [
        -0.6614829353407158,
        0.7496976038392018,
        -0.019845126625685886,
        -18.641609100797723
      ],
      [
        -0.023339749605405084,
        0.005869743433606851,
        0.9997103591542805,
        0.8587622659405731
      ],
      [
        0.0,
        0.0,
        0.0,
        1.0
      ]
    ],
    "location": [
      8.510796763311433,
      -18.641609100797723,
      0.8587622659405731
    ],
    "rotation": [
      0.005871376574583612,
      0.023341869156104558,
      -0.7230347551298498
    ]
  },
  {
    "label_id": "hGZX2N3Zly2psnSENmTj-A",
    "size": [
      2.1384752959999775,
      4.888177290087686,
      1.5899999999999999
    ],
    "obj_class": "vehicle",
    "point_num_in_lidar": 39,
    "speed": 1.4210924103971636e-12,
    "if_vehicle": true,
    "motion_state": false,
    "pose": [
      [
        0.7057515074916767,
        -0.7083286249505916,
        0.013615019237219996,
        23.55524398527956
      ],
      [
        0.7084454759566988,
        0.7054864836024124,
        -0.019845126625685886,
        -41.49317214707844
      ],
      [
        0.0044516592088969225,
        0.02365122681611296,
        0.9997103591542805,
        0.18078120263367126
      ],
      [
        0.0,
        0.0,
        0.0,
        1.0
      ]
    ],
    "location": [
      23.55524398527956,
      -41.49317214707844,
      0.18078120263367126
    ],
    "rotation": [
      0.02365366679773813,
      -0.00445167391231658,
      0.7873031067949513
    ]
  },
  {
    "label_id": "hgO3zRhEBlBJHykxs4_HqQ",
    "size": [
      0.7656421592380759,
      1.0828474020012604,
      1.8984507849923276
    ],
    "obj_class": "pedestrian",
    "point_num_in_lidar": 66,
    "speed": 1.306780964927993,
    "if_vehicle": false,
    "motion_state": true,
    "pose": [
      [
        0.8338165072998052,
        0.5518737748847321,
        0.013615019237219996,
        10.661522169601483
      ],
      [
        -0.5515908870434955,
        0.8338786867883002,
        -0.019845126625685886,
        -20.64311919260581
      ],
      [
        -0.022305279306113233,
        0.00903727363177934,
        0.9997103591542805,
        0.7568411481356101
      ],
      [
        0.0,
        0.0,
        0.0,
        1.0
      ]
    ],
    "location": [
      10.661522169601483,
      -20.64311919260581,
      0.7568411481356101
    ],
    "rotation": [
      0.009039645720211464,
      0.022307129294481053,
      -0.5844348880592571
    ]
  },
  {
    "label_id": "ht8gtxcrZA6mDs1xt8AdvA",
    "size": [
      2.3898176620661733,
      5.415910525913205,
      2.289999999999999
    ],
    "obj_class": "vehicle",
    "point_num_in_lidar": 22955,
    "speed": 0.13615902928225238,
    "if_vehicle": true,
    "motion_state": false,
    "pose": [
      [
        0.6833571431779579,
        0.7299572906128343,
        0.013615019237219996,
        -4.396419950434776
      ],
      [
        -0.7296964906079121,
        0.6834831399118106,
        -0.019845126625685886,
        2.02591898423816
      ],
      [
        -0.023791730961769123,
        0.0036264772799748926,
        0.9997103591542805,
        1.3285003565219853
      ],
      [
        0.0,
        0.0,
        0.0,
        1.0
      ]
    ],
    "location": [
      -4.396419950434776,
      2.02591898423816,
      1.3285003565219853
    ],
    "rotation": [
      0.003627512048869437,
      0.02379397607121572,
      -0.8181801791987656
    ]
  },
  {
    "label_id": "jkjRLcw59twUELYWSONreA",
    "size": [
      2.451307599367443,
      5.635550788292107,
      2.1400000000000006
    ],
    "obj_class": "vehicle",
    "point_num_in_lidar": 3520,
    "speed": 11.41585505736899,
    "if_vehicle": true,
    "motion_state": true,
    "pose": [
      [
        0.718854810075148,
        0.6950269011218148,
        0.013615019237219996,
        6.975558254952205
      ],
      [
        -0.6947601511010705,
        0.718967665052628,
        -0.019845126625685886,
        0.10297409033955773
      ],
      [
        -0.023581655451651154,
        0.004806591908929743,
        0.9997103591542805,
        0.9955133703951269
      ],
      [
        0.0,
        0.0,
        0.0,
        1.0
      ]
    ],
    "location": [
      6.975558254952205,
      0.10297409033955773,
      0.9955133703951269
    ],
    "rotation": [
      0.0048079474498706875,
      0.023583841603476922,
      -0.7683551023814871
    ]
  },
  {
    "label_id": "ndZmmljnxia7nf1iYUHCjA",
    "size": [
      2.6441412919462777,
      6.075761311101754,
      2.4661922157284906
    ],
    "obj_class": "vehicle",
    "point_num_in_lidar": 8279,
    "speed": 0.10551984229802279,
    "if_vehicle": true,
    "motion_state": false,
    "pose": [
      [
        0.6872283399919186,
        0.7263138715205169,
        0.013615019237219996,
        -3.0491991176962614
      ],
      [
        -0.7260524053334929,
        0.6873529483887151,
        -0.019845126625685886,
        14.698345297641936
      ],
      [
        -0.02377211436538905,
        0.00375291596205418,
        0.9997103591542805,
        1.405681985860415
      ],
      [
        0.0,
        0.0,
        0.0,
        1.0
      ]
    ],
    "location": [
      -3.0491991176962614,
      14.698345297641936,
      1.405681985860415
    ],
    "rotation": [
      0.0037539856404054453,
      0.02377435392510533,
      -0.8128621359350402
    ]
  },
  {
    "label_id": "owqq0SyyUzEtwrdnEtGJFw",
    "size": [
      0.7649237108870593,
      0.7620373890771113,
      1.5899971513714917
    ],
    "obj_class": "pedestrian",
    "point_num_in_lidar": 35,
    "speed": 1.1900914181249476,
    "if_vehicle": false,
    "motion_state": true,
    "pose": [
      [
        0.725061916144934,
        0.6885490897586073,
        0.013615019237219996,
        13.649799505338308
      ],
      [
        -0.6882813378980849,
        0.7251723731985608,
        -0.019845126625685886,
        -23.085179055211484
      ],
      [
        -0.023537579685659206,
        0.005017981881256716,
        0.9997103591542805,
        0.4674702363073102
      ],
      [
        0.0,
        0.0,
        0.0,
        1.0
      ]
    ],
    "location": [
      13.649799505338308,
      -23.085179055211484,
      0.4674702363073102
    ],
    "rotation": [
      0.005019393561048714,
      0.023539753600136933,
      -0.7593802244175066
    ]
  },
  {
    "label_id": "plbgXUaVwrkY03GJ00eboA",
    "size": [
      0.8532039110388384,
      1.0775604866757238,
      1.7717746335030995
    ],
    "obj_class": "pedestrian",
    "point_num_in_lidar": 331,
    "speed": 1.2734726440688293,
    "if_vehicle": false,
    "motion_state": true,
    "pose": [
      [
        0.6407319015735595,
        0.7676439679676381,
        0.013615019237219996,
        -0.6710729625643381
      ],
      [
        -0.7673907566904912,
        0.6408725282731393,
        -0.019845126625685886,
        -8.326904386693059
      ],
      [
        -0.023959483548806348,
        0.00226736580503795,
        0.9997103591542805,
        1.0561196134067394
      ],
      [
        0.0,
        0.0,
        0.0,
        1.0
      ]
    ],
    "location": [
      -0.6710729625643381,
      -8.326904386693059,
      1.0561196134067394
    ],
    "rotation": [
      0.0022680188282200335,
      0.023961776492131635,
      -0.8751054865762503
    ]
  },
  {
    "label_id": "q5T3DlAO2c9XHbOijTcVEA",
    "size": [
      0.9125408189898733,
      0.7909272363024653,
      1.7899999999999991
    ],
    "obj_class": "pedestrian",
    "point_num_in_lidar": 31,
    "speed": 1.0677503120183844,
    "if_vehicle": false,
    "motion_state": true,
    "pose": [
      [
        0.5551315349459193,
        0.8316511348875546,
        0.013615019237219996,
        14.892028643834209
      ],
      [
        -0.8314143810150795,
        0.5552983864468927,
        -0.019845126625685886,
        -25.11213273264184
      ],
      [
        -0.024064620294110564,
        -0.00030306718670852545,
        0.9997103591542805,
        0.5544714877177412
      ],
      [
        0.0,
        0.0,
        0.0,
        1.0
      ]
    ],
    "location": [
      14.892028643834209,
      -25.11213273264184,
      0.5544714877177412
    ],
    "rotation": [
      -0.00030315498349007197,
      0.024066943560398367,
      -0.9820818802867034
    ]
  },
  {
    "label_id": "rhQEGyG3ydk_PpljURABpA",
    "size": [
      0.797154082773597,
      0.9468052349867129,
      1.83555267383354
    ],
    "obj_class": "pedestrian",
    "point_num_in_lidar": 46,
    "speed": 1.5370346471079077,
    "if_vehicle": false,
    "motion_state": true,
    "pose": [
      [
        0.658669611509576,
        0.7523090948041198,
        0.013615019237219996,
        -9.010446385397017
      ],
      [
        -0.7520526353024433,
        0.6588042233348695,
        -0.019845126625685886,
        1.6003474578174064
      ],
      [
        -0.02389930142230892,
        0.0028321707478541087,
        0.9997103591542805,
        1.4052632515454277
      ],
      [
        0.0,
        0.0,
        0.0,
        1.0
      ]
    ],
    "location": [
      -9.010446385397017,
      1.6003474578174064,
      1.4052632515454277
    ],
    "rotation": [
      0.0028329837188413604,
      0.023901577127602675,
      -0.8514969196521736
    ]
  },
  {
    "label_id": "wd-dwWfxFi-2x2ASuoXg0g",
    "size": [
      1.9926852032151503,
      4.23777338934755,
      1.7800000000000047
    ],
    "obj_class": "vehicle",
    "point_num_in_lidar": 320,
    "speed": 0.45096436148670815,
    "if_vehicle": true,
    "motion_state": false,
    "pose": [
      [
        0.12954678911862905,
        0.9914798337234214,
        0.013615019237219996,
        20.26116040352379
      ],
      [
        -0.9913414219072647,
        0.12980121786829638,
        -0.019845126625685886,
        -26.209131330577293
      ],
      [
        -0.021443288925346728,
        -0.010926260095910216,
        0.9997103591542805,
        0.37330752355545016
      ],
      [
        0.0,
        0.0,
        0.0,
        1.0
      ]
    ],
    "location": [
      20.26116040352379,
      -26.209131330577293,
      0.37330752355545016
    ],
    "rotation": [
      -0.010928990553354063,
      0.02144493258849999,
      -1.4408543758715706
    ]
  },
  {
    "label_id": "xJ9paU9ARQzf8h-g7JRgXw",
    "size": [
      0.798247993281715,
      0.9690615119256042,
      1.7917746335031026
    ],
    "obj_class": "pedestrian",
    "point_num_in_lidar": 386,
    "speed": 1.3802442355207163,
    "if_vehicle": false,
    "motion_state": true,
    "pose": [
      [
        0.6586111346060163,
        0.7523602891063201,
        0.013615019237219996,
        -1.6518703147377352
      ],
      [
        -0.7521038400684248,
        0.658745766364794,
        -0.019845126625685886,
        -6.875674116314258
      ],
      [
        -0.02389952148694647,
        0.0028303131124244123,
        0.9997103591542805,
        1.124340488810894
      ],
      [
        0.0,
        0.0,
        0.0,
        1.0
      ]
    ],
    "location": [
      -1.6518703147377352,
      -6.875674116314258,
      1.124340488810894
    ],
    "rotation": [
      0.002831125560112186,
      0.02390179725511563,
      -0.8515746687938948
    ]
  },
  {
    "label_id": "xm7qMBcQiB6LNZ64hriwQw",
    "size": [
      0.8676867597639089,
      1.115154545921516,
      1.7500000000000036
    ],
    "obj_class": "pedestrian",
    "point_num_in_lidar": 307,
    "speed": 1.5750586990913602,
    "if_vehicle": false,
    "motion_state": true,
    "pose": [
      [
        0.6770639299355092,
        0.7357982509026871,
        0.013615019237219996,
        -5.478055572526614
      ],
      [
        -0.7355385424254154,
        0.6771921614696272,
        -0.019845126625685886,
        -3.024673899035406
      ],
      [
        -0.02382199376582559,
        0.00342204801841591,
        0.9997103591542805,
        1.2743952731735178
      ],
      [
        0.0,
        0.0,
        0.0,
        1.0
      ]
    ],
    "location": [
      -5.478055572526614,
      -3.024673899035406,
      1.2743952731735178
    ],
    "rotation": [
      0.00342302610107859,
      0.02382424745489523,
      -0.8267694963521276
    ]
  }
]