[
  {
    "label_id": "-uTPfKXIgY9cKLiXpL_89A",
    "size": [
      0.8174924217817914,
      1.9316812577917217,
      1.360000000000003
    ],
    "obj_class": "vehicle",
    "point_num_in_lidar": 46,
    "speed": 1.9895246164748953e-12,
    "if_vehicle": true,
    "motion_state": false,
    "pose": [
      [
        0.6741973280363049,
        0.738544286028716,
        0.0032094303297075895,
        -3.629642532506807
      ],
      [
        -0.7384320552675906,
        0.6741602188385789,
        -0.015036591661718906,
        39.52622172284646
      ],
      [
        -0.013268859106532374,
        0.007767683686499751,
        0.9998817932476606,
        1.1069659305195572
      ],
      [
        0.0,
        0.0,
        0.0,
        1.0
      ]
    ],
    "location": [
      -3.629642532506807,
      39.52622172284646,
      1.1069659305195572
    ],
    "rotation": [
      0.007768445711945624,
      0.013269248495737943,
      -0.8308386098086555
    ]
  },
  {
    "label_id": "1fd0PqFbGbbN4LQN6Px6qA",
    "size": [
      0.918905528726307,
      1.9032200443400407,
      1.3200000000000038
    ],
    "obj_class": "vehicle",
    "point_num_in_lidar": 25,
    "speed": 0.027566871489585525,
    "if_vehicle": true,
    "motion_state": false,
    "pose": [
      [
        0.6741973280352731,
        0.7385442860296579,
        0.0032094303297075895,
        -1.3547418885155196
      ],
      [
        -0.7384320552685326,
        0.6741602188375472,
        -0.015036591661718906,
        41.90218157497111
      ],
      [
        -0.013268859106543228,
        0.007767683686481213,
        0.9998817932476606,
        1.1770621707955229
      ],
      [
        0.0,
        0.0,
        0.0,
        1.0
      ]
    ],
    "location": [
      -1.3547418885155196,
      41.90218157497111,
      1.1770621707955229
    ],
    "rotation": [
      0.007768445711927085,
      0.0132692484957488,
      -0.8308386098100529
    ]
  },
  {
    "label_id": "4m2y8ODeB-Fy9AbjcaxrzQ",
    "size": [
      0.7213843164290799,
      0.5489752568419344,
      1.6500000000000057
    ],
    "obj_class": "pedestrian",
    "point_num_in_lidar": 46,
    "speed": 0.40217700930413675,
    "if_vehicle": false,
    "motion_state": false,
    "pose": [
      [
        0.6886962722345004,
        -0.7250428567796954,
        0.0032094303297075895,
        6.979129449061901
      ],
      [
        0.7249978553373442,
        0.688586966669752,
        -0.015036591661718906,
        50.71222675639001
      ],
      [
        0.008692201479171172,
        0.012682474730430809,
        0.9998817932476606,
        1.1875320169358083
      ],
      [
        0.0,
        0.0,
        0.0,
        1.0
      ]
    ],
    "location": [
      6.979129449061901,
      50.71222675639001,
      1.1875320169358083
    ],
    "rotation": [
      0.012683293914694612,
      -0.008692310938522225,
      0.8110710487992376
    ]
  },
  {
    "label_id": "4quado-MYqHN3stogtf75Q",
    "size": [
      0.6905816312983286,
      0.819534717486076,
      1.6200000000000045
    ],
    "obj_class": "pedestrian",
    "point_num_in_lidar": 115,
    "speed": 1.2240374495371598,
    "if_vehicle": false,
    "motion_state": true,
    "pose": [
      [
        -0.803269051800021,
        -0.5956076980507004,
        0.0032094303297075895,
        -19.36518189137624
      ],
      [
        0.5955046622854104,
        -0.8032111167728806,
        -0.015036591661718906,
        39.129826509279155
      ],
      [
        0.011533759865493941,
        -0.010167198001791973,
        0.9998817932476606,
        1.597199833694951
      ],
      [
        0.0,
        0.0,
        0.0,
        1.0
      ]
    ],
    "location": [
      -19.36518189137624,
      39.129826509279155,
      1.597199833694951
    ],
    "rotation": [
      -0.010168049538561376,
      -0.011534015598900684,
      2.5036496443661487
    ]
  },
  {
    "label_id": "7Il7ikh8s9nquJyA5ZcVpQ",
    "size": [
      0.4909707889993183,
      0.10681355556215726,
      0.597486617706295
    ],
    "obj_class": "sign",
    "point_num_in_lidar": 25,
    "speed": 0.004747636094742847,
    "if_vehicle": false,
    "motion_state": false,
    "pose": [
      [
        -0.5737433195183053,
        -0.8190288779188893,
        0.0032094303297075895,
        -4.13884365341157
      ],
      [
        0.8189128101222567,
        -0.57372093419089,
        -0.015036591661718906,
        -0.9997527649356925
      ],
      [
        0.014156720163402577,
        -0.00599890040404343,
        0.9998817932476606,
        3.528639136697457
      ],
      [
        0.0,
        0.0,
        0.0,
        1.0
      ]
    ],
    "location": [
      -4.13884365341157,
      -0.9997527649356925,
      3.528639136697457
    ],
    "rotation": [
      -0.00599953761401756,
      -0.014157193070532644,
      2.1819355142175962
    ]
  },
  {
    "label_id": "7jc3Af57sBpvlPL9mBChxg",
    "size": [
      0.7280243212211923,
      0.9942925016849594,
      1.9500000000000028
    ],
    "obj_class": "pedestrian",
    "point_num_in_lidar": 202,
    "speed": 1.3026322724744561,
    "if_vehicle": false,
    "motion_state": true,
    "pose": [
      [
        0.6620877491691135,
        0.7494194499458472,
        0.0032094303297075895,
        -16.463904619415786
      ],
      [
        -0.7493066300747272,
        0.6620524715135913,
        -0.015036591661718906,
        8.898339179999311
      ],
      [
        -0.013393525534119283,
        0.007550695703669713,
        0.9998817932476606,
        1.7235535311175916
      ],
      [
        0.0,
        0.0,
        0.0,
        1.0
      ]
    ],
    "location": [
      -16.463904619415786,
      8.898339179999311,
      1.7235535311175916
    ],
    "rotation": [
      0.007551444810464465,
      0.01339392600278413,
      -0.8471159318240621
    ]
  },
  {
    "label_id": "87ah0IvPiztmzV7r19U4Jg",
    "size": [
      0.8187349790612459,
      1.9582102765537615,
      1.360000000000003
    ],
    "obj_class": "vehicle",
    "point_num_in_lidar": 46,
    "speed": 5.684515355781502e-13,
    "if_vehicle": true,
    "motion_state": false,
    "pose": [
      [
        0.7587095353229631,
        0.6514211698793434,
        0.0032094303297075895,
        -4.416183865346369
      ],
      [
        -0.6513142618413658,
        0.7586591021224458,
        -0.015036591661718906,
        38.91229126389044
      ],
      [
        -0.012230017663535415,
        0.009318057726379102,
        0.9998817932476606,
        1.1269659305195212
      ],
      [
        0.0,
        0.0,
        0.0,
        1.0
      ]
    ],
    "location": [
      -4.416183865346369,
      38.91229126389044,
      1.1269659305195212
    ],
    "rotation": [
      0.0093188895484877,
      0.012230322564806984,
      -0.7093793614927646
    ]
  },
  {
    "label_id": "ASIWHtJxLI8SmFDDscZ3Jw",
    "size": [
      0.7255227199531039,
      0.7017928548600996,
      1.6500000000000057
    ],
    "obj_class": "pedestrian",
    "point_num_in_lidar": 110,
    "speed": 0.04751386248702467,
    "if_vehicle": false,
    "motion_state": false,
    "pose": [
      [
        0.7885924961173881,
        -0.6149077773327527,
        0.0032094303297075895,
        -35.093461314473444
      ],
      [
        0.6148794812136339,
        0.7884777260605725,
        -0.015036591661718906,
        -4.501976732368348
      ],
      [
        0.0067155528290501,
        0.01383115620773472,
        0.9998817932476606,
        1.8908770916020963
      ],
      [
        0.0,
        0.0,
        0.0,
        1.0
      ]
    ],
    "location": [
      -35.093461314473444,
      -4.501976732368348,
      1.8908770916020963
    ],
    "rotation": [
      0.013831909154720814,
      -0.006715603307135404,
      0.6622507174094765
    ]
  },
  {
    "label_id": "Aje3qDuW8U5ge6fAjUoWgw",
    "size": [
      2.1090063656233564,
      4.329946398773513,
      2.110000000000003
    ],
    "obj_class": "vehicle",
    "point_num_in_lidar": 38,
    "speed": 5.68473218546349e-13,
    "if_vehicle": true,
    "motion_state": false,
    "pose": [
      [
        0.7146155028782973,
        -0.6995101018591205,
        0.0032094303297075895,
        24.615623785098308
      ],
      [
        0.6994691064367695,
        0.7145046326314097,
        -0.015036591661718906,
        59.28610542578099
      ],
      [
        0.008225094926219166,
        0.012990278876806502,
        0.9998817932476606,
        1.2610902398547417
      ],
      [
        0.0,
        0.0,
        0.0,
        1.0
      ]
    ],
    "location": [
      24.615623785098308,
      59.28610542578099,
      1.2610902398547417
    ],
    "rotation": [
      0.01299108372016214,
      -0.008225187669985354,
      0.7746874766781845
    ]
  },
  {
    "label_id": "BUMkYhAQav9kbH1CraE_oA",
    "size": [
      0.8226167862754202,
      0.7142499262422745,
      1.0400000000000027
    ],
    "obj_class": "pedestrian",
    "point_num_in_lidar": 121,
    "speed": 8.881784197001252e-15,
    "if_vehicle": false,
    "motion_state": false,
    "pose": [
      [
        -0.7333176337718789,
        -0.6798786270770477,
        0.0032094303297075895,
        -13.76341362762193
      ],
      [
        0.6797698736659523,
        -0.7332713138855044,
        -0.015036591661718906,
        9.388177313796405
      ],
      [
        0.012576440489576304,
        -0.008844923767600668,
        0.9998817932476606,
        1.1731904209726807
      ],
      [
        0.0,
        0.0,
        0.0,
        1.0
      ]
    ],
    "location": [
      -13.76341362762193,
      9.388177313796405,
      1.1731904209726807
    ],
    "rotation": [
      -0.008845738695916093,
      -0.012576772042515857,
      2.394070524721876
    ]
  },
  {
    "label_id": "CE8NHyciagbegqHwuqO5sg",
    "size": [
      0.6594368629923019,
      0.9203849492443361,
      1.730000000000004
    ],
    "obj_class": "pedestrian",
    "point_num_in_lidar": 166,
    "speed": 1.3452717274992514,
    "if_vehicle": false,
    "motion_state": true,
    "pose": [
      [
        0.6924553880269523,
        0.7214535571673356,
        0.0032094303297075895,
        -16.02402428751236
      ],
      [
        -0.7213422894998357,
        0.6924154838609071,
        -0.015036591661718906,
        9.455508462922808
      ],
      [
        -0.013070461796682155,
        0.008097071091696915,
        0.9998817932476606,
        1.657244296282677
      ],
      [
        0.0,
        0.0,
        0.0,
        1.0
      ]
    ],
    "location": [
      -16.02402428751236,
      9.455508462922808,
      1.657244296282677
    ],
    "rotation": [
      0.008097851322620874,
      0.01307083397831335,
      -0.8058274533263019
    ]
  },
  {
    "label_id": "CZcGqQ20NmNqecxkK7ptmQ",
    "size": [
      2.457312001087783,
      5.849908988471798,
      2.3199999999999967
    ],
    "obj_class": "vehicle",
    "point_num_in_lidar": 265,
    "speed": 1.1369030711563004e-12,
    "if_vehicle": true,
    "motion_state": false,
    "pose": [
      [
        0.713896037132834,
        -0.700244348583403,
        0.0032094303297075895,
        19.879398936634033
      ],
      [
        0.7002032392094035,
        0.71378520908734,
        -0.015036591661718906,
        54.42914978729095
      ],
      [
        0.0082384444341334,
        0.012981816712163901,
        0.9998817932476606,
        1.2623198960560558
      ],
      [
        0.0,
        0.0,
        0.0,
        1.0
      ]
    ],
    "location": [
      19.879398936634033,
      54.42914978729095,
      1.2623198960560558
    ],
    "rotation": [
      0.012982621982419519,
      -0.008238537630217566,
      0.7757154132369032
    ]
  },
  {
    "label_id": "FI9gXqHphltRJYHwCug7Ng",
    "size": [
      1.8594440137335613,
      4.194035097474454,
      1.5400000000000027
    ],
    "obj_class": "vehicle",
    "point_num_in_lidar": 199,
    "speed": 11.316018264915211,
    "if_vehicle": true,
    "motion_state": true,
    "pose": [
      [
        0.6616475083856802,
        0.7498081582671532,
        0.0032094303297075895,
        3.6919266028958475
      ],
      [
        -0.7496953176972728,
        0.6616122969942321,
        -0.015036591661718906,
        2.055287905945079
      ],
      [
        -0.013397957672969479,
        0.007542828516931812,
        0.9998817932476606,
        0.9232514155067122
      ],
      [
        0.0,
        0.0,
        0.0,
        1.0
      ]
    ],
    "location": [
      3.6919266028958475,
      2.055287905945079,
      0.9232514155067122
    ],
    "rotation": [
      0.007543577141860219,
      0.013398358539352414,
      -0.847703257902075
    ]
  },
  {
    "label_id": "FsPhdjOhk_23dwZ2MZCsQg",
    "size": [
      0.5183581409410771,
      0.07665135533136874,
      0.6511454701418664
    ],
    "obj_class": "sign",
    "point_num_in_lidar": 26,
    "speed": 0.005788202410827772,
    "if_vehicle": false,
    "motion_state": false,
    "pose": [
      [
        -0.7330929989081192,
        0.6801208381669093,
        0.0032094303297075895,
        12.15283643488516
      ],
      [
        -0.6800828267026895,
        -0.732981070516339,
        -0.015036591661718906,
        44.20794497737734
      ],
      [
        -0.007874247645325145,
        -0.013205898525379215,
        0.9998817932476606,
        3.30345060714415
      ],
      [
        0.0,
        0.0,
        0.0,
        1.0
      ]
    ],
    "location": [
      12.15283643488516,
      44.20794497737734,
      3.30345060714415
    ],
    "rotation": [
      -0.013206691860148159,
      0.007874329019776818,
      -2.393688288640207
    ]
  },
  {
    "label_id": "G8ZifmyoUj0ZKarCYDaXdw",
    "size": [
      0.9191115219767833,
      1.1134257866036492,
      1.944807819718985
    ],
    "obj_class": "pedestrian",
    "point_num_in_lidar": 41,
    "speed": 1.5172548730819613,
    "if_vehicle": false,
    "motion_state": true,
    "pose": [
      [
        0.6860629475532842,
        0.7275351067484362,
        0.0032094303297075895,
        3.3433306989359437
      ],
      [
        -0.7274234913318872,
        0.6860240266708788,
        -0.015036591661718906,
        -13.178344057043432
      ],
      [
        -0.013141394637846958,
        0.007981433380971662,
        0.9998817932476606,
        1.096126538795417
      ],
      [
        0.0,
        0.0,
        0.0,
        1.0
      ]
    ],
    "location": [
      3.3433306989359437,
      -13.178344057043432,
      1.096126538795417
    ],
    "rotation": [
      0.00798220741703419,
      0.013141772912180232,
      -0.8146511820491564
    ]
  },
  {
    "label_id": "Gxb3szLz2edkKhzGitihFQ",
    "size": [
      0.7924105156443603,
      0.6564014847899169,
      1.9400000000000048
    ],
    "obj_class": "pedestrian",
    "point_num_in_lidar": 36,
    "speed": 0.38941338822099486,
    "if_vehicle": false,
    "motion_state": false,
    "pose": [
      [
        0.8748454857064423,
        -0.4843914488262753,
        0.0032094303297075895,
        -48.762002296499446
      ],
      [
        0.484381398904237,
        0.8747277069504391,
        -0.015036591661718906,
        -19.007855879228373
      ],
      [
        0.004476218787506798,
        0.014709282688455365,
        0.9998817932476606,
        2.2560956436137616
      ],
      [
        0.0,
        0.0,
        0.0,
        1.0
      ]
    ],
    "location": [
      -48.762002296499446,
      -19.007855879228373,
      2.2560956436137616
    ],
    "rotation": [
      0.014709960543872714,
      -0.004476233735627038,
      0.505661487764473
    ]
  },
  {
    "label_id": "JEq9lO83xo5toHNpV2lgqg",
    "size": [
      0.7294043261132961,
      0.6294133872321779,
      1.0900000000000034
    ],
    "obj_class": "pedestrian",
    "point_num_in_lidar": 331,
    "speed": 0.05324389197795048,
    "if_vehicle": false,
    "motion_state": false,
    "pose": [
      [
        0.6730342899546462,
        -0.7396043159029052,
        0.0032094303297075895,
        -32.58418040714267
      ],
      [
        0.7395569873333391,
        0.6729259717068691,
        -0.015036591661718906,
        23.90567622423805
      ],
      [
        0.00896141906623296,
        0.012493698418077728,
        0.9998817932476606,
        1.5240864185484675
      ],
      [
        0.0,
        0.0,
        0.0,
        1.0
      ]
    ],
    "location": [
      -32.58418040714267,
      23.90567622423805,
      1.5240864185484675
    ],
    "rotation": [
      0.012494525204977281,
      -0.008961539014728539,
      0.8324560686433022
    ]
  },
  {
    "label_id": "Lmi47GNctaz-G0dgHu1ljg",
    "size": [
      0.8462033700345531,
      1.8775675754308794,
      1.3800000000000026
    ],
    "obj_class": "vehicle",
    "point_num_in_lidar": 100,
    "speed": 3.694824894756905e-12,
    "if_vehicle": true,
    "motion_state": false,
    "pose": [
      [
        0.6741973280349127,
        0.738544286029987,
        0.0032094303297075895,
        -6.021357868575848
      ],
      [
        -0.7384320552688617,
        0.6741602188371869,
        -0.015036591661718906,
        37.406862613652265
      ],
      [
        -0.013268859106547019,
        0.007767683686474737,
        0.9998817932476606,
        1.1369659305195157
      ],
      [
        0.0,
        0.0,
        0.0,
        1.0
      ]
    ],
    "location": [
      -6.021357868575848,
      37.406862613652265,
      1.1369659305195157
    ],
    "rotation": [
      0.007768445711920609,
      0.01326924849575259,
      -0.8308386098105409
    ]
  },
  {
    "label_id": "MkMk0BRoGiEhNi02cTArlw",
    "size": [
      0.8712246608115884,
      2.0200455946918043,
      1.1300000000000026
    ],
    "obj_class": "vehicle",
    "point_num_in_lidar": 33,
    "speed": 5.68473218546349e-13,
    "if_vehicle": true,
    "motion_state": false,
    "pose": [
      [
        0.684643077665884,
        0.728871426083603,
        0.0032094303297075895,
        -2.281756952687502
      ],
      [
        -0.7287597349903363,
        0.6846043744879325,
        -0.015036591661718906,
        41.149254396059405
      ],
      [
        -0.013156932051245936,
        0.007955794796336749,
        0.9998817932476606,
        1.0455562140365195
      ],
      [
        0.0,
        0.0,
        0.0,
        1.0
      ]
    ],
    "location": [
      -2.281756952687502,
      41.149254396059405,
      1.0455562140365195
    ],
    "rotation": [
      0.007956567429882232,
      0.01315731166896682,
      -0.8166011144027113
    ]
  },
  {
    "label_id": "OLCvkJUNK6eYbjQ3PM1B4w",
    "size": [
      1.0141263494872204,
      1.1026134838928923,
      1.7699999999999996
    ],
    "obj_class": "pedestrian",
    "point_num_in_lidar": 76,
    "speed": 1.6576499520965124,
    "if_vehicle": false,
    "motion_state": true,
    "pose": [
      [
        0.649286200894681,
        0.7605373947970676,
        0.0032094303297075895,
        -4.632719780559313
      ],
      [
        -0.7604239930121106,
        0.6492528411664567,
        -0.015036591661718906,
        -2.302928480468836
      ],
      [
        -0.013519622009119457,
        0.007322523647831686,
        0.9998817932476606,
        1.2338747866323416
      ],
      [
        0.0,
        0.0,
        0.0,
        1.0
      ]
    ],
    "location": [
      -4.632719780559313,
      -2.302928480468836,
      1.2338747866323416
    ],
    "rotation": [
      0.007323258403364272,
      0.013520033896154257,
      -0.8640727696796939
    ]
  },
  {
    "label_id": "OaI1V4Pl84GO8A8SQj1_Eg",
    "size": [
      2.1831576378031445,
      4.6159077582461405,
      1.5400000000000027
    ],
    "obj_class": "vehicle",
    "point_num_in_lidar": 259,
    "speed": 1.1261680741754699e-27,
    "if_vehicle": true,
    "motion_state": false,
    "pose": [
      [
        0.7373624185683006,
        -0.6754897210469344,
        0.0032094303297075895,
        -42.103970077925055
      ],
      [
        0.6754524153542086,
        0.7372502529693458,
        -0.015036591661718906,
        -7.313505892549074
      ],
      [
        0.007790909784606751,
        0.01325523506282104,
        0.9998817932476606,
        1.7249475721346563
      ],
      [
        0.0,
        0.0,
        0.0,
        1.0
      ]
    ],
    "location": [
      -42.103970077925055,
      -7.313505892549074,
      1.7249475721346563
    ],
    "rotation": [
      0.013256025592373212,
      -0.007790988602557409,
      0.7416058557547892
    ]
  },
  {
    "label_id": "V2LikFvNhViYA90wsd05cg",
    "size": [
      1.013810301530095,
      0.13240155450344712,
      0.896812763549697
    ],
    "obj_class": "sign",
    "point_num_in_lidar": 61,
    "speed": 0.0125324292623611,
    "if_vehicle": false,
    "motion_state": false,
    "pose": [
      [
        -0.6785513685645818,
        -0.7345459412290644,
        0.0032094303297075895,
        3.096803933133913
      ],
      [
        0.734433931795672,
        -0.6785135965758895,
        -0.015036591661718906,
        -8.418355429670555
      ],
      [
        0.013222709491004054,
        -0.007845985314734715,
        0.9998817932476606,
        3.3913326214402986
      ],
      [
        0.0,
        0.0,
        0.0,
        1.0
      ]
    ],
    "location": [
      3.096803933133913,
      -8.418355429670555,
      3.3913326214402986
    ],
    "rotation": [
      -0.007846751823391163,
      -0.013223094831179193,
      2.3166658026938713
    ]
  },
  {
    "label_id": "WO56tb9SlZLXxanokDHwIg",
    "size": [
      0.8995177469405946,
      1.444058921715738,
      1.1045811488007296
    ],
    "obj_class": "pedestrian",
    "point_num_in_lidar": 377,
    "speed": 0.6192723103631952,
    "if_vehicle": false,
    "motion_state": false,
    "pose": [
      [
        0.7588344143937885,
        0.6512756951465293,
        0.0032094303297075895,
        -22.531398814440763
      ],
      [
        -0.6511687967797671,
        0.7587839606973708,
        -0.015036591661718906,
        14.61888255793383
      ],
      [
        -0.01222823094427828,
        0.009320402341954805,
        0.9998817932476606,
        1.2241433989234736
      ],
      [
        0.0,
        0.0,
        0.0,
        1.0
      ]
    ],
    "location": [
      -22.531398814440763,
      14.61888255793383,
      1.2241433989234736
    ],
    "rotation": [
      0.009321234237565739,
      0.012228535711931606,
      -0.7091876315689706
    ]
  },
  {
    "label_id": "Y6iHXd_i6dspYOce5QeyfA",
    "size": [
      0.9188749146288789,
      2.1442802861827612,
      1.3000000000000043
    ],
    "obj_class": "vehicle",
    "point_num_in_lidar": 73,
    "speed": 0.016211188444134064,
    "if_vehicle": true,
    "motion_state": false,
    "pose": [
      [
        0.6679690873390327,
        0.744182099970443,
        0.0032094303297075895,
        -5.092699655657654
      ],
      [
        -0.7440695614184558,
        0.6679329222921605,
        -0.015036591661718906,
        38.06642738253868
      ],
      [
        -0.013333646538230713,
        0.007655938991139469,
        0.9998817932476606,
        1.0960934367541562
      ],
      [
        0.0,
        0.0,
        0.0,
        1.0
      ]
    ],
    "location": [
      -5.092699655657654,
      38.06642738253868,
      1.0960934367541562
    ],
    "rotation": [
      0.00765669445380866,
      0.013334041659412193,
      -0.839240119222385
    ]
  },
  {
    "label_id": "YMUkt-yL0dNzntBaHUKdBw",
    "size": [
      0.6596941796540667,
      0.9460306979443135,
      1.6900000000000048
    ],
    "obj_class": "pedestrian",
    "point_num_in_lidar": 115,
    "speed": 1.4378375055265014,
    "if_vehicle": false,
    "motion_state": true,
    "pose": [
      [
        -0.7969034088540707,
        0.6040982176051511,
        0.0032094303297075895,
        -35.601034045732234
      ],
      [
        -0.6040714889973251,
        -0.7967882636508605,
        -0.015036591661718906,
        11.616991885106472
      ],
      [
        -0.006526341801984749,
        -0.013921436510870131,
        0.9998817932476606,
        1.7756777161194286
      ],
      [
        0.0,
        0.0,
        0.0,
        1.0
      ]
    ],
    "location": [
      -35.601034045732234,
      11.616991885106472,
      1.7756777161194286
    ],
    "rotation": [
      -0.013922182744363671,
      0.0065263881324348575,
      -2.49297626766481
    ]
  },
  {
    "label_id": "chVwdJQJKmoJK7KNXQpLvg",
    "size": [
      0.6472630351055998,
      0.10527709334891468,
      0.5970501474926238
    ],
    "obj_class": "sign",
    "point_num_in_lidar": 20,
    "speed": 0.01784730989639383,
    "if_vehicle": false,
    "motion_state": false,
    "pose": [
      [
        -0.9874729430554036,
        -0.15775578052945774,
        0.0032094303297075895,
        9.310648092822447
      ],
      [
        0.15769110266777017,
        -0.9873740005948209,
        -0.015036591661718906,
        3.959616171927337
      ],
      [
        0.00554101731837094,
        -0.014342128814092935,
        0.9998817932476606,
        3.5178684873589106
      ],
      [
        0.0,
        0.0,
        0.0,
        1.0
      ]
    ],
    "location": [
      9.310648092822447,
      3.959616171927337,
      3.5178684873589106
    ],
    "rotation": [
      -0.014342840747605338,
      -0.005541045672954462,
      2.9832381390615685
    ]
  },
  {
    "label_id": "de92Xadub7g4by1rwCWl-g",
    "size": [
      2.4455632103003673,
      5.893766671715216,
      2.0400000000000027
    ],
    "obj_class": "vehicle",
    "point_num_in_lidar": 637,
    "speed": 0.01788770194018316,
    "if_vehicle": true,
    "motion_state": false,
    "pose": [
      [
        0.6830371680761657,
        0.7303765649193921,
        0.0032094303297075895,
        -8.813278495333037
      ],
      [
        -0.7302647889106936,
        0.6829987108248586,
        -0.015036591661718906,
        6.799730562959667
      ],
      [
        -0.013174410943654312,
        0.007926817023890675,
        0.9998817932476606,
        1.4302027093018026
      ],
      [
        0.0,
        0.0,
        0.0,
        1.0
      ]
    ],
    "location": [
      -8.813278495333037,
      6.799730562959667,
      1.4302027093018026
    ],
    "rotation": [
      0.007927588059661848,
      0.013174792076423466,
      -0.8188022447077968
    ]
  },
  {
    "label_id": "e1ffxlR5J2s80i29tjLitg",
    "size": [
      0.9650403166491984,
      0.10719952187577411,
      0.4063010766961561
    ],
    "obj_class": "sign",
    "point_num_in_lidar": 26,
    "speed": 0.008898122217860377,
    "if_vehicle": false,
    "motion_state": false,
    "pose": [
      [
        -0.6988597977641609,
        -0.7152514820858432,
        0.0032094303297075895,
        -4.486223814809293
      ],
      [
        0.7151405745953588,
        -0.6988189032064164,
        -0.015036591661718906,
        24.971043074116096
      ],
      [
        0.012997755054487744,
        -0.008213275557660282,
        0.9998817932476606,
        3.7457833495216057
      ],
      [
        0.0,
        0.0,
        0.0,
        1.0
      ]
    ],
    "location": [
      -4.486223814809293,
      24.971043074116096,
      3.7457833495216057
    ],
    "rotation": [
      -0.008214061795609663,
      -0.01299812105931501,
      2.3446810155502686
    ]
  },
  {
    "label_id": "eMbjSopveNs3m1uFnXkKKw",
    "size": [
      2.360773123276057,
      5.4302539376947845,
      2.1700000000000017
    ],
    "obj_class": "vehicle",
    "point_num_in_lidar": 794,
    "speed": 0.021971990785757955,
    "if_vehicle": true,
    "motion_state": false,
    "pose": [
      [
        0.725282797438649,
        -0.6884435803292283,
        0.0032094303297075895,
        2.615937723439316
      ],
      [
        0.6884042938638057,
        0.7251713101751017,
        -0.015036591661718906,
        37.30007089311766
      ],
      [
        0.008024458202432621,
        0.013115166884181587,
        0.9998817932476606,
        1.3976001636117878
      ],
      [
        0.0,
        0.0,
        0.0,
        1.0
      ]
    ],
    "location": [
      2.615937723439316,
      37.30007089311766,
      1.3976001636117878
    ],
    "rotation": [
      0.013115965210189186,
      -0.00802454432331918,
      0.7593173271832057
    ]
  },
  {
    "label_id": "fQ2n6--00V_n1eOOacR5TA",
    "size": [
      0.7618255677038412,
      0.9345899953471253,
      1.850000000000005
    ],
    "obj_class": "pedestrian",
    "point_num_in_lidar": 29,
    "speed": 1.4323780454974429,
    "if_vehicle": false,
    "motion_state": true,
    "pose": [
      [
        0.6495878964226082,
        0.7602797277175092,
        0.0032094303297075895,
        5.207928237768414
      ],
      [
        -0.7601663391770999,
        0.6495544917043412,
        -0.015036591661718906,
        -15.231361007057785
      ],
      [
        -0.013516715700844728,
        0.007327887042323941,
        0.9998817932476606,
        0.9610383797954931
      ],
      [
        0.0,
        0.0,
        0.0,
        1.0
      ]
    ],
    "location": [
      5.207928237768414,
      -15.231361007057785,
      0.9610383797954931
    ],
    "rotation": [
      0.007328622144041861,
      0.013517127322292447,
      -0.8636759895636323
    ]
  },
  {
    "label_id": "fRE2IWqr4UCEJVlBDLm9Vg",
    "size": [
      0.734251686369655,
      0.9817376162447662,
      1.7500000000000036
    ],
    "obj_class": "pedestrian",
    "point_num_in_lidar": 294,
    "speed": 0.979089700555378,
    "if_vehicle": false,
    "motion_state": false,
    "pose": [
      [
        0.9991851004983717,
        0.04023474243756982,
        0.0032094303297075895,
        -17.44169988406051
      ],
      [
        -0.040182180746412756,
        0.9990792227154267,
        -0.015036591661718906,
        36.72925973247948
      ],
      [
        -0.003811468551811745,
        0.014895376441066253,
        0.9998817932476606,
        1.6373287473264462
      ],
      [
        0.0,
        0.0,
        0.0,
        1.0
      ]
    ],
    "location": [
      -17.44169988406051,
      36.72925973247948,
      1.6373287473264462
    ],
    "rotation": [
      0.014896035515751518,
      0.0038114777802585056,
      -0.04019329379477779
    ]
  },
  {
    "label_id": "fjvasMYK-MO90dOJRoURMA",
    "size": [
      2.23772976202165,
      4.552612928654558,
      2.739999999999988
    ],
    "obj_class": "vehicle",
    "point_num_in_lidar": 114,
    "speed": 6.661338147750939e-15,
    "if_vehicle": true,
    "motion_state": false,
    "pose": [
      [
        0.6690946732702683,
        -0.7431702481654603,
        0.0032094303297075895,
        8.341210430637489
      ],
      [
        0.7431223446818414,
        0.6689866080466493,
        -0.015036591661718906,
        49.68245773236595
      ],
      [
        0.009027681646769209,
        0.012445902776701571,
        0.9998817932476606,
        1.8025943069352444
      ],
      [
        0.0,
        0.0,
        0.0,
        1.0
      ]
    ],
    "location": [
      8.341210430637489,
      49.68245773236595,
      1.8025943069352444
    ],
    "rotation": [
      0.012446731346682331,
      -0.009027804275825089,
      0.8377697023329729
    ]
  },
  {
    "label_id": "h1MQcORcKbbVlpISVYmbVg",
    "size": [
      0.8244535462900974,
      1.0348702526007014,
      1.8090579967917257
    ],
    "obj_class": "pedestrian",
    "point_num_in_lidar": 154,
    "speed": 1.8122949300147793,
    "if_vehicle": false,
    "motion_state": true,
    "pose": [
      [
        0.6754543799678695,
        0.7373947925902242,
        0.0032094303297075895,
        -15.987694568216057
      ],
      [
        -0.7372826252034111,
        0.675417079651059,
        -0.015036591661718906,
        10.42750755502675
      ],
      [
        -0.013255608450291743,
        0.007790274478802118,
        0.9998817932476606,
        1.6090657053148405
      ],
      [
        0.0,
        0.0,
        0.0,
        1.0
      ]
    ],
    "location": [
      -15.987694568216057,
      10.42750755502675,
      1.6090657053148405
    ],
    "rotation": [
      0.007791037807519122,
      0.013255996674035413,
      -0.82913511924382
    ]
  },
  {
    "label_id": "hL272mOwg-R7scPt3Sy37g",
    "size": [
      0.9042161422523801,
      1.0433843738620148,
      1.8200000000000038
    ],
    "obj_class": "pedestrian",
    "point_num_in_lidar": 310,
    "speed": 1.3662503849238972,
    "if_vehicle": false,
    "motion_state": true,
    "pose": [
      [
        0.7009319565006964,
        0.7132209278428843,
        0.0032094303297075895,
        -21.144064294748063
      ],
      [
        -0.7131101394631536,
        0.7008907403483373,
        -0.015036591661718906,
        14.649150141454811
      ],
      [
        -0.012973871856450896,
        0.008250950302535635,
        0.9998817932476606,
        1.5470295162097507
      ],
      [
        0.0,
        0.0,
        0.0,
        1.0
      ]
    ],
    "location": [
      -21.144064294748063,
      14.649150141454811,
      1.5470295162097507
    ],
    "rotation": [
      0.008251738440553609,
      0.012974235847294896,
      -0.7940102704323074
    ]
  },
  {
    "label_id": "hnUo4hyZCFm1C_pXJddkUQ",
    "size": [
      0.8103802593155334,
      0.9244852452441166,
      1.610000000000003
    ],
    "obj_class": "cyclist",
    "point_num_in_lidar": 156,
    "speed": 1.323075972973175,
    "if_vehicle": false,
    "motion_state": true,
    "pose": [
      [
        0.6492574361830237,
        0.7605619508744872,
        0.0032094303297075895,
        -16.273456467063568
      ],
      [
        -0.7604485478279146,
        0.6492240807437863,
        -0.015036591661718906,
        7.154739847006567
      ],
      [
        -0.013519898944255614,
        0.007322012317637645,
        0.9998817932476606,
        1.5509869274139412
      ],
      [
        0.0,
        0.0,
        0.0,
        1.0
      ]
    ],
    "location": [
      -16.273456467063568,
      7.154739847006567,
      1.5509869274139412
    ],
    "rotation": [
      0.007322747040143937,
      0.01352031085660353,
      -0.8641105930731746
    ]
  },
  {
    "label_id": "ht8gtxcrZA6mDs1xt8AdvA",
    "size": [
      2.3898176620661733,
      5.415910525913205,
      2.289999999999999
    ],
    "obj_class": "vehicle",
    "point_num_in_lidar": 199,
    "speed": 0.027022506270799013,
    "if_vehicle": true,
    "motion_state": false,
    "pose": [
      [
        0.683416968738124,
        0.7300211958551293,
        0.0032094303297075895,
        -4.400163221711097
      ],
      [
        -0.7299094398644415,
        0.6833784533536128,
        -0.015036591661718906,
        2.0910449463044642
      ],
      [
        -0.01317028616133505,
        0.007933668399364067,
        0.9998817932476606,
        1.4276016519544328
      ],
      [
        0.0,
        0.0,
        0.0,
        1.0
      ]
    ],
    "location": [
      -4.400163221711097,
      2.0910449463044642,
      1.4276016519544328
    ],
    "rotation": [
      0.007934439814109644,
      0.013170666936210556,
      -0.8182820827741827
    ]
  },
  {
    "label_id": "jGEgNY4HYcY3q1xhLY417g",
    "size": [
      0.7949278100923773,
      0.7991999698350772,
      1.7100000000000044
    ],
    "obj_class": "pedestrian",
    "point_num_in_lidar": 31,
    "speed": 1.4253939044819877,
    "if_vehicle": false,
    "motion_state": true,
    "pose": [
      [
        0.6753759935524217,
        0.7374665869651573,
        0.0032094303297075895,
        -16.273432679938054
      ],
      [
        -0.737354415614079,
        0.67533870515884,
        -0.015036591661718906,
        8.23093834579413
      ],
      [
        -0.013256436455518817,
        0.007788865407959825,
        0.9998817932476606,
        1.6407415765620428
      ],
      [
        0.0,
        0.0,
        0.0,
        1.0
      ]
    ],
    "location": [
      -16.273432679938054,
      8.23093834579413,
      1.6407415765620428
    ],
    "rotation": [
      0.00778962865561934,
      0.013256824752021498,
      -0.8292414220132562
    ]
  },
  {
    "label_id": "jkjRLcw59twUELYWSONreA",
    "size": [
      2.4513075993667406,
      5.635550788292107,
      2.1400000000000006
    ],
    "obj_class": "vehicle",
    "point_num_in_lidar": 9090,
    "speed": 11.702985877940291,
    "if_vehicle": true,
    "motion_state": true,
    "pose": [
      [
        0.6929966154790007,
        0.7209336935472006,
        0.0032094303297075895,
        -22.731978293978727
      ],
      [
        -0.7208224558575361,
        0.6929566278221958,
        -0.015036591661718906,
        30.941824703222665
      ],
      [
        -0.0130643815835485,
        0.008106877677747478,
        0.9998817932476606,
        1.8295140053380052
      ],
      [
        0.0,
        0.0,
        0.0,
        1.0
      ]
    ],
    "location": [
      -22.731978293978727,
      30.941824703222665,
      1.8295140053380052
    ],
    "rotation": [
      0.008107658424103222,
      0.013064753245992166,
      -0.8050769532464404
    ]
  },
  {
    "label_id": "k5PvjnQUptYKNAP4pDhEaQ",
    "size": [
      0.6609661905050964,
      0.8237320810298993,
      2.010000000000005
    ],
    "obj_class": "pedestrian",
    "point_num_in_lidar": 102,
    "speed": 2.842517866562357e-13,
    "if_vehicle": false,
    "motion_state": false,
    "pose": [
      [
        -0.0010554421125732172,
        -0.9999942927831669,
        0.0032094303297075895,
        -34.48690618011139
      ],
      [
        0.9998863350432324,
        -0.0011035873375378582,
        -0.015036591661718906,
        -4.514583028478228
      ],
      [
        0.015040047731302434,
        0.0031931952778785706,
        0.9998817932476606,
        2.050877091602054
      ],
      [
        0.0,
        0.0,
        0.0,
        1.0
      ]
    ],
    "location": [
      -34.48690618011139,
      -4.514583028478228,
      2.050877091602054
    ],
    "rotation": [
      0.003193561922827629,
      -0.015040614806436816,
      1.5718518884958501
    ]
  },
  {
    "label_id": "ltn2TuIUyW2DzgSlVNmmVg",
    "size": [
      0.943610131234501,
      0.9136637610396123,
      1.7699999999999996
    ],
    "obj_class": "pedestrian",
    "point_num_in_lidar": 298,
    "speed": 1.3973275737723378,
    "if_vehicle": false,
    "motion_state": true,
    "pose": [
      [
        -0.7198047208639394,
        -0.6941691893039803,
        0.0032094303297075895,
        -10.238148743439865
      ],
      [
        0.6940595459601132,
        -0.7197605487749661,
        -0.015036591661718906,
        30.737298528014435
      ],
      [
        0.01274795997907576,
        -0.008595873906381148,
        0.9998817932476606,
        1.3524702814069407
      ],
      [
        0.0,
        0.0,
        0.0,
        1.0
      ]
    ],
    "location": [
      -10.238148743439865,
      30.737298528014435,
      1.3524702814069407
    ],
    "rotation": [
      -0.008596678337490253,
      -0.012748305283851976,
      2.374401563264728
    ]
  },
  {
    "label_id": "m7x9-XiJdlajnYpy60MCEw",
    "size": [
      0.8517753885100362,
      1.1485901314350553,
      1.970000000000006
    ],
    "obj_class": "pedestrian",
    "point_num_in_lidar": 504,
    "speed": 1.5700476341740488,
    "if_vehicle": false,
    "motion_state": true,
    "pose": [
      [
        0.7178496986936539,
        0.6961907135565579,
        0.0032094303297075895,
        -20.69729186318105
      ],
      [
        -0.6960809464234008,
        0.7178058351236087,
        -0.015036591661718906,
        15.411829313647104
      ],
      [
        -0.01277208329651747,
        0.008559989492361596,
