[
  {
    "label_id": "4quado-MYqHN3stogtf75Q",
    "size": [
      0.6905816312959071,
      0.819534717486076,
      1.6200000000000045
    ],
    "obj_class": "pedestrian",
    "point_num_in_lidar": 214,
    "speed": 1.2247188090319832,
    "if_vehicle": false,
    "motion_state": true,
    "pose": [
      [
        -0.737295639300501,
        -0.6755517299284185,
        0.005000045918438343,
        -18.94538171390792
      ],
      [
        0.6753839465434667,
        -0.7372459411207976,
        -0.018026287812005732,
        38.815409358077886
      ],
      [
        0.015863953474374318,
        -0.009913752651274158,
        0.9998250109336795,
        1.6107259883203433
      ],
      [
        0.0,
        0.0,
        0.0,
        1.0
      ]
    ],
    "location": [
      -18.94538171390792,
      38.815409358077886,
      1.6107259883203433
    ],
    "rotation": [
      -0.009915162819055252,
      -0.015864618950102674,
      2.3999921787855887
    ]
  },
  {
    "label_id": "7jc3Af57sBpvlPL9mBChxg",
    "size": [
      0.7280243212183836,
      0.9942925016849594,
      1.9500000000000028
    ],
    "obj_class": "pedestrian",
    "point_num_in_lidar": 149,
    "speed": 1.3415576143926409,
    "if_vehicle": false,
    "motion_state": true,
    "pose": [
      [
        0.6673921245298462,
        0.7446897015914424,
        0.005000045918438343,
        -16.924583738872485
      ],
      [
        -0.7445178487589262,
        0.6673591430609903,
        -0.018026287812005732,
        9.39025769579348
      ],
      [
        -0.01676081725091862,
        0.008307979089349417,
        0.9998250109336795,
        1.7392672961918265
      ],
      [
        0.0,
        0.0,
        0.0,
        1.0
      ]
    ],
    "location": [
      -16.924583738872485,
      9.39025769579348,
      1.7392672961918265
    ],
    "rotation": [
      0.008309241910965255,
      0.016761602105557886,
      -0.8399690290174675
    ]
  },
  {
    "label_id": "87ah0IvPiztmzV7r19U4Jg",
    "size": [
      0.8187349790612483,
      1.9582102765537615,
      1.360000000000003
    ],
    "obj_class": "vehicle",
    "point_num_in_lidar": 22,
    "speed": 5.684515355781502e-13,
    "if_vehicle": true,
    "motion_state": false,
    "pose": [
      [
        0.7587039587238186,
        0.6514163818615708,
        0.005000045918438343,
        -4.416183865350661
      ],
      [
        -0.6512502889657633,
        0.7586488740318071,
        -0.018026287812005732,
        38.91229126388862
      ],
      [
        -0.015535898391022688,
        0.010420334574838616,
        0.9998250109336795,
        1.1288183516457337
      ],
      [
        0.0,
        0.0,
        0.0,
        1.0
      ]
    ],
    "location": [
      -4.416183865350661,
      38.91229126388862,
      1.1288183516457337
    ],
    "rotation": [
      0.010421781006764297,
      0.015536523427035289,
      -0.7093344480013527
    ]
  },
  {
    "label_id": "ASIWHtJxLI8SmFDDscZ3Jw",
    "size": [
      0.725522719953104,
      0.7017928548600996,
      1.6500000000000057
    ],
    "obj_class": "pedestrian",
    "point_num_in_lidar": 104,
    "speed": 0.027538822563852886,
    "if_vehicle": false,
    "motion_state": false,
    "pose": [
      [
        0.7885866998751676,
        -0.6149032576924648,
        0.005000045918438343,
        -35.0807459836503
      ],
      [
        0.6148821057873414,
        0.7884129938872415,
        -0.018026287812005732,
        -4.481833298643323
      ],
      [
        0.007142321927574643,
        0.017289729580032324,
        0.9998250109336795,
        1.8908770916021211
      ],
      [
        0.0,
        0.0,
        0.0,
        1.0
      ]
    ],
    "location": [
      -35.0807459836503,
      -4.481833298643323,
      1.8908770916021211
    ],
    "rotation": [
      0.01729103219400138,
      -0.007142382653897389,
      0.6622563513897622
    ]
  },
  {
    "label_id": "BUMkYhAQav9kbH1CraE_oA",
    "size": [
      0.8226167862754207,
      0.7142499262422745,
      1.0400000000000027
    ],
    "obj_class": "pedestrian",
    "point_num_in_lidar": 78,
    "speed": 8.881784197001252e-15,
    "if_vehicle": false,
    "motion_state": false,
    "pose": [
      [
        -0.7333122438060212,
        -0.679873629893815,
        0.005000045918438343,
        -13.76341362762301
      ],
      [
        0.6797055572983421,
        -0.7332635326575767,
        -0.018026287812005732,
        9.388177313796405
      ],
      [
        0.01592194906186317,
        -0.009820338565405623,
        0.9998250109336795,
        1.1731904209726451
      ],
      [
        0.0,
        0.0,
        0.0,
        1.0
      ]
    ],
    "location": [
      -13.76341362762301,
      9.388177313796405,
      1.1731904209726451
    ],
    "rotation": [
      -0.009821741482503562,
      -0.015922621863421322,
      2.3941140340678997
    ]
  },
  {
    "label_id": "CE8NHyciagbegqHwuqO5sg",
    "size": [
      0.6594368629913695,
      0.9203849492443361,
      1.730000000000004
    ],
    "obj_class": "pedestrian",
    "point_num_in_lidar": 155,
    "speed": 1.3552620093086971,
    "if_vehicle": false,
    "motion_state": true,
    "pose": [
      [
        0.692118105542986,
        0.7217669482044753,
        0.005000045918438343,
        -16.471310203221293
      ],
      [
        -0.7215963049453336,
        0.6920793492345801,
        -0.018026287812005732,
        9.924454119987786
      ],
      [
        -0.01647120726690273,
        0.008868305511115922,
        0.9998250109336795,
        1.6619937706048873
      ],
      [
        0.0,
        0.0,
        0.0,
        1.0
      ]
    ],
    "location": [
      -16.471310203221293,
      9.924454119987786,
      1.6619937706048873
    ],
    "rotation": [
      0.008869625040034922,
      0.016471952132768142,
      -0.806246736512622
    ]
  },
  {
    "label_id": "FI9gXqHphltRJYHwCug7Ng",
    "size": [
      1.8594440137341348,
      4.194035097474454,
      1.5400000000000027
    ],
    "obj_class": "vehicle",
    "point_num_in_lidar": 213,
    "speed": 11.397688284866165,
    "if_vehicle": true,
    "motion_state": true,
    "pose": [
      [
        0.6676871167272621,
        0.7444252237110514,
        0.005000045918438343,
        -0.10758167748289793
      ],
      [
        -0.7442533839592156,
        0.6676540671732445,
        -0.018026287812005732,
        6.263904811394241
      ],
      [
        -0.016757524330630505,
        0.008314619039744696,
        0.9998250109336795,
        1.0457079481356004
      ],
      [
        0.0,
        0.0,
        0.0,
        1.0
      ]
    ],
    "location": [
      -0.10758167748289793,
      6.263904811394241,
      1.0457079481356004
    ],
    "rotation": [
      0.008315882564600975,
      0.016758308722731395,
      -0.8395727890344907
    ]
  },
  {
    "label_id": "FsPhdjOhk_23dwZ2MZCsQg",
    "size": [
      0.518358140941081,
      0.07665135533136874,
      0.6511454701418664
    ],
    "obj_class": "sign",
    "point_num_in_lidar": 22,
    "speed": 0.02879126616298747,
    "if_vehicle": false,
    "motion_state": false,
    "pose": [
      [
        -0.7330876105933184,
        0.680115839203435,
        0.005000045918438343,
        12.15492285267436
      ],
      [
        -0.6800799035257198,
        -0.73291635113986,
        -0.018026287812005732,
        44.20810050505497
      ],
      [
        -0.008595348452911352,
        -0.016615279005806456,
        0.9998250109336795,
        3.303450607144061
      ],
      [
        0.0,
        0.0,
        0.0,
        1.0
      ]
    ],
    "location": [
      12.15492285267436,
      44.20810050505497,
      3.303450607144061
    ],
    "rotation": [
      -0.016616657477829682,
      0.008595454293842321,
      -2.3936867669970336
    ]
  },
  {
    "label_id": "G8ZifmyoUj0ZKarCYDaXdw",
    "size": [
      0.9191115219758812,
      1.1134257866036492,
      1.944807819718985
    ],
    "obj_class": "pedestrian",
    "point_num_in_lidar": 28,
    "speed": 1.5190491574031677,
    "if_vehicle": false,
    "motion_state": true,
    "pose": [
      [
        0.6810082641337364,
        0.7322586590286034,
        0.005000045918438343,
        2.8099046247620407
      ],
      [
        -0.7320874434732512,
        0.6809721198819509,
        -0.018026287812005732,
        -12.637239927938936
      ],
      [
        -0.01660479720906903,
        0.008615580137950765,
        0.9998250109336795,
        1.101127453529898
      ],
      [
        0.0,
        0.0,
        0.0,
        1.0
      ]
    ],
    "location": [
      2.8099046247620407,
      -12.637239927938936,
      1.101127453529898
    ],
    "rotation": [
      0.0086168747586316,
      0.016605560347575387,
      -0.8215294386540866
    ]
  },
  {
    "label_id": "JEq9lO83xo5toHNpV2lgqg",
    "size": [
      0.729404326113296,
      0.6294133872321779,
      1.0900000000000034
    ],
    "obj_class": "pedestrian",
    "point_num_in_lidar": 454,
    "speed": 0.03238557941122102,
    "if_vehicle": false,
    "motion_state": false,
    "pose": [
      [
        0.6730293430780468,
        -0.7395988797292397,
        0.005000045918438343,
        -32.59885885697426
      ],
      [
        0.739548608726947,
        0.672861730430373,
        -0.018026287812005732,
        23.940520411933903
      ],
      [
        0.009967882722524541,
        0.015829997646801947,
        0.9998250109336795,
        1.4956932197378343
      ],
      [
        0.0,
        0.0,
        0.0,
        1.0
      ]
    ],
    "location": [
      -32.59885885697426,
      23.940520411933903,
      1.4956932197378343
    ],
    "rotation": [
      0.01583144543917534,
      -0.009968047795860177,
      0.8324540878731145
    ]
  },
  {
    "label_id": "Lmi47GNctaz-G0dgHu1ljg",
    "size": [
      0.8462033700345506,
      1.8775675754308794,
      1.3800000000000026
    ],
    "obj_class": "vehicle",
    "point_num_in_lidar": 136,
    "speed": 3.694824894756905e-12,
    "if_vehicle": true,
    "motion_state": false,
    "pose": [
      [
        0.6741923726098538,
        0.7385388576476594,
        0.005000045918438343,
        -6.0213578685765015
      ],
      [
        -0.7383673144576259,
        0.6741578167523924,
        -0.018026287812005732,
        37.406862613652265
      ],
      [
        -0.01668393404834274,
        0.008461315272362104,
        0.9998250109336795,
        1.1369659305195405
      ],
      [
        0.0,
        0.0,
        0.0,
        1.0
      ]
    ],
    "location": [
      -6.0213578685765015,
      37.406862613652265,
      1.1369659305195405
    ],
    "rotation": [
      0.008462594145738902,
      0.016684708150981366,
      -0.8307986118853848
    ]
  },
  {
    "label_id": "OLCvkJUNK6eYbjQ3PM1B4w",
    "size": [
      1.0141263494895856,
      1.1026134838928923,
      1.7699999999999996
    ],
    "obj_class": "pedestrian",
    "point_num_in_lidar": 72,
    "speed": 1.6586297715885467,
    "if_vehicle": false,
    "motion_state": true,
    "pose": [
      [
        0.6564137591540786,
        0.754384501652854,
        0.005000045918438343,
        -5.180091233680855
      ],
      [
        -0.7542121842041215,
        0.6563832981922736,
        -0.018026287812005732,
        -1.6795901390451036
      ],
      [
        -0.016880698778768233,
        0.00806160779300575,
        0.9998250109336795,
        1.2489437799453569
      ],
      [
        0.0,
        0.0,
        0.0,
        1.0
      ]
    ],
    "location": [
      -5.180091233680855,
      -1.6795901390451036,
      1.2489437799453569
    ],
    "rotation": [
      0.008062844008221196,
      0.016881500596592977,
      -0.8546172093841776
    ]
  },
  {
    "label_id": "RqkEXPFTZvXfH7qqT2xckg",
    "size": [
      0.7982471598855888,
      1.0394737750397742,
      1.8400000000000034
    ],
    "obj_class": "pedestrian",
    "point_num_in_lidar": 359,
    "speed": 1.4749015810333475,
    "if_vehicle": false,
    "motion_state": true,
    "pose": [
      [
        0.6594248644954691,
        0.7517538477626473,
        0.005000045918438343,
        -21.43337689677699
      ],
      [
        -0.7515816534873572,
        0.6593937147781506,
        -0.018026287812005732,
        38.88737467356077
      ],
      [
        -0.016848330075772612,
        0.008129039618895608,
        0.9998250109336795,
        1.7100539644545343
      ],
      [
        0.0,
        0.0,
        0.0,
        1.0
      ]
    ],
    "location": [
      -21.43337689677699,
      38.88737467356077,
      1.7100539644545343
    ],
    "rotation": [
      0.008130283214856891,
      0.016849127289592543,
      -0.8506183325077669
    ]
  },
  {
    "label_id": "V2LikFvNhViYA90wsd05cg",
    "size": [
      1.0138103015300943,
      0.13240155450344712,
      0.896812763549697
    ],
    "obj_class": "sign",
    "point_num_in_lidar": 47,
    "speed": 0.0132409420372594,
    "if_vehicle": false,
    "motion_state": false,
    "pose": [
      [
        -0.6785463811368442,
        -0.7345405422350124,
        0.005000045918438343,
        3.101602724552805
      ],
      [
        0.7343692063152623,
        -0.67851081182514,
        -0.018026287812005732,
        -8.422397583257407
      ],
      [
        0.016633624439197664,
        -0.008559792607504259,
        0.9998250109336795,
        3.3982289541722537
      ],
      [
        0.0,
        0.0,
        0.0,
        1.0
      ]
    ],
    "location": [
      3.101602724552805,
      -8.422397583257407,
      3.3982289541722537
    ],
    "rotation": [
      -0.00856108158037878,
      -0.01663439155954395,
      2.3167060684114227
    ]
  },
  {
    "label_id": "WO56tb9SlZLXxanokDHwIg",
    "size": [
      0.8995177469393065,
      1.444058921715738,
      1.1045811488007296
    ],
    "obj_class": "pedestrian",
    "point_num_in_lidar": 229,
    "speed": 0.5998856480802359,
    "if_vehicle": false,
    "motion_state": false,
    "pose": [
      [
        0.7734545099320392,
        0.633832091808708,
        0.005000045918438343,
        -22.75529970962205
      ],
      [
        -0.633667306888156,
        0.7733956278185379,
        -0.018026287812005732,
        14.82179353992251
      ],
      [
        -0.01529265336364155,
        0.010774147974074846,
        0.9998250109336795,
        1.238365574788741
      ],
      [
        0.0,
        0.0,
        0.0,
        1.0
      ]
    ],
    "location": [
      -22.75529970962205,
      14.82179353992251,
      1.238365574788741
    ],
    "rotation": [
      0.010775616576438433,
      0.015293249496406088,
      -0.6863803997655527
    ]
  },
  {
    "label_id": "Wn7qiZhO9SVdW3Ek2xpYjQ",
    "size": [
      1.8949477651520965,
      4.497916426909856,
      1.4900000000000055
    ],
    "obj_class": "vehicle",
    "point_num_in_lidar": 4271,
    "speed": 0.04397819615228362,
    "if_vehicle": true,
    "motion_state": false,
    "pose": [
      [
        0.714927871897571,
        0.6991803326215803,
        0.005000045918438343,
        -30.993020469775416
      ],
      [
        -0.6990110212348005,
        0.7148836584647883,
        -0.018026287812005732,
        29.84519692367394
      ],
      [
        -0.016178077026995644,
        0.0093924083799819,
        0.9998250109336795,
        1.5812020664966688
      ],
      [
        0.0,
        0.0,
        0.0,
        1.0
      ]
    ],
    "location": [
      -30.993020469775416,
      29.84519692367394,
      1.5812020664966688
    ],
    "rotation": [
      0.00939377591492109,
      0.016178782825285447,
      -0.7741415394716993
    ]
  },
  {
    "label_id": "Y6iHXd_i6dspYOce5QeyfA",
    "size": [
      0.9188749146304552,
      2.1442802861827612,
      1.3000000000000043
    ],
    "obj_class": "vehicle",
    "point_num_in_lidar": 59,
    "speed": 0.016211188444517292,
    "if_vehicle": true,
    "motion_state": false,
    "pose": [
      [
        0.6693842512463862,
        0.7428995381100518,
        0.005000045918438343,
        -5.086710751447754
      ],
      [
        -0.74272777422899,
        0.6693508096182221,
        -0.018026287812005732,
        38.07189419277711
      ],
      [
        -0.016738505673012907,
        0.008352840193746859,
        0.9998250109336795,
        1.099973635890617
      ],
      [
        0.0,
        0.0,
        0.0,
        1.0
      ]
    ],
    "location": [
      -5.086710751447754,
      38.07189419277711,
      1.099973635890617
    ],
    "rotation": [
      0.008354107752344362,
      0.01673928739722349,
      -0.8372904187866239
    ]
  },
  {
    "label_id": "chVwdJQJKmoJK7KNXQpLvg",
    "size": [
      0.6472630351055991,
      0.10527709334891468,
      0.5970501474926238
    ],
    "obj_class": "sign",
    "point_num_in_lidar": 21,
    "speed": 0.02210581915973515,
    "if_vehicle": false,
    "motion_state": false,
    "pose": [
      [
        -0.9874656850198656,
        -0.15775462100699586,
        0.005000045918438343,
        9.316770713426763
      ],
      [
        0.15764195427382482,
        -0.9873317918513757,
        -0.018026287812005732,
        3.9688236487872928
      ],
      [
        0.0077804344979368785,
        -0.017012123632606013,
        0.9998250109336795,
        3.5178684873589354
      ],
      [
        0.0,
        0.0,
        0.0,
        1.0
      ]
    ],
    "location": [
      9.316770713426763,
      3.9688236487872928,
      3.5178684873589354
    ],
    "rotation": [
      -0.01701345933967556,
      -0.007780512998384448,
      2.983285529405081
    ]
  },
  {
    "label_id": "de92Xadub7g4by1rwCWl-g",
    "size": [
      2.445563210300368,
      5.893766671715216,
      2.0400000000000027
    ],
    "obj_class": "vehicle",
    "point_num_in_lidar": 488,
    "speed": 0.017887701943894566,
    "if_vehicle": true,
    "motion_state": false,
    "pose": [
      [
        0.6830321476773037,
        0.7303711965707189,
        0.005000045918438343,
        -8.810117129639735
      ],
      [
        -0.7302000816985372,
        0.6829955297329321,
        -0.018026287812005732,
        6.791360261333466
      ],
      [
        -0.016580890409735573,
        0.008661500140743364,
        0.9998250109336795,
        1.4456829226977455
      ],
      [
        0.0,
        0.0,
        0.0,
        1.0
      ]
    ],
    "location": [
      -8.810117129639735,
      6.791360261333466,
      1.4456829226977455
    ],
    "rotation": [
      0.008662799370025733,
      0.016581650256522158,
      -0.8187617044063227
    ]
  },
  {
    "label_id": "e1ffxlR5J2s80i29tjLitg",
    "size": [
      0.9650403166491999,
      0.10719952187577411,
      0.4063010766961561
    ],
    "obj_class": "sign",
    "point_num_in_lidar": 26,
    "speed": 0.008898122218144396,
    "if_vehicle": false,
    "motion_state": false,
    "pose": [
      [
        -0.6988546610672245,
        -0.7152462249081978,
        0.005000045918438343,
        -4.486166036380666
      ],
      [
        0.7150759525115127,
        -0.6988143065847119,
        -0.018026287812005732,
        24.975493531617758
      ],
      [
        0.016387337928030966,
        -0.00902234266143091,
        0.9998250109336795,
        3.7457833495216057
      ],
      [
        0.0,
        0.0,
        0.0,
        1.0
      ]
    ],
    "location": [
      -4.486166036380666,
      24.975493531617758,
      3.7457833495216057
    ],
    "rotation": [
      -0.00902367681822273,
      -0.016388071472531986,
      2.3447225129436555
    ]
  },
  {
    "label_id": "eMbjSopveNs3m1uFnXkKKw",
    "size": [
      2.3607731232760543,
      5.4302539376947845,
      2.1700000000000017
    ],
    "obj_class": "vehicle",
    "point_num_in_lidar": 610,
    "speed": 0.01510488192034884,
    "if_vehicle": true,
    "motion_state": false,
    "pose": [
      [
        0.7252774665297308,
        -0.6884385201926375,
        0.005000045918438343,
        2.624216489186324
      ],
      [
        0.6884006322127962,
        0.7251066283773314,
        -0.018026287812005732,
        37.30807596542036
      ],
      [
        0.008784424468213143,
        0.01651609512657325,
        0.9998250109336795,
        1.3976001636117488
      ],
      [
        0.0,
        0.0,
        0.0,
        1.0
      ]
    ],
    "location": [
      2.624216489186324,
      37.30807596542036,
      1.3976001636117488
    ],
    "rotation": [
      0.016517483464602845,
      -0.008784537448785282,
      0.759318341343089
    ]
  },
  {
    "label_id": "fQ2n6--00V_n1eOOacR5TA",
    "size": [
      0.761825567703453,
      0.9345899953471253,
      1.850000000000005
    ],
    "obj_class": "pedestrian",
    "point_num_in_lidar": 30,
    "speed": 1.4551833304897515,
    "if_vehicle": false,
    "motion_state": true,
    "pose": [
      [
        0.6344220693017601,
        0.77297065760848,
        0.005000045918438343,
        4.740619405856279
      ],
      [
        -0.7727975345888214,
        0.6343965821796003,
        -0.018026287812005732,
        -14.680931469230927
      ],
      [
        -0.017105803585684146,
        0.0075722516569217265,
        0.9998250109336795,
        0.9610383797954896
      ],
      [
        0.0,
        0.0,
        0.0,
        1.0
      ]
    ],
    "location": [
      4.740619405856279,
      -14.680931469230927,
      0.9610383797954896
    ],
    "rotation": [
      0.007573432150626262,
      0.017106637912849124,
      -0.8834155853461353
    ]
  },
  {
    "label_id": "fRE2IWqr4UCEJVlBDLm9Vg",
    "size": [
      0.7342516863673952,
      0.9817376162447662,
      1.7500000000000036
    ],
    "obj_class": "pedestrian",
    "point_num_in_lidar": 349,
    "speed": 1.0530504106197993,
    "if_vehicle": false,
    "motion_state": true,
    "pose": [
      [
        0.9993848868572045,
        0.03471091272533868,
        0.005000045918438343,
        -17.951230981017318
      ],
      [
        -0.03461562727644945,
        0.9992381154139272,
        -0.018026287812005732,
        36.746177256658484
      ],
      [
        -0.005621945363527794,
        0.017842119879578962,
        0.9998250109336795,
        1.6438226086192955
      ],
      [
        0.0,
        0.0,
        0.0,
        1.0
      ]
    ],
    "location": [
      -17.951230981017318,
      36.746177256658484,
      1.6438226086192955
    ],
    "rotation": [
      0.017843348675317682,
      0.00562197497873588,
      -0.0346230913641584
    ]
  },
  {
    "label_id": "h1MQcORcKbbVlpISVYmbVg",
    "size": [
      0.8244535462903734,
      1.0348702526007014,
      1.8090579967917257
    ],
    "obj_class": "pedestrian",
    "point_num_in_lidar": 183,
    "speed": 1.78346992686135,
    "if_vehicle": false,
    "motion_state": true,
    "pose": [
      [
        0.6396842565043672,
        0.7686215268396198,
        0.005000045918438343,
        -16.581770034727953
      ],
      [
        -0.7684485818516175,
        0.6396575880875305,
        -0.018026287812005732,
        11.118435432581464
      ],
      [
        -0.01705371017382945,
        0.007688854321339711,
        0.9998250109336795,
        1.6279911476705848
      ],
      [
        0.0,
        0.0,
        0.0,
        1.0
      ]
    ],
    "location": [
      -16.581770034727953,
      11.118435432581464,
      1.6279911476705848
    ],
    "rotation": [
      0.007690048430275226,
      0.017054536901030273,
      -0.8765878636467042
    ]
  },
  {
    "label_id": "hL272mOwg-R7scPt3Sy37g",
    "size": [
      0.9042161422510049,
      1.0433843738620148,
      1.8200000000000038
    ],
    "obj_class": "pedestrian",
    "point_num_in_lidar": 235,
    "speed": 1.3468637484833583,
    "if_vehicle": false,
    "motion_state": true,
    "pose": [
      [
        0.7067664448996094,
        0.7074292840311184,
        0.005000045918438343,
        -21.61013974960065
      ],
      [
        -0.7072594709909804,
        0.7067241991337762,
        -0.018026287812005732,
        15.147661267586955
      ],
      [
        -0.016285977327926533,
        0.00920404552042314,
        0.9998250109336795,
        1.5633182682113116
      ],
      [
        0.0,
        0.0,
        0.0,
        1.0
      ]
    ],
    "location": [
      -21.61013974960065,
      15.147661267586955,
      1.5633182682113116
    ],
    "rotation": [
      0.00920539638114494,
      0.016286697343794163,
      -0.785746831739274
    ]
  },
  {
    "label_id": "hgO3zRhEBlBJHykxs4_HqQ",
    "size": [
      0.7656421592393193,
      1.0828474020012604,
      1.8984507849923276
    ],
    "obj_class": "pedestrian",
    "point_num_in_lidar": 20,
    "speed": 1.2315487808101169,
    "if_vehicle": false,
    "motion_state": true,
    "pose": [
      [
        0.682068340857213,
        0.7312713435798658,
        0.005000045918438343,
        6.919582366221221
      ],
      [
        -0.7311001805647779,
        0.682031948610817,
        -0.018026287812005732,
        -17.467910095858315
      ],
      [
        -0.016592298768938855,
        0.0086396257459469,
        0.9998250109336795,
        0.9178408799006981
      ],
      [
        0.0,
        0.0,
        0.0,
        1.0
      ]
    ],
    "location": [
      6.919582366221221,
      -17.467910095858315,
      0.9178408799006981
    ],
    "rotation": [
      0.00864092278442726,
      0.01659306018535544,
      -0.8200806359271641
    ]
  },
  {
    "label_id": "hnUo4hyZCFm1C_pXJddkUQ",
    "size": [
      0.8103802593155043,
      0.9244852452441166,
      1.610000000000003
    ],
    "obj_class": "cyclist",
    "point_num_in_lidar": 133,
    "speed": 1.3157334649428507,
    "if_vehicle": false,
    "motion_state": true,
    "pose": [
      [
        0.6398961904120005,
        0.7684450956555205,
        0.005000045918438343,
        -16.68562348799668
      ],
      [
        -0.7682721580282863,
        0.6398694743041575,
        -0.018026287812005732,
        7.665660529884917
      ],
      [
        -0.017051589215338482,
        0.007693556830173597,
        0.9998250109336795,
        1.5623786023478772
      ],
      [
        0.0,
        0.0,
        0.0,
        1.0
      ]
    ],
    "location": [
      -16.68562348799668,
      7.665660529884917,
      1.5623786023478772
    ],
    "rotation": [
      0.007694751483835908,
      0.017052415634092235,
      -0.8763120675906598
    ]
  },
  {
    "label_id": "ht8gtxcrZA6mDs1xt8AdvA",
    "size": [
      2.389817662066173,
      5.415910525913205,
      2.289999999999999
    ],
    "obj_class": "vehicle",
    "point_num_in_lidar": 139,
    "speed": 0.027022506270808933,
    "if_vehicle": true,
    "motion_state": false,
    "pose": [
      [
        0.683411945547687,
        0.7300158301184563,
        0.005000045918438343,
        -4.390101184668325
      ],
      [
        -0.7298447343156276,
        0.683375238605753,
        -0.018026287812005732,
        2.0820197165630816
      ],
      [
        -0.0165763830335881,
        0.008670123239696827,
        0.9998250109336795,
        1.4413984540669915
      ],
      [
        0.0,
        0.0,
        0.0,
        1.0
      ]
    ],
    "location": [
      -4.390101184668325,
      2.0820197165630816,
      1.4413984540669915
    ],
    "rotation": [
      0.008671423330337115,
      0.016577142260818106,
      -0.8182415192872619
    ]
  },
  {
    "label_id": "jGEgNY4HYcY3q1xhLY417g",
    "size": [
      0.7949278100925963,
      0.7991999698350772,
      1.7100000000000044
    ],
    "obj_class": "pedestrian",
    "point_num_in_lidar": 57,
    "speed": 1.3316396854551953,
    "if_vehicle": false,
    "motion_state": true,
    "pose": [
      [
        0.6791513830529535,
        0.733981197605275,
        0.005000045918438343,
        -16.731942862451092
      ],
      [
        -0.7338098910513868,
        0.6791156725793261,
        -0.018026287812005732,
        8.7270265092302
      ],
      [
        -0.01662656586346111,
        0.008573495148173122,
        0.9998250109336795,
        1.644665393805056
      ],
      [
        0.0,
        0.0,
        0.0,
        1.0
      ]
    ],
    "location": [
      -16.731942862451092,
      8.7270265092302,
      1.644665393805056
    ],
    "rotation": [
      0.008574785513213995,
      0.0166273320075448,
      -0.8240625410622612
    ]
  },
  {
    "label_id": "jkjRLcw59twUELYWSONreA",
    "size": [
      2.451307599368603,
      5.635550788292107,
      2.1400000000000006
    ],
    "obj_class": "vehicle",
    "point_num_in_lidar": 8772,
    "speed": 11.389099151349418,
    "if_vehicle": true,
    "motion_state": true,
    "pose": [
      [
        0.6985782093766307,
        0.7155162366606042,
        0.005000045918438343,
        -26.71279751776396
      ],
      [
        -0.7153459486820605,
        0.6985379206971385,
        -0.018026287812005732,
        35.02531289008584
      ],
      [
        -0.016390823295463392,
        0.009016009270439607,
        0.9998250109336795,
        1.9395277969958151
      ],
      [
        0.0,
        0.0,
        0.0,
        1.0
      ]
    ],
    "location": [
      -26.71279751776396,
      35.02531289008584,
      1.9395277969958151
    ],
    "rotation": [
      0.009017342834184995,
      0.016391557308147,
      -0.7972566165021633
    ]
  },
  {
    "label_id": "k5PvjnQUptYKNAP4pDhEaQ",
    "size": [
      0.6609661905051025,
      0.8237320810298993,
      2.010000000000005
    ],
    "obj_class": "pedestrian",
    "point_num_in_lidar": 100,
    "speed": 1.6892510034564444e-28,
    "if_vehicle": false,
    "motion_state": false,
    "pose": [
      [
        -0.0010554343549514374,
        -0.9999869427143215,
        0.005000045918438343,
        -34.48690618011034
      ],
      [
        0.9998368571847336,
        -0.0011454093911562224,
        -0.018026287812005732,
        -4.514583028478228
      ],
      [
        0.018031779537167242,
        0.004980204633421712,
        0.9998250109336795,
        2.050877091602054
      ],
      [
        0.0,
        0.0,
        0.0,
        1.0
      ]
    ],
    "location": [
      -34.48690618011034,
      -4.514583028478228,
      2.050877091602054
    ],
    "rotation": [
      0.004981035072558621,
      -0.0180327568375478,
      1.5718519329723866
    ]
  },
  {
    "label_id": "ltn2TuIUyW2DzgSlVNmmVg",
    "size": [
      0.9436101312341969,
      0.9136637610396123,
      1.7699999999999996
    ],
    "obj_class": "pedestrian",
    "point_num_in_lidar": 258,
    "speed": 1.384502124381934,
    "if_vehicle": false,
    "motion_state": true,
    "pose": [
      [
        -0.7077772059057673,
        -0.7064180252096052,
        0.005000045918438343,
        -9.751439527287687
      ],
      [
        0.7062482727461031,
        -0.7077347173841797,
        -0.018026287812005732,
        30.24984763338034
      ],
      [
        0.016272800723010947,
        -0.009227321826886325,
        0.9998250109336795,
        1.3744752580220414
      ],
      [
        0.0,
        0.0,
        0.0,
        1.0
      ]
    ],
    "location": [
      -9.751439527287687,
      30.24984763338034,
      1.3744752580220414
    ],
    "rotation": [
      -0.009228674783719599,
      -0.016273518992509277,
      2.3572757525789902
    ]
  },
  {
    "label_id": "m7x9-XiJdlajnYpy60MCEw",
    "size": [
      0.8517753885076174,
      1.1485901314350553,
      1.970000000000006
    ],
    "obj_class": "pedestrian",
    "point_num_in_lidar": 317,
    "speed": 1.465280425286515,
    "if_vehicle": false,
    "motion_state": true,
    "pose": [
      [
        0.7133563325098736,
        0.70078366305792,
        0.005000045918438343,
        -21.19582371489429
      ],
      [
        -0.7006142528337777,
        0.7133124993114073,
        -0.018026287812005732,
        15.929907391009692
      ],
      [
        -0.016199123254986767,
        0.009356063127058585,
        0.9998250109336795,
        1.6229625346015446
      ],
      [
        0.0,
        0.0,
        0.0,
        1.0
      ]
    ],
    "location": [
      -21.19582371489429,
      15.929907391009692,
      1.6229625346015446
    ],
    "rotation": [
      0.009357427496149361,
      0.016199831811619766,
      -0.7763868480953311
    ]
  },
  {
    "label_id": "mfhY_2QfmynvWwrFGKZ0oA",
    "size": [
      0.48963925687978,
      0.10214470324224971,
      0.5074866177062951
    ],
    "obj_class": "sign",
    "point_num_in_lidar": 20,
    "speed": 0.006879709193601144,
    "if_vehicle": false,
    "motion_state": false,
    "pose": [
      [
        -0.5737391024460853,
        -0.8190228579625686,
        0.005000045918438343,
        -4.136829286281781
      ],
      [
        0.8188482970949353,
        -0.5737268681981378,
        -0.018026287812005732,
        -1.008086034520602
      ],
      [
        0.017632602447877264,
        -0.006248107103985259,
        0.9998250109336795,
        2.9598644116268
      ],
      [
        0.0,
        0.0,
        0.0,
        1.0
      ]
    ],
    "location": [
      -4.136829286281781,
      -1.008086034520602,
      2.9598644116268
    ],
    "rotation": [
      -0.006249119298690036,
      -0.01763351626389396,
      2.1819690833039354
    ]
  },
  {
    "label_id": "mwyNK3BKEHX57EafjsVlhg",
    "size": [
      0.8031057756944702,
      1.0582577362121528,
      1.8100000000000058
    ],
    "obj_class": "pedestrian",
    "point_num_in_lidar": 442,
    "speed": 1.5465103653478918,
    "if_vehicle": false,
    "motion_state": true,
    "pose": [
      [
        0.7482943558551857,
        0.6633479905269076,
        0.005000045918438343,
        -25.27998066262319
      ],
      [
        -0.6631810462455535,
        0.7482419079738665,
        -0.018026287812005732,
        18.294192075762112
      ],
      [
        -0.015698945694722938,
        0.010173033743279266,
        0.9998250109336795,
        1.5614312633849359
      ],
      [
        0.0,
        0.0,
        0.0,
        1.0
      ]
    ],
    "location": [
      -25.27998066262319,
      18.294192075762112,
      1.5614312633849359
    ],
    "rotation": [
      0.010174463124192436,
      0.015699590618488697,
      -0.7251701418296251
    ]
  },
  {
    "label_id": "n2pahX_mUXRpYOQf8Rw6GA",
    "size": [
      0.9389401995911794,
      0.09515362009987431,
      0.38317949677617946
    ],
    "obj_class": "sign",
    "point_num_in_lidar": 213,
    "speed": 0.042255173587562575,
    "if_vehicle": false,
    "motion_state": false,
    "pose": [
      [
        -0.458349111829684,
        0.8887581736477889,
        0.005000045918438343,
        -16.63315682162863
      ],
      [
        -0.8886661797917904,
        -0.45820025517450774,
        -0.018026287812005732,
        32.22870510285611
      ],
      [
        -0.013729988317734906,
        -0.012705704713341223,
        0.9998250109336795,
        3.283732609780273
      ],
      [
        0.0,
        0.0,
        0.0,
        1.0
      ]
    ],
    "location": [
      -16.63315682162863,
      32.22870510285611,
      3.283732609780273
    ],
    "rotation": [
      -0.012707244454239796,
      0.013730419733584905,
      -2.0469817571981945
    ]
  },
  {
    "label_id": "ndZmmljnxia7nf1iYUHCjA",
    "size": [
      2.6441412919462763,
      6.075761311101754,
      2.466192215728494
    ],
    "obj_class": "vehicle",
    "point_num_in_lidar": 950,
    "speed": 0.013462301677808642,
    "if_vehicle": true,
    "motion_state": false,
    "pose": [
      [
        0.6872834528153545,
        0.7263721188392475,
        0.005000045918438343,
        -3.118733137143522
      ],
      [
        -0.7262012206088118,
        0.6872458367527523,
        -0.018026287812005732,
        14.86527662343724
      ],
      [
        -0.016530053613832047,
        0.008758129879808611,
        0.9998250109336795,
        1.535452470978516
      ],
      [
        0.0,
        0.0,
        0.0,
        1.0
      ]
    ],
    "location": [
      -3.118733137143522,
      14.86527662343724,
      1.535452470978516
    ],
    "rotation": [
      0.0087594386874132,
      0.01653080649241334,
      -0.8129244173193354
    ]
  },
  {
    "label_id": "nyWFD3ZAVUOc7C7kuVvjLA",
    "size": [
      0.8289892594413865,
      1.0815510403823734,
      1.850000000000005
    ],
    "obj_class": "pedestrian",
    "point_num_in_lidar": 734,
    "speed": 1.5198469005150108,
    "if_vehicle": false,
    "motion_state": true,
    "pose": [
      [
        -0.8458082084012133,
        -0.5334636577518128,
        0.005000045918438343,
        -33.09084462939259
      ],
      [
        0.533307405763358,
        -0.8457294271252926,
        -0.018026287812005732,
        25.517410701242625
      ],
      [
        0.013845055402080518,
        -0.012580220680937176,
        0.9998250109336795,
        1.9078932527026993
      ],
      [
        0.0,
        0.0,
        0.0,
        1.0
      ]
    ],
    "location": [
      -33.09084462939259,
      25.517410701242625,
      1.9078932527026993
    ],
    "rotation": [
      -0.012581758525081668,
      -0.013845497756435959,
      2.5790266259436585
    ]
  },
  {
    "label_id": "p35sayiyKiZgb2akL-yLDg",
    "size": [
      0.7670953691779449,
      0.8966766857086689,
      1.7100000000000044
    ],
    "obj_class": "pedestrian",
    "point_num_in_lidar": 37,
    "speed": 1.5216253138446343,
    "if_vehicle": false,
    "motion_state": true,
    "pose": [
      [
        0.6846009452211084,
        0.7289009159983121,
        0.005000045918438343,
        -15.360531462299434
      ],
      [
        -0.7287298802541651,
        0.6845639594460615,
        -0.018026287812005732,
        9.32025773674286
      ],
      [
        -0.01656222892955846,
        0.00869713081151797,
        0.9998250109336795,
        1.571457748534634
      ],
      [
        0.0,
        0.0,
        0.0,
        1.0
      ]
    ],
    "location": [
      -15.360531462299434,
      9.32025773674286,
      1.571457748534634
    ],
    "rotation": [
      0.008698433591581579,
      0.016562986213440878,
      -0.8166113812903244
    ]
  },
  {
    "label_id": "plbgXUaVwrkY03GJ00eboA",
    "size": [
      0.8532039110405335,
      1.0775604866757238,
      1.7717746335030995
    ],
    "obj_class": "pedestrian",
    "point_num_in_lidar": 20,
    "speed": 1.3018646887872045,
    "if_vehicle": false,
    "motion_state": true,
    "pose": [
      [
        0.634137357740057,
        0.7732042492506572,
        0.005000045918438343,
        -4.047532462239786
      ],
      [
        -0.7730311168563775,
        0.6341119343771258,
        -0.018026287812005732,
        -4.437733196818954
      ],
      [
        -0.017108591123773557,
        0.007565951442303545,
        0.9998250109336795,
        1.2772476058627298
      ],
      [
        0.0,
        0.0,
        0.0,
        1.0
      ]
    ],
    "location": [
      -4.047532462239786,
      -4.437733196818954,
      1.2772476058627298
    ],
    "rotation": [
      0.007567131194462805,
      0.017109425858923243,
      -0.8837839072846491
    ]
  },
  {
    "label_id": "rhQEGyG3ydk_PpljURABpA",
    "size": [
      0.7971540827751844,
      0.9468052349867129,
      1.83555267383354
    ],
    "obj_class": "pedestrian",
    "point_num_in_lidar": 46,
    "speed": 1.4325628814793103,
    "if_vehicle": false,
    "motion_state": true,
    "pose": [
      [
        0.7156271786049908,
        0.6984645594320976,
        0.005000045918438343,
        -13.28257985805294
      ],
      [
        -0.698295292374151,
        0.7155827957656736,
        -0.018026287812005732,
        5.947668200529733
      ],
      [
        -0.01616867001208163,
        0.009408592961127112,
        0.9998250109336795,
        1.5979188766054762
      ],
      [
