[
  {
    "label_id": "0OCxtJR_yEaJVNaM9OqfbQ",
    "size": [
      2.915222912169122,
      7.801972595825992,
      3.8199999999999648
    ],
    "obj_class": "vehicle",
    "point_num_in_lidar": 396,
    "speed": 1.1368770508004532e-12,
    "if_vehicle": true,
    "motion_state": false,
    "pose": [
      [
        0.6970519483072752,
        0.716855351067028,
        0.015394382339011189,
        40.21374885361169
      ],
      [
        -0.7164461917451665,
        0.6971922026465734,
        -0.02505767153323024,
        -45.256889121268614
      ],
      [
        -0.02869556925519476,
        0.006437252161228271,
        0.9995674695035514,
        1.4806733240440728
      ],
      [
        0.0,
        0.0,
        0.0,
        1.0
      ]
    ],
    "location": [
      40.21374885361169,
      -45.256889121268614,
      1.4806733240440728
    ],
    "rotation": [
      0.006439948644578807,
      0.02869950887451478,
      -0.79911804457762
    ]
  },
  {
    "label_id": "C8em1kIenRlg8YGuTTTf7g",
    "size": [
      0.7852210358348776,
      1.2072036134509911,
      1.970000000000006
    ],
    "obj_class": "pedestrian",
    "point_num_in_lidar": 33,
    "speed": 1.0777657051529388,
    "if_vehicle": false,
    "motion_state": true,
    "pose": [
      [
        0.9246316669522012,
        0.3805513020101154,
        0.015394382339011189,
        30.5926774457308
      ],
      [
        -0.38012011125483436,
        0.9245976498547598,
        -0.02505767153323024,
        -38.18720279664376
      ],
      [
        -0.02376933925892794,
        0.017317402272307006,
        0.9995674695035514,
        0.4034701342930056
      ],
      [
        0.0,
        0.0,
        0.0,
        1.0
      ]
    ],
    "location": [
      30.5926774457308,
      -38.18720279664376,
      0.4034701342930056
    ],
    "rotation": [
      0.01732316276272968,
      0.023771578034278384,
      -0.39004229865300066
    ]
  },
  {
    "label_id": "Em1g7-nMbotXR-DrtWI2ig",
    "size": [
      1.729069234959626,
      3.5947345219723577,
      1.3300000000000054
    ],
    "obj_class": "vehicle",
    "point_num_in_lidar": 37,
    "speed": 4.9114098184903785,
    "if_vehicle": true,
    "motion_state": true,
    "pose": [
      [
        0.7066046059489374,
        0.7074411239418779,
        0.015394382339011189,
        52.128755630918874
      ],
      [
        -0.7070301201611002,
        0.7067393595112081,
        -0.02505767153323024,
        -49.00825963239549
      ],
      [
        -0.02860664322717822,
        0.0068215741247790555,
        0.9995674695035514,
        0.22576872787955793
      ],
      [
        0.0,
        0.0,
        0.0,
        1.0
      ]
    ],
    "location": [
      52.128755630918874,
      -49.00825963239549,
      0.22576872787955793
    ],
    "rotation": [
      0.0068244199944912445,
      0.0286105463249215,
      -0.7856991705752236
    ]
  },
  {
    "label_id": "FI9gXqHphltRJYHwCug7Ng",
    "size": [
      1.8594440137328472,
      4.194035097474454,
      1.5400000000000027
    ],
    "obj_class": "vehicle",
    "point_num_in_lidar": 133,
    "speed": 10.647172506154757,
    "if_vehicle": true,
    "motion_state": true,
    "pose": [
      [
        0.669285464784321,
        0.74284586531853,
        0.015394382339011189,
        35.02106675455795
      ],
      [
        -0.7424423359032123,
        0.6694411781149368,
        -0.02505767153323024,
        -34.13992691588828
      ],
      [
        -0.02891962114234934,
        0.005341294154968229,
        0.9995674695035514,
        0.3892773682102657
      ],
      [
        0.0,
        0.0,
        0.0,
        1.0
      ]
    ],
    "location": [
      35.02106675455795,
      -34.13992691588828,
      0.3892773682102657
    ],
    "rotation": [
      0.005343554567499513,
      0.028923653787858317,
      -0.8371726565688551
    ]
  },
  {
    "label_id": "FOuEhSC7GaZqHmKIVxwddg",
    "size": [
      0.6545339595715898,
      0.8882722148410453,
      1.6553390050083507
    ],
    "obj_class": "pedestrian",
    "point_num_in_lidar": 768,
    "speed": 1.711565486056925,
    "if_vehicle": false,
    "motion_state": true,
    "pose": [
      [
        -0.6610927808100222,
        -0.7501462178490753,
        0.015394382339011189,
        -4.374559827093847
      ],
      [
        0.7497444216144417,
        -0.6612529133057632,
        -0.02505767153323024,
        -1.9755837239881657
      ],
      [
        0.028976497698971045,
        -0.005023593471653793,
        0.9995674695035514,
        1.1012004462688907
      ],
      [
        0.0,
        0.0,
        0.0,
        1.0
      ]
    ],
    "location": [
      -4.374559827093847,
      -1.9755837239881657,
      1.1012004462688907
    ],
    "rotation": [
      -0.005025724955733202,
      -0.028980554190472733,
      2.293440800906671
    ]
  },
  {
    "label_id": "FiBHFnlgGD3tCo4uGN8GOA",
    "size": [
      0.779206622340558,
      0.8530859308161094,
      1.6800000000000033
    ],
    "obj_class": "pedestrian",
    "point_num_in_lidar": 24,
    "speed": 1.3818290053977484,
    "if_vehicle": false,
    "motion_state": true,
    "pose": [
      [
        0.6622100200444506,
        0.7491601313104752,
        0.015394382339011189,
        38.65125067880567
      ],
      [
        -0.7487580968700888,
        0.662369553549086,
        -0.02505767153323024,
        -50.181064497512125
      ],
      [
        -0.028968978653224297,
        0.005066772745639135,
        0.9995674695035514,
        0.5682473486003197
      ],
      [
        0.0,
        0.0,
        0.0,
        1.0
      ]
    ],
    "location": [
      38.65125067880567,
      -50.181064497512125,
      0.5682473486003197
    ],
    "rotation": [
      0.005068921813667134,
      0.02897303198692076,
      -0.846660904548516
    ]
  },
  {
    "label_id": "G8ZifmyoUj0ZKarCYDaXdw",
    "size": [
      0.9191115219765574,
      1.1134257866036492,
      1.944807819718985
    ],
    "obj_class": "pedestrian",
    "point_num_in_lidar": 236,
    "speed": 1.4802679037019884,
    "if_vehicle": false,
    "motion_state": true,
    "pose": [
      [
        0.784007011321471,
        0.6205610519450728,
        0.015394382339011189,
        7.920752542828524
      ],
      [
        -0.6201371761714131,
        0.784093104055557,
        -0.02505767153323024,
        -17.840502103821564
      ],
      [
        -0.027620444039168794,
        0.010098761376825468,
        0.9995674695035514,
        0.8251265709855424
      ],
      [
        0.0,
        0.0,
        0.0,
        1.0
      ]
    ],
    "location": [
      7.920752542828524,
      -17.840502103821564,
      0.8251265709855424
    ],
    "rotation": [
      0.010102787557080429,
      0.027623957133842834,
      -0.6692192887982129
    ]
  },
  {
    "label_id": "JbaK1eVynVrY5IGp30MGEQ",
    "size": [
      0.7579103994422117,
      1.0900382483025783,
      1.8400000000000034
    ],
    "obj_class": "pedestrian",
    "point_num_in_lidar": 30,
    "speed": 1.4546139793290191,
    "if_vehicle": false,
    "motion_state": true,
    "pose": [
      [
        0.716798874997979,
        0.6971100241669403,
        0.015394382339011189,
        26.016505509179794
      ],
      [
        -0.6966971076996374,
        0.7169276485254927,
        -0.02505767153323024,
        -34.85320126552142
      ],
      [
        -0.02850461233890705,
        0.007236089114676843,
        0.9995674695035514,
        0.5219517741629964
      ],
      [
        0.0,
        0.0,
        0.0,
        1.0
      ]
    ],
    "location": [
      26.016505509179794,
      -34.85320126552142,
      0.5219517741629964
    ],
    "rotation": [
      0.007239093841926938,
      0.02850847381193657,
      -0.7711778100725097
    ]
  },
  {
    "label_id": "L1UCSHYGDwJLA62Yn_UZ4Q",
    "size": [
      0.7961601569311256,
      0.8415275557149793,
      1.600000000000005
    ],
    "obj_class": "pedestrian",
    "point_num_in_lidar": 20,
    "speed": 1.3159728914347315,
    "if_vehicle": false,
    "motion_state": true,
    "pose": [
      [
        -0.6043528018558547,
        0.7965680786231509,
        0.015394382339011189,
        45.41466153103882
      ],
      [
        -0.7966454607680735,
        -0.603927249703933,
        -0.02505767153323024,
        -27.73358062965781
      ],
      [
        -0.010663054281105411,
        -0.027407538810792848,
        0.9995674695035514,
        0.36199186967226993
      ],
      [
        0.0,
        0.0,
        0.0,
        1.0
      ]
    ],
    "location": [
      45.41466153103882,
      -27.73358062965781,
      0.36199186967226993
    ],
    "rotation": [
      -0.027412530119598356,
      0.010663256357614819,
      -2.2197927406875957
    ]
  },
  {
    "label_id": "MSs5ysIlfn6HWkrilVdHNQ",
    "size": [
      2.7919716539132797,
      6.598391175076888,
      3.4099999999999753
    ],
    "obj_class": "vehicle",
    "point_num_in_lidar": 393,
    "speed": 2.842257677890751e-13,
    "if_vehicle": true,
    "motion_state": false,
    "pose": [
      [
        0.7271603940979823,
        0.6862949615490904,
        0.015394382339011189,
        46.40458313547694
      ],
      [
        -0.6858801625219165,
        0.727282968146678,
        -0.02505767153323024,
        -38.24104754797008
      ],
      [
        -0.028393025801708844,
        0.0076622448466759745,
        0.9995674695035514,
        1.0251601588801762
      ],
      [
        0.0,
        0.0,
        0.0,
        1.0
      ]
    ],
    "location": [
      46.40458313547694,
      -38.24104754797008,
      1.0251601588801762
    ],
    "rotation": [
      0.007665410295765881,
      0.028396842091790185,
      -0.7561927071647289
    ]
  },
  {
    "label_id": "O8ilGM7P1-uAp4PIMof2xA",
    "size": [
      0.7819962013960045,
      0.8654287857100659,
      1.7400000000000055
    ],
    "obj_class": "pedestrian",
    "point_num_in_lidar": 52,
    "speed": 1.4499390694603533,
    "if_vehicle": false,
    "motion_state": true,
    "pose": [
      [
        0.6689014859582145,
        0.7431916408809326,
        0.015394382339011189,
        40.211640767405314
      ],
      [
        -0.7427881919893627,
        0.6690574078048209,
        -0.02505767153323024,
        -24.07711537416435
      ],
      [
        -0.02892237756593196,
        0.005326348298843459,
        0.9995674695035514,
        0.3253796276652672
      ],
      [
        0.0,
        0.0,
        0.0,
        1.0
      ]
    ],
    "location": [
      40.211640767405314,
      -24.07711537416435,
      0.3253796276652672
    ],
    "rotation": [
      0.005328602669783587,
      0.028926411364934297,
      -0.8376896476036412
    ]
  },
  {
    "label_id": "OLCvkJUNK6eYbjQ3PM1B4w",
    "size": [
      1.0141263494893482,
      1.1026134838928923,
      1.7699999999999996
    ],
    "obj_class": "pedestrian",
    "point_num_in_lidar": 686,
    "speed": 1.8345298523859634,
    "if_vehicle": false,
    "motion_state": true,
    "pose": [
      [
        0.7110702151241958,
        0.7029524608077208,
        0.015394382339011189,
        0.5967704653495218
      ],
      [
        -0.7025406119585005,
        0.7112023633582134,
        -0.02505767153323024,
        -7.927021713165232
      ],
      [
        -0.02856287296834047,
        0.0070025850984734095,
        0.9995674695035514,
        1.0015785954045597
      ],
      [
        0.0,
        0.0,
        0.0,
        1.0
      ]
    ],
    "location": [
      0.5967704653495218,
      -7.927021713165232,
      1.0015785954045597
    ],
    "rotation": [
      0.007005500635385285,
      0.02856675817302906,
      -0.7793643247418462
    ]
  },
  {
    "label_id": "S-Uacus7IJgPhKK_6OF4Hw",
    "size": [
      0.7690052986380211,
      0.8370641295136979,
      1.6207908815255863
    ],
    "obj_class": "pedestrian",
    "point_num_in_lidar": 22,
    "speed": 1.4963924807202607,
    "if_vehicle": false,
    "motion_state": true,
    "pose": [
      [
        0.6940415333773059,
        0.7197703543073154,
        0.015394382339011189,
        54.46806292021574
      ],
      [
        -0.7193617863753623,
        0.6941835012445775,
        -0.02505767153323024,
        -42.4669853325704
      ],
      [
        -0.02872229534918194,
        0.006316934394251567,
        0.9995674695035514,
        0.4558075981719725
      ],
      [
        0.0,
        0.0,
        0.0,
        1.0
      ]
    ],
    "location": [
      54.46806292021574,
      -42.4669853325704,
      0.4558075981719725
    ],
    "rotation": [
      0.006319583713280993,
      0.028726245989176346,
      -0.8033106336241939
    ]
  },
  {
    "label_id": "TUgaysJsmRIFmjy8Ssx5VQ",
    "size": [
      0.7719195621630086,
      0.94966798220545,
      1.7562431769673594
    ],
    "obj_class": "pedestrian",
    "point_num_in_lidar": 88,
    "speed": 1.223041672456521,
    "if_vehicle": false,
    "motion_state": true,
    "pose": [
      [
        0.5903435787110504,
        0.8070052490950912,
        0.015394382339011189,
        13.443037625543013
      ],
      [
        -0.8066196295998636,
        0.5905394874532199,
        -0.02505767153323024,
        -23.2566501309866
      ],
      [
        -0.029312663113556015,
        0.0023752245068812657,
        0.9995674695035514,
        0.5462497466603367
      ],
      [
        0.0,
        0.0,
        0.0,
        1.0
      ]
    ],
    "location": [
      13.443037625543013,
      -23.2566501309866,
      0.5462497466603367
    ],
    "rotation": [
      0.0023762478359247697,
      0.02931686246821914,
      -0.9389974283013683
    ]
  },
  {
    "label_id": "Wpqa9KCQJuuTRKatLAsU9w",
    "size": [
      0.7462867831484482,
      1.0096800683498657,
      1.7500000000000036
    ],
    "obj_class": "pedestrian",
    "point_num_in_lidar": 42,
    "speed": 1.2639327826271824,
    "if_vehicle": false,
    "motion_state": true,
    "pose": [
      [
        -0.7098375591280243,
        0.7041971688693225,
        0.015394382339011189,
        44.270014152889786
      ],
      [
        -0.7043333179395413,
        -0.7094270155115392,
        -0.02505767153323024,
        -27.478822432700326
      ],
      [
        -0.006724350633749894,
        -0.028629652789045557,
        0.9995674695035514,
        0.3995834938015612
      ],
      [
        0.0,
        0.0,
        0.0,
        1.0
      ]
    ],
    "location": [
      44.270014152889786,
      -27.478822432700326,
      0.3995834938015612
    ],
    "rotation": [
      -0.0286342128743295,
      0.006724401310486493,
      -2.3600866742861846
    ]
  },
  {
    "label_id": "Y4WRE-DC5UX_A82GcFlyAw",
    "size": [
      0.8315503518911924,
      0.9516061533592971,
      1.740000000000002
    ],
    "obj_class": "pedestrian",
    "point_num_in_lidar": 30,
    "speed": 2.220446049250313e-15,
    "if_vehicle": false,
    "motion_state": false,
    "pose": [
      [
        0.9973503173157001,
        -0.07110103756396736,
        0.015394382339011189,
        32.2646925753358
      ],
      [
        0.07147194738779551,
        0.9971278121855437,
        -0.02505767153323024,
        -39.44065405956826
      ],
      [
        -0.013568540336696243,
        0.02609154313946118,
        0.9995674695035514,
        0.2587015111004476
      ],
      [
        0.0,
        0.0,
        0.0,
        1.0
      ]
    ],
    "location": [
      32.2646925753358,
      -39.44065405956826,
      0.2587015111004476
    ],
    "rotation": [
      0.02609690737605959,
      0.013568956711194548,
      0.07153953395348889
    ]
  },
  {
    "label_id": "_CuXoK6hvB75S9LCO7CUjQ",
    "size": [
      0.9248528456291146,
      0.9846531429257308,
      1.8000000000000007
    ],
    "obj_class": "pedestrian",
    "point_num_in_lidar": 78,
    "speed": 1.137130723872009e-12,
    "if_vehicle": false,
    "motion_state": false,
    "pose": [
      [
        0.937555803416253,
        0.34749406969458463,
        0.015394382339011189,
        16.186705866962654
      ],
      [
        -0.34706435796462265,
        0.9375065037256739,
        -0.02505767153323024,
        -22.726735557536813
      ],
      [
        -0.023139725821814963,
        0.018150123943327403,
        0.9995674695035514,
        0.3768429872577599
      ],
      [
        0.0,
        0.0,
        0.0,
        1.0
      ]
    ],
    "location": [
      16.186705866962654,
      -22.726735557536813,
      0.3768429872577599
    ],
    "rotation": [
      0.018155982581833093,
      0.023141791335327316,
      -0.35453818883083815
    ]
  },
  {
    "label_id": "_HXRJqr7AwgvGu22LM6Eqg",
    "size": [
      0.4089635300633921,
      0.09352152301424937,
      0.5970501474926238
    ],
    "obj_class": "sign",
    "point_num_in_lidar": 25,
    "speed": 0.005433106572874834,
    "if_vehicle": false,
    "motion_state": false,
    "pose": [
      [
        -0.9873610121312305,
        -0.15773789879287808,
        0.015394382339011189,
        9.348891645694067
      ],
      [
        0.15732608465952444,
        -0.9872287557516933,
        -0.02505767153323024,
        3.960449567908654
      ],
      [
        0.019150321378401714,
        -0.022319030027553772,
        0.9995674695035514,
        2.786828322513294
      ],
      [
        0.0,
        0.0,
        0.0,
        1.0
      ]
    ],
    "location": [
      9.348891645694067,
      3.960449567908654,
      2.786828322513294
    ],
    "rotation": [
      -0.022324978168782355,
      -0.019151492086523246,
      2.9835810021024867
    ]
  },
  {
    "label_id": "_hHL2rZg7Bbfjm__kmk14Q",
    "size": [
      1.9780500620659847,
      4.596211258606762,
      1.5200000000000031
    ],
    "obj_class": "vehicle",
    "point_num_in_lidar": 49,
    "speed": 1.7053155762006798e-12,
    "if_vehicle": true,
    "motion_state": false,
    "pose": [
      [
        -0.7162137054128294,
        0.6977112161712935,
        0.015394382339011189,
        40.70932884967354
      ],
      [
        -0.6978510939926961,
        -0.7158044172192081,
        -0.02505767153323024,
        -15.152409083560997
      ],
      [
        -0.006463651601245296,
        -0.0286896343344532,
        0.9995674695035514,
        0.13430582313176487
      ],
      [
        0.0,
        0.0,
        0.0,
        1.0
      ]
    ],
    "location": [
      40.70932884967354,
      -15.152409083560997,
      0.13430582313176487
    ],
    "rotation": [
      -0.028694171083978256,
      0.006463696609350799,
      -2.369179453385513
    ]
  },
  {
    "label_id": "dWGM_6Sr_Eaoh5yFictcbQ",
    "size": [
      1.0000000000005014,
      1.0,
      1.9100000000000001
    ],
    "obj_class": "pedestrian",
    "point_num_in_lidar": 39,
    "speed": 8.526512829121202e-13,
    "if_vehicle": false,
    "motion_state": false,
    "pose": [
      [
        0.7679876922981737,
        -0.6402795619656512,
        0.015394382339011189,
        17.45775184537304
      ],
      [
        0.640450649248916,
        0.7675904370000804,
        -0.02505767153323024,
        -24.22137348002252
      ],
      [
        0.0042273342862279035,
        0.029103325498976894,
        0.9995674695035514,
        0.43566441217587837
      ],
      [
        0.0,
        0.0,
        0.0,
        1.0
      ]
    ],
    "location": [
      17.45775184537304,
      -24.22137348002252,
      0.43566441217587837
    ],
    "rotation": [
      0.02910769565946614,
      -0.004227346876990006,
      0.6950923569092469
    ]
  },
  {
    "label_id": "fQ2n6--00V_n1eOOacR5TA",
    "size": [
      0.7618255677036002,
      0.9345899953471253,
      1.850000000000005
    ],
    "obj_class": "pedestrian",
    "point_num_in_lidar": 113,
    "speed": 1.3374880769226878,
    "if_vehicle": false,
    "motion_state": true,
    "pose": [
      [
        0.7808840832096657,
        0.6244862381047321,
        0.015394382339011189,
        9.46112906284391
      ],
      [
        -0.6240627995514167,
        0.780972301245941,
        -0.02505767153323024,
        -19.40784293800425
      ],
      [
        -0.027670757233008426,
        0.009960075522747223,
        0.9995674695035514,
        0.7660874405397315
      ],
      [
        0.0,
        0.0,
        0.0,
        1.0
      ]
    ],
    "location": [
      9.46112906284391,
      -19.40784293800425,
      0.7660874405397315
    ],
    "rotation": [
      0.009964055658421577,
      0.027674289565380355,
      -0.6742375052401319
    ]
  },
  {
    "label_id": "hGZX2N3Zly2psnSENmTj-A",
    "size": [
      2.1384752959999904,
      4.888177290087686,
      1.5899999999999999
    ],
    "obj_class": "vehicle",
    "point_num_in_lidar": 41,
    "speed": 1.4210924103971636e-12,
    "if_vehicle": true,
    "motion_state": false,
    "pose": [
      [
        0.7057332890474715,
        -0.7083103399800389,
        0.015394382339011189,
        23.55524398527743
      ],
      [
        0.70844410096907,
        0.7053219611634526,
        -0.02505767153323024,
        -41.49317214707662
      ],
      [
        0.006890611900559065,
        0.028590092303152688,
        0.9995674695035514,
        0.18078120263363218
      ],
      [
        0.0,
        0.0,
        0.0,
        1.0
      ]
    ],
    "location": [
      23.55524398527743,
      -41.49317214707662,
      0.18078120263363218
    ],
    "rotation": [
      0.028594667666673467,
      -0.006890666430044389,
      0.7873150435713965
    ]
  },
  {
    "label_id": "hgO3zRhEBlBJHykxs4_HqQ",
    "size": [
      0.7656421592377517,
      1.0828474020012604,
      1.8984507849923276
    ],
    "obj_class": "pedestrian",
    "point_num_in_lidar": 138,
    "speed": 1.2782051517769544,
    "if_vehicle": false,
    "motion_state": true,
    "pose": [
      [
        0.807105997370303,
        0.5902058301993371,
        0.015394382339011189,
        11.618550356665338
      ],
      [
        -0.5897789791132728,
        0.807175859954594,
        -0.02505767153323024,
        -21.300347374080957
      ],
      [
        -0.027215157633093623,
        0.011144913874623824,
        0.9995674695035514,
        0.7025302673519569
      ],
      [
        0.0,
        0.0,
        0.0,
        1.0
      ]
    ],
    "location": [
      11.618550356665338,
      -21.300347374080957,
      0.7025302673519569
    ],
    "rotation": [
      0.011149274477606417,
      0.027218518304893455,
      -0.6310557627449378
    ]
  },
  {
    "label_id": "htlToNRsx41JQWk7O-9SuQ",
    "size": [
      0.6722732336176224,
      0.6100302540971272,
      1.6900000000000048
    ],
    "obj_class": "pedestrian",
    "point_num_in_lidar": 20,
    "speed": 0.05181333199376708,
    "if_vehicle": false,
    "motion_state": false,
    "pose": [
      [
        -0.3350470730126177,
        0.942075618970196,
        0.015394382339011189,
        55.95455716207783
      ],
      [
        -0.9420206327151622,
        -0.33461805186848204,
        -0.02505767153323024,
        -50.21982541474972
      ],
      [
        -0.018454983191621248,
        -0.022897325294974825,
        0.9995674695035514,
        0.3696855496581577
      ],
      [
        0.0,
        0.0,
        0.0,
        1.0
      ]
    ],
    "location": [
      55.95455716207783,
      -50.21982541474972,
      0.3696855496581577
    ],
    "rotation": [
      -0.022903227842257862,
      0.018456030938272954,
      -1.9125120895576255
    ]
  },
  {
    "label_id": "jkjRLcw59twUELYWSONreA",
    "size": [
      2.4513075993668902,
      5.635550788292107,
      2.1400000000000006
    ],
    "obj_class": "vehicle",
    "point_num_in_lidar": 2167,
    "speed": 10.031118420619682,
    "if_vehicle": true,
    "motion_state": true,
    "pose": [
      [
        0.7136851002319567,
        0.7002975015658005,
        0.015394382339011189,
        13.89893751697025
      ],
      [
        -0.6998851630754653,
        0.7138157126346841,
        -0.02505767153323024,
        -6.717658860854499
      ],
      [
        -0.028536576769669687,
        0.007108987025987961,
        0.9995674695035514,
        0.7805150091083171
      ],
      [
        0.0,
        0.0,
        0.0,
        1.0
      ]
    ],
    "location": [
      13.89893751697025,
      -6.717658860854499,
      0.7805150091083171
    ],
    "rotation": [
      0.0071119433010512585,
      0.028540451250959612,
      -0.7756360036131146
    ]
  },
  {
    "label_id": "lhHFPkjsC18bVySvOy8gPg",
    "size": [
      2.9661909245591223,
      11.160713238735097,
      4.1399999999999935
    ],
    "obj_class": "vehicle",
    "point_num_in_lidar": 138,
    "speed": 0.005072127422216513,
    "if_vehicle": true,
    "motion_state": false,
    "pose": [
      [
        0.7038925358400372,
        0.7101396418881869,
        0.015394382339011189,
        60.77343878372199
      ],
      [
        -0.7097291567266297,
        0.704028861048636,
        -0.02505767153323024,
        -53.410624204834676
      ],
      [
        -0.028632535353841224,
        0.006712065961978411,
        0.9995674695035514,
        1.5918554233717366
      ],
      [
        0.0,
        0.0,
        0.0,
        1.0
      ]
    ],
    "location": [
      60.77343878372199,
      -53.410624204834676,
      1.5918554233717366
    ],
    "rotation": [
      0.006714869466329051,
      0.02863644906197684,
      -0.7895269821269146
    ]
  },
  {
    "label_id": "plbgXUaVwrkY03GJ00eboA",
    "size": [
      0.8532039110405831,
      1.0775604866757238,
      1.7717746335030995
    ],
    "obj_class": "pedestrian",
    "point_num_in_lidar": 467,
    "speed": 1.2808216084058335,
    "if_vehicle": false,
    "motion_state": true,
    "pose": [
      [
        0.6307444698031511,
        0.775837886935887,
        0.015394382339011189,
        0.0834137986923622
      ],
      [
        -0.7754427752281318,
        0.6309204509633728,
        -0.02505767153323024,
        -9.189744630026325
      ],
      [
        -0.029153321581506398,
        0.0038675251818430434,
        0.9995674695035514,
        1.0183848962653776
      ],
      [
        0.0,
        0.0,
        0.0,
        1.0
      ]
    ],
    "location": [
      0.0834137986923622,
      -9.189744630026325,
      1.0183848962653776
    ],
    "rotation": [
      0.0038691794202603633,
      0.0291574528082578,
      -0.8879384235259518
    ]
  },
  {
    "label_id": "q5T3DlAO2c9XHbOijTcVEA",
    "size": [
      0.9125408189923763,
      0.7909272363024653,
      1.7899999999999991
    ],
    "obj_class": "pedestrian",
    "point_num_in_lidar": 47,
    "speed": 0.9465247718465072,
    "if_vehicle": false,
    "motion_state": false,
    "pose": [
      [
        0.5046583745904598,
        0.8631818684078781,
        0.015394382339011189,
        15.375624775776728
      ],
      [
        -0.8628183220142174,
        0.5048927176083083,
        -0.02505767153323024,
        -25.908244293445023
      ],
      [
        -0.029401839267049288,
        -0.0006369913512093288,
        0.9995674695035514,
        0.5059200423098957
      ],
      [
        0.0,
        0.0,
        0.0,
        1.0
      ]
    ],
    "location": [
      15.375624775776728,
      -25.908244293445023,
      0.5059200423098957
    ],
    "rotation": [
      -0.0006372669023496409,
      0.02940607707475293,
      -1.041557271235002
    ]
  },
  {
    "label_id": "wd-dwWfxFi-2x2ASuoXg0g",
    "size": [
      1.9926852032153755,
      4.23777338934755,
      1.7800000000000047
    ],
    "obj_class": "vehicle",
    "point_num_in_lidar": 429,
    "speed": 0.8712962965712461,
    "if_vehicle": true,
    "motion_state": false,
    "pose": [
      [
        0.01736227941939407,
        0.9997307458739894,
        0.015394382339011189,
        20.19361294652998
      ],
      [
        -0.9995285096549459,
        0.017744618460122447,
        -0.02505767153323024,
        -26.725222323437265
      ],
      [
        -0.0253240920928167,
        -0.014952065741610936,
        0.9995674695035514,
        0.343977274810225
      ],
      [
        0.0,
        0.0,
        0.0,
        1.0
      ]
    ],
    "location": [
      20.19361294652998,
      -26.725222323437265,
      0.343977274810225
    ],
    "rotation": [
      -0.01495742021796232,
      0.02532679963832354,
      -1.5534276041331438
    ]
  },
  {
    "label_id": "xJ9paU9ARQzf8h-g7JRgXw",
    "size": [
      0.7982479932834342,
      0.9690615119256042,
      1.7917746335031026
    ],
    "obj_class": "pedestrian",
    "point_num_in_lidar": 702,
    "speed": 1.4039944336791692,
    "if_vehicle": false,
    "motion_state": true,
    "pose": [
      [
        0.6632835615173572,
        0.7482098168383321,
        0.015394382339011189,
        -0.8078240694348438
      ],
      [
        -0.7478075540558325,
        0.6634425183799767,
        -0.02505767153323024,
        -7.823458588254653
      ],
      [
        -0.02896168361617111,
        0.005108306214756786,
        0.9995674695035514,
        1.0645931860605913
      ],
      [
        0.0,
        0.0,
        0.0,
        1.0
      ]
    ],
    "location": [
      -0.8078240694348438,
      -7.823458588254653,
      1.0645931860605913
    ],
    "rotation": [
      0.005110472178662937,
      0.028965733887707526,
      -0.8452264186908197
    ]
  },
  {
    "label_id": "xm7qMBcQiB6LNZ64hriwQw",
    "size": [
      0.8676867597654976,
      1.115154545921516,
      1.7500000000000036
    ],
    "obj_class": "pedestrian",
    "point_num_in_lidar": 741,
    "speed": 1.5702978613712157,
    "if_vehicle": false,
    "motion_state": true,
    "pose": [
      [
        0.6938818289943676,
        0.7199243157331411,
        0.015394382339011189,
        -4.488434914427842
      ],
      [
        -0.7195157793080469,
        0.6940238875024882,
        -0.02505767153323024,
        -4.037024794410172
      ],
      [
        -0.028723696109046782,
        0.006310561948198228,
        0.9995674695035514,
        1.1752761380390382
      ],
      [
        0.0,
        0.0,
        0.0,
        1.0
      ]
    ],
    "location": [
      -4.488434914427842,
      -4.037024794410172,
      1.1752761380390382
    ],
    "rotation": [
      0.00631320876410496,
      0.028727647327219753,
      -0.803532579454984
    ]
  }
]