[
  {
    "label_id": "0OCxtJR_yEaJVNaM9OqfbQ",
    "size": [
      2.9152229121691215,
      7.801972595825992,
      3.8199999999999648
    ],
    "obj_class": "vehicle",
    "point_num_in_lidar": 356,
    "speed": 1.1368770508004532e-12,
    "if_vehicle": true,
    "motion_state": false,
    "pose": [
      [
        0.6970532626240477,
        0.7168567027238287,
        0.015271438212903943,
        40.21374885360994
      ],
      [
        -0.7166035819952447,
        0.6972162506303832,
        -0.019204325775598167,
        -45.256889121268614
      ],
      [
        -0.024414244546063984,
        0.0024428706127897744,
        0.9996989432056104,
        1.510063892025915
      ],
      [
        0.0,
        0.0,
        0.0,
        1.0
      ]
    ],
    "location": [
      40.21374885360994,
      -45.256889121268614,
      1.510063892025915
    ],
    "rotation": [
      0.0024436014133163097,
      0.02441667057029953,
      -0.79922688937386
    ]
  },
  {
    "label_id": "C8em1kIenRlg8YGuTTTf7g",
    "size": [
      0.7852210358378141,
      1.2072036134509911,
      1.970000000000006
    ],
    "obj_class": "pedestrian",
    "point_num_in_lidar": 22,
    "speed": 1.2945717392900105,
    "if_vehicle": false,
    "motion_state": true,
    "pose": [
      [
        0.7812319814886906,
        0.624053983461498,
        0.015271438212903943,
        29.45717791868894
      ],
      [
        -0.6237824664373026,
        0.7813620341665571,
        -0.019204325775598167,
        -37.44511098898511
      ],
      [
        -0.023917058026637874,
        0.0054769780843347965,
        0.9996989432056104,
        0.7234701342930556
      ],
      [
        0.0,
        0.0,
        0.0,
        1.0
      ]
    ],
    "location": [
      29.45717791868894,
      -37.44511098898511,
      0.7234701342930556
    ],
    "rotation": [
      0.005478572649020275,
      0.023919338808955398,
      -0.6738011953583815
    ]
  },
  {
    "label_id": "Em1g7-nMbotXR-DrtWI2ig",
    "size": [
      1.729069234960932,
      3.5947345219723577,
      1.3300000000000054
    ],
    "obj_class": "vehicle",
    "point_num_in_lidar": 30,
    "speed": 5.675465457488062,
    "if_vehicle": true,
    "motion_state": true,
    "pose": [
      [
        0.6984659229018307,
        0.7154803545309983,
        0.015271438212903943,
        48.09681138251989
      ],
      [
        -0.7152269127972485,
        0.698628411304623,
        -0.019204325775598167,
        -44.92725360024269
      ],
      [
        -0.024409378431471566,
        0.0024910235195713735,
        0.9996989432056104,
        0.28077133655040853
      ],
      [
        0.0,
        0.0,
        0.0,
        1.0
      ]
    ],
    "location": [
      48.09681138251989,
      -44.92725360024269,
      0.28077133655040853
    ],
    "rotation": [
      0.0024917685279006673,
      0.02441180300511098,
      -0.7972537830769866
    ]
  },
  {
    "label_id": "FI9gXqHphltRJYHwCug7Ng",
    "size": [
      1.8594440137337778,
      4.194035097474454,
      1.5400000000000027
    ],
    "obj_class": "vehicle",
    "point_num_in_lidar": 145,
    "speed": 10.59275916084179,
    "if_vehicle": true,
    "motion_state": true,
    "pose": [
      [
        0.6658175529838001,
        0.745958289258571,
        0.015271438212903943,
        27.25452198636947
      ],
      [
        -0.7457123566919349,
        0.6659911973505844,
        -0.019204325775598167,
        -25.41633080948486
      ],
      [
        -0.024496269422606853,
        0.0013984770147926233,
        0.9996989432056104,
        0.3782130309033924
      ],
      [
        0.0,
        0.0,
        0.0,
        1.0
      ]
    ],
    "location": [
      27.25452198636947,
      -25.41633080948486,
      0.3782130309033924
    ],
    "rotation": [
      0.0013988972500814368,
      0.024498719985754983,
      -0.8419394000650815
    ]
  },
  {
    "label_id": "FOuEhSC7GaZqHmKIVxwddg",
    "size": [
      0.6545339595681414,
      0.8882722148410453,
      1.6553390050083507
    ],
    "obj_class": "pedestrian",
    "point_num_in_lidar": 207,
    "speed": 1.6873390937598556,
    "if_vehicle": false,
    "motion_state": true,
    "pose": [
      [
        -0.6540570725874496,
        -0.7562910345715101,
        0.015271438212903943,
        -3.1881903934960434
      ],
      [
        0.7560478507591466,
        -0.6542345460413871,
        -0.019204325775598167,
        -3.3938511368669424
      ],
      [
        0.024515161855693763,
        -0.0010147870589363101,
        0.9996989432056104,
        1.1200412916195823
      ],
      [
        0.0,
        0.0,
        0.0,
        1.0
      ]
    ],
    "location": [
      -3.1881903934960434,
      -3.3938511368669424,
      1.1200412916195823
    ],
    "rotation": [
      -0.0010150923108236695,
      -0.024517618094135798,
      2.2839917195191526
    ]
  },
  {
    "label_id": "G8ZifmyoUj0ZKarCYDaXdw",
    "size": [
      0.9191115219793727,
      1.1134257866036492,
      1.944807819718985
    ],
    "obj_class": "pedestrian",
    "point_num_in_lidar": 123,
    "speed": 1.4630132777079936,
    "if_vehicle": false,
    "motion_state": true,
    "pose": [
      [
        0.71130965712496,
        0.702712853771497,
        0.015271438212903943,
        6.734725534260278
      ],
      [
        -0.7024565107274674,
        0.7114675287095653,
        -0.019204325775598167,
        -16.80338722332999
      ],
      [
        -0.024360258975703698,
        0.0029327011819301504,
        0.9996989432056104,
        0.867124114073583
      ],
      [
        0.0,
        0.0,
        0.0,
        1.0
      ]
    ],
    "location": [
      6.734725534260278,
      -16.80338722332999,
      0.867124114073583
    ],
    "rotation": [
      0.0029335759420816483,
      0.02436266893913196,
      -0.7791361443455226
    ]
  },
  {
    "label_id": "JbaK1eVynVrY5IGp30MGEQ",
    "size": [
      0.7579103994425647,
      1.0900382483025783,
      1.8400000000000034
    ],
    "obj_class": "pedestrian",
    "point_num_in_lidar": 26,
    "speed": 1.4402502678628517,
    "if_vehicle": false,
    "motion_state": true,
    "pose": [
      [
        0.6980704852309011,
        0.7158661752202038,
        0.015271438212903943,
        24.907282922256897
      ],
      [
        -0.7156128233063782,
        0.6982331136454206,
        -0.019204325775598167,
        -33.722316002364096
      ],
      [
        -0.024410751093899813,
        0.002477535997219013,
        0.9996989432056104,
        0.5969362148394666
      ],
      [
        0.0,
        0.0,
        0.0,
        1.0
      ]
    ],
    "location": [
      24.907282922256897,
      -33.722316002364096,
      0.5969362148394666
    ],
    "rotation": [
      0.0024782770271303788,
      0.024413176076673395,
      -0.7978064854380087
    ]
  },
  {
    "label_id": "MSs5ysIlfn6HWkrilVdHNQ",
    "size": [
      2.7919716539132806,
      6.598391175076888,
      3.4099999999999753
    ],
    "obj_class": "vehicle",
    "point_num_in_lidar": 293,
    "speed": 2.842257677890751e-13,
    "if_vehicle": true,
    "motion_state": false,
    "pose": [
      [
        0.7271617651853197,
        0.6862962555831698,
        0.015271438212903943,
        46.40458313547529
      ],
      [
        -0.6860363763465697,
        0.7273137453676868,
        -0.019204325775598167,
        -38.24104754797008
      ],
      [
        -0.024286983794570758,
        0.003487889296996741,
        0.9996989432056104,
        1.0493861873364487
      ],
      [
        0.0,
        0.0,
        0.0,
        1.0
      ]
    ],
    "location": [
      46.40458313547529,
      -38.24104754797008,
      1.0493861873364487
    ],
    "rotation": [
      0.0034889255094865137,
      0.024289372072148253,
      -0.7563054379576248
    ]
  },
  {
    "label_id": "O8ilGM7P1-uAp4PIMof2xA",
    "size": [
      0.7819962013962267,
      0.8654287857100659,
      1.7400000000000055
    ],
    "obj_class": "pedestrian",
    "point_num_in_lidar": 26,
    "speed": 1.4539325320437602,
    "if_vehicle": false,
    "motion_state": true,
    "pose": [
      [
        0.6582148405359809,
        0.7526752333331439,
        0.015271438212903943,
        39.13446049995861
      ],
      [
        -0.7524310752088844,
        0.6583909711801239,
        -0.019204325775598167,
        -22.85823561462712
      ],
      [
        -0.024509197420465145,
        0.0011498675534650175,
        0.9996989432056104,
        0.4344899184887403
      ],
      [
        0.0,
        0.0,
        0.0,
        1.0
      ]
    ],
    "location": [
      39.13446049995861,
      -22.85823561462712,
      0.4344899184887403
    ],
    "rotation": [
      0.001150213325913712,
      0.024511651866242934,
      -0.8520885449181673
    ]
  },
  {
    "label_id": "OLCvkJUNK6eYbjQ3PM1B4w",
    "size": [
      1.0141263494864443,
      1.1026134838928923,
      1.7699999999999996
    ],
    "obj_class": "pedestrian",
    "point_num_in_lidar": 341,
    "speed": 1.8823215881047084,
    "if_vehicle": false,
    "motion_state": true,
    "pose": [
      [
        0.6808127375087822,
        0.7322982996161519,
        0.015271438212903943,
        -0.8980331296557296
      ],
      [
        -0.7320488951802492,
        0.680981357260888,
        -0.019204325775598167,
        -6.485025915675578
      ],
      [
        -0.024462859832294293,
        0.0018951101317256878,
        0.9996989432056104,
        1.089765059566961
      ],
      [
        0.0,
        0.0,
        0.0,
        1.0
      ]
    ],
    "location": [
      -0.8980331296557296,
      -6.485025915675578,
      1.089765059566961
    ],
    "rotation": [
      0.001895678568550675,
      0.024465300380606403,
      -0.8216463806492363
    ]
  },
  {
    "label_id": "RGdvnrG8Aw3PXBTuM0u24A",
    "size": [
      0.7713029576019096,
      1.0039475245408434,
      1.6799999999999997
    ],
    "obj_class": "pedestrian",
    "point_num_in_lidar": 28,
    "speed": 1.1535208169335531,
    "if_vehicle": false,
    "motion_state": true,
    "pose": [
      [
        -0.5983719495649207,
        -0.8010729012697817,
        0.015271438212903943,
        13.519038394606369
      ],
      [
        0.8008430137612624,
        -0.5985663381625157,
        -0.019204325775598167,
        -24.518933260438644
      ],
      [
        0.024525033815561502,
        0.0007386947484663686,
        0.9996989432056104,
        0.5398126840265931
      ],
      [
        0.0,
        0.0,
        0.0,
        1.0
      ]
    ],
    "location": [
      13.519038394606369,
      -24.518933260438644,
      0.5398126840265931
    ],
    "rotation": [
      0.000738917070028727,
      -0.024527493023027327,
      2.212488641941375
    ]
  },
  {
    "label_id": "TUgaysJsmRIFmjy8Ssx5VQ",
    "size": [
      0.7719195621633509,
      0.94966798220545,
      1.7562431769673594
    ],
    "obj_class": "pedestrian",
    "point_num_in_lidar": 35,
    "speed": 1.344958734502361,
    "if_vehicle": false,
    "motion_state": true,
    "pose": [
      [
        0.6589416155247292,
        0.7520390485237913,
        0.015271438212903943,
        12.547369511667924
      ],
      [
        -0.7517947203717578,
        0.6591175102306531,
        -0.019204325775598167,
        -22.15570225144802
      ],
      [
        -0.024508075216352267,
        0.001173542830691159,
        0.9996989432056104,
        0.6489795967373873
      ],
      [
        0.0,
        0.0,
        0.0,
        1.0
      ]
    ],
    "location": [
      12.547369511667924,
      -22.15570225144802,
      0.6489795967373873
    ],
    "rotation": [
      0.0011738957009082601,
      0.02451052932493914,
      -0.8511222580613522
    ]
  },
  {
    "label_id": "_HXRJqr7AwgvGu22LM6Eqg",
    "size": [
      0.40896353006339037,
      0.09352152301424937,
      0.5970501474926238
    ],
    "obj_class": "sign",
    "point_num_in_lidar": 38,
    "speed": 0.01287663571512935,
    "if_vehicle": false,
    "motion_state": false,
    "pose": [
      [
        -0.9873628738362853,
        -0.15773819621341215,
        0.015271438212903943,
        9.339086890105165
      ],
      [
        0.1574378537265737,
        -0.9873421474268556,
        -0.019204325775598167,
        3.968745177755409
      ],
      [
        0.018107390306762713,
        -0.016557335832325278,
        0.9996989432056104,
        2.816813614737235
      ],
      [
        0.0,
        0.0,
        0.0,
        1.0
      ]
    ],
    "location": [
      9.339086890105165,
      3.968745177755409,
      2.816813614737235
    ],
    "rotation": [
      -0.01656080787476511,
      -0.0181083799540173,
      2.983470900338819
    ]
  },
  {
    "label_id": "dWGM_6Sr_Eaoh5yFictcbQ",
    "size": [
      1.0000000000005003,
      1.0,
      1.9100000000000001
    ],
    "obj_class": "pedestrian",
    "point_num_in_lidar": 43,
    "speed": 8.526512829121202e-13,
    "if_vehicle": false,
    "motion_state": false,
    "pose": [
      [
        0.7679891403668712,
        -0.6402807692360155,
        0.015271438212903943,
        17.45775184537274
      ],
      [
        0.6404626090855301,
        0.7677492039949376,
        -0.019204325775598167,
        -24.22137348002252
      ],
      [
        0.0005715259484441622,
        0.02452949880605191,
        0.9996989432056104,
        0.4594619703771734
      ],
      [
        0.0,
        0.0,
        0.0,
        1.0
      ]
    ],
    "location": [
      17.45775184537274,
      -24.22137348002252,
      0.4594619703771734
    ],
    "rotation": [
      0.024531963364551608,
      -0.0005715259795582213,
      0.6951006145751636
    ]
  },
  {
    "label_id": "de92Xadub7g4by1rwCWl-g",
    "size": [
      2.445563210300367,
      5.893766671715216,
      2.0400000000000027
    ],
    "obj_class": "vehicle",
    "point_num_in_lidar": 8031,
    "speed": 0.044147665424535375,
    "if_vehicle": true,
    "motion_state": false,
    "pose": [
      [
        0.682961032961606,
        0.7302951530928611,
        0.015271438212903943,
        -8.744081367613347
      ],
      [
        -0.7300452543879906,
        0.6831289193242214,
        -0.019204325775598167,
        6.7499279544772435
      ],
      [
        -0.024457187115243334,
        0.0019669651740237804,
        0.9996989432056104,
        1.2941595493428473
      ],
      [
        0.0,
        0.0,
        0.0,
        1.0
      ]
    ],
    "location": [
      -8.744081367613347,
      6.7499279544772435,
      1.2941595493428473
    ],
    "rotation": [
      0.0019675549815992063,
      0.024459625965820856,
      -0.818707856839749
    ]
  },
  {
    "label_id": "fQ2n6--00V_n1eOOacR5TA",
    "size": [
      0.7618255677041752,
      0.9345899953471253,
      1.850000000000005
    ],
    "obj_class": "pedestrian",
    "point_num_in_lidar": 89,
    "speed": 1.4141155569181647,
    "if_vehicle": false,
    "motion_state": true,
    "pose": [
      [
        0.7443128432191052,
        0.6676564794817774,
        0.015271438212903943,
        8.30085194190184
      ],
      [
        -0.6673928338603506,
        0.7444581916960515,
        -0.019204325775598167,
        -18.443052022405027
      ],
      [
        -0.02419083981473348,
        0.004101977894108208,
        0.9996989432056104,
        0.8814858269735701
      ],
      [
        0.0,
        0.0,
        0.0,
        1.0
      ]
    ],
    "location": [
      8.30085194190184,
      -18.443052022405027,
      0.8814858269735701
    ],
    "rotation": [
      0.004103190166829001,
      0.024193199836333987,
      -0.7309647044768988
    ]
  },
  {
    "label_id": "hGZX2N3Zly2psnSENmTj-A",
    "size": [
      2.138475295999983,
      4.888177290087686,
      1.5899999999999999
    ],
    "obj_class": "vehicle",
    "point_num_in_lidar": 41,
    "speed": 1.4210924103971636e-12,
    "if_vehicle": true,
    "motion_state": false,
    "pose": [
      [
        0.7057346197332253,
        -0.7083116755249127,
        0.015271438212903943,
        23.555243985277713
      ],
      [
        0.7084706369631641,
        0.7054789510910393,
        -0.019204325775598167,
        -41.49317214707844
      ],
      [
        0.002828969955349118,
        0.024372523106514412,
        0.9996989432056104,
        0.18078120263367126
      ],
      [
        0.0,
        0.0,
        0.0,
        1.0
      ]
    ],
    "location": [
      23.555243985277713,
      -41.49317214707844,
      0.18078120263367126
    ],
    "rotation": [
      0.024375034269382593,
      -0.002828973728770613,
      0.7873328286827096
    ]
  },
  {
    "label_id": "hgO3zRhEBlBJHykxs4_HqQ",
    "size": [
      0.7656421592368882,
      1.0828474020012604,
      1.8984507849923276
    ],
    "obj_class": "pedestrian",
    "point_num_in_lidar": 101,
    "speed": 1.311695427100604,
    "if_vehicle": false,
    "motion_state": true,
    "pose": [
      [
        0.8332680765454878,
        0.5526582088281078,
        0.015271438212903943,
        10.43133305649134
      ],
      [
        -0.5523762718360113,
        0.8333736546016159,
        -0.019204325775598167,
        -20.51336016146888
      ],
      [
        -0.023340242559404076,
        0.0075667714947677414,
        0.9996989432056104,
        0.7628405615952971
      ],
      [
        0.0,
        0.0,
        0.0,
        1.0
      ]
    ],
    "location": [
      10.43133305649134,
      -20.51336016146888,
      0.7628405615952971
    ],
    "rotation": [
      0.007568905668785124,
      0.023342362244428115,
      -0.5853927636099722
    ]
  },
  {
    "label_id": "ht8gtxcrZA6mDs1xt8AdvA",
    "size": [
      2.3898176620661733,
      5.415910525913205,
      2.289999999999999
    ],
    "obj_class": "vehicle",
    "point_num_in_lidar": 20355,
    "speed": 0.13675919922027432,
    "if_vehicle": true,
    "motion_state": false,
    "pose": [
      [
        0.6833407912888743,
        0.7299398236400071,
        0.015271438212903943,
        -4.4109337811991765
      ],
      [
        -0.7296898376456793,
        0.6835085476481819,
        -0.019204325775598167,
        2.0543767474446213
      ],
      [
        -0.02445616072316629,
        0.0019796859014766756,
        0.9996989432056104,
        1.3346534064260958
      ],
      [
        0.0,
        0.0,
        0.0,
        1.0
      ]
    ],
    "location": [
      -4.4109337811991765,
      2.0543767474446213,
      1.3346534064260958
    ],
    "rotation": [
      0.001980279490287393,
      0.02445859926664866,
      -0.8181875690670393
    ]
  },
  {
    "label_id": "jkjRLcw59twUELYWSONreA",
    "size": [
      2.451307599367471,
      5.635550788292107,
      2.1400000000000006
    ],
    "obj_class": "vehicle",
    "point_num_in_lidar": 4100,
    "speed": 11.64206836982282,
    "if_vehicle": true,
    "motion_state": true,
    "pose": [
      [
        0.7175888469777828,
        0.6962995259714065,
        0.015271438212903943,
        5.27090669527027
      ],
      [
        -0.6960417761330521,
        0.7177444111583529,
        -0.019204325775598167,
        1.7463510547077021
      ],
      [
        -0.02433295236181138,
        0.003151251012481381,
        0.9996989432056104,
        1.0621773346953347
      ],
      [
        0.0,
        0.0,
        0.0,
        1.0
      ]
    ],
    "location": [
      5.27090669527027,
      1.7463510547077021,
      1.0621773346953347
    ],
    "rotation": [
      0.00315218956330223,
      0.024335354228542983,
      -0.7701569808347799
    ]
  },
  {
    "label_id": "ndZmmljnxia7nf1iYUHCjA",
    "size": [
      2.6441412919462763,
      6.075761311101754,
      2.4661922157284906
    ],
    "obj_class": "vehicle",
    "point_num_in_lidar": 9983,
    "speed": 0.11000556900180189,
    "if_vehicle": true,
    "motion_state": false,
    "pose": [
      [
        0.6872118954698957,
        0.7262964917301903,
        0.015271438212903943,
        -3.073415992715269
      ],
      [
        -0.7260456173837769,
        0.6873783203951918,
        -0.019204325775598167,
        14.708453235258276
      ],
      [
        -0.02444528998566548,
        0.0021096803318441464,
        0.9996989432056104,
        1.4131809040298826
      ],
      [
        0.0,
        0.0,
        0.0,
        1.0
      ]
    ],
    "location": [
      -3.073415992715269,
      14.708453235258276,
      1.4131809040298826
    ],
    "rotation": [
      0.002110312524003398,
      0.024447725278220256,
      -0.8128694148799576
    ]
  },
  {
    "label_id": "owqq0SyyUzEtwrdnEtGJFw",
    "size": [
      0.7649237108865223,
      0.7620373890771113,
      1.5899971513714917
    ],
    "obj_class": "pedestrian",
    "point_num_in_lidar": 28,
    "speed": 1.2248938169616006,
    "if_vehicle": false,
    "motion_state": true,
    "pose": [
      [
        0.7333046054130096,
        0.6797287244592359,
        0.015271438212903943,
        13.502619651848391
      ],
      [
        -0.6794674888895291,
        0.7334542422085117,
        -0.019204325775598167,
        -22.931221698454465
      ],
      [
        -0.024254633005426542,
        0.003706174760844462,
        0.9996989432056104,
        0.4856371325964588
      ],
      [
        0.0,
        0.0,
        0.0,
        1.0
      ]
    ],
    "location": [
      13.502619651848391,
      -22.931221698454465,
      0.4856371325964588
    ],
    "rotation": [
      0.0037072738817463956,
      0.024257011750316533,
      -0.7473091615733558
    ]
  },
  {
    "label_id": "plbgXUaVwrkY03GJ00eboA",
    "size": [
      0.8532039110398857,
      1.0775604866757238,
      1.7717746335030995
    ],
    "obj_class": "pedestrian",
    "point_num_in_lidar": 277,
    "speed": 1.2734726440709703,
    "if_vehicle": false,
    "motion_state": true,
    "pose": [
      [
        0.6429174146288436,
        0.7657832468406925,
        0.015271438212903943,
        -0.838702600043959
      ],
      [
        -0.7655426867018058,
        0.6430984284764546,
        -0.019204325775598167,
        -8.135201092984062
      ],
      [
        -0.024527388861117768,
        0.0006558576380305288,
        0.9996989432056104,
        1.0645034012736794
      ],
      [
        0.0,
        0.0,
        0.0,
        1.0
      ]
    ],
    "location": [
      -0.838702600043959,
      -8.135201092984062,
      1.0645034012736794
    ],
    "rotation": [
      0.000656055053766447,
      0.02452984877722453,
      -0.8722425398407573
    ]
  },
  {
    "label_id": "q5T3DlAO2c9XHbOijTcVEA",
    "size": [
      0.9125408189911305,
      0.7909272363024653,
      1.7899999999999991
    ],
    "obj_class": "pedestrian",
    "point_num_in_lidar": 31,
    "speed": 1.0698150175291936,
    "if_vehicle": false,
    "motion_state": true,
    "pose": [
      [
        0.5736078924788398,
        0.8189876487840907,
        0.015271438212903943,
        14.776230561978238
      ],
      [
        -0.81876381009541,
        0.5738092166822976,
        -0.019204325775598167,
        -24.9296126680656
      ],
      [
        -0.02449099761199937,
        -0.0014879481022159456,
        0.9996989432056104,
        0.5644703296449443
      ],
      [
        0.0,
        0.0,
        0.0,
        1.0
      ]
    ],
    "location": [
      14.776230561978238,
      -24.9296126680656,
      0.5644703296449443
    ],
    "rotation": [
      -0.0014883950949114665,
      0.024493446593055614,
      -0.9596825647131054
    ]
  },
  {
    "label_id": "rhQEGyG3ydk_PpljURABpA",
    "size": [
      0.7971540827762602,
      0.9468052349867129,
      1.83555267383354
    ],
    "obj_class": "pedestrian",
    "point_num_in_lidar": 693,
    "speed": 1.5522508773741517,
    "if_vehicle": false,
    "motion_state": true,
    "pose": [
      [
        0.6589117217782839,
        0.752065240572975,
        0.015271438212903943,
        -9.206210418811054
      ],
      [
        -0.7518209194128728,
        0.6590876261960069,
        -0.019204325775598167,
        1.8237523685547785
      ],
      [
        -0.02450812184480887,
        0.0011725686444081457,
        0.9996989432056104,
        1.4190787920415495
      ],
      [
        0.0,
        0.0,
        0.0,
        1.0
      ]
    ],
    "location": [
      -9.206210418811054,
      1.8237523685547785,
      1.4190787920415495
    ],
    "rotation": [
      0.0011729212225932734,
      0.024510575967405676,
      -0.8511620195432004
    ]
  },
  {
    "label_id": "wd-dwWfxFi-2x2ASuoXg0g",
    "size": [
      1.9926852032163553,
      4.23777338934755,
      1.7800000000000047
    ],
    "obj_class": "vehicle",
    "point_num_in_lidar": 310,
    "speed": 0.39736037103799937,
    "if_vehicle": true,
    "motion_state": false,
    "pose": [
      [
        0.15176331399981924,
        0.9882988817653805,
        0.015271438212903943,
        20.273808772105014
      ],
      [
        -0.9881873007852165,
        0.15204292959007454,
        -0.019204325775598167,
        -26.09749708809977
      ],
      [
        -0.021301527894025472,
        -0.012176529183880833,
        0.9996989432056104,
        0.3773069437173078
      ],
      [
        0.0,
        0.0,
        0.0,
        1.0
      ]
    ],
    "location": [
      20.273808772105014,
      -26.09749708809977,
      0.3773069437173078
    ],
    "rotation": [
      -0.012179593828450784,
      0.021303139169173077,
      -1.4184094721326148
    ]
  },
  {
    "label_id": "xJ9paU9ARQzf8h-g7JRgXw",
    "size": [
      0.7982479932821046,
      0.9690615119256042,
      1.7917746335031026
    ],
    "obj_class": "pedestrian",
    "point_num_in_lidar": 338,
    "speed": 1.370499388775213,
    "if_vehicle": false,
    "motion_state": true,
    "pose": [
      [
        0.6602392792906575,
        0.7509000447840328,
        0.015271438212903943,
        -1.832123267330374
      ],
      [
        -0.7506554132554139,
        0.6604147518202848,
        -0.019204325775598167,
        -6.672034495693879
      ],
      [
        -0.02450601216225759,
        0.001215862446632003,
        0.9996989432056104,
        1.1321813978974156
      ],
      [
        0.0,
        0.0,
        0.0,
        1.0
      ]
    ],
    "location": [
      -1.832123267330374,
      -6.672034495693879,
      1.1321813978974156
    ],
    "rotation": [
      0.0012162280008296011,
      0.024508465651035077,
      -0.8493949061237392
    ]
  },
  {
    "label_id": "xm7qMBcQiB6LNZ64hriwQw",
    "size": [
      0.8676867597649881,
      1.115154545921516,
      1.7500000000000036
    ],
    "obj_class": "pedestrian",
    "point_num_in_lidar": 42,
    "speed": 1.5721138840584234,
    "if_vehicle": false,
    "motion_state": true,
    "pose": [
      [
        0.6723593735994206,
        0.7400673320096652,
        0.015271438212903943,
        -5.699729715168672
      ],
      [
        -0.7398198801611288,
        0.6725308459765081,
        -0.019204325775598167,
        -2.800766045533237
      ],
      [
        -0.024483007400393643,
        0.0016140948603217149,
        0.9996989432056104,
        1.3021366131426255
      ],
      [
        0.0,
        0.0,
        0.0,
        1.0
      ]
    ],
    "location": [
      -5.699729715168672,
      -2.800766045533237,
      1.3021366131426255
    ],
    "rotation": [
      0.001614579537884513,
      0.0244854539848535,
      -0.8331323735622607
    ]
  }
]