[
  {
    "label_id": "0OCxtJR_yEaJVNaM9OqfbQ",
    "size": [
      2.915222912169122,
      7.801972595825992,
      3.8199999999999648
    ],
    "obj_class": "vehicle",
    "point_num_in_lidar": 241,
    "speed": 1.1368770508004532e-12,
    "if_vehicle": true,
    "motion_state": false,
    "pose": [
      [
        0.6970861790403033,
        0.7168905543028856,
        0.011781007694229965,
        40.21374885360987
      ],
      [
        -0.7168186743118607,
        0.697184493477072,
        -0.010235732162630214,
        -45.25688912127043
      ],
      [
        -0.015551435585715053,
        -0.0013096588945079191,
        0.9998782114061708,
        1.5372874262798533
      ],
      [
        0.0,
        0.0,
        0.0,
        1.0
      ]
    ],
    "location": [
      40.21374885360987,
      -45.25688912127043,
      1.5372874262798533
    ],
    "rotation": [
      -0.0013098176663995868,
      0.015552062499004485,
      -0.7993532851090972
    ]
  },
  {
    "label_id": "1Ex56PnGkmAkOr9am5NbuQ",
    "size": [
      0.7521412013690155,
      0.43465010458303877,
      1.730000000000004
    ],
    "obj_class": "pedestrian",
    "point_num_in_lidar": 37,
    "speed": 0.07388233987216947,
    "if_vehicle": false,
    "motion_state": false,
    "pose": [
      [
        0.6886520244813014,
        -0.7249962738080201,
        0.011781007694229965,
        6.729496074242604
      ],
      [
        0.7250916572022771,
        0.6885762981999529,
        -0.010235732162630214,
        53.44125586218979
      ],
      [
        -0.0006912549895542214,
        0.015591168068365647,
        0.9998782114061708,
        1.2060254983690122
      ],
      [
        0.0,
        0.0,
        0.0,
        1.0
      ]
    ],
    "location": [
      6.729496074242604,
      53.44125586218979,
      1.2060254983690122
    ],
    "rotation": [
      0.015591803524855832,
      0.0006912550446050273,
      0.8111677329958932
    ]
  },
  {
    "label_id": "1ww6VUXNbH5HN8vA9BN37A",
    "size": [
      0.6456626533933418,
      1.047126442663309,
      1.6874087649240757
    ],
    "obj_class": "pedestrian",
    "point_num_in_lidar": 21,
    "speed": 1.5900269927988593,
    "if_vehicle": false,
    "motion_state": true,
    "pose": [
      [
        -0.6419841423939338,
        -0.7666273989184276,
        0.011781007694229965,
        12.656054456088441
      ],
      [
        0.7665630102724729,
        -0.6420875182318214,
        -0.010235732162630214,
        -23.40204542718311
      ],
      [
        0.015411430716521,
        0.0024597069879319254,
        0.9998782114061708,
        0.6290355719951286
      ],
      [
        0.0,
        0.0,
        0.0,
        1.0
      ]
    ],
    "location": [
      12.656054456088441,
      -23.40204542718311,
      0.6290355719951286
    ],
    "rotation": [
      0.0024600016263413168,
      -0.015412040848861866,
      2.267979094556168
    ]
  },
  {
    "label_id": "7jc3Af57sBpvlPL9mBChxg",
    "size": [
      0.7280243212198603,
      0.9942925016849594,
      1.9500000000000028
    ],
    "obj_class": "pedestrian",
    "point_num_in_lidar": 346,
    "speed": 1.4542383010237743,
    "if_vehicle": false,
    "motion_state": true,
    "pose": [
      [
        0.6697276489019214,
        0.742513356212542,
        0.011781007694229965,
        -14.325811854371182
      ],
      [
        -0.742445211508122,
        0.669828588293867,
        -0.010235732162630214,
        6.684828629697222
      ],
      [
        -0.015491423593872464,
        -0.0018915999132532693,
        0.9998782114061708,
        1.6363453926274616
      ],
      [
        0.0,
        0.0,
        0.0,
        1.0
      ]
    ],
    "location": [
      -14.325811854371182,
      6.684828629697222,
      1.6363453926274616
    ],
    "rotation": [
      -0.0018918280596447313,
      0.01549204327695866,
      -0.8368461092037789
    ]
  },
  {
    "label_id": "BUMkYhAQav9kbH1CraE_oA",
    "size": [
      0.8226167862754203,
      0.7142499262422745,
      1.0400000000000027
    ],
    "obj_class": "pedestrian",
    "point_num_in_lidar": 424,
    "speed": 8.881784197001252e-15,
    "if_vehicle": false,
    "motion_state": false,
    "pose": [
      [
        -0.7332705191586419,
        -0.6798349458438601,
        0.011781007694229965,
        -13.763413627621418
      ],
      [
        0.6797580717131706,
        -0.7333649798892001,
        -0.010235732162630214,
        9.388177313794586
      ],
      [
        0.015598386891207437,
        0.0005026744362071237,
        0.9998782114061708,
        1.0981932808096282
      ],
      [
        0.0,
        0.0,
        0.0,
        1.0
      ]
    ],
    "location": [
      -13.763413627621418,
      9.388177313794586,
      1.0981932808096282
    ],
    "rotation": [
      0.0005027356213223458,
      -0.015599019500211054,
      2.3940471475145526
    ]
  },
  {
    "label_id": "CE8NHyciagbegqHwuqO5sg",
    "size": [
      0.6594368629932673,
      0.9203849492443361,
      1.730000000000004
    ],
    "obj_class": "pedestrian",
    "point_num_in_lidar": 416,
    "speed": 1.511821939289126,
    "if_vehicle": false,
    "motion_state": true,
    "pose": [
      [
        0.7004342484507792,
        0.7136196966556492,
        0.011781007694229965,
        -13.862524654685217
      ],
      [
        -0.7135473572502272,
        0.7005322253460661,
        -0.010235732162630214,
        7.171159821971742
      ],
      [
        -0.015557395617802689,
        -0.0012368495412870245,
        0.9998782114061708,
        1.5360521638711688
      ],
      [
        0.0,
        0.0,
        0.0,
        1.0
      ]
    ],
    "location": [
      -13.862524654685217,
      7.171159821971742,
      1.5360521638711688
    ],
    "rotation": [
      -0.0012369995628617922,
      0.015558023252207601,
      -0.7946717867847034
    ]
  },
  {
    "label_id": "DSEksbujIeGRz3HqBPbwVg",
    "size": [
      0.8839765964386016,
      1.0330480932421415,
      1.722988291912845
    ],
    "obj_class": "pedestrian",
    "point_num_in_lidar": 364,
    "speed": 1.5027450849513,
    "if_vehicle": false,
    "motion_state": true,
    "pose": [
      [
        0.648232671522978,
        0.7613511748384522,
        0.011781007694229965,
        -9.359721802837328
      ],
      [
        -0.7612859428680411,
        0.6483355172891677,
        -0.010235732162630214,
        1.351871201681206
      ],
      [
        -0.015431032424976492,
        -0.002333579545662054,
        0.9998782114061708,
        1.4201469845340426
      ],
      [
        0.0,
        0.0,
        0.0,
        1.0
      ]
    ],
    "location": [
      -9.359721802837328,
      1.351871201681206,
      1.4201469845340426
    ],
    "rotation": [
      -0.002333859546207737,
      0.015431644888517579,
      -0.8654338376939443
    ]
  },
  {
    "label_id": "Em1g7-nMbotXR-DrtWI2ig",
    "size": [
      1.7290692349596533,
      3.5947345219723577,
      1.3300000000000054
    ],
    "obj_class": "vehicle",
    "point_num_in_lidar": 34,
    "speed": 6.7088590272736175,
    "if_vehicle": true,
    "motion_state": true,
    "pose": [
      [
        0.6865027886971063,
        0.7270317248709334,
        0.011781007694229965,
        43.3571459871479
      ],
      [
        -0.7269612937387087,
        0.6866021462192191,
        -0.010235732162630214,
        -40.07213130113996
      ],
      [
        -0.015530567176997362,
        -0.0015374779209407924,
        0.9998782114061708,
        0.3411240523320167
      ],
      [
        0.0,
        0.0,
        0.0,
        1.0
      ]
    ],
    "location": [
      43.3571459871479,
      -40.07213130113996,
      0.3411240523320167
    ],
    "rotation": [
      -0.0015376639791314151,
      0.015531191569732367,
      -0.8140140027194814
    ]
  },
  {
    "label_id": "FI9gXqHphltRJYHwCug7Ng",
    "size": [
      1.8594440137343617,
      4.194035097474454,
      1.5400000000000027
    ],
    "obj_class": "vehicle",
    "point_num_in_lidar": 154,
    "speed": 10.89394775279896,
    "if_vehicle": true,
    "motion_state": true,
    "pose": [
      [
        0.6539879941805001,
        0.75641318822815,
        0.011781007694229965,
        19.554236986456473
      ],
      [
        -0.7563471781679807,
        0.6540903422803519,
        -0.010235732162630214,
        -16.552646829979494
      ],
      [
        -0.015448286154110874,
        -0.0022164859794987376,
        0.9998782114061708,
        0.3994297007722025
      ],
      [
        0.0,
        0.0,
        0.0,
        1.0
      ]
    ],
    "location": [
      19.554236986456473,
      -16.552646829979494,
      0.3994297007722025
    ],
    "rotation": [
      -0.0022167523240486757,
      0.01544890067451846,
      -0.8578490420281524
    ]
  },
  {
    "label_id": "G8ZifmyoUj0ZKarCYDaXdw",
    "size": [
      0.9191115219767897,
      1.1134257866036492,
      1.944807819718985
    ],
    "obj_class": "pedestrian",
    "point_num_in_lidar": 28,
    "speed": 1.5017952255593263,
    "if_vehicle": false,
    "motion_state": true,
    "pose": [
      [
        0.6814519325840902,
        0.7317680448305439,
        0.011781007694229965,
        5.618327097400325
      ],
      [
        -0.731698303397085,
        0.6815517754308342,
        -0.010235732162630214,
        -15.597944989527605
      ],
      [
        -0.01551954842242378,
        -0.0016449838785385826,
        0.9998782114061708,
        0.9211404657511153
      ],
      [
        0.0,
        0.0,
        0.0,
        1.0
      ]
    ],
    "location": [
      5.618327097400325,
      -15.597944989527605,
      0.9211404657511153
    ],
    "rotation": [
      -0.0016451827589142331,
      0.015520171487007644,
      -0.8209394745298806
    ]
  },
  {
    "label_id": "MSs5ysIlfn6HWkrilVdHNQ",
    "size": [
      2.79197165391328,
      6.598391175076888,
      3.4099999999999753
    ],
    "obj_class": "vehicle",
    "point_num_in_lidar": 211,
    "speed": 2.842257677890751e-13,
    "if_vehicle": true,
    "motion_state": false,
    "pose": [
      [
        0.7271961033925021,
        0.6863286640294648,
        0.011781007694229965,
        46.40458313547465
      ],
      [
        -0.6862526329290612,
        0.7272912439903468,
        -0.010235732162630214,
        -38.241047547968265
      ],
      [
        -0.015593300121937778,
        -0.0006413630046888442,
        0.9998782114061708,
        1.0736184694528284
      ],
      [
        0.0,
        0.0,
        0.0,
        1.0
      ]
    ],
    "location": [
      46.40458313547465,
      -38.241047547968265,
      1.0736184694528284
    ],
    "rotation": [
      -0.0006414410369285436,
      0.015593932112200221,
      -0.7564391899273358
    ]
  },
  {
    "label_id": "NBQ3rxVy18iVna4hcsFH0g",
    "size": [
      0.48255792697467453,
      0.09805526741614481,
      0.5973442941456781
    ],
    "obj_class": "sign",
    "point_num_in_lidar": 24,
    "speed": 0.005785449486636802,
    "if_vehicle": false,
    "motion_state": false,
    "pose": [
      [
        -0.6450543859951068,
        -0.7640458408801034,
        0.011781007694229965,
        15.941892487228387
      ],
      [
        0.7639810380488158,
        -0.6451575026991074,
        -0.010235732162630214,
        -2.3776995405714842
      ],
      [
        0.015421174090508695,
        0.0023978625621230974,
        0.9998782114061708,
        3.2355643625854142
      ],
      [
        0.0,
        0.0,
        0.0,
        1.0
      ]
    ],
    "location": [
      15.941892487228387,
      -2.3776995405714842,
      3.2355643625854142
    ],
    "rotation": [
      0.002398150032640295,
      -0.015421785380872743,
      2.271991179239801
    ]
  },
  {
    "label_id": "O8ilGM7P1-uAp4PIMof2xA",
    "size": [
      0.7819962013982044,
      0.8654287857100659,
      1.7400000000000055
    ],
    "obj_class": "pedestrian",
    "point_num_in_lidar": 31,
    "speed": 1.4550242552702628,
    "if_vehicle": false,
    "motion_state": true,
    "pose": [
      [
        0.6767525321413753,
        0.7361163074528001,
        0.011781007694229965,
        38.06324817476103
      ],
      [
        -0.7360472067318873,
        0.6768528194883149,
        -0.010235732162630214,
        -21.648540528702142
      ],
      [
        -0.0155086976378843,
        -0.0017443201464439266,
        0.9998782114061708,
        0.5220745811283187
      ],
      [
        0.0,
        0.0,
        0.0,
        1.0
      ]
    ],
    "location": [
      38.06324817476103,
      -21.648540528702142,
      0.5220745811283187
    ],
    "rotation": [
      -0.0017445308408539839,
      0.015509319396405452,
      -0.8273431714920102
    ]
  },
  {
    "label_id": "OLCvkJUNK6eYbjQ3PM1B4w",
    "size": [
      1.0141263494884802,
      1.1026134838928923,
      1.7699999999999996
    ],
    "obj_class": "pedestrian",
    "point_num_in_lidar": 26,
    "speed": 1.7224919610986815,
    "if_vehicle": false,
    "motion_state": true,
    "pose": [
      [
        0.6634952889664433,
        0.7480877016614058,
        0.011781007694229965,
        -2.290287703070817
      ],
      [
        -0.748020403401198,
        0.6635967946596819,
        -0.010235732162630214,
        -5.075152444043852
      ],
      [
        -0.015475064292115821,
        -0.0020210740588830663,
        0.9998782114061708,
        1.1617653054855808
      ],
      [
        0.0,
        0.0,
        0.0,
        1.0
      ]
    ],
    "location": [
      -2.290287703070817,
      -5.075152444043852,
      1.1617653054855808
    ],
    "rotation": [
      -0.0020213174797786932,
      0.015475682013934592,
      -0.8452092575240093
    ]
  },
  {
    "label_id": "TUgaysJsmRIFmjy8Ssx5VQ",
    "size": [
      0.7719195621632235,
      0.94966798220545,
      1.7562431769673594
    ],
    "obj_class": "pedestrian",
    "point_num_in_lidar": 28,
    "speed": 1.3957363161292844,
    "if_vehicle": false,
    "motion_state": true,
    "pose": [
      [
        0.6953866759863571,
        0.7185391977605354,
        0.011781007694229965,
        11.492201604902505
      ],
      [
        -0.7184675507730202,
        0.6954851603544915,
        -0.010235732162630214,
        -21.063579166906493
      ],
      [
        -0.015548290801987047,
        -0.0013464799788534393,
        0.9998782114061708,
        0.693980551653592
      ],
      [
        0.0,
        0.0,
        0.0,
        1.0
      ]
    ],
    "location": [
      11.492201604902505,
      -21.063579166906493,
      0.693980551653592
    ],
    "rotation": [
      -0.0013466431707077596,
      0.015548917335005921,
      -0.8017215044716699
    ]
  },
  {
    "label_id": "V2LikFvNhViYA90wsd05cg",
    "size": [
      1.0138103015300943,
      0.13240155450344712,
      0.896812763549697
    ],
    "obj_class": "sign",
    "point_num_in_lidar": 61,
    "speed": 0.017850036055783156,
    "if_vehicle": false,
    "motion_state": false,
    "pose": [
      [
        -0.6785077726058668,
        -0.7344987476988194,
        0.011781007694229965,
        3.0799307423702658
      ],
      [
        0.7344294077808502,
        -0.6786078947181241,
        -0.010235732162630214,
        -8.391319110496624
      ],
      [
        0.015512817284271839,
        0.0017072946732784968,
        0.9998782114061708,
        3.3574877608287466
      ],
      [
        0.0,
        0.0,
        0.0,
        1.0
      ]
    ],
    "location": [
      3.0799307423702658,
      -8.391319110496624,
      3.3574877608287466
    ],
    "rotation": [
      0.0017075009681802842,
      -0.015513439538442104,
      2.316636848103795
    ]
  },
  {
    "label_id": "VceceKYf-sBWe2z2yzYRVw",
    "size": [
      0.792817711606917,
      0.8884006652584333,
      1.7400000000000055
    ],
    "obj_class": "pedestrian",
    "point_num_in_lidar": 645,
    "speed": 1.3981852689483916,
    "if_vehicle": false,
    "motion_state": true,
    "pose": [
      [
        0.693647247727888,
        0.7202185109931808,
        0.011781007694229965,
        -12.193758508726518
      ],
      [
        -0.720147102345881,
        0.6937459050473207,
        -0.010235732162630214,
        5.618073510488102
      ],
      [
        -0.01554498962229756,
        -0.001384071110625969,
        0.9998782114061708,
        1.4874785555525918
      ],
      [
        0.0,
        0.0,
        0.0,
        1.0
      ]
    ],
    "location": [
      -12.193758508726518,
      5.618073510488102,
      1.4874785555525918
    ],
    "rotation": [
      -0.0013842388111100837,
      0.015545615756299798,
      -0.8041397518596762
    ]
  },
  {
    "label_id": "Wpqa9KCQJuuTRKatLAsU9w",
    "size": [
      0.746286783147594,
      1.0096800683498657,
      1.7500000000000036
    ],
    "obj_class": "pedestrian",
    "point_num_in_lidar": 20,
    "speed": 1.260427339274507,
    "if_vehicle": false,
    "motion_state": true,
    "pose": [
      [
        -0.5962366534251747,
        0.8027222813464545,
        0.011781007694229965,
        46.01530146525448
      ],
      [
        -0.8028078408807026,
        -0.5961499814707366,
        -0.010235732162630214,
        -25.479134995275672
      ],
      [
        -0.0011932027542160043,
        -0.015560804040406767,
        0.9998782114061708,
        0.49358437838701974
      ],
      [
        0.0,
        0.0,
        0.0,
        1.0
      ]
    ],
    "location": [
      46.01530146525448,
      -25.479134995275672,
      0.49358437838701974
    ],
    "rotation": [
      -0.015561443166018435,
      0.001193203037349838,
      -2.209602033204328
    ]
  },
  {
    "label_id": "_HXRJqr7AwgvGu22LM6Eqg",
    "size": [
      0.40896353006339203,
      0.09352152301424937,
      0.5970501474926238
    ],
    "obj_class": "sign",
    "point_num_in_lidar": 46,
    "speed": 0.012221905897059128,
    "if_vehicle": false,
    "motion_state": false,
    "pose": [
      [
        -0.9874094993225959,
        -0.15774564496431898,
        0.011781007694229965,
        9.32808826855171
      ],
      [
        0.15762924205858414,
        -0.9874453158707733,
        -0.010235732162630214,
        3.977676468593927
      ],
      [
        0.013247743035581046,
        -0.008249827856375071,
        0.9998782114061708,
        2.848662222837927
      ],
      [
        0.0,
        0.0,
        0.0,
        1.0
      ]
    ],
    "location": [
      9.32808826855171,
      3.977676468593927,
      2.848662222837927
    ],
    "rotation": [
      -0.008250645492779013,
      -0.01324813056862314,
      2.9832892254945067
    ]
  },
  {
    "label_id": "de92Xadub7g4by1rwCWl-g",
    "size": [
      2.445563210300368,
      5.893766671715216,
      2.0400000000000027
    ],
    "obj_class": "vehicle",
    "point_num_in_lidar": 8840,
    "speed": 0.047652600960057016,
    "if_vehicle": true,
    "motion_state": false,
    "pose": [
      [
        0.6829932839112175,
        0.7303296392656398,
        0.011781007694229965,
        -8.777797999429538
      ],
      [
        -0.7302596874776852,
        0.683092979492608,
        -0.010235732162630214,
        6.786554047801474
      ],
      [
        -0.015522982225230318,
        -0.0016122586739701018,
        0.9998782114061708,
        1.347273582305153
      ],
      [
        0.0,
        0.0,
        0.0,
        1.0
      ]
    ],
    "location": [
      -8.777797999429538,
      6.786554047801474,
      1.347273582305153
    ],
    "rotation": [
      -0.001612453655138634,
      0.015523605703507096,
      -0.8188308132211397
    ]
  },
  {
    "label_id": "eMbjSopveNs3m1uFnXkKKw",
    "size": [
      2.360773123276057,
      5.4302539376947845,
      2.1700000000000017
    ],
    "obj_class": "vehicle",
    "point_num_in_lidar": 469,
    "speed": 0.023022910212498752,
    "if_vehicle": true,
    "motion_state": false,
    "pose": [
      [
        0.7252361990521993,
        -0.6883993488099965,
        0.011781007694229965,
        2.5795227902686975
      ],
      [
        0.6884985220372807,
        0.7251655086527317,
        -0.010235732162630214,
        37.26485982642407
      ],
      [
        -0.0014969090816798426,
        0.015534529873729446,
        0.9998782114061708,
        1.3976001636118092
      ],
      [
        0.0,
        0.0,
        0.0,
        1.0
      ]
    ],
    "location": [
      2.5795227902686975,
      37.26485982642407,
      1.3976001636118092
    ],
    "rotation": [
      0.015535172151097235,
      0.0014969096407102837,
      0.7594177511317551
    ]
  },
  {
    "label_id": "h1MQcORcKbbVlpISVYmbVg",
    "size": [
      0.824453546290584,
      1.0348702526007014,
      1.8090579967917257
    ],
    "obj_class": "pedestrian",
    "point_num_in_lidar": 1016,
    "speed": 1.998587192233757,
    "if_vehicle": false,
    "motion_state": true,
    "pose": [
      [
        0.8146020267659043,
        0.5799006344595509,
        0.011781007694229965,
        -13.057458756882625
      ],
      [
        -0.5798122519517067,
        0.8146858181371428,
        -0.010235732162630214,
        7.800642568889089
      ],
      [
        -0.015533527467121003,
        0.0015072755636596632,
        0.9998782114061708,
        1.5506419144303436
      ],
      [
        0.0,
        0.0,
        0.0,
        1.0
      ]
    ],
    "location": [
      -13.057458756882625,
      7.800642568889089,
      1.5506419144303436
    ],
    "rotation": [
      0.0015074580131252658,
      0.015534152216997478,
      -0.6185841100728338
    ]
  },
  {
    "label_id": "hgO3zRhEBlBJHykxs4_HqQ",
    "size": [
      0.7656421592384691,
      1.0828474020012604,
      1.8984507849923276
    ],
    "obj_class": "pedestrian",
    "point_num_in_lidar": 24,
    "speed": 1.2711604096605402,
    "if_vehicle": false,
    "motion_state": true,
    "pose": [
      [
        0.8113222387167252,
        0.5844804811295153,
        0.011781007694229965,
        9.21832633829898
      ],
      [
        -0.5843925720616123,
        0.8114065266599156,
        -0.010235732162630214,
        -19.72865725417614
      ],
      [
        -0.01554177219285584,
        0.0014197437451812368,
        0.9998782114061708,
        0.7778408799007188
      ],
      [
        0.0,
        0.0,
        0.0,
        1.0
      ]
    ],
    "location": [
      9.21832633829898,
      -19.72865725417614,
      0.7778408799007188
    ],
    "rotation": [
      0.0014199157205762477,
      0.015542397938127487,
      -0.6242182994117619
    ]
  },
  {
    "label_id": "hnUo4hyZCFm1C_pXJddkUQ",
    "size": [
      0.8103802593157347,
      0.9244852452441166,
      1.610000000000003
    ],
    "obj_class": "cyclist",
    "point_num_in_lidar": 479,
    "speed": 1.515829916689477,
    "if_vehicle": false,
    "motion_state": true,
    "pose": [
      [
        0.7359170532834163,
        0.6769692005877092,
        0.011781007694229965,
        -14.083491869920095
      ],
      [
        -0.6768919585398733,
        0.7360112134004139,
        -0.010235732162630214,
        5.058672036089774
      ],
      [
        -0.015600229187675486,
        -0.00044181952039952207,
        0.9998782114061708,
        1.4729739988341102
      ],
      [
        0.0,
        0.0,
        0.0,
        1.0
      ]
    ],
    "location": [
      -14.083491869920095,
      5.058672036089774,
      1.4729739988341102
    ],
    "rotation": [
      -0.0004418733067728197,
      0.015600862020870769,
      -0.7436439075422723
    ]
  },
  {
    "label_id": "ht8gtxcrZA6mDs1xt8AdvA",
    "size": [
      2.3898176620661737,
      5.415910525913205,
      2.289999999999999
    ],
    "obj_class": "vehicle",
    "point_num_in_lidar": 2328,
    "speed": 0.0083887042802074,
    "if_vehicle": true,
    "motion_state": false,
    "pose": [
      [
        0.6833730601715244,
        0.729974293033333,
        0.011781007694229965,
        -4.444422042121914
      ],
      [
        -0.729904289399865,
        0.6834727193551862,
        -0.010235732162630214,
        2.1307432718476775
      ],
      [
        -0.015523818714614265,
        -0.001604184438398561,
        0.9998782114061708,
        1.3669151145856233
      ],
      [
        0.0,
        0.0,
        0.0,
        1.0
      ]
    ],
    "location": [
      -4.444422042121914,
      2.1307432718476775,
      1.3669151145856233
    ],
    "rotation": [
      -0.0016043784569881564,
      0.01552444229369618,
      -0.8183106180497229
    ]
  },
  {
    "label_id": "jGEgNY4HYcY3q1xhLY417g",
    "size": [
      0.7949278100954368,
      0.7991999698350772,
      1.7100000000000044
    ],
    "obj_class": "pedestrian",
    "point_num_in_lidar": 192,
    "speed": 1.4927215642941698,
    "if_vehicle": false,
    "motion_state": true,
    "pose": [
      [
        0.7200312795697724,
        0.6938415988529548,
        0.011781007694229965,
        -14.034683959331204
      ],
      [
        -0.6937665596230917,
        0.7201272044131052,
        -0.010235732162630214,
        5.987115638961768
      ],
      [
        -0.015585800905165067,
        -0.0008032218505269898,
        0.9998782114061708,
        1.522098976282038
      ],
      [
        0.0,
        0.0,
        0.0,
        1.0
      ]
    ],
    "location": [
      -14.034683959331204,
      5.987115638961768,
      1.522098976282038
    ],
    "rotation": [
      -0.0008033195129018796,
      0.015586431983978709,
      -0.7668228774935725
    ]
  },
  {
    "label_id": "jkjRLcw59twUELYWSONreA",
    "size": [
      2.4513075993679174,
      5.635550788292107,
      2.1400000000000006
    ],
    "obj_class": "vehicle",
    "point_num_in_lidar": 8538,
    "speed": 12.379639419693705,
    "if_vehicle": true,
    "motion_state": true,
    "pose": [
      [
        0.6958444849971152,
        0.7180958574987104,
        0.011781007694229965,
        -4.196404211677418
      ],
      [
        -0.718024147758203,
        0.6959429236821085,
        -0.010235732162630214,
        11.166151804387482
      ],
      [
        -0.01554914580309489,
        -0.0013365702341084766,
        0.9998782114061708,
        1.3967905641676666
      ],
      [
        0.0,
        0.0,
        0.0,
        1.0
      ]
    ],
    "location": [
      -4.196404211677418,
      11.166151804387482,
      1.3967905641676666
    ],
    "rotation": [
      -0.0013367322367629467,
      0.01554977243948617,
      -0.8010840928589255
    ]
  },
  {
    "label_id": "mfhY_2QfmynvWwrFGKZ0oA",
    "size": [
      0.48963925687978077,
      0.10214470324224971,
      0.5074866177062951
    ],
    "obj_class": "sign",
    "point_num_in_lidar": 88,
    "speed": 0.028058006688136353,
    "if_vehicle": false,
    "motion_state": false,
    "pose": [
      [
        -0.573706457332163,
        -0.8189762564770041,
        0.011781007694229965,
        -4.138002821703708
      ],
      [
        0.8189209926313882,
        -0.5738149855264472,
        -0.010235732162630214,
        -0.9879966928801878
      ],
      [
        0.015142940368403692,
        0.003775408877933369,
        0.9998782114061708,
        2.9026304142437738
      ],
      [
        0.0,
        0.0,
        0.0,
        1.0
      ]
    ],
    "location": [
      -4.138002821703708,
      -0.9879966928801878,
      2.9026304142437738
    ],
    "rotation": [
      0.003775850791411337,
      -0.015143519162648639,
      2.1819006251449036
    ]
  },
  {
    "label_id": "nX-WqS5DY9omgWbc749Fgw",
    "size": [
      0.7307697494502825,
      0.790863973413099,
      1.6900000000000048
    ],
    "obj_class": "pedestrian",
    "point_num_in_lidar": 486,
    "speed": 1.4467494904977556,
    "if_vehicle": false,
    "motion_state": true,
    "pose": [
      [
        0.6962652964172142,
        0.7176878463947661,
        0.011781007694229965,
        -12.892246740353926
      ],
      [
        -0.7176160789641278,
        0.6963636930507259,
        -0.010235732162630214,
        5.266277688628179
      ],
      [
        -0.015549926597884714,
        -0.0013274554595185918,
        0.9998782114061708,
        1.481320893881179
      ],
      [
        0.0,
        0.0,
        0.0,
        1.0
      ]
    ],
    "location": [
      -12.892246740353926,
      5.266277688628179,
      1.481320893881179
    ],
    "rotation": [
      -0.0013276163681401787,
      0.015550553328686552,
      -0.8004978458966875
    ]
  },
  {
    "label_id": "ndZmmljnxia7nf1iYUHCjA",
    "size": [
      2.6441412919462777,
      6.075761311101754,
      2.466192215728494
    ],
    "obj_class": "vehicle",
    "point_num_in_lidar": 10239,
    "speed": 0.06773863497829027,
    "if_vehicle": true,
    "motion_state": false,
    "pose": [
      [
        0.6872443471547551,
        0.7263307890772239,
        0.011781007694229965,
        -3.1338411050389396
      ],
      [
        -0.7262602565900489,
        0.6873436327520982,
        -0.010235732162630214,
        14.773997874815905
      ],
      [
        -0.015532128044498765,
        -0.001521628603143065,
        0.9998782114061708,
        1.4623590475951929
      ],
      [
        0.0,
        0.0,
        0.0,
        1.0
      ]
    ],
    "location": [
      -3.1338411050389396,
      14.773997874815905,
      1.4623590475951929
    ],
    "rotation": [
      -0.001521812767926248,
      0.01553275262552622,
      -0.8129934080984057
    ]
  },
  {
    "label_id": "p35sayiyKiZgb2akL-yLDg",
    "size": [
      0.7670953691779872,
      0.8966766857086689,
      1.7100000000000044
    ],
    "obj_class": "pedestrian",
    "point_num_in_lidar": 852,
    "speed": 1.5337841667656822,
    "if_vehicle": false,
    "motion_state": true,
    "pose": [
      [
        0.7265125840250211,
        0.6870521618559942,
        0.011781007694229965,
        -12.74974102718798
      ],
      [
        -0.6869762254944835,
        0.726607800255714,
        -0.010235732162630214,
        6.597946565680104
      ],
      [
        -0.015592653996014094,
        -0.0006568839754430766,
        0.9998782114061708,
        1.5022177590599881
      ],
      [
        0.0,
        0.0,
        0.0,
        1.0
      ]
    ],
    "location": [
      -12.74974102718798,
      6.597946565680104,
      1.5022177590599881
    ],
    "rotation": [
      -0.0006569638916475857,
      0.01559328590771238,
      -0.7574346927988324
    ]
  },
  {
    "label_id": "r-4WgpLkhKII4PIBrkWS2w",
    "size": [
      0.8482065845233766,
      2.0982920836231047,
      1.360000000000003
    ],
    "obj_class": "vehicle",
    "point_num_in_lidar": 109,
    "speed": 1.6886726944901678e-28,
    "if_vehicle": true,
    "motion_state": false,
    "pose": [
      [
        0.6741540118166018,
        0.7384968356122386,
        0.011781007694229965,
        3.171826912350639
      ],
      [
        -0.7384280887662591,
        0.6742545420745083,
        -0.010235732162630214,
        46.41410321461444
      ],
      [
        -0.01550245376032611,
        -0.0017989670940734468,
        0.9998782114061708,
        1.0738204132332712
      ],
      [
        0.0,
        0.0,
        0.0,
        1.0
      ]
    ],
    "location": [
      3.171826912350639,
      46.41410321461444,
      1.0738204132332712
    ],
    "rotation": [
      -0.0017991842730717834,
      0.015503074768126379,
      -0.830867927793056
    ]
  },
  {
    "label_id": "rhQEGyG3ydk_PpljURABpA",
    "size": [
      0.7971540827749721,
      0.9468052349867129,
      1.83555267383354
    ],
    "obj_class": "pedestrian",
    "point_num_in_lidar": 420,
    "speed": 1.5452062406772404,
    "if_vehicle": false,
    "motion_state": true,
    "pose": [
      [
        0.7014620249417031,
        0.7126094550470082,
        0.011781007694229965,
        -10.414498972234156
      ],
      [
        -0.7125369745075761,
        0.7015598974761063,
        -0.010235732162630214,
        3.089976185699925
      ],
      [
        -0.015559162068548245,
        -0.0012144261695375886,
        0.9998782114061708,
        1.500587989305405
      ],
      [
        0.0,
        0.0,
        0.0,
        1.0
      ]
    ],
    "location": [
      -10.414498972234156,
      3.089976185699925,
      1.500587989305405
    ],
    "rotation": [
      -0.0012145734935661305,
      0.015559789916785548,
      -0.7932303634987639
    ]
  },
  {
    "label_id": "slzLrzeurIijToqrcieW4g",
    "size": [
      0.8751962730739025,
      0.9292646099276765,
      1.6999999999999993
    ],
    "obj_class": "pedestrian",
    "point_num_in_lidar": 155,
    "speed": 1.2965010372707768,
    "if_vehicle": false,
    "motion_state": true,
    "pose": [
      [
        0.9887096675666615,
        -0.1493800559577155,
        0.011781007694229965,
        -29.895596803048534
      ],
      [
        0.14950183862055724,
        0.9887084656440278,
        -0.010235732162630214,
        6.406626485777451
      ],
      [
        -0.010118967797880705,
        0.011881449654905814,
        0.9998782114061708,
        1.7681353424071915
      ],
      [
        0.0,
        0.0,
        0.0,
        1.0
      ]
    ],
    "location": [
      -29.895596803048534,
      6.406626485777451,
      1.7681353424071915
    ],
    "rotation": [
      0.011882337602415086,
      0.010119140491941939,
      0.15007217154161956
    ]
  },
  {
    "label_id": "wd-dwWfxFi-2x2ASuoXg0g",
    "size": [
      1.9926852032155284,
      4.23777338934755,
      1.7800000000000047
    ],
    "obj_class": "vehicle",
    "point_num_in_lidar": 210,
    "speed": 0.1729950800489927,
    "if_vehicle": true,
    "motion_state": false,
    "pose": [
      [
        0.17876635983463332,
        0.9838210185034587,
        0.011781007694229965,
        20.297706137252817
      ],
      [
        -0.9838161893397517,
        0.17888805264775204,
        -0.010235732162630214,
        -25.84186719583886
      ],
      [
        -0.012177609966016448,
        -0.009760541517363937,
        0.9998782114061708,
        0.35230934115554646
      ],
      [
        0.0,
        0.0,
        0.0,
        1.0
      ]
    ],
    "location": [
      20.297706137252817,
      -25.84186719583886,
      0.35230934115554646
    ],
    "rotation": [
      -0.009761420332920948,
      0.012177910964226357,
      -1.391050382736757
    ]
  },
  {
    "label_id": "xJ9paU9ARQzf8h-g7JRgXw",
    "size": [
      0.7982479932807666,
      0.9690615119256042,
      1.7917746335031026
    ],
    "obj_class": "pedestrian",
    "point_num_in_lidar": 32,
    "speed": 1.3599853739066958,
    "if_vehicle": false,
    "motion_state": true,
    "pose": [
      [
        0.6692594851698538,
        0.742935360154496,
        0.011781007694229965,
        -2.823935408786653
      ],
      [
        -0.7428672790890452,
        0.6693604674956041,
        -0.010235732162630214,
        -5.551541070703024
      ],
      [
        -0.015490228178467715,
        -0.00190136429324131,
        0.9998782114061708,
        1.1753247068986745
      ],
      [
        0.0,
        0.0,
        0.0,
        1.0
      ]
    ],
    "location": [
      -2.823935408786653,
      -5.551541070703024,
      1.1753247068986745
    ],
    "rotation": [
      -0.0019015935938359399,
      0.01549084771809875,
      -0.8374765167714341
    ]
  },
  {
    "label_id": "xm7qMBcQiB6LNZ64hriwQw",
    "size": [
      0.8676867597636643,
      1.115154545921516,
      1.7500000000000036
    ],
    "obj_class": "pedestrian",
    "point_num_in_lidar": 152,
    "speed": 1.5225086670908532,
    "if_vehicle": false,
    "motion_state": true,
    "pose": [
      [
        0.6493016617450755,
        0.760439714844505,
        0.011781007694229965,
        -6.84073419294387
      ],
      [
        -0.7603743384494149,
        0.6494044157647141,
        -0.010235732162630214,
        -1.5342232676557614
      ],
      [
        -0.015434295665766259,
        -0.0023118980293942645,
        0.9998782114061708,
        1.4152634836616613
      ],
      [
        0.0,
        0.0,
        0.0,
        1.0
      ]
    ],
    "location": [
      -6.84073419294387,
      -1.5342232676557614,
      1.4152634836616613
    ],
    "rotation": [
      -0.002312175506074191,
      0.015434908517975101,
      -0.8640287635924708
    ]
  }
]