[
  {
    "label_id": "0OCxtJR_yEaJVNaM9OqfbQ",
    "size": [
      2.9152229121691224,
      7.801972595825992,
      3.8199999999999648
    ],
    "obj_class": "vehicle",
    "point_num_in_lidar": 305,
    "speed": 1.1368770508004532e-12,
    "if_vehicle": true,
    "motion_state": false,
    "pose": [
      [
        0.6970543444700628,
        0.7168578153053347,
        0.015169492116540178,
        40.21374885360984
      ],
      [
        -0.7166993041213847,
        0.6972192926722575,
        -0.015078640440035465,
        -45.25688912127043
      ],
      [
        -0.021385703807310023,
        -0.00036133261637047854,
        0.9997712343888508,
        1.5224344579748461
      ],
      [
        0.0,
        0.0,
        0.0,
        1.0
      ]
    ],
    "location": [
      40.21374885360984,
      -45.25688912127043,
      1.5224344579748461
    ],
    "rotation": [
      -0.0003614152800253489,
      0.02138733426220179,
      -0.7992928722929926
    ]
  },
  {
    "label_id": "1ww6VUXNbH5HN8vA9BN37A",
    "size": [
      0.6456626533939002,
      1.047126442663309,
      1.6874087649240757
    ],
    "obj_class": "pedestrian",
    "point_num_in_lidar": 52,
    "speed": 1.5888863799863822,
    "if_vehicle": false,
    "motion_state": true,
    "pose": [
      [
        -0.6969217308105131,
        -0.7169867416019664,
        0.015169492116540178,
        12.03307708035588
      ],
      [
        0.7168282609322428,
        -0.6970867083307044,
        -0.015078640440035465,
        -22.702585847035152
      ],
      [
        0.02138563660345623,
        0.00036528845938595117,
        0.9997712343888508,
        0.6518970166911515
      ],
      [
        0.0,
        0.0,
        0.0,
        1.0
      ]
    ],
    "location": [
      12.03307708035588,
      -22.702585847035152,
      0.6518970166911515
    ],
    "rotation": [
      0.00036537202768622455,
      -0.021387267042974986,
      2.3421147626552714
    ]
  },
  {
    "label_id": "7jc3Af57sBpvlPL9mBChxg",
    "size": [
      0.7280243212177653,
      0.9942925016849594,
      1.9500000000000028
    ],
    "obj_class": "pedestrian",
    "point_num_in_lidar": 539,
    "speed": 1.4473906871760998,
    "if_vehicle": false,
    "motion_state": true,
    "pose": [
      [
        0.6742480813091231,
        0.738349112114244,
        0.015169492116540178,
        -13.72226274612251
      ],
      [
        -0.738195847703175,
        0.6744179157141892,
        -0.015078640440035465,
        6.054673057355103
      ],
      [
        -0.02136387803646997,
        -0.0010313117067519454,
        0.9997712343888508,
        1.6055379763465965
      ],
      [
        0.0,
        0.0,
        0.0,
        1.0
      ]
    ],
    "location": [
      -13.72226274612251,
      6.054673057355103,
      1.6055379763465965
    ],
    "rotation": [
      -0.0010315473235030263,
      0.021365503503754678,
      -0.8306418192202525
    ]
  },
  {
    "label_id": "C8em1kIenRlg8YGuTTTf7g",
    "size": [
      0.7852210358354239,
      1.2072036134509911,
      1.970000000000006
    ],
    "obj_class": "pedestrian",
    "point_num_in_lidar": 20,
    "speed": 1.4003907319072133,
    "if_vehicle": false,
    "motion_state": true,
    "pose": [
      [
        0.7494979256532204,
        0.6618328685933074,
        0.015169492116540178,
        28.959118229605792
      ],
      [
        -0.6616622847650767,
        0.7496503555137815,
        -0.015078640440035465,
        -36.98538279639797
      ],
      [
        -0.02135135501504357,
        0.0012643289189215503,
        0.9997712343888508,
        0.7234701342929739
      ],
      [
        0.0,
        0.0,
        0.0,
        1.0
      ]
    ],
    "location": [
      28.959118229605792,
      -36.98538279639797,
      0.7234701342929739
    ],
    "rotation": [
      0.0012646175459313923,
      0.02135297762517646,
      -0.7232347956567927
    ]
  },
  {
    "label_id": "CE8NHyciagbegqHwuqO5sg",
    "size": [
      0.6594368629926637,
      0.9203849492443361,
      1.730000000000004
    ],
    "obj_class": "pedestrian",
    "point_num_in_lidar": 276,
    "speed": 1.460054466037211,
    "if_vehicle": false,
    "motion_state": true,
    "pose": [
      [
        0.70255160177494,
        0.7114711050720136,
        0.015169492116540178,
        -13.256121988834792
      ],
      [
        -0.7113113289194448,
        0.7027153249740136,
        -0.015078640440035465,
        6.55214926311055
      ],
      [
        -0.021387851559220853,
        -0.0001967086027139344,
        0.9997712343888508,
        1.5024079043869563
      ],
      [
        0.0,
        0.0,
        0.0,
        1.0
      ]
    ],
    "location": [
      -13.256121988834792,
      6.55214926311055,
      1.5024079043869563
    ],
    "rotation": [
      -0.00019675361063559052,
      0.021389482505465882,
      -0.79159368269067
    ]
  },
  {
    "label_id": "DSEksbujIeGRz3HqBPbwVg",
    "size": [
      0.8839765964373927,
      1.0330480932421415,
      1.722988291912845
    ],
    "obj_class": "pedestrian",
    "point_num_in_lidar": 553,
    "speed": 1.4956720311322973,
    "if_vehicle": false,
    "motion_state": true,
    "pose": [
      [
        0.6217690815071379,
        0.7830536991743902,
        0.015169492116540178,
        -8.72026035604199
      ],
      [
        -0.7829125015971482,
        0.6219490730320093,
        -0.015078640440035465,
        0.7139800310505962
      ],
      [
        -0.02124203673533886,
        -0.0025009526041414516,
        0.9997712343888508,
        1.382185933635121
      ],
      [
        0.0,
        0.0,
        0.0,
        1.0
      ]
    ],
    "location": [
      -8.72026035604199,
      0.7139800310505962,
      1.382185933635121
    ],
    "rotation": [
      -0.0025015196491564814,
      0.021243634546369027,
      -0.8996176758816272
    ]
  },
  {
    "label_id": "Em1g7-nMbotXR-DrtWI2ig",
    "size": [
      1.7290692349609325,
      3.5947345219723577,
      1.3300000000000054
    ],
    "obj_class": "vehicle",
    "point_num_in_lidar": 32,
    "speed": 6.134289614401776,
    "if_vehicle": true,
    "motion_state": true,
    "pose": [
      [
        0.6984670069403297,
        0.7154814649763778,
        0.015169492116540178,
        46.041994785482714
      ],
      [
        -0.7153226287366747,
        0.6986316421546719,
        -0.015078640440035465,
        -42.82238225414039
      ],
      [
        -0.02138637493991944,
        -0.00031914812052279883,
        0.9997712343888508,
        0.28077133655040143
      ],
      [
        0.0,
        0.0,
        0.0,
        1.0
      ]
    ],
    "location": [
      46.041994785482714,
      -42.82238225414039,
      0.28077133655040143
    ],
    "rotation": [
      -0.0003192211365005572,
      0.02138800554833938,
      -0.7973198968810089
    ]
  },
  {
    "label_id": "FI9gXqHphltRJYHwCug7Ng",
    "size": [
      1.859444013733082,
      4.194035097474454,
      1.5400000000000027
    ],
    "obj_class": "vehicle",
    "point_num_in_lidar": 166,
    "speed": 10.676769729785292,
    "if_vehicle": true,
    "motion_state": true,
    "pose": [
      [
        0.6628360520110052,
        0.7486108833455405,
        0.015169492116540178,
        23.781421073298304
      ],
      [
        -0.7484602437042441,
        0.6630082188002376,
        -0.015078640440035465,
        -21.456497820097866
      ],
      [
        -0.021345532287756288,
        -0.0013590952674486798,
        0.9997712343888508,
        0.3516905440636826
      ],
      [
        0.0,
        0.0,
        0.0,
        1.0
      ]
    ],
    "location": [
      23.781421073298304,
      -21.456497820097866,
      0.3516905440636826
    ],
    "rotation": [
      -0.0013594054154642237,
      0.021347153570563868,
      -0.8459944851811227
    ]
  },
  {
    "label_id": "FOuEhSC7GaZqHmKIVxwddg",
    "size": [
      0.6545339595691695,
      0.8882722148410453,
      1.6553390050083507
    ],
    "obj_class": "pedestrian",
    "point_num_in_lidar": 20,
    "speed": 1.6989657300063337,
    "if_vehicle": false,
    "motion_state": true,
    "pose": [
      [
        -0.654763781844536,
        -0.755681332635369,
        0.015169492116540178,
        -2.6169794072831962
      ],
      [
        0.7555325493646429,
        -0.6549375553845141,
        -0.015078640440035465,
        -4.038610296584011
      ],
      [
        0.021329717185287048,
        0.0015880974117848756,
        0.9997712343888508,
        1.1120166328778396
      ],
      [
        0.0,
        0.0,
        0.0,
        1.0
      ]
    ],
    "location": [
      -2.6169794072831962,
      -4.038610296584011,
      1.1120166328778396
    ],
    "rotation": [
      0.0015884594609864016,
      -0.021331334866602165,
      2.28486352245853
    ]
  },
  {
    "label_id": "G8ZifmyoUj0ZKarCYDaXdw",
    "size": [
      0.9191115219758422,
      1.1134257866036492,
      1.944807819718985
    ],
    "obj_class": "pedestrian",
    "point_num_in_lidar": 84,
    "speed": 1.4896695717312036,
    "if_vehicle": false,
    "motion_state": true,
    "pose": [
      [
        0.6917256297379849,
        0.7220010662544167,
        0.015169492116540178,
        6.229271851369944
      ],
      [
        -0.7218437811503439,
        0.6918917474699743,
        -0.015078640440035465,
        -16.257400054975733
      ],
      [
        -0.021382440884117556,
        -0.0005197214935575202,
        0.9997712343888508,
        0.8821221258663812
      ],
      [
        0.0,
        0.0,
        0.0,
        1.0
      ]
    ],
    "location": [
      6.229271851369944,
      -16.257400054975733,
      0.8821221258663812
    ],
    "rotation": [
      -0.0005198403683416088,
      0.02138407059272097,
      -0.8067013939942284
    ]
  },
  {
    "label_id": "JbaK1eVynVrY5IGp30MGEQ",
    "size": [
      0.7579103994444579,
      1.0900382483025783,
      1.8400000000000034
    ],
    "obj_class": "pedestrian",
    "point_num_in_lidar": 23,
    "speed": 1.424980202602084,
    "if_vehicle": false,
    "motion_state": true,
    "pose": [
      [
        0.7053723288501995,
        0.70867465327989,
        0.015169492116540178,
        24.403966889993285
      ],
      [
        -0.7085142280087666,
        0.7055354160576361,
        -0.015078640440035465,
        -33.220568768232624
      ],
      [
        -0.021388464217600465,
        -0.0001117452731529232,
        0.9997712343888508,
        0.6486599278142826
      ],
      [
        0.0,
        0.0,
        0.0,
        1.0
      ]
    ],
    "location": [
      24.403966889993285,
      -33.220568768232624,
      0.6486599278142826
    ],
    "rotation": [
      -0.00011177084201257068,
      0.021390095304024886,
      -0.7876203317685413
    ]
  },
  {
    "label_id": "MSs5ysIlfn6HWkrilVdHNQ",
    "size": [
      2.791971653913281,
      6.598391175076888,
      3.4099999999999753
    ],
    "obj_class": "vehicle",
    "point_num_in_lidar": 257,
    "speed": 2.842257677890751e-13,
    "if_vehicle": true,
    "motion_state": false,
    "pose": [
      [
        0.7271628937605673,
        0.6862973207340126,
        0.015169492116540178,
        46.4045831354764
      ],
      [
        -0.6861318798749989,
        0.7273208906814654,
        -0.015078640440035465,
        -38.24104754797008
      ],
      [
        -0.021381519051695344,
        0.0005563556736806124,
        0.9997712343888508,
        1.0603975072193776
      ],
      [
        0.0,
        0.0,
        0.0,
        1.0
      ]
    ],
    "location": [
      46.4045831354764,
      -38.24104754797008,
      1.0603975072193776
    ],
    "rotation": [
      0.0005564829204065039,
      0.021383148549500623,
      -0.7563741461981603
    ]
  },
  {
    "label_id": "O8ilGM7P1-uAp4PIMof2xA",
    "size": [
      0.7819962013972171,
      0.8654287857100659,
      1.7400000000000055
    ],
    "obj_class": "pedestrian",
    "point_num_in_lidar": 37,
    "speed": 1.4450422016490565,
    "if_vehicle": false,
    "motion_state": true,
    "pose": [
      [
        0.6609831454783264,
        0.7502474044623573,
        0.015169492116540178,
        38.677448901935435
      ],
      [
        -0.7500971909501166,
        0.6611556841858236,
        -0.015078640440035465,
        -22.33641737522339
      ],
      [
        -0.021342106792020324,
        -0.0014118662371653892,
        0.9997712343888508,
        0.48780065585448895
      ],
      [
        0.0,
        0.0,
        0.0,
        1.0
      ]
    ],
    "location": [
      38.677448901935435,
      -22.33641737522339,
      0.48780065585448895
    ],
    "rotation": [
      -0.0014121883587479124,
      0.021343727294304133,
      -0.8484674688144872
    ]
  },
  {
    "label_id": "OLCvkJUNK6eYbjQ3PM1B4w",
    "size": [
      1.0141263494867014,
      1.1026134838928923,
      1.7699999999999996
    ],
    "obj_class": "pedestrian",
    "point_num_in_lidar": 30,
    "speed": 1.8071242422849585,
    "if_vehicle": false,
    "motion_state": true,
    "pose": [
      [
        0.6268212315951297,
        0.7790154235510943,
        0.015169492116540178,
        -1.5735753410932602
      ],
      [
        -0.778873064658354,
        0.6270003060224002,
        -0.015078640440035465,
        -5.8329665420496895
      ],
      [
        -0.021257769668243963,
        -0.0023634968427172325,
        0.9997712343888508,
        1.0897650595668402
      ],
      [
        0.0,
        0.0,
        0.0,
        1.0
      ]
    ],
    "location": [
      -1.5735753410932602,
      -5.8329665420496895,
      1.0897650595668402
    ],
    "rotation": [
      -0.0023640332493052455,
      0.02125937103264665,
      -0.8931477207410637
    ]
  },
  {
    "label_id": "RGdvnrG8Aw3PXBTuM0u24A",
    "size": [
      0.771302957600417,
      1.0039475245408434,
      1.6799999999999997
    ],
    "obj_class": "pedestrian",
    "point_num_in_lidar": 21,
    "speed": 1.112587734631218,
    "if_vehicle": false,
    "motion_state": true,
    "pose": [
      [
        -0.6092862286017897,
        -0.7928052586512868,
        0.015169492116540178,
        13.88075978631791
      ],
      [
        0.7926669301475086,
        -0.6094684343368448,
        -0.015078640440035465,
        -24.93962794916115
      ],
      [
        0.02119975204412492,
        0.0028371467817630953,
        0.9997712343888508,
        0.5398126840264723
      ],
      [
        0.0,
        0.0,
        0.0,
        1.0
      ]
    ],
    "location": [
      13.88075978631791,
      -24.93962794916115,
      0.5398126840264723
    ],
    "rotation": [
      0.0028377883542580794,
      -0.02120134033097956,
      2.2261291954425584
    ]
  },
  {
    "label_id": "TUgaysJsmRIFmjy8Ssx5VQ",
    "size": [
      0.771919562165026,
      0.94966798220545,
      1.7562431769673594
    ],
    "obj_class": "pedestrian",
    "point_num_in_lidar": 27,
    "speed": 1.378248521994801,
    "if_vehicle": false,
    "motion_state": true,
    "pose": [
      [
        0.6946644964429254,
        0.7191739176935044,
        0.015169492116540178,
        12.076683889292227
      ],
      [
        -0.7190159564005665,
        0.6948299713195013,
        -0.015078640440035465,
        -21.667042451570524
      ],
      [
        -0.021384382691019027,
        -0.000432510713963824,
        0.9997712343888508,
        0.693980551653631
      ],
      [
        0.0,
        0.0,
        0.0,
        1.0
      ]
    ],
    "location": [
      12.076683889292227,
      -21.667042451570524,
      0.693980551653631
    ],
    "rotation": [
      -0.0004326096531939052,
      0.02138601284372064,
      -0.8026220358870606
    ]
  },
  {
    "label_id": "VceceKYf-sBWe2z2yzYRVw",
    "size": [
      0.7928177116073746,
      0.8884006652584333,
      1.7400000000000055
    ],
    "obj_class": "pedestrian",
    "point_num_in_lidar": 416,
    "speed": 1.3802640443692018,
    "if_vehicle": false,
    "motion_state": true,
    "pose": [
      [
        0.6843061029778807,
        0.7290370662292504,
        0.015169492116540178,
        -11.689207131962661
      ],
      [
        -0.7288814881094684,
        0.6844738204590496,
        -0.015078640440035465,
        5.079369179678906
      ],
      [
        -0.021376008012560878,
        -0.000738356310043308,
        0.9997712343888508,
        1.4687537169185525
      ],
      [
        0.0,
        0.0,
        0.0,
        1.0
      ]
    ],
    "location": [
      -11.689207131962661,
      5.079369179678906,
      1.4687537169185525
    ],
    "rotation": [
      -0.0007385251249569209,
      0.021377636250519836,
      -0.8169301490787565
    ]
  },
  {
    "label_id": "Wpqa9KCQJuuTRKatLAsU9w",
    "size": [
      0.746286783148284,
      1.0096800683498657,
      1.7500000000000036
    ],
    "obj_class": "pedestrian",
    "point_num_in_lidar": 23,
    "speed": 1.1890551272113354,
    "if_vehicle": false,
    "motion_state": true,
    "pose": [
      [
        -0.6271412207776697,
        0.7787578415081421,
        0.015169492116540178,
        45.54135339181333
      ],
      [
        -0.7789023737851456,
        -0.6269638958619114,
        -0.015078640440035465,
        -26.058314260817497
      ],
      [
        -0.002231885606326818,
        -0.021271990391919574,
        0.9997712343888508,
        0.46614871607526354
      ],
      [
        0.0,
        0.0,
        0.0,
        1.0
      ]
    ],
    "location": [
      45.54135339181333,
      -26.058314260817497,
      0.46614871607526354
    ],
    "rotation": [
      -0.021273647966098163,
      0.0022318874592845697,
      -2.248675844977741
    ]
  },
  {
    "label_id": "dWGM_6Sr_Eaoh5yFictcbQ",
    "size": [
      1.000000000000506,
      1.0,
      1.9100000000000001
    ],
    "obj_class": "pedestrian",
    "point_num_in_lidar": 30,
    "speed": 8.526512829121202e-13,
    "if_vehicle": false,
    "motion_state": false,
    "pose": [
      [
        0.7679903323073315,
        -0.6402817629695545,
        0.015169492116540178,
        17.457751845374588
      ],
      [
        0.640458333135997,
        0.7678448789430977,
        -0.015078640440035465,
        -24.22137348002252
      ],
      [
        -0.0019932383537231433,
        0.021295677717764576,
        0.9997712343888508,
        0.4702785400951264
      ],
      [
        0.0,
        0.0,
        0.0,
        1.0
      ]
    ],
    "location": [
      17.457751845374588,
      -24.22137348002252,
      0.4702785400951264
    ],
    "rotation": [
      0.021297329979127883,
      0.001993239673581212,
      0.6950965672903594
    ]
  },
  {
    "label_id": "de92Xadub7g4by1rwCWl-g",
    "size": [
      2.445563210300368,
      5.893766671715216,
      2.0400000000000027
    ],
    "obj_class": "vehicle",
    "point_num_in_lidar": 11859,
    "speed": 0.04495076106514134,
    "if_vehicle": true,
    "motion_state": false,
    "pose": [
      [
        0.6829620929360903,
        0.7302962865312143,
        0.015169492116540178,
        -8.754638047586525
      ],
      [
        -0.7301410176024223,
        0.6831300966997278,
        -0.015078640440035465,
        6.7693137875157845
      ],
      [
        -0.021374611735755143,
        -0.0007777285769251774,
        0.9997712343888508,
        1.3205966068202386
      ],
      [
        0.0,
        0.0,
        0.0,
        1.0
      ]
    ],
    "location": [
      -8.754638047586525,
      6.7693137875157845,
      1.3205966068202386
    ],
    "rotation": [
      -0.0007779063782754225,
      0.021376239654622615,
      -0.818772519665008
    ]
  },
  {
    "label_id": "eMbjSopveNs3m1uFnXkKKw",
    "size": [
      2.360773123276057,
      5.4302539376947845,
      2.1700000000000017
    ],
    "obj_class": "vehicle",
    "point_num_in_lidar": 68,
    "speed": 0.023022910403117672,
    "if_vehicle": true,
    "motion_state": false,
    "pose": [
      [
        0.7252030789252848,
        -0.688367910950397,
        0.015169492116540178,
        2.5695869786465977
      ],
      [
        0.6885347567375041,
        0.7250465663437806,
        -0.015078640440035465,
        37.25525248966915
      ],
      [
        -0.0006189359525971204,
        0.021379799037414507,
        0.9997712343888508,
        1.39760016361177
      ],
      [
        0.0,
        0.0,
        0.0,
        1.0
      ]
    ],
    "location": [
      2.5695869786465977,
      37.25525248966915,
      1.39760016361177
    ],
    "rotation": [
      0.021381432237990113,
      0.0006189359921143013,
      0.75946683307086
    ]
  },
  {
    "label_id": "fQ2n6--00V_n1eOOacR5TA",
    "size": [
      0.761825567703498,
      0.9345899953471253,
      1.850000000000005
    ],
    "obj_class": "pedestrian",
    "point_num_in_lidar": 62,
    "speed": 1.3919289780320585,
    "if_vehicle": false,
    "motion_state": true,
    "pose": [
      [
        0.7309432771927,
        0.6822696036287429,
        0.015169492116540178,
        7.775926935090581
      ],
      [
        -0.6821032924333702,
        0.7311003577170759,
        -0.015078640440035465,
        -17.946599787826926
      ],
      [
        -0.021378119149072217,
        0.000674470341615789,
        0.9997712343888508,
        0.9383015433597492
      ],
      [
        0.0,
        0.0,
        0.0,
        1.0
      ]
    ],
    "location": [
      7.775926935090581,
      -17.946599787826926,
      0.9383015433597492
    ],
    "rotation": [
      0.0006746245701966156,
      0.021379747869568932,
      -0.7508483113558484
    ]
  },
  {
    "label_id": "h1MQcORcKbbVlpISVYmbVg",
    "size": [
      0.8244535462913197,
      1.0348702526007014,
      1.8090579967917257
    ],
    "obj_class": "pedestrian",
    "point_num_in_lidar": 756,
    "speed": 1.8925233903467968,
    "if_vehicle": false,
    "motion_state": true,
    "pose": [
      [
        0.8013872581620726,
        0.5979534672233301,
        0.015169492116540178,
        -12.122052521798679
      ],
      [
        -0.5977709256187561,
        0.8015251431411095,
        -0.015078640440035465,
        7.1315135060067405
      ],
      [
        -0.02117505467222092,
        0.0030159489753811214,
        0.9997712343888508,
        1.4865859167134978
      ],
      [
        0.0,
        0.0,
        0.0,
        1.0
      ]
    ],
    "location": [
      -12.122052521798679,
      7.1315135060067405,
      1.4865859167134978
    ],
    "rotation": [
      0.0030166299281297105,
      0.02117663741380791,
      -0.6408849048108917
    ]
  },
  {
    "label_id": "hGZX2N3Zly2psnSENmTj-A",
    "size": [
      2.1384752959999878,
      4.888177290087686,
      1.5899999999999999
    ],
    "obj_class": "vehicle",
    "point_num_in_lidar": 26,
    "speed": 2.2521325323463685e-28,
    "if_vehicle": true,
    "motion_state": false,
    "pose": [
      [
        0.7057357150529481,
        -0.7083127748442988,
        0.015169492116540178,
        23.555243985277926
      ],
      [
        0.7084751936223211,
        0.7055746130809234,
        -0.015078640440035465,
        -41.49317214708026
      ],
      [
        -2.281487980097586e-05,
        0.021388743957392802,
        0.9997712343888508,
        0.18078120263362862
      ],
      [
        0.0,
        0.0,
        0.0,
        1.0
      ]
    ],
    "location": [
      23.555243985277926,
      -41.49317214708026,
      0.18078120263362862
    ],
    "rotation": [
      0.021390375113393697,
      2.281487980295512e-05,
      0.787335268482729
    ]
  },
  {
    "label_id": "hgO3zRhEBlBJHykxs4_HqQ",
    "size": [
      0.7656421592376904,
      1.0828474020012604,
      1.8984507849923276
    ],
    "obj_class": "pedestrian",
    "point_num_in_lidar": 58,
    "speed": 1.313506953122576,
    "if_vehicle": false,
    "motion_state": true,
    "pose": [
      [
        0.8319446761734101,
        0.5546511897541068,
        0.015169492116540178,
        9.855791798950662
      ],
      [
        -0.5544615986003616,
        0.8320726953097377,
        -0.015078640440035465,
        -20.18892398398384
      ],
      [
        -0.020985506051829462,
        0.004133693789128138,
        0.9997712343888508,
        0.7778408799006975
      ],
      [
        0.0,
        0.0,
        0.0,
        1.0
      ]
    ],
    "location": [
      9.855791798950662,
      -20.18892398398384,
      0.7778408799006975
    ],
    "rotation": [
      0.004134616091844095,
      0.020987046663451192,
      -0.587862633915538
    ]
  },
  {
    "label_id": "hnUo4hyZCFm1C_pXJddkUQ",
    "size": [
      0.8103802593163785,
      0.9244852452441166,
      1.610000000000003
    ],
    "obj_class": "cyclist",
    "point_num_in_lidar": 559,
    "speed": 1.4948060488135055,
    "if_vehicle": false,
    "motion_state": true,
    "pose": [
      [
        0.7155792596417054,
        0.6983668159925377,
        0.015169492116540178,
        -13.3616092915791
      ],
      [
        -0.6982040416015701,
        0.7157400023009145,
        -0.015078640440035465,
        4.3877919715177995
      ],
      [
        -0.021387834436000057,
        0.00019856165767254786,
        0.9997712343888508,
        1.4458837415102614
      ],
      [
        0.0,
        0.0,
        0.0,
        1.0
      ]
    ],
    "location": [
      -13.3616092915791,
      4.3877919715177995,
      1.4458837415102614
    ],
    "rotation": [
      0.00019860708953402362,
      0.021389465378327317,
      -0.7731089085207882
    ]
  },
  {
    "label_id": "ht8gtxcrZA6mDs1xt8AdvA",
    "size": [
      2.389817662066173,
      5.415910525913205,
      2.289999999999999
    ],
    "obj_class": "vehicle",
    "point_num_in_lidar": 9271,
    "speed": 0.08186345690380377,
    "if_vehicle": true,
    "motion_state": false,
    "pose": [
      [
        0.6833418518527538,
        0.7299409565268792,
        0.015169492116540178,
        -4.447222710171957
      ],
      [
        -0.7297856002347654,
        0.6835097748331499,
        -0.015078640440035465,
        2.1255296886920405
      ],
      [
        -0.021375013366833992,
        -0.0007666108278101602,
        0.9997712343888508,
        1.3500378762171614
      ],
      [
        0.0,
        0.0,
        0.0,
        1.0
      ]
    ],
    "location": [
      -4.447222710171957,
      2.1255296886920405,
      1.3500378762171614
    ],
    "rotation": [
      -0.0007667860918533444,
      0.02137664137748204,
      -0.8182522677963805
    ]
  },
  {
    "label_id": "jGEgNY4HYcY3q1xhLY417g",
    "size": [
      0.7949278100937696,
      0.7991999698350772,
      1.7100000000000044
    ],
    "obj_class": "pedestrian",
    "point_num_in_lidar": 163,
    "speed": 1.4185222859139321,
    "if_vehicle": false,
    "motion_state": true,
    "pose": [
      [
        0.7004804831480914,
        0.7135103217456231,
        0.015169492116540178,
        -13.395057401060825
      ],
      [
        -0.7133510221893211,
        0.700644670103135,
        -0.015078640440035465,
        5.351584327208911
      ],
      [
        -0.021387189391481667,
        -0.00025887936677439314,
        0.9997712343888508,
        1.4976492574070939
      ],
      [
        0.0,
        0.0,
        0.0,
        1.0
      ]
    ],
    "location": [
      -13.395057401060825,
      5.351584327208911,
      1.4976492574070939
    ],
    "rotation": [
      -0.00025893859723495513,
      0.021388820186228338,
      -0.7945012166838231
    ]
  },
  {
    "label_id": "jkjRLcw59twUELYWSONreA",
    "size": [
      2.451307599368455,
      5.635550788292107,
      2.1400000000000006
    ],
    "obj_class": "vehicle",
    "point_num_in_lidar": 5638,
    "speed": 12.079051827184793,
    "if_vehicle": true,
    "motion_state": true,
    "pose": [
      [
        0.7112854733544575,
        0.70273954058659,
        0.015169492116540178,
        0.9984932781585059
      ],
      [
        -0.7025777544575112,
        0.7114472106515852,
        -0.015078640440035465,
        5.887959939060238
      ],
      [
        -0.02138864970881462,
        6.747019543257118e-05,
        0.9997712343888508,
        1.2231705323230067
      ],
      [
        0.0,
        0.0,
        0.0,
        1.0
      ]
    ],
    "location": [
      0.9984932781585059,
      5.887959939060238,
      1.2231705323230067
    ],
    "rotation": [
      6.748563372238672e-05,
      0.021390280837681973,
      -0.7792394284995151
    ]
  },
  {
    "label_id": "mfhY_2QfmynvWwrFGKZ0oA",
    "size": [
      0.4896392568797805,
      0.10214470324224971,
      0.5074866177062951
    ],
    "obj_class": "sign",
    "point_num_in_lidar": 56,
    "speed": 0.05448721547348049,
    "if_vehicle": false,
    "motion_state": false,
    "pose": [
      [
        -0.5736802572738827,
        -0.8189388554239553,
        0.015169492116540178,
        -4.15482108993055
      ],
      [
        0.8188087083709384,
        -0.5738683940577278,
        -0.015078640440035465,
        -1.0244952947796264
      ],
      [
        0.02105377662290228,
        0.00377059391960748,
        0.9997712343888508,
        2.8939082411455814
      ],
      [
        0.0,
        0.0,
        0.0,
        1.0
      ]
    ],
    "location": [
      -4.15482108993055,
      -1.0244952947796264,
      2.8939082411455814
    ],
    "rotation": [
      0.0037714388177672144,
      -0.02105533232137031,
      2.1819436020251888
    ]
  },
  {
    "label_id": "nX-WqS5DY9omgWbc749Fgw",
    "size": [
      0.7307697494500781,
      0.790863973413099,
      1.6900000000000048
    ],
    "obj_class": "pedestrian",
    "point_num_in_lidar": 156,
    "speed": 1.4629232469079805,
    "if_vehicle": false,
    "motion_state": true,
    "pose": [
      [
        0.6816037719291383,
        0.7315642040182786,
        0.015169492116540178,
        -12.28636429292186
      ],
      [
        -0.7314092475663789,
        0.6817720639457616,
        -0.015078640440035465,
        4.6235130003242375
      ],
      [
        -0.021373129540494924,
        -0.0008174486154313543,
        0.9997712343888508,
        1.43754375725144
      ],
      [
        0.0,
        0.0,
        0.0,
        1.0
      ]
    ],
    "location": [
      -12.28636429292186,
      4.6235130003242375,
      1.43754375725144
    ],
    "rotation": [
      -0.0008176354801492908,
      0.021374757120681567,
      -0.8206312887720624
    ]
  },
  {
    "label_id": "ndZmmljnxia7nf1iYUHCjA",
    "size": [
      2.644141291946276,
      6.075761311101754,
      2.466192215728494
    ],
    "obj_class": "vehicle",
    "point_num_in_lidar": 13629,
    "speed": 0.08389040444089323,
    "if_vehicle": true,
    "motion_state": false,
    "pose": [
      [
        0.6872129620418367,
        0.72629761896251,
        0.015169492116540178,
        -3.1339654418475362
      ],
      [
        -0.7261413720950639,
        0.6873800566894402,
        -0.015078640440035465,
        14.73372611022387
      ],
      [
        -0.021378786999806977,
        -0.0006529586591291442,
        0.9997712343888508,
        1.431930448051805
      ],
      [
        0.0,
        0.0,
        0.0,
        1.0
      ]
    ],
    "location": [
      -3.1339654418475362,
      14.73372611022387,
      1.431930448051805
    ],
    "rotation": [
      -0.0006531079749343292,
      0.021380415872972694,
      -0.8129344785858212
    ]
  },
  {
    "label_id": "p35sayiyKiZgb2akL-yLDg",
    "size": [
      0.7670953691798477,
      0.8966766857086689,
      1.7100000000000044
    ],
    "obj_class": "pedestrian",
    "point_num_in_lidar": 684,
    "speed": 1.4072504887951807,
    "if_vehicle": false,
    "motion_state": true,
    "pose": [
      [
        0.6926827743017382,
        0.7210828389960293,
        0.015169492116540178,
        -12.140831840885483
      ],
      [
        -0.7209253336708551,
        0.6928486832447951,
        -0.015078640440035465,
        5.980551911141447
      ],
      [
        -0.02138311149513827,
        -0.0004913566730319867,
        0.9997712343888508,
        1.4722177590599976
      ],
      [
        0.0,
        0.0,
        0.0,
        1.0
      ]
    ],
    "location": [
      -12.140831840885483,
      5.980551911141447,
      1.4722177590599976
    ],
    "rotation": [
      -0.0004914690646918659,
      0.02138474135710371,
      -0.8053745644358126
    ]
  },
  {
    "label_id": "q5T3DlAO2c9XHbOijTcVEA",
    "size": [
      0.912540818988487,
      0.7909272363024653,
      1.7899999999999991
    ],
    "obj_class": "pedestrian",
    "point_num_in_lidar": 26,
    "speed": 1.0453350306752693,
    "if_vehicle": false,
    "motion_state": true,
    "pose": [
      [
        0.6185588544410372,
        0.785592025227801,
        0.015169492116540178,
        14.486700910672127
      ],
      [
        -0.7854515655340213,
        0.6187394223763629,
        -0.015078640440035465,
        -24.473258212050496
      ],
      [
        -0.02123162247090014,
        -0.0025878747741758436,
        0.9997712343888508,
        0.5894704088367426
      ],
      [
        0.0,
        0.0,
        0.0,
        1.0
      ]
    ],
    "location": [
      14.486700910672127,
      -24.473258212050496,
      0.5894704088367426
    ],
    "rotation": [
      -0.0025884611453690313,
      0.0212332179327037,
      -0.9037115720262742
    ]
  },
  {
    "label_id": "rhQEGyG3ydk_PpljURABpA",
    "size": [
      0.7971540827753598,
      0.9468052349867129,
      1.83555267383354
    ],
    "obj_class": "pedestrian",
    "point_num_in_lidar": 448,
    "speed": 1.5724363833559767,
    "if_vehicle": false,
    "motion_state": true,
    "pose": [
      [
        0.6876228372338027,
        0.7259095813002207,
        0.015169492116540178,
        -9.749842342621037
      ],
      [
        -0.7257532401351151,
        0.6877898436556491,
        -0.015078640440035465,
        2.4443282619795355
      ],
      [
        -0.02137915217957349,
        -0.0006408905337775786,
        0.9997712343888508,
        1.4729138248568887
      ],
      [
        0.0,
        0.0,
        0.0,
        1.0
      ]
    ],
    "location": [
      -9.749842342621037,
      2.4443282619795355,
      1.4729138248568887
    ],
    "rotation": [
      -0.0006410370932332387,
      0.02138078113622242,
      -0.8123698638446887
    ]
  },
  {
    "label_id": "wd-dwWfxFi-2x2ASuoXg0g",
    "size": [
      1.992685203215765,
      4.23777338934755,
      1.7800000000000047
    ],
    "obj_class": "vehicle",
    "point_num_in_lidar": 255,
    "speed": 0.2765071191062426,
    "if_vehicle": true,
    "motion_state": false,
    "pose": [
      [
        0.16404542878094966,
        0.986336141386394,
        0.015169492116540178,
        20.284667909007254
      ],
      [
        -0.9862999395353425,
        0.1642713117834641,
        -0.015078640440035465,
        -25.981337001880092
      ],
      [
        -0.017364520398050393,
        -0.012488087120906047,
        0.9997712343888508,
        0.3823087057218757
      ],
      [
        0.0,
        0.0,
        0.0,
        1.0
      ]
    ],
    "location": [
      20.284667909007254,
      -25.981337001880092,
      0.3823087057218757
    ],
    "rotation": [
      -0.012490295052505162,
      0.017365393160520052,
      -1.4059809967037469
    ]
  },
  {
    "label_id": "xm7qMBcQiB6LNZ64hriwQw",
    "size": [
      0.8676867597647592,
      1.115154545921516,
      1.7500000000000036
    ],
    "obj_class": "pedestrian",
    "point_num_in_lidar": 166,
    "speed": 1.5506176138849546,
    "if_vehicle": false,
    "motion_state": true,
    "pose": [
      [
        0.6605197588961818,
        0.7506554033753811,
        0.015169492116540178,
        -6.25398154217271
      ],
      [
        -0.7505052964304734,
        0.6606923903241867,
        -0.015078640440035465,
        -2.240929271587447
      ],
      [
        -0.02134123092834799,
        -0.0014250442296892742,
        0.9997712343888508,
        1.3714982814819514
      ],
      [
        0.0,
        0.0,
        0.0,
        1.0
      ]
    ],
    "location": [
      -6.25398154217271,
      -2.240929271587447,
      1.3714982814819514
    ],
    "rotation": [
      -0.0014253693401004575,
      0.021342851231100215,
      -0.8490850859755488
    ]
  }
]