[
  {
    "label_id": "0OCxtJR_yEaJVNaM9OqfbQ",
    "size": [
      2.915222912169123,
      7.801972595825992,
      3.8199999999999648
    ],
    "obj_class": "vehicle",
    "point_num_in_lidar": 888,
    "speed": 1.1368770508004532e-12,
    "if_vehicle": true,
    "motion_state": false,
    "pose": [
      [
        0.6970818454858764,
        0.716886097631199,
        -0.012297305278632105,
        40.21374885361131
      ],
      [
        -0.716837527815376,
        0.6964740736799966,
        -0.03267756733802048,
        -45.256889121266795
      ],
      [
        -0.014861339426338799,
        0.03159410886070192,
        0.9993902905650792,
        1.365100081210798
      ],
      [
        0.0,
        0.0,
        0.0,
        1.0
      ]
    ],
    "location": [
      40.21374885361131,
      -45.256889121266795,
      1.365100081210798
    ],
    "rotation": [
      0.03160285861420095,
      0.014861886525156697,
      -0.7993695377586689
    ]
  },
  {
    "label_id": "0Z5F5evo2eZXjutwBoKeDA",
    "size": [
      0.43096552125780146,
      0.06846260875542805,
      0.5654867157886976
    ],
    "obj_class": "sign",
    "point_num_in_lidar": 22,
    "speed": 0.004342793671803881,
    "if_vehicle": false,
    "motion_state": false,
    "pose": [
      [
        -0.8182071093231018,
        0.574792051559534,
        -0.012297305278632105,
        47.351442062357236
      ],
      [
        -0.5741996347542184,
        -0.818062929144813,
        -0.03267756733802048,
        -23.452101726612455
      ],
      [
        -0.028842775547021356,
        -0.019675909711901064,
        0.9993902905650792,
        1.8779476861088824
      ],
      [
        0.0,
        0.0,
        0.0,
        1.0
      ]
    ],
    "location": [
      47.351442062357236,
      -23.452101726612455,
      1.8779476861088824
    ],
    "rotation": [
      -0.019685370440084792,
      0.028846776123084564,
      -2.5296744904627793
    ]
  },
  {
    "label_id": "0zDrRxGQLSyidFtDJd4m_A",
    "size": [
      2.865208318893257,
      5.711556680080511,
      2.489999999999995
    ],
    "obj_class": "vehicle",
    "point_num_in_lidar": 2956,
    "speed": 4.583523090263141,
    "if_vehicle": true,
    "motion_state": true,
    "pose": [
      [
        -0.6960537650852848,
        0.7178843447195958,
        -0.012297305278632105,
        34.910914648440766
      ],
      [
        -0.7172754064784784,
        -0.6960231087068899,
        -0.03267756733802048,
        -16.351145203279884
      ],
      [
        -0.03201792266423646,
        -0.013924789137136297,
        0.9993902905650792,
        0.5252122089452804
      ],
      [
        0.0,
        0.0,
        0.0,
        1.0
      ]
    ],
    "location": [
      34.910914648440766,
      -16.351145203279884,
      0.5252122089452804
    ],
    "rotation": [
      -0.013932382844479046,
      0.03202339570429318,
      -2.341180261977023
    ]
  },
  {
    "label_id": "1SW0MBgHGBrWD6fZmv_sBg",
    "size": [
      1.9829537986632138,
      4.787881978925732,
      1.5400000000000027
    ],
    "obj_class": "vehicle",
    "point_num_in_lidar": 752,
    "speed": 1.1605775650669088,
    "if_vehicle": true,
    "motion_state": true,
    "pose": [
      [
        0.7023298740131766,
        -0.7117454069760618,
        -0.012297305278632105,
        14.825399209962939
      ],
      [
        0.7111367613650728,
        0.702293872412443,
        -0.03267756733802048,
        -44.849897738542495
      ],
      [
        0.03189443060835556,
        0.014205365902204965,
        0.9993902905650792,
        0.3419925394821952
      ],
      [
        0.0,
        0.0,
        0.0,
        1.0
      ]
    ],
    "location": [
      14.825399209962939,
      -44.849897738542495,
      0.3419925394821952
    ],
    "rotation": [
      0.014213075186241833,
      -0.03189984054512632,
      0.7916287833273543
    ]
  },
  {
    "label_id": "3x3ZXLKl-lWgN_FV9ytvUQ",
    "size": [
      2.0607104542573174,
      4.694385415658241,
      1.5400000000000027
    ],
    "obj_class": "vehicle",
    "point_num_in_lidar": 1409,
    "speed": 5.574847753087676,
    "if_vehicle": true,
    "motion_state": true,
    "pose": [
      [
        0.7163670421530581,
        -0.6976152501198373,
        -0.012297305278632105,
        24.001293252272916
      ],
      [
        0.6970074423304881,
        0.7163189247317013,
        -0.03267756733802048,
        -35.749395895201815
      ],
      [
        0.0316051618061082,
        0.014837818958878536,
        0.9993902905650792,
        0.2662577477923733
      ],
      [
        0.0,
        0.0,
        0.0,
        1.0
      ]
    ],
    "location": [
      24.001293252272916,
      -35.749395895201815,
      0.2662577477923733
    ],
    "rotation": [
      0.01484578048404963,
      -0.03161042583289966,
      0.7717015886931274
    ]
  },
  {
    "label_id": "6L39DYBXXN-_o2M2SgAr0A",
    "size": [
      0.8004371481686444,
      0.11463204214808968,
      0.823380178590412
    ],
    "obj_class": "sign",
    "point_num_in_lidar": 208,
    "speed": 0.0022773005618167154,
    "if_vehicle": false,
    "motion_state": false,
    "pose": [
      [
        0.7166852350218272,
        -0.6972883551190228,
        -0.012297305278632105,
        34.23825906216639
      ],
      [
        0.6966805693451537,
        0.7166368403101964,
        -0.03267756733802048,
        -11.306264003444085
      ],
      [
        0.03159838917762821,
        0.014852236384662213,
        0.9993902905650792,
        2.1475104175496647
      ],
      [
        0.0,
        0.0,
        0.0,
        1.0
      ]
    ],
    "location": [
      34.23825906216639,
      -11.306264003444085,
      2.1475104175496647
    ],
    "rotation": [
      0.014860203523281969,
      -0.03160364982006661,
      0.7712451890523613
    ]
  },
  {
    "label_id": "8VYrq0XdeiBiUdSAYPjqcQ",
    "size": [
      0.6882489019002566,
      1.004909005980474,
      1.860000000000003
    ],
    "obj_class": "pedestrian",
    "point_num_in_lidar": 28,
    "speed": 1.2535584054263533,
    "if_vehicle": false,
    "motion_state": true,
    "pose": [
      [
        -0.2527168244843637,
        0.9674621351274807,
        -0.012297305278632105,
        48.6449476017568
      ],
      [
        -0.9669169318579032,
        -0.25298976951522817,
        -0.03267756733802048,
        -25.367927881099604
      ],
      [
        -0.03472540149571285,
        0.003632301640596454,
        0.9993902905650792,
        0.3005202860700109
      ],
      [
        0.0,
        0.0,
        0.0,
        1.0
      ]
    ],
    "location": [
      48.6449476017568,
      -25.367927881099604,
      0.3005202860700109
    ],
    "rotation": [
      0.0036345016367683577,
      0.034732384243328064,
      -1.8264411544051444
    ]
  },
  {
    "label_id": "9LV2zL8g-0uZ1xiZVzZYIA",
    "size": [
      0.9101829416504623,
      0.9486508881338631,
      1.7600000000000051
    ],
    "obj_class": "pedestrian",
    "point_num_in_lidar": 22,
    "speed": 1.5774826421899533,
    "if_vehicle": false,
    "motion_state": true,
    "pose": [
      [
        -0.6953951655598422,
        0.7185223308978531,
        -0.012297305278632105,
        14.816861691247937
      ],
      [
        -0.7179133648005712,
        -0.6953650675965763,
        -0.03267756733802048,
        -56.173056666862976
      ],
      [
        -0.03203067836811777,
        -0.013895422538553037,
        0.9993902905650792,
        0.47456471259427246
      ],
      [
        0.0,
        0.0,
        0.0,
        1.0
      ]
    ],
    "location": [
      14.816861691247937,
      -56.173056666862976,
      0.47456471259427246
    ],
    "rotation": [
      -0.013903004021359454,
      0.03203615795405308,
      -2.3402628704778636
    ]
  },
  {
    "label_id": "C8em1kIenRlg8YGuTTTf7g",
    "size": [
      0.7852210358352205,
      1.2072036134509911,
      1.970000000000006
    ],
    "obj_class": "pedestrian",
    "point_num_in_lidar": 80,
    "speed": 1.8085689409412409,
    "if_vehicle": false,
    "motion_state": true,
    "pose": [
      [
        0.889798678167516,
        0.4561875585921052,
        -0.012297305278632105,
        43.29299728260102
      ],
      [
        -0.4563359876164354,
        0.8892073115978083,
        -0.03267756733802048,
        -39.84245054149142
      ],
      [
        -0.003972245897950687,
        0.034688159172446,
        0.9993902905650792,
        0.4914701877023546
      ],
      [
        0.0,
        0.0,
        0.0,
        1.0
      ]
    ],
    "location": [
      43.29299728260102,
      -39.84245054149142,
      0.4914701877023546
    ],
    "rotation": [
      0.034695393305174,
      0.003972256344195727,
      -0.47387711753216316
    ]
  },
  {
    "label_id": "CMZjVTrjReWzAq0DwIC4fA",
    "size": [
      2.1784127462931453,
      4.939794431315422,
      1.860000000000003
    ],
    "obj_class": "vehicle",
    "point_num_in_lidar": 59,
    "speed": 0.42714972108644667,
    "if_vehicle": true,
    "motion_state": false,
    "pose": [
      [
        -0.7230217989549361,
        0.6907157552270341,
        -0.012297305278632105,
        56.22013300127266
      ],
      [
        -0.6901084366439894,
        -0.7229678570072519,
        -0.03267756733802048,
        0.6876202755520353
      ],
      [
        -0.0314614670471197,
        -0.01514011940143595,
        0.9993902905650792,
        0.121338598445341
      ],
      [
        0.0,
        0.0,
        0.0,
        1.0
      ]
    ],
    "location": [
      56.22013300127266,
      0.6876202755520353,
      0.121338598445341
    ],
    "rotation": [
      -0.015148197325506008,
      0.03146665957902849,
      -2.379481383257259
    ]
  },
  {
    "label_id": "G8ZifmyoUj0ZKarCYDaXdw",
    "size": [
      0.9191115219774743,
      1.1134257866036492,
      1.944807819718985
    ],
    "obj_class": "pedestrian",
    "point_num_in_lidar": 798,
    "speed": 0.5347164790632737,
    "if_vehicle": false,
    "motion_state": false,
    "pose": [
      [
        0.5436319951867633,
        0.8392335968561692,
        -0.012297305278632105,
        15.559753484178685
      ],
      [
        -0.8390672514370633,
        0.5430454162947344,
        -0.03267756733802048,
        -27.19578168780572
      ],
      [
        -0.020746117109258392,
        0.02808283727004221,
        0.9993902905650792,
        0.35112561452616475
      ],
      [
        0.0,
        0.0,
        0.0,
        1.0
      ]
    ],
    "location": [
      15.559753484178685,
      -27.19578168780572,
      0.35112561452616475
    ],
    "rotation": [
      0.02809257759886429,
      0.020747605590455048,
      -0.9958985261352705
    ]
  },
  {
    "label_id": "HqTH657HXv5vkMKImjfSNA",
    "size": [
      0.7927238927771307,
      1.8324840737910788,
      1.7400000000000055
    ],
    "obj_class": "cyclist",
    "point_num_in_lidar": 1562,
    "speed": 0.3458159606721516,
    "if_vehicle": false,
    "motion_state": false,
    "pose": [
      [
        0.6987084924917906,
        0.7153007890410396,
        -0.012297305278632105,
        18.962558873405754
      ],
      [
        -0.7152535999369872,
        0.698100611924993,
        -0.03267756733802048,
        -18.901075053245222
      ],
      [
        -0.014789533360786231,
        0.03162778568311299,
        0.9993902905650792,
        0.2595018179446349
      ],
      [
        0.0,
        0.0,
        0.0,
        1.0
      ]
    ],
    "location": [
      18.962558873405754,
      -18.901075053245222,
      0.2595018179446349
    ],
    "rotation": [
      0.0316365223026475,
      0.014790072567032074,
      -0.797098867739341
    ]
  },
  {
    "label_id": "JbaK1eVynVrY5IGp30MGEQ",
    "size": [
      0.7579103994434567,
      1.0900382483025783,
      1.8400000000000034
    ],
    "obj_class": "pedestrian",
    "point_num_in_lidar": 127,
    "speed": 1.5562580446596441,
    "if_vehicle": false,
    "motion_state": true,
    "pose": [
      [
        0.7356275732441341,
        -0.6772745748703627,
        -0.012297305278632105,
        37.3522529240544
      ],
      [
        0.6766683534622169,
        0.7355624487530624,
        -0.03267756733802048,
        -34.867753172202356
      ],
      [
        0.031177121510470057,
        0.01571732224547557,
        0.9993902905650792,
        0.35827521798112016
      ],
      [
        0.0,
        0.0,
        0.0,
        1.0
      ]
    ],
    "location": [
      37.3522529240544,
      -34.867753172202356,
      0.35827521798112016
    ],
    "rotation": [
      0.01572561467491007,
      -0.03118217448172621,
      0.7436753185534214
    ]
  },
  {
    "label_id": "L1UCSHYGDwJLA62Yn_UZ4Q",
    "size": [
      0.7961601569301872,
      0.8415275557149793,
      1.600000000000005
    ],
    "obj_class": "pedestrian",
    "point_num_in_lidar": 35,
    "speed": 1.3788141459400027,
    "if_vehicle": false,
    "motion_state": true,
    "pose": [
      [
        0.6715597934949662,
        0.7408483110893098,
        -0.012297305278632105,
        50.67196767047241
      ],
      [
        -0.7407784957929803,
        0.6709540943787129,
        -0.03267756733802048,
        -38.020763134865774
      ],
      [
        -0.015958193246356497,
        0.031054519680051046,
        0.9993902905650792,
        0.2934815677626048
      ],
      [
        0.0,
        0.0,
        0.0,
        1.0
      ]
    ],
    "location": [
      50.67196767047241,
      -38.020763134865774,
      0.2934815677626048
    ],
    "rotation": [
      0.031063470154037317,
      0.015958870653361833,
      -0.8343689814404941
    ]
  },
  {
    "label_id": "LuGjsSla9JtMUjrFXNdg4A",
    "size": [
      0.6690978332700286,
      0.7656691073842301,
      1.5400000000000027
    ],
    "obj_class": "pedestrian",
    "point_num_in_lidar": 22,
    "speed": 1.263011999121469,
    "if_vehicle": false,
    "motion_state": true,
    "pose": [
      [
        0.7094918252942972,
        0.7046063625340397,
        -0.012297305278632105,
        49.27401033955758
      ],
      [
        -0.7045684113081706,
        0.7088832981383818,
        -0.03267756733802048,
        -61.93988909869586
      ],
      [
        -0.014307467534372493,
        0.031848759740366855,
        0.9993902905650792,
        0.40387084968205755
      ],
      [
        0.0,
        0.0,
        0.0,
        1.0
      ]
    ],
    "location": [
      49.27401033955758,
      -61.93988909869586,
      0.40387084968205755
    ],
    "rotation": [
      0.031857408397067924,
      0.014307955711093192,
      -0.7819164205664709
    ]
  },
  {
    "label_id": "MOsVL9KVPc8ke5LC8dllMQ",
    "size": [
      0.7632756742569855,
      0.887403375355105,
      1.720000000000006
    ],
    "obj_class": "pedestrian",
    "point_num_in_lidar": 112,
    "speed": 1.4074709796023845,
    "if_vehicle": false,
    "motion_state": true,
    "pose": [
      [
        0.7419905893117992,
        -0.6702975023492279,
        -0.012297305278632105,
        31.852033088307778
      ],
      [
        0.6696919229735855,
        0.7419197428946144,
        -0.03267756733802048,
        -40.1198809844318
      ],
      [
        0.031027305340143148,
        0.016011041426973453,
        0.9993902905650792,
        0.14531198130762846
      ],
      [
        0.0,
        0.0,
        0.0,
        1.0
      ]
    ],
    "location": [
      31.852033088307778,
      -40.1198809844318,
      0.14531198130762846
    ],
    "rotation": [
      0.016019439009215476,
      -0.031032285796481696,
      0.7342283333649767
    ]
  },
  {
    "label_id": "MSs5ysIlfn6HWkrilVdHNQ",
    "size": [
      2.7919716539132806,
      6.598391175076888,
      3.4099999999999753
    ],
    "obj_class": "vehicle",
    "point_num_in_lidar": 1082,
    "speed": 2.842257677890751e-13,
    "if_vehicle": true,
    "motion_state": false,
    "pose": [
      [
        0.727191582654623,
        0.6863243973509531,
        -0.012297305278632105,
        46.40458313547549
      ],
      [
        -0.6863019430655922,
        0.7265822868314793,
        -0.03267756733802048,
        -38.241047547966446
      ],
      [
        -0.013492407518948755,
        0.0322025164170341,
        0.9993902905650792,
        0.9128143456067903
      ],
      [
        0.0,
        0.0,
        0.0,
        1.0
      ]
    ],
    "location": [
      46.40458313547549,
      -38.241047547966446,
      0.9128143456067903
    ],
    "rotation": [
      0.03221101777132297,
      0.013492816923512377,
      -0.7564781587194679
    ]
  },
  {
    "label_id": "O8ilGM7P1-uAp4PIMof2xA",
    "size": [
      0.7819962013957955,
      0.8654287857100659,
      1.7400000000000055
    ],
    "obj_class": "pedestrian",
    "point_num_in_lidar": 70,
    "speed": 1.373010239371614,
    "if_vehicle": false,
    "motion_state": true,
    "pose": [
      [
        0.7264029063727258,
        0.6871590746662241,
        -0.012297305278632105,
        48.56520838956388
      ],
      [
        -0.6871359206609948,
        0.7257936367385953,
        -0.03267756733802048,
        -33.50032658733653
      ],
      [
        -0.013529381014074252,
        0.03218700007181071,
        0.9993902905650792,
        0.3027892797455465
      ],
      [
        0.0,
        0.0,
        0.0,
        1.0
      ]
    ],
    "location": [
      48.56520838956388,
      -33.50032658733653,
      0.3027892797455465
    ],
    "rotation": [
      0.032195508055346045,
      0.013529793793751793,
      -0.7576261000742593
    ]
  },
  {
    "label_id": "OLCvkJUNK6eYbjQ3PM1B4w",
    "size": [
      1.014126349486552,
      1.1026134838928923,
      1.7699999999999996
    ],
    "obj_class": "pedestrian",
    "point_num_in_lidar": 107,
    "speed": 1.4900597245392484,
    "if_vehicle": false,
    "motion_state": true,
    "pose": [
      [
        0.694378708781222,
        0.7195046803699106,
        -0.012297305278632105,
        10.620318017314858
      ],
      [
        -0.7194538233806963,
        0.693771124086155,
        -0.03267756733802048,
        -19.45248775275286
      ],
      [
        -0.014980147336421447,
        0.03153795031427758,
        0.9993902905650792,
        0.5261092566733687
      ],
      [
        0.0,
        0.0,
        0.0,
        1.0
      ]
    ],
    "location": [
      10.620318017314858,
      -19.45248775275286,
      0.5261092566733687
    ],
    "rotation": [
      0.03154672181028744,
      0.014980707662536239,
      -0.8031318662215775
    ]
  },
  {
    "label_id": "PWtl2vvw-GpvZVVx_QogYQ",
    "size": [
      2.3619672972857,
      5.560553804636791,
      3.0699999999999967
    ],
    "obj_class": "vehicle",
    "point_num_in_lidar": 38,
    "speed": 1.421101083945723e-12,
    "if_vehicle": true,
    "motion_state": false,
    "pose": [
      [
        0.7108810270786169,
        0.7032047650738261,
        -0.012297305278632105,
        69.40159518537953
      ],
      [
        -0.7031680148872099,
        0.7102724262087399,
        -0.03267756733802048,
        -61.62043904143138
      ],
      [
        -0.014244584207033253,
        0.031876934372920405,
        0.9993902905650792,
        1.3901606330006793
      ],
      [
        0.0,
        0.0,
        0.0,
        1.0
      ]
    ],
    "location": [
      69.40159518537953,
      -61.62043904143138,
      1.3901606330006793
    ],
    "rotation": [
      0.03188557159111111,
      0.014245065974798353,
      -0.7799436597198237
    ]
  },
  {
    "label_id": "QGz3Z8WOHWW2DZUn8xCVGw",
    "size": [
      0.74802885268107,
      0.7789012706482041,
      1.5800000000000054
    ],
    "obj_class": "pedestrian",
    "point_num_in_lidar": 20,
    "speed": 1.3156985086047668,
    "if_vehicle": false,
    "motion_state": true,
    "pose": [
      [
        0.6898506550616988,
        -0.7238472559828002,
        -0.012297305278632105,
        72.56926849651265
      ],
      [
        0.7232380764906319,
        0.689825239685386,
        -0.03267756733802048,
        -1.736540634134144
      ],
      [
        0.03213655901113605,
        0.013648761818220223,
        0.9993902905650792,
        -0.15987222608106677
      ],
      [
        0.0,
        0.0,
        0.0,
        1.0
      ]
    ],
    "location": [
      72.56926849651265,
      -1.736540634134144,
      -0.15987222608106677
    ],
    "rotation": [
      0.013656239680206414,
      -0.032142093133802625,
      0.8090210328941574
    ]
  },
  {
    "label_id": "RWMpVmsqV3fQquqbNkvvCg",
    "size": [
      0.7667422906230231,
      0.8408777034491768,
      1.8700000000000045
    ],
    "obj_class": "pedestrian",
    "point_num_in_lidar": 58,
    "speed": 1.6269723304837003,
    "if_vehicle": false,
    "motion_state": true,
    "pose": [
      [
        -0.6968032852506609,
        -0.7171568572821223,
        -0.012297305278632105,
        45.48677492729526
      ],
      [
        0.7171080513528383,
        -0.6961955323598424,
        -0.03267756733802048,
        -55.735665245847485
      ],
      [
        0.014873612500710913,
        -0.0315883329003832,
        0.9993902905650792,
        0.5128212982575704
      ],
      [
        0.0,
        0.0,
        0.0,
        1.0
      ]
    ],
    "location": [
      45.48677492729526,
      -55.735665245847485,
      0.5128212982575704
    ],
    "rotation": [
      -0.03159708489930691,
      -0.014874160956185281,
      2.341834770503683
    ]
  },
  {
    "label_id": "TKqe4rH2taY1WbBR8iZisQ",
    "size": [
      0.5727170316882098,
      0.778718401076449,
      1.8000000000000043
    ],
    "obj_class": "pedestrian",
    "point_num_in_lidar": 30,
    "speed": 1.5615771447392972,
    "if_vehicle": false,
    "motion_state": true,
    "pose": [
      [
        -0.5755202353714755,
        -0.8176950745607103,
        -0.012297305278632105,
        45.80913119488821
      ],
      [
        0.8175514218405788,
        -0.5749276904440394,
        -0.03267756733802048,
        -55.16193988354098
      ],
      [
        0.019650224538396037,
        -0.028860280661098116,
        0.9993902905650792,
        0.5461097794386625
      ],
      [
        0.0,
        0.0,
        0.0,
        1.0
      ]
    ],
    "location": [
      45.80913119488821,
      -55.16193988354098,
      0.5461097794386625
    ],
    "rotation": [
      -0.028869864393820097,
      -0.019651489352719015,
      2.184172398694322
    ]
  },
  {
    "label_id": "TUgaysJsmRIFmjy8Ssx5VQ",
    "size": [
      0.7719195621634249,
      0.94966798220545,
      1.7562431769673594
    ],
    "obj_class": "pedestrian",
    "point_num_in_lidar": 61,
    "speed": 6.661338147750939e-15,
    "if_vehicle": false,
    "motion_state": false,
    "pose": [
      [
        0.697633081623263,
        0.7163496769788579,
        -0.012297305278632105,
        16.973224814975183
      ],
      [
        -0.7163015746869921,
        0.6970252726363692,
        -0.03267756733802048,
        -27.458819530360415
      ],
      [
        -0.014837032242514642,
        0.031605531137465746,
        0.9993902905650792,
        0.2371090736234578
      ],
      [
        0.0,
        0.0,
        0.0,
        1.0
      ]
    ],
    "location": [
      16.973224814975183,
      -27.458819530360415,
      0.2371090736234578
    ],
    "rotation": [
      0.031614276444309156,
      0.014837576661042086,
      -0.7986006181915357
    ]
  },
  {
    "label_id": "Tiut5u-i-6xhzq8sb7ngiw",
    "size": [
      2.1181426631109774,
      4.7834013913174385,
      1.600000000000005
    ],
    "obj_class": "vehicle",
    "point_num_in_lidar": 268,
    "speed": 2.604979607476297,
    "if_vehicle": true,
    "motion_state": true,
    "pose": [
      [
        -0.7175693092905033,
        0.6963785340224339,
        -0.012297305278632105,
        48.770207007399605
      ],
      [
        -0.6957708101361748,
        -0.7175201435188564,
        -0.03267756733802048,
        -6.847293941951648
      ],
      [
        -0.031579520686689365,
        -0.014892313367831549,
        0.9993902905650792,
        0.013230881066249367
      ],
      [
        0.0,
        0.0,
        0.0,
        1.0
      ]
    ],
    "location": [
      48.770207007399605,
      -6.847293941951648,
      0.013230881066249367
    ],
    "rotation": [
      -0.014900296077990632,
      0.03158477190800041,
      -2.3716166597170325
    ]
  },
  {
    "label_id": "Tov0HyAq_t8HymrS0CT9vw",
    "size": [
      0.7490827386691318,
      0.9724051198497766,
      1.7400000000000055
    ],
    "obj_class": "pedestrian",
    "point_num_in_lidar": 53,
    "speed": 1.556298177468657,
    "if_vehicle": false,
    "motion_state": true,
    "pose": [
      [
        -0.641162732021316,
        -0.7673064103406451,
        -0.012297305278632105,
        44.552262431507785
      ],
      [
        0.7672122457632868,
        -0.6405603379414958,
        -0.03267756733802048,
        -53.26366007937213
      ],
      [
        0.017196540867750878,
        -0.03038628154991179,
        0.9993902905650792,
        0.4257640873094424
      ],
      [
        0.0,
        0.0,
        0.0,
        1.0
      ]
    ],
    "location": [
      44.552262431507785,
      -53.26366007937213,
      0.4257640873094424
    ],
    "rotation": [
      -0.030395455572594963,
      -0.017197388543654456,
      2.2669323535884187
    ]
  },
  {
    "label_id": "USoOrhvBXzxA1F9tKyPuhw",
    "size": [
      0.8762609952648053,
      1.1096432092129922,
      1.8000000000000043
    ],
    "obj_class": "pedestrian",
    "point_num_in_lidar": 157,
    "speed": 1.4959474319028798,
    "if_vehicle": false,
    "motion_state": true,
    "pose": [
      [
        0.9610259573556948,
        -0.2761845136343716,
        -0.012297305278632105,
        33.44154295150619
      ],
      [
        0.27567162496111225,
        0.96069627447189,
        -0.03267756733802048,
        -36.484794082185545
      ],
      [
        0.02083901340923098,
        0.028013972306272936,
        0.9993902905650792,
        0.3200785843246905
      ],
      [
        0.0,
        0.0,
        0.0,
        1.0
      ]
    ],
    "location": [
      33.44154295150619,
      -36.484794082185545,
      0.3200785843246905
    ],
    "rotation": [
      0.028023724855350485,
      -0.020840521977939116,
      0.2793506215629272
    ]
  },
  {
    "label_id": "Uph7Bupn-NZT69nwJN3_Xg",
    "size": [
      0.8816070097565544,
      0.7533489406365573,
      1.5200000000000031
    ],
    "obj_class": "pedestrian",
    "point_num_in_lidar": 37,
    "speed": 0.583671916274289,
    "if_vehicle": false,
    "motion_state": false,
    "pose": [
      [
        -0.9864411281952135,
        0.16365413801012973,
        -0.012297305278632105,
        42.889458092241384
      ],
      [
        -0.16318263618030274,
        -0.9860545643330881,
        -0.03267756733802048,
        -53.187288545850606
      ],
      [
        -0.017473633113964274,
        -0.030227789698310838,
        0.9993902905650792,
        0.3773942516235458
      ],
      [
        0.0,
        0.0,
        0.0,
        1.0
      ]
    ],
    "location": [
      42.889458092241384,
      -53.187288545850606,
      0.3773942516235458
    ],
    "rotation": [
      -0.030237012738363333,
      0.017474522433977367,
      -2.977651722570604
    ]
  },
  {
    "label_id": "UqcFa0VqEE65siIegDRVag",
    "size": [
      0.8713121763829293,
      1.0622914136234558,
      1.7500000000000036
    ],
    "obj_class": "pedestrian",
    "point_num_in_lidar": 56,
    "speed": 1.4599141003745568,
    "if_vehicle": false,
    "motion_state": true,
    "pose": [
      [
        0.6845224814848002,
        0.7288880220066561,
        -0.012297305278632105,
        37.895749551606315
      ],
      [
        -0.7288289009538694,
        0.6839156451838516,
        -0.03267756733802048,
        -47.884512187758446
      ],
      [
        -0.015407967947340598,
        0.031331160974028084,
        0.9993902905650792,
        0.4081936205783734
      ],
      [
        0.0,
        0.0,
        0.0,
        1.0
      ]
    ],
    "location": [
      37.895749551606315,
      -47.884512187758446,
      0.4081936205783734
    ],
    "rotation": [
      0.031340010819342214,
      0.01540857766847566,
      -0.8167363818066379
    ]
  },
  {
    "label_id": "Wpqa9KCQJuuTRKatLAsU9w",
    "size": [
      0.7462867831464655,
      1.0096800683498657,
      1.7500000000000036
    ],
    "obj_class": "pedestrian",
    "point_num_in_lidar": 105,
    "speed": 1.3463996914797205,
    "if_vehicle": false,
    "motion_state": true,
    "pose": [
      [
        -0.6246256623163244,
        0.7808274830324413,
        -0.012297305278632105,
        40.38557005970935
      ],
      [
        -0.7802183893367731,
        -0.6246530569312863,
        -0.03267756733802048,
        -32.676965753946206
      ],
      [
        -0.03319709199048443,
        -0.010816663423720391,
        0.9993902905650792,
        0.17853115450827062
      ],
      [
        0.0,
        0.0,
        0.0,
        1.0
      ]
    ],
    "location": [
      40.38557005970935,
      -32.676965753946206,
      0.17853115450827062
    ],
    "rotation": [
      -0.010822839875483353,
      0.033203192475139566,
      -2.2458895966709944
    ]
  },
  {
    "label_id": "Xy98zdoatT6_n9amwOgVzw",
    "size": [
      0.7448026040421801,
      0.9925613864265626,
      1.730000000000004
    ],
    "obj_class": "pedestrian",
    "point_num_in_lidar": 68,
    "speed": 1.7180654095037136,
    "if_vehicle": false,
    "motion_state": true,
    "pose": [
      [
        -0.6266106096829652,
        0.7792354715460705,
        -0.012297305278632105,
        49.45803512859325
      ],
      [
        -0.778626310111486,
        -0.6266364542500232,
        -0.03267756733802048,
        -22.47593286362644
      ],
      [
        -0.03316945937025297,
        -0.010901104959217348,
        0.9993902905650792,
        0.18325121636303265
      ],
      [
        0.0,
        0.0,
        0.0,
        1.0
      ]
    ],
    "location": [
      49.45803512859325,
      -22.47593286362644,
      0.18325121636303265
    ],
    "rotation": [
      -0.010907322953129083,
      0.03317554462878103,
      -2.2484355488204915
    ]
  },
  {
    "label_id": "Y4WRE-DC5UX_A82GcFlyAw",
    "size": [
      0.8315503518930646,
      0.9516061533592971,
      1.740000000000002
    ],
    "obj_class": "pedestrian",
    "point_num_in_lidar": 110,
    "speed": 1.480804805976923,
    "if_vehicle": false,
    "motion_state": true,
    "pose": [
      [
        0.7166414638732423,
        -0.6973333410503906,
        -0.012297305278632105,
        38.385537101362814
      ],
      [
        0.6967255522399172,
        0.7165931073132449,
        -0.03267756733802048,
        -33.81605809563371
      ],
      [
        0.031599321410415486,
        0.014850252881617643,
        0.9993902905650792,
        0.27651864448615626
      ],
      [
        0.0,
        0.0,
        0.0,
        1.0
      ]
    ],
    "location": [
      38.385537101362814,
      -33.81605809563371,
      0.27651864448615626
    ],
    "rotation": [
      0.014858219248323867,
      -0.03160458251861418,
      0.7713079848384423
    ]
  },
  {
    "label_id": "_CuXoK6hvB75S9LCO7CUjQ",
    "size": [
      0.9248528456290181,
      0.9846531429257308,
      1.8000000000000007
    ],
    "obj_class": "pedestrian",
    "point_num_in_lidar": 1096,
    "speed": 1.2132004854293592,
    "if_vehicle": false,
    "motion_state": true,
    "pose": [
      [
        0.871467908901666,
        -0.4902983377877614,
        -0.012297305278632105,
        18.889010307443854
      ],
      [
        0.48972326012514134,
        0.8712653471160623,
        -0.03267756733802048,
        -21.805555584074682
      ],
      [
        0.026735972900958666,
        0.022455174844252263,
        0.9993902905650792,
        0.23784294147826657
      ],
      [
        0.0,
        0.0,
        0.0,
        1.0
      ]
    ],
    "location": [
      18.889010307443854,
      -21.805555584074682,
      0.23784294147826657
    ],
    "rotation": [
      0.02246509433443832,
      -0.026739159126107845,
      0.51197318766156
    ]
  },
  {
    "label_id": "_hHL2rZg7Bbfjm__kmk14Q",
    "size": [
      1.9780500620660826,
      4.596211258606762,
      1.5200000000000031
    ],
    "obj_class": "vehicle",
    "point_num_in_lidar": 1380,
    "speed": 7.207412541608749,
    "if_vehicle": true,
    "motion_state": true,
    "pose": [
      [
        -0.7129053776125981,
        0.7011524077216903,
        -0.012297305278632105,
        32.28741887658521
      ],
      [
        -0.7005443692173321,
        -0.7128602691627298,
        -0.03267756733802048,
        -23.45292977374993
      ],
      [
        -0.03167821536844266,
        -0.014681205513080291,
        0.9993902905650792,
        0.1843058231319823
      ],
      [
        0.0,
        0.0,
        0.0,
        1.0
      ]
    ],
    "location": [
      32.28741887658521,
      -23.45292977374993,
      0.1843058231319823
    ],
    "rotation": [
      -0.014689105663822267,
      0.03168351599321793,
      -2.364939543431582
    ]
  },
  {
    "label_id": "b20vDrWY4biX5nUcRQMbAQ",
    "size": [
      0.6550561708434918,
      0.8091149731180987,
      1.6320307118407769
    ],
    "obj_class": "pedestrian",
    "point_num_in_lidar": 46,
    "speed": 1.2846549548299753,
    "if_vehicle": false,
    "motion_state": true,
    "pose": [
      [
        0.6196282867061256,
        0.7847990587382961,
        -0.012297305278632105,
        40.00899861393536
      ],
      [
        -0.7846882179784754,
        0.6190287369408901,
        -0.03267756733802048,
        -52.20674177359615
      ],
      [
        -0.018032938734327583,
        0.029897495628408804,
        0.9993902905650792,
        0.3944243997084307
      ],
      [
        0.0,
        0.0,
        0.0,
        1.0
      ]
    ],
    "location": [
      40.00899861393536,
      -52.20674177359615,
      0.3944243997084307
    ],
    "rotation": [
      0.029906815948887028,
      0.01803391622321985,
      -0.9023988997142112
    ]
  },
  {
    "label_id": "cRHbXSVzCHNJres5pwPUzA",
    "size": [
      2.903487755108474,
      6.717178148575322,
      3.4999999999999716
    ],
    "obj_class": "vehicle",
    "point_num_in_lidar": 32,
    "speed": 2.8421709430404007e-13,
    "if_vehicle": true,
    "motion_state": false,
    "pose": [
      [
        0.7304412357991854,
        0.6828648309343828,
        -0.012297305278632105,
        55.09543175114905
      ],
      [
        -0.6828452691084089,
        0.7298318402544067,
        -0.03267756733802048,
        -60.082281323087955
      ],
      [
        -0.01333939655394996,
        0.03226619940159057,
        0.9993902905650792,
        1.375797148395037
      ],
      [
        0.0,
        0.0,
        0.0,
        1.0
      ]
    ],
    "location": [
      55.09543175114905,
      -60.082281323087955,
      1.375797148395037
    ],
    "rotation": [
      0.03227467338532516,
      0.013339792186556638,
      -0.7517333794228407
    ]
  },
  {
    "label_id": "culUsWFICYC98uNAg8zqKg",
    "size": [
      3.080183397473005,
      11.429831044020531,
      2.779999999999987
    ],
    "obj_class": "vehicle",
    "point_num_in_lidar": 459,
    "speed": 0.10964436460673374,
    "if_vehicle": true,
    "motion_state": false,
    "pose": [
      [
        0.6831928371705308,
        -0.7301344557831557,
        -0.012297305278632105,
        8.202063231053785
      ],
      [
        0.7295250690859698,
        0.6831730016386628,
        -0.03267756733802048,
        -53.694600095368514
      ],
      [
        0.03226020480393307,
        0.013353887458527931,
        0.9993902905650792,
        1.0182050868180248
      ],
      [
        0.0,
        0.0,
        0.0,
        1.0
      ]
    ],
    "location": [
      8.202063231053785,
      -53.694600095368514,
      1.0182050868180248
    ],
    "rotation": [
      0.013361239265298778,
      -0.03226580307056808,
      0.8181829328065384
    ]
  },
  {
    "label_id": "dWGM_6Sr_Eaoh5yFictcbQ",
    "size": [
      1.000000000000501,
      1.0,
      1.9100000000000001
    ],
    "obj_class": "pedestrian",
    "point_num_in_lidar": 735,
    "speed": 1.3925177735415801,
    "if_vehicle": false,
    "motion_state": true,
    "pose": [
      [
        0.768020631973984,
        -0.6403070241260567,
        -0.012297305278632105,
        19.890501258381505
      ],
      [
        0.639704735384893,
        0.7679257959718591,
        -0.03267756733802048,
        -22.203910522272054
      ],
      [
        0.03036709384228922,
        0.017230401499104302,
        0.9993902905650792,
        0.3206757780160565
      ],
      [
        0.0,
        0.0,
        0.0,
        1.0
      ]
    ],
    "location": [
      19.890501258381505,
      -22.203910522272054,
      0.3206757780160565
    ],
    "rotation": [
      0.017239205469324413,
      -0.030371763001962346,
      0.6944981286132467
    ]
  },
  {
    "label_id": "fQ2n6--00V_n1eOOacR5TA",
    "size": [
      0.761825567702371,
      0.9345899953471253,
      1.850000000000005
    ],
    "obj_class": "pedestrian",
    "point_num_in_lidar": 918,
    "speed": 0.295242870111148,
    "if_vehicle": false,
    "motion_state": false,
    "pose": [
      [
        0.950873207721704,
        0.30933625574756224,
        -0.012297305278632105,
        16.7278882412741
      ],
      [
        -0.30957657044888665,
        0.950312855654376,
        -0.03267756733802048,
        -25.861615390516818
      ],
      [
        0.001577930968908417,
        0.034879180869167435,
        0.9993902905650792,
        0.37103837979566023
      ],
      [
        0.0,
        0.0,
        0.0,
        1.0
      ]
    ],
    "location": [
      16.7278882412741,
      -25.861615390516818,
      0.37103837979566023
    ],
    "rotation": [
      0.03488630027913041,
      -0.0015779316237152995,
      -0.31474810006196025
    ]
  },
  {
    "label_id": "hGZX2N3Zly2psnSENmTj-A",
    "size": [
      2.1384752959998186,
      4.888177290087686,
      1.5899999999999999
    ],
    "obj_class": "vehicle",
    "point_num_in_lidar": 40,
    "speed": 1.123446068597883,
    "if_vehicle": true,
    "motion_state": true,
    "pose": [
      [
        0.7499897311528503,
        -0.6613351491098591,
        -0.012297305278632105,
        25.79241016925279
      ],
      [
        0.6607304645571704,
        0.7499116146579776,
        -0.03267756733802048,
        -39.55486321554963
      ],
      [
        0.030832715925478305,
        0.016382635713019206,
        0.9993902905650792,
        0.18078120263368902
      ],
      [
        0.0,
        0.0,
        0.0,
        1.0
      ]
    ],
    "location": [
      25.79241016925279,
      -39.55486321554963,
      0.18078120263368902
    ],
    "rotation": [
      0.016391162357721648,
      -0.030837603236176035,
      0.7222102684652956
    ]
  },
  {
    "label_id": "hgO3zRhEBlBJHykxs4_HqQ",
    "size": [
      0.7656421592383298,
      1.0828474020012604,
      1.8984507849923276
    ],
    "obj_class": "pedestrian",
    "point_num_in_lidar": 924,
    "speed": 1.4167748801279036,
    "if_vehicle": false,
    "motion_state": true,
    "pose": [
      [
        0.8676804531211635,
        -0.496970228036184,
        -0.012297305278632105,
        19.75315430352829
      ],
      [
        0.4963936131487457,
        0.8674823095706349,
        -0.03267756733802048,
        -23.441290491682594
      ],
      [
        0.02690747287624673,
        0.022249382635497608,
        0.9993902905650792,
        0.27756732065852674
