[
  {
    "label_id": "0OCxtJR_yEaJVNaM9OqfbQ",
    "size": [
      2.915222912169123,
      7.801972595825992,
      3.8199999999999648
    ],
    "obj_class": "vehicle",
    "point_num_in_lidar": 887,
    "speed": 1.1368770508004532e-12,
    "if_vehicle": true,
    "motion_state": false,
    "pose": [
      [
        0.6970801960321,
        0.7168844013160687,
        -0.012488212424150663,
        40.21374885361075
      ],
      [
        -0.716843196324518,
        0.696472446290702,
        -0.03258778054875345,
        -45.256889121268614
      ],
      [
        -0.014663975692066395,
        0.031668386563683835,
        0.999390855025878,
        1.345102466220908
      ],
      [
        0.0,
        0.0,
        0.0,
        1.0
      ]
    ],
    "location": [
      40.21374885361075,
      -45.256889121268614,
      1.345102466220908
    ],
    "rotation": [
      0.031677089374081174,
      0.014664501280710621,
      -0.7993746726829852
    ]
  },
  {
    "label_id": "0Z5F5evo2eZXjutwBoKeDA",
    "size": [
      0.4309655212578014,
      0.06846260875542805,
      0.5654867157886976
    ],
    "obj_class": "sign",
    "point_num_in_lidar": 21,
    "speed": 0.004342793745852437,
    "if_vehicle": false,
    "motion_state": false,
    "pose": [
      [
        -0.8182051732594484,
        0.5747906914711871,
        -0.012488212424150663,
        47.35347232215631
      ],
      [
        -0.5741971304469576,
        -0.8180682685114891,
        -0.03258778054875345,
        -23.4537346097477
      ],
      [
        -0.028947363229757897,
        -0.019492794891674346,
        0.999390855025878,
        1.8824042427470609
      ],
      [
        0.0,
        0.0,
        0.0,
        1.0
      ]
    ],
    "location": [
      47.35347232215631,
      -23.4537346097477,
      1.8824042427470609
    ],
    "rotation": [
      -0.01950220322799587,
      0.028951407494665845,
      -2.529675428601019
    ]
  },
  {
    "label_id": "0zDrRxGQLSyidFtDJd4m_A",
    "size": [
      2.865208318893281,
      5.711556680080511,
      2.489999999999995
    ],
    "obj_class": "vehicle",
    "point_num_in_lidar": 2219,
    "speed": 3.7402439959968623,
    "if_vehicle": true,
    "motion_state": true,
    "pose": [
      [
        -0.7006200895467445,
        0.7134252130910157,
        -0.012488212424150663,
        36.65769991493363
      ],
      [
        -0.7128166748112894,
        -0.7005929093773949,
        -0.03258778054875345,
        -14.569322415532952
      ],
      [
        -0.03199809735731633,
        -0.013929847671677192,
        0.999390855025878,
        0.5179564986236613
      ],
      [
        0.0,
        0.0,
        0.0,
        1.0
      ]
    ],
    "location": [
      36.65769991493363,
      -14.569322415532952,
      0.5179564986236613
    ],
    "rotation": [
      -0.013937435611410538,
      0.03200356023392322,
      -2.3475656764626667
    ]
  },
  {
    "label_id": "1SW0MBgHGBrWD6fZmv_sBg",
    "size": [
      1.982953798662083,
      4.787881978925732,
      1.5400000000000027
    ],
    "obj_class": "vehicle",
    "point_num_in_lidar": 736,
    "speed": 0.47687704893278626,
    "if_vehicle": true,
    "motion_state": false,
    "pose": [
      [
        0.7021415264080434,
        -0.7119278906208356,
        -0.012488212424150663,
        14.543528907410845
      ],
      [
        0.7113194117525322,
        0.7021130471818181,
        -0.03258778054875345,
        -45.135594352219414
      ],
      [
        0.031968286745063,
        0.013998126061364578,
        0.999390855025878,
        0.35999280704182723
      ],
      [
        0.0,
        0.0,
        0.0,
        1.0
      ]
    ],
    "location": [
      14.543528907410845,
      -45.135594352219414,
      0.35999280704182723
    ],
    "rotation": [
      0.014005742282300483,
      -0.03197373436295749,
      0.7918912726974866
    ]
  },
  {
    "label_id": "3x3ZXLKl-lWgN_FV9ytvUQ",
    "size": [
      2.060710454259924,
      4.694385415658241,
      1.5400000000000027
    ],
    "obj_class": "vehicle",
    "point_num_in_lidar": 1119,
    "speed": 3.961689650122021,
    "if_vehicle": true,
    "motion_state": true,
    "pose": [
      [
        0.7163653470669895,
        -0.6976135994030227,
        -0.012488212424150663,
        21.951016169864843
      ],
      [
        0.6970058191599874,
        0.7163245944514409,
        -0.03258778054875345,
        -37.74600444290991
      ],
      [
        0.03167929258532488,
        0.014640399992411592,
        0.999390855025878,
        0.2742577363470815
      ],
      [
        0.0,
        0.0,
        0.0,
        1.0
      ]
    ],
    "location": [
      21.951016169864843,
      -37.74600444290991,
      0.2742577363470815
    ],
    "rotation": [
      0.014648275761106604,
      -0.03168459375102429,
      0.7717016074136258
    ]
  },
  {
    "label_id": "6L39DYBXXN-_o2M2SgAr0A",
    "size": [
      0.8004371481686435,
      0.11463204214808968,
      0.823380178590412
    ],
    "obj_class": "sign",
    "point_num_in_lidar": 209,
    "speed": 0.0022773005236894177,
    "if_vehicle": false,
    "motion_state": false,
    "pose": [
      [
        0.7166835391819916,
        -0.6972867051765896,
        -0.012488212424150663,
        34.23962520437257
      ],
      [
        0.696678943589045,
        0.7166425092879701,
        -0.03258778054875345,
        -11.306246771748192
      ],
      [
        0.03167261001602259,
        0.014654851258793813,
        0.999390855025878,
        2.147510417549455
      ],
      [
        0.0,
        0.0,
        0.0,
        1.0
      ]
    ],
    "location": [
      34.23962520437257,
      -11.306246771748192,
      2.147510417549455
    ],
    "rotation": [
      0.014662732730202877,
      -0.03167790782666597,
      0.7712452053719574
    ]
  },
  {
    "label_id": "8VYrq0XdeiBiUdSAYPjqcQ",
    "size": [
      0.6882489019013202,
      1.004909005980474,
      1.860000000000003
    ],
    "obj_class": "pedestrian",
    "point_num_in_lidar": 34,
    "speed": 1.308563892977236,
    "if_vehicle": false,
    "motion_state": true,
    "pose": [
      [
        -0.31704685995772136,
        0.9483276507312219,
        -0.012488212424150663,
        48.871163016640736
      ],
      [
        -0.9477687650315857,
        -0.3172891498135558,
        -0.03258778054875345,
        -24.615071749278286
      ],
      [
        -0.03486626767309382,
        0.00150408417071579,
        0.999390855025878,
        0.28176966014588345
      ],
      [
        0.0,
        0.0,
        0.0,
        1.0
      ]
    ],
    "location": [
      48.871163016640736,
      -24.615071749278286,
      0.28176966014588345
    ],
    "rotation": [
      0.001504999798182958,
      0.03487333577521058,
      -1.893613791564138
    ]
  },
  {
    "label_id": "9LV2zL8g-0uZ1xiZVzZYIA",
    "size": [
      0.9101829416504272,
      0.9486508881338631,
      1.7600000000000051
    ],
    "obj_class": "pedestrian",
    "point_num_in_lidar": 44,
    "speed": 1.5507953924937428,
    "if_vehicle": false,
    "motion_state": true,
    "pose": [
      [
        -0.6981633514150711,
        0.7158295741943924,
        -0.012488212424150663,
        15.46218316393869
      ],
      [
        -0.7152209460712189,
        -0.698138263426305,
        -0.03258778054875345,
        -55.476015246305906
      ],
      [
        -0.03204579600924984,
        -0.013819762978357188,
        0.999390855025878,
        0.4713867558809923
      ],
      [
        0.0,
        0.0,
        0.0,
        1.0
      ]
    ],
    "location": [
      15.46218316393869,
      -55.476015246305906,
      0.4713867558809923
    ],
    "rotation": [
      -0.013827305046903894,
      0.03205128335990448,
      -2.344126458444773
    ]
  },
  {
    "label_id": "C8em1kIenRlg8YGuTTTf7g",
    "size": [
      0.7852210358379096,
      1.2072036134509911,
      1.970000000000006
    ],
    "obj_class": "pedestrian",
    "point_num_in_lidar": 105,
    "speed": 1.8169903042466669,
    "if_vehicle": false,
    "motion_state": true,
    "pose": [
      [
        0.9017352341951486,
        0.4321083335940998,
        -0.012488212424150663,
        42.32398243787151
      ],
      [
        -0.43227950630881695,
        0.9011506339032958,
        -0.03258778054875345,
        -39.33738536424244
      ],
      [
        -0.002827691006109686,
        0.034783948226421786,
        0.999390855025878,
        0.4894703278980437
      ],
      [
        0.0,
        0.0,
        0.0,
        1.0
      ]
    ],
    "location": [
      42.32398243787151,
      -39.33738536424244,
      0.4894703278980437
    ],
    "rotation": [
      0.034791105513459125,
      0.002827694774415703,
      -0.44702106477819575
    ]
  },
  {
    "label_id": "CMZjVTrjReWzAq0DwIC4fA",
    "size": [
      2.1784127462929512,
      4.939794431315422,
      1.860000000000003
    ],
    "obj_class": "vehicle",
    "point_num_in_lidar": 62,
    "speed": 0.24470012741226538,
    "if_vehicle": true,
    "motion_state": false,
    "pose": [
      [
        -0.724258175115148,
        0.6894157964025228,
        -0.012488212424150663,
        56.35762009724179
      ],
      [
        -0.6888085193064256,
        -0.7242105082707622,
        -0.03258778054875345,
        0.8125379299035558
      ],
      [
        -0.03151062534709691,
        -0.014999979362629763,
        0.999390855025878,
        0.12133859844517048
      ],
      [
        0.0,
        0.0,
        0.0,
        1.0
      ]
    ],
    "location": [
      56.35762009724179,
      0.8125379299035558,
      0.12133859844517048
    ],
    "rotation": [
      -0.015007995192512544,
      0.03151584226420235,
      -2.3812762658067457
    ]
  },
  {
    "label_id": "FiBHFnlgGD3tCo4uGN8GOA",
    "size": [
      0.7792066223385538,
      0.8530859308161094,
      1.6800000000000033
    ],
    "obj_class": "pedestrian",
    "point_num_in_lidar": 27,
    "speed": 1.3542657311478945,
    "if_vehicle": false,
    "motion_state": true,
    "pose": [
      [
        0.7304697623162152,
        0.6828308508643567,
        -0.012488212424150663,
        47.04049947225451
      ],
      [
        -0.6828186714341079,
        0.7298607391138847,
        -0.03258778054875345,
        -58.45202494575824
      ],
      [
        -0.01313728596978445,
        0.032331572927906393,
        0.999390855025878,
        0.47624180477593825
      ],
      [
        0.0,
        0.0,
        0.0,
        1.0
      ]
    ],
    "location": [
      47.04049947225451,
      -58.45202494575824,
      0.47624180477593825
    ],
    "rotation": [
      0.032340000289274605,
      0.013137663889406915,
      -0.7516944653673182
    ]
  },
  {
    "label_id": "G8ZifmyoUj0ZKarCYDaXdw",
    "size": [
      0.919111521977474,
      1.1134257866036492,
      1.944807819718985
    ],
    "obj_class": "pedestrian",
    "point_num_in_lidar": 915,
    "speed": 0.7804003380223957,
    "if_vehicle": false,
    "motion_state": false,
    "pose": [
      [
        0.5436307088301406,
        0.839231611039103,
        -0.012488212424150663,
        15.32892992020544
      ],
      [
        -0.8390724929015643,
        0.5430427130667168,
        -0.03258778054875345,
        -26.83454004600935
      ],
      [
        -0.020567062813954845,
        0.028194233769536295,
        0.999390855025878,
        0.3911241566793855
      ],
      [
        0.0,
        0.0,
        0.0,
        1.0
      ]
    ],
    "location": [
      15.32892992020544,
      -26.83454004600935,
      0.3911241566793855
    ],
    "rotation": [
      0.02820393784515212,
      0.020568513081922257,
      -0.9959024565799222
    ]
  },
  {
    "label_id": "HqTH657HXv5vkMKImjfSNA",
    "size": [
      0.7927238927761312,
      1.8324840737910788,
      1.7400000000000055
    ],
    "obj_class": "cyclist",
    "point_num_in_lidar": 1720,
    "speed": 0.9759903259851087,
    "if_vehicle": false,
    "motion_state": false,
    "pose": [
      [
        0.7457527455859532,
        0.6661057626244212,
        -0.012488212424150663,
        18.783439642718918
      ],
      [
        -0.6661073845920084,
        0.7451436027712379,
        -0.03258778054875345,
        -18.570461423438246
      ],
      [
        -0.012401396816760534,
        0.03262091733286583,
        0.999390855025878,
        0.26750184973670343
      ],
      [
        0.0,
        0.0,
        0.0,
        1.0
      ]
    ],
    "location": [
      18.783439642718918,
      -18.570461423438246,
      0.26750184973670343
    ],
    "rotation": [
      0.03262921564306467,
      0.01240171471682816,
      -0.7290462374697511
    ]
  },
  {
    "label_id": "JbaK1eVynVrY5IGp30MGEQ",
    "size": [
      0.7579103994438934,
      1.0900382483025783,
      1.8400000000000034
    ],
    "obj_class": "pedestrian",
    "point_num_in_lidar": 130,
    "speed": 1.536602040709694,
    "if_vehicle": false,
    "motion_state": true,
    "pose": [
      [
        0.7381941644551492,
        -0.6744726978275796,
        -0.012488212424150663,
        36.69424197809053
      ],
      [
        0.6738665215251113,
        0.7381340987426017,
        -0.03258778054875345,
        -35.431107465106834
      ],
      [
        0.03119754368553748,
        0.015640721167305728,
        0.999390855025878,
        0.38577534019081483
      ],
      [
        0.0,
        0.0,
        0.0,
        1.0
      ]
    ],
    "location": [
      36.69424197809053,
      -35.431107465106834,
      0.38577534019081483
    ],
    "rotation": [
      0.015648976887523067,
      -0.03120260659585638,
      0.7398737759588428
    ]
  },
  {
    "label_id": "L1UCSHYGDwJLA62Yn_UZ4Q",
    "size": [
      0.7961601569312432,
      0.8415275557149793,
      1.600000000000005
    ],
    "obj_class": "pedestrian",
    "point_num_in_lidar": 22,
    "speed": 1.4271742734052908,
    "if_vehicle": false,
    "motion_state": true,
    "pose": [
      [
        0.6599290954996694,
        0.7512240900446668,
        -0.012488212424150663,
        50.093611263646864
      ],
      [
        -0.7511521987522071,
        0.6593242077071271,
        -0.03258778054875345,
        -37.367460334420684
      ],
      [
        -0.016246945027081166,
        0.030886172762765986,
        0.999390855025878,
        0.26075469703009446
      ],
      [
        0.0,
        0.0,
        0.0,
        1.0
      ]
    ],
    "location": [
      50.093611263646864,
      -37.367460334420684,
      0.26075469703009446
    ],
    "rotation": [
      0.030895164705713008,
      0.016247659877991646,
      -0.8499559871307575
    ]
  },
  {
    "label_id": "LuGjsSla9JtMUjrFXNdg4A",
    "size": [
      0.6690978332685533,
      0.7656691073842301,
      1.5400000000000027
    ],
    "obj_class": "pedestrian",
    "point_num_in_lidar": 28,
    "speed": 1.3066579314209172,
    "if_vehicle": false,
    "motion_state": true,
    "pose": [
      [
        0.7042166994276796,
        0.7098752600264603,
        -0.012488212424150663,
        48.73585750148328
      ],
      [
        -0.7098401367465244,
        0.7036085679002082,
        -0.03258778054875345,
        -61.397660512338916
      ],
      [
        -0.014346445931341344,
        0.03181349367459545,
        0.999390855025878,
        0.4138288390951246
      ],
      [
        0.0,
        0.0,
        0.0,
        1.0
      ]
    ],
    "location": [
      48.73585750148328,
      -61.397660512338916,
      0.4138288390951246
    ],
    "rotation": [
      0.031822138616417715,
      0.014346938109066266,
      -0.789374953813737
    ]
  },
  {
    "label_id": "MOsVL9KVPc8ke5LC8dllMQ",
    "size": [
      0.7632756742575972,
      0.887403375355105,
      1.720000000000006
    ],
    "obj_class": "pedestrian",
    "point_num_in_lidar": 136,
    "speed": 1.3552349492022515,
    "if_vehicle": false,
    "motion_state": true,
    "pose": [
      [
        0.7564799942130097,
        -0.6538975935924021,
        -0.012488212424150663,
        31.22960787645063
      ],
      [
        0.6532933003468746,
        0.7564032656465693,
        -0.03258778054875345,
        -40.598110009308584
      ],
      [
        0.030755195941062793,
        0.016493538530929608,
        0.999390855025878,
        0.22365645382316046
      ],
      [
        0.0,
        0.0,
        0.0,
        1.0
      ]
    ],
    "location": [
      31.22960787645063,
      -40.598110009308584,
      0.22365645382316046
    ],
    "rotation": [
      0.016502093502600297,
      -0.03076004647073077,
      0.7123346320171994
    ]
  },
  {
    "label_id": "MSs5ysIlfn6HWkrilVdHNQ",
    "size": [
      2.791971653913281,
      6.598391175076888,
      3.4099999999999753
    ],
    "obj_class": "vehicle",
    "point_num_in_lidar": 1167,
    "speed": 2.842257677890751e-13,
    "if_vehicle": true,
    "motion_state": false,
    "pose": [
      [
        0.7271898619543786,
        0.6863227733517381,
        -0.012488212424150663,
        46.40458313547509
      ],
      [
        -0.6863076761652533,
        0.7265809040950334,
        -0.03258778054875345,
        -38.24104754797008
      ],
      [
        -0.013292039249928073,
        0.0322682596869245,
        0.999390855025878,
        0.9128143456065843
      ],
      [
        0.0,
        0.0,
        0.0,
        1.0
      ]
    ],
    "location": [
      46.40458313547509,
      -38.24104754797008,
      0.9128143456065843
    ],
    "rotation": [
      0.03227671456339804,
      0.013292430683549373,
      -0.756483509660959
    ]
  },
  {
    "label_id": "O8ilGM7P1-uAp4PIMof2xA",
    "size": [
      0.7819962013977133,
      0.8654287857100659,
      1.7400000000000055
    ],
    "obj_class": "pedestrian",
    "point_num_in_lidar": 84,
    "speed": 1.3927182514508283,
    "if_vehicle": false,
    "motion_state": true,
    "pose": [
      [
        0.7101723709600425,
        0.7039170747150839,
        -0.012488212424150663,
        47.958619327386714
      ],
      [
        -0.7038870761602491,
        0.709563965103557,
        -0.03258778054875345,
        -32.93912532813738
      ],
      [
        -0.014077909630599794,
        0.03193323270633731,
        0.999390855025878,
        0.3123555002922025
      ],
      [
        0.0,
        0.0,
        0.0,
        1.0
      ]
    ],
    "location": [
      47.958619327386714,
      -32.93912532813738,
      0.3123555002922025
    ],
    "rotation": [
      0.0319418288879334,
      0.014078374683121737,
      -0.7809533337117468
    ]
  },
  {
    "label_id": "PWtl2vvw-GpvZVVx_QogYQ",
    "size": [
      2.3619672972857,
      5.560553804636791,
      3.0699999999999967
    ],
    "obj_class": "vehicle",
    "point_num_in_lidar": 39,
    "speed": 1.421101083945723e-12,
    "if_vehicle": true,
    "motion_state": false,
    "pose": [
      [
        0.7108793449728487,
        0.7032031011318303,
        -0.012488212424150663,
        69.40159518538104
      ],
      [
        -0.7031737139500454,
        0.7102709092794143,
        -0.03258778054875345,
        -61.6204390414332
      ],
      [
        -0.014045814347110993,
        0.03194736280150391,
        0.999390855025878,
        1.3901606330005798
      ],
      [
        0.0,
        0.0,
        0.0,
        1.0
      ]
    ],
    "location": [
      69.40159518538104,
      -61.6204390414332,
      1.3901606330005798
    ],
    "rotation": [
      0.03195595316870591,
      0.014046276225965004,
      -0.7799488949259862
    ]
  },
  {
    "label_id": "RWMpVmsqV3fQquqbNkvvCg",
    "size": [
      0.7667422906209695,
      0.8408777034491768,
      1.8700000000000045
    ],
    "obj_class": "pedestrian",
    "point_num_in_lidar": 42,
    "speed": 1.6483183550783285,
    "if_vehicle": false,
    "motion_state": true,
    "pose": [
      [
        -0.6985412886093598,
        -0.7154607694754649,
        -0.012488212424150663,
        46.20252177081136
      ],
      [
        0.7154208044631352,
        -0.6979334560688624,
        -0.03258778054875345,
        -56.45752315612481
      ],
      [
        0.014599337289599154,
        -0.031698237196237655,
        0.999390855025878,
        0.5313282401103336
      ],
      [
        0.0,
        0.0,
        0.0,
        1.0
      ]
    ],
    "location": [
      46.20252177081136,
      -56.45752315612481,
      0.5313282401103336
    ],
    "rotation": [
      -0.03170692821136638,
      -0.014599855958052759,
      2.344257314384435
    ]
  },
  {
    "label_id": "TKqe4rH2taY1WbBR8iZisQ",
    "size": [
      0.5727170316891509,
      0.778718401076449,
      1.8000000000000043
    ],
    "obj_class": "pedestrian",
    "point_num_in_lidar": 31,
    "speed": 1.6132038677153648,
    "if_vehicle": false,
    "motion_state": true,
    "pose": [
      [
        -0.7110122668148537,
        -0.7030687028941428,
        -0.012488212424150663,
        46.418266153404915
      ],
      [
        0.7030394307324578,
        -0.7104038255768954,
        -0.03258778054875345,
        -55.7936468082753
      ],
      [
        0.01403977471987752,
        -0.03195001747197508,
        0.999390855025878,
        0.5794430889277038
      ],
      [
        0.0,
        0.0,
        0.0,
        1.0
      ]
    ],
    "location": [
      46.418266153404915,
      -55.7936468082753,
      0.5794430889277038
    ],
    "rotation": [
      -0.031958606745383464,
      -0.014040236003135947,
      2.3618327222396323
    ]
  },
  {
    "label_id": "TUgaysJsmRIFmjy8Ssx5VQ",
    "size": [
      0.7719195621634244,
      0.94966798220545,
      1.7562431769673594
    ],
    "obj_class": "pedestrian",
    "point_num_in_lidar": 326,
    "speed": 6.661338147750939e-15,
    "if_vehicle": false,
    "motion_state": false,
    "pose": [
      [
        0.6976314308651347,
        0.7163479819330226,
        -0.012488212424150663,
        16.97322481497575
      ],
      [
        -0.7163072444462778,
        0.6970236496078785,
        -0.03258778054875345,
        -27.458819530362234
      ],
      [
        -0.014639611430815797,
        0.03167965700254901,
        0.999390855025878,
        0.23710907362336897
      ],
      [
        0.0,
        0.0,
        0.0,
        1.0
      ]
    ],
    "location": [
      16.97322481497575,
      -27.458819530362234,
      0.23710907362336897
    ],
    "rotation": [
      0.03168835536614453,
      0.014640134403838725,
      -0.7986057571601524
    ]
  },
  {
    "label_id": "Tiut5u-i-6xhzq8sb7ngiw",
    "size": [
      2.1181426631117324,
      4.7834013913174385,
      1.600000000000005
    ],
    "obj_class": "vehicle",
    "point_num_in_lidar": 240,
    "speed": 1.532569419439713,
    "if_vehicle": true,
    "motion_state": true,
    "pose": [
      [
        -0.7134899840080342,
        0.7005541287228736,
        -0.012488212424150663,
        49.64166043431459
      ],
      [
        -0.6999461860041535,
        -0.7134517315538208,
        -0.03258778054875345,
        -5.994626062085445
      ],
      [
        -0.03173924098736641,
        -0.014509978366293487,
        0.999390855025878,
        0.013065105141901512
      ],
      [
        0.0,
        0.0,
        0.0,
        1.0
      ]
    ],
    "location": [
      49.64166043431459,
      -5.994626062085445,
      0.013065105141901512
    ],
    "rotation": [
      -0.014517802392129376,
      0.03174457231420922,
      -2.3657763756654213
    ]
  },
  {
    "label_id": "Tov0HyAq_t8HymrS0CT9vw",
    "size": [
      0.749082738670885,
      0.9724051198497766,
      1.7400000000000055
    ],
    "obj_class": "pedestrian",
    "point_num_in_lidar": 47,
    "speed": 1.5870803888237515,
    "if_vehicle": false,
    "motion_state": true,
    "pose": [
      [
        -0.6399293616050763,
        -0.7683322567133107,
        -0.012488212424150663,
        45.17572603410807
      ],
      [
        0.7682444705458165,
        -0.6393265754171997,
        -0.03258778054875345,
        -53.9803106093259
      ],
      [
        0.017054196888087098,
        -0.030447877744545437,
        0.999390855025878,
        0.43237643783665547
      ],
      [
        0.0,
        0.0,
        0.0,
        1.0
      ]
    ],
    "location": [
      45.17572603410807,
      -53.9803106093259,
      0.43237643783665547
    ],
    "rotation": [
      -0.03045701511400885,
      -0.017055023686080698,
      2.2653238001845257
    ]
  },
  {
    "label_id": "USoOrhvBXzxA1F9tKyPuhw",
    "size": [
      0.8762609952675096,
      1.1096432092129922,
      1.8000000000000043
    ],
    "obj_class": "pedestrian",
    "point_num_in_lidar": 176,
    "speed": 1.517008879171877,
    "if_vehicle": false,
    "motion_state": true,
    "pose": [
      [
        0.9922122951022528,
        -0.12393064995540584,
        -0.012488212424150663,
        32.64950894221958
      ],
      [
        0.12347062032174885,
        0.9918130078176374,
        -0.03258778054875345,
        -36.65399639061434
      ],
      [
        0.016424596350673608,
        0.030792069195847562,
        0.999390855025878,
        0.2959013281461367
      ],
      [
        0.0,
        0.0,
        0.0,
        1.0
      ]
    ],
    "location": [
      32.64950894221958,
      -36.65399639061434,
      0.2959013281461367
    ],
    "rotation": [
      0.030801093356992184,
      -0.0164253349103487,
      0.12380329638890687
    ]
  },
  {
    "label_id": "Uph7Bupn-NZT69nwJN3_Xg",
    "size": [
      0.8816070097573935,
      0.7533489406365573,
      1.5200000000000031
    ],
    "obj_class": "pedestrian",
    "point_num_in_lidar": 51,
    "speed": 0.6289801572537457,
    "if_vehicle": false,
    "motion_state": false,
    "pose": [
      [
        -0.9223598040212678,
        0.3861300771453807,
        -0.012488212424150663,
        43.18218883737231
      ],
      [
        -0.38557963476573626,
        -0.9220989002340408,
        -0.03258778054875345,
        -53.16309665258814
      ],
      [
        -0.024098489159485325,
        -0.025242458495055374,
        0.999390855025878,
        0.37706811273768537
      ],
      [
        0.0,
        0.0,
        0.0,
        1.0
      ]
    ],
    "location": [
      43.18218883737231,
      -53.16309665258814,
      0.37706811273768537
    ],
    "rotation": [
      -0.025252475085152302,
      0.02410082225068606,
      -2.7456353028564355
    ]
  },
  {
    "label_id": "UqcFa0VqEE65siIegDRVag",
    "size": [
      0.8713121763836212,
      1.0622914136234558,
      1.7500000000000036
    ],
    "obj_class": "pedestrian",
    "point_num_in_lidar": 65,
    "speed": 1.4599141247990814,
    "if_vehicle": false,
    "motion_state": true,
    "pose": [
      [
        0.691745402484165,
        0.7220334775427452,
        -0.012488212424150663,
        37.279220375127
      ],
      [
        -0.7219877672769067,
        0.6911379749814167,
        -0.03258778054875345,
        -47.26239313651422
      ],
      [
        -0.014898390669051022,
        0.03155878397715537,
        0.999390855025878,
        0.40828254301986533
      ],
      [
        0.0,
        0.0,
        0.0,
        1.0
      ]
    ],
    "location": [
      37.279220375127,
      -47.26239313651422,
      0.40828254301986533
    ],
    "rotation": [
      0.03156752961270601,
      0.014898941870317236,
      -0.806786749040455
    ]
  },
  {
    "label_id": "Wpqa9KCQJuuTRKatLAsU9w",
    "size": [
      0.7462867831468145,
      1.0096800683498657,
      1.7500000000000036
    ],
    "obj_class": "pedestrian",
    "point_num_in_lidar": 103,
    "speed": 1.3805766666604398,
    "if_vehicle": false,
    "motion_state": true,
    "pose": [
      [
        -0.6359711964572294,
        0.7716117429298296,
        -0.012488212424150663,
        40.88336407905365
      ],
      [
        -0.7710031448305993,
        -0.6359970025245655,
        -0.03258778054875345,
        -32.06258224705198
      ],
      [
        -0.03308757981608831,
        -0.011096438733143638,
        0.999390855025878,
        0.10674865954528201
      ],
      [
        0.0,
        0.0,
        0.0,
        1.0
      ]
    ],
    "location": [
      40.88336407905365,
      -32.06258224705198,
      0.10674865954528201
    ],
    "rotation": [
      -0.011102745955046943,
      0.033093620106218795,
      -2.2605142539697463
    ]
  },
  {
    "label_id": "Xy98zdoatT6_n9amwOgVzw",
    "size": [
      0.7448026040396826,
      0.9925613864265626,
      1.730000000000004
    ],
    "obj_class": "pedestrian",
    "point_num_in_lidar": 22,
    "speed": 1.7424590894940428,
    "if_vehicle": false,
    "motion_state": true,
    "pose": [
      [
        -0.6878617737390854,
        0.7257342659534334,
        -0.012488212424150663,
        50.205642740594456
      ],
      [
        -0.7251253414437403,
        -0.6878453865186603,
        -0.03258778054875345,
        -21.683815507465624
      ],
      [
        -0.03224002829741821,
        -0.013360369232401404,
        0.999390855025878,
        0.15274702350484048
      ],
      [
        0.0,
        0.0,
        0.0,
        1.0
      ]
    ],
    "location": [
      50.205642740594456,
      -21.683815507465624,
      0.15274702350484048
    ],
    "rotation": [
      -0.013367716285983306,
      0.032245616063371355,
      -2.329828409381474
    ]
  },
  {
    "label_id": "Y4WRE-DC5UX_A82GcFlyAw",
    "size": [
      0.8315503518912734,
      0.9516061533592971,
      1.740000000000002
    ],
    "obj_class": "pedestrian",
    "point_num_in_lidar": 98,
    "speed": 1.4958503547502595,
    "if_vehicle": false,
    "motion_state": true,
    "pose": [
      [
        0.7383578385280183,
        -0.6742935168268209,
        -0.012488212424150663,
        37.749626631927214
      ],
      [
        0.673687355120269,
        0.7382976256970917,
        -0.03258778054875345,
        -34.41742536250604
      ],
      [
        0.03119374673375099,
        0.01564829241019685,
        0.999390855025878,
        0.3087265786421476
      ],
      [
        0.0,
        0.0,
        0.0,
        1.0
      ]
    ],
    "location": [
      37.749626631927214,
      -34.41742536250604,
      0.3087265786421476
    ],
    "rotation": [
      0.015656550889207924,
      -0.0311988077951838,
      0.7396309856079217
    ]
  },
  {
    "label_id": "_CuXoK6hvB75S9LCO7CUjQ",
    "size": [
      0.9248528456271435,
      0.9846531429257308,
      1.8000000000000007
    ],
    "obj_class": "pedestrian",
    "point_num_in_lidar": 1068,
    "speed": 1.174395513832409,
    "if_vehicle": false,
    "motion_state": true,
    "pose": [
      [
        0.9087323431118811,
        -0.417192489305404,
        -0.012488212424150663,
        18.25774525462539
      ],
      [
        0.41663351430934276,
        0.90849025933862,
        -0.03258778054875345,
        -22.179763976475442
      ],
      [
        0.024940796631965093,
        0.024410562345169022,
        0.999390855025878,
        0.24384280509289624
      ],
      [
        0.0,
        0.0,
        0.0,
        1.0
      ]
    ],
    "location": [
      18.25774525462539,
      -22.179763976475442,
      0.24384280509289624
    ],
    "rotation": [
      0.024420585294138354,
      -0.024943383065416238,
      0.4298815767692499
    ]
  },
  {
    "label_id": "_hHL2rZg7Bbfjm__kmk14Q",
    "size": [
      1.9780500620651411,
      4.596211258606762,
      1.5200000000000031
    ],
    "obj_class": "vehicle",
    "point_num_in_lidar": 999,
    "speed": 6.080903240431076,
    "if_vehicle": true,
    "motion_state": true,
    "pose": [
      [
        -0.7105880773402287,
        0.7034974263580263,
        -0.012488212424150663,
        35.13817746882718
      ],
      [
        -0.7028893307128092,
        -0.7105523382052904,
        -0.03258778054875345,
        -20.635711710299802
      ],
      [
        -0.03179894828475282,
        -0.014378657052313368,
        0.999390855025878,
        0.16430582313168784
      ],
      [
        0.0,
        0.0,
        0.0,
        1.0
      ]
    ],
    "location": [
      35.13817746882718,
      -20.635711710299802,
      0.16430582313168784
    ],
    "rotation": [
      -0.014386428478917433,
      0.031804309764983704,
      -2.361641107488095
    ]
  },
  {
    "label_id": "b20vDrWY4biX5nUcRQMbAQ",
    "size": [
      0.6550561708440474,
      0.8091149731180987,
      1.6320307118407733
    ],
    "obj_class": "pedestrian",
    "point_num_in_lidar": 34,
    "speed": 1.264039707857757,
    "if_vehicle": false,
    "motion_state": true,
    "pose": [
      [
        0.6089164216473238,
        0.7931360765963605,
        -0.012488212424150663,
        39.51212917547976
      ],
      [
        -0.7930244247525543,
        0.6083175965766455,
        -0.03258778054875345,
        -51.59568390057393
      ],
      [
        -0.01824974504202357,
        0.029746692195024998,
        0.999390855025878,
        0.3887214553039833
      ],
      [
        0.0,
        0.0,
        0.0,
        1.0
      ]
    ],
    "location": [
      39.51212917547976,
      -51.59568390057393,
      0.3887214553039833
    ],
    "rotation": [
      0.029756037961185984,
      0.018250758216525657,
      -0.9159746084364722
    ]
  },
  {
    "label_id": "cRHbXSVzCHNJres5pwPUzA",
    "size": [
      2.9034877551084755,
      6.717178148575322,
      3.4999999999999716
    ],
    "obj_class": "vehicle",
    "point_num_in_lidar": 44,
    "speed": 2.8421709430404007e-13,
    "if_vehicle": true,
    "motion_state": false,
    "pose": [
      [
        0.7304395074095245,
        0.6828632151212867,
        -0.012488212424150663,
        55.09543175114868
      ],
      [
        -0.682851008707056,
        0.7298304847474258,
        -0.03258778054875345,
        -60.08228132309159
      ],
      [
        -0.013138718472042003,
        0.032330990822380425,
        0.999390855025878,
        1.3757971483947777
      ],
      [
        0.0,
        0.0,
        0.0,
        1.0
      ]
    ],
    "location": [
      55.09543175114868,
      -60.08228132309159,
      1.3757971483947777
    ],
    "rotation": [
      0.03233941843790361,
      0.013139096515310507,
      -0.7517387530269726
    ]
  },
  {
    "label_id": "culUsWFICYC98uNAg8zqKg",
    "size": [
      3.08018339747301,
      11.429831044020531,
      2.779999999999987
    ],
    "obj_class": "vehicle",
    "point_num_in_lidar": 430,
    "speed": 0.07718169107690154,
    "if_vehicle": true,
    "motion_state": false,
    "pose": [
      [
        0.6831912205812999,
        -0.7301327281194037,
        -0.012488212424150663,
        8.187266220738891
      ],
      [
        0.729523711001203,
        0.6831787406279117,
        -0.03258778054875345,
        -53.71350940519369
      ],
      [
        0.03232508635204289,
        0.01315323849770069,
        0.999390855025878,
        1.0182050868178223
      ],
      [
        0.0,
        0.0,
        0.0,
        1.0
      ]
    ],
    "location": [
      8.187266220738891,
      -53.71350940519369,
      1.0182050868178223
    ],
    "rotation": [
      0.013160495764405986,
      -0.032330718474895416,
      0.8181831845776747
    ]
  },
  {
    "label_id": "dWGM_6Sr_Eaoh5yFictcbQ",
    "size": [
      1.0000000000005016,
      1.0,
      1.9100000000000001
    ],
    "obj_class": "pedestrian",
    "point_num_in_lidar": 823,
    "speed": 1.3673978518235308,
    "if_vehicle": false,
    "motion_state": true,
    "pose": [
      [
        0.7680188146629457,
        -0.640305509014387,
        -0.012488212424150663,
        19.200606513993307
      ],
      [
        0.6397026799131088,
        0.7679313236682646,
        -0.03258778054875345,
        -22.70419600830064
      ],
      [
        0.030456224909047206,
        0.017039285634496467,
        0.999390855025878,
        0.3026761871714925
      ],
      [
        0.0,
        0.0,
        0.0,
        1.0
      ]
    ],
    "location": [
      19.200606513993307,
      -22.70419600830064,
      0.3026761871714925
    ],
    "rotation": [
      0.0170480195805254,
      -0.030460935314643906,
      0.6944977121257875
    ]
  },
  {
    "label_id": "fQ2n6--00V_n1eOOacR5TA",
    "size": [
      0.7618255677015368,
      0.9345899953471253,
      1.850000000000005
    ],
    "obj_class": "pedestrian",
    "point_num_in_lidar": 893,
    "speed": 0.46314720798912623,
    "if_vehicle": false,
    "motion_state": false,
    "pose": [
      [
        0.9430212043823477,
        0.33249819944732867,
        -0.012488212424150663,
        16.467395504044248
      ],
      [
        -0.33273132596089905,
        0.942458434777475,
        -0.03258778054875345,
        -25.821971486640905
      ],
      [
        0.000934242777988451,
        0.03488618754000215,
        0.999390855025878,
        0.3810170525166896
      ],
      [
        0.0,
        0.0,
        0.0,
        1.0
      ]
    ],
    "location": [
      16.467395504044248,
      -25.821971486640905,
      0.3810170525166896
    ],
    "rotation": [
      0.034893283001741895,
      -0.000934242913891177,
      -0.33919861020496356
    ]
  },
  {
    "label_id": "hGZX2N3Zly2psnSENmTj-A",
    "size": [
      2.138475295999877,
      4.888177290087686,
      1.5899999999999999
    ],
    "obj_class": "vehicle",
    "point_num_in_lidar": 618,
    "speed": 1.2932141568374407,
    "if_vehicle": true,
    "motion_state": true,
    "pose": [
      [
        0.7392188259984014,
        -0.6733495168484156,
        -0.012488212424150663,
        25.171161888645074
      ],
      [
        0.6727434325746888,
        0.7391578386830051,
        -0.03258778054875345,
        -40.09075487912742
      ],
      [
        0.03117372639211479,
        0.015688137986198072,
        0.999390855025878,
        0.1807812026334652
      ],
      [
        0.0,
        0.0,
        0.0,
        1.0
      ]
    ],
    "location": [
      25.171161888645074,
      -40.09075487912742,
      0.1807812026334652
    ],
    "rotation": [
      0.01569641095443224,
      -0.031178777712297587,
      0.7383527532922419
    ]
  },
  {
    "label_id": "hgO3zRhEBlBJHykxs4_HqQ",
    "size": [
      0.765642159240537,
      1.0828474020012604,
      1.8984507849923276
    ],
    "obj_class": "pedestrian",
    "point_num_in_lidar": 749,
    "speed": 1.489423986983089,
    "if_vehicle": false,
    "motion_state": true,
    "pose": [
      [
        0.8940559424449461,
        -0.44778121480174726,
        -0.012488212424150663,
        18.941332347712518
      ],
      [
        0.4472143488389745,
        0.8938329613252345,
        -0.03258778054875345,
        -23.888917356805905
      ],
      [
        0.025754571854550743,
        0.02355039106327552,
        0.999390855025878,
        0.26854057941229215
      ],
      [
        0.0,
        0.0,
        0.0,
        1.0
      ]
    ],
    "location": [
      18.941332347712518,
      -23.888917356805905,
      0.26854057941229215
    ],
    "rotation": [
      0.023560385049606017,
      -0.02575741986392909,
      0.4638143655233768
    ]
  },
  {
    "label_id": "jkjRLcw59twUELYWSONreA",
    "size": [
      2.4513075993682136,
      5.635550788292107,
      2.1400000000000006
    ],
    "obj_class": "vehicle",
    "point_num_in_lidar": 52,
    "speed": 8.122109131870246,
    "if_vehicle": true,
    "motion_state": true,
    "pose": [
      [
        0.7239385323861759,
        -0.6897514377491352,
        -0.012488212424150663,
        68.91241534971499
      ],
      [
        0.6891441386232641,
        0.7238911470380789,
        -0.03258778054875345,
        4.8847186689927184
      ],
      [
        0.031517574902729606,
        0.014985371630201689,
        0.999390855025878,
        0.26149493826425285
      ],
      [
        0.0,
        0.0,
        0.0,
