[
  {
    "label_id": "0OCxtJR_yEaJVNaM9OqfbQ",
    "size": [
      2.915222912169123,
      7.801972595825992,
      3.8199999999999648
    ],
    "obj_class": "vehicle",
    "point_num_in_lidar": 313,
    "speed": 0.0,
    "if_vehicle": true,
    "motion_state": false,
    "pose": [
      [
        0.697082724750167,
        0.7168870018755861,
        -0.012194318214506976,
        40.21374885360987
      ],
      [
        -0.7168308958866075,
        0.6964674738125477,
        -0.032962472958987236,
        -45.256889121268614
      ],
      [
        -0.015137422412249425,
        0.03171883451518592,
        0.9993821961490565,
        1.4617638720605441
      ],
      [
        0.0,
        0.0,
        0.0,
        1.0
      ]
    ],
    "location": [
      40.21374885360987,
      -45.256889121268614,
      1.4617638720605441
    ],
    "rotation": [
      0.031727792068551246,
      0.015138000573958612,
      -0.7993642832896254
    ]
  },
  {
    "label_id": "0Z5F5evo2eZXjutwBoKeDA",
    "size": [
      0.43096552125780196,
      0.06846260875542805,
      0.5654867157886976
    ],
    "obj_class": "sign",
    "point_num_in_lidar": 22,
    "speed": 0.004342793672466017,
    "if_vehicle": false,
    "motion_state": false,
    "pose": [
      [
        -0.8182081413687627,
        0.5747927765735737,
        -0.012194318214506976,
        47.34162826162566
      ],
      [
        -0.5741941680986167,
        -0.8180553359632621,
        -0.032962472958987236,
        -23.444208751705446
      ],
      [
        -0.02892221843863904,
        -0.019968257331982403,
        0.9993821961490565,
        1.8564057342797575
      ],
      [
        0.0,
        0.0,
        0.0,
        1.0
      ]
    ],
    "location": [
      47.34162826162566,
      -23.444208751705446,
      1.8564057342797575
    ],
    "rotation": [
      -0.019977943146447175,
      0.02892625217104466,
      -2.5296795601486313
    ]
  },
  {
    "label_id": "0zDrRxGQLSyidFtDJd4m_A",
    "size": [
      2.8652083188921256,
      5.711556680080511,
      2.489999999999995
    ],
    "obj_class": "vehicle",
    "point_num_in_lidar": 9416,
    "speed": 6.814589254462213,
    "if_vehicle": true,
    "motion_state": true,
    "pose": [
      [
        -0.7148198167953708,
        0.6992023513403799,
        -0.012194318214506976,
        23.087305517706838
      ],
      [
        -0.6985869369715626,
        -0.7147655327931798,
        -0.032962472958987236,
        -28.258634070329208
      ],
      [
        -0.031763516954559215,
        -0.015043437471736656,
        0.9993821961490565,
        0.672425528618863
      ],
      [
        0.0,
        0.0,
        0.0,
        1.0
      ]
    ],
    "location": [
      23.087305517706838,
      -28.258634070329208,
      0.672425528618863
    ],
    "rotation": [
      -0.015051600357612686,
      0.03176886052757185,
      -2.367678916817339
    ]
  },
  {
    "label_id": "1SW0MBgHGBrWD6fZmv_sBg",
    "size": [
      1.982953798663592,
      4.787881978925732,
      1.5400000000000027
    ],
    "obj_class": "vehicle",
    "point_num_in_lidar": 866,
    "speed": 5.647213148525359,
    "if_vehicle": true,
    "motion_state": true,
    "pose": [
      [
        0.7031570944065428,
        -0.7109299537852035,
        -0.012194318214506976,
        21.976087297866272
      ],
      [
        0.7103137257365315,
        0.7031129968978781,
        -0.032962472958987236,
        -37.66788708983222
      ],
      [
        0.032007993002307195,
        0.014516005106532405,
        0.9993821961490565,
        0.3239930793320447
      ],
      [
        0.0,
        0.0,
        0.0,
        1.0
      ]
    ],
    "location": [
      21.976087297866272,
      -37.66788708983222,
      0.3239930793320447
    ],
    "rotation": [
      0.014523957354431747,
      -0.03201346095034462,
      0.7904612818390044
    ]
  },
  {
    "label_id": "3x3ZXLKl-lWgN_FV9ytvUQ",
    "size": [
      2.0607104542581283,
      4.694385415658241,
      1.5400000000000027
    ],
    "obj_class": "vehicle",
    "point_num_in_lidar": 521,
    "speed": 9.848440691028324,
    "if_vehicle": true,
    "motion_state": true,
    "pose": [
      [
        0.7239497267439404,
        -0.6897449468830181,
        -0.012194318214506976,
        41.491842635212805
      ],
      [
        0.6891302993079678,
        0.7238873572263428,
        -0.032962472958987236,
        -18.880225608136243
      ],
      [
        0.03156301194570608,
        0.015459699130443535,
        0.9993821961490565,
        0.09588246309202475
      ],
      [
        0.0,
        0.0,
        0.0,
        1.0
      ]
    ],
    "location": [
      41.491842635212805,
      -18.880225608136243,
      0.09588246309202475
    ],
    "rotation": [
      0.015468022353480987,
      -0.031568254933359956,
      0.7607623449967618
    ]
  },
  {
    "label_id": "6L39DYBXXN-_o2M2SgAr0A",
    "size": [
      0.8004371481686442,
      0.11463204214808968,
      0.823380178590412
    ],
    "obj_class": "sign",
    "point_num_in_lidar": 209,
    "speed": 0.0022773005236822155,
    "if_vehicle": false,
    "motion_state": false,
    "pose": [
      [
        0.7166861390128497,
        -0.6972892346438009,
        -0.012194318214506976,
        34.23165545046784
      ],
      [
        0.6966739675672926,
        0.7166302102831521,
        -0.032962472958987236,
        -11.306347297448156
      ],
      [
        0.031723194367860995,
        0.015128283425013345,
        0.9993821961490565,
        2.1475104175495368
      ],
      [
        0.0,
        0.0,
        0.0,
        1.0
      ]
    ],
    "location": [
      34.23165545046784,
      -11.306347297448156,
      2.1475104175495368
    ],
    "rotation": [
      0.015136479420461335,
      -0.031728517610166755,
      0.7712398224831624
    ]
  },
  {
    "label_id": "C8em1kIenRlg8YGuTTTf7g",
    "size": [
      0.7852210358379353,
      1.2072036134509911,
      1.970000000000006
    ],
    "obj_class": "pedestrian",
    "point_num_in_lidar": 64,
    "speed": 1.7237740766648761,
    "if_vehicle": false,
    "motion_state": true,
    "pose": [
      [
        0.9407785378596785,
        0.33880236319407364,
        -0.012194318214506976,
        47.90022193181164
      ],
      [
        -0.33902161330522973,
        0.9402009471854128,
        -0.032962472958987236,
        -42.04374428808114
      ],
      [
        0.00029734580033416387,
        0.035144524548834696,
        0.9993821961490565,
        0.3934701342929472
      ],
      [
        0.0,
        0.0,
        0.0,
        1.0
      ]
    ],
    "location": [
      47.90022193181164,
      -42.04374428808114,
      0.3934701342929472
    ],
    "rotation": [
      0.03515176484819238,
      -0.0002973458047157787,
      -0.3458767428055112
    ]
  },
  {
    "label_id": "CMZjVTrjReWzAq0DwIC4fA",
    "size": [
      2.1784127462928695,
      4.939794431315422,
      1.860000000000003
    ],
    "obj_class": "vehicle",
    "point_num_in_lidar": 204,
    "speed": 5.121489315404105,
    "if_vehicle": true,
    "motion_state": true,
    "pose": [
      [
        -0.717025105459612,
        0.6969406694575342,
        -0.012194318214506976,
        51.05923454078999
      ],
      [
        -0.6963254296486461,
        -0.7169688775679574,
        -0.032962472958987236,
        -4.283210550511285
      ],
      [
        -0.03171583461397399,
        -0.015143706779638546,
        0.9993821961490565,
        0.121338598445341
      ],
      [
        0.0,
        0.0,
        0.0,
        1.0
      ]
    ],
    "location": [
      51.05923454078999,
      -4.283210550511285,
      0.121338598445341
    ],
    "rotation": [
      -0.015151908770374267,
      0.0317211541510578,
      -2.370839261931832
    ]
  },
  {
    "label_id": "DU9Ii0eGlPHgLujlH0NO-w",
    "size": [
      2.165364394351489,
      4.664689921881497,
      1.7700000000000031
    ],
    "obj_class": "vehicle",
    "point_num_in_lidar": 4736,
    "speed": 0.14766615367504893,
    "if_vehicle": true,
    "motion_state": false,
    "pose": [
      [
        0.6891690128291595,
        0.7244980126676437,
        -0.012194318214506976,
        18.990791078680473
      ],
      [
        -0.7244351543755861,
        0.6885544150473867,
        -0.032962472958987236,
        -13.417877518817477
      ],
      [
        -0.015484794506305653,
        0.03155070774778448,
        0.9993821961490565,
        0.2570125591341359
      ],
      [
        0.0,
        0.0,
        0.0,
        1.0
      ]
    ],
    "location": [
      18.990791078680473,
      -13.417877518817477,
      0.2570125591341359
    ],
    "rotation": [
      0.03155972976579816,
      0.015485413394150951,
      -0.8103406676031132
    ]
  },
  {
    "label_id": "G8ZifmyoUj0ZKarCYDaXdw",
    "size": [
      0.9191115219774747,
      1.1134257866036492,
      1.944807819718985
    ],
    "obj_class": "pedestrian",
    "point_num_in_lidar": 761,
    "speed": 7.882210832910047e-27,
    "if_vehicle": false,
    "motion_state": false,
    "pose": [
      [
        0.5436326808970599,
        0.8392346554235942,
        -0.012194318214506976,
        15.694323230472804
      ],
      [
        -0.8390594581463886,
        0.5430402389063972,
        -0.032962472958987236,
        -27.406384952269946
      ],
      [
        -0.021041244159138692,
        0.028151235577219925,
        0.9993821961490565,
        0.41112561452614216
      ],
      [
        0.0,
        0.0,
        0.0,
        1.0
      ]
    ],
    "location": [
      15.694323230472804,
      -27.406384952269946,
      0.41112561452614216
    ],
    "rotation": [
      0.028161191471770177,
      0.021042797080757732,
      -0.9958937119943598
    ]
  },
  {
    "label_id": "HqTH657HXv5vkMKImjfSNA",
    "size": [
      0.7927238927761011,
      1.8324840737910788,
      1.7400000000000055
    ],
    "obj_class": "cyclist",
    "point_num_in_lidar": 1341,
    "speed": 0.0047197821337320745,
    "if_vehicle": false,
    "motion_state": false,
    "pose": [
      [
        0.657903340658109,
        0.7530036473711025,
        -0.012194318214506976,
        18.925577971942417
      ],
      [
        -0.7529148457683966,
        0.6572919521780103,
        -0.032962472958987236,
        -18.962930921288716
      ],
      [
        -0.016805635139795563,
        0.030867404293796547,
        0.9993821961490565,
        0.28016847825269764
      ],
      [
        0.0,
        0.0,
        0.0,
        1.0
      ]
    ],
    "location": [
      18.925577971942417,
      -18.962930921288716,
      0.28016847825269764
    ],
    "rotation": [
      0.03087667005635598,
      0.01680642630784948,
      -0.8526415963112485
    ]
  },
  {
    "label_id": "JbaK1eVynVrY5IGp30MGEQ",
    "size": [
      0.7579103994432577,
      1.0900382483025783,
      1.8400000000000034
    ],
    "obj_class": "pedestrian",
    "point_num_in_lidar": 101,
    "speed": 1.5046176693633175,
    "if_vehicle": false,
    "motion_state": true,
    "pose": [
      [
        0.7034965029092722,
        -0.7105940958083649,
        -0.012194318214506976,
        40.63595165550906
      ],
      [
        0.7099778888877304,
        0.7034521111397347,
        -0.032962472958987236,
        -31.851696605408506
      ],
      [
        0.03200105755980386,
        0.01453128815152811,
        0.9993821961490565,
        0.10909151379525639
      ],
      [
        0.0,
        0.0,
        0.0,
        1.0
      ]
    ],
    "location": [
      40.63595165550906,
      -31.851696605408506,
      0.10909151379525639
    ],
    "rotation": [
      0.014539246618138572,
      -0.03200652195315933,
      0.7899835599143109
    ]
  },
  {
    "label_id": "MOsVL9KVPc8ke5LC8dllMQ",
    "size": [
      0.7632756742566112,
      0.887403375355105,
      1.720000000000006
    ],
    "obj_class": "pedestrian",
    "point_num_in_lidar": 37,
    "speed": 1.5234156693052863,
    "if_vehicle": false,
    "motion_state": true,
    "pose": [
      [
        0.6913849894998394,
        -0.7223836203137431,
        -0.012194318214506976,
        35.17158466688517
      ],
      [
        0.7217667510817147,
        0.6913510196776845,
        -0.032962472958987236,
        -37.16945272214252
      ],
      [
        0.03224210488248062,
        0.013988305581296856,
        0.9993821961490565,
        0.3066049900712784
      ],
      [
        0.0,
        0.0,
        0.0,
        1.0
      ]
    ],
    "location": [
      35.17158466688517,
      -37.16945272214252,
      0.3066049900712784
    ],
    "rotation": [
      0.013996038990589914,
      -0.032247693728566854,
      0.8068941436185484
    ]
  },
  {
    "label_id": "MSs5ysIlfn6HWkrilVdHNQ",
    "size": [
      2.7919716539132824,
      6.598391175076888,
      3.4099999999999753
    ],
    "obj_class": "vehicle",
    "point_num_in_lidar": 1164,
    "speed": 1.970793239532433e-27,
    "if_vehicle": true,
    "motion_state": false,
    "pose": [
      [
        0.7271924998978359,
        0.6863252630463338,
        -0.012194318214506976,
        46.40458313547603
      ],
      [
        -0.6862956003473886,
        0.7265754085573263,
        -0.032962472958987236,
        -38.241047547968265
      ],
      [
        -0.013762886185451127,
        0.0323389700537129,
        0.9993821961490565,
        0.9128143456067015
      ],
      [
        0.0,
        0.0,
        0.0,
        1.0
      ]
    ],
    "location": [
      46.40458313547603,
      -38.241047547968265,
      0.9128143456067015
    ],
    "rotation": [
      0.03234767425327476,
      0.013763320710008367,
      -0.7564729158686195
    ]
  },
  {
    "label_id": "O8ilGM7P1-uAp4PIMof2xA",
    "size": [
      0.7819962013983491,
      0.8654287857100659,
      1.7400000000000055
    ],
    "obj_class": "pedestrian",
    "point_num_in_lidar": 53,
    "speed": 1.2044230602754336,
    "if_vehicle": false,
    "motion_state": true,
    "pose": [
      [
        0.6802617920313231,
        0.7328677867839575,
        -0.012194318214506976,
        51.34945528419448
      ],
      [
        -0.7327974207930094,
        0.6796480084981793,
        -0.032962472958987236,
        -36.18607134430749
      ],
      [
        -0.015869290514896283,
        0.0313590758607846,
        0.9993821961490565,
        0.3164122314998892
      ],
      [
        0.0,
        0.0,
        0.0,
        1.0
      ]
    ],
    "location": [
      51.34945528419448,
      -36.18607134430749,
      0.3164122314998892
    ],
    "rotation": [
      0.031368169181681345,
      0.01586995666255068,
      -0.822559693869012
    ]
  },
  {
    "label_id": "OLCvkJUNK6eYbjQ3PM1B4w",
    "size": [
      1.014126349486476,
      1.1026134838928923,
      1.7699999999999996
    ],
    "obj_class": "pedestrian",
    "point_num_in_lidar": 148,
    "speed": 1.4627445360425002,
    "if_vehicle": false,
    "motion_state": true,
    "pose": [
      [
        0.6890908737737574,
        0.7245723333698321,
        -0.012194318214506976,
        13.587435233284197
      ],
      [
        -0.7245094087955195,
        0.6884762827746465,
        -0.032962472958987236,
        -22.428645198375307
      ],
      [
        -0.015488197070238446,
        0.03154903757330924,
        0.9993821961490565,
        0.4490358171272497
      ],
      [
        0.0,
        0.0,
        0.0,
        1.0
      ]
    ],
    "location": [
      13.587435233284197,
      -22.428645198375307,
      0.4490358171272497
    ],
    "rotation": [
      0.03155806022275404,
      0.015488816366178248,
      -0.8104484739826402
    ]
  },
  {
    "label_id": "PWtl2vvw-GpvZVVx_QogYQ",
    "size": [
      2.361967297285702,
      5.560553804636791,
      3.0699999999999967
    ],
    "obj_class": "vehicle",
    "point_num_in_lidar": 31,
    "speed": 9.00853484657261e-28,
    "if_vehicle": true,
    "motion_state": false,
    "pose": [
      [
        0.7108819237485116,
        0.7032056520612578,
        -0.012194318214506976,
        69.4015951853815
      ],
      [
        -0.7031615124619114,
        0.7102656987133091,
        -0.032962472958987236,
        -61.6204390414332
      ],
      [
        -0.014518191343716966,
        0.03200700142774769,
        0.9993821961490565,
        1.390160633000601
      ],
      [
        0.0,
        0.0,
        0.0,
        1.0
      ]
    ],
    "location": [
      69.4015951853815,
      -61.6204390414332,
      1.390160633000601
    ],
    "rotation": [
      0.0320158443143704,
      0.01451870141103024,
      -0.7799384056726961
    ]
  },
  {
    "label_id": "TUgaysJsmRIFmjy8Ssx5VQ",
    "size": [
      0.7719195621634238,
      0.94966798220545,
      1.7562431769673594
    ],
    "obj_class": "pedestrian",
    "point_num_in_lidar": 447,
    "speed": 1.9706128438061525e-27,
    "if_vehicle": false,
    "motion_state": false,
    "pose": [
      [
        0.6976339615828548,
        0.7163505805466309,
        -0.012194318214506976,
        16.97322481497301
      ],
      [
        -0.7162949478369289,
        0.6970186676694673,
        -0.032962472958987236,
        -27.458819530364053
      ],
      [
        -0.015113019205409958,
        0.031730469123313176,
        0.9993821961490565,
        0.23710907362344713
      ],
      [
        0.0,
        0.0,
        0.0,
        1.0
      ]
    ],
    "location": [
      16.97322481497301,
      -27.458819530364053,
      0.23710907362344713
    ],
    "rotation": [
      0.03173942214941519,
      0.01511359457525057,
      -0.7985953635868109
    ]
  },
  {
    "label_id": "Tiut5u-i-6xhzq8sb7ngiw",
    "size": [
      2.1181426631112985,
      4.7834013913174385,
      1.600000000000005
    ],
    "obj_class": "vehicle",
    "point_num_in_lidar": 699,
    "speed": 6.13686655259369,
    "if_vehicle": true,
    "motion_state": true,
    "pose": [
      [
        -0.715910990801653,
        0.6980850606141624,
        -0.012194318214506976,
        39.245548698670376
      ],
      [
        -0.6974697317791644,
        -0.7158557456836737,
        -0.032962472958987236,
        -16.195111606235514
      ],
      [
        -0.03173998269211718,
        -0.015093028821039285,
        0.9993821961490565,
        0.13320265551671895
      ],
      [
        0.0,
        0.0,
        0.0,
        1.0
      ]
    ],
    "location": [
      39.245548698670376,
      -16.195111606235514,
      0.13320265551671895
    ],
    "rotation": [
      -0.015101211085442866,
      0.03174531439284028,
      -2.369241372997447
    ]
  },
  {
    "label_id": "USoOrhvBXzxA1F9tKyPuhw",
    "size": [
      0.8762609952675919,
      1.1096432092129922,
      1.8000000000000043
    ],
    "obj_class": "pedestrian",
    "point_num_in_lidar": 125,
    "speed": 1.5406958499967265,
    "if_vehicle": false,
    "motion_state": true,
    "pose": [
      [
        0.9159093005422797,
        -0.40120001468523814,
        -0.012194318214506976,
        37.61273601535987
      ],
      [
        0.40064357381315907,
        0.9156408696310185,
        -0.032962472958987236,
        -34.70329610533736
      ],
      [
        0.024390160769695975,
        0.02530506032233483,
        0.9993821961490565,
        0.3523456884918552
      ],
      [
        0.0,
        0.0,
        0.0,
        1.0
      ]
    ],
    "location": [
      37.61273601535987,
      -34.70329610533736,
      0.3523456884918552
    ],
    "rotation": [
      0.025315294275883055,
      -0.02439257962017399,
      0.41234927432023916
    ]
  },
  {
    "label_id": "Wpqa9KCQJuuTRKatLAsU9w",
    "size": [
      0.7462867831475888,
      1.0096800683498657,
      1.7500000000000036
    ],
    "obj_class": "pedestrian",
    "point_num_in_lidar": 84,
    "speed": 1.318818392451497,
    "if_vehicle": false,
    "motion_state": true,
    "pose": [
      [
        -0.6881309833269079,
        0.7254840097402742,
        -0.012194318214506976,
        37.914953922329715
      ],
      [
        -0.7248669940498531,
        -0.6880997865960709,
        -0.032962472958987236,
        -35.545285901709576
      ],
      [
        -0.03230465481432824,
        -0.013843240141517454,
        0.9993821961490565,
        0.27873119704987914
      ],
      [
        0.0,
        0.0,
        0.0,
        1.0
      ]
    ],
    "location": [
      37.914953922329715,
      -35.545285901709576,
      0.27873119704987914
    ],
    "rotation": [
      -0.013850912012087766,
      0.03231027626099279,
      -2.330201716181953
    ]
  },
  {
    "label_id": "Xy98zdoatT6_n9amwOgVzw",
    "size": [
      0.7448026040411907,
      0.9925613864265626,
      1.730000000000004
    ],
    "obj_class": "pedestrian",
    "point_num_in_lidar": 63,
    "speed": 1.6835575690673705,
    "if_vehicle": false,
    "motion_state": true,
    "pose": [
      [
        -0.4947414884974359,
        0.8689546352731107,
        -0.012194318214506976,
        46.42743777818393
      ],
      [
        -0.8683480525635798,
        -0.49485870204076077,
        -0.032962472958987236,
        -26.494473467815624
      ],
      [
        -0.03467735815167945,
        -0.005718990462378106,
        0.9993821961490565,
        0.23102203547069067
      ],
      [
        0.0,
        0.0,
        0.0,
        1.0
      ]
    ],
    "location": [
      46.42743777818393,
      -26.494473467815624,
      0.23102203547069067
    ],
    "rotation": [
      -0.005722463396358118,
      0.034684311946583654,
      -2.0886763027857964
    ]
  },
  {
    "label_id": "Y4WRE-DC5UX_A82GcFlyAw",
    "size": [
      0.8315503518901949,
      0.9516061533592971,
      1.740000000000002
    ],
    "obj_class": "pedestrian",
    "point_num_in_lidar": 82,
    "speed": 1.544422099984649,
    "if_vehicle": false,
    "motion_state": true,
    "pose": [
      [
        0.7320587211120485,
        -0.681132386138756,
        -0.012194318214506976,
        41.93727640778209
      ],
      [
        0.6805185194033062,
        0.7319890847038364,
        -0.032962472958987236,
        -30.55204467778094
      ],
      [
        0.03137791568801347,
        0.015832006422577618,
        0.9993821961490565,
        0.1161407427621981
      ],
      [
        0.0,
        0.0,
        0.0,
        1.0
      ]
    ],
    "location": [
      41.93727640778209,
      -30.55204467778094,
      0.1161407427621981
    ],
    "rotation": [
      0.015840468511519868,
      -0.03138306694851234,
      0.7489276985715818
    ]
  },
  {
    "label_id": "_CuXoK6hvB75S9LCO7CUjQ",
    "size": [
      0.9248528456296912,
      0.9846531429257308,
      1.8000000000000007
    ],
    "obj_class": "pedestrian",
    "point_num_in_lidar": 561,
    "speed": 1.2153748685053012,
    "if_vehicle": false,
    "motion_state": true,
    "pose": [
      [
        0.6896124869110308,
        -0.7240759052058471,
        -0.012194318214506976,
        21.69211919937409
      ],
      [
        0.7234589545727912,
        0.689580029021195,
        -0.032962472958987236,
        -19.75260539865303
      ],
      [
        0.03227629075385534,
        0.01390924424478963,
        0.9993821961490565,
        0.29884323090282905
      ],
      [
        0.0,
        0.0,
        0.0,
        1.0
      ]
    ],
    "location": [
      21.69211919937409,
      -19.75260539865303,
      0.29884323090282905
    ],
    "rotation": [
      0.013916944187906672,
      -0.032281897401701995,
      0.8093459951346171
    ]
  },
  {
    "label_id": "_hHL2rZg7Bbfjm__kmk14Q",
    "size": [
      1.9780500620664725,
      4.596211258606762,
      1.5200000000000031
    ],
    "obj_class": "vehicle",
    "point_num_in_lidar": 932,
    "speed": 11.19906696773307,
    "if_vehicle": true,
    "motion_state": true,
    "pose": [
      [
        -0.7011859639340717,
        0.7128741421773763,
        -0.012194318214506976,
        13.195314498271927
      ],
      [
        -0.7122577943928743,
        -0.7011435728173125,
        -0.032962472958987236,
        -42.64452324749982
      ],
      [
        -0.032048062475673635,
        -0.014427325179808647,
        0.9993821961490565,
        0.31830352681225804
      ],
      [
        0.0,
        0.0,
        0.0,
        1.0
      ]
    ],
    "location": [
      13.195314498271927,
      -42.64452324749982,
      0.31830352681225804
    ],
    "rotation": [
      -0.014435241209817677,
      0.032053550991062434,
      -2.348361420112314
    ]
  },
  {
    "label_id": "culUsWFICYC98uNAg8zqKg",
    "size": [
      3.0801833974743418,
      11.429831044020531,
      2.779999999999987
    ],
    "obj_class": "vehicle",
    "point_num_in_lidar": 445,
    "speed": 2.8563182882086884,
    "if_vehicle": true,
    "motion_state": true,
    "pose": [
      [
        0.6911859082962124,
        -0.7225741060791089,
        -0.012194318214506976,
        10.45804547490171
      ],
      [
        0.7219572275100142,
        0.6911521084554988,
        -0.032962472958987236,
        -51.29110114011746
      ],
      [
        0.03224595817763079,
        0.013979420642326606,
        0.9993821961490565,
        0.9882072641773298
      ],
      [
        0.0,
        0.0,
        0.0,
        1.0
      ]
    ],
    "location": [
      10.45804547490171,
      -51.29110114011746,
      0.9882072641773298
    ],
    "rotation": [
      0.013987150299396171,
      -0.03225154902837258,
      0.8071698129661977
    ]
  },
  {
    "label_id": "dWGM_6Sr_Eaoh5yFictcbQ",
    "size": [
      1.0000000000005007,
      1.0,
      1.9100000000000001
    ],
    "obj_class": "pedestrian",
    "point_num_in_lidar": 286,
    "speed": 1.4449775259008042,
    "if_vehicle": false,
    "motion_state": true,
    "pose": [
      [
        0.7680216007169239,
        -0.6403078317774173,
        -0.012194318214506976,
        23.100877014512562
      ],
      [
        0.6396986611838197,
        0.767918679455095,
        -0.032962472958987236,
        -19.919371608575602
      ],
      [
        0.030470374330530268,
        0.017515202209680114,
        0.9993821961490565,
        0.3386756406768612
      ],
      [
        0.0,
        0.0,
        0.0,
        1.0
      ]
    ],
    "location": [
      23.100877014512562,
      -19.919371608575602,
      0.3386756406768612
    ],
    "rotation": [
      0.017524235747215622,
      -0.030475091306121097,
      0.6944928388974686
    ]
  },
  {
    "label_id": "fQ2n6--00V_n1eOOacR5TA",
    "size": [
      0.7618255677020046,
      0.9345899953471253,
      1.850000000000005
    ],
    "obj_class": "pedestrian",
    "point_num_in_lidar": 747,
    "speed": 0.5154773679269814,
    "if_vehicle": false,
    "motion_state": false,
    "pose": [
      [
        0.9382626801058465,
        0.34570860811365034,
        -0.012194318214506976,
        17.19763860750001
      ],
      [
        -0.34592360659482924,
        0.9376834933904158,
        -0.032962472958987236,
        -26.18139390056058
      ],
      [
        3.90002562579608e-05,
        0.03514576075814312,
        0.9993821961490565,
        0.3554832680665072
      ],
      [
        0.0,
        0.0,
        0.0,
        1.0
      ]
    ],
    "location": [
      17.19763860750001,
      -26.18139390056058,
      0.3554832680665072
    ],
    "rotation": [
      0.03515300029382149,
      -3.90002562678475e-05,
      -0.3532229865216839
    ]
  },
  {
    "label_id": "ffOPdrNRq0bNVvndwwxOiQ",
    "size": [
      2.1882571705875518,
      4.833081853186072,
      1.5400000000000027
    ],
    "obj_class": "vehicle",
    "point_num_in_lidar": 3090,
    "speed": 0.10858201706275823,
    "if_vehicle": true,
    "motion_state": false,
    "pose": [
      [
        0.6684320504857143,
        0.7436732430891586,
        -0.012194318214506976,
        16.31666630935426
      ],
      [
        -0.7435930517486999,
        0.6678194731867911,
        -0.032962472958987236,
        -14.77449529184014
      ],
      [
        -0.01636970599976459,
        0.031100783684175744,
        0.9993821961490565,
        0.23523353767057742
      ],
      [
        0.0,
        0.0,
        0.0,
        1.0
      ]
    ],
    "location": [
      16.31666630935426,
      -14.77449529184014,
      0.23523353767057742
    ],
    "rotation": [
      0.031109969469778394,
      0.016370437178854357,
      -0.8385772009094005
    ]
  },
  {
    "label_id": "hgO3zRhEBlBJHykxs4_HqQ",
    "size": [
      0.7656421592407114,
      1.0828474020012604,
      1.8984507849923276
    ],
    "obj_class": "pedestrian",
    "point_num_in_lidar": 760,
    "speed": 1.2912183264560242,
    "if_vehicle": false,
    "motion_state": true,
    "pose": [
      [
        0.8162393029898277,
        -0.5775852308170316,
        -0.012194318214506976,
        22.897176884192987
      ],
      [
        0.5769861037020162,
        0.8160885439161576,
        -0.032962472958987236,
        -21.284074089404385
      ],
      [
        0.028990280948044077,
        0.019869313798973876,
        0.9993821961490565,
        0.3736168356171845
      ],
      [
        0.0,
        0.0,
        0.0,
        1.0
      ]
    ],
    "location": [
      22.897176884192987,
      -21.284074089404385,
      0.3736168356171845
    ],
    "rotation": [
      0.019878977761906745,
      -0.028994343232414416,
      0.6153308457129427
    ]
  },
  {
    "label_id": "lhHFPkjsC18bVySvOy8gPg",
    "size": [
      2.9661909245591236,
      11.160713238735097,
      4.1399999999999935
    ],
    "obj_class": "vehicle",
    "point_num_in_lidar": 477,
    "speed": 0.0019059578279324353,
    "if_vehicle": true,
    "motion_state": false,
    "pose": [
      [
        0.7039236143105608,
        0.7101709961827787,
        -0.012194318214506976,
        60.74494203293872
      ],
      [
        -0.7101207912950277,
        0.70330785375037,
        -0.032962472958987236,
        -53.393765124872516
      ],
      [
        -0.014832632486537926,
        0.03186250200169348,
        0.9993821961490565,
        1.5918554233717686
      ],
      [
        0.0,
        0.0,
        0.0,
        1.0
      ]
    ],
    "location": [
      60.74494203293872,
      -53.393765124872516,
      1.5918554233717686
    ],
    "rotation": [
      0.031871403048558684,
      0.014833176420853345,
      -0.7897807254186738
    ]
  },
  {
    "label_id": "nlWYRJS2sLeWejy7dRLVfA",
    "size": [
      0.7567006434902673,
      0.9047782916726916,
      1.7500000000000036
    ],
    "obj_class": "pedestrian",
    "point_num_in_lidar": 31,
    "speed": 1.9008548034438644,
    "if_vehicle": false,
    "motion_state": true,
    "pose": [
      [
        -0.686768882115574,
        0.7267735556285798,
        -0.012194318214506976,
        65.87889805499012
      ],
      [
        -0.7261564825037121,
        -0.6867388428611448,
        -0.032962472958987236,
        -7.152793865556305
      ],
      [
        -0.032330565654825165,
        -0.013782617484631166,
        0.9993821961490565,
        -0.033480574859137135
      ],
      [
        0.0,
        0.0,
        0.0,
        1.0
      ]
    ],
    "location": [
      65.87889805499012,
      -7.152793865556305,
      -0.033480574859137135
    ],
    "rotation": [
      -0.013790263465028475,
      0.03233620064310156,
      -2.3283250758973453
    ]
  },
  {
    "label_id": "oHjA1u9bdXhm7ZDhXheM1g",
    "size": [
      1.6800500131716243,
      3.524698536761333,
      1.4700000000000024
    ],
    "obj_class": "vehicle",
    "point_num_in_lidar": 645,
    "speed": 9.839603462033018,
    "if_vehicle": true,
    "motion_state": true,
    "pose": [
      [
        -0.7060351808083283,
        0.7080717633575248,
        -0.012194318214506976,
        22.201397353493704
      ],
      [
        -0.7074557192594637,
        -0.7059885839470089,
        -0.032962472958987236,
        -33.23727314783173
      ],
      [
        -0.03194884580115381,
        -0.014645725392165371,
        0.9993821961490565,
        0.24214156833841116
      ],
      [
        0.0,
        0.0,
        0.0,
        1.0
      ]
    ],
    "location": [
      22.201397353493704,
      -33.23727314783173,
      0.24214156833841116
    ],
    "rotation": [
      -0.014653730207075007,
      0.031954283483432905,
      -2.3551895046117366
    ]
  },
  {
    "label_id": "ohnUqlIEDND8uWnUNCjXPQ",
    "size": [
      0.9097731638537409,
      1.0756147958730597,
      1.9184974544166629
    ],
    "obj_class": "pedestrian",
    "point_num_in_lidar": 1014,
    "speed": 1.4293659015154698,
    "if_vehicle": false,
    "motion_state": true,
    "pose": [
      [
        0.7815550399412542,
        -0.6237170978462175,
        -0.012194318214506976,
        20.9384330330371
      ],
      [
        0.623110270523073,
        0.7814390994473536,
        -0.032962472958987236,
        -21.584965382782684
      ],
      [
        0.030088375015732725,
        0.0181635819485379,
        0.9993821961490565,
        0.32640725540644056
      ],
      [
        0.0,
        0.0,
        0.0,
        1.0
      ]
    ],
    "location": [
      20.9384330330371,
      -21.584965382782684,
      0.32640725540644056
    ],
    "rotation": [
      0.018172809622522334,
      -0.030092916752256792,
      0.6730739989831833
    ]
  },
  {
    "label_id": "owqq0SyyUzEtwrdnEtGJFw",
    "size": [
      0.7649237108865312,
      0.7620373890771113,
      1.5899971513714917
    ],
    "obj_class": "pedestrian",
    "point_num_in_lidar": 190,
    "speed": 0.021157758006427486,
    "if_vehicle": false,
    "motion_state": false,
    "pose": [
      [
        0.7626474592504492,
        0.6466994290256625,
        -0.012194318214506976,
        17.884120134414573
      ],
      [
        -0.6467026110808558,
        0.762029663594293,
        -0.032962472958987236,
        -27.50652687233014
      ],
      [
        -0.012024380235088374,
        0.03302484368245574,
        0.9993821961490565,
        0.09162580074085014
      ],
      [
        0.0,
        0.0,
        0.0,
        1.0
      ]
    ],
    "location": [
      17.884120134414573,
      -27.50652687233014,
      0.09162580074085014
    ],
    "rotation": [
      0.03303323869072002,
      0.012024670012888466,
      -0.7033147029131345
    ]
  },
  {
    "label_id": "p6HYxZ-qmvgAHLlaUQcisA",
    "size": [
      0.6759889815783078,
      0.9843414976660856,
      1.6620307118407744
    ],
    "obj_class": "pedestrian",
    "point_num_in_lidar": 72,
    "speed": 1.219951909554661,
    "if_vehicle": false,
    "motion_state": true,
    "pose": [
      [
        0.98998322804524,
        0.14065740930505516,
        -0.012194318214506976,
        44.19046711309829
      ],
      [
        -0.14098940453128475,
        0.9894622090743749,
        -0.032962472958987236,
        -40.88179412413592
      ],
      [
        0.007429400987982874,
        0.03435156504802045,
        0.9993821961490565,
        0.2882817161349429
      ],
      [
        0.0,
        0.0,
        0.0,
        1.0
      ]
    ],
    "location": [
      44.19046711309829,
      -40.88179412413592,
      0.2882817161349429
    ],
    "rotation": [
      0.034359273251343116,
      -0.007429469335215478,
      -0.14146466152232914
    ]
  },
  {
    "label_id": "pSaTalnDwPUUoeyMk0QQbQ",
    "size": [
      1.100388259039127,
      0.9630763014079236,
      1.7500000000000036
    ],
    "obj_class": "pedestrian",
    "point_num_in_lidar": 38,
    "speed": 1.3834175655570982,
    "if_vehicle": false,
    "motion_state": true,
    "pose": [
      [
        0.6866967860611899,
        -0.7268416764444068,
        -0.012194318214506976,
        33.88504016541326
      ],
      [
        0.7262246003428158,
        0.6866668080177937,
        -0.032962472958987236,
        -39.03072982781123
      ],
      [
        0.03233193266957245,
        0.013779410369781966,
        0.9993821961490565,
        0.19307817572802222
      ],
      [
        0.0,
        0.0,
        0.0,
        1.0
      ]
    ],
    "location": [
      33.88504016541326,
      -39.03072982781123,
      0.19307817572802222
    ],
    "rotation": [
      0.013787054977684317,
      -0.03233756837288634,
      0.8133668156564817
    ]
  },
  {
    "label_id": "plbgXUaVwrkY03GJ00eboA",
    "size": [
      0.8532039110404585,
      1.0775604866757238,
      1.7717746335030995
    ],
    "obj_class": "pedestrian",
    "point_num_in_lidar": 53,
    "speed": 1.19054618678552,
    "if_vehicle": false,
    "motion_state": true,
    "pose": [
      [
        0.7098520545028819,
        0.7042452408936257,
        -0.012194318214506976,
        10.057580438768937
      ],
      [
        -0.7042001995255388,
        0.7092358947237649,
        -0.032962472958987236,
        -19.72082479254459
      ],
      [
        -0.01456501652003943,
        0.0319857204711665,
        0.9993821961490565,
        0.5525776247477729
      ],
      [
        0.0,
        0.0,
        0.0,
        1.0
      ]
    ],
    "location": [
      10.057580438768937,
      -19.72082479254459,
      0.5525776247477729
    ],
    "rotation": [
      0.031994572007028085,
      0.01456553153892709,
      -0.7814012638029013
    ]
  },
  {
    "label_id": "q5T3DlAO2c9XHbOijTcVEA",
    "size": [
      0.9125408189904072,
      0.7909272363024653,
      1.7899999999999991
    ],
    "obj_class": "pedestrian",
    "point_num_in_lidar": 455,
    "speed": 0.05779920955591001,
    "if_vehicle": false,
    "motion_state": false,
    "pose": [
      [
        0.674847448785348,
        0.7378565033061582,
        -0.012194318214506976,
        16.73288644111338
      ],
      [
        -0.7377816201026166,
        0.6742341999744499,
        -0.032962472958987236,
        -28.73643925540091
      ],
      [
        -0.01609974865225014,
        0.031241384630374354,
        0.9993821961490565,
        0.29447040883673026
      ],
      [
        0.0,
        0.0,
        0.0,
        1.0
      ]
    ],
    "location": [
      16.73288644111338,
      -28.73643925540091,
      0.29447040883673026
    ],
    "rotation": [
      0.031250520599747034,
      0.016100444247645954,
      -0.829919818068718
    ]
  },
  {
    "label_id": "x8BpeQrGkEzAirIsNjwIeA",
    "size": [
      0.8221496866581119,
      0.9023545283156887,
      1.7200000000000024
    ],
    "obj_class": "pedestrian",
    "point_num_in_lidar": 33,
    "speed": 1.4447631092308342,
    "if_vehicle": false,
    "motion_state": true,
    "pose": [
      [
        0.677626511198023,
        0.7353051134902294,
        -0.012194318214506976,
        53.911586527713354
      ],
      [
        -0.7352325445517575,
        0.677012984224362,
        -0.032962472958987236,
        -40.38717029580039
      ],
      [
        -0.015981763155041864,
        0.031301905161583495,
        0.9993821961490565,
        0.32893592049581954
      ],
      [
        0.0,
        0.0,
        0.0,
        1.0
      ]
    ],
    "location": [
      53.911586527713354,
      -40.38717029580039,
      0.32893592049581954
    ],
    "rotation": [
      0.03131101930805804,
      0.01598244356825995,
      -0.8261482603710725
    ]
  },
  {
    "label_id": "xJ9paU9ARQzf8h-g7JRgXw",
    "size": [
      0.7982479932813104,
      0.9690615119256042,
      1.7917746335031026
    ],
    "obj_class": "pedestrian",
    "point_num_in_lidar": 1183,
    "speed": 1.3941532746802818,
    "if_vehicle": false,
    "motion_state": true,
    "pose": [
      [
        0.5907647485117605,
        0.8067517031398942,
        -0.012194318214506976,
        10.678134695164303
      ],
      [
        -0.8066106937439006,
        0.5901632520874301,
        -0.032962472958987236,
        -18.96569990655371
      ],
      [
        -0.019395892704903234,
        0.029309134522679147,
