[
  {
    "label_id": "0OCxtJR_yEaJVNaM9OqfbQ",
    "size": [
      2.9152229121691207,
      7.801972595825992,
      3.8199999999999648
    ],
    "obj_class": "vehicle",
    "point_num_in_lidar": 574,
    "speed": 1.1368770508004532e-12,
    "if_vehicle": true,
    "motion_state": false,
    "pose": [
      [
        0.6971112326807348,
        0.7169163197228824,
        -0.008180451414457949,
        40.213748853610085
      ],
      [
        -0.7164643893834752,
        0.6961556412479578,
        -0.0452338579385919,
        -45.256889121268614
      ],
      [
        -0.026734023560073258,
        0.03739403259401785,
        0.9989429304573144,
        1.4092327020212956
      ],
      [
        0.0,
        0.0,
        0.0,
        1.0
      ]
    ],
    "location": [
      40.213748853610085,
      -45.256889121268614,
      1.4092327020212956
    ],
    "rotation": [
      0.03741613228235222,
      0.02673720908819319,
      -0.7990882322854193
    ]
  },
  {
    "label_id": "0zDrRxGQLSyidFtDJd4m_A",
    "size": [
      2.8652083188923756,
      5.711556680080511,
      2.489999999999995
    ],
    "obj_class": "vehicle",
    "point_num_in_lidar": 1040,
    "speed": 0.034527604100551466,
    "if_vehicle": true,
    "motion_state": false,
    "pose": [
      [
        -0.707085808199848,
        0.7070804339373443,
        -0.008180451414457949,
        39.778088305916754
      ],
      [
        -0.7061186087025756,
        -0.7066473013745471,
        -0.0452338579385919,
        -11.50973363403682
      ],
      [
        -0.037764669815932066,
        -0.02620785002717031,
        0.9989429304573144,
        0.5013030346548106
      ],
      [
        0.0,
        0.0,
        0.0,
        1.0
      ]
    ],
    "location": [
      39.778088305916754,
      -11.50973363403682,
      0.5013030346548106
    ],
    "rotation": [
      -0.02622956597940565,
      0.037773652056713104,
      -2.356878891779752
    ]
  },
  {
    "label_id": "1ww6VUXNbH5HN8vA9BN37A",
    "size": [
      0.6456626533936544,
      1.047126442663309,
      1.6874087649240757
    ],
    "obj_class": "pedestrian",
    "point_num_in_lidar": 885,
    "speed": 1.6473629422026161,
    "if_vehicle": false,
    "motion_state": true,
    "pose": [
      [
        -0.7529042165022646,
        -0.6580792664928494,
        -0.008180451414457949,
        7.072078619802824
      ],
      [
        0.6577062441941548,
        -0.7519151510935327,
        -0.0452338579385919,
        -18.367649108353362
      ],
      [
        0.023616458691554865,
        -0.03943709634624618,
        0.9989429304573144,
        0.6285360067581074
      ],
      [
        0.0,
        0.0,
        0.0,
        1.0
      ]
    ],
    "location": [
      7.072078619802824,
      -18.367649108353362,
      0.6285360067581074
    ],
    "rotation": [
      -0.03945833709583324,
      -0.023618654538663957,
      2.4235793863583623
    ]
  },
  {
    "label_id": "6L39DYBXXN-_o2M2SgAr0A",
    "size": [
      0.8004371481686441,
      0.11463204214808968,
      0.823380178590412
    ],
    "obj_class": "sign",
    "point_num_in_lidar": 125,
    "speed": 0.0022773005236924166,
    "if_vehicle": false,
    "motion_state": false,
    "pose": [
      [
        0.7167154486456553,
        -0.6973177510198005,
        -0.008180451414457949,
        34.253514373419776
      ],
      [
        0.6963620294232328,
        0.7162637936358,
        -0.0452338579385919,
        -11.306071582086588
      ],
      [
        0.03740173325146106,
        0.026723249037861642,
        0.9989429304573144,
        2.14751041754964
      ],
      [
        0.0,
        0.0,
        0.0,
        1.0
      ]
    ],
    "location": [
      34.253514373419776,
      -11.306071582086588,
      2.14751041754964
    ],
    "rotation": [
      0.026745148476086368,
      -0.03741045889496431,
      0.7709955477027293
    ]
  },
  {
    "label_id": "8VYrq0XdeiBiUdSAYPjqcQ",
    "size": [
      0.6882489019018608,
      1.004909005980474,
      1.860000000000003
    ],
    "obj_class": "pedestrian",
    "point_num_in_lidar": 34,
    "speed": 1.4010176282061544,
    "if_vehicle": false,
    "motion_state": true,
    "pose": [
      [
        -0.6747382100733722,
        0.7380118075489291,
        -0.008180451414457949,
        54.14993837398194
      ],
      [
        -0.7370313240644562,
        -0.6743431807646504,
        -0.0452338579385919,
        -17.647960195712585
      ],
      [
        -0.038899552886587946,
        -0.024491763402755804,
        0.9989429304573144,
        0.22363753279477194
      ],
      [
        0.0,
        0.0,
        0.0,
        1.0
      ]
    ],
    "location": [
      54.14993837398194,
      -17.647960195712585,
      0.22363753279477194
    ],
    "rotation": [
      -0.02451276940501853,
      0.038909369879280634,
      -2.312098954292658
    ]
  },
  {
    "label_id": "C8em1kIenRlg8YGuTTTf7g",
    "size": [
      0.7852210358354262,
      1.2072036134509911,
      1.970000000000006
    ],
    "obj_class": "pedestrian",
    "point_num_in_lidar": 109,
    "speed": 1.008509198916964,
    "if_vehicle": false,
    "motion_state": true,
    "pose": [
      [
        0.9116725717773484,
        -0.4108359795387097,
        -0.008180451414457949,
        32.50257733903331
      ],
      [
        0.4100917913117514,
        0.9109218521886002,
        -0.0452338579385919,
        -37.89309320754364
      ],
      [
        0.02603544828871314,
        0.0378837316239935,
        0.9989429304573144,
        0.4159724737191226
      ],
      [
        0.0,
        0.0,
        0.0,
        1.0
      ]
    ],
    "location": [
      32.50257733903331,
      -37.89309320754364,
      0.4159724737191226
    ],
    "rotation": [
      0.03790565452875308,
      -0.026038390517467622,
      0.42270717923423007
    ]
  },
  {
    "label_id": "Em1g7-nMbotXR-DrtWI2ig",
    "size": [
      1.7290692349606227,
      3.5947345219723577,
      1.3300000000000054
    ],
    "obj_class": "vehicle",
    "point_num_in_lidar": 52,
    "speed": 4.035714840511921,
    "if_vehicle": true,
    "motion_state": true,
    "pose": [
      [
        0.7091968822793965,
        0.7049630219946571,
        -0.008180451414457949,
        60.21994597707901
      ],
      [
        -0.7045274003952084,
        0.7082337468578865,
        -0.0452338579385919,
        -57.057866642946465
      ],
      [
        -0.02609452543261631,
        0.03784306319260588,
        0.9989429304573144,
        0.26744279786776204
      ],
      [
        0.0,
        0.0,
        0.0,
        1.0
      ]
    ],
    "location": [
      60.21994597707901,
      -57.057866642946465,
      0.26744279786776204
    ],
    "rotation": [
      0.03786500146765835,
      0.026097487739630193,
      -0.7820952103670507
    ]
  },
  {
    "label_id": "FI9gXqHphltRJYHwCug7Ng",
    "size": [
      1.859444013732021,
      4.194035097474454,
      1.5400000000000027
    ],
    "obj_class": "vehicle",
    "point_num_in_lidar": 68,
    "speed": 10.77260203716311,
    "if_vehicle": true,
    "motion_state": true,
    "pose": [
      [
        0.6901729303029756,
        0.7235982355504053,
        -0.008180451414457949,
        54.334498830074466
      ],
      [
        -0.7231371210956032,
        0.6892217365910293,
        -0.0452338579385919,
        -54.920635724765816
      ],
      [
        -0.027092994861531543,
        0.03713477236750007,
        0.9989429304573144,
        0.36053135825432747
      ],
      [
        0.0,
        0.0,
        0.0,
        1.0
      ]
    ],
    "location": [
      54.334498830074466,
      -54.920635724765816,
      0.36053135825432747
    ],
    "rotation": [
      0.03715695837141528,
      0.027096310470348915,
      -0.8087180393523512
    ]
  },
  {
    "label_id": "FiBHFnlgGD3tCo4uGN8GOA",
    "size": [
      0.7792066223408332,
      0.8530859308161094,
      1.6800000000000033
    ],
    "obj_class": "pedestrian",
    "point_num_in_lidar": 33,
    "speed": 1.3645446708605564,
    "if_vehicle": false,
    "motion_state": true,
    "pose": [
      [
        0.7404944850396089,
        0.6720126470838031,
        -0.008180451414457949,
        41.16329219941045
      ],
      [
        -0.6716212354062416,
        0.7395125517848803,
        -0.0452338579385919,
        -52.71555835127947
      ],
      [
        -0.02434817811086782,
        0.038989587225751424,
        0.9989429304573144,
        0.4812356627938499
      ],
      [
        0.0,
        0.0,
        0.0,
        1.0
      ]
    ],
    "location": [
      41.16329219941045,
      -52.71555835127947,
      0.4812356627938499
    ],
    "rotation": [
      0.039011043687234896,
      0.024350584489952087,
      -0.73666369056049
    ]
  },
  {
    "label_id": "G8ZifmyoUj0ZKarCYDaXdw",
    "size": [
      0.9191115219786526,
      1.1134257866036492,
      1.944807819718985
    ],
    "obj_class": "pedestrian",
    "point_num_in_lidar": 999,
    "speed": 1.460762541094751,
    "if_vehicle": false,
    "motion_state": true,
    "pose": [
      [
        0.6895787571876912,
        0.7241644964026716,
        -0.008180451414457949,
        11.02316924400985
      ],
      [
        -0.7237026013487021,
        0.6886279422860452,
        -0.0452338579385919,
        -20.25132382335869
      ],
      [
        -0.02712346652994125,
        0.03711252150894868,
        0.9989429304573144,
        0.6320843627872001
      ],
      [
        0.0,
        0.0,
        0.0,
        1.0
      ]
    ],
    "location": [
      11.02316924400985,
      -20.25132382335869,
      0.6320843627872001
    ],
    "rotation": [
      0.03713471468765347,
      0.027126793341081045,
      -0.8095385902307601
    ]
  },
  {
    "label_id": "GluGUAV2ypRkSY_bid-Elg",
    "size": [
      0.9192614040476714,
      0.9261726762926981,
      1.8000000000000043
    ],
    "obj_class": "pedestrian",
    "point_num_in_lidar": 23,
    "speed": 1.5192878172283237,
    "if_vehicle": false,
    "motion_state": true,
    "pose": [
      [
        0.6854395124389838,
        0.7280836181387847,
        -0.008180451414457949,
        46.70818665432506
      ],
      [
        -0.7276163105464603,
        0.6844913459809032,
        -0.0452338579385919,
        -57.79789630656887
      ],
      [
        -0.027334582750892084,
        0.03695730340795516,
        0.9989429304573144,
        0.5574528628684376
      ],
      [
        0.0,
        0.0,
        0.0,
        1.0
      ]
    ],
    "location": [
      46.70818665432506,
      -57.79789630656887,
      0.5574528628684376
    ],
    "rotation": [
      0.03697954561521323,
      0.027337987868842735,
      -0.8152372391228565
    ]
  },
  {
    "label_id": "JbaK1eVynVrY5IGp30MGEQ",
    "size": [
      0.7579103994440456,
      1.0900382483025783,
      1.8400000000000034
    ],
    "obj_class": "pedestrian",
    "point_num_in_lidar": 121,
    "speed": 1.4276613330843861,
    "if_vehicle": false,
    "motion_state": true,
    "pose": [
      [
        0.7922751245952329,
        0.6101091764285009,
        -0.008180451414457949,
        28.802109229027707
      ],
      [
        -0.6097982244066562,
        0.7912648252048619,
        -0.0452338579385919,
        -37.337627170622
      ],
      [
        -0.021124688355040184,
        0.04082608518160235,
        0.9989429304573144,
        0.4067252186013235
      ],
      [
        0.0,
        0.0,
        0.0,
        1.0
      ]
    ],
    "location": [
      28.802109229027707,
      -37.337627170622,
      0.4067252186013235
    ],
    "rotation": [
      0.040846554999368574,
      0.021126259827984623,
      -0.6559777213539808
    ]
  },
  {
    "label_id": "L1UCSHYGDwJLA62Yn_UZ4Q",
    "size": [
      0.7961601569296434,
      0.8415275557149793,
      1.600000000000005
    ],
    "obj_class": "pedestrian",
    "point_num_in_lidar": 35,
    "speed": 1.3634560935408095,
    "if_vehicle": false,
    "motion_state": true,
    "pose": [
      [
        0.3326572598463549,
        0.9430123157659025,
        -0.008180451414457949,
        44.923915352126414
      ],
      [
        -0.9422016323888157,
        0.33197888791283425,
        -0.0452338579385919,
        -30.694215566933053
      ],
      [
        -0.039940347962500684,
        0.02275500591051095,
        0.9989429304573144,
        0.28036249998934437
      ],
      [
        0.0,
        0.0,
        0.0,
        1.0
      ]
    ],
    "location": [
      44.923915352126414,
      -30.694215566933053,
      0.28036249998934437
    ],
    "rotation": [
      0.022775146292120338,
      0.03995097460882002,
      -1.2313947031490908
    ]
  },
  {
    "label_id": "MSs5ysIlfn6HWkrilVdHNQ",
    "size": [
      2.7919716539132793,
      6.598391175076888,
      3.4099999999999753
    ],
    "obj_class": "vehicle",
    "point_num_in_lidar": 773,
    "speed": 2.842257677890751e-13,
    "if_vehicle": true,
    "motion_state": false,
    "pose": [
      [
        0.7272222391993015,
        0.6863533310392028,
        -0.008180451414457949,
        46.40458313547569
      ],
      [
        -0.6859428074839892,
        0.7262481414482065,
        -0.0452338579385919,
        -38.241047547966446
      ],
      [
        -0.025105371435949205,
        0.03850638926744556,
        0.9989429304573144,
        0.9678622235023084
      ],
      [
        0.0,
        0.0,
        0.0,
        1.0
      ]
    ],
    "location": [
      46.40458313547569,
      -38.241047547966446,
      0.9678622235023084
    ],
    "rotation": [
      0.038528061112680825,
      0.025108009418442392,
      -0.7561958440248674
    ]
  },
  {
    "label_id": "RGdvnrG8Aw3PXBTuM0u24A",
    "size": [
      0.7713029575986232,
      1.0039475245408434,
      1.6799999999999997
    ],
    "obj_class": "pedestrian",
    "point_num_in_lidar": 111,
    "speed": 1.232510970382331,
    "if_vehicle": false,
    "motion_state": true,
    "pose": [
      [
        -0.7105226005829934,
        -0.7036268288485277,
        -0.008180451414457949,
        10.961902876387143
      ],
      [
        0.7031930209617928,
        -0.7095586468831303,
        -0.0452338579385919,
        -21.28733394683877
      ],
      [
        0.026023245981380252,
        -0.037892114719893864,
        0.9989429304573144,
        0.5498126840265627
      ],
      [
        0.0,
        0.0,
        0.0,
        1.0
      ]
    ],
    "location": [
      10.961902876387143,
      -21.28733394683877,
      0.5498126840265627
    ],
    "rotation": [
      -0.037914034440754404,
      -0.026026184074337152,
      2.3613790646830037
    ]
  },
  {
    "label_id": "RWMpVmsqV3fQquqbNkvvCg",
    "size": [
      0.7667422906227207,
      0.8408777034491768,
      1.8700000000000045
    ],
    "obj_class": "pedestrian",
    "point_num_in_lidar": 25,
    "speed": 1.7114106463274237,
    "if_vehicle": false,
    "motion_state": true,
    "pose": [
      [
        -0.6661817497802534,
        -0.7457445651658318,
        -0.008180451414457949,
        53.27802588218921
      ],
      [
        0.7452526429289342,
        -0.665246117090081,
        -0.0452338579385919,
        -63.89059163168713
      ],
      [
        0.028290890179676016,
        -0.036230473667819084,
        0.9989429304573144,
        0.6645570667986327
      ],
      [
        0.0,
        0.0,
        0.0,
        1.0
      ]
    ],
    "location": [
      53.27802588218921,
      -63.89059163168713,
      0.6645570667986327
    ],
    "rotation": [
      -0.03625292187581563,
      -0.02829466542391707,
      2.300231329885039
    ]
  },
  {
    "label_id": "USoOrhvBXzxA1F9tKyPuhw",
    "size": [
      0.8762609952654432,
      1.1096432092129922,
      1.8000000000000043
    ],
    "obj_class": "pedestrian",
    "point_num_in_lidar": 169,
    "speed": 1.5773040880033373,
    "if_vehicle": false,
    "motion_state": true,
    "pose": [
      [
        0.7402369123231523,
        0.6722963586462011,
        -0.008180451414457949,
        24.260042589491007
      ],
      [
        -0.6719045707160239,
        0.739255129131281,
        -0.0452338579385919,
        -33.783160127610245
      ],
      [
        -0.024363117312887612,
        0.03898025402882204,
        0.9989429304573144,
        0.4947972855235001
      ],
      [
        0.0,
        0.0,
        0.0,
        1.0
      ]
    ],
    "location": [
      24.260042589491007,
      -33.783160127610245,
      0.4947972855235001
    ],
    "rotation": [
      0.039001714822283,
      0.024365528124893523,
      -0.7370467173207613
    ]
  },
  {
    "label_id": "UqcFa0VqEE65siIegDRVag",
    "size": [
      0.8713121763840781,
      1.0622914136234558,
      1.7500000000000036
    ],
    "obj_class": "pedestrian",
    "point_num_in_lidar": 87,
    "speed": 1.685971011533694,
    "if_vehicle": false,
    "motion_state": true,
    "pose": [
      [
        0.7043909519017958,
        0.7097650788067398,
        -0.008180451414457949,
        30.62637176327604
      ],
      [
        -0.7093229236600324,
        0.7034307983493295,
        -0.0452338579385919,
        -40.73220656101876
      ],
      [
        -0.0263510312751875,
        0.037664901965717514,
        0.9989429304573144,
        0.313652336721411
      ],
      [
        0.0,
        0.0,
        0.0,
        1.0
      ]
    ],
    "location": [
      30.62637176327604,
      -40.73220656101876,
      0.313652336721411
    ],
    "rotation": [
      0.0376869061012545,
      0.026354081819497936,
      -0.7888868125753368
    ]
  },
  {
    "label_id": "Wpqa9KCQJuuTRKatLAsU9w",
    "size": [
      0.7462867831480248,
      1.0096800683498657,
      1.7500000000000036
    ],
    "obj_class": "pedestrian",
    "point_num_in_lidar": 77,
    "speed": 0.7120670285917948,
    "if_vehicle": false,
    "motion_state": false,
    "pose": [
      [
        -0.5543088357406382,
        0.832270866265613,
        -0.008180451414457949,
        42.48515759346269
      ],
      [
        -0.8312416118213753,
        -0.554067938860022,
        -0.0452338579385919,
        -29.49288417788739
      ],
      [
        -0.04217934798524083,
        -0.018273595510817822,
        0.9989429304573144,
        0.2975830155720942
      ],
      [
        0.0,
        0.0,
        0.0,
        1.0
      ]
    ],
    "location": [
      42.48515759346269,
      -29.49288417788739,
      0.2975830155720942
    ],
    "rotation": [
      -0.018290892359051767,
      0.04219186487013741,
      -2.15892198459843
    ]
  },
  {
    "label_id": "Y4WRE-DC5UX_A82GcFlyAw",
    "size": [
      0.8315503518904208,
      0.9516061533592971,
      1.740000000000002
    ],
    "obj_class": "pedestrian",
    "point_num_in_lidar": 71,
    "speed": 0.2475716365880927,
    "if_vehicle": false,
    "motion_state": false,
    "pose": [
      [
        0.8086277725358395,
        -0.5882637212155636,
        -0.008180451414457949,
        32.34357938471871
      ],
      [
        0.587381973762866,
        0.8080447481386356,
        -0.0452338579385919,
        -39.389529156635035
      ],
      [
        0.033219608398748254,
        0.031772304089990634,
        0.9989429304573144,
        0.2242474062123101
      ],
      [
        0.0,
        0.0,
        0.0,
        1.0
      ]
    ],
    "location": [
      32.34357938471871,
      -39.389529156635035,
      0.2242474062123101
    ],
    "rotation": [
      0.03179520653301661,
      -0.03322572130916797,
      0.628220996559389
    ]
  },
  {
    "label_id": "_CuXoK6hvB75S9LCO7CUjQ",
    "size": [
      0.9248528456291131,
      0.9846531429257308,
      1.8000000000000007
    ],
    "obj_class": "pedestrian",
    "point_num_in_lidar": 462,
    "speed": 1.137130723872009e-12,
    "if_vehicle": false,
    "motion_state": false,
    "pose": [
      [
        0.9376355426789049,
        0.3475236241176866,
        -0.008180451414457949,
        16.18670586696203
      ],
      [
        -0.34752648032313105,
        0.9365784769949648,
        -0.0452338579385919,
        -22.726735557536813
      ],
      [
        -0.008058199516759713,
        0.04525579642323307,
        0.9989429304573144,
        0.37684298725781673
      ],
      [
        0.0,
        0.0,
        0.0,
        1.0
      ]
    ],
    "location": [
      16.18670586696203,
      -22.726735557536813,
      0.37684298725781673
    ],
    "rotation": [
      0.04527272955866631,
      0.008058286728607577,
      -0.3549439014874915
    ]
  },
  {
    "label_id": "_hHL2rZg7Bbfjm__kmk14Q",
    "size": [
      1.9780500620659915,
      4.596211258606762,
      1.5200000000000031
    ],
    "obj_class": "vehicle",
    "point_num_in_lidar": 304,
    "speed": 1.7053155762006798e-12,
    "if_vehicle": true,
    "motion_state": false,
    "pose": [
      [
        -0.7162746194966239,
        0.6977705566155843,
        -0.008180451414457949,
        40.70932884967246
      ],
      [
        -0.6968145497760762,
        -0.7158235685672522,
        -0.0452338579385919,
        -15.152409083559178
      ],
      [
        -0.03741861415566986,
        -0.02669960681399867,
        0.9989429304573144,
        0.13430582313202422
      ],
      [
        0.0,
        0.0,
        0.0,
        1.0
      ]
    ],
    "location": [
      40.70932884967246,
      -15.152409083559178,
      0.13430582313202422
    ],
    "rotation": [
      -0.026721498144556356,
      0.037427351624177554,
      -2.369964916073428
    ]
  },
  {
    "label_id": "b20vDrWY4biX5nUcRQMbAQ",
    "size": [
      0.6550561708444944,
      0.8091149731180987,
      1.6320307118407733
    ],
    "obj_class": "pedestrian",
    "point_num_in_lidar": 22,
    "speed": 1.3078929167940778,
    "if_vehicle": false,
    "motion_state": true,
    "pose": [
      [
        0.6208363397016785,
        0.783897518506391,
        -0.008180451414457949,
        34.61471544900306
      ],
      [
        -0.7833510361656211,
        0.6199314899521068,
        -0.0452338579385919,
        -45.24131307362404
      ],
      [
        -0.030387389556687076,
        0.03449098788499927,
        0.9989429304573144,
        0.39712581354903875
      ],
      [
        0.0,
        0.0,
        0.0,
        1.0
      ]
    ],
    "location": [
      34.61471544900306,
      -45.24131307362404,
      0.39712581354903875
    ],
    "rotation": [
      0.03451377502842237,
      0.03039206808705368,
      -0.9006212883257326
    ]
  },
  {
    "label_id": "cRHbXSVzCHNJres5pwPUzA",
    "size": [
      2.9034877551084763,
      6.717178148575322,
      3.4999999999999716
    ],
    "obj_class": "vehicle",
    "point_num_in_lidar": 79,
    "speed": 2.8421709430404007e-13,
    "if_vehicle": true,
    "motion_state": false,
    "pose": [
      [
        0.730472029340962,
        0.6828936187761256,
        -0.008180451414457949,
        55.095431751147444
      ],
      [
        -0.6824877236947273,
        0.7294959938902891,
        -0.0452338579385919,
        -60.082281323089774
      ],
      [
        -0.024922306403828982,
        0.03862512566797273,
        0.9989429304573144,
        1.3757971483948488
      ],
      [
        0.0,
        0.0,
        0.0,
        1.0
      ]
    ],
    "location": [
      55.095431751147444,
      -60.082281323089774,
      1.3757971483948488
    ],
    "rotation": [
      0.038646746262214364,
      0.024924887088000582,
      -0.7514510734842009
    ]
  },
  {
    "label_id": "dWGM_6Sr_Eaoh5yFictcbQ",
    "size": [
      1.000000000000502,
      1.0,
      1.9100000000000001
    ],
    "obj_class": "pedestrian",
    "point_num_in_lidar": 249,
    "speed": 8.526512829121202e-13,
    "if_vehicle": false,
    "motion_state": false,
    "pose": [
      [
        0.7680530097673727,
        -0.6403340178390772,
        -0.008180451414457949,
        17.457751845370794
      ],
      [
        0.6394157245656693,
        0.7675294321875555,
        -0.0452338579385919,
        -24.22137348002252
      ],
      [
        0.03524351522535739,
        0.029511291464675394,
        0.9989429304573144,
        0.3793798686969261
      ],
      [
        0.0,
        0.0,
        0.0,
        1.0
      ]
    ],
    "location": [
      17.457751845370794,
      -24.22137348002252,
      0.3793798686969261
    ],
    "rotation": [
      0.029533929945819146,
      -0.03525081533302998,
      0.6942551872130917
    ]
  },
  {
    "label_id": "fQ2n6--00V_n1eOOacR5TA",
    "size": [
      0.7618255677024057,
      0.9345899953471253,
      1.850000000000005
    ],
    "obj_class": "pedestrian",
    "point_num_in_lidar": 443,
    "speed": 1.2773860303071312,
    "if_vehicle": false,
    "motion_state": true,
    "pose": [
      [
        0.7644242730365641,
        0.6446616252012958,
        -0.008180451414457949,
        12.241146884524042
      ],
      [
        -0.6443061523567003,
        0.7634287655906711,
        -0.0452338579385919,
        -21.462918875760806
      ],
      [
        -0.022915340447503103,
        0.03984857414673767,
        0.9989429304573144,
        0.542693771151459
      ],
      [
        0.0,
        0.0,
        0.0,
        1.0
      ]
    ],
    "location": [
      12.241146884524042,
      -21.462918875760806,
      0.542693771151459
    ],
    "rotation": [
      0.039869602616740496,
      0.022917346444761795,
      -0.700336978099138
    ]
  },
  {
    "label_id": "hGZX2N3Zly2psnSENmTj-A",
    "size": [
      2.1384752959999873,
      4.888177290087686,
      1.5899999999999999
    ],
    "obj_class": "vehicle",
    "point_num_in_lidar": 123,
    "speed": 1.4210924103971636e-12,
    "if_vehicle": true,
    "motion_state": false,
    "pose": [
      [
        0.7057933117702732,
        -0.7083705818814088,
        -0.008180451414457949,
        23.555243985276093
      ],
      [
        0.7074079574203009,
        0.705356562225396,
        -0.0452338579385919,
        -41.49317214708026
      ],
      [
        0.03781246935585527,
        0.026138837972747134,
        0.9989429304573144,
        0.18078120263352915
      ],
      [
        0.0,
        0.0,
        0.0,
        1.0
      ]
    ],
    "location": [
      23.555243985276093,
      -41.49317214708026,
      0.18078120263352915
    ],
    "rotation": [
      0.026160528291267814,
      -0.037821485761532936,
      0.7865407076214302
    ]
  },
  {
    "label_id": "htlToNRsx41JQWk7O-9SuQ",
    "size": [
      0.6722732336162942,
      0.6100302540971272,
      1.6900000000000048
    ],
    "obj_class": "pedestrian",
    "point_num_in_lidar": 32,
    "speed": 0.012005100093512966,
    "if_vehicle": false,
    "motion_state": false,
    "pose": [
      [
        -0.8785439988062845,
        -0.47759137594403706,
        -0.008180451414457949,
        55.93406143689626
      ],
      [
        0.47744356967073154,
        -0.877497313885382,
        -0.0452338579385919,
        -50.25495047635377
      ],
      [
        0.014424976309592488,
        -0.043645638359642726,
        0.9989429304573144,
        0.36968554965813993
      ],
      [
        0.0,
        0.0,
        0.0,
        1.0
      ]
    ],
    "location": [
      55.93406143689626,
      -50.25495047635377,
      0.36968554965813993
    ],
    "rotation": [
      -0.043664053250269244,
      -0.014425476614478289,
      2.6437931631038323
    ]
  },
  {
    "label_id": "jkjRLcw59twUELYWSONreA",
    "size": [
      2.451307599366998,
      5.635550788292107,
      2.1400000000000006
    ],
    "obj_class": "vehicle",
    "point_num_in_lidar": 1001,
    "speed": 6.6516676900745635,
    "if_vehicle": true,
    "motion_state": true,
    "pose": [
      [
        0.8903829761447214,
        0.4551386997458293,
        -0.008180451414457949,
        29.584372499372307
      ],
      [
        -0.45501750758219023,
        0.8893328768743922,
        -0.0452338579385919,
        -20.53228905996002
      ],
      [
        -0.0133125348961072,
        0.043997705667374855,
        0.9989429304573144,
        0.4755160404757568
      ],
      [
        0.0,
        0.0,
        0.0,
        1.0
      ]
    ],
    "location": [
      29.584372499372307,
      -20.53228905996002,
      0.4755160404757568
    ],
    "rotation": [
      0.04401581617341569,
      0.013312928143330469,
      -0.4724371600861816
    ]
  },
  {
    "label_id": "lhHFPkjsC18bVySvOy8gPg",
    "size": [
      2.966190924559124,
      11.160713238735097,
      4.1399999999999935
    ],
    "obj_class": "vehicle",
    "point_num_in_lidar": 364,
    "speed": 0.004792244453557986,
    "if_vehicle": true,
    "motion_state": false,
    "pose": [
      [
        0.7039524020064964,
        0.7102000393719643,
        -0.008180451414457949,
        60.763076715470575
      ],
      [
        -0.7097572912313769,
        0.7029925217524647,
        -0.0452338579385919,
        -53.40245319018686
      ],
      [
        -0.026374291520010498,
        0.03764861798486796,
        0.9989429304573144,
        1.5918554233717614
      ],
      [
        0.0,
        0.0,
        0.0,
        1.0
      ]
    ],
    "location": [
      60.763076715470575,
      -53.40245319018686,
      1.5918554233717614
    ],
    "rotation": [
      0.037670628020600304,
      0.026377350151354804,
      -0.7895042798291037
    ]
  },
  {
    "label_id": "ohnUqlIEDND8uWnUNCjXPQ",
    "size": [
      0.9097731638516862,
      1.0756147958730597,
      1.9184974544166629
    ],
    "obj_class": "pedestrian",
    "point_num_in_lidar": 81,
    "speed": 8.527929402286984e-13,
    "if_vehicle": false,
    "motion_state": false,
    "pose": [
      [
        0.9124826162733504,
        0.4090336846930791,
        -0.008180451414457949,
        17.899387816538493
      ],
      [
        -0.4089663246058084,
        0.911427695121455,
        -0.0452338579385919,
        -25.381286440504482
      ],
      [
        -0.01104628160777308,
        0.04462063818453066,
        0.9989429304573144,
        0.4068429872579671
      ],
      [
        0.0,
        0.0,
        0.0,
        1.0
      ]
    ],
    "location": [
      17.899387816538493,
      -25.381286440504482,
      0.4068429872579671
    ],
    "rotation": [
      0.044638183367789915,
      0.011046506265277107,
      -0.42134838561344534
    ]
  },
  {
    "label_id": "p6HYxZ-qmvgAHLlaUQcisA",
    "size": [
      0.6759889815809814,
      0.9843414976660856,
      1.6620307118407744
    ],
    "obj_class": "pedestrian",
    "point_num_in_lidar": 59,
    "speed": 0.89750391499236,
    "if_vehicle": false,
    "motion_state": false,
    "pose": [
      [
        0.9948944772239411,
        0.10058856497612717,
        -0.008180451414457949,
        32.95297431542038
      ],
      [
        -0.10085712936851655,
        0.993872093154614,
        -0.0452338579385919,
        -42.319597503199475
      ],
      [
        0.0035803135118599896,
        0.04582797229323827,
        0.9989429304573144,
        0.3426123543253219
      ],
      [
        0.0,
        0.0,
        0.0,
        1.0
      ]
    ],
    "location": [
      32.95297431542038,
      -42.319597503199475,
      0.3426123543253219
    ],
    "rotation": [
      0.04584432285191495,
      -0.0035803211610320024,
      -0.10102955573599293
    ]
  },
  {
    "label_id": "pz7xo7HxZhLHkt8SZMS4wg",
    "size": [
      0.6538178511620552,
      0.9079292511897701,
      1.7400000000000055
    ],
    "obj_class": "pedestrian",
    "point_num_in_lidar": 56,
    "speed": 1.4570469099395824,
    "if_vehicle": false,
    "motion_state": true,
    "pose": [
      [
        0.6841014183608748,
        0.7293410242206967,
        -0.008180451414457949,
        27.83821728501097
      ],
      [
        -0.7288719763521158,
        0.6831541115916321,
        -0.0452338579385919,
        -39.19631514592402
      ],
      [
        -0.027402399259923587,
        0.036907048163633466,
        0.9989429304573144,
        0.3101981460550398
      ],
      [
        0.0,
        0.0,
        0.0,
        1.0
      ]
    ],
    "location": [
      27.83821728501097,
      -39.19631514592402,
      0.3101981460550398
    ],
    "rotation": [
      0.03692930586280292,
      0.0274058297906101,
      -0.8170729171748666
    ]
  },
  {
    "label_id": "q5T3DlAO2c9XHbOijTcVEA",
    "size": [
      0.9125408189887391,
      0.7909272363024653,
      1.7899999999999991
    ],
    "obj_class": "pedestrian",
    "point_num_in_lidar": 171,
    "speed": 0.6260929929628515,
    "if_vehicle": false,
    "motion_state": false,
    "pose": [
      [
        0.6995160732676383,
        0.7145700409721077,
        -0.008180451414457949,
        16.35840047163694
      ],
      [
        -0.7141213238863505,
        0.6985589687827346,
        -0.0452338579385919,
        -27.931120507502783
      ],
      [
        -0.02660823201624511,
        0.03748364547803068,
        0.9989429304573144,
        0.3407972645629833
      ],
      [
        0.0,
        0.0,
        0.0,
        1.0
      ]
    ],
    "location": [
      16.35840047163694,
      -27.931120507502783,
      0.3407972645629833
    ],
    "rotation": [
      0.037505714163776266,
      0.02661137277954984,
      -0.7957294767942901
    ]
  },
  {
    "label_id": "uqZQ_toA0YqqDmkEqNV_iw",
    "size": [
      0.8147056283500791,
      0.9676938829072166,
      1.600000000000005
    ],
    "obj_class": "pedestrian",
    "point_num_in_lidar": 111,
    "speed": 1.5850573721223593,
    "if_vehicle": false,
    "motion_state": true,
    "pose": [
      [
        0.7222080060762407,
        0.6916275559678319,
        -0.008180451414457949,
        28.02422778683699
      ],
      [
        -0.6912099542327984,
        0.7212369217292499,
        -0.0452338579385919,
        -38.24550592227388
      ],
      [
        -0.025384939016545094,
        0.0383226637967575,
        0.9989429304573144,
        0.2549002538167997
      ],
      [
        0.0,
        0.0,
        0.0,
        1.0
      ]
    ],
    "location": [
      28.02422778683699,
      -38.24550592227388,
      0.2549002538167997
    ],
    "rotation": [
      0.038344412805620925,
      0.0253876661292628,
      -0.7634704078950757
    ]
  },
  {
    "label_id": "wd-dwWfxFi-2x2ASuoXg0g",
    "size": [
      1.9926852032151612,
      4.23777338934755,
      1.7800000000000047
    ],
    "obj_class": "vehicle",
    "point_num_in_lidar": 136,
    "speed": 5.439081940526849,
    "if_vehicle": true,
    "motion_state": true,
    "pose": [
      [
        -0.5520457429267905,
        0.8337736970731707,
        -0.008180451414457949,
        16.526877193625722
      ],
      [
        -0.832743791977709,
        -0.5518076431317144,
        -0.0452338579385919,
        -33.028208589090355
      ],
      [
        -0.04222883658110791,
        -0.018158938580189743,
        0.9989429304573144,
        0.34730694371729953
      ],
      [
        0.0,
        0.0,
        0.0,
        1.0
      ]
    ],
    "location": [
      16.526877193625722,
      -33.028208589090355,
      0.34730694371729953
    ],
    "rotation": [
      -0.01817615225505243,
      0.04224139759915767,
      -2.1562032901028405
    ]
  },
  {
    "label_id": "x8BpeQrGkEzAirIsNjwIeA",
    "size": [
      0.8221496866569697,
      0.9023545283156887,
      1.720000000000006
    ],
    "obj_class": "pedestrian",
    "point_num_in_lidar": 51,
    "speed": 1.0155991564389342,
    "if_vehicle": false,
    "motion_state": true,
    "pose": [
      [
        0.3326572598460325,
        0.9430123157660163,
        -0.008180451414457949,
        45.67572443871319
      ],
      [
        -0.9422016323889293,
        0.33197888791251207,
        -0.0452338579385919,
        -30.52383111450945
      ],
      [
        -0.03994034796250847,
        0.022755005910497294,
        0.9989429304573144,
        0.3670280830528583
      ],
      [
        0.0,
        0.0,
        0.0,
        1.0
      ]
    ],
    "location": [
      45.67572443871319,
      -30.52383111450945,
      0.3670280830528583
    ],
    "rotation": [
      0.022775146292106675,
      0.03995097460882781,
      -1.231394703149433
    ]
  },
  {
    "label_id": "yBNHyhO_RtHwkKawZhxD6Q",
    "size": [
      0.7515972622574802,
      0.870907410979146,
      1.7100000000000009
    ],
    "obj_class": "pedestrian",
    "point_num_in_lidar": 67,
    "speed": 0.05104668166300148,
    "if_vehicle": false,
    "motion_state": false,
    "pose": [
      [
        0.6098499394299557,
        -0.7924746882973203,
        -0.008180451414457949,
        33.018553764343295
      ],
      [
        0.7914642872285359,
        0.6095393179589131,
        -0.0452338579385919,
        -41.53238649818377
      ],
      [
        0.040832994246135616,
        0.02111133037608186,
        0.9989429304573144,
        0.2932068621800674
      ],
      [
        0.0,
        0.0,
        0.0,
        1.0
      ]
    ],
    "location": [
      33.018553764343295,
      -41.53238649818377,
      0.2932068621800674
    ],
    "rotation": [
      0.02113052465344,
      -0.040844349804261035,
      0.9142826191757545
    ]
  }
]