[
  {
    "label_id": "0OCxtJR_yEaJVNaM9OqfbQ",
    "size": [
      2.915222912169121,
      7.801972595825992,
      3.8199999999999648
    ],
    "obj_class": "vehicle",
    "point_num_in_lidar": 866,
    "speed": 1.1368770508004532e-12,
    "if_vehicle": true,
    "motion_state": false,
    "pose": [
      [
        0.6970801688352846,
        0.7168843733465892,
        -0.01249133571878522,
        40.21374885360915
      ],
      [
        -0.7168432848280539,
        0.6964724112083125,
        -0.0325865834754892,
        -45.256889121268614
      ],
      [
        -0.014660941767057529,
        0.03166979123940309,
        0.999390855025878,
        1.3317701957374837
      ],
      [
        0.0,
        0.0,
        0.0,
        1.0
      ]
    ],
    "location": [
      40.21374885360915,
      -45.256889121268614,
      1.3317701957374837
    ],
    "rotation": [
      0.03167849349601822,
      0.014661467029520887,
      -0.7993747538903582
    ]
  },
  {
    "label_id": "0Z5F5evo2eZXjutwBoKeDA",
    "size": [
      0.4309655212578024,
      0.06846260875542805,
      0.5654867157886976
    ],
    "obj_class": "sign",
    "point_num_in_lidar": 22,
    "speed": 0.004342793670736859,
    "if_vehicle": false,
    "motion_state": false,
    "pose": [
      [
        -0.8182051413368994,
        0.5747906690455449,
        -0.01249133571878522,
        47.3548258822062
      ],
      [
        -0.5741970817950918,
        -0.8180683503445147,
        -0.0325865834754892,
        -23.454823241541817
      ],
      [
        -0.028949230522851067,
        -0.019490021620800043,
        0.999390855025878,
        1.8853753979853494
      ],
      [
        0.0,
        0.0,
        0.0,
        1.0
      ]
    ],
    "location": [
      47.3548258822062,
      -23.454823241541817,
      1.8853753979853494
    ],
    "rotation": [
      -0.019499429321901476,
      0.028953275570650545,
      -2.5296754500964043
    ]
  },
  {
    "label_id": "0zDrRxGQLSyidFtDJd4m_A",
    "size": [
      2.8652083188931687,
      5.711556680080511,
      2.489999999999995
    ],
    "obj_class": "vehicle",
    "point_num_in_lidar": 1972,
    "speed": 3.084155443793747,
    "if_vehicle": true,
    "motion_state": true,
    "pose": [
      [
        -0.7092494685836092,
        0.7048469038350306,
        -0.01249133571878522,
        37.66693068387535
      ],
      [
        -0.7042387347344953,
        -0.7092150020106401,
        -0.0325865834754892,
        -13.56635630240271
      ],
      [
        -0.031827595156174164,
        -0.014315134551205021,
        0.999390855025878,
        0.4939561180806926
      ],
      [
        0.0,
        0.0,
        0.0,
        1.0
      ]
    ],
    "location": [
      37.66693068387535,
      -13.56635630240271,
      0.4939561180806926
    ],
    "rotation": [
      -0.014322880356110896,
      0.031832971143942894,
      -2.359739417449742
    ]
  },
  {
    "label_id": "1SW0MBgHGBrWD6fZmv_sBg",
    "size": [
      1.982953798663081,
      4.787881978925732,
      1.5400000000000027
    ],
    "obj_class": "vehicle",
    "point_num_in_lidar": 729,
    "speed": 0.22220931114784714,
    "if_vehicle": true,
    "motion_state": false,
    "pose": [
      [
        0.7019714644082398,
        -0.7120955200592911,
        -0.01249133571878522,
        14.472759224057626
      ],
      [
        0.7114870289883689,
        0.7019432471067011,
        -0.0325865834754892,
        -45.20741042294503
      ],
      [
        0.03197296886207799,
        0.013987428383695712,
        0.999390855025878,
        0.36799283660756643
      ],
      [
        0.0,
        0.0,
        0.0,
        1.0
      ]
    ],
    "location": [
      14.472759224057626,
      -45.20741042294503,
      0.36799283660756643
    ],
    "rotation": [
      0.01399504018222626,
      -0.03197841887465353,
      0.7921301763116537
    ]
  },
  {
    "label_id": "3x3ZXLKl-lWgN_FV9ytvUQ",
    "size": [
      2.0607104542576766,
      4.694385415658241,
      1.5400000000000027
    ],
    "obj_class": "vehicle",
    "point_num_in_lidar": 1025,
    "speed": 2.8888417547803322,
    "if_vehicle": true,
    "motion_state": true,
    "pose": [
      [
        0.7101586230668531,
        -0.7039308890905072,
        -0.01249133571878522,
        20.95813053778201
      ],
      [
        0.7033227649825221,
        0.7101233715592912,
        -0.0325865834754892,
        -38.724425006215824
      ],
      [
        0.0318090921142259,
        0.014356202475345513,
        0.999390855025878,
        0.29125798920549073
      ],
      [
        0.0,
        0.0,
        0.0,
        1.0
      ]
    ],
    "location": [
      20.95813053778201,
      -38.724425006215824,
      0.29125798920549073
    ],
    "rotation": [
      0.014363964858184019,
      -0.03181445872857195,
      0.7805620156780986
    ]
  },
  {
    "label_id": "6L39DYBXXN-_o2M2SgAr0A",
    "size": [
      0.8004371481686446,
      0.11463204214808968,
      0.823380178590412
    ],
    "obj_class": "sign",
    "point_num_in_lidar": 207,
    "speed": 0.00227730056177814,
    "if_vehicle": false,
    "motion_state": false,
    "pose": [
      [
        0.716683511220347,
        -0.697286677971719,
        -0.01249133571878522,
        34.24053600185219
      ],
      [
        0.6966789085321572,
        0.7166425978016081,
        -0.0325865834754892,
        -11.306235283493152
      ],
      [
        0.03167401381759422,
        0.014651816929216499,
        0.999390855025878,
        2.1475104175493875
      ],
      [
        0.0,
        0.0,
        0.0,
        1.0
      ]
    ],
    "location": [
      34.24053600185219,
      -11.306235283493152,
      2.1475104175493875
    ],
    "rotation": [
      0.014659697203736001,
      -0.03167931233291379,
      0.7712451997218838
    ]
  },
  {
    "label_id": "8VYrq0XdeiBiUdSAYPjqcQ",
    "size": [
      0.6882489019008692,
      1.004909005980474,
      1.860000000000003
    ],
    "obj_class": "pedestrian",
    "point_num_in_lidar": 54,
    "speed": 1.3364574029267786,
    "if_vehicle": false,
    "motion_state": true,
    "pose": [
      [
        -0.38194926708136245,
        0.924098871283788,
        -0.01249133571878522,
        49.03546627543466
      ],
      [
        -0.9235245894136177,
        -0.38215238757046144,
        -0.0325865834754892,
        -24.128865711345497
      ],
      [
        -0.03488681877757246,
        -0.0009103659842299606,
        0.999390855025878,
        0.28176966014597227
      ],
      [
        0.0,
        0.0,
        0.0,
        1.0
      ]
    ],
    "location": [
      49.03546627543466,
      -24.128865711345497,
      0.28176966014597227
    ],
    "rotation": [
      -0.0009109206151444262,
      0.0348938993900107,
      -1.9629526286242063
    ]
  },
  {
    "label_id": "9LV2zL8g-0uZ1xiZVzZYIA",
    "size": [
      0.9101829416508317,
      0.9486508881338631,
      1.7600000000000051
    ],
    "obj_class": "pedestrian",
    "point_num_in_lidar": 44,
    "speed": 1.5317495681851252,
    "if_vehicle": false,
    "motion_state": true,
    "pose": [
      [
        -0.7058833160327641,
        0.7082179824591787,
        -0.01249133571878522,
        15.898193055449013
      ],
      [
        -0.7076096560518272,
        -0.7058517473518147,
        -0.0325865834754892,
        -55.052566285021385
      ],
      [
        -0.03189543554811125,
        -0.014163335830259279,
        0.999390855025878,
        0.46976043356998787
      ],
      [
        0.0,
        0.0,
        0.0,
        1.0
      ]
    ],
    "location": [
      15.898193055449013,
      -55.052566285021385,
      0.46976043356998787
    ],
    "rotation": [
      -0.014171019939797753,
      0.03190084599642829,
      -2.35497316175648
    ]
  },
  {
    "label_id": "C8em1kIenRlg8YGuTTTf7g",
    "size": [
      0.7852210358360163,
      1.2072036134509911,
      1.970000000000006
    ],
    "obj_class": "pedestrian",
    "point_num_in_lidar": 109,
    "speed": 1.798480180035508,
    "if_vehicle": false,
    "motion_state": true,
    "pose": [
      [
        0.9098399091768955,
        0.4147713902873958,
        -0.01249133571878522,
        41.667689593293545
      ],
      [
        -0.4149538313582633,
        0.9092587268860789,
        -0.0325865834754892,
        -39.01020132659323
      ],
      [
        -0.002158126520075681,
        0.03483190176501666,
        0.999390855025878,
        0.4854703569864718
      ],
      [
        0.0,
        0.0,
        0.0,
        1.0
      ]
    ],
    "location": [
      41.667689593293545,
      -39.01020132659323,
      0.4854703569864718
    ],
    "rotation": [
      0.034839030144618865,
      0.002158128195328528,
      -0.42789312091521187
    ]
  },
  {
    "label_id": "CMZjVTrjReWzAq0DwIC4fA",
    "size": [
      2.178412746291509,
      4.939794431315422,
      1.860000000000003
    ],
    "obj_class": "vehicle",
    "point_num_in_lidar": 63,
    "speed": 0.1498214343867504,
    "if_vehicle": true,
    "motion_state": false,
    "pose": [
      [
        -0.7254939531892187,
        0.6881151723496878,
        -0.01249133571878522,
        56.435137968677935
      ],
      [
        -0.6875079724237154,
        -0.7254453131913025,
        -0.0325865834754892,
        0.8835916499956511
      ],
      [
        -0.03148510345721558,
        -0.015053476373677167,
        0.999390855025878,
        0.12133859844522732
      ],
      [
        0.0,
        0.0,
        0.0,
        1.0
      ]
    ],
    "location": [
      56.435137968677935,
      0.8835916499956511,
      0.12133859844522732
    ],
    "rotation": [
      -0.015061512711717077,
      0.03149030770456136,
      -2.3830711937229423
    ]
  },
  {
    "label_id": "FiBHFnlgGD3tCo4uGN8GOA",
    "size": [
      0.7792066223393063,
      0.8530859308161094,
      1.6800000000000033
    ],
    "obj_class": "pedestrian",
    "point_num_in_lidar": 28,
    "speed": 1.3518515173681822,
    "if_vehicle": false,
    "motion_state": true,
    "pose": [
      [
        0.7294914247769198,
        0.6838758861876184,
        -0.01249133571878522,
        46.64570353141379
      ],
      [
        -0.6838629515876107,
        0.728882417145095,
        -0.0325865834754892,
        -58.08256008577155
      ],
      [
        -0.013180463680047941,
        0.032313994922066845,
        0.999390855025878,
        0.47727573514303145
      ],
      [
        0.0,
        0.0,
        0.0,
        1.0
      ]
    ],
    "location": [
      46.64570353141379,
      -58.08256008577155,
      0.47727573514303145
    ],
    "rotation": [
      0.032322429948570194,
      0.01318084533839882,
      -0.7531255558725894
    ]
  },
  {
    "label_id": "G8ZifmyoUj0ZKarCYDaXdw",
    "size": [
      0.9191115219774735,
      1.1134257866036492,
      1.944807819718985
    ],
    "obj_class": "pedestrian",
    "point_num_in_lidar": 967,
    "speed": 0.8814768947646023,
    "if_vehicle": false,
    "motion_state": false,
    "pose": [
      [
        0.5436306876202089,
        0.8392315782962052,
        -0.01249133571878522,
        15.134628193798264
      ],
      [
        -0.8390725728480942,
        0.543042661373372,
        -0.0325865834754892,
        -26.54880799428065
      ],
      [
        -0.020564361688578447,
        0.02819620398184394,
        0.999390855025878,
        0.3977961754407495
      ],
      [
        0.0,
        0.0,
        0.0,
        1.0
      ]
    ],
    "location": [
      15.134628193798264,
      -26.54880799428065,
      0.3977961754407495
    ],
    "rotation": [
      0.028205907690458,
      0.02056581138514611,
      -0.9959025178639012
    ]
  },
  {
    "label_id": "HqTH657HXv5vkMKImjfSNA",
    "size": [
      0.792723892776366,
      1.8324840737910788,
      1.7400000000000055
    ],
    "obj_class": "cyclist",
    "point_num_in_lidar": 1732,
    "speed": 1.4998150435059225,
    "if_vehicle": false,
    "motion_state": true,
    "pose": [
      [
        0.7422023348297365,
        0.6700594456503456,
        -0.01249133571878522,
        18.44959352695345
      ],
      [
        -0.6700579471982941,
        0.7415931916986584,
        -0.0325865834754892,
        -18.205902055116894
      ],
      [
        -0.012571458534951613,
        0.032555757109126136,
        0.999390855025878,
        0.27588279997310394
      ],
      [
        0.0,
        0.0,
        0.0,
        1.0
      ]
    ],
    "location": [
      18.44959352695345,
      -18.205902055116894,
      0.27588279997310394
    ],
    "rotation": [
      0.03256408495624824,
      0.012571789694010464,
      -0.734358188409525
    ]
  },
  {
    "label_id": "JbaK1eVynVrY5IGp30MGEQ",
    "size": [
      0.7579103994437834,
      1.0900382483025783,
      1.8400000000000034
    ],
    "obj_class": "pedestrian",
    "point_num_in_lidar": 130,
    "speed": 1.5026647021859794,
    "if_vehicle": false,
    "motion_state": true,
    "pose": [
      [
        0.7420958220960128,
        -0.6701774073777804,
        -0.01249133571878522,
        36.22553764535425
      ],
      [
        0.6695715776833355,
        0.7420323557204525,
        -0.0325865834754892,
        -35.839927909666585
      ],
      [
        0.031107767298408195,
        0.01581852408894428,
        0.999390855025878,
        0.37125266964179104
      ],
      [
        0.0,
        0.0,
        0.0,
        1.0
      ]
    ],
    "location": [
      36.22553764535425,
      -35.839927909666585,
      0.37125266964179104
    ],
    "rotation": [
      0.015826844120707027,
      -0.031112786613512102,
      0.7340684103892361
    ]
  },
  {
    "label_id": "L1UCSHYGDwJLA62Yn_UZ4Q",
    "size": [
      0.796160156929527,
      0.8415275557149793,
      1.600000000000005
    ],
    "obj_class": "pedestrian",
    "point_num_in_lidar": 29,
    "speed": 1.4104265235557545,
    "if_vehicle": false,
    "motion_state": true,
    "pose": [
      [
        0.6520867648457778,
        0.7580414353087355,
        -0.01249133571878522,
        49.70802507970734
      ],
      [
        -0.7579633777204268,
        0.6514826418347895,
        -0.0325865834754892,
        -36.93190791240886
      ],
      [
        -0.01656409211544829,
        0.030717254809558888,
        0.999390855025878,
        0.23893592049566337
      ],
      [
        0.0,
        0.0,
        0.0,
        1.0
      ]
    ],
    "location": [
      49.70802507970734,
      -36.93190791240886,
      0.23893592049566337
    ],
    "rotation": [
      0.03072630419568429,
      0.016564849654954916,
      -0.8603446493108086
    ]
  },
  {
    "label_id": "LuGjsSla9JtMUjrFXNdg4A",
    "size": [
      0.6690978332697644,
      0.7656691073842301,
      1.5400000000000027
    ],
    "obj_class": "pedestrian",
    "point_num_in_lidar": 35,
    "speed": 1.3115802176185394,
    "if_vehicle": false,
    "motion_state": true,
    "pose": [
      [
        0.713722328269323,
        0.7003173599603094,
        -0.01249133571878522,
        48.343960034062036
      ],
      [
        -0.7002905545650401,
        0.7131137733660623,
        -0.0325865834754892,
        -61.004830426170884
      ],
      [
        -0.013913206560875635,
        0.032005336646234984,
        0.999390855025878,
        0.4213006272613562
      ],
      [
        0.0,
        0.0,
        0.0,
        1.0
      ]
    ],
    "location": [
      48.343960034062036,
      -61.004830426170884,
      0.4213006272613562
    ],
    "rotation": [
      0.032013903024197876,
      0.01391365548018104,
      -0.7758994028855651
    ]
  },
  {
    "label_id": "MOsVL9KVPc8ke5LC8dllMQ",
    "size": [
      0.7632756742585443,
      0.887403375355105,
      1.720000000000006
    ],
    "obj_class": "pedestrian",
    "point_num_in_lidar": 113,
    "speed": 1.3695451956424485,
    "if_vehicle": false,
    "motion_state": true,
    "pose": [
      [
        0.7551136541831676,
        -0.6554748933392524,
        -0.01249133571878522,
        30.818621410112158
      ],
      [
        0.6548704268278349,
        0.7550383027659752,
        -0.0325865834754892,
        -40.956199660589846
      ],
      [
        0.030791124248278515,
        0.016426367771710814,
        0.999390855025878,
        0.24349733907187243
      ],
      [
        0.0,
        0.0,
        0.0,
        1.0
      ]
    ],
    "location": [
      30.818621410112158,
      -40.956199660589846,
      0.24349733907187243
    ],
    "rotation": [
      0.016434900028667668,
      -0.030795991801867262,
      0.7144222959429741
    ]
  },
  {
    "label_id": "MSs5ysIlfn6HWkrilVdHNQ",
    "size": [
      2.7919716539132806,
      6.598391175076888,
      3.4099999999999753
    ],
    "obj_class": "vehicle",
    "point_num_in_lidar": 1168,
    "speed": 2.842257677890751e-13,
    "if_vehicle": true,
    "motion_state": false,
    "pose": [
      [
        0.7271898335828261,
        0.6863227465746291,
        -0.01249133571878522,
        46.40458313547346
      ],
      [
        -0.6863077660922102,
        0.726580872841362,
        -0.0325865834754892,
        -38.24104754797008
      ],
      [
        -0.01328894786287172,
        0.03226953292724117,
        0.999390855025878,
        0.9128143456066056
      ],
      [
        0.0,
        0.0,
        0.0,
        1.0
      ]
    ],
    "location": [
      46.40458313547346,
      -38.24104754797008,
      0.9128143456066056
    ],
    "rotation": [
      0.032277987252931115,
      0.013289339023429837,
      -0.7564835945415378
    ]
  },
  {
    "label_id": "O8ilGM7P1-uAp4PIMof2xA",
    "size": [
      0.7819962013957915,
      0.8654287857100659,
      1.7400000000000055
    ],
    "obj_class": "pedestrian",
    "point_num_in_lidar": 87,
    "speed": 1.404669432169437,
    "if_vehicle": false,
    "motion_state": true,
    "pose": [
      [
        0.7024546789810296,
        0.711618851991443,
        -0.01249133571878522,
        47.567476170132124
      ],
      [
        -0.7115823377490677,
        0.7018466293863403,
        -0.0325865834754892,
        -32.53535377538901
      ],
      [
        -0.014422225252388347,
        0.0317792119067449,
        0.999390855025878,
        0.31330796806446415
      ],
      [
        0.0,
        0.0,
        0.0,
        1.0
      ]
    ],
    "location": [
      47.567476170132124,
      -32.53535377538901,
      0.31330796806446415
    ],
    "rotation": [
      0.03178787064072147,
      0.014422725271064163,
      -0.7918531089806988
    ]
  },
  {
    "label_id": "PWtl2vvw-GpvZVVx_QogYQ",
    "size": [
      2.361967297285701,
      5.560553804636791,
      3.0699999999999967
    ],
    "obj_class": "vehicle",
    "point_num_in_lidar": 35,
    "speed": 1.421101083945723e-12,
    "if_vehicle": true,
    "motion_state": false,
    "pose": [
      [
        0.7108793172376582,
        0.7032030736961278,
        -0.01249133571878522,
        69.40159518537826
      ],
      [
        -0.7031738031186007,
        0.7102708759234878,
        -0.0325865834754892,
        -61.62043904143502
      ],
      [
        -0.014042753698783522,
        0.03194870825557313,
        0.999390855025878,
        1.390160633000459
      ],
      [
        0.0,
        0.0,
        0.0,
        1.0
      ]
    ],
    "location": [
      69.40159518537826,
      -61.62043904143502,
      1.390160633000459
    ],
    "rotation": [
      0.031957298068469156,
      0.014043215275748804,
      -0.77994897783308
    ]
  },
  {
    "label_id": "RWMpVmsqV3fQquqbNkvvCg",
    "size": [
      0.7667422906217154,
      0.8408777034491768,
      1.8700000000000045
    ],
    "obj_class": "pedestrian",
    "point_num_in_lidar": 33,
    "speed": 1.642565510346427,
    "if_vehicle": false,
    "motion_state": true,
    "pose": [
      [
        -0.7034461288610637,
        -0.7106388044023101,
        -0.01249133571878522,
        46.66531985568781
      ],
      [
        0.7106031379326829,
        -0.7028380289495011,
        -0.0325865834754892,
        -56.930763002703316
      ],
      [
        0.014377904945040213,
        -0.031799288357380155,
        0.999390855025878,
        0.5416684096940863
      ],
      [
        0.0,
        0.0,
        0.0,
        1.0
      ]
    ],
    "location": [
      46.66531985568781,
      -56.930763002703316,
      0.5416684096940863
    ],
    "rotation": [
      -0.03180793902331637,
      -0.014378400367826614,
      2.3511331757628473
    ]
  },
  {
    "label_id": "TKqe4rH2taY1WbBR8iZisQ",
    "size": [
      0.5727170316895891,
      0.778718401076449,
      1.8000000000000043
    ],
    "obj_class": "pedestrian",
    "point_num_in_lidar": 23,
    "speed": 1.6974995084283195,
    "if_vehicle": false,
    "motion_state": true,
    "pose": [
      [
        -0.7196573149218919,
        -0.6942170522332145,
        -0.01249133571878522,
        46.91285901689264
      ],
      [
        0.6941954276019843,
        -0.7190485539057104,
        -0.0325865834754892,
        -56.26345583677357
      ],
      [
        0.013640285037762429,
        -0.03212260130707069,
        0.999390855025878,
        0.6161071331096544
      ],
      [
        0.0,
        0.0,
        0.0,
        1.0
      ]
    ],
    "location": [
      46.91285901689264,
      -56.26345583677357,
      0.6161071331096544
    ],
    "rotation": [
      -0.03213111850365524,
      -0.013640708052454107,
      2.374201411631658
    ]
  },
  {
    "label_id": "TUgaysJsmRIFmjy8Ssx5VQ",
    "size": [
      0.7719195621634245,
      0.94966798220545,
      1.7562431769673594
    ],
    "obj_class": "pedestrian",
    "point_num_in_lidar": 483,
    "speed": 6.661338147750939e-15,
    "if_vehicle": false,
    "motion_state": false,
    "pose": [
      [
        0.6976314036468134,
        0.7163479539844709,
        -0.01249133571878522,
        16.973224814974714
      ],
      [
        -0.7163073329767726,
        0.697023614593579,
        -0.0325865834754892,
        -27.458819530364053
      ],
      [
        -0.014636576426201298,
        0.03168105934410012,
        0.999390855025878,
        0.23710907362331568
      ],
      [
        0.0,
        0.0,
        0.0,
        1.0
      ]
    ],
    "location": [
      16.973224814974714,
      -27.458819530364053,
      0.23710907362331568
    ],
    "rotation": [
      0.0316897571538327,
      0.014637099074010985,
      -0.798605838435904
    ]
  },
  {
    "label_id": "Tiut5u-i-6xhzq8sb7ngiw",
    "size": [
      2.118142663109384,
      4.7834013913174385,
      1.600000000000005
    ],
    "obj_class": "vehicle",
    "point_num_in_lidar": 231,
    "speed": 0.8939564755036091,
    "if_vehicle": true,
    "motion_state": false,
    "pose": [
      [
        -0.7127690561770809,
        0.7012875580590278,
        -0.01249133571878522,
        49.9762876761948
      ],
      [
        -0.7006795691191603,
        -0.7127315455319646,
        -0.0325865834754892,
        -5.665389096360741
      ],
      [
        -0.0317555345636209,
        -0.014474284618698888,
        0.999390855025878,
        0.010367535114255588
      ],
      [
        0.0,
        0.0,
        0.0,
        1.0
      ]
    ],
    "location": [
      49.9762876761948,
      -5.665389096360741,
      0.010367535114255588
    ],
    "rotation": [
      -0.014482094397224025,
      0.03176087410779638,
      -2.3647474662570085
    ]
  },
  {
    "label_id": "Tov0HyAq_t8HymrS0CT9vw",
    "size": [
      0.7490827386699532,
      0.9724051198497766,
      1.7400000000000055
    ],
    "obj_class": "pedestrian",
    "point_num_in_lidar": 45,
    "speed": 1.6175216085144295,
    "if_vehicle": false,
    "motion_state": true,
    "pose": [
      [
        -0.6391071536768149,
        -0.7690162629301678,
        -0.01249133571878522,
        45.59138470578044
      ],
      [
        0.7689279475705,
        -0.6385044447945634,
        -0.0325865834754892,
        -54.458096331045454
      ],
      [
        0.017083839268117205,
        -0.03043125574973142,
        0.999390855025878,
        0.4367848440778772
      ],
      [
        0.0,
        0.0,
        0.0,
        1.0
      ]
    ],
    "location": [
      45.59138470578044,
      -54.458096331045454,
      0.4367848440778772
    ],
    "rotation": [
      -0.030440398403093392,
      -0.01708467038522984,
      2.264254454714671
    ]
  },
  {
    "label_id": "USoOrhvBXzxA1F9tKyPuhw",
    "size": [
      0.8762609952675903,
      1.1096432092129922,
      1.8000000000000043
    ],
    "obj_class": "pedestrian",
    "point_num_in_lidar": 168,
    "speed": 1.5216422775395566,
    "if_vehicle": false,
    "motion_state": true,
    "pose": [
      [
        0.9900722928459483,
        -0.1400029337932866,
        -0.01249133571878522,
        31.969482129515754
      ],
      [
        0.13953641517920326,
        0.9896806067698467,
        -0.0325865834754892,
        -36.740138776051026
      ],
      [
        0.016924650002401537,
        0.030520077210594253,
        0.999390855025878,
        0.2825891606319857
      ],
      [
        0.0,
        0.0,
        0.0,
        1.0
      ]
    ],
    "location": [
      31.969482129515754,
      -36.740138776051026,
      0.2825891606319857
    ],
    "rotation": [
      0.03052919143349103,
      -0.01692545810001658,
      0.14001342082022394
    ]
  },
  {
    "label_id": "Uph7Bupn-NZT69nwJN3_Xg",
    "size": [
      0.8816070097570294,
      0.7533489406365573,
      1.5200000000000031
    ],
    "obj_class": "pedestrian",
    "point_num_in_lidar": 54,
    "speed": 0.7354915735429789,
    "if_vehicle": false,
    "motion_state": false,
    "pose": [
      [
        -0.8322087663055547,
        0.5543216898301447,
        -0.01249133571878522,
        43.45513452235707
      ],
      [
        -0.5537316776926281,
        -0.8320572959220432,
        -0.0325865834754892,
        -53.01475745257267
      ],
      [
        -0.028456957038551098,
        -0.020201992148065052,
        0.999390855025878,
        0.38435079892333945
      ],
      [
        0.0,
        0.0,
        0.0,
        1.0
      ]
    ],
    "location": [
      43.45513452235707,
      -53.01475745257267,
      0.38435079892333945
    ],
    "rotation": [
      -0.020211552954834212,
      0.028460799171889803,
      -2.5544841728259446
    ]
  },
  {
    "label_id": "UqcFa0VqEE65siIegDRVag",
    "size": [
      0.8713121763824957,
      1.0622914136234558,
      1.7500000000000036
    ],
    "obj_class": "pedestrian",
    "point_num_in_lidar": 85,
    "speed": 1.4440385934855668,
    "if_vehicle": false,
    "motion_state": true,
    "pose": [
      [
        0.6965238565228267,
        0.7174248976907126,
        -0.01249133571878522,
        36.86818467181682
      ],
      [
        -0.7173833377339162,
        0.6959161309519568,
        -0.0325865834754892,
        -46.84763070267036
      ],
      [
        -0.01468550429215371,
        0.03165840890394778,
        0.999390855025878,
        0.40834182699166277
      ],
      [
        0.0,
        0.0,
        0.0,
        1.0
      ]
    ],
    "location": [
      36.86818467181682,
      -46.84763070267036,
      0.40834182699166277
    ],
    "rotation": [
      0.03166711564436239,
      0.014686032199243235,
      -0.8001501698341618
    ]
  },
  {
    "label_id": "Wpqa9KCQJuuTRKatLAsU9w",
    "size": [
      0.7462867831478973,
      1.0096800683498657,
      1.7500000000000036
    ],
    "obj_class": "pedestrian",
    "point_num_in_lidar": 93,
    "speed": 1.342035207529918,
    "if_vehicle": false,
    "motion_state": true,
    "pose": [
      [
        -0.6355629573606633,
        0.7719479864362161,
        -0.01249133571878522,
        41.28691134140438
      ],
      [
        -0.7713394070900842,
        -0.6355892019593414,
        -0.0325865834754892,
        -31.57863810571689
      ],
      [
        -0.033094505599648466,
        -0.011075765876871051,
        0.999390855025878,
        0.08030401030124068
      ],
      [
        0.0,
        0.0,
        0.0,
        1.0
      ]
    ],
    "location": [
      41.28691134140438,
      -31.57863810571689,
      0.08030401030124068
    ],
    "rotation": [
      -0.011082063043397044,
      0.03310054968482172,
      -2.259985067738308
    ]
  },
  {
    "label_id": "Xy98zdoatT6_n9amwOgVzw",
    "size": [
      0.7448026040396591,
      0.9925613864265626,
      1.730000000000004
    ],
    "obj_class": "pedestrian",
    "point_num_in_lidar": 48,
    "speed": 1.7509423156298618,
    "if_vehicle": false,
    "motion_state": true,
    "pose": [
      [
        -0.6899049938292942,
        0.7237921428292534,
        -0.01249133571878522,
        50.71446865952214
      ],
      [
        -0.723183263479683,
        -0.6898870066904221,
        -0.0325865834754892,
        -21.206223829974988
      ],
      [
        -0.03220352328980655,
        -0.013448121741243728,
        0.999390855025878,
        0.1474108061400976
      ],
      [
        0.0,
        0.0,
        0.0,
        1.0
      ]
    ],
    "location": [
      50.71446865952214,
      -21.206223829974988,
      0.1474108061400976
    ],
    "rotation": [
      -0.013455506488516652,
      0.032209092090457137,
      -2.3326488132405188
    ]
  },
  {
    "label_id": "Y4WRE-DC5UX_A82GcFlyAw",
    "size": [
      0.8315503518907366,
      0.9516061533592971,
      1.740000000000002
    ],
    "obj_class": "pedestrian",
    "point_num_in_lidar": 112,
    "speed": 1.5622846368162955,
    "if_vehicle": false,
    "motion_state": true,
    "pose": [
      [
        0.7439503294197714,
        -0.6681181586277792,
        -0.01249133571878522,
        37.2996728055023
      ],
      [
        0.667512507153324,
        0.7438851842665498,
        -0.0325865834754892,
        -34.82871608109235
      ],
      [
        0.031063807720518134,
        0.015904676687914874,
        0.999390855025878,
        0.3289049916681037
      ],
      [
        0.0,
        0.0,
        0.0,
        1.0
      ]
    ],
    "location": [
      37.2996728055023,
      -34.82871608109235,
      0.3289049916681037
    ],
    "rotation": [
      0.015913027521680334,
      -0.03106880578056716,
      0.7312959747301622
    ]
  },
  {
    "label_id": "_CuXoK6hvB75S9LCO7CUjQ",
    "size": [
      0.9248528456285123,
      0.9846531429257308,
      1.8000000000000007
    ],
    "obj_class": "pedestrian",
    "point_num_in_lidar": 1220,
    "speed": 1.1184384131540146,
    "if_vehicle": false,
    "motion_state": true,
    "pose": [
      [
        0.9301915055232075,
        -0.3668620034623774,
        -0.01249133571878522,
        17.8616010168098
      ],
      [
        0.36631705462756087,
        0.9299193137398447,
        -0.0325865834754892,
        -22.33260714338394
      ],
      [
        0.023570713639118727,
        0.025735973834053523,
        0.999390855025878,
        0.20234196755599143
      ],
      [
        0.0,
        0.0,
        0.0,
        1.0
      ]
    ],
    "location": [
      17.8616010168098,
      -22.33260714338394,
      0.20234196755599143
    ],
    "rotation": [
      0.02574597020495198,
      -0.02357289674874689,
      0.3751572597968732
    ]
  },
  {
    "label_id": "_hHL2rZg7Bbfjm__kmk14Q",
    "size": [
      1.9780500620666475,
      4.596211258606762,
      1.5200000000000031
    ],
    "obj_class": "vehicle",
    "point_num_in_lidar": 828,
    "speed": 5.203912587926235,
    "if_vehicle": true,
    "motion_state": true,
    "pose": [
      [
        -0.7099333799882991,
        0.7041580522229012,
        -0.01249133571878522,
        36.77980882576131
      ],
      [
        -0.703549916868117,
        -0.7098983230380679,
        -0.0325865834754892,
        -19.007435070045176
      ],
      [
        -0.03181368342797059,
        -0.014346025142501818,
        0.999390855025878,
        0.16430582313165232
      ],
      [
        0.0,
        0.0,
        0.0,
        1.0
      ]
    ],
    "location": [
      36.77980882576131,
      -19.007435070045176,
      0.16430582313165232
    ],
    "rotation": [
      -0.014353783421559924,
      0.03181905236720434,
      -2.3607105815655056
    ]
  },
  {
    "label_id": "cRHbXSVzCHNJres5pwPUzA",
    "size": [
      2.903487755108476,
      6.717178148575322,
      3.4999999999999716
    ],
    "obj_class": "vehicle",
    "point_num_in_lidar": 44,
    "speed": 2.8421709430404007e-13,
    "if_vehicle": true,
    "motion_state": false,
    "pose": [
      [
        0.7304394789111867,
        0.6828631884791528,
        -0.01249133571878522,
        55.095431751148254
      ],
      [
        -0.682851098781354,
        0.7298304539209726,
        -0.0325865834754892,
        -60.08228132309341
      ],
      [
        -0.013135621075994352,
        0.03233224937415147,
        0.999390855025878,
        1.3757971483947742
      ],
      [
        0.0,
        0.0,
        0.0,
        1.0
      ]
    ],
    "location": [
      55.095431751148254,
      -60.08228132309341,
      1.3757971483947742
    ],
    "rotation": [
      0.03234067644014678,
      0.013135998851945848,
      -0.7517388382956333
    ]
  },
  {
    "label_id": "culUsWFICYC98uNAg8zqKg",
    "size": [
      3.0801833974730073,
      11.429831044020531,
      2.779999999999987
    ],
    "obj_class": "vehicle",
    "point_num_in_lidar": 414,
    "speed": 0.1546404742716661,
    "if_vehicle": true,
    "motion_state": false,
    "pose": [
      [
        0.6831911939263691,
        -0.7301326996330345,
        -0.01249133571878522,
        8.177401157127974
      ],
      [
        0.7295236801342959,
        0.6831788306883555,
        -0.0325865834754892,
        -53.72611611020875
      ],
      [
        0.03232634629487153,
        0.01315014166723958,
        0.999390855025878,
        1.0182050868177903
      ],
      [
        0.0,
        0.0,
        0.0,
        1.0
      ]
    ],
    "location": [
      8.177401157127974,
      -53.72611611020875,
      1.0182050868177903
    ],
    "rotation": [
      0.01315739758291283,
      -0.03233197907653026,
      0.8181831829333607
    ]
  },
  {
    "label_id": "dWGM_6Sr_Eaoh5yFictcbQ",
    "size": [
      1.0000000000000449,
      1.0,
      1.9100000000000001
    ],
    "obj_class": "pedestrian",
    "point_num_in_lidar": 773,
    "speed": 1.3146551022932405,
    "if_vehicle": false,
    "motion_state": true,
    "pose": [
      [
        0.76500059085684,
        -0.6439084271234896,
        -0.01249133571878522,
        18.763629837297913
      ],
      [
        0.6433051772237119,
        0.764916049991477,
        -0.0325865834754892,
        -23.037747366850454
      ],
      [
        0.030537598888161176,
        0.01689301467442097,
        0.999390855025878,
        0.29167610986214143
      ],
      [
        0.0,
        0.0,
        0.0,
        1.0
      ]
    ],
    "location": [
      18.763629837297913,
      -23.037747366850454,
      0.29167610986214143
    ],
    "rotation": [
      0.01690170163519831,
      -0.030542347161605074,
      0.6991996541102551
    ]
  },
  {
    "label_id": "fQ2n6--00V_n1eOOacR5TA",
    "size": [
      0.7618255677031853,
      0.9345899953471253,
      1.850000000000005
    ],
    "obj_class": "pedestrian",
    "point_num_in_lidar": 883,
    "speed": 0.5485974213015449,
    "if_vehicle": false,
    "motion_state": false,
    "pose": [
      [
        0.931532934909523,
        0.36344237192546885,
        -0.01249133571878522,
        16.27984263791025
      ],
      [
        -0.3636569059178511,
        0.9309628184603562,
        -0.0325865834754892,
        -25.774379041078646
      ],
      [
        -0.00021437608418427618,
        0.03489803624187118,
        0.999390855025878,
        0.3860068032764019
      ],
      [
        0.0,
        0.0,
        0.0,
        1.0
      ]
    ],
    "location": [
      16.27984263791025,
      -25.774379041078646,
      0.3860068032764019
    ],
    "rotation": [
      0.034905124491473795,
      0.00021437608582629362,
      -0.3721905949611374
    ]
  },
  {
    "label_id": "hGZX2N3Zly2psnSENmTj-A",
    "size": [
      2.1384752959993087,
      4.888177290087686,
      1.5899999999999999
    ],
    "obj_class": "vehicle",
    "point_num_in_lidar": 744,
    "speed": 1.2492664629802495,
    "if_vehicle": true,
    "motion_state": true,
    "pose": [
      [
        0.7319319757788536,
        -0.6812632012404783,
        -0.01249133571878522,
        24.75698015611249
      ],
      [
        0.6806564855002043,
        0.7318776286537972,
        -0.0325865834754892,
        -40.448029972832956
      ],
      [
        0.031342169340584834,
        0.015348853757545834,
        0.999390855025878,
        0.1807812026335327
      ],
      [
        0.0,
        0.0,
        0.0,
        1.0
      ]
    ],
    "location": [
      24.75698015611249,
      -40.448029972832956,
      0.1807812026335327
    ],
    "rotation": [
      0.015357001767235758,
      -0.03134730301069305,
      0.7491151347382002
    ]
  },
  {
    "label_id": "hgO3zRhEBlBJHykxs4_HqQ",
    "size": [
      0.7656421592371774,
      1.0828474020012604,
      1.8984507849923276
    ],
    "obj_class": "pedestrian",
    "point_num_in_lidar": 720,
    "speed": 1.454057869744355,
    "if_vehicle": false,
    "motion_state": true,
    "pose": [
      [
        0.9113366792741565,
        -0.41147226339270293,
        -0.01249133571878522,
        18.39983958136625
      ],
      [
        0.41091477403524107,
        0.9110911936008173,
        -0.0325865834754892,
        -24.16711727670372
      ],
      [
        0.024789221228591337,
        0.02456447437915946,
        0.999390855025878,
        0.2812035438851552
      ],
      [
        0.0,
        0.0,
        0.0,
        1.0
      ]
    ],
    "location": [
      18.39983958136625,
      -24.16711727670372,
      0.2812035438851552
    ],
    "rotation": [
      0.024574498734737354,
      -0.024791760782996587,
      0.4235957910847083
    ]
  },
  {
    "label_id": "jkjRLcw59twUELYWSONreA",
    "size": [
      2.4513075993689077,
      5.635550788292107,
      2.1400000000000006
    ],
    "obj_class": "vehicle",
    "point_num_in_lidar": 53,
    "speed": 8.425971569330027,
    "if_vehicle": true,
    "motion_state": true,
    "pose": [
      [
        0.7238400537587371,
        -0.6898547260884057,
        -0.01249133571878522,
        66.55134401514434
      ],
      [
        0.6892474111523608,
        0.7237928714744043,
        -0.0325865834754892,
        2.616875351372073
      ],
      [
        0.031521148366090906,
        0.014977853528703946,
        0.999390855025878,
        0.3104988490802221
      ],
      [
        0.0,
        0.0,
        0.0,
        1.0
      ]
    ],
    "location": [
      66.55134401514434,
      2.616875351372073,
      0.3104988490802221
    ],
    "rotation": [
      0.014985860851465709,
      -0.03152637051309289,
      0.7609228667659478
    ]
  },
  {
    "label_id": "lhHFPkjsC18bVySvOy8gPg",
    "size": [
      2.9661909245591214,
      11.160713238735097,
      4.1399999999999935
    ],
    "obj_class": "vehicle",
    "point_num_in_lidar": 526,
    "speed": 0.0019059578122496612,
    "if_vehicle": true,
    "motion_state": false,
    "pose": [
      [
        0.7039210333129579,
        0.7101683922786048,
        -0.01249133571878522,
        60.75176527650115
      ],
      [
        -0.7101331323313901,
        0.7033129096942581,
        -0.0325865834754892,
        -53.39671362822446
      ],
      [
        -0.014356643926294066,
        0.031808892873189235,
        0.999390855025878,
        1.5918554233717437
      ],
      [
        0.0,
        0.0,
        0.0,
        1.0
      ]
    ],
    "location": [
      60.75176527650115,
