[
  {
    "label_id": "0OCxtJR_yEaJVNaM9OqfbQ",
    "size": [
      2.9152229121691224,
      7.801972595825992,
      3.8199999999999648
    ],
    "obj_class": "vehicle",
    "point_num_in_lidar": 865,
    "speed": 1.1368770508004532e-12,
    "if_vehicle": true,
    "motion_state": false,
    "pose": [
      [
        0.6970764588015333,
        0.7168805579099442,
        -0.012910316628236764,
        40.213748853611136
      ],
      [
        -0.7167783675009906,
        0.6963066900006434,
        -0.03722586927075042,
        -45.256889121268614
      ],
      [
        -0.0176969620932304,
        0.03520311280377197,
        0.9992234776973546,
        1.3488336105747116
      ],
      [
        0.0,
        0.0,
        0.0,
        1.0
      ]
    ],
    "location": [
      40.213748853611136,
      -45.256889121268614,
      1.3488336105747116
    ],
    "rotation": [
      0.035215905039059435,
      0.017697885953146614,
      -0.7993321495715477
    ]
  },
  {
    "label_id": "0Z5F5evo2eZXjutwBoKeDA",
    "size": [
      0.4309655212577979,
      0.06846260875542805,
      0.5654867157886976
    ],
    "obj_class": "sign",
    "point_num_in_lidar": 20,
    "speed": 0.010297780778905958,
    "if_vehicle": false,
    "motion_state": false,
    "pose": [
      [
        -0.8182007866459965,
        0.5747876098668369,
        -0.012910316628236764,
        47.366669777337165
      ],
      [
        -0.5740437284745813,
        -0.817978014653229,
        -0.03722586927075042,
        -23.4643489665541
      ],
      [
        -0.031957323587459646,
        -0.023047149227848604,
        0.9992234776973546,
        1.9113735433888586
      ],
      [
        0.0,
        0.0,
        0.0,
        1.0
      ]
    ],
    "location": [
      47.366669777337165,
      -23.4643489665541,
      1.9113735433888586
    ],
    "rotation": [
      -0.02306097088552148,
      0.031962765600963984,
      -2.529798538552642
    ]
  },
  {
    "label_id": "0zDrRxGQLSyidFtDJd4m_A",
    "size": [
      2.8652083188941404,
      5.711556680080511,
      2.489999999999995
    ],
    "obj_class": "vehicle",
    "point_num_in_lidar": 1457,
    "speed": 0.024390829752707174,
    "if_vehicle": true,
    "motion_state": false,
    "pose": [
      [
        -0.7070951053036444,
        0.7070005910748496,
        -0.012910316628236764,
        39.72562482183493
      ],
      [
        -0.706229472722975,
        -0.7070036538197421,
        -0.03722586927075042,
        -11.562193047659093
      ],
      [
        -0.0354463526058288,
        -0.017204583846974656,
        0.9992234776973546,
        0.4511084873696056
      ],
      [
        0.0,
        0.0,
        0.0,
        1.0
      ]
    ],
    "location": [
      39.72562482183493,
      -11.562193047659093,
      0.4511084873696056
    ],
    "rotation": [
      -0.017216252808441135,
      0.03545377953143946,
      -2.356806969792492
    ]
  },
  {
    "label_id": "1SW0MBgHGBrWD6fZmv_sBg",
    "size": [
      1.9829537986642192,
      4.787881978925732,
      1.5400000000000027
    ],
    "obj_class": "vehicle",
    "point_num_in_lidar": 366,
    "speed": 3.4106405487355563e-12,
    "if_vehicle": true,
    "motion_state": false,
    "pose": [
      [
        0.7018401721049262,
        -0.7122174503227833,
        -0.012910316628236764,
        14.419680010519912
      ],
      [
        0.7114456758897879,
        0.7017544334842211,
        -0.03722586927075042,
        -45.261274455862804
      ],
      [
        0.03557278562961332,
        0.016941621556211883,
        0.9992234776973546,
        0.37399307933213066
      ],
      [
        0.0,
        0.0,
        0.0,
        1.0
      ]
    ],
    "location": [
      14.419680010519912,
      -45.261274455862804,
      0.37399307933213066
    ],
    "rotation": [
      0.016953162971940945,
      -0.03558029234233563,
      0.7921946341176822
    ]
  },
  {
    "label_id": "3x3ZXLKl-lWgN_FV9ytvUQ",
    "size": [
      2.0607104542587775,
      4.694385415658241,
      1.5400000000000027
    ],
    "obj_class": "vehicle",
    "point_num_in_lidar": 963,
    "speed": 2.220446049250313e-15,
    "if_vehicle": true,
    "motion_state": false,
    "pose": [
      [
        0.70673502192577,
        -0.7073605392642002,
        -0.012910316628236764,
        19.846270161638728
      ],
      [
        0.7065893744468721,
        0.7066439630930239,
        -0.03722586927075042,
        -39.83779277337453
      ],
      [
        0.03545510826889963,
        0.017186532985012774,
        0.9992234776973546,
        0.3162577477923989
      ],
      [
        0.0,
        0.0,
        0.0,
        1.0
      ]
    ],
    "location": [
      19.846270161638728,
      -39.83779277337453,
      0.3162577477923989
    ],
    "rotation": [
      0.017198193266968625,
      -0.03546254070156018,
      0.7852951102846908
    ]
  },
  {
    "label_id": "6L39DYBXXN-_o2M2SgAr0A",
    "size": [
      0.8004371481686445,
      0.11463204214808968,
      0.823380178590412
    ],
    "obj_class": "sign",
    "point_num_in_lidar": 204,
    "speed": 0.0022773005617216413,
    "if_vehicle": false,
    "motion_state": false,
    "pose": [
      [
        0.7166796968527323,
        -0.6972829668388827,
        -0.012910316628236764,
        34.24850564445576
      ],
      [
        0.6965131686283587,
        0.7165777282223614,
        -0.03722586927075042,
        -11.30613475919381
      ],
      [
        0.03520820992835853,
        0.017686819161312272,
        0.9992234776973546,
        2.1475104175494657
      ],
      [
        0.0,
        0.0,
        0.0,
        1.0
      ]
    ],
    "location": [
      34.24850564445576,
      -11.30613475919381,
      2.1475104175494657
    ],
    "rotation": [
      0.017698715803777715,
      -0.03521548811113282,
      0.7711289436809907
    ]
  },
  {
    "label_id": "9LV2zL8g-0uZ1xiZVzZYIA",
    "size": [
      0.9101829416494409,
      0.9486508881338631,
      1.7600000000000051
    ],
    "obj_class": "pedestrian",
    "point_num_in_lidar": 55,
    "speed": 1.5855047679415017,
    "if_vehicle": false,
    "motion_state": true,
    "pose": [
      [
        -0.7505931468179096,
        0.6606385181584153,
        -0.012910316628236764,
        19.907774039337212
      ],
      [
        -0.6598747696996334,
        -0.7504528785812556,
        -0.03722586927075042,
        -51.29534706602317
      ],
      [
        -0.03428142738924318,
        -0.01942229014715759,
        0.9992234776973546,
        0.4833208605220207
      ],
      [
        0.0,
        0.0,
        0.0,
        1.0
      ]
    ],
    "location": [
      19.907774039337212,
      -51.29534706602317,
      0.4833208605220207
    ],
    "rotation": [
      -0.01943493637233944,
      0.034288145624606664,
      -2.420423949905076
    ]
  },
  {
    "label_id": "C8em1kIenRlg8YGuTTTf7g",
    "size": [
      0.7852210358381517,
      1.2072036134509911,
      1.970000000000006
    ],
    "obj_class": "pedestrian",
    "point_num_in_lidar": 141,
    "speed": 1.7190061447646592,
    "if_vehicle": false,
    "motion_state": true,
    "pose": [
      [
        0.9997730878927278,
        -0.01694392073867804,
        -0.012910316628236764,
        35.66188535652262
      ],
      [
        0.016453017028331764,
        0.999171423174073,
        -0.03722586927075042,
        -37.42846898792595
      ],
      [
        0.013530371617415219,
        0.037005008610983624,
        0.9992234776973546,
        0.5101365439345074
      ],
      [
        0.0,
        0.0,
        0.0,
        1.0
      ]
    ],
    "location": [
      35.66188535652262,
      -37.42846898792595,
      0.5101365439345074
    ],
    "rotation": [
      0.0370168494735113,
      -0.013530784487773924,
      0.016455265874433456
    ]
  },
  {
    "label_id": "CMZjVTrjReWzAq0DwIC4fA",
    "size": [
      2.1784127462930143,
      4.939794431315422,
      1.860000000000003
    ],
    "obj_class": "vehicle",
    "point_num_in_lidar": 96,
    "speed": 0.024365317925327097,
    "if_vehicle": true,
    "motion_state": false,
    "pose": [
      [
        -0.7267088399447998,
        0.6868242756853036,
        -0.012910316628236764,
        56.51823763758418
      ],
      [
        -0.6860560359420936,
        -0.7265957268003012,
        -0.03722586927075042,
        0.9597617060753691
      ],
      [
        -0.034948211592354665,
        -0.018195167624958396,
        0.9992234776973546,
        0.1213385984452735
      ],
      [
        0.0,
        0.0,
        0.0,
        1.0
      ]
    ],
    "location": [
      56.51823763758418,
      0.9597617060753691,
      0.1213385984452735
    ],
    "rotation": [
      -0.018207295351421997,
      0.03495532966512951,
      -2.3849619021036204
    ]
  },
  {
    "label_id": "Em1g7-nMbotXR-DrtWI2ig",
    "size": [
      1.7290692349586816,
      3.5947345219723577,
      1.3300000000000054
    ],
    "obj_class": "vehicle",
    "point_num_in_lidar": 38,
    "speed": 4.9615291189954,
    "if_vehicle": true,
    "motion_state": true,
    "pose": [
      [
        0.7078589067547573,
        0.7062358613469855,
        -0.012910316628236764,
        67.12860351573045
      ],
      [
        -0.7061453465303091,
        0.7070876778947762,
        -0.03722586927075042,
        -63.94869402671611
      ],
      [
        -0.017161518043272445,
        0.03546722313425117,
        0.9992234776973546,
        0.25077109808610487
      ],
      [
        0.0,
        0.0,
        0.0,
        1.0
      ]
    ],
    "location": [
      67.12860351573045,
      -63.94869402671611,
      0.25077109808610487
    ],
    "rotation": [
      0.035479890497057055,
      0.017162360550078682,
      -0.7841863145775915
    ]
  },
  {
    "label_id": "FI9gXqHphltRJYHwCug7Ng",
    "size": [
      1.8594440137328747,
      4.194035097474454,
      1.5400000000000027
    ],
    "obj_class": "vehicle",
    "point_num_in_lidar": 25,
    "speed": 9.353244312942797,
    "if_vehicle": true,
    "motion_state": true,
    "pose": [
      [
        0.7010375138644506,
        0.7130075230173303,
        -0.012910316628236764,
        69.93847566349352
      ],
      [
        -0.7129095989486035,
        0.7002671907093594,
        -0.03722586927075042,
        -70.95210657264579
      ],
      [
        -0.01750165368448102,
        0.03530061949474569,
        0.9992234776973546,
        0.36053135825428484
      ],
      [
        0.0,
        0.0,
        0.0,
        1.0
      ]
    ],
    "location": [
      69.93847566349352,
      -70.95210657264579,
      0.36053135825428484
    ],
    "rotation": [
      0.03531336620219276,
      0.017502547290070825,
      -0.7937943799145321
    ]
  },
  {
    "label_id": "FiBHFnlgGD3tCo4uGN8GOA",
    "size": [
      0.7792066223393019,
      0.8530859308161094,
      1.6800000000000033
    ],
    "obj_class": "pedestrian",
    "point_num_in_lidar": 36,
    "speed": 1.3077502553969156,
    "if_vehicle": false,
    "motion_state": true,
    "pose": [
      [
        0.7013052981065444,
        0.7127441354176474,
        -0.012910316628236764,
        43.33295412545759
      ],
      [
        -0.7126465007195397,
        0.7005349382216652,
        -0.03722586927075042,
        -54.82446417113351
      ],
      [
        -0.01748839214696739,
        0.03530719131449309,
        0.9992234776973546,
        0.3964983756365221
      ],
      [
        0.0,
        0.0,
        0.0,
        1.0
      ]
    ],
    "location": [
      43.33295412545759,
      -54.82446417113351,
      0.3964983756365221
    ],
    "rotation": [
      0.035319934929304485,
      0.01748928372257306,
      -0.7934189173006257
    ]
  },
  {
    "label_id": "G8ZifmyoUj0ZKarCYDaXdw",
    "size": [
      0.9191115219774744,
      1.1134257866036492,
      1.944807819718985
    ],
    "obj_class": "pedestrian",
    "point_num_in_lidar": 1306,
    "speed": 1.375665264240541,
    "if_vehicle": false,
    "motion_state": true,
    "pose": [
      [
        0.5436277942827001,
        0.839227111697355,
        -0.012910316628236764,
        12.960408702660729
      ],
      [
        -0.8389765369121802,
        0.5428928118587333,
        -0.03722586927075042,
        -22.77400149760615
      ],
      [
        -0.024232040652225176,
        0.03106846993711202,
        0.9992234776973546,
        0.5641292229001138
      ],
      [
        0.0,
        0.0,
        0.0,
        1.0
      ]
    ],
    "location": [
      12.960408702660729,
      -22.77400149760615,
      0.5641292229001138
    ],
    "rotation": [
      0.03108260025163537,
      0.02423441275497882,
      -0.9958527123480865
    ]
  },
  {
    "label_id": "GluGUAV2ypRkSY_bid-Elg",
    "size": [
      0.9192614040475755,
      0.9261726762926981,
      1.8000000000000043
    ],
    "obj_class": "pedestrian",
    "point_num_in_lidar": 35,
    "speed": 1.557048456251995,
    "if_vehicle": false,
    "motion_state": true,
    "pose": [
      [
        0.6800151910835858,
        0.7330843495943102,
        -0.012910316628236764,
        48.98979882864225
      ],
      [
        -0.7329640747460935,
        0.6792480399593657,
        -0.03722586927075042,
        -60.237616728210924
      ],
      [
        -0.01852039489744626,
        0.0347769548874966,
        0.9992234776973546,
        0.5524536642202804
      ],
      [
        0.0,
        0.0,
        0.0,
        1.0
      ]
    ],
    "location": [
      48.98979882864225,
      -60.237616728210924,
      0.5524536642202804
    ],
    "rotation": [
      0.03478993827395342,
      0.018521453825661494,
      -0.8228538582190741
    ]
  },
  {
    "label_id": "JbaK1eVynVrY5IGp30MGEQ",
    "size": [
      0.7579103994430156,
      1.0900382483025783,
      1.8400000000000034
    ],
    "obj_class": "pedestrian",
    "point_num_in_lidar": 125,
    "speed": 1.4878812479774157,
    "if_vehicle": false,
    "motion_state": true,
    "pose": [
      [
        0.9998225932573441,
        -0.013715164480163473,
        -0.012910316628236764,
        31.68600168391059
      ],
      [
        0.013226206346108407,
        0.9992193463513039,
        -0.03722586927075042,
        -38.47198650885002
      ],
      [
        0.013410797062420522,
        0.03704851063882191,
        0.9992234776973546,
        0.21635716099422453
      ],
      [
        0.0,
        0.0,
        0.0,
        1.0
      ]
    ],
    "location": [
      31.68600168391059,
      -38.47198650885002,
      0.21635716099422453
    ],
    "rotation": [
      0.03706032561025771,
      -0.013411199082432632,
      0.013227781619772309
    ]
  },
  {
    "label_id": "L1UCSHYGDwJLA62Yn_UZ4Q",
    "size": [
      0.7961601569311241,
      0.8415275557149793,
      1.600000000000005
    ],
    "obj_class": "pedestrian",
    "point_num_in_lidar": 73,
    "speed": 1.3915281367953092,
    "if_vehicle": false,
    "motion_state": true,
    "pose": [
      [
        0.6683754196948518,
        0.7437120558874175,
        -0.012910316628236764,
        46.58611873692017
      ],
      [
        -0.7435797037136908,
        0.6676102597190197,
        -0.03722586927075042,
        -33.20965498081023
      ],
      [
        -0.01906626793031411,
        0.034480705410617735,
        0.9992234776973546,
        0.2689359204958208
      ],
      [
        0.0,
        0.0,
        0.0,
        1.0
      ]
    ],
    "location": [
      46.58611873692017,
      -33.20965498081023,
      0.2689359204958208
    ],
    "rotation": [
      0.03449381422715257,
      0.019067423289118896,
      -0.8386103993998885
    ]
  },
  {
    "label_id": "LuGjsSla9JtMUjrFXNdg4A",
    "size": [
      0.6690978332696725,
      0.7656691073842301,
      1.5400000000000027
    ],
    "obj_class": "pedestrian",
    "point_num_in_lidar": 27,
    "speed": 0.125208485762669,
    "if_vehicle": false,
    "motion_state": false,
    "pose": [
      [
        0.626287109602488,
        0.7794855868265429,
        -0.012910316628236764,
        46.30569957677447
      ],
      [
        -0.7793111837506936,
        0.6255304257493234,
        -0.03722586927075042,
        -59.305755381388735
      ],
      [
        -0.020941232696619544,
        0.03337523620216582,
        0.9992234776973546,
        0.4514898246415022
      ],
      [
        0.0,
        0.0,
        0.0,
        1.0
      ]
    ],
    "location": [
      46.30569957677447,
      -59.305755381388735,
      0.4514898246415022
    ],
    "rotation": [
      0.03338876005594485,
      0.02094276357678252,
      -0.8938386639959965
    ]
  },
  {
    "label_id": "MOsVL9KVPc8ke5LC8dllMQ",
    "size": [
      0.7632756742595113,
      0.887403375355105,
      1.7200000000000024
    ],
    "obj_class": "pedestrian",
    "point_num_in_lidar": 110,
    "speed": 1.282167108859231,
    "if_vehicle": false,
    "motion_state": true,
    "pose": [
      [
        0.7451471681297185,
        -0.666775090681123,
        -0.012910316628236764,
        27.22345431990489
      ],
      [
        0.6660102169955722,
        0.7450131713698409,
        -0.03722586927075042,
        -44.18369254102072
      ],
      [
        0.03443963829327971,
        0.01914034828921327,
        0.9992234776973546,
        0.3857177226695683
      ],
      [
        0.0,
        0.0,
        0.0,
        1.0
      ]
    ],
    "location": [
      27.22345431990489,
      -44.18369254102072,
      0.3857177226695683
    ],
    "rotation": [
      0.01915288043475551,
      -0.03444645000714353,
      0.7293773759771361
    ]
  },
  {
    "label_id": "MSs5ysIlfn6HWkrilVdHNQ",
    "size": [
      2.791971653913282,
      6.598391175076888,
      3.4099999999999753
    ],
    "obj_class": "vehicle",
    "point_num_in_lidar": 1120,
    "speed": 2.842257677890751e-13,
    "if_vehicle": true,
    "motion_state": false,
    "pose": [
      [
        0.7271859632979623,
        0.6863190937945508,
        -0.012910316628236764,
        46.40458313547552
      ],
      [
        -0.6862500172527565,
        0.7264125194940052,
        -0.03722586927075042,
        -38.241047547968265
      ],
      [
        -0.01617060923423302,
        0.035929834614120686,
        0.9992234776973546,
        0.9194199907696365
      ],
      [
        0.0,
        0.0,
        0.0,
        1.0
      ]
    ],
    "location": [
      46.40458313547552,
      -38.241047547968265,
      0.9194199907696365
    ],
    "rotation": [
      0.03594227130865252,
      0.0161713140555088,
      -0.756444247760487
    ]
  },
  {
    "label_id": "O8ilGM7P1-uAp4PIMof2xA",
    "size": [
      0.7819962013968258,
      0.8654287857100659,
      1.7400000000000055
    ],
    "obj_class": "pedestrian",
    "point_num_in_lidar": 85,
    "speed": 1.3195670320378108,
    "if_vehicle": false,
    "motion_state": true,
    "pose": [
      [
        0.5964557507208805,
        0.8025421242256069,
        -0.012910316628236764,
        44.5055059988386
      ],
      [
        -0.8023393185937636,
        0.5957061796687457,
        -0.03722586927075042,
        -28.930338972524623
      ],
      [
        -0.022184572803771976,
        0.03256203844845203,
        0.9992234776973546,
        0.2627323722089514
      ],
      [
        0.0,
        0.0,
        0.0,
        1.0
      ]
    ],
    "location": [
      44.5055059988386,
      -28.930338972524623,
      0.2627323722089514
    ],
    "rotation": [
      0.03257581537868664,
      0.022186392915972287,
      -0.9315352647917144
    ]
  },
  {
    "label_id": "PWtl2vvw-GpvZVVx_QogYQ",
    "size": [
      2.3619672972857018,
      5.560553804636791,
      3.0699999999999967
    ],
    "obj_class": "vehicle",
    "point_num_in_lidar": 26,
    "speed": 1.421101083945723e-12,
    "if_vehicle": true,
    "motion_state": false,
    "pose": [
      [
        0.7108755337614125,
        0.7031993310747567,
        -0.012910316628236764,
        69.40159518538027
      ],
      [
        -0.7031121184085728,
        0.7101039245096777,
        -0.03722586927075042,
        -61.6204390414332
      ],
      [
        -0.01700953986549456,
        0.03554035976138225,
        0.9992234776973546,
        1.3901606330005016
      ],
      [
        0.0,
        0.0,
        0.0,
        1.0
      ]
    ],
    "location": [
      69.40159518538027,
      -61.6204390414332,
      1.3901606330005016
    ],
    "rotation": [
      0.0355529916718048,
      0.01701036018491897,
      -0.7799077778674834
    ]
  },
  {
    "label_id": "RGdvnrG8Aw3PXBTuM0u24A",
    "size": [
      0.7713029576003172,
      1.0039475245408434,
      1.6799999999999997
    ],
    "obj_class": "pedestrian",
    "point_num_in_lidar": 849,
    "speed": 1.2683669653523932,
    "if_vehicle": false,
    "motion_state": true,
    "pose": [
      [
        -0.5437932067884771,
        -0.8391199389689553,
        -0.012910316628236764,
        9.118382629779859
      ],
      [
        0.8388695090636709,
        -0.5430581749870936,
        -0.03722586927075042,
        -19.21568597051919
      ],
      [
        0.024225916163902614,
        -0.031073245798015525,
        0.9992234776973546,
        0.5198119137755626
      ],
      [
        0.0,
        0.0,
        0.0,
        1.0
      ]
    ],
    "location": [
      9.118382629779859,
      -19.21568597051919,
      0.5198119137755626
    ],
    "rotation": [
      -0.031087375207082487,
      -0.024228286468194166,
      2.1459370174597465
    ]
  },
  {
    "label_id": "RWMpVmsqV3fQquqbNkvvCg",
    "size": [
      0.7667422906224655,
      0.8408777034491768,
      1.8700000000000045
    ],
    "obj_class": "pedestrian",
    "point_num_in_lidar": 21,
    "speed": 1.7431239510858867,
    "if_vehicle": false,
    "motion_state": true,
    "pose": [
      [
        -0.6656395382934169,
        -0.7461617309840309,
        -0.012910316628236764,
        50.80608405902734
      ],
      [
        0.7460265695589725,
        -0.6648748695575045,
        -0.03722586927075042,
        -61.09506859794237
      ],
      [
        0.019192773968303378,
        -0.03441044966003704,
        0.9992234776973546,
        0.5997534053965836
      ],
      [
        0.0,
        0.0,
        0.0,
        1.0
      ]
    ],
    "location": [
      50.80608405902734,
      -61.09506859794237,
      0.5997534053965836
    ],
    "rotation": [
      -0.034423587332660745,
      -0.019193952480266736,
      2.2993111316587025
    ]
  },
  {
    "label_id": "TUgaysJsmRIFmjy8Ssx5VQ",
    "size": [
      0.7719195621629763,
      0.94966798220545,
      1.7562431769673594
    ],
    "obj_class": "pedestrian",
    "point_num_in_lidar": 350,
    "speed": 0.7567369133429398,
    "if_vehicle": false,
    "motion_state": false,
    "pose": [
      [
        0.7437548679491139,
        0.6683277789577168,
        -0.012910316628236764,
        16.5745958063749
      ],
      [
        -0.6682776404827715,
        0.7429799660070362,
        -0.03722586927075042,
        -27.192486284895494
      ],
      [
        -0.01528697591990352,
        0.03631459741796152,
        0.9992234776973546,
        0.2731092624868232
      ],
      [
        0.0,
        0.0,
        0.0,
        1.0
      ]
    ],
    "location": [
      16.5745958063749,
      -27.192486284895494,
      0.2731092624868232
    ],
    "rotation": [
      0.03632683055817815,
      0.015287571388919721,
      -0.7319960885993407
    ]
  },
  {
    "label_id": "Tiut5u-i-6xhzq8sb7ngiw",
    "size": [
      2.118142663111635,
      4.7834013913174385,
      1.600000000000005
    ],
    "obj_class": "vehicle",
    "point_num_in_lidar": 90,
    "speed": 1.4211288389453755e-12,
    "if_vehicle": true,
    "motion_state": false,
    "pose": [
      [
        -0.712765262642417,
        0.7012838256332774,
        -0.012910316628236764,
        50.171558396348075
      ],
      [
        -0.700513468690094,
        -0.7126676047364644,
        -0.03722586927075042,
        -5.473263855637924
      ],
      [
        -0.03530666444255096,
        -0.017489455804725166,
        0.9992234776973546,
        0.22829234028231227
      ],
      [
        0.0,
        0.0,
        0.0,
        1.0
      ]
    ],
    "location": [
      50.171558396348075,
      -5.473263855637924,
      0.22829234028231227
    ],
    "rotation": [
      -0.01750126024806747,
      0.035314003876233555,
      -2.364863330086905
    ]
  },
  {
    "label_id": "Tov0HyAq_t8HymrS0CT9vw",
    "size": [
      0.7490827386690773,
      0.9724051198497766,
      1.7400000000000055
    ],
    "obj_class": "pedestrian",
    "point_num_in_lidar": 33,
    "speed": 1.665628616684961,
    "if_vehicle": false,
    "motion_state": true,
    "pose": [
      [
        -0.6496373845516955,
        -0.7601345882916992,
        -0.012910316628236764,
        49.23698032884762
      ],
      [
        0.7599832122733068,
        -0.6488757598491278,
        -0.03722586927075042,
        -58.8017695124563
      ],
      [
        0.019919479299882525,
        -0.0339949402533065,
        0.9992234776973546,
        0.5227283290655969
      ],
      [
        0.0,
        0.0,
        0.0,
        1.0
      ]
    ],
    "location": [
      49.23698032884762,
      -58.8017695124563,
      0.5227283290655969
    ],
    "rotation": [
      -0.03400824166577153,
      -0.019920796829087723,
      2.278073285637947
    ]
  },
  {
    "label_id": "USoOrhvBXzxA1F9tKyPuhw",
    "size": [
      0.8762609952672054,
      1.1096432092129922,
      1.8000000000000043
    ],
    "obj_class": "pedestrian",
    "point_num_in_lidar": 241,
    "speed": 1.4559213080972804,
    "if_vehicle": false,
    "motion_state": true,
    "pose": [
      [
        0.8090880163601779,
        0.5875456624866794,
        -0.012910316628236764,
        26.629443109625925
      ],
      [
        -0.5875762010762036,
        0.8083120947912964,
        -0.03722586927075042,
        -36.05454823853506
      ],
      [
        -0.011436332944136608,
        0.037704799524665066,
        0.9992234776973546,
        0.415459911580907
      ],
      [
        0.0,
        0.0,
        0.0,
        1.0
      ]
    ],
    "location": [
      26.629443109625925,
      -36.05454823853506,
      0.415459911580907
    ],
    "rotation": [
      0.03771620679155773,
      0.011436582251257123,
      -0.6281076452629569
    ]
  },
  {
    "label_id": "UqcFa0VqEE65siIegDRVag",
    "size": [
      0.8713121763839483,
      1.0622914136234558,
      1.7500000000000036
    ],
    "obj_class": "pedestrian",
    "point_num_in_lidar": 114,
    "speed": 1.4833698259466774,
    "if_vehicle": false,
    "motion_state": true,
    "pose": [
      [
        0.7118181709396109,
        0.702245124756837,
        -0.012910316628236764,
        33.13371615648761
      ],
      [
        -0.7021589472114306,
        0.7110464453943725,
        -0.03722586927075042,
        -43.199753647768375
      ],
      [
        -0.01696185046279622,
        0.035563144507791584,
        0.9992234776973546,
        0.3768436219631752
      ],
      [
        0.0,
        0.0,
        0.0,
        1.0
      ]
    ],
    "location": [
      33.13371615648761,
      -43.199753647768375,
      0.3768436219631752
    ],
    "rotation": [
      0.035575765295871045,
      0.016962663901200766,
      -0.7785670249325767
    ]
  },
  {
    "label_id": "Wpqa9KCQJuuTRKatLAsU9w",
    "size": [
      0.7462867831469207,
      1.0096800683498657,
      1.7500000000000036
    ],
    "obj_class": "pedestrian",
    "point_num_in_lidar": 84,
    "speed": 0.14284882256926032,
    "if_vehicle": false,
    "motion_state": false,
    "pose": [
      [
        -0.6245936613246087,
        0.7808431865347092,
        -0.012910316628236764,
        42.16683535646533
      ],
      [
        -0.7800666846811475,
        -0.6245880259079584,
        -0.03722586927075042,
        -30.118578962014
      ],
      [
        -0.037131195559574365,
        -0.013180134093436699,
        0.9992234776973546,
        0.233898702263442
      ],
      [
        0.0,
        0.0,
        0.0,
        1.0
      ]
    ],
    "location": [
      42.16683535646533,
      -30.118578962014,
      0.233898702263442
    ],
    "rotation": [
      -0.013189611814522956,
      0.03713973314641202,
      -2.2459594742056406
    ]
  },
  {
    "label_id": "Y4WRE-DC5UX_A82GcFlyAw",
    "size": [
      0.8315503518918765,
      0.9516061533592971,
      1.740000000000002
    ],
    "obj_class": "pedestrian",
    "point_num_in_lidar": 101,
    "speed": 1.2359180565216654,
    "if_vehicle": false,
    "motion_state": true,
    "pose": [
      [
        0.7256555202622549,
        -0.6879370535430367,
        -0.012910316628236764,
        33.537693020182786
      ],
      [
        0.6871686413710102,
        0.7255435844753623,
        -0.03722586927075042,
        -38.25978527847474
      ],
      [
        0.034976052224861096,
        0.018141592795786064,
        0.9992234776973546,
        0.29998321936847105
      ],
      [
        0.0,
        0.0,
        0.0,
        1.0
      ]
    ],
    "location": [
      33.537693020182786,
      -38.25978527847474,
      0.29998321936847105
    ],
    "rotation": [
      0.018153696607803287,
      -0.0349831873287598,
      0.7581638025387726
    ]
  },
  {
    "label_id": "_CuXoK6hvB75S9LCO7CUjQ",
    "size": [
      0.9248528456291141,
      0.9846531429257308,
      1.8000000000000007
    ],
    "obj_class": "pedestrian",
    "point_num_in_lidar": 1249,
    "speed": 1.137130723872009e-12,
    "if_vehicle": false,
    "motion_state": false,
    "pose": [
      [
        0.9375887707670955,
        0.34750628865677435,
        -0.012910316628236764,
        16.18670586696176
      ],
      [
        -0.347745006177894,
        0.9368498520762937,
        -0.03722586927075042,
        -22.726735557536813
      ],
      [
        -0.0008411954488790085,
        0.039392055145944245,
        0.9992234776973546,
        0.3768429872579091
      ],
      [
        0.0,
        0.0,
        0.0,
        1.0
      ]
    ],
    "location": [
      16.18670586696176,
      -22.726735557536813,
      0.3768429872579091
    ],
    "rotation": [
      0.039402263879576294,
      0.0008411955480853949,
      -0.35516506083440935
    ]
  },
  {
    "label_id": "_hHL2rZg7Bbfjm__kmk14Q",
    "size": [
      1.9780500620659884,
      4.596211258606762,
      1.5200000000000031
    ],
    "obj_class": "vehicle",
    "point_num_in_lidar": 492,
    "speed": 1.7053155762006798e-12,
    "if_vehicle": true,
    "motion_state": false,
    "pose": [
      [
        -0.7162388896935094,
        0.6977357498474387,
        -0.012910316628236764,
        40.709328849672744
      ],
      [
        -0.6969658873492133,
        -0.7161374075752228,
        -0.03722586927075042,
        -15.152409083562816
      ],
      [
        -0.03521938049047054,
        -0.017664564989599667,
        0.9992234776973546,
        0.13430582313178974
      ],
      [
        0.0,
        0.0,
        0.0,
        1.0
      ]
    ],
    "location": [
      40.709328849672744,
      -15.152409083562816,
      0.13430582313178974
    ],
    "rotation": [
      -0.017676451304691157,
      0.03522666560550465,
      -2.369831443542378
    ]
  },
  {
    "label_id": "b20vDrWY4biX5nUcRQMbAQ",
    "size": [
      0.6550561708438478,
      0.8091149731180987,
      1.6320307118407733
    ],
    "obj_class": "pedestrian",
    "point_num_in_lidar": 33,
    "speed": 1.2944173016394482,
    "if_vehicle": false,
    "motion_state": true,
    "pose": [
      [
        0.6300121092882968,
        0.7764779880168335,
        -0.012910316628236764,
        36.5060893733329
      ],
      [
        -0.7763072099438733,
        0.6292545990663844,
        -0.03722586927075042,
        -47.57138479402056
      ],
      [
        -0.02078119195980875,
        0.03347512030051434,
        0.9992234776973546,
        0.3677799436324065
      ],
      [
        0.0,
        0.0,
        0.0,
        1.0
      ]
    ],
    "location": [
      36.5060893733329,
      -47.57138479402056,
      0.3677799436324065
    ],
    "rotation": [
      0.03348861004660448,
      0.020782688004351634,
      -0.8890522787224115
    ]
  },
  {
    "label_id": "cRHbXSVzCHNJres5pwPUzA",
    "size": [
      2.903487755108476,
      6.717178148575322,
      3.4999999999999716
    ],
    "obj_class": "vehicle",
    "point_num_in_lidar": 49,
    "speed": 2.8421709430404007e-13,
    "if_vehicle": true,
    "motion_state": false,
    "pose": [
      [
        0.7304355913309042,
        0.6828595541117007,
        -0.012910316628236764,
        55.09543175114827
      ],
      [
        -0.6827941497324508,
        0.7296618283480208,
        -0.03722586927075042,
        -60.082281323089774
      ],
      [
        -0.015999875256134,
        0.03600618849854117,
        0.9992234776973546,
        1.3757971483950087
      ],
      [
        0.0,
        0.0,
        0.0,
        1.0
      ]
    ],
    "location": [
      55.09543175114827,
      -60.082281323089774,
      1.3757971483950087
    ],
    "rotation": [
      0.036018585648401415,
      0.016000557985485695,
      -0.7516998867542942
    ]
  },
  {
    "label_id": "dWGM_6Sr_Eaoh5yFictcbQ",
    "size": [
      1.0000000000005012,
      1.0,
      1.9100000000000001
    ],
    "obj_class": "pedestrian",
    "point_num_in_lidar": 872,
    "speed": 8.526512829121202e-13,
    "if_vehicle": false,
    "motion_state": false,
    "pose": [
      [
        0.7680146971117587,
        -0.6403020761678758,
        -0.012910316628236764,
        17.457751845372186
      ],
      [
        0.6395423577211263,
        0.7678540273629747,
        -0.03722586927075042,
        -24.22137348002252
      ],
      [
        0.033749039998738205,
        0.020333320377348505,
        0.9992234776973546,
        0.3317944027205719
      ],
      [
        0.0,
        0.0,
        0.0,
        1.0
      ]
    ],
    "location": [
      17.457751845372186,
      -24.22137348002252,
      0.3317944027205719
    ],
    "rotation": [
      0.020346313854656566,
      -0.03375544996453067,
      0.6943770910369743
    ]
  },
  {
    "label_id": "fQ2n6--00V_n1eOOacR5TA",
    "size": [
      0.761825567702733,
      0.9345899953471253,
      1.850000000000005
    ],
    "obj_class": "pedestrian",
    "point_num_in_lidar": 64,
    "speed": 1.2957204103943814,
    "if_vehicle": false,
    "motion_state": true,
    "pose": [
      [
        0.5346444288389564,
        0.8449784958423644,
        -0.012910316628236764,
        14.103617013776017
      ],
      [
        -0.8447200949086837,
        0.5339121612348808,
        -0.03722586927075042,
        -23.548155970587686
      ],
      [
        -0.02456208396961467,
        0.03080820750179934,
        0.9992234776973546,
        0.4500385057044447
      ],
      [
        0.0,
        0.0,
        0.0,
        1.0
      ]
    ],
    "location": [
      14.103617013776017,
      -23.548155970587686,
      0.4500385057044447
    ],
    "rotation": [
      0.030822385021441284,
      0.024564554341379084,
      -1.0065184537579852
    ]
  },
  {
    "label_id": "hGZX2N3Zly2psnSENmTj-A",
    "size": [
      2.138475295999982,
      4.888177290087686,
      1.5899999999999999
    ],
    "obj_class": "vehicle",
    "point_num_in_lidar": 603,
    "speed": 1.4210924103971636e-12,
    "if_vehicle": true,
    "motion_state": false,
    "pose": [
      [
        0.7057581048044197,
        -0.7083352463540358,
        -0.012910316628236764,
        23.555243985277258
      ],
      [
        0.7075639565988163,
        0.7056681103601505,
        -0.03722586927075042,
        -41.49317214707844
      ],
      [
        0.0354787940198392,
        0.017137584231803206,
        0.9992234776973546,
        0.1807812026335931
      ],
      [
        0.0,
        0.0,
        0.0,
        1.0
      ]
    ],
    "location": [
      23.555243985277258,
      -41.49317214707844,
      0.1807812026335931
    ],
    "rotation": [
      0.017149220920990745,
      -0.03548624136377731,
      0.7866758982188061
    ]
  },
  {
    "label_id": "hgO3zRhEBlBJHykxs4_HqQ",
    "size": [
      0.7656421592398075,
      1.0828474020012604,
      1.8984507849923276
    ],
    "obj_class": "pedestrian",
    "point_num_in_lidar": 1194,
    "speed": 0.780537833571785,
    "if_vehicle": false,
    "motion_state": false,
    "pose": [
      [
        0.9146385197872727,
        0.40406645721453455,
        -0.012910316628236764,
        15.89250517529473
      ],
      [
        -0.4042596443135296,
        0.9138864123273392,
        -0.03722586927075042,
        -24.402651638682073
      ],
      [
        -0.003243162167574238,
        0.03926733397569973,
        0.9992234776973546,
        0.42402683212884895
      ],
      [
        0.0,
        0.0,
        0.0,
        1.0
      ]
    ],
    "location": [
      15.89250517529473,
      -24.402651638682073,
      0.42402683212884895
    ],
    "rotation": [
      0.039277638858275774,
      0.003243167852918937,
      -0.4161715635369563
    ]
  },
  {
    "label_id": "htlToNRsx41JQWk7O-9SuQ",
    "size": [
      0.6722732336164241,
      0.6100302540971272,
      1.6900000000000048
    ],
    "obj_class": "pedestrian",
    "point_num_in_lidar": 35,
    "speed": 2.842951461431417e-13,
    "if_vehicle": false,
    "motion_state": false,
    "pose": [
      [
        -0.613936934350393,
        -0.7892494943710766,
        -0.012910316628236764,
        55.929719849318275
      ],
      [
        0.7890631993663488,
        -0.6131830901637607,
        -0.03722586927075042,
        -50.261535822408405
      ],
      [
        0.02146411065436876,
        -0.03304139180212209,
        0.9992234776973546,
        0.3488180308815494
      ],
      [
        0.0,
        0.0,
        0.0,
        1.0
      ]
    ],
    "location": [
      55.929719849318275,
      -50.261535822408405,
      0.3488180308815494
    ],
    "rotation": [
      -0.03305502483273321,
      -0.021465759110894468,
      2.2320140716030616
    ]
  },
  {
    "label_id": "jkjRLcw59twUELYWSONreA",
    "size": [
      2.4513075993674076,
      5.635550788292107,
      2.1400000000000006
    ],
    "obj_class": "vehicle",
    "point_num_in_lidar": 620,
    "speed": 7.893706437751444,
    "if_vehicle": true,
    "motion_state": true,
    "pose": [
      [
        0.8267620103593852,
        -0.5624036823768729,
        -0.012910316628236764,
        44.03426276497325
      ],
      [
        0.5616632393417594,
        0.8265280637880111,
        -0.03722586927075042,
        -17.805887064989292
      ],
      [
        0.03160670496317681,
        0.023525684257318033,
        0.9992234776973546,
        0.4535134963073979
      ],
      [
        0.0,
        0.0,
        0.0,
        1.0
      ]
    ],
    "location": [
      44.03426276497325,
      -17.805887064989292,
      0.4535134963073979
    ],
    "rotation": [
      0.023539617834441213,
      -0.03161196976130303,
      0.5967340910703691
    ]
  },
  {
    "label_id": "lhHFPkjsC18bVySvOy8gPg",
    "size": [
      2.966190924559122,
      11.160713238735097,
      4.1399999999999935
    ],
    "obj_class": "vehicle",
    "point_num_in_lidar": 541,
    "speed": 0.0019059578116676083,
    "if_vehicle": true,
    "motion_state": false,
    "pose": [
      [
        0.7039172868704269,
        0.7101646125860791,
        -0.012910316628236764,
        60.7578886364429
      ],
      [
        -0.7100698067871793,
        0.7031465737285897,
        -0.03722586927075042,
        -53.399359693417864
      ],
      [
        -0.01735865012594658,
        0.03537115893223323,
        0.9992234776973546,
        1.5918554233718645
      ],
      [
