[
  {
    "label_id": "0OCxtJR_yEaJVNaM9OqfbQ",
    "size": [
      2.915222912169123,
      7.801972595825992,
      3.8199999999999648
    ],
    "obj_class": "vehicle",
    "point_num_in_lidar": 899,
    "speed": 1.1368770508004532e-12,
    "if_vehicle": true,
    "motion_state": false,
    "pose": [
      [
        0.697082724750167,
        0.7168870018755861,
        -0.012194318214506976,
        40.21374885361148
      ],
      [
        -0.7168308958866075,
        0.6964674738125477,
        -0.032962472958987236,
        -45.256889121264976
      ],
      [
        -0.015137422412249425,
        0.03171883451518592,
        0.9993821961490565,
        1.4384294483569242
      ],
      [
        0.0,
        0.0,
        0.0,
        1.0
      ]
    ],
    "location": [
      40.21374885361148,
      -45.256889121264976,
      1.4384294483569242
    ],
    "rotation": [
      0.031727792068551246,
      0.015138000573958612,
      -0.7993642832896254
    ]
  },
  {
    "label_id": "0zDrRxGQLSyidFtDJd4m_A",
    "size": [
      2.8652083188941697,
      5.711556680080511,
      2.489999999999995
    ],
    "obj_class": "vehicle",
    "point_num_in_lidar": 7649,
    "speed": 6.285906497368615,
    "if_vehicle": true,
    "motion_state": true,
    "pose": [
      [
        -0.707841170691913,
        0.7062663631214399,
        -0.012194318214506976,
        26.33796898975197
      ],
      [
        -0.7056504400325997,
        -0.7077930007129389,
        -0.032962472958987236,
        -25.027717021464923
      ],
      [
        -0.03191133897692705,
        -0.014727269434225657,
        0.9993821961490565,
        0.6655471492278409
      ],
      [
        0.0,
        0.0,
        0.0,
        1.0
      ]
    ],
    "location": [
      26.33796898975197,
      -25.027717021464923,
      0.6655471492278409
    ],
    "rotation": [
      -0.0147353070411261,
      0.03191675752489042,
      -2.35774436066103
    ]
  },
  {
    "label_id": "1SW0MBgHGBrWD6fZmv_sBg",
    "size": [
      1.9829537986640478,
      4.787881978925732,
      1.5400000000000027
    ],
    "obj_class": "vehicle",
    "point_num_in_lidar": 192,
    "speed": 4.649951385512908,
    "if_vehicle": true,
    "motion_state": true,
    "pose": [
      [
        0.7076742187535786,
        -0.7064336477793195,
        -0.012194318214506976,
        19.43292484970077
      ],
      [
        0.7058177133222925,
        0.7076261943547019,
        -0.032962472958987236,
        -40.222525661012696
      ],
      [
        0.031914819003126316,
        0.014719726501749558,
        0.9993821961490565,
        0.3239930793321797
      ],
      [
        0.0,
        0.0,
        0.0,
        1.0
      ]
    ],
    "location": [
      19.43292484970077,
      -40.222525661012696,
      0.3239930793321797
    ],
    "rotation": [
      0.014727761083562826,
      -0.031920239324551396,
      0.7840847463756553
    ]
  },
  {
    "label_id": "3x3ZXLKl-lWgN_FV9ytvUQ",
    "size": [
      2.06071045425729,
      4.694385415658241,
      1.5400000000000027
    ],
    "obj_class": "vehicle",
    "point_num_in_lidar": 716,
    "speed": 9.448348966257255,
    "if_vehicle": true,
    "motion_state": true,
    "pose": [
      [
        0.7183962919376792,
        -0.6955271859053939,
        -0.012194318214506976,
        36.61877894767626
      ],
      [
        0.6949120580266509,
        0.7183388524823036,
        -0.032962472958987236,
        -23.533461738832557
      ],
      [
        0.03168594861066002,
        0.015206139580157532,
        0.9993821961490565,
        0.19340188459074525
      ],
      [
        0.0,
        0.0,
        0.0,
        1.0
      ]
    ],
    "location": [
      36.61877894767626,
      -23.533461738832557,
      0.19340188459074525
    ],
    "rotation": [
      0.015214365765663835,
      -0.03169125311949718,
      0.7687831954926111
    ]
  },
  {
    "label_id": "6L39DYBXXN-_o2M2SgAr0A",
    "size": [
      0.8004371481686442,
      0.11463204214808968,
      0.823380178590412
    ],
    "obj_class": "sign",
    "point_num_in_lidar": 209,
    "speed": 0.0022773005236857496,
    "if_vehicle": false,
    "motion_state": false,
    "pose": [
      [
        0.7166861390128497,
        -0.6972892346438009,
        -0.012194318214506976,
        34.233249547617135
      ],
      [
        0.6966739675672926,
        0.7166302102831521,
        -0.032962472958987236,
        -11.306327190457523
      ],
      [
        0.031723194367860995,
        0.015128283425013345,
        0.9993821961490565,
        2.1475104175497144
      ],
      [
        0.0,
        0.0,
        0.0,
        1.0
      ]
    ],
    "location": [
      34.233249547617135,
      -11.306327190457523,
      2.1475104175497144
    ],
    "rotation": [
      0.015136479420461335,
      -0.031728517610166755,
      0.7712398224831624
    ]
  },
  {
    "label_id": "CMZjVTrjReWzAq0DwIC4fA",
    "size": [
      2.178412746291439,
      4.939794431315422,
      1.860000000000003
    ],
    "obj_class": "vehicle",
    "point_num_in_lidar": 128,
    "speed": 3.7964936635520266,
    "if_vehicle": true,
    "motion_state": true,
    "pose": [
      [
        -0.7166161457401831,
        0.6973611677371835,
        -0.012194318214506976,
        53.28391221544092
      ],
      [
        -0.6967458950499881,
        -0.7165602787675431,
        -0.032962472958987236,
        -2.120847843689262
      ],
      [
        -0.03172471269335191,
        -0.015125099167043405,
        0.9993821961490565,
        0.12133859844543338
      ],
      [
        0.0,
        0.0,
        0.0,
        1.0
      ]
    ],
    "location": [
      53.28391221544092,
      -2.120847843689262,
      0.12133859844543338
    ],
    "rotation": [
      -0.015133293923825016,
      0.031730036700263246,
      -2.3702524181290814
    ]
  },
  {
    "label_id": "DU9Ii0eGlPHgLujlH0NO-w",
    "size": [
      2.165364394354053,
      4.664689921881497,
      1.7700000000000031
    ],
    "obj_class": "vehicle",
    "point_num_in_lidar": 4404,
    "speed": 0.8022512264250429,
    "if_vehicle": true,
    "motion_state": false,
    "pose": [
      [
        0.6891690128317035,
        0.7244980126652236,
        -0.012194318214506976,
        18.78935912762192
      ],
      [
        -0.7244351543731683,
        0.6885544150499304,
        -0.032962472958987236,
        -13.188405467981283
      ],
      [
        -0.015484794506194863,
        0.03155070774783885,
        0.9993821961490565,
        0.24701255913418407
      ],
      [
        0.0,
        0.0,
        0.0,
        1.0
      ]
    ],
    "location": [
      18.78935912762192,
      -13.188405467981283,
      0.24701255913418407
    ],
    "rotation": [
      0.031559729765852515,
      0.01548541339404015,
      -0.8103406675996031
    ]
  },
  {
    "label_id": "G8ZifmyoUj0ZKarCYDaXdw",
    "size": [
      0.9191115219774747,
      1.1134257866036492,
      1.944807819718985
    ],
    "obj_class": "pedestrian",
    "point_num_in_lidar": 714,
    "speed": 5.685902922862834e-13,
    "if_vehicle": false,
    "motion_state": false,
    "pose": [
      [
        0.5436326808970599,
        0.8392346554235942,
        -0.012194318214506976,
        15.694323230473813
      ],
      [
        -0.8390594581463886,
        0.5430402389063972,
        -0.032962472958987236,
        -27.406384952268127
      ],
      [
        -0.021041244159138692,
        0.028151235577219925,
        0.9993821961490565,
        0.4111256145262132
      ],
      [
        0.0,
        0.0,
        0.0,
        1.0
      ]
    ],
    "location": [
      15.694323230473813,
      -27.406384952268127,
      0.4111256145262132
    ],
    "rotation": [
      0.028161191471770177,
      0.021042797080757732,
      -0.9958937119943598
    ]
  },
  {
    "label_id": "HqTH657HXv5vkMKImjfSNA",
    "size": [
      0.7927238927772167,
      1.8324840737910788,
      1.7400000000000055
    ],
    "obj_class": "cyclist",
    "point_num_in_lidar": 1358,
    "speed": 0.008097549213308517,
    "if_vehicle": false,
    "motion_state": false,
    "pose": [
      [
        0.6533982595757218,
        0.7569161201789146,
        -0.012194318214506976,
        18.92222846265736
      ],
      [
        -0.7568236718439926,
        0.652787411883076,
        -0.032962472958987236,
        -18.959626630927232
      ],
      [
        -0.01698952971669234,
        0.030766571149451298,
        0.9993821961490565,
        0.2726675341569944
      ],
      [
        0.0,
        0.0,
        0.0,
        1.0
      ]
    ],
    "location": [
      18.92222846265736,
      -18.959626630927232,
      0.2726675341569944
    ],
    "rotation": [
      0.030775870424945704,
      0.016990347144181364,
      -0.8586069071572655
    ]
  },
  {
    "label_id": "MOsVL9KVPc8ke5LC8dllMQ",
    "size": [
      0.7632756742576522,
      0.887403375355105,
      1.720000000000006
    ],
    "obj_class": "pedestrian",
    "point_num_in_lidar": 123,
    "speed": 1.5707668536988257,
    "if_vehicle": false,
    "motion_state": true,
    "pose": [
      [
        0.7228384405442415,
        -0.6909094640217721,
        -0.012194318214506976,
        34.454325530441764
      ],
      [
        0.6902947168409784,
        0.7227770605642251,
        -0.032962472958987236,
        -37.938207460947524
      ],
      [
        0.03158785799959216,
        0.015408869111204185,
        0.9993821961490565,
        0.2817365279485706
      ],
      [
        0.0,
        0.0,
        0.0,
        1.0
      ]
    ],
    "location": [
      34.454325530441764,
      -37.938207460947524,
      0.2817365279485706
    ],
    "rotation": [
      0.015417173040016429,
      -0.031593113382374395,
      0.7623727520274892
    ]
  },
  {
    "label_id": "MSs5ysIlfn6HWkrilVdHNQ",
    "size": [
      2.7919716539132824,
      6.598391175076888,
      3.4099999999999753
    ],
    "obj_class": "vehicle",
    "point_num_in_lidar": 452,
    "speed": 2.842257677890751e-13,
    "if_vehicle": true,
    "motion_state": false,
    "pose": [
      [
        0.7271924998978359,
        0.6863252630463338,
        -0.012194318214506976,
        46.404583135477054
      ],
      [
        -0.6862956003473886,
        0.7265754085573263,
        -0.032962472958987236,
        -38.24104754796463
      ],
      [
        -0.013762886185451127,
        0.0323389700537129,
        0.9993821961490565,
        0.9128143456067725
      ],
      [
        0.0,
        0.0,
        0.0,
        1.0
      ]
    ],
    "location": [
      46.404583135477054,
      -38.24104754796463,
      0.9128143456067725
    ],
    "rotation": [
      0.03234767425327476,
      0.013763320710008367,
      -0.7564729158686195
    ]
  },
  {
    "label_id": "OLCvkJUNK6eYbjQ3PM1B4w",
    "size": [
      1.014126349486476,
      1.1026134838928923,
      1.7699999999999996
    ],
    "obj_class": "pedestrian",
    "point_num_in_lidar": 1103,
    "speed": 1.378676101913167,
    "if_vehicle": false,
    "motion_state": true,
    "pose": [
      [
        0.6890908737737574,
        0.7245723333698321,
        -0.012194318214506976,
        12.864518168214232
      ],
      [
        -0.7245094087955195,
        0.6884762827746465,
        -0.032962472958987236,
        -21.73537572889836
      ],
      [
        -0.015488197070238446,
        0.03154903757330924,
        0.9993821961490565,
        0.46303572987286756
      ],
      [
        0.0,
        0.0,
        0.0,
        1.0
      ]
    ],
    "location": [
      12.864518168214232,
      -21.73537572889836,
      0.46303572987286756
    ],
    "rotation": [
      0.03155806022275404,
      0.015488816366178248,
      -0.8104484739826402
    ]
  },
  {
    "label_id": "RWMpVmsqV3fQquqbNkvvCg",
    "size": [
      0.7667422906224581,
      0.8408777034491768,
      1.8700000000000045
    ],
    "obj_class": "pedestrian",
    "point_num_in_lidar": 55,
    "speed": 1.6961541371793776,
    "if_vehicle": false,
    "motion_state": true,
    "pose": [
      [
        -0.6490376984410746,
        -0.7606585072196302,
        -0.012194318214506976,
        43.27038933924925
      ],
      [
        0.7605625500511475,
        -0.6484273921081093,
        -0.032962472958987236,
        -52.88032283740176
      ],
      [
        0.01716605551688148,
        -0.030668429341587807,
        0.9993821961490565,
        0.46320543468912945
      ],
      [
        0.0,
        0.0,
        0.0,
        1.0
      ]
    ],
    "location": [
      43.27038933924925,
      -52.88032283740176,
      0.46320543468912945
    ],
    "rotation": [
      -0.030677760634728456,
      -0.01716689869219526,
      2.277240886900447
    ]
  },
  {
    "label_id": "TKqe4rH2taY1WbBR8iZisQ",
    "size": [
      0.5727170316889805,
      0.778718401076449,
      1.8000000000000043
    ],
    "obj_class": "pedestrian",
    "point_num_in_lidar": 23,
    "speed": 1.4716580694759742,
    "if_vehicle": false,
    "motion_state": true,
    "pose": [
      [
        -0.6277276275636094,
        -0.7783375387302387,
        -0.012194318214506976,
        43.636985283527224
      ],
      [
        0.7782247200902856,
        -0.6271202120940009,
        -0.032962472958987236,
        -52.29371200935748
      ],
      [
        0.01800862664833682,
        -0.030181374828351242,
        0.9993821961490565,
        0.5061097794385176
      ],
      [
        0.0,
        0.0,
        0.0,
        1.0
      ]
    ],
    "location": [
      43.636985283527224,
      -52.29371200935748,
      0.5061097794385176
    ],
    "rotation": [
      -0.030190856313343846,
      -0.01800960018860868,
      2.2495577285048776
    ]
  },
  {
    "label_id": "TUgaysJsmRIFmjy8Ssx5VQ",
    "size": [
      0.7719195621634238,
      0.94966798220545,
      1.7562431769673594
    ],
    "obj_class": "pedestrian",
    "point_num_in_lidar": 140,
    "speed": 6.661338147750939e-15,
    "if_vehicle": false,
    "motion_state": false,
    "pose": [
      [
        0.6976339615828548,
        0.7163505805466309,
        -0.012194318214506976,
        16.97322481497403
      ],
      [
        -0.7162949478369289,
        0.6970186676694673,
        -0.032962472958987236,
        -27.458819530360415
      ],
      [
        -0.015113019205409958,
        0.031730469123313176,
        0.9993821961490565,
        0.23710907362351463
      ],
      [
        0.0,
        0.0,
        0.0,
        1.0
      ]
    ],
    "location": [
      16.97322481497403,
      -27.458819530360415,
      0.23710907362351463
    ],
    "rotation": [
      0.03173942214941519,
      0.01511359457525057,
      -0.7985953635868109
    ]
  },
  {
    "label_id": "Tiut5u-i-6xhzq8sb7ngiw",
    "size": [
      2.1181426631110236,
      4.7834013913174385,
      1.600000000000005
    ],
    "obj_class": "vehicle",
    "point_num_in_lidar": 530,
    "speed": 5.46779304503169,
    "if_vehicle": true,
    "motion_state": true,
    "pose": [
      [
        -0.7132196004987706,
        0.7008345739671078,
        -0.012194318214506976,
        42.15496972049438
      ],
      [
        -0.7002190371151936,
        -0.7131667234510449,
        -0.032962472958987236,
        -13.342982545909763
      ],
      [
        -0.03179782265887346,
        -0.014970788036822063,
        0.9993821961490565,
        0.08846340320669199
      ],
      [
        0.0,
        0.0,
        0.0,
        1.0
      ]
    ],
    "location": [
      42.15496972049438,
      -13.342982545909763,
      0.08846340320669199
    ],
    "rotation": [
      -0.014978922400178878,
      0.03180318356959125,
      -2.3653920573454466
    ]
  },
  {
    "label_id": "Tov0HyAq_t8HymrS0CT9vw",
    "size": [
      0.7490827386693467,
      0.9724051198497766,
      1.7400000000000055
    ],
    "obj_class": "pedestrian",
    "point_num_in_lidar": 31,
    "speed": 1.5934869948063533,
    "if_vehicle": false,
    "motion_state": true,
    "pose": [
      [
        -0.6226197661849822,
        -0.7824295018460395,
        -0.012194318214506976,
        42.42911089747726
      ],
      [
        0.7823127099354854,
        -0.6220131021528608,
        -0.032962472958987236,
        -50.60305563134898
      ],
      [
        0.01820578559566931,
        -0.030062857334810025,
        0.9993821961490565,
        0.41576408730933423
      ],
      [
        0.0,
        0.0,
        0.0,
        1.0
      ]
    ],
    "location": [
      42.42911089747726,
      -50.60305563134898,
      0.41576408730933423
    ],
    "rotation": [
      -0.03007237319176794,
      -0.01820679146555315,
      2.2430143282135533
    ]
  },
  {
    "label_id": "UqcFa0VqEE65siIegDRVag",
    "size": [
      0.8713121763829164,
      1.0622914136234558,
      1.7500000000000036
    ],
    "obj_class": "pedestrian",
    "point_num_in_lidar": 43,
    "speed": 1.5027448452913372,
    "if_vehicle": false,
    "motion_state": true,
    "pose": [
      [
        0.6391475207125076,
        0.7689874806330321,
        -0.012194318214506976,
        40.031769092587425
      ],
      [
        -0.7688836397451144,
        0.6385385062067386,
        -0.032962472958987236,
        -50.226705639894135
      ],
      [
        -0.017561187299265132,
        0.030443894641270026,
        0.9993821961490565,
        0.4337138522031623
      ],
      [
        0.0,
        0.0,
        0.0,
        1.0
      ]
    ],
    "location": [
      40.031769092587425,
      -50.226705639894135,
      0.4337138522031623
    ],
    "rotation": [
      0.03045329696741068,
      0.017562090055822436,
      -0.8772788242651232
    ]
  },
  {
    "label_id": "Y4WRE-DC5UX_A82GcFlyAw",
    "size": [
      0.8315503518919302,
      0.9516061533592971,
      1.740000000000002
    ],
    "obj_class": "pedestrian",
    "point_num_in_lidar": 20,
    "speed": 1.6985195923031866,
    "if_vehicle": false,
    "motion_state": true,
    "pose": [
      [
        0.7669402499606528,
        -0.6416026430693493,
        -0.012194318214506976,
        41.075750393149036
      ],
      [
        0.6409932997051238,
        0.7668383565716869,
        -0.032962472958987236,
        -31.28737124858708
      ],
      [
        0.030499880711712873,
        0.01746377098051581,
        0.9993821961490565,
        0.15485559766390367
      ],
      [
        0.0,
        0.0,
        0.0,
        1.0
      ]
    ],
    "location": [
      41.075750393149036,
      -31.28737124858708,
      0.15485559766390367
    ],
    "rotation": [
      0.01747278848027146,
      -0.030504611407643097,
      0.6961804570548232
    ]
  },
  {
    "label_id": "_CuXoK6hvB75S9LCO7CUjQ",
    "size": [
      0.9248528456276398,
      0.9846531429257308,
      1.8000000000000007
    ],
    "obj_class": "pedestrian",
    "point_num_in_lidar": 961,
    "speed": 1.181337522092827,
    "if_vehicle": false,
    "motion_state": true,
    "pose": [
      [
        0.7298059321445005,
        -0.6835456093121952,
        -0.012194318214506976,
        21.056789399849336
      ],
      [
        0.6829315160136709,
        0.7297383228333958,
        -0.032962472958987236,
        -20.30377829558165
      ],
      [
        0.031430014985138734,
        0.0157283240786352,
        0.9993821961490565,
        0.30584318727573745
      ],
      [
        0.0,
        0.0,
        0.0,
        1.0
      ]
    ],
    "location": [
      21.056789399849336,
      -20.30377829558165,
      0.30584318727573745
    ],
    "rotation": [
      0.01573674793249996,
      -0.0314351919550601,
      0.752230481632432
    ]
  },
  {
    "label_id": "_hHL2rZg7Bbfjm__kmk14Q",
    "size": [
      1.9780500620644166,
      4.596211258606762,
      1.5200000000000031
    ],
    "obj_class": "vehicle",
    "point_num_in_lidar": 878,
    "speed": 10.353270183604453,
    "if_vehicle": true,
    "motion_state": true,
    "pose": [
      [
        -0.7021611353749526,
        0.7119136454460194,
        -0.012194318214506976,
        18.485654065274176
      ],
      [
        -0.7112973562666823,
        -0.7021179006010716,
        -0.032962472958987236,
        -37.27434423811246
      ],
      [
        -0.03202828339117948,
        -0.014471181130195191,
        0.9993821961490565,
        0.27230489619847376
      ],
      [
        0.0,
        0.0,
        0.0,
        1.0
      ]
    ],
    "location": [
      18.485654065274176,
      -37.27434423811246,
      0.27230489619847376
    ],
    "rotation": [
      -0.014479115099961873,
      0.03203376174768014,
      -2.3497308453720382
    ]
  },
  {
    "label_id": "b20vDrWY4biX5nUcRQMbAQ",
    "size": [
      0.6550561708444016,
      0.8091149731180987,
      1.6320307118407733
    ],
    "obj_class": "pedestrian",
    "point_num_in_lidar": 43,
    "speed": 1.3878985392323515,
    "if_vehicle": false,
    "motion_state": true,
    "pose": [
      [
        0.702031879765001,
        0.7120411072381303,
        -0.012194318214506976,
        42.01189030179616
      ],
      [
        -0.7119892644411937,
        0.7014162549420395,
        -0.032962472958987236,
        -54.394918131461964
      ],
      [
        -0.01491734272943322,
        0.03182293050900949,
        0.9993821961490565,
        0.4022892556035309
      ],
      [
        0.0,
        0.0,
        0.0,
        1.0
      ]
    ],
    "location": [
      42.01189030179616,
      -54.394918131461964,
      0.4022892556035309
    ],
    "rotation": [
      0.03183184725089024,
      0.014917896037046309,
      -0.792439939351178
    ]
  },
  {
    "label_id": "cRHbXSVzCHNJres5pwPUzA",
    "size": [
      2.9034877551084755,
      6.717178148575322,
      3.4999999999999716
    ],
    "obj_class": "vehicle",
    "point_num_in_lidar": 45,
    "speed": 2.8421709430404007e-13,
    "if_vehicle": true,
    "motion_state": false,
    "pose": [
      [
        0.7304421571413497,
        0.682865692266038,
        -0.012194318214506976,
        55.09543175114837
      ],
      [
        -0.6828389591114652,
        0.7298249319501211,
        -0.032962472958987236,
        -60.082281323087955
      ],
      [
        -0.0136092244548587,
        0.03240393540954396,
        0.9993821961490565,
        1.375797148394966
      ],
      [
        0.0,
        0.0,
        0.0,
        1.0
      ]
    ],
    "location": [
      55.09543175114837,
      -60.082281323087955,
      1.375797148394966
    ],
    "rotation": [
      0.03241261163698655,
      0.013609644586198465,
      -0.751728140255434
    ]
  },
  {
    "label_id": "culUsWFICYC98uNAg8zqKg",
    "size": [
      3.0801833974734834,
      11.429831044020531,
      2.779999999999987
    ],
    "obj_class": "vehicle",
    "point_num_in_lidar": 705,
    "speed": 1.9384933994495244,
    "if_vehicle": true,
    "motion_state": true,
    "pose": [
      [
        0.6902365356007426,
        -0.7234810457262638,
        -0.012194318214506976,
        9.297507446439539
      ],
      [
        0.7228641233080263,
        0.6902035457823631,
        -0.032962472958987236,
        -52.504341627838585
      ],
      [
        0.03226428607614294,
        0.013937067994575827,
        0.9993821961490565,
        1.013204183860033
      ],
      [
        0.0,
        0.0,
        0.0,
        1.0
      ]
    ],
    "location": [
      9.297507446439539,
      -52.504341627838585,
      1.013204183860033
    ],
    "rotation": [
      0.013944779735223761,
      -0.03226988646843863,
      0.8084834200862002
    ]
  },
  {
    "label_id": "dWGM_6Sr_Eaoh5yFictcbQ",
    "size": [
      1.0000000000005007,
      1.0,
      1.9100000000000001
    ],
    "obj_class": "pedestrian",
    "point_num_in_lidar": 368,
    "speed": 1.3544196284989725,
    "if_vehicle": false,
    "motion_state": true,
    "pose": [
      [
        0.7680216007169233,
        -0.640307831777418,
        -0.012194318214506976,
        22.37134212136901
      ],
      [
        0.6396986611838203,
        0.7679186794550943,
        -0.032962472958987236,
        -20.54495298085203
      ],
      [
        0.03047037433053028,
        0.017515202209680086,
        0.9993821961490565,
        0.3386756406769216
      ],
      [
        0.0,
        0.0,
        0.0,
        1.0
      ]
    ],
    "location": [
      22.37134212136901,
      -20.54495298085203,
      0.3386756406769216
    ],
    "rotation": [
      0.017524235747215594,
      -0.03047509130612111,
      0.6944928388974695
    ]
  },
  {
    "label_id": "fQ2n6--00V_n1eOOacR5TA",
    "size": [
      0.7618255677019796,
      0.9345899953471253,
      1.850000000000005
    ],
    "obj_class": "pedestrian",
    "point_num_in_lidar": 815,
    "speed": 0.24365021814415272,
    "if_vehicle": false,
    "motion_state": false,
    "pose": [
      [
        0.9178419830308656,
        0.3967586077065646,
        -0.012194318214506976,
        16.90027754639145
      ],
      [
        -0.39694144552637883,
        0.9172518542907705,
        -0.032962472958987236,
        -26.19431375802742
      ],
      [
        -0.00189288388370482,
        0.03509477184555317,
        0.9993821961490565,
        0.3710383797957739
      ],
      [
        0.0,
        0.0,
        0.0,
        1.0
      ]
    ],
    "location": [
      16.90027754639145,
      -26.19431375802742,
      0.3710383797957739
    ],
    "rotation": [
      0.035102042791026605,
      0.0018928850140767666,
      -0.40818288482397935
    ]
  },
  {
    "label_id": "ffOPdrNRq0bNVvndwwxOiQ",
    "size": [
      2.1882571705875518,
      4.833081853186072,
      1.5400000000000027
    ],
    "obj_class": "vehicle",
    "point_num_in_lidar": 3092,
    "speed": 0.11135882993347934,
    "if_vehicle": true,
    "motion_state": false,
    "pose": [
      [
        0.6684320504857143,
        0.7436732430891586,
        -0.012194318214506976,
        16.31666630935591
      ],
      [
        -0.7435930517486999,
        0.6678194731867911,
        -0.032962472958987236,
        -14.77449529184014
      ],
      [
        -0.01636970599976459,
        0.031100783684175744,
        0.9993821961490565,
        0.23595037189164358
      ],
      [
        0.0,
        0.0,
        0.0,
        1.0
      ]
    ],
    "location": [
      16.31666630935591,
      -14.77449529184014,
      0.23595037189164358
    ],
    "rotation": [
      0.031109969469778394,
      0.016370437178854357,
      -0.8385772009094005
    ]
  },
  {
    "label_id": "hGZX2N3Zly2psnSENmTj-A",
    "size": [
      2.138475295999224,
      4.888177290087686,
      1.5899999999999999
    ],
    "obj_class": "vehicle",
    "point_num_in_lidar": 1153,
    "speed": 0.3945559279008156,
    "if_vehicle": true,
    "motion_state": false,
    "pose": [
      [
        0.7877883501632265,
        -0.6158253112290734,
        -0.012194318214506976,
        27.12009221791729
      ],
      [
        0.6152196806308643,
        0.7876663125593766,
        -0.032962472958987236,
        -38.537919651002085
      ],
      [
        0.029904178831044573,
        0.018465267632220405,
        0.9993821961490565,
        0.13078120263365633
      ],
      [
        0.0,
        0.0,
        0.0,
        1.0
      ]
    ],
    "location": [
      27.12009221791729,
      -38.537919651002085,
      0.13078120263365633
    ],
    "rotation": [
      0.018474580457112328,
      -0.029908637643632312,
      0.6630138075146514
    ]
  },
  {
    "label_id": "hgO3zRhEBlBJHykxs4_HqQ",
    "size": [
      0.7656421592382336,
      1.0828474020012604,
      1.8984507849923276
    ],
    "obj_class": "pedestrian",
    "point_num_in_lidar": 828,
    "speed": 1.312135485524439,
    "if_vehicle": false,
    "motion_state": true,
    "pose": [
      [
        0.8165088478374691,
        -0.5772041233449499,
        -0.012194318214506976,
        22.147508459033673
      ],
      [
        0.5766050666739919,
        0.8163578090900517,
        -0.032962472958987236,
        -21.861056503095824
      ],
      [
        0.028981002208515662,
        0.01988284515049673,
        0.9993821961490565,
        0.36894386608289764
      ],
      [
        0.0,
        0.0,
        0.0,
        1.0
      ]
    ],
    "location": [
      22.147508459033673,
      -21.861056503095824,
      0.36894386608289764
    ],
    "rotation": [
      0.01989251212483998,
      -0.028985060592580797,
      0.6148639123642123
    ]
  },
  {
    "label_id": "jkjRLcw59twUELYWSONreA",
    "size": [
      2.45130759936668,
      5.635550788292107,
      2.1400000000000006
    ],
    "obj_class": "vehicle",
    "point_num_in_lidar": 44,
    "speed": 4.101052189299091,
    "if_vehicle": true,
    "motion_state": true,
    "pose": [
      [
        0.7166604729960049,
        -0.6973156136559873,
        -0.012194318214506976,
        81.39217292075068
      ],
      [
        0.6967003445212944,
        0.7166045669128392,
        -0.032962472958987236,
        16.910869779654604
      ],
      [
        0.03172375118191918,
        0.015127115760656507,
        0.9993821961490565,
        -0.05448843552079907
      ],
      [
        0.0,
        0.0,
        0.0,
        1.0
      ]
    ],
    "location": [
      81.39217292075068,
      16.910869779654604,
      -0.05448843552079907
    ],
    "rotation": [
      0.015135311301922388,
      -0.03172907470461951,
      0.7712766443830568
    ]
  },
  {
    "label_id": "lhHFPkjsC18bVySvOy8gPg",
    "size": [
      2.9661909245591236,
      11.160713238735097,
      4.1399999999999935
    ],
    "obj_class": "vehicle",
    "point_num_in_lidar": 161,
    "speed": 0.0019059578596532427,
    "if_vehicle": true,
    "motion_state": false,
    "pose": [
      [
        0.7039236143105608,
        0.7101709961827787,
        -0.012194318214506976,
        60.7461668344916
      ],
      [
        -0.7101207912950277,
        0.70330785375037,
        -0.032962472958987236,
        -53.394294393896416
      ],
      [
        -0.014832632486537926,
        0.03186250200169348,
        0.9993821961490565,
        1.5918554233719249
      ],
      [
        0.0,
        0.0,
        0.0,
        1.0
      ]
    ],
    "location": [
      60.7461668344916,
      -53.394294393896416,
      1.5918554233719249
    ],
    "rotation": [
      0.031871403048558684,
      0.014833176420853345,
      -0.7897807254186738
    ]
  },
  {
    "label_id": "nlWYRJS2sLeWejy7dRLVfA",
    "size": [
      0.756700643487935,
      0.9047782916726916,
      1.7500000000000036
    ],
    "obj_class": "pedestrian",
    "point_num_in_lidar": 21,
    "speed": 1.6547043267385757,
    "if_vehicle": false,
    "motion_state": true,
    "pose": [
      [
        -0.661910325518523,
        0.749483835432924,
        -0.012194318214506976,
        66.74161351834749
      ],
      [
        -0.748866100779937,
        -0.6619010790738155,
        -0.032962472958987236,
        -6.221992494069127
      ],
      [
        -0.03277627304340744,
        -0.012686289673211153,
        0.9993821961490565,
        -0.04816003000491165
      ],
      [
        0.0,
        0.0,
        0.0,
        1.0
      ]
    ],
    "location": [
      66.74161351834749,
      -6.221992494069127,
      -0.04816003000491165
    ],
    "rotation": [
      -0.012693450374512602,
      0.03278214438691404,
      -2.2946355456702485
    ]
  },
  {
    "label_id": "oHjA1u9bdXhm7ZDhXheM1g",
    "size": [
      1.6800500131719405,
      3.524698536761333,
      1.4700000000000024
    ],
    "obj_class": "vehicle",
    "point_num_in_lidar": 325,
    "speed": 9.009405374012726,
    "if_vehicle": true,
    "motion_state": true,
    "pose": [
      [
        -0.7077722274467946,
        0.7063354533493885,
        -0.012194318214506976,
        26.965346058857335
      ],
      [
        -0.7057195255615284,
        -0.7077241175893607,
        -0.032962472958987236,
        -28.484513796716783
      ],
      [
        -0.03191277637896902,
        -0.014724154443448961,
        0.9993821961490565,
        0.21186139471538112
      ],
      [
        0.0,
        0.0,
        0.0,
        1.0
      ]
    ],
    "location": [
      26.965346058857335,
      -28.484513796716783,
      0.21186139471538112
    ],
    "rotation": [
      -0.014732190801288162,
      0.031918195659402224,
      -2.35764670980232
    ]
  },
  {
    "label_id": "ohnUqlIEDND8uWnUNCjXPQ",
    "size": [
      0.909773163852818,
      1.0756147958730597,
      1.9184974544166629
    ],
    "obj_class": "pedestrian",
    "point_num_in_lidar": 1059,
    "speed": 1.3684570346967313,
    "if_vehicle": false,
    "motion_state": true,
    "pose": [
      [
        0.7189795208774337,
        -0.6949242744084706,
        -0.012194318214506976,
        20.184349293761628
      ],
      [
        0.694309194932467,
        0.718921565407978,
        -0.032962472958987236,
        -22.200605803103826
      ],
      [
        0.0316731809435894,
        0.015232715752723348,
        0.9993821961490565,
        0.29968338725649346
      ],
      [
        0.0,
        0.0,
        0.0,
        1.0
      ]
    ],
    "location": [
      20.184349293761628,
      -22.200605803103826,
      0.29968338725649346
    ],
    "rotation": [
      0.015240952201381398,
      -0.03167847904081778,
      0.7679439657132668
    ]
  },
  {
    "label_id": "owqq0SyyUzEtwrdnEtGJFw",
    "size": [
      0.7649237108865312,
      0.7620373890771113,
      1.5899971513714917
    ],
    "obj_class": "pedestrian",
    "point_num_in_lidar": 250,
    "speed": 0.011649357893543757,
    "if_vehicle": false,
    "motion_state": false,
    "pose": [
      [
        0.7626474592504492,
        0.6466994290256625,
        -0.012194318214506976,
        17.88412013441473
      ],
      [
        -0.6467026110808558,
        0.762029663594293,
        -0.032962472958987236,
        -27.506526872328322
      ],
      [
        -0.012024380235088374,
        0.03302484368245574,
        0.9993821961490565,
        0.08695905375809332
      ],
      [
        0.0,
        0.0,
        0.0,
        1.0
      ]
    ],
    "location": [
      17.88412013441473,
      -27.506526872328322,
      0.08695905375809332
    ],
    "rotation": [
      0.03303323869072002,
      0.012024670012888466,
      -0.7033147029131345
    ]
  },
  {
    "label_id": "pSaTalnDwPUUoeyMk0QQbQ",
    "size": [
      1.1003882590378233,
      0.9630763014079236,
      1.7500000000000036
    ],
    "obj_class": "pedestrian",
    "point_num_in_lidar": 131,
    "speed": 1.3162985674793581,
    "if_vehicle": false,
    "motion_state": true,
    "pose": [
      [
        0.6861835375069993,
        -0.7273262345451756,
        -0.012194318214506976,
        33.228724025275625
      ],
      [
        0.7267091374358298,
        0.6861539950650294,
        -0.032962472958987236,
        -39.72513413482193
      ],
      [
        0.03234165149853557,
        0.01375658382869428,
        0.9993821961490565,
        0.1385679608819963
      ],
      [
        0.0,
        0.0,
        0.0,
        1.0
      ]
    ],
    "location": [
      33.228724025275625,
      -39.72513413482193,
      0.1385679608819963
    ],
    "rotation": [
      0.013764218659709358,
      -0.03234729228717284,
      0.8140730179590162
    ]
  },
  {
    "label_id": "plbgXUaVwrkY03GJ00eboA",
    "size": [
      0.8532039110393046,
      1.0775604866757238,
      1.7717746335030995
    ],
    "obj_class": "pedestrian",
    "point_num_in_lidar": 1045,
    "speed": 1.2190211248721405,
    "if_vehicle": false,
    "motion_state": true,
    "pose": [
      [
        0.685938709429491,
        0.7275571355635843,
        -0.012194318214506976,
        9.45325390174122
      ],
      [
        -0.7274915433867064,
        0.6853243974040731,
        -0.032962472958987236,
        -19.132609296837472
      ],
      [
        -0.01562501862502235,
        0.0314814995395125,
        0.9993821961490565,
        0.5525776247477765
      ],
      [
        0.0,
        0.0,
        0.0,
        1.0
      ]
    ],
    "location": [
      9.45325390174122,
      -19.132609296837472,
      0.5525776247477765
    ],
    "rotation": [
      0.031490547575243256,
      0.015625654480033283,
      -0.8147882723449411
    ]
  },
  {
    "label_id": "pz7xo7HxZhLHkt8SZMS4wg",
    "size": [
      0.6538178511621501,
      0.9079292511897701,
      1.7400000000000055
    ],
    "obj_class": "pedestrian",
    "point_num_in_lidar": 81,
    "speed": 1.4373536472617112,
    "if_vehicle": false,
    "motion_state": true,
    "pose": [
      [
        0.7197486231253798,
        0.694127667012635,
        -0.012194318214506976,
        36.89569235955079
      ],
      [
        -0.6940913510948696,
        0.7191318875642537,
        -0.032962472958987236,
        -48.51652296838074
      ],
      [
        -0.014110841378831313,
        0.03218866533222654,
        0.9993821961490565,
        0.3952039986637743
      ],
      [
        0.0,
        0.0,
        0.0,
        1.0
      ]
    ],
    "location": [
      36.89569235955079,
      -48.51652296838074,
      0.3952039986637743
    ],
    "rotation": [
      0.03219743320326331,
      0.014111309702811454,
      -0.7672529301636712
    ]
  },
  {
    "label_id": "q5T3DlAO2c9XHbOijTcVEA",
    "size": [
      0.9125408189909671,
      0.7909272363024653,
      1.7899999999999991
    ],
    "obj_class": "pedestrian",
    "point_num_in_lidar": 421,
    "speed": 0.05779921052301837,
    "if_vehicle": false,
    "motion_state": false,
    "pose": [
      [
        0.6552152539223272,
        0.755343808891543,
        -0.012194318214506976,
        16.723436972929946
      ],
      [
        -0.7552528286997723,
        0.6546041858386032,
        -0.032962472958987236,
        -28.697095797700968
      ],
      [
        -0.01691554812866172,
        0.030807308415302204,
        0.9993821961490565,
        0.29447040883679776
      ],
      [
        0.0,
        0.0,
        0.0,
        1.0
      ]
    ],
    "location": [
      16.723436972929946,
      -28.697095797700968,
      0.29447040883679776
    ],
    "rotation": [
      0.030816594226779313,
      0.016916354923110322,
      -0.8562046839631121
    ]
  },
  {
    "label_id": "uqZQ_toA0YqqDmkEqNV_iw",
    "size": [
      0.8147056283482875,
      0.9676938829072166,
      1.600000000000005
    ],
    "obj_class": "pedestrian",
    "point_num_in_lidar": 73,
    "speed": 1.6587677580934186,
    "if_vehicle": false,
    "motion_state": true,
    "pose": [
      [
        0.6908294971257103,
        0.7229148667058395,
        -0.012194318214506976,
        38.4941991541651
      ],
      [
        -0.7228534187209262,
        0.6902147567387251,
        -0.032962472958987236,
        -48.6972927427596
      ],
      [
        -0.015412363365420559,
        0.0315861532286042,
        0.9993821961490565,
        0.3684020829292649
      ],
      [
        0.0,
        0.0,
        0.0,
        1.0
      ]
    ],
    "location": [
      38.4941991541651,
      -48.6972927427596,
      0.3684020829292649
    ],
    "rotation": [
      0.03159516180447767,
      0.015412973608545608,
      -0.8080471218179798
    ]
  },
  {
    "label_id": "yBNHyhO_RtHwkKawZhxD6Q",
    "size": [
      0.7515972622572991,
      0.870907410979146,
      1.7100000000000009
    ],
    "obj_class": "pedestrian",
    "point_num_in_lidar": 30,
    "speed": 1.082155178191222,
    "if_vehicle": false,
    "motion_state": true,
    "pose": [
      [
        0.7066359538674718,
        -0.7074722095638046,
        -0.012194318214506976,
        37.20002642117669
      ],
      [
        0.7068562052401486,
        0.7065888341107047,
        -0.032962472958987236,
        -37.30270725847731
      ],
      [
        0.031936402666945266,
        0.014672839022607466,
        0.9993821961490565,
