[
  {
    "label_id": "0OCxtJR_yEaJVNaM9OqfbQ",
    "size": [
      2.9152229121691207,
      7.801972595825992,
      3.8199999999999648
    ],
    "obj_class": "vehicle",
    "point_num_in_lidar": 703,
    "speed": 1.1368770508004532e-12,
    "if_vehicle": true,
    "motion_state": false,
    "pose": [
      [
        0.697110365468993,
        0.7169154278734605,
        -0.008331124335899182,
        40.21374885361027
      ],
      [
        -0.7166206945977925,
        0.6963702217790982,
        -0.03902940293556442,
        -45.256889121268614
      ],
      [
        -0.022179234203736502,
        0.03317805745282055,
        0.9992033316967038,
        1.3845233545983646
      ],
      [
        0.0,
        0.0,
        0.0,
        1.0
      ]
    ],
    "location": [
      40.21374885361027,
      -45.256889121268614,
      1.3845233545983646
    ],
    "rotation": [
      0.03319231540517157,
      0.022181053002057975,
      -0.7991978818863319
    ]
  },
  {
    "label_id": "0zDrRxGQLSyidFtDJd4m_A",
    "size": [
      2.8652083188942252,
      5.711556680080511,
      2.489999999999995
    ],
    "obj_class": "vehicle",
    "point_num_in_lidar": 1346,
    "speed": 0.03452760352691803,
    "if_vehicle": true,
    "motion_state": false,
    "pose": [
      [
        -0.7070955331209552,
        0.7070689495428942,
        -0.008331124335899182,
        39.756117758081714
      ],
      [
        -0.7063247561106631,
        -0.7068111803103467,
        -0.03902940293556442,
        -11.53170247725393
      ],
      [
        -0.033485010760105044,
        -0.021713037111433894,
        0.9992033316967038,
        0.47979085701605584
      ],
      [
        0.0,
        0.0,
        0.0,
        1.0
      ]
    ],
    "location": [
      39.756117758081714,
      -11.53170247725393,
      0.47979085701605584
    ],
    "rotation": [
      -0.021726929545090652,
      0.03349127140825549,
      -2.356739817678981
    ]
  },
  {
    "label_id": "1SW0MBgHGBrWD6fZmv_sBg",
    "size": [
      1.9829537986642183,
      4.787881978925732,
      1.5400000000000027
    ],
    "obj_class": "vehicle",
    "point_num_in_lidar": 141,
    "speed": 3.4106405487355563e-12,
    "if_vehicle": true,
    "motion_state": false,
    "pose": [
      [
        0.7018743104853388,
        -0.7122520934669341,
        -0.008331124335899182,
        14.41968001051869
      ],
      [
        0.7115058281207021,
        0.7015954405900648,
        -0.03902940293556442,
        -45.261274455862804
      ],
      [
        0.03364385279667606,
        0.02146609175426325,
        0.9992033316967038,
        0.37399307933207737
      ],
      [
        0.0,
        0.0,
        0.0,
        1.0
      ]
    ],
    "location": [
      14.41968001051869,
      -45.261274455862804,
      0.37399307933207737
    ],
    "rotation": [
      0.021479902624002067,
      -0.03365020299408641,
      0.7922125852841462
    ]
  },
  {
    "label_id": "1ww6VUXNbH5HN8vA9BN37A",
    "size": [
      0.645662653393541,
      1.047126442663309,
      1.6874087649240757
    ],
    "obj_class": "pedestrian",
    "point_num_in_lidar": 779,
    "speed": 1.6429767009104028,
    "if_vehicle": false,
    "motion_state": true,
    "pose": [
      [
        -0.7301933440018599,
        -0.683189777984625,
        -0.008331124335899182,
        5.927497243292493
      ],
      [
        0.6829303317187845,
        -0.7294401056460799,
        -0.03902940293556442,
        -17.403769989330613
      ],
      [
        0.0205874329106918,
        -0.03418858775022186,
        0.9992033316967038,
        0.6376430700355442
      ],
      [
        0.0,
        0.0,
        0.0,
        1.0
      ]
    ],
    "location": [
      5.927497243292493,
      -17.403769989330613,
      0.6376430700355442
    ],
    "rotation": [
      -0.03420250336271298,
      -0.020588887492614637,
      2.389627799535217
    ]
  },
  {
    "label_id": "3x3ZXLKl-lWgN_FV9ytvUQ",
    "size": [
      2.0607104542587784,
      4.694385415658241,
      1.5400000000000027
    ],
    "obj_class": "vehicle",
    "point_num_in_lidar": 178,
    "speed": 2.220446049250313e-15,
    "if_vehicle": true,
    "motion_state": false,
    "pose": [
      [
        0.7067693983977744,
        -0.7073949461621476,
        -0.008331124335899182,
        19.846270161638614
      ],
      [
        0.706650621681879,
        0.7064853887966172,
        -0.03902940293556442,
        -39.83779277337453
      ],
      [
        0.03349502000390506,
        0.02169759344132101,
        0.9992033316967038,
        0.31625774779236693
      ],
      [
        0.0,
        0.0,
        0.0,
        1.0
      ]
    ],
    "location": [
      19.846270161638614,
      -39.83779277337453,
      0.31625774779236693
    ],
    "rotation": [
      0.021711480851496007,
      -0.033501286269871096,
      0.7853141284227568
    ]
  },
  {
    "label_id": "6L39DYBXXN-_o2M2SgAr0A",
    "size": [
      0.8004371481686443,
      0.11463204214808968,
      0.823380178590412
    ],
    "obj_class": "sign",
    "point_num_in_lidar": 168,
    "speed": 0.002277300504574635,
    "if_vehicle": false,
    "motion_state": false,
    "pose": [
      [
        0.7167145570461124,
        -0.6973168835511547,
        -0.008331124335899182,
        34.25146529584107
      ],
      [
        0.6965766549778085,
        0.716420037021872,
        -0.03902940293556442,
        -11.306097427923305
      ],
      [
        0.033184446027048786,
        0.022169674514632424,
        0.9992033316967038,
        2.14751041754959
      ],
      [
        0.0,
        0.0,
        0.0,
        1.0
      ]
    ],
    "location": [
      34.25146529584107,
      -11.306097427923305,
      2.14751041754959
    ],
    "rotation": [
      0.02218371076312014,
      -0.033190539540375145,
      0.7711501873388191
    ]
  },
  {
    "label_id": "8VYrq0XdeiBiUdSAYPjqcQ",
    "size": [
      0.6882489019002873,
      1.004909005980474,
      1.860000000000003
    ],
    "obj_class": "pedestrian",
    "point_num_in_lidar": 58,
    "speed": 1.5200811105626095,
    "if_vehicle": false,
    "motion_state": true,
    "pose": [
      [
        -0.6804311772911805,
        0.7327646316092487,
        -0.008331124335899182,
        53.31242875442051
      ],
      [
        -0.7320104201728946,
        -0.6801745735212362,
        -0.03902940293556442,
        -18.5498845171187
      ],
      [
        -0.03426598500613041,
        -0.020458352762783766,
        0.9992033316967038,
        0.22363753279494247
      ],
      [
        0.0,
        0.0,
        0.0,
        1.0
      ]
    ],
    "location": [
      53.31242875442051,
      -18.5498845171187,
      0.22363753279494247
    ],
    "rotation": [
      -0.02047180392410767,
      0.03427269416351226,
      -2.3196929219230418
    ]
  },
  {
    "label_id": "C8em1kIenRlg8YGuTTTf7g",
    "size": [
      0.7852210358351592,
      1.2072036134509911,
      1.970000000000006
    ],
    "obj_class": "pedestrian",
    "point_num_in_lidar": 130,
    "speed": 1.509023809241223,
    "if_vehicle": false,
    "motion_state": true,
    "pose": [
      [
        0.980661601517164,
        -0.19553366890919574,
        -0.008331124335899182,
        33.64066283080915
      ],
      [
        0.19507256219969477,
        0.9800119393065267,
        -0.03902940293556442,
        -37.57134258778569
      ],
      [
        0.015796163668354606,
        0.03664946301884122,
        0.9992033316967038,
        0.46680344113232763
      ],
      [
        0.0,
        0.0,
        0.0,
        1.0
      ]
    ],
    "location": [
      33.64066283080915,
      -37.57134258778569,
      0.46680344113232763
    ],
    "rotation": [
      0.03666224876743876,
      -0.01579682064872398,
      0.19635625167382142
    ]
  },
  {
    "label_id": "Em1g7-nMbotXR-DrtWI2ig",
    "size": [
      1.729069234960855,
      3.5947345219723577,
      1.3300000000000054
    ],
    "obj_class": "vehicle",
    "point_num_in_lidar": 43,
    "speed": 4.338872845161657,
    "if_vehicle": true,
    "motion_state": true,
    "pose": [
      [
        0.7080621967752277,
        0.7061009261183124,
        -0.008331124335899182,
        62.803313665716544
      ],
      [
        -0.7058176196819728,
        0.7073176043708848,
        -0.03902940293556442,
        -59.63493076571467
      ],
      [
        -0.021665946651662632,
        0.03351549912942019,
        0.9992033316967038,
        0.29077004486843805
      ],
      [
        0.0,
        0.0,
        0.0,
        1.0
      ]
    ],
    "location": [
      62.803313665716544,
      -59.63493076571467,
      0.29077004486843805
    ],
    "rotation": [
      0.03352965040450921,
      0.02166764205686908,
      -0.7838106343999354
    ]
  },
  {
    "label_id": "FI9gXqHphltRJYHwCug7Ng",
    "size": [
      1.8594440137336394,
      4.194035097474454,
      1.5400000000000027
    ],
    "obj_class": "vehicle",
    "point_num_in_lidar": 59,
    "speed": 10.305793214762858,
    "if_vehicle": true,
    "motion_state": true,
    "pose": [
      [
        0.6985126473017088,
        0.7155492113941979,
        -0.008331124335899182,
        60.887158146543015
      ],
      [
        -0.7152559277789505,
        0.6977719279847578,
        -0.03902940293556442,
        -61.73522481866712
      ],
      [
        -0.022114233801588404,
        0.03322141763344155,
        0.9992033316967038,
        0.3605313582543026
      ],
      [
        0.0,
        0.0,
        0.0,
        1.0
      ]
    ],
    "location": [
      60.887158146543015,
      -61.73522481866712,
      0.3605313582543026
    ],
    "rotation": [
      0.03323566230286263,
      0.022116036653404118,
      -0.7972406233664602
    ]
  },
  {
    "label_id": "FiBHFnlgGD3tCo4uGN8GOA",
    "size": [
      0.7792066223414331,
      0.8530859308161094,
      1.6800000000000033
    ],
    "obj_class": "pedestrian",
    "point_num_in_lidar": 26,
    "speed": 1.3879939864237802,
    "if_vehicle": false,
    "motion_state": true,
    "pose": [
      [
        0.7182143587319346,
        0.6957720368616259,
        -0.008331124335899182,
        42.0543869484615
      ],
      [
        -0.6954995440356473,
        0.717465741309437,
        -0.03902940293556442,
        -53.55649166402327
      ],
      [
        -0.021178270880373776,
        0.03382577077797885,
        0.9992033316967038,
        0.4566893899788482
      ],
      [
        0.0,
        0.0,
        0.0,
        1.0
      ]
    ],
    "location": [
      42.0543869484615,
      -53.55649166402327,
      0.4566893899788482
    ],
    "rotation": [
      0.03383981723055769,
      0.021179854343359367,
      -0.7693320695150262
    ]
  },
  {
    "label_id": "GluGUAV2ypRkSY_bid-Elg",
    "size": [
      0.9192614040463408,
      0.9261726762926981,
      1.8000000000000043
    ],
    "obj_class": "pedestrian",
    "point_num_in_lidar": 41,
    "speed": 1.5187225327780411,
    "if_vehicle": false,
    "motion_state": true,
    "pose": [
      [
        0.6830205528800262,
        0.7303516390826841,
        -0.008331124335899182,
        47.64197150445213
      ],
      [
        -0.7300425517560862,
        0.6822862876622654,
        -0.03902940293556442,
        -58.79638938699827
      ],
      [
        -0.022820976511214584,
        0.0327399596408036,
        0.9992033316967038,
        0.5524536642202129
      ],
      [
        0.0,
        0.0,
        0.0,
        1.0
      ]
    ],
    "location": [
      47.64197150445213,
      -58.79638938699827,
      0.5524536642202129
    ],
    "rotation": [
      0.032754344827980945,
      0.02282295782482016,
      -0.8186625334561163
    ]
  },
  {
    "label_id": "JbaK1eVynVrY5IGp30MGEQ",
    "size": [
      0.7579103994440387,
      1.0900382483025783,
      1.8400000000000034
    ],
    "obj_class": "pedestrian",
    "point_num_in_lidar": 121,
    "speed": 1.378634250316153,
    "if_vehicle": false,
    "motion_state": true,
    "pose": [
      [
        0.9038082365293831,
        0.427856592737504,
        -0.008331124335899182,
        29.861468930551297
      ],
      [
        -0.42783930947476406,
        0.9030117557233961,
        -0.03902940293556442,
        -38.02936519600553
      ],
      [
        -0.009175884142879495,
        0.038839478323006715,
        0.9992033316967038,
        0.2787032615384355
      ],
      [
        0.0,
        0.0,
        0.0,
        1.0
      ]
    ],
    "location": [
      29.861468930551297,
      -38.02936519600553,
      0.2787032615384355
    ],
    "rotation": [
      0.03885088630160936,
      0.009176012911181568,
      -0.44212082092350286
    ]
  },
  {
    "label_id": "L1UCSHYGDwJLA62Yn_UZ4Q",
    "size": [
      0.7961601569326922,
      0.8415275557149793,
      1.600000000000005
    ],
    "obj_class": "pedestrian",
    "point_num_in_lidar": 45,
    "speed": 1.4189515620814355,
    "if_vehicle": false,
    "motion_state": true,
    "pose": [
      [
        0.5580440474144311,
        0.8297695062561772,
        -0.008331124335899182,
        45.4555577669482
      ],
      [
        -0.8293474711737715,
        0.557368350163663,
        -0.03902940293556442,
        -31.90462969825421
      ],
      [
        -0.02774190337720821,
        0.028689522882343305,
        0.9992033316967038,
        0.2723872696708405
      ],
      [
        0.0,
        0.0,
        0.0,
        1.0
      ]
    ],
    "location": [
      45.4555577669482,
      -31.90462969825421,
      0.2723872696708405
    ],
    "rotation": [
      0.028704510856089903,
      0.027745463032666288,
      -0.9785105527409991
    ]
  },
  {
    "label_id": "MOsVL9KVPc8ke5LC8dllMQ",
    "size": [
      0.7632756742572012,
      0.887403375355105,
      1.7200000000000024
    ],
    "obj_class": "pedestrian",
    "point_num_in_lidar": 47,
    "speed": 1.289873409141972,
    "if_vehicle": false,
    "motion_state": true,
    "pose": [
      [
        0.7232610551343138,
        -0.6905244662524991,
        -0.008331124335899182,
        25.95296791026837
      ],
      [
        0.6897870490807263,
        0.7229595650013886,
        -0.03902940293556442,
        -45.32350923011836
      ],
      [
        0.0329738236560885,
        0.022481745477254084,
        0.9992033316967038,
        0.37400940295938057
      ],
      [
        0.0,
        0.0,
        0.0,
        1.0
      ]
    ],
    "location": [
      25.95296791026837,
      -45.32350923011836,
      0.37400940295938057
    ],
    "rotation": [
      0.022495874696110203,
      -0.03297980183979731,
      0.7617133741650541
    ]
  },
  {
    "label_id": "MSs5ysIlfn6HWkrilVdHNQ",
    "size": [
      2.791971653913281,
      6.598391175076888,
      3.4099999999999753
    ],
    "obj_class": "vehicle",
    "point_num_in_lidar": 946,
    "speed": 2.842257677890751e-13,
    "if_vehicle": true,
    "motion_state": false,
    "pose": [
      [
        0.7272213345292369,
        0.6863524772103731,
        -0.008331124335899182,
        46.404583135473075
      ],
      [
        -0.6860897642359789,
        0.7264692292981941,
        -0.03902940293556442,
        -38.241047547966446
      ],
      [
        -0.020735621913378334,
        0.034098913620118174,
        0.9992033316967038,
        0.9480444426404837
      ],
      [
        0.0,
        0.0,
        0.0,
        1.0
      ]
    ],
    "location": [
      46.404583135473075,
      -38.241047547966446,
      0.9480444426404837
    ],
    "rotation": [
      0.03411286240492413,
      0.020737108136415418,
      -0.7563033918093233
    ]
  },
  {
    "label_id": "O8ilGM7P1-uAp4PIMof2xA",
    "size": [
      0.781996201397632,
      0.8654287857100659,
      1.7400000000000055
    ],
    "obj_class": "pedestrian",
    "point_num_in_lidar": 96,
    "speed": 1.3206093581446434,
    "if_vehicle": false,
    "motion_state": true,
    "pose": [
      [
        0.6552094203069008,
        0.7554013555113565,
        -0.008331124335899182,
        43.46822283162649
      ],
      [
        -0.7550650055842243,
        0.6544872367346735,
        -0.03902940293556442,
        -27.574721614597365
      ],
      [
        -0.024030249336828628,
        0.0318629729155442,
        0.9992033316967038,
        0.2549919537359173
      ],
      [
        0.0,
        0.0,
        0.0,
        1.0
      ]
    ],
    "location": [
      43.46822283162649,
      -27.574721614597365,
      0.2549919537359173
    ],
    "rotation": [
      0.031877575201568954,
      0.024032562660798965,
      -0.8560859739874856
    ]
  },
  {
    "label_id": "RGdvnrG8Aw3PXBTuM0u24A",
    "size": [
      0.771302957599099,
      1.0039475245408434,
      1.6799999999999997
    ],
    "obj_class": "pedestrian",
    "point_num_in_lidar": 1012,
    "speed": 1.2628786335463433,
    "if_vehicle": false,
    "motion_state": true,
    "pose": [
      [
        -0.6622719637900665,
        -0.7492172170638823,
        -0.008331124335899182,
        10.156341918108879
      ],
      [
        0.7488876615372325,
        -0.661546654517872,
        -0.03902940293556442,
        -20.46957034303705
      ],
      [
        0.023730073218261958,
        -0.03208715554957751,
        0.9992033316967038,
        0.5048128890983961
      ],
      [
        0.0,
        0.0,
        0.0,
        1.0
      ]
    ],
    "location": [
      10.156341918108879,
      -20.46957034303705,
      0.5048128890983961
    ],
    "rotation": [
      -0.032101707057236986,
      -0.023732300914946394,
      2.294892303243367
    ]
  },
  {
    "label_id": "RWMpVmsqV3fQquqbNkvvCg",
    "size": [
      0.7667422906226923,
      0.8408777034491768,
      1.8700000000000045
    ],
    "obj_class": "pedestrian",
    "point_num_in_lidar": 28,
    "speed": 1.6353834765895041,
    "if_vehicle": false,
    "motion_state": true,
    "pose": [
      [
        -0.664619837866079,
        -0.747135237746264,
        -0.008331124335899182,
        52.254040578990924
      ],
      [
        0.7468079599513182,
        -0.6638934979797915,
        -0.03902940293556442,
        -62.7346079316485
      ],
      [
        0.02362926296389298,
        -0.032161465420438344,
        0.9992033316967038,
        0.6273126364678205
      ],
      [
        0.0,
        0.0,
        0.0,
        1.0
      ]
    ],
    "location": [
      52.254040578990924,
      -62.7346079316485,
      0.6273126364678205
    ],
    "rotation": [
      -0.03217599938572713,
      -0.023631462385143326,
      2.298029689591445
    ]
  },
  {
    "label_id": "Tiut5u-i-6xhzq8sb7ngiw",
    "size": [
      2.1181426631116334,
      4.7834013913174385,
      1.600000000000005
    ],
    "obj_class": "vehicle",
    "point_num_in_lidar": 53,
    "speed": 1.4211288389453755e-12,
    "if_vehicle": true,
    "motion_state": false,
    "pose": [
      [
        -0.7127999324328463,
        0.7013179369522996,
        -0.008331124335899182,
        50.171558396345304
      ],
      [
        -0.7005760713312255,
        -0.7125095606268024,
        -0.03902940293556442,
        -5.473263855637924
      ],
      [
        -0.033308026087348855,
        -0.021983569418348434,
        0.9992033316967038,
        0.3211280403332246
      ],
      [
        0.0,
        0.0,
        0.0,
        1.0
      ]
    ],
    "location": [
      50.171558396345304,
      -5.473263855637924,
      0.3211280403332246
    ],
    "rotation": [
      -0.02199754816128377,
      0.033314187954698704,
      -2.364842971772116
    ]
  },
  {
    "label_id": "USoOrhvBXzxA1F9tKyPuhw",
    "size": [
      0.8762609952667778,
      1.1096432092129922,
      1.8000000000000043
    ],
    "obj_class": "pedestrian",
    "point_num_in_lidar": 211,
    "speed": 1.481800274959317,
    "if_vehicle": false,
    "motion_state": true,
    "pose": [
      [
        0.7069288272495085,
        0.7072356223854497,
        -0.008331124335899182,
        25.30014091729211
      ],
      [
        -0.7069511221211964,
        0.7061846901753639,
        -0.03902940293556442,
        -34.84102233067824
      ],
      [
        -0.021719671618507002,
        0.03348070774328222,
        0.9992033316967038,
        0.45598364507155154
      ],
      [
        0.0,
        0.0,
        0.0,
        1.0
      ]
    ],
    "location": [
      25.30014091729211,
      -34.84102233067824,
      0.45598364507155154
    ],
    "rotation": [
      0.03349487036881515,
      0.021721379669075936,
      -0.7854139319722102
    ]
  },
  {
    "label_id": "UqcFa0VqEE65siIegDRVag",
    "size": [
      0.8713121763847037,
      1.0622914136234558,
      1.7500000000000036
    ],
    "obj_class": "pedestrian",
    "point_num_in_lidar": 107,
    "speed": 1.6409235008916419,
    "if_vehicle": false,
    "motion_state": true,
    "pose": [
      [
        0.713192128753529,
        0.700919096509226,
        -0.008331124335899182,
        31.71862443497494
      ],
      [
        -0.7006412270336996,
        0.7124454903269479,
        -0.03902940293556442,
        -41.79594417331282
      ],
      [
        -0.021420981880425884,
        0.033672592140869144,
        0.9992033316967038,
        0.35708539890429947
      ],
      [
        0.0,
        0.0,
        0.0,
        1.0
      ]
    ],
    "location": [
      31.71862443497494,
      -41.79594417331282,
      0.35708539890429947
    ],
    "rotation": [
      0.03368669115382503,
      0.02142262041859388,
      -0.7765211822503778
    ]
  },
  {
    "label_id": "Wpqa9KCQJuuTRKatLAsU9w",
    "size": [
      0.7462867831479508,
      1.0096800683498657,
      1.7500000000000036
    ],
    "obj_class": "pedestrian",
    "point_num_in_lidar": 80,
    "speed": 0.35488425829470316,
    "if_vehicle": false,
    "motion_state": false,
    "pose": [
      [
        -0.563606471131679,
        0.8260014152928526,
        -0.008331124335899182,
        42.23565665652144
      ],
      [
        -0.8252173809230048,
        -0.563465154139162,
        -0.03902940293556442,
        -29.876411425708284
      ],
      [
        -0.03693264032089119,
        -0.015122235454275225,
        0.9992033316967038,
        0.2735831271667948
      ],
      [
        0.0,
        0.0,
        0.0,
        1.0
      ]
    ],
    "location": [
      42.23565665652144,
      -29.876411425708284,
      0.2735831271667948
    ],
    "rotation": [
      -0.01513313713701661,
      0.036941041621563066,
      -2.1700074989066853
    ]
  },
  {
    "label_id": "Y4WRE-DC5UX_A82GcFlyAw",
    "size": [
      0.8315503518926498,
      0.9516061533592971,
      1.740000000000002
    ],
    "obj_class": "pedestrian",
    "point_num_in_lidar": 94,
    "speed": 0.6409779705487468,
    "if_vehicle": false,
    "motion_state": false,
    "pose": [
      [
        0.7238328234208384,
        -0.6899250945616613,
        -0.008331124335899182,
        32.631554845079634
      ],
      [
        0.6891879273912034,
        0.7235307225299494,
        -0.03902940293556442,
        -39.157139143779204
      ],
      [
        0.032955188921244445,
        0.022509052609382376,
        0.9992033316967038,
        0.23868724231801508
      ],
      [
        0.0,
        0.0,
        0.0,
        1.0
      ]
    ],
    "location": [
      32.631554845079634,
      -39.157139143779204,
      0.23868724231801508
    ],
    "rotation": [
      0.02252318975566406,
      -0.03296115697189572,
      0.7608847538984229
    ]
  },
  {
    "label_id": "_CuXoK6hvB75S9LCO7CUjQ",
    "size": [
      0.9248528456291139,
      0.9846531429257308,
      1.8000000000000007
    ],
    "obj_class": "pedestrian",
    "point_num_in_lidar": 794,
    "speed": 1.137130723872009e-12,
    "if_vehicle": false,
    "motion_state": false,
    "pose": [
      [
        0.9376343762530699,
        0.34752319179562186,
        -0.008331124335899182,
        16.186705866962043
      ],
      [
        -0.34757533554197895,
        0.9368394162445206,
        -0.03902940293556442,
        -22.726735557534994
      ],
      [
        -0.005758697022540446,
        0.03949100321350978,
        0.9992033316967038,
        0.37684298725792686
      ],
      [
        0.0,
        0.0,
        0.0,
        1.0
      ]
    ],
    "location": [
      16.186705866962043,
      -22.726735557534994,
      0.37684298725792686
    ],
    "rotation": [
      0.03950193039216971,
      0.0057587288519015,
      -0.35499011750784637
    ]
  },
  {
    "label_id": "_hHL2rZg7Bbfjm__kmk14Q",
    "size": [
      1.978050062065986,
      4.596211258606762,
      1.5200000000000031
    ],
    "obj_class": "vehicle",
    "point_num_in_lidar": 440,
    "speed": 1.7053155762006798e-12,
    "if_vehicle": true,
    "motion_state": false,
    "pose": [
      [
        -0.716273728445483,
        0.6977696885836374,
        -0.008331124335899182,
        40.70932884967337
      ],
      [
        -0.6970292740293937,
        -0.7159796762845644,
        -0.03902940293556442,
        -15.152409083559178
      ],
      [
        -0.033198450037057646,
        -0.02214869841195738,
        0.9992033316967038,
        0.1343058231318892
      ],
      [
        0.0,
        0.0,
        0.0,
        1.0
      ]
    ],
    "location": [
      40.70932884967337,
      -15.152409083559178,
      0.1343058231318892
    ],
    "rotation": [
      -0.022162728255592953,
      0.03320455127067805,
      -2.3698103001939863
    ]
  },
  {
    "label_id": "b20vDrWY4biX5nUcRQMbAQ",
    "size": [
      0.6550561708442535,
      0.8091149731180987,
      1.6320307118407733
    ],
    "obj_class": "pedestrian",
    "point_num_in_lidar": 47,
    "speed": 1.370510260605998,
    "if_vehicle": false,
    "motion_state": true,
    "pose": [
      [
        0.6256628035216731,
        0.7800491322068758,
        -0.008331124335899182,
        35.339679631429775
      ],
      [
        -0.7796852476673106,
        0.6249540945353168,
        -0.03902940293556442,
        -46.19029735834374
      ],
      [
        -0.0252382816246365,
        0.03091490040162497,
        0.9992033316967038,
        0.3745963404971171
      ],
      [
        0.0,
        0.0,
        0.0,
        1.0
      ]
    ],
    "location": [
      35.339679631429775,
      -46.19029735834374,
      0.3745963404971171
    ],
    "rotation": [
      0.030929682272850867,
      0.02524096173458185,
      -0.8945598520030837
    ]
  },
  {
    "label_id": "cRHbXSVzCHNJres5pwPUzA",
    "size": [
      2.9034877551084755,
      6.717178148575322,
      3.4999999999999716
    ],
    "obj_class": "vehicle",
    "point_num_in_lidar": 72,
    "speed": 2.8421709430404007e-13,
    "if_vehicle": true,
    "motion_state": false,
    "pose": [
      [
        0.7304711206281331,
        0.6828927692512049,
        -0.008331124335899182,
        55.095431751149164
      ],
      [
        -0.6826336293309145,
        0.7297177768240245,
        -0.03902940293556442,
        -60.082281323089774
      ],
      [
        -0.02057352752405181,
        0.034196957341610656,
        0.9992033316967038,
        1.3757971483950477
      ],
      [
        0.0,
        0.0,
        0.0,
        1.0
      ]
    ],
    "location": [
      55.095431751149164,
      -60.082281323089774,
      1.3757971483950477
    ],
    "rotation": [
      0.03421086982998291,
      0.020574979160182597,
      -0.7515583296651556
    ]
  },
  {
    "label_id": "dWGM_6Sr_Eaoh5yFictcbQ",
    "size": [
      1.000000000000502,
      1.0,
      1.9100000000000001
    ],
    "obj_class": "pedestrian",
    "point_num_in_lidar": 467,
    "speed": 8.526512829121202e-13,
    "if_vehicle": false,
    "motion_state": false,
    "pose": [
      [
        0.7680520543035141,
        -0.6403332212586285,
        -0.008331124335899182,
        17.457751845371078
      ],
      [
        0.639617743540187,
        0.7677016659191594,
        -0.03902940293556442,
        -24.22137348002252
      ],
      [
        0.03138764133718039,
        0.02464787815401928,
        0.9992033316967038,
        0.35991259223742134
      ],
      [
        0.0,
        0.0,
        0.0,
        1.0
      ]
    ],
    "location": [
      17.457751845371078,
      -24.22137348002252,
      0.35991259223742134
    ],
    "rotation": [
      0.024662528528417747,
      -0.031392797390512636,
      0.6944111331033487
    ]
  },
  {
    "label_id": "fQ2n6--00V_n1eOOacR5TA",
    "size": [
      0.761825567702521,
      0.9345899953471253,
      1.850000000000005
    ],
    "obj_class": "pedestrian",
    "point_num_in_lidar": 60,
    "speed": 1.2579281435075222,
    "if_vehicle": false,
    "motion_state": true,
    "pose": [
      [
        0.6851445491108497,
        0.7283594848637521,
        -0.008331124335899182,
        13.101292896050992
      ],
      [
        -0.7280525371371559,
        0.6844093868983998,
        -0.03902940293556442,
        -22.213627929028007
      ],
      [
        -0.022725536117780415,
        0.032806278886309465,
        0.9992033316967038,
        0.4480400738668955
      ],
      [
        0.0,
        0.0,
        0.0,
        1.0
      ]
    ],
    "location": [
      13.101292896050992,
      -22.213627929028007,
      0.4480400738668955
    ],
    "rotation": [
      0.032820645624244436,
      0.022727492673013286,
      -0.8157511909414092
    ]
  },
  {
    "label_id": "hGZX2N3Zly2psnSENmTj-A",
    "size": [
      2.1384752959999815,
      4.888177290087686,
      1.5899999999999999
    ],
    "obj_class": "vehicle",
    "point_num_in_lidar": 436,
    "speed": 1.4210924103971636e-12,
    "if_vehicle": true,
    "motion_state": false,
    "pose": [
      [
        0.7057924337579576,
        -0.708369700662951,
        -0.008331124335899182,
        23.55524398527632
      ],
      [
        0.7076249849235724,
        0.7055094516860899,
        -0.03902940293556442,
        -41.49317214707662
      ],
      [
        0.03352493343666835,
        0.02165134555342492,
        0.9992033316967038,
        0.1807812026335931
      ],
      [
        0.0,
        0.0,
        0.0,
        1.0
      ]
    ],
    "location": [
      23.55524398527632,
      -41.49317214707662,
      0.1807812026335931
    ],
    "rotation": [
      0.021665217858226594,
      -0.03353121651196758,
      0.7866947019249536
    ]
  },
  {
    "label_id": "hgO3zRhEBlBJHykxs4_HqQ",
    "size": [
      0.7656421592395325,
      1.0828474020012604,
      1.8984507849923276
    ],
    "obj_class": "pedestrian",
    "point_num_in_lidar": 385,
    "speed": 1.0860900724807379,
    "if_vehicle": false,
    "motion_state": true,
    "pose": [
      [
        0.8605748001184663,
        0.5092559334640704,
        -0.008331124335899182,
        14.733606192675751
      ],
      [
        -0.5091653888446346,
        0.8597832939230591,
        -0.03902940293556442,
        -23.8124558702184
      ],
      [
        -0.01271299350089423,
        0.03782964079201754,
        0.9992033316967038,
        0.49085459831592715
      ],
      [
        0.0,
        0.0,
        0.0,
        1.0
      ]
    ],
    "location": [
      14.733606192675751,
      -23.8124558702184,
      0.49085459831592715
    ],
    "rotation": [
      0.03784172907012146,
      0.012713335971902408,
      -0.5342626008784525
    ]
  },
  {
    "label_id": "htlToNRsx41JQWk7O-9SuQ",
    "size": [
      0.6722732336178225,
      0.6100302540971272,
      1.6900000000000048
    ],
    "obj_class": "pedestrian",
    "point_num_in_lidar": 35,
    "speed": 0.003569807079248379,
    "if_vehicle": false,
    "motion_state": false,
    "pose": [
      [
        -0.6124253373972215,
        -0.7904845339924109,
        -0.008331124335899182,
        55.92971984932076
      ],
      [
        0.7901087550912718,
        -0.6117228627692559,
        -0.03902940293556442,
        -50.261535822408405
      ],
      [
        0.02575580016267881,
        -0.03048508953877305,
        0.9992033316967038,
        0.3657726461340971
      ],
      [
        0.0,
        0.0,
        0.0,
        1.0
      ]
    ],
    "location": [
      55.92971984932076,
      -50.261535822408405,
      0.3657726461340971
    ],
    "rotation": [
      -0.030499934405959675,
      -0.025758648579646517,
      2.23017838804102
    ]
  },
  {
    "label_id": "jkjRLcw59twUELYWSONreA",
    "size": [
      2.4513075993660536,
      5.635550788292107,
      2.1400000000000006
    ],
    "obj_class": "vehicle",
    "point_num_in_lidar": 951,
    "speed": 6.665561333569438,
    "if_vehicle": true,
    "motion_state": true,
    "pose": [
      [
        0.9997141757059127,
        -0.022408910280231273,
        -0.008331124335899182,
        35.39449464865797
      ],
      [
        0.022067523595946912,
        0.9989943593979076,
        -0.03902940293556442,
        -21.500387067497286
      ],
      [
        0.009197352607679982,
        0.03883440010115849,
        0.9992033316967038,
        0.5055133703951675
      ],
      [
        0.0,
        0.0,
        0.0,
        1.0
      ]
    ],
    "location": [
      35.39449464865797,
      -21.500387067497286,
      0.5055133703951675
    ],
    "rotation": [
      0.03884581169715296,
      -0.00919748228194416,
      0.022070248692921103
    ]
  },
  {
    "label_id": "lhHFPkjsC18bVySvOy8gPg",
    "size": [
      2.966190924559125,
      11.160713238735097,
      4.1399999999999935
    ],
    "obj_class": "vehicle",
    "point_num_in_lidar": 446,
    "speed": 0.0027436796888558085,
    "if_vehicle": true,
    "motion_state": false,
    "pose": [
      [
        0.7039515262842894,
        0.7101991558776447,
        -0.008331124335899182,
        60.76016264189215
      ],
      [
        -0.7099115320396019,
        0.7032085909484316,
        -0.03902940293556442,
        -53.4003423510967
      ],
      [
        -0.021860130813982467,
        0.0333891690073657,
        0.9992033316967038,
        1.591855423372028
      ],
      [
        0.0,
        0.0,
        0.0,
        1.0
      ]
    ],
    "location": [
      60.76016264189215,
      -53.4003423510967,
      1.591855423372028
    ],
    "rotation": [
      0.03340336110975119,
      0.02186187222154457,
      -0.7896135436764734
    ]
  },
  {
    "label_id": "ohnUqlIEDND8uWnUNCjXPQ",
    "size": [
      0.9097731638539018,
      1.0756147958730597,
      1.9184974544166629
    ],
    "obj_class": "pedestrian",
    "point_num_in_lidar": 172,
    "speed": 8.527929402286984e-13,
    "if_vehicle": false,
    "motion_state": false,
    "pose": [
      [
        0.949221912287617,
        0.31449698504173224,
        -0.008331124335899182,
        17.899387816536787
      ],
      [
        -0.31457691716749775,
        0.9484292640423357,
        -0.03902940293556442,
        -25.381286440502663
      ],
      [
        -0.004373147428671885,
        0.03966834390006667,
        0.9992033316967038,
        0.40405234688048
      ],
      [
        0.0,
        0.0,
        0.0,
        1.0
      ]
    ],
    "location": [
      17.899387816536787,
      -25.381286440502663,
      0.40405234688048
    ],
    "rotation": [
      0.03967913443068913,
      0.004373161367775394,
      -0.3200140794114366
    ]
  },
  {
    "label_id": "owqq0SyyUzEtwrdnEtGJFw",
    "size": [
      0.7649237108880543,
      0.7620373890771113,
      1.5899971513714917
    ],
    "obj_class": "pedestrian",
    "point_num_in_lidar": 261,
    "speed": 1.4498620635070165,
    "if_vehicle": false,
    "motion_state": true,
    "pose": [
      [
        0.5797008239610478,
        0.8147868108076997,
        -0.008331124335899182,
        17.381889437924727
      ],
      [
        -0.814382715187229,
        0.5790142475887531,
        -0.03902940293556442,
        -27.04300659864748
      ],
      [
        -0.026976803056678187,
        0.02941010069768641,
        0.9992033316967038,
        0.20180383795387158
      ],
      [
        0.0,
        0.0,
        0.0,
        1.0
      ]
    ],
    "location": [
      17.381889437924727,
      -27.04300659864748,
      0.20180383795387158
    ],
    "rotation": [
      0.02942505412912386,
      0.026980076180672035,
      -0.9521758090074594
    ]
  },
  {
    "label_id": "p6HYxZ-qmvgAHLlaUQcisA",
    "size": [
      0.6759889815813273,
      0.9843414976660856,
      1.6620307118407744
    ],
    "obj_class": "pedestrian",
    "point_num_in_lidar": 30,
    "speed": 0.8630733499850716,
    "if_vehicle": false,
    "motion_state": false,
    "pose": [
      [
        0.987367610245846,
        -0.15822703499941784,
        -0.008331124335899182,
        33.74419832876279
      ],
      [
        0.15779088115162213,
        0.9867009392576294,
        -0.03902940293556442,
        -42.25651949814528
      ],
      [
        0.014395834911595753,
        0.037221792855865195,
        0.9992033316967038,
        0.2970394657599158
      ],
      [
        0.0,
        0.0,
        0.0,
        1.0
      ]
    ],
    "location": [
      33.74419832876279,
      -42.25651949814528,
      0.2970394657599158
    ],
    "rotation": [
      0.03723425331280455,
      -0.014396332190260906,
      0.158469666828755
    ]
  },
  {
    "label_id": "pSaTalnDwPUUoeyMk0QQbQ",
    "size": [
      1.1003882590386185,
      0.9630763014079236,
      1.7500000000000036
    ],
    "obj_class": "pedestrian",
    "point_num_in_lidar": 58,
    "speed": 1.1039779651694213,
    "if_vehicle": false,
    "motion_state": true,
    "pose": [
      [
        0.714823945581725,
        -0.6992548313671311,
        -0.008331124335899182,
        27.473890124650097
      ],
      [
        0.6985138080943697,
        0.7145314308048284,
        -0.03902940293556442,
        -45.952394484371325
      ],
      [
        0.03324434876001088,
        0.0220797464145225,
        0.9992033316967038,
        0.439049446358478
      ],
      [
        0.0,
        0.0,
        0.0,
        1.0
      ]
    ],
    "location": [
      27.473890124650097,
      -45.952394484371325,
      0.439049446358478
    ],
    "rotation": [
      0.02209375506689336,
      -0.03325047534294396,
      0.7738585201185746
    ]
  },
  {
    "label_id": "pz7xo7HxZhLHkt8SZMS4wg",
    "size": [
      0.6538178511614878,
      0.9079292511897701,
      1.7400000000000055
    ],
    "obj_class": "pedestrian",
    "point_num_in_lidar": 51,
    "speed": 1.5983510769011409,
    "if_vehicle": false,
    "motion_state": true,
    "pose": [
      [
        0.6808614792204135,
        0.7323648260812982,
        -0.008331124335899182,
        28.82854967604932
      ],
      [
        -0.7320535724507967,
        0.6801281296700786,
        -0.03902940293556442,
        -40.252748067423454
      ],
      [
        -0.022917529880337555,
        0.032672446348424714,
        0.9992033316967038,
        0.24445396537664976
      ],
      [
        0.0,
        0.0,
        0.0,
        1.0
      ]
    ],
    "location": [
      28.82854967604932,
      -40.252748067423454,
      0.24445396537664976
    ],
    "rotation": [
      0.032686850021124425,
      0.022919536452727342,
      -0.821613865410638
    ]
  },
  {
    "label_id": "tVoyvR9FELarALj8t_dsyA",
    "size": [
      0.6000503937652716,
      0.736264236540308,
      1.600000000000005
    ],
    "obj_class": "pedestrian",
    "point_num_in_lidar": 25,
    "speed": 1.5485386167417068,
    "if_vehicle": false,
    "motion_state": true,
    "pose": [
      [
        0.6827304920218876,
        0.7306227943548237,
        -0.008331124335899182,
        49.578876528803264
      ],
      [
        -0.7303134154915829,
        0.6819963495939784,
        -0.03902940293556442,
        -60.601448416375206
      ],
      [
        -0.022833975049685637,
        0.03273089533815399,
        0.9992033316967038,
        0.4852410067132418
      ],
