[
  {
    "label_id": "0OCxtJR_yEaJVNaM9OqfbQ",
    "size": [
      2.915222912169123,
      7.801972595825992,
      3.8199999999999648
    ],
    "obj_class": "vehicle",
    "point_num_in_lidar": 899,
    "speed": 1.1368770508004532e-12,
    "if_vehicle": true,
    "motion_state": false,
    "pose": [
      [
        0.697082724750167,
        0.7168870018755861,
        -0.012194318214506976,
        40.21374885361337
      ],
      [
        -0.7168308958866075,
        0.6964674738125477,
        -0.032962472958987236,
        -45.256889121268614
      ],
      [
        -0.015137422412249425,
        0.03171883451518592,
        0.9993821961490565,
        1.4184302360018854
      ],
      [
        0.0,
        0.0,
        0.0,
        1.0
      ]
    ],
    "location": [
      40.21374885361337,
      -45.256889121268614,
      1.4184302360018854
    ],
    "rotation": [
      0.031727792068551246,
      0.015138000573958612,
      -0.7993642832896254
    ]
  },
  {
    "label_id": "0zDrRxGQLSyidFtDJd4m_A",
    "size": [
      2.8652083188936226,
      5.711556680080511,
      2.489999999999995
    ],
    "obj_class": "vehicle",
    "point_num_in_lidar": 6145,
    "speed": 5.84122386385516,
    "if_vehicle": true,
    "motion_state": true,
    "pose": [
      [
        -0.7030725914200754,
        0.7110135229354947,
        -0.012194318214506976,
        28.924473193589932
      ],
      [
        -0.7103972896499386,
        -0.7030285671538884,
        -0.032962472958987236,
        -22.448990097309434
      ],
      [
        -0.03200971808499889,
        -0.014512200674174679,
        0.9993821961490565,
        0.6685132208235913
      ],
      [
        0.0,
        0.0,
        0.0,
        1.0
      ]
    ],
    "location": [
      28.924473193589932,
      -22.448990097309434,
      0.6685132208235913
    ],
    "rotation": [
      -0.014520151372984612,
      0.03201518691744724,
      -2.3510124677356963
    ]
  },
  {
    "label_id": "1SW0MBgHGBrWD6fZmv_sBg",
    "size": [
      1.9829537986646633,
      4.787881978925732,
      1.5400000000000027
    ],
    "obj_class": "vehicle",
    "point_num_in_lidar": 794,
    "speed": 3.8018816271569014,
    "if_vehicle": true,
    "motion_state": true,
    "pose": [
      [
        0.7063447539628214,
        -0.7077629455915906,
        -0.012194318214506976,
        17.63824545722069
      ],
      [
        0.7071469219292987,
        0.7062978877091071,
        -0.032962472958987236,
        -42.020250469424354
      ],
      [
        0.03194243815239492,
        0.014659695261807002,
        0.9993821961490565,
        0.32599336732429407
      ],
      [
        0.0,
        0.0,
        0.0,
        1.0
      ]
    ],
    "location": [
      17.63824545722069,
      -42.020250469424354,
      0.32599336732429407
    ],
    "rotation": [
      0.014667705708413078,
      -0.031947872562589553,
      0.7859656714302453
    ]
  },
  {
    "label_id": "3x3ZXLKl-lWgN_FV9ytvUQ",
    "size": [
      2.060710454258797,
      4.694385415658241,
      1.5400000000000027
    ],
    "obj_class": "vehicle",
    "point_num_in_lidar": 555,
    "speed": 8.866022198850237,
    "if_vehicle": true,
    "motion_state": true,
    "pose": [
      [
        0.7183962919389184,
        -0.6955271859041139,
        -0.012194318214506976,
        32.56654960598962
      ],
      [
        0.694912058025371,
        0.7183388524835417,
        -0.032962472958987236,
        -27.45669422526771
      ],
      [
        0.031685948610632925,
        0.015206139580213987,
        0.9993821961490565,
        0.23625774779232245
      ],
      [
        0.0,
        0.0,
        0.0,
        1.0
      ]
    ],
    "location": [
      32.56654960598962,
      -27.45669422526771,
      0.23625774779232245
    ],
    "rotation": [
      0.015214365765720312,
      -0.03169125311947007,
      0.7687831954908286
    ]
  },
  {
    "label_id": "6L39DYBXXN-_o2M2SgAr0A",
    "size": [
      0.8004371481686442,
      0.11463204214808968,
      0.823380178590412
    ],
    "obj_class": "sign",
    "point_num_in_lidar": 212,
    "speed": 0.002277300523719112,
    "if_vehicle": false,
    "motion_state": false,
    "pose": [
      [
        0.7166861390128497,
        -0.6972892346438009,
        -0.012194318214506976,
        34.23461579894669
      ],
      [
        0.6966739675672926,
        0.7166302102831521,
        -0.032962472958987236,
        -11.306309957388294
      ],
      [
        0.031723194367860995,
        0.015128283425013345,
        0.9993821961490565,
        2.1475104175494657
      ],
      [
        0.0,
        0.0,
        0.0,
        1.0
      ]
    ],
    "location": [
      34.23461579894669,
      -11.306309957388294,
      2.1475104175494657
    ],
    "rotation": [
      0.015136479420461335,
      -0.031728517610166755,
      0.7712398224831624
    ]
  },
  {
    "label_id": "9LV2zL8g-0uZ1xiZVzZYIA",
    "size": [
      0.9101829416491587,
      0.9486508881338631,
      1.7600000000000051
    ],
    "obj_class": "pedestrian",
    "point_num_in_lidar": 71,
    "speed": 1.6123528414556698,
    "if_vehicle": false,
    "motion_state": true,
    "pose": [
      [
        -0.6968751832003474,
        0.7170887515801414,
        -0.012194318214506976,
        13.098258284849038
      ],
      [
        -0.7164721594150567,
        -0.6968365089169436,
        -0.032962472958987236,
        -58.010469765189555
      ],
      [
        -0.032134464716373656,
        -0.014233839878288551,
        0.9993821961490565,
        0.475540203418344
      ],
      [
        0.0,
        0.0,
        0.0,
        1.0
      ]
    ],
    "location": [
      13.098258284849038,
      -58.010469765189555,
      0.475540203418344
    ],
    "rotation": [
      -0.014241676099818948,
      0.03213999775682216,
      -2.342329731057238
    ]
  },
  {
    "label_id": "C8em1kIenRlg8YGuTTTf7g",
    "size": [
      0.7852210358370082,
      1.2072036134509911,
      1.970000000000006
    ],
    "obj_class": "pedestrian",
    "point_num_in_lidar": 90,
    "speed": 1.7661087547895182,
    "if_vehicle": false,
    "motion_state": true,
    "pose": [
      [
        0.8898577753902397,
        0.45607503569129637,
        -0.012194318214506976,
        45.76015716518779
      ],
      [
        -0.4562187938290165,
        0.8892569299890923,
        -0.032962472958987236,
        -41.195829109246915
      ],
      [
        -0.004189479052500954,
        0.03489519000603488,
        0.9993821961490565,
        0.41347013429287927
      ],
      [
        0.0,
        0.0,
        0.0,
        1.0
      ]
    ],
    "location": [
      45.76015716518779,
      -41.195829109246915,
      0.41347013429287927
    ],
    "rotation": [
      0.034902582144835055,
      0.004189491308035251,
      -0.4737458682778547
    ]
  },
  {
    "label_id": "CMZjVTrjReWzAq0DwIC4fA",
    "size": [
      2.1784127462927994,
      4.939794431315422,
      1.860000000000003
    ],
    "obj_class": "vehicle",
    "point_num_in_lidar": 86,
    "speed": 2.7220001484640837,
    "if_vehicle": true,
    "motion_state": true,
    "pose": [
      [
        -0.7186164837532579,
        0.6952996820662204,
        -0.012194318214506976,
        54.70715325260487
      ],
      [
        -0.6946845724056201,
        -0.7185588495301195,
        -0.032962472958987236,
        -0.7425379568776407
      ],
      [
        -0.03168113223552052,
        -0.015216171678976412,
        0.9993821961490565,
        0.12133859844516337
      ],
      [
        0.0,
        0.0,
        0.0,
        1.0
      ]
    ],
    "location": [
      54.70715325260487,
      -0.7425379568776407,
      0.12133859844516337
    ],
    "rotation": [
      -0.015224401741194916,
      0.03168643432508486,
      -2.3731262148520513
    ]
  },
  {
    "label_id": "DU9Ii0eGlPHgLujlH0NO-w",
    "size": [
      2.1653643943516023,
      4.664689921881497,
      1.7700000000000031
    ],
    "obj_class": "vehicle",
    "point_num_in_lidar": 3856,
    "speed": 1.3301081505434134,
    "if_vehicle": true,
    "motion_state": true,
    "pose": [
      [
        0.6891690128324836,
        0.7244980126644818,
        -0.012194318214506976,
        18.294552343835434
      ],
      [
        -0.7244351543724271,
        0.6885544150507102,
        -0.032962472958987236,
        -12.679769460944954
      ],
      [
        -0.015484794506160901,
        0.03155070774785552,
        0.9993821961490565,
        0.2730126544962026
      ],
      [
        0.0,
        0.0,
        0.0,
        1.0
      ]
    ],
    "location": [
      18.294552343835434,
      -12.679769460944954,
      0.2730126544962026
    ],
    "rotation": [
      0.031559729765869175,
      0.015485413394006182,
      -0.810340667598527
    ]
  },
  {
    "label_id": "G8ZifmyoUj0ZKarCYDaXdw",
    "size": [
      0.9191115219774747,
      1.1134257866036492,
      1.944807819718985
    ],
    "obj_class": "pedestrian",
    "point_num_in_lidar": 724,
    "speed": 5.685902922862834e-13,
    "if_vehicle": false,
    "motion_state": false,
    "pose": [
      [
        0.5436326808970599,
        0.8392346554235942,
        -0.012194318214506976,
        15.69432323047512
      ],
      [
        -0.8390594581463886,
        0.5430402389063972,
        -0.032962472958987236,
        -27.406384952269946
      ],
      [
        -0.021041244159138692,
        0.028151235577219925,
        0.9993821961490565,
        0.4111256145260995
      ],
      [
        0.0,
        0.0,
        0.0,
        1.0
      ]
    ],
    "location": [
      15.69432323047512,
      -27.406384952269946,
      0.4111256145260995
    ],
    "rotation": [
      0.028161191471770177,
      0.021042797080757732,
      -0.9958937119943598
    ]
  },
  {
    "label_id": "HqTH657HXv5vkMKImjfSNA",
    "size": [
      0.7927238927759455,
      1.8324840737910788,
      1.7400000000000055
    ],
    "obj_class": "cyclist",
    "point_num_in_lidar": 1460,
    "speed": 0.00940973326180016,
    "if_vehicle": false,
    "motion_state": false,
    "pose": [
      [
        0.6479624738524922,
        0.7615746392063235,
        -0.012194318214506976,
        18.918209795353732
      ],
      [
        -0.7614778199581098,
        0.6473523036865418,
        -0.032962472958987236,
        -18.955662216292694
      ],
      [
        -0.01720936346304105,
        0.030644148372659483,
        0.9993821961490565,
        0.2636680669987186
      ],
      [
        0.0,
        0.0,
        0.0,
        1.0
      ]
    ],
    "location": [
      18.918209795353732,
      -18.955662216292694,
      0.2636680669987186
    ],
    "rotation": [
      0.030653487495955953,
      0.017210213036735398,
      -0.8657640045877273
    ]
  },
  {
    "label_id": "JbaK1eVynVrY5IGp30MGEQ",
    "size": [
      0.7579103994418577,
      1.0900382483025783,
      1.8400000000000034
    ],
    "obj_class": "pedestrian",
    "point_num_in_lidar": 59,
    "speed": 1.5046176567776275,
    "if_vehicle": false,
    "motion_state": true,
    "pose": [
      [
        0.7188298461092069,
        -0.6950790968989771,
        -0.012194318214506976,
        39.19410278630875
      ],
      [
        0.6944640049560136,
        0.7187720231039062,
        -0.032962472958987236,
        -33.1735364432443
      ],
      [
        0.031676460709303786,
        0.015225894299533109,
        0.9993821961490565,
        0.22993549699656413
      ],
      [
        0.0,
        0.0,
        0.0,
        1.0
      ]
    ],
    "location": [
      39.19410278630875,
      -33.1735364432443,
      0.22993549699656413
    ],
    "rotation": [
      0.015234128115945293,
      -0.03168176045305631,
      0.7681594076710008
    ]
  },
  {
    "label_id": "MOsVL9KVPc8ke5LC8dllMQ",
    "size": [
      0.7632756742578047,
      0.887403375355105,
      1.7200000000000024
    ],
    "obj_class": "pedestrian",
    "point_num_in_lidar": 109,
    "speed": 1.5606967703976653,
    "if_vehicle": false,
    "motion_state": true,
    "pose": [
      [
        0.7507772007700203,
        -0.6604429524245194,
        -0.012194318214506976,
        33.71250543050992
      ],
      [
        0.6598312674933117,
        0.750690464715383,
        -0.032962472958987236,
        -38.60286299857398
      ],
      [
        0.03092399136758241,
        0.01670128073491101,
        0.9993821961490565,
        0.17150364205255642
      ],
      [
        0.0,
        0.0,
        0.0,
        1.0
      ]
    ],
    "location": [
      33.71250543050992,
      -38.60286299857398,
      0.17150364205255642
    ],
    "rotation": [
      0.01671004976311413,
      -0.03092892222377621,
      0.7210144342526024
    ]
  },
  {
    "label_id": "MSs5ysIlfn6HWkrilVdHNQ",
    "size": [
      2.7919716539132824,
      6.598391175076888,
      3.4099999999999753
    ],
    "obj_class": "vehicle",
    "point_num_in_lidar": 860,
    "speed": 2.842257677890751e-13,
    "if_vehicle": true,
    "motion_state": false,
    "pose": [
      [
        0.7271924998978359,
        0.6863252630463338,
        -0.012194318214506976,
        46.40458313547836
      ],
      [
        -0.6862956003473886,
        0.7265754085573263,
        -0.032962472958987236,
        -38.241047547968265
      ],
      [
        -0.013762886185451127,
        0.0323389700537129,
        0.9993821961490565,
        0.9128143456066589
      ],
      [
        0.0,
        0.0,
        0.0,
        1.0
      ]
    ],
    "location": [
      46.40458313547836,
      -38.241047547968265,
      0.9128143456066589
    ],
    "rotation": [
      0.03234767425327476,
      0.013763320710008367,
      -0.7564729158686195
    ]
  },
  {
    "label_id": "OLCvkJUNK6eYbjQ3PM1B4w",
    "size": [
      1.014126349486476,
      1.1026134838928923,
      1.7699999999999996
    ],
    "obj_class": "pedestrian",
    "point_num_in_lidar": 1065,
    "speed": 1.3674804704320536,
    "if_vehicle": false,
    "motion_state": true,
    "pose": [
      [
        0.6890908737737574,
        0.7245723333698321,
        -0.012194318214506976,
        12.28012704315752
      ],
      [
        -0.7245094087955195,
        0.6884762827746465,
        -0.032962472958987236,
        -21.19364966406647
      ],
      [
        -0.015488197070238446,
        0.03154903757330924,
        0.9993821961490565,
        0.49503475764760907
      ],
      [
        0.0,
        0.0,
        0.0,
        1.0
      ]
    ],
    "location": [
      12.28012704315752,
      -21.19364966406647,
      0.49503475764760907
    ],
    "rotation": [
      0.03155806022275404,
      0.015488816366178248,
      -0.8104484739826402
    ]
  },
  {
    "label_id": "PWtl2vvw-GpvZVVx_QogYQ",
    "size": [
      2.361967297285702,
      5.560553804636791,
      3.0699999999999967
    ],
    "obj_class": "vehicle",
    "point_num_in_lidar": 32,
    "speed": 1.421101083945723e-12,
    "if_vehicle": true,
    "motion_state": false,
    "pose": [
      [
        0.7108819237485116,
        0.7032056520612578,
        -0.012194318214506976,
        69.40159518538381
      ],
      [
        -0.7031615124619114,
        0.7102656987133091,
        -0.032962472958987236,
        -61.62043904143502
      ],
      [
        -0.014518191343716966,
        0.03200700142774769,
        0.9993821961490565,
        1.3901606330005585
      ],
      [
        0.0,
        0.0,
        0.0,
        1.0
      ]
    ],
    "location": [
      69.40159518538381,
      -61.62043904143502,
      1.3901606330005585
    ],
    "rotation": [
      0.0320158443143704,
      0.01451870141103024,
      -0.7799384056726961
    ]
  },
  {
    "label_id": "QGz3Z8WOHWW2DZUn8xCVGw",
    "size": [
      0.7480288526810718,
      0.7789012706482041,
      1.5800000000000054
    ],
    "obj_class": "pedestrian",
    "point_num_in_lidar": 20,
    "speed": 1.3156984975944608,
    "if_vehicle": false,
    "motion_state": true,
    "pose": [
      [
        0.6898515252049265,
        -0.7238481690076448,
        -0.012194318214506976,
        74.02154413487267
      ],
      [
        0.7232312291251873,
        0.6898188636116723,
        -0.032962472958987236,
        -0.21269525101706677
      ],
      [
        0.03227169643057722,
        0.013919900494661954,
        0.9993821961490565,
        -0.1648720278965783
      ],
      [
        0.0,
        0.0,
        0.0,
        1.0
      ]
    ],
    "location": [
      74.02154413487267,
      -0.21269525101706677,
      -0.1648720278965783
    ],
    "rotation": [
      0.013927604958679552,
      -0.03227730068380496,
      0.8090156743565106
    ]
  },
  {
    "label_id": "RWMpVmsqV3fQquqbNkvvCg",
    "size": [
      0.7667422906229381,
      0.8408777034491768,
      1.8700000000000045
    ],
    "obj_class": "pedestrian",
    "point_num_in_lidar": 54,
    "speed": 1.6815242381105298,
    "if_vehicle": false,
    "motion_state": true,
    "pose": [
      [
        -0.6160799824409557,
        -0.7875892037343042,
        -0.012194318214506976,
        43.91699192097914
      ],
      [
        0.7874673619459884,
        -0.6154743124178732,
        -0.032962472958987236,
        -53.68468415879397
      ],
      [
        0.01845559821240386,
        -0.02991014735689105,
        0.9993821961490565,
        0.4778628035323287
      ],
      [
        0.0,
        0.0,
        0.0,
        1.0
      ]
    ],
    "location": [
      43.91699192097914,
      -53.68468415879397,
      0.4778628035323287
    ],
    "rotation": [
      -0.029919706257417276,
      -0.018456646063819675,
      2.234685889188391
    ]
  },
  {
    "label_id": "TUgaysJsmRIFmjy8Ssx5VQ",
    "size": [
      0.7719195621634238,
      0.94966798220545,
      1.7562431769673594
    ],
    "obj_class": "pedestrian",
    "point_num_in_lidar": 103,
    "speed": 6.661338147750939e-15,
    "if_vehicle": false,
    "motion_state": false,
    "pose": [
      [
        0.6976339615828548,
        0.7163505805466309,
        -0.012194318214506976,
        16.97322481497534
      ],
      [
        -0.7162949478369289,
        0.6970186676694673,
        -0.032962472958987236,
        -27.458819530364053
      ],
      [
        -0.015113019205409958,
        0.031730469123313176,
        0.9993821961490565,
        0.23710907362340095
      ],
      [
        0.0,
        0.0,
        0.0,
        1.0
      ]
    ],
    "location": [
      16.97322481497534,
      -27.458819530364053,
      0.23710907362340095
    ],
    "rotation": [
      0.03173942214941519,
      0.01511359457525057,
      -0.7985953635868109
    ]
  },
  {
    "label_id": "Tiut5u-i-6xhzq8sb7ngiw",
    "size": [
      2.1181426631107834,
      4.7834013913174385,
      1.600000000000005
    ],
    "obj_class": "vehicle",
    "point_num_in_lidar": 383,
    "speed": 4.847875320683577,
    "if_vehicle": true,
    "motion_state": true,
    "pose": [
      [
        -0.7107971402367337,
        0.7032913507463067,
        -0.012194318214506976,
        44.38557504727565
      ],
      [
        -0.7026756351075246,
        -0.7107463874003618,
        -0.032962472958987236,
        -11.137905403946206
      ],
      [
        -0.031849289749035996,
        -0.014860981218296848,
        0.9993821961490565,
        0.06282751533215603
      ],
      [
        0.0,
        0.0,
        0.0,
        1.0
      ]
    ],
    "location": [
      44.38557504727565,
      -11.137905403946206,
      0.06282751533215603
    ],
    "rotation": [
      -0.014869072170853733,
      0.03185467674092897,
      -2.3619402080428666
    ]
  },
  {
    "label_id": "Tov0HyAq_t8HymrS0CT9vw",
    "size": [
      0.7490827386696335,
      0.9724051198497766,
      1.7400000000000055
    ],
    "obj_class": "pedestrian",
    "point_num_in_lidar": 53,
    "speed": 1.5608994978199149,
    "if_vehicle": false,
    "motion_state": true,
    "pose": [
      [
        -0.6235441556716274,
        -0.7816930244866209,
        -0.012194318214506976,
        43.02115431917406
      ],
      [
        0.7815769497289144,
        -0.6229373540163362,
        -0.032962472958987236,
        -51.34606187297322
      ],
      [
        0.018170238859291,
        -0.03008435540417864,
        0.9993821961490565,
        0.4157640873093129
      ],
      [
        0.0,
        0.0,
        0.0,
        1.0
      ]
    ],
    "location": [
      43.02115431917406,
      -51.34606187297322,
      0.4157640873093129
    ],
    "rotation": [
      -0.030093865089156045,
      -0.018171238848216312,
      2.2441959798757893
    ]
  },
  {
    "label_id": "USoOrhvBXzxA1F9tKyPuhw",
    "size": [
      0.8762609952679234,
      1.1096432092129922,
      1.8000000000000043
    ],
    "obj_class": "pedestrian",
    "point_num_in_lidar": 152,
    "speed": 1.5901078393435162,
    "if_vehicle": false,
    "motion_state": true,
    "pose": [
      [
        0.9141184874732232,
        -0.405263728284373,
        -0.012194318214506976,
        35.74596288964551
      ],
      [
        0.40470610076387525,
        0.9138525304341659,
        -0.032962472958987236,
        -35.54110294179918
      ],
      [
        0.02450230324207863,
        0.02519649094857941,
        0.9993821961490565,
        0.3475755864778449
      ],
      [
        0.0,
        0.0,
        0.0,
        1.0
      ]
    ],
    "location": [
      35.74596288964551,
      -35.54110294179918,
      0.3475755864778449
    ],
    "rotation": [
      0.025206727094419946,
      -0.0245047556168369,
      0.41679032694394275
    ]
  },
  {
    "label_id": "UqcFa0VqEE65siIegDRVag",
    "size": [
      0.8713121763817522,
      1.0622914136234558,
      1.7500000000000036
    ],
    "obj_class": "pedestrian",
    "point_num_in_lidar": 48,
    "speed": 1.442774784090258,
    "if_vehicle": false,
    "motion_state": true,
    "pose": [
      [
        0.6558977837249088,
        0.7547512145787089,
        -0.012194318214506976,
        39.477556953730456
      ],
      [
        -0.7546607868027175,
        0.6552866336487656,
        -0.032962472958987236,
        -49.57406645190531
      ],
      [
        -0.016887692768887363,
        0.0308225867381745,
        0.9993821961490565,
        0.42087983369174964
      ],
      [
        0.0,
        0.0,
        0.0,
        1.0
      ]
    ],
    "location": [
      39.477556953730456,
      -49.57406645190531,
      0.42087983369174964
    ],
    "rotation": [
      0.030831867473677083,
      0.016888495583834918,
      -0.8553010282513976
    ]
  },
  {
    "label_id": "Wpqa9KCQJuuTRKatLAsU9w",
    "size": [
      0.7462867831470628,
      1.0096800683498657,
      1.7500000000000036
    ],
    "obj_class": "pedestrian",
    "point_num_in_lidar": 82,
    "speed": 1.2945558579072987,
    "if_vehicle": false,
    "motion_state": true,
    "pose": [
      [
        -0.6534844456646989,
        0.7568417125645128,
        -0.012194318214506976,
        39.0363381825308
      ],
      [
        -0.7562239131272347,
        -0.6534821103832612,
        -0.032962472958987236,
        -34.26741764699182
      ],
      [
        -0.032916143286142396,
        -0.01231882833124822,
        0.9993821961490565,
        0.2849873633345581
      ],
      [
        0.0,
        0.0,
        0.0,
        1.0
      ]
    ],
    "location": [
      39.0363381825308,
      -34.26741764699182,
      0.2849873633345581
    ],
    "rotation": [
      -0.012325819414247093,
      0.03292209014201171,
      -2.283443169277373
    ]
  },
  {
    "label_id": "Y4WRE-DC5UX_A82GcFlyAw",
    "size": [
      0.8315503518896903,
      0.9516061533592971,
      1.740000000000002
    ],
    "obj_class": "pedestrian",
    "point_num_in_lidar": 33,
    "speed": 1.7784371877715113,
    "if_vehicle": false,
    "motion_state": true,
    "pose": [
      [
        0.7459703518741432,
        -0.6658675038835057,
        -0.012194318214506976,
        40.25604920458723
      ],
      [
        0.6652552063271896,
        0.7458880518087124,
        -0.032962472958987236,
        -31.973807148355263
      ],
      [
        0.031044235847182484,
        0.016476693872046387,
        0.9993821961490565,
        0.18803692605936817
      ],
      [
        0.0,
        0.0,
        0.0,
        1.0
      ]
    ],
    "location": [
      40.25604920458723,
      -31.973807148355263,
      0.18803692605936817
    ],
    "rotation": [
      0.01648538596749622,
      -0.03104922446330997,
      0.7282653375469974
    ]
  },
  {
    "label_id": "_CuXoK6hvB75S9LCO7CUjQ",
    "size": [
      0.9248528456261335,
      0.9846531429257308,
      1.8000000000000007
    ],
    "obj_class": "pedestrian",
    "point_num_in_lidar": 1028,
    "speed": 1.171478764145133,
    "if_vehicle": false,
    "motion_state": true,
    "pose": [
      [
        0.7639893930548983,
        -0.6451135604704737,
        -0.012194318214506976,
        20.48473780019586
      ],
      [
        0.6445037561690832,
        0.7638902955663013,
        -0.032962472958987236,
        -20.70522092011197
      ],
      [
        0.030579659637593223,
        0.017323695816354342,
        0.9993821961490565,
        0.2750249833646805
      ],
      [
        0.0,
        0.0,
        0.0,
        1.0
      ]
    ],
    "location": [
      20.48473780019586,
      -20.70522092011197,
      0.2750249833646805
    ],
    "rotation": [
      0.01733266916826603,
      -0.0305844275635965,
      0.7007685422110423
    ]
  },
  {
    "label_id": "_hHL2rZg7Bbfjm__kmk14Q",
    "size": [
      1.978050062065661,
      4.596211258606762,
      1.5200000000000031
    ],
    "obj_class": "vehicle",
    "point_num_in_lidar": 1919,
    "speed": 9.564537136940906,
    "if_vehicle": true,
    "motion_state": true,
    "pose": [
      [
        -0.7027249788723736,
        0.7113570852055284,
        -0.012194318214506976,
        22.71288585616165
      ],
      [
        -0.7107408304754408,
        -0.7026812558134085,
        -0.032962472958987236,
        -32.99097305824034
      ],
      [
        -0.03201680752202928,
        -0.014496553258825007,
        0.9993821961490565,
        0.26430582313181006
      ],
      [
        0.0,
        0.0,
        0.0,
        1.0
      ]
    ],
    "location": [
      22.71288585616165,
      -32.99097305824034,
      0.26430582313181006
    ],
    "rotation": [
      -0.014504497581895493,
      0.032022279990073545,
      -2.3505234894371263
    ]
  },
  {
    "label_id": "b20vDrWY4biX5nUcRQMbAQ",
    "size": [
      0.6550561708443922,
      0.8091149731180987,
      1.6320307118407733
    ],
    "obj_class": "pedestrian",
    "point_num_in_lidar": 42,
    "speed": 1.4070187547983746,
    "if_vehicle": false,
    "motion_state": true,
    "pose": [
      [
        0.682301933026539,
        0.7309687892048002,
        -0.012194318214506976,
        41.45055744304298
      ],
      [
        -0.7309001343373613,
        0.6816879557407884,
        -0.032962472958987236,
        -53.81633440985024
      ],
      [
        -0.015781819092726947,
        0.031403187838387685,
        0.9993821961490565,
        0.39224488503246135
      ],
      [
        0.0,
        0.0,
        0.0,
        1.0
      ]
    ],
    "location": [
      41.45055744304298,
      -53.81633440985024,
      0.39224488503246135
    ],
    "rotation": [
      0.03141226495053874,
      0.01578247428476607,
      -0.8197733308758962
    ]
  },
  {
    "label_id": "cRHbXSVzCHNJres5pwPUzA",
    "size": [
      2.9034877551084755,
      6.717178148575322,
      3.4999999999999716
    ],
    "obj_class": "vehicle",
    "point_num_in_lidar": 45,
    "speed": 2.8421709430404007e-13,
    "if_vehicle": true,
    "motion_state": false,
    "pose": [
      [
        0.7304421571413497,
        0.682865692266038,
        -0.012194318214506976,
        55.095431751149675
      ],
      [
        -0.6828389591114652,
        0.7298249319501211,
        -0.032962472958987236,
        -60.08228132309159
      ],
      [
        -0.0136092244548587,
        0.03240393540954396,
        0.9993821961490565,
        1.3757971483948523
      ],
      [
        0.0,
        0.0,
        0.0,
        1.0
      ]
    ],
    "location": [
      55.095431751149675,
      -60.08228132309159,
      1.3757971483948523
    ],
    "rotation": [
      0.03241261163698655,
      0.013609644586198465,
      -0.751728140255434
    ]
  },
  {
    "label_id": "culUsWFICYC98uNAg8zqKg",
    "size": [
      3.0801833974726445,
      11.429831044020531,
      2.779999999999987
    ],
    "obj_class": "vehicle",
    "point_num_in_lidar": 563,
    "speed": 1.149862558553269,
    "if_vehicle": true,
    "motion_state": true,
    "pose": [
      [
        0.6799452579015436,
        -0.7331614725696427,
        -0.012194318214506976,
        8.679802429846063
      ],
      [
        0.7325441456085969,
        0.6799209881383269,
        -0.032962472958987236,
        -53.17035781975392
      ],
      [
        0.03245798810422888,
        0.01347980075944587,
        0.9993821961490565,
        1.0132053311912657
      ],
      [
        0.0,
        0.0,
        0.0,
        1.0
      ]
    ],
    "location": [
      8.679802429846063,
      -53.17035781975392,
      1.0132053311912657
    ],
    "rotation": [
      0.013487315905431263,
      -0.03246369000312739,
      0.8226193948023838
    ]
  },
  {
    "label_id": "dWGM_6Sr_Eaoh5yFictcbQ",
    "size": [
      1.0000000000005007,
      1.0,
      1.9100000000000001
    ],
    "obj_class": "pedestrian",
    "point_num_in_lidar": 518,
    "speed": 1.344889570304672,
    "if_vehicle": false,
    "motion_state": true,
    "pose": [
      [
        0.7680216007169233,
        -0.640307831777418,
        -0.012194318214506976,
        21.701336045264895
      ],
      [
        0.6396986611838203,
        0.7679186794550943,
        -0.032962472958987236,
        -20.99232710238539
      ],
      [
        0.03047037433053028,
        0.017515202209680086,
        0.9993821961490565,
        0.351175402264424
      ],
      [
        0.0,
        0.0,
        0.0,
        1.0
      ]
    ],
    "location": [
      21.701336045264895,
      -20.99232710238539,
      0.351175402264424
    ],
    "rotation": [
      0.017524235747215594,
      -0.03047509130612111,
      0.6944928388974695
    ]
  },
  {
    "label_id": "fQ2n6--00V_n1eOOacR5TA",
    "size": [
      0.7618255677019989,
      0.9345899953471253,
      1.850000000000005
    ],
    "obj_class": "pedestrian",
    "point_num_in_lidar": 819,
    "speed": 0.20572151306208653,
    "if_vehicle": false,
    "motion_state": false,
    "pose": [
      [
        0.8981289378783857,
        0.4395630893839088,
        -0.012194318214506976,
        16.90758023789499
      ],
      [
        -0.43971791959676054,
        0.897530849922121,
        -0.032962472958987236,
        -26.027000110079825
      ],
      [
        -0.0035443096562987365,
        0.0349666110646841,
        0.9993821961490565,
        0.371038379795678
      ],
      [
        0.0,
        0.0,
        0.0,
        1.0
      ]
    ],
    "location": [
      16.90758023789499,
      -26.027000110079825,
      0.371038379795678
    ],
    "rotation": [
      0.034973960154073926,
      0.003544317077021018,
      -0.45528765124022397
    ]
  },
  {
    "label_id": "ffOPdrNRq0bNVvndwwxOiQ",
    "size": [
      2.188257170586378,
      4.833081853186072,
      1.5400000000000027
    ],
    "obj_class": "vehicle",
    "point_num_in_lidar": 3101,
    "speed": 0.5000175086760607,
    "if_vehicle": true,
    "motion_state": false,
    "pose": [
      [
        0.6736045471239325,
        0.7389913481883568,
        -0.012194318214506976,
        16.23641231438532
      ],
      [
        -0.7389154328824271,
        0.6729914252236825,
        -0.032962472958987236,
        -14.688656424532383
      ],
      [
        -0.01615231073677207,
        0.031214241591801948,
        0.9993821961490565,
        0.23126627836296265
      ],
      [
        0.0,
        0.0,
        0.0,
        1.0
      ]
    ],
    "location": [
      16.23641231438532,
      -14.688656424532383,
      0.23126627836296265
    ],
    "rotation": [
      0.03122338727423665,
      0.01615301316786157,
      -0.8316023970795433
    ]
  },
  {
    "label_id": "hGZX2N3Zly2psnSENmTj-A",
    "size": [
      2.1384752959996303,
      4.888177290087686,
      1.5899999999999999
    ],
    "obj_class": "vehicle",
    "point_num_in_lidar": 210,
    "speed": 0.6604842070859009,
    "if_vehicle": true,
    "motion_state": false,
    "pose": [
      [
        0.777747827602524,
        -0.6284581253057661,
        -0.012194318214506976,
        26.789340040317114
      ],
      [
        0.6278506041794307,
        0.777635579309455,
        -0.032962472958987236,
        -38.7769151863813
      ],
      [
        0.03019826967026909,
        0.01798028167772482,
        0.9993821961490565,
        0.13078120263354265
      ],
      [
        0.0,
        0.0,
        0.0,
        1.0
      ]
    ],
    "location": [
      26.789340040317114,
      -38.7769151863813,
      0.13078120263354265
    ],
    "rotation": [
      0.01798945599499005,
      -0.030202861367131455,
      0.6791567081177213
    ]
  },
  {
    "label_id": "hgO3zRhEBlBJHykxs4_HqQ",
    "size": [
      0.7656421592386583,
      1.0828474020012604,
      1.8984507849923276
    ],
    "obj_class": "pedestrian",
    "point_num_in_lidar": 879,
    "speed": 1.334840786733083,
    "if_vehicle": false,
    "motion_state": true,
    "pose": [
      [
        0.8168601022723311,
        -0.5767069202974074,
        -0.012194318214506976,
        21.514306576031643
      ],
      [
        0.5761079556908737,
        0.8167086988431741,
        -0.032962472958987236,
        -22.345789839178906
      ],
      [
        0.028968892027813706,
        0.019900485294823658,
        0.9993821961490565,
        0.3628577087298588
      ],
      [
        0.0,
        0.0,
        0.0,
        1.0
      ]
    ],
    "location": [
      21.514306576031643,
      -22.345789839178906,
      0.3628577087298588
    ],
    "rotation": [
      0.01991015618404624,
      -0.028972945325139287,
      0.6142549704880149
    ]
  },
  {
    "label_id": "jkjRLcw59twUELYWSONreA",
    "size": [
      2.451307599367253,
      5.635550788292107,
      2.1400000000000006
    ],
    "obj_class": "vehicle",
    "point_num_in_lidar": 59,
    "speed": 5.0924860314665,
    "if_vehicle": true,
    "motion_state": true,
    "pose": [
      [
        0.7179092371990042,
        -0.6960299029119564,
        -0.012194318214506976,
        79.41418919972523
      ],
      [
        0.6954147349755064,
        0.7178522283557907,
        -0.032962472958987236,
        14.976242351831388
      ],
      [
        0.031696585356945306,
        0.015183955248830969,
        0.9993821961490565,
        -0.036152190353224256
      ],
      [
        0.0,
        0.0,
        0.0,
        1.0
      ]
    ],
    "location": [
      79.41418919972523,
      14.976242351831388,
      -0.036152190353224256
    ],
    "rotation": [
      0.015192172850747808,
      -0.031701895211245085,
      0.7694834803382975
    ]
  },
  {
    "label_id": "lhHFPkjsC18bVySvOy8gPg",
    "size": [
      2.9661909245591236,
      11.160713238735097,
      4.1399999999999935
    ],
    "obj_class": "vehicle",
    "point_num_in_lidar": 561,
    "speed": 0.0019059578288284965,
    "if_vehicle": true,
    "motion_state": false,
    "pose": [
      [
        0.7039236143105608,
        0.7101709961827787,
        -0.012194318214506976,
        60.74721657399324
      ],
      [
        -0.7101207912950277,
        0.70330785375037,
        -0.032962472958987236,
        -53.39474801399956
      ],
      [
        -0.014832632486537926,
        0.03186250200169348,
        0.9993821961490565,
        1.5918554233717757
      ],
      [
        0.0,
        0.0,
        0.0,
        1.0
      ]
    ],
    "location": [
      60.74721657399324,
      -53.39474801399956,
      1.5918554233717757
    ],
    "rotation": [
      0.031871403048558684,
      0.014833176420853345,
      -0.7897807254186738
    ]
  },
  {
    "label_id": "oHjA1u9bdXhm7ZDhXheM1g",
    "size": [
      1.6800500131722835,
      3.524698536761333,
      1.4700000000000024
    ],
    "obj_class": "vehicle",
    "point_num_in_lidar": 26,
    "speed": 8.135863246165423,
    "if_vehicle": true,
    "motion_state": true,
    "pose": [
      [
        -0.7079004004745894,
        0.7062069962915969,
        -0.012194318214506976,
        30.670341571576586
      ],
      [
        -0.705591077244783,
        -0.7078521788403105,
        -0.032962472958987236,
        -24.788380239942853
      ],
      [
        -0.031910103736320194,
        -0.01472994568306023,
        0.9993821961490565,
        0.13920407498936527
      ],
      [
        0.0,
        0.0,
        0.0,
        1.0
      ]
    ],
    "location": [
      30.670341571576586,
      -24.788380239942853,
      0.13920407498936527
    ],
    "rotation": [
      -0.014737984362864873,
      0.031915521654883705,
      -2.357828261043829
    ]
  },
  {
    "label_id": "ohnUqlIEDND8uWnUNCjXPQ",
    "size": [
      0.909773163852473,
      1.0756147958730597,
      1.9184974544166629
    ],
    "obj_class": "pedestrian",
    "point_num_in_lidar": 1039,
    "speed": 1.3315352032668197,
    "if_vehicle": false,
    "motion_state": true,
    "pose": [
      [
        0.6387625133449973,
        -0.769307318403033,
        -0.012194318214506976,
        19.639806056405675
      ],
      [
        0.7686895888824629,
        0.6387720965415898,
        -0.032962472958987236,
        -22.799821404347313
      ],
      [
        0.03314766189178687,
        0.011681546618337904,
        0.9993821961490565,
        0.2768433687177314
      ],
      [
        0.0,
        0.0,
        0.0,
        1.0
      ]
    ],
    "location": [
      19.639806056405675,
      -22.799821404347313,
      0.2768433687177314
    ],
    "rotation": [
      0.011688235692921028,
      -0.033153735157367636,
      0.8774509441180521
    ]
  },
  {
    "label_id": "owqq0SyyUzEtwrdnEtGJFw",
    "size": [
      0.7649237108865312,
      0.7620373890771113,
      1.5899971513714917
    ],
    "obj_class": "pedestrian",
    "point_num_in_lidar": 272,
    "speed": 0.06575386268107022,
    "if_vehicle": false,
    "motion_state": false,
    "pose": [
      [
        0.7626474592504492,
        0.6466994290256625,
        -0.012194318214506976,
        17.88412013441561
      ],
      [
        -0.6467026110808558,
        0.762029663594293,
        -0.032962472958987236,
        -27.50652687233014
      ],
      [
        -0.012024380235088374,
        0.03302484368245574,
        0.9993821961490565,
        0.08295932776556825
      ],
      [
        0.0,
        0.0,
        0.0,
        1.0
      ]
    ],
    "location": [
      17.88412013441561,
      -27.50652687233014,
      0.08295932776556825
    ],
    "rotation": [
      0.03303323869072002,
      0.012024670012888466,
      -0.7033147029131345
    ]
  },
  {
    "label_id": "p6HYxZ-qmvgAHLlaUQcisA",
    "size": [
      0.6759889815796305,
      0.9843414976660856,
      1.6620307118407744
    ],
    "obj_class": "pedestrian",
    "point_num_in_lidar": 65,
    "speed": 1.6866206788451992,
    "if_vehicle": false,
    "motion_state": true,
    "pose": [
      [
        0.9922090005377944,
        0.1239862809147629,
        -0.012194318214506976,
        42.15594208716999
      ],
      [
        -0.12432699256450444,
        0.9916936393343933,
        -0.032962472958987236,
        -40.63494275099583
      ],
      [
        0.008006133377407833,
        0.034221745259875,
        0.9993821961490565,
