[
  {
    "label_id": "-kZBe1CSBNx4Vln1QEyrHA",
    "size": [
      2.1535971384174424,
      4.662434529255965,
      1.5800000000000125
    ],
    "obj_class": "vehicle",
    "point_num_in_lidar": 262,
    "speed": 0.007861335242559664,
    "if_vehicle": true,
    "motion_state": false,
    "pose": [
      [
        -0.05715556402447509,
        -0.9983171930743546,
        0.00979915879993117,
        10.09792626841795
      ],
      [
        0.9977478124612236,
        -0.05746261534136522,
        -0.034602753748415364,
        -12.345627961131271
      ],
      [
        0.03510760928755052,
        0.007799349349300773,
        0.9993531037225233,
        1.1036540651271878
      ],
      [
        0.0,
        0.0,
        0.0,
        1.0
      ]
    ],
    "location": [
      10.09792626841795,
      -12.345627961131271,
      1.1036540651271878
    ],
    "rotation": [
      0.007804239539371484,
      -0.03511482523743266,
      1.6280183692968277
    ]
  },
  {
    "label_id": "004tDnXYniPAfSyhfxtVgg",
    "size": [
      2.3134237013329386,
      4.899153226705302,
      1.5648355270341767
    ],
    "obj_class": "vehicle",
    "point_num_in_lidar": 23,
    "speed": 2.220446049250313e-14,
    "if_vehicle": true,
    "motion_state": false,
    "pose": [
      [
        0.9994451968901462,
        -0.03183197920379331,
        0.00979915879993117,
        -5.9126093755411375
      ],
      [
        0.03215336445139099,
        0.9988837823227898,
        -0.034602753748415364,
        32.192800534846754
      ],
      [
        -0.008686746667943357,
        0.034898631957237476,
        0.9993531037225233,
        0.15722111344254586
      ],
      [
        0.0,
        0.0,
        0.0,
        1.0
      ]
    ],
    "location": [
      -5.9126093755411375,
      32.192800534846754,
      0.15722111344254586
    ],
    "rotation": [
      0.03490703736253324,
      0.008686855921344635,
      0.0321601210991041
    ]
  },
  {
    "label_id": "5oX9fmLl0Z74-llNDr8wpg",
    "size": [
      2.013978879816806,
      4.430995565915478,
      1.8100000000000023
    ],
    "obj_class": "vehicle",
    "point_num_in_lidar": 2018,
    "speed": 0.004772764977163551,
    "if_vehicle": true,
    "motion_state": false,
    "pose": [
      [
        -0.9953725315435026,
        0.09559027113411162,
        0.00979915879993117,
        -1.9959311155070054
      ],
      [
        -0.09587514921891396,
        -0.9947917396094911,
        -0.034602753748415364,
        -12.388343388559036
      ],
      [
        0.006440435616495261,
        -0.03538212640909986,
        0.9993531037225233,
        1.1468428676287203
      ],
      [
        0.0,
        0.0,
        0.0,
        1.0
      ]
    ],
    "location": [
      -1.9959311155070054,
      -12.388343388559036,
      1.1468428676287203
    ],
    "rotation": [
      -0.0353902473154983,
      -0.006440480141357587,
      -3.04556801434952
    ]
  },
  {
    "label_id": "6OjFlL7Q_guovcwo3zdcBQ",
    "size": [
      2.155029449602781,
      4.70536948148588,
      1.755650015166566
    ],
    "obj_class": "vehicle",
    "point_num_in_lidar": 93,
    "speed": 0.003916324780755432,
    "if_vehicle": true,
    "motion_state": false,
    "pose": [
      [
        -0.07461380568350742,
        -0.9971643578108063,
        0.00979915879993117,
        7.2245901603247376
      ],
      [
        0.9965896920521744,
        -0.0749108478685073,
        -0.034602753748415364,
        22.7011398569215
      ],
      [
        0.03523869601412506,
        0.007183897506495238,
        0.9993531037225233,
        0.6605482156089693
      ],
      [
        0.0,
        0.0,
        0.0,
        1.0
      ]
    ],
    "location": [
      7.2245901603247376,
      22.7011398569215,
      0.6605482156089693
    ],
    "rotation": [
      0.007188423931855783,
      -0.03524599312643251,
      1.6455260377295216
    ]
  },
  {
    "label_id": "6_1JJIYW81d3Ggc94_e4oQ",
    "size": [
      2.1065520253788166,
      4.845271544164966,
      1.4721932968977
    ],
    "obj_class": "vehicle",
    "point_num_in_lidar": 143,
    "speed": 0.004468499295828812,
    "if_vehicle": true,
    "motion_state": false,
    "pose": [
      [
        0.9994280912607542,
        -0.03236459308719446,
        0.00979915879993117,
        23.34934647339378
      ],
      [
        0.0326856791034361,
        0.9988665055023989,
        -0.034602753748415364,
        -2.2158775924787335
      ],
      [
        -0.008668147462586472,
        0.03490325629116283,
        0.9993531037225233,
        0.6915487787617565
      ],
      [
        0.0,
        0.0,
        0.0,
        1.0
      ]
    ],
    "location": [
      23.34934647339378,
      -2.2158775924787335,
      0.6915487787617565
    ],
    "rotation": [
      0.03491165905299906,
      0.008668256015705637,
      0.032692730554559575
    ]
  },
  {
    "label_id": "9dK1E7yukLqZV3xaj_wIig",
    "size": [
      2.095558623976752,
      4.606271177782434,
      1.8262575940847512
    ],
    "obj_class": "vehicle",
    "point_num_in_lidar": 454,
    "speed": 0.0051423102313980324,
    "if_vehicle": true,
    "motion_state": false,
    "pose": [
      [
        -0.016808416734849875,
        -0.9998107088912788,
        0.00979915879993117,
        10.881051178413827
      ],
      [
        0.999254187600881,
        -0.017138202797544137,
        -0.034602753748415364,
        -22.23225015505966
      ],
      [
        0.034764143725552074,
        0.009210232960620492,
        0.9993531037225233,
        2.3484156960256257
      ],
      [
        0.0,
        0.0,
        0.0,
        1.0
      ]
    ],
    "location": [
      10.881051178413827,
      -22.23225015505966,
      2.3484156960256257
    ],
    "rotation": [
      0.009215933960264032,
      -0.03477114987915852,
      1.5876157026133544
    ]
  },
  {
    "label_id": "B9tn9-kjeoeV8sqY20oAJw",
    "size": [
      0.7410014254288289,
      0.0564697773877908,
      0.7199999999999989
    ],
    "obj_class": "sign",
    "point_num_in_lidar": 183,
    "speed": 0.013297246245417733,
    "if_vehicle": false,
    "motion_state": false,
    "pose": [
      [
        -0.03634317619559066,
        -0.9992913239045109,
        0.00979915879993117,
        -6.680180017514658
      ],
      [
        0.9987284643157281,
        -0.0366620239290446,
        -0.034602753748415364,
        12.756037209733421
      ],
      [
        0.03493748859840335,
        0.008529124843509915,
        0.9993531037225233,
        2.618011306527535
      ],
      [
        0.0,
        0.0,
        0.0,
        1.0
      ]
    ],
    "location": [
      -6.680180017514658,
      12.756037209733421,
      2.618011306527535
    ],
    "rotation": [
      0.008534438661496993,
      -0.03494460011877448,
      1.6071697240174163
    ]
  },
  {
    "label_id": "FJYkxRLHRb93ZMGg32MbWQ",
    "size": [
      2.2091201469361637,
      4.612479673477537,
      1.9199999999999875
    ],
    "obj_class": "vehicle",
    "point_num_in_lidar": 1040,
    "speed": 0.027406975076374192,
    "if_vehicle": true,
    "motion_state": false,
    "pose": [
      [
        -0.996919548678706,
        0.0778163861218121,
        0.00979915879993117,
        -2.0278708410545505
      ],
      [
        -0.07811158090571789,
        -0.9963439317632421,
        -0.034602753748415364,
        -19.571080047267827
      ],
      [
        0.007070671160131124,
        -0.03526158943531945,
        0.9993531037225233,
        1.964029654564257
      ],
      [
        0.0,
        0.0,
        0.0,
        1.0
      ]
    ],
    "location": [
      -2.0278708410545505,
      -19.571080047267827,
      1.964029654564257
    ],
    "rotation": [
      -0.03526978280668385,
      -0.007070730077105979,
      -3.0633994632543105
    ]
  },
  {
    "label_id": "GR2S0cRLIKCA7TZlaRQUiw",
    "size": [
      1.9826283569096128,
      4.669387331335671,
      2.2548355270341744
    ],
    "obj_class": "vehicle",
    "point_num_in_lidar": 22,
    "speed": 3.614624287906422e-14,
    "if_vehicle": true,
    "motion_state": false,
    "pose": [
      [
        0.9994731196542271,
        -0.030942843687369426,
        0.00979915879993117,
        -6.670389460592787
      ],
      [
        0.03126472825144461,
        0.9989119912186408,
        -0.034602753748415364,
        40.64822265469357
      ],
      [
        -0.008717789628717158,
        0.034890890274528304,
        0.9993531037225233,
        0.41403777246998175
      ],
      [
        0.0,
        0.0,
        0.0,
        1.0
      ]
    ],
    "location": [
      -6.670389460592787,
      40.64822265469357,
      0.41403777246998175
    ],
    "rotation": [
      0.0348993001019492,
      0.008717900057619946,
      0.031271012657415664
    ]
  },
  {
    "label_id": "JCDdYUT-UV2oxkxdT7TaPw",
    "size": [
      3.5590816235393263,
      6.254139630824458,
      2.4000000000000057
    ],
    "obj_class": "vehicle",
    "point_num_in_lidar": 134,
    "speed": 0.008970948965161853,
    "if_vehicle": true,
    "motion_state": false,
    "pose": [
      [
        -0.1046984151607202,
        -0.9944557397640417,
        0.00979915879993117,
        5.334881946315022
      ],
      [
        0.9938723642474102,
        -0.1049779644415426,
        -0.034602753748415364,
        55.823033021363244
      ],
      [
        0.03543960282080957,
        0.006116259646467648,
        0.9993531037225233,
        0.5385376253080096
      ],
      [
        0.0,
        0.0,
        0.0,
        1.0
      ]
    ],
    "location": [
      5.334881946315022,
      55.823033021363244,
      0.5385376253080096
    ],
    "rotation": [
      0.006120142379768593,
      -0.03544702550286599,
      1.6757531462045505
    ]
  },
  {
    "label_id": "M1ux1dJCnlFsX4da4hqWLg",
    "size": [
      2.048192276072322,
      4.507813116800472,
      1.3662575940847432
    ],
    "obj_class": "vehicle",
    "point_num_in_lidar": 71,
    "speed": 0.010382325441896552,
    "if_vehicle": true,
    "motion_state": false,
    "pose": [
      [
        -0.0952411271003559,
        -0.9954059996782557,
        0.00979915879993117,
        11.519557589769533
      ],
      [
        0.9948253077041773,
        -0.09552620888696157,
        -0.034602753748415364,
        -28.560400102144484
      ],
      [
        0.03537986517700064,
        0.006452845900608479,
        0.9993531037225233,
        2.8404008432951287
      ],
      [
        0.0,
        0.0,
        0.0,
        1.0
      ]
    ],
    "location": [
      11.519557589769533,
      -28.560400102144484,
      2.8404008432951287
    ],
    "rotation": [
      0.006456933189082392,
      -0.03538725037279256,
      1.6662419684789178
    ]
  },
  {
    "label_id": "NjQjKUN8pI-ZQimlGuoBsQ",
    "size": [
      1.946004970231193,
      4.277104600442166,
      1.4499999999999886
    ],
    "obj_class": "vehicle",
    "point_num_in_lidar": 273,
    "speed": 0.01029900849727845,
    "if_vehicle": true,
    "motion_state": false,
    "pose": [
      [
        -0.9984308789666337,
        0.055133986004362076,
        0.00979915879993117,
        -5.462216437647271
      ],
      [
        -0.055442189612542644,
        -0.9978621212592417,
        -0.034602753748415364,
        23.664787719126394
      ],
      [
        0.007870421645777961,
        -0.03509174465992553,
        0.9993531037225233,
        0.2584759134357455
      ],
      [
        0.0,
        0.0,
        0.0,
        1.0
      ]
    ],
    "location": [
      -5.462216437647271,
      23.664787719126394,
      0.2584759134357455
    ],
    "rotation": [
      -0.03510003840200632,
      -0.007870502901668538,
      -3.086120301379089
    ]
  },
  {
    "label_id": "Q175aDJRl7PlCgCobA9ChQ",
    "size": [
      0.8168809500625261,
      0.09569916411282975,
      0.8100000000000023
    ],
    "obj_class": "sign",
    "point_num_in_lidar": 81,
    "speed": 0.0010810877600722388,
    "if_vehicle": false,
    "motion_state": false,
    "pose": [
      [
        -0.9980091739393994,
        -0.062303011320574385,
        0.00979915879993117,
        14.618384974416472
      ],
      [
        0.06193025166099476,
        -0.9974804726721384,
        -0.034602753748415364,
        10.722029280851828
      ],
      [
        0.011930325310055256,
        -0.033927001313938686,
        0.9993531037225233,
        2.9760942687301792
      ],
      [
        0.0,
        0.0,
        0.0,
        1.0
      ]
    ],
    "location": [
      14.618384974416472,
      10.722029280851828,
      2.9760942687301792
    ],
    "rotation": [
      -0.03393592936043186,
      -0.01193060834067698,
      3.0796183297231807
    ]
  },
  {
    "label_id": "T3cNiktshsWqVrlPYROiKA",
    "size": [
      2.0975139466488586,
      4.8260551870852515,
      1.4499999999999886
    ],
    "obj_class": "vehicle",
    "point_num_in_lidar": 4370,
    "speed": 0.019323681539460305,
    "if_vehicle": true,
    "motion_state": false,
    "pose": [
      [
        0.9966487768629446,
        -0.0812107878573435,
        0.00979915879993117,
        -16.683899621176238
      ],
      [
        0.0815040207566621,
        0.9960721580455525,
        -0.034602753748415364,
        -5.454899356962073
      ],
      [
        -0.006950552358936049,
        0.03528546304167526,
        0.9993531037225233,
        0.5996075955935112
      ],
      [
        0.0,
        0.0,
        0.0,
        1.0
      ]
    ],
    "location": [
      -16.683899621176238,
      -5.454899356962073,
      0.5996075955935112
    ],
    "rotation": [
      0.03529364214203568,
      0.006950608323889764,
      0.08159650420536475
    ]
  },
  {
    "label_id": "YKPb1MkzJMFBs5crX5wDgA",
    "size": [
      2.186696961554674,
      4.975542376081814,
      1.5300000000000011
    ],
    "obj_class": "vehicle",
    "point_num_in_lidar": 130,
    "speed": 2.5690350425602135,
    "if_vehicle": true,
    "motion_state": true,
    "pose": [
      [
        -0.997192543302499,
        0.07423616415674907,
        0.00979915879993117,
        14.745825156742058
      ],
      [
        -0.07453342395215315,
        -0.9966179900779412,
        -0.034602753748415364,
        4.74918331054711
      ],
      [
        0.007197242240099045,
        -0.035235972872862134,
        0.9993531037225233,
        0.7133544984713183
      ],
      [
        0.0,
        0.0,
        0.0,
        1.0
      ]
    ],
    "location": [
      14.745825156742058,
      4.74918331054711,
      0.7133544984713183
    ],
    "rotation": [
      -0.03524418151244476,
      -0.0071973043780937385,
      -3.0669881122661855
    ]
  },
  {
    "label_id": "ZFvMr9wN9-CPPx0LnQsiyw",
    "size": [
      0.9106749139703619,
      0.6788900799441303,
      1.740000000000009
    ],
    "obj_class": "pedestrian",
    "point_num_in_lidar": 34,
    "speed": 0.007062621402910846,
    "if_vehicle": false,
    "motion_state": false,
    "pose": [
      [
        -0.9809983255170606,
        -0.19376857799843955,
        0.00979915879993117,
        35.99133384801178
      ],
      [
        0.19332915914028587,
        -0.9805235773091521,
        -0.034602753748415364,
        -5.1044699996847385
      ],
      [
        0.016313232629789585,
        -0.032050780354401835,
        0.9993531037225233,
        0.952410079213422
      ],
      [
        0.0,
        0.0,
        0.0,
        1.0
      ]
    ],
    "location": [
      35.99133384801178,
      -5.1044699996847385,
      0.952410079213422
    ],
    "rotation": [
      -0.03206053801280449,
      -0.01631395626693473,
      2.947012234744435
    ]
  },
  {
    "label_id": "_8n2ltih6YGV4VvLcYeuvA",
    "size": [
      0.41565201678288477,
      0.05391781688397976,
      0.18345640068281455
    ],
    "obj_class": "sign",
    "point_num_in_lidar": 27,
    "speed": 0.010835924615862927,
    "if_vehicle": false,
    "motion_state": false,
    "pose": [
      [
        -0.036343176198129934,
        -0.9992913239044185,
        0.00979915879993117,
        -6.67910350622401
      ],
      [
        0.998728464315635,
        -0.03666202393158244,
        -0.034602753748415364,
        12.755990133813171
      ],
      [
        0.03493748859842502,
        0.008529124843421138,
        0.9993531037225233,
        2.152441928156236
      ],
      [
        0.0,
        0.0,
        0.0,
        1.0
      ]
    ],
    "location": [
      -6.67910350622401,
      12.755990133813171,
      2.152441928156236
    ],
    "rotation": [
      0.008534438661408164,
      -0.03494460011879617,
      1.6071697240199587
    ]
  },
  {
    "label_id": "_SFSfPAKVug3laTRe36P7A",
    "size": [
      1.5124769999564214,
      4.834983194317003,
      1.5800000000000125
    ],
    "obj_class": "vehicle",
    "point_num_in_lidar": 998,
    "speed": 1.7763568394002505e-14,
    "if_vehicle": true,
    "motion_state": false,
    "pose": [
      [
        0.9958601906053495,
        0.09036845276030309,
        0.00979915879993117,
        -4.071180151369958
      ],
      [
        -0.08998095987139075,
        0.9953421905523998,
        -0.034602753748415364,
        13.389026192550332
      ],
      [
        -0.01288051350298439,
        0.0335777672286169,
        0.9993531037225233,
        2.463007632400519
      ],
      [
        0.0,
        0.0,
        0.0,
        1.0
      ]
    ],
    "location": [
      -4.071180151369958,
      13.389026192550332,
      2.463007632400519
    ],
    "rotation": [
      0.03358686738874644,
      0.012880869692151554,
      -0.09011032291960099
    ]
  },
  {
    "label_id": "_cqh80UXdkf7A2Uf9Nd09w",
    "size": [
      2.7446487319770903,
      7.000101787777974,
      2.3102425954895978
    ],
    "obj_class": "vehicle",
    "point_num_in_lidar": 3111,
    "speed": 3.7221458391556904e-14,
    "if_vehicle": true,
    "motion_state": false,
    "pose": [
      [
        0.9987350007763365,
        -0.04931911101292443,
        0.00979915879993117,
        -3.010429185805492
      ],
      [
        0.04963062131586414,
        0.9981680474052592,
        -0.034602753748415364,
        13.273276314099306
      ],
      [
        -0.008074630152070375,
        0.035045319631400396,
        0.9993531037225233,
        1.0153965688164703
      ],
      [
        0.0,
        0.0,
        0.0,
        1.0
      ]
    ],
    "location": [
      -3.010429185805492,
      13.273276314099306,
      1.0153965688164703
    ],
    "rotation": [
      0.0350536404560512,
      0.00807471789849098,
      0.049652638971352824
    ]
  },
  {
    "label_id": "auXhaEEj7_TnIkSP3tzCWw",
    "size": [
      1.9383903580787987,
      4.5786654796276824,
      1.5670055110724945
    ],
    "obj_class": "vehicle",
    "point_num_in_lidar": 1366,
    "speed": 5.496844434950941,
    "if_vehicle": true,
    "motion_state": true,
    "pose": [
      [
        -0.013997018459271177,
        0.9998540193253538,
        0.00979915879993117,
        3.41405190870546
      ],
      [
        -0.9993079206188545,
        -0.013650246204652402,
        -0.034602753748415364,
        3.104172697885957
      ],
      [
        -0.034463941484861,
        -0.010276712387131352,
        0.9993531037225233,
        0.789136438999293
      ],
      [
        0.0,
        0.0,
        0.0,
        1.0
      ]
    ],
    "location": [
      3.41405190870546,
      3.104172697885957,
      0.789136438999293
    ],
    "rotation": [
      -0.010283002200106632,
      0.034470767634620335,
      -1.584802123135806
    ]
  },
  {
    "label_id": "cCz-sprxe54IkoqPBqzeQA",
    "size": [
      2.027781752085601,
      4.262423525941018,
      1.4748355270341733
    ],
    "obj_class": "vehicle",
    "point_num_in_lidar": 29,
    "speed": 5.333694441429199e-14,
    "if_vehicle": true,
    "motion_state": false,
    "pose": [
      [
        -0.9986542110212802,
        0.05092880615406698,
        0.00979915879993117,
        -5.895563794706959
      ],
      [
        -0.05123940223798932,
        -0.9980867562949226,
        -0.034602753748415364,
        29.308640558763997
      ],
      [
        0.008018133682992187,
        -0.03505828878313099,
        0.9993531037225233,
        0.36250614306462126
      ],
      [
        0.0,
        0.0,
        0.0,
        1.0
      ]
    ],
    "location": [
      -5.895563794706959,
      29.308640558763997,
      0.36250614306462126
    ],
    "rotation": [
      -0.03506660205728584,
      -0.008018219600405366,
      -3.0903291541653193
    ]
  },
  {
    "label_id": "djwJETMnF8x4cVGX3MsC8A",
    "size": [
      1.9823390091466777,
      4.458846597593478,
      1.4782598895759236
    ],
    "obj_class": "vehicle",
    "point_num_in_lidar": 28,
    "speed": 0.008224153924622824,
    "if_vehicle": true,
    "motion_state": false,
    "pose": [
      [
        -0.9961691888007373,
        0.08689605152649181,
        0.00979915879993117,
        18.062978241483847
      ],
      [
        -0.08718598963481698,
        -0.9955909062684453,
        -0.034602753748415364,
        9.38084738143256
      ],
      [
        0.006749110717611075,
        -0.03532454648939133,
        0.9993531037225233,
        0.5860345076937392
      ],
      [
        0.0,
        0.0,
        0.0,
        1.0
      ]
    ],
    "location": [
      18.062978241483847,
      9.38084738143256,
      0.5860345076937392
    ],
    "rotation": [
      -0.03533270213992375,
      -0.00674916195621756,
      -3.054293835183325
    ]
  },
  {
    "label_id": "eYuikztkR3GVWeq2x3R4vg",
    "size": [
      2.0826523780188495,
      4.727294552036573,
      1.6500000000000057
    ],
    "obj_class": "vehicle",
    "point_num_in_lidar": 62,
    "speed": 0.014175612860189788,
    "if_vehicle": true,
    "motion_state": false,
    "pose": [
      [
        -0.9986542110212804,
        0.05092880615406165,
        0.00979915879993117,
        -5.620033607313303
      ],
      [
        -0.05123940223798401,
        -0.9980867562949228,
        -0.034602753748415364,
        26.34457471105351
      ],
      [
        0.008018133682992373,
        -0.03505828878313095,
        0.9993531037225233,
        0.46244218158250305
      ],
      [
        0.0,
        0.0,
        0.0,
        1.0
      ]
    ],
    "location": [
      -5.620033607313303,
      26.34457471105351,
      0.46244218158250305
    ],
    "rotation": [
      -0.035066602057285796,
      -0.008018219600405552,
      -3.0903291541653246
    ]
  },
  {
    "label_id": "hIXIgHw3ha67NHMRblswLg",
    "size": [
      2.014083700009064,
      3.9843474780506,
      1.6662575940847546
    ],
    "obj_class": "vehicle",
    "point_num_in_lidar": 390,
    "speed": 0.0031015223180151947,
    "if_vehicle": true,
    "motion_state": false,
    "pose": [
      [
        -0.05715556402446533,
        -0.9983171930743551,
        0.00979915879993117,
        10.345181345686342
      ],
      [
        0.997747812461224,
        -0.057462615341355466,
        -0.034602753748415364,
        -17.0412151690428
      ],
      [
        0.03510760928755045,
        0.007799349349301116,
        0.9993531037225233,
        1.7522803034853212
      ],
      [
        0.0,
        0.0,
        0.0,
        1.0
      ]
    ],
    "location": [
      10.345181345686342,
      -17.0412151690428,
      1.7522803034853212
    ],
    "rotation": [
      0.007804239539371828,
      -0.03511482523743258,
      1.628018369296818
    ]
  },
  {
    "label_id": "hb0ASarWGWDxr2SxCcea0A",
    "size": [
      0.4288018488109246,
      0.07469978022218265,
      0.6044489512381972
    ],
    "obj_class": "sign",
    "point_num_in_lidar": 21,
    "speed": 0.00915998140119007,
    "if_vehicle": false,
    "motion_state": false,
    "pose": [
      [
        -0.8858810876351245,
        -0.46380887772575335,
        0.00979915879993117,
        25.927313047004873
      ],
      [
        0.4632529419841259,
        -0.8855503154401102,
        -0.034602753748415364,
        -3.601705318987456
      ],
      [
        0.024726712548599913,
        -0.02611443598277883,
        0.9993531037225233,
        2.494564682802377
      ],
      [
        0.0,
        0.0,
        0.0,
        1.0
      ]
    ],
    "location": [
      25.927313047004873,
      -3.601705318987456,
      2.494564682802377
    ],
    "rotation": [
      -0.0261253947832904,
      -0.02472923293661926,
      2.6597705262363687
    ]
  },
  {
    "label_id": "hmBHz0-xRezKX2tSDNT3Gw",
    "size": [
      1.7247351383281244,
      3.647309105144183,
      1.3923338815695843
    ],
    "obj_class": "vehicle",
    "point_num_in_lidar": 35,
    "speed": 8.881784197001252e-14,
    "if_vehicle": true,
    "motion_state": false,
    "pose": [
      [
        -0.07461380568351716,
        -0.9971643578108056,
        0.00979915879993117,
        5.469483484186412
      ],
      [
        0.9965896920521736,
        -0.07491084786851702,
        -0.034602753748415364,
        48.951120112964304
      ],
      [
        0.03523869601412513,
        0.007183897506494894,
        0.9993531037225233,
        -0.4153942193076148
      ],
      [
        0.0,
        0.0,
        0.0,
        1.0
      ]
    ],
    "location": [
      5.469483484186412,
      48.951120112964304,
      -0.4153942193076148
    ],
    "rotation": [
      0.007188423931855438,
      -0.035245993126432576,
      1.6455260377295313
    ]
  },
  {
    "label_id": "i4WEZxXNh4J1GX9xl5n5eQ",
    "size": [
      1.9322981237294694,
      4.718592850396311,
      1.4782598895759236
    ],
    "obj_class": "vehicle",
    "point_num_in_lidar": 21,
    "speed": 0.0014572508705554892,
    "if_vehicle": true,
    "motion_state": false,
    "pose": [
      [
        -0.9961691888007416,
        0.08689605152644447,
        0.00979915879993117,
        24.229418866484934
      ],
      [
        -0.08718598963476969,
        -0.9955909062684495,
        -0.034602753748415364,
        9.78335711465094
      ],
      [
        0.006749110717612753,
        -0.03532454648939101,
        0.9993531037225233,
        0.5860345076937108
      ],
      [
        0.0,
        0.0,
        0.0,
        1.0
      ]
    ],
    "location": [
      24.229418866484934,
      9.78335711465094,
      0.5860345076937108
    ],
    "rotation": [
      -0.03533270213992343,
      -0.006749161956219238,
      -3.0542938351833726
    ]
  },
  {
    "label_id": "nBHdqL99senel5XF57qANg",
    "size": [
      2.7901377658754307,
      6.283840489035793,
      3.4623338815695774
    ],
    "obj_class": "vehicle",
    "point_num_in_lidar": 57,
    "speed": 1.0660453750117864e-13,
    "if_vehicle": true,
    "motion_state": false,
    "pose": [
      [
        -0.07461380568351893,
        -0.9971643578108055,
        0.00979915879993117,
        3.6637623073957
      ],
      [
        0.9965896920521735,
        -0.0749108478685188,
        -0.034602753748415364,
        68.76485101343393
      ],
      [
        0.035238696014125145,
        0.007183897506494831,
        0.9993531037225233,
        0.5912884894325146
      ],
      [
        0.0,
        0.0,
        0.0,
        1.0
      ]
    ],
    "location": [
      3.6637623073957,
      68.76485101343393,
      0.5912884894325146
    ],
    "rotation": [
      0.007188423931855375,
      -0.03524599312643259,
      1.645526037729533
    ]
  },
  {
    "label_id": "nsj7sgrIH9erlwVfmWHNxQ",
    "size": [
      2.198146743111277,
      4.580517552099105,
      1.710000000000008
    ],
    "obj_class": "vehicle",
    "point_num_in_lidar": 3269,
    "speed": 0.02122200907289994,
    "if_vehicle": true,
    "motion_state": false,
    "pose": [
      [
        -0.9975386836578951,
        0.06943018862777002,
        0.00979915879993117,
        -18.456523055532557
      ],
      [
        -0.06973021353825244,
        -0.9969655694922148,
        -0.034602753748415364,
        6.52511867291669
      ],
      [
        0.007366948213725273,
        -0.035200882860747004,
        0.9993531037225233,
        0.8140044278866299
      ],
      [
        0.0,
        0.0,
        0.0,
        1.0
      ]
    ],
    "location": [
      -18.456523055532557,
      6.52511867291669,
      0.8140044278866299
    ],
    "rotation": [
      -0.03520911233998811,
      -0.007367014851764107,
      -3.0718039109255226
    ]
  },
  {
    "label_id": "wXzm9HyGat82X2noN_2ETQ",
    "size": [
      0.49289798795150214,
      0.060914065595576425,
      0.612229061401024
    ],
    "obj_class": "sign",
    "point_num_in_lidar": 56,
    "speed": 0.01086332816806667,
    "if_vehicle": false,
    "motion_state": false,
    "pose": [
      [
        -0.03634317619818762,
        -0.9992913239044164,
        0.00979915879993117,
        -6.678287710134214
      ],
      [
        0.9987284643156328,
        -0.03666202393164009,
        -0.034602753748415364,
        12.75648812141624
      ],
      [
        0.03493748859842551,
        0.00852912484341912,
        0.9993531037225233,
        3.3043940089533237
      ],
      [
        0.0,
        0.0,
        0.0,
        1.0
      ]
    ],
    "location": [
      -6.678287710134214,
      12.75648812141624,
      3.3043940089533237
    ],
    "rotation": [
      0.008534438661406145,
      -0.03494460011879666,
      1.6071697240200167
    ]
  },
  {
    "label_id": "zkifBz685RBOb_ccW22PWw",
    "size": [
      2.012493013272182,
      4.458576926140719,
      1.5999999999999943
    ],
    "obj_class": "vehicle",
    "point_num_in_lidar": 150,
    "speed": 0.016519761074086727,
    "if_vehicle": true,
    "motion_state": false,
    "pose": [
      [
        -0.9986071022113872,
        0.051844304410320674,
        0.00979915879993117,
        -1.5382780639960174
      ],
      [
        -0.05215438014766706,
        -0.9980393629834643,
        -0.034602753748415364,
        -22.108679299997306
      ],
      [
        0.007985990507688901,
        -0.035065624702418245,
        0.9993531037225233,
        1.5291152967381834
      ],
      [
        0.0,
        0.0,
        0.0,
        1.0
      ]
    ],
    "location": [
      -1.5382780639960174,
      -22.108679299997306,
      1.5291152967381834
    ],
    "rotation": [
      -0.03507393370046326,
      -0.007986075395939336,
      -3.089412934998893
    ]
  }
]