[
  {
    "label_id": "-kZBe1CSBNx4Vln1QEyrHA",
    "size": [
      2.1535971384174415,
      4.662434529255965,
      1.5800000000000125
    ],
    "obj_class": "vehicle",
    "point_num_in_lidar": 273,
    "speed": 0.007861335242576015,
    "if_vehicle": true,
    "motion_state": false,
    "pose": [
      [
        -0.05715266301503603,
        -0.9982665221090682,
        0.014054321276922598,
        10.08755394606385
      ],
      [
        0.99773954585268,
        -0.057609570973485,
        -0.034596762477708605,
        -12.377801112164803
      ],
      [
        0.03534645317394271,
        0.012045255020804687,
        0.9993025268053243,
        1.1036540651271878
      ],
      [
        0.0,
        0.0,
        0.0,
        1.0
      ]
    ],
    "location": [
      10.08755394606385,
      -12.377801112164803,
      1.1036540651271878
    ],
    "rotation": [
      0.012053078415966537,
      -0.03535381745837718,
      1.6280159442943536
    ]
  },
  {
    "label_id": "5oX9fmLl0Z74-llNDr8wpg",
    "size": [
      2.013978879816805,
      4.430995565915478,
      1.8100000000000023
    ],
    "obj_class": "vehicle",
    "point_num_in_lidar": 2025,
    "speed": 0.0019899795599330004,
    "if_vehicle": true,
    "motion_state": false,
    "pose": [
      [
        -0.9953220100385715,
        0.09558541931813028,
        0.014054321276922598,
        -2.006471017733247
      ],
      [
        -0.09602167704812144,
        -0.9947778151742867,
        -0.034596762477708605,
        -12.385904010834025
      ],
      [
        0.01067398096513302,
        -0.035784438668923155,
        0.9993025268053243,
        1.1313196567811588
      ],
      [
        0.0,
        0.0,
        0.0,
        1.0
      ]
    ],
    "location": [
      -2.006471017733247,
      -12.385904010834025,
      1.1313196567811588
    ],
    "rotation": [
      -0.03579412023470702,
      -0.010674183663518232,
      -3.0454173091049435
    ]
  },
  {
    "label_id": "6OjFlL7Q_guovcwo3zdcBQ",
    "size": [
      2.1550294496027753,
      4.70536948148588,
      1.755650015166566
    ],
    "obj_class": "vehicle",
    "point_num_in_lidar": 56,
    "speed": 0.017920467485030976,
    "if_vehicle": true,
    "motion_state": false,
    "pose": [
      [
        -0.07461001855694992,
        -0.9971137453592627,
        0.014054321276922598,
        7.2121625737739805
      ],
      [
        0.9965788555095431,
        -0.07505763636932776,
        -0.034596762477708605,
        22.739167386932863
      ],
      [
        0.03555179154727379,
        0.011424974322646716,
        0.9993025268053243,
        0.6654718892464473
      ],
      [
        0.0,
        0.0,
        0.0,
        1.0
      ]
    ],
    "location": [
      7.2121625737739805,
      22.739167386932863,
      0.6654718892464473
    ],
    "rotation": [
      0.011432450394449798,
      -0.035559284972030744,
      1.645523068353742
    ]
  },
  {
    "label_id": "6_1JJIYW81d3Ggc94_e4oQ",
    "size": [
      2.1065520253788175,
      4.845271544164966,
      1.4721932968977
    ],
    "obj_class": "vehicle",
    "point_num_in_lidar": 147,
    "speed": 0.004468499295834135,
    "if_vehicle": true,
    "motion_state": false,
    "pose": [
      [
        0.9993773639102991,
        -0.032362950377656304,
        0.014054321276922598,
        23.351247663427444
      ],
      [
        0.03283279461859407,
        0.9988618881625199,
        -0.034596762477708605,
        -2.2349978830584405
      ],
      [
        -0.012918672580215937,
        0.03503666392879211,
        0.9993025268053243,
        0.6915487787617565
      ],
      [
        0.0,
        0.0,
        0.0,
        1.0
      ]
    ],
    "location": [
      23.351247663427444,
      -2.2349978830584405,
      0.6915487787617565
    ],
    "rotation": [
      0.03504676203879301,
      0.01291903194460739,
      0.032841437987418856
    ]
  },
  {
    "label_id": "9dK1E7yukLqZV3xaj_wIig",
    "size": [
      2.0955586239767525,
      4.606271177782434,
      1.8262575940847512
    ],
    "obj_class": "vehicle",
    "point_num_in_lidar": 426,
    "speed": 0.0023114316280345147,
    "if_vehicle": true,
    "motion_state": false,
    "pose": [
      [
        -0.016807563600488004,
        -0.9997599621205385,
        0.014054321276922598,
        10.867992212260106
      ],
      [
        0.9992518601077285,
        -0.017285372350794477,
        -0.034596762477708605,
        -22.234303196613894
      ],
      [
        0.03483139212061652,
        0.013462319392801467,
        0.9993025268053243,
        2.254592377657076
      ],
      [
        0.0,
        0.0,
        0.0,
        1.0
      ]
    ],
    "location": [
      10.867992212260106,
      -22.234303196613894,
      2.254592377657076
    ],
    "rotation": [
      0.013470900661067627,
      -0.034838439026273704,
      1.5876148882506451
    ]
  },
  {
    "label_id": "B9tn9-kjeoeV8sqY20oAJw",
    "size": [
      0.7410014254288277,
      0.0564697773877908,
      0.7199999999999989
    ],
    "obj_class": "sign",
    "point_num_in_lidar": 198,
    "speed": 0.0038811069396530477,
    "if_vehicle": false,
    "motion_state": false,
    "pose": [
      [
        -0.03634133154756028,
        -0.9992406034958724,
        0.014054321276922598,
        -6.69017328958455
      ],
      [
        0.9987232613284475,
        -0.036809119896170056,
        -0.034596762477708605,
        12.751574464991052
      ],
      [
        0.035087817014170436,
        0.012779085165771326,
        0.9993025268053243,
        2.663755289781278
      ],
      [
        0.0,
        0.0,
        0.0,
        1.0
      ]
    ],
    "location": [
      -6.69017328958455,
      12.751574464991052,
      2.663755289781278
    ],
    "rotation": [
      0.012787307437324924,
      -0.03509502076222727,
      1.6071680687788623
    ]
  },
  {
    "label_id": "FJYkxRLHRb93ZMGg32MbWQ",
    "size": [
      2.2091201469361628,
      4.612479673477537,
      1.9199999999999875
    ],
    "obj_class": "vehicle",
    "point_num_in_lidar": 986,
    "speed": 3.580361673049448e-14,
    "if_vehicle": true,
    "motion_state": false,
    "pose": [
      [
        -0.9968689486527876,
        0.07781243644386714,
        0.014054321276922598,
        -2.0495949042255006
      ],
      [
        -0.0782583338415217,
        -0.9963326237810394,
        -0.034596762477708605,
        -19.595771345239626
      ],
      [
        0.01131072041183771,
        -0.035588306004348993,
        0.9993025268053243,
        2.002923837962072
      ],
      [
        0.0,
        0.0,
        0.0,
        1.0
      ]
    ],
    "location": [
      -2.0495949042255006,
      -19.595771345239626,
      2.002923837962072
    ],
    "rotation": [
      -0.03559810066088787,
      -0.011310961593650276,
      -3.0632491965668494
    ]
  },
  {
    "label_id": "JCDdYUT-UV2oxkxdT7TaPw",
    "size": [
      3.559081623539329,
      6.254139630824458,
      2.4000000000000057
    ],
    "obj_class": "vehicle",
    "point_num_in_lidar": 132,
    "speed": 0.02822856684728144,
    "if_vehicle": true,
    "motion_state": false,
    "pose": [
      [
        -0.10469310104833612,
        -0.9944052647921409,
        0.014054321276922598,
        5.375200401296524
      ],
      [
        0.9938570990049455,
        -0.10512435865932901,
        -0.034596762477708605,
        55.724515423848686
      ],
      [
        0.03588065426322528,
        0.010345944622741743,
        0.9993025268053243,
        0.5385376253080096
      ],
      [
        0.0,
        0.0,
        0.0,
        1.0
      ]
    ],
    "location": [
      5.375200401296524,
      55.724515423848686,
      0.5385376253080096
    ],
    "rotation": [
      0.01035279579022653,
      -0.03588835764699617,
      1.6757494582118082
    ]
  },
  {
    "label_id": "Ji9qNAyVM781UZPbq91ksQ",
    "size": [
      2.153076778214882,
      4.794953077068618,
      1.5705168509874454
    ],
    "obj_class": "vehicle",
    "point_num_in_lidar": 21,
    "speed": 0.001565869497672036,
    "if_vehicle": true,
    "motion_state": false,
    "pose": [
      [
        -0.9988785154708636,
        0.04521269052122958,
        0.014054321276922598,
        49.029668812950945
      ],
      [
        -0.04567586667005658,
        -0.9983570399561472,
        -0.034596762477708605,
        11.701448385810039
      ],
      [
        0.012467017873680018,
        -0.035199906048614504,
        0.9993025268053243,
        0.5409343970981695
      ],
      [
        0.0,
        0.0,
        0.0,
        1.0
      ]
    ],
    "location": [
      49.029668812950945,
      11.701448385810039,
      0.5409343970981695
    ],
    "rotation": [
      -0.035209916596216195,
      -0.012467340847167534,
      -3.0958973361022712
    ]
  },
  {
    "label_id": "M1ux1dJCnlFsX4da4hqWLg",
    "size": [
      2.0481922760723164,
      4.507813116800472,
      1.3662575940847432
    ],
    "obj_class": "vehicle",
    "point_num_in_lidar": 47,
    "speed": 0.0280376420116432,
    "if_vehicle": true,
    "motion_state": false,
    "pose": [
      [
        -0.09523629300566482,
        -0.995355476474603,
        0.014054321276922598,
        11.495042360102843
      ],
      [
        0.9948114346661195,
        -0.09567274159131152,
        -0.034596762477708605,
        -28.597710914471747
      ],
      [
        0.0357806924482466,
        0.010686532104379493,
        0.9993025268053243,
        2.802442918671346
      ],
      [
        0.0,
        0.0,
        0.0,
        1.0
      ]
    ],
    "location": [
      11.495042360102843,
      -28.597710914471747,
      2.802442918671346
    ],
    "rotation": [
      0.01069358324426153,
      -0.03578833160277816,
      1.6662384762618254
    ]
  },
  {
    "label_id": "NjQjKUN8pI-ZQimlGuoBsQ",
    "size": [
      1.9460049702311963,
      4.277104600442166,
      1.4499999999999886
    ],
    "obj_class": "vehicle",
    "point_num_in_lidar": 267,
    "speed": 0.009395503679562295,
    "if_vehicle": true,
    "motion_state": false,
    "pose": [
      [
        -0.9983802022310633,
        0.05513118760290211,
        0.014054321276922598,
        -5.4891857730005995
      ],
      [
        -0.055589161682190025,
        -0.9978541522334476,
        -0.034596762477708605,
        23.6999144600114
      ],
      [
        0.012116802240388507,
        -0.035321990656831066,
        0.9993025268053243,
        0.2584759134357455
      ],
      [
        0.0,
        0.0,
        0.0,
        1.0
      ]
    ],
    "location": [
      -5.4891857730005995,
      23.6999144600114,
      0.2584759134357455
    ],
    "rotation": [
      -0.035331934493548885,
      -0.0121170987518622,
      -3.0859707346847287
    ]
  },
  {
    "label_id": "Q175aDJRl7PlCgCobA9ChQ",
    "size": [
      0.8168809500625253,
      0.09569916411282975,
      0.8100000000000023
    ],
    "obj_class": "sign",
    "point_num_in_lidar": 81,
    "speed": 0.001081087760090532,
    "if_vehicle": false,
    "motion_state": false,
    "pose": [
      [
        -0.9979585186080471,
        -0.062299849045379045,
        0.014054321276922598,
        14.613927647475407
      ],
      [
        0.06178335888620684,
        -0.9974897897175686,
        -0.034596762477708605,
        10.723349322226113
      ],
      [
        0.016174415054960752,
        -0.03365781065553439,
        0.9993025268053243,
        2.974851482327125
      ],
      [
        0.0,
        0.0,
        0.0,
        1.0
      ]
    ],
    "location": [
      14.613927647475407,
      10.723349322226113,
      2.974851482327125
    ],
    "rotation": [
      -0.033668574761747026,
      -0.01617512037404068,
      3.0797618219447704
    ]
  },
  {
    "label_id": "T3cNiktshsWqVrlPYROiKA",
    "size": [
      2.097513946648858,
      4.8260551870852515,
      1.4499999999999886
    ],
    "obj_class": "vehicle",
    "point_num_in_lidar": 4397,
    "speed": 0.013258059447968465,
    "if_vehicle": true,
    "motion_state": false,
    "pose": [
      [
        0.9965981905804229,
        -0.0812066658918589,
        0.014054321276922598,
        -16.739346102191803
      ],
      [
        0.08165073433400587,
        0.9960603503848442,
        -0.034596762477708605,
        -5.413265797715184
      ],
      [
        -0.011189464444045411,
        0.03562661653805183,
        0.9993025268053243,
        0.5890430216561242
      ],
      [
        0.0,
        0.0,
        0.0,
        1.0
      ]
    ],
    "location": [
      -16.739346102191803,
      -5.413265797715184,
      0.5890430216561242
    ],
    "rotation": [
      0.03563638932015857,
      0.011189697951699896,
      0.08174686214349752
    ]
  },
  {
    "label_id": "YKPb1MkzJMFBs5crX5wDgA",
    "size": [
      2.186696961554651,
      4.975542376081814,
      1.5300000000000011
    ],
    "obj_class": "vehicle",
    "point_num_in_lidar": 73,
    "speed": 7.399795154061343,
    "if_vehicle": true,
    "motion_state": true,
    "pose": [
      [
        -0.9976865643299753,
        0.06651312208049519,
        0.014054321276922598,
        33.52846326706833
      ],
      [
        -0.06696506730901486,
        -0.9971553258075494,
        -0.034596762477708605,
        5.960974294024481
      ],
      [
        0.011713202625624001,
        -0.03545787366361694,
        0.9993025268053243,
        0.697986011006293
      ],
      [
        0.0,
        0.0,
        0.0,
        1.0
      ]
    ],
    "location": [
      33.52846326706833,
      5.960974294024481,
      0.697986011006293
    ],
    "rotation": [
      -0.03546774201175377,
      -0.011713470482335503,
      -3.07457283163029
    ]
  },
  {
    "label_id": "ZFvMr9wN9-CPPx0LnQsiyw",
    "size": [
      0.9106749139703435,
      0.6788900799441303,
      1.740000000000009
    ],
    "obj_class": "pedestrian",
    "point_num_in_lidar": 29,
    "speed": 0.007062621402932336,
    "if_vehicle": false,
    "motion_state": false,
    "pose": [
      [
        -0.969845921061547,
        -0.24331330718586794,
        0.014054321276922598,
        36.006408433152956
      ],
      [
        0.2427199736071604,
        -0.9694792821088032,
        -0.034596762477708605,
        -5.130833850207722
      ],
      [
        0.022043225998452622,
        -0.030142264481539664,
        0.9993025268053243,
        0.9434516508947013
      ],
      [
        0.0,
        0.0,
        0.0,
        1.0
      ]
    ],
    "location": [
      36.006408433152956,
      -5.130833850207722,
      0.9434516508947013
    ],
    "rotation": [
      -0.03015415979322723,
      -0.02204501153682525,
      2.8963631541348716
    ]
  },
  {
    "label_id": "_8n2ltih6YGV4VvLcYeuvA",
    "size": [
      0.4156520167828861,
      0.05391781688397976,
      0.18345640068281455
    ],
    "obj_class": "sign",
    "point_num_in_lidar": 37,
    "speed": 0.0036929055632258533,
    "if_vehicle": false,
    "motion_state": false,
    "pose": [
      [
        -0.03634133155012783,
        -0.999240603495779,
        0.014054321276922598,
        -6.688502914894229
      ],
      [
        0.9987232613283529,
        -0.036809119898736274,
        -0.034596762477708605,
        12.75228645733668
      ],
      [
        0.03508781701420327,
        0.012779085165681167,
        0.9993025268053243,
        2.197141126846276
      ],
      [
        0.0,
        0.0,
        0.0,
        1.0
      ]
    ],
    "location": [
      -6.688502914894229,
      12.75228645733668,
      2.197141126846276
    ],
    "rotation": [
      0.012787307437234717,
      -0.03509502076226012,
      1.6071680687814331
    ]
  },
  {
    "label_id": "_SFSfPAKVug3laTRe36P7A",
    "size": [
      1.5124769999564247,
      4.834983194317003,
      1.5800000000000125
    ],
    "obj_class": "vehicle",
    "point_num_in_lidar": 1036,
    "speed": 1.7763568394002505e-14,
    "if_vehicle": true,
    "motion_state": false,
    "pose": [
      [
        0.9958096443486104,
        0.09036386598491214,
        0.014054321276922598,
        -4.071180151369845
      ],
      [
        -0.08983438753183162,
        0.9953556383739642,
        -0.034596762477708605,
        13.389026192550375
      ],
      [
        -0.017115345134551575,
        0.033189228394452416,
        0.9993025268053243,
        2.4417139775898704
      ],
      [
        0.0,
        0.0,
        0.0,
        1.0
      ]
    ],
    "location": [
      -4.071180151369845,
      13.389026192550375,
      2.4417139775898704
    ],
    "rotation": [
      0.033200189436274855,
      0.017116180858771368,
      -0.08996887310992853
    ]
  },
  {
    "label_id": "_cqh80UXdkf7A2Uf9Nd09w",
    "size": [
      2.7446487319770894,
      7.000101787777974,
      2.3102425954895978
    ],
    "obj_class": "vehicle",
    "point_num_in_lidar": 3161,
    "speed": 3.7221458391556904e-14,
    "if_vehicle": true,
    "motion_state": false,
    "pose": [
      [
        0.9986843086046442,
        -0.0493166077534603,
        0.014054321276922598,
        -3.0104291858053784
      ],
      [
        0.04977763729796263,
        0.9981609343443038,
        -0.034596762477708605,
        13.273276314099348
      ],
      [
        -0.0123222794926953,
        0.035250834722001204,
        0.9993025268053243,
        0.9616462909833388
      ],
      [
        0.0,
        0.0,
        0.0,
        1.0
      ]
    ],
    "location": [
      -3.0104291858053784,
      13.273276314099348,
      0.9616462909833388
    ],
    "rotation": [
      0.03526081756828673,
      0.012322591346890724,
      0.04980200107166298
    ]
  },
  {
    "label_id": "auXhaEEj7_TnIkSP3tzCWw",
    "size": [
      1.9383903580788906,
      4.5786654796276824,
      1.5670055110724945
    ],
    "obj_class": "vehicle",
    "point_num_in_lidar": 507,
    "speed": 0.09967538447278983,
    "if_vehicle": true,
    "motion_state": false,
    "pose": [
      [
        -0.3506835856069372,
        0.9363885405318174,
        0.014054321276922598,
        3.356665054997052
      ],
      [
        -0.9360908492717025,
        -0.3500528330635874,
        -0.034596762477708605,
        14.356316382581198
      ],
      [
        -0.027476256943854888,
        -0.02528863825612623,
        0.9993025268053243,
        0.7408169755423728
      ],
      [
        0.0,
        0.0,
        0.0,
        1.0
      ]
    ],
    "location": [
      3.356665054997052,
      14.356316382581198,
      0.7408169755423728
    ],
    "rotation": [
      -0.02530088867027183,
      0.027479715294611688,
      -1.9292387057779203
    ]
  },
  {
    "label_id": "cCz-sprxe54IkoqPBqzeQA",
    "size": [
      2.027781752085595,
      4.262423525941018,
      1.4748355270341733
    ],
    "obj_class": "vehicle",
    "point_num_in_lidar": 21,
    "speed": 5.333694441429199e-14,
    "if_vehicle": true,
    "motion_state": false,
    "pose": [
      [
        -0.9986035229501833,
        0.05092622119230703,
        0.014054321276922598,
        -5.895563794706845
      ],
      [
        -0.05138640656430345,
        -0.998079406283122,
        -0.034596762477708605,
        29.30864055876404
      ],
      [
        0.012265446257305659,
        -0.035270649960031805,
        0.9993025268053243,
        0.36250614306462126
      ],
      [
        0.0,
        0.0,
        0.0,
        1.0
      ]
    ],
    "location": [
      -5.895563794706845,
      29.30864055876404,
      0.36250614306462126
    ],
    "rotation": [
      -0.03528062197895735,
      -0.012265753816145513,
      -3.090179734406074
    ]
  },
  {
    "label_id": "eYuikztkR3GVWeq2x3R4vg",
    "size": [
      2.0826523780188455,
      4.727294552036573,
      1.6500000000000057
    ],
    "obj_class": "vehicle",
    "point_num_in_lidar": 68,
    "speed": 0.015968276664406214,
    "if_vehicle": true,
    "motion_state": false,
    "pose": [
      [
        -0.9986035229501834,
        0.05092622119230348,
        0.014054321276922598,
        -5.551904160148297
      ],
      [
        -0.0513864065642999,
        -0.9980794062831221,
        -0.034596762477708605,
        26.353123535292326
      ],
      [
        0.012265446257305784,
        -0.035270649960031764,
        0.9993025268053243,
        0.46244218158247463
      ],
      [
        0.0,
        0.0,
        0.0,
        1.0
      ]
    ],
    "location": [
      -5.551904160148297,
      26.353123535292326,
      0.46244218158247463
    ],
    "rotation": [
      -0.03528062197895731,
      -0.012265753816145638,
      -3.0901797344060777
    ]
  },
  {
    "label_id": "hIXIgHw3ha67NHMRblswLg",
    "size": [
      2.0140837000090683,
      3.9843474780506,
      1.6662575940847546
    ],
    "obj_class": "vehicle",
    "point_num_in_lidar": 435,
    "speed": 0.02953193797975405,
    "if_vehicle": true,
    "motion_state": false,
    "pose": [
      [
        -0.05715266301502627,
        -0.9982665221090687,
        0.014054321276922598,
        10.331519834025926
      ],
      [
        0.9977395458526805,
        -0.05760957097347526,
        -0.034596762477708605,
        -16.99501255467544
      ],
      [
        0.03534645317394259,
        0.012045255020805033,
        0.9993025268053243,
        1.7522803034853212
      ],
      [
        0.0,
        0.0,
        0.0,
        1.0
      ]
    ],
    "location": [
      10.331519834025926,
      -16.99501255467544,
      1.7522803034853212
    ],
    "rotation": [
      0.012053078415966884,
      -0.03535381745837706,
      1.6280159442943438
    ]
  },
  {
    "label_id": "hb0ASarWGWDxr2SxCcea0A",
    "size": [
      0.42880184881092404,
      0.07469978022218265,
      0.6044489512381972
    ],
    "obj_class": "sign",
    "point_num_in_lidar": 26,
    "speed": 0.008609179513977529,
    "if_vehicle": false,
    "motion_state": false,
    "pose": [
      [
        -0.8858361235193281,
        -0.4637853364668773,
        0.014054321276922598,
        25.908901286130686
      ],
      [
        0.4631226127778492,
        -0.8856187156784117,
        -0.034596762477708605,
        -3.6035501513689496
      ],
      [
        0.028492241085388684,
        -0.02413818796898462,
        0.9993025268053243,
        2.5162790732268547
      ],
      [
        0.0,
        0.0,
        0.0,
        1.0
      ]
    ],
    "location": [
      25.908901286130686,
      -3.6035501513689496,
      2.5162790732268547
    ],
    "rotation": [
      -0.0241503392241489,
      -0.028496097531635366,
      2.659865220042036
    ]
  },
  {
    "label_id": "hmBHz0-xRezKX2tSDNT3Gw",
    "size": [
      1.7247351383281204,
      3.647309105144183,
      1.3923338815695843
    ],
    "obj_class": "vehicle",
    "point_num_in_lidar": 41,
    "speed": 8.881784197001252e-14,
    "if_vehicle": true,
    "motion_state": false,
    "pose": [
      [
        -0.07461001855696231,
        -0.9971137453592617,
        0.014054321276922598,
        5.4694834841866395
      ],
      [
        0.9965788555095422,
        -0.07505763636934017,
        -0.034596762477708605,
        48.95112011296432
      ],
      [
        0.035551791547273934,
        0.011424974322646273,
        0.9993025268053243,
        -0.41539421930758635
      ],
      [
        0.0,
        0.0,
        0.0,
        1.0
      ]
    ],
    "location": [
      5.4694834841866395,
      48.95112011296432,
      -0.41539421930758635
    ],
    "rotation": [
      0.011432450394449355,
      -0.03555928497203089,
      1.6455230683537545
    ]
  },
  {
    "label_id": "nBHdqL99senel5XF57qANg",
    "size": [
      2.790137765875433,
      6.283840489035793,
      3.4623338815695774
    ],
    "obj_class": "vehicle",
    "point_num_in_lidar": 48,
    "speed": 1.0660453750117864e-13,
    "if_vehicle": true,
    "motion_state": false,
    "pose": [
      [
        -0.0746100185569508,
        -0.9971137453592626,
        0.014054321276922598,
        3.6637623073957
      ],
      [
        0.9965788555095431,
        -0.07505763636932865,
        -0.034596762477708605,
        68.76485101343393
      ],
      [
        0.0355517915472738,
        0.011424974322646685,
        0.9993025268053243,
        0.5912884894324861
      ],
      [
        0.0,
        0.0,
        0.0,
        1.0
      ]
    ],
    "location": [
      3.6637623073957,
      68.76485101343393,
      0.5912884894324861
    ],
    "rotation": [
      0.011432450394449767,
      -0.03555928497203076,
      1.645523068353743
    ]
  },
  {
    "label_id": "nsj7sgrIH9erlwVfmWHNxQ",
    "size": [
      2.1981467431112764,
      4.580517552099105,
      1.710000000000008
    ],
    "obj_class": "vehicle",
    "point_num_in_lidar": 3283,
    "speed": 0.003992262053823446,
    "if_vehicle": true,
    "motion_state": false,
    "pose": [
      [
        -0.9974880522069275,
        0.06942666460283856,
        0.014054321276922598,
        -18.481109588257937
      ],
      [
        -0.06987705637777392,
        -0.9969554960067367,
        -0.034596762477708605,
        6.508702871218617
      ],
      [
        0.011609595014788457,
        -0.03549193181677413,
        0.9993025268053243,
        0.7886199406672745
      ],
      [
        0.0,
        0.0,
        0.0,
        1.0
      ]
    ],
    "location": [
      -18.481109588257937,
      6.508702871218617,
      0.7886199406672745
    ],
    "rotation": [
      -0.035501781039266864,
      -0.011609855826027596,
      -3.0716538847885424
    ]
  },
  {
    "label_id": "wXzm9HyGat82X2noN_2ETQ",
    "size": [
      0.49289798795150214,
      0.060914065595576425,
      0.612229061401024
    ],
    "obj_class": "sign",
    "point_num_in_lidar": 41,
    "speed": 0.003531192072617018,
    "if_vehicle": false,
    "motion_state": false,
    "pose": [
      [
        -0.036341331550198835,
        -0.9992406034957765,
        0.014054321276922598,
        -6.688493685977505
      ],
      [
        0.9987232613283503,
        -0.036809119898807245,
        -0.034596762477708605,
        12.751661884433062
      ],
      [
        0.03508781701420418,
        0.012779085165678675,
        0.9993025268053243,
        3.353072750431494
      ],
      [
        0.0,
        0.0,
        0.0,
        1.0
      ]
    ],
    "location": [
      -6.688493685977505,
      12.751661884433062,
      3.353072750431494
    ],
    "rotation": [
      0.012787307437232224,
      -0.03509502076226103,
      1.6071680687815042
    ]
  },
  {
    "label_id": "yprhc4wCTTWWmKyZH8Fnbw",
    "size": [
      2.121634649929381,
      4.232958032311484,
      1.6466765708208584
    ],
    "obj_class": "vehicle",
    "point_num_in_lidar": 689,
    "speed": 6.471963864425632,
    "if_vehicle": true,
    "motion_state": true,
    "pose": [
      [
        -0.9978434349896477,
        0.0641167318373743,
        0.014054321276922598,
        1.5154799069770206
      ],
      [
        -0.06456995166700917,
        -0.9973132834610101,
        -0.034596762477708605,
        3.7438012907870757
      ],
      [
        0.011798329957279037,
        -0.035429639155841214,
        0.9993025268053243,
        0.9096509546776872
      ],
      [
        0.0,
        0.0,
        0.0,
        1.0
      ]
    ],
    "location": [
      1.5154799069770206,
      3.7438012907870757,
      0.9096509546776872
    ],
    "rotation": [
      -0.03543952329696439,
      -0.011798603696841251,
      -3.0769732452222973
    ]
  },
  {
    "label_id": "zkifBz685RBOb_ccW22PWw",
    "size": [
      2.0124930132721808,
      4.458576926140719,
      1.5999999999999943
    ],
    "obj_class": "vehicle",
    "point_num_in_lidar": 108,
    "speed": 0.019321170927223984,
    "if_vehicle": true,
    "motion_state": false,
    "pose": [
      [
        -0.9985564165313628,
        0.05184167298118474,
        0.014054321276922598,
        -1.475632304259534
      ],
      [
        -0.052301377674058826,
        -0.9980318782080342,
        -0.034596762477708605,
        -22.054108337285356
      ],
      [
        0.012233106614369106,
        -0.03528187952838431,
        0.9993025268053243,
        1.6614215722080985
      ],
      [
        0.0,
        0.0,
        0.0,
        1.0
      ]
    ],
    "location": [
      -1.475632304259534,
      -22.054108337285356,
      1.6614215722080985
    ],
    "rotation": [
      -0.03529184539900563,
      -0.012233411746737295,
      -3.0892634827956984
    ]
  }
]